fp_int_id,cp_level,cp_r_citing_zero,cp_r_citing_nonzero,tr_citing,cp_r_cited_zero,cp_r_cited_nonzero,tr_cited
9907233,1,1,0,0,0,1,5
6124,55,2,53,346,0,55,145
9512356,30,2,28,199,0,30,147
9507396,6,3,3,5,0,6,6
9604309,15,3,12,39,0,15,54
9405277,21,3,18,102,21,0,0
9707454,5,2,3,6,1,4,7
9712319,27,3,24,102,0,27,126
106315,18,7,11,33,0,18,91
202233,7,2,5,7,0,7,51
9901206,21,1,20,85,21,0,0
9610457,0,0,0,0,0,0,0
9411260,10,2,8,22,0,10,20
9507453,48,2,46,367,29,19,19
9807325,73,3,70,756,1,72,210
9302316,71,4,67,757,71,0,0
9806375,12,3,9,28,0,12,59
9901243,13,3,10,19,0,13,105
9508247,33,3,30,204,4,29,52
9609343,17,1,16,78,1,16,28
9901203,6,3,3,8,0,6,11
9408214,48,3,45,401,48,0,0
9503439,28,4,24,90,28,0,0
9212278,31,2,29,161,31,0,0
4075,2,1,1,1,0,2,11
9706280,2,1,1,1,0,2,2
9908451,4,1,3,4,0,4,47
9701283,16,1,15,47,0,16,59
105213,3,1,2,2,0,3,3
9712287,45,3,42,339,0,45,177
7319,14,3,11,24,0,14,205
9810482,25,1,24,100,0,25,360
9608276,20,4,16,98,0,20,115
9706382,6,1,5,10,0,6,106
9805403,14,5,9,18,0,14,114
9607214,33,1,32,216,17,16,21
10181,5,3,2,4,0,5,151
10312,2,2,0,0,2,0,0
9908382,10,2,8,14,0,10,65
9702414,13,2,11,28,1,12,42
9310319,17,1,16,50,17,0,0
9408213,39,1,38,224,39,0,0
9606447,2,2,0,0,0,2,11
9510271,14,1,13,45,0,14,122
9408207,18,1,17,69,18,0,0
9703227,5,3,2,4,1,4,7
9601392,1,1,0,0,0,1,1
9707264,25,2,23,121,2,23,43
9612415,10,3,7,13,0,10,22
9409291,11,6,5,20,11,0,0
9710375,2,2,0,0,0,2,2
9812378,11,2,9,27,3,8,8
9511210,40,6,34,156,15,25,25
9512303,20,2,18,62,2,18,18
9812371,23,1,22,93,0,23,117
9507342,12,2,10,25,9,3,3
9403313,5,2,3,6,5,0,0
7071,0,0,0,0,0,0,0
6329,4,1,3,4,2,2,2
9507380,49,2,47,319,4,45,146
9911350,1,1,0,0,0,1,7
9307326,19,3,16,54,19,0,0
101168,0,0,0,0,0,0,0
9908269,7,1,6,13,0,7,15
9703327,23,3,20,80,0,23,142
101032,16,1,15,47,1,15,68
9411214,4,1,3,5,4,0,0
8208,40,2,38,250,0,40,533
9906478,65,4,61,630,0,65,662
9211248,11,3,8,21,6,5,5
9701323,12,3,9,18,0,12,32
9512365,3,2,1,1,0,3,3
9905487,25,1,24,110,25,0,0
9607243,4,1,3,6,0,4,19
9402253,32,2,30,184,32,0,0
9811337,105,2,103,1412,0,105,500
9802271,6,2,4,8,0,6,46
9806477,3,1,2,2,0,3,18
9512288,25,2,23,58,0,25,127
9512383,21,4,17,67,0,21,72
2258,13,4,9,27,0,13,151
9707364,54,3,51,414,1,53,282
9905381,42,2,40,297,0,42,398
9804228,8,2,6,13,0,8,24
9708437,4,2,2,2,0,4,81
9710450,13,1,12,29,1,12,19
9405241,55,1,54,518,16,39,75
9805488,8,3,5,7,0,8,22
9802374,17,2,15,30,1,16,38
9508338,14,1,13,31,0,14,55
9911272,1,1,0,0,0,1,10
9706238,9,3,6,17,0,9,15
9209256,16,5,11,76,16,0,0
9207234,58,2,56,539,58,0,0
9208251,42,1,41,329,42,0,0
9305309,11,1,10,25,11,0,0
9811402,2,2,0,0,2,0,0
9906394,5,2,3,4,0,5,24
6078,15,1,14,43,0,15,44
9508325,15,5,10,14,15,0,0
9604243,7,2,5,11,0,7,40
2163,8,3,5,9,0,8,29
9704258,12,1,11,35,4,8,11
9504378,26,2,24,118,13,13,17
9808312,32,1,31,194,0,32,209
9410304,11,2,9,28,11,0,0
5221,4,3,1,1,0,4,33
9902263,53,2,51,582,0,53,414
9910277,5,3,2,2,0,5,64
9901281,85,4,81,837,5,80,621
210130,6,4,2,5,0,6,61
9912355,18,2,16,54,1,17,54
112247,35,4,31,223,0,35,451
3129,33,2,31,137,0,33,123
9305269,25,2,23,115,25,0,0
9904433,12,2,10,32,0,12,137
9909494,2,1,1,1,0,2,6
9909480,21,2,19,59,0,21,131
102323,39,3,36,267,0,39,128
9609525,12,3,9,19,3,9,9
9405296,27,3,24,115,27,0,0
9207269,22,5,17,96,22,0,0
4068,4,1,3,3,0,4,18
9206205,18,3,15,65,18,0,0
9156,6,3,3,7,0,6,49
9805438,17,2,15,41,12,5,5
9508302,50,1,49,336,0,50,129
9701208,9,7,2,3,0,9,123
9510333,14,2,12,21,0,14,41
9704224,6,3,3,6,1,5,11
9212229,7,1,6,11,7,0,0
9601373,7,2,5,9,0,7,16
9208236,21,1,20,78,21,0,0
10253,7,3,4,8,0,7,121
9809437,1,1,0,0,0,1,7
4115,31,7,24,78,0,31,474
9901252,13,4,9,31,0,13,62
9209236,9,4,5,14,9,0,0
9512348,4,2,2,4,0,4,8
9602213,6,1,5,9,5,1,1
9911414,34,4,30,151,0,34,475
5066,9,1,8,15,0,9,49
9711346,7,3,4,8,0,7,7
9406255,5,3,2,2,5,0,0
9508347,56,2,54,382,17,39,72
9512218,43,5,38,202,24,19,19
9706413,7,2,5,9,0,7,23
9410302,7,1,6,10,7,0,0
9906256,9,1,8,15,0,9,21
204221,7,4,3,5,0,7,57
9706270,23,3,20,54,0,23,128
9804268,3,2,1,1,0,3,6
9310261,22,5,17,74,22,0,0
9905292,12,2,10,24,0,12,115
9905310,12,5,7,25,1,11,50
9907487,7,1,6,10,0,7,14
9403213,1,1,0,0,1,0,0
9211204,20,4,16,121,20,0,0
9403276,19,3,16,75,9,10,10
9708325,2,1,1,1,0,2,9
10006,1,1,0,0,0,1,5
9907372,6,2,4,9,0,6,14
3281,3,1,2,3,0,3,31
9505281,9,5,4,7,7,2,2
9305321,8,1,7,21,8,0,0
9605385,21,4,17,72,0,21,139
9904310,17,4,13,51,1,16,76
112110,18,2,16,76,8,10,13
1249,19,2,17,83,1,18,93
9805220,1,1,0,0,0,1,2
9411211,70,2,68,741,70,0,0
9604298,12,5,7,10,0,12,72
9402254,4,2,2,4,4,0,0
108159,3,2,1,2,0,3,10
9701416,3,1,2,2,0,3,4
7357,16,2,14,56,0,16,88
9807375,13,3,10,53,0,13,33
9506461,25,3,22,132,13,12,12
6232,10,3,7,16,0,10,28
9903432,6,1,5,9,0,6,12
9708481,20,1,19,80,8,12,12
9601325,4,1,3,5,0,4,13
110192,1,1,0,0,0,1,21
102213,2,2,0,0,0,2,25
9507429,15,2,13,57,15,0,0
9211303,16,5,11,27,16,0,0
9304211,21,3,18,73,21,0,0
9208242,27,2,25,118,27,0,0
101105,3,2,1,1,0,3,13
9707274,10,3,7,15,0,10,255
9803383,1,1,0,0,0,1,1
9607266,8,2,6,15,0,8,13
9911454,2,2,0,0,0,2,22
9502377,2,1,1,1,2,0,0
9906277,16,4,12,35,1,15,32
9503417,5,1,4,4,5,0,0
9803456,1,1,0,0,0,1,2
9405254,2,1,1,1,0,2,5
9702214,1,1,0,0,0,1,5
9806224,5,1,4,8,0,5,23
9508393,8,1,7,13,0,8,17
9509369,13,2,11,19,13,0,0
9704239,8,1,7,16,7,1,1
9610489,3,1,2,3,0,3,9
106333,5,1,4,8,0,5,40
109117,10,2,8,17,0,10,130
9801432,6,1,5,10,0,6,24
9607261,1,1,0,0,1,0,0
9310233,36,2,34,285,36,0,0
101205,8,2,6,13,0,8,111
9710526,9,2,7,13,0,9,58
9215,3,1,2,3,0,3,3
111342,5,2,3,4,5,0,0
109257,7,2,5,13,3,4,4
9812248,2,2,0,0,0,2,13
9406208,4,2,2,3,4,0,0
9606297,8,2,6,18,8,0,0
9709447,8,3,5,10,1,7,15
9212308,17,1,16,57,17,0,0
111224,6,1,5,12,0,6,51
210387,1,1,0,0,0,1,3
9501277,16,2,14,35,16,0,0
12352,43,2,41,344,0,43,80
9710302,18,1,17,54,2,16,20
9507244,2,1,1,1,0,2,12
9606231,22,2,20,98,1,21,45
9205212,6,6,0,0,6,0,0
9705217,2,2,0,0,2,0,0
9807496,5,1,4,6,0,5,7
9710341,5,4,1,1,0,5,20
9512442,7,1,6,11,7,0,0
9806299,12,4,8,19,0,12,85
9911379,8,1,7,11,0,8,29
9603389,7,3,4,6,4,3,3
9502263,1,1,0,0,0,1,3
9812415,10,2,8,18,8,2,2
9807316,1,1,0,0,0,1,3
110126,8,2,6,13,0,8,38
9903242,2,2,0,0,0,2,4
9605439,27,2,25,108,7,20,20
9406274,13,1,12,25,13,0,0
9702311,1,1,0,0,0,1,1
210007,2,2,0,0,0,2,12
209131,2,1,1,1,0,2,14
9505300,1,1,0,0,0,1,1
106072,5,2,3,4,0,5,22
1086,11,4,7,15,11,0,0
111078,8,2,6,10,0,8,53
204360,1,1,0,0,0,1,4
9511446,6,1,5,9,6,0,0
9710328,2,2,0,0,0,2,5
203244,8,3,5,9,0,8,51
9803322,1,1,0,0,1,0,0
9804391,6,1,5,9,0,6,14
9606354,7,2,5,5,2,5,9
9405421,5,3,2,2,0,5,10
7133,17,1,16,66,0,17,189
9611331,6,3,3,3,0,6,15
9807567,11,3,8,32,0,11,11
9609339,12,4,8,16,3,9,24
9704389,8,3,5,10,0,8,54
9902295,3,3,0,0,0,3,16
9612377,9,2,7,18,0,9,42
9511313,1,1,0,0,1,0,0
9807452,2,1,1,1,0,2,2
9708459,5,3,2,4,1,4,17
9205229,14,3,11,32,14,0,0
9611258,4,2,2,3,0,4,15
9606471,2,2,0,0,0,2,4
9611354,5,1,4,8,1,4,11
9908271,4,3,1,2,0,4,16
7096,12,2,10,36,0,12,45
9811316,1,1,0,0,0,1,7
9904443,3,1,2,3,3,0,0
9808324,26,2,24,104,2,24,33
9710304,7,3,4,9,0,7,15
5324,3,3,0,0,0,3,7
9707421,6,3,3,7,0,6,10
107148,3,2,1,2,3,0,0
9908527,1,1,0,0,1,0,0
9908363,9,3,6,18,9,0,0
9311346,2,2,0,0,2,0,0
9812322,8,3,5,8,3,5,13
9805493,3,2,1,1,0,3,7
9706500,1,1,0,0,0,1,3
9902276,4,3,1,1,1,3,6
9806267,11,3,8,26,0,11,119
9907228,11,3,8,21,3,8,12
9327,4,1,3,5,0,4,13
1019,24,2,22,96,1,23,90
110256,1,1,0,0,0,1,2
9701291,7,3,4,10,0,7,15
9711327,5,2,3,3,0,5,45
1204,5,2,3,4,1,4,7
9805434,3,1,2,3,0,3,9
9308374,20,1,19,85,20,0,0
201147,0,0,0,0,0,0,0
9710229,2,2,0,0,1,1,3
9602209,2,1,1,1,2,0,0
9705378,0,0,0,0,0,0,0
9801448,1,1,0,0,0,1,3
9902380,1,1,0,0,0,1,1
9906490,9,1,8,31,0,9,51
7162,7,1,6,15,0,7,34
9711290,2,1,1,1,0,2,4
102281,1,1,0,0,1,0,0
1259,20,4,16,69,0,20,166
9806383,8,2,6,13,0,8,15
9412349,4,2,2,5,4,0,0
12178,3,3,0,0,0,3,29
9701221,1,1,0,0,1,0,0
9704415,22,4,18,73,3,19,55
211018,4,1,3,3,0,4,29
9306252,4,3,1,1,0,4,8
102022,4,2,2,4,0,4,9
9403329,1,1,0,0,1,0,0
9903471,2,2,0,0,0,2,11
9302212,1,1,0,0,1,0,0
9406220,18,2,16,62,7,11,11
9708211,3,1,2,3,0,3,10
11143,4,2,2,3,0,4,35
9909291,0,0,0,0,0,0,0
9507310,2,1,1,1,0,2,2
9712276,14,2,12,38,9,5,9
9801342,1,1,0,0,0,1,2
9506386,4,3,1,1,1,3,3
109090,1,1,0,0,0,1,5
211233,0,0,0,0,0,0,0
110199,1,1,0,0,0,1,15
9605401,5,1,4,10,0,5,9
9605428,4,2,2,3,4,0,0
1110,0,0,0,0,0,0,0
9608245,7,3,4,8,5,2,2
8245,14,4,10,24,0,14,120
9606385,3,1,2,2,0,3,7
9901429,13,3,10,22,0,13,101
9301284,5,1,4,4,5,0,0
9509358,8,3,5,8,0,8,17
9712260,0,0,0,0,0,0,0
9512329,13,3,10,38,13,0,0
1034,2,1,1,1,0,2,10
9604259,7,1,6,13,7,0,0
9910462,8,3,5,10,8,0,0
110220,0,0,0,0,0,0,0
9803313,7,2,5,6,1,6,6
109126,0,0,0,0,0,0,0
9912455,3,3,0,0,0,3,6
9906462,12,1,11,28,0,12,56
9607311,1,1,0,0,0,1,2
9806541,6,1,5,10,3,3,5
9810211,0,0,0,0,0,0,0
9901221,12,2,10,36,9,3,3
12060,1,1,0,0,1,0,0
107007,5,3,2,2,0,5,93
9710489,2,1,1,1,0,2,8
7223,14,5,9,26,0,14,77
9410233,6,4,2,4,0,6,27
9401344,1,1,0,0,0,1,4
104116,2,1,1,1,2,0,0
9806379,2,2,0,0,1,1,1
108098,11,4,7,21,0,11,62
204215,1,1,0,0,0,1,2
9711477,6,2,4,4,0,6,18
9803478,2,2,0,0,2,0,0
9612239,15,1,14,62,6,9,9
9511325,3,2,1,1,1,2,2
9812258,6,3,3,4,3,3,6
108252,1,1,0,0,0,1,5
201080,12,3,9,26,0,12,30
5269,4,1,3,3,0,4,6
108067,3,2,1,2,0,3,6
9504432,2,1,1,1,0,2,7
301102,0,0,0,0,0,0,0
9803263,2,1,1,1,0,2,6
110161,2,1,1,1,0,2,17
9803202,1,1,0,0,0,1,3
9810528,2,2,0,0,0,2,5
9701373,4,2,2,2,4,0,0
9602226,2,2,0,0,0,2,4
9810257,4,2,2,3,0,4,48
9406411,1,1,0,0,1,0,0
9801370,2,1,1,1,0,2,4
204210,0,0,0,0,0,0,0
4237,3,2,1,1,0,3,3
103271,8,1,7,19,0,8,34
106033,2,1,1,1,0,2,6
9607276,4,1,3,4,0,4,4
9910296,5,3,2,3,0,5,66
107327,2,2,0,0,0,2,9
9708345,0,0,0,0,0,0,0
9907504,9,4,5,12,0,9,23
1266,2,1,1,1,2,0,0
9710279,3,2,1,1,3,0,0
111418,11,1,10,50,1,10,54
201219,4,2,2,2,0,4,38
106319,13,2,11,33,0,13,159
205013,9,1,8,16,0,9,36
9507344,7,2,5,13,7,0,0
207314,1,1,0,0,0,1,4
9912357,6,4,2,2,0,6,28
9406247,0,0,0,0,0,0,0
9709259,4,1,3,5,0,4,13
12014,5,2,3,6,0,5,11
9308269,6,3,3,5,4,2,2
9409240,8,2,6,13,8,0,0
9705446,2,1,1,1,2,0,0
9501366,4,2,2,2,0,4,17
11082,2,2,0,0,0,2,12
12244,2,2,0,0,0,2,22
9401288,14,2,12,41,14,0,0
9506421,1,1,0,0,0,1,2
9510386,6,2,4,6,0,6,33
9707425,3,1,2,3,0,3,21
9712395,8,1,7,14,0,8,34
9704323,7,2,5,7,0,7,52
9705219,5,1,4,7,5,0,0
9707410,1,1,0,0,0,1,1
9503289,1,1,0,0,0,1,2
9905352,4,3,1,1,0,4,4
9910495,2,2,0,0,0,2,13
110069,2,2,0,0,1,1,1
9607450,1,1,0,0,1,0,0
9609417,2,1,1,1,2,0,0
9504263,2,2,0,0,0,2,5
208230,0,0,0,0,0,0,0
9408312,1,1,0,0,0,1,1
9210214,2,2,0,0,2,0,0
9203208,2,1,1,1,2,0,0
9509339,1,1,0,0,0,1,1
11132,10,4,6,15,1,9,14
9803488,14,2,12,29,1,13,17
107298,1,1,0,0,0,1,5
9606379,4,2,2,4,0,4,6
9910406,4,2,2,2,0,4,16
9910560,5,1,4,5,0,5,5
9607363,1,1,0,0,0,1,4
9711399,2,2,0,0,0,2,13
9810546,2,2,0,0,0,2,10
9708336,7,2,5,6,7,0,0
9308369,3,1,2,2,3,0,0
9708330,2,1,1,1,0,2,62
9709466,0,0,0,0,0,0,0
12364,2,2,0,0,1,1,1
9211276,1,1,0,0,1,0,0
9609217,4,1,3,4,4,0,0
9805318,10,1,9,20,0,10,107
104288,0,0,0,0,0,0,0
106246,4,3,1,1,0,4,16
12024,0,0,0,0,0,0,0
9407380,6,2,4,7,6,0,0
9802270,5,2,3,6,0,5,19
9503403,4,4,0,0,4,0,0
6326,3,1,2,2,0,3,8
9602309,12,1,11,21,1,11,17
9808238,0,0,0,0,0,0,0
210319,2,2,0,0,0,2,24
9610439,3,1,2,2,1,2,2
9708223,6,4,2,3,0,6,17
9409413,4,2,2,2,4,0,0
103167,4,1,3,5,0,4,24
110375,1,1,0,0,0,1,4
9406290,1,1,0,0,0,1,1
9601322,1,1,0,0,1,0,0
9911372,1,1,0,0,0,1,6
8238,1,1,0,0,0,1,2
9710481,0,0,0,0,0,0,0
212393,0,0,0,0,0,0,0
202202,7,2,5,9,0,7,51
9610530,1,1,0,0,0,1,1
9901351,2,2,0,0,0,2,12
12225,2,2,0,0,0,2,12
105043,5,3,2,4,1,4,4
209137,1,1,0,0,0,1,5
205098,0,0,0,0,0,0,0
9807222,9,2,7,18,0,9,36
9812518,4,2,2,2,0,4,19
9705260,4,1,3,4,0,4,13
9409227,4,3,1,1,1,3,3
9807399,7,2,5,7,0,7,9
9905501,4,2,2,3,0,4,4
208226,5,2,3,4,0,5,24
111147,4,2,2,3,0,4,23
112202,1,1,0,0,0,1,5
103146,0,0,0,0,0,0,0
10014,0,0,0,0,0,0,0
9507210,6,3,3,4,6,0,0
9301285,4,4,0,0,4,0,0
9311304,2,1,1,1,2,0,0
11395,1,1,0,0,0,1,1
109174,5,1,4,7,2,3,4
3303,1,1,0,0,0,1,1
205337,0,0,0,0,0,0,0
103237,2,1,1,1,2,0,0
8165,2,2,0,0,2,0,0
9606485,1,1,0,0,1,0,0
9803300,1,1,0,0,0,1,8
9703385,6,4,2,3,0,6,11
9709433,0,0,0,0,0,0,0
109165,0,0,0,0,0,0,0
9709352,5,3,2,2,5,0,0
203172,3,1,2,3,0,3,22
9404236,4,4,0,0,4,0,0
9810370,3,1,2,3,1,2,5
9509292,2,1,1,1,2,0,0
9602335,0,0,0,0,0,0,0
9409392,3,3,0,0,3,0,0
2061,6,1,5,7,0,6,8
3263,0,0,0,0,0,0,0
9710478,1,1,0,0,0,1,1
9308203,6,3,3,8,6,0,0
11131,0,0,0,0,0,0,0
10160,4,1,3,5,0,4,4
9909381,4,1,3,5,0,4,7
9610205,2,1,1,1,0,2,8
9405356,1,1,0,0,1,0,0
9306203,2,2,0,0,2,0,0
9909434,0,0,0,0,0,0,0
9907246,0,0,0,0,0,0,0
206036,1,1,0,0,0,1,2
9605304,2,2,0,0,0,2,5
112274,7,2,5,10,0,7,21
9611337,2,2,0,0,2,0,0
9801278,1,1,0,0,0,1,2
205208,9,2,7,14,0,9,31
9910256,7,1,6,12,1,6,11
204244,5,4,1,2,0,5,50
9405375,1,1,0,0,1,0,0
9512352,2,1,1,1,2,0,0
9503215,4,1,3,3,0,4,7
9512307,5,5,0,0,5,0,0
302145,0,0,0,0,0,0,0
9703387,0,0,0,0,0,0,0
9304306,1,1,0,0,1,0,0
9905245,0,0,0,0,0,0,0
9603273,3,3,0,0,1,2,4
9606241,13,1,12,36,13,0,0
9709265,1,1,0,0,0,1,1
9904371,0,0,0,0,0,0,0
9705372,13,1,12,42,0,13,28
9512333,2,1,1,1,1,1,1
6091,0,0,0,0,0,0,0
2024,6,4,2,2,1,5,5
9311249,2,2,0,0,2,0,0
110332,0,0,0,0,0,0,0
9906276,4,2,2,3,0,4,4
9906245,0,0,0,0,0,0,0
9410222,0,0,0,0,0,0,0
6336,2,2,0,0,0,2,3
9508368,3,1,2,2,1,2,3
9611283,4,3,1,2,0,4,4
9710539,14,1,13,43,4,10,10
9604228,1,1,0,0,1,0,0
9804394,3,2,1,1,0,3,11
9604354,1,1,0,0,1,0,0
1241,0,0,0,0,0,0,0
9609427,5,2,3,4,0,5,19
9805296,4,2,2,3,0,4,18
102057,0,0,0,0,0,0,0
9904290,6,3,3,4,2,4,4
105141,7,3,4,8,0,7,41
9907351,1,1,0,0,0,1,1
112062,0,0,0,0,0,0,0
9810286,4,2,2,2,0,4,4
210150,3,1,2,2,0,3,17
9910331,1,1,0,0,0,1,2
102136,10,1,9,31,0,10,53
107059,2,1,1,1,0,2,2
9906285,0,0,0,0,0,0,0
9704217,7,4,3,5,0,7,28
207213,1,1,0,0,0,1,35
9411279,8,5,3,3,8,0,0
9707453,0,0,0,0,0,0,0
9705308,0,0,0,0,0,0,0
9811285,6,2,4,6,0,6,27
9903372,2,1,1,1,0,2,22
9702222,5,1,4,4,0,5,7
205264,0,0,0,0,0,0,0
9912543,0,0,0,0,0,0,0
207084,2,2,0,0,2,0,0
9909323,1,1,0,0,1,0,0
9704440,4,1,3,5,1,3,4
203208,4,1,3,5,0,4,48
9808284,3,1,2,3,0,3,3
9509404,2,2,0,0,2,0,0
9801402,2,2,0,0,0,2,2
4176,7,2,5,9,0,7,49
9811367,7,2,5,12,3,4,8
9603309,0,0,0,0,0,0,0
9904445,0,0,0,0,0,0,0
9907411,2,1,1,1,2,0,0
109212,4,1,3,4,0,4,6
112115,1,1,0,0,0,1,7
9907571,3,2,1,2,1,2,2
102137,0,0,0,0,0,0,0
103200,0,0,0,0,0,0,0
9211240,3,3,0,0,3,0,0
9212299,2,2,0,0,2,0,0
9704253,13,3,10,21,1,12,28
9912333,0,0,0,0,0,0,0
108110,1,1,0,0,1,0,0
9908291,3,2,1,1,0,3,9
9901237,0,0,0,0,0,0,0
9904494,4,2,2,2,2,2,2
9808437,4,3,1,1,0,4,16
9909221,1,1,0,0,0,1,12
9906304,1,1,0,0,0,1,1
5096,2,1,1,1,0,2,28
9609523,2,1,1,1,0,2,3
4162,1,1,0,0,0,1,9
9709477,2,2,0,0,2,0,0
9904280,16,3,13,41,1,15,37
10176,1,1,0,0,0,1,2
9607386,2,1,1,1,2,0,0
9303272,1,1,0,0,1,0,0
203022,2,2,0,0,1,1,2
9912443,0,0,0,0,0,0,0
9801206,1,1,0,0,0,1,4
9906482,0,0,0,0,0,0,0
108136,5,2,3,5,0,5,20
202135,0,0,0,0,0,0,0
206098,1,1,0,0,0,1,2
9807323,1,1,0,0,0,1,1
9911537,2,2,0,0,0,2,11
9706350,7,2,5,8,7,0,0
210376,0,0,0,0,0,0,0
201150,6,4,2,2,0,6,30
206212,0,0,0,0,0,0,0
205280,1,1,0,0,0,1,2
9907217,0,0,0,0,0,0,0
9810530,6,2,4,8,0,6,9
9712452,3,1,2,2,0,3,12
9804312,0,0,0,0,0,0,0
9711508,1,1,0,0,0,1,8
9812388,1,1,0,0,0,1,2
9807413,1,1,0,0,0,1,1
9506346,2,1,1,1,2,0,0
9606257,2,1,1,1,0,2,2
9303210,1,1,0,0,1,0,0
9707303,3,2,1,1,3,0,0
9804464,2,2,0,0,0,2,2
9809460,1,1,0,0,0,1,5
112004,2,1,1,1,0,2,11
212366,0,0,0,0,0,0,0
9610552,0,0,0,0,0,0,0
112280,0,0,0,0,0,0,0
111089,0,0,0,0,0,0,0
207133,3,3,0,0,0,3,34
11230,4,1,3,4,0,4,4
9701232,0,0,0,0,0,0,0
209357,2,2,0,0,0,2,2
212134,0,0,0,0,0,0,0
211091,0,0,0,0,0,0,0
9907213,1,1,0,0,1,0,0
9806480,1,1,0,0,1,0,0
9502342,4,2,2,2,0,4,11
9512346,0,0,0,0,0,0,0
201189,4,1,3,3,0,4,46
201229,5,2,3,6,0,5,26
12069,1,1,0,0,1,0,0
9311202,1,1,0,0,1,0,0
9907454,1,1,0,0,0,1,2
9310241,4,4,0,0,4,0,0
9912509,1,1,0,0,0,1,1
202068,4,2,2,3,0,4,24
9505310,3,2,1,1,3,0,0
9801253,5,3,2,2,0,5,5
9707388,1,1,0,0,1,0,0
9807342,3,3,0,0,1,2,2
9703395,2,2,0,0,0,2,6
9401224,0,0,0,0,0,0,0
9804327,0,0,0,0,0,0,0
109173,6,1,5,11,0,6,14
9711278,0,0,0,0,0,0,0
9508234,2,1,1,1,0,2,6
106178,3,3,0,0,0,3,9
111434,0,0,0,0,0,0,0
9016,1,1,0,0,0,1,6
9507274,2,2,0,0,2,0,0
107231,2,2,0,0,0,2,4
110137,1,1,0,0,0,1,1
1156,0,0,0,0,0,0,0
107272,1,1,0,0,1,0,0
101353,1,1,0,0,0,1,3
9611238,2,1,1,1,0,2,2
1316,0,0,0,0,0,0,0
9304282,1,1,0,0,1,0,0
205084,0,0,0,0,0,0,0
209120,0,0,0,0,0,0,0
107098,0,0,0,0,0,0,0
211390,1,1,0,0,0,1,4
212063,0,0,0,0,0,0,0
9259,1,1,0,0,0,1,2
9404264,1,1,0,0,1,0,0
107183,2,1,1,1,0,2,14
205074,0,0,0,0,0,0,0
9511269,0,0,0,0,0,0,0
9403211,0,0,0,0,0,0,0
104117,4,3,1,1,0,4,9
9608437,0,0,0,0,0,0,0
109049,2,1,1,1,1,1,1
9303222,1,1,0,0,1,0,0
9402207,2,1,1,1,2,0,0
211159,0,0,0,0,0,0,0
9506241,3,1,2,2,3,0,0
9602348,0,0,0,0,0,0,0
203119,6,4,2,4,0,6,28
9807329,0,0,0,0,0,0,0
9308238,1,1,0,0,1,0,0
9408297,2,1,1,1,2,0,0
9307212,1,1,0,0,1,0,0
9910478,1,1,0,0,1,0,0
202238,0,0,0,0,0,0,0
9612314,7,1,6,15,7,0,0
9406226,0,0,0,0,0,0,0
9805503,1,1,0,0,0,1,5
212379,0,0,0,0,0,0,0
9508392,1,1,0,0,1,0,0
9904400,0,0,0,0,0,0,0
101314,0,0,0,0,0,0,0
107125,2,1,1,1,0,2,8
102296,0,0,0,0,0,0,0
9912456,0,0,0,0,0,0,0
209036,0,0,0,0,0,0,0
210336,0,0,0,0,0,0,0
204042,2,1,1,1,0,2,19
9401242,2,2,0,0,2,0,0
9609318,2,2,0,0,2,0,0
9912222,1,1,0,0,0,1,1
12336,2,2,0,0,0,2,8
105039,0,0,0,0,0,0,0
9812390,1,1,0,0,1,0,0
9505315,3,1,2,2,3,0,0
112237,0,0,0,0,0,0,0
9309236,2,2,0,0,2,0,0
9710523,1,1,0,0,0,1,1
1298,0,0,0,0,0,0,0
9703307,0,0,0,0,0,0,0
9405211,2,2,0,0,2,0,0
9806470,1,1,0,0,0,1,1
301205,0,0,0,0,0,0,0
9912538,0,0,0,0,0,0,0
109274,1,1,0,0,1,0,0
9809277,2,1,1,1,2,0,0
111006,1,1,0,0,0,1,5
9905533,0,0,0,0,0,0,0
8120,0,0,0,0,0,0,0
108140,0,0,0,0,0,0,0
9709404,2,2,0,0,0,2,2
12022,0,0,0,0,0,0,0
9506275,1,1,0,0,1,0,0
9811344,0,0,0,0,0,0,0
6302,0,0,0,0,0,0,0
9805466,0,0,0,0,0,0,0
112180,3,1,2,2,1,2,5
9801423,0,0,0,0,0,0,0
9410295,0,0,0,0,0,0,0
10288,1,1,0,0,0,1,1
9710242,1,1,0,0,1,0,0
1260,2,2,0,0,2,0,0
211050,0,0,0,0,0,0,0
9906293,2,2,0,0,0,2,2
107132,3,1,2,3,0,3,22
103016,1,1,0,0,1,0,0
9507308,1,1,0,0,0,1,1
9909347,0,0,0,0,0,0,0
9811276,1,1,0,0,0,1,2
7348,1,1,0,0,0,1,5
9810346,0,0,0,0,0,0,0
101195,0,0,0,0,0,0,0
9702203,1,1,0,0,0,1,2
9406331,2,1,1,1,2,0,0
9905507,1,1,0,0,1,0,0
112044,0,0,0,0,0,0,0
101003,1,1,0,0,0,1,22
7123,4,2,2,3,1,3,5
2137,5,3,2,2,0,5,19
9704210,1,1,0,0,0,1,1
9412371,1,1,0,0,1,0,0
9609407,0,0,0,0,0,0,0
9806369,1,1,0,0,1,0,0
9808384,0,0,0,0,0,0,0
9907222,1,1,0,0,0,1,9
9902388,0,0,0,0,0,0,0
9407376,2,2,0,0,2,0,0
102262,1,1,0,0,0,1,1
106236,0,0,0,0,0,0,0
9411264,0,0,0,0,0,0,0
211386,0,0,0,0,0,0,0
9712503,1,1,0,0,1,0,0
110333,3,3,0,0,1,2,4
212157,0,0,0,0,0,0,0
9910318,0,0,0,0,0,0,0
9410256,6,3,3,4,6,0,0
9809495,0,0,0,0,0,0,0
9911455,0,0,0,0,0,0,0
111124,1,1,0,0,0,1,4
9806322,0,0,0,0,0,0,0
208054,0,0,0,0,0,0,0
210100,0,0,0,0,0,0,0
12170,2,2,0,0,0,2,4
10055,1,1,0,0,0,1,4
9303212,1,1,0,0,1,0,0
9809358,1,1,0,0,0,1,5
201146,2,1,1,1,0,2,20
106062,0,0,0,0,0,0,0
6028,1,1,0,0,0,1,6
12249,1,1,0,0,0,1,2
9407277,1,1,0,0,1,0,0
210200,1,1,0,0,0,1,2
202229,1,1,0,0,0,1,5
9309271,0,0,0,0,0,0,0
201289,2,1,1,1,0,2,9
9812493,0,0,0,0,0,0,0
9711404,1,1,0,0,1,0,0
9709337,1,1,0,0,1,0,0
9905519,1,1,0,0,0,1,2
9711511,0,0,0,0,0,0,0
12383,3,2,1,1,3,0,0
104251,0,0,0,0,0,0,0
9705335,2,2,0,0,0,2,2
9410346,2,2,0,0,2,0,0
9165,1,1,0,0,0,1,1
9709458,0,0,0,0,0,0,0
9610520,1,1,0,0,0,1,2
7098,0,0,0,0,0,0,0
301118,0,0,0,0,0,0,0
103341,0,0,0,0,0,0,0
9803205,0,0,0,0,0,0,0
9608456,0,0,0,0,0,0,0
3041,1,1,0,0,1,0,0
201272,3,1,2,2,0,3,6
9612315,0,0,0,0,0,0,0
9702344,0,0,0,0,0,0,0
103066,1,1,0,0,1,0,0
9501215,0,0,0,0,0,0,0
107177,2,2,0,0,0,2,2
9807473,0,0,0,0,0,0,0
9908456,1,1,0,0,0,1,1
203175,1,1,0,0,1,0,0
9507450,0,0,0,0,0,0,0
9711380,0,0,0,0,0,0,0
9908509,0,0,0,0,0,0,0
9809214,1,1,0,0,0,1,5
209321,0,0,0,0,0,0,0
210161,2,2,0,0,0,2,29
9907290,1,1,0,0,1,0,0
9608217,0,0,0,0,0,0,0
104066,2,2,0,0,2,0,0
9710325,0,0,0,0,0,0,0
9908279,0,0,0,0,0,0,0
9512269,0,0,0,0,0,0,0
10102,0,0,0,0,0,0,0
107314,0,0,0,0,0,0,0
9602416,2,1,1,1,2,0,0
205204,0,0,0,0,0,0,0
10059,3,1,2,3,1,2,5
9706292,1,1,0,0,1,0,0
9306334,1,1,0,0,1,0,0
104208,2,2,0,0,0,2,3
211376,0,0,0,0,0,0,0
9909300,1,1,0,0,0,1,7
301150,0,0,0,0,0,0,0
101256,0,0,0,0,0,0,0
9307367,0,0,0,0,0,0,0
3027,0,0,0,0,0,0,0
9503277,2,1,1,1,2,0,0
204197,0,0,0,0,0,0,0
212094,0,0,0,0,0,0,0
10005,0,0,0,0,0,0,0
106161,1,1,0,0,0,1,6
9712208,0,0,0,0,0,0,0
104233,0,0,0,0,0,0,0
1052,1,1,0,0,1,0,0
101227,1,1,0,0,1,0,0
9807330,1,1,0,0,1,0,0
9602291,1,1,0,0,1,0,0
110226,0,0,0,0,0,0,0
9602247,0,0,0,0,0,0,0
208254,0,0,0,0,0,0,0
9309260,2,2,0,0,2,0,0
111401,0,0,0,0,0,0,0
201271,1,1,0,0,0,1,5
210213,1,1,0,0,0,1,2
202080,0,0,0,0,0,0,0
209004,0,0,0,0,0,0,0
201090,0,0,0,0,0,0,0
9210224,1,1,0,0,1,0,0
9906295,0,0,0,0,0,0,0
9703257,3,3,0,0,3,0,0
9403278,0,0,0,0,0,0,0
211116,0,0,0,0,0,0,0
109040,0,0,0,0,0,0,0
9606278,2,1,1,1,2,0,0
9509301,0,0,0,0,0,0,0
9904214,3,2,1,2,3,0,0
208244,0,0,0,0,0,0,0
9507243,0,0,0,0,0,0,0
9509388,0,0,0,0,0,0,0
9701258,0,0,0,0,0,0,0
9703255,1,1,0,0,1,0,0
1063,0,0,0,0,0,0,0
9811332,1,1,0,0,1,0,0
9910538,0,0,0,0,0,0,0
9608207,0,0,0,0,0,0,0
211420,0,0,0,0,0,0,0
1135,0,0,0,0,0,0,0
9705419,0,0,0,0,0,0,0
2069,0,0,0,0,0,0,0
112048,0,0,0,0,0,0,0
111168,0,0,0,0,0,0,0
8015,0,0,0,0,0,0,0
9504317,0,0,0,0,0,0,0
9804447,0,0,0,0,0,0,0
210419,0,0,0,0,0,0,0
9908272,0,0,0,0,0,0,0
204116,0,0,0,0,0,0,0
9902465,0,0,0,0,0,0,0
209266,0,0,0,0,0,0,0
9605371,0,0,0,0,0,0,0
9902306,0,0,0,0,0,0,0
10109,0,0,0,0,0,0,0
9810347,1,1,0,0,1,0,0
9807516,0,0,0,0,0,0,0
202132,1,1,0,0,0,1,2
9711310,0,0,0,0,0,0,0
9308312,1,1,0,0,1,0,0
209351,0,0,0,0,0,0,0
9510331,0,0,0,0,0,0,0
9210270,3,3,0,0,3,0,0
9801408,0,0,0,0,0,0,0
12159,0,0,0,0,0,0,0
211429,0,0,0,0,0,0,0
9211275,0,0,0,0,0,0,0
9904217,0,0,0,0,0,0,0
104286,0,0,0,0,0,0,0
210040,0,0,0,0,0,0,0
210087,0,0,0,0,0,0,0
12245,0,0,0,0,0,0,0
9611306,0,0,0,0,0,0,0
106016,0,0,0,0,0,0,0
9606321,0,0,0,0,0,0,0
210142,0,0,0,0,0,0,0
111126,0,0,0,0,0,0,0
301203,0,0,0,0,0,0,0
101214,0,0,0,0,0,0,0
9908241,0,0,0,0,0,0,0
110211,2,1,1,1,2,0,0
3060,1,1,0,0,0,1,2
105074,0,0,0,0,0,0,0
103019,1,1,0,0,0,1,3
9809514,1,1,0,0,0,1,2
9710291,0,0,0,0,0,0,0
9809303,0,0,0,0,0,0,0
9904392,1,1,0,0,0,1,2
212190,0,0,0,0,0,0,0
301273,0,0,0,0,0,0,0
9407377,0,0,0,0,0,0,0
111400,0,0,0,0,0,0,0
207328,2,2,0,0,2,0,0
9807404,0,0,0,0,0,0,0
9403214,0,0,0,0,0,0,0
9410402,0,0,0,0,0,0,0
7029,0,0,0,0,0,0,0
9809488,0,0,0,0,0,0,0
9301251,2,2,0,0,2,0,0
207369,1,1,0,0,0,1,3
302019,0,0,0,0,0,0,0
6337,0,0,0,0,0,0,0
212002,0,0,0,0,0,0,0
8176,0,0,0,0,0,0,0
9333,0,0,0,0,0,0,0
212320,1,1,0,0,0,1,2
9253,0,0,0,0,0,0,0
9610320,0,0,0,0,0,0,0
103093,0,0,0,0,0,0,0
7282,0,0,0,0,0,0,0
9904342,1,1,0,0,1,0,0
210337,0,0,0,0,0,0,0
9904358,0,0,0,0,0,0,0
9511247,0,0,0,0,0,0,0
301200,0,0,0,0,0,0,0
205132,0,0,0,0,0,0,0
105127,0,0,0,0,0,0,0
111361,0,0,0,0,0,0,0
12106,0,0,0,0,0,0,0
212310,0,0,0,0,0,0,0
9412240,1,1,0,0,1,0,0
9712528,0,0,0,0,0,0,0
112050,1,1,0,0,1,0,0
9810540,1,1,0,0,0,1,5
7106,0,0,0,0,0,0,0
9511257,0,0,0,0,0,0,0
9605272,1,1,0,0,1,0,0
9511413,0,0,0,0,0,0,0
208124,1,1,0,0,0,1,5
9806338,0,0,0,0,0,0,0
201238,0,0,0,0,0,0,0
9305,0,0,0,0,0,0,0
9211227,1,1,0,0,1,0,0
112093,0,0,0,0,0,0,0
9501239,0,0,0,0,0,0,0
9809201,0,0,0,0,0,0,0
11381,0,0,0,0,0,0,0
9905535,0,0,0,0,0,0,0
211126,0,0,0,0,0,0,0
201221,0,0,0,0,0,0,0
207249,0,0,0,0,0,0,0
9512315,0,0,0,0,0,0,0
9211279,1,1,0,0,1,0,0
9809559,1,1,0,0,1,0,0
105272,0,0,0,0,0,0,0
9410246,0,0,0,0,0,0,0
11224,0,0,0,0,0,0,0
110116,0,0,0,0,0,0,0
9311333,0,0,0,0,0,0,0
9504304,19,3,16,51,19,0,0
6351,24,2,22,95,0,24,182
9604330,24,3,21,137,1,23,59
9801317,1,1,0,0,1,0,0
9606397,6,3,3,6,0,6,18
9405322,13,4,9,26,13,0,0
9710237,4,1,3,4,0,4,8
9802368,10,2,8,15,0,10,49
1002,49,6,43,271,0,49,582
203056,6,4,2,2,0,6,103
9503228,8,3,5,10,0,8,12
9502298,44,2,42,329,29,15,15
9501201,15,2,13,39,0,15,47
9503303,21,1,20,97,21,0,0
9807353,69,2,67,582,2,67,276
9310314,13,2,11,37,13,0,0
9811390,62,3,59,675,6,56,144
9901245,20,3,17,66,0,20,222
9807517,17,2,15,69,0,17,108
9712493,33,3,30,161,16,17,19
9904301,23,2,21,97,0,23,71
9511381,17,2,15,68,0,17,44
9504287,21,3,18,72,15,6,7
9412367,27,2,25,87,0,27,53
4151,1,1,0,0,0,1,6
9803335,2,1,1,1,1,1,3
9408224,70,3,67,758,70,0,0
9701381,11,4,7,12,0,11,26
105194,4,1,3,5,2,2,4
9712306,17,1,16,52,1,16,33
10008,11,3,8,18,0,11,196
9811335,14,1,13,41,0,14,187
9609344,17,3,14,60,0,17,112
9706540,14,4,10,29,0,14,87
9808493,55,1,54,410,1,54,440
9701233,45,3,42,341,5,40,106
10229,1,1,0,0,0,1,19
9610337,2,2,0,0,2,0,0
104090,7,5,2,2,0,7,25
9704304,7,4,3,8,0,7,13
9405352,45,2,43,309,45,0,0
9505352,25,2,23,92,2,23,23
9605235,52,1,51,515,1,51,337
9902476,5,2,3,4,0,5,14
9409327,14,2,12,36,14,0,0
9704424,19,4,15,55,8,11,19
9512306,2,1,1,1,2,0,0
9707426,13,1,12,38,0,13,68
9701252,8,2,6,6,0,8,24
9605225,4,1,3,6,0,4,8
9509282,4,1,3,5,4,0,0
9311261,6,4,2,2,4,2,2
9504372,33,2,31,161,13,20,20
9712237,5,2,3,4,2,3,4
9903260,40,4,36,264,0,40,386
9509230,6,1,5,13,1,5,6
9406251,6,3,3,9,6,0,0
9401220,12,7,5,14,2,10,10
9703435,1,1,0,0,0,1,1
9405343,15,1,14,65,15,0,0
4060,3,2,1,1,0,3,9
9401211,20,2,18,60,8,12,29
5003,34,3,31,113,0,34,295
9508406,26,1,25,115,1,25,110
9709273,12,2,10,37,0,12,50
8191,10,1,9,30,0,10,26
101051,17,3,14,40,0,17,79
9058,12,5,7,19,0,12,213
9906512,77,2,75,931,0,77,549
9211267,12,5,7,15,4,8,8
9803371,13,3,10,25,0,13,46
9409246,6,3,3,4,4,2,2
9906523,28,4,24,98,1,27,46
9607418,7,1,6,17,1,6,14
9904250,25,1,24,170,0,25,50
9811350,100,2,98,1326,0,100,667
9810334,3,2,1,1,0,3,19
106119,13,7,6,17,0,13,115
9512446,2,2,0,0,0,2,17
9604339,3,2,1,2,1,2,8
9311372,34,2,32,217,34,0,0
9809521,44,1,43,300,0,44,261
9905536,20,2,18,41,0,20,304
9405223,11,3,8,14,1,10,32
9710353,4,3,1,1,0,4,94
9712387,9,3,6,15,1,8,21
9405407,62,3,59,563,3,59,126
9903293,4,2,2,3,0,4,11
9803453,15,5,10,16,0,15,51
9509424,11,1,10,29,3,8,8
9501407,40,1,39,250,9,31,59
9806409,7,1,6,9,0,7,23
9209275,9,1,8,22,9,0,0
9506380,45,4,41,268,5,40,65
9312272,25,1,24,116,3,22,37
9411444,12,1,11,27,5,7,7
104304,24,2,22,91,1,23,48
105056,9,1,8,15,0,9,62
9910286,14,2,12,38,6,8,9
9901256,3,2,1,1,0,3,11
9303202,27,7,20,45,25,2,2
9707363,6,2,4,5,0,6,6
9712471,13,1,12,38,3,10,19
9611272,19,2,17,81,2,17,32
9902443,14,1,13,57,1,13,35
9802299,18,1,17,62,18,0,0
3035,8,3,5,8,0,8,68
9902310,33,3,30,236,0,33,399
9902467,65,3,62,522,0,65,355
9903246,33,4,29,135,1,32,267
210157,4,3,1,1,0,4,83
209193,3,2,1,1,0,3,54
201139,27,2,25,166,0,27,364
5286,18,2,16,72,0,18,93
9702436,5,3,2,2,0,5,16
9912496,1,1,0,0,0,1,9
9905204,9,2,7,23,7,2,4
9911337,20,4,16,47,0,20,109
103125,68,3,65,693,2,66,181
9511422,16,1,15,39,16,0,0
9411432,8,2,6,11,8,0,0
9610507,1,1,0,0,1,0,0
9912467,3,1,2,2,0,3,5
9302267,17,2,15,43,5,12,12
9284,1,1,0,0,0,1,24
9807500,15,1,14,27,0,15,24
9704201,31,1,30,190,0,31,148
9703429,23,5,18,55,0,23,236
9511433,26,2,24,83,0,26,142
9706279,3,2,1,1,0,3,10
9212268,9,1,8,20,9,0,0
9603234,5,2,3,3,0,5,20
9304223,21,1,20,78,21,0,0
105053,7,2,5,11,0,7,22
101081,0,0,0,0,0,0,0
9706315,69,4,65,537,18,51,119
9810240,2,1,1,1,0,2,35
9710431,36,4,32,222,36,0,0
9404211,5,1,4,9,5,0,0
9606345,5,5,0,0,0,5,12
1286,25,6,19,48,0,25,338
9145,9,4,5,8,0,9,71
9711349,14,5,9,36,14,0,0
103111,1,1,0,0,1,0,0
9509406,15,1,14,41,15,0,0
9603366,25,8,17,44,6,19,19
9706420,18,1,17,58,5,13,27
9510254,7,1,6,14,7,0,0
9907204,8,1,7,13,1,7,18
8241,16,4,12,26,0,16,100
9708349,15,4,11,39,0,15,131
9807249,14,2,12,76,0,14,59
9607291,8,5,3,5,0,8,55
9501382,14,1,13,55,14,0,0
9707438,5,1,4,6,0,5,25
9910226,11,3,8,13,0,11,42
9804419,3,3,0,0,0,3,6
9307312,12,1,11,58,2,10,10
9507208,0,0,0,0,0,0,0
9805275,4,2,2,3,0,4,17
7110,3,2,1,1,0,3,13
9802424,20,1,19,62,20,0,0
108043,11,2,9,37,0,11,63
9707372,1,1,0,0,0,1,11
9310210,32,4,28,251,32,0,0
9607451,9,2,7,22,0,9,39
9903406,19,2,17,94,0,19,81
112233,14,2,12,46,0,14,52
3081,24,3,21,104,0,24,176
9404357,47,6,41,203,39,8,8
9504219,67,2,65,618,7,60,122
9604302,9,3,6,9,0,9,33
9505428,9,1,8,21,7,2,2
1205,1,1,0,0,0,1,4
9709498,1,1,0,0,0,1,2
9705354,10,3,7,30,2,8,8
9403208,18,3,15,90,18,0,0
9410230,26,2,24,127,26,0,0
9003,5,4,1,4,0,5,20
9905406,8,3,5,10,0,8,19
9904209,8,2,6,18,2,6,32
9608214,6,1,5,10,0,6,19
7107,15,5,10,21,1,14,18
106034,4,3,1,1,0,4,32
9708303,15,2,13,47,6,9,17
9304234,8,2,6,12,8,0,0
9309266,28,6,22,103,1,27,92
9404321,12,7,5,19,2,10,10
1224,9,1,8,16,1,8,15
9707412,13,6,7,16,0,13,326
9403318,20,3,17,51,1,19,38
9611307,6,1,5,9,1,5,9
11096,2,1,1,1,0,2,3
9703277,8,2,6,18,8,0,0
9912214,9,4,5,10,1,8,14
9703293,0,0,0,0,0,0,0
9806218,2,2,0,0,0,2,2
9407284,0,0,0,0,0,0,0
9409329,15,1,14,67,15,0,0
9608281,10,1,9,34,0,10,36
9610360,9,2,7,12,0,9,22
9510258,10,2,8,11,0,10,10
9505203,4,1,3,6,0,4,4
9706437,2,1,1,1,0,2,6
9408370,9,3,6,17,9,0,0
110216,7,4,3,7,0,7,124
9812357,5,3,2,4,0,5,36
9504337,6,1,5,8,6,0,0
9310279,13,1,12,50,13,0,0
9812487,15,4,11,39,0,15,113
9802242,8,2,6,8,0,8,52
10230,5,2,3,7,2,3,5
112138,4,3,1,1,0,4,13
5274,10,2,8,21,10,0,0
9706294,28,4,24,110,0,28,80
9807221,0,0,0,0,0,0,0
9907559,11,2,9,20,0,11,70
9410347,5,1,4,9,1,4,4
9306240,18,2,16,51,5,13,13
112310,5,1,4,7,0,5,44
9610502,0,0,0,0,0,0,0
9806513,7,1,6,16,1,6,16
107331,21,1,20,103,0,21,92
9806324,19,2,17,43,1,18,31
9609486,1,1,0,0,0,1,7
9703450,22,2,20,66,3,19,39
9607296,4,3,1,1,0,4,25
9903541,1,1,0,0,0,1,7
9807364,3,2,1,1,0,3,7
9604279,8,3,5,10,0,8,25
9603267,6,1,5,9,2,4,4
9903257,2,2,0,0,0,2,22
9501230,16,3,13,51,16,0,0
9606340,2,1,1,1,0,2,2
11059,5,1,4,7,0,5,55
11222,5,1,4,7,2,3,3
9803475,4,3,1,1,0,4,11
9903417,27,2,25,116,27,0,0
9306254,6,3,3,4,6,0,0
9609207,16,4,12,38,0,16,49
9510262,10,2,8,11,1,9,11
9806365,3,2,1,1,0,3,3
8314,2,1,1,1,0,2,5
108145,8,2,6,16,0,8,21
104316,0,0,0,0,0,0,0
107201,5,1,4,5,0,5,27
104145,5,2,3,6,0,5,5
9806302,0,0,0,0,0,0,0
11150,6,2,4,5,4,2,2
9607419,5,2,3,4,0,5,5
9402289,3,1,2,2,0,3,6
9909411,12,2,10,28,0,12,12
9803267,1,1,0,0,1,0,0
9805390,11,3,8,20,1,10,18
9303273,14,2,12,19,1,13,13
9404362,4,3,1,1,1,3,3
9911289,15,3,12,41,0,15,105
2193,5,3,2,3,0,5,32
9709419,6,3,3,4,4,2,2
9501405,15,3,12,36,15,0,0
3309,6,3,3,5,0,6,31
9809550,5,4,1,2,0,5,42
9702301,8,1,7,15,1,7,31
9712491,0,0,0,0,0,0,0
9809292,3,1,2,3,0,3,7
9806249,3,2,1,1,0,3,8
9503233,11,5,6,20,1,10,14
9502270,15,1,14,57,15,0,0
9501319,4,1,3,3,4,0,0
9406299,20,2,18,100,20,0,0
9912218,2,1,1,1,0,2,9
101213,3,2,1,1,0,3,35
9806346,4,1,3,4,0,4,63
9908258,4,1,3,6,0,4,4
9908276,17,2,15,51,0,17,49
112150,0,0,0,0,0,0,0
106243,5,3,2,2,0,5,11
9907418,3,1,2,3,0,3,6
110102,7,3,4,7,7,0,0
9237,15,3,12,38,0,15,77
9907468,8,2,6,14,0,8,16
9403391,4,4,0,0,4,0,0
9903508,3,2,1,1,0,3,9
9912474,1,1,0,0,0,1,3
9805307,2,1,1,1,0,2,4
9703281,3,3,0,0,0,3,23
9810275,24,3,21,88,0,24,125
9602245,10,2,8,22,0,10,17
101258,4,1,3,4,0,4,19
5154,10,2,8,22,0,10,32
11257,4,1,3,4,1,3,3
9510448,3,1,2,2,0,3,4
112223,0,0,0,0,0,0,0
9306251,8,3,5,9,8,0,0
9808230,5,3,2,4,5,0,0
9703244,1,1,0,0,0,1,2
112355,0,0,0,0,0,0,0
9804389,1,1,0,0,0,1,4
9702295,2,1,1,1,2,0,0
9406350,10,3,7,13,10,0,0
9403269,4,3,1,1,4,0,0
3186,17,2,15,48,0,17,66
9908417,6,1,5,7,0,6,33
9805468,3,1,2,3,3,0,0
110355,0,0,0,0,0,0,0
9802362,15,1,14,52,2,13,13
2081,10,2,8,15,0,10,65
9808211,4,1,3,4,0,4,11
9501218,2,1,1,1,0,2,2
206019,1,1,0,0,0,1,17
9812225,1,1,0,0,1,0,0
9705216,10,3,7,18,0,10,25
211069,5,3,2,3,0,5,29
9408367,2,2,0,0,0,2,2
9904305,0,0,0,0,0,0,0
6044,0,0,0,0,0,0,0
9807312,0,0,0,0,0,0,0
9712516,5,1,4,6,0,5,21
9304265,12,1,11,34,12,0,0
9706441,2,2,0,0,0,2,8
104293,5,2,3,6,0,5,39
9704410,2,1,1,1,2,0,0
9407288,5,2,3,4,5,0,0
9712436,1,1,0,0,0,1,3
9802340,2,2,0,0,2,0,0
9504418,5,2,3,4,5,0,0
101092,3,2,1,1,0,3,23
107212,3,3,0,0,2,1,2
111348,4,3,1,2,0,4,32
9402276,3,2,1,1,0,3,3
9802316,3,1,2,3,2,1,1
9605281,15,2,13,22,1,14,16
9206255,3,1,2,3,3,0,0
8258,6,1,5,10,0,6,52
12260,7,4,3,11,1,6,7
9904477,7,1,6,15,0,7,69
9712377,1,1,0,0,0,1,1
9601321,6,2,4,13,1,5,5
9704380,13,2,11,36,0,13,139
9604360,6,1,5,7,6,0,0
9408254,5,3,2,2,1,4,4
9702370,5,2,3,6,0,5,9
9307248,8,2,6,12,8,0,0
103025,2,2,0,0,0,2,11
9812521,5,2,3,3,5,0,0
9608382,2,1,1,1,1,1,1
6327,3,1,2,2,0,3,3
9909222,10,2,8,14,0,10,59
9909208,0,0,0,0,0,0,0
9605363,3,1,2,2,3,0,0
9807307,1,1,0,0,0,1,4
9406357,6,2,4,8,6,0,0
9810352,1,1,0,0,0,1,2
112297,5,2,3,3,0,5,49
205282,0,0,0,0,0,0,0
1075,11,3,8,21,0,11,16
210265,0,0,0,0,0,0,0
9707258,1,1,0,0,0,1,1
202189,1,1,0,0,0,1,2
9807211,12,1,11,47,8,4,4
9053,8,1,7,22,1,7,7
9804432,6,2,4,4,2,4,4
9810393,3,2,1,1,2,1,1
9806325,1,1,0,0,0,1,2
9803394,18,5,13,54,0,18,31
209188,0,0,0,0,0,0,0
110254,0,0,0,0,0,0,0
9712209,6,2,4,7,0,6,43
106002,0,0,0,0,0,0,0
9810522,1,1,0,0,1,0,0
9503494,4,1,3,5,4,0,0
9707531,1,1,0,0,0,1,13
207185,1,1,0,0,0,1,3
107044,1,1,0,0,0,1,3
201128,7,6,1,1,0,7,45
9907388,1,1,0,0,0,1,2
9404225,5,4,1,1,5,0,0
9705266,3,1,2,2,3,0,0
9908507,0,0,0,0,0,0,0
9901220,2,1,1,1,0,2,21
9510274,1,1,0,0,1,0,0
9802279,1,1,0,0,0,1,3
207026,7,1,6,9,0,7,61
9704203,2,2,0,0,0,2,2
108040,9,3,6,14,0,9,47
9811250,9,2,7,17,9,0,0
9702325,6,3,3,3,0,6,8
101026,0,0,0,0,0,0,0
7278,3,1,2,2,1,2,2
9505317,2,2,0,0,2,0,0
9808368,10,3,7,16,0,10,29
110078,6,5,1,1,0,6,19
108131,4,1,3,5,0,4,35
112101,10,1,9,40,0,10,50
202016,3,3,0,0,0,3,19
106329,6,2,4,7,0,6,91
205274,4,1,3,4,0,4,31
9805311,5,1,4,7,3,2,2
2039,4,2,2,2,0,4,36
9308,5,2,3,4,0,5,22
9211284,15,5,10,24,15,0,0
9803225,26,2,24,134,2,24,93
103267,4,2,2,2,0,4,21
9308358,3,1,2,2,0,3,3
9411258,4,1,3,5,4,0,0
9206217,2,2,0,0,2,0,0
9504325,0,0,0,0,0,0,0
9508322,3,2,1,1,0,3,13
9611321,4,2,2,2,0,4,35
9408215,5,1,4,6,5,0,0
9508260,1,1,0,0,0,1,3
9602436,5,2,3,5,0,5,40
9710453,2,1,1,1,0,2,12
9905531,0,0,0,0,0,0,0
9908203,2,1,1,1,0,2,10
9801456,4,2,2,3,0,4,7
9602353,3,2,1,1,3,0,0
109190,2,1,1,1,0,2,4
9901376,18,2,16,56,5,13,30
9047,0,0,0,0,0,0,0
9261,3,2,1,1,3,0,0
9908482,1,1,0,0,1,0,0
9510338,2,1,1,1,2,0,0
110202,0,0,0,0,0,0,0
10090,0,0,0,0,0,0,0
9305233,3,1,2,2,3,0,0
9312276,5,4,1,1,5,0,0
9503335,1,1,0,0,0,1,2
9411243,3,3,0,0,2,1,1
1083,9,1,8,21,9,0,0
9802410,6,1,5,10,3,3,3
201087,2,2,0,0,0,2,3
206241,6,5,1,1,0,6,123
3096,5,1,4,5,0,5,19
9912356,5,2,3,6,0,5,8
9605400,2,1,1,1,0,2,3
9403358,3,3,0,0,0,3,3
9809454,2,1,1,1,1,1,1
9807292,2,2,0,0,0,2,3
9711238,1,1,0,0,0,1,1
9711315,6,1,5,13,0,6,6
9707358,1,1,0,0,1,0,0
9803452,1,1,0,0,1,0,0
212291,0,0,0,0,0,0,0
9511416,0,0,0,0,0,0,0
9712357,3,1,2,2,0,3,12
10260,7,1,6,11,0,7,24
9912539,2,1,1,1,0,2,9
5245,12,2,10,21,0,12,33
9410243,4,3,1,1,4,0,0
10036,2,1,1,1,1,1,1
9908389,0,0,0,0,0,0,0
105195,6,1,5,9,0,6,35
110309,1,1,0,0,0,1,2
9612276,2,1,1,1,0,2,4
210027,2,1,1,1,0,2,31
9612285,7,6,1,1,2,5,10
9509342,3,1,2,3,0,3,3
5256,3,3,0,0,0,3,10
111012,4,2,2,4,0,4,18
9603304,6,1,5,8,6,0,0
9309290,1,1,0,0,1,0,0
9708392,1,1,0,0,1,0,0
9608274,2,2,0,0,0,2,2
110354,1,1,0,0,0,1,5
9310375,0,0,0,0,0,0,0
106101,6,1,5,7,0,6,16
106031,6,3,3,3,0,6,25
207141,0,0,0,0,0,0,0
9808281,1,1,0,0,0,1,3
108179,6,3,3,4,1,5,25
9910524,2,1,1,1,0,2,11
202032,3,2,1,1,0,3,25
112028,1,1,0,0,1,0,0
206168,0,0,0,0,0,0,0
9510359,14,4,10,24,1,13,27
9603224,0,0,0,0,0,0,0
103178,3,2,1,1,2,1,1
9803273,8,2,6,14,8,0,0
9908217,4,3,1,1,0,4,14
212023,6,1,5,9,0,6,45
9910330,1,1,0,0,0,1,2
9211234,3,1,2,3,3,0,0
9611466,1,1,0,0,1,0,0
9902404,1,1,0,0,1,0,0
9508308,6,3,3,4,6,0,0
9310346,2,2,0,0,0,2,2
9403325,4,2,2,2,4,0,0
9807403,3,2,1,1,3,0,0
9911509,0,0,0,0,0,0,0
9907562,1,1,0,0,1,0,0
202041,1,1,0,0,0,1,4
102247,12,2,10,15,0,12,35
204129,5,1,4,5,0,5,30
209149,0,0,0,0,0,0,0
4196,0,0,0,0,0,0,0
9806396,2,2,0,0,0,2,8
9403365,3,1,2,2,3,0,0
9185,3,2,1,2,0,3,4
9807311,4,1,3,4,2,2,2
4029,8,1,7,13,0,8,37
9412282,6,1,5,6,2,4,6
9711291,3,2,1,1,0,3,4
9605284,0,0,0,0,0,0,0
9802205,0,0,0,0,0,0,0
9702261,1,1,0,0,0,1,3
108144,3,1,2,2,0,3,10
210445,0,0,0,0,0,0,0
9705420,1,1,0,0,0,1,1
9410288,4,2,2,3,0,4,10
10315,3,3,0,0,3,0,0
104192,2,1,1,1,0,2,6
9209263,4,2,2,2,4,0,0
9611208,2,1,1,1,2,0,0
9604345,1,1,0,0,0,1,6
9804334,0,0,0,0,0,0,0
112145,0,0,0,0,0,0,0
9505392,1,1,0,0,1,0,0
1168,0,0,0,0,0,0,0
1201,2,2,0,0,2,0,0
110208,7,3,4,7,0,7,30
9501225,2,1,1,1,2,0,0
1305,0,0,0,0,0,0,0
110075,6,2,4,6,0,6,7
9905410,6,1,5,11,2,4,4
4047,4,1,3,4,2,2,2
9707285,1,1,0,0,1,0,0
109222,3,1,2,3,0,3,3
9503313,4,1,3,3,0,4,15
9701411,0,0,0,0,0,0,0
9401290,1,1,0,0,0,1,1
9812450,2,1,1,1,0,2,2
9802311,1,1,0,0,0,1,1
105065,3,2,1,2,0,3,14
9509421,1,1,0,0,1,0,0
9703232,12,2,10,25,1,11,11
9802313,5,1,4,7,5,0,0
9901302,1,1,0,0,1,0,0
9807261,12,3,9,27,2,10,28
9605433,2,1,1,1,1,1,1
9912260,0,0,0,0,0,0,0
3160,9,3,6,14,1,8,31
9306318,1,1,0,0,1,0,0
2155,8,2,6,10,8,0,0
9502262,6,2,4,7,6,0,0
9209284,1,1,0,0,1,0,0
9512266,0,0,0,0,0,0,0
112009,0,0,0,0,0,0,0
9606234,2,2,0,0,0,2,3
9707335,2,2,0,0,2,0,0
9807263,13,1,12,30,0,13,37
9406313,1,1,0,0,1,0,0
9707270,8,3,5,9,0,8,23
9611254,0,0,0,0,0,0,0
9907437,2,1,1,1,0,2,6
9702206,3,2,1,1,0,3,14
9505339,1,1,0,0,1,0,0
101001,2,1,1,1,2,0,0
203155,4,3,1,1,0,4,31
110033,5,2,3,4,0,5,17
6162,0,0,0,0,0,0,0
12184,6,4,2,3,6,0,0
9806394,5,1,4,6,5,0,0
9412217,3,1,2,2,3,0,0
102101,2,1,1,1,0,2,2
102265,17,2,15,64,0,17,125
9910206,6,4,2,2,0,6,10
9801345,5,4,1,1,5,0,0
9511298,0,0,0,0,0,0,0
201045,1,1,0,0,0,1,9
9412231,8,5,3,3,8,0,0
9909522,1,1,0,0,0,1,6
9307219,1,1,0,0,1,0,0
9904238,3,2,1,1,0,3,13
9607288,0,0,0,0,0,0,0
9809421,0,0,0,0,0,0,0
9809455,0,0,0,0,0,0,0
9907430,1,1,0,0,0,1,1
9902417,1,1,0,0,0,1,6
9910284,4,3,1,1,1,3,5
9706464,3,1,2,2,0,3,6
203213,4,1,3,3,0,4,51
204127,4,1,3,3,0,4,19
111067,3,3,0,0,0,3,8
9606475,5,2,3,4,5,0,0
211110,2,2,0,0,0,2,14
9905330,3,3,0,0,0,3,28
9904362,1,1,0,0,0,1,2
108113,1,1,0,0,0,1,8
208113,6,1,5,10,0,6,33
9705289,0,0,0,0,0,0,0
110017,2,1,1,1,0,2,12
9909422,3,2,1,2,3,0,0
1269,1,1,0,0,0,1,7
9812228,0,0,0,0,0,0,0
9312336,1,1,0,0,1,0,0
9911216,0,0,0,0,0,0,0
3231,2,1,1,1,0,2,4
9306262,1,1,0,0,1,0,0
4189,2,2,0,0,2,0,0
9505294,0,0,0,0,0,0,0
1159,0,0,0,0,0,0,0
9910268,2,2,0,0,0,2,3
9811345,3,3,0,0,0,3,16
9907346,0,0,0,0,0,0,0
9808206,3,2,1,1,1,2,2
9217,3,3,0,0,0,3,38
9908420,1,1,0,0,0,1,2
10054,1,1,0,0,0,1,20
9907300,0,0,0,0,0,0,0
9912423,11,3,8,20,1,10,31
9267,0,0,0,0,0,0,0
9809401,1,1,0,0,1,0,0
9310321,2,2,0,0,2,0,0
108132,2,1,1,1,0,2,2
9709302,2,2,0,0,2,0,0
9509233,0,0,0,0,0,0,0
9609295,0,0,0,0,0,0,0
110148,4,2,2,2,0,4,8
103078,2,1,1,1,0,2,2
204150,2,1,1,1,0,2,6
9507280,2,2,0,0,0,2,2
105045,0,0,0,0,0,0,0
9905262,1,1,0,0,0,1,1
205176,2,1,1,1,0,2,4
206042,0,0,0,0,0,0,0
9903522,0,0,0,0,0,0,0
208249,3,3,0,0,0,3,23
9509280,1,1,0,0,1,0,0
9607486,4,1,3,5,0,4,4
9511232,1,1,0,0,0,1,2
9706527,1,1,0,0,1,0,0
9912534,1,1,0,0,0,1,4
9703415,3,1,2,2,0,3,3
9603415,2,1,1,1,2,0,0
206170,0,0,0,0,0,0,0
1084,2,2,0,0,0,2,9
9709407,0,0,0,0,0,0,0
9712416,1,1,0,0,0,1,1
9704444,2,1,1,1,0,2,7
103156,0,0,0,0,0,0,0
9901402,1,1,0,0,0,1,3
9004,3,1,2,3,3,0,0
9506224,1,1,0,0,1,0,0
109288,3,3,0,0,3,0,0
12257,2,1,1,1,1,1,1
205325,1,1,0,0,0,1,12
12253,3,2,1,1,0,3,6
110179,0,0,0,0,0,0,0
9910505,2,2,0,0,2,0,0
101095,0,0,0,0,0,0,0
9811342,1,1,0,0,0,1,1
203210,0,0,0,0,0,0,0
9706533,3,2,1,1,2,1,1
9403285,4,1,3,6,4,0,0
9804333,0,0,0,0,0,0,0
206033,1,1,0,0,0,1,11
205342,4,3,1,1,0,4,35
3061,1,1,0,0,1,0,0
9311203,1,1,0,0,1,0,0
9905431,0,0,0,0,0,0,0
104129,7,3,4,6,0,7,78
9903202,2,2,0,0,0,2,4
205014,2,2,0,0,0,2,13
9912219,0,0,0,0,0,0,0
9411436,0,0,0,0,0,0,0
9903286,0,0,0,0,0,0,0
9911405,1,1,0,0,0,1,5
111340,0,0,0,0,0,0,0
9612296,0,0,0,0,0,0,0
9810523,0,0,0,0,0,0,0
109256,6,2,4,7,0,6,15
9702387,1,1,0,0,1,0,0
3091,2,2,0,0,0,2,6
12045,0,0,0,0,0,0,0
9510400,0,0,0,0,0,0,0
9710464,2,1,1,1,0,2,2
9412342,1,1,0,0,1,0,0
206087,0,0,0,0,0,0,0
209199,1,1,0,0,0,1,1
9812321,2,2,0,0,0,2,2
9506353,0,0,0,0,0,0,0
9911387,1,1,0,0,0,1,4
210172,3,2,1,2,1,2,3
9711329,3,1,2,2,0,3,6
9502375,0,0,0,0,0,0,0
3103,1,1,0,0,1,0,0
202212,0,0,0,0,0,0,0
9302238,5,5,0,0,5,0,0
3200,0,0,0,0,0,0,0
9405248,0,0,0,0,0,0,0
12273,1,1,0,0,0,1,2
302155,0,0,0,0,0,0,0
9901407,4,1,3,6,0,4,10
103175,1,1,0,0,0,1,1
9306236,4,1,3,5,4,0,0
9211251,3,3,0,0,3,0,0
105193,1,1,0,0,0,1,1
9411244,3,3,0,0,3,0,0
9902361,8,1,7,16,1,7,25
9502381,1,1,0,0,1,0,0
9410276,1,1,0,0,0,1,3
10061,0,0,0,0,0,0,0
9612246,0,0,0,0,0,0,0
9810357,6,1,5,13,0,6,9
204237,2,1,1,1,0,2,2
302260,0,0,0,0,0,0,0
103272,2,2,0,0,1,1,1
210223,0,0,0,0,0,0,0
9507358,3,1,2,2,3,0,0
9312211,0,0,0,0,0,0,0
201285,1,1,0,0,0,1,17
9705377,5,1,4,7,0,5,5
9312241,1,1,0,0,1,0,0
9809589,1,1,0,0,0,1,4
111229,2,2,0,0,0,2,11
9506218,0,0,0,0,0,0,0
9408318,2,2,0,0,2,0,0
9907253,0,0,0,0,0,0,0
9905353,0,0,0,0,0,0,0
9412241,0,0,0,0,0,0,0
9707384,7,2,5,12,7,0,0
5235,2,1,1,1,0,2,14
9808361,0,0,0,0,0,0,0
9178,6,1,5,14,0,6,17
9703274,0,0,0,0,0,0,0
9804435,1,1,0,0,1,0,0
9807559,4,2,2,3,1,3,5
301262,0,0,0,0,0,0,0
9811423,1,1,0,0,0,1,2
5079,0,0,0,0,0,0,0
6064,2,1,1,1,1,1,1
106194,2,2,0,0,0,2,14
302237,0,0,0,0,0,0,0
8149,0,0,0,0,0,0,0
2210,0,0,0,0,0,0,0
9810488,0,0,0,0,0,0,0
9609347,1,1,0,0,0,1,3
205180,2,2,0,0,0,2,6
212208,1,1,0,0,1,0,0
9912246,1,1,0,0,0,1,2
9411441,0,0,0,0,0,0,0
9809316,0,0,0,0,0,0,0
9908287,3,2,1,1,0,3,9
9611394,2,1,1,1,2,0,0
103301,0,0,0,0,0,0,0
9903500,2,1,1,1,2,0,0
302038,0,0,0,0,0,0,0
9501345,3,3,0,0,3,0,0
9706217,1,1,0,0,0,1,3
5305,0,0,0,0,0,0,0
9310289,0,0,0,0,0,0,0
9511262,2,1,1,1,2,0,0
203144,2,2,0,0,0,2,4
9711235,1,1,0,0,1,0,0
9509387,0,0,0,0,0,0,0
6231,2,1,1,1,2,0,0
9805392,0,0,0,0,0,0,0
9812352,1,1,0,0,1,0,0
211232,0,0,0,0,0,0,0
9810296,3,1,2,2,2,1,1
101128,1,1,0,0,0,1,6
9507385,0,0,0,0,0,0,0
9902211,0,0,0,0,0,0,0
9707400,0,0,0,0,0,0,0
9905483,0,0,0,0,0,0,0
9605322,0,0,0,0,0,0,0
111365,0,0,0,0,0,0,0
9409230,0,0,0,0,0,0,0
201119,0,0,0,0,0,0,0
9608453,2,1,1,1,1,1,2
9905514,1,1,0,0,1,0,0
104114,0,0,0,0,0,0,0
9910432,1,1,0,0,0,1,3
8318,1,1,0,0,0,1,5
9606454,3,1,2,2,3,0,0
9905482,1,1,0,0,0,1,2
9503243,1,1,0,0,1,0,0
2083,0,0,0,0,0,0,0
204153,1,1,0,0,0,1,6
9601328,0,0,0,0,0,0,0
9904373,1,1,0,0,0,1,3
9612427,1,1,0,0,1,0,0
9402309,1,1,0,0,1,0,0
9905503,0,0,0,0,0,0,0
206210,0,0,0,0,0,0,0
301031,0,0,0,0,0,0,0
206159,1,1,0,0,0,1,4
9509227,5,3,2,2,5,0,0
11146,4,2,2,2,4,0,0
9810327,0,0,0,0,0,0,0
9907470,0,0,0,0,0,0,0
9233,0,0,0,0,0,0,0
9507448,0,0,0,0,0,0,0
208072,0,0,0,0,0,0,0
10018,1,1,0,0,1,0,0
9911261,2,2,0,0,2,0,0
205009,0,0,0,0,0,0,0
9412357,1,1,0,0,1,0,0
7014,1,1,0,0,0,1,3
10264,1,1,0,0,0,1,3
12071,0,0,0,0,0,0,0
212017,0,0,0,0,0,0,0
212294,0,0,0,0,0,0,0
209034,0,0,0,0,0,0,0
9708420,0,0,0,0,0,0,0
301099,0,0,0,0,0,0,0
203197,0,0,0,0,0,0,0
107251,1,1,0,0,0,1,8
302160,0,0,0,0,0,0,0
301233,0,0,0,0,0,0,0
110400,2,1,1,1,1,1,1
9708442,1,1,0,0,1,0,0
212354,0,0,0,0,0,0,0
9412221,0,0,0,0,0,0,0
210098,1,1,0,0,0,1,5
9912272,0,0,0,0,0,0,0
108149,1,1,0,0,1,0,0
202051,0,0,0,0,0,0,0
9512339,4,2,2,2,4,0,0
9907565,0,0,0,0,0,0,0
212244,0,0,0,0,0,0,0
9507338,1,1,0,0,0,1,2
9710467,0,0,0,0,0,0,0
110417,1,1,0,0,0,1,9
206158,1,1,0,0,0,1,6
9809334,0,0,0,0,0,0,0
101196,0,0,0,0,0,0,0
9411319,0,0,0,0,0,0,0
111177,0,0,0,0,0,0,0
202253,2,2,0,0,0,2,3
210288,1,1,0,0,0,1,10
109116,0,0,0,0,0,0,0
9404215,2,2,0,0,2,0,0
202075,0,0,0,0,0,0,0
301007,0,0,0,0,0,0,0
9407327,1,1,0,0,1,0,0
9712513,0,0,0,0,0,0,0
9612382,0,0,0,0,0,0,0
9305224,1,1,0,0,1,0,0
9607212,1,1,0,0,1,0,0
9401326,3,3,0,0,3,0,0
9708276,1,1,0,0,0,1,1
102008,1,1,0,0,0,1,1
9612255,0,0,0,0,0,0,0
9909308,0,0,0,0,0,0,0
108051,2,1,1,1,0,2,14
9802222,0,0,0,0,0,0,0
9910469,0,0,0,0,0,0,0
7092,2,2,0,0,0,2,18
9505408,1,1,0,0,1,0,0
9712443,2,2,0,0,2,0,0
9508375,0,0,0,0,0,0,0
9605210,2,1,1,1,2,0,0
210015,0,0,0,0,0,0,0
103245,2,1,1,1,0,2,7
9810207,0,0,0,0,0,0,0
9310204,1,1,0,0,1,0,0
9710394,3,2,1,1,3,0,0
207071,0,0,0,0,0,0,0
101174,0,0,0,0,0,0,0
205279,0,0,0,0,0,0,0
9707414,0,0,0,0,0,0,0
208236,0,0,0,0,0,0,0
8324,0,0,0,0,0,0,0
110030,0,0,0,0,0,0,0
202141,1,1,0,0,0,1,1
211303,1,1,0,0,0,1,6
212254,0,0,0,0,0,0,0
204214,2,1,1,1,1,1,1
9611403,0,0,0,0,0,0,0
8148,0,0,0,0,0,0,0
9907397,1,1,0,0,1,0,0
9811497,0,0,0,0,0,0,0
9510242,1,1,0,0,1,0,0
9609455,0,0,0,0,0,0,0
9605232,0,0,0,0,0,0,0
206254,0,0,0,0,0,0,0
9807409,1,1,0,0,0,1,6
9409415,1,1,0,0,1,0,0
9712460,0,0,0,0,0,0,0
101322,0,0,0,0,0,0,0
9905301,0,0,0,0,0,0,0
9712540,0,0,0,0,0,0,0
3239,4,1,3,6,0,4,16
9509243,1,1,0,0,0,1,1
9703202,1,1,0,0,1,0,0
2265,0,0,0,0,0,0,0
9701408,0,0,0,0,0,0,0
9608474,0,0,0,0,0,0,0
9808445,0,0,0,0,0,0,0
108263,1,1,0,0,0,1,10
206089,0,0,0,0,0,0,0
9404350,0,0,0,0,0,0,0
9910297,1,1,0,0,0,1,1
111110,2,1,1,1,0,2,2
9409214,0,0,0,0,0,0,0
302015,0,0,0,0,0,0,0
203248,0,0,0,0,0,0,0
9712522,1,1,0,0,1,0,0
302011,0,0,0,0,0,0,0
9810326,0,0,0,0,0,0,0
9310299,1,1,0,0,1,0,0
110018,0,0,0,0,0,0,0
9610340,0,0,0,0,0,0,0
9911416,1,1,0,0,1,0,0
9608451,1,1,0,0,1,0,0
1250,1,1,0,0,1,0,0
211445,0,0,0,0,0,0,0
210010,0,0,0,0,0,0,0
5304,0,0,0,0,0,0,0
206173,0,0,0,0,0,0,0
9710361,1,1,0,0,1,0,0
9307257,0,0,0,0,0,0,0
3121,0,0,0,0,0,0,0
212160,0,0,0,0,0,0,0
208172,0,0,0,0,0,0,0
9610338,0,0,0,0,0,0,0
210202,1,1,0,0,0,1,15
9807363,0,0,0,0,0,0,0
9510368,2,1,1,1,2,0,0
9902212,0,0,0,0,0,0,0
203100,0,0,0,0,0,0,0
207209,0,0,0,0,0,0,0
108133,0,0,0,0,0,0,0
2028,0,0,0,0,0,0,0
209268,1,1,0,0,0,1,2
6353,0,0,0,0,0,0,0
209298,0,0,0,0,0,0,0
104004,0,0,0,0,0,0,0
211396,0,0,0,0,0,0,0
206053,0,0,0,0,0,0,0
9907308,0,0,0,0,0,0,0
9804374,0,0,0,0,0,0,0
6258,0,0,0,0,0,0,0
9402290,0,0,0,0,0,0,0
212141,0,0,0,0,0,0,0
1198,0,0,0,0,0,0,0
204177,0,0,0,0,0,0,0
7153,0,0,0,0,0,0,0
9505363,0,0,0,0,0,0,0
9909346,1,1,0,0,0,1,1
209064,0,0,0,0,0,0,0
212266,0,0,0,0,0,0,0
9412330,0,0,0,0,0,0,0
9612350,0,0,0,0,0,0,0
209283,1,1,0,0,0,1,2
9912405,0,0,0,0,0,0,0
301198,0,0,0,0,0,0,0
6048,0,0,0,0,0,0,0
210248,0,0,0,0,0,0,0
111330,0,0,0,0,0,0,0
9601341,1,1,0,0,1,0,0
11073,0,0,0,0,0,0,0
9605396,0,0,0,0,0,0,0
7079,1,1,0,0,1,0,0
104287,0,0,0,0,0,0,0
9810274,0,0,0,0,0,0,0
205025,0,0,0,0,0,0,0
201057,0,0,0,0,0,0,0
6282,0,0,0,0,0,0,0
202060,0,0,0,0,0,0,0
212106,0,0,0,0,0,0,0
9409365,0,0,0,0,0,0,0
210270,0,0,0,0,0,0,0
9808473,0,0,0,0,0,0,0
11010,1,1,0,0,1,0,0
9811487,1,1,0,0,1,0,0
9510239,0,0,0,0,0,0,0
9905527,0,0,0,0,0,0,0
9410299,0,0,0,0,0,0,0
9610483,0,0,0,0,0,0,0
112164,0,0,0,0,0,0,0
302168,0,0,0,0,0,0,0
101072,0,0,0,0,0,0,0
9707230,0,0,0,0,0,0,0
9806502,0,0,0,0,0,0,0
204098,1,1,0,0,0,1,3
9506294,0,0,0,0,0,0,0
9709294,0,0,0,0,0,0,0
9708338,0,0,0,0,0,0,0
9069,0,0,0,0,0,0,0
8194,0,0,0,0,0,0,0
9806326,0,0,0,0,0,0,0
12054,0,0,0,0,0,0,0
111259,0,0,0,0,0,0,0
9911451,0,0,0,0,0,0,0
9314,0,0,0,0,0,0,0
110259,0,0,0,0,0,0,0
9803443,1,1,0,0,0,1,4
9404307,1,1,0,0,1,0,0
9303300,1,1,0,0,1,0,0
9503389,0,0,0,0,0,0,0
9808310,0,0,0,0,0,0,0
108200,0,0,0,0,0,0,0
9807285,0,0,0,0,0,0,0
105020,0,0,0,0,0,0,0
8032,1,1,0,0,1,0,0
208060,0,0,0,0,0,0,0
211298,0,0,0,0,0,0,0
203142,0,0,0,0,0,0,0
9502362,0,0,0,0,0,0,0
302033,0,0,0,0,0,0,0
9811389,0,0,0,0,0,0,0
9907441,0,0,0,0,0,0,0
302001,0,0,0,0,0,0,0
6315,0,0,0,0,0,0,0
207338,0,0,0,0,0,0,0
302084,0,0,0,0,0,0,0
5137,0,0,0,0,0,0,0
1284,1,1,0,0,1,0,0
9609514,0,0,0,0,0,0,0
9907566,0,0,0,0,0,0,0
9806459,1,1,0,0,1,0,0
110271,0,0,0,0,0,0,0
9505235,16,2,14,45,16,0,0
7038,14,4,10,36,0,14,61
9608365,25,1,24,166,0,25,127
9609437,13,1,12,30,0,13,55
9609326,13,3,10,22,0,13,62
9410404,14,2,12,45,14,0,0
9903289,7,3,4,6,0,7,17
9805254,32,3,29,131,0,32,142
9504316,60,2,58,683,8,52,146
9508343,73,2,71,843,10,63,210
9402224,11,3,8,23,11,0,0
9503463,35,1,34,236,20,15,15
9511261,8,1,7,11,1,7,20
9308363,32,5,27,123,3,29,29
9808272,49,1,48,263,2,47,107
9504246,51,1,50,437,1,50,50
9902215,12,1,11,28,12,0,0
9901318,20,2,18,60,0,20,102
9810505,11,2,9,16,0,11,40
9802209,30,8,22,113,1,29,279
9910230,20,1,19,69,1,19,50
9603378,69,1,68,674,5,64,70
9509423,29,3,26,106,29,0,0
9412385,43,1,42,208,0,43,86
12313,1,1,0,0,0,1,6
9809464,2,1,1,1,0,2,5
9502237,59,2,57,628,9,50,51
9703347,13,4,9,27,1,12,73
105306,5,2,3,5,0,5,13
9802361,20,2,18,55,0,20,73
12371,9,3,6,14,1,8,90
9812278,12,2,10,34,0,12,90
9609434,61,7,54,474,0,61,458
9706554,19,5,14,50,0,19,132
9905296,19,1,18,76,0,19,190
9902239,14,2,12,39,0,14,27
9903456,34,4,30,158,0,34,412
103299,8,1,7,22,0,8,16
2167,4,0,4,5,0,4,10
9910366,7,2,5,5,1,6,22
9509413,13,1,12,30,1,12,12
9512225,17,2,15,39,0,17,17
9206266,43,4,39,492,43,0,0
9205247,21,1,20,70,21,0,0
9409349,18,2,16,61,2,16,20
9605460,6,3,3,6,0,6,16
8099,4,2,2,3,0,4,13
9806342,11,3,8,22,0,11,56
9604272,10,2,8,17,2,8,21
9611432,3,1,2,3,0,3,8
9603270,4,1,3,4,1,3,3
9208220,8,6,2,7,8,0,0
102170,0,0,0,0,0,0,0
9712242,5,2,3,5,5,0,0
9310285,21,5,16,64,0,21,56
9603287,6,3,3,5,0,6,7
9502346,6,1,5,8,3,3,6
9402218,13,4,9,30,1,12,16
9608364,1,1,0,0,0,1,2
9406318,17,2,15,79,4,13,13
9308232,12,1,11,31,12,0,0
9403403,19,1,18,76,4,15,26
10234,7,1,6,7,0,7,59
9702376,39,3,36,245,2,37,95
9709417,15,1,14,75,0,15,100
11002,13,1,12,35,1,12,39
6148,2,1,1,1,0,2,6
9357,11,5,6,12,0,11,158
9908227,54,1,53,463,0,54,603
9212295,8,3,5,7,2,6,17
9905253,4,2,2,3,0,4,13
110107,1,1,0,0,0,1,8
9402311,0,0,0,0,0,0,0
9610518,8,2,6,16,0,8,23
9512230,19,1,18,106,19,0,0
9811353,39,1,38,261,0,39,144
9812345,3,1,2,3,0,3,24
4050,15,3,12,39,0,15,116
9603336,4,1,3,3,0,4,26
9604406,20,2,18,61,0,20,95
9312201,22,3,19,114,22,0,0
9809543,49,3,46,288,0,49,350
9906281,37,2,35,229,0,37,223
9802351,0,0,0,0,0,0,0
102085,2,2,0,0,1,1,1
9902203,5,1,4,7,2,3,4
9408352,18,3,15,58,3,15,21
9912318,4,2,2,2,0,4,8
9704443,7,1,6,21,7,0,0
9602323,13,2,11,23,3,10,10
9508288,21,1,20,95,0,21,53
9806472,5,2,3,3,0,5,20
9301242,15,1,14,79,15,0,0
9508321,38,4,34,284,1,37,61
9607292,15,1,14,49,15,0,0
9704335,8,2,6,6,8,0,0
105267,17,1,16,50,0,17,102
111243,4,3,1,1,0,4,21
9607433,17,2,15,57,17,0,0
9912275,2,2,0,0,0,2,7
105263,3,3,0,0,0,3,19
105331,0,0,0,0,0,0,0
9810319,10,2,8,29,2,8,20
9705240,16,1,15,62,0,16,33
9912463,22,1,21,75,1,21,131
9602315,4,1,3,3,3,1,1
9706334,14,3,11,17,0,14,65
9902323,47,3,44,379,0,47,169
9904267,44,6,38,227,0,44,330
9903358,56,3,53,389,0,56,153
211144,1,1,0,0,0,1,7
10031,4,2,2,3,0,4,33
201228,18,2,16,69,0,18,210
9909523,6,1,5,15,0,6,14
9511417,14,1,13,31,14,0,0
9903239,6,4,2,2,0,6,84
9904485,4,1,3,4,1,3,3
9705417,24,1,23,129,24,0,0
104041,33,2,31,227,0,33,41
9611310,7,3,4,6,1,6,10
9512364,19,6,13,44,19,0,0
9302292,10,3,7,22,10,0,0
9708485,3,1,2,2,0,3,5
9303241,24,2,22,96,11,13,13
10042,2,2,0,0,0,2,19
9903496,14,6,8,14,0,14,38
9706329,15,1,14,68,0,15,124
9707223,21,4,17,54,0,21,244
9602223,56,2,54,266,0,56,238
9905421,3,1,2,2,3,0,0
9304230,6,1,5,9,6,0,0
9608373,5,3,2,2,0,5,27
9505201,23,4,19,75,4,19,42
107271,5,2,3,5,0,5,43
8029,1,1,0,0,0,1,1
9707395,53,4,49,397,0,53,367
9612425,1,1,0,0,0,1,5
9803500,9,3,6,18,9,0,0
9406206,6,2,4,12,0,6,9
9506423,6,2,4,5,2,4,4
4087,10,2,8,20,0,10,78
1295,1,1,0,0,0,1,3
9711350,4,1,3,6,4,0,0
5128,1,1,0,0,1,0,0
9512406,51,7,44,301,11,40,74
9702227,7,3,4,8,0,7,29
9706511,17,2,15,46,0,17,53
9601285,10,1,9,21,3,7,16
9912271,7,4,3,6,0,7,39
105062,3,2,1,1,0,3,4
9503266,15,3,12,49,15,0,0
9405290,23,2,21,125,16,7,7
9607329,4,4,0,0,0,4,19
9606370,20,1,19,90,6,14,14
9809500,3,1,2,3,0,3,21
9412384,6,5,1,1,0,6,6
9711392,6,3,3,4,0,6,17
9403288,14,1,13,58,7,7,7
9408340,4,3,1,1,4,0,0
9407404,15,5,10,44,0,15,32
9902340,2,1,1,1,2,0,0
9806311,18,5,13,40,0,18,18
4048,6,1,5,14,0,6,30
9809501,1,1,0,0,0,1,1
9403378,22,1,21,95,1,21,21
9901362,9,3,6,10,0,9,151
9807557,4,1,3,5,0,4,25
112279,10,4,6,21,0,10,30
3187,14,2,12,40,0,14,111
9307297,13,3,10,21,13,0,0
9504248,59,1,58,450,2,57,116
9507354,9,5,4,6,2,7,7
9804313,0,0,0,0,0,0,0
11115,3,2,1,1,0,3,10
9607382,0,0,0,0,0,0,0
9812413,9,1,8,17,2,7,17
9408407,15,1,14,74,3,12,12
9410369,1,1,0,0,1,0,0
9348,2,2,0,0,0,2,15
9905552,7,2,5,8,0,7,38
9709361,1,1,0,0,0,1,1
9609462,9,3,6,10,0,9,84
106245,22,4,18,65,0,22,143
9501318,24,2,22,102,9,15,19
9710234,22,2,20,75,8,14,37
9304245,10,3,7,17,10,0,0
9309310,30,2,28,138,22,8,8
9406235,15,7,8,34,0,15,75
2130,6,3,3,6,0,6,9
9902251,4,1,3,3,0,4,8
9204214,31,2,29,138,31,0,0
9701389,10,1,9,15,1,9,17
9801305,5,1,4,7,1,4,5
9703291,8,1,7,13,2,6,6
9811434,3,2,1,1,0,3,17
9405374,4,2,2,3,0,4,4
9805343,3,1,2,2,3,0,0
9303219,3,2,1,1,2,1,1
9509201,16,1,15,59,2,14,14
9508272,7,3,4,13,0,7,64
10017,10,2,8,22,1,9,17
9602225,11,3,8,17,11,0,0
9711344,4,1,3,4,1,3,3
9806437,12,4,8,19,0,12,62
9612495,9,2,7,21,0,9,15
9909356,4,1,3,4,0,4,58
9801222,10,4,6,14,0,10,55
9507397,5,3,2,3,0,5,5
9311294,9,1,8,30,9,0,0
9712236,5,2,3,4,0,5,59
9806461,4,2,2,3,0,4,22
101251,2,1,1,1,0,2,6
111172,5,1,4,5,0,5,15
109239,0,0,0,0,0,0,0
9510259,11,1,10,25,0,11,11
9802376,2,2,0,0,2,0,0
9906366,10,2,8,23,0,10,53
9507225,9,1,8,19,2,7,10
9612413,11,3,8,27,1,10,18
202048,5,1,4,6,0,5,58
9512343,5,1,4,4,5,0,0
9302232,33,2,31,248,33,0,0
108071,38,4,34,218,0,38,383
9809538,4,2,2,2,0,4,12
108079,0,0,0,0,0,0,0
9605316,0,0,0,0,0,0,0
9602279,0,0,0,0,0,0,0
9709358,6,2,4,9,6,0,0
9610522,10,3,7,13,10,0,0
9803251,7,4,3,10,0,7,37
9604254,1,1,0,0,0,1,2
9903413,5,3,2,2,0,5,33
9802414,13,1,12,31,5,8,8
9508268,4,1,3,4,4,0,0
1274,16,1,15,66,0,16,71
102207,4,2,2,3,0,4,8
9606287,8,3,5,11,2,6,6
9912265,17,2,15,50,0,17,28
9308248,8,3,5,9,8,0,0
9611452,6,2,4,6,1,5,5
9603302,6,4,2,2,1,5,11
9601372,3,1,2,2,0,3,13
105188,10,3,7,20,4,6,12
110307,11,1,10,27,0,11,69
9910365,12,2,10,20,0,12,54
107233,6,5,1,1,0,6,31
110227,3,2,1,2,0,3,6
9805413,2,2,0,0,2,0,0
108005,11,1,10,28,11,0,0
203192,0,0,0,0,0,0,0
2245,1,1,0,0,0,1,7
205024,7,3,4,6,0,7,137
9707349,0,0,0,0,0,0,0
9607253,11,1,10,25,11,0,0
9211322,18,5,13,58,18,0,0
9405212,5,2,3,6,3,2,2
9509353,16,1,15,29,0,16,37
9910438,15,5,10,27,0,15,89
9504273,3,1,2,2,3,0,0
9712504,8,4,4,11,0,8,43
5118,7,3,4,11,0,7,112
9706496,6,1,5,8,0,6,7
9703318,8,2,6,11,0,8,25
9607485,14,1,13,27,2,12,36
9812215,1,1,0,0,0,1,3
9810220,3,2,1,1,0,3,13
9403217,3,1,2,2,0,3,3
9504245,9,1,8,29,9,0,0
9807510,1,1,0,0,0,1,1
9407338,16,2,14,68,16,0,0
9902368,6,1,5,10,0,6,35
103335,16,2,14,74,0,16,193
9807246,2,1,1,1,0,2,26
5080,10,3,7,20,0,10,205
7246,3,2,1,1,0,3,12
9905420,1,1,0,0,0,1,3
201306,1,1,0,0,0,1,2
202237,0,0,0,0,0,0,0
111287,2,2,0,0,0,2,4
8294,8,1,7,13,0,8,102
9811377,5,2,3,4,0,5,48
9709318,1,1,0,0,1,0,0
9504377,5,2,3,5,5,0,0
9206227,5,2,3,6,5,0,0
9908268,10,2,8,21,1,9,17
9502225,5,2,3,4,5,0,0
111156,2,1,1,1,0,2,7
3030,5,1,4,7,0,5,35
105192,4,2,2,3,0,4,18
11233,6,4,2,3,0,6,35
101142,3,2,1,1,0,3,5
9701234,7,3,4,5,2,5,6
9095,5,1,4,5,0,5,15
9510207,10,1,9,22,2,8,9
9402323,1,1,0,0,1,0,0
9211244,2,1,1,1,2,0,0
7127,2,1,1,1,0,2,7
9708256,2,2,0,0,0,2,5
9602310,1,1,0,0,0,1,1
9407204,10,3,7,13,10,0,0
9506345,4,3,1,1,4,0,0
9210241,11,2,9,29,11,0,0
9909477,14,1,13,60,0,14,79
2127,11,4,7,24,0,11,102
6292,1,1,0,0,0,1,4
9802406,13,2,11,35,0,13,26
107157,8,4,4,5,0,8,58
9808246,4,2,2,3,0,4,6
9503357,2,1,1,1,0,2,2
9411406,21,7,14,37,0,21,59
6040,4,1,3,3,0,4,36
9709453,15,3,12,40,1,14,61
9503341,1,1,0,0,0,1,2
9802319,2,1,1,1,0,2,2
9405324,5,1,4,5,5,0,0
9807294,5,3,2,2,0,5,5
9406330,1,1,0,0,0,1,1
9703235,3,3,0,0,0,3,13
9708262,6,4,2,2,3,3,3
9807393,5,1,4,6,0,5,50
9703436,17,4,13,37,0,17,83
9906336,1,1,0,0,0,1,1
2055,0,0,0,0,0,0,0
9802420,9,1,8,16,2,7,7
9704266,1,1,0,0,1,0,0
105235,1,1,0,0,1,0,0
105028,2,2,0,0,0,2,20
204270,2,1,1,1,2,0,0
203062,5,2,3,6,0,5,57
9207228,9,6,3,4,9,0,0
9803286,6,1,5,9,0,6,8
9812423,11,6,5,9,0,11,30
9701398,12,2,10,26,0,12,43
8263,4,2,2,5,0,4,38
7053,5,2,3,4,5,0,0
9906409,6,3,3,6,0,6,59
9809227,6,2,4,5,4,2,2
9704268,8,2,6,16,0,8,42
9810277,0,0,0,0,0,0,0
9803497,15,3,12,32,1,14,29
9209282,1,1,0,0,1,0,0
9706491,3,1,2,3,0,3,11
9810204,1,1,0,0,0,1,5
9405396,20,1,19,75,20,0,0
9901386,6,3,3,4,0,6,32
9705471,1,1,0,0,0,1,1
9908515,6,2,4,8,6,0,0
9705341,15,2,13,31,0,15,53
9706277,8,2,6,9,0,8,32
9605409,4,1,3,5,4,0,0
9501220,7,4,3,6,6,1,1
9808317,3,1,2,2,1,2,2
9602409,7,2,5,9,0,7,28
7361,0,0,0,0,0,0,0
1290,8,3,5,11,8,0,0
3114,16,3,13,44,0,16,59
2047,4,1,3,6,0,4,4
9512405,3,2,1,2,3,0,0
9702253,2,1,1,1,2,0,0
9908245,14,3,11,39,1,13,47
106320,6,1,5,7,0,6,23
209153,1,1,0,0,1,0,0
9307210,3,2,1,2,3,0,0
9204231,5,1,4,6,5,0,0
9809583,13,1,12,36,0,13,31
212015,0,0,0,0,0,0,0
103173,2,2,0,0,2,0,0
9903328,5,3,2,3,0,5,49
9405295,3,3,0,0,0,3,7
9812435,3,1,2,3,3,0,0
9910208,1,1,0,0,1,0,0
9706357,3,2,1,1,0,3,18
9706262,3,3,0,0,0,3,9
9903441,4,3,1,1,1,3,15
9078,2,2,0,0,0,2,3
9404325,4,1,3,3,3,1,1
9409320,7,4,3,3,7,0,0
9805417,2,1,1,1,2,0,0
9907417,3,3,0,0,0,3,12
9901345,1,1,0,0,0,1,6
9612329,2,1,1,1,2,0,0
9802215,0,0,0,0,0,0,0
203069,11,3,8,28,0,11,42
9806367,5,3,2,3,0,5,10
108178,6,1,5,11,6,0,0
8158,6,3,3,4,0,6,58
9402232,0,0,0,0,0,0,0
111198,2,1,1,1,0,2,32
10131,4,2,2,2,0,4,10
9508309,1,1,0,0,1,0,0
9603377,23,2,21,89,4,19,29
111106,1,1,0,0,0,1,5
108238,1,1,0,0,0,1,16
9505209,6,1,5,11,6,0,0
205160,2,1,1,1,0,2,27
108077,6,2,4,4,0,6,51
207219,2,1,1,1,0,2,11
9309336,3,1,2,3,3,0,0
9905278,0,0,0,0,0,0,0
104264,3,2,1,1,0,3,9
9212301,25,3,22,85,25,0,0
9809593,1,1,0,0,0,1,3
106055,6,4,2,2,0,6,27
9804450,4,3,1,3,0,4,51
9511212,2,1,1,1,2,0,0
9701246,4,3,1,1,3,1,2
9311350,3,3,0,0,3,0,0
9511350,2,2,0,0,1,1,1
9611324,5,3,2,2,0,5,61
9409221,4,2,2,4,1,3,3
9511459,2,2,0,0,0,2,2
9608329,3,1,2,2,0,3,15
9802331,1,1,0,0,0,1,8
9607384,4,1,3,5,1,3,5
9511285,1,1,0,0,0,1,1
9504231,5,3,2,2,2,3,3
9607284,4,2,2,2,4,0,0
9609430,2,2,0,0,0,2,51
9712371,10,2,8,17,3,7,8
9305347,1,1,0,0,1,0,0
9907248,1,1,0,0,0,1,4
9903548,1,1,0,0,1,0,0
9506301,0,0,0,0,0,0,0
102172,3,2,1,1,3,0,0
9911407,2,2,0,0,0,2,5
9401302,2,1,1,1,1,1,1
9707217,3,2,1,1,0,3,34
9605329,1,1,0,0,0,1,3
9301288,2,1,1,1,2,0,0
1143,3,1,2,3,3,0,0
202176,1,1,0,0,0,1,2
111254,4,3,1,1,0,4,24
203137,20,5,15,41,0,20,376
9609303,3,2,1,2,2,1,1
9608206,4,2,2,3,3,1,1
9702377,0,0,0,0,0,0,0
9704259,3,2,1,1,1,2,2
9811380,4,2,2,3,1,3,3
9609277,5,2,3,3,5,0,0
9701415,7,2,5,9,0,7,11
9612357,11,3,8,33,11,0,0
9904252,0,0,0,0,0,0,0
202101,2,2,0,0,0,2,26
7169,4,1,3,3,0,4,24
9309316,1,1,0,0,1,0,0
9311332,17,2,15,55,17,0,0
103086,5,2,3,4,0,5,16
111090,3,1,2,2,0,3,10
5085,4,3,1,1,0,4,5
9505407,7,3,4,9,1,6,6
9609370,6,4,2,2,2,4,4
9505399,3,2,1,1,3,0,0
110221,6,2,4,4,0,6,46
106174,2,2,0,0,0,2,11
9612458,4,1,3,3,1,3,5
103339,1,1,0,0,0,1,2
9612312,4,3,1,1,1,3,3
9807556,0,0,0,0,0,0,0
1163,2,2,0,0,0,2,11
112210,3,3,0,0,0,3,17
9812392,1,1,0,0,0,1,9
10217,5,1,4,7,0,5,16
9711496,1,1,0,0,0,1,3
9912228,2,2,0,0,0,2,5
203044,1,1,0,0,0,1,2
3067,2,2,0,0,0,2,5
202113,1,1,0,0,0,1,3
4141,1,1,0,0,0,1,5
1227,2,1,1,1,1,1,1
9503430,6,2,4,8,6,0,0
2091,8,1,7,10,0,8,41
9906363,2,2,0,0,0,2,4
204200,4,3,1,1,0,4,55
202138,3,1,2,2,0,3,19
9606439,1,1,0,0,1,0,0
9708228,5,1,4,5,0,5,27
9601245,1,1,0,0,0,1,1
104292,2,1,1,1,2,0,0
9308313,2,1,1,1,0,2,4
9710298,5,4,1,1,1,4,11
212092,4,1,3,4,0,4,33
9909459,4,3,1,1,2,2,2
9303277,5,2,3,7,5,0,0
9806380,1,1,0,0,0,1,3
9907415,1,1,0,0,0,1,1
9301216,1,1,0,0,1,0,0
9303248,5,3,2,2,5,0,0
9708291,1,1,0,0,1,0,0
9911329,0,0,0,0,0,0,0
9506292,2,2,0,0,1,1,1
1303,0,0,0,0,0,0,0
202042,1,1,0,0,0,1,3
9912308,1,1,0,0,0,1,1
111115,14,3,11,36,1,13,20
9803336,3,1,2,2,3,0,0
101341,0,0,0,0,0,0,0
9905279,1,1,0,0,0,1,4
9508286,4,2,2,2,2,2,2
10078,1,1,0,0,0,1,2
9809449,7,2,5,9,5,2,2
106152,0,0,0,0,0,0,0
9607301,1,1,0,0,0,1,2
9806353,5,2,3,6,0,5,9
9906403,0,0,0,0,0,0,0
9901266,6,1,5,10,0,6,24
9911435,1,1,0,0,0,1,3
102276,5,1,4,7,1,4,4
206011,1,1,0,0,0,1,18
9805273,1,1,0,0,0,1,1
9404333,5,3,2,3,0,5,12
9712327,1,1,0,0,0,1,3
112275,1,1,0,0,0,1,5
9809417,1,1,0,0,0,1,1
9611326,1,1,0,0,0,1,5
9403377,0,0,0,0,0,0,0
9306287,0,0,0,0,0,0,0
9802326,0,0,0,0,0,0,0
9304263,4,3,1,1,4,0,0
9812476,1,1,0,0,1,0,0
1304,4,2,2,4,0,4,19
112322,9,1,8,26,9,0,0
9511432,1,1,0,0,0,1,1
9704375,3,3,0,0,1,2,2
204337,6,1,5,14,0,6,16
9508285,0,0,0,0,0,0,0
6133,1,1,0,0,0,1,1
9602275,3,2,1,1,0,3,3
4062,4,1,3,6,4,0,0
9307275,1,1,0,0,1,0,0
4081,1,1,0,0,0,1,3
9310265,1,1,0,0,1,0,0
9806355,6,3,3,6,6,0,0
9712314,2,2,0,0,0,2,5
11167,2,1,1,1,0,2,8
9710232,9,2,7,22,2,7,7
9809310,10,2,8,18,0,10,18
9704290,2,2,0,0,1,1,4
9806426,2,1,1,1,2,0,0
9401310,16,4,12,53,16,0,0
9606286,2,1,1,1,1,1,1
9702202,1,1,0,0,0,1,4
9409310,8,2,6,9,8,0,0
208071,1,1,0,0,0,1,2
9709485,3,2,1,1,1,2,2
9803448,0,0,0,0,0,0,0
9511463,1,1,0,0,1,0,0
9412325,2,2,0,0,2,0,0
10347,0,0,0,0,0,0,0
9309323,3,2,1,1,3,0,0
9707329,0,0,0,0,0,0,0
9902236,8,1,7,11,2,6,9
9610243,2,2,0,0,0,2,9
9710231,0,0,0,0,0,0,0
9412297,2,2,0,0,2,0,0
9908398,2,2,0,0,0,2,6
9502255,6,1,5,9,0,6,21
9810236,0,0,0,0,0,0,0
101108,3,1,2,3,3,0,0
102335,1,1,0,0,0,1,1
204088,4,2,2,2,0,4,10
9806397,0,0,0,0,0,0,0
9708398,4,3,1,1,4,0,0
9904244,3,2,1,1,1,2,4
212144,0,0,0,0,0,0,0
9312217,3,1,2,3,3,0,0
104218,8,2,6,14,0,8,72
9906544,1,1,0,0,1,0,0
9811217,1,1,0,0,0,1,1
9511204,0,0,0,0,0,0,0
205238,0,0,0,0,0,0,0
9806520,1,1,0,0,0,1,9
9064,0,0,0,0,0,0,0
9510228,1,1,0,0,1,0,0
9907371,2,2,0,0,0,2,8
9099,0,0,0,0,0,0,0
9805457,1,1,0,0,0,1,12
9703247,3,2,1,1,3,0,0
9911536,0,0,0,0,0,0,0
9410398,2,2,0,0,0,2,3
9805362,1,1,0,0,1,0,0
9905502,0,0,0,0,0,0,0
204361,2,2,0,0,0,2,40
104261,9,2,7,19,1,8,32
10257,4,1,3,5,0,4,8
210039,0,0,0,0,0,0,0
206235,3,2,1,1,0,3,15
9707508,0,0,0,0,0,0,0
9709374,2,1,1,1,2,0,0
9912505,2,2,0,0,0,2,9
209010,5,1,4,5,0,5,31
9208256,3,1,2,2,3,0,0
9906502,3,1,2,3,0,3,12
9510434,0,0,0,0,0,0,0
9712229,2,1,1,1,0,2,10
110141,0,0,0,0,0,0,0
9609466,0,0,0,0,0,0,0
212292,1,1,0,0,0,1,9
203109,0,0,0,0,0,0,0
9708352,0,0,0,0,0,0,0
202092,0,0,0,0,0,0,0
108083,0,0,0,0,0,0,0
9304233,0,0,0,0,0,0,0
9405417,0,0,0,0,0,0,0
209049,0,0,0,0,0,0,0
204039,0,0,0,0,0,0,0
9806506,0,0,0,0,0,0,0
212101,0,0,0,0,0,0,0
210357,0,0,0,0,0,0,0
104148,3,1,2,3,0,3,15
9604305,4,2,2,2,1,3,3
12108,3,2,1,1,0,3,9
9508326,4,4,0,0,0,4,4
9911473,1,1,0,0,0,1,1
9310272,1,1,0,0,0,1,2
9711297,5,3,2,3,2,3,3
9907433,2,2,0,0,2,0,0
9707452,0,0,0,0,0,0,0
9404234,2,2,0,0,0,2,8
9408334,0,0,0,0,0,0,0
112055,1,1,0,0,0,1,1
107079,1,1,0,0,0,1,2
9307218,2,1,1,1,2,0,0
9707295,0,0,0,0,0,0,0
9606331,0,0,0,0,0,0,0
209252,1,1,0,0,0,1,3
111343,2,2,0,0,0,2,4
9907570,5,2,3,8,5,0,0
205143,7,4,3,3,0,7,69
107174,0,0,0,0,0,0,0
9603427,0,0,0,0,0,0,0
9511369,2,1,1,1,0,2,3
9705231,1,1,0,0,0,1,2
211320,0,0,0,0,0,0,0
9712441,1,1,0,0,0,1,2
9711502,1,1,0,0,1,0,0
111087,1,1,0,0,0,1,5
9812446,5,1,4,5,1,4,8
211351,0,0,0,0,0,0,0
9909327,0,0,0,0,0,0,0
9812262,0,0,0,0,0,0,0
11339,1,1,0,0,0,1,2
203064,1,1,0,0,0,1,3
201144,2,1,1,1,0,2,2
9611355,0,0,0,0,0,0,0
9804459,1,1,0,0,1,0,0
3152,2,1,1,1,2,0,0
211286,1,1,0,0,0,1,3
106216,2,1,1,1,0,2,4
9804338,2,1,1,1,0,2,10
9911466,0,0,0,0,0,0,0
103332,3,3,0,0,0,3,27
2121,0,0,0,0,0,0,0
9607281,2,2,0,0,0,2,4
9804378,2,2,0,0,1,1,2
9309242,2,1,1,1,2,0,0
9407234,2,2,0,0,2,0,0
9608282,0,0,0,0,0,0,0
103145,1,1,0,0,0,1,4
107120,0,0,0,0,0,0,0
203038,0,0,0,0,0,0,0
9708477,2,2,0,0,2,0,0
12227,2,1,1,1,0,2,13
204018,0,0,0,0,0,0,0
208086,2,2,0,0,0,2,10
302143,0,0,0,0,0,0,0
9409379,1,1,0,0,1,0,0
9807428,2,2,0,0,2,0,0
11005,0,0,0,0,0,0,0
105221,2,2,0,0,0,2,5
9902367,0,0,0,0,0,0,0
9207233,2,2,0,0,2,0,0
204064,2,2,0,0,0,2,10
9808381,0,0,0,0,0,0,0
9505233,3,1,2,2,3,0,0
9312363,2,2,0,0,0,2,2
9504383,2,2,0,0,0,2,10
9809447,2,1,1,1,0,2,4
105124,0,0,0,0,0,0,0
106054,2,1,1,1,2,0,0
9503472,1,1,0,0,1,0,0
9310240,1,1,0,0,1,0,0
9706434,0,0,0,0,0,0,0
205169,0,0,0,0,0,0,0
201250,2,1,1,1,0,2,8
9805213,2,2,0,0,0,2,8
9305231,1,1,0,0,1,0,0
4170,1,1,0,0,1,0,0
201002,0,0,0,0,0,0,0
9502361,3,3,0,0,3,0,0
9702338,3,3,0,0,3,0,0
211095,0,0,0,0,0,0,0
1314,0,0,0,0,0,0,0
211418,1,1,0,0,0,1,6
9605335,6,3,3,8,0,6,7
7325,6,1,5,10,0,6,32
9411205,3,1,2,2,0,3,5
9711505,0,0,0,0,0,0,0
9802325,5,3,2,3,2,3,5
9311230,1,1,0,0,1,0,0
9903228,0,0,0,0,0,0,0
9504416,0,0,0,0,0,0,0
211160,0,0,0,0,0,0,0
2222,4,1,3,3,0,4,7
9412321,2,2,0,0,2,0,0
9706481,0,0,0,0,0,0,0
9603369,1,1,0,0,0,1,1
209230,1,1,0,0,0,1,2
9611446,3,1,2,2,0,3,3
9804411,2,2,0,0,2,0,0
9510218,2,1,1,1,2,0,0
9807355,0,0,0,0,0,0,0
8098,0,0,0,0,0,0,0
9805207,4,2,2,2,0,4,10
9611279,0,0,0,0,0,0,0
9711269,1,1,0,0,0,1,7
105233,4,2,2,2,0,4,55
9304227,2,2,0,0,2,0,0
9701320,1,1,0,0,1,0,0
9612476,0,0,0,0,0,0,0
1053,0,0,0,0,0,0,0
9401257,1,1,0,0,1,0,0
9804404,5,1,4,8,5,0,0
6275,3,2,1,1,0,3,21
9804321,3,3,0,0,3,0,0
10164,3,1,2,3,3,0,0
9510245,3,2,1,1,3,0,0
212059,0,0,0,0,0,0,0
9504233,5,1,4,9,5,0,0
301055,1,1,0,0,0,1,9
9912469,1,1,0,0,0,1,2
5244,0,0,0,0,0,0,0
9912404,2,1,1,1,2,0,0
105016,3,1,2,2,0,3,15
302248,1,1,0,0,0,1,20
9503392,0,0,0,0,0,0,0
5299,0,0,0,0,0,0,0
9801221,0,0,0,0,0,0,0
9901368,0,0,0,0,0,0,0
110296,2,2,0,0,0,2,9
201255,0,0,0,0,0,0,0
9502282,8,1,7,11,8,0,0
9302255,2,2,0,0,2,0,0
9805265,0,0,0,0,0,0,0
204162,0,0,0,0,0,0,0
9906333,0,0,0,0,0,0,0
9607247,0,0,0,0,0,0,0
9905314,1,1,0,0,0,1,1
212175,1,1,0,0,0,1,6
103198,1,1,0,0,0,1,7
9811394,0,0,0,0,0,0,0
1065,1,1,0,0,0,1,8
9302294,3,3,0,0,3,0,0
9512310,1,1,0,0,0,1,1
7122,2,1,1,1,2,0,0
2271,3,1,2,2,0,3,7
9504389,0,0,0,0,0,0,0
302075,0,0,0,0,0,0,0
9902424,0,0,0,0,0,0,0
10154,1,1,0,0,0,1,10
106129,0,0,0,0,0,0,0
208106,0,0,0,0,0,0,0
9207244,1,1,0,0,1,0,0
9205208,1,1,0,0,1,0,0
9605355,0,0,0,0,0,0,0
9509401,2,1,1,1,2,0,0
212033,0,0,0,0,0,0,0
9506331,2,2,0,0,2,0,0
9505257,1,1,0,0,0,1,3
9906535,1,1,0,0,0,1,1
9806439,1,1,0,0,0,1,2
9706406,1,1,0,0,0,1,2
9905517,1,1,0,0,1,0,0
204235,0,0,0,0,0,0,0
9411313,0,0,0,0,0,0,0
9609219,3,1,2,3,2,1,1
9910243,1,1,0,0,0,1,1
9802418,3,2,1,1,3,0,0
202114,0,0,0,0,0,0,0
9811220,0,0,0,0,0,0,0
207086,1,1,0,0,0,1,5
9910515,0,0,0,0,0,0,0
9808402,0,0,0,0,0,0,0
111408,0,0,0,0,0,0,0
9501363,0,0,0,0,0,0,0
9903442,1,1,0,0,1,0,0
302205,0,0,0,0,0,0,0
101027,2,2,0,0,2,0,0
9812314,0,0,0,0,0,0,0
9705434,1,1,0,0,0,1,1
9607459,4,2,2,2,4,0,0
212139,0,0,0,0,0,0,0
9906289,0,0,0,0,0,0,0
301184,0,0,0,0,0,0,0
104252,0,0,0,0,0,0,0
112238,2,2,0,0,0,2,24
12340,2,2,0,0,0,2,11
110394,0,0,0,0,0,0,0
9709508,4,2,2,3,0,4,4
9710498,0,0,0,0,0,0,0
9611434,5,1,4,5,2,3,3
1246,0,0,0,0,0,0,0
7210,3,2,1,1,1,2,3
201265,2,2,0,0,0,2,21
9803211,0,0,0,0,0,0,0
206005,4,1,3,3,0,4,18
9811399,1,1,0,0,1,0,0
212069,0,0,0,0,0,0,0
104139,0,0,0,0,0,0,0
9610538,1,1,0,0,1,0,0
210418,0,0,0,0,0,0,0
110011,1,1,0,0,0,1,2
110261,1,1,0,0,1,0,0
9803484,1,1,0,0,1,0,0
9212311,2,2,0,0,2,0,0
6117,0,0,0,0,0,0,0
12228,0,0,0,0,0,0,0
9604374,0,0,0,0,0,0,0
9506396,0,0,0,0,0,0,0
9511472,0,0,0,0,0,0,0
9707416,0,0,0,0,0,0,0
9804427,0,0,0,0,0,0,0
207168,0,0,0,0,0,0,0
9412396,0,0,0,0,0,0,0
9229,0,0,0,0,0,0,0
107140,1,1,0,0,1,0,0
109201,1,1,0,0,0,1,11
110157,0,0,0,0,0,0,0
211454,0,0,0,0,0,0,0
9307264,1,1,0,0,1,0,0
104136,1,1,0,0,1,0,0
9508216,0,0,0,0,0,0,0
207147,0,0,0,0,0,0,0
105012,0,0,0,0,0,0,0
302197,0,0,0,0,0,0,0
109039,0,0,0,0,0,0,0
105022,1,1,0,0,0,1,3
9302245,1,1,0,0,1,0,0
9709313,0,0,0,0,0,0,0
9705443,0,0,0,0,0,0,0
9703451,0,0,0,0,0,0,0
9804390,0,0,0,0,0,0,0
112346,1,1,0,0,0,1,12
9612417,0,0,0,0,0,0,0
7321,2,1,1,1,0,2,2
208203,1,1,0,0,0,1,15
9910383,0,0,0,0,0,0,0
9505208,0,0,0,0,0,0,0
204110,0,0,0,0,0,0,0
9711295,3,3,0,0,3,0,0
8031,0,0,0,0,0,0,0
9806463,0,0,0,0,0,0,0
9901223,0,0,0,0,0,0,0
211428,1,1,0,0,0,1,7
9608349,1,1,0,0,0,1,3
9511467,0,0,0,0,0,0,0
9811445,0,0,0,0,0,0,0
11075,1,1,0,0,0,1,1
211327,0,0,0,0,0,0,0
9707544,0,0,0,0,0,0,0
4261,0,0,0,0,0,0,0
108082,0,0,0,0,0,0,0
212187,0,0,0,0,0,0,0
9706340,1,1,0,0,0,1,5
110182,0,0,0,0,0,0,0
9705325,0,0,0,0,0,0,0
110290,1,1,0,0,0,1,1
9907395,0,0,0,0,0,0,0
9708202,0,0,0,0,0,0,0
108158,0,0,0,0,0,0,0
109054,2,1,1,1,2,0,0
9906454,0,0,0,0,0,0,0
9912288,2,2,0,0,2,0,0
9506230,0,0,0,0,0,0,0
9805320,0,0,0,0,0,0,0
9502326,0,0,0,0,0,0,0
204035,0,0,0,0,0,0,0
212097,2,1,1,1,0,2,26
1016,2,1,1,1,0,2,8
10084,0,0,0,0,0,0,0
111204,0,0,0,0,0,0,0
9606441,1,1,0,0,1,0,0
9407361,0,0,0,0,0,0,0
9811241,1,1,0,0,1,0,0
9311224,1,1,0,0,0,1,1
9077,3,1,2,3,0,3,21
207027,1,1,0,0,0,1,4
204247,0,0,0,0,0,0,0
212403,0,0,0,0,0,0,0
9502325,0,0,0,0,0,0,0
9311223,0,0,0,0,0,0,0
301082,0,0,0,0,0,0,0
12270,0,0,0,0,0,0,0
211269,0,0,0,0,0,0,0
9212247,1,1,0,0,1,0,0
8216,1,1,0,0,1,0,0
203145,2,2,0,0,0,2,4
12209,1,1,0,0,0,1,1
9712311,0,0,0,0,0,0,0
210166,0,0,0,0,0,0,0
9508389,0,0,0,0,0,0,0
9910564,0,0,0,0,0,0,0
102088,0,0,0,0,0,0,0
9812400,1,1,0,0,1,0,0
9712529,0,0,0,0,0,0,0
9703376,0,0,0,0,0,0,0
102258,0,0,0,0,0,0,0
5229,1,1,0,0,0,1,3
9909290,1,1,0,0,1,0,0
102202,0,0,0,0,0,0,0
9808214,2,2,0,0,2,0,0
1186,0,0,0,0,0,0,0
9605205,1,1,0,0,0,1,1
9904482,0,0,0,0,0,0,0
210355,0,0,0,0,0,0,0
9608425,0,0,0,0,0,0,0
103098,0,0,0,0,0,0,0
205096,0,0,0,0,0,0,0
210259,0,0,0,0,0,0,0
110244,2,1,1,1,0,2,8
9902366,1,1,0,0,1,0,0
9912375,1,1,0,0,0,1,1
4036,0,0,0,0,0,0,0
208232,0,0,0,0,0,0,0
209218,0,0,0,0,0,0,0
9807437,0,0,0,0,0,0,0
9511450,0,0,0,0,0,0,0
9310362,0,0,0,0,0,0,0
212073,0,0,0,0,0,0,0
109022,0,0,0,0,0,0,0
9902213,0,0,0,0,0,0,0
101355,1,1,0,0,1,0,0
5068,0,0,0,0,0,0,0
207029,0,0,0,0,0,0,0
9406314,0,0,0,0,0,0,0
9702268,0,0,0,0,0,0,0
9907220,0,0,0,0,0,0,0
107090,0,0,0,0,0,0,0
210188,0,0,0,0,0,0,0
9904231,2,2,0,0,2,0,0
9506363,0,0,0,0,0,0,0
9605290,1,1,0,0,1,0,0
103232,0,0,0,0,0,0,0
9603299,0,0,0,0,0,0,0
206083,1,1,0,0,1,0,0
9411400,1,1,0,0,1,0,0
9405221,1,1,0,0,1,0,0
210432,0,0,0,0,0,0,0
206282,0,0,0,0,0,0,0
1094,0,0,0,0,0,0,0
211125,0,0,0,0,0,0,0
301058,1,1,0,0,0,1,4
109275,1,1,0,0,1,0,0
7229,0,0,0,0,0,0,0
102104,0,0,0,0,0,0,0
9407321,1,1,0,0,1,0,0
211107,1,1,0,0,0,1,2
9706495,0,0,0,0,0,0,0
10168,0,0,0,0,0,0,0
204013,1,1,0,0,0,1,2
9505375,0,0,0,0,0,0,0
9354,0,0,0,0,0,0,0
9912477,0,0,0,0,0,0,0
9708333,0,0,0,0,0,0,0
212267,0,0,0,0,0,0,0
9907448,0,0,0,0,0,0,0
8162,1,1,0,0,0,1,1
9704397,1,1,0,0,1,0,0
111111,0,0,0,0,0,0,0
9410410,1,1,0,0,1,0,0
112271,0,0,0,0,0,0,0
9807232,0,0,0,0,0,0,0
207212,0,0,0,0,0,0,0
212325,0,0,0,0,0,0,0
106122,0,0,0,0,0,0,0
9911301,1,1,0,0,0,1,2
9401223,0,0,0,0,0,0,0
9710290,1,1,0,0,1,0,0
207150,0,0,0,0,0,0,0
9309215,1,1,0,0,1,0,0
9608408,0,0,0,0,0,0,0
110100,0,0,0,0,0,0,0
9811517,0,0,0,0,0,0,0
9612379,0,0,0,0,0,0,0
212188,0,0,0,0,0,0,0
211240,0,0,0,0,0,0,0
9407348,1,1,0,0,1,0,0
110264,0,0,0,0,0,0,0
9507392,0,0,0,0,0,0,0
205178,0,0,0,0,0,0,0
8253,0,0,0,0,0,0,0
207233,0,0,0,0,0,0,0
209157,0,0,0,0,0,0,0
9507313,0,0,0,0,0,0,0
9206234,1,1,0,0,1,0,0
112215,0,0,0,0,0,0,0
12243,0,0,0,0,0,0,0
210184,0,0,0,0,0,0,0
204019,0,0,0,0,0,0,0
9811424,0,0,0,0,0,0,0
206264,1,1,0,0,1,0,0
9910487,0,0,0,0,0,0,0
9067,0,0,0,0,0,0,0
9408259,0,0,0,0,0,0,0
208245,0,0,0,0,0,0,0
9809299,0,0,0,0,0,0,0
211084,0,0,0,0,0,0,0
9709435,0,0,0,0,0,0,0
207316,0,0,0,0,0,0,0
302144,0,0,0,0,0,0,0
301076,0,0,0,0,0,0,0
9503378,1,1,0,0,1,0,0
111417,0,0,0,0,0,0,0
106133,0,0,0,0,0,0,0
201269,0,0,0,0,0,0,0
9309318,0,0,0,0,0,0,0
9606402,14,2,12,31,3,11,11
7256,11,2,9,26,0,11,34
9701278,12,1,11,43,0,12,90
9311370,13,2,11,48,13,0,0
9611316,11,4,7,13,0,11,60
9505433,38,2,36,288,38,0,0
105325,5,3,2,2,0,5,27
9805478,7,2,5,11,0,7,28
9609331,59,1,58,586,0,59,319
9812472,54,3,51,364,0,54,447
9603434,1,1,0,0,0,1,1
9505251,30,1,29,168,3,27,57
9610383,2,1,1,1,1,1,1
9507462,33,5,28,78,4,29,80
9808293,67,4,63,609,2,65,154
9504342,65,3,62,560,65,0,0
9904474,11,2,9,26,0,11,38
9902293,11,5,6,13,0,11,98
9505359,45,3,42,233,45,0,0
9812381,15,2,13,53,0,15,125
102306,1,1,0,0,0,1,1
9604444,18,2,16,63,0,18,74
9709438,13,2,11,41,1,12,29
9504292,36,3,33,124,0,36,166
9809587,4,2,2,2,0,4,18
9602399,1,1,0,0,1,0,0
9505248,79,3,76,860,79,0,0
9704257,8,1,7,19,0,8,69
12197,4,1,3,6,0,4,10
9802433,47,1,46,408,0,47,401
102017,14,2,12,34,0,14,135
112129,6,2,4,8,0,6,21
9609444,47,6,41,307,0,47,388
9707302,11,1,10,24,0,11,86
9909478,12,5,7,12,0,12,162
112089,1,1,0,0,0,1,23
9501287,37,2,35,228,37,0,0
9806308,33,4,29,121,0,33,369
108226,2,2,0,0,0,2,11
9406428,16,1,15,74,3,13,13
9610345,39,1,38,214,4,35,45
9601360,21,2,19,100,3,18,31
9302210,68,6,62,729,12,56,142
9208205,18,3,15,38,2,16,16
9411307,20,1,19,65,3,17,42
9602334,10,4,6,17,0,10,25
3028,9,2,7,21,0,9,14
9806344,17,2,15,50,7,10,10
9311290,23,1,22,74,23,0,0
9705389,4,2,2,5,1,3,11
9609468,3,2,1,2,1,2,4
9404344,4,2,2,4,0,4,4
9904398,1,1,0,0,1,0,0
9803485,6,3,3,7,6,0,0
9312306,16,5,11,25,0,16,30
9607293,8,2,6,14,8,0,0
9506476,6,1,5,8,3,3,3
9411375,4,1,3,4,0,4,9
9307269,5,4,1,1,5,0,0
9408276,44,1,43,332,44,0,0
9408262,10,1,9,19,2,8,8
9405240,13,3,10,28,5,8,8
10294,6,5,1,1,0,6,61
9708426,23,2,21,90,2,21,84
9709443,10,1,9,37,0,10,74
9611213,13,1,12,38,7,6,6
9803445,17,1,16,47,0,17,94
10321,19,1,18,55,0,19,182
9910254,31,2,29,157,0,31,457
9302265,10,3,7,11,0,10,15
9908320,8,3,5,8,0,8,33
105150,21,3,18,47,0,21,252
9206209,3,2,1,1,3,0,0
9702300,4,2,2,3,0,4,24
9607421,16,2,14,78,1,15,15
9811356,99,2,97,1315,0,99,532
9904438,3,1,2,3,0,3,18
5031,11,4,7,17,0,11,56
9605351,3,3,0,0,0,3,21
9606325,9,3,6,8,0,9,57
9412209,16,2,14,81,16,0,0
9809572,46,7,39,258,0,46,370
9906362,10,2,8,24,0,10,117
9403395,4,2,2,3,4,0,0
10153,3,2,1,1,3,0,0
9902243,8,1,7,13,0,8,22
9409203,14,3,11,34,0,14,28
9603244,11,1,10,28,11,0,0
9902399,12,2,10,37,6,6,6
9608251,38,2,36,234,7,31,31
9510303,9,2,7,18,1,8,8
9609428,20,3,17,69,0,20,34
9303207,18,4,14,90,1,17,60
9706509,25,3,22,108,0,25,57
9704361,39,1,38,274,1,38,119
9709322,19,3,16,43,5,14,20
108192,6,2,4,5,0,6,84
9707546,23,2,21,102,1,22,78
9803309,9,1,8,27,2,7,14
9504353,14,1,13,27,14,0,0
7201,8,2,6,9,1,7,7
8152,13,3,10,31,0,13,30
9905391,7,3,4,7,0,7,22
9708255,14,3,11,41,1,13,39
9912516,26,2,24,104,3,23,77
9602316,3,2,1,2,2,1,1
9909310,4,2,2,2,0,4,22
9903224,14,2,12,18,0,14,166
9904380,31,3,28,193,0,31,597
9911371,18,8,10,32,0,18,227
211156,1,1,0,0,0,1,16
209295,2,1,1,1,0,2,38
201248,23,4,19,96,0,23,258
9911262,34,1,33,221,1,33,52
9512428,12,1,11,26,12,0,0
9903475,39,2,37,359,0,39,603
9904495,6,1,5,7,1,5,8
9709364,31,1,30,182,1,30,81
106166,59,2,57,502,0,59,286
9302307,36,4,32,228,29,7,7
9804354,23,3,20,75,6,17,17
9602233,9,4,5,7,0,9,22
9902428,2,2,0,0,0,2,11
9303249,23,2,21,93,11,12,12
10107,1,1,0,0,0,1,12
9908384,8,1,7,9,0,8,14
9808332,14,2,12,41,0,14,169
9411365,102,7,95,1058,0,102,450
9610401,10,3,7,14,0,10,40
9810235,6,3,3,5,0,6,51
9306321,3,2,1,1,0,3,8
9906457,2,2,0,0,1,1,1
9505333,7,6,1,1,0,7,20
110020,4,2,2,3,0,4,72
9807238,2,1,1,1,1,1,1
9710545,15,2,13,39,0,15,92
9311349,5,1,4,10,5,0,0
9912326,10,2,8,31,10,0,0
9409427,4,2,2,4,0,4,12
9506442,5,3,2,2,0,5,8
9907509,20,3,17,53,0,20,153
9801330,7,3,4,6,3,4,6
9611400,1,1,0,0,0,1,1
9812404,4,3,1,1,1,3,5
9701289,44,9,35,220,1,43,216
9707276,3,2,1,1,0,3,16
9707208,16,4,12,25,1,15,29
9511397,37,4,33,209,3,34,94
9812513,9,4,5,8,0,9,38
106347,8,2,6,11,0,8,73
9911276,3,2,1,2,0,3,46
9504357,8,2,6,22,8,0,0
9608310,5,2,3,3,0,5,35
9610242,7,1,6,16,7,0,0
9812348,3,1,2,2,0,3,14
9302249,9,3,6,7,9,0,0
9710401,53,3,50,411,0,53,681
9509294,13,2,11,64,0,13,34
9506454,8,4,4,8,0,8,15
9308208,17,3,14,67,9,8,8
110189,0,0,0,0,0,0,0
9809424,4,2,2,2,0,4,8
4049,18,3,15,73,1,17,50
9708301,2,1,1,1,2,0,0
9406258,30,1,29,181,5,25,25
9612282,2,2,0,0,0,2,22
9809304,6,3,3,6,0,6,44
9606486,19,1,18,77,19,0,0
4127,13,1,12,41,0,13,122
9407368,3,2,1,2,0,3,16
9505391,37,2,35,231,0,37,129
9406212,10,3,7,14,10,0,0
9511419,2,1,1,1,0,2,4
102152,6,3,3,6,1,5,8
9212224,6,4,2,3,6,0,0
9912274,8,1,7,8,0,8,20
9407296,15,5,10,31,0,15,56
9309269,4,3,1,1,1,3,3
11083,2,2,0,0,0,2,18
5309,14,2,12,33,0,14,113
9409399,0,0,0,0,0,0,0
9612405,5,2,3,5,0,5,20
104076,11,1,10,26,0,11,32
9501357,17,3,14,38,2,15,24
9905358,9,2,7,19,0,9,35
9304272,6,3,3,5,6,0,0
9312341,14,5,9,18,1,13,33
9407317,21,7,14,57,1,20,58
3012,10,3,7,14,0,10,55
9606256,10,1,9,26,0,10,45
9305232,26,2,24,87,0,26,26
9703403,3,2,1,1,0,3,13
6045,4,3,1,1,0,4,20
9706227,8,1,7,10,2,6,12
5074,1,1,0,0,0,1,7
9509323,2,1,1,1,0,2,2
9710418,5,1,4,10,0,5,18
9205222,2,1,1,1,2,0,0
9511431,7,1,6,15,0,7,16
9508303,6,4,2,7,0,6,57
9812455,15,3,12,61,2,13,20
9603308,11,2,9,16,3,8,15
9711345,6,1,5,7,3,3,3
9707319,6,2,4,9,0,6,27
9804300,5,1,4,8,5,0,0
207191,1,1,0,0,1,0,0
9802412,10,7,3,6,0,10,57
9407251,16,5,11,53,0,16,47
9409446,11,1,10,34,0,11,19
9807443,32,4,28,120,0,32,407
9811255,2,1,1,1,0,2,13
103044,6,2,4,7,1,5,14
8056,15,2,13,31,5,10,10
3181,4,3,1,1,4,0,0
9704412,35,1,34,217,10,25,25
9712347,4,4,0,0,3,1,1
9809307,5,1,4,6,0,5,5
9610533,5,2,3,5,0,5,10
209129,0,0,0,0,0,0,0
202269,3,2,1,1,0,3,40
9602373,6,4,2,2,2,4,4
9711387,25,2,23,141,0,25,100
108102,16,3,13,58,0,16,113
9709305,3,2,1,1,0,3,4
106237,1,1,0,0,1,0,0
9402292,2,1,1,1,2,0,0
9206257,3,3,0,0,3,0,0
9811206,2,1,1,1,0,2,5
9612265,7,1,6,10,1,6,10
9903329,3,1,2,2,0,3,9
9605392,17,3,14,47,0,17,59
9904417,4,3,1,1,0,4,8
9808467,15,1,14,44,2,13,21
9604275,1,1,0,0,0,1,1
2050,16,2,14,53,0,16,212
107181,2,1,1,1,0,2,9
9704447,10,2,8,16,2,8,12
8143,12,3,9,28,0,12,96
9405288,3,1,2,2,1,2,2
9702354,12,2,10,31,0,12,46
9804323,2,1,1,1,0,2,2
9402284,3,1,2,3,3,0,0
107011,4,2,2,4,0,4,4
112060,6,2,4,10,1,5,27
3189,1,1,0,0,0,1,4
204062,1,1,0,0,0,1,4
11092,10,4,6,15,1,9,10
9312346,2,2,0,0,2,0,0
110366,8,1,7,14,1,7,7
103251,8,3,5,10,0,8,29
9912494,3,2,1,2,0,3,21
205122,3,1,2,2,0,3,39
9807537,1,1,0,0,0,1,5
9804309,13,3,10,27,3,10,10
102050,0,0,0,0,0,0,0
9605219,10,2,8,31,0,10,21
9403256,44,3,41,214,44,0,0
9809425,8,2,6,17,0,8,25
9608287,0,0,0,0,0,0,0
9610523,2,1,1,1,0,2,6
103294,11,4,7,23,0,11,132
9708212,5,1,4,6,0,5,20
9708405,6,5,1,2,0,6,31
9702390,4,1,3,3,0,4,19
9206204,2,1,1,1,2,0,0
9908280,2,2,0,0,0,2,4
9503327,0,0,0,0,0,0,0
9504374,11,1,10,36,11,0,0
9206232,3,2,1,2,3,0,0
9505262,18,1,17,72,2,16,25
9903371,6,1,5,13,0,6,21
1142,19,2,17,98,0,19,60
9811248,7,3,4,6,0,7,113
9906310,13,3,10,19,0,13,91
201287,1,1,0,0,1,0,0
9511323,3,1,2,3,0,3,3
209219,3,2,1,2,0,3,10
101180,6,3,3,3,0,6,26
111288,2,2,0,0,0,2,3
9272,2,1,1,1,0,2,6
9303307,4,4,0,0,0,4,6
9701344,2,1,1,1,2,0,0
9908230,4,4,0,0,0,4,13
9206240,3,1,2,3,3,0,0
9503427,1,1,0,0,1,0,0
9702305,9,3,6,7,0,9,28
102021,8,1,7,14,0,8,25
9912410,3,3,0,0,0,3,9
203047,3,2,1,1,0,3,11
9801246,10,1,9,26,2,8,10
9910262,5,2,3,5,5,0,0
104170,0,0,0,0,0,0,0
102039,2,2,0,0,0,2,6
201143,4,1,3,3,4,0,0
9307254,3,3,0,0,3,0,0
9404279,5,2,3,4,5,0,0
110005,1,1,0,0,0,1,2
101029,0,0,0,0,0,0,0
9510219,4,3,1,1,1,3,3
9507271,21,3,18,51,14,7,14
9802356,2,1,1,1,0,2,2
9710337,14,2,12,44,14,0,0
9911315,15,1,14,51,0,15,60
9812514,8,1,7,23,0,8,30
8289,1,1,0,0,0,1,6
9804397,11,3,8,16,0,11,39
110029,3,2,1,1,0,3,23
9809418,3,2,1,1,0,3,10
9512279,1,1,0,0,1,0,0
9603440,12,3,9,23,0,12,47
12044,2,1,1,1,2,0,0
9711503,2,1,1,1,0,2,4
9212236,12,3,9,24,12,0,0
9209253,4,2,2,3,4,0,0
9406264,2,2,0,0,0,2,3
9809539,1,1,0,0,0,1,4
9708283,3,1,2,2,0,3,15
9708304,2,1,1,1,2,0,0
9510346,4,1,3,4,4,0,0
9807508,5,4,1,1,0,5,34
9811440,2,1,1,1,0,2,11
9810307,7,2,5,17,0,7,28
9801234,2,1,1,1,0,2,12
9802436,6,2,4,6,0,6,11
9610427,3,1,2,2,0,3,13
107280,1,1,0,0,1,0,0
203158,0,0,0,0,0,0,0
210241,1,1,0,0,0,1,1
203179,1,1,0,0,0,1,8
3176,1,1,0,0,0,1,1
9806268,8,3,5,12,1,7,14
9908464,6,3,3,5,5,1,1
9604439,1,1,0,0,0,1,1
9266,3,1,2,3,0,3,21
9807565,10,2,8,24,10,0,0
9912379,20,1,19,67,0,20,164
9402256,5,2,3,6,5,0,0
9706417,12,2,10,26,0,12,58
9706203,6,4,2,2,0,6,42
9806298,14,3,11,31,1,13,44
9308227,5,1,4,5,5,0,0
9906515,2,1,1,1,0,2,6
210362,0,0,0,0,0,0,0
9407249,17,1,16,57,17,0,0
105283,1,1,0,0,0,1,4
103046,1,1,0,0,0,1,10
9909240,2,1,1,1,0,2,2
9704243,9,3,6,8,9,0,0
9803458,2,1,1,1,0,2,6
9705224,3,1,2,2,0,3,3
9709474,4,1,3,4,1,3,6
9606300,1,1,0,0,0,1,1
9512301,4,1,3,5,0,4,8
9908331,1,1,0,0,1,0,0
105073,3,2,1,1,0,3,3
9704301,19,1,18,70,13,6,6
112354,2,1,1,1,0,2,6
9301231,4,3,1,2,1,3,3
210359,0,0,0,0,0,0,0
9610371,2,1,1,1,2,0,0
107297,1,1,0,0,0,1,6
9906520,2,2,0,0,2,0,0
9608476,1,1,0,0,1,0,0
9603325,4,1,3,5,4,0,0
9811295,6,2,4,8,0,6,27
201142,2,1,1,1,2,0,0
3125,3,1,2,2,1,2,2
3115,2,2,0,0,0,2,10
9301274,4,2,2,3,4,0,0
9910395,6,2,4,11,6,0,0
9801438,0,0,0,0,0,0,0
9706220,3,3,0,0,0,3,25
9803431,7,2,5,8,0,7,23
9609388,4,1,3,4,0,4,17
9304273,3,2,1,1,3,0,0
9208206,7,2,5,7,7,0,0
9502205,3,1,2,2,3,0,0
9603222,2,2,0,0,1,1,2
9807369,0,0,0,0,0,0,0
9166,0,0,0,0,0,0,0
9709355,1,1,0,0,0,1,1
9409444,6,3,3,7,6,0,0
205259,7,2,5,12,0,7,13
11352,0,0,0,0,0,0,0
108260,8,1,7,19,2,6,6
106165,0,0,0,0,0,0,0
9210211,3,3,0,0,3,0,0
207184,2,2,0,0,0,2,24
202203,0,0,0,0,0,0,0
9909428,2,1,1,1,2,0,0
9612256,5,1,4,9,0,5,15
105057,3,2,1,1,0,3,14
110164,1,1,0,0,0,1,7
9505425,11,1,10,40,11,0,0
206101,11,4,7,13,0,11,98
109139,2,2,0,0,0,2,20
205229,0,0,0,0,0,0,0
9608296,3,1,2,2,3,0,0
11161,0,0,0,0,0,0,0
9804335,8,1,7,16,3,5,5
9305278,13,6,7,18,13,0,0
9906424,19,1,18,83,0,19,101
9909235,3,3,0,0,0,3,7
9801277,0,0,0,0,0,0,0
108074,4,1,3,3,0,4,23
9405220,8,2,6,17,2,6,6
9504309,1,1,0,0,0,1,1
9309299,4,3,1,1,4,0,0
9811361,2,2,0,0,0,2,21
9409364,3,2,1,2,3,0,0
9503453,0,0,0,0,0,0,0
9604271,1,1,0,0,1,0,0
9604239,2,1,1,1,0,2,5
9610362,4,1,3,3,1,3,6
9911241,1,1,0,0,0,1,3
9403253,3,1,2,2,3,0,0
9603391,0,0,0,0,0,0,0
1113,4,3,1,2,0,4,19
9712240,5,1,4,6,5,0,0
2113,0,0,0,0,0,0,0
9606465,9,1,8,22,9,0,0
9812407,0,0,0,0,0,0,0
9204215,7,2,5,9,7,0,0
110339,0,0,0,0,0,0,0
9803272,5,1,4,6,4,1,1
9404301,1,1,0,0,0,1,1
9905457,0,0,0,0,0,0,0
9503452,2,1,1,1,0,2,2
9311265,3,3,0,0,1,2,2
4214,7,2,5,9,3,4,4
9810489,3,1,2,3,3,0,0
9702219,3,2,1,1,0,3,16
204277,5,2,3,4,0,5,75
9801226,6,1,5,11,4,2,2
9504411,2,1,1,1,2,0,0
9301287,2,1,1,1,2,0,0
9610424,3,1,2,2,3,0,0
9503399,2,2,0,0,2,0,0
9803381,2,2,0,0,0,2,4
9701375,5,1,4,8,1,4,4
9803253,9,1,8,23,2,7,12
9607461,5,3,2,4,5,0,0
12103,14,6,8,18,0,14,101
107205,3,3,0,0,0,3,21
9405405,2,2,0,0,2,0,0
4223,6,2,4,5,0,6,54
107004,1,1,0,0,0,1,8
107068,4,1,3,5,0,4,13
9903339,1,1,0,0,0,1,1
9506436,12,3,9,25,8,4,4
5171,0,0,0,0,0,0,0
9707353,1,1,0,0,0,1,1
9305238,4,1,3,5,4,0,0
9902460,0,0,0,0,0,0,0
9211261,5,2,3,6,5,0,0
210044,0,0,0,0,0,0,0
9404289,4,1,3,4,4,0,0
9412291,3,1,2,2,3,0,0
2132,1,1,0,0,0,1,8
204122,2,2,0,0,0,2,9
9707368,2,1,1,1,0,2,5
9701404,12,2,10,40,5,7,9
9708487,2,1,1,1,0,2,3
9807446,3,1,2,2,0,3,6
203087,1,1,0,0,0,1,3
9706516,11,4,7,27,11,0,0
202276,2,2,0,0,0,2,6
107282,2,1,1,1,0,2,13
106026,2,2,0,0,1,1,1
9602307,9,3,6,15,9,0,0
1196,6,2,4,8,0,6,9
9903395,2,1,1,1,0,2,3
205244,6,3,3,7,0,6,49
9907443,1,1,0,0,0,1,1
9208231,11,6,5,10,11,0,0
9811430,0,0,0,0,0,0,0
9609270,0,0,0,0,0,0,0
9705265,0,0,0,0,0,0,0
9302209,0,0,0,0,0,0,0
206090,1,1,0,0,0,1,1
301269,1,1,0,0,0,1,8
9406311,6,4,2,2,0,6,12
9401259,3,2,1,2,1,2,2
9304209,4,2,2,3,1,3,3
9705280,2,1,1,1,2,0,0
9708225,0,0,0,0,0,0,0
9903218,7,1,6,6,0,7,23
9212220,1,1,0,0,1,0,0
9901204,3,2,1,1,0,3,7
9709491,0,0,0,0,0,0,0
9612325,4,1,3,5,0,4,13
204190,1,1,0,0,0,1,5
9806266,4,4,0,0,0,4,34
112003,11,5,6,17,0,11,52
207130,0,0,0,0,0,0,0
9804340,6,4,2,5,4,2,2
9404352,3,1,2,2,3,0,0
9606406,3,3,0,0,0,3,8
11235,1,1,0,0,0,1,2
9909452,4,1,3,3,0,4,5
9809291,5,1,4,6,1,4,4
206063,2,2,0,0,0,2,3
301260,0,0,0,0,0,0,0
211122,0,0,0,0,0,0,0
9608223,13,2,11,38,0,13,20
5288,3,1,2,3,1,2,2
103076,1,1,0,0,0,1,1
210322,1,1,0,0,0,1,8
9512251,7,2,5,6,7,0,0
9311313,4,1,3,3,0,4,4
9605253,0,0,0,0,0,0,0
9612251,3,1,2,2,3,0,0
9803491,2,1,1,1,2,0,0
9701292,0,0,0,0,0,0,0
9211221,4,4,0,0,4,0,0
211283,0,0,0,0,0,0,0
9209274,4,3,1,1,4,0,0
9309228,3,2,1,1,3,0,0
103346,1,1,0,0,0,1,2
9806239,5,2,3,3,0,5,19
201030,10,1,9,28,3,7,7
9708415,1,1,0,0,0,1,2
9407289,3,1,2,2,3,0,0
106115,10,1,9,25,0,10,108
112042,2,2,0,0,0,2,4
8068,3,2,1,1,0,3,4
10132,0,0,0,0,0,0,0
7307,0,0,0,0,0,0,0
9502395,1,1,0,0,1,0,0
9310330,2,1,1,1,2,0,0
9603357,1,1,0,0,1,0,0
9510305,2,2,0,0,2,0,0
9403248,5,4,1,3,5,0,0
9607377,4,1,3,5,4,0,0
9602359,10,1,9,24,10,0,0
9809562,9,4,5,6,0,9,24
9911351,0,0,0,0,0,0,0
9812234,1,1,0,0,0,1,1
209148,0,0,0,0,0,0,0
208224,0,0,0,0,0,0,0
9801425,2,2,0,0,0,2,17
102005,0,0,0,0,0,0,0
110280,2,1,1,1,0,2,3
110059,0,0,0,0,0,0,0
9701365,4,3,1,1,0,4,24
9902473,2,2,0,0,0,2,4
9602311,0,0,0,0,0,0,0
6115,3,3,0,0,0,3,6
9310245,4,2,2,3,4,0,0
9902311,1,1,0,0,0,1,2
9907241,8,4,4,7,1,7,36
9701357,0,0,0,0,0,0,0
9602368,3,3,0,0,0,3,6
9709424,7,4,3,3,7,0,0
9707513,4,2,2,2,0,4,9
9502309,8,4,4,7,0,8,39
9804251,1,1,0,0,1,0,0
101109,2,1,1,1,2,0,0
7144,4,3,1,1,1,3,3
105156,1,1,0,0,1,0,0
9705448,6,2,4,5,0,6,12
109088,2,1,1,1,0,2,8
9604206,0,0,0,0,0,0,0
10280,4,4,0,0,0,4,12
7189,1,1,0,0,0,1,9
107161,3,1,2,3,0,3,16
9502413,4,3,1,1,4,0,0
6039,1,1,0,0,0,1,1
9510324,1,1,0,0,0,1,6
105285,2,1,1,1,0,2,3
10129,0,0,0,0,0,0,0
6215,1,1,0,0,0,1,5
9511364,1,1,0,0,1,0,0
7151,1,1,0,0,0,1,5
3079,1,1,0,0,0,1,2
9402327,0,0,0,0,0,0,0
9707406,3,2,1,1,3,0,0
9908335,2,2,0,0,2,0,0
9401232,3,1,2,2,3,0,0
9905291,6,2,4,7,0,6,13
9612459,3,3,0,0,0,3,6
206216,2,1,1,1,0,2,26
110113,7,2,5,13,0,7,32
102124,5,2,3,4,0,5,13
202227,3,2,1,2,3,0,0
206259,10,4,6,7,0,10,44
9405224,2,2,0,0,2,0,0
9812442,4,2,2,2,4,0,0
4024,0,0,0,0,0,0,0
209084,4,3,1,1,0,4,27
9507328,1,1,0,0,0,1,1
9908465,1,1,0,0,1,0,0
9505357,8,3,5,8,0,8,8
9712233,0,0,0,0,0,0,0
9711288,2,2,0,0,0,2,4
4257,1,1,0,0,0,1,1
205214,1,1,0,0,0,1,4
4020,1,1,0,0,0,1,4
9211331,2,2,0,0,2,0,0
9401298,3,3,0,0,3,0,0
9609229,6,4,2,2,6,0,0
9210207,1,1,0,0,1,0,0
9806244,4,2,2,2,2,2,3
102068,5,1,4,6,0,5,14
202123,3,3,0,0,1,2,2
9504318,2,2,0,0,1,1,1
6244,7,2,5,8,1,6,13
204102,1,1,0,0,1,0,0
11309,0,0,0,0,0,0,0
203151,2,2,0,0,0,2,11
9908221,2,2,0,0,0,2,5
9907353,1,1,0,0,1,0,0
9910480,0,0,0,0,0,0,0
9610228,5,2,3,8,3,2,2
212273,0,0,0,0,0,0,0
206296,0,0,0,0,0,0,0
9303302,2,1,1,1,2,0,0
9311231,2,1,1,1,0,2,2
9306206,1,1,0,0,1,0,0
202268,1,1,0,0,0,1,2
106024,2,1,1,1,0,2,10
9502337,4,2,2,2,3,1,1
9603447,2,1,1,1,1,1,2
9909358,0,0,0,0,0,0,0
109091,0,0,0,0,0,0,0
101280,0,0,0,0,0,0,0
9506316,0,0,0,0,0,0,0
201216,1,1,0,0,0,1,11
9409281,12,5,7,11,12,0,0
9409332,3,3,0,0,3,0,0
9609348,6,2,4,8,1,5,9
9602248,3,1,2,2,0,3,4
9803496,4,4,0,0,4,0,0
1064,7,2,5,14,0,7,7
9608326,0,0,0,0,0,0,0
206237,3,3,0,0,1,2,3
9812461,3,1,2,2,0,3,6
210171,1,1,0,0,1,0,0
9711296,1,1,0,0,0,1,8
9809537,1,1,0,0,1,0,0
9908494,0,0,0,0,0,0,0
6314,1,1,0,0,0,1,5
211046,1,1,0,0,0,1,2
9704309,1,1,0,0,0,1,2
211174,0,0,0,0,0,0,0
9406281,3,3,0,0,0,3,4
112134,2,2,0,0,0,2,19
5281,0,0,0,0,0,0,0
9909372,1,1,0,0,0,1,8
9506395,1,1,0,0,1,0,0
9803338,2,2,0,0,0,2,8
9801340,0,0,0,0,0,0,0
9909466,0,0,0,0,0,0,0
9701274,1,1,0,0,0,1,3
9612450,2,1,1,1,0,2,9
9802244,0,0,0,0,0,0,0
9601231,1,1,0,0,1,0,0
205345,5,2,3,3,0,5,36
110313,0,0,0,0,0,0,0
105058,1,1,0,0,0,1,6
9902377,0,0,0,0,0,0,0
110404,2,1,1,1,0,2,6
210199,1,1,0,0,0,1,5
102260,0,0,0,0,0,0,0
203040,2,2,0,0,0,2,3
211438,0,0,0,0,0,0,0
9303282,0,0,0,0,0,0,0
1066,1,1,0,0,1,0,0
9810298,0,0,0,0,0,0,0
9603277,3,3,0,0,0,3,3
9302304,1,1,0,0,1,0,0
103099,4,1,3,6,0,4,4
9306,0,0,0,0,0,0,0
9809306,3,1,2,2,3,0,0
9307345,4,2,2,4,4,0,0
9504384,1,1,0,0,0,1,7
201058,0,0,0,0,0,0,0
7009,0,0,0,0,0,0,0
111263,1,1,0,0,1,0,0
6325,0,0,0,0,0,0,0
9708323,0,0,0,0,0,0,0
9303323,2,2,0,0,2,0,0
204207,1,1,0,0,1,0,0
208217,3,3,0,0,0,3,4
9506307,1,1,0,0,0,1,5
9803441,1,1,0,0,0,1,4
9907282,1,1,0,0,1,0,0
203045,1,1,0,0,0,1,2
9405282,0,0,0,0,0,0,0
110270,0,0,0,0,0,0,0
207238,0,0,0,0,0,0,0
9510406,2,1,1,1,2,0,0
301015,1,1,0,0,0,1,5
112007,1,1,0,0,0,1,3
6036,6,1,5,13,0,6,30
9504403,2,2,0,0,0,2,6
9511400,0,0,0,0,0,0,0
110236,0,0,0,0,0,0,0
9311267,2,1,1,1,2,0,0
205141,3,2,1,1,0,3,39
9501256,1,1,0,0,1,0,0
9709391,0,0,0,0,0,0,0
7309,2,2,0,0,0,2,4
9606455,1,1,0,0,1,0,0
212184,0,0,0,0,0,0,0
9303209,2,1,1,1,2,0,0
212304,1,1,0,0,0,1,18
209121,5,2,3,3,0,5,88
110258,1,1,0,0,0,1,13
9809328,1,1,0,0,0,1,1
9901422,1,1,0,0,0,1,1
9304214,4,2,2,2,4,0,0
9804232,4,1,3,5,0,4,7
9405213,1,1,0,0,1,0,0
4096,0,0,0,0,0,0,0
211071,1,1,0,0,0,1,9
9503298,0,0,0,0,0,0,0
9611346,0,0,0,0,0,0,0
9410215,0,0,0,0,0,0,0
301012,0,0,0,0,0,0,0
2117,1,1,0,0,1,0,0
9710455,0,0,0,0,0,0,0
12213,3,1,2,2,0,3,13
105153,0,0,0,0,0,0,0
102153,3,1,2,3,0,3,30
9609479,1,1,0,0,0,1,1
210002,0,0,0,0,0,0,0
9712411,5,2,3,7,1,4,4
301165,0,0,0,0,0,0,0
2128,2,2,0,0,0,2,6
9409385,0,0,0,0,0,0,0
301068,0,0,0,0,0,0,0
9310226,0,0,0,0,0,0,0
101148,0,0,0,0,0,0,0
104314,0,0,0,0,0,0,0
11021,0,0,0,0,0,0,0
9301275,2,1,1,1,2,0,0
9804278,1,1,0,0,0,1,1
102283,2,1,1,1,0,2,6
12105,0,0,0,0,0,0,0
9505273,7,4,3,4,0,7,7
9803283,5,2,3,6,0,5,18
8030,1,1,0,0,0,1,1
202163,1,1,0,0,1,0,0
9903360,0,0,0,0,0,0,0
107278,3,3,0,0,0,3,21
9911532,1,1,0,0,1,0,0
212331,2,2,0,0,0,2,18
9803472,0,0,0,0,0,0,0
9706461,0,0,0,0,0,0,0
9904243,1,1,0,0,0,1,5
201092,0,0,0,0,0,0,0
9602237,1,1,0,0,1,0,0
302266,0,0,0,0,0,0,0
9706465,0,0,0,0,0,0,0
9502303,2,2,0,0,1,1,1
302054,1,1,0,0,0,1,12
9810306,1,1,0,0,1,0,0
9606227,1,1,0,0,0,1,5
9811494,0,0,0,0,0,0,0
9610475,0,0,0,0,0,0,0
9207256,3,1,2,2,3,0,0
9409267,1,1,0,0,1,0,0
9808273,1,1,0,0,0,1,6
9706528,1,1,0,0,0,1,1
211185,1,1,0,0,0,1,3
9510344,1,1,0,0,1,0,0
9906473,1,1,0,0,0,1,7
9806276,0,0,0,0,0,0,0
9712456,3,2,1,1,0,3,4
211207,0,0,0,0,0,0,0
9905574,1,1,0,0,1,0,0
108015,2,2,0,0,2,0,0
9309222,0,0,0,0,0,0,0
9905548,0,0,0,0,0,0,0
9807505,3,3,0,0,3,0,0
9804441,1,1,0,0,0,1,6
8170,0,0,0,0,0,0,0
9801233,2,2,0,0,2,0,0
201014,1,1,0,0,0,1,8
9809325,1,1,0,0,0,1,1
211168,0,0,0,0,0,0,0
1134,0,0,0,0,0,0,0
112292,1,1,0,0,0,1,2
9904332,1,1,0,0,1,0,0
9610227,1,1,0,0,1,0,0
109024,1,1,0,0,0,1,1
9811490,1,1,0,0,0,1,1
206041,0,0,0,0,0,0,0
2076,2,2,0,0,0,2,5
110057,1,1,0,0,0,1,4
9905299,1,1,0,0,1,0,0
109219,0,0,0,0,0,0,0
9704384,3,1,2,2,1,2,5
201156,3,2,1,1,0,3,23
103309,2,1,1,1,0,2,8
9906455,0,0,0,0,0,0,0
104281,1,1,0,0,0,1,2
9710330,1,1,0,0,1,0,0
9504351,4,1,3,5,4,0,0
9908400,0,0,0,0,0,0,0
9502253,3,1,2,2,3,0,0
208160,1,1,0,0,0,1,21
9408375,3,3,0,0,3,0,0
206022,3,3,0,0,0,3,17
9811398,1,1,0,0,1,0,0
9705238,0,0,0,0,0,0,0
205110,0,0,0,0,0,0,0
105189,0,0,0,0,0,0,0
101071,1,1,0,0,1,0,0
3223,0,0,0,0,0,0,0
9408298,2,1,1,1,2,0,0
9407316,0,0,0,0,0,0,0
9803487,0,0,0,0,0,0,0
9802443,1,1,0,0,1,0,0
203015,0,0,0,0,0,0,0
9809477,0,0,0,0,0,0,0
9504254,1,1,0,0,0,1,1
9802434,0,0,0,0,0,0,0
9910368,0,0,0,0,0,0,0
8104,0,0,0,0,0,0,0
5284,0,0,0,0,0,0,0
9411359,0,0,0,0,0,0,0
210134,0,0,0,0,0,0,0
9308259,2,2,0,0,2,0,0
208013,0,0,0,0,0,0,0
203231,0,0,0,0,0,0,0
9810276,0,0,0,0,0,0,0
210124,0,0,0,0,0,0,0
105308,3,3,0,0,3,0,0
208206,0,0,0,0,0,0,0
205161,2,2,0,0,0,2,15
108053,1,1,0,0,1,0,0
301274,1,1,0,0,1,0,0
105095,0,0,0,0,0,0,0
9812500,0,0,0,0,0,0,0
9911303,0,0,0,0,0,0,0
108232,0,0,0,0,0,0,0
9207259,1,1,0,0,1,0,0
9608493,1,1,0,0,1,0,0
9501217,1,1,0,0,1,0,0
9909420,0,0,0,0,0,0,0
9701327,0,0,0,0,0,0,0
101185,1,1,0,0,0,1,3
103154,1,1,0,0,0,1,13
9901236,0,0,0,0,0,0,0
111388,1,1,0,0,0,1,2
9809339,0,0,0,0,0,0,0
9909285,0,0,0,0,0,0,0
9907535,1,1,0,0,0,1,1
206079,1,1,0,0,0,1,11
5091,1,1,0,0,0,1,2
211335,0,0,0,0,0,0,0
9809240,0,0,0,0,0,0,0
212290,0,0,0,0,0,0,0
9801285,1,1,0,0,1,0,0
9701386,0,0,0,0,0,0,0
207273,3,3,0,0,0,3,69
202119,0,0,0,0,0,0,0
9807391,1,1,0,0,1,0,0
12158,0,0,0,0,0,0,0
9611281,0,0,0,0,0,0,0
9807441,0,0,0,0,0,0,0
9310203,0,0,0,0,0,0,0
212060,0,0,0,0,0,0,0
9904384,3,2,1,1,3,0,0
202234,0,0,0,0,0,0,0
9612224,1,1,0,0,1,0,0
9705256,0,0,0,0,0,0,0
9905393,0,0,0,0,0,0,0
9809457,1,1,0,0,1,0,0
9602217,0,0,0,0,0,0,0
112019,0,0,0,0,0,0,0
212225,1,1,0,0,0,1,3
9906229,0,0,0,0,0,0,0
211137,0,0,0,0,0,0,0
211344,1,1,0,0,0,1,21
112356,0,0,0,0,0,0,0
3155,0,0,0,0,0,0,0
9911287,1,1,0,0,1,0,0
302255,0,0,0,0,0,0,0
204261,0,0,0,0,0,0,0
106118,0,0,0,0,0,0,0
9506312,0,0,0,0,0,0,0
107267,2,1,1,1,0,2,16
11208,0,0,0,0,0,0,0
110188,0,0,0,0,0,0,0
211119,0,0,0,0,0,0,0
9611291,0,0,0,0,0,0,0
8330,0,0,0,0,0,0,0
108208,0,0,0,0,0,0,0
9275,1,1,0,0,0,1,4
109123,0,0,0,0,0,0,0
9507351,0,0,0,0,0,0,0
301248,0,0,0,0,0,0,0
209280,0,0,0,0,0,0,0
101299,0,0,0,0,0,0,0
9602202,1,1,0,0,1,0,0
9805411,0,0,0,0,0,0,0
9805350,0,0,0,0,0,0,0
9908517,0,0,0,0,0,0,0
9701405,1,1,0,0,1,0,0
9501235,0,0,0,0,0,0,0
302189,0,0,0,0,0,0,0
209150,0,0,0,0,0,0,0
212153,0,0,0,0,0,0,0
6132,0,0,0,0,0,0,0
9509384,0,0,0,0,0,0,0
11284,0,0,0,0,0,0,0
302209,0,0,0,0,0,0,0
102154,0,0,0,0,0,0,0
202055,0,0,0,0,0,0,0
9805491,0,0,0,0,0,0,0
9401289,0,0,0,0,0,0,0
9512297,1,1,0,0,1,0,0
9612414,0,0,0,0,0,0,0
106146,1,1,0,0,0,1,9
9712407,1,1,0,0,1,0,0
12375,0,0,0,0,0,0,0
9707206,1,1,0,0,1,0,0
9907463,0,0,0,0,0,0,0
9712424,0,0,0,0,0,0,0
6236,0,0,0,0,0,0,0
9412386,0,0,0,0,0,0,0
9806211,1,1,0,0,0,1,2
9809353,0,0,0,0,0,0,0
3308,0,0,0,0,0,0,0
9611270,2,2,0,0,1,1,1
9506286,1,1,0,0,0,1,2
101243,1,1,0,0,1,0,0
211381,0,0,0,0,0,0,0
9712323,0,0,0,0,0,0,0
9810330,1,1,0,0,1,0,0
302210,0,0,0,0,0,0,0
302022,0,0,0,0,0,0,0
9611376,0,0,0,0,0,0,0
207137,0,0,0,0,0,0,0
207152,0,0,0,0,0,0,0
206012,0,0,0,0,0,0,0
9309250,0,0,0,0,0,0,0
9907325,0,0,0,0,0,0,0
9002,0,0,0,0,0,0,0
9707315,1,1,0,0,0,1,2
210137,0,0,0,0,0,0,0
9910340,0,0,0,0,0,0,0
9505376,0,0,0,0,0,0,0
109112,0,0,0,0,0,0,0
9511312,0,0,0,0,0,0,0
112224,0,0,0,0,0,0,0
302183,0,0,0,0,0,0,0
9711376,0,0,0,0,0,0,0
111248,0,0,0,0,0,0,0
4146,0,0,0,0,0,0,0
9908405,0,0,0,0,0,0,0
9409357,1,1,0,0,1,0,0
208176,1,1,0,0,1,0,0
9411385,0,0,0,0,0,0,0
9911259,1,1,0,0,1,0,0
9908367,0,0,0,0,0,0,0
9710558,0,0,0,0,0,0,0
106041,0,0,0,0,0,0,0
9809378,0,0,0,0,0,0,0
9404235,1,1,0,0,1,0,0
9909535,0,0,0,0,0,0,0
207268,0,0,0,0,0,0,0
9311301,2,1,1,1,2,0,0
9602371,0,0,0,0,0,0,0
9906472,0,0,0,0,0,0,0
111049,0,0,0,0,0,0,0
211189,0,0,0,0,0,0,0
8060,0,0,0,0,0,0,0
9904356,0,0,0,0,0,0,0
2052,0,0,0,0,0,0,0
6095,0,0,0,0,0,0,0
7216,1,1,0,0,1,0,0
109176,0,0,0,0,0,0,0
106290,0,0,0,0,0,0,0
12038,0,0,0,0,0,0,0
9209,0,0,0,0,0,0,0
9310294,0,0,0,0,0,0,0
9240,1,1,0,0,1,0,0
106349,0,0,0,0,0,0,0
9610314,0,0,0,0,0,0,0
208145,0,0,0,0,0,0,0
9505382,0,0,0,0,0,0,0
7235,0,0,0,0,0,0,0
201037,0,0,0,0,0,0,0
9305264,1,1,0,0,1,0,0
110406,0,0,0,0,0,0,0
211447,0,0,0,0,0,0,0
9910434,0,0,0,0,0,0,0
106058,0,0,0,0,0,0,0
6191,0,0,0,0,0,0,0
302175,0,0,0,0,0,0,0
9607235,0,0,0,0,0,0,0
4022,0,0,0,0,0,0,0
206114,0,0,0,0,0,0,0
9604447,0,0,0,0,0,0,0
9510214,0,0,0,0,0,0,0
9709370,0,0,0,0,0,0,0
9905389,0,0,0,0,0,0,0
301222,0,0,0,0,0,0,0
9308319,0,0,0,0,0,0,0
1279,0,0,0,0,0,0,0
9706471,0,0,0,0,0,0,0
210128,1,1,0,0,1,0,0
9901234,0,0,0,0,0,0,0
2139,0,0,0,0,0,0,0
9801250,0,0,0,0,0,0,0
208194,1,1,0,0,1,0,0
1126,0,0,0,0,0,0,0
109132,0,0,0,0,0,0,0
301084,0,0,0,0,0,0,0
9908452,0,0,0,0,0,0,0
106182,0,0,0,0,0,0,0
9607354,15,4,11,27,0,15,36
8159,15,2,13,43,0,15,114
9706260,42,1,41,338,1,41,299
9312202,8,2,6,20,8,0,0
211224,0,0,0,0,0,0,0
9604223,37,4,33,235,7,30,45
203079,4,4,0,0,0,4,55
9806287,26,6,20,80,0,26,172
9704448,25,3,22,125,4,21,51
9903404,32,4,28,142,0,32,368
9502276,3,2,1,1,3,0,0
9505405,31,1,30,167,19,12,12
9304299,44,3,41,247,44,0,0
9509410,14,4,10,37,0,14,14
9808296,48,1,47,326,0,48,351
9505275,57,2,55,443,2,55,113
9905240,23,1,22,151,12,11,11
9903460,15,2,13,41,0,15,121
9804421,34,5,29,164,0,34,327
9903454,32,2,30,164,0,32,249
4064,2,2,0,0,2,0,0
9605246,16,1,15,67,0,16,51
9801368,18,2,16,59,4,14,37
9504312,27,2,25,98,0,27,106
9810501,13,3,10,29,0,13,37
9503214,6,1,5,7,2,4,4
9506416,60,2,58,492,60,0,0
9707477,6,2,4,11,0,6,65
9503204,10,2,8,23,10,0,0
9804319,43,1,42,285,0,43,344
105011,11,2,9,10,0,11,241
7318,12,1,11,44,12,0,0
9609529,43,1,42,303,0,43,306
9707386,15,3,12,44,0,15,126
111376,0,0,0,0,0,0,0
2161,13,6,7,20,0,13,174
9507439,22,6,16,66,1,21,56
9308349,74,2,72,811,64,10,10
9612269,28,3,25,123,4,24,57
9601384,22,2,20,93,4,18,30
9711384,23,3,20,72,1,22,61
9608361,23,6,17,52,1,22,34
9303317,63,1,62,765,11,52,101
9308217,15,2,13,31,0,15,27
9509213,19,3,16,46,1,18,55
9207240,12,2,10,28,12,0,0
3277,5,2,3,4,0,5,9
9702373,11,3,8,12,0,11,16
9401266,22,5,17,63,22,0,0
9711518,4,2,2,2,0,4,21
9707260,1,1,0,0,1,0,0
9812411,0,0,0,0,0,0,0
9905351,7,2,5,12,0,7,75
9804416,8,2,6,13,1,7,24
9503404,17,4,13,61,0,17,141
9607300,5,3,2,4,5,0,0
9708486,4,1,3,3,0,4,26
9411411,7,1,6,7,0,7,19
9403346,5,3,2,4,5,0,0
9409269,16,1,15,49,1,15,26
9410218,5,1,4,5,5,0,0
9406285,19,2,17,84,1,18,52
9510408,48,5,43,314,0,48,212
105242,3,2,1,1,0,3,19
9804453,9,1,8,29,0,9,64
9803393,19,4,15,80,5,14,16
9312318,26,2,24,95,26,0,0
11333,48,4,44,235,0,48,769
9910491,57,2,55,461,1,56,494
9306310,6,3,3,4,1,5,10
9908290,9,1,8,29,0,9,105
107265,14,4,10,27,0,14,112
9802223,1,1,0,0,0,1,1
9612463,19,3,16,63,0,19,43
9810442,45,2,43,417,28,17,30
9811378,39,5,34,291,0,39,400
9607298,13,3,10,36,0,13,39
9510370,10,2,8,27,0,10,14
9601362,33,1,32,244,0,33,33
9608221,11,5,6,11,1,10,29
9511342,14,1,13,56,1,13,13
9810269,39,5,34,204,0,39,317
9906470,35,1,34,153,0,35,199
9710533,2,2,0,0,0,2,2
11077,0,0,0,0,0,0,0
9903279,4,1,3,3,0,4,12
9409232,11,2,9,21,0,11,40
6006,3,1,2,3,0,3,13
9709242,1,1,0,0,0,1,3
9505337,0,0,0,0,0,0,0
9350,24,4,20,95,2,22,58
9511335,31,8,23,85,9,22,31
9310309,8,2,6,21,1,7,14
9810360,50,1,49,349,11,39,123
9704403,14,2,12,37,0,14,54
9907475,12,2,10,18,1,11,23
9337,17,3,14,52,0,17,196
9811284,4,1,3,3,0,4,9
103318,12,1,11,35,4,8,16
9510422,6,1,5,8,0,6,6
8086,8,1,7,12,1,7,23
8184,7,2,5,11,0,7,15
1103,12,2,10,33,1,11,40
9310281,10,1,9,26,10,0,0
12140,22,3,19,89,0,22,116
9602317,2,1,1,1,2,0,0
9409208,19,2,17,64,19,0,0
9903294,54,4,50,528,0,54,602
9904425,24,1,23,136,0,24,480
101076,2,2,0,0,0,2,7
211169,1,1,0,0,0,1,17
103123,12,3,9,18,0,12,83
202081,21,5,16,82,0,21,293
9911294,29,1,28,178,0,29,91
9605250,11,2,9,14,11,0,0
9903538,27,2,25,245,0,27,317
9812365,8,2,6,10,1,7,7
9709397,31,2,29,157,1,30,90
107039,44,2,42,304,0,44,299
9208254,26,2,24,134,26,0,0
9807264,20,4,16,51,20,0,0
9603201,8,3,5,9,1,7,8
11360,1,1,0,0,0,1,7
9506243,26,2,24,82,0,26,68
11017,1,1,0,0,0,1,14
9281,8,3,5,8,0,8,25
9809427,47,4,43,180,0,47,399
9505329,96,5,91,846,0,96,342
9705286,35,4,31,123,0,35,225
9712467,18,3,15,60,0,18,94
9304310,4,1,3,3,0,4,12
9702293,4,1,3,3,4,0,0
9612322,14,3,11,30,0,14,42
112109,3,2,1,1,0,3,12
9811226,1,1,0,0,1,0,0
9712213,16,2,14,30,0,16,138
9401278,7,3,4,6,1,6,6
5030,2,1,1,1,2,0,0
9501402,2,1,1,1,0,2,8
9910464,10,3,7,14,0,10,47
9911434,19,1,18,67,0,19,190
9805216,4,3,1,2,1,3,4
9409308,1,1,0,0,1,0,0
9409377,6,2,4,4,6,0,0
9705344,30,7,23,121,0,30,152
9712473,6,2,4,10,0,6,53
9710224,8,2,6,9,0,8,32
9301244,22,2,20,84,22,0,0
9709465,8,2,6,12,0,8,27
201066,3,2,1,1,0,3,8
9707365,12,4,8,13,0,12,90
9512410,12,1,11,54,6,6,6
9609237,3,2,1,1,0,3,3
9706438,25,2,23,99,0,25,138
9412243,2,2,0,0,1,1,1
9408300,3,3,0,0,3,0,0
9605266,37,1,36,280,1,36,121
9702378,14,1,13,48,14,0,0
9405338,15,4,11,25,15,0,0
9403330,16,4,12,71,2,14,22
3038,4,4,0,0,0,4,14
9903554,8,3,5,8,0,8,16
105196,10,1,9,33,0,10,45
9807306,2,2,0,0,1,1,1
9412319,30,4,26,163,1,29,151
9710373,9,2,7,25,0,9,125
9901337,4,3,1,3,0,4,16
9809549,15,2,13,41,0,15,15
6047,13,1,12,29,0,13,60
9211282,21,2,19,55,21,0,0
9506317,54,1,53,441,6,48,98
9602380,1,1,0,0,0,1,1
9610298,2,1,1,1,0,2,5
9208233,10,3,7,22,10,0,0
9302258,2,1,1,1,2,0,0
9903292,13,4,9,18,1,12,29
9803433,13,4,9,40,0,13,107
9407408,12,1,11,23,5,7,7
9403229,16,3,13,49,16,0,0
9302311,15,1,14,76,15,0,0
103068,16,3,13,51,0,16,29
9908326,29,5,24,141,0,29,204
107153,3,2,1,1,3,0,0
9701422,18,4,14,43,2,16,26
9906241,5,1,4,8,0,5,41
9311353,6,3,3,3,0,6,6
9406354,12,2,10,21,0,12,28
9408250,10,6,4,12,0,10,15
7228,6,4,2,2,0,6,37
9711435,11,2,9,15,0,11,93
210114,0,0,0,0,0,0,0
9907469,7,3,4,6,0,7,34
9809337,15,4,11,24,0,15,77
108013,1,1,0,0,0,1,4
6309,2,1,1,1,0,2,14
9511426,3,1,2,2,0,3,5
9311298,10,1,9,31,10,0,0
101281,1,1,0,0,1,0,0
9602439,11,1,10,26,0,11,29
9509329,8,2,6,21,0,8,106
9902471,13,3,10,37,3,10,20
9609491,6,3,3,3,0,6,10
9309333,6,1,5,9,5,1,1
9804352,15,4,11,33,0,15,60
9805461,16,1,15,54,0,16,79
206171,2,1,1,1,2,0,0
9901395,1,1,0,0,0,1,4
9406224,15,2,13,53,15,0,0
9502341,20,2,18,120,5,15,23
9911299,6,2,4,4,0,6,37
9609246,2,2,0,0,0,2,3
103203,3,2,1,1,1,2,13
11387,18,3,15,77,0,18,223
108195,2,2,0,0,1,1,1
9708348,23,4,19,50,0,23,45
9608462,2,1,1,1,2,0,0
9710516,8,2,6,18,8,0,0
9903284,5,1,4,7,0,5,9
9707243,9,1,8,19,0,9,28
10193,2,2,0,0,0,2,10
9512281,9,2,7,17,4,5,6
9802432,16,1,15,63,0,16,37
108161,21,1,20,81,0,21,215
9507449,10,1,9,15,10,0,0
9901411,3,3,0,0,3,0,0
9404208,1,1,0,0,0,1,1
12220,0,0,0,0,0,0,0
9406392,23,2,21,125,23,0,0
9709382,8,4,4,6,3,5,5
9703207,3,2,1,2,0,3,7
9606238,13,3,10,22,0,13,45
1175,14,1,13,36,0,14,72
9811382,12,3,9,29,0,12,21
9506318,4,3,1,2,4,0,0
3122,11,3,8,23,0,11,143
111312,9,3,6,21,9,0,0
9705305,8,3,5,13,1,7,13
204119,0,0,0,0,0,0,0
9502233,1,1,0,0,1,0,0
9805225,13,2,11,47,3,10,10
9907265,3,1,2,3,1,2,5
9503323,2,1,1,1,0,2,2
110291,7,3,4,7,0,7,25
203138,5,1,4,7,0,5,21
9702429,4,1,3,4,0,4,6
107084,2,1,1,1,0,2,6
12229,3,2,1,1,0,3,8
207231,0,0,0,0,0,0,0
203027,6,2,4,7,0,6,12
105136,5,2,3,4,0,5,23
9608402,1,1,0,0,0,1,3
205168,4,1,3,5,0,4,33
9405273,22,2,20,92,6,16,16
206116,0,0,0,0,0,0,0
2158,7,2,5,7,3,4,7
9312343,7,1,6,18,7,0,0
9408245,42,3,39,206,42,0,0
9905539,8,1,7,19,0,8,31
9603392,3,2,1,1,3,0,0
9702383,5,2,3,6,0,5,9
9912330,12,1,11,25,0,12,122
9906280,2,2,0,0,0,2,2
9712547,1,1,0,0,0,1,4
9707535,11,4,7,8,0,11,44
9412275,5,3,2,4,5,0,0
9804211,15,1,14,51,5,10,25
9411339,1,1,0,0,0,1,9
9507367,3,1,2,2,0,3,3
9909284,7,4,3,5,0,7,27
9603313,9,3,6,20,0,9,28
9803274,11,3,8,35,1,10,18
4071,15,2,13,57,1,14,68
9803451,3,2,1,1,0,3,31
9907432,14,2,12,30,0,14,143
9904411,6,4,2,2,1,5,12
9506228,5,2,3,6,5,0,0
9911342,12,4,8,16,0,12,39
8097,0,0,0,0,0,0,0
9711394,2,1,1,1,2,0,0
9512203,4,1,3,6,4,0,0
4248,4,1,3,3,0,4,12
9704450,2,1,1,1,2,0,0
9806340,4,1,3,4,4,0,0
9708489,1,1,0,0,0,1,1
9503328,4,3,1,1,0,4,10
9605313,8,1,7,15,0,8,8
9294,9,1,8,20,0,9,29
3031,1,1,0,0,0,1,6
9911232,4,1,3,5,4,0,0
9902237,20,2,18,75,4,16,21
8161,1,1,0,0,0,1,9
2242,4,2,2,2,0,4,13
9809312,8,3,5,10,3,5,5
302003,11,2,9,29,11,0,0
9711466,0,0,0,0,0,0,0
9605279,4,1,3,4,4,0,0
9805306,6,1,5,9,1,5,16
9910271,4,4,0,0,4,0,0
9803228,3,1,2,2,0,3,32
9610249,1,1,0,0,0,1,3
9605215,13,3,10,35,7,6,6
9903468,8,3,5,13,0,8,17
3072,4,2,2,2,0,4,17
9909406,6,1,5,11,0,6,22
9603204,18,2,16,40,18,0,0
109194,0,0,0,0,0,0,0
9810517,17,1,16,72,0,17,119
9905380,1,1,0,0,0,1,3
9712320,3,2,1,1,0,3,14
9605230,15,5,10,28,0,15,65
9401272,11,3,8,20,0,11,34
9803266,18,3,15,34,0,18,115
9407309,3,2,1,2,1,2,2
9407283,3,1,2,2,2,1,1
9411304,4,2,2,2,1,3,3
9808432,3,2,1,1,0,3,8
9605295,14,2,12,37,0,14,36
9712359,14,2,12,27,0,14,83
9507285,1,1,0,0,1,0,0
9808290,5,3,2,2,0,5,35
9711414,10,2,8,24,1,9,9
9809505,1,1,0,0,0,1,4
9803319,2,2,0,0,0,2,17
9807277,8,1,7,16,0,8,22
9603450,14,4,10,26,0,14,36
9404293,1,1,0,0,1,0,0
109001,4,3,1,3,0,4,37
208268,2,1,1,1,0,2,20
205044,5,1,4,4,0,5,61
9807272,2,1,1,1,1,1,1
9905518,0,0,0,0,0,0,0
9703225,4,1,3,4,1,3,3
9501377,2,1,1,1,2,0,0
12194,4,2,2,3,0,4,26
8117,6,4,2,3,0,6,50
9712351,16,3,13,22,0,16,55
9810452,5,4,1,1,0,5,6
9711362,8,3,5,14,1,7,57
9712219,3,3,0,0,0,3,59
9808454,13,4,9,21,0,13,60
9605384,1,1,0,0,0,1,1
9612443,3,2,1,1,0,3,5
5196,4,2,2,2,0,4,8
9410415,12,3,9,32,0,12,12
106050,6,3,3,6,0,6,147
9507291,0,0,0,0,0,0,0
6238,15,1,14,69,15,0,0
4190,9,1,8,16,0,9,30
9809333,1,1,0,0,0,1,4
11372,2,1,1,1,1,1,2
9806210,3,2,1,1,0,3,7
9501315,1,1,0,0,0,1,1
208163,5,2,3,6,0,5,58
3289,6,3,3,5,1,5,9
9905404,3,3,0,0,0,3,3
9912383,7,3,4,11,0,7,11
112362,1,1,0,0,0,1,4
209017,1,1,0,0,0,1,3
210155,2,1,1,1,0,2,24
9511215,1,1,0,0,1,0,0
9412222,3,2,1,1,3,0,0
101166,1,1,0,0,0,1,5
9805252,1,1,0,0,1,0,0
9606426,5,2,3,3,0,5,13
9904409,10,3,7,18,0,10,41
202025,2,1,1,1,1,1,1
9902400,3,1,2,3,3,0,0
9904304,3,1,2,3,0,3,7
9302231,3,1,2,3,3,0,0
9905341,3,2,1,1,0,3,3
9308310,3,1,2,2,3,0,0
107189,4,2,2,4,0,4,34
9911438,5,4,1,3,0,5,18
108018,1,1,0,0,0,1,1
9909467,3,1,2,2,3,0,0
9602271,6,2,4,9,0,6,10
9607474,0,0,0,0,0,0,0
9903334,1,1,0,0,1,0,0
207044,3,3,0,0,0,3,7
9501329,3,3,0,0,3,0,0
9406250,4,1,3,4,0,4,8
9707496,6,2,4,4,0,6,46
9901231,1,1,0,0,0,1,4
9604443,14,2,12,43,1,13,27
12041,8,2,6,24,8,0,0
10147,3,2,1,1,0,3,10
9307272,1,1,0,0,1,0,0
210339,0,0,0,0,0,0,0
301117,0,0,0,0,0,0,0
9902261,1,1,0,0,1,0,0
9703432,6,1,5,12,0,6,26
9906385,1,1,0,0,0,1,9
112094,6,3,3,3,0,6,63
9807361,17,1,16,103,17,0,0
12063,0,0,0,0,0,0,0
110062,4,1,3,4,0,4,73
9708394,1,1,0,0,1,0,0
9610372,5,4,1,2,0,5,37
9810338,6,4,2,4,0,6,28
9906415,7,1,6,12,1,6,23
9308223,10,5,5,12,1,9,13
9908260,15,4,11,45,0,15,139
9707491,4,2,2,3,0,4,5
9506245,3,3,0,0,3,0,0
1151,9,1,8,20,1,8,22
9511225,2,1,1,1,2,0,0
9302302,4,3,1,1,4,0,0
9510424,1,1,0,0,1,0,0
6293,1,1,0,0,0,1,16
9207217,12,4,8,17,12,0,0
9209216,1,1,0,0,1,0,0
9710297,1,1,0,0,1,0,0
9512258,5,2,3,3,0,5,7
9612250,3,3,0,0,0,3,6
9908455,8,4,4,6,1,7,18
9409358,2,1,1,1,2,0,0
101199,0,0,0,0,0,0,0
9807223,6,2,4,6,0,6,27
9807383,5,1,4,8,3,2,2
9702277,6,3,3,5,1,5,5
9612203,8,1,7,22,8,0,0
9710525,0,0,0,0,0,0,0
9311360,5,2,3,3,2,3,6
108006,1,1,0,0,0,1,1
9704385,4,1,3,3,4,0,0
207157,2,2,0,0,0,2,15
9207242,5,4,1,1,5,0,0
9204234,8,3,5,11,8,0,0
9205218,1,1,0,0,1,0,0
104274,1,1,0,0,0,1,3
108069,5,1,4,6,0,5,26
9608290,0,0,0,0,0,0,0
205167,11,5,6,13,0,11,141
9801284,10,1,9,31,9,1,1
9503408,3,2,1,1,1,2,2
9312254,2,1,1,1,1,1,1
6303,0,0,0,0,0,0,0
9407299,2,2,0,0,2,0,0
9804437,2,2,0,0,0,2,5
9307274,4,3,1,1,4,0,0
111105,0,0,0,0,0,0,0
9903497,0,0,0,0,0,0,0
104086,5,1,4,8,0,5,48
9705423,11,3,8,30,0,11,11
9203202,2,2,0,0,2,0,0
1322,5,2,3,8,0,5,76
103342,4,1,3,6,1,3,3
110273,1,1,0,0,0,1,4
8290,1,1,0,0,0,1,1
9607263,5,1,4,7,0,5,10
2226,2,2,0,0,1,1,1
9707346,2,2,0,0,2,0,0
9358,6,1,5,10,0,6,30
9810387,1,1,0,0,0,1,6
9308265,7,2,5,10,7,0,0
202175,1,1,0,0,1,0,0
9404290,9,4,5,7,9,0,0
9801225,1,1,0,0,0,1,1
9903436,16,3,13,33,1,15,48
205103,1,1,0,0,0,1,9
205039,2,1,1,1,0,2,30
9708496,6,2,4,9,1,5,5
9309202,3,3,0,0,3,0,0
3116,0,0,0,0,0,0,0
9024,0,0,0,0,0,0,0
9712382,6,2,4,6,6,0,0
9902447,10,1,9,28,10,0,0
104048,3,2,1,1,0,3,18
9410405,4,2,2,3,4,0,0
9602384,1,1,0,0,0,1,1
104099,0,0,0,0,0,0,0
9502229,7,1,6,13,7,0,0
208142,3,2,1,2,0,3,68
9902429,4,4,0,0,0,4,12
9403310,13,7,6,6,2,11,19
9804258,1,1,0,0,0,1,4
9406401,3,1,2,2,0,3,9
5249,0,0,0,0,0,0,0
9210275,1,1,0,0,1,0,0
202078,3,2,1,1,0,3,3
207070,5,1,4,8,1,4,6
9304204,5,1,4,7,5,0,0
9511347,5,2,3,7,2,3,5
9204202,6,3,3,7,6,0,0
9811496,2,1,1,1,1,1,1
9712232,4,2,2,2,0,4,8
9811334,8,1,7,13,0,8,17
212110,0,0,0,0,0,0,0
9401231,0,0,0,0,0,0,0
9502339,1,1,0,0,0,1,1
9603373,1,1,0,0,0,1,4
9708408,1,1,0,0,0,1,3
9801269,2,2,0,0,0,2,25
112143,7,2,5,8,0,7,48
204326,1,1,0,0,1,0,0
9804341,7,5,2,7,7,0,0
9509349,5,1,4,6,5,0,0
9305341,2,1,1,1,2,0,0
9503477,8,2,6,10,5,3,3
103212,1,1,0,0,0,1,2
9611227,3,3,0,0,0,3,36
9212243,3,2,1,2,3,0,0
202140,3,1,2,2,3,0,0
210320,4,2,2,2,0,4,54
9809393,4,1,3,5,0,4,12
9904429,4,1,3,4,4,0,0
9904328,8,1,7,17,8,0,0
101194,4,3,1,1,1,3,5
9601326,10,3,7,9,0,10,20
9210202,1,1,0,0,1,0,0
9707533,2,2,0,0,1,1,1
11100,1,1,0,0,0,1,2
9708492,0,0,0,0,0,0,0
204296,0,0,0,0,0,0,0
9512229,1,1,0,0,0,1,10
209303,2,2,0,0,0,2,21
9710285,1,1,0,0,0,1,1
9910358,0,0,0,0,0,0,0
9903534,4,3,1,1,0,4,14
9510255,1,1,0,0,0,1,1
205315,3,1,2,3,0,3,9
301176,0,0,0,0,0,0,0
9602379,0,0,0,0,0,0,0
112353,0,0,0,0,0,0,0
110195,3,2,1,2,0,3,10
212265,0,0,0,0,0,0,0
204131,1,1,0,0,0,1,1
210425,0,0,0,0,0,0,0
9409318,0,0,0,0,0,0,0
9404206,2,1,1,1,2,0,0
9901329,2,2,0,0,0,2,4
9207276,1,1,0,0,1,0,0
9702364,5,1,4,7,2,3,7
9802384,7,2,5,12,1,6,6
102327,0,0,0,0,0,0,0
110315,0,0,0,0,0,0,0
9811229,1,1,0,0,1,0,0
9402252,0,0,0,0,0,0,0
11070,1,1,0,0,0,1,8
9405204,4,4,0,0,4,0,0
5188,0,0,0,0,0,0,0
9029,1,1,0,0,1,0,0
208233,0,0,0,0,0,0,0
1136,6,5,1,2,3,3,6
9711260,1,1,0,0,0,1,6
9910483,2,1,1,1,0,2,5
9401210,6,4,2,3,6,0,0
10224,1,1,0,0,0,1,3
9708321,0,0,0,0,0,0,0
9409418,5,1,4,8,0,5,9
9908528,10,2,8,17,1,9,33
209376,1,1,0,0,0,1,11
9606313,4,4,0,0,0,4,7
9610327,1,1,0,0,1,0,0
9902432,1,1,0,0,0,1,2
9608371,1,1,0,0,0,1,4
10060,3,2,1,1,0,3,7
102055,2,1,1,1,0,2,2
9402248,2,1,1,1,2,0,0
9501338,2,1,1,1,2,0,0
204077,1,1,0,0,0,1,4
9910528,0,0,0,0,0,0,0
9409344,4,2,2,3,0,4,20
101049,8,4,4,4,0,8,33
102029,1,1,0,0,0,1,6
110166,4,1,3,6,0,4,35
9808325,1,1,0,0,0,1,1
111450,0,0,0,0,0,0,0
9303316,1,1,0,0,1,0,0
204017,3,2,1,1,0,3,6
9901410,0,0,0,0,0,0,0
9707257,1,1,0,0,0,1,1
9906215,2,2,0,0,0,2,6
1233,6,2,4,5,1,5,30
9901375,2,2,0,0,1,1,1
9707287,0,0,0,0,0,0,0
9504361,1,1,0,0,1,0,0
9912484,0,0,0,0,0,0,0
9812470,1,1,0,0,1,0,0
9812350,2,2,0,0,0,2,8
9604227,7,2,5,10,0,7,7
205319,3,3,0,0,0,3,19
111234,4,1,3,5,0,4,32
102203,6,1,5,9,1,5,11
206093,1,1,0,0,0,1,1
208038,12,6,6,8,0,12,67
9409312,1,1,0,0,1,0,0
9903352,1,1,0,0,0,1,1
9903324,1,1,0,0,1,0,0
211041,1,1,0,0,0,1,7
9312219,1,1,0,0,0,1,1
9812307,1,1,0,0,1,0,0
9506433,1,1,0,0,0,1,1
9710456,1,1,0,0,1,0,0
9608323,1,1,0,0,0,1,1
9610273,0,0,0,0,0,0,0
103042,5,1,4,8,0,5,5
9806518,7,5,2,3,0,7,15
9708287,0,0,0,0,0,0,0
205163,0,0,0,0,0,0,0
9806347,1,1,0,0,0,1,1
9303254,1,1,0,0,1,0,0
9707403,2,1,1,1,0,2,3
207165,2,2,0,0,0,2,14
111123,4,2,2,2,3,1,1
206226,1,1,0,0,0,1,2
107219,10,4,6,9,1,9,24
205062,1,1,0,0,0,1,2
11043,1,1,0,0,1,0,0
111015,4,2,2,2,0,4,14
111185,0,0,0,0,0,0,0
106321,3,1,2,2,0,3,15
9710515,1,1,0,0,0,1,4
109019,0,0,0,0,0,0,0
9712334,0,0,0,0,0,0,0
203060,1,1,0,0,0,1,2
9602267,1,1,0,0,0,1,1
11187,0,0,0,0,0,0,0
9812422,0,0,0,0,0,0,0
9910536,4,2,2,4,4,0,0
9912241,3,1,2,3,0,3,9
9707272,5,1,4,9,3,2,2
9606326,1,1,0,0,0,1,1
9406222,3,2,1,1,3,0,0
9708447,2,2,0,0,0,2,4
9906471,2,2,0,0,2,0,0
204313,0,0,0,0,0,0,0
204358,3,2,1,1,0,3,20
9511349,4,4,0,0,0,4,8
9711285,1,1,0,0,1,0,0
9710528,3,1,2,2,0,3,6
9702250,1,1,0,0,0,1,2
9610351,0,0,0,0,0,0,0
302116,0,0,0,0,0,0,0
9602391,3,3,0,0,0,3,13
9612298,0,0,0,0,0,0,0
9911433,5,3,2,2,0,5,11
210179,3,3,0,0,1,2,3
9611288,2,2,0,0,0,2,22
9408230,0,0,0,0,0,0,0
9505330,1,1,0,0,1,0,0
2211,3,1,2,3,0,3,7
209186,0,0,0,0,0,0,0
9706393,2,2,0,0,0,2,7
106185,3,3,0,0,3,0,0
9304293,5,2,3,3,5,0,0
205218,0,0,0,0,0,0,0
6161,4,2,2,2,4,0,0
9903547,0,0,0,0,0,0,0
9607435,1,1,0,0,1,0,0
9906248,1,1,0,0,0,1,2
9510340,0,0,0,0,0,0,0
9704409,0,0,0,0,0,0,0
9707265,1,1,0,0,0,1,3
9403323,9,3,6,12,1,8,13
206218,0,0,0,0,0,0,0
9601244,1,1,0,0,1,0,0
109104,0,0,0,0,0,0,0
9409420,0,0,0,0,0,0,0
12120,1,1,0,0,0,1,4
9901421,1,1,0,0,0,1,1
9908407,3,1,2,3,0,3,4
110063,4,1,3,4,0,4,12
9708365,2,2,0,0,2,0,0
9506401,0,0,0,0,0,0,0
204075,0,0,0,0,0,0,0
9209227,2,1,1,1,2,0,0
9804344,2,2,0,0,2,0,0
110008,0,0,0,0,0,0,0
9312322,4,4,0,0,3,1,1
212347,0,0,0,0,0,0,0
112144,2,1,1,1,0,2,10
9606368,5,4,1,1,5,0,0
9907206,3,1,2,2,3,0,0
9812310,0,0,0,0,0,0,0
205049,0,0,0,0,0,0,0
9308322,4,4,0,0,4,0,0
5174,2,1,1,1,0,2,10
203117,1,1,0,0,0,1,1
2190,4,3,1,1,0,4,20
9301257,2,1,1,1,2,0,0
9308331,2,2,0,0,2,0,0
9308293,1,1,0,0,1,0,0
9811506,0,0,0,0,0,0,0
9503286,1,1,0,0,0,1,3
9701207,4,4,0,0,0,4,8
204359,1,1,0,0,1,0,0
202120,1,1,0,0,0,1,2
9303266,1,1,0,0,1,0,0
4001,2,2,0,0,0,2,34
207329,1,1,0,0,0,1,1
9805354,1,1,0,0,0,1,1
301064,0,0,0,0,0,0,0
105109,4,3,1,1,0,4,9
9904306,0,0,0,0,0,0,0
9406344,1,1,0,0,0,1,2
9701391,0,0,0,0,0,0,0
9611384,0,0,0,0,0,0,0
9604323,0,0,0,0,0,0,0
202147,3,2,1,1,0,3,3
207287,5,2,3,4,0,5,63
9608264,0,0,0,0,0,0,0
7231,2,2,0,0,0,2,8
9704263,0,0,0,0,0,0,0
203134,4,2,2,3,0,4,15
9402242,1,1,0,0,1,0,0
111389,1,1,0,0,0,1,15
107009,3,1,2,3,0,3,25
201105,1,1,0,0,0,1,9
9412326,2,1,1,1,2,0,0
9702401,2,2,0,0,2,0,0
9903225,0,0,0,0,0,0,0
9908262,0,0,0,0,0,0,0
9910222,0,0,0,0,0,0,0
9808249,0,0,0,0,0,0,0
9505295,2,2,0,0,0,2,6
9406322,1,1,0,0,0,1,2
9609324,0,0,0,0,0,0,0
201290,0,0,0,0,0,0,0
205072,3,2,1,1,0,3,12
9712444,0,0,0,0,0,0,0
6011,4,3,1,1,0,4,12
204202,2,2,0,0,0,2,11
9309275,1,1,0,0,1,0,0
104030,5,1,4,9,0,5,10
9911219,1,1,0,0,0,1,1
9701276,0,0,0,0,0,0,0
9707518,1,1,0,0,0,1,17
107047,1,1,0,0,0,1,1
9610509,0,0,0,0,0,0,0
2051,4,1,3,3,2,2,2
9506247,0,0,0,0,0,0,0
9302261,2,2,0,0,2,0,0
204073,0,0,0,0,0,0,0
108044,0,0,0,0,0,0,0
6178,0,0,0,0,0,0,0
9605249,1,1,0,0,0,1,1
111122,0,0,0,0,0,0,0
9712511,0,0,0,0,0,0,0
9803318,1,1,0,0,0,1,2
9508299,1,1,0,0,0,1,2
9910280,0,0,0,0,0,0,0
9505287,2,1,1,1,2,0,0
9910548,0,0,0,0,0,0,0
9805237,1,1,0,0,0,1,6
9608220,0,0,0,0,0,0,0
9211274,1,1,0,0,1,0,0
301014,2,2,0,0,0,2,32
205217,0,0,0,0,0,0,0
9706291,0,0,0,0,0,0,0
9608436,1,1,0,0,0,1,2
9410336,0,0,0,0,0,0,0
5036,0,0,0,0,0,0,0
210167,0,0,0,0,0,0,0
208165,0,0,0,0,0,0,0
9708402,2,1,1,1,0,2,23
211394,1,1,0,0,0,1,12
9907260,1,1,0,0,0,1,3
9606232,0,0,0,0,0,0,0
9804264,3,3,0,0,3,0,0
6227,0,0,0,0,0,0,0
7220,2,2,0,0,0,2,7
9910260,1,1,0,0,0,1,1
211049,0,0,0,0,0,0,0
9911497,0,0,0,0,0,0,0
9311354,0,0,0,0,0,0,0
9903297,0,0,0,0,0,0,0
107322,0,0,0,0,0,0,0
9908253,0,0,0,0,0,0,0
110080,0,0,0,0,0,0,0
112286,0,0,0,0,0,0,0
9905575,1,1,0,0,1,0,0
9609450,0,0,0,0,0,0,0
9308361,0,0,0,0,0,0,0
9812434,1,1,0,0,1,0,0
205154,0,0,0,0,0,0,0
12374,0,0,0,0,0,0,0
9509291,1,1,0,0,0,1,2
5119,0,0,0,0,0,0,0
105115,0,0,0,0,0,0,0
9805406,0,0,0,0,0,0,0
203114,1,1,0,0,0,1,27
205056,0,0,0,0,0,0,0
110268,1,1,0,0,1,0,0
9805363,3,2,1,1,0,3,12
9806449,0,0,0,0,0,0,0
201003,0,0,0,0,0,0,0
9903492,2,2,0,0,0,2,9
9807271,0,0,0,0,0,0,0
9905426,0,0,0,0,0,0,0
9904326,0,0,0,0,0,0,0
9905434,1,1,0,0,1,0,0
9223,2,2,0,0,2,0,0
9610309,0,0,0,0,0,0,0
206092,1,1,0,0,0,1,3
9801373,1,1,0,0,0,1,1
207076,1,1,0,0,0,1,2
1042,2,1,1,1,0,2,2
9506215,0,0,0,0,0,0,0
112153,0,0,0,0,0,0,0
9312260,1,1,0,0,1,0,0
9907354,2,1,1,1,2,0,0
201230,0,0,0,0,0,0,0
9911450,0,0,0,0,0,0,0
9905265,0,0,0,0,0,0,0
204315,1,1,0,0,0,1,6
9509326,1,1,0,0,1,0,0
104248,1,1,0,0,0,1,2
102183,0,0,0,0,0,0,0
9308247,0,0,0,0,0,0,0
9512254,0,0,0,0,0,0,0
9409402,1,1,0,0,1,0,0
12190,0,0,0,0,0,0,0
9220,0,0,0,0,0,0,0
9904506,0,0,0,0,0,0,0
9207251,4,4,0,0,4,0,0
9910440,0,0,0,0,0,0,0
9607445,0,0,0,0,0,0,0
9510416,1,1,0,0,1,0,0
102250,1,1,0,0,0,1,4
9811320,0,0,0,0,0,0,0
9604310,1,1,0,0,1,0,0
9208208,2,2,0,0,2,0,0
102307,4,2,2,3,4,0,0
9902275,0,0,0,0,0,0,0
8199,1,1,0,0,1,0,0
9903210,0,0,0,0,0,0,0
9901398,0,0,0,0,0,0,0
9809383,0,0,0,0,0,0,0
9606259,0,0,0,0,0,0,0
109203,1,1,0,0,1,0,0
9405319,0,0,0,0,0,0,0
102171,2,2,0,0,2,0,0
9411327,0,0,0,0,0,0,0
9806405,0,0,0,0,0,0,0
9811218,0,0,0,0,0,0,0
9510459,0,0,0,0,0,0,0
9912553,0,0,0,0,0,0,0
9507302,0,0,0,0,0,0,0
9704233,0,0,0,0,0,0,0
9810362,0,0,0,0,0,0,0
112350,0,0,0,0,0,0,0
104163,0,0,0,0,0,0,0
9303240,0,0,0,0,0,0,0
207099,0,0,0,0,0,0,0
9210223,1,1,0,0,1,0,0
111189,1,1,0,0,0,1,2
104204,2,2,0,0,0,2,8
9810518,0,0,0,0,0,0,0
9810312,1,1,0,0,0,1,1
9903232,0,0,0,0,0,0,0
9604377,0,0,0,0,0,0,0
205064,3,3,0,0,0,3,20
9404295,1,1,0,0,1,0,0
12267,3,1,2,3,0,3,9
9610434,1,1,0,0,1,0,0
112314,0,0,0,0,0,0,0
111283,0,0,0,0,0,0,0
9409417,0,0,0,0,0,0,0
9912256,1,1,0,0,1,0,0
11199,0,0,0,0,0,0,0
9411360,1,1,0,0,1,0,0
302241,0,0,0,0,0,0,0
302109,0,0,0,0,0,0,0
209354,2,2,0,0,2,0,0
9407300,0,0,0,0,0,0,0
6214,0,0,0,0,0,0,0
106262,1,1,0,0,0,1,4
9612266,0,0,0,0,0,0,0
9512323,1,1,0,0,1,0,0
301009,0,0,0,0,0,0,0
9507457,1,1,0,0,1,0,0
11362,3,3,0,0,0,3,5
210287,1,1,0,0,0,1,10
210110,1,1,0,0,0,1,1
9806313,1,1,0,0,1,0,0
9703309,0,0,0,0,0,0,0
205292,0,0,0,0,0,0,0
204046,1,1,0,0,0,1,1
110139,0,0,0,0,0,0,0
101058,0,0,0,0,0,0,0
9607471,0,0,0,0,0,0,0
9908266,0,0,0,0,0,0,0
212011,0,0,0,0,0,0,0
206232,1,1,0,0,0,1,9
12010,0,0,0,0,0,0,0
105321,1,1,0,0,1,0,0
3166,0,0,0,0,0,0,0
9609293,0,0,0,0,0,0,0
9508256,0,0,0,0,0,0,0
9302319,1,1,0,0,0,1,2
9707495,3,2,1,1,0,3,6
9705424,0,0,0,0,0,0,0
10189,0,0,0,0,0,0,0
9808395,0,0,0,0,0,0,0
9610366,0,0,0,0,0,0,0
9711228,0,0,0,0,0,0,0
9604245,1,1,0,0,1,0,0
212243,0,0,0,0,0,0,0
9902415,0,0,0,0,0,0,0
9808450,1,1,0,0,1,0,0
301214,0,0,0,0,0,0,0
9705403,0,0,0,0,0,0,0
9507206,3,1,2,3,1,2,6
9708375,0,0,0,0,0,0,0
9605248,0,0,0,0,0,0,0
9187,0,0,0,0,0,0,0
9912235,0,0,0,0,0,0,0
9802269,0,0,0,0,0,0,0
301163,1,1,0,0,0,1,3
111018,0,0,0,0,0,0,0
207033,0,0,0,0,0,0,0
302259,0,0,0,0,0,0,0
9501261,0,0,0,0,0,0,0
9905234,0,0,0,0,0,0,0
111207,3,2,1,1,0,3,3
105185,0,0,0,0,0,0,0
9907541,0,0,0,0,0,0,0
107143,2,2,0,0,0,2,12
301008,0,0,0,0,0,0,0
9902264,1,1,0,0,1,0,0
212303,0,0,0,0,0,0,0
9409292,0,0,0,0,0,0,0
9401286,0,0,0,0,0,0,0
6224,0,0,0,0,0,0,0
9904391,1,1,0,0,0,1,3
204355,0,0,0,0,0,0,0
9705313,0,0,0,0,0,0,0
9604386,1,1,0,0,1,0,0
301002,0,0,0,0,0,0,0
7013,0,0,0,0,0,0,0
9610241,0,0,0,0,0,0,0
106274,0,0,0,0,0,0,0
9809560,0,0,0,0,0,0,0
9704341,0,0,0,0,0,0,0
9609366,1,1,0,0,1,0,0
9909457,0,0,0,0,0,0,0
212032,0,0,0,0,0,0,0
3245,1,1,0,0,0,1,11
9708470,0,0,0,0,0,0,0
110086,0,0,0,0,0,0,0
9610322,0,0,0,0,0,0,0
212090,0,0,0,0,0,0,0
9903434,0,0,0,0,0,0,0
2027,0,0,0,0,0,0,0
9911472,0,0,0,0,0,0,0
8045,0,0,0,0,0,0,0
9908500,0,0,0,0,0,0,0
9806410,0,0,0,0,0,0,0
301277,0,0,0,0,0,0,0
111104,0,0,0,0,0,0,0
3128,0,0,0,0,0,0,0
3016,1,1,0,0,1,0,0
9602244,0,0,0,0,0,0,0
9509209,1,1,0,0,1,0,0
111195,0,0,0,0,0,0,0
210274,0,0,0,0,0,0,0
208062,0,0,0,0,0,0,0
9807471,0,0,0,0,0,0,0
112262,0,0,0,0,0,0,0
205236,0,0,0,0,0,0,0
9708401,1,1,0,0,1,0,0
109209,0,0,0,0,0,0,0
9606367,0,0,0,0,0,0,0
7195,0,0,0,0,0,0,0
9505370,0,0,0,0,0,0,0
211133,0,0,0,0,0,0,0
9510352,1,1,0,0,1,0,0
209198,0,0,0,0,0,0,0
202187,0,0,0,0,0,0,0
9810503,0,0,0,0,0,0,0
110112,0,0,0,0,0,0,0
9912444,1,1,0,0,0,1,2
9611382,0,0,0,0,0,0,0
10121,2,1,1,1,2,0,0
103148,0,0,0,0,0,0,0
106006,1,1,0,0,1,0,0
102155,0,0,0,0,0,0,0
9902262,0,0,0,0,0,0,0
206129,0,0,0,0,0,0,0
103117,0,0,0,0,0,0,0
107333,0,0,0,0,0,0,0
209234,0,0,0,0,0,0,0
9504298,0,0,0,0,0,0,0
9304270,1,1,0,0,1,0,0
209132,0,0,0,0,0,0,0
9606204,0,0,0,0,0,0,0
112005,0,0,0,0,0,0,0
105178,0,0,0,0,0,0,0
205309,0,0,0,0,0,0,0
301220,0,0,0,0,0,0,0
9807491,0,0,0,0,0,0,0
9709462,0,0,0,0,0,0,0
302066,0,0,0,0,0,0,0
9207243,0,0,0,0,0,0,0
9605402,0,0,0,0,0,0,0
202230,0,0,0,0,0,0,0
211309,0,0,0,0,0,0,0
9901417,0,0,0,0,0,0,0
5294,0,0,0,0,0,0,0
301141,0,0,0,0,0,0,0
110204,0,0,0,0,0,0,0
211192,0,0,0,0,0,0,0
212087,0,0,0,0,0,0,0
11125,0,0,0,0,0,0,0
9502410,0,0,0,0,0,0,0
301070,0,0,0,0,0,0,0
209011,0,0,0,0,0,0,0
4017,0,0,0,0,0,0,0
9805401,0,0,0,0,0,0,0
207088,0,0,0,0,0,0,0
9608260,0,0,0,0,0,0,0
9605274,0,0,0,0,0,0,0
9304224,0,0,0,0,0,0,0
301250,0,0,0,0,0,0,0
9611297,13,2,11,18,2,11,19
11238,18,1,17,47,0,18,99
9802300,57,1,56,527,4,53,290
9409260,9,1,8,19,1,8,11
2036,21,6,15,54,1,20,93
9605345,16,1,15,69,0,16,24
1056,7,2,5,11,0,7,37
9806289,7,2,5,5,0,7,27
9803277,64,3,61,654,3,61,275
9907422,31,4,27,178,0,31,270
9601260,2,2,0,0,0,2,4
9506256,38,2,36,239,0,38,103
9304307,43,3,40,272,43,0,0
9512378,5,5,0,0,0,5,23
9808301,63,3,60,566,1,62,239
9507212,56,1,55,460,7,49,64
9906487,45,2,43,388,0,45,258
9904338,17,3,14,45,1,16,76
9805281,15,4,11,22,0,15,22
9905320,14,1,13,50,0,14,284
9601241,2,1,1,1,2,0,0
9805427,20,3,17,72,0,20,112
9801431,15,3,12,47,0,15,75
9506319,2,1,1,1,0,2,7
9811205,5,2,3,4,0,5,21
9308329,9,3,6,17,9,0,0
9511288,91,3,88,1094,35,56,56
9803308,4,1,3,3,0,4,22
9504387,10,2,8,22,10,0,0
9806348,44,5,39,300,0,44,561
108240,11,1,10,14,0,11,119
8023,20,2,18,89,9,11,11
9610358,34,2,32,165,0,34,292
9707537,18,2,16,42,0,18,176
10074,1,1,0,0,1,0,0
6068,6,2,4,10,0,6,81
9605220,35,4,31,170,1,34,190
9311345,52,2,50,416,45,7,7
9709288,21,2,19,84,0,21,82
9612362,8,1,7,15,3,5,5
9711258,15,2,13,43,2,13,24
9804456,4,1,3,4,0,4,15
9305274,37,4,33,340,37,0,0
9512421,10,5,5,12,0,10,22
9602431,4,3,1,2,4,0,0
9407401,26,3,23,112,26,0,0
4267,6,1,5,11,0,6,10
9607290,13,1,12,23,7,6,8
9407359,17,6,11,26,3,14,14
9808430,3,3,0,0,0,3,11
9709454,2,2,0,0,0,2,2
9311363,5,2,3,3,5,0,0
9209268,62,7,55,500,62,0,0
9805297,5,2,3,4,0,5,13
9708327,18,3,15,52,0,18,242
9204229,24,6,18,127,24,0,0
9207218,23,1,22,111,23,0,0
9501388,9,4,5,10,0,9,46
9411235,1,1,0,0,0,1,2
9409434,16,1,15,63,16,0,0
9508280,16,3,13,26,3,13,23
9508202,36,2,34,271,36,0,0
9708219,18,1,17,70,0,18,89
11250,17,5,12,31,0,17,121
9606463,13,2,11,41,0,13,73
9808474,4,1,3,6,0,4,4
9312319,58,3,55,447,58,0,0
11379,11,3,8,17,0,11,73
9910550,41,2,39,310,0,41,732
9307330,9,3,6,17,0,9,32
9910541,5,2,3,5,0,5,69
109095,11,2,9,20,0,11,76
9306214,15,2,13,60,8,7,14
9406359,16,1,15,53,16,0,0
9612261,2,2,0,0,0,2,10
9503443,43,1,42,313,6,37,73
9705361,15,1,14,63,2,13,13
9808276,2,2,0,0,0,2,18
9707331,9,1,8,24,0,9,57
9609374,8,3,5,11,3,5,11
9611374,26,1,25,154,16,10,10
9812418,16,1,15,42,0,16,46
9906481,30,2,28,132,0,30,278
102139,0,0,0,0,0,0,0
9807213,4,4,0,0,4,0,0
9905305,7,4,3,6,0,7,29
9504302,6,6,0,0,0,6,14
2049,21,3,18,72,0,21,60
9205233,13,2,11,32,13,0,0
9310326,4,4,0,0,4,0,0
2063,19,1,18,71,3,16,37
9610527,9,1,8,15,0,9,29
9401209,11,2,9,38,0,11,60
9905481,59,5,54,429,1,58,209
9705444,15,2,13,45,0,15,46
7202,6,3,3,5,0,6,22
7078,2,1,1,1,0,2,18
104034,21,3,18,55,0,21,236
104095,5,2,3,6,0,5,38
9604451,12,4,8,9,0,12,17
9288,8,3,5,9,1,7,28
9610541,9,1,8,25,9,0,0
9706545,4,1,3,4,0,4,13
7099,7,1,6,12,0,7,21
9802204,9,2,7,11,1,8,14
105126,0,0,0,0,0,0,0
9505410,8,1,7,15,0,8,12
9903298,34,3,31,157,0,34,200
9904432,6,1,5,7,0,6,112
1161,6,2,4,7,0,6,11
211412,2,2,0,0,1,1,18
108033,2,1,1,1,0,2,15
202124,14,3,11,43,0,14,188
9912408,26,1,25,125,0,26,91
9606428,18,2,16,40,6,12,22
9904262,33,2,31,192,0,33,654
9812296,8,1,7,16,8,0,0
9712542,24,1,23,90,0,24,98
9911323,17,1,16,35,1,16,16
6092,4,3,1,2,0,4,4
9912240,6,1,5,8,0,6,12
9606452,2,1,1,1,0,2,6
9312274,6,1,5,10,6,0,0
9507416,25,4,21,63,1,24,63
101212,5,2,3,3,0,5,106
9906225,4,3,1,1,0,4,12
9809433,29,3,26,119,0,29,340
9511315,92,2,90,783,0,92,383
9706369,9,2,7,16,0,9,104
9702331,13,1,12,41,4,9,14
106158,0,0,0,0,0,0,0
9706423,4,3,1,1,1,3,3
9701261,3,2,1,1,0,3,9
9708421,14,2,12,36,8,6,6
9609449,20,3,17,71,1,19,85
9712535,27,3,24,108,0,27,243
9410228,5,1,4,7,0,5,12
10066,2,1,1,1,2,0,0
9503234,3,1,2,2,0,3,10
9805509,10,1,9,26,10,0,0
9911490,9,2,7,11,0,9,151
9809485,3,1,2,2,2,1,1
9507365,5,3,2,2,4,1,1
9611256,2,1,1,1,2,0,0
9710508,5,2,3,4,0,5,27
9803237,22,4,18,60,0,22,118
9710300,11,5,6,12,0,11,55
9311274,24,2,22,105,24,0,0
9403212,6,1,5,11,6,0,0
9707345,8,3,5,13,0,8,23
9709376,20,4,16,54,0,20,211
9605207,11,3,8,43,0,11,16
9511448,21,2,19,46,7,14,25
9706476,22,5,17,79,0,22,126
9304274,3,3,0,0,3,0,0
9403245,1,1,0,0,1,0,0
9605283,52,5,47,455,0,52,419
9703276,70,2,68,964,13,57,96
9407372,12,3,9,17,12,0,0
9406245,18,2,16,93,11,7,7
4100,3,3,0,0,0,3,28
9905327,1,1,0,0,0,1,2
9605301,10,1,9,36,10,0,0
9808327,4,3,1,2,4,0,0
9503377,19,3,16,74,0,19,121
9712221,22,4,18,80,0,22,305
9811470,9,1,8,21,5,4,4
112059,10,3,7,26,10,0,0
6116,11,3,8,21,0,11,116
9307336,15,4,11,25,15,0,0
9506425,25,2,23,123,25,0,0
9501404,7,2,5,11,0,7,23
9611286,1,1,0,0,0,1,3
9603413,4,2,2,3,4,0,0
9501216,2,1,1,1,0,2,3
103049,18,2,16,53,0,18,53
9409348,9,1,8,25,0,9,9
9511282,0,0,0,0,0,0,0
9503384,36,4,32,180,31,5,5
9501214,19,1,18,82,19,0,0
10354,31,2,29,164,12,19,19
9609511,21,2,19,110,9,12,16
104189,1,1,0,0,1,0,0
9710214,14,3,11,36,0,14,86
9908524,2,1,1,1,0,2,6
9812490,3,2,1,1,0,3,4
9510443,8,3,5,11,0,8,36
9903419,9,2,7,25,2,7,13
7288,3,1,2,2,0,3,24
9712277,16,3,13,28,0,16,134
4209,4,2,2,5,1,3,8
201174,4,4,0,0,0,4,14
9909556,2,2,0,0,0,2,12
11357,5,2,3,4,0,5,8
210050,0,0,0,0,0,0,0
9601391,2,2,0,0,0,2,10
9401332,10,1,9,31,1,9,9
9603337,4,1,3,4,3,1,2
9607463,6,3,3,6,0,6,21
9602218,11,2,9,13,0,11,80
9504349,13,1,12,36,13,0,0
9803285,5,1,4,6,5,0,0
9304238,2,1,1,1,2,0,0
9606470,2,2,0,0,0,2,3
6003,4,1,3,4,0,4,4
207183,2,2,0,0,1,1,1
9911206,3,2,1,1,0,3,26
9602354,3,3,0,0,0,3,8
9507363,27,1,26,168,0,27,54
9809247,18,3,15,59,0,18,183
9409238,5,1,4,7,5,0,0
104134,3,2,1,2,0,3,20
103258,34,2,32,201,0,34,222
11259,0,0,0,0,0,0,0
9711231,25,4,21,84,2,23,51
9312337,2,1,1,1,2,0,0
9907510,23,2,21,63,1,22,50
9407254,0,0,0,0,0,0,0
12318,1,1,0,0,0,1,4
1273,2,2,0,0,0,2,13
9207232,13,1,12,35,13,0,0
9607470,4,1,3,4,0,4,7
108170,20,3,17,67,0,20,284
9601246,7,4,3,5,0,7,7
9803384,6,2,4,7,0,6,25
9411204,2,1,1,1,0,2,15
3233,9,4,5,6,0,9,35
9503450,1,1,0,0,1,0,0
201133,2,1,1,1,0,2,11
9311297,7,2,5,10,2,5,8
9606244,4,3,1,2,0,4,24
9705442,18,1,17,68,18,0,0
9712345,0,0,0,0,0,0,0
301251,0,0,0,0,0,0,0
6119,12,2,10,29,0,12,227
9612320,6,2,4,8,1,5,17
9801442,6,3,3,4,2,4,6
9909326,5,2,3,5,1,4,4
9401348,2,2,0,0,2,0,0
9902375,11,1,10,30,1,10,17
9908281,0,0,0,0,0,0,0
9503455,0,0,0,0,0,0,0
207107,2,2,0,0,0,2,8
204194,12,1,11,45,1,11,59
9901433,7,1,6,11,1,6,6
9610504,4,3,1,2,1,3,3
104109,6,2,4,6,0,6,22
7254,3,1,2,2,0,3,12
6014,5,1,4,7,0,5,35
8232,3,2,1,1,0,3,28
9408210,8,1,7,12,8,0,0
205199,6,3,3,5,0,6,139
9501251,19,1,18,67,2,17,27
9605388,2,2,0,0,2,0,0
12372,2,2,0,0,0,2,4
9412219,9,2,7,19,9,0,0
9504284,7,1,6,10,0,7,14
9905543,9,1,8,20,0,9,44
211399,0,0,0,0,0,0,0
8221,5,2,3,7,1,4,17
4098,6,2,4,10,0,6,154
9511311,3,1,2,2,3,0,0
9812340,1,1,0,0,0,1,7
9711472,4,4,0,0,0,4,7
9512358,4,1,3,4,2,2,2
9506329,8,1,7,21,1,7,14
9604222,3,1,2,2,0,3,6
9512248,15,2,13,46,1,14,31
9806436,5,1,4,6,5,0,0
9403371,8,2,6,11,8,0,0
9810412,8,2,6,25,0,8,22
5301,5,3,2,5,0,5,24
9403233,1,1,0,0,0,1,1
9907466,7,2,5,12,0,7,39
9912363,1,1,0,0,0,1,4
9906311,14,5,9,35,0,14,119
9911475,2,2,0,0,0,2,2
9811271,3,3,0,0,3,0,0
108081,1,1,0,0,1,0,0
9512407,4,1,3,6,4,0,0
3159,5,2,3,4,0,5,28
9705382,1,1,0,0,0,1,2
9810331,5,1,4,6,1,4,9
102159,0,0,0,0,0,0,0
9408223,4,2,2,3,4,0,0
9509216,12,2,10,35,12,0,0
9903499,2,1,1,1,0,2,6
12283,6,2,4,8,0,6,46
110043,2,2,0,0,0,2,4
9908499,0,0,0,0,0,0,0
9312268,13,2,11,24,13,0,0
103147,2,2,0,0,0,2,8
9908485,8,3,5,10,3,5,11
9503470,6,2,4,7,6,0,0
9705255,2,2,0,0,1,1,1
9702207,3,2,1,1,0,3,5
9604280,10,1,9,29,10,0,0
9910449,1,1,0,0,0,1,2
9708469,8,2,6,11,0,8,24
9611233,1,1,0,0,0,1,1
9709367,7,4,3,5,0,7,19
9903501,20,3,17,87,0,20,94
5125,4,1,3,6,0,4,19
207054,0,0,0,0,0,0,0
9709363,14,2,12,21,0,14,61
109094,2,2,0,0,0,2,12
9907224,29,3,26,131,0,29,217
9905525,1,1,0,0,0,1,6
9706504,4,3,1,1,0,4,17
9612461,14,6,8,19,14,0,0
9609358,9,5,4,11,0,9,55
9805440,3,3,0,0,0,3,15
1332,2,2,0,0,0,2,8
9209273,4,2,2,3,4,0,0
9612347,2,2,0,0,0,2,5
9809444,3,3,0,0,0,3,15
9607324,8,2,6,16,0,8,21
9606311,10,1,9,17,0,10,17
203242,5,4,1,1,0,5,39
9809364,6,3,3,3,0,6,52
9802251,8,2,6,14,0,8,29
4262,6,2,4,7,0,6,66
9803259,2,2,0,0,0,2,13
9709399,4,1,3,4,0,4,4
9608470,7,4,3,5,1,6,28
9911436,22,5,17,60,0,22,175
106159,13,3,10,27,0,13,63
202239,13,3,10,28,0,13,90
205302,1,1,0,0,0,1,14
9809270,0,0,0,0,0,0,0
9808371,4,4,0,0,4,0,0
9905557,3,2,1,1,0,3,7
9709467,1,1,0,0,0,1,1
12291,4,2,2,3,0,4,41
203159,1,1,0,0,0,1,4
9701248,23,4,19,73,1,22,26
9809233,1,1,0,0,0,1,1
9706380,2,1,1,1,2,0,0
9704327,15,3,12,51,0,15,164
9812385,4,4,0,0,0,4,16
9806503,0,0,0,0,0,0,0
9703361,1,1,0,0,0,1,3
9610490,10,3,7,17,10,0,0
9708363,11,2,9,16,0,11,39
2007,3,1,2,3,0,3,52
9303231,7,4,3,7,4,3,4
102010,14,2,12,43,1,13,22
101294,2,2,0,0,0,2,9
9403319,3,3,0,0,0,3,3
9908492,3,2,1,1,3,0,0
210244,1,1,0,0,0,1,8
9303279,6,4,2,3,6,0,0
8222,20,4,16,58,10,10,10
9906359,7,3,4,4,0,7,12
9904311,4,1,3,3,4,0,0
3100,3,2,1,1,0,3,8
9411302,11,1,10,18,11,0,0
210342,0,0,0,0,0,0,0
204335,4,1,3,4,0,4,26
9410317,6,1,5,10,3,3,3
9508349,1,1,0,0,0,1,5
3218,3,2,1,1,0,3,13
9312281,3,2,1,1,3,0,0
9711221,2,2,0,0,0,2,5
9807523,4,1,3,6,0,4,8
209116,1,1,0,0,1,0,0
11191,4,2,2,2,0,4,13
9911393,4,1,3,3,0,4,6
9304210,3,2,1,2,3,0,0
9706336,3,1,2,2,3,0,0
9508405,2,2,0,0,0,2,2
107145,0,0,0,0,0,0,0
212161,1,1,0,0,0,1,9
9712462,1,1,0,0,1,0,0
9904437,0,0,0,0,0,0,0
9507335,5,1,4,10,0,5,5
9601220,4,1,3,4,0,4,16
9604287,1,1,0,0,1,0,0
107200,9,1,8,13,4,5,7
9607206,2,2,0,0,0,2,5
9306295,4,3,1,1,0,4,4
9712426,0,0,0,0,0,0,0
9801254,1,1,0,0,0,1,3
9606250,3,1,2,2,3,0,0
1211,2,2,0,0,0,2,53
11095,4,1,3,5,0,4,12
9610330,0,0,0,0,0,0,0
208112,2,2,0,0,0,2,23
203133,1,1,0,0,0,1,2
9809491,1,1,0,0,1,0,0
9701338,12,3,9,31,1,11,20
9702427,0,0,0,0,0,0,0
112132,12,3,9,18,0,12,191
9807371,16,1,15,92,0,16,24
10326,4,3,1,1,0,4,26
111037,1,1,0,0,0,1,16
103140,1,1,0,0,0,1,14
9407297,0,0,0,0,0,0,0
9911308,3,3,0,0,0,3,7
9505387,9,1,8,26,6,3,3
9208245,7,3,4,8,7,0,0
9908355,14,3,11,44,0,14,57
9610487,0,0,0,0,0,0,0
9603360,1,1,0,0,1,0,0
5069,8,2,6,12,0,8,36
210263,8,1,7,25,8,0,0
9802262,5,3,2,2,1,4,19
9205227,3,3,0,0,3,0,0
9511348,9,3,6,13,0,9,24
210092,0,0,0,0,0,0,0
9308216,3,2,1,1,3,0,0
9805489,0,0,0,0,0,0,0
9412379,4,2,2,4,4,0,0
8140,1,1,0,0,0,1,4
3133,0,0,0,0,0,0,0
104080,5,2,3,5,0,5,17
9609530,2,1,1,1,0,2,4
9901261,2,1,1,1,0,2,6
9903495,6,1,5,10,2,4,4
9801281,3,2,1,1,0,3,7
9711333,9,2,7,22,1,8,14
9312264,4,4,0,0,4,0,0
9405256,7,4,3,3,2,5,12
110217,1,1,0,0,1,0,0
6073,1,1,0,0,0,1,2
107264,2,2,0,0,0,2,19
206043,1,1,0,0,0,1,1
9512335,0,0,0,0,0,0,0
9209207,3,2,1,1,3,0,0
9707434,2,1,1,1,2,0,0
103174,10,2,8,23,0,10,39
9608335,0,0,0,0,0,0,0
8280,6,2,4,6,0,6,95
9906357,8,1,7,14,1,7,13
9807233,1,1,0,0,0,1,6
9701351,2,2,0,0,0,2,3
9712442,0,0,0,0,0,0,0
9810548,1,1,0,0,1,0,0
9610296,2,1,1,1,0,2,5
9701262,1,1,0,0,0,1,2
7317,4,1,3,4,0,4,31
302174,0,0,0,0,0,0,0
104217,8,3,5,10,0,8,102
210323,3,3,0,0,0,3,78
9804383,2,2,0,0,0,2,6
2006,7,1,6,11,0,7,56
101002,4,1,3,6,4,0,0
9501204,8,2,6,14,8,0,0
9411439,5,3,2,2,1,4,8
9708263,6,1,5,7,0,6,6
9402215,2,1,1,1,2,0,0
9907322,8,2,6,25,2,6,19
104155,4,1,3,4,0,4,18
9055,0,0,0,0,0,0,0
9402238,3,2,1,1,0,3,5
9504262,0,0,0,0,0,0,0
9812238,2,2,0,0,0,2,7
9804266,0,0,0,0,0,0,0
9906231,0,0,0,0,0,0,0
208214,2,1,1,1,0,2,34
102339,2,2,0,0,0,2,15
9806455,11,2,9,26,0,11,17
9409206,0,0,0,0,0,0,0
9803489,2,2,0,0,0,2,5
10349,0,0,0,0,0,0,0
9906408,4,2,2,3,0,4,4
9910476,9,2,7,19,0,9,9
104142,1,1,0,0,0,1,7
9601219,2,2,0,0,2,0,0
9606295,8,2,6,14,1,7,9
9706205,1,1,0,0,0,1,2
9505260,5,1,4,7,1,4,4
9904260,4,3,1,1,0,4,22
9808486,0,0,0,0,0,0,0
9501312,6,4,2,2,0,6,10
9808217,2,2,0,0,0,2,12
9401324,2,1,1,1,0,2,4
9812338,1,1,0,0,0,1,4
9802363,0,0,0,0,0,0,0
9612241,4,1,3,3,4,0,0
209290,5,1,4,7,0,5,25
9401245,6,2,4,6,6,0,0
9901293,2,1,1,1,1,1,1
103101,2,2,0,0,1,1,3
9901339,7,2,5,9,3,4,10
211073,0,0,0,0,0,0,0
9602433,3,2,1,1,3,0,0
210089,1,1,0,0,1,0,0
9802297,1,1,0,0,1,0,0
9510373,2,2,0,0,2,0,0
9509426,1,1,0,0,0,1,1
109130,2,1,1,1,1,1,4
9601266,0,0,0,0,0,0,0
202121,8,2,6,14,0,8,42
110214,0,0,0,0,0,0,0
9603255,3,1,2,3,3,0,0
9803376,4,1,3,4,1,3,3
9604263,1,1,0,0,1,0,0
9812526,6,3,3,5,0,6,11
9411315,0,0,0,0,0,0,0
9907392,0,0,0,0,0,0,0
9305250,5,2,3,6,5,0,0
204289,2,2,0,0,0,2,2
205269,4,3,1,1,0,4,36
9606451,3,1,2,2,0,3,3
9907394,0,0,0,0,0,0,0
9904349,5,1,4,6,0,5,10
9709405,2,2,0,0,0,2,11
9602438,8,7,1,1,0,8,26
9312293,0,0,0,0,0,0,0
9508248,5,4,1,3,1,4,4
11398,2,1,1,1,0,2,4
106104,1,1,0,0,0,1,19
105347,3,3,0,0,0,3,14
9402268,0,0,0,0,0,0,0
210125,2,2,0,0,0,2,18
9904324,3,1,2,2,0,3,3
9409225,5,2,3,4,5,0,0
12317,0,0,0,0,0,0,0
9801346,1,1,0,0,1,0,0
9909312,1,1,0,0,0,1,1
9612438,4,3,1,1,0,4,7
9501282,5,4,1,1,5,0,0
11274,3,1,2,3,0,3,14
9811491,1,1,0,0,0,1,2
9312265,3,3,0,0,3,0,0
204061,4,3,1,2,1,3,13
2220,1,1,0,0,0,1,1
9310380,1,1,0,0,1,0,0
9502214,2,1,1,1,2,0,0
9505272,5,1,4,8,1,4,10
9504278,1,1,0,0,1,0,0
9304239,4,1,3,4,4,0,0
9810498,1,1,0,0,0,1,1
9905212,6,1,5,7,0,6,13
9176,2,1,1,1,0,2,3
11237,1,1,0,0,0,1,4
9208202,3,3,0,0,3,0,0
9905416,2,1,1,1,0,2,10
3293,0,0,0,0,0,0,0
10213,1,1,0,0,0,1,6
9907254,7,4,3,4,0,7,14
4225,5,3,2,3,0,5,6
5164,4,3,1,1,0,4,13
9607221,1,1,0,0,0,1,4
9711234,1,1,0,0,0,1,5
9401323,8,6,2,3,8,0,0
106127,2,2,0,0,0,2,9
8235,1,1,0,0,0,1,3
9701293,4,1,3,3,1,3,12
9806434,2,1,1,1,1,1,1
203090,2,1,1,1,0,2,13
9811475,0,0,0,0,0,0,0
207032,0,0,0,0,0,0,0
9612487,2,1,1,1,0,2,4
302165,0,0,0,0,0,0,0
9412232,1,1,0,0,0,1,1
102056,1,1,0,0,0,1,4
11212,0,0,0,0,0,0,0
9605424,1,1,0,0,0,1,1
201258,4,2,2,2,1,3,6
7255,6,2,4,8,2,4,9
9508220,4,2,2,3,0,4,16
204184,3,3,0,0,0,3,10
12202,0,0,0,0,0,0,0
110287,11,3,8,33,0,11,54
9709351,2,1,1,1,0,2,11
203072,1,1,0,0,0,1,4
9712331,1,1,0,0,0,1,1
9205202,4,2,2,3,4,0,0
9808303,2,2,0,0,0,2,3
9711442,6,4,2,4,0,6,17
9711509,4,2,2,3,0,4,9
9511404,6,3,3,6,0,6,21
6348,5,1,4,7,0,5,5
9912459,0,0,0,0,0,0,0
9601264,1,1,0,0,1,0,0
2138,3,2,1,1,0,3,11
9406283,3,3,0,0,3,0,0
103043,0,0,0,0,0,0,0
9610336,3,1,2,3,0,3,19
9709459,1,1,0,0,0,1,2
11206,6,2,4,8,3,3,5
9704228,9,2,7,19,9,0,0
207318,1,1,0,0,0,1,3
209085,3,2,1,1,0,3,15
9506426,1,1,0,0,1,0,0
9811514,2,2,0,0,1,1,1
9809340,0,0,0,0,0,0,0
105304,6,1,5,14,0,6,35
9509211,2,2,0,0,0,2,4
9902271,1,1,0,0,0,1,7
9312280,2,1,1,1,2,0,0
4250,2,1,1,1,1,1,2
9711475,2,1,1,1,0,2,4
9504321,1,1,0,0,0,1,4
201257,2,1,1,1,0,2,6
9808419,1,1,0,0,0,1,2
9704276,6,1,5,11,0,6,58
111337,0,0,0,0,0,0,0
206305,2,1,1,1,1,1,1
9804257,3,1,2,2,3,0,0
108201,3,1,2,3,0,3,4
1281,0,0,0,0,0,0,0
9302276,0,0,0,0,0,0,0
9611427,0,0,0,0,0,0,0
111025,2,2,0,0,0,2,5
9304320,4,2,2,2,4,0,0
9805402,1,1,0,0,1,0,0
111271,4,3,1,1,0,4,4
111173,1,1,0,0,0,1,1
9310352,0,0,0,0,0,0,0
9910300,0,0,0,0,0,0,0
201077,3,3,0,0,0,3,67
12050,3,1,2,3,0,3,9
9403396,3,2,1,1,3,0,0
9709263,0,0,0,0,0,0,0
3135,4,1,3,4,0,4,15
9811283,2,2,0,0,0,2,3
9906235,8,2,6,21,0,8,20
203201,1,1,0,0,0,1,3
9906554,1,1,0,0,0,1,5
9501291,0,0,0,0,0,0,0
9710461,2,2,0,0,1,1,1
9608258,0,0,0,0,0,0,0
9906533,3,3,0,0,3,0,0
9408403,2,2,0,0,2,0,0
207079,8,5,3,4,0,8,91
9601327,2,1,1,1,0,2,3
9501331,3,2,1,1,3,0,0
9901264,3,1,2,3,0,3,13
9612330,0,0,0,0,0,0,0
9502344,0,0,0,0,0,0,0
205340,4,1,3,4,0,4,33
9911400,2,2,0,0,2,0,0
9611314,0,0,0,0,0,0,0
205041,2,1,1,1,0,2,13
210180,1,1,0,0,1,0,0
209265,0,0,0,0,0,0,0
301100,0,0,0,0,0,0,0
9412392,1,1,0,0,1,0,0
4201,2,1,1,1,0,2,8
2278,2,2,0,0,0,2,4
9175,1,1,0,0,0,1,3
9911227,3,2,1,1,2,1,2
9312317,4,2,2,2,4,0,0
212298,1,1,0,0,0,1,4
9409355,0,0,0,0,0,0,0
3266,4,2,2,2,0,4,7
9902353,2,2,0,0,2,0,0
9503254,0,0,0,0,0,0,0
9510260,1,1,0,0,1,0,0
9712509,0,0,0,0,0,0,0
9801401,0,0,0,0,0,0,0
211215,0,0,0,0,0,0,0
204095,3,2,1,1,0,3,14
9512221,1,1,0,0,1,0,0
9308372,0,0,0,0,0,0,0
102287,3,1,2,2,1,2,2
9909401,4,1,3,5,0,4,21
111469,0,0,0,0,0,0,0
111379,2,2,0,0,0,2,11
206070,3,2,1,1,0,3,16
9702240,1,1,0,0,1,0,0
209286,0,0,0,0,0,0,0
9809387,0,0,0,0,0,0,0
9210278,1,1,0,0,0,1,1
9503261,0,0,0,0,0,0,0
203036,0,0,0,0,0,0,0
110330,0,0,0,0,0,0,0
112277,1,1,0,0,0,1,3
201155,2,1,1,1,0,2,9
9606369,5,4,1,1,5,0,0
9802305,0,0,0,0,0,0,0
9411226,3,3,0,0,3,0,0
111214,1,1,0,0,1,0,0
9310292,3,3,0,0,0,3,9
9809585,2,1,1,1,1,1,1
201295,0,0,0,0,0,0,0
9907295,1,1,0,0,1,0,0
9308317,3,2,1,2,3,0,0
9511279,2,2,0,0,0,2,4
302223,0,0,0,0,0,0,0
1317,0,0,0,0,0,0,0
12361,1,1,0,0,1,0,0
9605268,2,2,0,0,0,2,16
109044,2,2,0,0,1,1,2
8130,0,0,0,0,0,0,0
11020,1,1,0,0,0,1,6
9317,0,0,0,0,0,0,0
9912267,4,2,2,2,4,0,0
9412264,1,1,0,0,0,1,1
210441,0,0,0,0,0,0,0
11044,2,2,0,0,0,2,3
9807382,6,5,1,1,0,6,13
110156,0,0,0,0,0,0,0
9808228,1,1,0,0,1,0,0
5184,0,0,0,0,0,0,0
9511406,3,3,0,0,0,3,3
204317,0,0,0,0,0,0,0
202012,8,2,6,17,0,8,92
9910410,2,1,1,1,0,2,20
9611330,0,0,0,0,0,0,0
208070,4,3,1,3,0,4,19
206238,2,1,1,1,0,2,13
9410362,0,0,0,0,0,0,0
208088,4,1,3,5,0,4,46
212278,0,0,0,0,0,0,0
9604269,1,1,0,0,0,1,5
9303298,1,1,0,0,1,0,0
9711222,0,0,0,0,0,0,0
9809479,0,0,0,0,0,0,0
9706361,1,1,0,0,1,0,0
9508383,3,1,2,2,3,0,0
106285,0,0,0,0,0,0,0
210175,0,0,0,0,0,0,0
209259,0,0,0,0,0,0,0
9810300,0,0,0,0,0,0,0
9803375,3,2,1,1,2,1,1
210216,1,1,0,0,0,1,5
9711357,1,1,0,0,1,0,0
9911271,0,0,0,0,0,0,0
111351,1,1,0,0,1,0,0
9907503,1,1,0,0,1,0,0
109043,5,1,4,9,0,5,21
9902336,5,4,1,1,5,0,0
9809591,0,0,0,0,0,0,0
210116,0,0,0,0,0,0,0
206006,0,0,0,0,0,0,0
301105,0,0,0,0,0,0,0
207192,0,0,0,0,0,0,0
9810390,1,1,0,0,0,1,1
9907438,1,1,0,0,0,1,4
205294,0,0,0,0,0,0,0
9604274,2,2,0,0,2,0,0
12216,0,0,0,0,0,0,0
9503360,0,0,0,0,0,0,0
106208,3,2,1,1,0,3,18
8211,0,0,0,0,0,0,0
9709311,0,0,0,0,0,0,0
9305320,2,1,1,1,2,0,0
9603252,2,1,1,1,0,2,2
106272,0,0,0,0,0,0,0
9811486,1,1,0,0,1,0,0
9605438,0,0,0,0,0,0,0
9703297,0,0,0,0,0,0,0
9310225,1,1,0,0,1,0,0
210257,3,1,2,3,0,3,9
9609208,0,0,0,0,0,0,0
9508251,1,1,0,0,1,0,0
9711233,1,1,0,0,0,1,5
9806254,0,0,0,0,0,0,0
4195,2,2,0,0,0,2,2
9802400,1,1,0,0,1,0,0
107077,1,1,0,0,0,1,3
209154,0,0,0,0,0,0,0
212089,1,1,0,0,0,1,11
9808386,2,1,1,1,0,2,7
9603225,1,1,0,0,0,1,3
9605227,3,3,0,0,0,3,5
205059,0,0,0,0,0,0,0
9140,1,1,0,0,0,1,11
9606301,1,1,0,0,1,0,0
9111,0,0,0,0,0,0,0
9906372,0,0,0,0,0,0,0
9702312,0,0,0,0,0,0,0
9612341,1,1,0,0,0,1,2
9707383,0,0,0,0,0,0,0
9907329,0,0,0,0,0,0,0
105046,1,1,0,0,0,1,2
9606299,0,0,0,0,0,0,0
212009,0,0,0,0,0,0,0
301237,0,0,0,0,0,0,0
9307343,1,1,0,0,1,0,0
105220,0,0,0,0,0,0,0
202098,1,1,0,0,1,0,0
9904204,1,1,0,0,0,1,2
112046,0,0,0,0,0,0,0
211466,0,0,0,0,0,0,0
9508345,0,0,0,0,0,0,0
4011,0,0,0,0,0,0,0
209061,0,0,0,0,0,0,0
9802375,2,2,0,0,2,0,0
107160,1,1,0,0,1,0,0
9702316,3,1,2,3,0,3,12
9609424,0,0,0,0,0,0,0
106301,3,2,1,1,0,3,15
9507320,0,0,0,0,0,0,0
203184,0,0,0,0,0,0,0
6109,0,0,0,0,0,0,0
9608380,0,0,0,0,0,0,0
9905490,1,1,0,0,1,0,0
101178,0,0,0,0,0,0,0
9307333,1,1,0,0,1,0,0
204251,0,0,0,0,0,0,0
2206,2,2,0,0,0,2,2
9803280,2,1,1,1,0,2,3
9709428,3,1,2,3,3,0,0
9805313,0,0,0,0,0,0,0
210310,1,1,0,0,0,1,9
9903275,2,2,0,0,2,0,0
9710221,0,0,0,0,0,0,0
9501328,0,0,0,0,0,0,0
9905285,2,2,0,0,0,2,4
212038,0,0,0,0,0,0,0
9710215,0,0,0,0,0,0,0
209343,0,0,0,0,0,0,0
9309225,2,1,1,1,2,0,0
302161,0,0,0,0,0,0,0
9901257,0,0,0,0,0,0,0
9407201,0,0,0,0,0,0,0
207096,1,1,0,0,1,0,0
206040,1,1,0,0,0,1,1
9905432,0,0,0,0,0,0,0
207265,0,0,0,0,0,0,0
10263,0,0,0,0,0,0,0
11008,0,0,0,0,0,0,0
208213,1,1,0,0,0,1,2
9507364,1,1,0,0,1,0,0
9810311,2,2,0,0,0,2,6
9310370,1,1,0,0,1,0,0
9712525,1,1,0,0,0,1,7
9506227,0,0,0,0,0,0,0
111327,2,1,1,1,0,2,2
9903493,2,2,0,0,0,2,9
9169,1,1,0,0,0,1,1
7149,2,2,0,0,2,0,0
301159,0,0,0,0,0,0,0
9503435,0,0,0,0,0,0,0
11098,0,0,0,0,0,0,0
9308314,0,0,0,0,0,0,0
9206235,1,1,0,0,1,0,0
1240,1,1,0,0,1,0,0
9407220,1,1,0,0,1,0,0
106332,0,0,0,0,0,0,0
9609492,2,2,0,0,2,0,0
9304243,3,3,0,0,3,0,0
112066,1,1,0,0,1,0,0
302190,0,0,0,0,0,0,0
9310329,2,2,0,0,2,0,0
9605397,0,0,0,0,0,0,0
9503342,0,0,0,0,0,0,0
12006,0,0,0,0,0,0,0
1117,0,0,0,0,0,0,0
109282,0,0,0,0,0,0,0
105278,0,0,0,0,0,0,0
7166,1,1,0,0,1,0,0
9802322,3,1,2,2,3,0,0
9812324,0,0,0,0,0,0,0
1118,0,0,0,0,0,0,0
6320,0,0,0,0,0,0,0
10025,0,0,0,0,0,0,0
211375,0,0,0,0,0,0,0
105118,0,0,0,0,0,0,0
101324,3,1,2,3,0,3,6
101228,0,0,0,0,0,0,0
9706286,0,0,0,0,0,0,0
204152,0,0,0,0,0,0,0
9909483,0,0,0,0,0,0,0
9604324,0,0,0,0,0,0,0
210068,0,0,0,0,0,0,0
9709469,0,0,0,0,0,0,0
204167,0,0,0,0,0,0,0
9710366,0,0,0,0,0,0,0
201162,0,0,0,0,0,0,0
207105,0,0,0,0,0,0,0
9311234,1,1,0,0,1,0,0
9706293,0,0,0,0,0,0,0
102148,0,0,0,0,0,0,0
210297,0,0,0,0,0,0,0
210343,0,0,0,0,0,0,0
9605254,0,0,0,0,0,0,0
9912310,4,1,3,3,1,3,3
208195,0,0,0,0,0,0,0
101265,0,0,0,0,0,0,0
9812431,0,0,0,0,0,0,0
9807470,0,0,0,0,0,0,0
108012,1,1,0,0,0,1,5
11383,0,0,0,0,0,0,0
9320,0,0,0,0,0,0,0
206228,0,0,0,0,0,0,0
9604240,2,2,0,0,2,0,0
201165,0,0,0,0,0,0,0
204058,2,2,0,0,0,2,9
9907289,1,1,0,0,1,0,0
9911236,0,0,0,0,0,0,0
9810436,1,1,0,0,1,0,0
112002,0,0,0,0,0,0,0
203106,0,0,0,0,0,0,0
9407358,1,1,0,0,1,0,0
202079,0,0,0,0,0,0,0
9802396,3,2,1,2,0,3,7
3241,0,0,0,0,0,0,0
5092,1,1,0,0,1,0,0
201027,1,1,0,0,0,1,4
211222,0,0,0,0,0,0,0
9305316,0,0,0,0,0,0,0
9503446,0,0,0,0,0,0,0
210074,1,1,0,0,0,1,1
9912549,0,0,0,0,0,0,0
9503314,0,0,0,0,0,0,0
9908406,0,0,0,0,0,0,0
9801315,1,1,0,0,1,0,0
205232,0,0,0,0,0,0,0
9501397,1,1,0,0,0,1,1
9511377,0,0,0,0,0,0,0
9901311,0,0,0,0,0,0,0
210012,1,1,0,0,0,1,1
1220,0,0,0,0,0,0,0
9905280,0,0,0,0,0,0,0
12164,1,1,0,0,0,1,2
204245,1,1,0,0,0,1,1
9068,0,0,0,0,0,0,0
6294,0,0,0,0,0,0,0
210077,0,0,0,0,0,0,0
9902277,0,0,0,0,0,0,0
9501288,0,0,0,0,0,0,0
111201,0,0,0,0,0,0,0
10052,0,0,0,0,0,0,0
108180,0,0,0,0,0,0,0
11315,0,0,0,0,0,0,0
9407305,0,0,0,0,0,0,0
2201,0,0,0,0,0,0,0
9264,0,0,0,0,0,0,0
9807205,0,0,0,0,0,0,0
302114,0,0,0,0,0,0,0
9909565,0,0,0,0,0,0,0
12322,0,0,0,0,0,0,0
9512362,0,0,0,0,0,0,0
301087,0,0,0,0,0,0,0
301041,0,0,0,0,0,0,0
4009,0,0,0,0,0,0,0
8154,0,0,0,0,0,0,0
9601223,0,0,0,0,0,0,0
210254,0,0,0,0,0,0,0
109152,0,0,0,0,0,0,0
101261,0,0,0,0,0,0,0
211067,1,1,0,0,1,0,0
2125,0,0,0,0,0,0,0
9806261,0,0,0,0,0,0,0
9709489,0,0,0,0,0,0,0
9207247,1,1,0,0,1,0,0
112171,1,1,0,0,0,1,3
9902207,1,1,0,0,1,0,0
9807536,1,1,0,0,1,0,0
11149,0,0,0,0,0,0,0
9910455,1,1,0,0,0,1,3
9905564,1,1,0,0,1,0,0
201222,0,0,0,0,0,0,0
12104,0,0,0,0,0,0,0
9905570,0,0,0,0,0,0,0
9802265,1,1,0,0,0,1,3
11037,0,0,0,0,0,0,0
9611365,0,0,0,0,0,0,0
211317,0,0,0,0,0,0,0
211167,0,0,0,0,0,0,0
9812264,0,0,0,0,0,0,0
301195,0,0,0,0,0,0,0
111378,0,0,0,0,0,0,0
108007,0,0,0,0,0,0,0
105299,0,0,0,0,0,0,0
8100,0,0,0,0,0,0,0
12234,0,0,0,0,0,0,0
106303,0,0,0,0,0,0,0
12048,0,0,0,0,0,0,0
210356,0,0,0,0,0,0,0
9903320,1,1,0,0,1,0,0
9505349,0,0,0,0,0,0,0
9901279,0,0,0,0,0,0,0
9812245,0,0,0,0,0,0,0
112263,0,0,0,0,0,0,0
4097,1,1,0,0,0,1,8
9608337,0,0,0,0,0,0,0
206255,0,0,0,0,0,0,0
204157,0,0,0,0,0,0,0
211176,0,0,0,0,0,0,0
9702323,0,0,0,0,0,0,0
9701211,0,0,0,0,0,0,0
9612494,0,0,0,0,0,0,0
9604214,0,0,0,0,0,0,0
211253,0,0,0,0,0,0,0
9502328,0,0,0,0,0,0,0
212222,0,0,0,0,0,0,0
201259,0,0,0,0,0,0,0
302211,0,0,0,0,0,0,0
203221,0,0,0,0,0,0,0
9910520,0,0,0,0,0,0,0
106109,0,0,0,0,0,0,0
204078,0,0,0,0,0,0,0
9612295,0,0,0,0,0,0,0
2281,0,0,0,0,0,0,0
110120,1,1,0,0,0,1,5
11265,0,0,0,0,0,0,0
207109,0,0,0,0,0,0,0
211003,0,0,0,0,0,0,0
201124,0,0,0,0,0,0,0
9807242,0,0,0,0,0,0,0
212235,0,0,0,0,0,0,0
211407,0,0,0,0,0,0,0
9906534,0,0,0,0,0,0,0
9710311,0,0,0,0,0,0,0
4082,0,0,0,0,0,0,0
9612488,0,0,0,0,0,0,0
210203,0,0,0,0,0,0,0
9309255,0,0,0,0,0,0,0
9309207,0,0,0,0,0,0,0
9512394,0,0,0,0,0,0,0
212285,0,0,0,0,0,0,0
301044,0,0,0,0,0,0,0
109087,0,0,0,0,0,0,0
104222,2,2,0,0,2,0,0
12343,0,0,0,0,0,0,0
211013,0,0,0,0,0,0,0
9411374,0,0,0,0,0,0,0
210082,0,0,0,0,0,0,0
9704296,5,4,1,1,0,5,14
12152,20,4,16,66,0,20,110
9811472,43,1,42,322,0,43,302
9410307,8,1,7,12,8,0,0
9158,5,2,3,5,1,4,5
9608460,18,1,17,93,0,18,45
1133,5,3,2,5,0,5,34
9809470,23,2,21,69,0,23,87
9804235,12,1,11,40,0,12,56
9912236,40,3,37,225,1,39,332
9410365,9,2,7,19,6,3,3
9509378,10,2,8,19,10,0,0
9508296,36,5,31,117,0,36,102
9311214,16,4,12,19,5,11,15
9808333,44,1,43,316,0,44,212
9604364,32,2,30,182,1,31,131
9906516,29,2,27,151,0,29,161
9905470,11,1,10,18,0,11,118
9805429,22,4,18,72,0,22,190
9906275,14,2,12,45,0,14,297
2292,9,1,8,14,0,9,55
9411366,50,2,48,352,35,15,15
9606416,20,2,18,71,0,20,77
9507238,13,3,10,27,0,13,69
9809481,5,3,2,2,0,5,21
9709395,19,2,17,36,0,19,111
9606388,80,2,78,731,0,80,312
9806494,4,1,3,4,0,4,23
9703410,6,1,5,10,6,0,0
109259,0,0,0,0,0,0,0
109113,10,8,2,4,0,10,66
12001,21,3,18,88,2,19,44
9611229,14,3,11,34,0,14,63
9708264,7,3,4,4,0,7,61
101023,4,1,3,4,1,3,3
7054,5,1,4,7,0,5,78
9605221,26,1,25,113,4,22,37
9406239,17,1,16,78,5,12,23
8273,7,3,4,6,0,7,24
9807332,17,1,16,54,0,17,52
9802277,8,6,2,5,0,8,37
9707371,7,3,4,7,0,7,24
9305275,26,2,24,138,1,25,68
9603388,16,3,13,48,1,15,46
9705422,7,4,3,9,0,7,19
9410401,11,1,10,26,1,10,10
9910488,9,2,7,16,1,8,10
9702201,9,2,7,10,5,4,4
9708296,2,1,1,1,0,2,3
9809429,5,3,2,2,0,5,35
9511308,4,2,2,5,0,4,8
9805445,1,1,0,0,0,1,1
9307247,81,3,78,759,15,66,110
9907391,15,2,13,34,2,13,32
9710513,13,2,11,33,0,13,106
9207236,31,5,26,155,31,0,0
9306290,34,3,31,206,13,21,21
9511216,4,3,1,1,0,4,17
9411399,2,1,1,1,0,2,2
9410360,53,1,52,480,53,0,0
9704416,10,2,8,11,0,10,24
9609481,49,2,47,400,17,32,32
9708257,22,1,21,98,0,22,56
9809379,8,1,7,19,1,7,15
9809574,22,2,20,83,0,22,155
9907231,12,2,10,35,12,0,0
9411431,19,2,17,51,1,18,26
11394,7,4,3,4,0,7,95
9912531,38,2,36,228,0,38,235
9308283,7,2,5,7,0,7,20
9911223,13,2,11,40,0,13,281
212228,5,1,4,5,0,5,20
9408238,7,3,4,15,4,3,6
9602372,15,2,13,66,15,0,0
9408228,51,4,47,332,43,8,8
9506222,10,1,9,16,4,6,9
6128,13,4,9,17,0,13,91
9801212,22,2,20,70,0,22,103
9410262,14,1,13,45,14,0,0
9610544,16,7,9,26,3,13,24
9703275,9,2,7,18,9,0,0
9901358,33,4,29,180,0,33,78
9907400,17,3,14,34,0,17,149
9805448,7,1,6,12,2,5,5
9710441,9,1,8,18,9,0,0
9807544,4,2,2,5,0,4,16
9307222,22,4,18,44,22,0,0
2183,22,3,19,86,0,22,77
9408229,16,2,14,37,16,0,0
9501408,0,0,0,0,0,0,0
2064,28,3,25,110,8,20,35
1043,0,0,0,0,0,0,0
9402205,12,1,11,52,0,12,51
9907261,42,2,40,259,0,42,206
9801445,19,1,18,85,0,19,45
105004,12,3,9,23,0,12,84
7259,11,2,9,28,0,11,176
9409454,19,1,18,68,14,5,5
106168,6,1,5,13,0,6,33
9808399,3,1,2,3,1,2,2
103060,6,2,4,6,0,6,22
9707448,8,1,7,18,1,7,7
9310350,8,2,6,15,8,0,0
6154,13,3,10,38,1,12,57
9411338,9,1,8,14,9,0,0
9304289,9,2,7,14,9,0,0
9512246,6,2,4,10,0,6,11
9903422,62,3,59,479,0,62,596
9906234,48,2,46,262,0,48,929
10104,6,2,4,5,0,6,30
1001,30,1,29,252,0,30,293
208050,2,1,1,1,0,2,16
203154,13,1,12,36,0,13,152
9912498,29,2,27,150,0,29,132
9701214,5,3,2,2,0,5,5
9906400,14,4,10,43,0,14,316
3089,9,1,8,23,2,7,14
9802267,19,2,17,72,0,19,104
9911293,17,1,16,41,17,0,0
5104,14,2,12,22,1,13,79
9912417,6,2,4,11,0,6,11
9608215,2,2,0,0,0,2,5
9904450,7,1,6,11,0,7,24
9603210,6,2,4,6,0,6,24
9910257,5,2,3,7,0,5,66
9303264,7,2,5,12,7,0,0
9812257,13,1,12,32,0,13,90
9512320,23,1,22,101,0,23,51
9505379,36,4,32,158,0,36,216
9702218,4,1,3,3,0,4,7
5052,2,1,1,1,0,2,3
9710352,2,2,0,0,2,0,0
9703249,14,3,11,29,1,13,13
9901432,17,2,15,67,0,17,28
9708214,6,3,3,5,0,6,70
9801391,37,5,32,230,0,37,332
9503476,4,2,2,3,0,4,10
11138,2,1,1,1,2,0,0
9510270,1,1,0,0,0,1,3
9809398,7,1,6,14,7,0,0
9912391,26,5,21,86,0,26,150
9906324,4,3,1,2,2,2,2
9808394,2,2,0,0,1,1,1
9707503,2,1,1,1,2,0,0
9711440,23,3,20,80,0,23,137
9807572,2,2,0,0,0,2,2
9710465,3,3,0,0,0,3,20
9403390,23,2,21,124,13,10,10
9309293,19,10,9,21,0,19,53
9706386,2,2,0,0,1,1,1
9808360,11,5,6,19,0,11,121
9605367,22,1,21,97,0,22,45
9608201,4,2,2,2,0,4,15
9707244,16,5,11,32,0,16,44
9410212,2,1,1,1,2,0,0
9708241,3,3,0,0,0,3,9
9612337,8,1,7,23,0,8,57
9703279,61,2,59,793,6,55,114
9705348,7,2,5,7,0,7,34
9605430,3,3,0,0,3,0,0
9611423,13,1,12,40,13,0,0
9602383,1,1,0,0,0,1,2
9909390,17,1,16,67,3,14,70
9809205,2,1,1,1,0,2,7
9812454,4,1,3,5,0,4,17
9801272,35,5,30,195,0,35,470
9810350,5,1,4,9,5,0,0
9411272,11,1,10,32,11,0,0
7073,11,2,9,29,0,11,93
9310228,52,5,47,237,2,50,50
9506452,57,1,56,478,1,56,255
9509207,8,3,5,14,8,0,0
3138,3,2,1,1,0,3,6
9605277,4,2,2,3,1,3,5
9512202,1,1,0,0,0,1,3
12362,10,2,8,23,0,10,33
9410333,10,1,9,35,10,0,0
9301277,5,1,4,5,5,0,0
9601282,30,1,29,130,0,30,47
9612260,24,2,22,100,7,17,17
11332,16,2,14,46,1,15,21
9806413,23,1,22,99,0,23,69
2287,32,3,29,150,0,32,248
9805389,24,4,20,87,0,24,150
1231,0,0,0,0,0,0,0
9802411,12,2,10,43,0,12,76
9602305,1,1,0,0,0,1,5
9708272,20,1,19,68,7,13,13
9602207,8,4,4,9,8,0,0
9801251,14,4,10,13,0,14,81
6016,2,1,1,1,0,2,6
104262,5,2,3,5,0,5,16
9911297,6,3,3,4,0,6,31
103202,4,3,1,2,0,4,6
11160,7,1,6,13,2,5,5
9502210,7,3,4,8,2,5,5
9409361,11,2,9,30,2,9,9
9705340,3,2,1,1,0,3,3
9710563,1,1,0,0,0,1,2
9606469,3,1,2,3,0,3,70
9701379,7,1,6,12,0,7,7
9803289,11,4,7,17,11,0,0
9707338,8,6,2,2,0,8,28
9403410,6,1,5,13,6,0,0
9309272,6,2,4,12,6,0,0
9404331,3,3,0,0,3,0,0
9610367,4,2,2,4,0,4,11
9406374,6,3,3,7,0,6,17
9602208,21,1,20,104,1,20,60
9912297,0,0,0,0,0,0,0
9505282,8,6,2,4,0,8,11
9405309,4,2,2,3,4,0,0
105087,19,6,13,58,0,19,223
9807529,10,2,8,11,10,0,0
9706316,20,2,18,79,1,19,30
9402304,4,1,3,6,3,1,1
9609441,9,1,8,31,9,0,0
9308277,3,3,0,0,3,0,0
9609395,3,1,2,3,0,3,12
9502330,6,4,2,3,1,5,16
9507428,4,1,3,5,4,0,0
9707250,4,2,2,3,0,4,19
9802260,0,0,0,0,0,0,0
9703271,2,1,1,1,1,1,2
9801361,1,1,0,0,0,1,4
9307241,60,2,58,547,60,0,0
10161,2,2,0,0,0,2,6
9610246,1,1,0,0,1,0,0
103100,4,1,3,5,0,4,32
9306292,2,2,0,0,1,1,1
301232,0,0,0,0,0,0,0
9711307,10,2,8,19,5,5,22
9403292,8,4,4,11,8,0,0
108176,2,1,1,1,0,2,5
10277,3,1,2,3,0,3,27
109246,1,1,0,0,0,1,3
9905283,2,1,1,1,0,2,2
9303225,9,3,6,12,6,3,3
11299,3,3,0,0,1,2,2
9903512,10,2,8,20,0,10,42
9902345,1,1,0,0,0,1,4
9308215,4,2,2,3,4,0,0
207266,3,1,2,2,0,3,13
204253,26,3,23,158,4,22,64
9905388,3,1,2,3,0,3,7
9911421,4,2,2,2,0,4,7
209171,1,1,0,0,0,1,11
105140,1,1,0,0,0,1,3
5321,8,1,7,17,8,0,0
9602325,3,2,1,1,0,3,16
9501280,8,3,5,8,1,7,11
204040,5,2,3,3,0,5,53
9503279,5,1,4,9,5,0,0
9905369,6,3,3,3,4,2,3
9610443,2,1,1,1,0,2,5
112140,7,3,4,7,0,7,66
9207207,2,1,1,1,2,0,0
9712259,0,0,0,0,0,0,0
9401307,2,2,0,0,2,0,0
3113,11,5,6,19,3,8,22
8052,10,1,9,28,0,10,55
101088,1,1,0,0,0,1,12
9408372,0,0,0,0,0,0,0
9708455,8,3,5,10,0,8,8
9608324,3,2,1,1,0,3,4
203224,2,1,1,1,0,2,9
9602395,1,1,0,0,1,0,0
9705320,3,2,1,1,2,1,1
9807425,3,1,2,2,0,3,3
9309239,1,1,0,0,0,1,1
203254,5,2,3,4,0,5,105
6009,6,1,5,11,0,6,24
9310355,5,4,1,1,5,0,0
9911511,4,2,2,3,0,4,38
9903542,3,3,0,0,0,3,17
9209276,13,1,12,47,13,0,0
11368,1,1,0,0,0,1,7
9610464,6,3,3,5,0,6,44
204067,2,1,1,1,0,2,10
9608375,3,1,2,3,0,3,6
9902303,11,2,9,15,1,10,30
9801377,5,2,3,4,0,5,8
9902372,13,2,11,41,1,12,17
8226,2,2,0,0,0,2,18
9408266,7,1,6,9,3,4,4
9510455,5,1,4,5,5,0,0
104266,6,4,2,4,3,3,4
9407343,10,1,9,26,10,0,0
9911213,4,1,3,4,0,4,12
210219,0,0,0,0,0,0,0
9506281,12,2,10,19,0,12,56
9909207,8,1,7,16,0,8,20
9412269,8,2,6,14,8,0,0
9403203,2,2,0,0,2,0,0
9204206,3,1,2,2,3,0,0
9510294,2,1,1,1,0,2,4
9611322,7,2,5,15,0,7,7
9512312,1,1,0,0,1,0,0
9512389,2,2,0,0,0,2,5
11366,2,2,0,0,0,2,6
9708216,4,3,1,1,4,0,0
9904497,4,1,3,5,0,4,13
9905472,2,2,0,0,0,2,16
3204,4,1,3,4,0,4,10
9902440,9,6,3,6,0,9,41
9607202,8,4,4,6,0,8,25
111240,0,0,0,0,0,0,0
1288,2,2,0,0,0,2,3
9708258,3,1,2,3,1,2,3
9707298,6,4,2,3,0,6,25
9803245,4,2,2,3,0,4,20
9506204,13,2,11,28,3,10,10
9806390,10,1,9,19,0,10,10
9803366,11,1,10,26,0,11,33
9604367,1,1,0,0,0,1,1
208139,1,1,0,0,0,1,3
9603315,1,1,0,0,0,1,1
9610341,2,1,1,1,2,0,0
1309,11,2,9,20,0,11,82
9901218,1,1,0,0,0,1,3
9804339,8,1,7,14,0,8,29
9803314,16,4,12,52,0,16,155
9902242,1,1,0,0,0,1,6
9904333,1,1,0,0,0,1,1
111436,0,0,0,0,0,0,0
9909517,1,1,0,0,0,1,5
107165,27,2,25,105,0,27,307
206272,1,1,0,0,0,1,10
206066,4,4,0,0,0,4,43
9602210,3,3,0,0,3,0,0
9609309,3,2,1,1,0,3,26
1092,1,1,0,0,0,1,1
9703431,0,0,0,0,0,0,0
102125,5,3,2,3,0,5,59
202039,5,5,0,0,0,5,21
9701266,13,3,10,32,1,12,12
9612407,0,0,0,0,0,0,0
9510378,4,2,2,2,3,1,1
9704343,13,5,8,34,0,13,77
9901267,2,2,0,0,1,1,4
9401281,4,1,3,6,4,0,0
9509226,3,1,2,2,0,3,8
9712315,7,3,4,7,0,7,7
9801399,8,2,6,7,0,8,41
9033,3,1,2,3,1,2,31
9304235,5,4,1,2,3,2,5
103235,8,1,7,24,0,8,13
102037,4,3,1,1,0,4,40
9305251,17,3,14,39,17,0,0
9909412,2,1,1,1,2,0,0
12056,4,3,1,1,0,4,20
9804247,0,0,0,0,0,0,0
9091,9,3,6,12,0,9,62
102070,3,1,2,3,1,2,5
9508334,2,1,1,1,1,1,1
9609351,2,2,0,0,0,2,8
9912431,9,4,5,6,0,9,14
209117,2,1,1,1,0,2,14
206304,14,3,11,40,0,14,95
9608338,3,3,0,0,0,3,11
9509270,1,1,0,0,0,1,6
9307251,0,0,0,0,0,0,0
9403409,1,1,0,0,1,0,0
9905400,0,0,0,0,0,0,0
9809409,7,1,6,11,0,7,28
209181,1,1,0,0,0,1,1
102338,6,3,3,4,0,6,22
9911411,2,1,1,1,0,2,4
9309314,3,1,2,2,3,0,0
9707373,5,2,3,6,0,5,6
9502245,4,3,1,1,4,0,0
9707278,1,1,0,0,0,1,5
4206,3,2,1,1,0,3,19
209177,2,1,1,1,0,2,46
9903464,3,2,1,1,0,3,10
9905498,1,1,0,0,1,0,0
9605302,11,7,4,6,0,11,35
9811451,1,1,0,0,0,1,2
111193,8,5,3,5,0,8,13
9812477,0,0,0,0,0,0,0
9306208,6,1,5,6,6,0,0
9703221,11,5,6,12,0,11,59
9809223,5,4,1,1,0,5,33
9709334,6,1,5,14,0,6,16
9608333,0,0,0,0,0,0,0
12306,3,1,2,2,0,3,12
9512397,1,1,0,0,1,0,0
108122,15,3,12,30,0,15,196
210349,1,1,0,0,0,1,2
9802438,3,2,1,1,0,3,10
9702356,6,2,4,7,0,6,28
9303288,5,3,2,4,5,0,0
9287,0,0,0,0,0,0,0
9807426,15,1,14,77,0,15,37
9807515,8,2,6,14,0,8,26
111472,7,1,6,7,0,7,98
3142,6,3,3,4,0,6,91
209021,0,0,0,0,0,0,0
9706299,0,0,0,0,0,0,0
9508262,9,1,8,22,2,7,7
2114,2,1,1,1,0,2,23
9512379,7,1,6,17,2,5,5
9510319,6,3,3,3,6,0,0
9711486,8,3,5,12,1,7,9
107254,5,1,4,7,1,4,21
9411425,11,3,8,32,11,0,0
9509296,1,1,0,0,0,1,1
108212,0,0,0,0,0,0,0
9604284,12,2,10,28,0,12,24
10043,2,1,1,1,0,2,5
9409354,1,1,0,0,0,1,1
9808396,4,2,2,3,0,4,5
9609218,5,3,2,2,1,4,4
9709402,1,1,0,0,0,1,3
9709333,6,3,3,6,2,4,6
12154,3,1,2,2,0,3,8
9510227,2,1,1,1,0,2,2
9910361,1,1,0,0,0,1,1
9906546,2,1,1,1,0,2,12
9803403,7,1,6,11,0,7,19
9805384,7,2,5,11,0,7,18
6120,0,0,0,0,0,0,0
9212267,7,3,4,7,7,0,0
7048,1,1,0,0,1,0,0
9506269,12,3,9,11,3,9,9
204236,1,1,0,0,0,1,1
109013,3,2,1,1,3,0,0
9506393,3,3,0,0,0,3,14
9303286,3,1,2,2,2,1,1
9710212,2,2,0,0,0,2,12
105146,3,3,0,0,0,3,16
9812216,1,1,0,0,1,0,0
111092,1,1,0,0,0,1,5
9910423,6,1,5,9,0,6,19
9510420,3,2,1,1,3,0,0
9507467,3,2,1,1,1,2,2
301005,0,0,0,0,0,0,0
9806458,2,2,0,0,2,0,0
9804446,0,0,0,0,0,0,0
9810332,2,2,0,0,0,2,11
105161,2,2,0,0,0,2,13
2191,2,1,1,1,0,2,33
107255,2,2,0,0,0,2,11
5141,3,2,1,1,0,3,10
9609495,5,2,3,5,0,5,7
9911505,10,2,8,26,0,10,44
2102,2,2,0,0,0,2,16
212378,0,0,0,0,0,0,0
10265,2,2,0,0,0,2,15
9708460,5,3,2,2,0,5,17
5260,2,2,0,0,0,2,22
111303,0,0,0,0,0,0,0
9008,3,2,1,1,0,3,6
1180,1,1,0,0,1,0,0
9403324,4,2,2,3,0,4,6
9406334,3,2,1,1,3,0,0
9901423,1,1,0,0,0,1,2
9311337,2,2,0,0,2,0,0
9912283,4,3,1,1,2,2,2
203186,2,1,1,1,0,2,20
209231,0,0,0,0,0,0,0
9904416,7,2,5,11,0,7,21
9301273,3,3,0,0,3,0,0
9911502,1,1,0,0,0,1,4
10122,2,1,1,1,0,2,9
9909220,1,1,0,0,0,1,1
103015,3,1,2,3,0,3,6
208109,0,0,0,0,0,0,0
201170,4,3,1,1,0,4,13
9606353,3,1,2,3,1,2,2
9611460,1,1,0,0,0,1,4
9609410,5,1,4,4,0,5,8
9407225,0,0,0,0,0,0,0
9709226,2,2,0,0,1,1,2
9512304,1,1,0,0,0,1,4
211108,1,1,0,0,0,1,4
9707366,0,0,0,0,0,0,0
9901210,1,1,0,0,0,1,7
9802293,1,1,0,0,0,1,2
9903201,6,2,4,6,3,3,3
9707280,1,1,0,0,0,1,2
9403339,8,3,5,9,5,3,3
9908308,2,2,0,0,0,2,7
9027,2,1,1,1,0,2,5
9806284,2,1,1,1,0,2,5
205093,1,1,0,0,1,0,0
9904491,6,5,1,1,0,6,22
211231,1,1,0,0,1,0,0
9802236,4,3,1,1,4,0,0
9406292,2,1,1,1,2,0,0
9411336,6,4,2,2,1,5,5
106095,3,2,1,1,1,2,4
9908346,0,0,0,0,0,0,0
202223,4,1,3,5,0,4,15
9605461,0,0,0,0,0,0,0
9909471,4,1,3,3,0,4,4
9704418,1,1,0,0,1,0,0
9803217,0,0,0,0,0,0,0
9406312,9,2,7,19,9,0,0
9702346,0,0,0,0,0,0,0
9412345,5,1,4,5,5,0,0
12031,0,0,0,0,0,0,0
3157,1,1,0,0,1,0,0
201303,8,3,5,8,0,8,33
9612289,2,1,1,1,2,0,0
9708478,1,1,0,0,1,0,0
3161,11,1,10,37,1,10,28
102223,1,1,0,0,0,1,9
210094,1,1,0,0,0,1,5
9206243,1,1,0,0,1,0,0
9505373,3,3,0,0,2,1,1
9807389,2,1,1,1,1,1,1
106057,2,1,1,1,0,2,47
202111,3,1,2,2,0,3,14
9501320,0,0,0,0,0,0,0
207051,1,1,0,0,0,1,2
9705346,8,3,5,13,8,0,0
9906356,4,2,2,2,1,3,3
9703315,4,1,3,3,3,1,1
9709256,1,1,0,0,1,0,0
9610478,2,1,1,1,2,0,0
9911399,0,0,0,0,0,0,0
9908521,3,3,0,0,0,3,3
103005,2,1,1,1,0,2,7
10162,1,1,0,0,0,1,4
105236,1,1,0,0,0,1,5
102189,2,1,1,1,0,2,4
9911442,2,1,1,1,2,0,0
9506364,0,0,0,0,0,0,0
2212,6,1,5,11,2,4,5
9512216,3,1,2,3,0,3,8
9505307,1,1,0,0,1,0,0
9309251,5,2,3,4,5,0,0
9908222,4,1,3,5,0,4,4
9802220,4,1,3,6,4,0,0
9193,1,1,0,0,0,1,2
5203,2,1,1,1,2,0,0
9607287,0,0,0,0,0,0,0
9602303,1,1,0,0,0,1,3
9210206,5,4,1,1,5,0,0
107083,2,1,1,1,0,2,14
209271,0,0,0,0,0,0,0
103010,3,2,1,1,3,0,0
8188,11,5,6,14,0,11,26
208218,2,1,1,1,0,2,4
109188,2,1,1,1,0,2,5
106296,0,0,0,0,0,0,0
1058,4,2,2,2,0,4,11
9711207,1,1,0,0,1,0,0
9705293,5,3,2,2,0,5,11
9812459,6,3,3,7,0,6,22
103095,0,0,0,0,0,0,0
9312253,0,0,0,0,0,0,0
301255,0,0,0,0,0,0,0
9405260,0,0,0,0,0,0,0
205058,1,1,0,0,0,1,6
9302254,3,2,1,1,3,0,0
9904441,2,1,1,1,0,2,3
9403286,4,1,3,3,4,0,0
9707450,1,1,0,0,0,1,18
109150,0,0,0,0,0,0,0
1023,5,1,4,7,4,1,1
9511236,2,1,1,1,0,2,10
7116,3,1,2,3,0,3,8
9710503,0,0,0,0,0,0,0
111203,5,1,4,10,0,5,45
9712285,2,1,1,1,0,2,9
7105,0,0,0,0,0,0,0
9710444,2,1,1,1,1,1,1
9509293,0,0,0,0,0,0,0
9809288,1,1,0,0,0,1,2
8327,0,0,0,0,0,0,0
9803248,2,1,1,1,0,2,6
9612216,1,1,0,0,0,1,5
9812354,6,1,5,12,6,0,0
9904268,3,2,1,1,0,3,7
9910216,0,0,0,0,0,0,0
9912232,3,1,2,2,0,3,8
9409422,2,2,0,0,2,0,0
101340,3,2,1,1,0,3,11
9809251,2,1,1,1,0,2,11
9702394,4,1,3,5,4,0,0
207257,0,0,0,0,0,0,0
9912351,6,1,5,13,1,5,5
9512284,2,1,1,1,2,0,0
9905336,1,1,0,0,0,1,5
9605212,2,2,0,0,2,0,0
9509267,2,1,1,1,2,0,0
9607337,0,0,0,0,0,0,0
202001,1,1,0,0,0,1,9
9309211,5,2,3,5,5,0,0
12356,0,0,0,0,0,0,0
10210,1,1,0,0,0,1,2
9603282,1,1,0,0,0,1,3
9409430,0,0,0,0,0,0,0
210052,0,0,0,0,0,0,0
206015,4,2,2,4,1,3,12
9902240,6,4,2,2,0,6,19
9503202,1,1,0,0,0,1,7
208083,1,1,0,0,0,1,23
9803464,3,2,1,1,3,0,0
11317,3,2,1,1,0,3,15
201112,1,1,0,0,0,1,2
9601227,0,0,0,0,0,0,0
9209206,1,1,0,0,1,0,0
9603329,1,1,0,0,1,0,0
206172,5,4,1,1,0,5,11
9403204,3,2,1,1,3,0,0
9711281,2,2,0,0,2,0,0
105244,0,0,0,0,0,0,0
9701242,1,1,0,0,0,1,1
9811349,6,1,5,13,0,6,51
9406409,0,0,0,0,0,0,0
11080,0,0,0,0,0,0,0
9601238,0,0,0,0,0,0,0
8112,1,1,0,0,0,1,1
9407318,0,0,0,0,0,0,0
9075,3,2,1,1,0,3,14
9611275,1,1,0,0,0,1,3
9908414,7,1,6,13,0,7,26
9907262,1,1,0,0,0,1,1
9406365,1,1,0,0,0,1,2
9509391,0,0,0,0,0,0,0
9704248,2,2,0,0,2,0,0
9510256,2,2,0,0,2,0,0
112225,2,1,1,1,0,2,7
203136,1,1,0,0,0,1,2
109127,3,2,1,1,0,3,8
9911488,1,1,0,0,0,1,2
9910345,1,1,0,0,0,1,4
9702238,7,1,6,18,7,0,0
9407335,2,2,0,0,2,0,0
9310218,1,1,0,0,1,0,0
211421,2,1,1,1,0,2,10
9909398,1,1,0,0,1,0,0
9205246,4,1,3,4,4,0,0
105054,2,1,1,1,0,2,9
211171,0,0,0,0,0,0,0
206095,0,0,0,0,0,0,0
212130,1,1,0,0,1,0,0
9804308,0,0,0,0,0,0,0
9702435,3,1,2,3,3,0,0
9711403,6,3,3,3,6,0,0
9510349,0,0,0,0,0,0,0
9411387,4,2,2,3,4,0,0
9206225,6,3,3,3,6,0,0
102329,1,1,0,0,0,1,4
301085,0,0,0,0,0,0,0
1045,5,1,4,6,5,0,0
9808342,2,2,0,0,1,1,1
9308323,0,0,0,0,0,0,0
9408314,0,0,0,0,0,0,0
9610332,2,2,0,0,0,2,8
9708414,1,1,0,0,1,0,0
207201,1,1,0,0,1,0,0
9805255,2,2,0,0,1,1,1
3230,0,0,0,0,0,0,0
9302257,2,2,0,0,2,0,0
102028,3,1,2,3,3,0,0
9906303,3,1,2,3,0,3,12
10275,1,1,0,0,0,1,3
9308364,5,4,1,1,3,2,2
9905271,8,3,5,9,0,8,37
107070,0,0,0,0,0,0,0
209235,1,1,0,0,1,0,0
9603444,1,1,0,0,0,1,1
211409,0,0,0,0,0,0,0
9412350,1,1,0,0,0,1,2
9911388,0,0,0,0,0,0,0
202193,0,0,0,0,0,0,0
207225,0,0,0,0,0,0,0
9801232,2,1,1,1,2,0,0
9709409,0,0,0,0,0,0,0
9910228,0,0,0,0,0,0,0
106121,1,1,0,0,1,0,0
112151,1,1,0,0,1,0,0
109267,1,1,0,0,0,1,9
9505214,0,0,0,0,0,0,0
105014,3,3,0,0,0,3,76
9408311,1,1,0,0,1,0,0
9510381,3,3,0,0,2,1,1
9511453,0,0,0,0,0,0,0
212095,0,0,0,0,0,0,0
9611220,2,2,0,0,0,2,2
9209208,1,1,0,0,0,1,1
9702328,0,0,0,0,0,0,0
206143,0,0,0,0,0,0,0
9603230,2,2,0,0,2,0,0
9612396,2,2,0,0,0,2,2
9912298,0,0,0,0,0,0,0
9812247,1,1,0,0,0,1,6
203111,0,0,0,0,0,0,0
205088,2,2,0,0,0,2,21
9906387,7,7,0,0,0,7,7
9809202,0,0,0,0,0,0,0
7184,2,2,0,0,0,2,7
203235,0,0,0,0,0,0,0
7002,0,0,0,0,0,0,0
9507421,3,1,2,2,2,1,1
204027,4,3,1,1,0,4,19
205343,5,1,4,8,0,5,20
9808243,1,1,0,0,0,1,5
9511316,1,1,0,0,1,0,0
204148,0,0,0,0,0,0,0
212121,1,1,0,0,0,1,4
105144,0,0,0,0,0,0,0
209006,3,1,2,2,0,3,54
9902402,2,2,0,0,2,0,0
9704284,0,0,0,0,0,0,0
9311299,1,1,0,0,1,0,0
9603303,6,2,4,5,0,6,13
109175,0,0,0,0,0,0,0
102006,0,0,0,0,0,0,0
9902278,0,0,0,0,0,0,0
9608419,0,0,0,0,0,0,0
5216,2,1,1,1,2,0,0
7027,2,2,0,0,1,1,1
9708494,0,0,0,0,0,0,0
9407223,3,2,1,1,3,0,0
9302277,0,0,0,0,0,0,0
9711515,2,2,0,0,2,0,0
110416,1,1,0,0,0,1,5
207322,0,0,0,0,0,0,0
9707391,0,0,0,0,0,0,0
207370,1,1,0,0,0,1,14
212150,0,0,0,0,0,0,0
302216,0,0,0,0,0,0,0
202033,2,2,0,0,0,2,3
209159,0,0,0,0,0,0,0
201283,1,1,0,0,1,0,0
205262,2,1,1,1,0,2,8
9702225,4,3,1,1,4,0,0
110396,0,0,0,0,0,0,0
111095,0,0,0,0,0,0,0
9501268,2,2,0,0,2,0,0
11391,0,0,0,0,0,0,0
9405422,1,1,0,0,1,0,0
9912322,2,1,1,1,2,0,0
9411300,2,2,0,0,2,0,0
108080,2,1,1,1,0,2,3
9404294,2,1,1,1,2,0,0
9401353,4,2,2,3,4,0,0
204007,0,0,0,0,0,0,0
9402263,2,2,0,0,2,0,0
11225,0,0,0,0,0,0,0
9703296,1,1,0,0,1,0,0
9507258,1,1,0,0,1,0,0
212166,2,1,1,1,0,2,27
9611300,1,1,0,0,0,1,1
11399,1,1,0,0,0,1,1
2142,0,0,0,0,0,0,0
9905418,0,0,0,0,0,0,0
9508201,1,1,0,0,0,1,1
9909233,2,2,0,0,2,0,0
10089,5,1,4,6,5,0,0
11133,1,1,0,0,1,0,0
301095,0,0,0,0,0,0,0
9812279,0,0,0,0,0,0,0
9402351,2,1,1,1,2,0,0
9609477,0,0,0,0,0,0,0
211400,0,0,0,0,0,0,0
8270,0,0,0,0,0,0,0
9908377,2,1,1,1,2,0,0
5254,0,0,0,0,0,0,0
9608403,0,0,0,0,0,0,0
9706442,0,0,0,0,0,0,0
208014,2,1,1,1,0,2,26
9710410,0,0,0,0,0,0,0
9510307,0,0,0,0,0,0,0
9803271,0,0,0,0,0,0,0
202096,0,0,0,0,0,0,0
103246,3,2,1,1,0,3,5
209358,1,1,0,0,1,0,0
9308346,1,1,0,0,1,0,0
3322,1,1,0,0,0,1,3
9708288,2,1,1,1,0,2,10
9604366,5,4,1,2,5,0,0
9411223,0,0,0,0,0,0,0
110094,1,1,0,0,1,0,0
102177,0,0,0,0,0,0,0
208277,0,0,0,0,0,0,0
205224,3,2,1,1,0,3,14
9607456,0,0,0,0,0,0,0
9407307,0,0,0,0,0,0,0
110321,1,1,0,0,0,1,1
9912279,1,1,0,0,0,1,5
108124,1,1,0,0,0,1,5
9209218,3,3,0,0,3,0,0
3005,2,2,0,0,2,0,0
205077,0,0,0,0,0,0,0
111433,0,0,0,0,0,0,0
9905544,1,1,0,0,1,0,0
105181,0,0,0,0,0,0,0
9609340,1,1,0,0,1,0,0
106148,1,1,0,0,0,1,5
9307206,3,1,2,2,3,0,0
9909446,2,1,1,1,0,2,4
9912530,1,1,0,0,1,0,0
105099,0,0,0,0,0,0,0
208237,2,1,1,1,0,2,21
2105,0,0,0,0,0,0,0
9906237,0,0,0,0,0,0,0
9701362,0,0,0,0,0,0,0
9407269,2,2,0,0,2,0,0
209254,0,0,0,0,0,0,0
209133,0,0,0,0,0,0,0
206182,2,1,1,1,0,2,2
9905362,1,1,0,0,0,1,1
9807268,0,0,0,0,0,0,0
12252,0,0,0,0,0,0,0
9309259,1,1,0,0,1,0,0
107082,2,2,0,0,2,0,0
202261,3,2,1,2,3,0,0
211152,0,0,0,0,0,0,0
112331,2,2,0,0,1,1,2
9908251,0,0,0,0,0,0,0
8329,1,1,0,0,1,0,0
9903231,0,0,0,0,0,0,0
211183,0,0,0,0,0,0,0
302057,0,0,0,0,0,0,0
9705349,1,1,0,0,1,0,0
9707461,0,0,0,0,0,0,0
9408360,1,1,0,0,1,0,0
206029,1,1,0,0,0,1,2
9710235,2,2,0,0,2,0,0
6065,3,2,1,1,3,0,0
9810342,1,1,0,0,1,0,0
207189,0,0,0,0,0,0,0
3054,0,0,0,0,0,0,0
212311,0,0,0,0,0,0,0
8174,0,0,0,0,0,0,0
9302314,2,2,0,0,2,0,0
203264,0,0,0,0,0,0,0
7205,2,2,0,0,1,1,2
212233,0,0,0,0,0,0,0
3257,0,0,0,0,0,0,0
12277,0,0,0,0,0,0,0
102282,1,1,0,0,1,0,0
10186,1,1,0,0,1,0,0
9808494,0,0,0,0,0,0,0
9704254,0,0,0,0,0,0,0
209366,2,1,1,1,0,2,18
9803264,0,0,0,0,0,0,0
211149,0,0,0,0,0,0,0
9508376,0,0,0,0,0,0,0
4030,0,0,0,0,0,0,0
9704321,0,0,0,0,0,0,0
9902246,0,0,0,0,0,0,0
206164,0,0,0,0,0,0,0
1060,0,0,0,0,0,0,0
9908408,1,1,0,0,0,1,10
9810225,1,1,0,0,0,1,3
301110,0,0,0,0,0,0,0
9608225,0,0,0,0,0,0,0
110019,2,1,1,1,0,2,22
9811503,0,0,0,0,0,0,0
212319,0,0,0,0,0,0,0
102191,0,0,0,0,0,0,0
9909379,1,1,0,0,0,1,6
9404326,1,1,0,0,1,0,0
302249,0,0,0,0,0,0,0
9705285,0,0,0,0,0,0,0
211382,0,0,0,0,0,0,0
104078,0,0,0,0,0,0,0
9611339,0,0,0,0,0,0,0
212282,0,0,0,0,0,0,0
9508238,0,0,0,0,0,0,0
9601331,0,0,0,0,0,0,0
201185,0,0,0,0,0,0,0
204159,1,1,0,0,1,0,0
9504367,1,1,0,0,1,0,0
9906466,1,1,0,0,1,0,0
9604347,5,2,3,5,5,0,0
9710483,0,0,0,0,0,0,0
9807322,0,0,0,0,0,0,0
203084,1,1,0,0,1,0,0
211279,1,1,0,0,0,1,4
9801288,0,0,0,0,0,0,0
9903250,0,0,0,0,0,0,0
9507412,0,0,0,0,0,0,0
301035,0,0,0,0,0,0,0
211120,0,0,0,0,0,0,0
109289,0,0,0,0,0,0,0
212299,0,0,0,0,0,0,0
9810434,1,1,0,0,1,0,0
103303,1,1,0,0,0,1,5
9910349,1,1,0,0,1,0,0
301140,0,0,0,0,0,0,0
9605333,0,0,0,0,0,0,0
9411208,1,1,0,0,0,1,1
9602219,0,0,0,0,0,0,0
9607348,1,1,0,0,1,0,0
9911265,2,2,0,0,2,0,0
7045,1,1,0,0,0,1,1
9511451,0,0,0,0,0,0,0
201041,0,0,0,0,0,0,0
9606240,0,0,0,0,0,0,0
9307234,1,1,0,0,1,0,0
9906477,0,0,0,0,0,0,0
201167,0,0,0,0,0,0,0
302056,0,0,0,0,0,0,0
9507377,1,1,0,0,1,0,0
9712324,2,2,0,0,2,0,0
207163,0,0,0,0,0,0,0
9810541,0,0,0,0,0,0,0
106028,0,0,0,0,0,0,0
9505367,1,1,0,0,1,0,0
201065,0,0,0,0,0,0,0
9609372,4,1,3,5,4,0,0
9609272,0,0,0,0,0,0,0
203077,1,1,0,0,1,0,0
201178,1,1,0,0,0,1,1
2124,0,0,0,0,0,0,0
210439,0,0,0,0,0,0,0
9906474,0,0,0,0,0,0,0
9707289,1,1,0,0,1,0,0
103075,0,0,0,0,0,0,0
208276,0,0,0,0,0,0,0
9702405,0,0,0,0,0,0,0
211022,0,0,0,0,0,0,0
9510292,0,0,0,0,0,0,0
9804218,2,2,0,0,2,0,0
9807395,1,1,0,0,1,0,0
2251,1,1,0,0,1,0,0
109144,0,0,0,0,0,0,0
9912544,1,1,0,0,1,0,0
9810532,1,1,0,0,1,0,0
211280,0,0,0,0,0,0,0
9902329,1,1,0,0,0,1,7
105170,1,1,0,0,1,0,0
9702366,0,0,0,0,0,0,0
9807563,2,2,0,0,2,0,0
6166,1,1,0,0,1,0,0
209202,0,0,0,0,0,0,0
112335,0,0,0,0,0,0,0
109046,1,1,0,0,1,0,0
9808418,0,0,0,0,0,0,0
106281,0,0,0,0,0,0,0
9507408,0,0,0,0,0,0,0
9803204,1,1,0,0,1,0,0
104295,0,0,0,0,0,0,0
6144,0,0,0,0,0,0,0
110190,0,0,0,0,0,0,0
9902224,1,1,0,0,1,0,0
9610473,0,0,0,0,0,0,0
4037,0,0,0,0,0,0,0
9504414,3,1,2,3,3,0,0
9907269,1,1,0,0,1,0,0
301129,0,0,0,0,0,0,0
202022,0,0,0,0,0,0,0
9803247,0,0,0,0,0,0,0
9705381,0,0,0,0,0,0,0
9502343,0,0,0,0,0,0,0
212409,0,0,0,0,0,0,0
106209,0,0,0,0,0,0,0
107321,1,1,0,0,0,1,2
11344,0,0,0,0,0,0,0
9507286,0,0,0,0,0,0,0
103255,0,0,0,0,0,0,0
107207,0,0,0,0,0,0,0
9804225,0,0,0,0,0,0,0
210018,0,0,0,0,0,0,0
9607364,0,0,0,0,0,0,0
111217,0,0,0,0,0,0,0
205091,0,0,0,0,0,0,0
202108,0,0,0,0,0,0,0
210426,0,0,0,0,0,0,0
9502202,0,0,0,0,0,0,0
9807365,0,0,0,0,0,0,0
9611381,0,0,0,0,0,0,0
9512255,1,1,0,0,1,0,0
102340,0,0,0,0,0,0,0
112220,1,1,0,0,0,1,2
206273,0,0,0,0,0,0,0
11015,0,0,0,0,0,0,0
211087,0,0,0,0,0,0,0
9311377,0,0,0,0,0,0,0
109286,0,0,0,0,0,0,0
9711497,0,0,0,0,0,0,0
9410263,0,0,0,0,0,0,0
302122,0,0,0,0,0,0,0
12316,0,0,0,0,0,0,0
9803417,0,0,0,0,0,0,0
101054,1,1,0,0,1,0,0
302037,0,0,0,0,0,0,0
210300,0,0,0,0,0,0,0
105072,0,0,0,0,0,0,0
9807532,0,0,0,0,0,0,0
210423,0,0,0,0,0,0,0
9603411,1,1,0,0,1,0,0
9806300,0,0,0,0,0,0,0
9711510,0,0,0,0,0,0,0
9023,1,1,0,0,1,0,0
9706333,0,0,0,0,0,0,0
9310366,0,0,0,0,0,0,0
9906380,0,0,0,0,0,0,0
9710510,1,1,0,0,1,0,0
301086,0,0,0,0,0,0,0
103285,0,0,0,0,0,0,0
9906406,1,1,0,0,1,0,0
9508355,0,0,0,0,0,0,0
104133,0,0,0,0,0,0,0
9405358,0,0,0,0,0,0,0
9903529,0,0,0,0,0,0,0
109136,0,0,0,0,0,0,0
9512209,0,0,0,0,0,0,0
9811372,0,0,0,0,0,0,0
11085,0,0,0,0,0,0,0
301238,0,0,0,0,0,0,0
207111,0,0,0,0,0,0,0
302269,0,0,0,0,0,0,0
9906384,0,0,0,0,0,0,0
9711317,0,0,0,0,0,0,0
9402216,1,1,0,0,1,0,0
9708236,0,0,0,0,0,0,0
9611296,4,2,2,2,1,3,3
12208,7,1,6,15,0,7,60
9902334,41,4,37,263,0,41,374
9501212,6,1,5,9,3,3,3
12351,12,3,9,18,0,12,48
9611247,11,1,10,37,0,11,32
7286,6,4,2,4,0,6,46
9809472,12,4,8,12,0,12,50
9807423,55,1,54,482,0,55,381
9406430,5,1,4,9,5,0,0
9502370,4,2,2,3,4,0,0
9511388,45,2,43,313,3,42,153
9512399,13,6,7,14,0,13,74
9311306,14,6,8,16,5,9,13
9809596,59,5,54,423,0,59,695
9604370,41,1,40,238,41,0,0
9909254,37,1,36,277,0,37,135
9906368,8,3,5,9,0,8,87
9806376,4,3,1,2,0,4,35
9805368,6,2,4,7,0,6,53
9403312,19,3,16,59,10,9,9
9604229,48,1,47,416,33,15,15
9812256,40,6,34,231,3,37,235
9711476,1,1,0,0,1,0,0
9808270,9,5,4,6,0,9,48
9209251,45,2,43,321,45,0,0
9609443,47,4,43,253,4,43,76
9611277,11,1,10,37,8,3,3
9708209,6,1,5,11,0,6,15
12212,6,4,2,2,0,6,49
9511465,15,1,14,58,3,12,35
111144,16,2,14,55,0,16,43
9611243,14,2,12,45,0,14,108
9708377,16,5,11,34,0,16,272
110253,3,2,1,1,0,3,7
105217,3,1,2,3,0,3,30
9705440,7,4,3,6,0,7,45
9506374,58,1,57,587,5,53,138
2171,7,1,6,16,7,0,0
9810432,16,2,14,38,0,16,64
9811273,18,4,14,34,0,18,76
9902355,10,3,7,19,0,10,78
9312215,34,5,29,202,2,32,68
9207227,16,3,13,58,16,0,0
9601271,4,1,3,6,4,0,0
9504295,13,2,11,34,0,13,19
9310208,8,2,6,11,8,0,0
9803389,67,5,62,518,0,67,339
9603218,6,3,3,5,6,0,0
9805481,4,2,2,4,0,4,25
9904274,2,1,1,1,0,2,9
9405359,2,2,0,0,0,2,10
9308262,46,6,40,257,0,46,104
9907501,4,1,3,4,0,4,14
9903518,2,2,0,0,0,2,20
9306320,44,6,38,177,13,31,52
9312235,31,4,27,155,31,0,0
9908416,1,1,0,0,0,1,3
9609423,11,2,9,17,7,4,4
9501375,22,1,21,104,3,19,62
9708207,8,6,2,3,0,8,22
9610259,29,1,28,169,1,28,57
9710463,25,1,24,115,3,22,44
9911474,14,1,13,36,0,14,70
9903550,5,1,4,8,0,5,38
9907512,9,1,8,19,7,2,2
9601302,29,3,26,144,0,29,73
101025,14,3,11,15,0,14,168
1318,15,2,13,40,0,15,114
9402340,13,5,8,17,1,12,32
110285,0,0,0,0,0,0,0
206020,16,1,15,65,2,14,46
9504235,20,5,15,62,8,12,22
9604349,4,1,3,4,0,4,4
9410310,25,2,23,78,21,4,4
9310215,7,2,5,12,7,0,0
5103,7,1,6,8,0,7,41
9806213,20,3,17,45,0,20,124
9607448,14,1,13,60,14,0,0
9611409,6,3,3,5,0,6,13
9707430,29,3,26,156,7,22,27
9906262,33,1,32,197,0,33,35
9906381,14,1,13,48,2,12,22
9903476,11,2,9,18,3,8,12
9811331,1,1,0,0,0,1,1
9403364,15,1,14,47,15,0,0
9312302,13,6,7,11,0,13,26
9907447,36,1,35,221,36,0,0
9510220,13,2,11,32,5,8,8
9403354,1,1,0,0,1,0,0
2186,10,4,6,10,0,10,39
9212275,2,2,0,0,2,0,0
9402310,12,2,10,38,0,12,32
9911307,1,1,0,0,0,1,5
9909497,15,1,14,41,0,15,77
12020,12,1,11,19,0,12,73
9308288,52,1,51,499,52,0,0
9507248,8,1,7,20,1,7,19
9911248,17,1,16,59,7,10,25
9903277,5,5,0,0,0,5,15
104269,8,2,6,9,0,8,35
9805341,7,2,5,10,3,4,4
9511405,7,2,5,14,7,0,0
9705337,3,2,1,1,0,3,27
9511272,7,2,5,12,7,0,0
9306337,19,4,15,55,19,0,0
9708452,8,2,6,11,0,8,34
9904221,6,5,1,1,0,6,100
9907328,6,1,5,8,0,6,66
9807236,13,3,10,32,6,7,14
5232,29,1,28,229,0,29,149
207167,2,1,1,1,0,2,14
204218,11,3,8,15,0,11,143
201232,15,1,14,54,0,15,220
9701311,7,1,6,9,0,7,17
9908328,6,1,5,8,0,6,73
8087,8,2,6,22,1,7,7
9803405,21,7,14,55,0,21,124
9506467,5,2,3,3,0,5,10
5135,2,2,0,0,0,2,5
1069,4,0,4,5,0,4,8
9601269,4,3,1,1,0,4,22
9909243,6,2,4,5,0,6,25
112034,3,1,2,2,0,3,8
9911392,18,1,17,60,0,18,213
9502360,8,3,5,13,4,4,4
9906322,40,4,36,175,0,40,168
9601276,69,1,68,454,0,69,261
9607236,11,3,8,14,0,11,86
9501303,9,1,8,17,5,4,5
103326,1,1,0,0,0,1,2
9302211,2,1,1,1,2,0,0
9512387,4,2,2,2,3,1,1
9909502,10,1,9,25,0,10,18
9711266,17,3,14,49,1,16,25
9808224,31,2,29,174,0,31,230
9605226,2,1,1,1,0,2,6
9707328,2,1,1,1,2,0,0
8089,0,0,0,0,0,0,0
9809443,27,5,22,64,0,27,135
110032,10,2,8,18,0,10,111
9710451,9,1,8,20,2,7,8
9810281,0,0,0,0,0,0,0
105324,10,2,8,23,4,6,7
9802357,25,4,21,80,0,25,134
9707220,7,5,2,2,7,0,0
9902250,7,2,5,7,2,5,14
9408346,33,4,29,176,9,24,36
9808334,4,1,3,6,3,1,1
211314,1,1,0,0,0,1,1
9810364,10,4,6,7,0,10,70
9607275,10,1,9,28,0,10,21
9802366,1,1,0,0,0,1,1
9707249,11,3,8,29,0,11,62
9610355,2,2,0,0,0,2,4
9608346,8,1,7,16,8,0,0
9612346,28,2,26,198,0,28,188
9703288,62,3,59,741,2,60,172
9705386,3,3,0,0,3,0,0
9512361,1,1,0,0,1,0,0
9904257,3,1,2,2,0,3,19
9411219,9,1,8,17,9,0,0
6171,3,2,1,1,0,3,13
9612243,4,4,0,0,3,1,1
9306332,13,2,11,42,13,0,0
9802240,3,1,2,3,0,3,45
9502283,7,4,3,3,0,7,36
8205,1,1,0,0,1,0,0
9909376,13,1,12,50,0,13,100
9312349,47,3,44,195,2,45,45
9507253,52,1,51,341,0,52,172
211370,0,0,0,0,0,0,0
106280,1,1,0,0,0,1,18
9705243,14,4,10,30,14,0,0
9604413,2,1,1,1,2,0,0
9603384,16,1,15,60,0,16,16
9608435,2,1,1,1,0,2,22
9407259,1,1,0,0,0,1,1
9903337,9,3,6,13,0,9,56
9707326,28,1,27,134,0,28,124
9902273,21,2,19,125,0,21,233
9801411,13,2,11,29,0,13,30
3198,12,6,6,12,0,12,62
9806303,16,4,12,35,4,12,21
9909259,0,0,0,0,0,0,0
9804379,23,1,22,110,0,23,177
9710350,3,3,0,0,0,3,14
9809525,12,3,9,24,0,12,32
9612397,17,2,15,62,17,0,0
207136,0,0,0,0,0,0,0
6018,2,1,1,1,0,2,6
108135,2,1,1,1,0,2,7
9909292,20,2,18,72,9,11,11
104226,15,5,10,34,0,15,29
12097,12,4,8,21,0,12,31
9211310,10,3,7,18,10,0,0
9504368,3,1,2,2,1,2,6
9807339,19,1,18,67,3,16,16
9504239,6,2,4,6,3,3,3
9611255,4,1,3,5,0,4,65
9709205,11,2,9,24,2,9,22
9803419,8,3,5,12,3,5,13
9610433,11,2,9,15,2,9,14
9501250,1,1,0,0,0,1,2
11266,6,1,5,9,0,6,18
9907539,7,5,2,2,0,7,58
9708221,0,0,0,0,0,0,0
9506261,7,3,4,8,0,7,13
9603326,30,2,28,179,1,29,106
9403394,6,4,2,2,0,6,10
9702287,4,4,0,0,0,4,19
9410309,6,1,5,12,6,0,0
108109,2,2,0,0,0,2,11
9902356,5,3,2,2,0,5,7
9703439,0,0,0,0,0,0,0
9411220,4,2,2,4,4,0,0
9904206,21,2,19,68,2,19,63
111020,2,2,0,0,0,2,16
9712501,2,1,1,1,0,2,6
9612439,5,2,3,4,0,5,31
9911300,1,1,0,0,1,0,0
9502349,14,1,13,66,14,0,0
9503413,2,1,1,1,2,0,0
9703273,1,1,0,0,0,1,2
104278,3,1,2,2,0,3,113
9307242,51,3,48,449,51,0,0
9805380,26,1,25,92,26,0,0
9706284,5,3,2,3,0,5,13
103244,5,1,4,6,0,5,17
9207225,2,1,1,1,2,0,0
2178,26,2,24,103,1,25,84
9803304,7,1,6,14,3,4,4
9405400,8,4,4,11,8,0,0
203178,2,1,1,1,0,2,4
9809506,14,1,13,39,0,14,186
9408337,0,0,0,0,0,0,0
9507442,3,1,2,3,3,0,0
9307285,15,4,11,29,15,0,0
9607217,6,1,5,7,3,3,3
9907420,10,1,9,18,0,10,45
206202,0,0,0,0,0,0,0
9407229,1,1,0,0,0,1,1
9402277,6,2,4,7,0,6,6
204286,23,1,22,130,0,23,80
9905461,3,1,2,3,0,3,11
107190,19,3,16,94,0,19,116
2072,25,3,22,121,10,15,41
206258,2,2,0,0,0,2,14
9403311,7,1,6,17,7,0,0
9405428,12,1,11,33,12,0,0
9508323,6,1,5,6,6,0,0
204112,4,1,3,5,0,4,37
9503332,14,1,13,37,1,13,37
9701322,3,1,2,2,3,0,0
9707381,1,1,0,0,0,1,3
101275,28,1,27,138,0,28,389
107299,4,2,2,3,0,4,18
9710389,4,1,3,4,4,0,0
9903248,0,0,0,0,0,0,0
9511441,2,2,0,0,2,0,0
9811289,2,2,0,0,0,2,2
9702296,8,3,5,17,0,8,20
9210267,1,1,0,0,1,0,0
2070,0,0,0,0,0,0,0
9610375,1,1,0,0,0,1,1
103001,4,1,3,6,0,4,10
9503227,1,1,0,0,1,0,0
9612401,3,2,1,1,3,0,0
101100,0,0,0,0,0,0,0
9209223,9,2,7,9,9,0,0
4056,30,2,28,232,0,30,85
104127,14,4,10,31,0,14,125
9304275,14,2,12,46,14,0,0
5262,7,2,5,9,0,7,59
9809546,1,1,0,0,0,1,5
9612245,12,1,11,47,0,12,46
9609231,5,2,3,4,0,5,5
9610408,10,2,8,26,0,10,73
12100,27,2,25,146,13,14,14
209249,0,0,0,0,0,0,0
3154,2,2,0,0,0,2,26
9610454,1,1,0,0,0,1,1
9610304,16,2,14,75,16,0,0
9911321,7,1,6,8,0,7,48
9501364,5,3,2,3,0,5,8
9607413,2,1,1,1,0,2,5
101163,2,1,1,1,2,0,0
9808457,2,1,1,1,0,2,8
9507250,6,1,5,12,6,0,0
9301256,1,1,0,0,1,0,0
9605231,10,1,9,15,0,10,48
9912491,3,1,2,2,0,3,8
9911449,0,0,0,0,0,0,0
9206247,4,1,3,3,4,0,0
9707218,3,1,2,2,2,1,1
9506248,5,4,1,1,0,5,17
9612302,7,1,6,17,2,5,10
9605426,1,1,0,0,1,0,0
9607446,7,1,6,15,0,7,35
8125,5,2,3,3,0,5,29
9505362,1,1,0,0,1,0,0
2126,3,2,1,1,1,2,7
9708311,12,6,6,20,0,12,24
7050,4,3,1,1,0,4,13
9907569,2,2,0,0,0,2,10
9807487,3,1,2,2,0,3,17
108187,4,3,1,1,0,4,13
9508377,2,1,1,1,2,0,0
9507404,0,0,0,0,0,0,0
9711204,6,2,4,6,0,6,45
9812302,1,1,0,0,0,1,12
9706367,3,2,1,1,0,3,7
9910310,8,4,4,7,0,8,30
9511266,2,1,1,1,0,2,6
112037,4,2,2,3,0,4,23
104210,8,2,6,9,0,8,67
9308337,9,9,0,0,0,9,9
9810315,6,1,5,14,0,6,18
6183,5,1,4,5,0,5,13
9903335,3,3,0,0,0,3,16
212343,0,0,0,0,0,0,0
9811235,3,2,1,1,0,3,3
9606391,4,1,3,5,0,4,4
9606316,1,1,0,0,0,1,5
106337,2,1,1,1,0,2,2
8091,6,3,3,4,0,6,32
107206,15,4,11,41,0,15,151
11134,9,3,6,15,0,9,99
9902416,3,2,1,2,0,3,10
211433,0,0,0,0,0,0,0
9610268,1,1,0,0,0,1,4
9805496,7,3,4,5,6,1,1
9702386,1,1,0,0,1,0,0
103192,5,3,2,2,0,5,44
202084,2,2,0,0,0,2,9
9702363,24,4,20,69,2,22,32
9604247,2,2,0,0,2,0,0
9307310,1,1,0,0,1,0,0
2259,8,2,6,14,2,6,6
9610274,6,1,5,11,0,6,6
9603348,8,2,6,8,0,8,20
9406275,8,2,6,15,8,0,0
9902350,6,2,4,7,2,4,8
9802312,3,1,2,2,0,3,12
102163,7,2,5,16,0,7,48
9304298,9,5,4,9,7,2,5
111223,0,0,0,0,0,0,0
9906268,10,2,8,23,1,9,34
9712404,0,0,0,0,0,0,0
9912340,2,2,0,0,1,1,12
12350,5,2,3,4,0,5,21
9602430,1,1,0,0,1,0,0
105297,13,4,9,32,0,13,48
9241,6,2,4,5,2,4,4
9405301,2,1,1,1,2,0,0
7268,10,2,8,24,0,10,72
205305,3,1,2,2,0,3,15
12088,5,2,3,6,0,5,23
207053,7,2,5,12,0,7,88
9303259,12,1,11,26,12,0,0
9210231,9,5,4,7,9,0,0
9211296,3,3,0,0,3,0,0
9706453,0,0,0,0,0,0,0
9503333,5,2,3,3,1,4,4
207064,0,0,0,0,0,0,0
208243,0,0,0,0,0,0,0
9906448,4,1,3,3,0,4,12
9808242,8,2,6,12,0,8,42
9310231,2,1,1,1,0,2,2
103155,2,1,1,1,0,2,9
9304236,1,1,0,0,1,0,0
9310301,2,1,1,1,2,0,0
106162,2,2,0,0,2,0,0
9912421,2,1,1,1,0,2,4
110155,3,2,1,1,0,3,90
9802268,2,1,1,1,2,0,0
9703425,0,0,0,0,0,0,0
9609202,9,1,8,19,2,7,7
9807351,6,2,4,9,4,2,2
9801283,6,3,3,6,6,0,0
9809259,0,0,0,0,0,0,0
9708358,4,4,0,0,0,4,21
207010,1,1,0,0,0,1,1
9712363,6,1,5,14,0,6,20
9312350,18,3,15,26,18,0,0
110045,4,2,2,2,0,4,15
9607480,0,0,0,0,0,0,0
112163,3,1,2,2,0,3,38
105332,1,1,0,0,0,1,1
9709312,4,1,3,6,0,4,6
9703324,5,2,3,5,0,5,28
9511460,2,1,1,1,0,2,2
105212,4,3,1,1,2,2,2
9809376,15,4,11,71,0,15,50
9607454,9,1,8,27,9,0,0
9903488,3,2,1,1,0,3,22
6060,4,2,2,2,0,4,32
8151,2,2,0,0,0,2,2
9602296,1,1,0,0,1,0,0
9701218,9,3,6,19,1,8,8
7137,3,2,1,1,0,3,45
2144,2,1,1,1,0,2,8
10199,1,1,0,0,0,1,3
9509303,12,3,9,33,12,0,0
9803385,2,2,0,0,2,0,0
9911516,12,3,9,25,0,12,41
9210255,3,2,1,1,3,0,0
10221,1,1,0,0,1,0,0
9701360,10,2,8,11,0,10,67
203199,1,1,0,0,0,1,4
112054,1,1,0,0,0,1,7
9602340,5,1,4,7,4,1,1
9512435,7,1,6,9,0,7,14
9602251,7,4,3,7,0,7,7
5110,3,1,2,2,0,3,3
12222,8,3,5,11,0,8,24
9505217,7,1,6,18,7,0,0
9705407,3,2,1,1,3,0,0
9906284,9,5,4,5,0,9,52
9804337,9,1,8,19,0,9,30
9901258,4,2,2,3,0,4,15
9909473,4,3,1,1,4,0,0
9301291,6,3,3,4,6,0,0
109179,0,0,0,0,0,0,0
9510285,3,2,1,1,0,3,5
10308,2,1,1,1,2,0,0
107105,3,2,1,1,0,3,10
9510281,0,0,0,0,0,0,0
9701317,0,0,0,0,0,0,0
9801412,1,1,0,0,0,1,10
9408239,5,3,2,3,0,5,13
9705450,2,2,0,0,0,2,4
106037,1,1,0,0,0,1,8
9901327,8,2,6,17,1,7,7
9203219,7,3,4,5,7,0,0
9211209,4,2,2,3,4,0,0
9601252,6,1,5,8,5,1,1
9808300,0,0,0,0,0,0,0
9803476,8,1,7,23,0,8,56
9710310,3,1,2,2,0,3,7
106186,2,2,0,0,0,2,14
105061,6,3,3,8,0,6,67
112172,3,3,0,0,0,3,35
9903446,5,1,4,9,0,5,10
8141,0,0,0,0,0,0,0
9702441,0,0,0,0,0,0,0
1115,5,3,2,2,0,5,53
6024,12,3,9,13,0,12,21
9910364,1,1,0,0,0,1,5
9803239,3,2,1,1,0,3,16
9804229,7,1,6,16,0,7,14
9410220,2,1,1,1,2,0,0
9709210,1,1,0,0,0,1,2
9908315,1,1,0,0,1,0,0
9212265,4,2,2,3,4,0,0
9409261,2,1,1,1,2,0,0
106030,1,1,0,0,0,1,1
9411371,1,1,0,0,0,1,1
9511386,8,5,3,4,8,0,0
108246,2,1,1,1,0,2,15
207122,1,1,0,0,0,1,3
9701324,1,1,0,0,0,1,2
9707433,2,2,0,0,1,1,2
9905488,2,1,1,1,0,2,5
101097,1,1,0,0,0,1,4
9710420,2,1,1,1,2,0,0
112304,2,2,0,0,0,2,7
201051,2,2,0,0,2,0,0
4156,1,1,0,0,0,1,1
9707542,5,2,3,5,0,5,12
9607479,2,1,1,1,0,2,6
9811203,3,3,0,0,0,3,8
9406276,0,0,0,0,0,0,0
9512381,7,1,6,12,7,0,0
9503400,0,0,0,0,0,0,0
12205,2,2,0,0,0,2,4
9506358,4,2,2,2,0,4,5
1037,1,1,0,0,0,1,3
9801417,0,0,0,0,0,0,0
9702431,0,0,0,0,0,0,0
212180,2,1,1,1,0,2,14
110085,0,0,0,0,0,0,0
11201,3,3,0,0,0,3,24
9607424,5,2,3,4,1,4,4
2157,1,1,0,0,0,1,7
9901290,1,1,0,0,0,1,3
9512215,1,1,0,0,0,1,2
211153,0,0,0,0,0,0,0
9802237,3,2,1,1,3,0,0
9504365,1,1,0,0,0,1,1
9411358,5,5,0,0,3,2,2
9710357,4,1,3,6,4,0,0
9512330,2,1,1,1,0,2,5
207095,0,0,0,0,0,0,0
9402287,1,1,0,0,1,0,0
9409455,5,3,2,2,2,3,4
9607434,1,1,0,0,1,0,0
204097,0,0,0,0,0,0,0
9607249,6,3,3,8,1,5,5
212293,0,0,0,0,0,0,0
9705466,2,2,0,0,0,2,3
212099,1,1,0,0,0,1,12
9509343,4,4,0,0,4,0,0
203006,6,1,5,7,0,6,20
9802227,5,4,1,2,2,3,5
9805206,4,2,2,3,0,4,13
9901215,7,2,5,12,0,7,7
107187,4,1,3,4,0,4,50
207313,2,2,0,0,0,2,19
9304256,2,2,0,0,2,0,0
9403369,1,1,0,0,1,0,0
2100,2,1,1,1,2,0,0
9303215,6,2,4,9,6,0,0
110201,1,1,0,0,0,1,3
9408319,0,0,0,0,0,0,0
103161,5,2,3,5,1,4,8
9706362,2,2,0,0,0,2,35
9909242,1,1,0,0,0,1,1
9805467,3,3,0,0,0,3,3
9807209,2,1,1,1,0,2,8
3026,0,0,0,0,0,0,0
9605361,4,2,2,3,0,4,20
5011,0,0,0,0,0,0,0
103270,1,1,0,0,0,1,4
10209,1,1,0,0,0,1,4
205246,5,2,3,3,0,5,17
8083,5,3,2,3,1,4,8
107111,2,1,1,1,0,2,9
9411213,2,2,0,0,0,2,6
9905286,2,1,1,1,2,0,0
9606422,3,2,1,2,0,3,8
9908496,0,0,0,0,0,0,0
9402282,5,2,3,5,2,3,3
9809494,1,1,0,0,0,1,1
101009,3,2,1,1,0,3,13
9903361,2,2,0,0,0,2,4
9902201,2,1,1,1,0,2,14
9509275,1,1,0,0,0,1,2
9802371,2,2,0,0,0,2,13
9910372,1,1,0,0,0,1,2
9908435,2,1,1,1,1,1,1
5084,2,1,1,1,0,2,2
111405,0,0,0,0,0,0,0
9706363,9,7,2,3,0,9,30
9811258,1,1,0,0,0,1,3
5026,4,3,1,2,0,4,13
105116,1,1,0,0,0,1,4
111200,1,1,0,0,0,1,5
9608348,1,1,0,0,1,0,0
9706337,2,1,1,1,0,2,2
3098,1,1,0,0,0,1,6
203094,0,0,0,0,0,0,0
9208243,3,3,0,0,3,0,0
209194,3,1,2,3,2,1,3
7346,3,3,0,0,0,3,18
211036,0,0,0,0,0,0,0
210242,0,0,0,0,0,0,0
9402255,1,1,0,0,1,0,0
9703368,2,2,0,0,0,2,2
9710276,0,0,0,0,0,0,0
107022,2,2,0,0,0,2,11
4222,2,1,1,1,0,2,3
9512342,1,1,0,0,0,1,5
207208,0,0,0,0,0,0,0
9703364,1,1,0,0,0,1,1
111269,7,2,5,16,0,7,72
9605420,2,1,1,1,2,0,0
4007,1,1,0,0,1,0,0
9710466,1,1,0,0,0,1,2
9506267,1,1,0,0,1,0,0
9910281,0,0,0,0,0,0,0
9803413,0,0,0,0,0,0,0
7020,1,1,0,0,0,1,3
9809571,4,1,3,4,0,4,19
208128,0,0,0,0,0,0,0
9512426,1,1,0,0,0,1,3
9710468,1,1,0,0,1,0,0
9911358,3,1,2,3,0,3,6
112252,0,0,0,0,0,0,0
6164,0,0,0,0,0,0,0
9611461,2,1,1,1,0,2,18
9707504,4,2,2,4,1,3,5
9712502,4,4,0,0,4,0,0
9610324,0,0,0,0,0,0,0
9903280,2,1,1,1,2,0,0
9404322,4,4,0,0,0,4,4
9901280,1,1,0,0,1,0,0
9804356,4,3,1,1,3,1,1
9208224,1,1,0,0,1,0,0
9711320,0,0,0,0,0,0,0
9409463,4,2,2,2,1,3,3
9908267,2,2,0,0,0,2,9
9706266,4,1,3,5,4,0,0
7296,0,0,0,0,0,0,0
9205232,3,3,0,0,3,0,0
203261,4,4,0,0,0,4,21
8114,5,2,3,8,0,5,35
2181,3,2,1,1,0,3,6
9603297,0,0,0,0,0,0,0
208114,1,1,0,0,0,1,23
9502236,0,0,0,0,0,0,0
109026,0,0,0,0,0,0,0
3056,0,0,0,0,0,0,0
9501273,3,1,2,3,3,0,0
9510217,0,0,0,0,0,0,0
9910473,0,0,0,0,0,0,0
9902320,4,1,3,6,4,0,0
8189,1,1,0,0,0,1,7
9907368,1,1,0,0,0,1,2
105041,5,2,3,4,0,5,46
9603439,2,1,1,1,0,2,3
9304217,6,2,4,8,0,6,6
9309221,1,1,0,0,1,0,0
9811431,0,0,0,0,0,0,0
9507406,0,0,0,0,0,0,0
4104,3,1,2,2,3,0,0
9407390,0,0,0,0,0,0,0
1154,2,1,1,1,0,2,5
9612331,7,2,5,10,2,5,5
101152,1,1,0,0,1,0,0
9901308,2,1,1,1,2,0,0
9301292,4,3,1,2,4,0,0
9704352,3,2,1,1,0,3,3
9509309,1,1,0,0,1,0,0
9606393,1,1,0,0,0,1,9
206204,0,0,0,0,0,0,0
9706518,2,1,1,1,2,0,0
205344,1,1,0,0,0,1,1
9403215,11,3,8,10,11,0,0
9906273,2,2,0,0,0,2,2
9506330,1,1,0,0,1,0,0
9405369,2,1,1,1,1,1,1
9406366,1,1,0,0,1,0,0
301261,1,1,0,0,0,1,11
9905435,3,1,2,3,0,3,8
9308345,3,2,1,1,0,3,3
203189,2,1,1,1,0,2,12
211328,0,0,0,0,0,0,0
101337,1,1,0,0,0,1,8
102346,0,0,0,0,0,0,0
9804358,0,0,0,0,0,0,0
9904256,5,1,4,10,5,0,0
206195,2,2,0,0,0,2,7
9504385,0,0,0,0,0,0,0
9704371,4,2,2,2,0,4,4
101019,4,2,2,2,0,4,12
104031,2,1,1,1,0,2,4
212381,0,0,0,0,0,0,0
9706273,6,2,4,6,6,0,0
9812298,3,2,1,1,0,3,10
9206238,2,2,0,0,2,0,0
302039,0,0,0,0,0,0,0
103321,1,1,0,0,1,0,0
9512247,0,0,0,0,0,0,0
9307,0,0,0,0,0,0,0
9307205,4,2,2,2,4,0,0
9503429,1,1,0,0,1,0,0
9811413,0,0,0,0,0,0,0
7270,0,0,0,0,0,0,0
9312226,5,1,4,7,5,0,0
102031,0,0,0,0,0,0,0
9208215,4,2,2,2,4,0,0
9807279,5,2,3,6,0,5,16
7285,2,2,0,0,1,1,1
9901268,1,1,0,0,1,0,0
9507447,1,1,0,0,1,0,0
209325,1,1,0,0,0,1,1
9803215,1,1,0,0,0,1,8
9905510,1,1,0,0,1,0,0
107162,1,1,0,0,0,1,2
107292,1,1,0,0,0,1,2
204158,0,0,0,0,0,0,0
9511237,2,2,0,0,2,0,0
9902347,0,0,0,0,0,0,0
9912416,4,2,2,2,1,3,3
111383,0,0,0,0,0,0,0
302173,2,1,1,1,0,2,2
9311300,3,1,2,2,0,3,3
209122,0,0,0,0,0,0,0
1300,0,0,0,0,0,0,0
9707332,2,1,1,1,2,0,0
211261,0,0,0,0,0,0,0
211272,1,1,0,0,0,1,11
101303,0,0,0,0,0,0,0
9905232,0,0,0,0,0,0,0
9604353,11,6,5,9,0,11,24
206205,0,0,0,0,0,0,0
9905218,3,2,1,1,0,3,10
9708449,0,0,0,0,0,0,0
203096,0,0,0,0,0,0,0
4055,0,0,0,0,0,0,0
9710385,1,1,0,0,0,1,3
301101,0,0,0,0,0,0,0
9309308,1,1,0,0,1,0,0
9308245,1,1,0,0,1,0,0
9911284,1,1,0,0,0,1,1
107093,1,1,0,0,1,0,0
9309262,1,1,0,0,1,0,0
9502396,1,1,0,0,0,1,1
212105,0,0,0,0,0,0,0
211287,3,2,1,1,0,3,51
9507283,2,1,1,1,1,1,1
9812297,0,0,0,0,0,0,0
203073,1,1,0,0,0,1,2
9503329,2,1,1,1,0,2,6
9405284,0,0,0,0,0,0,0
211197,2,2,0,0,0,2,24
101328,0,0,0,0,0,0,0
204285,2,2,0,0,0,2,8
9805256,1,1,0,0,0,1,2
105123,0,0,0,0,0,0,0
9408247,2,2,0,0,2,0,0
9711454,2,2,0,0,0,2,9
9711252,2,1,1,1,0,2,4
9905521,1,1,0,0,0,1,1
103114,2,1,1,1,2,0,0
107259,2,2,0,0,0,2,5
9605306,1,1,0,0,0,1,2
208262,1,1,0,0,0,1,8
9511373,0,0,0,0,0,0,0
103204,1,1,0,0,0,1,6
9608416,1,1,0,0,0,1,1
9507466,2,2,0,0,1,1,3
9909330,0,0,0,0,0,0,0
202144,3,1,2,3,0,3,12
110362,1,1,0,0,0,1,6
108089,1,1,0,0,1,0,0
9901444,5,1,4,5,2,3,8
9406301,0,0,0,0,0,0,0
9511339,0,0,0,0,0,0,0
205263,1,1,0,0,0,1,5
9312221,6,5,1,1,6,0,0
9605208,0,0,0,0,0,0,0
12321,5,1,4,8,0,5,12
9511301,8,6,2,4,8,0,0
9912528,0,0,0,0,0,0,0
9406356,1,1,0,0,1,0,0
211182,0,0,0,0,0,0,0
9408323,1,1,0,0,1,0,0
105027,0,0,0,0,0,0,0
9412353,2,2,0,0,0,2,2
301235,0,0,0,0,0,0,0
8317,3,3,0,0,0,3,3
6287,0,0,0,0,0,0,0
4268,1,1,0,0,1,0,0
212251,0,0,0,0,0,0,0
209071,0,0,0,0,0,0,0
2294,0,0,0,0,0,0,0
9610452,0,0,0,0,0,0,0
9911218,2,1,1,1,2,0,0
9804210,4,3,1,1,0,4,31
9811425,3,3,0,0,3,0,0
9409280,3,2,1,1,3,0,0
207330,1,1,0,0,0,1,17
11348,4,2,2,2,0,4,8
111363,0,0,0,0,0,0,0
210271,0,0,0,0,0,0,0
9706463,2,1,1,1,0,2,4
9710320,0,0,0,0,0,0,0
9509307,2,2,0,0,2,0,0
210396,1,1,0,0,0,1,1
104215,0,0,0,0,0,0,0
9909568,0,0,0,0,0,0,0
9901348,2,2,0,0,2,0,0
110351,0,0,0,0,0,0,0
9510209,0,0,0,0,0,0,0
9711441,3,1,2,3,0,3,6
9711512,0,0,0,0,0,0,0
9502402,0,0,0,0,0,0,0
205181,0,0,0,0,0,0,0
9903356,1,1,0,0,1,0,0
104255,4,3,1,1,4,0,0
9308211,0,0,0,0,0,0,0
106270,0,0,0,0,0,0,0
9905289,2,1,1,1,1,1,1
9905558,4,1,3,4,0,4,22
9906214,0,0,0,0,0,0,0
201164,3,1,2,3,0,3,3
9608254,0,0,0,0,0,0,0
9512270,1,1,0,0,1,0,0
201313,1,1,0,0,0,1,3
212245,0,0,0,0,0,0,0
9510250,1,1,0,0,0,1,2
112107,0,0,0,0,0,0,0
10307,4,2,2,4,4,0,0
9708429,0,0,0,0,0,0,0
9801343,0,0,0,0,0,0,0
9710552,0,0,0,0,0,0,0
9803377,2,2,0,0,0,2,2
9608250,0,0,0,0,0,0,0
110090,1,1,0,0,0,1,1
9905546,1,1,0,0,1,0,0
103260,1,1,0,0,0,1,7
9606478,0,0,0,0,0,0,0
9503355,2,1,1,1,0,2,7
9505396,1,1,0,0,1,0,0
212191,0,0,0,0,0,0,0
9612466,2,2,0,0,1,1,1
101252,0,0,0,0,0,0,0
111183,0,0,0,0,0,0,0
6186,0,0,0,0,0,0,0
204297,1,1,0,0,0,1,6
210327,0,0,0,0,0,0,0
207001,0,0,0,0,0,0,0
208192,1,1,0,0,0,1,3
9409233,0,0,0,0,0,0,0
208084,1,1,0,0,0,1,4
9812268,0,0,0,0,0,0,0
209374,0,0,0,0,0,0,0
9803437,1,1,0,0,0,1,1
9912286,0,0,0,0,0,0,0
207373,0,0,0,0,0,0,0
204163,0,0,0,0,0,0,0
9709463,0,0,0,0,0,0,0
9403379,3,1,2,3,3,0,0
9811415,1,1,0,0,0,1,3
211164,0,0,0,0,0,0,0
9803410,1,1,0,0,1,0,0
211129,1,1,0,0,1,0,0
112067,1,1,0,0,0,1,5
9903296,0,0,0,0,0,0,0
9710555,0,0,0,0,0,0,0
9506308,1,1,0,0,0,1,1
209144,0,0,0,0,0,0,0
9903405,3,2,1,2,3,0,0
110305,0,0,0,0,0,0,0
9905378,1,1,0,0,0,1,5
9906521,0,0,0,0,0,0,0
9611332,0,0,0,0,0,0,0
207337,1,1,0,0,0,1,4
110198,0,0,0,0,0,0,0
9711230,0,0,0,0,0,0,0
9505236,0,0,0,0,0,0,0
12149,1,1,0,0,1,0,0
11331,0,0,0,0,0,0,0
9912486,1,1,0,0,0,1,3
9509395,0,0,0,0,0,0,0
9711389,1,1,0,0,1,0,0
9905333,1,1,0,0,1,0,0
3063,0,0,0,0,0,0,0
208032,0,0,0,0,0,0,0
107031,0,0,0,0,0,0,0
9804336,0,0,0,0,0,0,0
9908209,1,1,0,0,1,0,0
9310263,0,0,0,0,0,0,0
9912387,0,0,0,0,0,0,0
9602339,0,0,0,0,0,0,0
104083,0,0,0,0,0,0,0
6317,0,0,0,0,0,0,0
210070,0,0,0,0,0,0,0
8082,1,1,0,0,0,1,1
9805348,2,1,1,1,2,0,0
206039,0,0,0,0,0,0,0
9308254,1,1,0,0,1,0,0
212286,1,1,0,0,0,1,13
206239,1,1,0,0,0,1,1
302130,0,0,0,0,0,0,0
210072,0,0,0,0,0,0,0
9709437,0,0,0,0,0,0,0
9402267,0,0,0,0,0,0,0
211042,1,1,0,0,0,1,1
9605380,0,0,0,0,0,0,0
211360,1,1,0,0,0,1,11
101356,0,0,0,0,0,0,0
105298,0,0,0,0,0,0,0
210398,0,0,0,0,0,0,0
108119,0,0,0,0,0,0,0
9510330,0,0,0,0,0,0,0
9603260,0,0,0,0,0,0,0
9406282,1,1,0,0,1,0,0
9409387,0,0,0,0,0,0,0
9605251,1,1,0,0,1,0,0
9704226,2,2,0,0,2,0,0
9505243,0,0,0,0,0,0,0
9808416,0,0,0,0,0,0,0
111358,1,1,0,0,1,0,0
112260,2,1,1,1,2,0,0
9505276,1,1,0,0,1,0,0
9311262,0,0,0,0,0,0,0
105341,0,0,0,0,0,0,0
205007,1,1,0,0,0,1,4
101129,2,2,0,0,0,2,2
112146,0,0,0,0,0,0,0
9612259,0,0,0,0,0,0,0
104132,0,0,0,0,0,0,0
9707238,0,0,0,0,0,0,0
106222,3,2,1,1,0,3,3
302079,0,0,0,0,0,0,0
9404262,0,0,0,0,0,0,0
9507252,1,1,0,0,0,1,1
212272,0,0,0,0,0,0,0
109193,0,0,0,0,0,0,0
9804362,1,1,0,0,1,0,0
9907527,0,0,0,0,0,0,0
9504300,1,1,0,0,1,0,0
101044,1,1,0,0,1,0,0
9403238,1,1,0,0,1,0,0
12344,0,0,0,0,0,0,0
9606258,2,2,0,0,2,0,0
6316,0,0,0,0,0,0,0
206091,0,0,0,0,0,0,0
9709510,1,1,0,0,1,0,0
9405203,0,0,0,0,0,0,0
9305330,0,0,0,0,0,0,0
9510432,1,1,0,0,1,0,0
4218,0,0,0,0,0,0,0
9910400,0,0,0,0,0,0,0
212234,0,0,0,0,0,0,0
9812468,0,0,0,0,0,0,0
9802264,0,0,0,0,0,0,0
3173,1,1,0,0,1,0,0
209220,0,0,0,0,0,0,0
9908344,1,1,0,0,1,0,0
11152,0,0,0,0,0,0,0
302247,0,0,0,0,0,0,0
7042,0,0,0,0,0,0,0
212075,0,0,0,0,0,0,0
204026,0,0,0,0,0,0,0
9404218,3,2,1,1,3,0,0
9402222,0,0,0,0,0,0,0
207072,0,0,0,0,0,0,0
9812405,0,0,0,0,0,0,0
202085,0,0,0,0,0,0,0
9411364,1,1,0,0,0,1,2
9812226,2,1,1,1,0,2,2
5198,1,1,0,0,0,1,2
208207,0,0,0,0,0,0,0
207188,0,0,0,0,0,0,0
209250,1,1,0,0,0,1,15
203098,0,0,0,0,0,0,0
103029,1,1,0,0,0,1,3
9510278,0,0,0,0,0,0,0
6194,1,1,0,0,1,0,0
102328,0,0,0,0,0,0,0
206257,0,0,0,0,0,0,0
9906364,0,0,0,0,0,0,0
103302,0,0,0,0,0,0,0
206147,0,0,0,0,0,0,0
209285,0,0,0,0,0,0,0
9507399,0,0,0,0,0,0,0
9408327,0,0,0,0,0,0,0
1275,1,1,0,0,1,0,0
9604409,0,0,0,0,0,0,0
210388,1,1,0,0,0,1,2
9908313,1,1,0,0,0,1,2
9506300,0,0,0,0,0,0,0
9707226,3,1,2,3,3,0,0
9906453,0,0,0,0,0,0,0
206301,1,1,0,0,0,1,5
212014,0,0,0,0,0,0,0
9807562,0,0,0,0,0,0,0
9604306,1,1,0,0,0,1,1
9402339,1,1,0,0,1,0,0
6269,1,1,0,0,1,0,0
302065,0,0,0,0,0,0,0
9705421,1,1,0,0,1,0,0
9911495,0,0,0,0,0,0,0
9401338,1,1,0,0,1,0,0
201082,0,0,0,0,0,0,0
9410210,0,0,0,0,0,0,0
207312,0,0,0,0,0,0,0
9609485,0,0,0,0,0,0,0
10011,1,1,0,0,0,1,13
302090,0,0,0,0,0,0,0
104231,1,1,0,0,1,0,0
10183,0,0,0,0,0,0,0
9902248,0,0,0,0,0,0,0
301144,0,0,0,0,0,0,0
211361,0,0,0,0,0,0,0
9806527,0,0,0,0,0,0,0
9705247,0,0,0,0,0,0,0
9610240,0,0,0,0,0,0,0
104009,3,1,2,3,3,0,0
211210,0,0,0,0,0,0,0
212145,0,0,0,0,0,0,0
105282,0,0,0,0,0,0,0
10351,0,0,0,0,0,0,0
210400,0,0,0,0,0,0,0
203247,0,0,0,0,0,0,0
203102,0,0,0,0,0,0,0
204248,0,0,0,0,0,0,0
9809536,0,0,0,0,0,0,0
2037,0,0,0,0,0,0,0
9911462,1,1,0,0,1,0,0
210353,0,0,0,0,0,0,0
205339,0,0,0,0,0,0,0
10033,0,0,0,0,0,0,0
9607464,1,1,0,0,1,0,0
9704218,0,0,0,0,0,0,0
209185,0,0,0,0,0,0,0
9612418,1,1,0,0,1,0,0
212336,0,0,0,0,0,0,0
9177,1,1,0,0,1,0,0
301081,0,0,0,0,0,0,0
3227,0,0,0,0,0,0,0
212220,0,0,0,0,0,0,0
9329,0,0,0,0,0,0,0
3211,0,0,0,0,0,0,0
9609494,0,0,0,0,0,0,0
211377,0,0,0,0,0,0,0
9809375,0,0,0,0,0,0,0
7090,0,0,0,0,0,0,0
211035,0,0,0,0,0,0,0
9070,0,0,0,0,0,0,0
302083,0,0,0,0,0,0,0
9404351,1,1,0,0,1,0,0
211448,0,0,0,0,0,0,0
1018,0,0,0,0,0,0,0
9611439,0,0,0,0,0,0,0
204320,0,0,0,0,0,0,0
9912346,0,0,0,0,0,0,0
211055,0,0,0,0,0,0,0
9306303,0,0,0,0,0,0,0
208167,0,0,0,0,0,0,0
9506209,1,1,0,0,1,0,0
9612258,1,1,0,0,0,1,1
101118,9,2,7,16,0,9,50
9903230,20,2,18,97,0,20,150
9501362,18,3,15,63,5,13,24
107180,4,1,3,6,2,2,10
9611367,22,2,20,92,1,21,63
11144,4,3,1,2,0,4,29
9810367,13,2,11,31,0,13,54
9812320,44,1,43,328,0,44,378
9606317,0,0,0,0,0,0,0
9503268,4,1,3,3,0,4,7
9512369,35,4,31,143,0,35,123
9602364,9,4,5,8,0,9,43
9406372,13,5,8,17,6,7,7
9811379,39,6,33,129,0,39,236
9606411,64,4,60,497,6,58,209
9909425,35,1,34,239,0,35,197
9907390,20,4,16,73,0,20,102
9809368,7,1,6,12,0,7,107
9906525,21,1,20,106,1,20,72
9711339,14,1,13,41,6,8,16
9607310,34,1,33,202,0,34,66
9809381,13,2,11,31,0,13,37
9305268,1,1,0,0,1,0,0
9310363,12,1,11,31,12,0,0
9403350,18,1,17,86,1,17,24
9612447,63,3,60,513,8,55,94
9406417,6,2,4,10,6,0,0
9709369,9,3,6,10,3,6,20
105246,1,1,0,0,0,1,9
9705244,38,1,37,266,5,33,237
6146,21,2,19,72,0,21,133
9611443,15,3,12,63,0,15,147
9709306,9,2,7,14,0,9,90
9808453,2,1,1,1,0,2,10
107074,4,3,1,1,0,4,68
9710331,24,3,21,100,0,24,206
9602281,60,3,57,450,1,59,234
7360,8,1,7,17,1,7,9
9907238,9,3,6,10,0,9,52
9401308,46,4,42,199,1,45,45
9905463,6,1,5,7,0,6,44
9312296,61,4,57,711,0,61,299
9406368,14,3,11,33,0,14,63
9706484,3,1,2,3,0,3,3
9508292,9,5,4,8,0,9,16
9901394,13,6,7,12,0,13,29
9310252,23,3,20,97,23,0,0
9706354,7,7,0,0,0,7,26
9708463,11,4,7,12,0,11,44
9912292,0,0,0,0,0,0,0
9301226,5,4,1,3,5,0,0
9311325,44,4,40,158,1,43,88
9909404,18,3,15,35,1,17,45
9907517,7,1,6,14,0,7,58
9311339,29,4,25,154,1,28,67
9410342,18,3,15,38,0,18,54
9808380,0,0,0,0,0,0,0
9403304,6,2,4,10,6,0,0
2198,11,2,9,14,0,11,122
7175,3,1,2,3,3,0,0
9610415,14,3,11,38,0,14,36
9902327,37,2,35,218,1,36,173
9509409,9,1,8,17,0,9,29
9612264,8,2,6,16,1,7,17
9912439,19,2,17,75,7,12,16
9606399,25,4,21,99,25,0,0
101067,19,2,17,74,0,19,173
2277,13,4,9,44,0,13,187
9406295,22,6,16,63,8,14,40
7102,4,1,3,4,3,1,1
206021,15,2,13,50,0,15,50
9508211,17,3,14,51,6,11,17
9908364,12,2,10,20,12,0,0
9410311,36,1,35,163,36,0,0
9805349,9,2,7,23,0,9,62
9712212,33,2,31,144,0,33,112
9506235,0,0,0,0,0,0,0
9609524,12,1,11,46,12,0,0
9612229,2,1,1,1,0,2,20
9710447,12,1,11,46,1,11,18
9711506,1,1,0,0,1,0,0
9812361,15,1,14,54,15,0,0
9907524,8,1,7,10,1,7,7
9711293,3,3,0,0,3,0,0
9405337,8,2,6,14,8,0,0
9408284,8,2,6,10,1,7,7
9911406,32,1,31,206,32,0,0
9602211,8,3,5,7,8,0,0
9501299,2,2,0,0,2,0,0
3163,9,2,7,28,4,5,14
9804273,16,2,14,39,0,16,91
9407214,12,3,9,49,0,12,74
9911496,32,2,30,174,0,32,156
102331,55,3,52,426,0,55,637
9301267,16,1,15,56,16,0,0
9512252,51,2,49,475,0,51,163
9612483,35,4,31,233,0,35,63
8012,4,3,1,1,1,3,12
9907320,3,1,2,2,1,2,2
9607239,28,5,23,116,28,0,0
9902483,10,1,9,30,3,7,16
9611450,15,5,10,27,1,14,23
9302281,8,3,5,9,8,0,0
9712541,4,1,3,6,4,0,0
9412348,19,2,17,48,6,13,18
9702389,10,4,6,8,0,10,29
9904232,35,2,33,253,0,35,638
9907347,13,2,11,28,0,13,358
9809403,12,3,9,23,12,0,0
9907494,2,1,1,1,0,2,4
210009,3,3,0,0,0,3,59
1031,18,2,16,107,7,11,11
109247,4,1,3,4,0,4,4
9701420,8,4,4,9,0,8,22
9909392,5,3,2,4,0,5,85
9903319,5,1,4,8,5,0,0
9809250,15,5,10,27,0,15,64
9501395,10,2,8,20,6,4,4
9904248,12,8,4,8,0,12,93
2152,6,0,6,10,4,2,4
9211258,10,3,7,11,0,10,10
9912373,5,1,4,6,4,1,1
9905202,9,4,5,15,0,9,49
9912230,16,2,14,58,1,15,92
9505420,4,1,3,5,4,0,0
9701229,57,3,54,416,0,57,303
9601298,45,3,42,227,0,45,141
9610294,12,4,8,14,0,12,181
9512327,10,3,7,14,4,6,6
9709470,4,1,3,5,4,0,0
9411246,1,1,0,0,0,1,1
9509420,2,1,1,1,2,0,0
106027,13,3,10,28,0,13,129
9709244,0,0,0,0,0,0,0
9808292,31,7,24,163,0,31,339
9306259,10,3,7,17,10,0,0
9707239,9,1,8,19,0,9,125
9210239,4,1,3,4,4,0,0
9809487,10,1,9,19,0,10,43
103182,40,5,35,183,0,40,494
9504324,11,2,9,30,11,0,0
9702273,3,3,0,0,0,3,12
5108,13,1,12,29,13,0,0
9803229,17,2,15,57,0,17,67
9306289,19,1,18,77,19,0,0
9701413,8,1,7,20,0,8,39
9502285,13,2,11,44,2,11,23
9207268,9,1,8,15,9,0,0
102074,9,1,8,20,3,6,10
9504242,7,2,5,7,0,7,34
9612297,7,1,6,18,4,3,3
9612226,5,3,2,3,5,0,0
9708364,8,1,7,22,0,8,30
9406390,17,5,12,31,4,13,17
9608479,7,2,5,9,0,7,7
9612364,51,1,50,448,1,50,371
9703311,51,5,46,472,1,50,211
9607294,1,1,0,0,1,0,0
9707211,4,1,3,6,4,0,0
9906450,4,2,2,4,0,4,21
9601346,9,3,6,14,1,8,8
9909231,3,2,1,1,0,3,10
9610542,2,1,1,1,2,0,0
9803397,9,1,8,23,0,9,31
9803357,22,4,18,61,0,22,299
207197,1,1,0,0,0,1,3
3287,3,3,0,0,0,3,4
9910481,11,1,10,35,0,11,78
9402274,28,6,22,78,0,28,41
9512336,75,3,72,642,3,72,431
5186,4,1,3,5,0,4,18
104254,3,1,2,2,0,3,41
9711411,5,1,4,6,3,2,2
9811469,2,1,1,1,2,0,0
9705380,13,2,11,29,0,13,68
9703341,5,1,4,8,0,5,65
9608325,0,0,0,0,0,0,0
9911413,5,2,3,3,0,5,12
9805327,8,1,7,12,1,7,41
9904234,20,1,19,153,0,20,313
9803368,17,1,16,56,0,17,141
9907496,28,2,26,159,0,28,236
9902437,21,2,19,71,0,21,118
9601254,5,2,3,4,1,4,4
9707367,3,2,1,1,0,3,3
210145,2,2,0,0,0,2,20
112305,0,0,0,0,0,0,0
9708495,10,2,8,17,1,9,21
206148,4,3,1,2,0,4,28
105034,3,2,1,1,0,3,15
110194,5,2,3,4,0,5,38
9801282,13,2,11,45,9,4,4
9906375,21,3,18,88,21,0,0
12142,14,5,9,30,4,10,14
9402229,5,4,1,1,0,5,8
9605238,9,3,6,21,0,9,22
9806205,18,1,17,73,18,0,0
9610271,4,3,1,2,0,4,5
9610549,12,2,10,32,2,10,13
9710280,12,2,10,28,4,8,8
9804244,4,4,0,0,0,4,9
9701247,5,1,4,7,0,5,6
9210219,13,4,9,22,13,0,0
108268,12,5,7,15,1,11,47
9701238,19,6,13,49,0,19,60
9702442,1,1,0,0,0,1,11
9610224,7,1,6,10,0,7,62
9604313,27,1,26,171,3,24,137
9608344,5,1,4,5,0,5,9
9605209,4,2,2,3,0,4,14
9507444,7,3,4,12,1,6,7
111130,6,3,3,4,0,6,41
9906204,3,2,1,1,3,0,0
9712372,32,6,26,92,0,32,258
9508284,1,1,0,0,1,0,0
9904428,5,1,4,8,0,5,35
107168,2,1,1,1,0,2,17
9812501,3,1,2,2,0,3,12
9910213,2,1,1,1,0,2,14
9812519,1,1,0,0,1,0,0
9508297,13,1,12,63,0,13,13
9707399,1,1,0,0,0,1,1
9708498,3,2,1,2,1,2,4
103050,14,1,13,56,0,14,31
9307243,38,2,36,276,38,0,0
9809483,25,4,21,74,1,24,33
9406213,4,1,3,6,4,0,0
110246,3,2,1,1,0,3,23
102027,0,0,0,0,0,0,0
9305277,11,1,10,37,11,0,0
9804306,22,1,21,86,3,19,33
9407337,4,3,1,1,4,0,0
205082,1,1,0,0,0,1,2
9905441,20,2,18,68,0,20,223
9209203,19,6,13,63,19,0,0
9910253,1,1,0,0,0,1,2
9310324,16,3,13,42,16,0,0
9905524,3,3,0,0,0,3,9
9909539,8,2,6,9,0,8,46
10289,7,4,3,3,0,7,21
9502246,1,1,0,0,0,1,1
9402286,12,2,10,25,12,0,0
204314,23,2,21,106,0,23,115
9912268,4,3,1,1,0,4,11
108152,14,3,11,29,0,14,142
6005,18,2,16,71,0,18,47
9610389,4,1,3,6,4,0,0
9812403,6,1,5,11,0,6,6
9411249,2,1,1,1,0,2,4
9606214,3,2,1,1,0,3,8
112337,2,1,1,1,0,2,10
9601309,17,5,12,37,0,17,84
9902332,3,2,1,2,3,0,0
9710377,1,1,0,0,0,1,1
110325,22,3,19,66,0,22,439
7112,12,3,9,26,4,8,8
9710425,3,2,1,1,0,3,3
9712518,1,1,0,0,1,0,0
9510366,6,2,4,7,2,4,5
9808295,3,1,2,2,3,0,0
9808375,6,3,3,6,0,6,44
9708497,7,3,4,11,7,0,0
9712520,3,1,2,2,3,0,0
9908433,6,2,4,6,0,6,64
106094,3,1,2,3,0,3,10
9602369,1,1,0,0,0,1,5
5086,0,0,0,0,0,0,0
3320,5,3,2,3,0,5,5
112139,0,0,0,0,0,0,0
5316,31,2,29,227,0,31,103
103316,7,2,5,15,0,7,50
9602394,0,0,0,0,0,0,0
9806382,15,3,12,54,0,15,126
9901428,1,1,0,0,0,1,8
9706242,33,2,31,196,0,33,85
9801304,12,3,9,12,0,12,40
9406321,5,3,2,5,4,1,2
105084,12,1,11,45,0,12,26
109052,6,5,1,1,0,6,83
9802441,21,4,17,71,0,21,117
9812336,4,3,1,1,1,3,3
9508398,1,1,0,0,0,1,1
9904480,2,2,0,0,1,1,1
9901418,0,0,0,0,0,0,0
9612335,5,1,4,5,0,5,17
104220,5,1,4,6,5,0,0
210399,0,0,0,0,0,0,0
9603279,16,2,14,51,16,0,0
9807570,7,3,4,6,4,3,3
9712469,15,7,8,15,0,15,92
10097,1,1,0,0,0,1,1
9901374,5,5,0,0,5,0,0
9304258,2,2,0,0,0,2,2
9501386,2,1,1,1,2,0,0
9408373,10,1,9,19,10,0,0
9707307,8,1,7,18,0,8,17
9903382,3,2,1,2,3,0,0
9611371,3,2,1,2,0,3,20
9906467,4,1,3,4,0,4,24
9405247,1,1,0,0,0,1,1
9208255,5,2,3,6,5,0,0
9807293,3,1,2,2,0,3,15
112276,1,1,0,0,0,1,4
109189,0,0,0,0,0,0,0
9711353,0,0,0,0,0,0,0
110334,2,2,0,0,2,0,0
9509383,5,3,2,2,5,0,0
9404216,5,2,3,4,5,0,0
9711455,7,2,5,7,0,7,22
9812303,4,2,2,2,0,4,27
9606456,17,4,13,37,17,0,0
9810527,0,0,0,0,0,0,0
9502414,4,1,3,4,0,4,10
108009,8,1,7,15,2,6,11
9912483,4,4,0,0,0,4,9
9211311,14,3,11,33,14,0,0
9710434,2,1,1,1,0,2,36
6266,15,2,13,38,0,15,92
9507459,0,0,0,0,0,0,0
211426,1,1,0,0,0,1,2
9410253,9,5,4,13,3,6,8
9507420,7,2,5,11,7,0,0
9806403,16,3,13,30,0,16,23
9502268,4,2,2,3,4,0,0
4203,2,1,1,1,0,2,21
9704437,0,0,0,0,0,0,0
203195,4,2,2,4,0,4,26
9912478,3,1,2,3,0,3,19
9312,1,1,0,0,1,0,0
9806350,10,2,8,27,0,10,78
9805268,10,3,7,10,0,10,40
9710416,5,1,4,7,1,4,9
108064,1,1,0,0,0,1,9
207351,1,1,0,0,0,1,6
9805416,7,1,6,9,7,0,0
9912548,4,1,3,5,0,4,32
9401260,1,1,0,0,1,0,0
9905568,8,1,7,17,8,0,0
9812316,13,3,10,13,0,13,26
9604235,5,1,4,4,0,5,13
9409333,4,1,3,5,4,0,0
9906298,4,2,2,2,1,3,6
9804239,8,7,1,1,0,8,36
103008,4,1,3,6,0,4,34
9405419,1,1,0,0,0,1,4
104010,5,1,4,4,0,5,13
103081,0,0,0,0,0,0,0
9504388,6,1,5,8,6,0,0
4143,8,2,6,10,0,8,33
112222,1,1,0,0,0,1,6
9709501,1,1,0,0,1,0,0
108085,23,3,20,95,0,23,213
9708253,7,2,5,7,7,0,0
301280,0,0,0,0,0,0,0
9607222,10,1,9,29,0,10,84
2267,14,1,13,41,14,0,0
208193,3,2,1,2,0,3,20
208157,8,1,7,18,0,8,11
9408260,10,2,8,16,1,9,9
9506428,0,0,0,0,0,0,0
209007,0,0,0,0,0,0,0
9412246,2,1,1,1,2,0,0
9412334,9,2,7,15,9,0,0
109268,5,5,0,0,0,5,10
202192,1,1,0,0,1,0,0
9701385,3,1,2,3,0,3,5
9409416,1,1,0,0,0,1,4
203080,1,1,0,0,0,1,4
9306306,10,1,9,25,10,0,0
9801338,0,0,0,0,0,0,0
9401349,2,1,1,1,2,0,0
207210,3,2,1,1,0,3,16
9802429,5,3,2,3,0,5,10
103315,6,1,5,10,1,5,9
9807420,1,1,0,0,0,1,1
9305283,5,3,2,3,5,0,0
9805215,1,1,0,0,0,1,1
9510417,5,1,4,4,5,0,0
107175,3,1,2,3,0,3,12
9411286,9,1,8,20,4,5,5
9307357,1,1,0,0,1,0,0
12353,1,1,0,0,0,1,3
9801387,4,1,3,5,0,4,29
9502278,10,7,3,6,10,0,0
12141,0,0,0,0,0,0,0
9401237,4,4,0,0,4,0,0
203251,3,1,2,2,0,3,44
11283,3,2,1,1,1,2,3
9710211,1,1,0,0,0,1,2
111304,0,0,0,0,0,0,0
9512241,1,1,0,0,0,1,2
8020,5,2,3,4,2,3,3
9902339,9,1,8,32,1,8,18
9705333,12,2,10,46,2,10,14
9910460,1,1,0,0,0,1,10
7003,3,2,1,1,0,3,28
9612207,8,2,6,7,8,0,0
9809248,1,1,0,0,1,0,0
9408249,1,1,0,0,0,1,1
9909530,0,0,0,0,0,0,0
5172,11,2,9,21,0,11,48
9343,2,2,0,0,0,2,7
9706373,5,1,4,6,2,3,3
9807464,7,1,6,13,2,5,6
9504232,3,1,2,3,1,2,2
9905379,4,2,2,3,0,4,13
9702294,2,1,1,1,0,2,4
9703422,9,4,5,7,0,9,63
9303311,12,2,10,29,12,0,0
108234,2,2,0,0,0,2,30
9602406,2,1,1,1,2,0,0
9606434,1,1,0,0,0,1,4
2133,2,1,1,1,0,2,2
9402347,9,2,7,8,3,6,6
9708220,3,2,1,1,1,2,2
9511461,7,2,5,17,1,6,11
9404222,0,0,0,0,0,0,0
9912547,3,2,1,1,0,3,9
9808305,7,6,1,1,0,7,34
9611426,2,1,1,1,0,2,7
9311259,0,0,0,0,0,0,0
9507393,2,2,0,0,0,2,10
110242,5,2,3,5,0,5,39
9510357,9,2,7,7,3,6,6
5259,11,4,7,13,1,10,12
1108,7,2,5,11,0,7,15
9504243,1,1,0,0,1,0,0
9610503,2,2,0,0,0,2,4
9811263,7,4,3,8,0,7,31
9811418,0,0,0,0,0,0,0
109111,0,0,0,0,0,0,0
9909362,4,3,1,2,0,4,14
101146,1,1,0,0,0,1,5
12084,0,0,0,0,0,0,0
9045,1,1,0,0,1,0,0
9610328,5,3,2,3,0,5,9
9805351,1,1,0,0,0,1,5
302060,0,0,0,0,0,0,0
9710340,2,1,1,1,0,2,2
9911530,1,1,0,0,0,1,6
106255,3,2,1,1,0,3,56
7091,13,2,11,39,0,13,115
9904363,6,2,4,8,0,6,34
6159,3,2,1,1,0,3,12
9601347,1,1,0,0,1,0,0
9807402,3,2,1,1,0,3,5
106066,8,5,3,4,1,7,12
9711256,4,2,2,3,0,4,17
9809565,1,1,0,0,0,1,7
9809498,10,1,9,28,0,10,89
9403284,2,2,0,0,2,0,0
8269,1,1,0,0,0,1,8
9909230,1,1,0,0,1,0,0
302164,1,1,0,0,0,1,1
9412229,1,1,0,0,0,1,2
12107,2,1,1,1,1,1,2
3090,0,0,0,0,0,0,0
9610403,2,1,1,1,0,2,5
9911491,5,1,4,6,0,5,23
9601371,1,1,0,0,1,0,0
9410394,3,1,2,3,3,0,0
9606461,4,1,3,4,3,1,1
9909444,3,3,0,0,0,3,14
105006,3,3,0,0,0,3,9
9209219,3,1,2,2,3,0,0
9509415,4,2,2,2,4,0,0
108058,1,1,0,0,1,0,0
3311,2,1,1,1,2,0,0
9712304,2,1,1,1,0,2,3
110324,2,2,0,0,0,2,17
9812290,1,1,0,0,0,1,9
9310202,2,2,0,0,2,0,0
9805210,1,1,0,0,0,1,4
9912452,4,1,3,6,0,4,23
111430,2,1,1,1,0,2,4
9701237,0,0,0,0,0,0,0
9907205,3,2,1,1,0,3,13
212019,0,0,0,0,0,0,0
3044,1,1,0,0,1,0,0
212397,1,1,0,0,0,1,8
9601267,6,5,1,1,0,6,14
9707330,0,0,0,0,0,0,0
9907483,3,1,2,3,1,2,2
9502386,4,1,3,5,4,0,0
9507230,23,1,22,114,6,17,17
9904240,7,1,6,16,0,7,21
204357,1,1,0,0,1,0,0
12012,1,1,0,0,0,1,2
111334,0,0,0,0,0,0,0
9609249,0,0,0,0,0,0,0
9807492,3,1,2,3,0,3,3
9403302,3,2,1,1,1,2,4
205065,3,2,1,1,0,3,21
9405205,1,1,0,0,1,0,0
9304213,0,0,0,0,0,0,0
9505306,1,1,0,0,0,1,2
4031,3,2,1,1,0,3,9
9812368,7,1,6,11,3,4,7
9907334,2,2,0,0,1,1,1
206209,0,0,0,0,0,0,0
12241,9,2,7,20,0,9,41
210042,0,0,0,0,0,0,0
204142,8,2,6,12,0,8,38
9608351,0,0,0,0,0,0,0
9808455,5,2,3,3,0,5,18
9706431,1,1,0,0,0,1,1
209329,2,2,0,0,0,2,10
207365,1,1,0,0,0,1,10
9707439,2,1,1,1,0,2,17
9501348,3,2,1,1,3,0,0
105277,2,2,0,0,0,2,8
9407271,0,0,0,0,0,0,0
202072,6,2,4,10,0,6,19
9404347,2,2,0,0,2,0,0
201284,3,2,1,1,0,3,12
302238,0,0,0,0,0,0,0
9410227,2,2,0,0,2,0,0
6130,0,0,0,0,0,0,0
9403322,9,2,7,12,9,0,0
9906254,1,1,0,0,1,0,0
9609311,5,2,3,3,0,5,17
1009,1,1,0,0,1,0,0
9902405,5,1,4,6,0,5,17
302193,0,0,0,0,0,0,0
108129,1,1,0,0,0,1,3
8326,1,1,0,0,1,0,0
108244,2,1,1,1,0,2,22
9308231,0,0,0,0,0,0,0
9906416,2,2,0,0,0,2,2
9703459,1,1,0,0,0,1,3
9811296,0,0,0,0,0,0,0
9507409,2,1,1,1,2,0,0
9807317,0,0,0,0,0,0,0
2154,3,1,2,2,3,0,0
9904500,3,2,1,1,0,3,7
1152,1,1,0,0,1,0,0
9805248,1,1,0,0,0,1,4
9806516,2,2,0,0,0,2,12
9908297,1,1,0,0,0,1,1
9907296,0,0,0,0,0,0,0
4072,1,1,0,0,0,1,1
11127,2,2,0,0,0,2,5
9904223,6,1,5,6,1,5,15
9803275,1,1,0,0,0,1,1
9706271,12,2,10,22,0,12,54
9809354,3,1,2,3,3,0,0
6247,0,0,0,0,0,0,0
9709412,3,1,2,2,0,3,12
9411405,3,1,2,3,3,0,0
9709418,1,1,0,0,0,1,1
201292,1,1,0,0,1,0,0
9811272,0,0,0,0,0,0,0
210433,2,1,1,1,0,2,6
6277,4,3,1,1,0,4,14
211321,4,1,3,4,0,4,20
9501302,0,0,0,0,0,0,0
9307217,2,2,0,0,2,0,0
9703254,0,0,0,0,0,0,0
102142,0,0,0,0,0,0,0
9339,3,3,0,0,0,3,20
9904489,2,1,1,1,2,0,0
9503412,4,1,3,6,0,4,15
107217,0,0,0,0,0,0,0
9406393,2,1,1,1,2,0,0
203214,8,1,7,19,0,8,71
9808466,0,0,0,0,0,0,0
210196,0,0,0,0,0,0,0
9909543,3,3,0,0,0,3,5
9812319,3,1,2,3,1,2,2
9801384,4,3,1,1,1,3,6
9302299,4,2,2,3,4,0,0
9811219,2,2,0,0,0,2,6
9810341,5,2,3,5,0,5,21
202103,3,2,1,1,1,2,5
9610441,0,0,0,0,0,0,0
11213,1,1,0,0,0,1,4
206075,0,0,0,0,0,0,0
107288,2,2,0,0,2,0,0
9812277,7,2,5,7,1,6,12
9708425,5,2,3,5,0,5,12
9603278,3,1,2,3,3,0,0
9405226,1,1,0,0,1,0,0
11118,0,0,0,0,0,0,0
9707470,0,0,0,0,0,0,0
9403361,8,4,4,5,8,0,0
9203210,3,2,1,1,3,0,0
9710548,1,1,0,0,1,0,0
9510348,1,1,0,0,1,0,0
9706257,1,1,0,0,1,0,0
9409311,0,0,0,0,0,0,0
201135,0,0,0,0,0,0,0
9804326,2,1,1,1,0,2,2
9807433,1,1,0,0,1,0,0
9312252,3,3,0,0,3,0,0
9809541,0,0,0,0,0,0,0
101041,2,1,1,1,0,2,4
9903513,5,2,3,3,0,5,11
9704215,3,2,1,2,0,3,14
205092,0,0,0,0,0,0,0
110196,1,1,0,0,0,1,7
9199,1,1,0,0,0,1,6
9604421,1,1,0,0,0,1,6
9507279,2,1,1,1,0,2,2
9405412,4,4,0,0,4,0,0
9902357,0,0,0,0,0,0,0
5178,0,0,0,0,0,0,0
9203217,2,2,0,0,2,0,0
9704413,2,1,1,1,2,0,0
9809318,0,0,0,0,0,0,0
9606220,2,1,1,1,1,1,2
9204212,9,3,6,14,9,0,0
9906226,0,0,0,0,0,0,0
211243,1,1,0,0,0,1,4
9409314,3,3,0,0,0,3,3
6020,1,1,0,0,0,1,1
9211243,4,3,1,1,4,0,0
9809465,7,1,6,13,7,0,0
9505250,7,2,5,12,7,0,0
209151,0,0,0,0,0,0,0
4199,0,0,0,0,0,0,0
9507435,0,0,0,0,0,0,0
9506385,4,1,3,4,4,0,0
9609282,2,2,0,0,2,0,0
206126,1,1,0,0,0,1,1
9505311,4,4,0,0,1,3,7
9708373,0,0,0,0,0,0,0
202257,3,3,0,0,0,3,31
9412266,7,5,2,2,1,6,7
302162,0,0,0,0,0,0,0
101272,0,0,0,0,0,0,0
9401343,3,2,1,1,3,0,0
9505313,0,0,0,0,0,0,0
206113,1,1,0,0,0,1,4
9711464,0,0,0,0,0,0,0
103144,0,0,0,0,0,0,0
110073,2,1,1,1,0,2,10
5131,4,1,3,3,0,4,11
10174,0,0,0,0,0,0,0
107054,0,0,0,0,0,0,0
9712355,2,2,0,0,0,2,4
9910422,4,1,3,6,0,4,4
212205,1,1,0,0,0,1,8
9909386,3,3,0,0,0,3,3
9801263,4,2,2,3,0,4,12
9904499,4,2,2,3,4,0,0
207343,0,0,0,0,0,0,0
101267,2,1,1,1,0,2,12
101121,0,0,0,0,0,0,0
9710551,0,0,0,0,0,0,0
9710248,1,1,0,0,0,1,1
209103,2,2,0,0,2,0,0
9709261,0,0,0,0,0,0,0
9403348,1,1,0,0,1,0,0
6256,1,1,0,0,1,0,0
9710343,1,1,0,0,0,1,1
9910285,2,2,0,0,2,0,0
104087,1,1,0,0,0,1,7
9908325,2,2,0,0,0,2,4
9802397,4,1,3,6,1,3,3
9906344,3,2,1,1,0,3,7
12163,0,0,0,0,0,0,0
9811437,6,1,5,7,0,6,33
9506272,2,1,1,1,2,0,0
206145,0,0,0,0,0,0,0
9511270,3,2,1,1,3,0,0
102289,3,3,0,0,1,2,3
9706515,2,2,0,0,0,2,2
9907519,3,2,1,1,3,0,0
208174,0,0,0,0,0,0,0
9901212,0,0,0,0,0,0,0
9608292,6,3,3,6,1,5,27
9709365,1,1,0,0,0,1,6
9204201,1,1,0,0,1,0,0
9912508,2,2,0,0,0,2,3
109006,1,1,0,0,0,1,3
209368,2,1,1,1,2,0,0
9402217,2,2,0,0,2,0,0
208117,1,1,0,0,1,0,0
9807347,3,3,0,0,1,2,2
9707411,1,1,0,0,0,1,3
9909528,0,0,0,0,0,0,0
9810497,0,0,0,0,0,0,0
9512322,2,1,1,1,0,2,3
9812288,1,1,0,0,0,1,2
9907540,0,0,0,0,0,0,0
9142,0,0,0,0,0,0,0
9907221,0,0,0,0,0,0,0
9506321,0,0,0,0,0,0,0
9912384,1,1,0,0,1,0,0
9605201,2,2,0,0,0,2,8
9709495,0,0,0,0,0,0,0
106253,3,1,2,3,0,3,20
9230,0,0,0,0,0,0,0
9405232,2,2,0,0,1,1,1
9902301,1,1,0,0,0,1,1
108078,0,0,0,0,0,0,0
6322,0,0,0,0,0,0,0
9210245,4,3,1,1,4,0,0
208095,0,0,0,0,0,0,0
108243,5,1,4,9,1,4,8
9309321,1,1,0,0,1,0,0
210333,0,0,0,0,0,0,0
112092,2,2,0,0,0,2,2
9502249,1,1,0,0,1,0,0
9710218,1,1,0,0,0,1,6
110316,1,1,0,0,0,1,9
9610482,0,0,0,0,0,0,0
107109,2,2,0,0,0,2,7
9612213,3,3,0,0,1,2,4
101345,2,1,1,1,0,2,3
9904216,2,1,1,1,2,0,0
9708458,0,0,0,0,0,0,0
9512242,1,1,0,0,0,1,3
9812305,4,3,1,2,4,0,0
103273,2,1,1,1,0,2,6
9305308,3,1,2,2,3,0,0
107041,0,0,0,0,0,0,0
201114,4,2,2,3,0,4,26
9310325,2,2,0,0,2,0,0
109010,1,1,0,0,0,1,18
9603268,1,1,0,0,0,1,2
9405364,0,0,0,0,0,0,0
9809540,2,2,0,0,2,0,0
9810377,1,1,0,0,0,1,1
206192,2,2,0,0,0,2,16
108196,1,1,0,0,0,1,1
9912415,7,2,5,8,1,6,14
102249,0,0,0,0,0,0,0
9508261,0,0,0,0,0,0,0
9701223,0,0,0,0,0,0,0
8267,1,1,0,0,0,1,2
9612271,0,0,0,0,0,0,0
9904284,1,1,0,0,0,1,8
9509350,0,0,0,0,0,0,0
301172,0,0,0,0,0,0,0
9406387,1,1,0,0,1,0,0
206297,1,1,0,0,1,0,0
9711312,0,0,0,0,0,0,0
4122,2,2,0,0,0,2,6
9410320,3,1,2,2,3,0,0
101327,1,1,0,0,1,0,0
9711451,3,2,1,1,3,0,0
205195,0,0,0,0,0,0,0
9602261,0,0,0,0,0,0,0
111113,1,1,0,0,1,0,0
302021,0,0,0,0,0,0,0
9907349,1,1,0,0,0,1,8
9605458,0,0,0,0,0,0,0
9404360,0,0,0,0,0,0,0
12086,0,0,0,0,0,0,0
9912339,0,0,0,0,0,0,0
9505372,3,1,2,2,3,0,0
110289,0,0,0,0,0,0,0
9403279,1,1,0,0,1,0,0
110046,1,1,0,0,0,1,9
107216,1,1,0,0,0,1,3
9712288,1,1,0,0,0,1,5
9906444,1,1,0,0,1,0,0
9289,0,0,0,0,0,0,0
9906302,0,0,0,0,0,0,0
9208,2,2,0,0,2,0,0
103254,0,0,0,0,0,0,0
9903438,0,0,0,0,0,0,0
102127,0,0,0,0,0,0,0
203205,1,1,0,0,0,1,1
9911295,4,1,3,6,0,4,15
9706505,2,1,1,1,2,0,0
9905446,0,0,0,0,0,0,0
204032,0,0,0,0,0,0,0
209349,0,0,0,0,0,0,0
203081,1,1,0,0,0,1,3
102080,0,0,0,0,0,0,0
101137,0,0,0,0,0,0,0
212295,0,0,0,0,0,0,0
9910325,1,1,0,0,0,1,7
9806227,1,1,0,0,0,1,1
111016,4,1,3,6,4,0,0
9807366,0,0,0,0,0,0,0
102178,0,0,0,0,0,0,0
201199,0,0,0,0,0,0,0
201083,1,1,0,0,0,1,1
212391,0,0,0,0,0,0,0
3206,0,0,0,0,0,0,0
8119,0,0,0,0,0,0,0
9208235,1,1,0,0,1,0,0
105271,0,0,0,0,0,0,0
9803224,0,0,0,0,0,0,0
9802274,1,1,0,0,0,1,1
203128,2,2,0,0,0,2,18
9509382,2,1,1,1,2,0,0
9906227,1,1,0,0,1,0,0
9911225,2,1,1,1,0,2,10
9411262,0,0,0,0,0,0,0
9507350,3,1,2,2,0,3,16
112025,0,0,0,0,0,0,0
112361,5,2,3,7,5,0,0
9607209,3,2,1,1,3,0,0
2297,4,4,0,0,4,0,0
4157,0,0,0,0,0,0,0
9809269,1,1,0,0,1,0,0
110153,3,1,2,2,0,3,10
208011,0,0,0,0,0,0,0
103297,1,1,0,0,1,0,0
212240,0,0,0,0,0,0,0
9610284,0,0,0,0,0,0,0
9606255,0,0,0,0,0,0,0
9810238,1,1,0,0,0,1,1
9902281,0,0,0,0,0,0,0
1032,0,0,0,0,0,0,0
9611260,1,1,0,0,0,1,2
9305261,0,0,0,0,0,0,0
211162,0,0,0,0,0,0,0
11385,0,0,0,0,0,0,0
9911253,2,1,1,1,0,2,2
9904293,0,0,0,0,0,0,0
106341,1,1,0,0,0,1,1
9207201,0,0,0,0,0,0,0
9608235,0,0,0,0,0,0,0
201200,0,0,0,0,0,0,0
9505231,2,1,1,1,0,2,2
9911359,0,0,0,0,0,0,0
9405267,2,1,1,1,2,0,0
9807291,0,0,0,0,0,0,0
1242,0,0,0,0,0,0,0
9709503,0,0,0,0,0,0,0
9811400,1,1,0,0,0,1,4
201252,0,0,0,0,0,0,0
9705342,0,0,0,0,0,0,0
9810202,0,0,0,0,0,0,0
212218,0,0,0,0,0,0,0
9703398,2,2,0,0,2,0,0
11028,0,0,0,0,0,0,0
5165,1,1,0,0,1,0,0
9610361,1,1,0,0,0,1,1
302172,0,0,0,0,0,0,0
9911396,1,1,0,0,0,1,1
302107,0,0,0,0,0,0,0
9409397,0,0,0,0,0,0,0
204259,0,0,0,0,0,0,0
207091,0,0,0,0,0,0,0
105314,1,1,0,0,1,0,0
9403388,1,1,0,0,1,0,0
11030,0,0,0,0,0,0,0
208162,0,0,0,0,0,0,0
9508257,0,0,0,0,0,0,0
207116,1,1,0,0,0,1,1
9812342,1,1,0,0,1,0,0
9703362,1,1,0,0,0,1,1
209040,1,1,0,0,0,1,2
8081,2,1,1,1,2,0,0
112253,0,0,0,0,0,0,0
10256,0,0,0,0,0,0,0
9901286,0,0,0,0,0,0,0
9905251,3,1,2,3,0,3,18
212404,1,1,0,0,0,1,11
9606365,1,1,0,0,1,0,0
8293,0,0,0,0,0,0,0
9903485,0,0,0,0,0,0,0
12315,1,1,0,0,0,1,2
9611379,0,0,0,0,0,0,0
212138,1,1,0,0,0,1,4
9905556,0,0,0,0,0,0,0
111301,1,1,0,0,0,1,3
9810279,0,0,0,0,0,0,0
203018,0,0,0,0,0,0,0
9906202,2,2,0,0,2,0,0
11022,0,0,0,0,0,0,0
9510265,0,0,0,0,0,0,0
211191,0,0,0,0,0,0,0
211060,0,0,0,0,0,0,0
9811461,0,0,0,0,0,0,0
9406380,1,1,0,0,0,1,1
9403202,1,1,0,0,1,0,0
7124,0,0,0,0,0,0,0
9511296,0,0,0,0,0,0,0
9603257,0,0,0,0,0,0,0
207176,0,0,0,0,0,0,0
9212297,3,3,0,0,3,0,0
202252,0,0,0,0,0,0,0
211367,1,1,0,0,0,1,3
105134,0,0,0,0,0,0,0
1105,0,0,0,0,0,0,0
9905303,0,0,0,0,0,0,0
104207,0,0,0,0,0,0,0
9808358,0,0,0,0,0,0,0
104241,0,0,0,0,0,0,0
9506232,1,1,0,0,0,1,2
9310339,1,1,0,0,0,1,1
112357,0,0,0,0,0,0,0
212260,0,0,0,0,0,0,0
212360,0,0,0,0,0,0,0
109164,0,0,0,0,0,0,0
9309304,0,0,0,0,0,0,0
9411284,0,0,0,0,0,0,0
302103,0,0,0,0,0,0,0
9506368,0,0,0,0,0,0,0
9712356,0,0,0,0,0,0,0
9810373,1,1,0,0,1,0,0
4079,1,1,0,0,1,0,0
9607468,0,0,0,0,0,0,0
301106,0,0,0,0,0,0,0
210350,0,0,0,0,0,0,0
9511354,0,0,0,0,0,0,0
5308,0,0,0,0,0,0,0
209053,1,1,0,0,0,1,2
109263,0,0,0,0,0,0,0
105076,1,1,0,0,0,1,6
9808220,0,0,0,0,0,0,0
9405275,0,0,0,0,0,0,0
9912418,0,0,0,0,0,0,0
111060,0,0,0,0,0,0,0
1165,0,0,0,0,0,0,0
9905492,1,1,0,0,0,1,8
302088,0,0,0,0,0,0,0
9810222,0,0,0,0,0,0,0
9706411,1,1,0,0,1,0,0
10279,0,0,0,0,0,0,0
302182,0,0,0,0,0,0,0
109261,0,0,0,0,0,0,0
9208261,1,1,0,0,1,0,0
105114,0,0,0,0,0,0,0
101270,0,0,0,0,0,0,0
9908468,2,1,1,1,0,2,6
10067,0,0,0,0,0,0,0
110372,0,0,0,0,0,0,0
203268,0,0,0,0,0,0,0
206117,0,0,0,0,0,0,0
112239,0,0,0,0,0,0,0
9018,2,1,1,1,1,1,1
9909252,2,1,1,1,0,2,8
212114,0,0,0,0,0,0,0
6203,1,1,0,0,1,0,0
9903278,0,0,0,0,0,0,0
8187,0,0,0,0,0,0,0
9902457,0,0,0,0,0,0,0
9812533,0,0,0,0,0,0,0
9912480,0,0,0,0,0,0,0
301027,0,0,0,0,0,0,0
9812466,0,0,0,0,0,0,0
10119,0,0,0,0,0,0,0
108183,0,0,0,0,0,0,0
9903430,0,0,0,0,0,0,0
9608390,0,0,0,0,0,0,0
2015,0,0,0,0,0,0,0
108229,0,0,0,0,0,0,0
9810254,2,1,1,1,0,2,4
302063,0,0,0,0,0,0,0
211362,0,0,0,0,0,0,0
9410264,0,0,0,0,0,0,0
9808435,0,0,0,0,0,0,0
9708322,0,0,0,0,0,0,0
9311226,1,1,0,0,1,0,0
9909339,1,1,0,0,1,0,0
209102,0,0,0,0,0,0,0
9507247,0,0,0,0,0,0,0
9708383,0,0,0,0,0,0,0
9905419,0,0,0,0,0,0,0
7057,1,1,0,0,1,0,0
211009,0,0,0,0,0,0,0
9705233,0,0,0,0,0,0,0
302099,0,0,0,0,0,0,0
9802263,0,0,0,0,0,0,0
302008,0,0,0,0,0,0,0
9606322,0,0,0,0,0,0,0
9910354,0,0,0,0,0,0,0
9407276,0,0,0,0,0,0,0
9812482,0,0,0,0,0,0,0
9701395,0,0,0,0,0,0,0
9607257,2,1,1,1,2,0,0
9904498,0,0,0,0,0,0,0
207155,0,0,0,0,0,0,0
112016,2,1,1,1,0,2,2
9702288,0,0,0,0,0,0,0
9803330,0,0,0,0,0,0,0
9610442,0,0,0,0,0,0,0
9910486,0,0,0,0,0,0,0
9811317,0,0,0,0,0,0,0
9907563,0,0,0,0,0,0,0
9508235,1,1,0,0,1,0,0
9807455,0,0,0,0,0,0,0
211465,0,0,0,0,0,0,0
9710260,0,0,0,0,0,0,0
9912533,1,1,0,0,1,0,0
205017,0,0,0,0,0,0,0
9409431,0,0,0,0,0,0,0
9708379,0,0,0,0,0,0,0
9407205,0,0,0,0,0,0,0
211322,0,0,0,0,0,0,0
11294,0,0,0,0,0,0,0
9706468,1,1,0,0,1,0,0
12098,0,0,0,0,0,0,0
210147,0,0,0,0,0,0,0
9901408,0,0,0,0,0,0,0
9902358,0,0,0,0,0,0,0
9506458,0,0,0,0,0,0,0
301173,0,0,0,0,0,0,0
9509317,0,0,0,0,0,0,0
211031,0,0,0,0,0,0,0
9912285,0,0,0,0,0,0,0
212363,0,0,0,0,0,0,0
301053,0,0,0,0,0,0,0
210201,0,0,0,0,0,0,0
107240,0,0,0,0,0,0,0
9710527,0,0,0,0,0,0,0
211205,0,0,0,0,0,0,0
103268,0,0,0,0,0,0,0
9803468,1,1,0,0,1,0,0
106284,0,0,0,0,0,0,0
208150,0,0,0,0,0,0,0
212170,0,0,0,0,0,0,0
210365,0,0,0,0,0,0,0
111036,0,0,0,0,0,0,0
204241,0,0,0,0,0,0,0
302242,0,0,0,0,0,0,0
9702314,23,1,22,97,12,11,20
102012,6,2,4,9,0,6,50
9904408,43,3,40,363,1,42,444
9502376,12,1,11,34,1,11,28
201023,3,1,2,3,0,3,3
9611455,20,2,18,97,0,20,65
12332,5,2,3,3,0,5,34
9811357,14,3,11,18,0,14,90
201160,0,0,0,0,0,0,0
9504417,1,1,0,0,1,0,0
9509305,1,1,0,0,0,1,1
9601310,34,4,30,146,2,32,122
9403259,3,3,0,0,0,3,5
9406396,3,3,0,0,0,3,7
9812273,8,6,2,2,0,8,100
9607372,67,4,63,518,5,62,444
9909469,49,3,46,388,2,47,313
9907532,28,8,20,73,0,28,280
9812360,24,5,19,89,0,24,138
9804262,19,2,17,84,4,15,15
9601332,9,3,6,16,0,9,18
9608308,45,2,43,332,2,43,105
9810308,19,3,16,62,0,19,84
9505318,1,1,0,0,1,0,0
9411341,10,1,9,18,6,4,4
9412208,31,1,30,161,3,28,54
9712392,32,1,31,185,32,0,0
9210240,9,4,5,10,9,0,0
9908296,5,2,3,5,0,5,17
9704357,51,1,50,381,40,11,11
9711402,14,2,12,33,0,14,50
7196,19,4,15,53,0,19,167
9612426,30,5,25,157,0,30,167
9709383,11,2,9,19,0,11,143
9206262,19,3,16,65,19,0,0
9207214,104,8,96,1295,104,0,0
9804253,16,4,12,62,1,15,70
9603404,72,3,69,698,1,71,261
8004,9,1,8,21,7,2,4
9405401,18,2,16,86,18,0,0
9303281,70,5,65,535,25,45,56
9611393,14,2,12,28,0,14,23
9406288,13,1,12,30,1,12,37
9504260,4,1,3,3,0,4,10
9903205,2,2,0,0,1,1,1
9612334,2,2,0,0,0,2,6
9707337,11,3,8,17,11,0,0
9601211,22,2,20,107,14,8,8
9407399,10,1,9,21,10,0,0
9811478,0,0,0,0,0,0,0
9710334,5,5,0,0,5,0,0
9307259,14,7,7,20,14,0,0
9403376,5,5,0,0,0,5,44
9910412,1,1,0,0,0,1,3
9911404,8,1,7,13,0,8,76
9401226,28,3,25,91,0,28,204
9509256,27,1,26,129,0,27,61
9302240,7,4,3,6,7,0,0
106176,8,2,6,13,1,7,27
9604327,13,2,11,29,5,8,8
105183,0,0,0,0,0,0,0
9611292,30,1,29,160,0,30,80
9905337,35,2,33,186,2,33,185
7087,4,2,2,2,0,4,11
9705357,22,5,17,81,0,22,175
5114,2,1,1,1,0,2,32
9612398,40,2,38,221,1,39,103
101326,14,1,13,57,0,14,103
3185,8,3,5,8,0,8,112
9406320,14,5,9,25,3,11,39
12294,4,3,1,1,1,3,3
211124,7,1,6,16,0,7,39
9508242,1,1,0,0,0,1,3
9910506,2,2,0,0,0,2,8
9502317,32,1,31,112,1,31,69
9502397,12,5,7,25,12,0,0
9803380,50,1,49,295,0,50,170
9211332,5,4,1,1,5,0,0
9610458,16,1,15,69,2,14,21
9704457,22,2,20,86,9,13,24
9807480,31,1,30,191,1,30,74
9610545,7,2,5,14,7,0,0
9906244,4,1,3,4,4,0,0
9910315,8,5,3,4,0,8,20
9711330,5,3,2,2,5,0,0
9608359,9,1,8,16,3,6,6
9603291,1,1,0,0,0,1,2
9911457,27,3,24,121,0,27,52
9701231,16,3,13,44,0,16,52
9305214,1,1,0,0,1,0,0
5261,23,2,21,77,2,21,60
9403264,29,3,26,133,29,0,0
9412302,16,1,15,49,0,16,105
102344,57,4,53,471,0,57,343
6049,33,1,32,229,1,32,136
106189,20,1,19,85,0,20,76
9904413,22,4,18,59,0,22,255
9809438,17,5,12,23,2,15,42
11307,12,1,11,32,0,12,33
9805242,4,2,2,3,0,4,9
9805247,16,3,13,38,0,16,16
5025,0,0,0,0,0,0,0
9704324,15,4,11,33,2,13,24
9305335,10,4,6,12,10,0,0
9911427,7,3,4,8,1,6,24
9502312,3,2,1,1,0,3,3
9702408,10,2,8,12,1,9,23
9905395,19,3,16,74,0,19,480
9907355,30,2,28,86,0,30,274
111390,2,1,1,1,0,2,10
9307323,4,2,2,5,4,0,0
211141,2,2,0,0,0,2,15
2257,15,3,12,78,2,13,22
9706344,45,1,44,313,1,44,140
9603443,0,0,0,0,0,0,0
9910255,4,4,0,0,0,4,69
9905244,3,1,2,2,0,3,12
9311222,19,2,17,81,19,0,0
9505242,7,1,6,9,0,7,7
9211214,24,3,21,112,24,0,0
4191,9,1,8,15,0,9,33
9306209,19,4,15,47,2,17,21
9506430,4,2,2,3,4,0,0
205134,0,0,0,0,0,0,0
9912369,1,1,0,0,0,1,20
9801433,2,1,1,1,0,2,2
9610423,2,2,0,0,0,2,2
9403401,31,1,30,169,2,29,53
9211268,1,1,0,0,1,0,0
9708306,6,2,4,6,0,6,21
9905479,2,1,1,1,0,2,2
9706231,2,1,1,1,0,2,9
9309330,5,1,4,6,5,0,0
2134,13,3,10,36,0,13,49
9303270,37,9,28,170,37,0,0
9808412,26,1,25,126,0,26,211
9403261,3,1,2,3,0,3,3
9709511,7,1,6,18,0,7,121
9508243,5,1,4,8,5,0,0
9909541,18,4,14,33,0,18,75
9802373,10,2,8,20,0,10,38
9609360,4,1,3,4,2,2,2
9708294,6,3,3,4,0,6,28
8051,4,2,2,3,0,4,5
9803351,14,3,11,26,0,14,63
9504277,11,1,10,27,4,7,11
9808248,13,2,11,29,0,13,108
9507319,27,2,25,119,2,25,65
9804370,1,1,0,0,0,1,3
9807297,9,2,7,15,0,9,27
9507398,22,4,18,55,0,22,99
9706534,20,5,15,77,1,19,60
9712301,0,0,0,0,0,0,0
9801416,14,2,12,33,0,14,91
9510252,11,4,7,11,0,11,27
9707322,4,1,3,3,0,4,8
9702409,53,2,51,423,0,53,734
9703433,30,1,29,196,0,30,144
9503375,10,1,9,24,2,8,8
9512264,19,1,18,59,11,8,8
108137,0,0,0,0,0,0,0
103328,6,4,2,3,0,6,12
9909461,3,1,2,2,0,3,6
10335,0,0,0,0,0,0,0
9606381,14,1,13,39,0,14,79
9803479,12,2,10,21,0,12,215
8090,5,3,2,3,3,2,5
9807376,1,1,0,0,1,0,0
9912390,20,1,19,89,0,20,115
9210253,41,2,39,203,41,0,0
9601356,30,1,29,193,0,30,95
8228,3,1,2,2,0,3,19
104317,10,4,6,14,0,10,169
9801223,13,4,9,30,5,8,9
9132,1,1,0,0,0,1,9
107129,13,3,10,26,0,13,83
9209289,21,4,17,68,21,0,0
9604344,1,1,0,0,1,0,0
209229,0,0,0,0,0,0,0
9902343,5,2,3,5,0,5,33
9904355,23,3,20,165,0,23,231
9802401,3,2,1,1,0,3,35
9912253,8,4,4,11,0,8,127
9907264,13,1,12,33,0,13,74
9809346,9,3,6,16,0,9,43
9706326,4,1,3,4,2,2,2
5183,6,1,5,12,6,0,0
6136,3,2,1,1,0,3,14
9903549,9,2,7,16,9,0,0
206310,4,2,2,2,0,4,26
9404213,5,2,3,9,5,0,0
9411285,33,2,31,162,33,0,0
9806539,1,1,0,0,0,1,2
9912380,9,2,7,17,0,9,9
103231,6,2,4,5,0,6,26
9402231,6,2,4,6,6,0,0
9802258,2,1,1,1,1,1,4
9212221,2,1,1,1,2,0,0
111053,2,2,0,0,0,2,6
9412343,4,1,3,6,2,2,4
9609239,2,2,0,0,0,2,5
9804439,5,1,4,4,0,5,21
9705384,3,1,2,2,0,3,5
9401238,8,3,5,8,0,8,8
105090,13,2,11,32,0,13,54
9802448,1,1,0,0,0,1,1
9406346,9,3,6,16,0,9,40
9406286,5,2,3,6,0,5,33
9604351,36,3,33,203,4,32,167
9804202,9,7,2,3,0,9,66
9609337,2,1,1,1,0,2,11
9801292,5,1,4,8,5,0,0
102111,10,3,7,20,0,10,59
9805338,5,1,4,4,5,0,0
9712478,9,3,6,14,0,9,79
2106,6,1,5,13,1,5,5
9506325,11,2,9,37,6,5,5
9710370,5,1,4,10,1,4,23
9904379,2,1,1,1,0,2,8
1264,5,2,3,6,0,5,23
9805214,7,1,6,12,1,6,6
9605456,30,2,28,197,3,27,55
9508204,23,5,18,89,1,22,48
110098,1,1,0,0,0,1,9
103069,7,3,4,12,0,7,106
9307244,51,2,49,451,51,0,0
9908334,11,1,10,21,0,11,20
9408204,7,2,5,8,7,0,0
9402243,35,4,31,132,0,35,112
101123,1,1,0,0,0,1,2
9412276,14,1,13,52,8,6,6
9806279,29,3,26,125,4,25,68
9606246,4,1,3,4,0,4,8
101033,0,0,0,0,0,0,0
9912278,13,1,12,40,0,13,181
9209240,16,5,11,45,16,0,0
9908299,12,1,11,23,0,12,107
9311318,5,2,3,4,1,4,6
9711485,40,3,37,208,2,38,95
9101,7,4,3,3,0,7,18
105121,5,3,2,2,0,5,11
210276,2,2,0,0,0,2,6
9712203,8,1,7,21,8,0,0
205241,20,1,19,83,0,20,111
9607201,25,3,22,101,4,21,35
210058,4,3,1,3,0,4,9
9336,14,1,13,37,0,14,37
9809301,5,1,4,10,0,5,7
9903509,6,1,5,11,6,0,0
9412372,6,1,5,10,0,6,6
9509345,2,2,0,0,0,2,5
1225,2,2,0,0,0,2,8
9703248,7,1,6,10,0,7,29
205011,3,1,2,2,0,3,5
9808351,2,1,1,1,0,2,4
9812311,21,2,19,50,0,21,107
12023,8,2,6,12,0,8,21
9308352,2,1,1,1,2,0,0
9212298,7,1,6,11,7,0,0
9401303,5,2,3,6,5,0,0
11055,9,3,6,10,0,9,221
9902426,1,1,0,0,0,1,9
9708343,1,1,0,0,0,1,8
9904335,2,2,0,0,0,2,2
2054,4,1,3,3,0,4,45
9905478,3,1,2,3,3,0,0
9205220,5,1,4,7,5,0,0
9908216,2,2,0,0,2,0,0
9707347,9,3,6,9,9,0,0
10332,1,1,0,0,0,1,3
6077,27,1,26,175,0,27,130
12196,4,3,1,1,0,4,32
9302203,9,3,6,16,9,0,0
9809234,3,2,1,1,0,3,26
9910316,8,2,6,13,0,8,31
9707282,12,1,11,41,0,12,33
9804431,3,2,1,1,0,3,9
9411392,9,2,7,20,0,9,70
106140,12,1,11,37,0,12,42
112308,0,0,0,0,0,0,0
9804242,6,1,5,10,0,6,21
9805245,8,2,6,8,0,8,18
9305323,5,2,3,3,5,0,0
9803236,1,1,0,0,1,0,0
9802289,6,4,2,3,6,0,0
101034,4,1,3,4,0,4,52
9502297,17,6,11,41,7,10,10
104253,5,1,4,7,5,0,0
9902232,10,2,8,22,0,10,19
9807207,4,1,3,4,4,0,0
106307,5,1,4,6,3,2,4
9912205,7,3,4,4,7,0,0
9610384,5,1,4,6,5,0,0
10171,1,1,0,0,0,1,2
9504250,9,1,8,26,1,8,17
9411330,7,2,5,8,0,7,7
9710445,6,2,4,7,0,6,18
4069,0,0,0,0,0,0,0
9306269,4,1,3,3,4,0,0
9907473,2,1,1,1,0,2,22
9303301,2,2,0,0,2,0,0
9408392,3,1,2,3,1,2,2
9808283,15,3,12,47,15,0,0
9503489,8,1,7,17,8,0,0
9611401,2,1,1,1,2,0,0
9703228,4,4,0,0,0,4,4
9905505,6,1,5,9,6,0,0
11236,0,0,0,0,0,0,0
9412204,1,1,0,0,0,1,1
9807201,7,3,4,5,0,7,44
11296,5,1,4,8,0,5,24
9607432,11,5,6,11,0,11,35
9901283,3,1,2,3,0,3,6
9510216,2,1,1,1,0,2,2
108026,6,2,4,8,0,6,11
9803232,9,2,7,24,0,9,19
9407352,0,0,0,0,0,0,0
9704339,17,2,15,59,0,17,115
8336,10,4,6,12,0,10,39
9410254,4,2,2,2,4,0,0
206076,1,1,0,0,0,1,11
9410267,3,2,1,1,3,0,0
9706478,7,4,3,5,0,7,32
9602357,3,2,1,1,1,2,2
9805419,2,2,0,0,1,1,2
9803424,7,1,6,12,0,7,74
9506225,2,1,1,1,2,0,0
204086,2,1,1,1,0,2,22
111299,5,2,3,4,0,5,13
110186,1,1,0,0,0,1,12
9812304,3,2,1,1,0,3,20
9503351,15,2,13,36,4,11,17
9305314,11,2,9,25,11,0,0
108182,4,2,2,2,0,4,34
9706488,0,0,0,0,0,0,0
9806381,6,4,2,3,0,6,6
9805500,8,4,4,12,0,8,52
9509272,2,1,1,1,2,0,0
9512222,0,0,0,0,0,0,0
9903341,11,3,8,30,7,4,4
9604253,5,3,2,2,1,4,8
9411263,3,1,2,2,3,0,0
9603305,3,1,2,3,3,0,0
212107,1,1,0,0,0,1,6
103331,6,2,4,7,0,6,72
2231,0,0,0,0,0,0,0
106330,3,2,1,1,0,3,10
11244,3,3,0,0,0,3,27
9708484,1,1,0,0,0,1,5
9903268,17,5,12,29,0,17,45
112249,1,1,0,0,0,1,2
9712450,1,1,0,0,1,0,0
112119,19,3,16,78,0,19,139
9710342,5,3,2,3,3,2,2
3006,1,1,0,0,0,1,5
9806467,23,1,22,118,0,23,148
7323,14,2,12,35,5,9,9
207352,2,2,0,0,0,2,13
209020,8,3,5,14,0,8,58
9509357,0,0,0,0,0,0,0
212125,0,0,0,0,0,0,0
207181,1,1,0,0,1,0,0
9509360,1,1,0,0,0,1,1
9701328,4,1,3,6,0,4,30
104173,0,0,0,0,0,0,0
207121,1,1,0,0,1,0,0
9403351,3,1,2,3,3,0,0
9510243,1,1,0,0,0,1,1
106044,8,2,6,15,4,4,12
9406317,7,2,5,11,0,7,7
9701387,3,3,0,0,0,3,11
9603386,8,1,7,22,8,0,0
9402324,10,5,5,12,9,1,1
9801427,0,0,0,0,0,0,0
110114,5,1,4,5,0,5,50
9802266,0,0,0,0,0,0,0
9507469,4,2,2,2,4,0,0
9408380,5,1,4,5,5,0,0
7070,5,1,4,8,0,5,5
7101,6,2,4,9,0,6,16
9212253,6,1,5,13,6,0,0
9707493,1,1,0,0,1,0,0
9907434,3,1,2,3,0,3,6
9704346,4,1,3,5,0,4,8
9502279,11,8,3,7,0,11,11
7351,2,2,0,0,0,2,30
9811254,0,0,0,0,0,0,0
208012,5,1,4,6,0,5,63
9907506,7,1,6,16,0,7,18
9710272,4,2,2,2,0,4,12
105168,2,2,0,0,0,2,4
9511458,1,1,0,0,0,1,1
8179,1,1,0,0,0,1,1
9911458,10,2,8,40,0,10,44
9706201,14,3,11,39,4,10,21
9711484,2,1,1,1,0,2,8
7292,13,4,9,26,0,13,109
206071,11,3,8,27,0,11,47
9712286,2,2,0,0,2,0,0
9305227,4,3,1,1,4,0,0
9801420,1,1,0,0,1,0,0
8295,17,5,12,39,0,17,146
207324,0,0,0,0,0,0,0
3070,2,1,1,1,0,2,27
9907386,6,2,4,7,6,0,0
9706399,8,7,1,1,0,8,32
9407235,0,0,0,0,0,0,0
9903543,3,1,2,2,0,3,50
9712434,15,7,8,8,0,15,82
9701260,16,5,11,33,0,16,22
108235,1,1,0,0,0,1,20
9508335,1,1,0,0,0,1,2
9705449,3,1,2,3,0,3,11
9908526,7,2,5,14,4,3,3
9705327,16,4,12,56,0,16,63
9705358,3,1,2,3,2,1,1
9508255,6,2,4,7,0,6,6
9303271,4,4,0,0,4,0,0
9901426,1,1,0,0,0,1,4
9810474,5,2,3,4,0,5,27
9403342,11,1,10,24,11,0,0
9308201,3,3,0,0,0,3,13
9412278,5,3,2,3,5,0,0
110035,8,1,7,14,0,8,63
9510358,1,1,0,0,0,1,2
9907399,15,2,13,27,2,13,18
7209,2,1,1,1,2,0,0
9310371,3,2,1,1,3,0,0
9609389,1,1,0,0,0,1,1
9605239,5,3,2,2,4,1,1
9909332,8,3,5,10,0,8,53
104211,3,2,1,1,3,0,0
111315,13,3,10,19,0,13,94
4236,3,2,1,1,0,3,10
9508287,1,1,0,0,1,0,0
9907493,1,1,0,0,1,0,0
9611276,1,1,0,0,0,1,2
9412235,14,1,13,38,14,0,0
107277,3,2,1,1,3,0,0
9807346,2,1,1,1,0,2,12
7344,2,1,1,1,0,2,14
203067,2,1,1,1,0,2,36
7129,7,2,5,8,0,7,42
205287,0,0,0,0,0,0,0
9805376,4,3,1,1,0,4,15
1048,2,2,0,0,1,1,1
9905228,9,1,8,15,8,1,1
110312,5,3,2,2,0,5,12
9907294,3,2,1,1,0,3,15
9285,2,1,1,1,0,2,8
9810266,9,1,8,22,0,9,110
9408343,2,1,1,1,1,1,1
9807308,5,3,2,2,0,5,37
9907467,2,1,1,1,0,2,4
208215,0,0,0,0,0,0,0
9705390,4,3,1,2,4,0,0
3285,5,4,1,3,3,2,2
9901366,1,1,0,0,1,0,0
9711276,4,3,1,1,2,2,3
9908240,3,2,1,1,0,3,20
9406414,1,1,0,0,1,0,0
9701353,9,1,8,23,9,0,0
9608246,3,2,1,1,0,3,3
9909278,3,1,2,2,0,3,11
9702278,6,4,2,2,0,6,12
12188,0,0,0,0,0,0,0
9212300,1,1,0,0,1,0,0
9905428,0,0,0,0,0,0,0
9712391,1,1,0,0,1,0,0
9712390,1,1,0,0,0,1,4
10261,5,4,1,1,0,5,40
9712397,1,1,0,0,0,1,2
9404292,1,1,0,0,1,0,0
9808417,1,1,0,0,0,1,3
9510284,9,1,8,34,9,0,0
111466,2,1,1,1,0,2,5
9311264,6,4,2,4,6,0,0
9709480,0,0,0,0,0,0,0
107062,2,2,0,0,0,2,6
9611294,2,2,0,0,2,0,0
302123,0,0,0,0,0,0,0
5163,2,1,1,1,0,2,13
9610468,1,1,0,0,1,0,0
9503468,1,1,0,0,1,0,0
9510318,4,1,3,5,4,0,0
9803438,5,3,2,5,0,5,22
9703350,9,2,7,17,1,8,33
206010,2,1,1,1,1,1,1
5051,5,1,4,5,0,5,17
11177,1,1,0,0,0,1,9
8115,2,1,1,1,0,2,4
9910399,6,2,4,11,0,6,34
9710273,1,1,0,0,1,0,0
9710287,6,1,5,11,6,0,0
9209242,1,1,0,0,1,0,0
9405377,3,1,2,2,3,0,0
202221,1,1,0,0,1,0,0
9907256,2,1,1,1,2,0,0
9412355,4,1,3,4,4,0,0
9503300,6,2,4,4,6,0,0
1164,1,1,0,0,0,1,1
109032,7,1,6,13,0,7,33
5218,3,2,1,2,0,3,8
204258,8,2,6,11,0,8,37
9806497,0,0,0,0,0,0,0
9902481,5,2,3,3,0,5,19
9603351,4,3,1,1,4,0,0
209224,0,0,0,0,0,0,0
111077,3,3,0,0,0,3,12
9801295,5,2,3,5,0,5,9
9803311,0,0,0,0,0,0,0
9313,3,1,2,2,0,3,10
205308,1,1,0,0,0,1,8
202013,4,1,3,3,0,4,15
9406419,1,1,0,0,1,0,0
202043,1,1,0,0,0,1,3
105110,2,2,0,0,2,0,0
9808372,1,1,0,0,1,0,0
4023,1,1,0,0,0,1,3
9601277,6,3,3,3,1,5,12
206295,2,2,0,0,0,2,5
109253,1,1,0,0,0,1,15
3212,0,0,0,0,0,0,0
9907561,2,1,1,1,0,2,11
9601248,4,4,0,0,0,4,4
203118,8,3,5,12,4,4,10
4045,1,1,0,0,1,0,0
206248,1,1,0,0,0,1,18
9305221,3,3,0,0,3,0,0
9712543,7,3,4,5,4,3,3
9809399,1,1,0,0,0,1,4
9811407,1,1,0,0,0,1,4
9610393,1,1,0,0,0,1,1
9904426,1,1,0,0,1,0,0
5116,2,1,1,1,0,2,5
101173,0,0,0,0,0,0,0
7199,0,0,0,0,0,0,0
9411337,5,2,3,5,5,0,0
101080,0,0,0,0,0,0,0
9905427,9,2,7,19,6,3,3
9504428,1,1,0,0,0,1,1
9909335,1,1,0,0,0,1,1
203260,0,0,0,0,0,0,0
9910540,7,2,5,6,2,5,5
9809402,5,3,2,2,0,5,11
9706421,3,1,2,2,0,3,11
9803501,0,0,0,0,0,0,0
9404348,5,5,0,0,5,0,0
9705225,1,1,0,0,0,1,5
9609314,5,1,4,6,1,4,12
9307268,4,2,2,2,4,0,0
209210,0,0,0,0,0,0,0
9809435,0,0,0,0,0,0,0
211282,1,1,0,0,0,1,4
6339,0,0,0,0,0,0,0
209190,6,2,4,8,0,6,45
9409299,2,2,0,0,2,0,0
9810255,0,0,0,0,0,0,0
9606440,3,2,1,1,0,3,12
9710396,1,1,0,0,1,0,0
9909250,11,5,6,9,0,11,63
9808307,1,1,0,0,0,1,1
9505338,4,1,3,4,0,4,12
9604211,0,0,0,0,0,0,0
9601381,1,1,0,0,1,0,0
206125,0,0,0,0,0,0,0
9509259,1,1,0,0,0,1,1
107308,1,1,0,0,1,0,0
9710301,6,1,5,7,6,0,0
9807422,7,2,5,10,7,0,0
9803398,1,1,0,0,1,0,0
209296,0,0,0,0,0,0,0
7086,2,1,1,1,0,2,5
9901272,4,1,3,5,0,4,18
205306,2,1,1,1,1,1,1
301179,0,0,0,0,0,0,0
8080,2,2,0,0,0,2,11
106257,2,2,0,0,0,2,15
9412312,2,1,1,1,2,0,0
9701215,10,1,9,22,10,0,0
9710397,2,2,0,0,0,2,16
209341,0,0,0,0,0,0,0
9512424,1,1,0,0,1,0,0
9803260,0,0,0,0,0,0,0
9906360,0,0,0,0,0,0,0
9808308,1,1,0,0,0,1,2
9411325,1,1,0,0,0,1,1
9601261,2,2,0,0,0,2,6
102120,0,0,0,0,0,0,0
9701201,1,1,0,0,1,0,0
9311376,4,4,0,0,4,0,0
111100,2,2,0,0,0,2,6
9910512,2,1,1,1,0,2,3
9808225,5,1,4,5,0,5,17
9405227,1,1,0,0,0,1,1
112248,0,0,0,0,0,0,0
9807260,3,1,2,3,0,3,3
9710538,3,1,2,2,0,3,9
9810506,1,1,0,0,0,1,5
209245,0,0,0,0,0,0,0
207177,0,0,0,0,0,0,0
101245,3,2,1,1,0,3,17
101045,0,0,0,0,0,0,0
9507331,1,1,0,0,0,1,2
9608226,1,1,0,0,1,0,0
9707522,0,0,0,0,0,0,0
9604358,1,1,0,0,0,1,1
103163,8,2,6,11,0,8,39
9903376,2,1,1,1,0,2,3
9712293,3,2,1,1,1,2,2
9712336,0,0,0,0,0,0,0
12242,1,1,0,0,0,1,5
9609300,0,0,0,0,0,0,0
109206,2,1,1,1,0,2,6
9806510,1,1,0,0,0,1,7
202156,1,1,0,0,0,1,1
9212256,2,1,1,1,2,0,0
9812527,7,1,6,9,1,6,6
9509214,2,1,1,1,0,2,5
203226,0,0,0,0,0,0,0
9509276,1,1,0,0,1,0,0
207106,0,0,0,0,0,0,0
9806295,0,0,0,0,0,0,0
9609292,0,0,0,0,0,0,0
9812231,2,1,1,1,2,0,0
111453,0,0,0,0,0,0,0
110250,0,0,0,0,0,0,0
9151,5,1,4,5,0,5,9
101343,1,1,0,0,0,1,2
111255,0,0,0,0,0,0,0
9910323,1,1,0,0,0,1,10
9909421,0,0,0,0,0,0,0
9305289,1,1,0,0,1,0,0
208259,1,1,0,0,0,1,2
2176,0,0,0,0,0,0,0
3205,1,1,0,0,0,1,2
111233,2,1,1,1,0,2,5
9602417,5,1,4,9,5,0,0
207131,0,0,0,0,0,0,0
2170,1,1,0,0,1,0,0
9601308,9,3,6,13,0,9,9
204113,0,0,0,0,0,0,0
205329,6,3,3,5,0,6,46
9607318,0,0,0,0,0,0,0
9909319,0,0,0,0,0,0,0
9504322,2,2,0,0,2,0,0
9711253,0,0,0,0,0,0,0
104197,1,1,0,0,0,1,5
9602243,0,0,0,0,0,0,0
9601204,1,1,0,0,0,1,1
9404339,3,2,1,1,3,0,0
211054,0,0,0,0,0,0,0
9710454,2,1,1,1,0,2,12
9411424,1,1,0,0,1,0,0
9903452,1,1,0,0,1,0,0
9801286,0,0,0,0,0,0,0
9910533,0,0,0,0,0,0,0
5327,0,0,0,0,0,0,0
105089,4,2,2,3,0,4,8
9804303,3,1,2,3,3,0,0
9809365,6,1,5,7,0,6,16
9811484,4,3,1,1,2,2,2
9709277,2,1,1,1,0,2,6
206268,3,3,0,0,0,3,9
206230,1,1,0,0,0,1,2
108236,1,1,0,0,0,1,9
212057,0,0,0,0,0,0,0
9509344,8,4,4,6,8,0,0
9712393,2,2,0,0,2,0,0
9306260,4,3,1,3,4,0,0
102167,0,0,0,0,0,0,0
9410286,8,1,7,15,1,7,7
9408282,3,2,1,1,3,0,0
210218,0,0,0,0,0,0,0
9911292,0,0,0,0,0,0,0
104313,0,0,0,0,0,0,0
302131,4,1,3,4,3,1,1
9404261,2,2,0,0,0,2,3
9804368,1,1,0,0,1,0,0
9706272,3,1,2,2,3,0,0
9608303,2,2,0,0,1,1,2
9806495,2,1,1,1,2,0,0
9801366,2,2,0,0,1,1,2
9810511,1,1,0,0,0,1,3
9712425,4,3,1,1,3,1,1
9412277,4,1,3,3,4,0,0
9197,1,1,0,0,0,1,3
201187,0,0,0,0,0,0,0
9309208,1,1,0,0,1,0,0
11119,0,0,0,0,0,0,0
9806384,3,1,2,3,3,0,0
12334,3,2,1,1,0,3,13
207363,1,1,0,0,0,1,9
9412296,0,0,0,0,0,0,0
9803331,1,1,0,0,0,1,4
9806248,2,1,1,1,2,0,0
111256,0,0,0,0,0,0,0
9706310,1,1,0,0,0,1,4
9901211,0,0,0,0,0,0,0
202073,2,2,0,0,0,2,7
202125,2,1,1,1,0,2,22
9406284,2,1,1,1,2,0,0
9330,2,1,1,1,0,2,2
9508413,1,1,0,0,1,0,0
9910319,0,0,0,0,0,0,0
9908434,0,0,0,0,0,0,0
9609456,0,0,0,0,0,0,0
9409288,1,1,0,0,1,0,0
9306247,0,0,0,0,0,0,0
9704391,0,0,0,0,0,0,0
102300,1,1,0,0,0,1,2
9811477,1,1,0,0,1,0,0
9301215,1,1,0,0,1,0,0
109244,1,1,0,0,0,1,2
9903416,1,1,0,0,0,1,2
108215,2,1,1,1,1,1,7
9312204,3,1,2,2,3,0,0
104084,3,3,0,0,3,0,0
106179,1,1,0,0,0,1,9
9510263,2,2,0,0,2,0,0
5170,0,0,0,0,0,0,0
9807438,1,1,0,0,0,1,2
9611329,2,2,0,0,0,2,3
9909370,1,1,0,0,0,1,1
9909500,3,1,2,2,0,3,10
208219,0,0,0,0,0,0,0
208003,0,0,0,0,0,0,0
111035,3,2,1,2,0,3,3
11041,1,1,0,0,1,0,0
9706221,0,0,0,0,0,0,0
9411351,2,2,0,0,2,0,0
9910458,6,3,3,4,0,6,6
9603418,0,0,0,0,0,0,0
9037,2,1,1,1,0,2,4
9510354,0,0,0,0,0,0,0
208036,0,0,0,0,0,0,0
9407207,1,1,0,0,1,0,0
9708273,0,0,0,0,0,0,0
9707300,0,0,0,0,0,0,0
101074,1,1,0,0,0,1,1
9401216,0,0,0,0,0,0,0
301137,1,1,0,0,1,0,0
103003,0,0,0,0,0,0,0
9809370,0,0,0,0,0,0,0
9509431,2,2,0,0,2,0,0
201215,0,0,0,0,0,0,0
9711254,0,0,0,0,0,0,0
211411,1,1,0,0,1,0,0
9810359,0,0,0,0,0,0,0
109060,0,0,0,0,0,0,0
9707469,1,1,0,0,0,1,2
9904412,0,0,0,0,0,0,0
9507273,1,1,0,0,0,1,2
101172,0,0,0,0,0,0,0
9706359,1,1,0,0,0,1,1
7040,0,0,0,0,0,0,0
9710459,0,0,0,0,0,0,0
207198,0,0,0,0,0,0,0
9506216,2,2,0,0,2,0,0
9709472,0,0,0,0,0,0,0
9905308,0,0,0,0,0,0,0
9411343,0,0,0,0,0,0,0
103253,2,2,0,0,2,0,0
9409346,1,1,0,0,1,0,0
111175,1,1,0,0,0,1,3
101221,0,0,0,0,0,0,0
9710203,0,0,0,0,0,0,0
9710293,1,1,0,0,1,0,0
301156,0,0,0,0,0,0,0
111159,2,2,0,0,0,2,5
102004,1,1,0,0,1,0,0
8062,0,0,0,0,0,0,0
7330,0,0,0,0,0,0,0
9712215,4,1,3,4,0,4,4
211223,0,0,0,0,0,0,0
105256,0,0,0,0,0,0,0
9509394,0,0,0,0,0,0,0
9506377,2,1,1,1,2,0,0
9704420,6,2,4,4,2,4,4
9709426,0,0,0,0,0,0,0
9902387,0,0,0,0,0,0,0
9903362,2,1,1,1,2,0,0
212143,0,0,0,0,0,0,0
111277,0,0,0,0,0,0,0
9912331,1,1,0,0,0,1,1
9705213,1,1,0,0,1,0,0
302133,0,0,0,0,0,0,0
209247,0,0,0,0,0,0,0
5233,0,0,0,0,0,0,0
207154,0,0,0,0,0,0,0
9705298,3,2,1,1,1,2,2
212392,0,0,0,0,0,0,0
9312206,0,0,0,0,0,0,0
9506472,0,0,0,0,0,0,0
205256,0,0,0,0,0,0,0
9805412,1,1,0,0,1,0,0
208079,3,1,2,3,0,3,3
9412388,1,1,0,0,1,0,0
7141,0,0,0,0,0,0,0
9411404,1,1,0,0,1,0,0
110103,0,0,0,0,0,0,0
9803262,0,0,0,0,0,0,0
107237,0,0,0,0,0,0,0
9703371,0,0,0,0,0,0,0
211341,0,0,0,0,0,0,0
9908277,1,1,0,0,1,0,0
9404328,2,2,0,0,2,0,0
9906305,1,1,0,0,1,0,0
9505403,0,0,0,0,0,0,0
3004,0,0,0,0,0,0,0
9412354,3,1,2,3,3,0,0
212056,0,0,0,0,0,0,0
211027,1,1,0,0,1,0,0
9302321,1,1,0,0,1,0,0
105318,1,1,0,0,0,1,9
9510456,0,0,0,0,0,0,0
9100,0,0,0,0,0,0,0
9205226,1,1,0,0,1,0,0
9904364,0,0,0,0,0,0,0
9906367,1,1,0,0,1,0,0
9412274,3,1,2,3,3,0,0
205157,1,1,0,0,0,1,6
9806206,0,0,0,0,0,0,0
103056,1,1,0,0,0,1,6
9709400,0,0,0,0,0,0,0
111182,1,1,0,0,0,1,1
107130,0,0,0,0,0,0,0
9604449,0,0,0,0,0,0,0
9507430,3,2,1,1,3,0,0
9505351,1,1,0,0,1,0,0
207340,0,0,0,0,0,0,0
9811429,0,0,0,0,0,0,0
5018,0,0,0,0,0,0,0
3120,0,0,0,0,0,0,0
9278,1,1,0,0,0,1,2
204310,1,1,0,0,1,0,0
210099,1,1,0,0,0,1,1
210335,1,1,0,0,0,1,5
9406333,0,0,0,0,0,0,0
2200,2,2,0,0,2,0,0
109191,0,0,0,0,0,0,0
9812359,1,1,0,0,0,1,2
9705338,1,1,0,0,1,0,0
111153,0,0,0,0,0,0,0
208118,0,0,0,0,0,0,0
9610385,0,0,0,0,0,0,0
110207,3,2,1,2,3,0,0
201267,0,0,0,0,0,0,0
9410386,1,1,0,0,1,0,0
9511211,0,0,0,0,0,0,0
3314,0,0,0,0,0,0,0
3045,1,1,0,0,0,1,6
10120,1,1,0,0,1,0,0
209289,0,0,0,0,0,0,0
9907537,2,1,1,1,0,2,6
3018,1,1,0,0,0,1,4
9307358,0,0,0,0,0,0,0
9309315,0,0,0,0,0,0,0
211139,0,0,0,0,0,0,0
9802208,0,0,0,0,0,0,0
10133,0,0,0,0,0,0,0
107285,0,0,0,0,0,0,0
9410221,2,2,0,0,2,0,0
109234,1,1,0,0,0,1,3
205166,0,0,0,0,0,0,0
9808376,0,0,0,0,0,0,0
212082,0,0,0,0,0,0,0
9808476,0,0,0,0,0,0,0
209023,0,0,0,0,0,0,0
207023,0,0,0,0,0,0,0
9411430,2,2,0,0,0,2,6
212262,0,0,0,0,0,0,0
9301230,1,1,0,0,1,0,0
209299,0,0,0,0,0,0,0
210384,0,0,0,0,0,0,0
9411221,1,1,0,0,1,0,0
209236,0,0,0,0,0,0,0
212169,1,1,0,0,0,1,6
202180,0,0,0,0,0,0,0
9805333,0,0,0,0,0,0,0
9912300,0,0,0,0,0,0,0
208257,0,0,0,0,0,0,0
112257,0,0,0,0,0,0,0
206303,0,0,0,0,0,0,0
104075,0,0,0,0,0,0,0
106293,0,0,0,0,0,0,0
9406253,0,0,0,0,0,0,0
203168,0,0,0,0,0,0,0
9811374,0,0,0,0,0,0,0
301245,0,0,0,0,0,0,0
212123,1,1,0,0,0,1,26
111056,0,0,0,0,0,0,0
208099,0,0,0,0,0,0,0
112316,0,0,0,0,0,0,0
104257,0,0,0,0,0,0,0
101296,0,0,0,0,0,0,0
9709299,0,0,0,0,0,0,0
111202,0,0,0,0,0,0,0
11186,0,0,0,0,0,0,0
4080,1,1,0,0,1,0,0
9803409,0,0,0,0,0,0,0
208178,1,1,0,0,0,1,16
9905315,0,0,0,0,0,0,0
206069,0,0,0,0,0,0,0
103241,0,0,0,0,0,0,0
1047,0,0,0,0,0,0,0
111132,0,0,0,0,0,0,0
9810508,1,1,0,0,0,1,2
9710250,2,2,0,0,2,0,0
210160,0,0,0,0,0,0,0
207272,1,1,0,0,0,1,5
5325,0,0,0,0,0,0,0
212006,0,0,0,0,0,0,0
3171,0,0,0,0,0,0,0
9117,1,1,0,0,0,1,3
9807520,0,0,0,0,0,0,0
210406,0,0,0,0,0,0,0
9501413,0,0,0,0,0,0,0
9905322,0,0,0,0,0,0,0
9511251,0,0,0,0,0,0,0
206277,1,1,0,0,0,1,7
9912239,0,0,0,0,0,0,0
9602402,0,0,0,0,0,0,0
9303313,8,1,7,16,8,0,0
9909279,0,0,0,0,0,0,0
9809515,0,0,0,0,0,0,0
10188,0,0,0,0,0,0,0
102132,0,0,0,0,0,0,0
103222,1,1,0,0,0,1,1
9810544,0,0,0,0,0,0,0
208161,0,0,0,0,0,0,0
9807270,0,0,0,0,0,0,0
105270,0,0,0,0,0,0,0
212268,0,0,0,0,0,0,0
9706222,0,0,0,0,0,0,0
203005,0,0,0,0,0,0,0
9409342,0,0,0,0,0,0,0
103071,0,0,0,0,0,0,0
9712375,1,1,0,0,1,0,0
7164,0,0,0,0,0,0,0
206086,0,0,0,0,0,0,0
9606276,0,0,0,0,0,0,0
9711490,0,0,0,0,0,0,0
9509417,1,1,0,0,1,0,0
9811462,1,1,0,0,0,1,3
7060,1,1,0,0,1,0,0
9809359,0,0,0,0,0,0,0
9807372,0,0,0,0,0,0,0
302231,0,0,0,0,0,0,0
9508404,0,0,0,0,0,0,0
9503402,2,2,0,0,2,0,0
9307284,1,1,0,0,1,0,0
107213,0,0,0,0,0,0,0
9606309,2,2,0,0,2,0,0
111386,0,0,0,0,0,0,0
302169,0,0,0,0,0,0,0
9301217,1,1,0,0,1,0,0
107155,0,0,0,0,0,0,0
9507266,0,0,0,0,0,0,0
7260,0,0,0,0,0,0,0
9904503,0,0,0,0,0,0,0
9907252,0,0,0,0,0,0,0
9611287,0,0,0,0,0,0,0
9609391,0,0,0,0,0,0,0
9710360,0,0,0,0,0,0,0
102066,0,0,0,0,0,0,0
212355,0,0,0,0,0,0,0
209310,0,0,0,0,0,0,0
9602387,0,0,0,0,0,0,0
9705473,1,1,0,0,0,1,1
9802333,0,0,0,0,0,0,0
9912433,0,0,0,0,0,0,0
2025,0,0,0,0,0,0,0
12124,0,0,0,0,0,0,0
9705360,0,0,0,0,0,0,0
9810335,0,0,0,0,0,0,0
2296,0,0,0,0,0,0,0
2111,0,0,0,0,0,0,0
12133,0,0,0,0,0,0,0
211323,0,0,0,0,0,0,0
209110,0,0,0,0,0,0,0
211338,0,0,0,0,0,0,0
9411350,0,0,0,0,0,0,0
9603280,0,0,0,0,0,0,0
9403299,0,0,0,0,0,0,0
204195,0,0,0,0,0,0,0
9301210,1,1,0,0,1,0,0
9307227,0,0,0,0,0,0,0
108169,0,0,0,0,0,0,0
202118,0,0,0,0,0,0,0
9906351,0,0,0,0,0,0,0
8178,0,0,0,0,0,0,0
9711383,0,0,0,0,0,0,0
209345,0,0,0,0,0,0,0
302204,0,0,0,0,0,0,0
105313,0,0,0,0,0,0,0
9904294,0,0,0,0,0,0,0
9907247,0,0,0,0,0,0,0
12028,0,0,0,0,0,0,0
111423,0,0,0,0,0,0,0
9406246,0,0,0,0,0,0,0
9501418,0,0,0,0,0,0,0
204203,0,0,0,0,0,0,0
9511303,0,0,0,0,0,0,0
109273,0,0,0,0,0,0,0
9909462,0,0,0,0,0,0,0
9710535,0,0,0,0,0,0,0
9912233,0,0,0,0,0,0,0
211238,0,0,0,0,0,0,0
211427,0,0,0,0,0,0,0
210136,0,0,0,0,0,0,0
201312,0,0,0,0,0,0,0
1277,1,1,0,0,1,0,0
9710369,0,0,0,0,0,0,0
212287,0,0,0,0,0,0,0
9302247,13,1,12,46,3,10,10
102077,11,1,10,32,1,10,42
9906434,55,3,52,438,0,55,478
9505429,6,1,5,11,2,4,7
201249,7,2,5,12,2,5,5
9612402,14,1,13,54,0,14,39
108041,2,2,0,0,0,2,23
9812377,10,3,7,19,0,10,64
2205,1,1,0,0,0,1,7
9606306,1,1,0,0,1,0,0
9511219,2,2,0,0,0,2,8
9607259,31,8,23,84,1,30,138
9302221,9,1,8,19,9,0,0
9408304,13,7,6,14,2,11,17
9812282,38,2,36,181,1,37,232
9710209,35,3,32,143,0,35,294
9910554,8,1,7,22,0,8,27
9909249,11,3,8,16,0,11,198
9812426,35,2,33,238,19,16,16
3184,31,3,28,182,1,30,291
9801409,8,2,6,13,0,8,20
9611425,19,2,17,76,0,19,83
9811479,6,3,3,4,0,6,38
9807315,4,1,3,4,0,4,12
9505301,11,1,10,34,5,6,9
9503263,23,1,22,89,2,21,31
9802292,3,2,1,1,0,3,21
201137,0,0,0,0,0,0,0
9806468,24,3,21,97,0,24,320
9705304,48,1,47,287,2,46,76
9801326,32,1,31,187,6,26,81
10111,2,1,1,1,0,2,23
9612464,24,4,20,72,0,24,250
9710217,12,1,11,29,0,12,179
9303226,18,1,17,56,18,0,0
9304225,105,13,92,1186,105,0,0
9903363,37,1,36,225,3,34,61
9612313,82,3,79,815,3,79,438
8018,8,1,7,13,0,8,20
9703402,13,1,12,44,0,13,31
9610396,12,4,8,20,0,12,28
9506264,19,3,16,61,11,8,16
9603208,49,2,47,453,0,49,493
9708456,80,4,76,948,10,70,121
9806435,10,4,6,9,2,8,11
9606364,2,2,0,0,0,2,9
9709387,16,2,14,37,16,0,0
9602287,41,1,40,301,41,0,0
9602363,17,5,12,37,9,8,8
9309234,10,5,5,16,4,6,6
9912250,1,1,0,0,1,0,0
9308330,14,7,7,20,14,0,0
9604412,14,8,6,8,0,14,279
9705467,16,2,14,35,2,14,24
9311243,20,4,16,50,1,19,33
9408306,22,4,18,84,0,22,182
9602349,9,3,6,15,0,9,43
9602214,10,3,7,16,2,8,8
6205,13,1,12,57,13,0,0
9605213,21,3,18,52,5,16,26
9203211,15,2,13,42,15,0,0
9701393,31,2,29,157,0,31,129
9906340,40,2,38,216,0,40,223
9408233,8,2,6,13,2,6,6
9711360,9,4,5,11,0,9,54
9302225,27,2,25,210,27,0,0
9612449,17,2,15,39,0,17,17
102047,31,3,28,75,0,31,386
3327,7,1,6,11,0,7,118
9411210,7,3,4,8,3,4,12
3199,20,4,16,38,0,20,156
211218,6,1,5,10,0,6,33
9512363,11,2,9,22,1,10,37
9303291,14,2,12,66,14,0,0
9505207,41,3,38,164,2,39,60
9412332,7,3,4,11,2,5,6
9804237,27,1,26,104,0,27,165
9311335,4,3,1,1,4,0,0
9611312,18,1,17,92,18,0,0
9601233,7,2,5,9,1,6,11
9809244,29,4,25,160,0,29,62
9701216,6,2,4,8,1,5,5
9802383,1,1,0,0,1,0,0
9504216,2,1,1,1,0,2,9
11174,0,0,0,0,0,0,0
9707201,10,4,6,21,0,10,22
9305206,24,5,19,50,24,0,0
209056,0,0,0,0,0,0,0
9703442,13,3,10,29,0,13,26
103065,27,4,23,99,0,27,209
7227,10,3,7,10,0,10,37
9501417,15,2,13,65,7,8,8
9501356,8,4,4,15,0,8,79
1229,18,2,16,60,0,18,70
102131,22,1,21,161,17,5,5
106334,21,1,20,56,0,21,180
9911245,21,5,16,70,0,21,257
9907427,10,2,8,19,0,10,38
105269,6,2,4,9,0,6,121
9505326,31,6,25,118,0,31,194
9907332,10,4,6,11,0,10,14
9506432,22,1,21,85,22,0,0
10146,6,1,5,7,0,6,30
9405308,16,3,13,67,16,0,0
9405425,11,2,9,35,11,0,0
9506226,18,4,14,33,1,17,26
10117,12,4,8,12,0,12,127
6340,7,2,5,7,0,7,44
205194,0,0,0,0,0,0,0
10029,6,3,3,3,0,6,32
9511322,2,1,1,1,0,2,2
111164,8,1,7,11,0,8,32
11097,9,1,8,35,0,9,24
9603249,78,1,77,903,55,23,23
9211293,5,2,3,7,5,0,0
9911231,2,2,0,0,0,2,65
9908219,4,1,3,6,0,4,10
9408253,15,2,13,57,1,14,14
9506206,1,1,0,0,0,1,2
9211328,18,2,16,73,18,0,0
5310,9,2,7,14,0,9,39
9309216,11,8,3,4,0,11,11
8127,3,1,2,3,0,3,18
202170,2,2,0,0,1,1,1
112295,3,2,1,1,3,0,0
9412315,7,4,3,8,7,0,0
9509311,18,4,14,40,10,8,8
9509375,44,3,41,220,0,44,297
111316,1,1,0,0,0,1,2
9205228,18,3,15,60,18,0,0
5004,8,3,5,9,3,5,19
9407268,14,1,13,42,7,7,7
9210221,11,4,7,12,11,0,0
102117,6,3,3,7,0,6,53
9303280,16,5,11,28,16,0,0
9812463,17,4,13,32,0,17,162
9311237,21,3,18,58,4,17,17
9902354,21,1,20,99,1,20,20
9609498,5,1,4,10,4,1,1
9306302,1,1,0,0,0,1,1
8102,17,7,10,30,0,17,223
9505416,6,5,1,1,0,6,6
9808298,2,2,0,0,0,2,2
10082,1,1,0,0,0,1,2
9807251,23,4,19,67,1,22,197
9510449,42,5,37,217,2,40,127
9903411,6,2,4,9,0,6,52
9402318,9,3,6,16,4,5,5
9411415,12,3,9,39,12,0,0
9803359,3,2,1,1,0,3,18
9510457,8,2,6,7,0,8,44
9709509,11,2,9,31,0,11,42
9501311,7,6,1,2,1,6,10
9801446,17,3,14,46,0,17,79
9302318,21,1,20,63,21,0,0
9701421,12,4,8,12,0,12,26
9702423,16,1,15,72,0,16,144
9705287,25,3,22,104,0,25,315
9512439,10,1,9,13,2,8,13
9512292,16,3,13,37,0,16,17
9301222,6,2,4,5,6,0,0
2282,6,3,3,5,0,6,8
108166,2,2,0,0,1,1,1
3139,4,3,1,1,0,4,15
9311284,24,1,23,127,24,0,0
9804255,35,3,32,162,0,35,301
110159,1,1,0,0,0,1,2
9911305,4,1,3,3,2,2,2
7001,5,3,2,3,1,4,4
9903236,2,1,1,1,0,2,6
9604388,36,1,35,202,1,35,134
11356,3,3,0,0,0,3,23
7265,1,1,0,0,0,1,1
9803284,8,2,6,9,1,7,14
9608350,22,2,20,104,2,20,32
6254,14,1,13,61,0,14,61
9305315,20,4,16,89,20,0,0
9810344,1,1,0,0,0,1,3
2058,1,1,0,0,0,1,1
9904440,12,1,11,28,12,0,0
9905227,17,1,16,85,0,17,246
9211256,33,3,30,185,33,0,0
9708416,3,2,1,1,0,3,3
9907333,21,6,15,38,0,21,128
9812504,5,1,4,6,0,5,19
9406237,6,2,4,8,6,0,0
6250,22,1,21,124,0,22,33
103166,1,1,0,0,0,1,8
9910341,10,1,9,20,2,8,11
207006,3,2,1,1,0,3,17
9607255,3,2,1,2,3,0,0
9504333,22,1,21,102,22,0,0
9609247,7,1,6,9,3,4,6
103126,6,3,3,6,0,6,6
104037,3,1,2,3,0,3,3
9403201,5,1,4,5,5,0,0
9602415,14,2,12,26,2,12,13
9507381,2,1,1,1,2,0,0
1170,2,1,1,1,0,2,2
9601234,12,1,11,31,12,0,0
9605356,8,3,5,9,8,0,0
9806372,3,3,0,0,0,3,12
9706210,5,1,4,5,1,4,12
9708432,3,3,0,0,0,3,3
106356,14,2,12,35,0,14,34
9610223,14,4,10,21,9,5,5
9705306,0,0,0,0,0,0,0
9406302,2,2,0,0,0,2,12
9606275,16,2,14,88,0,16,54
9404296,0,0,0,0,0,0,0
9711263,2,1,1,1,0,2,10
9802378,8,2,6,21,8,0,0
4208,21,3,18,71,0,21,186
9809577,1,1,0,0,0,1,2
9803356,14,3,11,25,0,14,51
9409211,7,1,6,17,7,0,0
9802415,7,3,4,12,0,7,39
9807299,2,1,1,1,0,2,5
9905216,2,2,0,0,0,2,11
202058,2,1,1,1,0,2,52
9803301,17,1,16,48,7,10,17
9701384,32,3,29,204,4,28,103
9309268,10,3,7,27,10,0,0
12145,9,2,7,17,0,9,49
103072,14,3,11,49,0,14,115
9307245,30,2,28,190,30,0,0
9812269,17,3,14,47,0,17,84
9410363,2,1,1,1,2,0,0
9504274,17,2,15,37,0,17,66
9703285,16,4,12,52,16,0,0
9703401,7,1,6,18,0,7,7
9807336,20,2,18,57,5,15,15
9707240,3,2,1,1,0,3,9
212142,0,0,0,0,0,0,0
2272,16,5,11,47,0,16,155
9209270,4,2,2,3,4,0,0
9909232,17,5,12,27,0,17,427
9408390,15,2,13,38,2,13,16
9610407,9,1,8,25,0,9,19
9304232,7,2,5,12,7,0,0
9707464,7,2,5,15,7,0,0
9904286,12,2,10,23,3,9,15
9807229,7,1,6,14,0,7,7
205261,15,1,14,52,0,15,70
9501269,31,1,30,150,31,0,0
9709234,3,2,1,1,3,0,0
105224,6,2,4,9,0,6,49
9910314,3,1,2,3,0,3,15
9905340,5,1,4,9,5,0,0
9501336,11,2,9,18,1,10,15
9509380,4,2,2,3,1,3,6
9609386,0,0,0,0,0,0,0
9707385,9,3,6,11,1,8,20
9806489,5,4,1,2,0,5,5
12053,2,1,1,1,0,2,2
9904420,20,2,18,70,0,20,147
106230,7,3,4,5,0,7,18
9404232,1,1,0,0,0,1,1
9305247,7,1,6,14,7,0,0
9509322,3,2,1,1,3,0,0
3111,5,2,3,4,0,5,78
9412289,1,1,0,0,1,0,0
9603271,9,4,5,12,0,9,23
207123,1,1,0,0,0,1,5
9408365,6,4,2,7,0,6,20
9311336,11,3,8,17,11,0,0
9208230,6,4,2,2,6,0,0
207341,0,0,0,0,0,0,0
9808478,0,0,0,0,0,0,0
9909348,8,4,4,4,0,8,24
7224,19,2,17,87,0,19,65
9403241,0,0,0,0,0,0,0
9502243,8,2,6,13,3,5,5
9803334,4,1,3,3,0,4,4
211008,0,0,0,0,0,0,0
9805259,25,1,24,108,0,25,115
206081,0,0,0,0,0,0,0
9503401,7,1,6,8,5,2,4
106336,14,2,12,40,0,14,39
10101,2,2,0,0,0,2,12
9804451,14,3,11,40,0,14,65
9807451,1,1,0,0,0,1,1
9310306,5,2,3,3,3,2,2
7061,3,1,2,3,0,3,20
2204,3,1,2,3,0,3,5
3222,14,2,12,35,0,14,115
9406241,15,1,14,45,15,0,0
105273,6,3,3,3,2,4,4
9903414,7,2,5,7,0,7,22
9909367,0,0,0,0,0,0,0
4066,11,3,8,20,0,11,20
3066,2,2,0,0,0,2,11
9808438,6,1,5,11,3,3,3
9404359,2,2,0,0,2,0,0
206003,1,1,0,0,0,1,2
9503285,5,2,3,3,4,1,1
9806275,4,2,2,3,0,4,10
9610258,2,2,0,0,1,1,1
9808350,0,0,0,0,0,0,0
9806420,0,0,0,0,0,0,0
9309240,3,2,1,1,3,0,0
9501365,4,1,3,6,0,4,7
9810400,2,1,1,1,0,2,13
9804353,10,2,8,18,3,7,7
9908387,4,4,0,0,2,2,2
9709213,3,3,0,0,0,3,4
9907373,9,1,8,17,2,7,10
5082,1,1,0,0,1,0,0
9503459,2,2,0,0,0,2,2
9810273,7,2,5,10,0,7,55
103096,4,2,2,4,0,4,24
9709354,8,2,6,13,0,8,31
9906261,2,1,1,1,0,2,6
9510392,1,1,0,0,0,1,1
9808424,3,1,2,2,0,3,28
9306323,8,1,7,25,8,0,0
9205213,6,3,3,3,6,0,0
9706288,8,4,4,11,0,8,139
10203,14,4,10,22,0,14,122
9502405,4,2,2,2,4,0,0
203150,4,3,1,1,0,4,41
9309241,3,3,0,0,3,0,0
9803222,2,2,0,0,1,1,1
9901413,1,1,0,0,0,1,1
9017,2,2,0,0,0,2,5
9902338,5,1,4,6,0,5,49
9605442,2,1,1,1,1,1,1
201209,4,2,2,3,0,4,18
104100,11,3,8,19,0,11,53
3118,5,2,3,6,0,5,41
9911426,0,0,0,0,0,0,0
9609245,10,2,8,16,0,10,27
9407370,4,2,2,3,1,3,3
111326,2,1,1,1,0,2,16
9405202,5,1,4,6,3,2,2
3102,0,0,0,0,0,0,0
9901384,10,3,7,21,0,10,64
9503294,7,3,4,5,2,5,5
9506202,1,1,0,0,1,0,0
9712339,9,2,7,21,9,0,0
9401236,10,6,4,7,1,9,9
9505259,8,3,5,12,0,8,14
12021,2,1,1,1,0,2,4
9331,5,2,3,8,0,5,13
9911304,4,1,3,6,0,4,42
9411250,5,2,3,5,5,0,0
107301,1,1,0,0,0,1,5
9707229,1,1,0,0,0,1,1
9507298,12,7,5,8,0,12,24
9908522,3,2,1,1,0,3,6
207344,2,2,0,0,0,2,12
9612367,0,0,0,0,0,0,0
112345,11,1,10,28,0,11,92
9607349,5,3,2,2,4,1,1
9902233,7,3,4,9,0,7,28
9902484,18,2,16,71,0,18,164
10148,20,2,18,58,7,13,27
106291,12,1,11,29,12,0,0
201008,5,2,3,4,1,4,4
9305245,4,4,0,0,4,0,0
8048,1,1,0,0,1,0,0
9910519,3,2,1,1,3,0,0
9702332,1,1,0,0,1,0,0
9609500,10,6,4,8,0,10,166
12324,1,1,0,0,0,1,2
209001,1,1,0,0,1,0,0
9508306,2,1,1,1,2,0,0
9502261,7,2,5,10,7,0,0
106097,4,2,2,4,4,0,0
9903315,8,1,7,13,2,6,10
9606329,7,2,5,7,2,5,5
9605440,5,1,4,6,1,4,6
111244,12,3,9,20,0,12,175
9412352,8,1,7,18,8,0,0
108274,1,1,0,0,0,1,6
9305322,4,1,3,3,4,0,0
9604342,0,0,0,0,0,0,0
9903245,8,1,7,15,0,8,82
107118,4,2,2,2,0,4,42
105132,3,1,2,3,0,3,11
6106,1,1,0,0,0,1,3
9503461,6,2,4,9,0,6,13
208063,1,1,0,0,0,1,5
9702254,0,0,0,0,0,0,0
9511383,0,0,0,0,0,0,0
9906501,9,2,7,15,0,9,118
9808288,1,1,0,0,0,1,9
208067,4,2,2,2,0,4,52
9508301,4,1,3,6,4,0,0
9701334,0,0,0,0,0,0,0
102138,2,1,1,1,0,2,11
9404340,5,3,2,2,5,0,0
204070,1,1,0,0,0,1,1
6076,0,0,0,0,0,0,0
9706225,13,3,10,36,3,10,14
9912289,1,1,0,0,0,1,1
12062,8,2,6,14,0,8,93
12379,8,2,6,13,8,0,0
9612441,1,1,0,0,0,1,1
9412258,0,0,0,0,0,0,0
9909245,10,1,9,18,0,10,49
9297,4,2,2,2,0,4,15
205323,6,3,3,4,0,6,32
9811312,1,1,0,0,0,1,9
112312,0,0,0,0,0,0,0
9706400,4,4,0,0,0,4,13
9810333,4,4,0,0,1,3,3
9905366,1,1,0,0,0,1,14
9905374,3,2,1,1,0,3,32
9804281,10,4,6,11,1,9,21
109202,0,0,0,0,0,0,0
9807406,4,2,2,2,0,4,8
9705272,1,1,0,0,0,1,9
9909442,3,2,1,1,0,3,5
9809555,4,1,3,5,0,4,12
103036,2,2,0,0,0,2,20
9208207,8,2,6,16,8,0,0
9603371,1,1,0,0,0,1,6
9610276,8,1,7,14,8,0,0
9901324,4,3,1,1,0,4,20
9407266,9,1,8,16,9,0,0
5253,3,2,1,1,0,3,13
9503436,3,1,2,3,3,0,0
211163,0,0,0,0,0,0,0
9901334,9,6,3,3,0,9,40
9909512,5,3,2,4,0,5,10
101110,4,1,3,4,0,4,12
109042,0,0,0,0,0,0,0
9502235,4,2,2,4,4,0,0
9602393,2,1,1,1,2,0,0
9305276,25,2,23,147,25,0,0
104247,1,1,0,0,1,0,0
204211,7,4,3,4,0,7,52
9304276,11,5,6,11,11,0,0
9710411,0,0,0,0,0,0,0
204126,0,0,0,0,0,0,0
9702302,2,2,0,0,0,2,5
9607408,14,2,12,30,2,12,12
212126,3,3,0,0,3,0,0
9506469,3,2,1,1,0,3,8
9712389,4,2,2,2,0,4,16
211204,4,3,1,3,0,4,46
11373,6,2,4,6,2,4,13
3188,9,2,7,17,0,9,78
9509430,0,0,0,0,0,0,0
102253,0,0,0,0,0,0,0
9812334,0,0,0,0,0,0,0
111187,1,1,0,0,0,1,5
9604390,3,1,2,2,0,3,16
9512375,7,2,5,16,7,0,0
9810297,8,2,6,14,0,8,94
9304314,3,2,1,1,3,0,0
109120,0,0,0,0,0,0,0
9910492,3,2,1,1,0,3,28
108118,4,2,2,3,0,4,8
9703367,16,5,11,31,2,14,31
9605280,2,1,1,1,2,0,0
9906379,1,1,0,0,1,0,0
9811454,3,3,0,0,0,3,33
9711367,0,0,0,0,0,0,0
8197,0,0,0,0,0,0,0
9906291,1,1,0,0,0,1,10
9902226,3,2,1,1,0,3,14
9311309,5,1,4,8,5,0,0
9808289,7,6,1,1,0,7,17
6152,1,1,0,0,0,1,1
9410245,1,1,0,0,1,0,0
9305255,1,1,0,0,1,0,0
9609280,1,1,0,0,0,1,6
9712455,2,1,1,1,0,2,5
9912311,4,1,3,4,0,4,13
9901365,0,0,0,0,0,0,0
108004,1,1,0,0,0,1,2
9809478,1,1,0,0,0,1,6
9710206,13,2,11,41,2,11,41
201282,2,1,1,1,0,2,7
9502314,2,2,0,0,1,1,1
9907216,2,1,1,1,0,2,8
7338,9,5,4,7,2,7,13
9604203,1,1,0,0,0,1,2
12110,1,1,0,0,0,1,7
9705226,8,4,4,7,4,4,5
9207261,1,1,0,0,1,0,0
9402317,2,2,0,0,2,0,0
209302,0,0,0,0,0,0,0
9811298,6,2,4,8,0,6,33
7017,1,1,0,0,0,1,17
208093,1,1,0,0,0,1,1
6057,4,3,1,1,0,4,20
12092,1,1,0,0,0,1,5
9805295,1,1,0,0,0,1,4
101059,1,1,0,0,0,1,2
9612478,1,1,0,0,0,1,3
9404274,4,4,0,0,4,0,0
9810542,0,0,0,0,0,0,0
9904367,7,1,6,20,1,6,31
6226,3,2,1,1,3,0,0
212211,0,0,0,0,0,0,0
9504221,3,2,1,1,1,2,3
9807210,1,1,0,0,1,0,0
108034,0,0,0,0,0,0,0
207300,5,3,2,5,0,5,35
201278,1,1,0,0,0,1,4
209134,1,1,0,0,0,1,4
9608355,0,0,0,0,0,0,0
9507423,0,0,0,0,0,0,0
9602300,1,1,0,0,1,0,0
11303,1,1,0,0,0,1,2
9912402,5,2,3,4,0,5,19
9703373,7,2,5,15,7,0,0
9706259,3,2,1,1,2,1,2
9912248,2,1,1,1,0,2,4
3298,3,1,2,3,0,3,13
108127,0,0,0,0,0,0,0
9407357,1,1,0,0,1,0,0
209005,1,1,0,0,0,1,7
9809281,1,1,0,0,0,1,1
9910227,0,0,0,0,0,0,0
1006,2,1,1,1,2,0,0
9801255,4,3,1,1,0,4,7
5318,6,2,4,4,0,6,33
5330,0,0,0,0,0,0,0
9907550,3,1,2,3,0,3,3
9911464,3,2,1,1,0,3,19
201183,0,0,0,0,0,0,0
112320,5,2,3,5,1,4,13
9409343,1,1,0,0,1,0,0
207248,1,1,0,0,0,1,3
9701368,1,1,0,0,0,1,1
9809512,0,0,0,0,0,0,0
9810375,0,0,0,0,0,0,0
9603354,0,0,0,0,0,0,0
110133,0,0,0,0,0,0,0
9809366,2,2,0,0,2,0,0
6211,1,1,0,0,0,1,2
1212,6,1,5,8,0,6,43
9807400,6,2,4,4,6,0,0
9304305,2,1,1,1,2,0,0
8168,4,4,0,0,0,4,18
9904272,4,1,3,4,4,0,0
9304286,5,4,1,2,5,0,0
9507305,5,2,3,5,2,3,4
105088,5,2,3,5,5,0,0
204106,0,0,0,0,0,0,0
211237,0,0,0,0,0,0,0
9910558,3,2,1,1,0,3,17
9910413,1,1,0,0,1,0,0
110387,0,0,0,0,0,0,0
9902298,0,0,0,0,0,0,0
9611237,3,2,1,1,0,3,5
9510230,1,1,0,0,0,1,1
101354,2,1,1,1,0,2,2
9809293,2,2,0,0,2,0,0
9809285,0,0,0,0,0,0,0
9905229,1,1,0,0,1,0,0
9604392,2,1,1,1,0,2,6
9904385,0,0,0,0,0,0,0
9802226,4,3,1,1,1,3,4
209336,0,0,0,0,0,0,0
9702371,1,1,0,0,1,0,0
9910407,5,3,2,2,0,5,29
9709373,4,1,3,5,4,0,0
203071,0,0,0,0,0,0,0
9412397,1,1,0,0,0,1,1
9401233,2,2,0,0,2,0,0
2038,8,2,6,17,8,0,0
9503424,1,1,0,0,1,0,0
9411224,3,2,1,2,3,0,0
9903254,3,1,2,2,0,3,3
206163,0,0,0,0,0,0,0
9311327,1,1,0,0,1,0,0
205057,0,0,0,0,0,0,0
9706469,3,1,2,3,3,0,0
9907338,6,2,4,8,1,5,9
206014,1,1,0,0,0,1,2
110363,3,3,0,0,0,3,32
8138,3,3,0,0,0,3,3
11003,4,2,2,2,0,4,37
9603259,2,2,0,0,1,1,1
9704315,0,0,0,0,0,0,0
9710393,0,0,0,0,0,0,0
107226,0,0,0,0,0,0,0
9502274,1,1,0,0,1,0,0
204136,4,2,2,2,0,4,24
9403252,14,4,10,34,14,0,0
211419,0,0,0,0,0,0,0
9409249,0,0,0,0,0,0,0
9512400,0,0,0,0,0,0,0
11304,1,1,0,0,1,0,0
9505423,1,1,0,0,0,1,1
105105,6,3,3,8,0,6,37
202002,0,0,0,0,0,0,0
9706295,1,1,0,0,1,0,0
9811410,4,3,1,1,0,4,15
9210210,3,1,2,2,3,0,0
112246,1,1,0,0,0,1,6
5071,1,1,0,0,0,1,14
2239,0,0,0,0,0,0,0
9511206,0,0,0,0,0,0,0
203206,1,1,0,0,1,0,0
201253,6,2,4,5,0,6,60
9309297,6,2,4,12,6,0,0
9906528,3,2,1,1,0,3,5
9807226,0,0,0,0,0,0,0
205243,0,0,0,0,0,0,0
9707228,2,2,0,0,0,2,2
9711219,0,0,0,0,0,0,0
12094,1,1,0,0,0,1,7
9709450,1,1,0,0,0,1,1
9801435,4,3,1,2,4,0,0
10024,0,0,0,0,0,0,0
9269,1,1,0,0,0,1,6
9809220,0,0,0,0,0,0,0
103243,0,0,0,0,0,0,0
9806364,1,1,0,0,1,0,0
108138,3,2,1,1,2,1,1
9308261,1,1,0,0,0,1,2
9903429,3,1,2,3,0,3,8
102059,0,0,0,0,0,0,0
9804412,1,1,0,0,1,0,0
9610432,1,1,0,0,1,0,0
210159,0,0,0,0,0,0,0
9712261,2,2,0,0,2,0,0
9506434,3,2,1,1,3,0,0
9608304,0,0,0,0,0,0,0
9804408,3,2,1,1,0,3,3
10140,2,2,0,0,0,2,3
9905326,3,2,1,1,1,2,2
104160,1,1,0,0,0,1,2
110331,2,2,0,0,0,2,13
9809253,0,0,0,0,0,0,0
9601338,3,3,0,0,3,0,0
7247,1,1,0,0,0,1,2
5122,4,4,0,0,0,4,29
9301238,2,1,1,1,2,0,0
9604257,7,3,4,8,0,7,9
9809492,0,0,0,0,0,0,0
9908362,9,4,5,14,9,0,0
210183,1,1,0,0,0,1,5
9811232,1,1,0,0,1,0,0
9910369,1,1,0,0,0,1,1
103262,1,1,0,0,0,1,2
210053,0,0,0,0,0,0,0
9511421,0,0,0,0,0,0,0
9906509,6,6,0,0,6,0,0
9702217,0,0,0,0,0,0,0
103047,3,1,2,2,2,1,3
9804382,4,2,2,3,0,4,17
9603295,0,0,0,0,0,0,0
9711322,3,3,0,0,0,3,4
9802336,1,1,0,0,0,1,4
201038,1,1,0,0,0,1,2
9805460,4,1,3,3,0,4,15
9911326,0,0,0,0,0,0,0
9207223,1,1,0,0,0,1,1
9504425,0,0,0,0,0,0,0
9811433,2,2,0,0,0,2,4
9905357,1,1,0,0,1,0,0
7076,3,1,2,3,3,0,0
9812436,4,1,3,6,1,3,8
9901242,5,2,3,4,0,5,13
10110,0,0,0,0,0,0,0
9911318,1,1,0,0,0,1,2
201018,5,2,3,3,5,0,0
202059,0,0,0,0,0,0,0
102156,2,1,1,1,0,2,12
9905290,2,2,0,0,2,0,0
12011,0,0,0,0,0,0,0
110376,0,0,0,0,0,0,0
202249,0,0,0,0,0,0,0
8193,0,0,0,0,0,0,0
9510436,9,2,7,14,0,9,26
9502400,3,2,1,1,3,0,0
111222,1,1,0,0,0,1,5
9905332,0,0,0,0,0,0,0
9902317,0,0,0,0,0,0,0
212116,1,1,0,0,0,1,2
9408211,2,2,0,0,2,0,0
109015,1,1,0,0,1,0,0
9806465,0,0,0,0,0,0,0
6151,0,0,0,0,0,0,0
9809420,1,1,0,0,0,1,1
10056,0,0,0,0,0,0,0
9703344,1,1,0,0,0,1,1
9402201,3,2,1,1,3,0,0
9511403,1,1,0,0,0,1,1
9805352,3,1,2,2,0,3,5
9503212,3,3,0,0,3,0,0
9503364,1,1,0,0,1,0,0
210394,0,0,0,0,0,0,0
9708217,2,1,1,1,2,0,0
4003,4,2,2,3,0,4,17
212348,1,1,0,0,0,1,8
9407379,2,2,0,0,0,2,3
102314,0,0,0,0,0,0,0
110357,0,0,0,0,0,0,0
9905425,2,1,1,1,0,2,9
9607387,1,1,0,0,0,1,3
109134,0,0,0,0,0,0,0
9906307,0,0,0,0,0,0,0
206284,3,1,2,2,0,3,17
9409317,1,1,0,0,1,0,0
210316,1,1,0,0,0,1,6
9502267,2,2,0,0,2,0,0
9901419,2,2,0,0,0,2,3
212104,0,0,0,0,0,0,0
109269,0,0,0,0,0,0,0
9602361,1,1,0,0,1,0,0
12148,1,1,0,0,0,1,3
9309265,3,1,2,2,3,0,0
1271,2,1,1,1,0,2,2
205063,0,0,0,0,0,0,0
9612386,0,0,0,0,0,0,0
9603293,0,0,0,0,0,0,0
9810513,2,1,1,1,2,0,0
206157,2,2,0,0,0,2,2
9905206,5,3,2,2,5,0,0
205186,0,0,0,0,0,0,0
205283,1,1,0,0,0,1,8
9501270,1,1,0,0,1,0,0
212232,0,0,0,0,0,0,0
9605328,4,1,3,4,4,0,0
9610444,1,1,0,0,0,1,1
9808428,2,1,1,1,2,0,0
9508222,0,0,0,0,0,0,0
107100,0,0,0,0,0,0,0
204266,0,0,0,0,0,0,0
302010,0,0,0,0,0,0,0
12067,2,2,0,0,2,0,0
9705468,1,1,0,0,0,1,1
9809313,1,1,0,0,0,1,1
102135,0,0,0,0,0,0,0
110368,0,0,0,0,0,0,0
108256,0,0,0,0,0,0,0
9506254,4,3,1,1,4,0,0
7200,1,1,0,0,1,0,0
6113,1,1,0,0,1,0,0
6347,0,0,0,0,0,0,0
9707506,0,0,0,0,0,0,0
301022,0,0,0,0,0,0,0
9306305,3,3,0,0,3,0,0
210046,0,0,0,0,0,0,0
7131,1,1,0,0,0,1,4
9704306,1,1,0,0,0,1,4
104069,0,0,0,0,0,0,0
101349,0,0,0,0,0,0,0
9907536,0,0,0,0,0,0,0
109076,0,0,0,0,0,0,0
301092,1,1,0,0,0,1,12
5099,0,0,0,0,0,0,0
9704429,3,1,2,3,3,0,0
112321,0,0,0,0,0,0,0
9511208,0,0,0,0,0,0,0
207260,0,0,0,0,0,0,0
9608232,0,0,0,0,0,0,0
4103,1,1,0,0,1,0,0
210233,0,0,0,0,0,0,0
9604213,0,0,0,0,0,0,0
9802348,2,2,0,0,2,0,0
204164,0,0,0,0,0,0,0
101198,0,0,0,0,0,0,0
9304261,2,2,0,0,2,0,0
9412288,0,0,0,0,0,0,0
9910552,0,0,0,0,0,0,0
302176,0,0,0,0,0,0,0
9235,2,2,0,0,0,2,3
9706426,0,0,0,0,0,0,0
9710499,1,1,0,0,0,1,1
203028,4,2,2,5,0,4,15
110337,1,1,0,0,0,1,4
112243,0,0,0,0,0,0,0
301047,0,0,0,0,0,0,0
9901294,0,0,0,0,0,0,0
9808297,3,2,1,1,0,3,6
9709496,1,1,0,0,0,1,2
103293,2,1,1,1,0,2,3
110385,0,0,0,0,0,0,0
9810379,0,0,0,0,0,0,0
9805234,4,3,1,1,1,3,3
111286,1,1,0,0,0,1,1
2303,2,2,0,0,0,2,4
9809476,0,0,0,0,0,0,0
208261,5,1,4,9,0,5,27
9709421,0,0,0,0,0,0,0
204232,3,1,2,3,0,3,9
204260,0,0,0,0,0,0,0
9406403,0,0,0,0,0,0,0
8185,2,1,1,1,2,0,0
201208,0,0,0,0,0,0,0
3109,1,1,0,0,0,1,2
9901364,1,1,0,0,0,1,1
9407384,1,1,0,0,1,0,0
111381,0,0,0,0,0,0,0
9807561,0,0,0,0,0,0,0
9810418,1,1,0,0,0,1,1
301023,0,0,0,0,0,0,0
210224,2,1,1,1,0,2,4
9505205,1,1,0,0,1,0,0
9410290,0,0,0,0,0,0,0
6021,0,0,0,0,0,0,0
9809428,1,1,0,0,0,1,1
9312233,1,1,0,0,1,0,0
9809569,0,0,0,0,0,0,0
9412220,1,1,0,0,0,1,1
12018,2,2,0,0,2,0,0
3264,0,0,0,0,0,0,0
9404358,1,1,0,0,1,0,0
205086,0,0,0,0,0,0,0
9910431,1,1,0,0,0,1,4
9609225,0,0,0,0,0,0,0
9601299,2,1,1,1,0,2,3
206104,1,1,0,0,1,0,0
203063,0,0,0,0,0,0,0
112231,0,0,0,0,0,0,0
104105,0,0,0,0,0,0,0
9612240,0,0,0,0,0,0,0
211347,0,0,0,0,0,0,0
9310308,0,0,0,0,0,0,0
203115,0,0,0,0,0,0,0
208175,1,1,0,0,0,1,4
9907457,0,0,0,0,0,0,0
9179,0,0,0,0,0,0,0
4124,2,2,0,0,0,2,29
9706432,0,0,0,0,0,0,0
210062,1,1,0,0,0,1,2
9808365,0,0,0,0,0,0,0
9509403,1,1,0,0,1,0,0
9410324,0,0,0,0,0,0,0
9604308,1,1,0,0,0,1,1
9412320,0,0,0,0,0,0,0
201017,0,0,0,0,0,0,0
9702257,1,1,0,0,1,0,0
111451,0,0,0,0,0,0,0
10290,0,0,0,0,0,0,0
9901250,2,1,1,1,0,2,2
208053,1,1,0,0,1,0,0
206025,0,0,0,0,0,0,0
9609275,0,0,0,0,0,0,0
105346,0,0,0,0,0,0,0
9712448,1,1,0,0,1,0,0
108230,0,0,0,0,0,0,0
105164,0,0,0,0,0,0,0
104077,0,0,0,0,0,0,0
108075,0,0,0,0,0,0,0
10155,1,1,0,0,1,0,0
112175,0,0,0,0,0,0,0
9811460,0,0,0,0,0,0,0
9609291,0,0,0,0,0,0,0
9609501,0,0,0,0,0,0,0
4172,1,1,0,0,0,1,3
211082,0,0,0,0,0,0,0
1182,2,1,1,1,0,2,6
4216,0,0,0,0,0,0,0
9701318,0,0,0,0,0,0,0
9909273,1,1,0,0,0,1,5
9907302,0,0,0,0,0,0,0
9306291,2,2,0,0,2,0,0
9905547,0,0,0,0,0,0,0
212137,0,0,0,0,0,0,0
9104,0,0,0,0,0,0,0
11110,0,0,0,0,0,0,0
9905545,0,0,0,0,0,0,0
8300,1,1,0,0,0,1,3
9712370,3,1,2,2,3,0,0
11216,0,0,0,0,0,0,0
207073,0,0,0,0,0,0,0
9607308,0,0,0,0,0,0,0
9410229,1,1,0,0,1,0,0
212058,0,0,0,0,0,0,0
210358,0,0,0,0,0,0,0
101111,0,0,0,0,0,0,0
111239,0,0,0,0,0,0,0
9308306,2,1,1,1,2,0,0
207024,1,1,0,0,0,1,5
9709326,0,0,0,0,0,0,0
9912497,0,0,0,0,0,0,0
9907357,0,0,0,0,0,0,0
204231,1,1,0,0,0,1,6
201048,2,2,0,0,0,2,3
110076,0,0,0,0,0,0,0
9901361,0,0,0,0,0,0,0
7342,1,1,0,0,0,1,4
9907513,1,1,0,0,1,0,0
107172,1,1,0,0,0,1,4
201132,0,0,0,0,0,0,0
9905398,0,0,0,0,0,0,0
9402319,1,1,0,0,0,1,1
4166,1,1,0,0,1,0,0
9408206,2,2,0,0,0,2,2
9276,0,0,0,0,0,0,0
206279,3,2,1,1,0,3,85
110397,0,0,0,0,0,0,0
109011,1,1,0,0,0,1,1
11099,0,0,0,0,0,0,0
104032,1,1,0,0,0,1,2
9612486,0,0,0,0,0,0,0
9704303,1,1,0,0,1,0,0
106338,1,1,0,0,0,1,8
8166,0,0,0,0,0,0,0
302177,0,0,0,0,0,0,0
9304312,1,1,0,0,1,0,0
205026,2,2,0,0,0,2,22
9501237,0,0,0,0,0,0,0
10046,0,0,0,0,0,0,0
209008,0,0,0,0,0,0,0
11329,0,0,0,0,0,0,0
102095,3,3,0,0,0,3,5
9406353,0,0,0,0,0,0,0
4058,0,0,0,0,0,0,0
111354,0,0,0,0,0,0,0
9806460,0,0,0,0,0,0,0
9911468,0,0,0,0,0,0,0
9802449,0,0,0,0,0,0,0
9710345,0,0,0,0,0,0,0
5252,0,0,0,0,0,0,0
9705455,0,0,0,0,0,0,0
9611211,0,0,0,0,0,0,0
301202,0,0,0,0,0,0,0
9809570,1,1,0,0,1,0,0
9407364,0,0,0,0,0,0,0
3065,0,0,0,0,0,0,0
9506447,0,0,0,0,0,0,0
9502404,1,1,0,0,1,0,0
9703237,4,1,3,4,4,0,0
105102,1,1,0,0,0,1,1
9505314,1,1,0,0,1,0,0
204189,1,1,0,0,0,1,3
11057,3,2,1,1,1,2,4
12312,0,0,0,0,0,0,0
9704279,0,0,0,0,0,0,0
204022,0,0,0,0,0,0,0
9407310,2,2,0,0,2,0,0
9701239,0,0,0,0,0,0,0
110298,0,0,0,0,0,0,0
211249,0,0,0,0,0,0,0
105337,0,0,0,0,0,0,0
302068,0,0,0,0,0,0,0
9303285,0,0,0,0,0,0,0
9505264,1,1,0,0,1,0,0
9908270,0,0,0,0,0,0,0
206261,0,0,0,0,0,0,0
9311308,1,1,0,0,1,0,0
6323,0,0,0,0,0,0,0
106065,0,0,0,0,0,0,0
9907236,0,0,0,0,0,0,0
302106,0,0,0,0,0,0,0
9709335,1,1,0,0,1,0,0
202198,0,0,0,0,0,0,0
112201,0,0,0,0,0,0,0
11326,0,0,0,0,0,0,0
9611390,0,0,0,0,0,0,0
9708309,1,1,0,0,1,0,0
202117,0,0,0,0,0,0,0
9807468,0,0,0,0,0,0,0
106202,2,2,0,0,2,0,0
210277,1,1,0,0,0,1,4
9710274,0,0,0,0,0,0,0
205307,1,1,0,0,0,1,4
106271,0,0,0,0,0,0,0
9909277,0,0,0,0,0,0,0
9707325,1,1,0,0,0,1,1
9606269,1,1,0,0,1,0,0
9605427,0,0,0,0,0,0,0
2202,0,0,0,0,0,0,0
206213,0,0,0,0,0,0,0
9812315,0,0,0,0,0,0,0
9308252,0,0,0,0,0,0,0
212349,0,0,0,0,0,0,0
211104,1,1,0,0,0,1,20
212204,0,0,0,0,0,0,0
9609505,0,0,0,0,0,0,0
9903494,1,1,0,0,1,0,0
9503278,1,1,0,0,1,0,0
9801434,0,0,0,0,0,0,0
105329,0,0,0,0,0,0,0
210234,0,0,0,0,0,0,0
9504339,0,0,0,0,0,0,0
9906479,0,0,0,0,0,0,0
111232,0,0,0,0,0,0,0
10144,1,1,0,0,1,0,0
301211,0,0,0,0,0,0,0
9907288,0,0,0,0,0,0,0
9711465,0,0,0,0,0,0,0
104171,0,0,0,0,0,0,0
9505360,1,1,0,0,0,1,1
209293,0,0,0,0,0,0,0
301036,0,0,0,0,0,0,0
211216,0,0,0,0,0,0,0
7273,0,0,0,0,0,0,0
107260,0,0,0,0,0,0,0
9408225,2,2,0,0,2,0,0
12302,0,0,0,0,0,0,0
9711457,0,0,0,0,0,0,0
9279,0,0,0,0,0,0,0
302253,1,1,0,0,1,0,0
8282,1,1,0,0,1,0,0
6221,0,0,0,0,0,0,0
4090,0,0,0,0,0,0,0
210253,0,0,0,0,0,0,0
9711271,0,0,0,0,0,0,0
9304215,1,1,0,0,1,0,0
9806201,0,0,0,0,0,0,0
9809579,0,0,0,0,0,0,0
211278,0,0,0,0,0,0,0
9411216,0,0,0,0,0,0,0
11207,0,0,0,0,0,0,0
9608279,1,1,0,0,1,0,0
109218,0,0,0,0,0,0,0
302024,0,0,0,0,0,0,0
301052,0,0,0,0,0,0,0
9908234,0,0,0,0,0,0,0
9811343,0,0,0,0,0,0,0
209342,0,0,0,0,0,0,0
209022,0,0,0,0,0,0,0
301164,0,0,0,0,0,0,0
9502366,14,2,12,42,2,12,12
103211,12,2,10,26,0,12,141
9907335,26,2,24,125,0,26,184
9505430,2,1,1,1,0,2,5
202205,7,3,4,9,0,7,21
9612424,31,4,27,153,0,31,178
111297,1,1,0,0,0,1,10
9903369,9,3,6,8,0,9,87
104016,1,1,0,0,0,1,3
9405264,1,1,0,0,1,0,0
9403353,2,2,0,0,1,1,2
9607319,19,4,15,41,0,19,59
9304321,11,3,8,17,3,8,8
9408397,10,5,5,5,2,8,8
9904210,22,1,21,72,0,22,367
9712495,44,2,42,293,19,25,30
9911440,1,1,0,0,0,1,12
9910522,12,2,10,20,0,12,109
9902283,32,3,29,158,0,32,493
2149,17,3,14,57,0,17,133
9807479,12,1,11,32,3,9,23
9704231,38,2,36,251,0,38,145
9509205,8,2,6,9,0,8,9
9606215,10,4,6,18,4,6,9
9602386,4,2,2,3,0,4,7
9503264,37,3,34,178,3,34,65
9807327,49,2,47,443,1,48,188
104122,1,1,0,0,1,0,0
9209279,34,4,30,249,34,0,0
9706512,17,2,15,37,0,17,61
9802405,50,3,47,424,3,47,365
12019,6,1,5,11,0,6,30
9612468,21,1,20,90,0,21,107
9711216,11,1,10,28,0,11,178
9303294,15,1,14,46,15,0,0
9308246,86,2,84,817,7,79,114
9509379,19,1,18,77,19,0,0
9702318,30,2,28,156,0,30,126
9507329,22,3,19,62,1,21,87
9903507,9,3,6,15,0,9,46
9709232,11,2,9,20,0,11,19
9606444,14,2,12,34,7,7,9
9603420,69,2,67,730,2,67,498
9502401,42,2,40,356,42,0,0
9702235,6,2,4,7,6,0,0
9606415,4,3,1,1,0,4,31
9809341,13,1,12,20,0,13,19
9604250,22,2,20,102,14,8,8
9806260,2,1,1,1,0,2,7
9811465,2,1,1,1,0,2,20
9506203,3,2,1,1,0,3,9
9308342,6,4,2,2,6,0,0
9608247,8,2,6,14,0,8,52
9601307,13,2,11,35,8,5,5
9402360,63,9,54,427,5,58,176
9409440,34,4,30,142,0,34,169
9702415,6,2,4,7,0,6,34
9609301,8,2,6,10,1,7,13
10083,11,2,9,40,0,11,13
9607440,42,2,40,248,13,29,43
9204210,9,3,6,16,9,0,0
9703266,24,5,19,93,0,24,127
9908323,17,1,16,64,0,17,120
9307221,14,2,12,59,14,0,0
9811520,6,1,5,10,1,5,38
9401294,16,2,14,70,7,9,9
9707263,27,2,25,106,0,27,115
103168,4,3,1,1,0,4,26
4074,20,4,16,51,0,20,386
9502311,3,1,2,3,0,3,12
6105,12,3,9,24,0,12,155
105239,19,2,17,109,19,0,0
9603414,8,2,6,13,0,8,26
9409419,18,1,17,97,18,0,0
9505304,22,2,20,57,3,19,19
9210280,7,2,5,14,7,0,0
9807269,26,5,21,82,0,26,120
9409408,5,2,3,6,1,4,5
9611437,12,3,9,43,0,12,36
9707511,8,4,4,5,2,6,19
9810289,6,2,4,9,0,6,24
9703294,5,2,3,4,0,5,5
9905220,6,5,1,1,1,5,22
9206219,8,7,1,2,8,0,0
1004,2,1,1,1,2,0,0
9710259,6,1,5,10,0,6,14
9505238,8,4,4,12,0,8,72
8262,11,3,8,25,0,11,21
9608430,32,5,27,149,8,24,36
5159,6,2,4,8,0,6,76
9041,12,2,10,23,1,11,34
9511205,19,6,13,55,19,0,0
9503307,14,4,10,35,0,14,86
10194,11,3,8,38,4,7,41
102145,77,2,75,862,5,72,224
107151,19,6,13,26,0,19,131
202076,15,4,11,26,0,15,188
9402342,13,2,11,42,5,8,8
1101,12,1,11,44,0,12,153
9602250,3,3,0,0,0,3,22
9907352,12,2,10,27,0,12,19
9712546,19,2,17,50,1,18,72
7294,24,2,22,79,1,23,78
9406431,13,7,6,36,13,0,0
9411367,12,2,10,32,12,0,0
9608213,9,2,7,14,0,9,35
2199,44,3,41,248,0,44,154
9811501,54,2,52,636,0,54,372
9604262,3,3,0,0,3,0,0
9705470,9,2,7,23,0,9,18
9809213,3,1,2,3,0,3,4
201206,14,3,11,31,0,14,65
103201,14,1,13,58,14,0,0
9604317,64,1,63,680,10,54,54
9301239,8,2,6,14,8,0,0
109004,1,1,0,0,0,1,13
9401313,0,0,0,0,0,0,0
9411241,9,2,7,22,5,4,4
9803463,2,2,0,0,0,2,8
9405239,21,3,18,76,7,14,25
9703265,5,1,4,7,0,5,5
9312278,11,7,4,5,0,11,32
1169,6,1,5,12,0,6,33
203004,1,1,0,0,1,0,0
201094,1,1,0,0,1,0,0
9806358,18,14,4,5,0,18,31
9511228,15,1,14,34,15,0,0
9602374,41,6,35,148,0,41,520
11112,2,1,1,1,1,1,4
9604352,13,2,11,37,2,11,11
9309232,8,1,7,26,8,0,0
9410240,9,2,7,14,3,6,6
9508369,2,2,0,0,0,2,7
105097,9,1,8,24,0,9,35
9307249,31,5,26,109,8,23,45
9903435,23,3,20,87,0,23,136
9305225,22,4,18,91,22,0,0
9903459,6,1,5,6,1,5,9
9702367,11,3,8,17,2,9,15
9403251,3,1,2,2,3,0,0
101236,3,1,2,2,0,3,16
9412272,8,1,7,8,8,0,0
9602358,6,3,3,4,6,0,0
9811253,26,3,23,71,1,25,51
105050,2,1,1,1,0,2,2
9511330,9,4,5,12,0,9,33
9905512,9,3,6,12,0,9,30
9509217,5,2,3,6,1,4,4
9705432,13,5,8,20,4,9,9
9808479,5,2,3,4,5,0,0
9601333,4,2,2,2,0,4,38
9401270,10,2,8,24,10,0,0
9504247,8,5,3,6,0,8,14
9803210,10,4,6,19,0,10,59
9307208,14,5,9,16,3,11,11
9506266,4,1,3,5,4,0,0
9703212,51,6,45,333,0,51,616
9705416,28,6,22,127,0,28,358
9610431,2,2,0,0,0,2,9
9512417,12,4,8,22,11,1,1
9811234,4,1,3,3,4,0,0
3013,5,2,3,7,1,4,7
107150,6,2,4,9,0,6,65
5179,1,1,0,0,0,1,5
9406204,30,1,29,142,12,18,18
9806519,27,3,24,118,0,27,268
9802315,12,2,10,18,12,0,0
101160,0,0,0,0,0,0,0
6312,6,2,4,9,3,3,6
9610265,17,2,15,30,10,7,7
9605229,23,2,21,98,0,23,119
9904247,2,1,1,1,0,2,14
9904236,10,1,9,27,10,0,0
9803367,3,2,1,1,0,3,5
9710543,9,5,4,7,0,9,70
105311,19,2,17,63,0,19,150
9507220,7,1,6,17,1,6,12
9502260,15,1,14,66,15,0,0
7062,1,1,0,0,1,0,0
9907229,7,1,6,11,0,7,10
5191,24,1,23,106,24,0,0
9211260,30,3,27,156,30,0,0
9610272,5,2,3,5,5,0,0
9912398,13,5,8,19,0,13,76
9908460,2,1,1,1,0,2,4
205296,1,1,0,0,0,1,3
8046,23,2,21,124,0,23,71
112135,5,4,1,1,0,5,30
9912396,8,2,6,17,8,0,0
9911281,0,0,0,0,0,0,0
9706523,5,2,3,4,2,3,3
9602366,25,1,24,103,2,23,48
9609265,6,5,1,3,0,6,10
8129,11,2,9,25,11,0,0
109230,6,1,5,7,0,6,13
9703321,3,1,2,2,1,2,2
9702334,13,6,7,12,0,13,33
9709267,1,1,0,0,1,0,0
9054,3,1,2,3,0,3,8
9710268,6,2,4,7,0,6,15
9603285,19,3,16,30,0,19,45
9806476,1,1,0,0,1,0,0
108046,0,0,0,0,0,0,0
9610532,5,2,3,5,1,4,4
107291,21,4,17,74,1,20,56
109084,6,4,2,5,2,4,6
9306314,4,3,1,1,4,0,0
2118,0,0,0,0,0,0,0
9606474,13,1,12,64,1,12,79
9204237,3,2,1,1,3,0,0
9509352,7,2,5,9,0,7,28
108008,0,0,0,0,0,0,0
5134,12,2,10,26,0,12,83
9611350,3,3,0,0,0,3,10
9805451,8,3,5,9,0,8,28
9905222,8,3,5,12,0,8,74
9911302,15,4,11,22,0,15,56
9903486,1,1,0,0,0,1,16
207319,1,1,0,0,0,1,2
2150,17,4,13,40,1,16,114
203143,0,0,0,0,0,0,0
9606267,8,3,5,11,4,4,5
9402337,25,2,23,133,18,7,7
106023,6,3,3,6,0,6,41
103083,6,1,5,14,0,6,131
9310365,51,1,50,373,1,50,188
9711229,19,3,16,76,2,17,30
9608396,6,1,5,8,3,3,3
9207264,62,4,58,354,0,62,62
9612293,0,0,0,0,0,0,0
9704331,8,1,7,21,8,0,0
9810504,8,2,6,18,0,8,8
9506453,0,0,0,0,0,0,0
103242,10,1,9,19,0,10,42
2273,3,1,2,3,0,3,41
9209287,9,4,5,11,9,0,0
9908415,6,5,1,4,0,6,13
9504288,8,2,6,9,2,6,7
9702281,12,2,10,34,0,12,20
9403227,20,1,19,68,17,3,3
9810253,6,2,4,8,1,5,5
107123,9,3,6,8,0,9,35
9901377,6,2,4,7,1,5,5
206162,20,2,18,62,0,20,137
9509370,8,2,6,14,0,8,8
9701336,8,3,5,11,3,5,11
107113,11,1,10,34,0,11,37
9911264,3,1,2,3,0,3,16
9907452,6,1,5,11,6,0,0
9503366,9,3,6,8,0,9,21
9404361,6,2,4,6,6,0,0
9407292,20,3,17,69,3,17,17
9707404,1,1,0,0,0,1,1
9711456,0,0,0,0,0,0,0
5326,0,0,0,0,0,0,0
9907281,12,3,9,22,0,12,112
107199,5,1,4,7,0,5,21
9611351,1,1,0,0,0,1,6
9508221,9,3,6,16,1,8,14
9410306,1,1,0,0,1,0,0
9903274,3,1,2,3,0,3,99
12261,0,0,0,0,0,0,0
9603390,11,1,10,33,8,3,3
109097,4,2,2,3,0,4,8
9506382,10,1,9,20,0,10,24
9811307,4,2,2,2,0,4,10
9405382,5,4,1,2,0,5,15
109007,6,2,4,7,4,2,2
9807280,1,1,0,0,0,1,1
302087,0,0,0,0,0,0,0
7329,33,2,31,224,0,33,199
9304288,1,1,0,0,1,0,0
9506406,5,2,3,4,0,5,12
9704337,7,1,6,9,4,3,3
11155,3,3,0,0,0,3,17
9809315,26,1,25,123,0,26,148
102271,1,1,0,0,0,1,3
9506334,1,1,0,0,0,1,4
107056,11,2,9,24,0,11,50
9712350,5,1,4,5,0,5,11
9811300,3,1,2,3,0,3,16
9708265,3,1,2,2,0,3,4
9410335,1,1,0,0,0,1,2
9902395,6,3,3,5,0,6,45
9706365,7,1,6,13,2,5,23
9808423,0,0,0,0,0,0,0
207179,1,1,0,0,0,1,3
205255,3,3,0,0,0,3,9
9910219,3,1,2,3,0,3,8
9503224,2,1,1,1,2,0,0
9707485,18,2,16,89,0,18,177
9711294,3,1,2,3,0,3,6
9510326,5,1,4,7,2,3,3
9211225,2,2,0,0,2,0,0
9210208,20,3,17,96,20,0,0
9503376,6,1,5,7,6,0,0
9910375,2,1,1,1,0,2,10
9907574,1,1,0,0,0,1,2
9504320,5,1,4,9,0,5,5
9608469,1,1,0,0,1,0,0
9608404,7,1,6,14,2,5,10
9504205,3,1,2,2,3,0,0
9812332,5,2,3,4,0,5,31
9807405,8,3,5,10,0,8,13
109114,0,0,0,0,0,0,0
110335,0,0,0,0,0,0,0
111186,1,1,0,0,1,0,0
9910293,1,1,0,0,1,0,0
9501293,2,1,1,1,0,2,2
9811280,5,4,1,2,0,5,21
9902406,1,1,0,0,0,1,5
9711365,7,2,5,10,0,7,61
9909445,4,1,3,3,0,4,11
9601208,0,0,0,0,0,0,0
9702340,0,0,0,0,0,0,0
9401305,5,1,4,9,5,0,0
9509231,3,1,2,2,2,1,1
9707334,9,1,8,11,0,9,33
102270,7,1,6,11,0,7,34
9504421,0,0,0,0,0,0,0
208073,2,2,0,0,0,2,27
109140,8,4,4,10,0,8,94
9706383,1,1,0,0,0,1,2
9806335,4,1,3,4,4,0,0
9806408,3,2,1,1,0,3,10
9224,5,4,1,2,0,5,17
9611410,1,1,0,0,0,1,1
3312,8,1,7,22,8,0,0
9503210,10,1,9,17,10,0,0
4226,6,2,4,5,0,6,38
9704372,1,1,0,0,1,0,0
9701374,5,3,2,4,0,5,12
9410266,6,2,4,7,0,6,9
112158,1,1,0,0,0,1,13
9701230,1,1,0,0,0,1,1
9803432,6,4,2,3,0,6,49
9612374,7,3,4,9,0,7,14
9404284,7,2,5,12,7,0,0
5234,0,0,0,0,0,0,0
9403243,14,5,9,16,14,0,0
9207226,10,1,9,14,10,0,0
9801379,14,2,12,31,0,14,64
9807230,3,1,2,3,1,2,2
10177,10,4,6,17,0,10,30
9912420,3,1,2,3,0,3,28
9609470,4,2,2,2,4,0,0
108092,19,4,15,49,0,19,262
9612211,4,2,2,3,4,0,0
9310227,16,2,14,36,16,0,0
101162,3,1,2,2,1,2,2
106071,5,3,2,2,0,5,33
9602302,16,5,11,34,0,16,88
203099,8,1,7,18,0,8,119
9511314,4,3,1,1,4,0,0
9903532,3,2,1,1,0,3,10
9904507,9,1,8,22,0,9,73
12292,11,2,9,14,0,11,51
203238,8,1,7,9,0,8,16
210260,1,1,0,0,0,1,4
9509362,9,5,4,9,9,0,0
9311365,1,1,0,0,1,0,0
8157,3,3,0,0,0,3,3
9905319,0,0,0,0,0,0,0
9602329,8,6,2,3,0,8,87
1202,6,1,5,11,0,6,16
209128,1,1,0,0,1,0,0
9601329,4,2,2,3,4,0,0
9406367,0,0,0,0,0,0,0
106098,7,4,3,5,0,7,18
9907235,5,1,4,7,5,0,0
9612358,5,2,3,5,0,5,14
9606323,6,2,4,8,0,6,9
204191,3,2,1,1,0,3,15
9601247,3,1,2,2,0,3,6
9711302,2,2,0,0,2,0,0
9504286,1,1,0,0,0,1,2
9405323,4,4,0,0,4,0,0
9903418,12,1,11,37,0,12,191
105214,6,1,5,9,0,6,82
9411232,4,1,3,6,4,0,0
5040,2,1,1,1,0,2,4
9302295,6,2,4,11,6,0,0
9812263,2,2,0,0,0,2,9
9311296,5,2,3,5,5,0,0
9204236,7,4,3,6,7,0,0
104074,11,2,9,16,0,11,75
9505324,5,4,1,1,0,5,8
208078,6,3,3,3,0,6,59
9811311,6,1,5,14,2,4,4
9305240,2,2,0,0,2,0,0
9712333,4,3,1,1,2,2,2
9509297,3,2,1,2,1,2,2
108020,0,0,0,0,0,0,0
9905440,2,1,1,1,1,1,2
9609321,7,1,6,20,7,0,0
9602259,5,4,1,1,5,0,0
4228,4,3,1,1,0,4,21
204342,14,1,13,50,0,14,55
9401345,2,2,0,0,0,2,4
9310229,5,5,0,0,5,0,0
9907307,8,1,7,17,0,8,71
10291,0,0,0,0,0,0,0
207108,4,2,2,2,0,4,89
12073,13,4,9,15,0,13,110
105005,8,3,5,9,0,8,85
9806528,21,5,16,54,0,21,62
9712252,6,2,4,7,6,0,0
109254,0,0,0,0,0,0,0
9703258,7,5,2,4,0,7,58
9807453,5,2,3,6,0,5,8
102106,2,2,0,0,0,2,6
9408272,5,1,4,9,5,0,0
9803218,11,1,10,42,0,11,96
7056,4,3,1,3,0,4,13
9712325,11,1,10,34,1,10,27
102150,2,1,1,1,0,2,15
9811405,6,1,5,10,0,6,17
9903340,7,3,4,7,0,7,60
9705288,7,1,6,15,0,7,12
9912500,1,1,0,0,0,1,7
9504423,5,1,4,4,0,5,10
9905241,5,1,4,9,5,0,0
9611369,2,1,1,1,0,2,4
7021,5,1,4,7,0,5,14
9910514,1,1,0,0,1,0,0
11141,1,1,0,0,0,1,6
9805433,5,1,4,6,2,3,3
108126,1,1,0,0,1,0,0
9509234,2,2,0,0,0,2,2
9603300,1,1,0,0,1,0,0
9506271,20,2,18,104,20,0,0
105237,1,1,0,0,0,1,1
203030,5,1,4,5,0,5,100
9310298,9,4,5,10,9,0,0
9512204,8,6,2,2,4,4,4
7033,2,2,0,0,0,2,2
9512296,5,2,3,4,3,2,2
9612462,13,3,10,22,0,13,23
301042,1,1,0,0,0,1,1
9609317,0,0,0,0,0,0,0
9712223,4,2,2,4,0,4,22
211206,1,1,0,0,0,1,19
9906342,0,0,0,0,0,0,0
9133,13,2,11,19,0,13,99
9311352,3,3,0,0,3,0,0
9903357,3,2,1,2,1,2,2
9806212,4,4,0,0,4,0,0
201123,1,1,0,0,0,1,1
9610279,2,1,1,1,0,2,9
9810245,2,1,1,1,0,2,3
9902401,3,1,2,3,0,3,48
9709203,3,2,1,1,0,3,10
2018,4,1,3,5,4,0,0
9802278,1,1,0,0,0,1,3
110399,2,2,0,0,0,2,6
9411282,9,2,7,17,1,8,15
9610405,3,1,2,2,3,0,0
9407242,1,1,0,0,1,0,0
9702246,0,0,0,0,0,0,0
9405390,3,3,0,0,3,0,0
203131,7,5,2,2,0,7,53
9812363,7,1,6,8,3,4,4
9608426,2,1,1,1,0,2,4
9505335,5,2,3,7,1,4,4
9909562,4,4,0,0,0,4,20
10012,2,1,1,1,2,0,0
205047,0,0,0,0,0,0,0
9904235,0,0,0,0,0,0,0
9703394,1,1,0,0,1,0,0
9611368,3,1,2,2,0,3,4
104291,4,1,3,3,1,3,3
9905223,0,0,0,0,0,0,0
10157,1,1,0,0,0,1,1
9711492,0,0,0,0,0,0,0
9809245,9,1,8,24,0,9,42
204354,1,1,0,0,0,1,2
9606459,2,1,1,1,0,2,2
9309247,1,1,0,0,1,0,0
101098,7,3,4,6,1,6,17
9408216,5,3,2,3,5,0,0
11228,0,0,0,0,0,0,0
9412244,6,1,5,9,6,0,0
9608307,1,1,0,0,1,0,0
210069,0,0,0,0,0,0,0
203140,1,1,0,0,0,1,8
9602336,18,3,15,73,0,18,43
9155,2,1,1,1,0,2,23
208248,1,1,0,0,0,1,8
9506412,4,1,3,4,4,0,0
108174,1,1,0,0,0,1,11
11069,0,0,0,0,0,0,0
4111,2,1,1,1,0,2,4
102248,0,0,0,0,0,0,0
9212273,1,1,0,0,1,0,0
9703217,4,3,1,1,4,0,0
9704439,3,2,1,1,1,2,3
7215,5,3,2,2,2,3,3
4153,4,2,2,3,4,0,0
9505432,4,3,1,1,1,3,3
9810354,2,1,1,1,1,1,1
302092,0,0,0,0,0,0,0
210209,1,1,0,0,0,1,9
203103,1,1,0,0,0,1,3
205206,1,1,0,0,0,1,2
9509373,8,4,4,6,5,3,3
9307253,4,4,0,0,4,0,0
9505261,1,1,0,0,1,0,0
9910390,1,1,0,0,0,1,7
101022,5,1,4,6,0,5,9
9706531,6,1,5,10,0,6,11
9503350,2,2,0,0,0,2,5
102245,5,1,4,5,1,4,8
103130,3,2,1,1,0,3,11
205100,0,0,0,0,0,0,0
9408320,1,1,0,0,0,1,1
209309,0,0,0,0,0,0,0
5176,0,0,0,0,0,0,0
9812300,0,0,0,0,0,0,0
2301,1,1,0,0,0,1,3
212373,0,0,0,0,0,0,0
106191,1,1,0,0,0,1,7
3052,1,1,0,0,0,1,1
9903365,5,2,3,7,5,0,0
108267,0,0,0,0,0,0,0
2034,1,1,0,0,0,1,2
109224,6,2,4,5,1,5,9
111075,5,2,3,5,0,5,16
102173,2,2,0,0,0,2,4
9604303,4,1,3,3,4,0,0
9903510,9,4,5,9,1,8,38
9706477,0,0,0,0,0,0,0
103193,0,0,0,0,0,0,0
101215,3,2,1,1,0,3,15
9708315,2,2,0,0,2,0,0
8139,2,1,1,1,0,2,8
2249,5,1,4,5,0,5,21
9812395,1,1,0,0,0,1,1
9505442,1,1,0,0,0,1,2
9409445,2,1,1,1,0,2,6
2098,3,2,1,1,0,3,3
9807265,1,1,0,0,0,1,15
9906332,1,1,0,0,0,1,1
9905318,5,3,2,2,0,5,5
101286,5,2,3,6,5,0,0
7111,5,2,3,4,5,0,0
108223,1,1,0,0,0,1,3
9904407,1,1,0,0,1,0,0
9610221,0,0,0,0,0,0,0
9412329,2,2,0,0,1,1,1
9804291,1,1,0,0,0,1,1
9606357,3,2,1,1,3,0,0
206208,1,1,0,0,0,1,9
9809390,1,1,0,0,0,1,4
9805423,2,2,0,0,0,2,7
9909453,1,1,0,0,1,0,0
211455,0,0,0,0,0,0,0
9604316,4,4,0,0,0,4,19
9801413,0,0,0,0,0,0,0
107036,1,1,0,0,0,1,4
101200,0,0,0,0,0,0,0
2073,0,0,0,0,0,0,0
9712328,3,2,1,2,0,3,3
211034,0,0,0,0,0,0,0
9404311,3,2,1,1,3,0,0
9503201,3,3,0,0,3,0,0
8084,6,1,5,7,1,5,9
204090,1,1,0,0,0,1,1
9509390,1,1,0,0,0,1,1
9812528,0,0,0,0,0,0,0
9712284,2,1,1,1,0,2,8
9803291,0,0,0,0,0,0,0
110117,2,2,0,0,0,2,5
9806373,3,1,2,3,0,3,5
9910436,3,1,2,3,0,3,8
8210,3,2,1,1,0,3,11
106351,0,0,0,0,0,0,0
2223,4,1,3,3,2,2,3
105013,1,1,0,0,0,1,7
209274,0,0,0,0,0,0,0
9512324,0,0,0,0,0,0,0
7333,0,0,0,0,0,0,0
9903206,2,2,0,0,0,2,2
9609438,1,1,0,0,0,1,1
3209,2,1,1,1,0,2,6
9710252,0,0,0,0,0,0,0
207269,2,2,0,0,0,2,7
9310238,1,1,0,0,1,0,0
9510279,3,3,0,0,0,3,9
9026,0,0,0,0,0,0,0
9412284,0,0,0,0,0,0,0
105091,0,0,0,0,0,0,0
111127,0,0,0,0,0,0,0
9403277,4,2,2,3,1,3,3
9709231,6,4,2,3,0,6,16
9301250,1,1,0,0,0,1,1
103013,1,1,0,0,0,1,1
9405306,0,0,0,0,0,0,0
9906411,4,1,3,5,4,0,0
108231,0,0,0,0,0,0,0
9305271,2,2,0,0,2,0,0
201244,0,0,0,0,0,0,0
9903287,3,1,2,3,0,3,12
9910245,1,1,0,0,0,1,2
9808204,0,0,0,0,0,0,0
201186,1,1,0,0,0,1,1
9502369,2,2,0,0,2,0,0
9607267,0,0,0,0,0,0,0
9506302,1,1,0,0,0,1,1
9810321,1,1,0,0,0,1,4
9606284,2,2,0,0,1,1,1
9263,1,1,0,0,1,0,0
9907316,2,2,0,0,0,2,14
9904318,1,1,0,0,0,1,1
9710540,1,1,0,0,0,1,1
208239,0,0,0,0,0,0,0
9901357,3,2,1,1,3,0,0
9504412,0,0,0,0,0,0,0
9905499,6,1,5,9,0,6,12
10072,0,0,0,0,0,0,0
9901262,1,1,0,0,1,0,0
9609260,1,1,0,0,1,0,0
9511471,1,1,0,0,1,0,0
9706416,1,1,0,0,0,1,1
9809563,2,2,0,0,0,2,2
9602286,0,0,0,0,0,0,0
9703453,5,2,3,4,5,0,0
10309,0,0,0,0,0,0,0
1252,0,0,0,0,0,0,0
9805455,2,1,1,1,2,0,0
8325,0,0,0,0,0,0,0
9912204,2,1,1,1,0,2,4
9812517,2,2,0,0,2,0,0
9803346,1,1,0,0,1,0,0
2153,1,1,0,0,0,1,5
9807276,2,1,1,1,1,1,1
9705405,5,2,3,7,0,5,9
9507427,6,3,3,5,6,0,0
9911277,4,1,3,5,0,4,4
208034,1,1,0,0,0,1,5
9703214,2,1,1,1,0,2,2
9910232,0,0,0,0,0,0,0
210109,1,1,0,0,0,1,5
202196,3,1,2,3,0,3,9
101351,2,1,1,1,0,2,25
202020,0,0,0,0,0,0,0
9406343,2,1,1,1,2,0,0
9905485,3,1,2,2,0,3,4
9702272,1,1,0,0,0,1,3
9504276,4,3,1,1,4,0,0
9707487,2,1,1,1,0,2,4
9606409,3,1,2,2,3,0,0
7084,2,1,1,1,2,0,0
9605466,0,0,0,0,0,0,0
9902397,2,1,1,1,0,2,4
110071,2,2,0,0,0,2,2
9409338,1,1,0,0,1,0,0
207097,0,0,0,0,0,0,0
9710485,0,0,0,0,0,0,0
7281,7,1,6,12,7,0,0
9504369,2,1,1,1,2,0,0
9804276,0,0,0,0,0,0,0
5115,3,3,0,0,0,3,3
210122,0,0,0,0,0,0,0
9804325,1,1,0,0,0,1,2
111437,1,1,0,0,1,0,0
9901292,1,1,0,0,1,0,0
9607313,1,1,0,0,0,1,1
2129,0,0,0,0,0,0,0
107012,2,2,0,0,0,2,10
110101,1,1,0,0,0,1,1
9059,1,1,0,0,1,0,0
9604402,7,2,5,8,0,7,29
9610526,2,2,0,0,2,0,0
9908228,0,0,0,0,0,0,0
9703409,1,1,0,0,1,0,0
9811388,1,1,0,0,1,0,0
210411,3,3,0,0,1,2,8
9312214,1,1,0,0,0,1,2
9311272,1,1,0,0,1,0,0
9709207,3,1,2,3,0,3,10
205268,0,0,0,0,0,0,0
9810420,3,2,1,1,0,3,4
105227,3,2,1,1,0,3,35
9510317,0,0,0,0,0,0,0
9611421,0,0,0,0,0,0,0
9811401,1,1,0,0,0,1,3
9707456,1,1,0,0,0,1,3
9802446,0,0,0,0,0,0,0
203185,0,0,0,0,0,0,0
3130,5,3,2,3,5,0,0
9806363,1,1,0,0,0,1,1
211053,0,0,0,0,0,0,0
212035,2,2,0,0,0,2,40
106134,0,0,0,0,0,0,0
5073,2,2,0,0,0,2,3
105276,0,0,0,0,0,0,0
8111,0,0,0,0,0,0,0
210364,0,0,0,0,0,0,0
105092,3,3,0,0,0,3,8
203097,0,0,0,0,0,0,0
9506403,0,0,0,0,0,0,0
9504429,2,1,1,1,1,1,1
9910452,2,1,1,1,0,2,4
9509210,0,0,0,0,0,0,0
9711507,0,0,0,0,0,0,0
201173,1,1,0,0,0,1,1
209013,0,0,0,0,0,0,0
9409256,1,1,0,0,1,0,0
9906439,3,1,2,2,0,3,8
9506394,2,2,0,0,0,2,2
208019,1,1,0,0,0,1,14
9612208,3,1,2,2,1,2,4
302234,0,0,0,0,0,0,0
9409262,1,1,0,0,0,1,2
9812515,0,0,0,0,0,0,0
111135,2,1,1,1,2,0,0
9608362,0,0,0,0,0,0,0
9710556,4,1,3,3,4,0,0
110257,2,1,1,1,0,2,6
9609478,0,0,0,0,0,0,0
208125,1,1,0,0,0,1,2
9702411,2,1,1,1,0,2,2
9707232,0,0,0,0,0,0,0
9803420,3,3,0,0,3,0,0
9710201,1,1,0,0,1,0,0
206197,0,0,0,0,0,0,0
9409405,1,1,0,0,1,0,0
212322,0,0,0,0,0,0,0
9511203,2,1,1,1,2,0,0
9710484,1,1,0,0,0,1,1
9712431,2,1,1,1,2,0,0
1132,3,1,2,2,0,3,12
9912475,1,1,0,0,1,0,0
205267,0,0,0,0,0,0,0
9332,0,0,0,0,0,0,0
12166,1,1,0,0,1,0,0
9802335,0,0,0,0,0,0,0
9707253,0,0,0,0,0,0,0
9905447,0,0,0,0,0,0,0
102016,2,1,1,1,0,2,7
9410321,2,2,0,0,1,1,1
9811318,1,1,0,0,0,1,1
9311244,1,1,0,0,0,1,2
111419,0,0,0,0,0,0,0
6352,2,1,1,1,0,2,7
3279,5,2,3,4,3,2,2
9803234,0,0,0,0,0,0,0
9709416,0,0,0,0,0,0,0
212341,2,1,1,1,0,2,2
9302213,6,5,1,2,6,0,0
9706536,2,1,1,1,0,2,2
111014,1,1,0,0,0,1,6
204016,0,0,0,0,0,0,0
11297,1,1,0,0,1,0,0
9211333,1,1,0,0,1,0,0
10301,1,1,0,0,0,1,5
9906247,0,0,0,0,0,0,0
9312230,2,1,1,1,2,0,0
9610480,0,0,0,0,0,0,0
112077,1,1,0,0,0,1,1
9809332,0,0,0,0,0,0,0
3099,1,1,0,0,0,1,1
9512305,0,0,0,0,0,0,0
9904202,2,1,1,1,2,0,0
212384,1,1,0,0,0,1,15
9707465,2,1,1,1,2,0,0
9512285,2,2,0,0,2,0,0
203057,1,1,0,0,0,1,1
206246,2,1,1,1,0,2,9
204243,0,0,0,0,0,0,0
9912294,1,1,0,0,1,0,0
203161,4,2,2,3,0,4,51
9711375,0,0,0,0,0,0,0
9906328,2,2,0,0,0,2,4
210190,0,0,0,0,0,0,0
212091,0,0,0,0,0,0,0
109118,2,1,1,1,1,1,1
9810372,1,1,0,0,1,0,0
9310234,5,1,4,5,5,0,0
211463,0,0,0,0,0,0,0
9905235,0,0,0,0,0,0,0
9811432,0,0,0,0,0,0,0
209262,5,1,4,8,0,5,29
9609250,2,2,0,0,0,2,8
6273,5,1,4,10,0,5,8
9911211,0,0,0,0,0,0,0
9603370,0,0,0,0,0,0,0
201108,1,1,0,0,0,1,1
103349,1,1,0,0,1,0,0
112018,0,0,0,0,0,0,0
4120,0,0,0,0,0,0,0
109071,0,0,0,0,0,0,0
209054,1,1,0,0,0,1,5
9701297,0,0,0,0,0,0,0
7046,0,0,0,0,0,0,0
204196,0,0,0,0,0,0,0
211136,1,1,0,0,0,1,6
9806341,0,0,0,0,0,0,0
110308,0,0,0,0,0,0,0
210222,0,0,0,0,0,0,0
2136,1,1,0,0,0,1,4
9404336,2,2,0,0,2,0,0
204034,1,1,0,0,0,1,2
211246,0,0,0,0,0,0,0
110232,1,1,0,0,1,0,0
9909544,2,2,0,0,2,0,0
9711370,0,0,0,0,0,0,0
112288,0,0,0,0,0,0,0
9807370,0,0,0,0,0,0,0
9812362,0,0,0,0,0,0,0
9804433,1,1,0,0,0,1,2
9802286,2,2,0,0,2,0,0
210214,0,0,0,0,0,0,0
9509253,0,0,0,0,0,0,0
9606201,1,1,0,0,1,0,0
211297,0,0,0,0,0,0,0
205223,0,0,0,0,0,0,0
1190,1,1,0,0,0,1,3
9902414,2,1,1,1,2,0,0
9703382,1,1,0,0,0,1,2
9911201,0,0,0,0,0,0,0
209173,0,0,0,0,0,0,0
9706215,0,0,0,0,0,0,0
9411391,0,0,0,0,0,0,0
212364,0,0,0,0,0,0,0
201157,0,0,0,0,0,0,0
9710219,2,1,1,1,0,2,2
9311287,2,2,0,0,0,2,5
106234,0,0,0,0,0,0,0
9401205,2,2,0,0,2,0,0
12079,0,0,0,0,0,0,0
106131,1,1,0,0,0,1,12
9508244,0,0,0,0,0,0,0
9911374,1,1,0,0,0,1,1
9705317,0,0,0,0,0,0,0
9808216,2,2,0,0,2,0,0
103135,0,0,0,0,0,0,0
9903378,0,0,0,0,0,0,0
9015,0,0,0,0,0,0,0
210408,1,1,0,0,0,1,10
111261,0,0,0,0,0,0,0
302105,0,0,0,0,0,0,0
3216,1,1,0,0,1,0,0
9712289,0,0,0,0,0,0,0
11328,1,1,0,0,1,0,0
211425,0,0,0,0,0,0,0
210295,0,0,0,0,0,0,0
9906317,1,1,0,0,0,1,3
9504202,0,0,0,0,0,0,0
9708388,3,2,1,2,3,0,0
107019,0,0,0,0,0,0,0
9212255,2,1,1,1,2,0,0
9305272,1,1,0,0,1,0,0
9505365,0,0,0,0,0,0,0
9610531,0,0,0,0,0,0,0
9304244,0,0,0,0,0,0,0
10200,0,0,0,0,0,0,0
9809369,0,0,0,0,0,0,0
9310354,0,0,0,0,0,0,0
110222,0,0,0,0,0,0,0
302199,0,0,0,0,0,0,0
108125,0,0,0,0,0,0,0
109237,0,0,0,0,0,0,0
210390,0,0,0,0,0,0,0
11198,0,0,0,0,0,0,0
209242,1,1,0,0,0,1,7
302016,0,0,0,0,0,0,0
207304,0,0,0,0,0,0,0
9710501,0,0,0,0,0,0,0
9709304,0,0,0,0,0,0,0
10202,0,0,0,0,0,0,0
105044,0,0,0,0,0,0,0
302219,0,0,0,0,0,0,0
9610317,0,0,0,0,0,0,0
210273,0,0,0,0,0,0,0
9604435,1,1,0,0,1,0,0
8249,0,0,0,0,0,0,0
209063,1,1,0,0,0,1,10
6217,0,0,0,0,0,0,0
103236,1,1,0,0,1,0,0
9612215,1,1,0,0,0,1,1
9604212,1,1,0,0,1,0,0
9905233,1,1,0,0,1,0,0
9910337,0,0,0,0,0,0,0
202259,0,0,0,0,0,0,0
111108,0,0,0,0,0,0,0
110162,0,0,0,0,0,0,0
9902287,0,0,0,0,0,0,0
9902421,0,0,0,0,0,0,0
9602228,0,0,0,0,0,0,0
210236,2,2,0,0,0,2,69
109205,0,0,0,0,0,0,0
208033,0,0,0,0,0,0,0
112325,0,0,0,0,0,0,0
9809300,2,1,1,1,2,0,0
211368,0,0,0,0,0,0,0
9406234,0,0,0,0,0,0,0
9607203,0,0,0,0,0,0,0
301243,0,0,0,0,0,0,0
301078,1,1,0,0,0,1,2
6296,0,0,0,0,0,0,0
9308202,0,0,0,0,0,0,0
10311,0,0,0,0,0,0,0
9901274,1,1,0,0,1,0,0
9908422,0,0,0,0,0,0,0
211128,0,0,0,0,0,0,0
212100,0,0,0,0,0,0,0
9804203,0,0,0,0,0,0,0
212362,1,1,0,0,0,1,3
111238,0,0,0,0,0,0,0
210280,0,0,0,0,0,0,0
9098,0,0,0,0,0,0,0
9505258,0,0,0,0,0,0,0
107134,0,0,0,0,0,0,0
9607295,0,0,0,0,0,0,0
9705355,1,1,0,0,0,1,4
9504409,1,1,0,0,1,0,0
3094,0,0,0,0,0,0,0
212176,0,0,0,0,0,0,0
9302275,1,1,0,0,1,0,0
207218,0,0,0,0,0,0,0
9407217,1,1,0,0,1,0,0
204298,0,0,0,0,0,0,0
9705456,5,1,4,5,5,0,0
9712526,4,3,1,1,4,0,0
112196,0,0,0,0,0,0,0
207175,0,0,0,0,0,0,0
11371,0,0,0,0,0,0,0
1129,1,1,0,0,1,0,0
2256,0,0,0,0,0,0,0
9910549,0,0,0,0,0,0,0
9702233,1,1,0,0,0,1,1
9412317,0,0,0,0,0,0,0
3002,0,0,0,0,0,0,0
111281,0,0,0,0,0,0,0
210404,0,0,0,0,0,0,0
106183,0,0,0,0,0,0,0
102126,1,1,0,0,0,1,4
301138,0,0,0,0,0,0,0
211010,0,0,0,0,0,0,0
203157,1,1,0,0,1,0,0
9810380,0,0,0,0,0,0,0
9907492,0,0,0,0,0,0,0
9702213,0,0,0,0,0,0,0
9906425,1,1,0,0,1,0,0
9602227,0,0,0,0,0,0,0
104194,0,0,0,0,0,0,0
5240,0,0,0,0,0,0,0
9808359,0,0,0,0,0,0,0
9708277,0,0,0,0,0,0,0
9305318,0,0,0,0,0,0,0
9609464,0,0,0,0,0,0,0
204281,0,0,0,0,0,0,0
210225,0,0,0,0,0,0,0
9609513,0,0,0,0,0,0,0
9411320,0,0,0,0,0,0,0
210120,0,0,0,0,0,0,0
9904406,0,0,0,0,0,0,0
9505323,0,0,0,0,0,0,0
210076,0,0,0,0,0,0,0
9605263,0,0,0,0,0,0,0
9702264,1,1,0,0,1,0,0
112258,0,0,0,0,0,0,0
9402345,0,0,0,0,0,0,0
9312314,0,0,0,0,0,0,0
9711286,1,1,0,0,1,0,0
9502228,0,0,0,0,0,0,0
6118,1,1,0,0,0,1,2
210283,2,1,1,1,0,2,37
111349,0,0,0,0,0,0,0
9405402,0,0,0,0,0,0,0
208169,0,0,0,0,0,0,0
9802349,0,0,0,0,0,0,0
105339,0,0,0,0,0,0,0
301013,0,0,0,0,0,0,0
9701280,0,0,0,0,0,0,0
9603407,0,0,0,0,0,0,0
9809551,1,1,0,0,1,0,0
9608228,0,0,0,0,0,0,0
9506249,0,0,0,0,0,0,0
207240,0,0,0,0,0,0,0
210056,0,0,0,0,0,0,0
105047,0,0,0,0,0,0,0
210386,0,0,0,0,0,0,0
9503287,0,0,0,0,0,0,0
9905306,0,0,0,0,0,0,0
9912381,0,0,0,0,0,0,0
211453,0,0,0,0,0,0,0
9604307,0,0,0,0,0,0,0
9309273,0,0,0,0,0,0,0
9706446,0,0,0,0,0,0,0
9712449,0,0,0,0,0,0,0
112096,0,0,0,0,0,0,0
110392,0,0,0,0,0,0,0
2031,0,0,0,0,0,0,0
9306210,1,1,0,0,1,0,0
9511283,0,0,0,0,0,0,0
209163,0,0,0,0,0,0,0
9802261,0,0,0,0,0,0,0
210230,0,0,0,0,0,0,0
9801367,0,0,0,0,0,0,0
211117,0,0,0,0,0,0,0
9708235,1,1,0,0,1,0,0
105259,1,1,0,0,1,0,0
210293,0,0,0,0,0,0,0
9239,0,0,0,0,0,0,0
207089,0,0,0,0,0,0,0
1139,0,0,0,0,0,0,0
9801275,0,0,0,0,0,0,0
9802339,0,0,0,0,0,0,0
210309,0,0,0,0,0,0,0
10242,0,0,0,0,0,0,0
9809516,0,0,0,0,0,0,0
9911320,0,0,0,0,0,0,0
211373,0,0,0,0,0,0,0
9803214,9,1,8,19,0,9,9
104018,1,1,0,0,0,1,5
9908395,23,3,20,99,1,22,270
9606435,9,2,7,14,0,9,48
204087,5,1,4,7,0,5,9
9705388,10,2,8,31,0,10,11
9204204,36,3,33,252,36,0,0
9905347,12,5,7,17,0,12,83
9307342,15,2,13,31,15,0,0
9405265,1,1,0,0,1,0,0
9305234,2,1,1,1,2,0,0
9611334,2,1,1,1,1,1,1
9602424,14,1,13,32,0,14,26
9409372,12,6,6,12,0,12,28
9904279,56,4,52,414,0,56,752
9712537,29,2,27,125,0,29,294
9912457,33,2,31,175,0,33,222
9911465,4,1,3,3,0,4,22
9707203,13,1,12,40,0,13,35
9306333,45,3,42,317,45,0,0
9808321,2,1,1,1,0,2,7
9707235,34,1,33,176,1,33,153
9502219,8,2,6,15,8,0,0
9606467,9,3,6,21,1,8,28
9607251,24,3,21,72,3,21,63
9504314,39,5,34,163,3,36,80
9808265,47,3,44,316,1,46,417
9807514,2,2,0,0,2,0,0
9309283,46,4,42,374,46,0,0
9707354,42,3,39,176,0,42,171
9809594,25,2,23,136,3,22,36
9806471,34,2,32,225,0,34,299
9612490,10,3,7,16,0,10,40
9711220,6,1,5,8,0,6,77
9306270,24,4,20,68,11,13,13
9312311,49,5,44,229,1,48,122
9604387,51,1,50,384,33,18,18
9702322,38,2,36,254,0,38,240
111073,0,0,0,0,0,0,0
9905413,6,1,5,11,6,0,0
6107,0,0,0,0,0,0,0
9304302,12,1,11,37,12,0,0
9604320,70,1,69,749,2,68,451
9602299,37,2,35,239,12,25,25
9705433,18,5,13,31,10,8,8
9708239,19,2,17,71,4,15,102
9805424,35,2,33,210,0,35,203
9605357,50,1,49,397,30,20,20
9608401,27,1,26,125,27,0,0
9212246,18,3,15,87,18,0,0
9709270,2,2,0,0,0,2,7
9310217,4,2,2,4,2,2,2
9703437,21,1,20,65,0,21,136
9605206,8,4,4,9,2,6,8
9405207,38,6,32,175,1,37,129
9409453,20,5,15,53,2,18,42
9402219,16,2,14,37,16,0,0
9710364,6,2,4,4,0,6,12
102020,5,1,4,8,1,4,8
9608322,48,2,46,281,5,43,83
9206239,8,3,5,16,8,0,0
9707342,10,5,5,8,0,10,30
9910309,31,1,30,117,0,31,215
7043,0,0,0,0,0,0,0
9902274,4,2,2,2,0,4,25
9512328,21,2,19,118,1,20,60
9709442,37,1,36,163,0,37,178
104073,20,4,16,60,0,20,241
6059,8,3,5,13,0,8,170
9506207,11,3,8,21,0,11,31
7034,9,5,4,9,0,9,83
202089,16,1,15,78,0,16,16
9605365,6,1,5,8,0,6,16
9412322,18,3,15,89,4,14,14
9505308,14,5,9,25,14,0,0
9402226,3,1,2,2,1,2,2
9909509,32,1,31,125,0,32,193
9308210,13,4,9,22,7,6,6
9612253,16,2,14,52,1,15,44
101331,1,1,0,0,0,1,2
9905443,25,2,23,105,2,23,102
9705362,3,1,2,3,0,3,7
9903303,6,4,2,5,0,6,22
9206221,6,5,1,2,6,0,0
4220,2,2,0,0,0,2,2
9702433,11,2,9,27,1,10,10
9408287,13,2,11,47,13,0,0
203075,4,2,2,3,0,4,8
9610461,10,2,8,20,0,10,134
10348,19,3,16,50,0,19,95
9605273,25,1,24,104,25,0,0
9610325,40,6,34,155,14,26,26
9509398,4,1,3,6,0,4,30
102122,72,5,67,930,25,47,211
102147,68,2,66,704,4,64,158
107316,17,3,14,32,0,17,182
9808299,45,3,42,319,0,45,333
9209213,10,2,8,33,10,0,0
6319,11,1,10,32,0,11,136
9612294,9,3,6,15,0,9,46
9246,8,3,5,14,0,8,12
9805208,28,2,26,137,0,28,53
7362,14,2,12,26,0,14,61
9406432,12,2,10,49,12,0,0
9506332,9,1,8,18,0,9,9
9610267,13,3,10,22,0,13,50
4130,9,1,8,24,0,9,35
9812486,42,3,39,471,0,42,433
109047,1,1,0,0,0,1,2
9812523,12,3,9,23,0,12,29
9812250,1,1,0,0,1,0,0
207004,10,2,8,20,0,10,57
107057,9,2,7,26,0,9,9
9605431,58,1,57,566,1,57,123
9410389,4,2,2,2,0,4,7
1166,13,3,10,11,0,13,116
9302220,2,2,0,0,1,1,3
9501394,15,2,13,50,15,0,0
9507366,7,2,5,9,7,0,0
9410353,30,1,29,124,12,18,18
9806392,4,1,3,3,0,4,12
9312347,12,4,8,12,0,12,27
1194,4,2,2,2,0,4,6
204101,8,1,7,11,0,8,165
2104,1,1,0,0,1,0,0
9506456,15,1,14,29,15,0,0
9605327,17,1,16,78,0,17,94
9605462,6,3,3,5,0,6,64
9210277,10,4,6,11,10,0,0
9607233,9,3,6,14,0,9,16
9408396,7,1,6,19,0,7,7
9505224,18,1,17,38,1,17,35
9603376,4,1,3,6,0,4,12
112334,2,2,0,0,0,2,8
9307301,31,5,26,111,9,22,42
9903474,15,1,14,44,0,15,151
9611433,72,2,70,708,2,70,229
9709289,6,1,5,10,6,0,0
9804288,11,3,8,17,11,0,0
7341,1,1,0,0,0,1,3
105008,9,2,7,12,0,9,143
9605412,21,3,18,86,4,17,34
9803386,1,1,0,0,1,0,0
9405340,12,1,11,32,12,0,0
9911286,8,6,2,3,1,7,9
9608399,4,1,3,5,0,4,20
9710379,8,2,6,11,0,8,57
9512404,15,1,14,35,0,15,61
211313,1,1,0,0,0,1,1
9806485,1,1,0,0,1,0,0
9409371,27,3,24,106,24,3,3
9410292,3,1,2,3,0,3,6
9511263,6,5,1,3,0,6,31
9806430,10,1,9,25,1,9,20
9309219,15,4,11,26,15,0,0
9509249,16,1,15,49,16,0,0
9704347,9,3,6,19,0,9,199
9706298,16,3,13,37,0,16,242
9511317,4,3,1,1,0,4,23
9603333,12,4,8,20,0,12,27
9809499,1,1,0,0,0,1,3
9907408,16,1,15,39,16,0,0
9806400,9,6,3,5,0,9,97
9411274,5,1,4,7,5,0,0
9410338,26,1,25,87,0,26,42
9807454,7,4,3,4,0,7,87
9909561,7,5,2,3,3,4,5
2221,5,3,2,3,0,5,18
9902423,35,2,33,263,35,0,0
9704378,13,7,6,12,0,13,27
9608394,24,2,22,86,0,24,177
9912301,4,2,2,4,0,4,24
9905281,13,1,12,33,4,9,9
9804206,5,3,2,3,0,5,8
9801204,4,1,3,4,0,4,16
106113,6,1,5,9,0,6,13
9507242,14,1,13,59,0,14,39
110014,4,3,1,2,0,4,24
9205207,3,2,1,1,3,0,0
9907436,18,2,16,57,0,18,84
9909567,8,3,5,10,0,8,230
9804355,21,1,20,103,1,20,23
109125,14,2,12,32,0,14,158
9408313,6,2,4,8,6,0,0
9909369,6,2,4,4,0,6,31
9708248,4,2,2,3,4,0,0
102316,7,1,6,16,3,4,4
9602322,9,1,8,12,0,9,23
9912407,9,2,7,16,4,5,9
9904470,1,1,0,0,0,1,3
9511469,5,4,1,1,5,0,0
9709215,15,7,8,28,1,14,58
9706487,9,1,8,18,0,9,12
9906335,2,2,0,0,0,2,12
202031,5,2,3,4,0,5,19
9306268,3,1,2,3,3,0,0
9802219,2,1,1,1,0,2,4
9505220,1,1,0,0,1,0,0
102186,2,1,1,1,0,2,5
9310337,4,1,3,6,4,0,0
9403281,20,4,16,53,20,0,0
9807490,2,2,0,0,0,2,8
3305,4,4,0,0,0,4,10
9708355,1,1,0,0,1,0,0
104137,22,3,19,85,5,17,17
105222,4,1,3,3,1,3,3
9411276,2,2,0,0,1,1,1
9603335,12,5,7,12,0,12,48
9608343,20,2,18,114,1,19,86
9302269,3,1,2,2,2,1,1
9609364,5,3,2,3,1,4,8
3172,15,2,13,32,0,15,148
9141,12,1,11,27,0,12,116
9204222,6,1,5,12,6,0,0
9610280,12,6,6,10,3,9,13
9810328,18,2,16,57,1,17,51
9908333,8,1,7,16,0,8,28
9909364,1,1,0,0,1,0,0
109245,3,1,2,3,2,1,2
2168,3,2,1,1,0,3,26
9805432,3,1,2,3,1,2,2
2044,1,1,0,0,0,1,15
9409442,8,2,6,11,5,3,3
9707281,14,1,13,38,0,14,75
103105,9,1,8,31,0,9,118
9310379,55,4,51,384,1,54,291
9802404,8,2,6,8,0,8,21
9712381,0,0,0,0,0,0,0
9212271,31,2,29,119,1,30,30
9604202,9,4,5,8,0,9,77
5236,5,2,3,4,1,4,8
9812236,21,3,18,73,0,21,76
9501290,1,1,0,0,1,0,0
201151,4,1,3,5,0,4,12
9806354,33,2,31,179,0,33,305
9210244,11,3,8,23,11,0,0
9308328,8,2,6,13,8,0,0
9603345,5,3,2,5,0,5,10
9703303,9,1,8,27,0,9,23
9408257,11,1,10,16,6,5,5
111043,1,1,0,0,0,1,5
108216,20,3,17,65,0,20,41
9903288,9,2,7,17,9,0,0
207227,17,4,13,38,0,17,132
9604357,15,2,13,40,0,15,27
9412382,11,2,9,20,11,0,0
110173,12,3,9,33,0,12,38
109156,0,0,0,0,0,0,0
9604242,5,2,3,3,0,5,5
9505384,5,2,3,4,2,3,5
9503238,14,4,10,30,1,13,13
9409436,9,1,8,19,1,8,15
9707509,10,4,6,11,0,10,30
9407261,6,1,5,10,0,6,6
9503232,6,5,1,1,6,0,0
9908317,52,2,50,412,0,52,513
9305332,5,2,3,6,5,0,0
9704213,12,2,10,21,0,12,51
9605314,5,2,3,5,5,0,0
9502258,1,1,0,0,1,0,0
9809360,12,2,10,21,3,9,14
9705452,8,2,6,9,5,3,3
9606466,6,2,4,9,0,6,25
110177,1,1,0,0,1,0,0
9507401,3,1,2,2,0,3,8
9807219,4,3,1,2,3,1,1
9410259,2,2,0,0,0,2,16
109008,4,2,2,2,0,4,4
9806521,0,0,0,0,0,0,0
5222,4,3,1,1,0,4,14
10201,29,2,27,174,0,29,254
211044,0,0,0,0,0,0,0
9512374,3,3,0,0,0,3,11
9712384,5,3,2,3,0,5,11
109167,0,0,0,0,0,0,0
9809363,24,2,22,103,0,24,137
9801383,3,1,2,3,3,0,0
9507263,2,2,0,0,0,2,9
201131,6,2,4,6,0,6,37
9609404,4,2,2,2,4,0,0
9811489,9,2,7,22,0,9,76
9507407,5,3,2,4,1,4,5
9504407,8,3,5,10,8,0,0
9904313,4,1,3,4,0,4,46
9806462,4,1,3,6,0,4,18
9410231,8,1,7,14,8,0,0
9906376,6,3,3,8,3,3,3
201210,4,1,3,4,3,1,1
10100,5,4,1,2,0,5,17
9504397,6,4,2,2,6,0,0
9405272,27,2,25,155,1,26,150
9911364,7,1,6,12,0,7,21
10013,2,2,0,0,0,2,2
9306271,6,3,3,5,6,0,0
9303257,10,3,7,25,0,10,10
9505222,5,2,3,3,0,5,10
9507292,0,0,0,0,0,0,0
9912321,1,1,0,0,0,1,3
9401271,9,1,8,28,9,0,0
9808306,3,2,1,1,0,3,3
9701345,8,1,7,18,1,7,8
9504283,4,1,3,5,1,3,5
9901317,9,2,7,19,0,9,65
9605348,7,2,5,11,1,6,12
1261,4,1,3,5,1,3,3
9602375,7,1,6,8,7,0,0
1021,7,5,2,2,0,7,31
9511338,1,1,0,0,1,0,0
9402275,4,1,3,4,1,3,3
9903251,7,3,4,8,0,7,21
9805407,6,5,1,1,0,6,27
9801297,6,1,5,5,0,6,28
9803298,5,1,4,5,0,5,16
9910429,0,0,0,0,0,0,0
9610447,3,1,2,2,0,3,5
9705364,10,1,9,33,3,7,7
9403262,4,3,1,2,4,0,0
9511456,2,1,1,1,0,2,2
105180,7,3,4,6,0,7,39
9511241,1,1,0,0,0,1,2
7005,15,3,12,49,0,15,143
12085,9,3,6,15,0,9,87
1145,3,3,0,0,0,3,8
1051,0,0,0,0,0,0,0
9811221,7,3,4,10,0,7,13
110407,5,2,3,4,0,5,52
9507391,1,1,0,0,1,0,0
102174,5,2,3,6,0,5,12
12052,2,1,1,1,0,2,2
9206,6,2,4,6,0,6,38
9908519,2,2,0,0,2,0,0
9709499,25,2,23,72,1,24,54
9507336,3,1,2,3,0,3,7
9806441,16,3,13,54,1,15,54
9712486,0,0,0,0,0,0,0
9808244,2,2,0,0,0,2,10
9712496,8,1,7,14,1,7,29
9510329,4,3,1,1,0,4,11
9712257,4,3,1,1,0,4,15
209346,0,0,0,0,0,0,0
9810210,0,0,0,0,0,0,0
9305215,6,1,5,9,6,0,0
109103,2,1,1,1,0,2,14
102256,3,2,1,1,0,3,11
9704250,12,4,8,20,0,12,61
9711289,0,0,0,0,0,0,0
11252,18,5,13,55,0,18,298
9903299,4,1,3,4,1,3,3
9807212,0,0,0,0,0,0,0
9704348,3,1,2,3,3,0,0
103023,8,6,2,2,0,8,35
9911541,9,2,7,15,1,8,13
204171,7,2,5,10,0,7,66
9812341,1,1,0,0,0,1,3
9905387,4,2,2,3,0,4,16
9911460,11,1,10,33,0,11,100
103124,10,4,6,12,0,10,44
205228,9,2,7,11,0,9,53
6185,4,1,3,6,0,4,4
8109,0,0,0,0,0,0,0
9609445,28,1,27,93,1,27,65
1074,5,2,3,3,4,1,3
9604209,1,1,0,0,1,0,0
9702420,0,0,0,0,0,0,0
9704281,6,2,4,11,2,4,4
210049,1,1,0,0,1,0,0
9804395,0,0,0,0,0,0,0
9401274,2,1,1,1,0,2,6
109272,4,2,2,2,0,4,5
9908254,7,3,4,6,0,7,19
9303258,7,3,4,10,0,7,7
9609325,5,1,4,8,0,5,11
9038,8,1,7,17,0,8,10
9606305,6,1,5,9,2,4,10
9806385,2,1,1,1,0,2,6
9408292,1,1,0,0,0,1,2
9402214,9,6,3,4,0,9,21
9903233,0,0,0,0,0,0,0
106045,4,1,3,4,0,4,57
9808218,4,2,2,4,0,4,10
9609369,5,1,4,7,5,0,0
9403246,10,1,9,18,10,0,0
9812488,10,4,6,9,0,10,25
9604273,3,2,1,2,0,3,3
9401284,3,1,2,3,0,3,3
4128,5,1,4,6,0,5,15
9611386,5,3,2,2,0,5,23
201121,4,1,3,4,0,4,26
9912360,0,0,0,0,0,0,0
9710205,0,0,0,0,0,0,0
9707380,7,2,5,9,7,0,0
9507267,11,2,9,24,0,11,14
104085,1,1,0,0,1,0,0
9909268,1,1,0,0,0,1,1
9712330,2,1,1,1,0,2,26
9910306,1,1,0,0,1,0,0
9810549,1,1,0,0,0,1,2
205314,12,3,9,30,0,12,58
9605289,2,2,0,0,1,1,1
9310378,8,8,0,0,8,0,0
9910263,4,2,2,3,0,4,46
9802324,2,2,0,0,2,0,0
103121,5,2,3,4,0,5,44
9609204,12,2,10,23,0,12,22
105025,3,2,1,1,0,3,38
9906441,8,3,5,10,0,8,30
9904460,2,2,0,0,0,2,48
5200,1,1,0,0,0,1,6
9309235,11,4,7,16,4,7,10
9911542,5,2,3,3,0,5,19
107287,1,1,0,0,0,1,1
9505240,4,2,2,3,4,0,0
9611325,10,2,8,35,0,10,40
9511320,2,1,1,1,0,2,6
9804407,9,2,7,23,0,9,19
9602411,9,3,6,16,0,9,18
9810283,3,1,2,2,0,3,21
9906271,3,1,2,3,0,3,17
9711277,6,3,3,6,1,5,11
9808202,4,3,1,1,0,4,14
9511434,9,3,6,10,0,9,21
9803281,0,0,0,0,0,0,0
9706535,1,1,0,0,0,1,3
103045,4,1,3,3,0,4,21
9908410,1,1,0,0,1,0,0
101005,0,0,0,0,0,0,0
9807408,9,2,7,20,4,5,5
9311358,1,1,0,0,1,0,0
9604395,3,2,1,1,1,2,2
9308320,2,1,1,1,2,0,0
9603430,27,4,23,145,7,20,20
9711236,9,2,7,13,0,9,43
201136,2,1,1,1,0,2,4
9611250,3,2,1,1,3,0,0
9502368,5,1,4,5,5,0,0
9701314,2,1,1,1,2,0,0
9403235,2,1,1,1,2,0,0
9705269,4,3,1,1,0,4,11
212202,5,1,4,6,0,5,37
9402204,7,1,6,13,7,0,0
9906242,0,0,0,0,0,0,0
211384,1,1,0,0,0,1,11
210038,2,1,1,1,0,2,12
101066,2,2,0,0,0,2,7
9504296,3,2,1,1,1,2,4
9705374,4,2,2,3,4,0,0
4091,4,1,3,5,4,0,0
103149,4,3,1,2,1,3,6
9612383,2,1,1,1,0,2,9
8103,1,1,0,0,0,1,3
9909448,5,3,2,4,0,5,64
9309257,19,2,17,69,13,6,6
2255,4,3,1,1,0,4,18
9906547,2,2,0,0,2,0,0
9909531,9,1,8,22,9,0,0
9311215,11,2,9,27,11,0,0
8271,0,0,0,0,0,0,0
9704319,7,4,3,3,0,7,15
9404324,2,2,0,0,2,0,0
9810323,3,2,1,1,0,3,6
112278,14,1,13,31,0,14,133
9811340,0,0,0,0,0,0,0
9803250,5,1,4,8,0,5,6
9707507,4,3,1,1,0,4,4
9407260,15,3,12,43,15,0,0
12185,1,1,0,0,1,0,0
102320,3,3,0,0,3,0,0
9411394,2,2,0,0,2,0,0
6245,0,0,0,0,0,0,0
9708224,1,1,0,0,0,1,3
9806234,4,1,3,5,4,0,0
9508415,2,2,0,0,1,1,1
12008,1,1,0,0,0,1,2
9807203,0,0,0,0,0,0,0
9812495,9,5,4,16,0,9,47
210372,2,1,1,1,2,0,0
9609414,1,1,0,0,0,1,2
9301279,1,1,0,0,1,0,0
205030,0,0,0,0,0,0,0
9501406,2,2,0,0,2,0,0
9301206,1,1,0,0,1,0,0
9412394,4,1,3,5,4,0,0
9610499,2,1,1,1,1,1,1
8227,3,1,2,3,2,1,1
9910355,6,3,3,4,0,6,12
9607242,18,3,15,65,1,17,53
1293,1,1,0,0,0,1,2
203198,9,6,3,6,0,9,93
9906401,7,1,6,15,0,7,24
1017,0,0,0,0,0,0,0
9711368,0,0,0,0,0,0,0
103180,0,0,0,0,0,0,0
8150,6,1,5,9,0,6,6
9809584,0,0,0,0,0,0,0
9905254,2,1,1,1,2,0,0
9711516,10,2,8,28,0,10,59
9170,5,2,3,3,0,5,9
10105,2,2,0,0,0,2,5
9510272,0,0,0,0,0,0,0
208154,0,0,0,0,0,0,0
206300,10,1,9,24,0,10,98
212026,2,1,1,1,0,2,14
9812335,4,1,3,5,0,4,11
203126,3,1,2,3,0,3,38
9502319,4,1,3,5,3,1,1
212001,0,0,0,0,0,0,0
9904387,0,0,0,0,0,0,0
3165,5,2,3,6,0,5,51
201301,2,2,0,0,0,2,21
9505204,4,1,3,4,1,3,9
9505435,2,2,0,0,0,2,6
101318,4,1,3,5,0,4,6
107171,3,2,1,1,0,3,14
112303,6,3,3,4,0,6,14
9401346,1,1,0,0,1,0,0
104258,7,3,4,7,0,7,91
4258,2,2,0,0,1,1,1
9709251,2,2,0,0,2,0,0
9211232,3,2,1,1,3,0,0
112127,2,1,1,1,0,2,22
212210,0,0,0,0,0,0,0
9906361,2,1,1,1,1,1,3
9911535,10,4,6,8,2,8,32
9903490,3,3,0,0,0,3,11
9507374,0,0,0,0,0,0,0
1121,0,0,0,0,0,0,0
10172,1,1,0,0,0,1,1
207247,2,1,1,1,0,2,9
9606225,1,1,0,0,0,1,1
9401255,11,1,10,43,11,0,0
9408330,2,1,1,1,2,0,0
9308280,1,1,0,0,1,0,0
9312320,5,1,4,8,5,0,0
9810537,3,1,2,2,0,3,3
9906421,3,2,1,1,0,3,10
5121,5,3,2,2,0,5,23
9906282,0,0,0,0,0,0,0
9305297,1,1,0,0,1,0,0
9204223,1,1,0,0,1,0,0
1185,1,1,0,0,0,1,9
9607312,0,0,0,0,0,0,0
9609297,4,2,2,2,0,4,27
9801392,7,2,5,7,7,0,0
104239,5,2,3,6,0,5,9
202216,3,2,1,1,0,3,3
10302,2,1,1,1,0,2,2
12285,0,0,0,0,0,0,0
9608209,1,1,0,0,0,1,3
9310291,4,3,1,1,4,0,0
9502398,0,0,0,0,0,0,0
9607252,5,2,3,6,0,5,16
9501300,2,1,1,1,0,2,2
9809412,3,2,1,1,0,3,3
9604204,3,1,2,2,1,2,3
9910494,0,0,0,0,0,0,0
208234,0,0,0,0,0,0,0
9605457,5,4,1,1,0,5,13
9805420,3,2,1,1,0,3,8
5315,2,1,1,1,0,2,3
9908445,1,1,0,0,1,0,0
9907478,6,5,1,1,0,6,35
9811421,1,1,0,0,0,1,1
209217,1,1,0,0,0,1,9
9704359,1,1,0,0,0,1,4
9702313,0,0,0,0,0,0,0
107330,2,1,1,1,0,2,4
210389,0,0,0,0,0,0,0
9701251,3,2,1,1,1,2,2
9810382,3,1,2,2,0,3,6
9809598,1,1,0,0,0,1,4
9910526,2,2,0,0,0,2,3
203033,1,1,0,0,0,1,6
9811281,2,2,0,0,1,1,3
9912220,3,1,2,3,0,3,12
101171,5,1,4,8,2,3,3
9511415,4,2,2,2,0,4,22
8276,0,0,0,0,0,0,0
9709401,3,2,1,1,0,3,4
11086,2,2,0,0,1,1,2
9709298,0,0,0,0,0,0,0
10152,0,0,0,0,0,0,0
9304253,1,1,0,0,1,0,0
202029,1,1,0,0,0,1,2
10114,4,1,3,5,0,4,13
9502389,0,0,0,0,0,0,0
201300,0,0,0,0,0,0,0
9405363,0,0,0,0,0,0,0
9608273,0,0,0,0,0,0,0
8122,1,1,0,0,1,0,0
9303305,4,3,1,1,4,0,0
9904253,1,1,0,0,1,0,0
9707543,10,3,7,8,10,0,0
9806258,0,0,0,0,0,0,0
9711241,2,2,0,0,0,2,2
9409353,0,0,0,0,0,0,0
112203,0,0,0,0,0,0,0
9211330,1,1,0,0,1,0,0
9906413,3,1,2,2,0,3,3
105131,1,1,0,0,1,0,0
9809208,0,0,0,0,0,0,0
203147,2,2,0,0,0,2,9
9906459,7,1,6,14,0,7,21
9501245,2,1,1,1,2,0,0
9707445,6,5,1,1,0,6,6
9909514,3,2,1,1,3,0,0
9702406,2,2,0,0,0,2,4
207007,0,0,0,0,0,0,0
9404315,0,0,0,0,0,0,0
9709219,1,1,0,0,0,1,1
104025,3,1,2,3,0,3,3
9312325,2,2,0,0,2,0,0
201118,0,0,0,0,0,0,0
203215,0,0,0,0,0,0,0
9707418,4,3,1,1,0,4,5
9291,4,1,3,4,4,0,0
6313,0,0,0,0,0,0,0
9811223,0,0,0,0,0,0,0
9810363,7,1,6,14,7,0,0
9406209,0,0,0,0,0,0,0
9609376,0,0,0,0,0,0,0
10339,0,0,0,0,0,0,0
9508305,1,1,0,0,1,0,0
106327,1,1,0,0,0,1,20
9805398,3,1,2,2,3,0,0
9409456,4,4,0,0,1,3,3
9806251,1,1,0,0,0,1,2
9806316,4,2,2,4,0,4,10
9904208,1,1,0,0,1,0,0
9807343,1,1,0,0,1,0,0
9907560,0,0,0,0,0,0,0
9307373,1,1,0,0,1,0,0
9906269,1,1,0,0,1,0,0
9607361,0,0,0,0,0,0,0
9902316,1,1,0,0,0,1,12
9907376,1,1,0,0,0,1,1
9708413,4,2,2,2,0,4,12
204151,0,0,0,0,0,0,0
12189,3,2,1,1,0,3,3
9807475,0,0,0,0,0,0,0
9712220,4,1,3,5,4,0,0
9401330,4,4,0,0,4,0,0
9409376,0,0,0,0,0,0,0
208102,1,1,0,0,0,1,3
9706506,0,0,0,0,0,0,0
105174,3,2,1,1,0,3,15
9608374,2,2,0,0,1,1,1
111344,2,2,0,0,0,2,13
211256,0,0,0,0,0,0,0
9508252,2,2,0,0,2,0,0
9712380,0,0,0,0,0,0,0
9607226,2,1,1,1,0,2,4
7203,1,1,0,0,1,0,0
9710421,1,1,0,0,0,1,7
9911325,1,1,0,0,0,1,3
3299,3,1,2,2,3,0,0
9503336,1,1,0,0,1,0,0
205313,1,1,0,0,1,0,0
6230,1,1,0,0,0,1,5
7283,3,1,2,3,0,3,5
112329,0,0,0,0,0,0,0
9506320,2,2,0,0,2,0,0
9907554,7,2,5,6,7,0,0
106305,1,1,0,0,0,1,3
6265,0,0,0,0,0,0,0
112017,1,1,0,0,1,0,0
9710470,2,2,0,0,2,0,0
5272,0,0,0,0,0,0,0
107324,0,0,0,0,0,0,0
205273,0,0,0,0,0,0,0
9908356,3,2,1,1,3,0,0
9280,1,1,0,0,1,0,0
9609206,0,0,0,0,0,0,0
9808389,0,0,0,0,0,0,0
9804205,1,1,0,0,1,0,0
9308334,1,1,0,0,1,0,0
9705274,1,1,0,0,1,0,0
211462,1,1,0,0,0,1,6
9804243,0,0,0,0,0,0,0
204324,0,0,0,0,0,0,0
9711439,2,1,1,1,0,2,10
9708453,1,1,0,0,1,0,0
9307359,1,1,0,0,1,0,0
208181,0,0,0,0,0,0,0
210431,1,1,0,0,0,1,12
9605391,1,1,0,0,1,0,0
9612336,2,1,1,1,2,0,0
9911441,0,0,0,0,0,0,0
207284,0,0,0,0,0,0,0
9701331,1,1,0,0,1,0,0
112040,1,1,0,0,0,1,1
101056,0,0,0,0,0,0,0
8305,2,1,1,1,0,2,4
204108,0,0,0,0,0,0,0
101210,2,2,0,0,2,0,0
205054,1,1,0,0,0,1,1
210403,1,1,0,0,0,1,1
9807380,3,2,1,1,3,0,0
9805277,0,0,0,0,0,0,0
11116,1,1,0,0,0,1,3
7058,1,1,0,0,0,1,3
9906347,2,2,0,0,0,2,7
7093,3,3,0,0,0,3,5
9910454,2,1,1,1,0,2,4
109225,1,1,0,0,0,1,2
9204208,1,1,0,0,1,0,0
111225,1,1,0,0,0,1,1
207120,2,2,0,0,2,0,0
9602360,1,1,0,0,1,0,0
201237,0,0,0,0,0,0,0
9708331,0,0,0,0,0,0,0
204290,7,5,2,4,0,7,77
9610292,3,1,2,3,3,0,0
212199,3,2,1,1,0,3,49
208270,0,0,0,0,0,0,0
9610353,2,2,0,0,0,2,12
103158,0,0,0,0,0,0,0
9802309,0,0,0,0,0,0,0
9612339,0,0,0,0,0,0,0
207182,1,1,0,0,0,1,2
9808388,0,0,0,0,0,0,0
103207,3,1,2,3,2,1,1
9612242,1,1,0,0,0,1,1
9904427,0,0,0,0,0,0,0
9610410,0,0,0,0,0,0,0
9806296,0,0,0,0,0,0,0
9605353,0,0,0,0,0,0,0
12363,2,1,1,1,1,1,2
212257,0,0,0,0,0,0,0
302271,0,0,0,0,0,0,0
9908303,0,0,0,0,0,0,0
302240,0,0,0,0,0,0,0
7132,2,2,0,0,0,2,10
9701399,3,1,2,3,3,0,0
2187,1,1,0,0,0,1,3
9711305,2,2,0,0,0,2,10
9707446,1,1,0,0,1,0,0
9404273,2,2,0,0,0,2,9
9911376,0,0,0,0,0,0,0
9904275,0,0,0,0,0,0,0
208018,0,0,0,0,0,0,0
9308327,2,1,1,1,2,0,0
9807255,2,2,0,0,2,0,0
9909314,0,0,0,0,0,0,0
9901291,0,0,0,0,0,0,0
11011,1,1,0,0,0,1,3
9910276,4,2,2,3,1,3,3
4073,0,0,0,0,0,0,0
209055,0,0,0,0,0,0,0
203209,3,2,1,2,0,3,6
9405331,1,1,0,0,1,0,0
9505206,1,1,0,0,0,1,2
9511259,0,0,0,0,0,0,0
210207,0,0,0,0,0,0,0
209099,0,0,0,0,0,0,0
9608204,1,1,0,0,1,0,0
7291,2,1,1,1,0,2,17
9506315,1,1,0,0,1,0,0
9904369,0,0,0,0,0,0,0
301148,0,0,0,0,0,0,0
12266,0,0,0,0,0,0,0
207098,0,0,0,0,0,0,0
9607248,7,2,5,10,7,0,0
208065,0,0,0,0,0,0,0
9904322,1,1,0,0,0,1,1
302073,1,1,0,0,0,1,8
9708278,1,1,0,0,1,0,0
9712405,0,0,0,0,0,0,0
9211334,8,3,5,6,8,0,0
206262,2,1,1,1,0,2,10
104250,0,0,0,0,0,0,0
12172,1,1,0,0,1,0,0
206287,2,1,1,1,0,2,26
9704426,2,2,0,0,0,2,4
212390,0,0,0,0,0,0,0
11117,0,0,0,0,0,0,0
301194,0,0,0,0,0,0,0
110349,1,1,0,0,0,1,1
301051,0,0,0,0,0,0,0
5207,0,0,0,0,0,0,0
201033,0,0,0,0,0,0,0
203217,0,0,0,0,0,0,0
9712308,1,1,0,0,1,0,0
211023,4,1,3,4,0,4,36
207055,2,2,0,0,0,2,29
107108,4,1,3,6,0,4,10
9407383,0,0,0,0,0,0,0
9805505,0,0,0,0,0,0,0
9502295,3,1,2,2,3,0,0
6180,1,1,0,0,1,0,0
209375,0,0,0,0,0,0,0
301032,0,0,0,0,0,0,0
9112,1,1,0,0,0,1,5
102341,1,1,0,0,0,1,1
9401320,2,2,0,0,2,0,0
9707486,0,0,0,0,0,0,0
204109,2,2,0,0,0,2,4
202126,1,1,0,0,0,1,4
211016,0,0,0,0,0,0,0
103103,2,2,0,0,2,0,0
208029,0,0,0,0,0,0,0
9807518,3,1,2,3,3,0,0
9606209,0,0,0,0,0,0,0
205231,0,0,0,0,0,0,0
9707530,0,0,0,0,0,0,0
208042,0,0,0,0,0,0,0
101149,0,0,0,0,0,0,0
9410370,1,1,0,0,0,1,4
12175,0,0,0,0,0,0,0
203083,2,2,0,0,0,2,6
9502393,0,0,0,0,0,0,0
9904289,0,0,0,0,0,0,0
9812347,0,0,0,0,0,0,0
211083,0,0,0,0,0,0,0
7139,0,0,0,0,0,0,0
9802295,0,0,0,0,0,0,0
9906426,2,2,0,0,2,0,0
8050,0,0,0,0,0,0,0
9503447,0,0,0,0,0,0,0
9905484,1,1,0,0,0,1,1
8247,1,1,0,0,0,1,12
9612317,0,0,0,0,0,0,0
301050,0,0,0,0,0,0,0
9512210,0,0,0,0,0,0,0
9211295,1,1,0,0,1,0,0
11292,0,0,0,0,0,0,0
203228,0,0,0,0,0,0,0
109072,3,1,2,2,0,3,22
9403228,2,2,0,0,0,2,2
9412369,0,0,0,0,0,0,0
9908374,2,1,1,1,0,2,17
9809595,0,0,0,0,0,0,0
9909336,0,0,0,0,0,0,0
9410291,0,0,0,0,0,0,0
8011,0,0,0,0,0,0,0
205036,0,0,0,0,0,0,0
7146,0,0,0,0,0,0,0
9702324,0,0,0,0,0,0,0
8028,0,0,0,0,0,0,0
210363,0,0,0,0,0,0,0
9906517,0,0,0,0,0,0,0
9812425,0,0,0,0,0,0,0
9808319,0,0,0,0,0,0,0
9802257,0,0,0,0,0,0,0
8175,0,0,0,0,0,0,0
209221,0,0,0,0,0,0,0
209205,1,1,0,0,0,1,5
7225,0,0,0,0,0,0,0
302186,0,0,0,0,0,0,0
105167,0,0,0,0,0,0,0
9802337,1,1,0,0,1,0,0
9322,2,2,0,0,0,2,6
301046,0,0,0,0,0,0,0
9312321,1,1,0,0,1,0,0
9406207,3,3,0,0,0,3,3
210368,0,0,0,0,0,0,0
201062,0,0,0,0,0,0,0
9604205,0,0,0,0,0,0,0
9506219,0,0,0,0,0,0,0
9712527,0,0,0,0,0,0,0
105248,1,1,0,0,0,1,6
9708400,0,0,0,0,0,0,0
212346,0,0,0,0,0,0,0
102318,1,1,0,0,1,0,0
9803427,0,0,0,0,0,0,0
3008,0,0,0,0,0,0,0
207345,3,2,1,1,0,3,15
206178,2,2,0,0,2,0,0
203011,1,1,0,0,0,1,1
110131,0,0,0,0,0,0,0
9605415,0,0,0,0,0,0,0
208144,0,0,0,0,0,0,0
9905496,0,0,0,0,0,0,0
9404251,1,1,0,0,1,0,0
10226,0,0,0,0,0,0,0
9910382,0,0,0,0,0,0,0
112159,0,0,0,0,0,0,0
9711247,0,0,0,0,0,0,0
109099,2,1,1,1,1,1,1
9711301,0,0,0,0,0,0,0
212400,0,0,0,0,0,0,0
209251,0,0,0,0,0,0,0
9906246,1,1,0,0,1,0,0
9811354,0,0,0,0,0,0,0
102166,0,0,0,0,0,0,0
201264,0,0,0,0,0,0,0
9247,1,1,0,0,1,0,0
9503493,0,0,0,0,0,0,0
212314,0,0,0,0,0,0,0
9804213,0,0,0,0,0,0,0
9406308,2,2,0,0,2,0,0
211324,0,0,0,0,0,0,0
107038,1,1,0,0,0,1,1
203257,2,2,0,0,0,2,3
8299,1,1,0,0,1,0,0
9904487,0,0,0,0,0,0,0
106200,0,0,0,0,0,0,0
9908484,0,0,0,0,0,0,0
9606330,1,1,0,0,1,0,0
9905335,2,1,1,1,1,1,1
9708347,1,1,0,0,1,0,0
9908430,0,0,0,0,0,0,0
4108,0,0,0,0,0,0,0
210163,0,0,0,0,0,0,0
9604373,0,0,0,0,0,0,0
209119,0,0,0,0,0,0,0
205336,0,0,0,0,0,0,0
211086,0,0,0,0,0,0,0
9507202,0,0,0,0,0,0,0
103030,2,1,1,1,1,1,4
9807534,1,1,0,0,1,0,0
9803461,0,0,0,0,0,0,0
6263,0,0,0,0,0,0,0
9912259,0,0,0,0,0,0,0
9411275,0,0,0,0,0,0,0
301247,0,0,0,0,0,0,0
106261,0,0,0,0,0,0,0
103143,0,0,0,0,0,0,0
9911279,1,1,0,0,0,1,2
207045,2,2,0,0,0,2,6
110065,0,0,0,0,0,0,0
202052,0,0,0,0,0,0,0
112323,0,0,0,0,0,0,0
211052,0,0,0,0,0,0,0
9804369,5,1,4,7,0,5,11
5268,0,0,0,0,0,0,0
2298,1,1,0,0,1,0,0
204256,1,1,0,0,0,1,5
112083,0,0,0,0,0,0,0
112183,0,0,0,0,0,0,0
211106,0,0,0,0,0,0,0
105257,0,0,0,0,0,0,0
9412399,2,1,1,1,2,0,0
9407385,0,0,0,0,0,0,0
9807506,0,0,0,0,0,0,0
9804350,0,0,0,0,0,0,0
9502216,0,0,0,0,0,0,0
111446,0,0,0,0,0,0,0
208183,0,0,0,0,0,0,0
112194,0,0,0,0,0,0,0
9157,0,0,0,0,0,0,0
204295,1,1,0,0,1,0,0
11261,0,0,0,0,0,0,0
212357,1,1,0,0,0,1,3
208008,0,0,0,0,0,0,0
9312290,0,0,0,0,0,0,0
9512373,1,1,0,0,1,0,0
103269,1,1,0,0,1,0,0
9511328,0,0,0,0,0,0,0
302226,0,0,0,0,0,0,0
9907232,0,0,0,0,0,0,0
9207238,2,2,0,0,2,0,0
211028,0,0,0,0,0,0,0
104298,2,2,0,0,2,0,0
206061,0,0,0,0,0,0,0
9511445,1,1,0,0,1,0,0
212215,0,0,0,0,0,0,0
110205,0,0,0,0,0,0,0
210417,1,1,0,0,0,1,1
210221,0,0,0,0,0,0,0
209356,0,0,0,0,0,0,0
9805383,1,1,0,0,0,1,1
9809400,1,1,0,0,1,0,0
101346,1,1,0,0,1,0,0
106007,0,0,0,0,0,0,0
9812414,0,0,0,0,0,0,0
4054,0,0,0,0,0,0,0
6075,0,0,0,0,0,0,0
207325,0,0,0,0,0,0,0
212018,0,0,0,0,0,0,0
105201,0,0,0,0,0,0,0
211265,0,0,0,0,0,0,0
9207,0,0,0,0,0,0,0
208108,0,0,0,0,0,0,0
110130,0,0,0,0,0,0,0
107253,0,0,0,0,0,0,0
9408347,0,0,0,0,0,0,0
9802217,0,0,0,0,0,0,0
110151,0,0,0,0,0,0,0
9606479,0,0,0,0,0,0,0
9912389,0,0,0,0,0,0,0
9812343,0,0,0,0,0,0,0
9602427,0,0,0,0,0,0,0
201126,0,0,0,0,0,0,0
210252,1,1,0,0,1,0,0
9306215,1,1,0,0,1,0,0
202215,0,0,0,0,0,0,0
207355,0,0,0,0,0,0,0
204114,0,0,0,0,0,0,0
9608429,1,1,0,0,0,1,2
106092,0,0,0,0,0,0,0
9801289,0,0,0,0,0,0,0
5061,0,0,0,0,0,0,0
108203,0,0,0,0,0,0,0
9807290,0,0,0,0,0,0,0
212197,0,0,0,0,0,0,0
210315,0,0,0,0,0,0,0
9703323,0,0,0,0,0,0,0
301188,0,0,0,0,0,0,0
111119,0,0,0,0,0,0,0
9712274,0,0,0,0,0,0,0
9809533,0,0,0,0,0,0,0
207065,1,1,0,0,1,0,0
9906350,0,0,0,0,0,0,0
9706264,0,0,0,0,0,0,0
210413,0,0,0,0,0,0,0
9505436,0,0,0,0,0,0,0
210036,0,0,0,0,0,0,0
302043,0,0,0,0,0,0,0
9907546,0,0,0,0,0,0,0
9708451,0,0,0,0,0,0,0
6220,0,0,0,0,0,0,0
1265,1,1,0,0,1,0,0
302208,0,0,0,0,0,0,0
302215,0,0,0,0,0,0,0
9910430,0,0,0,0,0,0,0
9301253,27,2,25,110,27,0,0
9411308,34,1,33,246,34,0,0
112008,0,0,0,0,0,0,0
106233,3,3,0,0,0,3,5
205270,4,3,1,1,0,4,36
9705398,29,5,24,131,2,27,134
9210233,32,1,31,173,0,32,32
9906292,3,1,2,2,0,3,22
9409458,20,2,18,55,7,13,21
102263,0,0,0,0,0,0,0
9311239,2,1,1,1,2,0,0
9503320,7,3,4,8,7,0,0
9511378,19,2,17,76,19,0,0
9409464,10,6,4,12,1,9,19
9906297,21,5,16,49,0,21,152
9806328,44,7,37,247,1,43,414
1306,9,4,5,14,0,9,183
9608311,4,1,3,4,2,2,2
9504405,20,2,18,104,20,0,0
9309223,45,3,42,348,45,0,0
9811355,9,1,8,19,0,9,16
9710460,46,3,43,246,0,46,241
9504406,4,1,3,4,4,0,0
9712307,6,2,4,8,1,5,23
9706546,6,1,5,8,0,6,25
9506328,28,2,26,99,0,28,87
9808304,27,2,25,111,0,27,175
9901288,20,6,14,34,0,20,89
9403384,30,1,29,210,30,0,0
9710509,28,2,26,90,0,28,120
9812471,39,2,37,267,6,33,60
9910396,14,2,12,42,1,13,51
9701244,28,1,27,115,0,28,176
9711264,8,3,5,9,0,8,131
9402358,17,4,13,41,1,16,39
9312359,64,7,57,360,2,62,124
9707225,8,1,7,14,0,8,19
9702380,39,2,37,276,0,39,100
5323,3,3,0,0,0,3,9
1093,14,3,11,28,8,6,8
9501281,59,4,55,410,16,43,54
9608466,9,3,6,9,0,9,39
9604440,49,1,48,415,1,48,234
9707409,67,1,66,756,31,36,51
9901382,2,2,0,0,2,0,0
9302280,34,4,30,260,34,0,0
9608491,34,2,32,268,34,0,0
9606427,33,2,31,218,8,25,62
9610260,20,2,18,79,0,20,20
9410258,17,1,16,74,6,11,11
9402298,15,2,13,41,15,0,0
9310340,9,5,4,10,9,0,0
9903226,10,3,7,16,0,10,64
9703213,15,2,13,49,15,0,0
9503492,34,6,28,108,1,33,251
9502338,23,3,20,59,0,23,137
9511376,18,1,17,73,1,17,28
9801224,4,1,3,5,4,0,0
103219,8,1,7,23,0,8,19
9612431,11,2,9,31,2,9,9
9306219,15,3,12,57,11,4,4
9710436,33,2,31,166,1,32,192
9910451,7,1,6,11,0,7,34
3141,5,3,2,3,0,5,53
9904315,4,1,3,5,0,4,18
9605323,33,4,29,217,3,30,111
9711223,30,4,26,92,0,30,160
107024,5,2,3,6,0,5,58
10156,3,3,0,0,0,3,33
9804233,57,2,55,707,2,55,109
9129,7,1,6,10,0,7,165
204193,11,1,10,44,0,11,31
9705252,11,3,8,13,0,11,51
9509212,13,2,11,47,0,13,24
9505350,25,3,22,74,0,25,81
9411281,2,1,1,1,1,1,1
9807278,11,6,5,6,0,11,73
9403295,17,7,10,30,7,10,10
9703286,17,1,16,73,0,17,54
9201,5,3,2,2,0,5,15
9905542,22,3,19,91,1,21,104
9708359,3,1,2,2,0,3,5
9903473,3,1,2,2,0,3,15
9207216,13,5,8,17,13,0,0
10196,1,1,0,0,0,1,1
9506400,0,0,0,0,0,0,0
9412249,11,3,8,24,1,10,10
9410260,8,1,7,16,8,0,0
9704402,9,2,7,15,1,8,8
12333,18,1,17,41,0,18,142
9702343,16,2,14,50,10,6,6
9705437,22,7,15,69,1,21,80
9510268,5,1,4,9,0,5,58
102146,86,3,83,1177,29,57,192
102176,16,2,14,78,1,15,15
112013,2,2,0,0,0,2,20
11359,11,1,10,27,0,11,41
9405228,6,3,3,8,3,3,4
8019,19,2,17,71,0,19,136
9306205,24,15,9,26,8,16,16
2008,7,2,5,11,0,7,7
9805315,17,2,15,53,0,17,42
9810241,15,2,13,45,1,14,22
9410319,16,3,13,63,2,14,36
9606219,5,2,3,6,0,5,19
9712482,9,7,2,4,0,9,32
6122,6,3,3,4,0,6,41
6046,12,2,10,20,0,12,62
9503275,10,2,8,16,7,3,3
9904464,4,2,2,2,1,3,13
109078,27,1,26,148,0,27,350
208096,8,2,6,12,0,8,49
109085,23,2,21,152,0,23,89
9609381,100,1,99,1254,20,80,212
9411299,8,2,6,15,3,5,8
7226,14,7,7,9,0,14,222
9206216,3,1,2,3,3,0,0
9705206,12,1,11,30,2,10,15
9507368,8,3,5,9,8,0,0
9505353,20,3,17,59,6,14,24
9901403,3,1,2,2,0,3,7
9407328,10,6,4,6,0,10,43
2238,4,1,3,5,0,4,31
1253,19,2,17,67,0,19,239
3321,3,1,2,2,3,0,0
9705477,21,3,18,35,7,14,14
9807434,19,3,16,58,0,19,71
9610381,27,2,25,112,0,27,187
9211262,7,2,5,7,7,0,0
9607272,10,4,6,13,0,10,19
9410372,4,1,3,4,4,0,0
9509432,16,3,13,25,1,15,35
9403349,1,1,0,0,0,1,2
6223,3,2,1,1,0,3,5
9310212,21,4,17,39,0,21,58
9906224,16,3,13,35,0,16,169
9402280,1,1,0,0,0,1,2
9809410,5,1,4,8,5,0,0
9809243,6,2,4,5,0,6,15
9907317,1,1,0,0,0,1,6
107209,2,2,0,0,0,2,15
9602378,12,2,10,44,7,5,5
9807303,2,1,1,1,2,0,0
9603289,17,1,16,66,8,9,9
105172,1,1,0,0,0,1,4
9609515,6,2,4,7,0,6,38
9801300,8,3,5,9,0,8,38
9401206,28,3,25,167,15,13,18
106306,5,2,3,4,5,0,0
9707254,19,1,18,84,0,19,190
9805232,17,3,14,82,17,0,0
9512208,6,3,3,5,0,6,38
9606293,2,2,0,0,0,2,9
9810411,18,2,16,52,0,18,49
9409301,13,5,8,20,2,11,26
9604410,12,1,11,23,2,10,10
9705201,23,2,21,104,0,23,222
9706387,12,2,10,33,0,12,158
9606383,12,3,9,17,0,12,79
9610368,7,1,6,8,0,7,20
9706368,3,1,2,3,3,0,0
9907450,7,2,5,5,0,7,7
108073,7,2,5,10,0,7,97
9904297,5,1,4,7,0,5,5
9506276,2,1,1,1,0,2,12
9809529,2,2,0,0,0,2,37
112285,1,1,0,0,0,1,1
5220,4,2,2,3,1,3,3
7018,5,3,2,3,0,5,11
9903221,3,1,2,3,0,3,6
9612300,19,2,17,61,0,19,172
7213,5,3,2,4,0,5,14
9908327,10,3,7,14,0,10,23
9810301,4,4,0,0,0,4,17
9805264,9,1,8,19,0,9,63
106195,14,3,11,38,0,14,81
9704330,0,0,0,0,0,0,0
7055,8,2,6,10,0,8,30
9501236,4,2,2,2,4,0,0
9908486,15,5,10,31,0,15,81
9906266,32,4,28,127,0,32,342
9811362,17,3,14,80,0,17,97
108275,6,1,5,11,0,6,32
7304,8,3,5,9,0,8,105
11105,4,1,3,4,0,4,4
9801293,7,2,5,13,7,0,0
104284,23,2,21,119,1,22,72
9711215,16,3,13,33,1,15,34
4139,13,1,12,54,13,0,0
107214,1,1,0,0,0,1,2
9511218,1,1,0,0,1,0,0
202200,0,0,0,0,0,0,0
9711257,0,0,0,0,0,0,0
9812276,10,3,7,21,0,10,53
208228,4,3,1,1,0,4,25
9707457,1,1,0,0,0,1,3
9803480,1,1,0,0,0,1,1
9511361,1,1,0,0,1,0,0
9601265,5,1,4,7,5,0,0
9312239,3,1,2,3,0,3,3
9606280,8,1,7,18,3,5,10
12151,0,0,0,0,0,0,0
9305284,19,1,18,56,19,0,0
9411433,5,1,4,6,5,0,0
104260,12,2,10,29,1,11,33
9403274,8,4,4,10,8,0,0
9411397,9,4,5,17,0,9,25
9709350,5,1,4,7,0,5,18
9705234,33,1,32,246,1,32,177
9307216,3,3,0,0,1,2,2
9612286,5,3,2,2,0,5,22
7219,9,3,6,12,0,9,121
11234,13,4,9,29,0,13,148
9409451,11,1,10,22,11,0,0
9402203,9,2,7,10,9,0,0
11217,3,1,2,2,0,3,7
9910437,6,1,5,8,0,6,18
9506258,4,3,1,1,4,0,0
207015,2,1,1,1,0,2,2
7334,7,3,4,14,0,7,94
9807440,2,1,1,1,0,2,3
9603372,10,3,7,14,0,10,39
9501384,42,3,39,228,18,24,37
9604445,16,2,14,49,3,13,34
103127,11,2,9,35,0,11,130
9405431,24,3,21,118,0,24,185
9805294,7,2,5,12,0,7,18
9603213,8,6,2,2,0,8,18
9301232,22,3,19,58,0,22,22
9611259,2,2,0,0,0,2,48
9806487,4,1,3,3,4,0,0
9903220,19,3,16,56,0,19,69
9506259,1,1,0,0,1,0,0
204050,4,3,1,1,0,4,12
9907460,14,3,11,34,0,14,258
9211238,4,1,3,5,4,0,0
9408219,16,3,13,44,16,0,0
9606213,10,2,8,18,0,10,23
9710223,24,2,22,90,0,24,40
9408305,10,1,9,28,10,0,0
5194,3,1,2,2,0,3,4
105175,21,2,19,91,2,19,106
206077,5,3,2,3,0,5,104
207326,7,3,4,6,0,7,52
9901208,9,4,5,15,1,8,64
5024,8,1,7,18,0,8,54
203267,9,2,7,17,0,9,51
3224,7,3,4,4,0,7,28
9411239,17,3,14,49,17,0,0
9512278,4,3,1,1,0,4,15
9407350,16,1,15,44,16,0,0
9411207,19,3,16,43,0,19,48
9801210,3,2,1,1,0,3,20
9511407,12,1,11,33,0,12,69
9507293,6,5,1,1,6,0,0
7192,34,6,28,152,0,34,149
9904230,7,1,6,15,7,0,0
9711504,10,5,5,10,0,10,52
9707360,4,2,2,2,0,4,9
9312353,1,1,0,0,1,0,0
9907279,7,3,4,7,0,7,41
9509333,5,2,3,3,5,0,0
9608330,3,2,1,1,0,3,10
111028,3,1,2,3,0,3,8
9601224,9,1,8,25,0,9,24
9512385,3,2,1,1,3,0,0
9712243,1,1,0,0,0,1,6
206201,2,2,0,0,1,1,1
9701300,7,3,4,4,0,7,23
210402,2,1,1,1,0,2,4
10205,19,1,18,111,0,19,130
105128,3,2,1,1,3,0,0
9609467,10,2,8,18,1,9,24
9801274,0,0,0,0,0,0,0
9121,1,1,0,0,0,1,1
9901404,6,2,4,9,0,6,11
104315,0,0,0,0,0,0,0
9602355,3,3,0,0,0,3,21
211123,0,0,0,0,0,0,0
9611236,1,1,0,0,0,1,1
9903238,8,1,7,21,0,8,26
9709448,0,0,0,0,0,0,0
9605291,3,1,2,2,1,2,2
9908340,2,1,1,1,0,2,75
9908463,4,1,3,6,1,3,4
9609413,6,2,4,6,1,5,13
202018,6,3,3,8,0,6,59
204043,4,2,2,3,1,3,3
101040,1,1,0,0,0,1,1
9712297,4,2,2,3,4,0,0
9406227,33,1,32,216,2,31,184
9912366,6,1,5,6,0,6,24
9210228,13,1,12,35,13,0,0
9306319,14,4,10,33,4,10,10
9503330,6,2,4,10,6,0,0
9511362,2,2,0,0,0,2,2
9503326,2,2,0,0,2,0,0
9912406,1,1,0,0,0,1,3
9807481,0,0,0,0,0,0,0
9711452,4,1,3,4,4,0,0
9705263,10,1,9,19,1,9,19
9607237,5,1,4,7,1,4,9
9903249,5,2,3,6,0,5,27
9402223,9,1,8,22,9,0,0
12282,4,1,3,3,0,4,8
9711382,1,1,0,0,0,1,1
1330,5,5,0,0,0,5,9
9711473,0,0,0,0,0,0,0
9409316,5,2,3,4,0,5,7
9906383,12,4,8,21,0,12,98
106063,0,0,0,0,0,0,0
9512234,13,3,10,22,2,11,15
9607244,5,1,4,9,5,0,0
9701213,2,2,0,0,1,1,1
9610448,4,1,3,5,4,0,0
9705334,4,2,2,4,0,4,4
302192,0,0,0,0,0,0,0
9309319,3,1,2,3,3,0,0
9709292,21,2,19,105,4,17,40
9404240,3,2,1,1,3,0,0
101323,9,3,6,19,0,9,71
105160,12,3,9,20,0,12,183
9704332,2,2,0,0,2,0,0
9712505,0,0,0,0,0,0,0
6123,7,3,4,6,0,7,25
9911377,0,0,0,0,0,0,0
9405357,2,2,0,0,0,2,7
103215,9,1,8,22,1,8,15
211147,2,2,0,0,0,2,5
103157,6,3,3,3,0,6,49
9707262,0,0,0,0,0,0,0
9709452,12,1,11,23,3,9,12
9403331,7,3,4,10,2,5,5
9908396,1,1,0,0,0,1,8
9508209,6,4,2,3,3,3,4
106085,2,2,0,0,0,2,16
9808280,7,3,4,8,0,7,47
9411379,6,3,3,3,1,5,5
9908373,2,2,0,0,0,2,24
105302,17,1,16,42,2,15,37
9802392,1,1,0,0,1,0,0
9603226,3,1,2,2,0,3,5
9810278,1,1,0,0,0,1,2
104121,3,2,1,1,0,3,12
9602343,22,3,19,49,0,22,115
207140,0,0,0,0,0,0,0
9912367,9,2,7,11,0,9,140
9509229,6,2,4,10,6,0,0
9305228,29,5,24,71,29,0,0
9912328,1,1,0,0,1,0,0
105067,5,1,4,5,0,5,12
9907542,6,1,5,11,0,6,6
204352,9,2,7,23,0,9,74
107060,5,2,3,3,0,5,34
9908293,1,1,0,0,0,1,4
9912388,14,4,10,31,0,14,106
104071,6,3,3,3,0,6,37
206292,11,7,4,4,0,11,40
6343,3,1,2,3,0,3,6
9703399,1,1,0,0,1,0,0
9311219,6,1,5,10,6,0,0
105238,0,0,0,0,0,0,0
9902302,2,2,0,0,2,0,0
9402325,2,2,0,0,2,0,0
9903527,5,2,3,6,5,0,0
212071,0,0,0,0,0,0,0
9402251,6,1,5,7,6,0,0
9403315,1,1,0,0,0,1,3
201056,2,1,1,1,0,2,5
104201,2,1,1,1,0,2,12
9306237,13,2,11,36,1,12,12
9702304,3,1,2,3,0,3,9
10297,11,2,9,21,1,10,27
9802298,8,4,4,7,1,7,7
9903403,4,1,3,6,0,4,16
9503419,1,1,0,0,1,0,0
9212250,11,1,10,21,11,0,0
9601275,3,2,1,1,0,3,4
9801344,8,2,6,10,0,8,28
9902446,3,1,2,3,0,3,7
9611415,4,2,2,3,0,4,4
9411395,14,4,10,27,6,8,8
9409459,5,2,3,3,0,5,5
9607335,1,1,0,0,0,1,2
9411293,2,1,1,1,0,2,4
7008,8,3,5,11,0,8,48
9411212,0,0,0,0,0,0,0
201297,13,6,7,14,0,13,89
9810237,1,1,0,0,1,0,0
201085,0,0,0,0,0,0,0
9610266,1,1,0,0,0,1,14
9702336,0,0,0,0,0,0,0
107232,2,2,0,0,1,1,1
106335,1,1,0,0,0,1,1
9505309,5,1,4,7,0,5,15
101225,8,1,7,10,0,8,83
9401335,4,1,3,4,4,0,0
111313,0,0,0,0,0,0,0
9408294,4,1,3,3,0,4,4
9312323,7,7,0,0,7,0,0
9910415,4,2,2,2,0,4,42
103136,7,4,3,4,0,7,42
104050,1,1,0,0,0,1,21
9507299,6,2,4,7,6,0,0
105037,13,3,10,20,0,13,172
9610213,6,3,3,6,0,6,24
210296,2,2,0,0,0,2,20
9901333,1,1,0,0,0,1,8
9604300,4,1,3,3,0,4,12
9803312,5,2,3,4,3,2,2
106217,1,1,0,0,1,0,0
9806286,5,1,4,6,1,4,6
104301,2,1,1,1,0,2,4
9908247,6,4,2,4,1,5,14
9805301,6,1,5,9,1,5,7
9904471,4,2,2,4,0,4,17
9510383,0,0,0,0,0,0,0
210170,0,0,0,0,0,0,0
1270,8,3,5,6,2,6,6
9306241,12,3,9,26,12,0,0
9609399,3,1,2,3,0,3,8
9508245,2,1,1,1,2,0,0
9405348,7,4,3,8,0,7,12
105001,3,3,0,0,0,3,13
9604411,0,0,0,0,0,0,0
9310331,1,1,0,0,1,0,0
9709339,2,2,0,0,0,2,8
9902269,1,1,0,0,1,0,0
9604405,1,1,0,0,1,0,0
9401333,1,1,0,0,0,1,1
9706378,11,3,8,26,0,11,30
9703238,9,2,7,10,1,8,32
9911221,1,1,0,0,0,1,5
9808392,4,2,2,3,0,4,7
9705396,1,1,0,0,0,1,1
9905302,4,2,2,3,2,2,2
9407216,4,2,2,3,4,0,0
9804320,4,2,2,2,0,4,10
212127,6,1,5,11,0,6,33
9503495,6,1,5,7,0,6,8
9503398,5,2,3,3,0,5,5
212020,3,3,0,0,0,3,68
106267,8,2,6,11,0,8,94
103039,9,7,2,3,0,9,68
9607453,0,0,0,0,0,0,0
9909214,5,2,3,8,0,5,13
9904320,2,2,0,0,2,0,0
202008,2,2,0,0,0,2,2
9809237,2,1,1,1,0,2,7
8069,2,1,1,1,0,2,5
9606261,5,3,2,3,0,5,15
205113,0,0,0,0,0,0,0
9810456,6,2,4,7,6,0,0
9605368,0,0,0,0,0,0,0
9911533,8,2,6,14,0,8,9
9312220,10,2,8,23,10,0,0
4184,7,3,4,8,1,6,26
112245,5,1,4,7,0,5,18
9306301,1,1,0,0,1,0,0
210003,0,0,0,0,0,0,0
202009,10,2,8,18,0,10,66
9807392,1,1,0,0,0,1,3
9611417,1,1,0,0,1,0,0
9803246,3,1,2,2,0,3,9
9409384,11,2,9,25,11,0,0
12187,1,1,0,0,0,1,1
109200,1,1,0,0,1,0,0
301218,0,0,0,0,0,0,0
9908423,4,3,1,1,0,4,15
9711425,1,1,0,0,0,1,3
9601255,0,0,0,0,0,0,0
9903368,1,1,0,0,1,0,0
9608212,4,2,2,3,4,0,0
9805510,2,2,0,0,2,0,0
9907515,4,3,1,2,0,4,4
211076,1,1,0,0,0,1,2
9910239,1,1,0,0,0,1,8
9805366,2,2,0,0,0,2,4
111117,1,1,0,0,1,0,0
9602276,2,1,1,1,0,2,2
9404310,1,1,0,0,1,0,0
9907226,1,1,0,0,0,1,4
9407409,0,0,0,0,0,0,0
108091,2,1,1,1,1,1,1
9805421,10,1,9,20,10,0,0
9610352,4,2,2,3,0,4,17
9301219,2,1,1,1,2,0,0
205050,6,4,2,3,0,6,46
9909532,3,3,0,0,0,3,9
7177,1,1,0,0,0,1,1
9505325,1,1,0,0,1,0,0
9154,2,2,0,0,2,0,0
12013,2,1,1,1,0,2,5
9807304,0,0,0,0,0,0,0
9906390,0,0,0,0,0,0,0
9712343,9,2,7,20,0,9,31
11322,3,2,1,1,3,0,0
106287,1,1,0,0,0,1,1
201064,0,0,0,0,0,0,0
111368,1,1,0,0,1,0,0
211001,6,3,3,5,0,6,74
110109,0,0,0,0,0,0,0
101031,0,0,0,0,0,0,0
210146,5,3,2,5,0,5,76
204156,0,0,0,0,0,0,0
9506240,1,1,0,0,1,0,0
9710376,5,3,2,2,2,3,6
2166,7,2,5,14,0,7,60
9605419,0,0,0,0,0,0,0
9607452,12,2,10,20,1,11,29
9512340,2,1,1,1,0,2,8
101338,2,1,1,1,0,2,2
107230,3,2,1,1,0,3,11
9808406,3,2,1,1,0,3,9
9212211,2,2,0,0,2,0,0
106089,5,2,3,4,0,5,65
1148,3,2,1,1,1,2,4
9707536,8,1,7,15,0,8,43
9911499,2,1,1,1,2,0,0
112174,4,1,3,5,0,4,26
3274,2,2,0,0,1,1,1
101309,0,0,0,0,0,0,0
9506407,7,2,5,10,7,0,0
101237,0,0,0,0,0,0,0
9305349,2,2,0,0,2,0,0
4239,0,0,0,0,0,0,0
9906548,3,1,2,2,3,0,0
9908231,2,1,1,1,0,2,25
9612380,4,3,1,1,2,2,4
9504375,12,1,11,41,5,7,7
9701225,0,0,0,0,0,0,0
9208212,1,1,0,0,1,0,0
9609262,4,1,3,4,0,4,4
111063,3,2,1,1,2,1,1
9512412,0,0,0,0,0,0,0
11031,2,2,0,0,0,2,8
9510371,1,1,0,0,0,1,2
9706449,2,2,0,0,0,2,2
9311374,3,1,2,2,3,0,0
9806438,5,1,4,10,0,5,31
9407226,6,4,2,2,6,0,0
9608354,1,1,0,0,0,1,4
9712337,0,0,0,0,0,0,0
109204,4,2,2,2,0,4,11
205276,1,1,0,0,0,1,3
9703245,3,2,1,1,3,0,0
6334,5,1,4,6,0,5,13
9609493,1,1,0,0,1,0,0
9808440,2,1,1,1,0,2,10
9212230,2,1,1,1,2,0,0
6212,4,4,0,0,0,4,9
8190,0,0,0,0,0,0,0
9803462,9,5,4,6,9,0,0
9504422,5,2,3,5,2,3,3
9906498,9,1,8,30,0,9,47
9805447,2,2,0,0,0,2,13
9704360,0,0,0,0,0,0,0
9801245,6,3,3,5,1,5,9
12193,3,2,1,1,0,3,5
9610379,0,0,0,0,0,0,0
9912465,1,1,0,0,0,1,5
9606420,0,0,0,0,0,0,0
9507376,1,1,0,0,0,1,3
9606282,2,1,1,1,0,2,2
9509372,2,2,0,0,2,0,0
112281,3,2,1,1,0,3,6
106107,2,1,1,1,2,0,0
9707284,1,1,0,0,0,1,7
9510419,0,0,0,0,0,0,0
204091,4,3,1,1,0,4,31
9607270,1,1,0,0,1,0,0
108072,1,1,0,0,0,1,7
9504433,3,2,1,1,2,1,1
5212,2,2,0,0,1,1,1
101201,3,1,2,3,0,3,6
9910461,7,3,4,6,0,7,46
8334,1,1,0,0,0,1,13
9808349,1,1,0,0,0,1,2
10222,1,1,0,0,1,0,0
9802259,0,0,0,0,0,0,0
6210,3,2,1,1,3,0,0
9312258,5,3,2,2,5,0,0
201256,4,4,0,0,0,4,18
11114,3,2,1,1,0,3,18
9302235,1,1,0,0,1,0,0
105326,1,1,0,0,0,1,12
9302259,2,2,0,0,2,0,0
207040,0,0,0,0,0,0,0
9907337,0,0,0,0,0,0,0
208151,0,0,0,0,0,0,0
5167,3,1,2,2,0,3,32
9906339,7,6,1,1,0,7,7
9906212,1,1,0,0,0,1,7
207298,0,0,0,0,0,0,0
9907249,4,1,3,6,1,3,4
9901455,0,0,0,0,0,0,0
209083,0,0,0,0,0,0,0
9910535,3,3,0,0,1,2,4
103063,7,6,1,1,0,7,19
9711316,4,3,1,1,1,3,8
110237,5,1,4,7,5,0,0
9909366,5,1,4,7,0,5,19
12218,0,0,0,0,0,0,0
9903374,4,1,3,4,0,4,17
9806451,2,1,1,1,0,2,4
9209266,1,1,0,0,1,0,0
9807507,1,1,0,0,1,0,0
9811287,0,0,0,0,0,0,0
6300,1,1,0,0,0,1,4
9503319,1,1,0,0,0,1,1
211211,0,0,0,0,0,0,0
103169,5,2,3,6,0,5,65
9609306,2,2,0,0,0,2,4
9710559,0,0,0,0,0,0,0
103051,5,3,2,2,2,3,3
9808302,1,1,0,0,1,0,0
9908329,1,1,0,0,0,1,2
9903222,6,1,5,8,0,6,6
9512370,5,2,3,5,0,5,5
9901380,0,0,0,0,0,0,0
10149,2,2,0,0,0,2,12
9208262,0,0,0,0,0,0,0
302272,0,0,0,0,0,0,0
212203,0,0,0,0,0,0,0
9809474,2,2,0,0,0,2,11
9908301,3,1,2,2,0,3,9
9810507,1,1,0,0,0,1,4
9909437,1,1,0,0,1,0,0
9811485,2,1,1,1,2,0,0
9711369,4,3,1,1,3,1,1
1114,0,0,0,0,0,0,0
9710327,1,1,0,0,0,1,15
107023,0,0,0,0,0,0,0
9902419,4,1,3,5,0,4,24
102018,0,0,0,0,0,0,0
9808409,5,2,3,5,0,5,14
107328,1,1,0,0,1,0,0
9904258,6,2,4,6,6,0,0
9801339,1,1,0,0,1,0,0
9803482,2,1,1,1,0,2,2
9704401,0,0,0,0,0,0,0
9306324,2,1,1,1,2,0,0
209009,1,1,0,0,0,1,9
9612275,1,1,0,0,1,0,0
212344,0,0,0,0,0,0,0
9603356,2,1,1,1,2,0,0
202277,3,1,2,3,0,3,12
4198,3,1,2,2,3,0,0
9601354,2,2,0,0,0,2,2
9710225,1,1,0,0,1,0,0
9607371,3,1,2,3,0,3,3
9709254,2,1,1,1,2,0,0
9710253,2,1,1,1,0,2,8
205010,1,1,0,0,0,1,3
9612393,1,1,0,0,0,1,2
9912221,2,2,0,0,0,2,4
9603387,1,1,0,0,0,1,1
9601256,0,0,0,0,0,0,0
12153,2,1,1,1,0,2,4
9092,1,1,0,0,0,1,5
101203,0,0,0,0,0,0,0
108198,1,1,0,0,0,1,10
9512308,0,0,0,0,0,0,0
9808212,0,0,0,0,0,0,0
112250,1,1,0,0,1,0,0
9810356,2,2,0,0,2,0,0
9312362,1,1,0,0,1,0,0
103313,2,2,0,0,0,2,2
206140,2,1,1,1,0,2,33
9803412,6,3,3,5,0,6,12
9604261,3,1,2,2,1,2,4
9411314,1,1,0,0,0,1,4
9210281,3,2,1,2,3,0,0
108056,1,1,0,0,0,1,4
9611266,0,0,0,0,0,0,0
9802232,0,0,0,0,0,0,0
9809392,0,0,0,0,0,0,0
9906507,4,2,2,2,0,4,25
9603433,2,1,1,1,0,2,10
9805355,1,1,0,0,0,1,7
9908380,4,4,0,0,0,4,10
9408387,7,3,4,7,7,0,0
206138,2,2,0,0,0,2,3
203042,2,2,0,0,0,2,4
111360,0,0,0,0,0,0,0
9801325,1,1,0,0,0,1,1
110380,0,0,0,0,0,0,0
9707357,0,0,0,0,0,0,0
9710399,1,1,0,0,0,1,2
203253,1,1,0,0,0,1,1
9706278,5,2,3,4,4,1,1
204305,1,1,0,0,0,1,4
211213,1,1,0,0,0,1,12
9051,1,1,0,0,1,0,0
206008,0,0,0,0,0,0,0
3304,9,5,4,6,1,8,8
302245,0,0,0,0,0,0,0
108273,7,1,6,10,0,7,28
9607380,0,0,0,0,0,0,0
112232,1,1,0,0,0,1,2
9411270,2,1,1,1,2,0,0
9406242,3,1,2,2,3,0,0
103150,2,1,1,1,0,2,3
5217,3,2,1,1,3,0,0
9705322,1,1,0,0,1,0,0
112032,1,1,0,0,1,0,0
204081,2,2,0,0,0,2,14
9810203,0,0,0,0,0,0,0
1020,1,1,0,0,1,0,0
9706470,2,1,1,1,1,1,1
104068,0,0,0,0,0,0,0
3272,2,2,0,0,0,2,8
201227,0,0,0,0,0,0,0
9508340,0,0,0,0,0,0,0
9912519,4,1,3,5,1,3,10
9605435,1,1,0,0,0,1,1
9812253,4,1,3,5,0,4,4
109171,1,1,0,0,0,1,4
205023,1,1,0,0,0,1,4
110084,1,1,0,0,0,1,1
110235,2,1,1,1,0,2,2
9710303,0,0,0,0,0,0,0
9508203,0,0,0,0,0,0,0
9609373,1,1,0,0,1,0,0
9808475,0,0,0,0,0,0,0
9408237,2,2,0,0,2,0,0
9708354,0,0,0,0,0,0,0
9808464,1,1,0,0,0,1,4
109020,1,1,0,0,0,1,1
9806509,2,1,1,1,2,0,0
109050,1,1,0,0,1,0,0
9805257,0,0,0,0,0,0,0
9411306,1,1,0,0,0,1,1
9811321,4,2,2,3,0,4,34
9710409,0,0,0,0,0,0,0
9609426,2,2,0,0,0,2,3
9403298,4,3,1,2,0,4,9
9806417,2,2,0,0,0,2,2
9708238,2,1,1,1,2,0,0
105101,3,2,1,1,0,3,13
101290,0,0,0,0,0,0,0
1079,1,1,0,0,0,1,8
4160,0,0,0,0,0,0,0
9808315,1,1,0,0,0,1,2
107167,0,0,0,0,0,0,0
9902209,0,0,0,0,0,0,0
207358,0,0,0,0,0,0,0
207049,0,0,0,0,0,0,0
211134,1,1,0,0,0,1,7
210080,0,0,0,0,0,0,0
9505366,0,0,0,0,0,0,0
9510341,1,1,0,0,0,1,4
9312208,0,0,0,0,0,0,0
9802283,0,0,0,0,0,0,0
9703366,0,0,0,0,0,0,0
111416,0,0,0,0,0,0,0
9709282,1,1,0,0,0,1,6
9605354,2,2,0,0,0,2,7
201180,0,0,0,0,0,0,0
9607333,0,0,0,0,0,0,0
12165,1,1,0,0,1,0,0
9306263,0,0,0,0,0,0,0
205211,5,5,0,0,0,5,109
9126,0,0,0,0,0,0,0
3268,1,1,0,0,0,1,1
9904277,3,1,2,2,3,0,0
105265,0,0,0,0,0,0,0
9504266,1,1,0,0,0,1,1
209369,1,1,0,0,0,1,6
9910302,0,0,0,0,0,0,0
109074,0,0,0,0,0,0,0
210429,1,1,0,0,0,1,12
11040,2,1,1,1,0,2,8
211229,1,1,0,0,0,1,1
302207,0,0,0,0,0,0,0
207214,0,0,0,0,0,0,0
9504420,2,1,1,1,2,0,0
9411248,0,0,0,0,0,0,0
9907573,2,2,0,0,2,0,0
9808490,0,0,0,0,0,0,0
301121,0,0,0,0,0,0,0
9708339,0,0,0,0,0,0,0
211342,3,2,1,1,0,3,22
107112,5,3,2,4,0,5,33
9910421,4,1,3,6,0,4,4
9404363,1,1,0,0,1,0,0
9802347,0,0,0,0,0,0,0
9807240,3,3,0,0,1,2,2
9702232,0,0,0,0,0,0,0
111412,0,0,0,0,0,0,0
9207208,0,0,0,0,0,0,0
4119,1,1,0,0,0,1,5
9605360,1,1,0,0,1,0,0
111345,0,0,0,0,0,0,0
9707422,1,1,0,0,1,0,0
206311,0,0,0,0,0,0,0
9902379,4,4,0,0,0,4,4
9212219,3,2,1,1,3,0,0
6042,0,0,0,0,0,0,0
205031,2,1,1,1,0,2,8
9905361,3,1,2,3,3,0,0
9901275,0,0,0,0,0,0,0
5243,0,0,0,0,0,0,0
9502392,1,1,0,0,1,0,0
204282,1,1,0,0,0,1,18
10167,1,1,0,0,0,1,3
111454,0,0,0,0,0,0,0
9811328,2,2,0,0,0,2,7
9708444,0,0,0,0,0,0,0
9508356,3,2,1,1,0,3,3
9404319,1,1,0,0,1,0,0
9610412,1,1,0,0,1,0,0
107006,0,0,0,0,0,0,0
9712317,0,0,0,0,0,0,0
9712454,1,1,0,0,0,1,4
109128,0,0,0,0,0,0,0
9409220,0,0,0,0,0,0,0
9807566,0,0,0,0,0,0,0
9911538,1,1,0,0,1,0,0
104140,0,0,0,0,0,0,0
9401287,4,1,3,3,4,0,0
10299,1,1,0,0,1,0,0
207215,0,0,0,0,0,0,0
9706241,0,0,0,0,0,0,0
9502218,0,0,0,0,0,0,0
9909380,0,0,0,0,0,0,0
212339,1,1,0,0,0,1,1
302179,0,0,0,0,0,0,0
9308307,1,1,0,0,1,0,0
205114,0,0,0,0,0,0,0
9711494,0,0,0,0,0,0,0
302136,0,0,0,0,0,0,0
9206226,1,1,0,0,1,0,0
12042,0,0,0,0,0,0,0
202169,1,1,0,0,0,1,2
5206,1,1,0,0,0,1,1
9908506,0,0,0,0,0,0,0
9408324,0,0,0,0,0,0,0
7310,2,1,1,1,0,2,6
9508318,0,0,0,0,0,0,0
9805400,0,0,0,0,0,0,0
9606285,0,0,0,0,0,0,0
8218,0,0,0,0,0,0,0
9501310,0,0,0,0,0,0,0
201095,1,1,0,0,0,1,1
107326,0,0,0,0,0,0,0
202070,0,0,0,0,0,0,0
211330,0,0,0,0,0,0,0
9072,1,1,0,0,0,1,1
9510391,1,1,0,0,1,0,0
9509206,0,0,0,0,0,0,0
9305202,2,2,0,0,2,0,0
209363,0,0,0,0,0,0,0
210420,0,0,0,0,0,0,0
9711331,0,0,0,0,0,0,0
4150,1,1,0,0,0,1,2
210416,1,1,0,0,0,1,2
302041,0,0,0,0,0,0,0
9312332,0,0,0,0,0,0,0
105035,0,0,0,0,0,0,0
211045,0,0,0,0,0,0,0
9803278,0,0,0,0,0,0,0
205139,0,0,0,0,0,0,0
9801248,2,2,0,0,2,0,0
9907476,0,0,0,0,0,0,0
112167,0,0,0,0,0,0,0
9804220,0,0,0,0,0,0,0
9505221,1,1,0,0,0,1,5
302212,0,0,0,0,0,0,0
9705262,0,0,0,0,0,0,0
208147,0,0,0,0,0,0,0
9812416,0,0,0,0,0,0,0
9903466,1,1,0,0,1,0,0
9506367,0,0,0,0,0,0,0
209024,1,1,0,0,0,1,6
107307,1,1,0,0,0,1,7
9608267,1,1,0,0,1,0,0
9801371,3,2,1,1,3,0,0
9706313,1,1,0,0,1,0,0
109033,1,1,0,0,0,1,3
210071,0,0,0,0,0,0,0
9607339,0,0,0,0,0,0,0
9402271,0,0,0,0,0,0,0
9404304,0,0,0,0,0,0,0
9703342,1,1,0,0,0,1,1
105294,1,1,0,0,1,0,0
8014,0,0,0,0,0,0,0
12264,0,0,0,0,0,0,0
9612399,3,3,0,0,3,0,0
9505253,1,1,0,0,1,0,0
12355,0,0,0,0,0,0,0
211235,0,0,0,0,0,0,0
9701310,0,0,0,0,0,0,0
9510395,0,0,0,0,0,0,0
9508333,0,0,0,0,0,0,0
111250,0,0,0,0,0,0,0
9811293,1,1,0,0,0,1,1
9511475,0,0,0,0,0,0,0
9906464,0,0,0,0,0,0,0
301221,0,0,0,0,0,0,0
9802399,0,0,0,0,0,0,0
204030,0,0,0,0,0,0,0
9511452,0,0,0,0,0,0,0
301275,0,0,0,0,0,0,0
106249,1,1,0,0,0,1,1
205225,0,0,0,0,0,0,0
205095,0,0,0,0,0,0,0
202225,0,0,0,0,0,0,0
111275,3,1,2,2,0,3,3
208061,2,1,1,1,0,2,7
9809236,0,0,0,0,0,0,0
9402352,0,0,0,0,0,0,0
212046,0,0,0,0,0,0,0
9907429,1,1,0,0,0,1,2
206236,1,1,0,0,1,0,0
9910362,0,0,0,0,0,0,0
9709248,0,0,0,0,0,0,0
9608334,0,0,0,0,0,0,0
9809326,0,0,0,0,0,0,0
210204,0,0,0,0,0,0,0
1248,1,1,0,0,1,0,0
9501414,1,1,0,0,1,0,0
107202,2,2,0,0,0,2,32
9901396,4,2,2,3,0,4,10
9909545,0,0,0,0,0,0,0
9503305,1,1,0,0,1,0,0
12342,0,0,0,0,0,0,0
301025,0,0,0,0,0,0,0
106048,0,0,0,0,0,0,0
108269,1,1,0,0,1,0,0
107013,0,0,0,0,0,0,0
11378,0,0,0,0,0,0,0
9403296,1,1,0,0,1,0,0
8250,0,0,0,0,0,0,0
301171,1,1,0,0,0,1,7
9707306,0,0,0,0,0,0,0
9204,0,0,0,0,0,0,0
9911402,0,0,0,0,0,0,0
110082,1,1,0,0,1,0,0
210360,1,1,0,0,0,1,4
9710207,0,0,0,0,0,0,0
9805330,0,0,0,0,0,0,0
107170,0,0,0,0,0,0,0
9506435,0,0,0,0,0,0,0
205258,0,0,0,0,0,0,0
210247,0,0,0,0,0,0,0
9906449,0,0,0,0,0,0,0
9407325,2,2,0,0,2,0,0
211043,1,1,0,0,0,1,6
9812485,0,0,0,0,0,0,0
301021,0,0,0,0,0,0,0
9812391,0,0,0,0,0,0,0
9608202,0,0,0,0,0,0,0
9806203,0,0,0,0,0,0,0
211289,0,0,0,0,0,0,0
210430,0,0,0,0,0,0,0
211184,0,0,0,0,0,0,0
9812330,0,0,0,0,0,0,0
9409429,0,0,0,0,0,0,0
3280,0,0,0,0,0,0,0
201063,0,0,0,0,0,0,0
9707472,0,0,0,0,0,0,0
106157,0,0,0,0,0,0,0
302100,0,0,0,0,0,0,0
9704282,1,1,0,0,1,0,0
9810521,0,0,0,0,0,0,0
9909403,0,0,0,0,0,0,0
110132,0,0,0,0,0,0,0
9609294,0,0,0,0,0,0,0
9512249,0,0,0,0,0,0,0
9308350,0,0,0,0,0,0,0
301136,0,0,0,0,0,0,0
9608410,1,1,0,0,0,1,3
112187,0,0,0,0,0,0,0
7308,0,0,0,0,0,0,0
102210,0,0,0,0,0,0,0
208211,0,0,0,0,0,0,0
4230,0,0,0,0,0,0,0
9709384,1,1,0,0,0,1,1
302050,0,0,0,0,0,0,0
9806464,1,1,0,0,0,1,2
205193,0,0,0,0,0,0,0
111065,0,0,0,0,0,0,0
101120,0,0,0,0,0,0,0
9903525,0,0,0,0,0,0,0
112010,0,0,0,0,0,0,0
9809416,0,0,0,0,0,0,0
212237,0,0,0,0,0,0,0
210066,0,0,0,0,0,0,0
9702335,0,0,0,0,0,0,0
9510335,0,0,0,0,0,0,0
9909289,0,0,0,0,0,0,0
112307,0,0,0,0,0,0,0
206013,0,0,0,0,0,0,0
7331,0,0,0,0,0,0,0
211203,0,0,0,0,0,0,0
9510298,1,1,0,0,1,0,0
9311275,0,0,0,0,0,0,0
9909343,0,0,0,0,0,0,0
209282,0,0,0,0,0,0,0
9708340,0,0,0,0,0,0,0
9901435,0,0,0,0,0,0,0
212115,0,0,0,0,0,0,0
9509286,1,1,0,0,1,0,0
210008,0,0,0,0,0,0,0
209348,0,0,0,0,0,0,0
9911531,0,0,0,0,0,0,0
112204,0,0,0,0,0,0,0
9606448,1,1,0,0,1,0,0
9608454,0,0,0,0,0,0,0
9712403,0,0,0,0,0,0,0
10216,0,0,0,0,0,0,0
9311315,0,0,0,0,0,0,0
9911519,0,0,0,0,0,0,0
111444,0,0,0,0,0,0,0
9903217,14,4,10,30,1,13,26
9607366,16,2,14,77,11,5,5
110260,1,1,0,0,0,1,2
9604312,4,3,1,2,1,3,12
206024,3,3,0,0,0,3,28
9706412,7,3,4,10,0,7,29
9211292,31,1,30,168,0,31,31
9911266,8,4,4,5,1,7,23
9504241,9,2,7,19,0,9,26
3183,3,3,0,0,3,0,0
9408256,0,0,0,0,0,0,0
9412201,21,7,14,77,2,19,42
9601306,23,1,22,119,23,0,0
9812460,1,1,0,0,0,1,1
9703351,55,1,54,525,14,41,85
9901388,25,3,22,96,0,25,319
9509351,29,1,28,184,9,20,31
9706228,7,4,3,5,0,7,11
9505334,15,3,12,31,15,0,0
9711259,17,1,16,80,8,9,9
9301268,20,2,18,58,20,0,0
9712468,14,3,11,22,0,14,81
9205234,34,3,31,181,34,0,0
9811282,9,1,8,24,2,7,11
9711421,10,2,8,19,0,10,24
9506354,27,1,26,93,27,0,0
9810371,30,3,27,125,0,30,348
9308272,28,3,25,150,28,0,0
9404281,37,2,35,273,13,24,42
9711428,29,4,25,71,0,29,127
9907341,21,2,19,120,21,0,0
9801271,28,16,12,34,0,28,477
9701286,46,2,44,276,0,46,329
9712499,9,2,7,24,0,9,156
9404280,18,4,14,25,0,18,30
9411296,22,4,18,69,0,22,98
9808328,19,2,17,55,2,17,34
9703349,59,4,55,412,0,59,486
9710348,9,3,6,15,9,0,0
9506291,7,1,6,11,7,0,0
9506289,34,3,31,189,24,10,10
9906286,10,2,8,17,0,10,52
9203201,35,5,30,260,35,0,0
6290,3,2,1,1,1,2,2
9811338,1,1,0,0,1,0,0
9305239,23,2,21,150,23,0,0
9610209,72,1,71,829,72,0,0
9608229,38,1,37,241,22,16,16
9706427,22,2,20,56,0,22,38
9703305,19,1,18,80,3,16,33
9404313,30,3,27,121,30,0,0
9403356,2,1,1,1,0,2,2
9905550,31,2,29,152,0,31,250
9308287,34,3,31,163,1,33,156
9605465,18,7,11,33,0,18,230
9603202,19,5,14,29,0,19,187
9511391,16,2,14,50,0,16,63
9803439,3,1,2,2,0,3,5
106141,7,1,6,16,0,7,22
9701227,14,3,11,20,0,14,55
9306298,10,4,6,15,3,7,10
9801430,44,3,41,329,3,41,186
9909229,11,2,9,13,0,11,53
9508378,29,1,28,163,0,29,55
9909353,22,2,20,84,0,22,229
9610498,11,3,8,31,0,11,42
9903282,14,3,11,23,0,14,77
108175,5,3,2,2,0,5,69
9810514,50,2,48,584,0,50,193
9811227,22,1,21,124,0,22,109
9172,2,2,0,0,0,2,29
202093,10,1,9,29,0,10,14
9712417,7,6,1,1,0,7,30
9609463,2,2,0,0,0,2,6
9603310,30,7,23,57,0,30,211
9411233,12,2,10,21,7,5,5
9207245,12,2,10,32,12,0,0
9711446,6,2,4,6,0,6,23
9706268,11,1,10,33,0,11,27
9271,13,6,7,16,2,11,21
9906230,21,2,19,76,0,21,173
9708445,2,2,0,0,0,2,9
9904225,4,2,2,2,0,4,18
9212259,7,5,2,5,7,0,0
9909204,4,1,3,3,4,0,0
9305344,3,3,0,0,3,0,0
9510238,8,1,7,23,0,8,21
208177,12,4,8,10,0,12,116
9509346,5,2,3,6,5,0,0
101250,6,1,5,5,0,6,39
9906469,26,1,25,87,26,0,0
9711483,8,3,5,20,0,8,40
9607412,4,2,2,5,0,4,58
102157,69,4,65,705,0,69,321
102180,28,2,26,253,0,28,164
9701219,16,1,15,59,1,15,32
106345,13,3,10,27,0,13,59
9212257,9,2,7,19,9,0,0
9299,10,1,9,29,0,10,70
9210235,26,7,19,59,24,2,2
9909456,14,2,12,37,10,4,4
9806228,22,2,20,87,0,22,80
9907472,23,2,21,94,1,22,54
9501392,10,3,7,27,0,10,40
9710323,6,2,4,6,0,6,35
9702242,10,4,6,10,0,10,23
6278,30,2,28,119,0,30,219
4129,1,1,0,0,0,1,12
9504268,8,1,7,9,1,7,9
212315,0,0,0,0,0,0,0
109079,23,2,21,106,0,23,145
208115,6,2,4,5,0,6,27
110067,12,1,11,51,2,10,10
9702379,34,2,32,196,0,34,173
9512390,2,2,0,0,0,2,4
9904220,40,5,35,309,0,40,320
9211215,3,1,2,3,3,0,0
9707436,17,2,15,46,3,14,24
9707401,6,2,4,5,0,6,6
9511220,7,2,5,8,2,5,9
9901450,3,1,2,2,0,3,10
103017,2,2,0,0,0,2,3
9803257,4,1,3,5,0,4,10
3238,15,3,12,47,0,15,353
107066,2,2,0,0,0,2,2
9254,14,6,8,18,0,14,163
9804217,12,1,11,37,0,12,83
9706541,3,2,1,2,0,3,7
9608294,5,1,4,6,5,0,0
9809230,7,1,6,12,0,7,17
9611311,6,1,5,13,0,6,12
9606392,9,6,3,4,0,9,35
9206214,20,5,15,102,20,0,0
9610421,5,3,2,3,5,0,0
9403397,18,4,14,32,0,18,88
9906343,22,3,19,75,0,22,233
9802256,1,1,0,0,0,1,3
106123,5,1,4,6,0,5,19
9905409,3,2,1,1,0,3,14
9812266,4,2,2,2,0,4,10
9907240,45,2,43,306,0,45,417
9603206,24,3,21,126,13,11,17
9809385,2,2,0,0,2,0,0
9803316,29,1,28,100,11,18,26
9607315,7,1,6,7,7,0,0
9610214,4,1,3,5,0,4,20
9806345,7,3,4,5,0,7,28
9509304,10,2,8,21,0,10,17
9802350,14,1,13,38,2,12,38
9704406,21,1,20,92,0,21,110
9901214,2,1,1,1,0,2,4
9405320,31,1,30,154,31,0,0
9609378,5,3,2,4,0,5,19
9810500,16,2,14,43,0,16,167
9502399,6,1,5,7,3,3,3
9610204,14,2,12,26,3,11,20
9705469,10,3,7,32,0,10,129
9706482,8,2,6,15,0,8,76
104246,1,1,0,0,0,1,10
9706304,11,5,6,10,1,10,40
9806318,1,1,0,0,1,0,0
9602342,9,3,6,16,2,7,25
9505340,14,6,8,29,1,13,18
203014,0,0,0,0,0,0,0
9507246,31,3,28,171,0,31,187
9810261,4,3,1,2,0,4,33
108024,2,1,1,1,1,1,1
10276,1,1,0,0,0,1,2
10206,3,1,2,3,3,0,0
9601386,0,0,0,0,0,0,0
9612353,16,1,15,49,0,16,98
9306242,21,3,18,73,21,0,0
201081,5,3,2,4,0,5,24
9811426,10,4,6,8,1,9,16
9910348,6,4,2,4,0,6,41
9805360,11,2,9,31,3,8,11
9303256,5,4,1,1,3,2,2
102014,7,1,6,10,0,7,7
2066,0,0,0,0,0,0,0
9909472,3,1,2,2,0,3,11
9908205,8,1,7,15,0,8,203
9904276,12,2,10,31,0,12,74
9603328,21,2,19,147,21,0,0
9912526,3,2,1,1,0,3,27
9904419,0,0,0,0,0,0,0
9806240,8,3,5,7,3,5,5
107048,16,3,13,54,0,16,111
9711377,9,2,7,9,0,9,9
9703332,21,3,18,87,0,21,140
8155,4,2,2,2,4,0,0
205210,1,1,0,0,0,1,1
11049,2,2,0,0,0,2,16
9410349,3,2,1,1,3,0,0
101268,0,0,0,0,0,0,0
9902420,17,1,16,53,17,0,0
9304205,14,1,13,44,14,0,0
9612279,12,1,11,16,2,10,22
3317,7,3,4,6,0,7,43
9903477,5,1,4,8,5,0,0
9908252,9,1,8,15,0,9,16
9602246,15,4,11,21,0,15,50
2001,4,3,1,1,4,0,0
9709420,14,3,11,27,0,14,21
9307261,0,0,0,0,0,0,0
209166,0,0,0,0,0,0,0
9905392,7,1,6,8,0,7,23
9607405,4,2,2,2,0,4,15
9804307,4,1,3,3,0,4,23
9706206,24,4,20,97,1,23,119
4233,1,1,0,0,0,1,7
9702255,4,2,2,2,4,0,0
9093,3,3,0,0,0,3,29
11247,20,5,15,52,0,20,159
9506347,11,1,10,23,6,5,5
9502408,10,3,7,11,10,0,0
9707215,14,1,13,46,14,0,0
9911257,6,1,5,8,0,6,26
9904473,0,0,0,0,0,0,0
105159,1,1,0,0,0,1,19
9911341,6,2,4,6,0,6,57
9807498,1,1,0,0,0,1,2
9702315,17,3,14,40,0,17,101
9512233,1,1,0,0,1,0,0
9609458,6,2,4,5,0,6,14
103223,10,3,7,28,0,10,128
9701409,0,0,0,0,0,0,0
9806423,3,1,2,3,0,3,11
9706428,5,3,2,2,0,5,9
9302201,17,2,15,47,0,17,17
9702375,2,2,0,0,0,2,25
9807483,2,1,1,1,2,0,0
9910445,2,1,1,1,0,2,17
9403393,1,1,0,0,1,0,0
205032,3,1,2,2,0,3,12
1087,12,4,8,16,0,12,205
9211242,4,2,2,3,4,0,0
9611284,17,5,12,28,0,17,75
9610244,14,2,12,27,1,13,47
9602377,6,2,4,10,6,0,0
9501202,11,1,10,19,0,11,27
12191,3,1,2,2,0,3,3
107164,22,1,21,99,3,19,49
5064,9,4,5,17,0,9,76
208026,8,2,6,11,0,8,63
9606482,0,0,0,0,0,0,0
3275,10,1,9,25,0,10,31
205332,7,1,6,10,0,7,57
7233,4,4,0,0,0,4,15
9810435,8,1,7,13,2,6,6
9909217,7,3,4,4,0,7,117
6192,9,4,5,17,0,9,22
9505266,13,3,10,23,0,13,41
9809224,2,1,1,1,0,2,12
9810316,0,0,0,0,0,0,0
9812474,1,1,0,0,0,1,1
10041,11,3,8,22,0,11,64
5297,13,2,11,31,11,2,2
9612436,12,1,11,38,0,12,55
9806291,0,0,0,0,0,0,0
9411236,1,1,0,0,1,0,0
5109,4,3,1,1,0,4,95
2046,0,0,0,0,0,0,0
9608387,5,1,4,5,0,5,25
203132,2,1,1,1,0,2,6
9608366,8,1,7,16,8,0,0
9701343,7,1,6,14,2,5,5
9401291,12,3,9,19,12,0,0
9512433,11,4,7,18,0,11,66
9708252,1,1,0,0,0,1,6
210427,2,2,0,0,1,1,4
12157,25,6,19,133,0,25,199
206191,1,1,0,0,0,1,1
9501286,0,0,0,0,0,0,0
9410265,4,4,0,0,4,0,0
9511358,5,1,4,5,5,0,0
9904336,16,2,14,35,1,15,108
9808364,4,1,3,4,0,4,18
9608368,6,3,3,6,0,6,32
112015,4,3,1,1,1,3,3
9703408,0,0,0,0,0,0,0
9903370,3,2,1,1,0,3,27
9601218,1,1,0,0,1,0,0
9707266,6,3,3,6,3,3,3
9908343,3,2,1,1,0,3,63
9911456,5,1,4,7,0,5,33
9801242,7,3,4,8,0,7,24
102013,29,2,27,131,0,29,165
9607438,1,1,0,0,1,0,0
9602400,2,1,1,1,2,0,0
9908243,4,4,0,0,1,3,3
9411234,40,4,36,236,1,39,255
204006,4,1,3,4,0,4,12
9411403,1,1,0,0,0,1,4
9806217,0,0,0,0,0,0,0
9411321,1,1,0,0,0,1,1
9610256,1,1,0,0,0,1,1
9612440,5,2,3,5,0,5,14
4092,1,1,0,0,0,1,3
9712515,5,3,2,3,1,4,4
9706513,2,2,0,0,1,1,1
9706300,7,2,5,10,2,5,15
9706232,7,3,4,11,1,6,15
9811456,0,0,0,0,0,0,0
9412356,8,2,6,14,0,8,8
105320,2,2,0,0,0,2,6
9901244,3,3,0,0,0,3,5
5081,2,2,0,0,0,2,20
9709431,1,1,0,0,0,1,2
9306201,5,1,4,6,5,0,0
9909302,5,1,4,4,0,5,35
9805397,3,1,2,3,0,3,8
9702226,8,4,4,4,0,8,20
9610302,1,1,0,0,0,1,1
9607204,1,1,0,0,1,0,0
9611201,2,2,0,0,0,2,4
9608347,10,2,8,24,10,0,0
110031,4,2,2,2,4,0,0
8331,0,0,0,0,0,0,0
9411363,1,1,0,0,0,1,1
9407341,3,2,1,1,3,0,0
102343,10,1,9,19,0,10,89
105292,13,4,9,24,0,13,89
9907340,4,2,2,2,4,0,0
9511399,2,1,1,1,0,2,4
9804301,6,1,5,8,0,6,7
9608385,5,5,0,0,2,3,3
9906370,0,0,0,0,0,0,0
108225,9,2,7,20,1,8,24
109214,16,1,15,52,16,0,0
108116,1,1,0,0,0,1,4
9610528,2,2,0,0,2,0,0
9903306,4,2,2,3,0,4,14
9511401,4,3,1,1,2,2,4
9908525,6,1,5,9,0,6,37
9812379,1,1,0,0,0,1,2
11053,16,1,15,64,1,15,115
9810426,2,1,1,1,0,2,12
9505421,5,3,2,2,5,0,0
9809239,11,1,10,24,0,11,44
106067,22,1,21,40,0,22,73
9712394,7,2,5,10,0,7,10
9410219,4,1,3,5,4,0,0
9603217,7,2,5,8,3,4,4
106292,2,1,1,1,0,2,6
9910562,5,2,3,5,0,5,35
107261,3,3,0,0,1,2,3
9234,2,1,1,1,0,2,2
9809590,3,2,1,1,3,0,0
9406260,8,7,1,1,8,0,0
10040,2,1,1,1,0,2,4
201273,11,2,9,12,0,11,58
9911452,3,3,0,0,0,3,6
205295,6,3,3,10,0,6,88
9906267,6,1,5,7,0,6,47
9708448,5,1,4,7,2,3,3
104101,5,3,2,2,0,5,22
110269,7,5,2,2,0,7,32
207366,0,0,0,0,0,0,0
103281,2,1,1,1,0,2,7
9609384,14,2,12,53,14,0,0
9405335,3,1,2,3,0,3,5
9602264,8,1,7,20,0,8,16
9706234,2,1,1,1,0,2,13
110365,4,3,1,1,0,4,52
9707396,0,0,0,0,0,0,0
5248,4,2,2,3,0,4,4
9609496,6,3,3,3,1,5,5
9306207,2,1,1,1,2,0,0
112190,0,0,0,0,0,0,0
12250,2,1,1,1,0,2,15
9601216,7,2,5,13,0,7,16
9705328,2,1,1,1,0,2,6
103184,3,1,2,2,0,3,14
9707515,5,4,1,1,0,5,25
9805364,0,0,0,0,0,0,0
9712275,0,0,0,0,0,0,0
9302268,6,1,5,6,6,0,0
9411423,3,2,1,1,3,0,0
201308,11,4,7,18,0,11,73
1102,3,2,1,1,0,3,6
9505302,2,2,0,0,0,2,2
9907486,3,1,2,3,0,3,3
201088,0,0,0,0,0,0,0
9610290,1,1,0,0,0,1,2
9503304,1,1,0,0,0,1,3
8042,4,1,3,5,0,4,10
9210264,4,2,2,3,4,0,0
203243,3,2,1,1,0,3,23
9302308,2,1,1,1,2,0,0
10345,2,2,0,0,2,0,0
11397,2,2,0,0,0,2,2
9209224,3,2,1,1,3,0,0
9703392,2,1,1,1,2,0,0
101181,1,1,0,0,0,1,3
9602304,3,1,2,3,0,3,17
9909534,3,3,0,0,0,3,28
9612210,3,2,1,1,0,3,3
9909479,6,4,2,2,1,5,10
9611442,2,2,0,0,2,0,0
9908214,2,1,1,1,0,2,12
5039,2,1,1,1,0,2,2
102269,1,1,0,0,0,1,7
9803425,7,1,6,9,2,5,8
11184,2,1,1,1,2,0,0
105182,1,1,0,0,0,1,15
9805212,2,1,1,1,2,0,0
205068,4,1,3,3,0,4,81
9905555,2,1,1,1,0,2,13
9611228,4,3,1,2,0,4,26
9512275,1,1,0,0,0,1,1
9704387,2,1,1,1,2,0,0
9612342,1,1,0,0,1,0,0
9906492,3,1,2,3,3,0,0
9711232,0,0,0,0,0,0,0
9706404,3,1,2,3,0,3,3
9512217,2,1,1,1,2,0,0
9510323,1,1,0,0,1,0,0
210004,2,2,0,0,0,2,4
9911334,1,1,0,0,0,1,1
9606389,3,1,2,2,0,3,3
202102,3,2,1,1,0,3,7
9205242,1,1,0,0,1,0,0
212037,0,0,0,0,0,0,0
209093,0,0,0,0,0,0,0
9406332,3,2,1,1,3,0,0
9805266,1,1,0,0,1,0,0
9709340,1,1,0,0,0,1,5
9705232,1,1,0,0,1,0,0
9812203,1,1,0,0,0,1,19
9607357,0,0,0,0,0,0,0
9709494,17,1,16,75,0,17,46
9704342,6,1,5,11,0,6,22
9905348,6,4,2,2,0,6,24
9508342,0,0,0,0,0,0,0
9406272,2,2,0,0,0,2,6
9406310,1,1,0,0,1,0,0
210132,0,0,0,0,0,0,0
9706376,3,1,2,2,0,3,6
212146,6,1,5,11,0,6,39
9507452,6,2,4,5,1,5,11
9710313,5,2,3,9,0,5,7
204280,4,2,2,5,0,4,4
10081,1,1,0,0,0,1,1
103261,5,5,0,0,0,5,40
9512354,2,2,0,0,2,0,0
9607317,13,4,9,26,0,13,62
9807431,0,0,0,0,0,0,0
111051,0,0,0,0,0,0,0
9812437,2,1,1,1,0,2,5
9712406,1,1,0,0,0,1,11
9503283,1,1,0,0,0,1,1
105078,1,1,0,0,0,1,2
9908208,5,3,2,3,0,5,19
9903383,4,1,3,5,0,4,7
208123,2,2,0,0,0,2,13
204240,1,1,0,0,0,1,6
9902304,3,2,1,2,0,3,18
112219,2,1,1,1,0,2,4
9704451,0,0,0,0,0,0,0
206100,3,3,0,0,3,0,0
106035,2,2,0,0,0,2,13
9910563,1,1,0,0,0,1,1
9410355,3,3,0,0,3,0,0
9805487,1,1,0,0,0,1,5
9508411,9,3,6,8,0,9,19
9810208,2,1,1,1,2,0,0
102099,3,1,2,3,0,3,7
211085,5,1,4,6,5,0,0
9707356,3,2,1,1,0,3,8
9804426,0,0,0,0,0,0,0
5140,1,1,0,0,0,1,2
9901349,2,1,1,1,0,2,13
9703396,2,1,1,1,0,2,2
9710398,3,1,2,2,1,2,4
9512338,6,2,4,6,6,0,0
211105,2,1,1,1,0,2,8
9809431,1,1,0,0,0,1,2
9405214,12,7,5,7,12,0,0
6279,1,1,0,0,1,0,0
9701224,0,0,0,0,0,0,0
9103,0,0,0,0,0,0,0
9406280,0,0,0,0,0,0,0
9309313,2,2,0,0,2,0,0
205245,2,1,1,1,0,2,2
9906442,7,1,6,10,0,7,7
9501387,19,1,18,99,19,0,0
9603256,3,2,1,1,2,1,1
206217,3,3,0,0,3,0,0
9904377,2,1,1,1,0,2,6
1301,7,1,6,18,7,0,0
9508205,1,1,0,0,1,0,0
9905506,0,0,0,0,0,0,0
12311,2,1,1,1,0,2,6
9608482,4,3,1,2,4,0,0
9811204,4,1,3,4,4,0,0
9801329,10,3,7,23,0,10,43
1214,1,1,0,0,0,1,1
9812325,3,1,2,2,3,0,0
9912506,1,1,0,0,1,0,0
112259,6,4,2,2,0,6,86
111176,6,2,4,7,0,6,22
9703256,8,3,5,7,8,0,0
102237,1,1,0,0,0,1,5
105281,2,2,0,0,2,0,0
12367,7,2,5,11,0,7,54
9901202,2,1,1,1,0,2,16
9903381,0,0,0,0,0,0,0
9612326,12,2,10,54,12,0,0
9408218,1,1,0,0,0,1,2
9803329,1,1,0,0,0,1,1
9810439,0,0,0,0,0,0,0
9805495,7,2,5,14,4,3,3
9910352,7,3,4,13,0,7,30
205046,3,1,2,3,0,3,3
2110,0,0,0,0,0,0,0
106275,3,2,1,1,0,3,29
9711422,7,1,6,13,7,0,0
9708369,7,3,4,9,0,7,45
6029,0,0,0,0,0,0,0
203003,4,3,1,1,0,4,35
9911513,3,3,0,0,3,0,0
12047,1,1,0,0,0,1,7
9803477,7,1,6,16,7,0,0
9712300,8,1,7,13,0,8,46
106269,1,1,0,0,0,1,2
9705406,5,3,2,2,0,5,23
9911420,1,1,0,0,0,1,1
9908511,1,1,0,0,1,0,0
9212312,1,1,0,0,1,0,0
9610543,15,1,14,61,1,14,20
9611356,1,1,0,0,0,1,5
4221,0,0,0,0,0,0,0
9803227,5,3,2,5,0,5,40
104055,3,2,1,1,2,1,1
9308290,4,3,1,1,1,3,3
9612409,8,5,3,6,3,5,18
9710388,1,1,0,0,0,1,6
9611313,3,1,2,2,3,0,0
9403216,3,1,2,3,0,3,3
9904394,3,1,2,3,0,3,23
9908474,0,0,0,0,0,0,0
209082,0,0,0,0,0,0,0
210154,0,0,0,0,0,0,0
201034,1,1,0,0,0,1,4
9710281,5,2,3,6,0,5,9
9803467,3,1,2,3,3,0,0
7262,6,2,4,5,0,6,18
9811279,5,2,3,3,0,5,17
201025,0,0,0,0,0,0,0
9502259,1,1,0,0,0,1,1
212165,0,0,0,0,0,0,0
9604381,2,1,1,1,0,2,2
9810486,1,1,0,0,1,0,0
9507251,2,1,1,1,0,2,3
9812447,1,1,0,0,0,1,5
9805486,2,2,0,0,0,2,5
9309213,2,2,0,0,2,0,0
9811414,1,1,0,0,0,1,1
9809264,3,1,2,3,3,0,0
9407332,2,2,0,0,2,0,0
9804364,5,2,3,7,5,0,0
9710542,1,1,0,0,1,0,0
9307344,3,2,1,2,3,0,0
9702407,1,1,0,0,0,1,3
201226,1,1,0,0,0,1,9
204147,2,2,0,0,0,2,5
107215,1,1,0,0,0,1,1
207153,1,1,0,0,0,1,10
9903253,0,0,0,0,0,0,0
205131,2,1,1,1,0,2,4
9710553,2,2,0,0,2,0,0
9810433,0,0,0,0,0,0,0
9211205,2,1,1,1,2,0,0
9907348,2,1,1,1,2,0,0
106193,4,2,2,3,1,3,6
10233,0,0,0,0,0,0,0
9903323,0,0,0,0,0,0,0
9903420,0,0,0,0,0,0,0
9801455,0,0,0,0,0,0,0
211247,0,0,0,0,0,0,0
210189,0,0,0,0,0,0,0
9809372,2,1,1,1,2,0,0
9251,5,1,4,7,0,5,16
104135,5,4,1,2,0,5,22
9502331,1,1,0,0,1,0,0
204186,0,0,0,0,0,0,0
9211201,1,1,0,0,1,0,0
109226,2,2,0,0,1,1,1
9512382,1,1,0,0,0,1,3
207297,3,3,0,0,0,3,21
12236,0,0,0,0,0,0,0
202094,0,0,0,0,0,0,0
9801230,8,3,5,6,0,8,33
9708490,0,0,0,0,0,0,0
9505271,4,3,1,1,0,4,16
9506309,4,2,2,2,2,2,2
203233,6,1,5,11,1,5,11
9406277,0,0,0,0,0,0,0
9607277,0,0,0,0,0,0,0
5226,0,0,0,0,0,0,0
201152,7,2,5,8,0,7,26
9911383,4,2,2,3,0,4,26
209267,0,0,0,0,0,0,0
9503239,4,1,3,6,3,1,1
9203207,5,1,4,10,5,0,0
101014,2,1,1,1,0,2,5
111246,2,2,0,0,0,2,4
4211,0,0,0,0,0,0,0
9904259,0,0,0,0,0,0,0
9408351,2,1,1,1,2,0,0
207009,2,1,1,1,2,0,0
5077,4,2,2,5,0,4,11
9703230,0,0,0,0,0,0,0
9702418,6,6,0,0,6,0,0
9810355,1,1,0,0,1,0,0
101138,0,0,0,0,0,0,0
9904254,1,1,0,0,1,0,0
104070,0,0,0,0,0,0,0
9901332,11,2,9,27,11,0,0
9702229,0,0,0,0,0,0,0
103257,1,1,0,0,0,1,1
9607455,3,1,2,3,0,3,13
211024,1,1,0,0,0,1,9
112199,4,2,2,2,0,4,52
9709371,7,4,3,5,1,6,14
9902279,5,1,4,4,0,5,6
9707318,2,1,1,1,0,2,12
9801266,0,0,0,0,0,0,0
2288,0,0,0,0,0,0,0
9907297,2,2,0,0,1,1,1
108042,0,0,0,0,0,0,0
9905491,1,1,0,0,0,1,2
9403380,1,1,0,0,1,0,0
9904357,2,2,0,0,0,2,22
102030,1,1,0,0,0,1,2
9610479,4,2,2,4,4,0,0
10130,2,1,1,1,0,2,3
9905560,1,1,0,0,0,1,1
9801426,1,1,0,0,1,0,0
9812531,4,1,3,3,4,0,0
212406,1,1,0,0,0,1,8
9404204,1,1,0,0,0,1,1
1106,1,1,0,0,0,1,4
1077,1,1,0,0,0,1,2
10243,2,2,0,0,2,0,0
111306,0,0,0,0,0,0,0
203059,3,1,2,2,0,3,21
11202,3,2,1,1,3,0,0
112291,1,1,0,0,0,1,5
9311250,3,1,2,3,0,3,6
9704374,1,1,0,0,0,1,3
9904269,0,0,0,0,0,0,0
9710530,0,0,0,0,0,0,0
107290,2,1,1,1,0,2,8
9405344,3,1,2,2,3,0,0
9605218,1,1,0,0,0,1,2
9306231,3,1,2,3,3,0,0
9811348,0,0,0,0,0,0,0
9904465,2,1,1,1,2,0,0
11375,5,1,4,10,0,5,16
208046,2,1,1,1,0,2,9
9610486,0,0,0,0,0,0,0
9312266,2,2,0,0,2,0,0
106056,0,0,0,0,0,0,0
112197,2,2,0,0,0,2,8
9812208,1,1,0,0,1,0,0
9902422,1,1,0,0,1,0,0
9218,1,1,0,0,0,1,4
210381,0,0,0,0,0,0,0
1123,1,1,0,0,1,0,0
9603292,0,0,0,0,0,0,0
212305,0,0,0,0,0,0,0
9303314,2,2,0,0,1,1,1
9701352,0,0,0,0,0,0,0
9604219,2,2,0,0,2,0,0
301119,0,0,0,0,0,0,0
106059,0,0,0,0,0,0,0
10251,2,1,1,1,1,1,2
9107,1,1,0,0,0,1,21
9504358,3,3,0,0,0,3,7
9610392,1,1,0,0,1,0,0
9607396,2,1,1,1,0,2,2
112080,1,1,0,0,0,1,2
302202,0,0,0,0,0,0,0
10292,3,3,0,0,0,3,10
9711335,2,1,1,1,1,1,3
207113,0,0,0,0,0,0,0
9705457,1,1,0,0,1,0,0
9807511,0,0,0,0,0,0,0
4147,1,1,0,0,1,0,0
9803209,3,2,1,1,2,1,1
106201,1,1,0,0,0,1,1
111295,1,1,0,0,0,1,4
9810464,0,0,0,0,0,0,0
7178,2,2,0,0,2,0,0
206167,0,0,0,0,0,0,0
112178,1,1,0,0,0,1,1
202251,1,1,0,0,0,1,2
9503324,1,1,0,0,0,1,1
205121,1,1,0,0,0,1,4
211363,1,1,0,0,0,1,24
9907268,5,2,3,5,2,3,4
103108,5,3,2,3,2,3,3
6286,2,2,0,0,1,1,1
9710486,1,1,0,0,1,0,0
7126,0,0,0,0,0,0,0
9810365,0,0,0,0,0,0,0
9310278,0,0,0,0,0,0,0
301018,0,0,0,0,0,0,0
203203,1,1,0,0,1,0,0
209041,0,0,0,0,0,0,0
9909549,6,2,4,8,1,5,13
209214,2,1,1,1,0,2,28
9812301,1,1,0,0,0,1,1
203193,0,0,0,0,0,0,0
9404345,3,2,1,1,3,0,0
202137,0,0,0,0,0,0,0
7253,0,0,0,0,0,0,0
9609415,1,1,0,0,0,1,1
101114,2,1,1,1,1,1,3
9902206,1,1,0,0,1,0,0
9708433,0,0,0,0,0,0,0
9505263,1,1,0,0,0,1,1
104107,1,1,0,0,0,1,2
9810551,0,0,0,0,0,0,0
9812401,0,0,0,0,0,0,0
9812373,0,0,0,0,0,0,0
9902300,3,1,2,3,3,0,0
9612290,2,1,1,1,2,0,0
9810394,0,0,0,0,0,0,0
302129,1,1,0,0,1,0,0
9509367,0,0,0,0,0,0,0
112270,0,0,0,0,0,0,0
9912273,1,1,0,0,0,1,1
9256,0,0,0,0,0,0,0
9501323,5,2,3,3,5,0,0
202179,0,0,0,0,0,0,0
207159,0,0,0,0,0,0,0
9808311,1,1,0,0,0,1,1
204345,0,0,0,0,0,0,0
103085,0,0,0,0,0,0,0
1141,1,1,0,0,0,1,2
1208,2,2,0,0,2,0,0
9311310,0,0,0,0,0,0,0
107027,1,1,0,0,0,1,1
9809225,1,1,0,0,1,0,0
204005,1,1,0,0,0,1,2
9318,1,1,0,0,0,1,2
204049,1,1,0,0,0,1,3
9808259,0,0,0,0,0,0,0
9403294,2,1,1,1,1,1,1
1137,0,0,0,0,0,0,0
9605257,0,0,0,0,0,0,0
9909571,0,0,0,0,0,0,0
12129,0,0,0,0,0,0,0
5273,4,3,1,1,0,4,9
110415,0,0,0,0,0,0,0
206017,0,0,0,0,0,0,0
110055,0,0,0,0,0,0,0
11220,3,1,2,3,0,3,7
9304291,1,1,0,0,1,0,0
6176,0,0,0,0,0,0,0
8202,0,0,0,0,0,0,0
4078,1,1,0,0,1,0,0
6062,0,0,0,0,0,0,0
108097,0,0,0,0,0,0,0
11240,0,0,0,0,0,0,0
9411440,3,2,1,1,0,3,3
201047,3,1,2,3,3,0,0
9303287,1,1,0,0,1,0,0
112213,1,1,0,0,0,1,2
207362,0,0,0,0,0,0,0
9909351,2,1,1,1,0,2,2
102342,1,1,0,0,1,0,0
209284,0,0,0,0,0,0,0
101282,0,0,0,0,0,0,0
9801451,1,1,0,0,1,0,0
9506466,0,0,0,0,0,0,0
9404320,0,0,0,0,0,0,0
1181,0,0,0,0,0,0,0
12033,4,1,3,4,0,4,20
9707520,1,1,0,0,1,0,0
212047,1,1,0,0,0,1,11
208146,0,0,0,0,0,0,0
9805291,1,1,0,0,0,1,6
9612360,0,0,0,0,0,0,0
9701290,0,0,0,0,0,0,0
9912499,1,1,0,0,0,1,10
12090,0,0,0,0,0,0,0
9807357,1,1,0,0,0,1,5
105083,0,0,0,0,0,0,0
107089,0,0,0,0,0,0,0
9909396,1,1,0,0,0,1,1
9401301,1,1,0,0,1,0,0
9504338,2,2,0,0,2,0,0
105040,1,1,0,0,0,1,2
9902403,5,1,4,4,5,0,0
9807338,1,1,0,0,0,1,1
5055,1,1,0,0,1,0,0
9812241,0,0,0,0,0,0,0
9908201,3,1,2,3,1,2,2
112012,0,0,0,0,0,0,0
111449,0,0,0,0,0,0,0
301037,0,0,0,0,0,0,0
206050,0,0,0,0,0,0,0
110297,2,2,0,0,0,2,5
102291,2,2,0,0,2,0,0
9602289,0,0,0,0,0,0,0
209359,0,0,0,0,0,0,0
9412271,4,1,3,4,4,0,0
9909274,0,0,0,0,0,0,0
12314,1,1,0,0,0,1,2
109138,0,0,0,0,0,0,0
105241,0,0,0,0,0,0,0
9910322,0,0,0,0,0,0,0
9612492,0,0,0,0,0,0,0
9908444,0,0,0,0,0,0,0
212005,0,0,0,0,0,0,0
9507249,0,0,0,0,0,0,0
102205,0,0,0,0,0,0,0
9405268,3,3,0,0,0,3,3
9906543,2,2,0,0,0,2,10
102284,1,1,0,0,0,1,2
302127,0,0,0,0,0,0,0
9404269,1,1,0,0,1,0,0
9704318,1,1,0,0,1,0,0
206123,0,0,0,0,0,0,0
206073,1,1,0,0,0,1,14
301004,0,0,0,0,0,0,0
10068,1,1,0,0,1,0,0
9806245,0,0,0,0,0,0,0
102333,1,1,0,0,1,0,0
9909359,0,0,0,0,0,0,0
211294,0,0,0,0,0,0,0
9810317,0,0,0,0,0,0,0
10287,1,1,0,0,0,1,1
9611436,0,0,0,0,0,0,0
9405432,1,1,0,0,1,0,0
111285,1,1,0,0,0,1,4
211143,0,0,0,0,0,0,0
112254,2,2,0,0,0,2,2
9512431,0,0,0,0,0,0,0
9405294,0,0,0,0,0,0,0
9409398,0,0,0,0,0,0,0
12186,0,0,0,0,0,0,0
111282,0,0,0,0,0,0,0
112318,0,0,0,0,0,0,0
210033,0,0,0,0,0,0,0
104015,0,0,0,0,0,0,0
9706342,1,1,0,0,1,0,0
9412338,2,2,0,0,2,0,0
9811391,1,1,0,0,1,0,0
9909264,0,0,0,0,0,0,0
208212,1,1,0,0,1,0,0
301227,0,0,0,0,0,0,0
9706306,2,1,1,1,2,0,0
106001,0,0,0,0,0,0,0
208006,0,0,0,0,0,0,0
1076,0,0,0,0,0,0,0
4240,0,0,0,0,0,0,0
210282,0,0,0,0,0,0,0
9812367,0,0,0,0,0,0,0
12338,1,1,0,0,1,0,0
9801396,1,1,0,0,1,0,0
209292,0,0,0,0,0,0,0
301256,0,0,0,0,0,0,0
11345,0,0,0,0,0,0,0
9709217,0,0,0,0,0,0,0
9712437,0,0,0,0,0,0,0
5048,0,0,0,0,0,0,0
12217,2,2,0,0,0,2,5
111402,0,0,0,0,0,0,0
9705410,0,0,0,0,0,0,0
9907484,0,0,0,0,0,0,0
204187,1,1,0,0,0,1,2
9811319,0,0,0,0,0,0,0
9602308,0,0,0,0,0,0,0
9907464,2,1,1,1,1,1,1
9603344,0,0,0,0,0,0,0
211405,0,0,0,0,0,0,0
9502407,0,0,0,0,0,0,0
9511423,3,2,1,1,3,0,0
9802318,0,0,0,0,0,0,0
212051,0,0,0,0,0,0,0
9806422,0,0,0,0,0,0,0
107258,0,0,0,0,0,0,0
302224,0,0,0,0,0,0,0
211059,0,0,0,0,0,0,0
9909234,0,0,0,0,0,0,0
9305210,0,0,0,0,0,0,0
7271,0,0,0,0,0,0,0
107045,0,0,0,0,0,0,0
210397,0,0,0,0,0,0,0
9501207,1,1,0,0,1,0,0
9412251,2,2,0,0,2,0,0
101204,0,0,0,0,0,0,0
9905411,0,0,0,0,0,0,0
103249,0,0,0,0,0,0,0
105169,0,0,0,0,0,0,0
9807244,0,0,0,0,0,0,0
9508331,0,0,0,0,0,0,0
9806359,0,0,0,0,0,0,0
302110,0,0,0,0,0,0,0
107229,1,1,0,0,1,0,0
105284,2,1,1,1,2,0,0
101096,0,0,0,0,0,0,0
9605390,0,0,0,0,0,0,0
104305,1,1,0,0,1,0,0
112290,1,1,0,0,0,1,2
9802250,0,0,0,0,0,0,0
105036,1,1,0,0,0,1,2
9910418,0,0,0,0,0,0,0
101144,0,0,0,0,0,0,0
204045,0,0,0,0,0,0,0
9810414,0,0,0,0,0,0,0
9602413,0,0,0,0,0,0,0
101352,0,0,0,0,0,0,0
204094,0,0,0,0,0,0,0
9712422,1,1,0,0,1,0,0
9908375,0,0,0,0,0,0,0
8037,1,1,0,0,1,0,0
105125,0,0,0,0,0,0,0
209315,0,0,0,0,0,0,0
9803374,4,2,2,3,0,4,7
9912347,0,0,0,0,0,0,0
201100,0,0,0,0,0,0,0
9505246,2,2,0,0,2,0,0
11079,0,0,0,0,0,0,0
9607415,0,0,0,0,0,0,0
209162,0,0,0,0,0,0,0
9909533,0,0,0,0,0,0,0
211357,0,0,0,0,0,0,0
211458,0,0,0,0,0,0,0
101077,0,0,0,0,0,0,0
9608248,1,1,0,0,1,0,0
9809522,0,0,0,0,0,0,0
108154,0,0,0,0,0,0,0
106020,0,0,0,0,0,0,0
203112,0,0,0,0,0,0,0
9709464,0,0,0,0,0,0,0
209114,0,0,0,0,0,0,0
1131,0,0,0,0,0,0,0
11232,0,0,0,0,0,0,0
9606328,0,0,0,0,0,0,0
110229,0,0,0,0,0,0,0
9405217,1,1,0,0,1,0,0
105202,0,0,0,0,0,0,0
9809305,0,0,0,0,0,0,0
212342,1,1,0,0,0,1,9
9811286,1,1,0,0,0,1,2
208220,0,0,0,0,0,0,0
9606349,0,0,0,0,0,0,0
12114,0,0,0,0,0,0,0
9806204,1,1,0,0,1,0,0
9903537,1,1,0,0,1,0,0
10021,0,0,0,0,0,0,0
9609396,0,0,0,0,0,0,0
207128,0,0,0,0,0,0,0
9510411,0,0,0,0,0,0,0
9409228,0,0,0,0,0,0,0
102208,0,0,0,0,0,0,0
9507431,1,1,0,0,1,0,0
9902376,0,0,0,0,0,0,0
208137,1,1,0,0,1,0,0
203245,0,0,0,0,0,0,0
104159,1,1,0,0,0,1,8
212055,0,0,0,0,0,0,0
9810428,2,2,0,0,2,0,0
9712206,0,0,0,0,0,0,0
9312209,1,1,0,0,1,0,0
9701414,0,0,0,0,0,0,0
12287,0,0,0,0,0,0,0
1099,0,0,0,0,0,0,0
9707528,1,1,0,0,1,0,0
206256,0,0,0,0,0,0,0
9510314,0,0,0,0,0,0,0
302096,0,0,0,0,0,0,0
211391,0,0,0,0,0,0,0
9611295,2,1,1,1,2,0,0
9306312,0,0,0,0,0,0,0
9703416,2,1,1,1,0,2,2
202165,0,0,0,0,0,0,0
210067,0,0,0,0,0,0,0
9403392,1,1,0,0,1,0,0
9406358,0,0,0,0,0,0,0
9908319,1,1,0,0,1,0,0
211319,0,0,0,0,0,0,0
9708479,1,1,0,0,0,1,2
209060,0,0,0,0,0,0,0
9411402,0,0,0,0,0,0,0
9608473,0,0,0,0,0,0,0
9707370,0,0,0,0,0,0,0
2247,0,0,0,0,0,0,0
9507217,0,0,0,0,0,0,0
9411347,0,0,0,0,0,0,0
211202,0,0,0,0,0,0,0
9712326,0,0,0,0,0,0,0
6289,0,0,0,0,0,0,0
211285,0,0,0,0,0,0,0
208164,1,1,0,0,1,0,0
9503237,0,0,0,0,0,0,0
9605343,0,0,0,0,0,0,0
212308,0,0,0,0,0,0,0
12330,0,0,0,0,0,0,0
9906294,0,0,0,0,0,0,0
9904308,0,0,0,0,0,0,0
302045,0,0,0,0,0,0,0
110223,0,0,0,0,0,0,0
12059,0,0,0,0,0,0,0
111320,0,0,0,0,0,0,0
104190,0,0,0,0,0,0,0
106003,0,0,0,0,0,0,0
9302310,1,1,0,0,1,0,0
9909548,0,0,0,0,0,0,0
212214,0,0,0,0,0,0,0
9605245,15,1,14,40,1,14,14
9802394,37,3,34,231,27,10,10
9403341,8,1,7,15,8,0,0
9702321,5,1,4,6,1,4,8
9608317,15,2,13,58,15,0,0
9708357,8,3,5,14,0,8,13
9312324,20,2,18,75,9,11,11
207280,0,0,0,0,0,0,0
9512313,8,1,7,12,0,8,28
8047,3,3,0,0,0,3,3
9209204,2,2,0,0,2,0,0
9508390,13,2,11,44,4,9,9
9601324,22,2,20,97,0,22,22
9809266,8,2,6,12,7,1,2
9605413,24,1,23,158,24,0,0
9909301,7,2,5,9,0,7,101
9802314,46,3,43,293,9,37,47
9903481,20,1,19,96,20,0,0
9602216,22,1,21,94,0,22,56
9810491,24,2,22,129,1,23,198
9311312,23,3,20,78,7,16,25
9804261,2,1,1,1,0,2,6
9303320,23,1,22,96,23,0,0
9401337,6,1,5,11,6,0,0
9801276,7,3,4,9,3,4,8
9510439,38,4,34,191,5,33,69
9811498,18,1,17,54,0,18,181
9405259,12,1,11,32,4,8,8
9404283,77,3,74,910,40,37,56
9804393,4,3,1,1,0,4,20
9909202,31,3,28,184,1,30,72
9303230,82,1,81,911,82,0,0
9701341,32,1,31,158,0,32,346
110037,0,0,0,0,0,0,0
9408316,10,3,7,17,0,10,37
9506201,23,1,22,102,0,23,78
2116,21,2,19,75,0,21,142
9705253,43,2,41,254,0,43,307
9807430,6,1,5,8,0,6,6
9602292,6,3,3,5,0,6,6
9510403,26,3,23,84,0,26,58
9604238,0,0,0,0,0,0,0
9203203,62,9,53,598,62,0,0
9901341,5,1,4,7,3,2,4
9407405,6,2,4,7,6,0,0
9312333,16,2,14,89,4,12,12
9610534,25,1,24,195,25,0,0
9612235,21,1,20,100,3,18,47
9710500,6,4,2,3,0,6,17
9703358,19,2,17,68,0,19,66
9405398,23,3,20,73,23,0,0
9407326,10,1,9,27,5,5,5
9502224,28,2,26,192,28,0,0
9401246,23,5,18,67,0,23,117
9610425,12,3,9,31,0,12,104
9605406,3,2,1,1,0,3,32
9302224,38,4,34,248,19,19,19
9803446,3,3,0,0,0,3,11
9607355,43,1,42,281,17,26,26
9704255,39,6,33,206,0,39,159
9403301,14,3,11,25,5,9,14
9810216,41,3,38,273,1,40,96
9307363,10,1,9,30,10,0,0
9608458,48,1,47,330,2,46,220
9608205,35,2,33,202,3,32,157
9710213,9,2,7,20,0,9,21
9701256,15,5,10,23,0,15,52
109135,9,2,7,18,0,9,115
9904353,66,4,62,677,0,66,510
8207,12,1,11,35,0,12,67
9173,11,3,8,12,0,11,213
206023,8,2,6,15,0,8,45
9209269,23,5,18,82,23,0,0
9712234,14,1,13,56,1,13,39
9605447,13,6,7,9,0,13,65
9904378,35,2,33,253,0,35,110
9405389,32,2,30,142,24,8,8
9603343,12,2,10,21,1,11,34
9706307,7,2,5,12,0,7,64
101208,3,2,1,2,0,3,11
9907482,14,3,11,26,0,14,61
9904404,72,3,69,629,3,69,317
9904382,20,5,15,46,0,20,297
9303299,9,5,4,13,1,8,8
9706507,15,4,11,24,0,15,23
9605451,7,1,6,13,0,7,55
9707402,5,2,3,4,0,5,5
103199,22,3,19,74,0,22,119
9704274,8,1,7,14,8,0,0
9408406,46,2,44,411,46,0,0
9912231,28,2,26,125,1,27,59
9712231,9,3,6,21,0,9,10
9703219,2,1,1,1,0,2,28
102204,71,5,66,810,0,71,241
102193,30,5,25,264,0,30,185
9912324,4,1,3,3,0,4,13
107329,3,3,0,0,0,3,40
9307303,4,2,2,2,4,0,0
10009,11,1,10,31,0,11,63
9603353,10,3,7,9,0,10,25
9702397,7,1,6,8,1,6,6
9806357,11,2,9,17,0,11,40
9910545,7,2,5,12,0,7,17
9505225,9,1,8,25,0,9,44
9711203,0,0,0,0,0,0,0
9503484,31,2,29,141,0,31,54
8049,34,4,30,140,0,34,174
9809217,45,4,41,422,1,44,95
9512418,7,4,3,4,0,7,13
3261,39,1,38,388,0,39,211
201161,22,3,19,77,0,22,383
210369,2,1,1,1,0,2,17
110163,28,0,28,210,0,28,160
9703449,49,1,48,405,4,45,127
9402332,6,2,4,8,6,0,0
9908358,9,3,6,14,0,9,223
9212286,2,1,1,1,0,2,4
9801365,15,2,13,32,2,13,56
9707462,2,1,1,1,0,2,10
9512220,29,4,25,96,4,25,63
9909393,13,5,8,24,0,13,37
1039,5,1,4,5,2,3,3
9904287,5,2,3,7,0,5,23
8292,13,2,11,28,0,13,228
9512227,6,2,4,5,0,6,37
3203,28,1,27,187,0,28,103
9808257,6,2,4,6,3,3,5
9609504,6,2,4,9,4,2,2
9706331,5,1,4,5,5,0,0
9406287,10,1,9,30,10,0,0
9902458,5,1,4,8,0,5,15
9501240,10,1,9,12,10,0,0
9609527,9,3,6,12,0,9,68
9610495,7,1,6,11,7,0,0
9406389,18,7,11,30,0,18,71
9907499,29,2,27,113,0,29,224
9704398,9,2,7,8,1,8,8
101091,14,2,12,47,0,14,46
9912370,1,1,0,0,0,1,6
9604393,15,2,13,25,2,13,13
1312,15,1,14,39,0,15,100
9603410,5,3,2,5,2,3,3
9710529,10,4,6,10,4,6,7
9807397,3,1,2,2,0,3,3
9705475,4,1,3,4,4,0,0
9610238,6,1,5,9,0,6,37
9910388,12,3,9,30,0,12,57
109195,1,1,0,0,0,1,2
9402321,14,2,12,37,4,10,10
9705264,25,2,23,109,0,25,68
9208209,4,2,2,3,4,0,0
9405388,46,4,42,252,46,0,0
9610334,10,4,6,17,0,10,52
9810294,3,2,1,1,0,3,3
9309218,21,2,19,125,15,6,6
9610348,5,3,2,4,0,5,13
9708393,39,3,36,288,2,37,191
9707275,7,4,3,7,0,7,80
11270,8,4,4,6,0,8,83
9606419,13,2,11,22,6,7,7
9807359,3,1,2,3,1,2,2
9607279,7,2,5,11,0,7,19
9704283,12,2,10,28,4,8,15
107061,4,2,2,3,0,4,20
9601390,6,4,2,3,0,6,37
9811369,13,2,11,24,0,13,159
11183,2,2,0,0,0,2,16
103239,2,2,0,0,0,2,13
9507441,5,0,5,10,5,0,0
9310359,3,2,1,2,3,0,0
9701309,26,2,24,88,0,26,304
9808447,3,1,2,2,0,3,17
108249,2,1,1,1,0,2,2
9911247,3,3,0,0,0,3,12
9709449,7,3,4,7,0,7,32
9705248,6,2,4,5,0,6,31
9310338,11,6,5,6,7,4,4
103137,6,3,3,4,0,6,27
9312212,32,1,31,195,32,0,0
9603362,1,1,0,0,0,1,7
9909377,7,1,6,11,0,7,253
9904448,14,3,11,53,0,14,53
9910557,20,1,19,83,0,20,231
106029,7,2,5,10,1,6,6
9710266,1,1,0,0,1,0,0
9806241,7,3,4,6,0,7,12
108037,19,1,18,78,1,18,57
9801298,9,2,7,11,0,9,23
9703338,27,1,26,157,0,27,129
103122,1,1,0,0,0,1,2
9609371,3,2,1,2,3,0,0
105253,10,3,7,23,0,10,91
9508412,1,1,0,0,0,1,1
6307,17,7,10,25,0,17,142
9902449,22,2,20,71,6,16,16
9503318,10,2,8,25,0,10,10
9801410,5,4,1,2,0,5,9
1178,5,1,4,5,0,5,24
9906396,4,1,3,4,1,3,4
9712457,13,2,11,29,13,0,0
9410272,10,3,7,9,3,7,12
1173,0,0,0,0,0,0,0
9907384,8,5,3,4,0,8,19
9212225,2,2,0,0,2,0,0
10175,5,1,4,7,0,5,41
1297,12,4,8,19,0,12,76
9501325,4,2,2,3,0,4,16
9601311,10,4,6,10,2,8,17
9708353,5,1,4,10,0,5,38
2229,12,2,10,23,0,12,44
9610335,2,1,1,1,0,2,6
3068,7,1,6,14,0,7,97
9912435,17,6,11,50,2,15,31
9509238,11,3,8,15,0,11,23
9508337,12,4,8,23,5,7,7
9909304,14,1,13,34,4,10,19
206052,0,0,0,0,0,0,0
9605377,13,4,9,16,0,13,106
4114,27,4,23,118,0,27,141
103004,0,0,0,0,0,0,0
9604311,4,2,2,3,4,0,0
9702430,11,4,7,13,0,11,39
107241,2,2,0,0,0,2,4
9611422,6,1,5,8,0,6,26
103317,3,1,2,2,0,3,32
9401306,3,3,0,0,3,0,0
9611364,13,3,10,27,0,13,79
9912242,5,2,3,5,3,2,3
9412304,9,4,5,9,0,9,52
9505277,10,3,7,14,0,10,14
9911479,4,1,3,5,0,4,11
9905403,2,1,1,1,0,2,24
9908436,0,0,0,0,0,0,0
211315,1,1,0,0,0,1,5
9810499,16,3,13,41,0,16,131
9212252,4,2,2,3,0,4,4
112300,6,2,4,6,0,6,42
9602255,1,1,0,0,0,1,3
9707478,7,1,6,10,7,0,0
3324,2,2,0,0,0,2,8
105149,3,1,2,2,0,3,3
110119,0,0,0,0,0,0,0
7243,7,2,5,8,0,7,82
208132,3,2,1,1,0,3,22
103230,5,3,2,3,5,0,0
9612363,12,3,9,24,1,11,23
207042,7,4,3,5,0,7,52
9712201,12,2,10,33,12,0,0
204021,3,2,1,1,0,3,8
2286,4,2,2,3,0,4,31
1243,12,3,9,30,3,9,20
9507287,7,3,4,7,0,7,30
9403223,19,1,18,86,19,0,0
9710220,1,1,0,0,0,1,1
204060,3,3,0,0,0,3,14
101042,20,3,17,65,0,20,208
7082,11,2,9,16,0,11,32
101306,3,3,0,0,0,3,11
9607370,7,4,3,4,3,4,6
9412314,1,1,0,0,1,0,0
101249,4,2,2,3,0,4,84
9405236,9,2,7,13,9,0,0
9608444,2,1,1,1,0,2,7
101342,4,4,0,0,0,4,11
9611463,11,1,10,25,1,10,30
9607376,6,1,5,13,6,0,0
9309246,3,2,1,1,0,3,8
9609368,4,2,2,2,0,4,32
9802202,0,0,0,0,0,0,0
9811375,16,2,14,39,4,12,12
102097,13,1,12,42,0,13,105
9603349,11,6,5,10,1,10,17
9302286,3,3,0,0,3,0,0
9610437,7,1,6,12,4,3,3
9908483,7,3,4,4,3,4,4
9906452,22,2,20,121,0,22,93
9901277,4,3,1,1,0,4,28
9803348,1,1,0,0,0,1,1
102061,1,1,0,0,0,1,8
9406201,1,1,0,0,1,0,0
9904282,6,1,5,13,0,6,46
9612219,1,1,0,0,1,0,0
9707320,5,2,3,5,5,0,0
9909564,3,2,1,1,0,3,22
9611438,19,2,17,88,7,12,17
9608340,3,1,2,2,0,3,12
109181,8,2,6,13,0,8,25
9401264,3,3,0,0,3,0,0
9901225,1,1,0,0,1,0,0
9908274,1,1,0,0,0,1,3
9506273,25,2,23,93,0,25,206
102206,7,1,6,15,0,7,7
211065,0,0,0,0,0,0,0
9507359,3,2,1,1,0,3,7
9406273,1,1,0,0,1,0,0
9612467,1,1,0,0,1,0,0
9512311,6,4,2,2,3,3,3
9309286,3,2,1,1,3,0,0
9409270,5,1,4,5,5,0,0
9705302,5,2,3,5,5,0,0
9603393,7,1,6,11,7,0,0
9706538,3,2,1,2,0,3,6
9805250,5,2,3,6,0,5,16
9911506,1,1,0,0,0,1,3
9606254,9,1,8,15,0,9,9
9502416,7,4,3,6,7,0,0
102036,0,0,0,0,0,0,0
5142,2,1,1,1,0,2,33
9308241,7,3,4,10,7,0,0
7010,8,4,4,5,0,8,64
9808236,0,0,0,0,0,0,0
9609475,0,0,0,0,0,0,0
9712399,2,1,1,1,0,2,6
9612274,2,1,1,1,2,0,0
9405208,1,1,0,0,0,1,2
3228,1,1,0,0,1,0,0
201245,2,2,0,0,0,2,2
9903309,1,1,0,0,0,1,3
209069,0,0,0,0,0,0,0
112200,0,0,0,0,0,0,0
103217,18,2,16,52,0,18,204
9906221,9,1,8,20,0,9,80
9912227,6,3,3,3,5,1,1
9603361,1,1,0,0,0,1,2
9407351,5,2,3,5,2,3,3
9406342,4,1,3,3,4,0,0
9701212,6,2,4,5,6,0,0
112360,4,2,2,3,0,4,10
110002,16,1,15,40,1,15,15
9911260,2,1,1,1,0,2,5
9807527,5,3,2,3,0,5,30
9805396,7,3,4,8,0,7,21
9408248,8,5,3,4,0,8,14
9909408,9,3,6,13,0,9,61
9809527,5,2,3,4,2,3,5
9906486,10,1,9,35,1,9,33
9901235,2,1,1,1,0,2,12
106160,0,0,0,0,0,0,0
9812210,2,2,0,0,0,2,8
106081,22,8,14,21,0,22,95
9811251,5,1,4,6,0,5,33
9902244,0,0,0,0,0,0,0
9611206,11,1,10,19,1,10,18
204334,4,2,2,4,0,4,22
9511387,9,4,5,7,0,9,39
5255,4,2,2,3,4,0,0
104058,2,2,0,0,0,2,6
9811237,15,3,12,29,0,15,78
9508403,19,3,16,29,19,0,0
7277,4,4,0,0,0,4,12
9811268,6,2,4,7,0,6,11
4005,0,0,0,0,0,0,0
206034,11,1,10,24,0,11,140
9903483,0,0,0,0,0,0,0
9808258,4,1,3,3,0,4,17
104027,1,1,0,0,0,1,13
204180,3,2,1,1,0,3,17
202158,5,1,4,5,0,5,20
9912540,5,1,4,10,5,0,0
9609385,13,2,11,36,13,0,0
9411217,28,1,27,121,8,20,31
9708310,13,2,11,29,0,13,62
9811441,0,0,0,0,0,0,0
108121,3,2,1,2,0,3,36
9503226,8,1,7,11,8,0,0
103197,4,2,2,4,4,0,0
9803416,3,3,0,0,0,3,5
9308209,2,1,1,1,2,0,0
101046,1,1,0,0,0,1,11
9806432,5,2,3,4,1,4,4
8313,0,0,0,0,0,0,0
9708285,0,0,0,0,0,0,0
103275,12,1,11,17,1,11,35
9308263,17,2,15,34,1,16,16
210173,4,1,3,3,0,4,58
9703369,10,2,8,19,0,10,76
9305293,8,1,7,8,0,8,8
9606296,1,1,0,0,0,1,1
9510237,0,0,0,0,0,0,0
12128,1,1,0,0,0,1,6
9307226,5,3,2,2,5,0,0
9803483,6,2,4,11,6,0,0
9610380,2,2,0,0,2,0,0
9606377,8,2,6,13,0,8,25
9404275,2,2,0,0,2,0,0
9232,15,2,13,57,0,15,83
202115,1,1,0,0,0,1,1
211293,0,0,0,0,0,0,0
9310257,5,2,3,4,5,0,0
10015,1,1,0,0,0,1,4
3196,5,2,3,5,2,3,3
9212209,2,2,0,0,2,0,0
202086,8,5,3,7,0,8,76
11168,2,1,1,1,0,2,4
9701277,6,2,4,9,0,6,63
9905405,0,0,0,0,0,0,0
9710408,0,0,0,0,0,0,0
9805480,0,0,0,0,0,0,0
9502220,1,1,0,0,1,0,0
9807398,1,1,0,0,0,1,1
4246,3,1,2,3,3,0,0
9212218,4,2,2,2,4,0,0
9805223,3,2,1,1,0,3,22
102144,1,1,0,0,1,0,0
107279,3,2,1,1,0,3,31
9911338,3,1,2,2,0,3,3
206072,4,2,2,4,0,4,86
106229,2,1,1,1,0,2,2
9608242,5,3,2,3,0,5,32
9208253,7,2,5,7,7,0,0
9903387,0,0,0,0,0,0,0
9702330,1,1,0,0,1,0,0
9911471,4,2,2,3,4,0,0
9706497,2,2,0,0,0,2,12
9807418,1,1,0,0,0,1,2
2089,3,2,1,1,0,3,31
9704400,0,0,0,0,0,0,0
9502226,3,1,2,3,3,0,0
4008,4,3,1,2,0,4,43
9703411,5,2,3,8,0,5,5
11221,5,1,4,6,3,2,3
211349,0,0,0,0,0,0,0
5029,8,2,6,18,3,5,5
101102,2,1,1,1,2,0,0
9507300,1,1,0,0,1,0,0
12089,5,2,3,6,0,5,12
4006,0,0,0,0,0,0,0
9212264,1,1,0,0,1,0,0
9507265,7,1,6,15,0,7,53
9612201,1,1,0,0,0,1,1
9802387,17,2,15,35,1,16,21
9705296,6,2,4,4,0,6,22
9706319,1,1,0,0,0,1,1
9911386,0,0,0,0,0,0,0
9207222,9,3,6,12,9,0,0
4113,3,3,0,0,0,3,14
207261,2,1,1,1,2,0,0
301143,1,1,0,0,0,1,6
212147,6,1,5,11,0,6,38
9602269,2,2,0,0,0,2,4
9305248,6,1,5,14,6,0,0
9512355,8,3,5,15,8,0,0
9707376,2,1,1,1,2,0,0
9912525,7,1,6,10,0,7,32
206110,5,2,3,6,0,5,56
9810416,7,2,5,15,0,7,26
9804216,1,1,0,0,1,0,0
8252,4,2,2,3,1,3,3
9902463,0,0,0,0,0,0,0
9202,1,1,0,0,0,1,3
9802344,0,0,0,0,0,0,0
206064,0,0,0,0,0,0,0
105015,0,0,0,0,0,0,0
9804430,5,1,4,9,0,5,7
8163,3,3,0,0,0,3,19
106082,1,1,0,0,0,1,14
9811482,1,1,0,0,0,1,7
201015,1,1,0,0,0,1,3
9608255,2,1,1,1,0,2,8
9312358,3,3,0,0,3,0,0
2151,8,2,6,16,0,8,45
9304259,3,2,1,1,3,0,0
9906288,2,2,0,0,0,2,2
9911448,0,0,0,0,0,0,0
9606277,8,3,5,7,0,8,15
109283,1,1,0,0,0,1,1
207171,0,0,0,0,0,0,0
211181,4,2,2,2,0,4,8
9805345,4,1,3,4,0,4,9
9408277,1,1,0,0,1,0,0
9907356,1,1,0,0,0,1,4
9502207,5,3,2,3,2,3,6
9903338,1,1,0,0,1,0,0
9506391,7,3,4,8,0,7,15
9608305,3,1,2,2,0,3,3
109182,2,2,0,0,0,2,4
9904479,0,0,0,0,0,0,0
9603323,2,1,1,1,2,0,0
8233,1,1,0,0,1,0,0
9401315,3,1,2,2,3,0,0
9304319,10,3,7,21,10,0,0
9912350,0,0,0,0,0,0,0
9708362,2,2,0,0,0,2,5
209145,1,1,0,0,0,1,3
9908459,0,0,0,0,0,0,0
9601376,12,1,11,38,0,12,22
9907270,6,4,2,2,6,0,0
211305,0,0,0,0,0,0,0
9905540,1,1,0,0,0,1,5
103214,1,1,0,0,0,1,2
9803230,0,0,0,0,0,0,0
9811314,1,1,0,0,1,0,0
102044,1,1,0,0,0,1,3
9812323,0,0,0,0,0,0,0
9903444,3,2,1,1,0,3,4
9805282,5,1,4,9,0,5,35
9601300,0,0,0,0,0,0,0
5098,1,1,0,0,0,1,5
9705205,2,1,1,1,2,0,0
104044,3,1,2,2,0,3,46
209301,2,2,0,0,1,1,1
9901226,5,5,0,0,0,5,5
9909271,3,3,0,0,0,3,9
103278,1,1,0,0,1,0,0
103011,0,0,0,0,0,0,0
9805446,1,1,0,0,0,1,2
9211252,3,1,2,2,3,0,0
9708461,3,2,1,2,0,3,13
9501258,0,0,0,0,0,0,0
9407230,1,1,0,0,1,0,0
210123,1,1,0,0,0,1,7
9809283,2,2,0,0,2,0,0
9808326,5,1,4,9,3,2,4
112228,4,1,3,6,4,0,0
9811483,2,2,0,0,2,0,0
107182,2,2,0,0,0,2,4
9809320,5,3,2,3,0,5,9
9712353,6,2,4,7,1,5,16
12325,0,0,0,0,0,0,0
210206,2,2,0,0,0,2,29
9912532,4,3,1,1,4,0,0
109211,0,0,0,0,0,0,0
9812346,9,1,8,20,3,6,6
9812427,7,3,4,6,0,7,42
12025,2,1,1,1,2,0,0
9904388,3,3,0,0,0,3,40
210435,0,0,0,0,0,0,0
9909499,6,2,4,12,6,0,0
9308353,2,1,1,1,2,0,0
9704405,14,1,13,47,0,14,32
102293,0,0,0,0,0,0,0
9509364,1,1,0,0,0,1,1
9312304,8,4,4,5,0,8,26
9606270,0,0,0,0,0,0,0
9302313,6,2,4,10,6,0,0
9911482,6,1,5,9,0,6,32
9709329,2,1,1,1,0,2,16
9610254,0,0,0,0,0,0,0
109109,1,1,0,0,0,1,3
9906463,2,1,1,1,0,2,18
7037,0,0,0,0,0,0,0
109023,1,1,0,0,0,1,5
9302246,3,3,0,0,3,0,0
101241,4,1,3,5,0,4,5
9909470,3,1,2,3,0,3,17
9904454,2,1,1,1,0,2,18
11074,7,2,5,11,0,7,80
9709353,19,4,15,34,1,18,60
10030,11,1,10,31,3,8,24
9347,0,0,0,0,0,0,0
207255,2,2,0,0,1,1,1
203270,5,2,3,4,0,5,19
9809441,1,1,0,0,1,0,0
9604230,2,2,0,0,0,2,5
4105,0,0,0,0,0,0,0
9704204,2,2,0,0,0,2,5
9511395,0,0,0,0,0,0,0
9511281,1,1,0,0,0,1,5
9901360,4,2,2,5,2,2,2
9609375,2,2,0,0,1,1,3
9911365,2,1,1,1,0,2,10
9603422,2,2,0,0,2,0,0
9311227,4,3,1,2,1,3,3
9407334,3,2,1,1,0,3,4
207059,2,2,0,0,0,2,3
5014,3,1,2,2,0,3,3
9708371,2,1,1,1,0,2,5
9903531,5,4,1,1,0,5,55
9508317,8,2,6,15,1,7,7
9901387,5,2,3,5,0,5,24
9802310,4,2,2,3,4,0,0
9502334,10,2,8,13,10,0,0
203164,0,0,0,0,0,0,0
301128,0,0,0,0,0,0,0
102082,0,0,0,0,0,0,0
5147,4,3,1,1,4,0,0
9812508,1,1,0,0,0,1,1
201166,4,1,3,6,0,4,8
9509271,7,2,5,7,7,0,0
202011,3,1,2,2,0,3,4
102053,3,3,0,0,0,3,20
11065,0,0,0,0,0,0,0
110348,4,2,2,3,0,4,21
211127,0,0,0,0,0,0,0
5264,0,0,0,0,0,0,0
3148,2,2,0,0,0,2,3
9703270,3,2,1,1,3,0,0
103334,0,0,0,0,0,0,0
9409272,2,1,1,1,0,2,4
208130,2,2,0,0,0,2,6
9706318,0,0,0,0,0,0,0
104300,14,2,12,26,0,14,242
210325,0,0,0,0,0,0,0
9809276,0,0,0,0,0,0,0
9609422,1,1,0,0,0,1,3
9705438,1,1,0,0,0,1,1
8134,0,0,0,0,0,0,0
9402356,0,0,0,0,0,0,0
112123,0,0,0,0,0,0,0
301279,0,0,0,0,0,0,0
106047,1,1,0,0,1,0,0
9804271,0,0,0,0,0,0,0
6015,2,2,0,0,0,2,4
9507215,6,1,5,14,6,0,0
9206252,4,1,3,6,0,4,4
10331,2,1,1,1,0,2,2
301154,0,0,0,0,0,0,0
9704211,0,0,0,0,0,0,0
9901316,2,2,0,0,0,2,26
9409258,1,1,0,0,1,0,0
209126,1,1,0,0,0,1,1
5149,3,1,2,2,0,3,37
9704390,1,1,0,0,1,0,0
9612206,0,0,0,0,0,0,0
9607477,1,1,0,0,1,0,0
206074,3,2,1,1,1,2,3
9903409,1,1,0,0,1,0,0
1209,4,3,1,2,0,4,4
9802307,4,2,2,3,4,0,0
9502306,3,3,0,0,3,0,0
9307250,8,2,6,11,8,0,0
9402273,0,0,0,0,0,0,0
111366,0,0,0,0,0,0,0
212352,0,0,0,0,0,0,0
208075,0,0,0,0,0,0,0
9903272,3,1,2,3,3,0,0
210060,1,1,0,0,0,1,11
9308257,5,3,2,2,5,0,0
9712367,5,5,0,0,1,4,6
9902363,0,0,0,0,0,0,0
9507304,5,1,4,5,5,0,0
9809439,3,2,1,1,2,1,1
9403405,1,1,0,0,1,0,0
9909246,3,1,2,2,0,3,15
9810212,0,0,0,0,0,0,0
9504395,4,1,3,3,0,4,4
9510404,0,0,0,0,0,0,0
112347,1,1,0,0,0,1,10
9805249,1,1,0,0,1,0,0
9904312,2,2,0,0,0,2,2
211434,1,1,0,0,0,1,19
9409395,2,2,0,0,2,0,0
9501295,1,1,0,0,0,1,2
9711206,6,2,4,8,1,5,9
9701298,0,0,0,0,0,0,0
10128,4,2,2,2,0,4,21
201217,3,1,2,3,0,3,9
101211,3,1,2,2,3,0,0
211194,1,1,0,0,1,0,0
9206261,1,1,0,0,1,0,0
9705351,2,1,1,1,0,2,4
9308341,1,1,0,0,1,0,0
9305337,3,2,1,1,3,0,0
208222,0,0,0,0,0,0,0
9409283,0,0,0,0,0,0,0
9505415,0,0,0,0,0,0,0
9411428,2,1,1,1,0,2,3
205212,0,0,0,0,0,0,0
9503488,2,2,0,0,0,2,12
9804463,1,1,0,0,0,1,3
107072,3,1,2,3,0,3,13
9403374,4,3,1,1,4,0,0
9703243,0,0,0,0,0,0,0
209168,0,0,0,0,0,0,0
103057,7,1,6,7,1,6,10
8061,2,1,1,1,0,2,23
208126,1,1,0,0,0,1,1
9605321,2,1,1,1,2,0,0
9401203,1,1,0,0,1,0,0
9903551,1,1,0,0,1,0,0
9805464,1,1,0,0,0,1,3
210073,1,1,0,0,0,1,5
9610207,1,1,0,0,0,1,1
9610547,2,2,0,0,2,0,0
9908399,2,2,0,0,0,2,19
210414,1,1,0,0,0,1,4
12347,0,0,0,0,0,0,0
9214,2,2,0,0,0,2,5
9911507,3,2,1,2,0,3,42
111009,0,0,0,0,0,0,0
9709396,0,0,0,0,0,0,0
9903318,2,2,0,0,0,2,4
202069,2,1,1,1,0,2,6
9611245,0,0,0,0,0,0,0
7067,1,1,0,0,0,1,3
9511244,0,0,0,0,0,0,0
112343,1,1,0,0,0,1,13
9804279,0,0,0,0,0,0,0
9610311,2,2,0,0,1,1,1
107037,1,1,0,0,0,1,1
9502292,2,1,1,1,2,0,0
9610539,0,0,0,0,0,0,0
9605404,1,1,0,0,0,1,1
9807538,1,1,0,0,0,1,5
204063,0,0,0,0,0,0,0
110145,1,1,0,0,0,1,7
9708280,1,1,0,0,1,0,0
103089,1,1,0,0,0,1,4
9612430,0,0,0,0,0,0,0
106211,4,2,2,2,0,4,15
208141,4,2,2,3,0,4,87
9811364,7,2,5,13,7,0,0
9910203,4,1,3,4,4,0,0
9603228,4,2,2,3,4,0,0
9706351,0,0,0,0,0,0,0
109101,0,0,0,0,0,0,0
9806229,1,1,0,0,0,1,8
9407210,0,0,0,0,0,0,0
211068,0,0,0,0,0,0,0
9912428,1,1,0,0,1,0,0
111031,0,0,0,0,0,0,0
102195,3,2,1,1,1,2,5
7269,8,1,7,26,8,0,0
9901270,0,0,0,0,0,0,0
101055,0,0,0,0,0,0,0
302091,0,0,0,0,0,0,0
103233,4,3,1,1,3,1,1
3240,2,1,1,1,0,2,4
9511226,0,0,0,0,0,0,0
7097,1,1,0,0,0,1,2
9509400,0,0,0,0,0,0,0
9404221,2,2,0,0,2,0,0
9501206,3,2,1,1,3,0,0
6335,2,1,1,1,0,2,4
9809374,0,0,0,0,0,0,0
9407301,0,0,0,0,0,0,0
9406326,0,0,0,0,0,0,0
9903342,0,0,0,0,0,0,0
201012,0,0,0,0,0,0,0
9708491,2,2,0,0,0,2,10
111308,0,0,0,0,0,0,0
210329,0,0,0,0,0,0,0
205326,0,0,0,0,0,0,0
9706296,1,1,0,0,0,1,5
111081,0,0,0,0,0,0,0
9607211,3,1,2,2,3,0,0
103107,2,2,0,0,2,0,0
205260,2,2,0,0,2,0,0
102198,0,0,0,0,0,0,0
106355,1,1,0,0,1,0,0
9810463,5,3,2,2,0,5,7
9305236,0,0,0,0,0,0,0
9812351,1,1,0,0,1,0,0
10219,0,0,0,0,0,0,0
210334,0,0,0,0,0,0,0
9801258,0,0,0,0,0,0,0
9512243,3,1,2,3,3,0,0
9807215,2,1,1,1,2,0,0
301072,2,2,0,0,0,2,18
9708361,1,1,0,0,1,0,0
9407349,1,1,0,0,0,1,1
102330,0,0,0,0,0,0,0
212250,0,0,0,0,0,0,0
9911240,0,0,0,0,0,0,0
9708471,1,1,0,0,1,0,0
302059,0,0,0,0,0,0,0
110412,1,1,0,0,0,1,3
110184,1,1,0,0,0,1,10
103336,0,0,0,0,0,0,0
9912202,2,1,1,1,0,2,4
9710338,0,0,0,0,0,0,0
9807352,0,0,0,0,0,0,0
8171,2,2,0,0,0,2,8
9304297,1,1,0,0,1,0,0
12168,0,0,0,0,0,0,0
9504257,1,1,0,0,1,0,0
105300,1,1,0,0,0,1,1
8101,0,0,0,0,0,0,0
110311,1,1,0,0,0,1,6
9603221,0,0,0,0,0,0,0
208023,0,0,0,0,0,0,0
9811502,0,0,0,0,0,0,0
9802402,0,0,0,0,0,0,0
2274,0,0,0,0,0,0,0
208247,1,1,0,0,0,1,2
107021,0,0,0,0,0,0,0
9701380,0,0,0,0,0,0,0
12265,0,0,0,0,0,0,0
9308236,5,5,0,0,5,0,0
302007,0,0,0,0,0,0,0
12150,3,2,1,1,0,3,16
9803302,0,0,0,0,0,0,0
203032,0,0,0,0,0,0,0
9812318,0,0,0,0,0,0,0
9708391,4,3,1,1,0,4,20
9810407,0,0,0,0,0,0,0
9504213,2,1,1,1,2,0,0
9910311,0,0,0,0,0,0,0
207078,1,1,0,0,0,1,1
111118,0,0,0,0,0,0,0
9705445,1,1,0,0,1,0,0
10272,0,0,0,0,0,0,0
9606265,1,1,0,0,0,1,1
9905284,0,0,0,0,0,0,0
9807493,3,3,0,0,0,3,5
202162,0,0,0,0,0,0,0
9804448,1,1,0,0,0,1,1
4229,0,0,0,0,0,0,0
9802317,1,1,0,0,1,0,0
9805347,1,1,0,0,0,1,2
9909354,2,1,1,1,0,2,4
9807476,2,2,0,0,2,0,0
105343,0,0,0,0,0,0,0
212008,0,0,0,0,0,0,0
206130,1,1,0,0,0,1,1
5169,1,1,0,0,0,1,4
12269,0,0,0,0,0,0,0
9409366,0,0,0,0,0,0,0
9902284,0,0,0,0,0,0,0
9805324,3,2,1,2,0,3,3
9808285,1,1,0,0,0,1,2
208274,0,0,0,0,0,0,0
9704240,1,1,0,0,0,1,3
9805511,0,0,0,0,0,0,0
206275,0,0,0,0,0,0,0
107303,0,0,0,0,0,0,0
9707324,1,1,0,0,1,0,0
209180,0,0,0,0,0,0,0
9412351,0,0,0,0,0,0,0
9611464,0,0,0,0,0,0,0
9707261,0,0,0,0,0,0,0
9908275,0,0,0,0,0,0,0
3137,0,0,0,0,0,0,0
107238,1,1,0,0,0,1,3
12065,0,0,0,0,0,0,0
207205,0,0,0,0,0,0,0
9502212,0,0,0,0,0,0,0
109236,0,0,0,0,0,0,0
9610519,0,0,0,0,0,0,0
6125,0,0,0,0,0,0,0
9907367,0,0,0,0,0,0,0
9809408,0,0,0,0,0,0,0
109284,0,0,0,0,0,0,0
103307,0,0,0,0,0,0,0
9902480,0,0,0,0,0,0,0
9903530,0,0,0,0,0,0,0
9609387,0,0,0,0,0,0,0
9809231,0,0,0,0,0,0,0
208182,0,0,0,0,0,0,0
9805312,0,0,0,0,0,0,0
103185,3,1,2,2,3,0,0
9412233,2,2,0,0,2,0,0
9210237,1,1,0,0,1,0,0
9804315,0,0,0,0,0,0,0
9909306,0,0,0,0,0,0,0
107228,1,1,0,0,1,0,0
9511365,0,0,0,0,0,0,0
9909520,1,1,0,0,1,0,0
206179,1,1,0,0,0,1,7
111074,0,0,0,0,0,0,0
301054,0,0,0,0,0,0,0
9907543,0,0,0,0,0,0,0
11340,1,1,0,0,0,1,3
10341,0,0,0,0,0,0,0
102123,2,1,1,1,2,0,0
112229,0,0,0,0,0,0,0
9904401,1,1,0,0,0,1,1
202207,1,1,0,0,0,1,3
9712433,0,0,0,0,0,0,0
9912535,0,0,0,0,0,0,0
9806447,1,1,0,0,0,1,1
112072,0,0,0,0,0,0,0
9706405,1,1,0,0,1,0,0
208149,0,0,0,0,0,0,0
9504362,1,1,0,0,0,1,2
205316,1,1,0,0,0,1,2
9904265,2,2,0,0,1,1,1
5329,0,0,0,0,0,0,0
9701407,3,3,0,0,3,0,0
9712396,0,0,0,0,0,0,0
9802343,0,0,0,0,0,0,0
9802355,0,0,0,0,0,0,0
9601378,0,0,0,0,0,0,0
9812291,1,1,0,0,1,0,0
10158,0,0,0,0,0,0,0
9811213,1,1,0,0,0,1,2
205021,0,0,0,0,0,0,0
9612273,1,1,0,0,0,1,1
109105,0,0,0,0,0,0,0
207294,2,2,0,0,0,2,2
9310300,0,0,0,0,0,0,0
202091,0,0,0,0,0,0,0
9510360,1,1,0,0,0,1,2
9808398,0,0,0,0,0,0,0
9608298,0,0,0,0,0,0,0
9803486,3,3,0,0,3,0,0
207169,1,1,0,0,0,1,6
211346,0,0,0,0,0,0,0
9604304,0,0,0,0,0,0,0
9706290,0,0,0,0,0,0,0
3158,1,1,0,0,1,0,0
9711237,0,0,0,0,0,0,0
12027,0,0,0,0,0,0,0
9511393,0,0,0,0,0,0,0
7356,2,2,0,0,1,1,1
101011,2,1,1,1,2,0,0
9706440,0,0,0,0,0,0,0
110183,0,0,0,0,0,0,0
10047,1,1,0,0,0,1,2
11300,1,1,0,0,0,1,3
101191,0,0,0,0,0,0,0
211397,0,0,0,0,0,0,0
212274,2,1,1,1,2,0,0
204226,0,0,0,0,0,0,0
9904462,0,0,0,0,0,0,0
301254,0,0,0,0,0,0,0
212192,0,0,0,0,0,0,0
205140,0,0,0,0,0,0,0
9809592,1,1,0,0,1,0,0
9711445,0,0,0,0,0,0,0
210311,0,0,0,0,0,0,0
9408227,1,1,0,0,1,0,0
9812419,0,0,0,0,0,0,0
104188,0,0,0,0,0,0,0
9909363,0,0,0,0,0,0,0
11162,0,0,0,0,0,0,0
9512422,0,0,0,0,0,0,0
107042,1,1,0,0,1,0,0
112033,0,0,0,0,0,0,0
9803353,0,0,0,0,0,0,0
103190,1,1,0,0,1,0,0
111352,0,0,0,0,0,0,0
101062,1,1,0,0,0,1,1
11367,0,0,0,0,0,0,0
203086,0,0,0,0,0,0,0
301048,0,0,0,0,0,0,0
9507290,2,2,0,0,2,0,0
9605338,0,0,0,0,0,0,0
212179,0,0,0,0,0,0,0
211417,0,0,0,0,0,0,0
209140,1,1,0,0,0,1,3
211064,0,0,0,0,0,0,0
9603401,0,0,0,0,0,0,0
206132,0,0,0,0,0,0,0
208111,1,1,0,0,0,1,4
210101,0,0,0,0,0,0,0
9307308,0,0,0,0,0,0,0
9609336,0,0,0,0,0,0,0
211242,0,0,0,0,0,0,0
205152,0,0,0,0,0,0,0
9906279,0,0,0,0,0,0,0
201096,0,0,0,0,0,0,0
3244,1,1,0,0,0,1,11
9905454,0,0,0,0,0,0,0
9805374,0,0,0,0,0,0,0
104212,0,0,0,0,0,0,0
206176,0,0,0,0,0,0,0
9804452,2,2,0,0,2,0,0
208250,0,0,0,0,0,0,0
110048,0,0,0,0,0,0,0
209195,0,0,0,0,0,0,0
1127,1,1,0,0,0,1,2
301258,0,0,0,0,0,0,0
9902474,0,0,0,0,0,0,0
9608236,0,0,0,0,0,0,0
206211,1,1,0,0,0,1,15
9309205,1,1,0,0,0,1,6
211369,0,0,0,0,0,0,0
9708422,0,0,0,0,0,0,0
9807387,0,0,0,0,0,0,0
9911208,0,0,0,0,0,0,0
210421,0,0,0,0,0,0,0
9801247,0,0,0,0,0,0,0
9810444,0,0,0,0,0,0,0
9801220,0,0,0,0,0,0,0
7074,0,0,0,0,0,0,0
7130,1,1,0,0,1,0,0
9511202,0,0,0,0,0,0,0
104209,0,0,0,0,0,0,0
9805276,0,0,0,0,0,0,0
9507383,0,0,0,0,0,0,0
9504249,0,0,0,0,0,0,0
302218,0,0,0,0,0,0,0
9803293,0,0,0,0,0,0,0
9609421,1,1,0,0,0,1,4
10076,0,0,0,0,0,0,0
210220,0,0,0,0,0,0,0
9805381,0,0,0,0,0,0,0
11066,0,0,0,0,0,0,0
9409328,0,0,0,0,0,0,0
111228,0,0,0,0,0,0,0
7147,0,0,0,0,0,0,0
105068,0,0,0,0,0,0,0
111369,0,0,0,0,0,0,0
201196,0,0,0,0,0,0,0
11390,0,0,0,0,0,0,0
206161,0,0,0,0,0,0,0
9812480,0,0,0,0,0,0,0
9905449,0,0,0,0,0,0,0
207058,0,0,0,0,0,0,0
9707288,0,0,0,0,0,0,0
9505312,0,0,0,0,0,0,0
9805267,0,0,0,0,0,0,0
9910529,0,0,0,0,0,0,0
9507405,0,0,0,0,0,0,0
207117,0,0,0,0,0,0,0
9802385,0,0,0,0,0,0,0
9605373,1,1,0,0,1,0,0
9910507,0,0,0,0,0,0,0
302026,0,0,0,0,0,0,0
209291,0,0,0,0,0,0,0
212066,0,0,0,0,0,0,0
207187,0,0,0,0,0,0,0
209123,0,0,0,0,0,0,0
9812271,1,1,0,0,1,0,0
210191,0,0,0,0,0,0,0
9911469,0,0,0,0,0,0,0
210138,0,0,0,0,0,0,0
209196,0,0,0,0,0,0,0
111072,0,0,0,0,0,0,0
9911445,0,0,0,0,0,0,0
9911234,0,0,0,0,0,0,0
9608353,0,0,0,0,0,0,0
9508214,0,0,0,0,0,0,0
211423,0,0,0,0,0,0,0
9610282,9,2,7,17,0,9,16
9804363,32,2,30,166,12,20,20
9407406,5,4,1,1,5,0,0
9703412,6,4,2,2,0,6,18
9808468,21,2,19,83,3,18,49
9710372,22,4,18,76,1,21,106
9409315,11,1,10,28,6,5,15
11078,2,2,0,0,2,0,0
9603227,13,5,8,18,0,13,53
9810383,5,2,3,3,5,0,0
9301295,6,3,3,5,1,5,5
9801208,24,2,22,125,24,0,0
9311281,34,2,32,163,3,31,31
9710476,4,2,2,3,4,0,0
9607437,49,2,47,447,26,23,23
9910516,4,1,3,3,0,4,40
9806294,33,2,31,213,10,23,51
9808451,21,4,17,64,0,21,132
9510367,6,5,1,1,0,6,31
9812344,25,2,23,126,3,22,45
9807341,2,2,0,0,0,2,6
9305290,7,2,5,11,7,0,0
9808205,19,5,14,44,0,19,123
9404334,6,1,5,11,6,0,0
9805386,6,3,3,4,0,6,16
9601387,37,5,32,142,1,36,87
9901254,42,3,39,241,0,42,133
9607447,28,2,26,111,6,22,43
9506260,25,1,24,105,25,0,0
9809204,12,5,7,11,0,12,105
9910237,30,2,28,171,1,29,232
9405345,21,2,19,115,3,18,18
9701394,12,2,10,31,0,12,60
5292,5,2,3,3,5,0,0
9409396,10,3,7,14,0,10,39
9507284,34,3,31,164,0,34,327
9511255,23,2,21,139,0,23,104
9707482,22,4,18,84,0,22,254
9908353,5,2,3,3,0,5,10
9807275,6,2,4,5,6,0,0
9603237,35,6,29,153,0,35,126
9208260,7,4,3,4,7,0,0
9204228,22,3,19,150,22,0,0
9909288,2,2,0,0,0,2,2
9808429,6,3,3,5,0,6,24
9403226,47,1,46,537,12,35,59
9701294,38,1,37,338,17,21,21
9701303,35,1,34,228,1,34,116
9707375,1,1,0,0,0,1,1
9703359,19,1,18,78,3,16,33
9406233,9,1,8,11,9,0,0
9703446,5,2,3,3,0,5,16
9702276,19,3,16,87,1,18,47
9403249,31,3,28,97,1,30,47
9704245,10,2,8,19,0,10,101
9610471,7,4,3,6,0,7,68
9212305,22,2,20,122,22,0,0
9605317,34,2,32,195,19,15,15
9411409,36,4,32,216,36,0,0
9803473,25,4,21,78,0,25,104
9501229,5,1,4,5,1,4,4
9810313,24,2,22,135,0,24,138
9312245,7,2,5,6,7,0,0
9610477,39,1,38,250,0,39,238
9702244,29,2,27,171,0,29,224
9710255,34,1,33,339,0,34,141
9805233,14,5,9,22,0,14,72
111178,5,1,4,9,0,5,43
9906551,46,3,43,372,0,46,495
12039,25,3,22,96,0,25,255
10274,10,1,9,23,0,10,74
207164,2,1,1,1,0,2,12
9412324,13,2,11,34,4,9,19
9801353,13,1,12,41,0,13,39
9905215,42,2,40,264,0,42,147
9903448,40,1,39,303,3,37,37
9605445,11,2,9,23,0,11,27
9607241,12,3,9,21,1,11,41
9206218,15,5,10,43,15,0,0
9811256,8,1,7,19,7,1,2
9908385,21,2,19,82,0,21,87
9309289,138,3,135,2340,138,0,0
9906345,4,2,2,4,0,4,29
9308251,1,1,0,0,0,1,3
9505422,23,1,22,74,23,0,0
9204238,12,2,10,28,12,0,0
9606281,8,2,6,16,8,0,0
104267,11,1,10,24,1,10,31
9610252,15,2,13,49,0,15,44
9501334,52,3,49,480,11,41,41
2141,11,3,8,19,0,11,69
9712479,8,3,5,15,0,8,39
9703234,2,1,1,1,0,2,31
9308336,56,1,55,705,56,0,0
102199,32,3,29,272,0,32,231
1005,16,3,13,43,2,14,32
3180,31,6,25,107,0,31,413
108191,12,1,11,16,0,12,73
11054,16,5,11,40,1,15,64
9305230,13,1,12,34,13,0,0
9702398,7,2,5,8,2,5,5
9806368,24,4,20,77,0,24,125
9811492,6,3,3,5,0,6,41
9505358,11,1,10,33,1,10,23
9503374,4,2,2,4,1,3,3
10344,2,1,1,1,0,2,11
8144,23,1,22,82,0,23,191
9809467,23,4,19,78,0,23,99
9606373,4,3,1,1,4,0,0
4013,22,1,21,132,0,22,111
202266,9,2,7,13,0,9,137
9807241,6,1,5,11,0,6,14
110382,25,1,24,179,0,25,166
9705279,15,1,14,53,0,15,103
9404299,5,3,2,3,5,0,0
205106,0,0,0,0,0,0,0
211180,0,0,0,0,0,0,0
9807411,12,1,11,28,0,12,24
9311340,10,3,7,20,10,0,0
9612391,2,2,0,0,0,2,9
3149,6,1,5,8,0,6,16
101273,6,1,5,8,3,3,4
9605339,3,2,1,1,1,2,3
11323,6,1,5,9,0,6,164
9211286,10,5,5,13,8,2,2
4059,27,2,25,129,0,27,207
9701236,5,2,3,6,5,0,0
9612301,7,3,4,9,0,7,9
9707484,5,4,1,2,0,5,14
9606344,16,2,14,49,1,15,19
9612457,8,2,6,18,1,7,16
9502264,7,1,6,9,7,0,0
202150,0,0,0,0,0,0,0
9612333,7,3,4,6,1,6,6
9406427,11,5,6,16,0,11,76
9908286,17,4,13,47,0,17,333
9607431,10,1,9,16,10,0,0
105336,10,3,7,19,0,10,46
9804436,25,2,23,73,1,24,90
9501213,24,2,22,136,17,7,7
2075,13,3,10,26,0,13,103
9605340,12,2,10,34,1,11,11
9701275,6,2,4,8,6,0,0
5028,18,2,16,55,0,18,142
9710374,5,5,0,0,0,5,8
106100,0,0,0,0,0,0,0
9810230,8,4,4,8,0,8,35
9710462,3,1,2,3,2,1,1
9501313,10,3,7,19,2,8,20
9706410,23,1,22,121,0,23,150
9612284,8,2,6,11,8,0,0
9406385,25,5,20,91,1,24,24
9701241,8,5,3,10,0,8,53
9809568,0,0,0,0,0,0,0
9408391,10,2,8,26,2,8,8
9612351,4,1,3,5,4,0,0
9709286,15,1,14,60,0,15,259
9707355,13,3,10,23,0,13,111
9908218,12,1,11,29,5,7,7
9504434,9,2,7,15,3,6,6
9807432,3,1,2,2,1,2,2
108147,1,1,0,0,0,1,1
9910508,6,2,4,9,0,6,20
9407291,12,1,11,41,12,0,0
9402314,5,1,4,6,0,5,23
9803255,1,1,0,0,0,1,1
9606207,18,5,13,34,0,18,18
9711240,11,1,10,27,4,7,14
9712428,3,1,2,3,3,0,0
9412205,1,1,0,0,0,1,1
9704297,19,5,14,41,1,18,176
9909251,1,1,0,0,0,1,2
110203,2,1,1,1,0,2,7
9512290,8,4,4,7,1,7,15
9802370,2,2,0,0,0,2,7
9707351,14,2,12,40,0,14,79
9207241,6,2,4,7,6,0,0
9605330,12,1,11,27,12,0,0
9501358,28,1,27,164,14,14,14
9912377,0,0,0,0,0,0,0
9804297,2,1,1,1,0,2,6
9907360,9,1,8,19,0,9,74
104146,21,5,16,45,0,21,273
104024,7,1,6,16,7,0,0
9503464,15,3,12,42,3,12,25
9207204,6,1,5,7,6,0,0
110121,20,2,18,72,0,20,113
9801406,4,4,0,0,0,4,12
9703427,36,2,34,237,0,36,189
9905475,5,3,2,2,1,4,6
9807542,1,1,0,0,1,0,0
108227,6,2,4,6,0,6,54
9702341,0,0,0,0,0,0,0
7245,4,4,0,0,0,4,26
3025,9,2,7,12,1,8,18
9511239,13,3,10,33,2,11,19
9406328,10,2,8,16,0,10,13
9712506,10,3,7,20,0,10,31
9711217,7,2,5,12,0,7,52
9802447,8,1,7,15,8,0,0
9410273,10,2,8,13,2,8,16
9811371,4,4,0,0,0,4,28
9703210,22,2,20,73,6,16,16
9701243,5,3,2,4,0,5,9
12271,8,3,5,6,0,8,43
9903421,10,3,7,19,0,10,39
9701301,7,7,0,0,0,7,49
9611462,2,1,1,1,0,2,10
9708439,13,1,12,66,0,13,96
3207,2,2,0,0,0,2,8
9612291,1,1,0,0,0,1,4
6354,5,1,4,8,0,5,84
9803212,1,1,0,0,0,1,1
9511382,6,2,4,6,0,6,17
9409296,12,1,11,25,12,0,0
9911481,11,4,7,12,0,11,115
201127,10,1,9,22,2,8,25
9711517,5,4,1,1,0,5,22
8024,1,1,0,0,0,1,8
5088,1,1,0,0,1,0,0
9910224,1,1,0,0,0,1,6
9811299,5,2,3,3,0,5,27
12268,2,1,1,1,0,2,3
9703434,20,1,19,79,1,19,42
104056,8,1,7,19,0,8,139
9406257,3,3,0,0,3,0,0
9305267,19,3,16,73,19,0,0
9504306,17,3,14,36,17,0,0
9607439,24,6,18,51,0,24,52
9604270,5,2,3,4,0,5,21
9706275,4,2,2,3,0,4,20
9502318,4,4,0,0,0,4,11
9906435,1,1,0,0,0,1,4
9708366,17,3,14,51,5,12,12
9901326,3,1,2,3,0,3,27
9212280,8,2,6,13,8,0,0
103087,10,3,7,17,0,10,76
9601237,5,3,2,2,0,5,11
9908412,7,3,4,16,0,7,9
1272,5,4,1,1,0,5,26
110021,2,1,1,1,2,0,0
109264,1,1,0,0,1,0,0
101350,5,2,3,4,0,5,44
105199,2,2,0,0,0,2,18
205067,15,5,10,26,0,15,114
9707510,23,10,13,57,0,23,141
9508401,7,1,6,16,7,0,0
9812499,9,3,6,12,2,7,7
201224,19,3,16,73,19,0,0
2262,1,1,0,0,0,1,10
1244,17,1,16,59,8,9,9
9308276,25,1,24,96,25,0,0
9501333,10,2,8,25,0,10,27
9410391,0,0,0,0,0,0,0
103113,6,1,5,8,0,6,26
102009,43,3,40,233,0,43,638
12221,13,4,9,19,0,13,62
3011,6,2,4,7,1,5,11
9608378,3,3,0,0,1,2,2
9405225,5,2,3,5,0,5,7
11019,1,1,0,0,0,1,14
9503206,5,1,4,7,5,0,0
9610236,2,1,1,1,0,2,6
2022,4,1,3,5,0,4,14
9709208,7,3,4,8,0,7,20
9405252,1,1,0,0,1,0,0
9205237,11,3,8,19,11,0,0
9702270,4,2,2,2,0,4,27
9412375,5,4,1,1,5,0,0
9811509,12,1,11,27,12,0,0
104205,11,1,10,34,0,11,177
9208210,5,1,4,7,5,0,0
9503253,6,2,4,10,3,3,3
9712360,8,2,6,9,2,6,8
9802231,0,0,0,0,0,0,0
9907548,24,3,21,89,1,23,142
9911529,0,0,0,0,0,0,0
9801407,2,1,1,1,2,0,0
8107,3,3,0,0,0,3,14
9406399,1,1,0,0,1,0,0
9906233,6,2,4,8,0,6,53
9312229,4,1,3,3,4,0,0
9707466,5,1,4,7,4,1,1
9808400,14,1,13,46,3,11,11
9706409,17,2,15,68,0,17,46
9606237,14,3,11,57,1,13,23
9802224,5,4,1,2,2,3,5
9701371,2,2,0,0,0,2,4
9006,2,2,0,0,0,2,7
9902337,2,2,0,0,0,2,9
9612252,21,1,20,93,0,21,173
105225,2,1,1,1,0,2,4
203029,4,1,3,4,0,4,7
9508293,3,2,1,1,0,3,11
9406340,2,1,1,1,2,0,0
201236,0,0,0,0,0,0,0
9602327,8,4,4,10,8,0,0
9310209,2,1,1,1,2,0,0
9912441,0,0,0,0,0,0,0
9802306,2,2,0,0,0,2,3
9705210,1,1,0,0,0,1,11
9707333,3,2,1,1,0,3,3
9609520,6,2,4,6,0,6,12
5120,2,2,0,0,2,0,0
9609329,3,2,1,1,0,3,6
9505441,6,2,4,5,6,0,0
9509279,9,2,7,13,9,0,0
9912249,6,3,3,10,0,6,95
9401249,6,3,3,4,3,3,3
8196,4,3,1,1,0,4,24
9806223,6,3,3,6,0,6,43
9605267,0,0,0,0,0,0,0
9509239,26,1,25,93,10,16,28
9708430,1,1,0,0,0,1,1
103234,4,3,1,1,0,4,14
9712354,1,1,0,0,1,0,0
208043,1,1,0,0,0,1,30
9904352,4,1,3,4,0,4,8
101018,3,3,0,0,3,0,0
9807466,2,2,0,0,0,2,2
106278,12,2,10,23,0,12,192
9911362,0,0,0,0,0,0,0
9801394,2,1,1,1,0,2,4
9610535,2,1,1,1,1,1,1
9306325,8,3,5,13,8,0,0
9908431,0,0,0,0,0,0,0
9809254,5,3,2,2,0,5,19
2004,5,4,1,1,0,5,29
110096,13,3,10,22,0,13,25
206068,1,1,0,0,0,1,4
9812382,1,1,0,0,0,1,13
9901314,4,2,2,3,0,4,18
107094,1,1,0,0,0,1,12
9910444,18,1,17,77,0,18,101
9811508,2,1,1,1,0,2,4
9903428,6,3,3,7,6,0,0
9903375,5,1,4,8,0,5,33
9706394,5,2,3,6,5,0,0
9612451,11,1,10,39,2,9,9
206242,3,3,0,0,0,3,10
9903385,7,2,5,16,0,7,79
9706508,0,0,0,0,0,0,0
9602405,8,1,7,14,8,0,0
209048,2,1,1,1,0,2,14
9706530,19,4,15,27,0,19,105
9906484,3,2,1,1,3,0,0
104060,1,1,0,0,0,1,3
9905407,6,2,4,6,0,6,32
9704379,19,10,9,12,3,16,16
9808291,6,2,4,5,6,0,0
9505417,17,2,15,60,12,5,5
9707379,1,1,0,0,0,1,3
206038,11,1,10,22,0,11,71
9411331,1,1,0,0,1,0,0
9809450,3,2,1,1,0,3,11
9812239,5,3,2,2,0,5,14
9411438,14,2,12,40,14,0,0
205070,2,2,0,0,0,2,14
209035,0,0,0,0,0,0,0
9808378,15,1,14,53,2,13,24
9506392,14,1,13,35,0,14,25
9711429,11,2,9,18,0,11,71
9805435,0,0,0,0,0,0,0
201103,12,2,10,31,0,12,102
9604337,12,1,11,25,12,0,0
106083,2,1,1,1,0,2,8
9706542,4,1,3,5,0,4,7
9310368,2,1,1,1,2,0,0
9802422,3,3,0,0,0,3,35
108123,0,0,0,0,0,0,0
6338,8,1,7,10,0,8,15
9404219,1,1,0,0,1,0,0
103295,10,6,4,4,0,10,36
9703363,4,1,3,3,0,4,18
202127,8,2,6,16,0,8,92
9703372,7,3,4,4,0,7,33
9903301,0,0,0,0,0,0,0
9411311,4,3,1,1,2,2,2
9304262,3,3,0,0,3,0,0
1162,7,1,6,14,0,7,25
9507315,0,0,0,0,0,0,0
9601364,1,1,0,0,0,1,1
10198,6,4,2,4,0,6,95
9306222,9,1,8,21,9,0,0
9311303,5,2,3,5,5,0,0
9245,6,2,4,7,0,6,42
2164,2,1,1,1,2,0,0
210014,2,1,1,1,0,2,4
9704454,2,1,1,1,0,2,2
9712216,8,2,6,8,0,8,37
2192,4,1,3,6,4,0,0
9307209,2,2,0,0,1,1,1
111324,6,2,4,7,0,6,38
9707205,1,1,0,0,0,1,1
203276,0,0,0,0,0,0,0
9611383,4,2,2,3,1,3,3
9507353,6,4,2,4,0,6,39
9501263,19,2,17,65,19,0,0
9710295,5,1,4,8,0,5,11
9801447,2,1,1,1,2,0,0
3087,5,3,2,2,1,4,6
9301229,27,4,23,125,27,0,0
9809564,1,1,0,0,0,1,2
6174,2,1,1,1,1,1,1
110383,4,2,2,2,0,4,80
6032,6,2,4,5,0,6,37
209337,6,3,3,6,0,6,81
9505279,11,3,8,23,11,0,0
9612231,7,2,5,7,0,7,53
9505427,3,2,1,1,0,3,3
9609518,1,1,0,0,0,1,5
9810398,2,1,1,1,0,2,4
9706356,1,1,0,0,0,1,7
9407224,0,0,0,0,0,0,0
9508213,4,1,3,4,4,0,0
9706247,11,4,7,16,0,11,41
9405206,1,1,0,0,1,0,0
106343,0,0,0,0,0,0,0
1157,4,2,2,2,0,4,56
9704320,4,2,2,4,1,3,3
110047,4,1,3,4,1,3,3
9911357,1,1,0,0,1,0,0
105349,3,1,2,3,0,3,9
112069,1,1,0,0,0,1,1
9510282,1,1,0,0,0,1,1
111137,6,1,5,14,0,6,17
9911504,5,5,0,0,0,5,40
10237,3,1,2,2,0,3,13
9912482,5,3,2,3,0,5,38
9603248,7,3,4,9,5,2,2
9807442,15,3,12,37,0,15,76
3254,1,1,0,0,0,1,8
9910448,0,0,0,0,0,0,0
9319,0,0,0,0,0,0,0
9307318,4,2,2,2,4,0,0
9804318,1,1,0,0,0,1,1
209165,1,1,0,0,0,1,1
3150,3,1,2,3,0,3,6
211266,3,3,0,0,0,3,41
9310267,3,1,2,3,3,0,0
9705476,3,1,2,2,3,0,0
9904348,4,1,3,3,0,4,14
301111,0,0,0,0,0,0,0
9911425,4,3,1,1,0,4,19
4256,4,2,2,4,0,4,30
9702228,1,1,0,0,0,1,2
9711448,0,0,0,0,0,0,0
8243,5,1,4,7,5,0,0
9302219,5,3,2,2,5,0,0
9804420,6,2,4,5,3,3,4
9704232,5,3,2,4,0,5,19
7170,1,1,0,0,0,1,1
9812251,1,1,0,0,0,1,11
111109,2,1,1,1,0,2,21
104005,2,1,1,1,0,2,10
110282,2,1,1,1,0,2,5
9507222,9,2,7,14,0,9,9
9606343,3,2,1,1,0,3,3
9502272,1,1,0,0,0,1,1
9312270,1,1,0,0,1,0,0
11130,4,1,3,5,0,4,33
9503340,3,2,1,2,2,1,1
9308362,4,2,2,2,4,0,0
9906504,3,2,1,1,2,1,1
9801349,10,2,8,12,1,9,9
4205,1,1,0,0,1,0,0
9712445,4,3,1,1,4,0,0
9703438,11,2,9,19,6,5,5
9806491,7,1,6,15,0,7,10
9806427,0,0,0,0,0,0,0
108213,5,2,3,6,0,5,24
9607443,3,1,2,3,0,3,11
6145,0,0,0,0,0,0,0
9604326,1,1,0,0,0,1,13
9306299,2,2,0,0,2,0,0
210212,0,0,0,0,0,0,0
9708476,0,0,0,0,0,0,0
9610319,1,1,0,0,1,0,0
204338,0,0,0,0,0,0,0
9401327,3,2,1,1,1,2,4
9402279,4,2,2,3,0,4,4
9605285,3,3,0,0,3,0,0
9911222,2,2,0,0,1,1,1
9703400,5,2,3,4,5,0,0
9905255,8,2,6,12,8,0,0
9610262,11,1,10,30,1,10,24
9406424,5,2,3,5,5,0,0
4077,3,1,2,2,1,2,4
9608490,5,3,2,4,5,0,0
102182,1,1,0,0,0,1,1
101300,0,0,0,0,0,0,0
9811315,2,2,0,0,1,1,1
9908514,7,1,6,15,7,0,0
6027,1,1,0,0,0,1,8
9904486,0,0,0,0,0,0,0
9808219,1,1,0,0,0,1,8
9510369,1,1,0,0,0,1,2
106213,0,0,0,0,0,0,0
9705375,1,1,0,0,0,1,1
9707480,6,1,5,13,0,6,33
102277,3,2,1,1,3,0,0
9909338,3,3,0,0,0,3,13
207327,0,0,0,0,0,0,0
201198,4,1,3,4,0,4,4
5049,3,3,0,0,0,3,11
108181,1,1,0,0,0,1,1
9605252,4,2,2,3,0,4,6
9712534,7,2,5,14,0,7,23
9602410,3,1,2,3,1,2,2
9604329,2,1,1,1,2,0,0
205191,1,1,0,0,0,1,7
9704408,5,2,3,5,5,0,0
9808336,2,1,1,1,1,1,2
9203224,1,1,0,0,1,0,0
9809258,1,1,0,0,1,0,0
9805358,1,1,0,0,0,1,4
5101,4,4,0,0,0,4,11
9712409,3,2,1,1,0,3,3
9902260,4,3,1,1,0,4,16
210289,4,3,1,1,0,4,54
101053,4,2,2,3,0,4,7
9907381,0,0,0,0,0,0,0
9906465,9,1,8,14,0,9,17
9901309,2,2,0,0,0,2,7
102038,2,1,1,1,2,0,0
207005,2,2,0,0,0,2,19
107257,2,2,0,0,1,1,1
9709445,0,0,0,0,0,0,0
9411268,3,1,2,3,3,0,0
9709457,13,1,12,34,0,13,33
12066,3,2,1,1,3,0,0
9212282,1,1,0,0,1,0,0
9805260,3,1,2,2,0,3,3
9303221,4,3,1,2,4,0,0
9808393,4,2,2,5,0,4,41
9911489,8,1,7,18,0,8,36
9302205,0,0,0,0,0,0,0
9406329,4,4,0,0,4,0,0
9803369,1,1,0,0,0,1,6
9211,2,1,1,1,1,1,1
8008,0,0,0,0,0,0,0
9901346,6,2,4,10,1,5,5
9506257,1,1,0,0,1,0,0
101219,3,1,2,2,3,0,0
9711299,3,2,1,1,3,0,0
208081,1,1,0,0,0,1,10
9906460,9,1,8,22,0,9,24
9803361,1,1,0,0,0,1,1
102229,10,1,9,20,0,10,34
6270,0,0,0,0,0,0,0
7173,1,1,0,0,1,0,0
101239,1,1,0,0,1,0,0
9706525,2,2,0,0,2,0,0
9407374,4,2,2,2,4,0,0
9902462,2,2,0,0,2,0,0
9507434,7,2,5,9,2,5,8
9509407,2,1,1,1,2,0,0
10094,0,0,0,0,0,0,0
9909547,4,1,3,4,4,0,0
9411328,2,1,1,1,1,1,1
1160,2,1,1,1,0,2,6
9207274,1,1,0,0,1,0,0
9505383,1,1,0,0,0,1,2
9607417,0,0,0,0,0,0,0
11192,4,3,1,1,0,4,6
7059,3,1,2,2,0,3,3
9701295,0,0,0,0,0,0,0
9708406,0,0,0,0,0,0,0
302004,0,0,0,0,0,0,0
9706486,2,2,0,0,0,2,5
9805365,3,2,1,1,1,2,2
9804461,3,3,0,0,0,3,21
9907398,0,0,0,0,0,0,0
10327,1,1,0,0,0,1,3
9608314,2,2,0,0,1,1,2
9705415,0,0,0,0,0,0,0
3252,0,0,0,0,0,0,0
201053,5,1,4,10,0,5,5
210348,1,1,0,0,0,1,5
204255,2,1,1,1,0,2,12
107185,3,3,0,0,0,3,12
9905355,5,1,4,5,0,5,24
11242,2,2,0,0,1,1,1
12115,5,3,2,2,0,5,32
104289,3,1,2,3,0,3,8
9708314,1,1,0,0,1,0,0
201246,1,1,0,0,0,1,5
9812326,2,1,1,1,2,0,0
9212316,2,2,0,0,2,0,0
106099,6,5,1,1,0,6,40
9209258,6,2,4,5,6,0,0
106353,13,1,12,25,0,13,223
205156,6,4,2,2,1,5,8
9603316,3,3,0,0,3,0,0
9709209,2,2,0,0,0,2,2
9312203,3,1,2,2,3,0,0
204138,0,0,0,0,0,0,0
7327,0,0,0,0,0,0,0
105261,1,1,0,0,0,1,9
111082,8,2,6,15,0,8,56
9712316,2,2,0,0,2,0,0
9711491,0,0,0,0,0,0,0
205220,1,1,0,0,0,1,2
9708205,6,1,5,13,1,5,11
9702342,4,1,3,6,1,3,6
12247,3,1,2,3,3,0,0
112022,4,3,1,2,0,4,47
9308296,1,1,0,0,1,0,0
9806442,3,1,2,2,0,3,31
109249,0,0,0,0,0,0,0
108115,2,1,1,1,2,0,0
5177,2,1,1,1,0,2,5
9710439,0,0,0,0,0,0,0
9511332,1,1,0,0,1,0,0
9611420,2,2,0,0,2,0,0
9804449,0,0,0,0,0,0,0
5215,3,2,1,1,0,3,8
9911480,5,1,4,6,5,0,0
9507233,1,1,0,0,1,0,0
9901409,0,0,0,0,0,0,0
9504355,5,4,1,2,0,5,5
9505344,0,0,0,0,0,0,0
9504347,0,0,0,0,0,0,0
212181,2,2,0,0,0,2,5
9712533,3,1,2,2,0,3,3
9610398,0,0,0,0,0,0,0
207346,4,1,3,5,0,4,25
9708434,1,1,0,0,1,0,0
9812536,0,0,0,0,0,0,0
9906494,0,0,0,0,0,0,0
9812497,2,2,0,0,0,2,2
9812481,2,1,1,1,2,0,0
9802321,1,1,0,0,1,0,0
210016,0,0,0,0,0,0,0
9402236,2,2,0,0,2,0,0
9705412,4,2,2,5,0,4,6
9035,0,0,0,0,0,0,0
107135,4,1,3,5,0,4,37
112182,2,2,0,0,0,2,13
9609241,0,0,0,0,0,0,0
208143,1,1,0,0,0,1,8
211038,0,0,0,0,0,0,0
9805439,2,2,0,0,0,2,4
9911498,3,1,2,2,0,3,11
9906522,0,0,0,0,0,0,0
102313,2,2,0,0,0,2,10
109081,3,1,2,2,0,3,10
101293,3,2,1,1,1,2,2
211115,0,0,0,0,0,0,0
9208216,2,1,1,1,2,0,0
9502304,2,1,1,1,2,0,0
9502403,2,2,0,0,2,0,0
9412380,2,1,1,1,2,0,0
9604341,3,1,2,2,3,0,0
203002,0,0,0,0,0,0,0
9401234,1,1,0,0,1,0,0
9602266,2,1,1,1,1,1,2
201261,0,0,0,0,0,0,0
9805305,0,0,0,0,0,0,0
12278,4,3,1,1,0,4,46
9903227,6,2,4,6,0,6,11
103129,0,0,0,0,0,0,0
9709224,1,1,0,0,0,1,3
4016,1,1,0,0,1,0,0
106342,5,3,2,3,0,5,19
9805497,0,0,0,0,0,0,0
9905287,2,2,0,0,0,2,6
108027,1,1,0,0,0,1,13
105190,0,0,0,0,0,0,0
9803292,2,2,0,0,2,0,0
109041,2,1,1,1,0,2,47
211019,2,2,0,0,0,2,6
9807204,0,0,0,0,0,0,0
101313,0,0,0,0,0,0,0
9906299,3,2,1,1,1,2,2
210131,1,1,0,0,0,1,1
9310269,0,0,0,0,0,0,0
9805253,0,0,0,0,0,0,0
3202,1,1,0,0,0,1,1
2283,1,1,0,0,1,0,0
9811336,2,1,1,1,0,2,2
108063,0,0,0,0,0,0,0
106108,4,1,3,4,1,3,6
9411318,3,1,2,2,3,0,0
9908454,4,2,2,4,0,4,17
9401230,1,1,0,0,1,0,0
205242,1,1,0,0,0,1,13
9809484,0,0,0,0,0,0,0
9609334,1,1,0,0,0,1,5
5057,0,0,0,0,0,0,0
11349,0,0,0,0,0,0,0
9503269,3,2,1,1,3,0,0
9510215,0,0,0,0,0,0,0
9810450,2,2,0,0,0,2,13
9205224,0,0,0,0,0,0,0
102072,2,2,0,0,0,2,15
9508360,2,2,0,0,2,0,0
9812408,0,0,0,0,0,0,0
9510266,2,2,0,0,2,0,0
204339,3,3,0,0,0,3,12
202139,2,2,0,0,2,0,0
9906391,3,2,1,2,0,3,3
107302,1,1,0,0,0,1,2
9911403,0,0,0,0,0,0,0
212078,0,0,0,0,0,0,0
101169,1,1,0,0,1,0,0
9611246,0,0,0,0,0,0,0
9505377,0,0,0,0,0,0,0
108214,0,0,0,0,0,0,0
209184,0,0,0,0,0,0,0
107032,1,1,0,0,0,1,3
9208257,1,1,0,0,1,0,0
202209,4,1,3,6,0,4,13
9903443,0,0,0,0,0,0,0
9404285,1,1,0,0,1,0,0
203141,2,2,0,0,1,1,2
101065,2,1,1,1,2,0,0
9911251,1,1,0,0,0,1,3
9404202,3,2,1,1,3,0,0
101078,2,2,0,0,0,2,4
203190,0,0,0,0,0,0,0
9503432,3,1,2,2,1,2,3
9505265,0,0,0,0,0,0,0
106283,0,0,0,0,0,0,0
9906252,0,0,0,0,0,0,0
9404272,1,1,0,0,0,1,1
212263,1,1,0,0,0,1,4
206299,0,0,0,0,0,0,0
111247,1,1,0,0,0,1,1
9803481,1,1,0,0,1,0,0
2189,1,1,0,0,0,1,4
208184,2,2,0,0,0,2,6
9705310,0,0,0,0,0,0,0
9801244,5,3,2,3,0,5,39
9503466,1,1,0,0,1,0,0
9710429,0,0,0,0,0,0,0
111039,2,2,0,0,2,0,0
207022,0,0,0,0,0,0,0
9311338,0,0,0,0,0,0,0
102246,0,0,0,0,0,0,0
9903546,0,0,0,0,0,0,0
205115,0,0,0,0,0,0,0
204216,2,2,0,0,0,2,7
9906320,1,1,0,0,1,0,0
107080,2,1,1,1,0,2,6
9507375,2,2,0,0,2,0,0
9512430,2,1,1,1,0,2,2
9606366,2,1,1,1,1,1,1
212375,0,0,0,0,0,0,0
5182,0,0,0,0,0,0,0
9810290,2,1,1,1,2,0,0
9601283,2,1,1,1,0,2,2
203046,1,1,0,0,0,1,3
9706485,2,2,0,0,0,2,6
209307,0,0,0,0,0,0,0
9810265,0,0,0,0,0,0,0
9605202,0,0,0,0,0,0,0
111265,0,0,0,0,0,0,0
3247,1,1,0,0,0,1,4
301264,0,0,0,0,0,0,0
9810243,2,2,0,0,0,2,6
9401215,1,1,0,0,1,0,0
9806522,4,2,2,2,0,4,14
9411309,1,1,0,0,1,0,0
9611448,1,1,0,0,0,1,10
302188,0,0,0,0,0,0,0
105251,2,1,1,1,1,1,1
208119,0,0,0,0,0,0,0
105021,3,1,2,2,0,3,8
3009,1,1,0,0,0,1,19
208040,0,0,0,0,0,0,0
102231,0,0,0,0,0,0,0
9503391,0,0,0,0,0,0,0
9910360,0,0,0,0,0,0,0
11034,0,0,0,0,0,0,0
106018,1,1,0,0,1,0,0
9701326,1,1,0,0,1,0,0
9504264,2,2,0,0,2,0,0
9910472,0,0,0,0,0,0,0
210165,1,1,0,0,0,1,9
203078,1,1,0,0,0,1,5
9706402,1,1,0,0,1,0,0
2099,0,0,0,0,0,0,0
9706401,0,0,0,0,0,0,0
9602382,0,0,0,0,0,0,0
9404276,3,1,2,2,3,0,0
9707519,0,0,0,0,0,0,0
8309,0,0,0,0,0,0,0
201122,0,0,0,0,0,0,0
9907479,1,1,0,0,0,1,2
9511304,0,0,0,0,0,0,0
207035,1,1,0,0,0,1,3
9712519,1,1,0,0,0,1,1
204176,0,0,0,0,0,0,0
9711214,3,1,2,3,0,3,5
4161,1,1,0,0,1,0,0
9812402,1,1,0,0,0,1,1
111384,0,0,0,0,0,0,0
9909409,0,0,0,0,0,0,0
9311252,0,0,0,0,0,0,0
9806312,0,0,0,0,0,0,0
208107,0,0,0,0,0,0,0
207030,1,1,0,0,0,1,6
9606228,0,0,0,0,0,0,0
204287,0,0,0,0,0,0,0
5317,0,0,0,0,0,0,0
9903344,1,1,0,0,0,1,4
9307225,1,1,0,0,1,0,0
9808407,1,1,0,0,1,0,0
9606380,4,1,3,5,4,0,0
211416,0,0,0,0,0,0,0
211142,0,0,0,0,0,0,0
9606350,2,1,1,1,2,0,0
102299,3,3,0,0,0,3,16
9505283,0,0,0,0,0,0,0
105133,0,0,0,0,0,0,0
9812512,1,1,0,0,1,0,0
2214,1,1,0,0,0,1,6
9307230,4,3,1,1,4,0,0
212309,0,0,0,0,0,0,0
105098,0,0,0,0,0,0,0
9802346,1,1,0,0,1,0,0
9711338,0,0,0,0,0,0,0
10293,0,0,0,0,0,0,0
9509340,0,0,0,0,0,0,0
9810431,0,0,0,0,0,0,0
9808227,1,1,0,0,0,1,2
207069,3,2,1,1,0,3,9
9507369,2,2,0,0,0,2,5
9906334,0,0,0,0,0,0,0
212259,0,0,0,0,0,0,0
112261,0,0,0,0,0,0,0
1183,0,0,0,0,0,0,0
9509240,0,0,0,0,0,0,0
9610428,0,0,0,0,0,0,0
204137,1,1,0,0,0,1,8
9604391,0,0,0,0,0,0,0
211274,0,0,0,0,0,0,0
212371,0,0,0,0,0,0,0
9504207,0,0,0,0,0,0,0
9805506,1,1,0,0,1,0,0
9608427,0,0,0,0,0,0,0
9408349,0,0,0,0,0,0,0
9809295,0,0,0,0,0,0,0
210006,0,0,0,0,0,0,0
9902433,0,0,0,0,0,0,0
209175,0,0,0,0,0,0,0
210285,0,0,0,0,0,0,0
208186,0,0,0,0,0,0,0
202278,0,0,0,0,0,0,0
112309,0,0,0,0,0,0,0
210378,1,1,0,0,0,1,4
212313,0,0,0,0,0,0,0
102026,0,0,0,0,0,0,0
105085,1,1,0,0,0,1,1
9911250,1,1,0,0,1,0,0
1221,0,0,0,0,0,0,0
12210,1,1,0,0,0,1,4
9803430,0,0,0,0,0,0,0
9601272,1,1,0,0,0,1,2
204024,0,0,0,0,0,0,0
9902461,0,0,0,0,0,0,0
9506402,0,0,0,0,0,0,0
205257,0,0,0,0,0,0,0
9405351,2,1,1,1,2,0,0
211413,0,0,0,0,0,0,0
9903216,2,1,1,1,2,0,0
5237,1,1,0,0,1,0,0
209257,0,0,0,0,0,0,0
5320,0,0,0,0,0,0,0
210227,0,0,0,0,0,0,0
212194,0,0,0,0,0,0,0
101140,1,1,0,0,0,1,2
9907369,1,1,0,0,0,1,1
9901328,0,0,0,0,0,0,0
11180,0,0,0,0,0,0,0
108271,2,2,0,0,2,0,0
9601315,3,2,1,1,3,0,0
7249,0,0,0,0,0,0,0
7028,0,0,0,0,0,0,0
9309300,0,0,0,0,0,0,0
111085,1,1,0,0,0,1,11
9412316,0,0,0,0,0,0,0
9412211,0,0,0,0,0,0,0
11354,0,0,0,0,0,0,0
9903415,0,0,0,0,0,0,0
212200,0,0,0,0,0,0,0
212120,0,0,0,0,0,0,0
9801440,0,0,0,0,0,0,0
211389,0,0,0,0,0,0,0
211037,0,0,0,0,0,0,0
9305339,0,0,0,0,0,0,0
11290,0,0,0,0,0,0,0
9910266,0,0,0,0,0,0,0
11120,0,0,0,0,0,0,0
102161,1,1,0,0,0,1,1
12064,0,0,0,0,0,0,0
205182,0,0,0,0,0,0,0
205144,0,0,0,0,0,0,0
9712439,0,0,0,0,0,0,0
9602252,0,0,0,0,0,0,0
9810268,0,0,0,0,0,0,0
301024,1,1,0,0,0,1,1
9707294,0,0,0,0,0,0,0
208094,0,0,0,0,0,0,0
9511291,0,0,0,0,0,0,0
205187,2,2,0,0,0,2,15
9502354,0,0,0,0,0,0,0
9510445,0,0,0,0,0,0,0
9606218,1,1,0,0,1,0,0
9301214,0,0,0,0,0,0,0
9608467,0,0,0,0,0,0,0
9701281,0,0,0,0,0,0,0
103279,1,1,0,0,1,0,0
9709281,0,0,0,0,0,0,0
9910467,0,0,0,0,0,0,0
210164,0,0,0,0,0,0,0
9911540,0,0,0,0,0,0,0
207308,0,0,0,0,0,0,0
104012,0,0,0,0,0,0,0
201072,0,0,0,0,0,0,0
9812306,1,1,0,0,1,0,0
12126,2,1,1,1,2,0,0
9186,1,1,0,0,0,1,3
9804280,0,0,0,0,0,0,0
9909227,0,0,0,0,0,0,0
9704316,2,2,0,0,0,2,2
9406215,0,0,0,0,0,0,0
11153,0,0,0,0,0,0,0
9309226,0,0,0,0,0,0,0
9701312,0,0,0,0,0,0,0
12009,0,0,0,0,0,0,0
302194,0,0,0,0,0,0,0
209003,0,0,0,0,0,0,0
5192,0,0,0,0,0,0,0
108156,1,1,0,0,1,0,0
9508329,0,0,0,0,0,0,0
9611214,0,0,0,0,0,0,0
210255,0,0,0,0,0,0,0
9606252,0,0,0,0,0,0,0
111011,0,0,0,0,0,0,0
203139,0,0,0,0,0,0,0
9710469,0,0,0,0,0,0,0
9904215,0,0,0,0,0,0,0
9603231,0,0,0,0,0,0,0
10340,1,1,0,0,1,0,0
9611459,0,0,0,0,0,0,0
109129,0,0,0,0,0,0,0
8278,0,0,0,0,0,0,0
9808339,0,0,0,0,0,0,0
202273,0,0,0,0,0,0,0
209206,0,0,0,0,0,0,0
210129,1,1,0,0,1,0,0
9807309,1,1,0,0,1,0,0
9312261,1,1,0,0,1,0,0
103227,0,0,0,0,0,0,0
212405,0,0,0,0,0,0,0
9905256,1,1,0,0,1,0,0
9612472,1,1,0,0,1,0,0
9805428,0,0,0,0,0,0,0
9712472,0,0,0,0,0,0,0
110251,0,0,0,0,0,0,0
9503302,0,0,0,0,0,0,0
301096,0,0,0,0,0,0,0
9708251,2,2,0,0,2,0,0
8264,0,0,0,0,0,0,0
201084,0,0,0,0,0,0,0
110006,2,1,1,1,0,2,5
9403375,1,1,0,0,1,0,0
9701377,0,0,0,0,0,0,0
9911483,0,0,0,0,0,0,0
9507295,0,0,0,0,0,0,0
209240,1,1,0,0,1,0,0
103250,0,0,0,0,0,0,0
1014,0,0,0,0,0,0,0
4163,1,1,0,0,1,0,0
9507456,1,1,0,0,1,0,0
9907374,0,0,0,0,0,0,0
2185,0,0,0,0,0,0,0
212158,0,0,0,0,0,0,0
301193,0,0,0,0,0,0,0
212359,0,0,0,0,0,0,0
9607444,0,0,0,0,0,0,0
204219,0,0,0,0,0,0,0
9802203,0,0,0,0,0,0,0
212216,0,0,0,0,0,0,0
111456,0,0,0,0,0,0,0
9609519,0,0,0,0,0,0,0
2269,0,0,0,0,0,0,0
9906407,0,0,0,0,0,0,0
9706403,1,1,0,0,1,0,0
301276,0,0,0,0,0,0,0
208059,0,0,0,0,0,0,0
210262,0,0,0,0,0,0,0
111292,0,0,0,0,0,0,0
9407256,0,0,0,0,0,0,0
205291,0,0,0,0,0,0,0
9512257,0,0,0,0,0,0,0
9612432,0,0,0,0,0,0,0
212296,0,0,0,0,0,0,0
9706236,0,0,0,0,0,0,0
9295,1,1,0,0,0,1,5
9502347,0,0,0,0,0,0,0
4057,0,0,0,0,0,0,0
112128,0,0,0,0,0,0,0
9509219,0,0,0,0,0,0,0
211437,0,0,0,0,0,0,0
9609483,0,0,0,0,0,0,0
111088,0,0,0,0,0,0,0
9609446,0,0,0,0,0,0,0
9305285,0,0,0,0,0,0,0
12341,0,0,0,0,0,0,0
9309233,0,0,0,0,0,0,0
302081,0,0,0,0,0,0,0
9901240,0,0,0,0,0,0,0
112133,1,1,0,0,1,0,0
9905312,59,2,57,501,59,0,0
9610208,7,1,6,8,0,7,7
9903229,12,3,9,30,1,11,43
9902434,10,2,8,15,0,10,20
9806332,18,1,17,57,1,17,119
9411426,71,1,70,601,28,43,116
9908236,0,0,0,0,0,0,0
9809275,3,1,2,3,0,3,13
9806219,16,2,14,30,2,14,26
9209257,9,1,8,12,9,0,0
9801209,26,3,23,127,26,0,0
9409324,9,2,7,20,3,6,6
9803449,2,1,1,1,0,2,2
9612444,25,1,24,149,0,25,44
9402333,28,5,23,171,28,0,0
9807386,33,4,29,158,0,33,138
9505385,48,2,46,254,48,0,0
9207213,21,5,16,44,21,0,0
9901320,20,1,19,73,0,20,211
9608420,3,3,0,0,1,2,5
9307279,7,2,5,11,7,0,0
9506350,16,1,15,47,2,14,22
9807502,9,1,8,24,2,7,20
9703261,4,1,3,5,0,4,5
9603363,30,7,23,104,0,30,159
9901260,25,3,22,70,0,25,138
9701313,24,1,23,109,1,23,52
9507460,30,3,27,156,1,29,232
9902256,10,1,9,18,2,8,8
9911202,18,2,16,78,0,18,91
9408384,111,3,108,1710,111,0,0
9702291,15,4,11,48,0,15,193
106093,2,2,0,0,0,2,2
9504424,3,1,2,2,0,3,15
9511454,38,1,37,180,0,38,368
9908232,17,3,14,54,0,17,149
9710312,16,2,14,44,2,14,61
9507303,25,3,22,115,0,25,174
9907549,2,2,0,0,0,2,7
9607473,18,3,15,53,3,15,15
9209259,10,4,6,8,10,0,0
9209245,28,4,24,189,28,0,0
9811270,1,1,0,0,0,1,5
9503354,5,1,4,5,5,0,0
9405386,30,3,27,190,1,29,42
9702245,51,4,47,459,10,41,41
9704267,9,2,7,21,0,9,23
9804332,38,2,36,213,1,37,37
9705295,13,3,10,33,0,13,54
9410361,18,4,14,43,2,16,32
9611224,5,3,2,4,0,5,25
9711287,58,4,54,561,12,46,99
9405410,58,4,54,332,0,58,284
9804275,3,1,2,3,0,3,70
6346,2,2,0,0,0,2,9
9402278,13,3,10,29,1,12,34
9401214,16,1,15,73,16,0,0
9408344,35,3,32,191,28,7,7
9804212,26,5,21,81,1,25,103
9502324,14,2,12,28,1,13,44
9902430,25,1,24,123,0,25,108
9506399,11,2,9,26,5,6,7
9704452,53,5,48,368,3,50,320
9706207,9,3,6,11,0,9,48
9802439,42,2,40,420,6,36,218
9806259,18,4,14,37,0,18,82
201059,8,2,6,15,0,8,77
9908212,23,2,21,99,0,23,174
9910225,37,2,35,195,0,37,549
11027,3,1,2,2,0,3,71
207243,8,2,6,16,0,8,45
9310216,5,2,3,3,1,4,8
9801449,7,3,4,10,0,7,11
9803391,22,1,21,83,1,21,35
108171,1,1,0,0,0,1,5
9606387,5,2,3,3,1,4,11
9611454,7,3,4,7,7,0,0
9305342,13,3,10,35,13,0,0
9905436,7,2,5,12,0,7,7
9908529,21,3,18,62,1,20,36
9311205,117,3,114,1793,117,0,0
9603272,12,2,10,24,3,9,14
9312329,5,1,4,9,1,4,9
9601353,13,3,10,20,0,13,13
9402210,39,4,35,264,39,0,0
11145,0,0,0,0,0,0,0
106025,18,1,17,42,1,17,106
9507282,37,1,36,262,37,0,0
9507379,23,2,21,136,5,18,18
2208,4,2,2,5,0,4,34
9910242,24,6,18,58,24,0,0
208092,0,0,0,0,0,0,0
9507386,53,1,52,588,4,49,49
102211,11,3,8,42,0,11,21
9508249,21,3,18,112,10,11,14
8237,21,4,17,74,0,21,276
7155,5,1,4,4,1,4,13
102252,10,1,9,26,0,10,103
9306264,11,1,10,30,11,0,0
9705425,4,2,2,2,0,4,11
9806482,41,5,36,156,0,41,238
9203223,17,1,16,61,17,0,0
9506465,10,2,8,23,0,10,25
9603330,3,2,1,1,1,2,3
9902299,3,3,0,0,0,3,18
8209,7,2,5,6,0,7,38
9812221,27,3,24,95,0,27,306
110409,2,2,0,0,0,2,32
5328,29,3,26,223,0,29,164
206067,17,3,14,33,0,17,350
9406202,5,4,1,2,5,0,0
111052,11,1,10,37,0,11,32
9402283,34,1,33,281,34,0,0
9509254,6,3,3,4,1,5,7
101278,5,4,1,2,0,5,43
6251,11,1,10,38,4,7,41
9606386,17,2,15,46,0,17,35
9405233,17,2,15,63,17,0,0
9703240,27,2,25,100,27,0,0
9809556,7,1,6,19,7,0,0
9511227,2,1,1,1,0,2,7
9301201,2,1,1,1,2,0,0
11355,9,3,6,11,0,9,171
9207219,10,2,8,19,10,0,0
6321,21,2,19,111,0,21,157
9708275,3,1,2,3,0,3,4
9703370,3,1,2,2,0,3,3
9811216,1,1,0,0,0,1,3
9809229,5,1,4,9,0,5,10
9206248,2,1,1,1,2,0,0
9703389,6,1,5,11,0,6,7
102090,18,1,17,76,18,0,0
109166,1,1,0,0,0,1,1
9710245,2,1,1,1,2,0,0
9909429,26,4,22,81,0,26,345
9409326,22,3,19,72,22,0,0
9807282,18,1,17,68,18,0,0
9604295,22,3,19,131,4,18,18
9707352,14,1,13,53,0,14,28
5020,3,3,0,0,0,3,40
9610313,18,2,16,56,0,18,65
9702274,16,2,14,37,13,3,3
9711371,16,2,14,50,0,16,104
9511217,8,2,6,9,8,0,0
9604423,13,1,12,49,0,13,23
9810453,9,4,5,10,0,9,24
9710506,2,1,1,1,0,2,2
9503291,15,2,13,44,15,0,0
9711227,38,4,34,192,0,38,299
9612372,4,1,3,3,4,0,0
9501231,33,7,26,99,15,18,32
9702223,2,2,0,0,0,2,15
9705323,8,2,6,13,2,6,13
9603342,18,2,16,59,5,13,19
9606335,1,1,0,0,0,1,2
9311367,18,4,14,87,6,12,18
9606438,10,1,9,20,0,10,117
9601336,10,1,9,23,10,0,0
9510300,8,2,6,16,8,0,0
9709473,2,2,0,0,0,2,3
107310,3,1,2,2,3,0,0
106149,16,4,12,35,0,16,74
7355,20,4,16,60,0,20,84
9410412,9,2,7,10,0,9,30
9707419,4,1,3,3,4,0,0
9902482,23,8,15,34,0,23,339
9909361,6,2,4,8,0,6,19
9805314,2,1,1,1,0,2,2
9510231,1,1,0,0,0,1,1
9704298,37,4,33,160,0,37,230
9203220,13,2,11,32,13,0,0
207126,2,1,1,1,0,2,10
9501266,14,3,11,32,6,8,12
103311,1,1,0,0,1,0,0
4159,3,2,1,1,0,3,9
9504330,15,2,13,38,12,3,3
9606346,18,2,16,62,18,0,0
9602351,33,2,31,195,5,28,63
9511300,5,4,1,2,5,0,0
9411324,6,2,4,9,5,1,1
9907425,15,3,12,64,0,15,53
103256,22,4,18,66,0,22,271
9806366,8,4,4,4,1,7,11
9303308,6,2,4,12,3,3,3
9504225,1,1,0,0,0,1,2
204225,11,4,7,18,0,11,91
9908371,11,4,7,8,0,11,73
9704336,15,3,12,46,0,15,126
204066,0,0,0,0,0,0,0
9506205,3,1,2,2,0,3,5
111158,2,2,0,0,0,2,9
9209271,6,2,4,4,6,0,0
101257,5,2,3,4,0,5,40
110003,1,1,0,0,0,1,1
9409381,7,1,6,10,7,0,0
9209215,19,2,17,46,19,0,0
9906417,3,2,1,1,0,3,31
9710275,3,3,0,0,0,3,6
9805442,12,2,10,28,4,8,13
9704328,0,0,0,0,0,0,0
9811420,4,4,0,0,0,4,24
9806499,14,1,13,28,0,14,34
201298,1,1,0,0,0,1,4
108205,2,1,1,1,0,2,17
9904490,7,3,4,9,7,0,0
9302317,12,3,9,29,12,0,0
9411334,14,4,10,25,0,14,40
9801268,27,1,26,183,0,27,155
3328,7,3,4,6,0,7,27
9508352,2,1,1,1,0,2,3
9910214,7,2,5,11,0,7,124
9304271,4,2,2,2,4,0,0
9604359,4,2,2,2,0,4,16
9211305,6,3,3,7,6,0,0
4171,6,4,2,3,0,6,89
110215,12,1,11,26,5,7,14
9903423,1,1,0,0,0,1,6
12017,26,3,23,111,0,26,245
9910307,2,2,0,0,2,0,0
111190,16,1,15,56,16,0,0
9905275,4,1,3,6,0,4,34
103322,5,2,3,3,0,5,10
9707256,19,1,18,45,0,19,96
104106,8,5,3,3,0,8,19
9407308,1,1,0,0,1,0,0
9405209,8,1,7,14,0,8,8
9505285,18,4,14,43,9,9,9
9709245,7,3,4,5,0,7,26
9610285,4,2,2,2,0,4,13
9510342,16,1,15,58,16,0,0
9231,1,1,0,0,0,1,4
9709411,1,1,0,0,0,1,4
9611347,5,1,4,8,0,5,8
9902220,22,2,20,73,0,22,142
9301255,5,2,3,6,0,5,5
112126,4,2,2,3,0,4,45
9510286,5,2,3,4,0,5,51
9510301,32,4,28,101,1,31,83
9602236,5,3,2,3,3,2,3
110036,1,1,0,0,0,1,2
110041,2,2,0,0,1,1,1
108168,5,4,1,2,0,5,92
102091,1,1,0,0,0,1,10
204037,7,2,5,6,0,7,58
9710438,10,5,5,17,0,10,33
9511252,16,1,15,48,11,5,5
9902385,10,3,7,12,2,8,8
9808458,7,1,6,20,0,7,14
9906341,5,3,2,2,0,5,64
1299,22,4,18,72,0,22,40
9501285,9,2,7,12,0,9,22
9504237,11,1,10,24,1,10,32
9305273,3,3,0,0,3,0,0
110097,5,2,3,3,0,5,31
102093,18,1,17,58,0,18,256
9910537,18,3,15,49,3,15,44
8035,1,1,0,0,0,1,6
9712256,3,3,0,0,0,3,16
9211314,4,1,3,5,4,0,0
9908246,12,3,9,26,0,12,84
9512300,13,2,11,24,5,8,15
9612355,4,3,1,2,0,4,17
3170,6,2,4,4,0,6,22
9709229,8,4,4,10,1,7,24
9612470,0,0,0,0,0,0,0
9411256,8,5,3,6,6,2,2
9803254,4,1,3,3,0,4,33
9609310,1,1,0,0,0,1,1
9902292,12,1,11,26,0,12,29
104232,19,5,14,55,0,19,213
9412309,6,1,5,7,6,0,0
9508407,3,1,2,2,0,3,8
9609220,2,2,0,0,0,2,2
204025,3,3,0,0,0,3,9
9909465,1,1,0,0,0,1,31
203163,0,0,0,0,0,0,0
9905396,0,0,0,0,0,0,0
9607389,22,4,18,72,3,19,32
9407353,1,1,0,0,1,0,0
9907505,5,2,3,4,0,5,41
9409309,8,5,3,4,3,5,9
9905219,5,2,3,6,0,5,60
9910201,8,2,6,12,0,8,26
9708480,11,2,9,20,0,11,25
9607403,4,2,2,3,0,4,14
9609436,10,3,7,13,4,6,6
9405426,3,1,2,3,3,0,0
4094,3,3,0,0,0,3,7
9504379,10,2,8,18,10,0,0
9704235,5,2,3,5,0,5,46
201242,5,1,4,8,0,5,11
207158,4,2,2,5,4,0,0
9501247,6,1,5,10,6,0,0
9711342,5,1,4,8,0,5,13
109061,2,2,0,0,0,2,8
9602426,5,1,4,9,0,5,7
9312213,3,2,1,1,3,0,0
9409410,5,5,0,0,5,0,0
9206229,3,1,2,3,3,0,0
9511343,9,2,7,10,0,9,34
9904481,1,1,0,0,0,1,2
9708351,5,2,3,4,0,5,14
2302,0,0,0,0,0,0,0
9710518,2,1,1,1,0,2,4
9510460,4,1,3,3,4,0,0
9510304,19,2,17,76,12,7,7
9904233,2,2,0,0,0,2,10
9305260,6,3,3,6,6,0,0
10204,2,2,0,0,0,2,9
9602260,14,1,13,40,7,7,7
9503467,5,5,0,0,4,1,1
9611278,0,0,0,0,0,0,0
203271,0,0,0,0,0,0,0
6129,10,1,9,28,2,8,14
9912413,1,1,0,0,1,0,0
101230,3,2,1,1,0,3,95
9508269,3,1,2,3,3,0,0
9408269,0,0,0,0,0,0,0
9808277,2,2,0,0,0,2,3
110213,8,1,7,10,0,8,114
9605405,2,2,0,0,2,0,0
9709366,2,2,0,0,0,2,5
9709255,1,1,0,0,0,1,6
301003,0,0,0,0,0,0,0
9406267,6,1,5,9,6,0,0
9903326,5,2,3,4,0,5,14
9811288,7,1,6,7,0,7,13
208241,4,2,2,2,0,4,18
9912337,1,1,0,0,1,0,0
9904317,1,1,0,0,1,0,0
9901416,6,1,5,9,4,2,2
11006,2,2,0,0,0,2,20
9911214,17,1,16,58,0,17,98
9411340,4,2,2,2,4,0,0
9911418,3,1,2,2,1,2,5
9607428,9,4,5,13,1,8,10
9805331,2,1,1,1,0,2,2
9904469,8,1,7,14,0,8,59
111249,0,0,0,0,0,0,0
9404271,3,2,1,1,0,3,3
9406228,5,2,3,3,0,5,15
9604404,13,2,11,27,6,7,7
209353,3,2,1,1,0,3,10
9809461,1,1,0,0,0,1,7
9803326,5,1,4,4,5,0,0
4116,4,2,2,3,0,4,44
9906461,4,1,3,5,0,4,20
9705413,13,11,2,2,13,0,0
9909489,15,1,14,37,0,15,118
9806428,16,3,13,46,0,16,26
9709274,8,6,2,4,0,8,23
207080,10,4,6,12,0,10,95
9811261,4,4,0,0,4,0,0
9811294,3,3,0,0,0,3,19
9602331,2,2,0,0,0,2,3
9705329,14,1,13,38,14,0,0
206080,1,1,0,0,0,1,1
210181,4,3,1,1,0,4,37
9812398,7,1,6,17,0,7,9
9607238,5,1,4,8,0,5,8
9711499,5,1,4,6,0,5,26
9606442,3,2,1,1,3,0,0
107163,5,1,4,7,0,5,50
9604429,12,1,11,19,2,10,10
106250,1,1,0,0,0,1,4
9410364,8,3,5,18,1,7,11
9403268,3,2,1,1,1,2,2
9906508,3,2,1,1,0,3,28
111226,0,0,0,0,0,0,0
7004,7,4,3,3,0,7,18
9404227,1,1,0,0,1,0,0
202270,15,4,11,32,0,15,331
9709436,0,0,0,0,0,0,0
209002,11,1,10,30,0,11,86
9706519,2,1,1,1,0,2,29
9504345,4,3,1,1,0,4,27
9903427,4,1,3,5,0,4,4
9304292,3,3,0,0,3,0,0
2003,5,3,2,5,0,5,23
9511305,2,2,0,0,0,2,4
9501262,6,4,2,3,6,0,0
9911523,13,2,11,23,0,13,67
9504410,7,2,5,10,5,2,2
9604385,4,1,3,5,0,4,5
12043,9,3,6,23,0,9,32
211310,1,1,0,0,0,1,9
211290,2,1,1,1,0,2,4
9706276,2,2,0,0,0,2,4
9807488,7,4,3,5,0,7,30
9809380,1,1,0,0,0,1,3
9602212,1,1,0,0,1,0,0
109018,9,2,7,20,0,9,57
9707234,1,1,0,0,0,1,2
105197,6,1,5,6,6,0,0
9705451,5,2,3,4,2,3,6
9609285,9,4,5,13,0,9,99
9510213,8,5,3,6,0,8,8
9912511,0,0,0,0,0,0,0
9711434,1,1,0,0,0,1,4
9807461,6,3,3,4,0,6,36
9503241,11,1,10,17,2,9,16
9605425,0,0,0,0,0,0,0
10113,1,1,0,0,0,1,1
111004,1,1,0,0,0,1,32
9602273,5,2,3,3,0,5,20
207139,7,3,4,5,0,7,108
9705311,11,6,5,11,1,10,16
9805261,8,5,3,3,0,8,51
9509310,2,2,0,0,0,2,3
9512226,4,1,3,4,4,0,0
11089,6,1,5,6,0,6,21
9805279,3,1,2,3,0,3,21
9310247,8,7,1,1,8,0,0
9702358,3,2,1,1,0,3,3
9812272,7,4,3,6,0,7,35
9909224,3,3,0,0,0,3,21
104152,4,3,1,1,4,0,0
9911228,6,2,4,6,0,6,46
9710247,5,1,4,5,0,5,8
9908361,2,1,1,1,2,0,0
9911492,3,2,1,1,1,2,4
9807427,6,2,4,10,6,0,0
2236,2,1,1,1,0,2,10
9804219,1,1,0,0,0,1,2
111138,5,1,4,9,0,5,19
9306279,0,0,0,0,0,0,0
111142,0,0,0,0,0,0,0
10007,2,2,0,0,0,2,9
9304212,3,2,1,1,3,0,0
9809503,10,2,8,17,0,10,70
9908220,6,1,5,9,0,6,16
9907280,2,2,0,0,2,0,0
9904383,6,2,4,4,1,5,9
9309203,4,2,2,2,4,0,0
9509418,4,3,1,1,4,0,0
105173,0,0,0,0,0,0,0
102064,7,1,6,12,0,7,26
211414,1,1,0,0,0,1,6
112185,1,1,0,0,0,1,4
203031,5,3,2,2,0,5,35
9503363,3,2,1,2,3,0,0
204031,0,0,0,0,0,0,0
211432,2,2,0,0,0,2,28
109217,7,3,4,9,0,7,63
9603320,3,1,2,3,3,0,0
9711282,1,1,0,0,0,1,13
207014,1,1,0,0,0,1,3
9406211,1,1,0,0,1,0,0
9805288,6,2,4,5,2,4,6
9709262,3,3,0,0,0,3,23
109151,0,0,0,0,0,0,0
9812202,6,3,3,6,0,6,84
9812313,1,1,0,0,0,1,5
107243,2,1,1,1,0,2,4
201130,1,1,0,0,0,1,8
9601313,8,2,6,13,2,6,14
302254,0,0,0,0,0,0,0
9210276,4,2,2,2,4,0,0
9903552,1,1,0,0,0,1,1
103229,4,2,2,4,0,4,33
9906422,0,0,0,0,0,0,0
5123,6,3,3,8,0,6,14
9906505,2,1,1,1,2,0,0
9811376,7,4,3,3,0,7,23
9603368,3,2,1,1,3,0,0
202019,0,0,0,0,0,0,0
9804455,4,1,3,3,0,4,6
9810392,6,2,4,7,6,0,0
9408255,7,2,5,10,7,0,0
1119,6,2,4,8,0,6,29
9609352,4,1,3,6,0,4,18
5106,2,2,0,0,0,2,14
9405376,0,0,0,0,0,0,0
9506344,2,1,1,1,0,2,4
204233,1,1,0,0,1,0,0
9408332,5,3,2,2,5,0,0
9508344,1,1,0,0,1,0,0
204149,2,2,0,0,0,2,5
9502374,2,2,0,0,1,1,1
9410249,6,2,4,6,0,6,6
9608379,1,1,0,0,1,0,0
9904447,2,1,1,1,2,0,0
7217,3,3,0,0,1,2,2
9906500,4,2,2,3,0,4,4
9611398,10,2,8,20,0,10,28
9902478,3,1,2,3,1,2,4
103170,6,2,4,6,0,6,17
3191,2,1,1,1,0,2,7
103115,1,1,0,0,0,1,3
12331,1,1,0,0,0,1,5
9902210,2,2,0,0,0,2,2
11076,4,2,2,2,0,4,8
3278,6,1,5,10,0,6,36
9307238,3,3,0,0,3,0,0
9609393,2,2,0,0,0,2,2
9601225,1,1,0,0,0,1,1
4061,2,2,0,0,0,2,7
106316,3,2,1,1,0,3,9
9803447,5,1,4,8,0,5,30
109030,5,2,3,4,0,5,18
207052,3,1,2,3,0,3,20
207002,0,0,0,0,0,0,0
9605271,0,0,0,0,0,0,0
9710531,4,1,3,3,4,0,0
108090,2,1,1,1,2,0,0
9808357,3,2,1,1,1,2,8
9810424,10,2,8,30,0,10,19
9503444,4,1,3,4,4,0,0
9502333,0,0,0,0,0,0,0
8006,5,1,4,6,0,5,59
212007,1,1,0,0,0,1,5
9810526,2,2,0,0,1,1,1
9809566,5,1,4,9,4,1,1
9411201,3,2,1,1,1,2,2
9603435,4,3,1,3,3,1,1
105206,0,0,0,0,0,0,0
9308348,3,1,2,2,3,0,0
9912344,2,2,0,0,0,2,3
103133,3,1,2,2,0,3,11
10123,1,1,0,0,0,1,3
9807379,4,2,2,4,1,3,4
9907219,5,1,4,5,1,4,11
9910435,5,1,4,7,0,5,10
2300,1,1,0,0,0,1,1
203166,10,2,8,13,0,10,134
202254,2,1,1,1,0,2,6
9704411,1,1,0,0,1,0,0
9601355,3,1,2,2,1,2,2
9804249,4,1,3,6,0,4,14
212340,0,0,0,0,0,0,0
9812393,3,3,0,0,0,3,9
106154,0,0,0,0,0,0,0
9401341,2,1,1,1,1,1,1
9311319,5,3,2,6,5,0,0
9702249,4,2,2,3,0,4,5
9206212,5,5,0,0,5,0,0
112296,0,0,0,0,0,0,0
9607466,5,2,3,5,5,0,0
9148,2,1,1,1,1,1,4
4185,1,1,0,0,1,0,0
9906283,4,2,2,3,0,4,8
1150,1,1,0,0,0,1,1
112227,1,1,0,0,0,1,4
9812333,5,2,3,8,0,5,15
9108,2,1,1,1,0,2,12
9909341,2,1,1,1,0,2,13
9606264,13,3,10,21,13,0,0
107178,6,3,3,5,0,6,25
2289,1,1,0,0,1,0,0
105079,2,1,1,1,2,0,0
104179,2,1,1,1,0,2,6
9807546,2,1,1,1,2,0,0
9410375,6,3,3,5,6,0,0
5285,4,3,1,1,0,4,4
9604331,6,4,2,2,1,5,12
9510426,1,1,0,0,0,1,1
111333,1,1,0,0,0,1,2
110087,0,0,0,0,0,0,0
9411329,2,1,1,1,1,1,1
9811333,2,1,1,1,0,2,4
9143,1,1,0,0,0,1,24
9305208,4,1,3,3,4,0,0
9507312,2,1,1,1,0,2,7
12101,0,0,0,0,0,0,0
9906524,3,1,2,2,0,3,4
9507340,3,2,1,1,1,2,2
9609211,1,1,0,0,1,0,0
211371,0,0,0,0,0,0,0
9510275,3,1,2,2,1,2,2
9906526,3,1,2,2,1,2,2
9709468,6,2,4,6,0,6,23
9710305,3,1,2,3,2,1,2
9804460,2,2,0,0,0,2,3
12003,3,1,2,2,1,2,2
9801227,0,0,0,0,0,0,0
9410341,2,2,0,0,0,2,4
9404356,6,1,5,15,6,0,0
9710363,2,1,1,1,1,1,1
204332,4,3,1,1,0,4,25
9806431,2,1,1,1,0,2,5
8195,6,1,5,9,0,6,6
9505418,3,2,1,1,3,0,0
208134,2,2,0,0,0,2,19
8136,4,2,2,3,4,0,0
110081,0,0,0,0,0,0,0
111338,2,2,0,0,0,2,31
9811513,0,0,0,0,0,0,0
9301233,7,6,1,1,7,0,0
207296,1,1,0,0,0,1,11
9606476,1,1,0,0,0,1,3
111026,11,3,8,14,0,11,219
207217,1,1,0,0,0,1,1
9906371,2,2,0,0,0,2,9
9401252,5,3,2,3,5,0,0
301130,2,2,0,0,0,2,20
11347,0,0,0,0,0,0,0
208069,4,4,0,0,0,4,29
111319,0,0,0,0,0,0,0
205108,4,1,3,5,0,4,46
9911514,6,1,5,14,0,6,20
9710407,3,3,0,0,0,3,10
12082,4,1,3,4,0,4,8
9805339,5,1,4,8,0,5,12
9710442,4,1,3,5,1,3,7
9809511,0,0,0,0,0,0,0
210028,1,1,0,0,0,1,16
9601342,2,2,0,0,2,0,0
302017,0,0,0,0,0,0,0
101010,2,1,1,1,2,0,0
9608261,2,2,0,0,0,2,2
9710432,6,1,5,11,6,0,0
9711356,1,1,0,0,1,0,0
9601210,1,1,0,0,1,0,0
110314,0,0,0,0,0,0,0
9407265,0,0,0,0,0,0,0
2097,5,2,3,4,0,5,13
9908273,0,0,0,0,0,0,0
9604255,5,1,4,9,0,5,8
201125,0,0,0,0,0,0,0
9901437,1,1,0,0,1,0,0
107176,3,3,0,0,0,3,15
9304207,3,1,2,2,3,0,0
204069,3,2,1,1,0,3,16
9710517,5,2,3,8,1,4,5
9602321,1,1,0,0,1,0,0
209051,3,1,2,2,0,3,21
9611305,2,2,0,0,1,1,2
9711202,2,2,0,0,0,2,3
9809323,1,1,0,0,0,1,3
9511273,3,2,1,1,1,2,2
9807547,0,0,0,0,0,0,0
9503315,1,1,0,0,1,0,0
110323,1,1,0,0,0,1,1
9808391,2,2,0,0,2,0,0
9277,0,0,0,0,0,0,0
9909527,0,0,0,0,0,0,0
108224,7,2,5,15,0,7,83
105108,4,2,2,2,0,4,26
202097,0,0,0,0,0,0,0
209146,0,0,0,0,0,0,0
107197,2,2,0,0,0,2,10
6357,0,0,0,0,0,0,0
6093,1,1,0,0,0,1,3
9803490,0,0,0,0,0,0,0
9803282,5,2,3,3,0,5,19
109159,2,2,0,0,0,2,6
203023,2,1,1,1,0,2,2
102325,0,0,0,0,0,0,0
9209286,2,1,1,1,2,0,0
9712292,0,0,0,0,0,0,0
9612308,0,0,0,0,0,0,0
9609302,1,1,0,0,1,0,0
9610399,3,1,2,2,0,3,5
203239,0,0,0,0,0,0,0
9506239,1,1,0,0,0,1,1
9405287,3,2,1,1,3,0,0
9901313,1,1,0,0,0,1,6
9711340,1,1,0,0,0,1,3
209355,0,0,0,0,0,0,0
9909550,2,1,1,1,0,2,6
9612244,2,2,0,0,2,0,0
9506418,0,0,0,0,0,0,0
208121,2,2,0,0,0,2,23
202071,1,1,0,0,0,1,3
9411209,1,1,0,0,1,0,0
107275,2,2,0,0,0,2,19
211030,0,0,0,0,0,0,0
9608240,0,0,0,0,0,0,0
9909303,0,0,0,0,0,0,0
5013,0,0,0,0,0,0,0
212212,1,1,0,0,0,1,17
9710349,1,1,0,0,1,0,0
9812473,2,1,1,1,0,2,6
9611441,1,1,0,0,1,0,0
212113,1,1,0,0,0,1,8
106286,0,0,0,0,0,0,0
9802254,1,1,0,0,0,1,1
112326,0,0,0,0,0,0,0
202185,0,0,0,0,0,0,0
9507318,1,1,0,0,1,0,0
212136,0,0,0,0,0,0,0
105107,3,2,1,1,0,3,9
9608439,2,2,0,0,0,2,3
6141,2,1,1,1,0,2,4
111154,1,1,0,0,0,1,3
207118,0,0,0,0,0,0,0
9602270,2,1,1,1,2,0,0
9908488,0,0,0,0,0,0,0
9508391,4,4,0,0,4,0,0
9510394,0,0,0,0,0,0,0
9503270,2,1,1,1,2,0,0
9712374,0,0,0,0,0,0,0
9912368,0,0,0,0,0,0,0
9204213,5,3,2,2,5,0,0
9511429,0,0,0,0,0,0,0
9504419,3,3,0,0,0,3,3
302047,0,0,0,0,0,0,0
211039,0,0,0,0,0,0,0
105179,2,1,1,1,0,2,8
110122,1,1,0,0,1,0,0
9705297,0,0,0,0,0,0,0
208188,1,1,0,0,0,1,11
9908498,1,1,0,0,0,1,4
101248,1,1,0,0,0,1,2
104007,0,0,0,0,0,0,0
9903463,0,0,0,0,0,0,0
112058,0,0,0,0,0,0,0
9611216,0,0,0,0,0,0,0
9706457,3,2,1,1,0,3,28
9906537,0,0,0,0,0,0,0
9503397,0,0,0,0,0,0,0
202211,4,1,3,6,3,1,2
301033,0,0,0,0,0,0,0
9411265,1,1,0,0,1,0,0
110240,2,1,1,1,0,2,2
301263,0,0,0,0,0,0,0
205127,0,0,0,0,0,0,0
9604372,0,0,0,0,0,0,0
8337,1,1,0,0,0,1,2
1011,2,1,1,1,2,0,0
9505252,1,1,0,0,0,1,2
202065,0,0,0,0,0,0,0
104147,1,1,0,0,1,0,0
9503451,0,0,0,0,0,0,0
9208227,2,1,1,1,2,0,0
206207,5,2,3,3,1,4,9
103097,1,1,0,0,0,1,6
9409433,4,3,1,1,4,0,0
9909210,0,0,0,0,0,0,0
5059,1,1,0,0,0,1,3
107311,1,1,0,0,0,1,1
5046,1,1,0,0,0,1,6
9902470,1,1,0,0,0,1,13
9712379,1,1,0,0,1,0,0
4132,0,0,0,0,0,0,0
111260,1,1,0,0,1,0,0
206263,2,2,0,0,2,0,0
9205204,1,1,0,0,1,0,0
101244,2,2,0,0,2,0,0
9806504,1,1,0,0,0,1,1
111041,0,0,0,0,0,0,0
111335,5,1,4,8,0,5,7
9709204,0,0,0,0,0,0,0
9910513,1,1,0,0,0,1,1
9606319,0,0,0,0,0,0,0
207149,0,0,0,0,0,0,0
205179,0,0,0,0,0,0,0
209287,0,0,0,0,0,0,0
301090,0,0,0,0,0,0,0
9506444,1,1,0,0,0,1,2
203160,1,1,0,0,0,1,7
212086,0,0,0,0,0,0,0
204072,0,0,0,0,0,0,0
205239,1,1,0,0,0,1,13
101119,1,1,0,0,0,1,15
208005,1,1,0,0,0,1,1
105234,5,1,4,4,5,0,0
9809394,1,1,0,0,0,1,4
212112,1,1,0,0,0,1,3
9708411,2,1,1,1,0,2,2
10235,0,0,0,0,0,0,0
107203,0,0,0,0,0,0,0
9912299,1,1,0,0,1,0,0
9611235,0,0,0,0,0,0,0
112023,1,1,0,0,0,1,20
109107,0,0,0,0,0,0,0
9711468,0,0,0,0,0,0,0
109187,0,0,0,0,0,0,0
9808496,2,1,1,1,0,2,26
9606341,0,0,0,0,0,0,0
109235,0,0,0,0,0,0,0
1055,0,0,0,0,0,0,0
9811210,1,1,0,0,1,0,0
9710254,0,0,0,0,0,0,0
106231,1,1,0,0,1,0,0
211459,0,0,0,0,0,0,0
105137,0,0,0,0,0,0,0
9909293,0,0,0,0,0,0,0
210313,0,0,0,0,0,0,0
9711270,1,1,0,0,0,1,6
9708381,0,0,0,0,0,0,0
9910384,1,1,0,0,0,1,9
111097,0,0,0,0,0,0,0
9306227,2,2,0,0,2,0,0
211177,0,0,0,0,0,0,0
111396,0,0,0,0,0,0,0
9607229,0,0,0,0,0,0,0
9811512,1,1,0,0,1,0,0
9809317,0,0,0,0,0,0,0
9206202,1,1,0,0,1,0,0
208200,0,0,0,0,0,0,0
9503437,4,2,2,2,4,0,0
202027,2,1,1,1,0,2,7
9803270,2,1,1,1,0,2,5
6198,1,1,0,0,0,1,8
9805226,0,0,0,0,0,0,0
3076,2,2,0,0,0,2,12
110342,1,1,0,0,0,1,2
204293,0,0,0,0,0,0,0
9808279,0,0,0,0,0,0,0
206289,0,0,0,0,0,0,0
9702413,4,2,2,2,4,0,0
9608405,1,1,0,0,0,1,1
207239,0,0,0,0,0,0,0
9505299,1,1,0,0,1,0,0
9302301,2,1,1,1,2,0,0
9501353,0,0,0,0,0,0,0
302151,0,0,0,0,0,0,0
202161,0,0,0,0,0,0,0
203240,2,2,0,0,0,2,7
211337,0,0,0,0,0,0,0
9606374,1,1,0,0,0,1,4
9512377,1,1,0,0,1,0,0
301115,0,0,0,0,0,0,0
211353,2,1,1,1,0,2,4
9904229,1,1,0,0,0,1,5
112020,0,0,0,0,0,0,0
207038,0,0,0,0,0,0,0
2131,0,0,0,0,0,0,0
9408221,1,1,0,0,1,0,0
9511346,0,0,0,0,0,0,0
9412293,2,2,0,0,2,0,0
204268,0,0,0,0,0,0,0
207311,1,1,0,0,0,1,2
9911368,0,0,0,0,0,0,0
9306328,0,0,0,0,0,0,0
9802255,0,0,0,0,0,0,0
9911415,2,2,0,0,0,2,2
107195,0,0,0,0,0,0,0
302051,0,0,0,0,0,0,0
105055,0,0,0,0,0,0,0
9705376,0,0,0,0,0,0,0
9710471,0,0,0,0,0,0,0
9501383,2,2,0,0,2,0,0
1184,2,1,1,1,0,2,8
9504328,0,0,0,0,0,0,0
201286,0,0,0,0,0,0,0
204182,1,1,0,0,0,1,2
9402257,1,1,0,0,1,0,0
206224,0,0,0,0,0,0,0
211311,0,0,0,0,0,0,0
202206,2,1,1,1,0,2,6
202038,0,0,0,0,0,0,0
112268,2,2,0,0,0,2,3
9905384,0,0,0,0,0,0,0
9710288,0,0,0,0,0,0,0
112090,0,0,0,0,0,0,0
9808323,0,0,0,0,0,0,0
211264,0,0,0,0,0,0,0
9802389,0,0,0,0,0,0,0
105038,0,0,0,0,0,0,0
9312305,4,4,0,0,4,0,0
6121,1,1,0,0,1,0,0
9810226,0,0,0,0,0,0,0
9708387,0,0,0,0,0,0,0
9712227,0,0,0,0,0,0,0
206111,0,0,0,0,0,0,0
9204224,1,1,0,0,1,0,0
9805425,0,0,0,0,0,0,0
107088,0,0,0,0,0,0,0
9809280,1,1,0,0,0,1,6
9411345,1,1,0,0,1,0,0
212356,0,0,0,0,0,0,0
9802403,1,1,0,0,0,1,10
206154,1,1,0,0,0,1,5
9712364,0,0,0,0,0,0,0
203095,0,0,0,0,0,0,0
206253,2,2,0,0,1,1,1
9607323,0,0,0,0,0,0,0
208278,0,0,0,0,0,0,0
211334,0,0,0,0,0,0,0
9806466,0,0,0,0,0,0,0
9803455,2,1,1,1,2,0,0
9710344,0,0,0,0,0,0,0
111274,0,0,0,0,0,0,0
210361,0,0,0,0,0,0,0
111300,0,0,0,0,0,0,0
6281,2,2,0,0,0,2,2
5047,1,1,0,0,1,0,0
9912353,0,0,0,0,0,0,0
9611407,0,0,0,0,0,0,0
9807288,0,0,0,0,0,0,0
9611377,0,0,0,0,0,0,0
204047,0,0,0,0,0,0,0
10313,0,0,0,0,0,0,0
207041,0,0,0,0,0,0,0
109124,0,0,0,0,0,0,0
9610460,1,1,0,0,0,1,4
9912400,1,1,0,0,1,0,0
102280,0,0,0,0,0,0,0
209215,0,0,0,0,0,0,0
9810462,0,0,0,0,0,0,0
9909503,0,0,0,0,0,0,0
203162,0,0,0,0,0,0,0
9907284,0,0,0,0,0,0,0
106011,0,0,0,0,0,0,0
9811305,1,1,0,0,0,1,1
9807217,0,0,0,0,0,0,0
9708397,1,1,0,0,1,0,0
212186,0,0,0,0,0,0,0
9512299,2,2,0,0,2,0,0
207228,1,1,0,0,1,0,0
9710524,0,0,0,0,0,0,0
9710262,0,0,0,0,0,0,0
9509202,1,1,0,0,1,0,0
301181,0,0,0,0,0,0,0
9407219,0,0,0,0,0,0,0
9707538,0,0,0,0,0,0,0
212067,0,0,0,0,0,0,0
302082,0,0,0,0,0,0,0
211436,0,0,0,0,0,0,0
11071,0,0,0,0,0,0,0
3050,1,1,0,0,1,0,0
209167,1,1,0,0,1,0,0
301180,0,0,0,0,0,0,0
209096,0,0,0,0,0,0,0
9901301,1,1,0,0,0,1,3
9812439,0,0,0,0,0,0,0
9804256,0,0,0,0,0,0,0
9905462,1,1,0,0,1,0,0
9712270,1,1,0,0,1,0,0
9510299,0,0,0,0,0,0,0
9603254,0,0,0,0,0,0,0
302261,0,0,0,0,0,0,0
9609457,1,1,0,0,1,0,0
9710299,0,0,0,0,0,0,0
9402343,0,0,0,0,0,0,0
9810459,0,0,0,0,0,0,0
11042,1,1,0,0,0,1,2
5117,0,0,0,0,0,0,0
9506460,0,0,0,0,0,0,0
302184,1,1,0,0,0,1,10
9812424,0,0,0,0,0,0,0
5307,0,0,0,0,0,0,0
202130,0,0,0,0,0,0,0
212159,0,0,0,0,0,0,0
203174,0,0,0,0,0,0,0
9602231,0,0,0,0,0,0,0
302141,0,0,0,0,0,0,0
109038,0,0,0,0,0,0,0
103323,1,1,0,0,0,1,1
9902254,0,0,0,0,0,0,0
208135,0,0,0,0,0,0,0
9408377,1,1,0,0,1,0,0
301196,0,0,0,0,0,0,0
108251,1,1,0,0,0,1,6
210059,0,0,0,0,0,0,0
108146,0,0,0,0,0,0,0
111463,2,2,0,0,0,2,9
9712312,0,0,0,0,0,0,0
211188,0,0,0,0,0,0,0
9507346,3,2,1,1,3,0,0
1278,0,0,0,0,0,0,0
112056,0,0,0,0,0,0,0
101332,1,1,0,0,0,1,22
9508266,0,0,0,0,0,0,0
9509434,0,0,0,0,0,0,0
212013,0,0,0,0,0,0,0
9701403,1,1,0,0,1,0,0
9701383,0,0,0,0,0,0,0
9909299,0,0,0,0,0,0,0
9409363,0,0,0,0,0,0,0
207062,0,0,0,0,0,0,0
9708385,0,0,0,0,0,0,0
9708462,0,0,0,0,0,0,0
10255,1,1,0,0,1,0,0
210290,0,0,0,0,0,0,0
5231,0,0,0,0,0,0,0
9604428,0,0,0,0,0,0,0
212177,0,0,0,0,0,0,0
206082,0,0,0,0,0,0,0
9801231,0,0,0,0,0,0,0
207206,0,0,0,0,0,0,0
206102,0,0,0,0,0,0,0
6140,0,0,0,0,0,0,0
9609461,0,0,0,0,0,0,0
203019,0,0,0,0,0,0,0
9305317,0,0,0,0,0,0,0
102109,0,0,0,0,0,0,0
301142,0,0,0,0,0,0,0
110410,0,0,0,0,0,0,0
9408268,0,0,0,0,0,0,0
9605370,0,0,0,0,0,0,0
210001,0,0,0,0,0,0,0
212385,0,0,0,0,0,0,0
5095,0,0,0,0,0,0,0
108019,0,0,0,0,0,0,0
9604408,0,0,0,0,0,0,0
212372,0,0,0,0,0,0,0
9612484,0,0,0,0,0,0,0
201169,0,0,0,0,0,0,0
2056,1,1,0,0,1,0,0
212039,0,0,0,0,0,0,0
9409331,0,0,0,0,0,0,0
103073,0,0,0,0,0,0,0
9406434,0,0,0,0,0,0,0
9110,0,0,0,0,0,0,0
9912348,0,0,0,0,0,0,0
9604389,0,0,0,0,0,0,0
106043,0,0,0,0,0,0,0
9809542,0,0,0,0,0,0,0
212217,0,0,0,0,0,0,0
5201,0,0,0,0,0,0,0
110302,0,0,0,0,0,0,0
9409404,1,1,0,0,1,0,0
10336,0,0,0,0,0,0,0
9805437,0,0,0,0,0,0,0
110039,0,0,0,0,0,0,0
9503250,0,0,0,0,0,0,0
9402355,0,0,0,0,0,0,0
9811297,0,0,0,0,0,0,0
9505228,0,0,0,0,0,0,0
211250,0,0,0,0,0,0,0
210156,0,0,0,0,0,0,0
9607469,1,1,0,0,1,0,0
9910291,17,1,16,67,0,17,54
9707293,0,0,0,0,0,0,0
9602234,18,2,16,79,14,4,4
9906218,22,1,21,85,0,22,77
9806401,3,3,0,0,0,3,28
9503203,35,1,34,240,23,12,12
9712400,11,2,9,30,11,0,0
9904295,2,1,1,1,0,2,8
9412360,5,1,4,6,5,0,0
9301276,35,2,33,169,35,0,0
9505426,0,0,0,0,0,0,0
9502417,21,1,20,70,2,19,44
6235,0,0,0,0,0,0,0
9812308,0,0,0,0,0,0,0
9610481,30,6,24,174,11,19,19
9807552,22,1,21,79,0,22,113
9507371,21,3,18,63,1,20,47
9212204,19,4,15,45,19,0,0
9902364,5,1,4,4,0,5,88
9612400,2,1,1,1,0,2,4
9408271,3,1,2,3,0,3,6
9702243,14,2,12,44,6,8,8
9910433,4,3,1,1,0,4,21
9509399,8,4,4,8,1,7,20
9707435,22,3,19,58,1,21,109
9903465,29,1,28,137,0,29,340
9712398,20,3,17,62,0,20,67
9509287,18,2,16,40,0,18,86
9809329,10,1,9,24,6,4,4
9911233,41,2,39,253,0,41,519
9410203,14,1,13,54,14,0,0
9702299,13,5,8,19,0,13,88
107121,4,1,3,5,1,3,12
9508314,6,1,5,5,2,4,4
9603261,25,4,21,40,6,19,53
9911390,10,3,7,26,0,10,109
9710335,50,3,47,338,1,49,471
9701396,40,5,35,245,1,39,197
9701342,4,1,3,4,2,2,4
9609512,25,3,22,105,2,23,46
9807344,117,2,115,1893,1,116,435
9212235,47,4,43,396,14,33,70
9310242,23,8,15,86,17,6,6
9609460,28,1,27,179,20,8,8
9409265,19,1,18,94,5,14,36
9703298,32,1,31,239,4,28,47
9707390,38,1,37,251,5,33,163
9503386,7,1,6,17,0,7,14
9708350,13,3,10,32,0,13,64
9411332,15,2,13,29,0,15,37
6083,4,1,3,4,0,4,21
9801356,31,1,30,206,4,27,46
9409287,43,5,38,229,5,38,105
9704325,24,1,23,143,5,19,36
5278,1,1,0,0,0,1,3
9210242,16,3,13,50,16,0,0
9302208,10,1,9,19,10,0,0
9210262,13,2,11,36,13,0,0
9804357,8,2,6,8,0,8,32
9504408,8,2,6,11,6,2,2
9903389,25,3,22,105,0,25,209
9508233,8,2,6,19,8,0,0
9706274,13,3,10,29,0,13,79
9701304,7,2,5,9,1,6,36
9810389,31,2,29,270,0,31,182
9806404,17,4,13,34,0,17,37
9711395,129,1,128,2371,129,0,0
9908248,51,2,49,348,0,51,328
9910247,25,2,23,131,0,25,268
5225,12,2,10,33,0,12,24
210133,1,1,0,0,0,1,9
9211226,7,1,6,10,0,7,7
9808275,12,1,11,32,0,12,69
9810457,77,5,72,859,0,77,320
9510204,24,6,18,70,1,23,65
9606412,6,2,4,5,0,6,18
9612268,10,3,7,12,1,9,9
9306204,16,2,14,49,16,0,0
9409263,5,1,4,7,3,2,2
9909266,13,1,12,39,0,13,104
9605446,83,1,82,888,0,83,251
9605325,12,4,8,16,1,11,51
9404323,4,1,3,6,1,3,9
6179,2,1,1,1,1,1,4
9406339,26,2,24,133,1,25,33
6135,8,4,4,10,0,8,18
107154,9,2,7,11,0,9,64
9607383,38,2,36,260,7,31,31
9510309,60,3,57,496,5,55,160
9911459,35,5,30,154,0,35,227
9906555,5,5,0,0,0,5,26
4028,39,1,38,251,39,0,0
9512396,63,1,62,828,7,56,102
102222,18,2,16,101,0,18,136
9808456,23,1,22,113,2,21,61
9212,13,2,11,34,0,13,144
11306,14,2,12,29,3,11,26
9906456,9,4,5,14,0,9,214
9408244,8,2,6,15,0,8,16
9803406,3,2,1,1,0,3,9
9807528,14,3,11,31,0,14,89
9403362,21,3,18,77,5,16,26
9507382,11,2,9,26,2,9,41
9612233,2,2,0,0,0,2,3
9910250,18,4,14,28,0,18,146
10051,4,2,2,3,0,4,27
9812489,34,2,32,203,0,34,400
1268,47,3,44,318,0,47,137
7032,26,1,25,147,0,26,136
102033,14,3,11,28,0,14,14
9405318,1,1,0,0,1,0,0
111069,20,1,19,103,0,20,141
2071,7,3,4,7,1,6,18
212269,3,3,0,0,0,3,5
9903451,33,1,32,190,9,24,40
11147,3,1,2,2,3,0,0
5009,4,1,3,4,1,3,6
9805378,5,2,3,4,0,5,15
9703454,24,2,22,69,0,24,113
9811267,8,2,6,18,6,2,2
9207209,8,1,7,16,8,0,0
9508283,5,2,3,5,4,1,1
11392,5,3,2,3,0,5,69
9305310,10,2,8,20,10,0,0
7031,28,2,26,148,0,28,185
9712517,6,2,4,6,1,5,11
9506378,26,2,24,90,0,26,123
9602332,3,1,2,2,2,1,2
9703259,22,3,19,78,1,21,70
9404277,8,2,6,20,8,0,0
9404248,17,1,16,61,17,0,0
103151,15,2,13,49,0,15,23
103090,2,1,1,1,0,2,5
9712376,1,1,0,0,1,0,0
9910320,24,4,20,71,0,24,280
9502380,0,0,0,0,0,0,0
9902383,11,2,9,30,1,10,19
9604441,27,2,25,147,5,22,28
9908425,9,2,7,13,0,9,47
9810496,22,1,21,99,0,22,119
9609419,23,3,20,100,4,19,38
9612356,0,0,0,0,0,0,0
9801369,23,3,20,87,0,23,232
9702263,6,2,4,4,1,5,5
9401328,19,1,18,106,19,0,0
9908446,9,3,6,14,0,9,57
9711447,2,1,1,1,2,0,0
9512244,10,5,5,15,0,10,34
9709379,39,1,38,269,0,39,263
9703424,3,3,0,0,1,2,4
9501307,38,7,31,138,1,37,51
9702282,8,5,3,6,0,8,25
9802338,4,4,0,0,0,4,11
9507432,2,1,1,1,0,2,13
9605379,7,2,5,8,7,0,0
9410225,9,2,7,18,0,9,51
9707497,4,1,3,3,0,4,27
9907319,27,4,23,144,0,27,152
9508357,4,2,2,4,4,0,0
9356,17,1,16,66,0,17,22
103074,3,3,0,0,1,2,2
10240,19,2,17,84,0,19,40
9403224,16,1,15,57,16,0,0
9502296,7,4,3,4,1,6,17
9602404,10,1,9,28,0,10,66
9903540,11,2,9,28,0,11,123
9709249,6,1,5,9,0,6,6
9806301,2,1,1,1,2,0,0
9703252,3,2,1,1,0,3,3
9707532,39,2,37,267,1,38,249
9204225,15,2,13,39,15,0,0
206136,6,2,4,7,0,6,48
9501284,8,2,6,12,5,3,3
9407241,1,1,0,0,1,0,0
9508379,14,3,11,23,1,13,42
9503258,4,1,3,5,4,0,0
9805316,13,3,10,27,1,12,19
9706339,28,1,27,157,1,27,92
9610377,1,1,0,0,0,1,1
9411333,7,2,5,12,7,0,0
9907446,33,4,29,185,0,33,379
1335,9,6,3,3,0,9,77
9510210,0,0,0,0,0,0,0
9404228,10,1,9,24,0,10,19
9711351,4,2,2,2,4,0,0
207036,8,1,7,21,0,8,62
9411278,2,2,0,0,0,2,3
9704428,23,4,19,116,0,23,264
202061,1,1,0,0,0,1,1
9307262,6,3,3,5,6,0,0
9409335,43,3,40,307,35,8,8
9212266,5,3,2,2,5,0,0
9912447,11,5,6,11,0,11,74
111101,0,0,0,0,0,0,0
9502201,4,1,3,6,3,1,1
9301258,7,2,5,9,7,0,0
9901306,14,3,11,52,0,14,157
9504360,11,2,9,21,11,0,0
9903457,4,1,3,4,4,0,0
9507347,3,3,0,0,3,0,0
9902272,1,1,0,0,0,1,2
9808294,9,2,7,10,0,9,31
9308226,5,1,4,7,5,0,0
110115,4,3,1,1,0,4,15
112085,3,2,1,1,0,3,6
9401262,11,5,6,9,11,0,0
9502321,6,3,3,3,0,6,14
9801375,22,1,21,103,0,22,102
4086,7,2,5,9,0,7,22
211075,0,0,0,0,0,0,0
9910441,12,2,10,31,0,12,139
9701306,1,1,0,0,0,1,1
9610342,1,1,0,0,0,1,3
9406252,8,2,6,18,8,0,0
9906232,5,1,4,5,0,5,43
106075,3,2,1,1,0,3,13
9902469,1,1,0,0,0,1,6
102046,17,3,14,51,0,17,173
9811230,1,1,0,0,1,0,0
9504431,9,2,7,14,0,9,31
9910392,3,1,2,3,0,3,32
102042,3,1,2,2,3,0,0
9504371,5,1,4,10,3,2,4
104141,6,2,4,6,0,6,151
9410226,2,2,0,0,2,0,0
9502378,17,2,15,69,8,9,14
9508362,14,4,10,26,0,14,30
3318,1,1,0,0,0,1,19
9610510,2,1,1,1,0,2,14
9607362,19,2,17,68,4,15,15
9905423,19,3,16,73,0,19,460
9208214,2,1,1,1,2,0,0
204099,0,0,0,0,0,0,0
9902328,3,2,1,1,0,3,31
9303321,11,5,6,16,11,0,0
9812267,9,2,7,18,0,9,26
9404253,7,2,5,11,1,6,6
9908466,3,1,2,2,0,3,5
9605434,12,2,10,28,1,11,17
201195,11,4,7,15,0,11,75
9604218,4,2,2,2,4,0,0
110249,6,3,3,9,0,6,69
9243,0,0,0,0,0,0,0
108021,36,1,35,211,0,36,240
9909538,7,1,6,16,0,7,35
9702286,6,1,5,10,0,6,17
9907314,8,1,7,15,2,6,9
9402291,9,1,8,35,9,0,0
9909281,2,1,1,1,0,2,28
9709344,16,4,12,34,10,6,7
9301281,8,2,6,13,8,0,0
9504238,10,1,9,14,0,10,21
9311323,1,1,0,0,1,0,0
10262,1,1,0,0,0,1,3
104038,20,1,19,90,0,20,237
9905309,21,2,19,63,2,19,78
9804223,7,1,6,16,7,0,0
9712299,6,2,4,5,0,6,8
9308273,7,2,5,12,7,0,0
9710426,11,3,8,18,0,11,106
9808213,7,6,1,1,1,6,15
9704310,1,1,0,0,0,1,3
3249,1,1,0,0,0,1,4
9712228,9,2,7,20,3,6,6
9610218,4,1,3,6,0,4,14
9308235,2,2,0,0,2,0,0
9806231,1,1,0,0,0,1,11
9805393,1,1,0,0,0,1,3
9907528,5,3,2,2,0,5,21
104245,11,2,9,23,0,11,151
9602390,11,1,10,19,7,4,4
9511380,6,5,1,2,1,5,9
9604380,3,1,2,2,3,0,0
107138,2,1,1,1,0,2,2
9905246,4,3,1,1,0,4,50
9709423,1,1,0,0,0,1,10
9711352,1,1,0,0,0,1,16
9702209,6,3,3,4,0,6,32
9809553,2,2,0,0,0,2,5
9812201,2,1,1,1,0,2,16
9411422,8,3,5,10,0,8,12
9908469,2,2,0,0,0,2,26
9804254,3,3,0,0,0,3,6
9710316,19,5,14,68,0,19,51
9607465,12,3,9,32,0,12,31
9702384,7,3,4,5,1,6,6
9605411,7,2,5,11,5,2,2
4052,3,1,2,3,0,3,6
9705257,5,2,3,5,0,5,18
9402206,7,2,5,13,0,7,21
9908207,8,1,7,22,8,0,0
209200,2,1,1,1,0,2,6
9507261,6,1,5,7,0,6,25
9309335,6,3,3,9,6,0,0
9812498,13,2,11,23,2,11,28
9604321,9,3,6,10,3,6,7
9910324,0,0,0,0,0,0,0
9911432,3,1,2,3,0,3,24
9702368,3,1,2,2,0,3,4
9606384,7,5,2,3,0,7,49
9412234,1,1,0,0,1,0,0
9709389,4,1,3,4,0,4,4
9505355,3,3,0,0,3,0,0
9711423,1,1,0,0,0,1,8
9711413,2,1,1,1,0,2,5
9912341,1,1,0,0,0,1,1
2224,19,3,16,73,0,19,93
9405261,2,1,1,1,0,2,5
9308275,15,1,14,34,0,15,25
9506283,8,1,7,18,8,0,0
211358,0,0,0,0,0,0,0
9401244,1,1,0,0,1,0,0
2048,5,1,4,5,0,5,40
12137,10,1,9,22,1,9,19
9712550,1,1,0,0,0,1,3
105295,4,1,3,4,0,4,92
9601358,3,1,2,3,3,0,0
9607289,5,1,4,5,0,5,21
9404354,6,3,3,3,6,0,0
111157,7,3,4,5,0,7,109
9404249,8,1,7,23,8,0,0
107173,3,1,2,2,0,3,5
9609215,5,1,4,6,0,5,39
102134,6,4,2,2,0,6,6
9309282,1,1,0,0,1,0,0
9910342,7,4,3,7,0,7,27
9909387,8,1,7,15,0,8,32
9603416,1,1,0,0,0,1,1
9604265,1,1,0,0,0,1,3
9601215,1,1,0,0,1,0,0
9410392,3,1,2,2,3,0,0
106060,7,4,3,4,0,7,42
9911366,12,1,11,33,0,12,76
9610222,6,3,3,4,6,0,0
9905316,3,1,2,2,0,3,13
9810376,5,1,4,6,0,5,11
9911527,1,1,0,0,0,1,2
9903528,0,0,0,0,0,0,0
110328,1,1,0,0,0,1,1
9406306,3,1,2,3,0,3,4
9406395,4,3,1,1,0,4,13
9710208,6,3,3,6,0,6,16
211281,1,1,0,0,0,1,5
9811346,6,4,2,3,0,6,27
9808485,3,1,2,3,3,0,0
9511231,1,1,0,0,1,0,0
101017,3,2,1,1,2,1,1
102051,2,2,0,0,0,2,17
10343,2,2,0,0,1,1,1
209047,0,0,0,0,0,0,0
9710317,14,8,6,9,0,14,54
202218,4,2,2,2,0,4,21
12297,2,1,1,1,0,2,10
8043,14,2,12,38,0,14,50
9509392,1,1,0,0,0,1,8
9905515,18,2,16,65,18,0,0
110089,2,1,1,1,2,0,0
108247,8,2,6,14,0,8,76
9607210,17,3,14,71,17,0,0
9907491,13,4,9,16,0,13,91
9805229,4,1,3,4,0,4,25
9708472,4,2,2,3,0,4,4
9711347,2,1,1,1,0,2,4
9606351,10,3,7,8,0,10,24
108031,2,1,1,1,2,0,0
9406324,3,2,1,1,0,3,4
9204232,7,4,3,5,7,0,0
1172,9,4,5,8,0,9,10
110299,1,1,0,0,0,1,4
9901440,14,2,12,24,4,10,17
9703260,0,0,0,0,0,0,0
102087,2,2,0,0,0,2,31
9605217,1,1,0,0,0,1,1
209014,11,3,8,21,0,11,114
110224,0,0,0,0,0,0,0
9811505,3,3,0,0,0,3,13
9208204,1,1,0,0,1,0,0
202087,2,2,0,0,0,2,8
5302,2,1,1,1,0,2,7
9610230,4,1,3,5,0,4,31
212151,0,0,0,0,0,0,0
106169,8,2,6,15,0,8,58
9304316,3,1,2,3,3,0,0
9507236,4,1,3,5,0,4,4
103187,3,1,2,2,0,3,18
111332,7,1,6,10,0,7,101
211292,1,1,0,0,0,1,4
9403239,5,1,4,7,3,2,2
6158,1,1,0,0,1,0,0
1291,1,1,0,0,0,1,4
301257,0,0,0,0,0,0,0
3220,12,2,10,36,1,11,11
9810388,3,2,1,2,0,3,9
111048,2,2,0,0,0,2,2
9708279,2,1,1,1,2,0,0
9707449,3,2,1,1,0,3,28
9609476,4,1,3,4,0,4,4
9508365,4,3,1,1,0,4,9
9604281,7,2,5,7,0,7,16
9810478,1,1,0,0,0,1,2
9509393,22,2,20,83,4,18,38
9601212,1,1,0,0,1,0,0
9807287,1,1,0,0,1,0,0
205111,3,1,2,3,0,3,26
9706489,5,3,2,2,0,5,29
204117,3,2,1,1,0,3,16
9905493,1,1,0,0,0,1,1
9610202,3,1,2,3,0,3,23
10283,1,1,0,0,0,1,2
9512286,2,1,1,1,0,2,6
209207,1,1,0,0,0,1,13
9806484,16,2,14,50,0,16,85
9809249,12,4,8,33,0,12,49
9803407,5,1,4,5,3,2,4
9212315,5,2,3,6,5,0,0
9402326,11,2,9,17,2,9,9
106331,2,2,0,0,0,2,7
9911242,6,2,4,6,0,6,46
9711326,2,1,1,1,0,2,6
9909436,3,1,2,3,1,2,2
9405311,4,2,2,5,4,0,0
204092,12,4,8,21,0,12,257
9704286,5,3,2,6,5,0,0
9701425,7,2,5,6,0,7,11
201134,6,3,3,5,0,6,21
9207205,4,4,0,0,4,0,0
103092,1,1,0,0,1,0,0
1200,2,1,1,1,0,2,10
6173,1,1,0,0,0,1,19
9904291,6,2,4,7,0,6,26
9912395,2,1,1,1,0,2,6
9608481,6,1,5,5,6,0,0
9908347,5,4,1,1,0,5,12
9905224,0,0,0,0,0,0,0
9905368,3,2,1,1,0,3,12
9909524,1,1,0,0,0,1,4
111098,8,3,5,8,0,8,32
212227,0,0,0,0,0,0,0
6200,10,1,9,18,10,0,0
12030,4,1,3,5,0,4,50
9711244,12,2,10,36,12,0,0
9808448,0,0,0,0,0,0,0
5056,4,1,3,4,0,4,15
202129,2,1,1,1,0,2,21
9701397,2,1,1,1,0,2,2
9803358,1,1,0,0,0,1,5
108264,4,1,3,6,4,0,0
9308351,1,1,0,0,1,0,0
9912436,7,4,3,3,0,7,23
9608241,3,2,1,1,0,3,9
106013,1,1,0,0,0,1,1
9606274,6,1,5,8,0,6,80
9209248,8,1,7,17,8,0,0
108186,4,1,3,4,0,4,12
9705202,4,1,3,4,0,4,23
9706444,8,1,7,13,0,8,30
10026,5,2,3,4,1,4,12
9402213,5,1,4,7,0,5,5
9702308,1,1,0,0,1,0,0
9904502,5,1,4,9,0,5,12
9505404,5,3,2,3,5,0,0
3034,0,0,0,0,0,0,0
9907557,2,2,0,0,0,2,8
9710292,0,0,0,0,0,0,0
9402233,0,0,0,0,0,0,0
9911263,0,0,0,0,0,0,0
9606229,6,1,5,10,6,0,0
9901439,8,2,6,10,0,8,24
9505210,3,2,1,1,0,3,5
9901216,4,2,2,3,0,4,12
9701358,4,1,3,5,0,4,22
9905260,2,2,0,0,0,2,9
9604442,4,2,2,2,4,0,0
9709295,14,3,11,16,2,12,26
207278,0,0,0,0,0,0,0
9410236,0,0,0,0,0,0,0
9609509,1,1,0,0,1,0,0
9903234,4,1,3,5,1,3,3
9406388,0,0,0,0,0,0,0
9410297,4,2,2,2,0,4,4
9605358,1,1,0,0,0,1,3
9603406,1,1,0,0,0,1,1
105252,2,2,0,0,0,2,4
9907273,3,2,1,1,3,0,0
9612205,7,3,4,12,0,7,39
105287,0,0,0,0,0,0,0
203181,3,1,2,2,0,3,5
9910229,6,1,5,9,0,6,22
2009,0,0,0,0,0,0,0
102015,0,0,0,0,0,0,0
9903310,2,2,0,0,1,1,1
9407267,8,1,7,22,8,0,0
5238,3,2,1,1,0,3,21
9303276,4,2,2,2,0,4,4
9408231,2,2,0,0,2,0,0
108163,1,1,0,0,0,1,6
8085,3,2,1,1,0,3,23
102336,4,2,2,2,0,4,20
105166,2,2,0,0,0,2,14
8041,8,3,5,15,0,8,26
9136,2,1,1,1,0,2,11
205150,2,2,0,0,0,2,8
9707529,0,0,0,0,0,0,0
9911331,2,1,1,1,0,2,4
8070,1,1,0,0,0,1,16
9306245,5,2,3,6,5,0,0
9909225,9,1,8,29,0,9,50
9503216,0,0,0,0,0,0,0
9409336,1,1,0,0,0,1,2
9807472,14,3,11,56,0,14,72
203135,7,4,3,3,0,7,45
9806202,2,1,1,1,2,0,0
9610501,2,1,1,1,2,0,0
9807356,0,0,0,0,0,0,0
9606271,7,3,4,8,6,1,1
9611315,5,2,3,4,5,0,0
9311317,1,1,0,0,1,0,0
9509381,1,1,0,0,1,0,0
209043,4,2,2,4,0,4,48
9303,1,1,0,0,0,1,1
9903331,3,1,2,3,0,3,10
9502383,0,0,0,0,0,0,0
9809493,0,0,0,0,0,0,0
9908244,2,2,0,0,0,2,10
209340,2,2,0,0,0,2,16
201168,3,1,2,3,0,3,8
9311359,0,0,0,0,0,0,0
9603220,0,0,0,0,0,0,0
9808313,3,1,2,3,0,3,18
206112,1,1,0,0,1,0,0
9604289,5,1,4,4,3,2,2
1226,0,0,0,0,0,0,0
9403221,2,1,1,1,2,0,0
9709211,8,2,6,16,0,8,56
9605312,11,4,7,20,3,8,8
9611444,3,2,1,1,1,2,2
9806479,2,1,1,1,0,2,2
9706218,5,3,2,2,1,4,14
2062,4,2,2,4,1,3,9
209246,0,0,0,0,0,0,0
201009,0,0,0,0,0,0,0
9907321,1,1,0,0,0,1,1
209365,0,0,0,0,0,0,0
9909322,3,2,1,1,3,0,0
12235,2,1,1,1,0,2,8
9809558,0,0,0,0,0,0,0
9802206,8,3,5,6,0,8,57
6153,7,1,6,18,1,6,11
9410278,1,1,0,0,1,0,0
2284,1,1,0,0,0,1,2
104243,4,2,2,2,0,4,15
9809222,1,1,0,0,0,1,1
9510430,1,1,0,0,0,1,1
103265,2,1,1,1,0,2,11
9607390,4,2,2,2,1,3,6
9904228,0,0,0,0,0,0,0
12076,2,1,1,1,0,2,2
8059,1,1,0,0,0,1,4
9501210,3,2,1,2,2,1,1
102063,1,1,0,0,1,0,0
8279,2,1,1,1,0,2,37
9703215,3,1,2,2,0,3,7
9509347,5,5,0,0,0,5,13
9610521,0,0,0,0,0,0,0
9806321,1,1,0,0,0,1,2
9410270,3,1,2,3,3,0,0
211219,0,0,0,0,0,0,0
104096,5,1,4,6,1,4,11
9511470,0,0,0,0,0,0,0
9709415,4,3,1,1,4,0,0
9910234,1,1,0,0,0,1,1
9710404,2,1,1,1,0,2,2
9504256,3,1,2,2,3,0,0
9811303,5,2,3,6,3,2,2
9706375,1,1,0,0,1,0,0
9905354,0,0,0,0,0,0,0
9501226,0,0,0,0,0,0,0
201310,0,0,0,0,0,0,0
205040,8,4,4,5,0,8,43
1325,2,2,0,0,0,2,12
12015,13,2,11,25,1,12,40
111002,0,0,0,0,0,0,0
9807407,4,3,1,1,0,4,4
9265,3,2,1,1,0,3,8
6288,1,1,0,0,0,1,4
9901354,3,2,1,1,0,3,30
9809436,0,0,0,0,0,0,0
9908238,1,1,0,0,1,0,0
103210,3,3,0,0,0,3,29
9904246,3,1,2,2,0,3,24
111141,11,6,5,5,0,11,214
9810446,9,2,7,10,4,5,6
9904226,5,3,2,3,0,5,16
6072,0,0,0,0,0,0,0
205085,10,4,6,11,0,10,117
9410354,2,2,0,0,2,0,0
206266,8,3,5,8,0,8,87
4118,2,2,0,0,2,0,0
209174,4,2,2,3,0,4,65
107139,2,1,1,1,0,2,12
9607341,3,2,1,1,0,3,5
205035,2,2,0,0,0,2,9
301056,0,0,0,0,0,0,0
9711474,2,1,1,1,0,2,6
9906377,1,1,0,0,0,1,1
209164,1,1,0,0,0,1,5
9910251,5,3,2,5,3,2,2
301061,0,0,0,0,0,0,0
108167,1,1,0,0,0,1,1
9412363,10,3,7,13,10,0,0
9910259,7,2,5,12,1,6,12
9705330,2,1,1,1,2,0,0
9711459,0,0,0,0,0,0,0
7065,3,3,0,0,3,0,0
9209285,6,4,2,4,6,0,0
9802442,8,2,6,12,0,8,11
9807367,4,3,1,2,0,4,10
9506290,7,0,7,19,7,0,0
103053,3,3,0,0,0,3,31
9810495,2,2,0,0,1,1,2
9308304,4,1,3,3,4,0,0
9502307,3,2,1,1,0,3,6
8077,0,0,0,0,0,0,0
9404267,0,0,0,0,0,0,0
202242,1,1,0,0,0,1,6
203008,1,1,0,0,0,1,3
11330,0,0,0,0,0,0,0
9911361,0,0,0,0,0,0,0
9806421,0,0,0,0,0,0,0
9701267,1,1,0,0,0,1,2
9712470,1,1,0,0,0,1,9
9312289,1,1,0,0,1,0,0
204350,1,1,0,0,0,1,9
9911347,0,0,0,0,0,0,0
9507325,1,1,0,0,0,1,1
9901343,1,1,0,0,0,1,6
9608409,7,1,6,17,0,7,14
9903214,1,1,0,0,0,1,7
202003,2,1,1,1,0,2,33
208251,2,2,0,0,0,2,12
210023,1,1,0,0,0,1,6
9806310,1,1,0,0,1,0,0
9506439,2,1,1,1,2,0,0
9510236,1,1,0,0,1,0,0
7305,3,1,2,3,0,3,11
9703253,1,1,0,0,1,0,0
204272,1,1,0,0,0,1,1
9801296,0,0,0,0,0,0,0
9905424,2,2,0,0,0,2,6
9707428,1,1,0,0,1,0,0
7121,2,1,1,1,0,2,6
5146,9,5,4,8,0,9,52
11068,1,1,0,0,0,1,1
9909487,1,1,0,0,0,1,2
9304206,3,2,1,2,3,0,0
9407354,3,2,1,1,3,0,0
9611340,2,2,0,0,1,1,1
9612209,1,1,0,0,1,0,0
7358,3,1,2,2,3,0,0
9902282,2,2,0,0,0,2,4
9709479,3,3,0,0,0,3,4
9910363,0,0,0,0,0,0,0
206065,1,1,0,0,0,1,15
204300,0,0,0,0,0,0,0
9809422,1,1,0,0,0,1,3
110379,0,0,0,0,0,0,0
4084,2,2,0,0,0,2,3
109073,0,0,0,0,0,0,0
9807214,2,2,0,0,0,2,8
9406360,1,1,0,0,1,0,0
12203,6,2,4,10,1,5,25
9808497,2,1,1,1,0,2,34
9703272,1,1,0,0,1,0,0
9705241,4,2,2,3,1,3,6
209059,4,2,2,2,0,4,46
9911224,0,0,0,0,0,0,0
9905344,0,0,0,0,0,0,0
109093,2,2,0,0,2,0,0
9912280,0,0,0,0,0,0,0
9406384,1,1,0,0,1,0,0
211461,0,0,0,0,0,0,0
9706424,0,0,0,0,0,0,0
9609304,1,1,0,0,1,0,0
9508363,0,0,0,0,0,0,0
2215,0,0,0,0,0,0,0
206288,5,3,2,3,0,5,21
9812327,0,0,0,0,0,0,0
9709321,0,0,0,0,0,0,0
9901271,0,0,0,0,0,0,0
9305256,1,1,0,0,1,0,0
9610435,1,1,0,0,0,1,2
9507234,2,2,0,0,2,0,0
9708274,1,1,0,0,1,0,0
302120,0,0,0,0,0,0,0
211154,0,0,0,0,0,0,0
9405305,0,0,0,0,0,0,0
9911268,1,1,0,0,0,1,2
9708286,0,0,0,0,0,0,0
206250,0,0,0,0,0,0,0
108025,1,1,0,0,0,1,3
9189,0,0,0,0,0,0,0
106175,8,1,7,23,0,8,70
9906410,2,1,1,1,0,2,3
107300,1,1,0,0,0,1,1
2207,0,0,0,0,0,0,0
301177,1,1,0,0,0,1,8
5127,1,1,0,0,0,1,13
9608468,0,0,0,0,0,0,0
9607426,0,0,0,0,0,0,0
9706490,2,1,1,1,2,0,0
9312330,1,1,0,0,0,1,2
202258,5,1,4,10,0,5,33
204093,2,2,0,0,0,2,14
9507288,2,1,1,1,2,0,0
11319,0,0,0,0,0,0,0
212178,1,1,0,0,0,1,7
108190,1,1,0,0,0,1,7
9208211,3,1,2,3,3,0,0
207075,0,0,0,0,0,0,0
104102,2,2,0,0,1,1,1
9405404,0,0,0,0,0,0,0
10322,7,1,6,7,3,4,6
102052,0,0,0,0,0,0,0
1050,0,0,0,0,0,0,0
9803444,0,0,0,0,0,0,0
208136,3,3,0,0,0,3,16
201194,0,0,0,0,0,0,0
111199,4,1,3,4,0,4,27
9702309,1,1,0,0,0,1,1
208105,0,0,0,0,0,0,0
107295,3,2,1,1,0,3,5
9905569,1,1,0,0,0,1,7
101283,0,0,0,0,0,0,0
2203,2,2,0,0,0,2,8
9901335,0,0,0,0,0,0,0
104175,1,1,0,0,0,1,4
202157,0,0,0,0,0,0,0
9511293,1,1,0,0,1,0,0
202104,0,0,0,0,0,0,0
210232,0,0,0,0,0,0,0
9311241,0,0,0,0,0,0,0
112118,5,1,4,6,0,5,9
302166,0,0,0,0,0,0,0
9511425,0,0,0,0,0,0,0
9211289,1,1,0,0,1,0,0
2094,0,0,0,0,0,0,0
11181,0,0,0,0,0,0,0
105245,4,4,0,0,4,0,0
9803325,1,1,0,0,0,1,2
9411353,2,1,1,1,2,0,0
106318,2,1,1,1,0,2,8
107224,4,2,2,2,0,4,37
109227,1,1,0,0,0,1,1
206037,0,0,0,0,0,0,0
212003,1,1,0,0,0,1,9
9512351,0,0,0,0,0,0,0
106017,4,4,0,0,0,4,4
9909365,2,2,0,0,0,2,13
9806327,3,1,2,2,3,0,0
9212318,0,0,0,0,0,0,0
9709475,0,0,0,0,0,0,0
9908489,1,1,0,0,0,1,2
2023,0,0,0,0,0,0,0
211460,0,0,0,0,0,0,0
9809507,3,2,1,1,0,3,25
12074,1,1,0,0,1,0,0
9706338,2,2,0,0,2,0,0
9911423,2,1,1,1,0,2,2
211450,0,0,0,0,0,0,0
9903458,2,2,0,0,0,2,2
9910397,1,1,0,0,0,1,1
9803421,1,1,0,0,0,1,1
9906541,0,0,0,0,0,0,0
9409217,1,1,0,0,1,0,0
104181,4,2,2,2,4,0,0
9801382,1,1,0,0,1,0,0
205097,2,1,1,1,0,2,10
9708282,0,0,0,0,0,0,0
208275,1,1,0,0,1,0,0
111291,2,2,0,0,0,2,13
9910289,0,0,0,0,0,0,0
9411418,0,0,0,0,0,0,0
302040,0,0,0,0,0,0,0
9411322,1,1,0,0,1,0,0
9050,2,1,1,1,1,1,1
110295,0,0,0,0,0,0,0
202181,3,3,0,0,0,3,9
9809434,1,1,0,0,1,0,0
9709323,1,1,0,0,0,1,2
207119,0,0,0,0,0,0,0
206219,0,0,0,0,0,0,0
212335,0,0,0,0,0,0,0
106019,5,1,4,10,5,0,0
9503393,4,2,2,3,4,0,0
8192,1,1,0,0,0,1,12
9506349,2,1,1,1,2,0,0
9910282,4,2,2,4,0,4,29
207291,2,2,0,0,0,2,14
9807450,0,0,0,0,0,0,0
9704293,2,2,0,0,0,2,3
204201,1,1,0,0,0,1,1
9712361,0,0,0,0,0,0,0
9512368,6,5,1,1,6,0,0
9304218,2,2,0,0,2,0,0
9605278,1,1,0,0,1,0,0
9808414,2,1,1,1,0,2,4
212131,1,1,0,0,0,1,5
1026,1,1,0,0,1,0,0
9711284,0,0,0,0,0,0,0
209077,4,4,0,0,0,4,29
206109,1,1,0,0,0,1,4
112336,0,0,0,0,0,0,0
9503245,0,0,0,0,0,0,0
7024,2,2,0,0,2,0,0
9808282,0,0,0,0,0,0,0
9505424,5,3,2,3,0,5,12
9712484,0,0,0,0,0,0,0
9512228,1,1,0,0,0,1,5
9603352,3,2,1,1,0,3,4
9507373,1,1,0,0,0,1,1
302263,0,0,0,0,0,0,0
9904205,1,1,0,0,0,1,1
109271,0,0,0,0,0,0,0
211020,0,0,0,0,0,0,0
108011,0,0,0,0,0,0,0
112301,0,0,0,0,0,0,0
9501370,0,0,0,0,0,0,0
8291,1,1,0,0,0,1,9
102118,0,0,0,0,0,0,0
105290,0,0,0,0,0,0,0
8164,1,1,0,0,0,1,1
201089,2,2,0,0,0,2,10
9710326,0,0,0,0,0,0,0
9507231,2,1,1,1,2,0,0
11129,0,0,0,0,0,0,0
111096,0,0,0,0,0,0,0
9503471,1,1,0,0,0,1,1
301131,2,1,1,1,0,2,5
210108,1,1,0,0,0,1,13
9807295,0,0,0,0,0,0,0
301229,0,0,0,0,0,0,0
105177,3,1,2,3,0,3,5
104023,0,0,0,0,0,0,0
11341,1,1,0,0,0,1,3
9610465,0,0,0,0,0,0,0
9905563,0,0,0,0,0,0,0
9602403,0,0,0,0,0,0,0
108266,0,0,0,0,0,0,0
9706308,1,1,0,0,0,1,1
109290,0,0,0,0,0,0,0
8067,1,1,0,0,0,1,2
6149,1,1,0,0,0,1,3
9909253,1,1,0,0,1,0,0
106074,0,0,0,0,0,0,0
9805408,0,0,0,0,0,0,0
4231,0,0,0,0,0,0,0
9810218,0,0,0,0,0,0,0
9910556,0,0,0,0,0,0,0
9412383,1,1,0,0,0,1,2
9908476,0,0,0,0,0,0,0
110360,2,1,1,1,0,2,2
9405279,0,0,0,0,0,0,0
9309278,0,0,0,0,0,0,0
12309,0,0,0,0,0,0,0
9901336,0,0,0,0,0,0,0
9611328,0,0,0,0,0,0,0
211014,0,0,0,0,0,0,0
5111,0,0,0,0,0,0,0
105171,0,0,0,0,0,0,0
9504394,0,0,0,0,0,0,0
12206,0,0,0,0,0,0,0
212102,1,1,0,0,0,1,3
9511353,0,0,0,0,0,0,0
9806257,0,0,0,0,0,0,0
9811468,0,0,0,0,0,0,0
209079,1,1,0,0,0,1,7
9909311,1,1,0,0,0,1,3
9503257,0,0,0,0,0,0,0
207115,0,0,0,0,0,0,0
9911401,0,0,0,0,0,0,0
9309320,1,1,0,0,1,0,0
206291,1,1,0,0,0,1,2
9608485,0,0,0,0,0,0,0
9806456,0,0,0,0,0,0,0
112122,0,0,0,0,0,0,0
105060,0,0,0,0,0,0,0
9907304,0,0,0,0,0,0,0
9305259,0,0,0,0,0,0,0
111459,0,0,0,0,0,0,0
9508374,2,2,0,0,2,0,0
9605300,1,1,0,0,1,0,0
9607420,1,1,0,0,1,0,0
9604278,0,0,0,0,0,0,0
212045,0,0,0,0,0,0,0
108164,0,0,0,0,0,0,0
210395,0,0,0,0,0,0,0
101238,0,0,0,0,0,0,0
9707237,0,0,0,0,0,0,0
208082,0,0,0,0,0,0,0
1276,0,0,0,0,0,0,0
9605429,1,1,0,0,1,0,0
9403255,1,1,0,0,1,0,0
7230,0,0,0,0,0,0,0
209334,0,0,0,0,0,0,0
9506223,0,0,0,0,0,0,0
108086,1,1,0,0,0,1,4
9603405,0,0,0,0,0,0,0
9801441,0,0,0,0,0,0,0
209335,0,0,0,0,0,0,0
204160,0,0,0,0,0,0,0
9809519,1,1,0,0,1,0,0
9115,1,1,0,0,1,0,0
9908312,0,0,0,0,0,0,0
9405312,0,0,0,0,0,0,0
210367,0,0,0,0,0,0,0
209045,0,0,0,0,0,0,0
9505292,0,0,0,0,0,0,0
5050,0,0,0,0,0,0,0
302200,0,0,0,0,0,0,0
9511437,2,1,1,1,0,2,6
212133,0,0,0,0,0,0,0
9502310,0,0,0,0,0,0,0
9804405,0,0,0,0,0,0,0
9903545,0,0,0,0,0,0,0
9612455,0,0,0,0,0,0,0
9702329,0,0,0,0,0,0,0
9203221,1,1,0,0,1,0,0
9707236,0,0,0,0,0,0,0
9510290,1,1,0,0,1,0,0
206165,0,0,0,0,0,0,0
111464,0,0,0,0,0,0,0
4245,0,0,0,0,0,0,0
9611372,0,0,0,0,0,0,0
9807227,1,1,0,0,0,1,13
9912374,0,0,0,0,0,0,0
9908383,0,0,0,0,0,0,0
9903271,0,0,0,0,0,0,0
9812502,0,0,0,0,0,0,0
211089,0,0,0,0,0,0,0
211099,0,0,0,0,0,0,0
208090,0,0,0,0,0,0,0
210249,0,0,0,0,0,0,0
301039,0,0,0,0,0,0,0
9604285,0,0,0,0,0,0,0
9405409,0,0,0,0,0,0,0
9809296,0,0,0,0,0,0,0
6112,0,0,0,0,0,0,0
9803295,1,1,0,0,1,0,0
212118,0,0,0,0,0,0,0
12132,0,0,0,0,0,0,0
10268,0,0,0,0,0,0,0
9803435,1,1,0,0,1,0,0
9805375,1,1,0,0,1,0,0
9807459,0,0,0,0,0,0,0
208190,0,0,0,0,0,0,0
211302,0,0,0,0,0,0,0
210025,0,0,0,0,0,0,0
209212,1,1,0,0,0,1,3
9611349,0,0,0,0,0,0,0
209211,0,0,0,0,0,0,0
103006,0,0,0,0,0,0,0
9508410,0,0,0,0,0,0,0
9811385,0,0,0,0,0,0,0
9912349,0,0,0,0,0,0,0
9603283,1,1,0,0,1,0,0
8239,0,0,0,0,0,0,0
9912546,0,0,0,0,0,0,0
9511276,0,0,0,0,0,0,0
105106,0,0,0,0,0,0,0
9809308,2,2,0,0,2,0,0
212155,0,0,0,0,0,0,0
9609328,0,0,0,0,0,0,0
9805444,0,0,0,0,0,0,0
9910398,0,0,0,0,0,0,0
8167,0,0,0,0,0,0,0
12171,0,0,0,0,0,0,0
212328,0,0,0,0,0,0,0
9904340,0,0,0,0,0,0,0
9310356,0,0,0,0,0,0,0
107092,0,0,0,0,0,0,0
2107,0,0,0,0,0,0,0
204133,0,0,0,0,0,0,0
9708341,0,0,0,0,0,0,0
2012,0,0,0,0,0,0,0
205175,1,1,0,0,0,1,2
9912316,0,0,0,0,0,0,0
104045,0,0,0,0,0,0,0
211299,0,0,0,0,0,0,0
7322,0,0,0,0,0,0,0
9702439,0,0,0,0,0,0,0
6058,0,0,0,0,0,0,0
9807314,0,0,0,0,0,0,0
101255,0,0,0,0,0,0,0
9904343,0,0,0,0,0,0,0
1331,0,0,0,0,0,0,0
205119,0,0,0,0,0,0,0
6330,0,0,0,0,0,0,0
107028,0,0,0,0,0,0,0
8213,0,0,0,0,0,0,0
9907313,0,0,0,0,0,0,0
210344,0,0,0,0,0,0,0
9611267,0,0,0,0,0,0,0
211100,0,0,0,0,0,0,0
210370,0,0,0,0,0,0,0
9904264,0,0,0,0,0,0,0
2119,0,0,0,0,0,0,0
204009,0,0,0,0,0,0,0
9808337,0,0,0,0,0,0,0
11169,0,0,0,0,0,0,0
9608316,0,0,0,0,0,0,0
209182,0,0,0,0,0,0,0
111310,0,0,0,0,0,0,0
111219,0,0,0,0,0,0,0
208049,0,0,0,0,0,0,0
9501265,34,3,31,257,0,34,130
9512380,45,1,44,389,5,40,197
9304219,3,1,2,2,3,0,0
9603205,14,2,12,56,14,0,0
9911385,18,2,16,51,0,18,80
9807340,23,4,19,64,0,23,172
9503433,54,1,53,361,0,54,169
9808433,15,2,13,28,6,9,9
9603409,10,2,8,19,0,10,20
9704456,9,1,8,15,9,0,0
9703264,2,1,1,1,0,2,12
9401357,3,3,0,0,3,0,0
9308292,23,2,21,85,23,0,0
3058,18,9,9,20,0,18,268
9802328,1,1,0,0,1,0,0
9806272,27,2,25,141,0,27,104
9808261,18,3,15,55,2,16,70
9703465,33,4,29,168,0,33,63
9305205,12,4,8,14,0,12,23
9902392,19,4,15,58,0,19,278
9801321,8,2,6,20,2,6,9
9807253,6,3,3,6,0,6,28
9702298,6,1,5,9,0,6,16
9803415,10,1,9,21,10,0,0
9510461,10,2,8,18,7,3,3
9705270,8,1,7,14,0,8,37
9905549,27,6,21,95,0,27,447
9808487,18,1,17,47,0,18,62
9510363,32,2,30,130,0,32,221
105200,2,2,0,0,0,2,11
9911309,30,2,28,164,12,18,18
9507378,106,4,102,1460,0,106,217
9702307,19,4,15,42,0,19,160
9603379,8,1,7,21,8,0,0
9701347,2,2,0,0,0,2,20
9603314,51,4,47,254,0,51,491
12099,8,4,4,7,0,8,35
9710336,33,3,30,139,0,33,264
9712531,11,2,9,27,0,11,72
9902362,6,4,2,5,0,6,24
9807254,16,1,15,41,0,16,88
9803315,137,2,135,2554,137,0,0
9212288,19,2,17,125,3,16,31
9310276,21,7,14,74,15,6,6
9609474,24,1,23,134,3,21,27
9409393,32,3,29,250,0,32,103
9707313,25,1,24,169,1,24,101
9711309,17,2,15,50,0,17,75
109180,0,0,0,0,0,0,0
9709360,11,4,7,14,0,11,56
9503276,11,3,8,21,1,10,11
9610414,23,3,20,96,12,11,18
9803363,38,1,37,272,2,36,190
9505397,17,4,13,34,0,17,164
9801397,54,4,50,478,7,47,179
9405246,8,1,7,13,8,0,0
9302202,31,4,27,178,12,19,19
9506451,51,1,50,297,27,24,24
9911367,9,2,7,13,2,7,23
9804384,5,3,2,2,0,5,21
9601205,18,1,17,55,3,15,57
9903478,26,2,24,107,0,26,203
9508353,8,2,6,15,8,0,0
9801453,2,2,0,0,0,2,13
9705347,41,5,36,243,0,41,181
9810409,29,2,27,238,0,29,209
9601352,7,2,5,11,0,7,12
9711396,122,1,121,2217,122,0,0
9908310,50,3,47,387,0,50,519
9910313,38,2,36,247,0,38,439
1171,19,2,17,75,0,19,19
210415,5,1,4,8,0,5,32
9212277,9,2,7,19,9,0,0
9810374,11,2,9,19,1,10,52
9811202,61,3,58,548,1,60,288
9701346,10,1,9,30,0,10,19
9608336,6,3,3,4,0,6,19
9703388,5,2,3,5,0,5,34
9306248,15,4,11,51,15,0,0
9609420,9,2,7,13,0,9,12
9909435,17,3,14,38,0,17,138
9606337,111,2,109,1477,1,110,498
9807281,10,3,7,10,0,10,16
9412361,3,1,2,3,0,3,8
9808346,4,4,0,0,0,4,10
9408242,22,2,20,86,3,19,32
9501224,5,1,4,8,5,0,0
111058,31,1,30,150,1,30,190
9607394,37,2,35,203,4,33,59
9604296,13,1,12,39,0,13,44
9708446,15,1,14,37,0,15,65
9910351,4,1,3,4,0,4,60
4043,35,4,31,151,0,35,231
9610233,57,3,54,648,1,56,143
102238,23,1,22,168,0,23,214
9808459,33,2,31,188,5,28,58
12123,8,2,6,18,0,8,101
102234,38,1,37,205,18,20,31
9908513,16,3,13,52,0,16,265
9507348,11,2,9,16,3,8,20
9812364,6,1,5,8,1,5,6
9808340,26,6,20,73,0,26,121
9503415,10,2,8,19,0,10,28
9508241,11,2,9,26,2,9,56
9402285,8,3,5,8,8,0,0
103138,1,1,0,0,1,0,0
9811428,58,1,57,576,58,0,0
9902407,32,1,31,223,1,31,88
4014,50,5,45,319,0,50,640
8287,31,1,30,166,1,30,249
112081,23,1,22,87,0,23,475
9205221,19,2,17,64,19,0,0
111230,13,2,11,42,0,13,53
9603397,13,1,12,38,10,3,3
7100,9,1,8,16,6,3,3
9912287,15,5,10,23,0,15,296
103028,11,1,10,34,0,11,70
5185,9,3,6,15,0,9,51
4175,5,1,4,5,0,5,36
9707407,8,3,5,8,0,8,48
9907203,9,1,8,26,0,9,26
9209299,11,3,8,23,3,8,8
9404220,12,2,10,35,10,2,4
101276,7,2,5,13,0,7,59
9412346,1,1,0,0,0,1,7
7315,21,1,20,101,0,21,144
9304295,22,10,12,31,2,20,20
9403387,36,2,34,160,19,17,17
9606382,4,2,2,2,2,2,3
9611273,14,2,12,48,0,14,34
9504334,9,1,8,27,9,0,0
9510437,4,2,2,3,0,4,4
11311,25,1,24,155,18,7,7
103041,0,0,0,0,0,0,0
9711280,11,3,8,20,0,11,32
9911317,10,1,9,20,0,10,63
9304278,2,2,0,0,2,0,0
105348,3,3,0,0,0,3,14
9606314,44,2,42,239,15,29,53
112328,1,1,0,0,0,1,21
9904278,27,2,25,103,0,27,337
9611232,2,2,0,0,0,2,3
9411368,8,2,6,16,8,0,0
9804284,13,2,11,30,0,13,117
9607254,13,4,9,35,1,12,74
9506280,24,2,22,156,16,8,8
9811412,15,4,11,26,0,15,76
9805443,1,1,0,0,0,1,2
9601242,8,1,7,22,8,0,0
9710427,32,1,31,183,0,32,266
9811395,3,1,2,3,1,2,4
9504336,28,11,17,60,2,26,47
9703417,4,3,1,1,0,4,27
9605436,7,3,4,7,3,4,6
9304277,34,9,25,150,5,29,54
9606202,5,3,2,3,0,5,5
9612225,15,4,11,39,0,15,54
9511292,3,2,1,1,0,3,18
9905390,35,1,34,255,0,35,114
9608306,19,3,16,54,0,19,110
9305204,13,1,12,51,13,0,0
8145,3,1,2,2,3,0,0
12134,11,2,9,21,1,10,22
9506314,6,1,5,12,6,0,0
9503248,8,1,7,13,0,8,37
9409380,18,2,16,73,18,0,0
9905437,2,2,0,0,0,2,38
9610301,10,1,9,31,10,0,0
9905349,4,1,3,4,0,4,40
9704333,30,2,28,162,10,20,26
9708346,22,6,16,65,0,22,93
9205240,9,5,4,10,9,0,0
111209,7,1,6,13,0,7,47
9503223,4,1,3,4,1,3,5
9502209,1,1,0,0,1,0,0
9312355,20,1,19,58,10,10,10
209039,0,0,0,0,0,0,0
9812520,13,1,12,34,1,12,31
9710521,35,2,33,160,0,35,161
9701359,1,1,0,0,0,1,1
9605407,4,2,2,3,0,4,8
9907474,11,4,7,14,0,11,95
103012,14,1,13,59,0,14,209
9302289,3,3,0,0,3,0,0
9407347,14,1,13,40,4,10,20
9402241,15,2,13,44,8,7,7
207101,4,1,3,6,0,4,13
9406347,9,2,7,15,9,0,0
9705236,22,5,17,79,0,22,279
9511287,3,2,1,1,3,0,0
9307263,4,2,2,3,4,0,0
9612394,33,4,29,185,2,31,63
9305304,2,2,0,0,0,2,2
9806475,4,2,2,2,0,4,28
105216,3,2,1,1,3,0,0
9712530,0,0,0,0,0,0,0
9306297,2,1,1,1,0,2,2
9409216,3,1,2,2,3,0,0
9605441,5,5,0,0,0,5,5
9806336,15,1,14,43,0,15,48
9601280,1,1,0,0,0,1,5
9409202,4,1,3,4,4,0,0
9903295,0,0,0,0,0,0,0
9311256,2,1,1,1,2,0,0
206252,2,2,0,0,0,2,14
7279,2,2,0,0,0,2,4
9408226,9,1,8,12,0,9,15
9610247,2,2,0,0,0,2,7
9903240,1,1,0,0,0,1,4
9909496,5,4,1,3,1,4,10
109064,7,1,6,11,0,7,26
8113,4,1,3,4,0,4,38
105071,23,3,20,78,0,23,135
9510462,2,1,1,1,0,2,5
9404305,3,1,2,2,0,3,3
9911395,24,7,17,66,0,24,186
9807424,4,1,3,3,0,4,11
9508320,4,2,2,3,0,4,25
105029,10,3,7,9,0,10,71
9506437,6,2,4,5,0,6,23
9703319,13,1,12,36,0,13,48
9911275,4,2,2,2,0,4,42
103286,6,2,4,5,3,3,3
9405420,9,1,8,27,1,8,20
104151,16,2,14,33,0,16,249
9511439,2,2,0,0,2,0,0
9505321,9,1,8,14,2,7,7
9601343,9,4,5,11,0,9,20
1059,5,3,2,4,0,5,52
9702266,6,1,5,11,0,6,15
9611343,11,3,8,26,0,11,21
9905266,4,1,3,3,3,1,1
9208239,2,1,1,1,2,0,0
105187,2,2,0,0,0,2,5
9903276,10,2,8,13,0,10,64
9303322,7,4,3,8,2,5,5
9910220,19,4,15,60,0,19,105
9412225,7,2,5,8,0,7,57
1096,0,0,0,0,0,0,0
9610524,2,2,0,0,0,2,4
105207,5,2,3,3,0,5,18
206245,6,3,3,6,0,6,63
111215,5,1,4,9,0,5,57
9801429,1,1,0,0,1,0,0
108139,28,2,26,109,0,28,247
11139,1,1,0,0,1,0,0
9912403,11,1,10,37,1,10,26
9907521,7,1,6,9,0,7,17
9705366,12,1,11,46,4,8,8
9808489,0,0,0,0,0,0,0
9311247,24,3,21,87,24,0,0
9401202,15,2,13,47,15,0,0
9504252,3,2,1,1,1,2,4
9405299,15,3,12,57,6,9,9
9806255,12,5,7,17,1,11,27
104108,21,3,18,64,0,21,356
9411382,9,1,8,17,9,0,0
9902456,6,1,5,10,0,6,6
9601317,1,1,0,0,1,0,0
9611440,0,0,0,0,0,0,0
9606292,2,2,0,0,0,2,18
9712269,3,2,1,1,0,3,7
9403270,7,2,5,7,7,0,0
10310,0,0,0,0,0,0,0
9812412,7,1,6,20,0,7,39
9607207,8,4,4,6,0,8,28
9406423,4,2,2,3,4,0,0
9806537,13,2,11,47,0,13,116
9502217,5,1,4,6,1,4,4
9810553,17,1,16,50,17,0,0
106298,18,5,13,54,0,18,163
9312312,17,5,12,40,0,17,58
9502371,3,1,2,2,3,0,0
9703463,7,1,6,11,0,7,21
111359,4,1,3,3,4,0,0
6084,1,1,0,0,0,1,6
6249,2,2,0,0,0,2,8
9705395,11,2,9,24,0,11,44
9704223,14,4,10,22,0,14,14
9509408,9,3,6,12,9,0,0
9905465,0,0,0,0,0,0,0
9506340,2,2,0,0,0,2,8
9910202,0,0,0,0,0,0,0
9704287,6,1,5,9,6,0,0
9711251,17,2,15,52,0,17,64
7148,2,1,1,1,0,2,6
9705223,4,4,0,0,0,4,10
9606390,3,2,1,1,3,0,0
9205231,13,2,11,26,13,0,0
9705275,9,3,6,11,1,8,38
9502227,31,2,29,161,0,31,290
9310376,2,2,0,0,1,1,1
209316,2,1,1,1,0,2,9
9508253,5,3,2,2,0,5,34
9601320,4,1,3,4,0,4,13
9910551,10,5,5,10,0,10,32
9607306,14,3,11,24,1,13,27
9907336,6,2,4,6,6,0,0
9509433,15,4,11,32,0,15,163
9601316,8,2,6,17,3,5,10
5158,0,0,0,0,0,0,0
9212304,1,1,0,0,1,0,0
9812270,0,0,0,0,0,0,0
101259,0,0,0,0,0,0,0
9803288,3,3,0,0,0,3,10
111044,9,4,5,10,0,9,37
9812383,2,1,1,1,0,2,9
3225,1,1,0,0,0,1,14
9406381,1,1,0,0,1,0,0
9810282,5,1,4,7,0,5,36
210436,2,2,0,0,0,2,14
109045,24,2,22,94,0,24,83
9501314,2,2,0,0,2,0,0
7109,13,4,9,19,0,13,96
101136,9,4,5,12,0,9,27
9701253,8,1,7,13,8,0,0
202177,2,1,1,1,0,2,27
9902409,5,1,4,8,5,0,0
9603327,3,3,0,0,0,3,9
9912521,0,0,0,0,0,0,0
112156,2,1,1,1,0,2,18
9605423,14,3,11,49,0,14,23
4235,12,3,9,27,2,10,28
9610212,4,2,2,2,0,4,42
109102,11,1,10,25,0,11,34
9904329,1,1,0,0,0,1,13
9806419,8,3,5,6,7,1,1
9912212,7,3,4,5,0,7,45
9307239,2,1,1,1,2,0,0
9511280,3,2,1,2,1,2,2
9810441,5,2,3,7,0,5,52
9308225,1,1,0,0,0,1,1
9611219,3,2,1,1,0,3,9
9912215,21,6,15,60,0,21,176
9703295,2,2,0,0,2,0,0
9412390,4,1,3,5,4,0,0
9811366,6,2,4,6,0,6,31
9508246,9,1,8,9,0,9,31
9703239,4,2,2,2,0,4,43
2216,10,1,9,25,1,9,23
9808431,2,1,1,1,0,2,4
9407231,1,1,0,0,0,1,3
9702362,6,3,3,4,0,6,26
9401309,8,2,6,17,8,0,0
9905572,3,3,0,0,0,3,22
9809252,2,1,1,1,0,2,2
9403271,4,3,1,2,0,4,4
9510441,4,2,2,2,4,0,0
2240,9,8,1,2,0,9,9
3213,6,2,4,6,6,0,0
7157,10,2,8,15,0,10,175
9503373,0,0,0,0,0,0,0
110393,6,2,4,9,0,6,26
9901239,11,2,9,28,0,11,81
3020,15,1,14,49,2,13,41
9408310,4,1,3,3,0,4,9
107126,0,0,0,0,0,0,0
205234,2,1,1,1,1,1,1
204080,10,3,7,17,0,10,122
9706347,18,2,16,53,5,13,13
9901405,13,1,12,30,0,13,64
9908409,6,5,1,1,0,6,18
9404237,6,2,4,7,6,0,0
9707490,3,1,2,3,0,3,3
9212296,6,4,2,2,0,6,9
206045,1,1,0,0,0,1,4
9610299,6,1,5,14,1,5,7
9411396,0,0,0,0,0,0,0
4210,6,4,2,3,0,6,17
105226,0,0,0,0,0,0,0
9909321,3,1,2,2,0,3,10
9512337,2,2,0,0,0,2,6
102321,16,2,14,52,0,16,287
209078,0,0,0,0,0,0,0
209208,6,2,4,6,0,6,61
2160,1,1,0,0,1,0,0
9902270,6,1,5,12,0,6,17
9702345,5,1,4,9,5,0,0
12199,2,2,0,0,0,2,4
6063,2,1,1,1,0,2,10
207372,0,0,0,0,0,0,0
211040,0,0,0,0,0,0,0
10227,2,1,1,1,0,2,13
111321,0,0,0,0,0,0,0
9609213,8,2,6,20,4,4,6
103248,2,2,0,0,0,2,7
203182,3,2,1,1,0,3,27
9409323,5,1,4,9,5,0,0
204120,2,1,1,1,0,2,6
107073,3,1,2,2,0,3,6
202056,1,1,0,0,0,1,4
210140,2,2,0,0,2,0,0
104200,11,1,10,38,1,10,47
9810391,2,1,1,1,0,2,3
105296,4,3,1,1,1,3,3
9803378,3,3,0,0,0,3,8
9806253,13,7,6,12,0,13,139
9710239,3,2,1,1,0,3,6
9909454,1,1,0,0,0,1,1
9607336,6,2,4,11,0,6,11
12358,0,0,0,0,0,0,0
9512319,17,4,13,41,2,15,40
9706425,0,0,0,0,0,0,0
9501409,4,4,0,0,4,0,0
9196,1,1,0,0,0,1,6
9709225,4,3,1,2,0,4,35
207254,0,0,0,0,0,0,0
12037,0,0,0,0,0,0,0
9903285,1,1,0,0,0,1,1
9212226,18,2,16,53,18,0,0
9512212,0,0,0,0,0,0,0
9701392,6,1,5,6,0,6,23
9806526,17,2,15,58,0,17,152
9905359,10,1,9,26,0,10,107
9803428,4,3,1,1,0,4,6
9809386,0,0,0,0,0,0,0
9312249,11,2,9,24,11,0,0
9902393,4,1,3,4,0,4,6
1080,4,2,2,2,0,4,13
9802425,2,1,1,1,0,2,4
9802341,4,2,2,3,4,0,0
9707539,2,1,1,1,0,2,2
7276,4,2,2,3,0,4,40
9908350,3,2,1,1,0,3,12
9703262,1,1,0,0,0,1,2
302072,0,0,0,0,0,0,0
9207212,6,6,0,0,6,0,0
107211,0,0,0,0,0,0,0
9209277,6,2,4,8,6,0,0
9911422,2,2,0,0,0,2,40
4133,0,0,0,0,0,0,0
9801308,1,1,0,0,0,1,3
9308295,9,1,8,16,9,0,0
11310,2,2,0,0,0,2,2
9608327,4,1,3,5,4,0,0
9612456,7,2,5,11,0,7,7
105215,1,1,0,0,0,1,4
204076,5,3,2,2,0,5,28
10244,4,3,1,1,4,0,0
12102,8,3,5,8,0,8,9
9603441,1,1,0,0,0,1,8
9711283,4,2,2,4,4,0,0
302102,0,0,0,0,0,0,0
6104,4,1,3,5,0,4,43
204100,3,2,1,1,0,3,42
9807449,1,1,0,0,0,1,3
9411445,5,3,2,4,0,5,9
201302,3,1,2,3,0,3,4
9305235,0,0,0,0,0,0,0
9704453,0,0,0,0,0,0,0
8320,0,0,0,0,0,0,0
5015,2,1,1,1,2,0,0
9611341,5,1,4,6,0,5,52
9503273,7,2,5,8,7,0,0
203129,2,1,1,1,0,2,13
9811442,4,2,2,2,0,4,39
9708367,7,3,4,6,0,7,17
108202,5,1,4,4,0,5,11
9207246,7,1,6,14,7,0,0
9504343,2,1,1,1,2,0,0
5021,2,2,0,0,0,2,4
9811278,3,3,0,0,0,3,6
9605350,1,1,0,0,1,0,0
9711268,4,1,3,5,0,4,11
9604231,8,3,5,6,0,8,15
9308324,3,3,0,0,3,0,0
9510221,3,3,0,0,0,3,3
9704364,5,2,3,3,0,5,8
9902319,7,2,5,9,0,7,17
9702267,1,1,0,0,0,1,5
9912376,7,1,6,13,0,7,13
9712440,2,1,1,1,0,2,14
7207,1,1,0,0,0,1,5
9712512,4,2,2,3,0,4,7
9709293,6,1,5,7,1,5,15
9911375,3,2,1,1,2,1,1
9711410,2,1,1,1,0,2,10
9503312,1,1,0,0,1,0,0
10145,0,0,0,0,0,0,0
9801314,2,1,1,1,0,2,10
9507425,5,2,3,4,1,4,10
102121,1,1,0,0,0,1,11
3179,7,1,6,17,0,7,62
9711412,0,0,0,0,0,0,0
9904213,1,1,0,0,0,1,1
9910391,2,2,0,0,0,2,28
104199,2,1,1,1,0,2,15
204111,3,3,0,0,0,3,9
9507395,4,2,2,3,0,4,4
9906331,5,3,2,2,0,5,6
9402303,1,1,0,0,1,0,0
9905329,7,7,0,0,0,7,78
9710534,0,0,0,0,0,0,0
9411390,3,1,2,2,0,3,3
9205235,5,1,4,6,5,0,0
9411289,10,3,7,18,10,0,0
104276,1,1,0,0,0,1,6
9801333,1,1,0,0,0,1,2
111024,0,0,0,0,0,0,0
3082,2,1,1,1,0,2,12
12279,8,3,5,11,4,4,4
111395,2,2,0,0,2,0,0
202174,6,1,5,12,0,6,18
9410334,1,1,0,0,1,0,0
9710546,1,1,0,0,1,0,0
301240,0,0,0,0,0,0,0
9502266,5,1,4,7,5,0,0
9911311,8,1,7,21,0,8,44
9603442,8,3,5,10,7,1,1
9403234,0,0,0,0,0,0,0
9812456,9,1,8,30,0,9,81
208101,2,2,0,0,0,2,25
9712253,0,0,0,0,0,0,0
9711409,1,1,0,0,0,1,12
9211264,1,1,0,0,1,0,0
9709275,2,1,1,1,0,2,8
9709230,5,2,3,3,2,3,3
9508361,0,0,0,0,0,0,0
9409286,2,2,0,0,2,0,0
210198,2,1,1,1,0,2,37
9708245,1,1,0,0,0,1,2
12161,0,0,0,0,0,0,0
9910411,7,2,5,7,0,7,13
9806214,1,1,0,0,1,0,0
9503205,0,0,0,0,0,0,0
9324,5,2,3,6,0,5,107
9611223,9,2,7,20,6,3,3
201029,0,0,0,0,0,0,0
9612307,0,0,0,0,0,0,0
9810427,4,1,3,4,0,4,22
203272,2,2,0,0,0,2,8
9706251,3,2,1,1,2,1,1
9610417,1,1,0,0,1,0,0
9406410,1,1,0,0,1,0,0
9711318,8,2,6,16,0,8,48
9911235,2,2,0,0,0,2,12
9803296,1,1,0,0,0,1,2
9807550,1,1,0,0,0,1,3
9611302,7,3,4,8,7,0,0
9509242,6,1,5,14,6,0,0
8335,1,1,0,0,0,1,3
9804311,2,2,0,0,2,0,0
9711210,5,2,3,3,0,5,13
4234,1,1,0,0,0,1,1
9809287,1,1,0,0,0,1,4
203225,2,1,1,1,2,0,0
9904285,8,2,6,10,0,8,28
9705300,2,2,0,0,0,2,25
10305,6,1,5,13,0,6,18
9911244,1,1,0,0,1,0,0
10238,0,0,0,0,0,0,0
9912527,8,2,6,14,1,7,7
9612352,0,0,0,0,0,0,0
9801380,5,1,4,6,0,5,13
12046,0,0,0,0,0,0,0
11193,0,0,0,0,0,0,0
9810234,1,1,0,0,1,0,0
9911517,3,1,2,3,3,0,0
104111,1,1,0,0,0,1,3
9612475,1,1,0,0,0,1,1
9910402,1,1,0,0,0,1,1
9014,3,1,2,2,0,3,28
9510407,8,2,6,15,0,8,27
9305201,2,2,0,0,2,0,0
10269,0,0,0,0,0,0,0
9708290,3,2,1,1,0,3,3
207302,0,0,0,0,0,0,0
207259,2,2,0,0,0,2,5
9508399,6,1,5,8,0,6,9
9312282,2,2,0,0,0,2,2
9702402,1,1,0,0,1,0,0
111192,0,0,0,0,0,0,0
9804230,1,1,0,0,0,1,2
9606216,2,1,1,1,2,0,0
203246,0,0,0,0,0,0,0
9601294,0,0,0,0,0,0,0
9907310,0,0,0,0,0,0,0
9601350,5,3,2,4,5,0,0
7234,6,4,2,2,0,6,33
201275,2,2,0,0,1,1,2
3255,0,0,0,0,0,0,0
4138,6,1,5,13,1,5,5
2074,6,4,2,3,0,6,17
6306,4,2,2,2,1,3,6
8246,4,2,2,3,0,4,23
8066,1,1,0,0,0,1,2
5144,9,2,7,14,0,9,68
9501272,2,2,0,0,0,2,2
9210279,2,2,0,0,2,0,0
9411357,3,3,0,0,3,0,0
9403340,12,5,7,15,12,0,0
9305257,4,3,1,1,4,0,0
9905210,3,3,0,0,0,3,3
9608319,3,3,0,0,0,3,4
9812430,2,2,0,0,0,2,10
206229,4,1,3,3,0,4,9
104310,0,0,0,0,0,0,0
9509252,0,0,0,0,0,0,0
9810233,3,2,1,1,2,1,1
212374,1,1,0,0,0,1,17
7250,4,1,3,4,0,4,11
109065,0,0,0,0,0,0,0
111473,1,1,0,0,0,1,3
208256,1,1,0,0,0,1,4
108028,0,0,0,0,0,0,0
9402293,4,2,2,2,4,0,0
208185,3,2,1,1,0,3,13
109155,0,0,0,0,0,0,0
9409438,2,2,0,0,1,1,1
207221,0,0,0,0,0,0,0
9806536,1,1,0,0,1,0,0
9811207,0,0,0,0,0,0,0
9707213,4,3,1,1,4,0,0
9604297,1,1,0,0,1,0,0
9810493,0,0,0,0,0,0,0
9301213,2,2,0,0,1,1,1
110052,1,1,0,0,0,1,13
12169,1,1,0,0,1,0,0
9807206,4,1,3,6,0,4,8
9610422,0,0,0,0,0,0,0
8274,0,0,0,0,0,0,0
9511424,5,2,3,6,5,0,0
9303239,4,3,1,2,4,0,0
1311,2,2,0,0,2,0,0
9806374,5,4,1,1,1,4,8
111278,1,1,0,0,0,1,7
9911431,1,1,0,0,0,1,2
9704234,3,2,1,1,0,3,17
207104,0,0,0,0,0,0,0
9182,0,0,0,0,0,0,0
9801359,0,0,0,0,0,0,0
9905469,1,1,0,0,0,1,1
5100,0,0,0,0,0,0,0
201247,3,2,1,1,0,3,21
9812444,1,1,0,0,1,0,0
9708316,0,0,0,0,0,0,0
9812259,1,1,0,0,0,1,3
9805353,5,1,4,7,0,5,15
7165,1,1,0,0,0,1,4
212367,0,0,0,0,0,0,0
9910292,3,2,1,1,0,3,3
101057,1,1,0,0,0,1,1
9042,4,2,2,2,0,4,13
102032,2,1,1,1,2,0,0
4051,6,2,4,9,4,2,3
9812449,9,2,7,13,0,9,61
9510423,1,1,0,0,1,0,0
9708250,0,0,0,0,0,0,0
9907440,0,0,0,0,0,0,0
9411386,2,1,1,1,2,0,0
108105,1,1,0,0,1,0,0
9603383,0,0,0,0,0,0,0
9807318,2,2,0,0,1,1,3
9506262,5,3,2,4,5,0,0
203082,0,0,0,0,0,0,0
9410377,2,2,0,0,0,2,3
9412252,1,1,0,0,0,1,1
9701340,1,1,0,0,0,1,1
9306282,1,1,0,0,1,0,0
12290,2,2,0,0,0,2,2
6177,1,1,0,0,0,1,8
9804289,0,0,0,0,0,0,0
9803345,5,1,4,5,0,5,5
9611396,1,1,0,0,0,1,2
111139,1,1,0,0,0,1,3
9902307,0,0,0,0,0,0,0
9404268,2,2,0,0,2,0,0
104303,2,2,0,0,2,0,0
4241,2,2,0,0,0,2,4
9603432,1,1,0,0,0,1,5
9609516,0,0,0,0,0,0,0
208089,4,1,3,6,0,4,57
9801265,1,1,0,0,0,1,8
9901303,0,0,0,0,0,0,0
202255,0,0,0,0,0,0,0
211101,1,1,0,0,0,1,6
9809502,0,0,0,0,0,0,0
9611431,0,0,0,0,0,0,0
9811436,1,1,0,0,0,1,5
9505431,1,1,0,0,0,1,1
9504323,1,1,0,0,1,0,0
205312,0,0,0,0,0,0,0
205042,0,0,0,0,0,0,0
9608218,1,1,0,0,0,1,7
9503288,1,1,0,0,0,1,1
105275,0,0,0,0,0,0,0
9910565,1,1,0,0,0,1,2
9808477,1,1,0,0,1,0,0
102041,0,0,0,0,0,0,0
9810349,5,2,3,5,0,5,9
9309328,1,1,0,0,1,0,0
9403303,3,3,0,0,3,0,0
9708206,1,1,0,0,1,0,0
7183,1,1,0,0,0,1,1
205248,0,0,0,0,0,0,0
5161,4,3,1,1,4,0,0
9301235,1,1,0,0,1,0,0
7349,0,0,0,0,0,0,0
9208229,1,1,0,0,1,0,0
111294,0,0,0,0,0,0,0
106022,2,1,1,1,0,2,7
1120,2,2,0,0,0,2,5
204179,3,1,2,3,0,3,6
9912309,0,0,0,0,0,0,0
209016,0,0,0,0,0,0,0
2254,0,0,0,0,0,0,0
204224,5,2,3,7,0,5,18
9911336,0,0,0,0,0,0,0
9609356,0,0,0,0,0,0,0
102200,1,1,0,0,0,1,1
9804226,1,1,0,0,0,1,1
9412323,1,1,0,0,1,0,0
204307,4,1,3,6,0,4,34
211145,0,0,0,0,0,0,0
9702422,1,1,0,0,0,1,1
9909526,1,1,0,0,0,1,2
112211,3,3,0,0,0,3,8
110143,1,1,0,0,0,1,2
9510409,1,1,0,0,0,1,2
202095,2,2,0,0,0,2,4
9608301,1,1,0,0,1,0,0
302252,0,0,0,0,0,0,0
12032,5,5,0,0,0,5,9
104043,0,0,0,0,0,0,0
9910329,1,1,0,0,0,1,3
9612420,1,1,0,0,1,0,0
211404,1,1,0,0,0,1,33
112157,3,1,2,2,0,3,20
9903321,0,0,0,0,0,0,0
9405300,2,1,1,1,2,0,0
4177,6,1,5,10,0,6,8
9811225,4,1,3,4,1,3,3
9909505,1,1,0,0,0,1,9
9701354,2,1,1,1,2,0,0
9904242,2,1,1,1,0,2,6
207077,0,0,0,0,0,0,0
111136,0,0,0,0,0,0,0
110185,1,1,0,0,1,0,0
9603367,0,0,0,0,0,0,0
111080,0,0,0,0,0,0,0
105305,1,1,0,0,0,1,1
6305,0,0,0,0,0,0,0
112212,4,2,2,2,0,4,11
205043,1,1,0,0,1,0,0
9410257,2,2,0,0,2,0,0
9709238,1,1,0,0,0,1,5
9710241,2,1,1,1,2,0,0
210346,0,0,0,0,0,0,0
3040,1,1,0,0,0,1,1
9511440,5,1,4,8,5,0,0
9501371,3,2,1,1,3,0,0
203093,0,0,0,0,0,0,0
9506360,1,1,0,0,0,1,2
9808390,2,1,1,1,1,1,1
111155,1,1,0,0,0,1,23
9808235,0,0,0,0,0,0,0
9704373,0,0,0,0,0,0,0
204294,0,0,0,0,0,0,0
9703205,3,1,2,2,3,0,0
9903263,1,1,0,0,0,1,1
9505297,0,0,0,0,0,0,0
9512256,2,1,1,1,2,0,0
301113,0,0,0,0,0,0,0
9802225,2,2,0,0,1,1,1
211221,1,1,0,0,1,0,0
9911508,0,0,0,0,0,0,0
9405251,0,0,0,0,0,0,0
212258,0,0,0,0,0,0,0
9912393,4,2,2,3,0,4,13
9326,0,0,0,0,0,0,0
9411412,0,0,0,0,0,0,0
109178,2,1,1,1,0,2,23
9710210,0,0,0,0,0,0,0
9504253,1,1,0,0,1,0,0
110274,0,0,0,0,0,0,0
9907538,1,1,0,0,1,0,0
101271,0,0,0,0,0,0,0
204283,4,2,2,4,0,4,26
9902359,0,0,0,0,0,0,0
202279,2,1,1,1,0,2,2
9607460,0,0,0,0,0,0,0
103091,0,0,0,0,0,0,0
9809482,0,0,0,0,0,0,0
6267,1,1,0,0,0,1,9
9407346,0,0,0,0,0,0,0
9052,1,1,0,0,0,1,1
11218,1,1,0,0,0,1,2
201113,4,1,3,3,0,4,13
9910298,0,0,0,0,0,0,0
203125,0,0,0,0,0,0,0
9911515,1,1,0,0,1,0,0
205078,1,1,0,0,0,1,2
11190,2,1,1,1,1,1,2
108062,4,1,3,6,0,4,7
9905522,0,0,0,0,0,0,0
9503409,0,0,0,0,0,0,0
9701424,0,0,0,0,0,0,0
11312,0,0,0,0,0,0,0
204223,0,0,0,0,0,0,0
9603319,0,0,0,0,0,0,0
9707534,2,2,0,0,0,2,3
204168,2,1,1,1,2,0,0
211259,0,0,0,0,0,0,0
9709202,0,0,0,0,0,0,0
9503426,0,0,0,0,0,0,0
9705436,0,0,0,0,0,0,0
5105,4,1,3,5,0,4,72
9709235,0,0,0,0,0,0,0
212213,0,0,0,0,0,0,0
9706224,0,0,0,0,0,0,0
206223,3,1,2,2,0,3,19
209141,2,2,0,0,0,2,8
302178,0,0,0,0,0,0,0
9408379,1,1,0,0,1,0,0
6012,2,1,1,1,0,2,10
9704381,2,2,0,0,2,0,0
9512240,0,0,0,0,0,0,0
9907311,0,0,0,0,0,0,0
203016,1,1,0,0,0,1,5
9601221,4,2,2,3,4,0,0
110378,0,0,0,0,0,0,0
301059,1,1,0,0,0,1,3
202045,0,0,0,0,0,0,0
9604424,3,2,1,1,3,0,0
106340,2,1,1,1,2,0,0
9506327,2,1,1,1,2,0,0
112137,0,0,0,0,0,0,0
9812317,0,0,0,0,0,0,0
212249,0,0,0,0,0,0,0
10317,0,0,0,0,0,0,0
9009,1,1,0,0,0,1,3
9902225,0,0,0,0,0,0,0
9302226,0,0,0,0,0,0,0
9403258,1,1,0,0,1,0,0
9508240,1,1,0,0,1,0,0
9901367,2,2,0,0,2,0,0
101012,0,0,0,0,0,0,0
208047,0,0,0,0,0,0,0
9183,1,1,0,0,0,1,2
9905269,1,1,0,0,0,1,8
301066,0,0,0,0,0,0,0
112205,3,1,2,3,3,0,0
111013,4,2,2,3,4,0,0
9805258,1,1,0,0,0,1,2
110212,1,1,0,0,0,1,1
9604276,2,2,0,0,2,0,0
3210,0,0,0,0,0,0,0
208122,1,1,0,0,0,1,5
207270,0,0,0,0,0,0,0
9910241,0,0,0,0,0,0,0
105120,1,1,0,0,0,1,5
9910294,0,0,0,0,0,0,0
206198,0,0,0,0,0,0,0
11038,0,0,0,0,0,0,0
9705273,1,1,0,0,1,0,0
9607228,0,0,0,0,0,0,0
207246,0,0,0,0,0,0,0
9506336,0,0,0,0,0,0,0
9512272,0,0,0,0,0,0,0
9206263,2,1,1,1,2,0,0
206274,0,0,0,0,0,0,0
9810213,0,0,0,0,0,0,0
104202,0,0,0,0,0,0,0
101101,0,0,0,0,0,0,0
106106,0,0,0,0,0,0,0
211079,0,0,0,0,0,0,0
9506387,4,3,1,1,4,0,0
205286,2,1,1,1,0,2,9
9806320,0,0,0,0,0,0,0
9310372,1,1,0,0,1,0,0
9907459,0,0,0,0,0,0,0
9506369,3,3,0,0,3,0,0
204267,2,1,1,1,2,0,0
9504201,1,1,0,0,1,0,0
9602367,0,0,0,0,0,0,0
212135,0,0,0,0,0,0,0
205304,0,0,0,0,0,0,0
9906382,0,0,0,0,0,0,0
9405427,2,2,0,0,2,0,0
111181,0,0,0,0,0,0,0
9311291,0,0,0,0,0,0,0
211097,0,0,0,0,0,0,0
9810487,0,0,0,0,0,0,0
9608432,1,1,0,0,1,0,0
9805504,1,1,0,0,0,1,5
9090,3,2,1,1,3,0,0
9909405,5,4,1,2,0,5,10
9905342,1,1,0,0,0,1,12
9703461,0,0,0,0,0,0,0
107193,0,0,0,0,0,0,0
9602362,2,2,0,0,2,0,0
11140,0,0,0,0,0,0,0
9909493,0,0,0,0,0,0,0
9605262,1,1,0,0,1,0,0
111241,0,0,0,0,0,0,0
211090,0,0,0,0,0,0,0
1067,0,0,0,0,0,0,0
210047,0,0,0,0,0,0,0
9706282,0,0,0,0,0,0,0
111197,1,1,0,0,0,1,5
105301,0,0,0,0,0,0,0
9807401,0,0,0,0,0,0,0
212358,0,0,0,0,0,0,0
11109,0,0,0,0,0,0,0
202005,0,0,0,0,0,0,0
9602257,0,0,0,0,0,0,0
101187,0,0,0,0,0,0,0
9601258,0,0,0,0,0,0,0
108209,0,0,0,0,0,0,0
206233,0,0,0,0,0,0,0
207342,0,0,0,0,0,0,0
9803442,2,2,0,0,0,2,4
9801360,0,0,0,0,0,0,0
101222,0,0,0,0,0,0,0
1197,0,0,0,0,0,0,0
206312,1,1,0,0,1,0,0
101141,1,1,0,0,0,1,1
9306304,1,1,0,0,1,0,0
9807416,1,1,0,0,0,1,1
9911239,1,1,0,0,1,0,0
211157,0,0,0,0,0,0,0
205328,0,0,0,0,0,0,0
9405333,1,1,0,0,1,0,0
209204,0,0,0,0,0,0,0
106259,0,0,0,0,0,0,0
12144,0,0,0,0,0,0,0
9911356,0,0,0,0,0,0,0
9808266,0,0,0,0,0,0,0
9709482,0,0,0,0,0,0,0
210269,0,0,0,0,0,0,0
302112,0,0,0,0,0,0,0
210055,2,2,0,0,0,2,21
9906497,2,2,0,0,2,0,0
9503382,0,0,0,0,0,0,0
301191,0,0,0,0,0,0,0
9812227,0,0,0,0,0,0,0
9502373,2,1,1,1,2,0,0
9610388,0,0,0,0,0,0,0
212318,0,0,0,0,0,0,0
9402228,0,0,0,0,0,0,0
110027,0,0,0,0,0,0,0
1213,0,0,0,0,0,0,0
209323,1,1,0,0,0,1,3
211179,0,0,0,0,0,0,0
204249,0,0,0,0,0,0,0
212369,0,0,0,0,0,0,0
9808495,0,0,0,0,0,0,0
210210,0,0,0,0,0,0,0
9512245,0,0,0,0,0,0,0
9809432,0,0,0,0,0,0,0
9706460,0,0,0,0,0,0,0
209090,0,0,0,0,0,0,0
9905402,1,1,0,0,0,1,1
212140,0,0,0,0,0,0,0
9611399,2,2,0,0,2,0,0
9402202,0,0,0,0,0,0,0
211193,1,1,0,0,0,1,4
206265,0,0,0,0,0,0,0
102105,1,1,0,0,0,1,1
9409305,0,0,0,0,0,0,0
9907278,0,0,0,0,0,0,0
9604322,0,0,0,0,0,0,0
206286,0,0,0,0,0,0,0
201020,0,0,0,0,0,0,0
9805426,0,0,0,0,0,0,0
104059,0,0,0,0,0,0,0
9908503,0,0,0,0,0,0,0
7077,0,0,0,0,0,0,0
9712272,0,0,0,0,0,0,0
9611370,0,0,0,0,0,0,0
9303245,0,0,0,0,0,0,0
9812507,0,0,0,0,0,0,0
9609299,1,1,0,0,1,0,0
205045,0,0,0,0,0,0,0
3062,0,0,0,0,0,0,0
102024,0,0,0,0,0,0,0
12198,0,0,0,0,0,0,0
201270,1,1,0,0,1,0,0
210294,0,0,0,0,0,0,0
212070,1,1,0,0,0,1,8
212380,0,0,0,0,0,0,0
204346,0,0,0,0,0,0,0
9809216,0,0,0,0,0,0,0
204302,0,0,0,0,0,0,0
212050,0,0,0,0,0,0,0
209012,0,0,0,0,0,0,0
108151,0,0,0,0,0,0,0
9804444,1,1,0,0,1,0,0
301182,0,0,0,0,0,0,0
9707252,0,0,0,0,0,0,0
9702440,2,2,0,0,0,2,2
9702234,0,0,0,0,0,0,0
301155,0,0,0,0,0,0,0
9705353,0,0,0,0,0,0,0
9806264,0,0,0,0,0,0,0
301236,0,0,0,0,0,0,0
207173,0,0,0,0,0,0,0
302135,0,0,0,0,0,0,0
9604433,0,0,0,0,0,0,0
9303242,0,0,0,0,0,0,0
209312,0,0,0,0,0,0,0
9812295,0,0,0,0,0,0,0
301017,0,0,0,0,0,0,0
9311201,0,0,0,0,0,0,0
205197,0,0,0,0,0,0,0
211325,0,0,0,0,0,0,0
204336,0,0,0,0,0,0,0
206048,0,0,0,0,0,0,0
301103,0,0,0,0,0,0,0
4260,0,0,0,0,0,0,0
203007,0,0,0,0,0,0,0
302246,0,0,0,0,0,0,0
302029,0,0,0,0,0,0,0
1319,1,1,0,0,1,0,0
111470,1,1,0,0,1,0,0
9211304,65,6,59,686,65,0,0
9310311,25,2,23,176,25,0,0
9405274,2,2,0,0,0,2,2
9805244,7,1,6,15,0,7,17
112313,1,1,0,0,0,1,2
9903215,8,3,5,9,0,8,69
9506305,27,3,24,138,1,26,46
9808443,17,2,15,38,8,9,9
9502415,13,2,11,45,1,12,12
9709264,8,2,6,11,3,5,8
9309298,14,5,9,15,3,11,11
9409303,3,1,2,2,3,0,0
9308325,28,2,26,126,28,0,0
9509389,40,1,39,260,40,0,0
9811352,7,2,5,7,0,7,31
9606360,30,2,28,105,30,0,0
9808269,20,1,19,60,1,19,40
9803299,39,2,37,240,0,39,170
9306212,22,8,14,53,11,11,14
9903203,8,1,7,22,0,8,84
9511331,7,2,5,16,7,0,0
9204205,17,1,16,75,17,0,0
9706230,10,3,7,18,0,10,32
9805262,22,4,18,74,5,17,50
9409367,10,2,8,20,1,9,16
9611293,10,5,5,8,0,10,71
9907275,5,2,3,4,0,5,55
9811471,12,1,11,21,0,12,61
9604233,35,5,30,137,1,34,242
12155,6,0,6,10,1,5,10
9912254,24,1,23,130,0,24,112
9601367,62,1,61,759,0,62,130
9703211,23,5,18,75,0,23,441
9608450,11,1,10,29,4,7,7
9509325,30,2,28,140,3,27,87
9603448,29,2,27,138,0,29,222
9401204,20,1,19,63,20,0,0
9802391,40,4,36,224,1,39,427
9809302,1,1,0,0,0,1,18
7353,1,1,0,0,1,0,0
9902208,10,4,6,10,1,9,11
9803466,110,1,109,1848,5,105,176
9302207,25,2,23,125,17,8,8
9508332,4,1,3,3,0,4,11
9610370,26,2,24,124,0,26,52
9503236,19,2,17,95,0,19,105
9707481,64,2,62,609,16,48,168
9711427,33,3,30,166,0,33,157
2103,1,1,0,0,0,1,5
9802359,3,2,1,2,0,3,19
9503344,13,1,12,27,13,0,0
9702339,18,4,14,64,1,17,47
9803454,31,2,29,178,0,31,226
9311254,3,2,1,1,3,0,0
9802379,46,1,45,383,1,45,116
9708396,12,4,8,24,7,5,7
9503255,4,2,2,2,0,4,32
9404270,40,5,35,274,25,15,15
9406214,10,3,7,24,10,0,0
9805271,6,2,4,7,0,6,14
9607303,19,5,14,39,0,19,88
9904270,6,3,3,9,0,6,36
9603290,12,2,10,31,4,8,12
9804425,18,2,16,42,0,18,120
9805209,11,4,7,17,0,11,97
9901201,23,2,21,157,0,23,127
9701364,9,3,6,21,0,9,15
9804403,115,2,113,1981,5,110,262
9908314,13,1,12,51,0,13,80
9910347,20,4,16,61,0,20,442
9906346,23,3,20,105,23,0,0
208156,0,0,0,0,0,0,0
9304309,2,2,0,0,0,2,4
9908309,11,2,9,26,2,9,67
9902371,67,4,63,603,0,67,439
9708226,12,2,10,30,0,12,47
9703443,9,2,7,17,0,9,23
9708443,3,3,0,0,0,3,16
9307347,32,6,26,182,32,0,0
101165,1,1,0,0,0,1,1
9912476,2,1,1,1,0,2,6
9704369,17,2,15,60,0,17,78
9712254,10,2,8,17,10,0,0
9501390,3,1,2,3,0,3,11
9411301,20,2,18,65,20,0,0
9501296,10,2,8,23,3,7,19
9605259,19,2,17,56,10,9,12
112102,22,2,20,71,0,22,88
9608441,13,2,11,41,0,13,13
9605296,38,4,34,197,0,38,157
9808410,12,2,10,29,0,12,69
9606464,8,2,6,20,1,7,12
5027,21,2,19,71,0,21,125
9912460,18,1,17,102,0,18,69
102242,20,1,19,121,0,20,184
9909228,18,4,14,57,0,18,71
101106,10,2,8,17,0,10,102
102288,9,4,5,14,0,9,24
9912211,6,1,5,9,0,6,124
9209292,9,1,8,19,9,0,0
9805418,8,2,6,13,0,8,15
9810215,14,5,9,16,0,14,111
9607379,18,4,14,53,2,16,19
9511344,7,1,6,15,2,5,7
9705221,15,12,3,4,2,13,13
2077,12,2,10,29,5,7,7
9811448,57,1,56,495,1,56,56
9903400,36,1,35,228,0,36,297
4044,50,4,46,361,0,50,512
10075,37,1,36,330,0,37,488
207020,5,3,2,2,0,5,99
204228,9,2,7,22,0,9,141
112186,20,2,18,82,0,20,175
9612318,13,2,11,30,0,13,19
7267,6,2,4,8,0,6,6
109121,2,1,1,1,2,0,0
107030,8,1,7,17,0,8,46
104051,7,3,4,11,0,7,53
5265,1,1,0,0,0,1,10
9809396,6,1,5,7,0,6,40
9911298,9,1,8,20,0,9,22
9302290,8,3,5,9,1,7,7
3221,5,1,4,6,0,5,5
105103,11,3,8,23,0,11,115
9209220,10,5,5,14,10,0,0
8214,13,2,11,42,0,13,109
9211320,12,2,10,28,12,0,0
9508409,32,1,31,110,0,32,114
9507372,2,2,0,0,0,2,2
9702333,16,2,14,47,0,16,29
9609258,3,1,2,3,0,3,3
9701418,7,1,6,16,1,6,12
9909248,13,1,12,57,13,0,0
8071,6,1,5,6,0,6,40
9903270,0,0,0,0,0,0,0
9809377,2,2,0,0,0,2,27
9502379,2,2,0,0,2,0,0
7158,11,2,9,29,0,11,27
9608434,12,3,9,18,1,11,20
7251,16,3,13,37,0,16,158
9904468,36,3,33,163,0,36,458
9311269,7,7,0,0,0,7,26
9609490,7,2,5,7,4,3,3
9805342,37,3,34,192,0,37,262
9708335,19,4,15,61,0,19,81
9507403,17,2,15,90,3,14,14
9901453,4,2,2,3,0,4,29
9611249,2,1,1,1,1,1,4
9605417,5,1,4,7,1,4,6
9801252,13,3,10,38,0,13,131
9305340,3,1,2,3,3,0,0
9506233,21,2,19,72,0,21,81
9706269,3,2,1,1,0,3,18
9707305,6,3,3,5,0,6,20
9308266,16,4,12,32,0,16,54
9905367,2,2,0,0,1,1,2
9401352,20,2,18,83,4,16,28
9607326,1,1,0,0,0,1,11
9906270,9,2,7,18,0,9,26
9211272,11,2,9,31,11,0,0
9907423,22,1,21,116,10,12,12
8296,2,1,1,1,2,0,0
12354,10,1,9,26,0,10,19
9604430,10,1,9,33,10,0,0
9503456,6,3,3,4,0,6,30
9510311,10,1,9,24,0,10,102
9712401,4,2,2,2,4,0,0
9806450,5,3,2,4,0,5,10
8110,3,1,2,3,0,3,7
9307266,15,2,13,49,15,0,0
9708467,11,5,6,14,0,11,21
9410326,12,4,8,27,1,11,26
112251,3,2,1,1,0,3,29
9708215,7,2,5,9,4,3,3
6160,28,2,26,156,4,24,92
9404201,27,3,24,85,4,23,35
10190,2,2,0,0,0,2,2
9911424,8,4,4,5,0,8,20
9803306,24,1,23,82,0,24,103
9702208,3,1,2,3,0,3,3
107276,1,1,0,0,0,1,6
9907555,18,3,15,64,0,18,301
103064,16,2,14,67,0,16,234
9501274,2,2,0,0,2,0,0
9502280,4,1,3,6,0,4,9
105344,10,3,7,27,10,0,0
207241,7,1,6,13,0,7,72
9409201,6,2,4,7,0,6,6
207160,0,0,0,0,0,0,0
6196,2,1,1,1,0,2,4
9601323,0,0,0,0,0,0,0
9704249,29,7,22,126,1,28,135
9412398,6,3,3,8,0,6,46
9807250,8,2,6,12,2,6,7
9912515,9,3,6,15,0,9,9
9705237,2,2,0,0,0,2,3
9804305,1,1,0,0,0,1,2
9210205,5,3,2,2,5,0,0
9610525,7,4,3,5,0,7,7
9211239,8,1,7,16,8,0,0
9403383,14,2,12,18,0,14,24
9507306,4,2,2,2,1,3,3
9402362,12,1,11,25,12,0,0
9312262,2,1,1,1,2,0,0
9706303,30,1,29,110,2,28,51
101132,7,3,4,9,0,7,61
9502388,6,2,4,4,1,5,8
9306296,7,2,5,9,7,0,0
9302248,10,5,5,9,10,0,0
9912552,6,2,4,7,0,6,27
204146,5,3,2,2,0,5,28
8328,3,2,1,1,0,3,42
4085,22,2,20,89,0,22,200
9709341,0,0,0,0,0,0,0
9307307,2,2,0,0,0,2,2
11263,4,4,0,0,0,4,44
9309294,17,2,15,34,17,0,0
9811363,23,3,20,102,0,23,166
9906530,6,1,5,6,1,5,12
9409356,8,1,7,13,0,8,15
9803493,4,1,3,6,0,4,15
9292,11,1,10,34,5,6,28
9612365,0,0,0,0,0,0,0
9406238,7,2,5,15,0,7,22
104174,9,2,7,16,0,9,108
9502273,5,2,3,4,2,3,3
9506398,10,2,8,21,0,10,21
9909391,6,2,4,7,0,6,12
9509208,8,1,7,18,1,7,9
9609447,13,3,10,38,0,13,90
9611387,6,2,4,8,0,6,16
9510399,3,2,1,1,3,0,0
9310304,2,1,1,1,2,0,0
106147,2,2,0,0,0,2,6
9907365,7,1,6,11,0,7,62
9305219,11,3,8,27,0,11,19
9911348,2,1,1,1,0,2,18
9601365,12,1,11,35,0,12,111
9811327,1,1,0,0,1,0,0
2120,11,3,8,16,0,11,48
110123,2,1,1,1,0,2,10
7176,28,3,25,97,1,27,185
201176,7,2,5,14,0,7,65
6038,0,0,0,0,0,0,0
112230,6,3,3,7,0,6,80
202167,7,2,5,10,0,7,104
5311,6,1,5,12,0,6,27
112287,4,2,2,2,0,4,27
7266,1,1,0,0,0,1,9
9911314,2,1,1,1,0,2,3
9508206,6,3,3,5,1,5,5
9903386,4,2,2,2,4,0,0
9504404,10,2,8,14,1,9,9
9906290,0,0,0,0,0,0,0
9610310,9,1,8,14,1,8,12
105334,12,2,10,28,0,12,174
9610217,20,3,17,91,12,8,8
9905417,10,1,9,23,6,4,4
9504366,1,1,0,0,1,0,0
9609290,2,2,0,0,0,2,3
9612237,13,1,12,34,0,13,111
9606449,7,3,4,7,1,6,7
9503207,3,1,2,3,3,0,0
9606222,5,5,0,0,5,0,0
9902408,9,1,8,32,0,9,37
11291,0,0,0,0,0,0,0
9306244,8,6,2,3,0,8,16
106346,3,3,0,0,0,3,26
9509284,7,2,5,10,3,4,7
5037,4,2,2,2,0,4,12
108221,12,2,10,24,0,12,150
9410322,5,2,3,5,5,0,0
8251,0,0,0,0,0,0,0
9310286,21,5,16,51,12,9,9
201281,4,2,2,2,1,3,5
9707505,8,3,5,9,0,8,45
9907327,10,1,9,15,0,10,33
9707227,8,1,7,10,0,8,182
9705222,6,4,2,2,0,6,38
9608389,5,2,3,4,0,5,5
9510232,14,2,12,24,14,0,0
9601213,2,2,0,0,1,1,1
9709214,15,3,12,38,9,6,6
9801363,8,2,6,7,8,0,0
9802282,7,3,4,7,0,7,29
9907444,4,2,2,3,0,4,10
105154,4,1,3,4,0,4,18
9608393,5,3,2,2,1,4,7
9909516,6,2,4,8,0,6,6
9707308,4,2,2,3,0,4,11
9510421,4,1,3,5,0,4,7
9301249,2,1,1,1,2,0,0
210193,2,2,0,0,0,2,8
9902412,3,2,1,2,0,3,6
9510277,10,1,9,26,1,9,18
7152,1,1,0,0,0,1,6
9609248,7,3,4,10,0,7,22
9508239,11,3,8,27,0,11,11
9803349,14,5,9,21,0,14,143
9310336,9,1,8,23,9,0,0
1100,1,1,0,0,1,0,0
9708295,2,2,0,0,2,0,0
9711337,0,0,0,0,0,0,0
8298,2,2,0,0,2,0,0
9502271,6,1,5,9,6,0,0
9711418,1,1,0,0,0,1,2
9910485,2,1,1,1,0,2,9
3174,5,3,2,2,0,5,37
101170,5,2,3,6,0,5,48
9907553,7,3,4,5,0,7,36
106163,17,1,16,90,0,17,95
204229,15,2,13,32,0,15,87
9510291,1,1,0,0,1,0,0
7159,18,5,13,34,0,18,217
9407282,10,1,9,32,10,0,0
9701273,5,1,4,5,0,5,5
201293,1,1,0,0,0,1,22
9802388,3,3,0,0,0,3,16
9505388,4,1,3,6,0,4,16
302232,0,0,0,0,0,0,0
201019,7,3,4,8,0,7,74
9712266,7,1,6,15,0,7,19
9907387,7,2,5,10,1,6,11
9609266,9,3,6,10,1,8,32
12143,16,1,15,51,3,13,24
202128,0,0,0,0,0,0,0
9403293,4,3,1,1,4,0,0
9912313,6,4,2,2,0,6,23
9902391,2,2,0,0,1,1,1
9612272,0,0,0,0,0,0,0
9804298,15,1,14,68,0,15,78
9211224,3,2,1,1,3,0,0
9512429,7,1,6,16,7,0,0
203180,2,2,0,0,0,2,2
9404224,0,0,0,0,0,0,0
9708247,6,2,4,8,6,0,0
9805357,2,2,0,0,0,2,6
9301262,8,1,7,15,8,0,0
9706479,2,2,0,0,0,2,17
6175,8,2,6,15,1,7,12
9310332,18,4,14,44,18,0,0
9407362,1,1,0,0,0,1,4
9801364,2,1,1,1,0,2,6
9409250,19,4,15,59,19,0,0
9906301,6,5,1,1,0,6,40
2011,7,6,1,1,0,7,69
207087,1,1,0,0,0,1,18
12305,5,2,3,3,0,5,34
7081,8,4,4,5,8,0,0
9811224,11,2,9,19,1,10,14
11248,13,5,8,18,0,13,211
9411355,3,3,0,0,3,0,0
111030,5,1,4,5,0,5,36
9712369,10,3,7,20,1,9,44
7088,6,2,4,6,0,6,21
9411280,2,2,0,0,0,2,7
9905259,1,1,0,0,1,0,0
205147,0,0,0,0,0,0,0
206307,6,2,4,8,0,6,54
12035,8,2,6,18,0,8,31
9902326,10,1,9,16,0,10,59
101232,2,2,0,0,0,2,3
9505411,0,0,0,0,0,0,0
107025,0,0,0,0,0,0,0
9704421,3,1,2,3,0,3,15
9905561,2,1,1,1,2,0,0
9406316,7,2,5,17,3,4,4
9207235,7,7,0,0,7,0,0
9905466,1,1,0,0,0,1,9
6304,4,3,1,2,2,2,2
9702382,0,0,0,0,0,0,0
9612389,5,2,3,6,0,5,35
102337,10,2,8,18,0,10,168
104067,1,1,0,0,0,1,7
208080,10,1,9,36,0,10,25
9911428,1,1,0,0,1,0,0
9301225,8,4,4,6,8,0,0
9811493,0,0,0,0,0,0,0
110320,4,2,2,3,0,4,11
7023,3,1,2,2,0,3,8
5193,2,1,1,1,0,2,3
109096,2,1,1,1,0,2,2
9806352,16,3,13,56,0,16,59
9801264,3,3,0,0,3,0,0
9607347,4,1,3,5,1,3,3
102264,4,2,2,2,0,4,11
206030,2,2,0,0,0,2,24
9506389,4,2,2,5,0,4,4
9911254,6,1,5,15,6,0,0
102003,3,2,1,2,0,3,7
106223,3,3,0,0,0,3,22
9604415,2,2,0,0,2,0,0
107313,9,1,8,27,0,9,9
9905445,1,1,0,0,0,1,4
107158,1,1,0,0,0,1,2
9301211,7,2,5,10,7,0,0
9806424,6,3,3,7,0,6,68
9804402,0,0,0,0,0,0,0
9903247,0,0,0,0,0,0,0
9610315,4,2,2,4,0,4,11
9909458,5,2,3,3,5,0,0
9512326,7,1,6,17,1,6,16
9806512,2,1,1,1,2,0,0
9511360,3,3,0,0,3,0,0
104263,2,1,1,1,0,2,19
9710358,12,3,9,34,0,12,39
1320,2,2,0,0,0,2,25
104052,10,5,5,7,0,10,45
9506375,9,3,6,7,9,0,0
5202,0,0,0,0,0,0,0
9310341,3,3,0,0,3,0,0
9507213,6,2,4,7,3,3,3
8108,0,0,0,0,0,0,0
9909423,8,2,6,16,0,8,46
9911332,2,1,1,1,0,2,3
12296,1,1,0,0,1,0,0
7352,3,1,2,3,0,3,8
9408354,15,1,14,55,15,0,0
1035,5,1,4,8,0,5,17
9804302,3,3,0,0,1,2,3
112264,0,0,0,0,0,0,0
9710271,3,1,2,3,1,2,2
102218,9,1,8,19,0,9,137
9906365,2,1,1,1,0,2,7
9610440,5,2,3,4,5,0,0
302070,1,1,0,0,1,0,0
203236,1,1,0,0,0,1,1
110104,0,0,0,0,0,0,0
9211302,9,2,7,17,9,0,0
9808484,3,1,2,2,0,3,4
9810543,10,2,8,17,0,10,79
9307233,2,1,1,1,2,0,0
9505406,3,1,2,3,0,3,5
6328,3,1,2,2,3,0,0
9704242,2,1,1,1,0,2,2
9804347,6,2,4,10,6,0,0
9203,1,1,0,0,0,1,3
208085,1,1,0,0,0,1,7
204173,4,1,3,3,1,3,6
112027,4,3,1,1,0,4,7
9512232,2,2,0,0,0,2,9
9806315,6,3,3,7,1,5,5
210258,1,1,0,0,0,1,2
110180,2,1,1,1,0,2,41
206122,5,2,3,6,0,5,60
9807568,0,0,0,0,0,0,0
1033,5,2,3,6,0,5,86
203148,2,1,1,1,0,2,4
9709310,0,0,0,0,0,0,0
9412295,5,4,1,1,5,0,0
1203,3,3,0,0,3,0,0
103094,1,1,0,0,0,1,1
9708218,2,1,1,1,0,2,11
9511455,10,2,8,17,3,7,7
204328,3,1,2,2,0,3,29
9907318,2,1,1,1,0,2,6
9806306,4,2,2,2,0,4,21
205066,2,2,0,0,0,2,6
204178,0,0,0,0,0,0,0
9610494,4,1,3,4,4,0,0
8183,0,0,0,0,0,0,0
9908307,0,0,0,0,0,0,0
9811446,1,1,0,0,1,0,0
9906420,3,1,2,2,0,3,12
9709317,1,1,0,0,0,1,7
9706462,4,2,2,3,0,4,28
9802408,6,2,4,6,0,6,16
9706443,1,1,0,0,0,1,2
9904459,2,2,0,0,0,2,11
9607208,1,1,0,0,0,1,2
9607334,0,0,0,0,0,0,0
9401299,6,4,2,5,2,4,4
4183,5,4,1,1,0,5,16
102295,0,0,0,0,0,0,0
4035,0,0,0,0,0,0,0
9211250,7,3,4,7,7,0,0
9611265,4,2,2,2,0,4,12
204023,0,0,0,0,0,0,0
9510435,1,1,0,0,1,0,0
112340,2,1,1,1,1,1,1
9702212,2,2,0,0,0,2,10
102209,5,3,2,2,5,0,0
106308,6,1,5,10,0,6,37
9512219,1,1,0,0,1,0,0
302268,0,0,0,0,0,0,0
9811417,1,1,0,0,0,1,1
104063,0,0,0,0,0,0,0
205051,1,1,0,0,0,1,4
9507343,5,1,4,7,5,0,0
9910499,2,2,0,0,0,2,4
9807560,1,1,0,0,1,0,0
9805251,10,3,7,13,0,10,84
9704295,3,3,0,0,3,0,0
9803261,8,3,5,14,8,0,0
204208,0,0,0,0,0,0,0
9607218,2,2,0,0,2,0,0
5279,0,0,0,0,0,0,0
9612319,2,2,0,0,1,1,1
9606312,2,2,0,0,2,0,0
9610497,1,1,0,0,0,1,2
102187,6,1,5,9,0,6,19
207264,2,2,0,0,2,0,0
204348,7,1,6,13,0,7,28
9505354,2,2,0,0,2,0,0
203074,0,0,0,0,0,0,0
9508396,0,0,0,0,0,0,0
9601203,5,2,3,5,5,0,0
208199,1,1,0,0,0,1,1
9302291,6,5,1,3,6,0,0
9704209,1,1,0,0,0,1,1
9904505,13,2,11,30,0,13,97
109058,7,2,5,5,0,7,83
9301278,3,2,1,1,3,0,0
9702260,3,1,2,3,0,3,15
9806349,0,0,0,0,0,0,0
9711419,1,1,0,0,1,0,0
9803402,2,1,1,1,2,0,0
9401296,1,1,0,0,0,1,1
9503465,7,4,3,5,7,0,0
102168,1,1,0,0,0,1,2
9511201,1,1,0,0,1,0,0
9905313,1,1,0,0,1,0,0
9408243,4,1,3,4,4,0,0
107286,0,0,0,0,0,0,0
9305291,6,5,1,1,4,2,2
12026,3,3,0,0,0,3,36
9903204,6,3,3,7,0,6,8
6071,4,1,3,5,2,2,7
9411335,2,2,0,0,2,0,0
9806277,0,0,0,0,0,0,0
9909407,4,4,0,0,4,0,0
9710544,6,2,4,4,6,0,0
9607360,2,2,0,0,2,0,0
9501400,2,1,1,1,1,1,1
9802367,6,2,4,10,0,6,57
9807465,1,1,0,0,0,1,1
9804240,4,3,1,1,0,4,7
9812376,1,1,0,0,0,1,1
9610373,3,2,1,1,0,3,10
9605237,5,1,4,9,0,5,5
9710549,4,1,3,6,2,2,4
9809459,1,1,0,0,1,0,0
10215,1,1,0,0,0,1,4
9612222,4,3,1,1,4,0,0
7258,6,2,4,8,0,6,115
208271,0,0,0,0,0,0,0
9605234,16,2,14,50,4,12,15
11210,1,1,0,0,0,1,1
106188,3,1,2,3,0,3,13
9909375,1,1,0,0,1,0,0
9808354,1,1,0,0,1,0,0
5313,5,3,2,2,1,4,4
9510362,1,1,0,0,1,0,0
9501289,0,0,0,0,0,0,0
9910261,3,3,0,0,0,3,15
9503331,1,1,0,0,0,1,1
202222,1,1,0,0,0,1,3
5204,0,0,0,0,0,0,0
9803343,4,2,2,3,0,4,15
108173,1,1,0,0,0,1,9
9911226,0,0,0,0,0,0,0
9904330,6,4,2,4,0,6,36
9611353,6,2,4,6,2,4,4
9502327,0,0,0,0,0,0,0
4259,4,3,1,1,0,4,4
9801358,1,1,0,0,1,0,0
9806222,1,1,0,0,0,1,4
9507278,2,2,0,0,2,0,0
107086,4,2,2,2,0,4,22
9411443,2,2,0,0,0,2,5
9606298,1,1,0,0,1,0,0
4033,3,3,0,0,0,3,27
206156,0,0,0,0,0,0,0
9610344,1,1,0,0,0,1,1
3131,4,1,3,6,0,4,32
9412287,2,2,0,0,2,0,0
9711225,1,1,0,0,1,0,0
9602297,4,3,1,2,4,0,0
10306,4,1,3,3,0,4,22
9311378,0,0,0,0,0,0,0
212236,0,0,0,0,0,0,0
9902342,3,1,2,3,3,0,0
8146,1,1,0,0,0,1,2
3217,2,2,0,0,0,2,7
205251,1,1,0,0,0,1,1
204185,4,1,3,4,0,4,15
9711201,16,2,14,57,0,16,71
9308366,2,1,1,1,2,0,0
9804263,1,1,0,0,0,1,3
9306257,2,2,0,0,2,0,0
9806453,7,1,6,16,0,7,41
8133,1,1,0,0,0,1,4
9902223,4,1,3,3,1,3,4
9301240,1,1,0,0,1,0,0
9809331,3,1,2,2,1,2,4
206280,1,1,0,0,0,1,8
102162,1,1,0,0,0,1,9
107250,1,1,0,0,0,1,1
9901273,2,2,0,0,1,1,1
301167,2,1,1,1,0,2,30
8131,3,2,1,1,0,3,27
9034,1,1,0,0,0,1,2
101344,1,1,0,0,0,1,15
212162,1,1,0,0,0,1,4
105157,1,1,0,0,0,1,2
207320,0,0,0,0,0,0,0
205133,0,0,0,0,0,0,0
9507275,5,5,0,0,4,1,2
9610378,0,0,0,0,0,0,0
6114,3,1,2,3,3,0,0
9702236,1,1,0,0,1,0,0
202099,0,0,0,0,0,0,0
9708368,1,1,0,0,0,1,2
9611222,1,1,0,0,1,0,0
6358,2,2,0,0,0,2,6
9304229,1,1,0,0,0,1,1
101266,4,2,2,3,0,4,11
4249,1,1,0,0,1,0,0
9704216,4,1,3,6,0,4,7
111367,1,1,0,0,0,1,1
9608386,1,1,0,0,1,0,0
9309261,3,2,1,2,3,0,0
6261,0,0,0,0,0,0,0
9911238,0,0,0,0,0,0,0
9609459,0,0,0,0,0,0,0
12049,8,5,3,3,0,8,43
9410247,1,1,0,0,0,1,1
8254,0,0,0,0,0,0,0
302049,1,1,0,0,0,1,10
110092,0,0,0,0,0,0,0
9310244,5,2,3,4,5,0,0
9902296,4,3,1,1,4,0,0
9605247,1,1,0,0,0,1,1
7134,0,0,0,0,0,0,0
9912277,0,0,0,0,0,0,0
9609286,0,0,0,0,0,0,0
302203,0,0,0,0,0,0,0
202066,1,1,0,0,0,1,17
209105,1,1,0,0,0,1,7
211258,2,1,1,1,0,2,5
9804454,5,2,3,4,5,0,0
301230,0,0,0,0,0,0,0
9805332,6,2,4,9,0,6,12
9410248,1,1,0,0,1,0,0
9807374,4,1,3,5,4,0,0
9909344,0,0,0,0,0,0,0
8212,1,1,0,0,0,1,2
202243,0,0,0,0,0,0,0
4264,2,2,0,0,0,2,9
9609379,7,4,3,7,1,6,12
9711205,1,1,0,0,1,0,0
9610500,0,0,0,0,0,0,0
9802284,3,1,2,3,3,0,0
4188,0,0,0,0,0,0,0
9601380,2,2,0,0,2,0,0
9503246,1,1,0,0,1,0,0
9805465,0,0,0,0,0,0,0
9502290,0,0,0,0,0,0,0
9610321,1,1,0,0,1,0,0
9605292,1,1,0,0,1,0,0
9610505,0,0,0,0,0,0,0
203187,0,0,0,0,0,0,0
302027,0,0,0,0,0,0,0
101158,3,1,2,2,0,3,12
9909536,0,0,0,0,0,0,0
102196,0,0,0,0,0,0,0
9912450,2,2,0,0,0,2,2
205322,2,2,0,0,0,2,2
1107,1,1,0,0,0,1,2
7188,0,0,0,0,0,0,0
302146,0,0,0,0,0,0,0
210037,3,1,2,3,0,3,45
9407257,0,0,0,0,0,0,0
9808471,4,2,2,2,1,3,3
106279,1,1,0,0,0,1,18
9907324,0,0,0,0,0,0,0
9803240,1,1,0,0,0,1,1
9504382,1,1,0,0,1,0,0
9509405,3,1,2,3,3,0,0
9611457,0,0,0,0,0,0,0
9506440,1,1,0,0,1,0,0
206135,2,2,0,0,0,2,8
201102,1,1,0,0,0,1,1
9607328,0,0,0,0,0,0,0
9504272,0,0,0,0,0,0,0
112152,1,1,0,0,0,1,8
9901338,1,1,0,0,0,1,4
9906392,1,1,0,0,0,1,17
3053,1,1,0,0,0,1,10
9710430,0,0,0,0,0,0,0
9504380,1,1,0,0,1,0,0
205293,2,2,0,0,0,2,3
209124,2,1,1,1,0,2,8
9501350,2,1,1,1,2,0,0
108245,3,3,0,0,0,3,39
9404265,1,1,0,0,1,0,0
8261,0,0,0,0,0,0,0
9901330,1,1,0,0,0,1,8
9301245,2,2,0,0,2,0,0
210299,0,0,0,0,0,0,0
9910525,3,1,2,3,1,2,2
202145,2,1,1,1,0,2,8
206221,5,1,4,9,0,5,47
9909552,0,0,0,0,0,0,0
204128,4,2,2,4,0,4,25
203107,3,1,2,2,1,2,4
9405293,0,0,0,0,0,0,0
9804401,2,2,0,0,2,0,0
9603286,0,0,0,0,0,0,0
9702391,0,0,0,0,0,0,0
9407233,0,0,0,0,0,0,0
211051,0,0,0,0,0,0,0
205331,3,1,2,3,0,3,22
7339,2,2,0,0,0,2,24
104092,0,0,0,0,0,0,0
1267,0,0,0,0,0,0,0
9608295,1,1,0,0,0,1,1
201111,0,0,0,0,0,0,0
9812211,2,1,1,1,0,2,3
205221,0,0,0,0,0,0,0
9905272,2,1,1,1,0,2,3
9803340,2,2,0,0,1,1,1
9705408,7,1,6,12,7,0,0
104042,1,1,0,0,0,1,1
9909519,0,0,0,0,0,0,0
9905538,0,0,0,0,0,0,0
211378,2,1,1,1,0,2,63
11318,0,0,0,0,0,0,0
6088,1,1,0,0,0,1,2
205301,1,1,0,0,0,1,2
11165,5,2,3,5,0,5,11
9903426,2,1,1,1,0,2,10
9911494,0,0,0,0,0,0,0
9908204,1,1,0,0,0,1,2
9801422,0,0,0,0,0,0,0
9902222,0,0,0,0,0,0,0
103106,2,2,0,0,2,0,0
9901373,0,0,0,0,0,0,0
1179,0,0,0,0,0,0,0
9712536,0,0,0,0,0,0,0
9305338,4,2,2,2,4,0,0
9309301,0,0,0,0,0,0,0
201140,0,0,0,0,0,0,0
9807458,0,0,0,0,0,0,0
205146,0,0,0,0,0,0,0
9504400,2,1,1,1,0,2,2
9711500,1,1,0,0,0,1,1
2087,0,0,0,0,0,0,0
107065,0,0,0,0,0,0,0
9611456,6,2,4,5,2,4,4
210215,0,0,0,0,0,0,0
101301,0,0,0,0,0,0,0
108155,0,0,0,0,0,0,0
9902442,1,1,0,0,1,0,0
111003,0,0,0,0,0,0,0
9809284,0,0,0,0,0,0,0
210377,0,0,0,0,0,0,0
9806517,0,0,0,0,0,0,0
9606336,0,0,0,0,0,0,0
9710433,0,0,0,0,0,0,0
9302256,4,4,0,0,4,0,0
9610376,1,1,0,0,0,1,1
9601207,0,0,0,0,0,0,0
9811449,1,1,0,0,0,1,2
204139,1,1,0,0,0,1,7
9906354,2,2,0,0,2,0,0
9612371,0,0,0,0,0,0,0
1219,4,1,3,6,4,0,0
9910350,0,0,0,0,0,0,0
7187,1,1,0,0,1,0,0
9304264,3,2,1,1,3,0,0
9309292,1,1,0,0,1,0,0
9912291,0,0,0,0,0,0,0
9711321,2,2,0,0,2,0,0
11253,0,0,0,0,0,0,0
9503265,0,0,0,0,0,0,0
9710278,2,1,1,1,0,2,2
9712465,0,0,0,0,0,0,0
210250,0,0,0,0,0,0,0
106192,3,1,2,3,3,0,0
9603269,1,1,0,0,0,1,1
206118,0,0,0,0,0,0,0
301077,0,0,0,0,0,0,0
9809576,2,1,1,1,0,2,20
9307360,2,1,1,1,0,2,2
9049,1,1,0,0,0,1,1
110304,0,0,0,0,0,0,0
106073,5,2,3,4,0,5,6
9811443,1,1,0,0,0,1,10
203048,0,0,0,0,0,0,0
9812265,0,0,0,0,0,0,0
9906239,3,1,2,3,3,0,0
9404341,2,1,1,1,2,0,0
111322,3,1,2,3,0,3,8
9602319,0,0,0,0,0,0,0
110347,1,1,0,0,0,1,2
206189,1,1,0,0,0,1,2
7022,2,2,0,0,0,2,11
201079,4,2,2,3,0,4,21
3043,0,0,0,0,0,0,0
201024,0,0,0,0,0,0,0
9304220,2,2,0,0,2,0,0
11135,2,2,0,0,0,2,18
9606376,0,0,0,0,0,0,0
9907306,0,0,0,0,0,0,0
201109,0,0,0,0,0,0,0
9510458,0,0,0,0,0,0,0
9412318,2,1,1,1,2,0,0
210392,1,1,0,0,0,1,3
104138,0,0,0,0,0,0,0
201235,0,0,0,0,0,0,0
9507324,0,0,0,0,0,0,0
104275,2,2,0,0,0,2,15
9908487,0,0,0,0,0,0,0
9810385,4,2,2,3,0,4,10
9510414,0,0,0,0,0,0,0
9511229,0,0,0,0,0,0,0
9153,0,0,0,0,0,0,0
112217,0,0,0,0,0,0,0
212083,1,1,0,0,0,1,2
105315,0,0,0,0,0,0,0
9710504,0,0,0,0,0,0,0
210211,0,0,0,0,0,0,0
9611318,1,1,0,0,0,1,1
210090,1,1,0,0,0,1,1
9710474,1,1,0,0,0,1,1
110170,0,0,0,0,0,0,0
204033,0,0,0,0,0,0,0
207359,0,0,0,0,0,0,0
11173,0,0,0,0,0,0,0
211415,0,0,0,0,0,0,0
201288,0,0,0,0,0,0,0
211077,0,0,0,0,0,0,0
207295,0,0,0,0,0,0,0
9605299,1,1,0,0,0,1,1
9608446,0,0,0,0,0,0,0
7168,0,0,0,0,0,0,0
9806452,0,0,0,0,0,0,0
11163,0,0,0,0,0,0,0
301189,1,1,0,0,0,1,7
109208,1,1,0,0,1,0,0
202248,2,1,1,1,0,2,21
205327,2,2,0,0,0,2,16
9805243,2,1,1,1,2,0,0
7047,0,0,0,0,0,0,0
108194,1,1,0,0,0,1,3
104054,0,0,0,0,0,0,0
10045,0,0,0,0,0,0,0
9910303,2,2,0,0,0,2,2
107305,0,0,0,0,0,0,0
9262,3,3,0,0,0,3,10
9909239,0,0,0,0,0,0,0
9908332,0,0,0,0,0,0,0
208022,0,0,0,0,0,0,0
9803332,0,0,0,0,0,0,0
9507245,3,2,1,1,3,0,0
9809471,0,0,0,0,0,0,0
6308,0,0,0,0,0,0,0
1232,0,0,0,0,0,0,0
9307349,2,1,1,1,2,0,0
103171,4,3,1,1,0,4,10
9909460,0,0,0,0,0,0,0
205209,0,0,0,0,0,0,0
9608271,1,1,0,0,1,0,0
1234,1,1,0,0,1,0,0
9911306,5,5,0,0,0,5,14
9704362,0,0,0,0,0,0,0
207204,1,1,0,0,0,1,5
5213,1,1,0,0,0,1,4
9709441,0,0,0,0,0,0,0
9812453,0,0,0,0,0,0,0
8266,0,0,0,0,0,0,0
212074,0,0,0,0,0,0,0
9612469,0,0,0,0,0,0,0
9308321,0,0,0,0,0,0,0
9200,1,1,0,0,0,1,1
301088,0,0,0,0,0,0,0
9909317,0,0,0,0,0,0,0
207050,0,0,0,0,0,0,0
9074,1,1,0,0,0,1,3
1263,1,1,0,0,0,1,2
205250,0,0,0,0,0,0,0
203146,0,0,0,0,0,0,0
205249,0,0,0,0,0,0,0
9803423,1,1,0,0,0,1,5
11369,0,0,0,0,0,0,0
9704326,3,1,2,3,3,0,0
9909430,2,2,0,0,0,2,2
9606304,0,0,0,0,0,0,0
101235,0,0,0,0,0,0,0
9910356,1,1,0,0,1,0,0
11024,1,1,0,0,0,1,4
203202,0,0,0,0,0,0,0
9903505,0,0,0,0,0,0,0
7104,0,0,0,0,0,0,0
9511213,0,0,0,0,0,0,0
9908206,0,0,0,0,0,0,0
9811228,1,1,0,0,1,0,0
9304313,1,1,0,0,1,0,0
110171,0,0,0,0,0,0,0
9804272,1,1,0,0,1,0,0
9806446,0,0,0,0,0,0,0
209044,1,1,0,0,0,1,2
9808222,1,1,0,0,0,1,4
203024,0,0,0,0,0,0,0
110418,0,0,0,0,0,0,0
204170,0,0,0,0,0,0,0
9509335,1,1,0,0,0,1,1
11197,2,2,0,0,2,0,0
210121,0,0,0,0,0,0,0
9806262,0,0,0,0,0,0,0
112001,1,1,0,0,0,1,3
9118,0,0,0,0,0,0,0
9910374,1,1,0,0,1,0,0
9803414,0,0,0,0,0,0,0
9094,0,0,0,0,0,0,0
210035,0,0,0,0,0,0,0
208074,0,0,0,0,0,0,0
9805453,3,1,2,2,3,0,0
209019,0,0,0,0,0,0,0
6318,0,0,0,0,0,0,0
201046,0,0,0,0,0,0,0
203241,0,0,0,0,0,0,0
105322,1,1,0,0,0,1,3
207285,0,0,0,0,0,0,0
9905370,0,0,0,0,0,0,0
302042,0,0,0,0,0,0,0
9402357,1,1,0,0,1,0,0
201279,0,0,0,0,0,0,0
9611298,1,1,0,0,1,0,0
202214,0,0,0,0,0,0,0
9306283,0,0,0,0,0,0,0
9505237,0,0,0,0,0,0,0
106273,0,0,0,0,0,0,0
6033,1,1,0,0,0,1,9
9808382,2,1,1,1,1,1,2
9808403,2,1,1,1,2,0,0
110074,0,0,0,0,0,0,0
106242,0,0,0,0,0,0,0
9302266,2,2,0,0,2,0,0
4149,1,1,0,0,0,1,3
9901371,0,0,0,0,0,0,0
209209,0,0,0,0,0,0,0
111134,2,2,0,0,1,1,1
206278,0,0,0,0,0,0,0
302053,0,0,0,0,0,0,0
9605287,0,0,0,0,0,0,0
9605453,0,0,0,0,0,0,0
9501352,0,0,0,0,0,0,0
9806399,0,0,0,0,0,0,0
9611205,1,1,0,0,1,0,0
212054,0,0,0,0,0,0,0
209328,0,0,0,0,0,0,0
11185,0,0,0,0,0,0,0
201218,0,0,0,0,0,0,0
9504329,0,0,0,0,0,0,0
212206,1,1,0,0,0,1,4
106224,0,0,0,0,0,0,0
103298,0,0,0,0,0,0,0
302052,0,0,0,0,0,0,0
9503308,0,0,0,0,0,0,0
210443,0,0,0,0,0,0,0
9504290,0,0,0,0,0,0,0
111399,1,1,0,0,0,1,3
9907215,0,0,0,0,0,0,0
10085,1,1,0,0,1,0,0
206225,0,0,0,0,0,0,0
9812285,1,1,0,0,1,0,0
212182,0,0,0,0,0,0,0
112105,1,1,0,0,0,1,11
101117,0,0,0,0,0,0,0
9506252,0,0,0,0,0,0,0
9602376,0,0,0,0,0,0,0
112240,0,0,0,0,0,0,0
9912314,1,1,0,0,1,0,0
9411421,2,2,0,0,2,0,0
9506297,0,0,0,0,0,0,0
109216,0,0,0,0,0,0,0
110009,1,1,0,0,0,1,4
107293,0,0,0,0,0,0,0
206046,0,0,0,0,0,0,0
103152,1,1,0,0,0,1,9
210217,0,0,0,0,0,0,0
9801452,0,0,0,0,0,0,0
301006,0,0,0,0,0,0,0
302262,0,0,0,0,0,0,0
9811452,0,0,0,0,0,0,0
9905207,0,0,0,0,0,0,0
207190,0,0,0,0,0,0,0
9509425,0,0,0,0,0,0,0
9611335,0,0,0,0,0,0,0
9607406,1,1,0,0,1,0,0
205222,0,0,0,0,0,0,0
9701337,1,1,0,0,1,0,0
205055,0,0,0,0,0,0,0
212027,1,1,0,0,0,1,10
111148,0,0,0,0,0,0,0
9812329,0,0,0,0,0,0,0
9911443,0,0,0,0,0,0,0
9702259,0,0,0,0,0,0,0
208028,0,0,0,0,0,0,0
206139,0,0,0,0,0,0,0
107273,0,0,0,0,0,0,0
4025,0,0,0,0,0,0,0
9905345,0,0,0,0,0,0,0
9806362,0,0,0,0,0,0,0
111455,0,0,0,0,0,0,0
104089,0,0,0,0,0,0,0
9803238,1,1,0,0,1,0,0
9801313,0,0,0,0,0,0,0
9910386,0,0,0,0,0,0,0
301161,0,0,0,0,0,0,0
301091,0,0,0,0,0,0,0
204038,0,0,0,0,0,0,0
9307309,0,0,0,0,0,0,0
9211321,63,5,58,697,63,0,0
9402363,19,3,16,113,0,19,62
9301212,16,5,11,34,0,16,16
9806351,15,1,14,53,0,15,26
103338,2,1,1,1,2,0,0
9903394,9,2,7,17,3,6,11
9510376,41,3,38,235,0,41,149
9902214,7,3,4,5,0,7,19
9509316,17,4,13,59,1,16,16
9804290,15,1,14,34,15,0,0
9403250,15,1,14,49,4,11,11
9503434,1,1,0,0,0,1,1
9407248,12,1,11,26,1,11,22
9708483,49,1,48,353,25,24,28
9408234,17,4,13,46,17,0,0
2246,14,3,11,35,0,14,14
9808355,33,5,28,187,0,33,335
9808254,17,3,14,77,1,16,16
9404308,12,6,6,7,6,6,6
9903252,4,1,3,5,0,4,65
9710406,7,1,6,20,2,5,8
9608256,22,4,18,94,6,16,27
9708213,8,2,6,15,0,8,34
9805272,11,2,9,21,2,9,28
9703209,24,3,21,73,2,22,64
9209232,28,3,25,77,26,2,2
9207221,30,2,28,157,30,0,0
9901278,15,1,14,30,2,13,22
9604283,30,2,28,190,30,0,0
104238,8,2,6,16,0,8,45
9912264,28,4,24,140,2,26,84
9602239,47,1,46,466,0,47,116
9703246,18,2,16,46,0,18,164
9702337,10,1,9,18,1,9,18
9612433,33,4,29,113,33,0,0
9609341,17,3,14,51,0,17,107
9506313,10,3,7,12,2,8,8
9804252,30,2,28,156,1,29,185
201117,1,1,0,0,0,1,1
9712294,3,2,1,1,3,0,0
9908229,20,3,17,45,0,20,127
9804398,124,2,122,2090,1,123,255
9304267,27,6,21,128,11,16,21
9511321,15,1,14,35,5,10,23
9705218,12,1,11,31,0,12,38
9511336,12,1,11,45,0,12,77
9711292,19,2,17,81,0,19,55
9801322,15,2,13,60,0,15,86
9507327,5,1,4,6,5,0,0
9802431,11,4,7,14,0,11,59
9504204,15,2,13,35,0,15,34
9705230,4,1,3,5,0,4,14
9804227,48,1,47,341,2,46,187
9402350,1,1,0,0,1,0,0
9503209,31,1,30,171,31,0,0
9805241,10,4,6,14,0,10,18
9211249,21,2,19,99,21,0,0
9804381,1,1,0,0,0,1,4
9604398,25,3,22,74,6,19,53
9805292,11,2,9,23,0,11,46
9706397,10,3,7,14,0,10,39
9905239,26,2,24,88,0,26,222
9608299,7,2,5,11,1,6,9
9808404,39,1,38,270,0,39,229
9805211,6,4,2,3,0,6,34
9903515,31,1,30,229,4,27,158
202037,4,2,2,2,0,4,67
9808444,57,2,55,804,0,57,198
9909296,11,1,10,36,0,11,87
9908235,22,2,20,114,0,22,158
107003,2,2,0,0,0,2,18
2082,9,2,7,14,2,7,7
9608277,12,1,11,25,7,5,5
9909334,10,2,8,19,0,10,58
9812397,26,3,23,100,0,26,308
9711501,10,2,8,20,0,10,66
9704388,5,2,3,4,0,5,10
9309248,10,3,7,11,5,5,5
9308335,12,1,11,24,12,0,0
2035,6,6,0,0,0,6,27
9607268,1,1,0,0,0,1,2
9802440,74,6,68,676,1,73,380
9806361,11,2,9,20,9,2,2
9903264,0,0,0,0,0,0,0
9412301,14,4,10,34,0,14,14
9504313,13,2,11,43,6,7,7
9808385,19,3,16,43,0,19,29
112255,21,4,17,44,0,21,122
9410280,35,3,32,181,3,32,53
9609307,9,1,8,18,0,9,40
9906446,12,2,10,22,0,12,98
9801415,8,1,7,24,0,8,49
7113,15,2,13,39,1,14,70
106084,7,1,6,17,0,7,29
102243,18,1,17,102,0,18,176
103280,42,8,34,176,0,42,570
103320,9,3,6,15,0,9,83
106207,30,2,28,180,17,13,28
9912282,5,3,2,3,0,5,27
9305282,25,2,23,85,2,23,69
9903244,8,1,7,16,8,0,0
9812366,37,3,34,157,0,37,185
9711328,7,2,5,9,0,7,37
9608318,8,1,7,19,1,7,30
9605264,18,3,15,29,18,0,0
4263,10,1,9,19,1,9,12
9901299,37,1,36,242,0,37,73
9903479,37,5,32,203,0,37,587
6233,11,4,7,18,0,11,87
10212,40,2,38,324,0,40,530
207043,10,5,5,6,0,10,80
106219,62,1,61,860,54,8,8
9812260,12,1,11,56,12,0,0
9812478,15,2,13,29,1,14,31
103104,5,2,3,4,1,4,10
8333,3,2,1,1,0,3,51
202023,7,1,6,10,0,7,52
112021,3,1,2,2,0,3,31
102096,1,1,0,0,0,1,5
9809458,10,2,8,14,0,10,30
9712362,12,1,11,19,0,12,95
9307316,8,2,6,11,2,6,9
9910416,20,2,18,58,20,0,0
109238,8,1,7,15,0,8,101
9211228,11,6,5,16,4,7,7
9255,18,2,16,45,0,18,183
9801240,1,1,0,0,0,1,5
9608413,20,4,16,40,0,20,179
9609298,5,2,3,4,0,5,26
9702359,24,3,21,85,0,24,86
9610451,7,4,3,3,0,7,29
9406373,10,1,9,34,10,0,0
103058,10,1,9,23,0,10,13
9144,7,3,4,8,0,7,68
9603233,8,2,6,7,0,8,41
9809468,5,2,3,5,0,5,92
9308271,34,3,31,177,17,17,17
105064,23,4,19,72,0,23,87
9703420,39,1,38,177,1,38,95
101305,16,3,13,41,0,16,182
9808463,27,2,25,139,0,27,136
9303274,14,5,9,18,14,0,0
9509258,13,2,11,42,2,11,15
9905372,21,5,16,57,0,21,230
1046,19,3,16,41,0,19,169
3075,10,6,4,5,0,10,47
9310248,1,1,0,0,0,1,1
9507339,3,1,2,3,3,0,0
9607246,2,1,1,1,0,2,6
9710356,19,2,17,65,0,19,70
9406236,3,1,2,3,3,0,0
9506357,19,4,15,46,1,18,63
9706371,3,2,1,2,0,3,24
9709406,2,2,0,0,0,2,3
9502252,11,4,7,14,0,11,75
9602407,10,3,7,10,4,6,6
9406345,26,4,22,121,2,24,65
9609209,6,5,1,1,0,6,35
9906296,33,1,32,189,0,33,92
9301259,37,3,34,235,37,0,0
9810467,3,1,2,2,0,3,7
102319,5,3,2,2,3,2,3
104021,6,2,4,9,2,4,4
9705242,27,1,26,146,11,16,24
9808377,25,1,24,161,0,25,65
9512434,12,4,8,30,0,12,121
9082,2,1,1,1,0,2,5
9710236,8,1,7,17,0,8,13
9808255,7,2,5,10,0,7,16
9604363,18,2,16,78,11,7,7
9709349,8,2,6,17,0,8,52
9501349,2,2,0,0,0,2,6
202166,11,4,7,22,0,11,87
9707489,4,2,2,2,0,4,31
3105,16,1,15,75,1,15,30
9405234,9,4,5,8,0,9,19
9910489,3,1,2,2,2,1,2
104176,0,0,0,0,0,0,0
9811481,31,4,27,133,0,31,167
9412268,8,2,6,19,8,0,0
9911522,4,4,0,0,0,4,29
9908311,19,2,17,69,0,19,209
103183,26,3,23,110,0,26,286
9311356,17,4,13,51,9,8,8
9511345,7,3,4,6,0,7,31
9703397,4,2,2,2,0,4,4
207242,5,1,4,8,0,5,34
9311288,10,2,8,17,2,8,8
106302,1,1,0,0,1,0,0
3271,4,1,3,5,1,3,3
9301202,2,2,0,0,2,0,0
9707523,14,3,11,36,1,13,41
9503208,9,4,5,14,1,8,66
9610529,8,1,7,13,1,7,20
11159,4,2,2,3,0,4,20
9612493,1,1,0,0,0,1,6
9710371,6,2,4,7,0,6,12
9309306,3,3,0,0,1,2,2
9702289,2,1,1,1,2,0,0
9508359,27,1,26,147,27,0,0
9409212,15,4,11,20,0,15,51
7295,0,0,0,0,0,0,0
9408383,10,5,5,9,1,9,9
9710216,4,1,3,4,4,0,0
9709243,32,5,27,108,0,32,97
5156,11,3,8,27,0,11,139
9509260,9,2,7,7,0,9,33
9610354,9,3,6,21,0,9,31
9304296,7,4,3,4,7,0,0
9912266,21,5,16,48,0,21,67
208103,2,2,0,0,0,2,13
111001,1,1,0,0,0,1,1
7181,18,2,16,61,0,18,198
9610430,6,2,4,6,0,6,12
3297,5,1,4,7,0,5,9
1310,18,4,14,53,0,18,132
9404244,7,5,2,3,1,6,6
9808232,26,2,24,115,0,26,174
209263,0,0,0,0,0,0,0
9503290,48,3,45,288,12,36,36
9905249,8,1,7,15,0,8,65
11121,2,2,0,0,0,2,21
9609359,1,1,0,0,0,1,2
10058,5,3,2,3,0,5,23
104225,7,3,4,7,0,7,172
9407244,5,2,3,4,4,1,1
9509268,24,3,21,99,14,10,10
9404207,11,1,10,31,11,0,0
9603265,9,1,8,17,7,2,2
9303233,25,4,21,146,25,0,0
9701370,7,4,3,9,0,7,15
9910466,3,1,2,2,0,3,62
9410205,3,1,2,2,3,0,0
211446,0,0,0,0,0,0,0
9911243,7,1,6,9,0,7,120
9307213,5,2,3,7,0,5,10
110317,5,3,2,2,0,5,34
9503388,7,2,5,16,0,7,75
3177,8,2,6,14,1,7,24
9808426,36,1,35,160,0,36,123
107262,0,0,0,0,0,0,0
101151,13,2,11,44,0,13,102
201291,6,3,3,6,0,6,79
9701226,4,3,1,1,4,0,0
202136,4,4,0,0,0,4,20
9912223,20,6,14,45,0,20,264
7083,6,1,5,9,0,6,25
104035,11,3,8,26,0,11,12
6138,2,2,0,0,0,2,16
9404238,5,2,3,6,5,0,0
9911237,22,2,20,92,2,20,46
9612247,1,1,0,0,1,0,0
9510425,6,1,5,8,0,6,32
9406262,17,4,13,37,5,12,15
9610331,20,3,17,47,2,18,33
106112,15,2,13,43,0,15,259
9706450,25,1,24,110,9,16,17
9906238,8,2,6,10,0,8,8
9507334,1,1,0,0,1,0,0
9307328,2,2,0,0,0,2,4
9710380,12,2,10,23,0,12,67
9610493,4,2,2,2,1,3,9
9510293,6,2,4,5,6,0,0
9907414,7,1,6,11,0,7,16
9902452,13,3,10,39,0,13,92
9503235,5,5,0,0,5,0,0
9706524,0,0,0,0,0,0,0
10328,2,1,1,1,0,2,36
9705267,7,2,5,12,3,4,7
4182,0,0,0,0,0,0,0
112030,11,4,7,20,0,11,139
9906527,1,1,0,0,0,1,3
4107,10,1,9,29,0,10,22
9312210,18,4,14,70,10,8,8
9803400,9,1,8,14,9,0,0
9809548,3,1,2,2,0,3,15
9704308,5,1,4,8,1,4,8
9707299,8,2,6,8,0,8,35
9304315,6,3,3,4,6,0,0
9802380,3,3,0,0,3,0,0
9810295,4,4,0,0,0,4,8
9805508,2,1,1,1,1,1,1
9712524,6,2,4,8,0,6,8
9801386,5,1,4,4,1,4,4
9808247,9,2,7,20,0,9,37
9902309,5,2,3,5,0,5,9
2261,5,1,4,9,0,5,10
9607427,2,2,0,0,2,0,0
9611308,3,1,2,2,0,3,9
9807258,6,3,3,3,0,6,25
9203225,13,2,11,30,13,0,0
9712303,1,1,0,0,1,0,0
202152,3,2,1,2,0,3,3
9706522,10,3,7,16,1,9,9
111431,0,0,0,0,0,0,0
9705314,3,2,1,1,0,3,16
9805494,2,2,0,0,0,2,9
9902255,24,6,18,55,0,24,123
9406406,8,1,7,16,0,8,57
9401282,7,1,6,12,0,7,7
9809504,2,2,0,0,2,0,0
9704285,2,2,0,0,2,0,0
9707459,1,1,0,0,0,1,1
5258,1,1,0,0,0,1,19
9507332,7,1,6,11,7,0,0
9710400,2,1,1,1,2,0,0
111411,0,0,0,0,0,0,0
9501228,14,1,13,51,14,0,0
10079,7,2,5,14,0,7,87
9912304,1,1,0,0,0,1,3
108002,14,1,13,40,0,14,105
206152,16,7,9,24,0,16,69
1174,8,3,5,15,0,8,73
104033,2,2,0,0,0,2,17
6257,0,0,0,0,0,0,0
9702421,6,4,2,2,0,6,10
9901312,3,2,1,2,0,3,39
9607227,0,0,0,0,0,0,0
9512366,8,3,5,10,0,8,44
212300,1,1,0,0,0,1,4
9902341,24,2,22,106,0,24,189
9712463,8,2,6,20,0,8,44
102076,0,0,0,0,0,0,0
12058,8,1,7,11,3,5,7
101348,11,3,8,23,0,11,25
102219,1,1,0,0,0,1,11
9505378,1,1,0,0,0,1,1
9505438,4,2,2,3,4,0,0
9603203,2,1,1,1,2,0,0
9912315,1,1,0,0,1,0,0
9403386,1,1,0,0,0,1,1
9512443,0,0,0,0,0,0,0
104103,8,1,7,16,0,8,30
109035,3,1,2,2,1,2,7
9310266,3,3,0,0,3,0,0
9806496,5,2,3,7,0,5,18
9607436,2,2,0,0,1,1,2
9303306,14,2,12,42,14,0,0
6284,0,0,0,0,0,0,0
9406421,10,1,9,26,10,0,0
9312315,17,4,13,37,17,0,0
9407393,3,3,0,0,0,3,13
9602232,8,1,7,13,8,0,0
9512263,14,3,11,30,14,0,0
9908213,2,2,0,0,0,2,16
5112,1,1,0,0,0,1,16
106277,3,1,2,3,0,3,30
9804238,2,2,0,0,0,2,2
9610369,8,7,1,1,8,0,0
9903388,8,3,5,13,2,6,6
104040,4,2,2,2,0,4,84
104227,0,0,0,0,0,0,0
8016,8,3,5,12,0,8,51
103088,0,0,0,0,0,0,0
9810322,17,1,16,84,17,0,0
9506480,3,2,1,2,0,3,18
9910248,1,1,0,0,1,0,0
112121,1,1,0,0,0,1,3
209294,0,0,0,0,0,0,0
9412344,5,2,3,3,5,0,0
9905350,6,2,4,4,0,6,35
11287,5,2,3,3,0,5,15
9203216,5,5,0,0,5,0,0
9610220,2,2,0,0,1,1,1
9509320,20,3,17,55,4,16,16
210112,0,0,0,0,0,0,0
9309309,0,0,0,0,0,0,0
9308308,12,10,2,2,1,11,11
8277,0,0,0,0,0,0,0
109147,0,0,0,0,0,0,0
9607409,2,2,0,0,2,0,0
9607234,3,3,0,0,3,0,0
105205,5,1,4,4,0,5,90
9909267,2,1,1,1,0,2,9
7328,8,2,6,23,3,5,7
205281,1,1,0,0,0,1,2
9301265,7,4,3,5,7,0,0
9507458,1,1,0,0,0,1,1
9302228,5,2,3,4,5,0,0
11029,1,1,0,0,0,1,5
10342,1,1,0,0,0,1,2
201233,4,3,1,1,4,0,0
9807448,15,4,11,41,0,15,105
9606288,0,0,0,0,0,0,0
9412230,1,1,0,0,1,0,0
12259,9,2,7,14,0,9,175
208009,2,2,0,0,0,2,11
9903208,1,1,0,0,1,0,0
9807237,1,1,0,0,1,0,0
9706419,10,2,8,18,5,5,9
110284,2,1,1,1,0,2,9
212129,5,1,4,6,0,5,28
9902204,12,1,11,40,12,0,0
9908471,1,1,0,0,0,1,2
112108,12,9,3,7,0,12,176
9301247,6,1,5,7,6,0,0
9901276,3,2,1,1,0,3,63
9802444,1,1,0,0,0,1,1
9506471,2,1,1,1,0,2,6
9710309,3,2,1,2,0,3,6
9911485,4,3,1,1,1,3,3
9610402,11,1,10,24,0,11,33
9405373,2,2,0,0,2,0,0
9609210,0,0,0,0,0,0,0
206096,0,0,0,0,0,0,0
9801294,6,1,5,5,0,6,41
9910346,2,1,1,1,0,2,61
10350,2,2,0,0,0,2,14
9806226,10,2,8,16,0,10,31
9902351,3,3,0,0,1,2,2
9710258,2,2,0,0,0,2,6
9610514,9,1,8,16,9,0,0
10002,8,2,6,13,0,8,80
9912424,8,1,7,22,0,8,70
9701210,3,1,2,3,1,2,2
10112,1,1,0,0,0,1,2
9911313,4,1,3,6,1,3,13
9807445,0,0,0,0,0,0,0
9605376,9,1,8,19,9,0,0
9712410,1,1,0,0,0,1,8
2266,6,1,5,9,2,4,12
207301,1,1,0,0,1,0,0
107040,9,2,7,16,0,9,123
202160,5,3,2,2,0,5,20
9612238,3,2,1,1,0,3,3
302067,0,0,0,0,0,0,0
109016,1,1,0,0,0,1,2
10259,1,1,0,0,0,1,9
9709327,4,2,2,2,0,4,12
9811326,0,0,0,0,0,0,0
9605454,7,2,5,9,0,7,15
9505211,2,2,0,0,2,0,0
9602258,4,2,2,5,0,4,7
11374,1,1,0,0,1,0,0
9807524,3,2,1,1,1,2,3
9810470,2,1,1,1,0,2,4
9707271,1,1,0,0,0,1,5
9910295,4,1,3,6,0,4,4
209222,3,1,2,2,0,3,23
9909417,3,2,1,1,3,0,0
6182,1,1,0,0,1,0,0
9809352,5,2,3,7,5,0,0
9808469,14,3,11,28,0,14,47
204279,3,1,2,3,0,3,17
9906312,6,2,4,8,0,6,19
9903482,1,1,0,0,0,1,8
9502211,2,2,0,0,0,2,9
9903259,2,2,0,0,1,1,1
9609261,1,1,0,0,1,0,0
9701305,1,1,0,0,0,1,9
4109,2,2,0,0,2,0,0
110106,2,1,1,1,0,2,6
9805323,2,1,1,1,0,2,22
9706223,4,4,0,0,0,4,7
204330,2,1,1,1,0,2,15
202100,4,1,3,5,0,4,8
4178,1,1,0,0,0,1,1
212270,4,2,2,2,0,4,30
109285,1,1,0,0,0,1,2
9611231,3,2,1,1,0,3,3
6253,1,1,0,0,0,1,4
9603281,2,2,0,0,2,0,0
9907449,1,1,0,0,1,0,0
9312234,1,1,0,0,1,0,0
211158,1,1,0,0,0,1,2
9704396,15,4,11,53,0,15,47
9503425,2,2,0,0,0,2,3
209189,1,1,0,0,0,1,3
9710520,0,0,0,0,0,0,0
9607430,1,1,0,0,0,1,6
9207265,4,3,1,1,4,0,0
9412299,1,1,0,0,0,1,2
9710511,2,1,1,1,2,0,0
11388,3,3,0,0,0,3,16
9909508,0,0,0,0,0,0,0
9403209,4,2,2,3,4,0,0
9508265,3,2,1,1,1,2,3
11289,2,1,1,1,0,2,21
9810299,2,1,1,1,2,0,0
11062,9,2,7,14,1,8,8
9706343,3,1,2,2,0,3,12
9904375,1,1,0,0,1,0,0
108222,7,2,5,12,0,7,87
7030,0,0,0,0,0,0,0
1327,7,3,4,8,6,1,1
9610365,2,1,1,1,2,0,0
9809298,2,2,0,0,0,2,4
208024,0,0,0,0,0,0,0
9310222,0,0,0,0,0,0,0
9910521,0,0,0,0,0,0,0
9509283,1,1,0,0,0,1,3
9902322,4,2,2,2,0,4,35
11036,3,1,2,2,0,3,8
301242,0,0,0,0,0,0,0
208223,1,1,0,0,0,1,3
9910484,1,1,0,0,0,1,2
9901352,0,0,0,0,0,0,0
9608369,2,1,1,1,2,0,0
9305346,2,2,0,0,2,0,0
9712309,5,1,4,10,0,5,12
9805405,8,2,6,15,8,0,0
111394,0,0,0,0,0,0,0
9812491,0,0,0,0,0,0,0
9312301,2,2,0,0,2,0,0
1054,3,2,1,1,0,3,11
9412248,5,5,0,0,5,0,0
9708440,3,2,1,2,1,2,2
9610469,0,0,0,0,0,0,0
9508212,0,0,0,0,0,0,0
9610211,0,0,0,0,0,0,0
9908264,10,1,9,23,0,10,131
9512395,0,0,0,0,0,0,0
9308244,3,3,0,0,3,0,0
9706323,1,1,0,0,0,1,9
9712282,1,1,0,0,0,1,6
9410413,1,1,0,0,1,0,0
9909340,1,1,0,0,0,1,2
9408401,1,1,0,0,1,0,0
9311251,0,0,0,0,0,0,0
205254,2,2,0,0,0,2,13
9603358,3,1,2,3,3,0,0
9311331,1,1,0,0,1,0,0
9508380,8,2,6,18,8,0,0
5214,0,0,0,0,0,0,0
9305207,3,1,2,2,3,0,0
204213,2,1,1,1,0,2,22
9910327,1,1,0,0,0,1,2
9171,3,1,2,2,0,3,3
9803279,0,0,0,0,0,0,0
9603239,4,1,3,4,4,0,0
9712214,0,0,0,0,0,0,0
9810343,1,1,0,0,0,1,2
9609453,0,0,0,0,0,0,0
9601345,1,1,0,0,0,1,3
9704299,9,3,6,19,0,9,67
9705441,1,1,0,0,1,0,0
9701287,0,0,0,0,0,0,0
103102,8,3,5,11,0,8,39
9709478,1,1,0,0,0,1,4
9703292,4,1,3,5,0,4,8
204123,4,2,2,2,0,4,15
206231,0,0,0,0,0,0,0
111032,8,6,2,2,0,8,48
9706374,2,2,0,0,0,2,19
7274,4,4,0,0,0,4,80
204205,4,4,0,0,0,4,7
9901399,6,3,3,5,0,6,25
8215,2,1,1,1,2,0,0
9908473,9,2,7,29,2,7,15
111428,0,0,0,0,0,0,0
9703381,2,2,0,0,2,0,0
9804410,4,3,1,1,0,4,10
9410274,4,4,0,0,4,0,0
9512298,4,1,3,5,1,3,4
107005,1,1,0,0,0,1,6
9304228,0,0,0,0,0,0,0
4244,0,0,0,0,0,0,0
9504208,3,3,0,0,0,3,8
9911518,2,2,0,0,0,2,12
207012,3,3,0,0,0,3,20
3284,0,0,0,0,0,0,0
9809211,5,2,3,8,1,4,4
9612227,5,3,2,4,0,5,17
9401265,2,2,0,0,2,0,0
9405336,6,2,4,5,6,0,0
9606294,3,2,1,1,1,2,3
9907305,3,1,2,2,0,3,14
202077,1,1,0,0,0,1,6
211467,1,1,0,0,0,1,21
9310335,0,0,0,0,0,0,0
11286,1,1,0,0,1,0,0
10273,0,0,0,0,0,0,0
205126,2,2,0,0,2,0,0
9510343,2,2,0,0,0,2,2
12138,3,1,2,3,0,3,30
9706390,0,0,0,0,0,0,0
9708233,1,1,0,0,1,0,0
3167,7,2,5,10,0,7,57
104039,3,3,0,0,0,3,16
9302279,3,3,0,0,3,0,0
9409294,0,0,0,0,0,0,0
11023,1,1,0,0,0,1,5
9512262,3,2,1,2,3,0,0
9910539,4,2,2,2,0,4,23
2148,3,1,2,2,0,3,5
112294,2,1,1,1,0,2,4
9507309,3,3,0,0,3,0,0
9401212,3,1,2,2,2,1,1
9703356,3,1,2,3,3,0,0
9512238,0,0,0,0,0,0,0
9811438,5,2,3,6,0,5,40
9505288,1,1,0,0,1,0,0
205173,0,0,0,0,0,0,0
9303250,2,1,1,1,2,0,0
103340,1,1,0,0,0,1,2
210195,2,1,1,1,0,2,16
201026,0,0,0,0,0,0,0
8132,3,2,1,1,2,1,1
9809509,2,1,1,1,2,0,0
301187,2,1,1,1,0,2,28
10034,3,2,1,2,0,3,17
9306224,3,3,0,0,3,0,0
9086,5,4,1,1,0,5,21
206105,1,1,0,0,0,1,5
103084,3,1,2,2,0,3,33
2093,1,1,0,0,0,1,1
209233,4,3,1,1,0,4,43
9311282,5,1,4,6,3,2,2
10103,2,2,0,0,1,1,3
101316,2,1,1,1,0,2,2
202028,0,0,0,0,0,0,0
9806377,0,0,0,0,0,0,0
112155,0,0,0,0,0,0,0
9503405,1,1,0,0,1,0,0
9707494,0,0,0,0,0,0,0
9309214,4,4,0,0,2,2,2
104144,2,1,1,1,0,2,20
207336,0,0,0,0,0,0,0
9307290,0,0,0,0,0,0,0
9312244,3,2,1,1,3,0,0
9905537,1,1,0,0,1,0,0
9611207,8,1,7,19,8,0,0
7280,1,1,0,0,0,1,10
9405332,6,5,1,2,6,0,0
9512403,0,0,0,0,0,0,0
9602253,2,2,0,0,0,2,4
9408329,0,0,0,0,0,0,0
9906398,1,1,0,0,1,0,0
7302,2,2,0,0,0,2,8
9608219,1,1,0,0,0,1,1
9704220,2,2,0,0,0,2,2
9707415,1,1,0,0,0,1,11
9712413,0,0,0,0,0,0,0
110144,2,2,0,0,0,2,8
9506231,0,0,0,0,0,0,0
9712255,0,0,0,0,0,0,0
112242,5,2,3,4,0,5,18
11272,1,1,0,0,0,1,17
9905541,0,0,0,0,0,0,0
211301,1,1,0,0,0,1,3
6053,1,1,0,0,0,1,7
9503231,4,3,1,1,4,0,0
9907370,4,1,3,5,0,4,12
9708298,0,0,0,0,0,0,0
7345,0,0,0,0,0,0,0
9601235,2,1,1,1,2,0,0
9507227,0,0,0,0,0,0,0
106102,1,1,0,0,0,1,1
1280,1,1,0,0,0,1,5
9809411,4,2,2,3,0,4,10
9711243,2,2,0,0,2,0,0
9605346,2,1,1,1,2,0,0
9803341,2,1,1,1,0,2,2
9712538,2,2,0,0,2,0,0
8182,0,0,0,0,0,0,0
5211,0,0,0,0,0,0,0
9310264,2,2,0,0,2,0,0
9312277,3,2,1,1,3,0,0
9611301,1,1,0,0,1,0,0
9410241,1,1,0,0,1,0,0
106265,0,0,0,0,0,0,0
9808286,3,1,2,2,1,2,3
207110,1,1,0,0,0,1,4
9901448,2,1,1,1,0,2,7
9404230,1,1,0,0,1,0,0
106177,0,0,0,0,0,0,0
9707290,0,0,0,0,0,0,0
205192,0,0,0,0,0,0,0
9904461,4,1,3,3,4,0,0
9905331,1,1,0,0,0,1,4
111046,4,1,3,5,0,4,7
211062,2,1,1,1,0,2,31
9504269,0,0,0,0,0,0,0
9710519,0,0,0,0,0,0,0
106328,2,2,0,0,0,2,29
9510273,0,0,0,0,0,0,0
9606358,1,1,0,0,0,1,1
107137,0,0,0,0,0,0,0
9606425,2,1,1,1,0,2,2
9805474,0,0,0,0,0,0,0
9912489,0,0,0,0,0,0,0
9321,1,1,0,0,0,1,11
9905383,2,1,1,1,2,0,0
9505303,2,1,1,1,2,0,0
9505296,2,2,0,0,1,1,1
212284,0,0,0,0,0,0,0
111146,2,1,1,1,0,2,3
9907223,3,1,2,3,0,3,8
104203,3,2,1,1,1,2,2
9705261,3,3,0,0,2,1,1
9508414,1,1,0,0,1,0,0
9809395,0,0,0,0,0,0,0
1030,1,1,0,0,0,1,7
9703222,1,1,0,0,0,1,1
9311371,0,0,0,0,0,0,0
9909201,0,0,0,0,0,0,0
110175,0,0,0,0,0,0,0
101147,0,0,0,0,0,0,0
9707512,1,1,0,0,1,0,0
9907201,1,1,0,0,0,1,12
102190,1,1,0,0,0,1,2
204209,0,0,0,0,0,0,0
207222,4,1,3,5,0,4,41
9906260,2,2,0,0,0,2,9
204308,4,2,2,2,0,4,37
208001,0,0,0,0,0,0,0
9404316,1,1,0,0,1,0,0
9910339,0,0,0,0,0,0,0
9604210,0,0,0,0,0,0,0
106064,0,0,0,0,0,0,0
204181,2,2,0,0,0,2,4
202017,1,1,0,0,0,1,1
211012,0,0,0,0,0,0,0
207290,0,0,0,0,0,0,0
9906429,1,1,0,0,0,1,8
206028,1,1,0,0,0,1,4
9902259,7,3,4,8,3,4,4
9810539,2,1,1,1,1,1,1
9204239,2,1,1,1,2,0,0
12382,3,1,2,2,0,3,7
109169,0,0,0,0,0,0,0
9610312,2,2,0,0,2,0,0
9911493,4,2,2,3,0,4,4
9903539,3,2,1,1,2,1,2
9610300,0,0,0,0,0,0,0
301224,0,0,0,0,0,0,0
206276,0,0,0,0,0,0,0
9708210,2,2,0,0,2,0,0
9608313,2,2,0,0,2,0,0
6285,1,1,0,0,0,1,3
9910290,6,1,5,12,6,0,0
9908510,1,1,0,0,0,1,6
4093,0,0,0,0,0,0,0
5180,0,0,0,0,0,0,0
202220,0,0,0,0,0,0,0
9501283,2,2,0,0,2,0,0
111040,1,1,0,0,1,0,0
111066,0,0,0,0,0,0,0
9403332,2,2,0,0,0,2,5
9712408,1,1,0,0,0,1,3
9505280,1,1,0,0,0,1,2
9302296,1,1,0,0,1,0,0
12214,1,1,0,0,1,0,0
9402346,1,1,0,0,1,0,0
2042,0,0,0,0,0,0,0
9512416,0,0,0,0,0,0,0
1153,0,0,0,0,0,0,0
9906325,0,0,0,0,0,0,0
11090,0,0,0,0,0,0,0
9709422,1,1,0,0,0,1,1
9808397,1,1,0,0,1,0,0
212148,0,0,0,0,0,0,0
302126,0,0,0,0,0,0,0
203055,0,0,0,0,0,0,0
110095,2,2,0,0,0,2,8
9810369,1,1,0,0,0,1,2
3273,1,1,0,0,1,0,0
9708404,1,1,0,0,1,0,0
9910510,2,2,0,0,0,2,2
9707468,1,1,0,0,1,0,0
301122,0,0,0,0,0,0,0
201234,2,2,0,0,0,2,32
9505305,1,1,0,0,1,0,0
9912502,0,0,0,0,0,0,0
211275,0,0,0,0,0,0,0
301045,1,1,0,0,1,0,0
7143,0,0,0,0,0,0,0
5113,2,1,1,1,2,0,0
9801239,1,1,0,0,0,1,1
9607356,0,0,0,0,0,0,0
9409207,4,1,3,4,4,0,0
9309296,0,0,0,0,0,0,0
9604365,0,0,0,0,0,0,0
9912471,1,1,0,0,0,1,4
201141,0,0,0,0,0,0,0
12276,1,1,0,0,0,1,5
9807485,1,1,0,0,0,1,2
302121,0,0,0,0,0,0,0
110088,3,2,1,1,1,2,11
9409411,2,2,0,0,2,0,0
206002,1,1,0,0,0,1,1
10004,1,1,0,0,0,1,1
11088,5,1,4,7,5,0,0
9405370,0,0,0,0,0,0,0
206190,0,0,0,0,0,0,0
9908304,1,1,0,0,0,1,4
9507260,0,0,0,0,0,0,0
9908418,0,0,0,0,0,0,0
9906405,0,0,0,0,0,0,0
111034,0,0,0,0,0,0,0
3015,0,0,0,0,0,0,0
210084,0,0,0,0,0,0,0
9905442,2,1,1,1,2,0,0
9606355,4,1,3,6,4,0,0
9808460,2,2,0,0,0,2,2
101125,2,1,1,1,0,2,2
9910509,5,4,1,3,0,5,18
302149,0,0,0,0,0,0,0
9901390,2,2,0,0,2,0,0
106069,0,0,0,0,0,0,0
9808370,0,0,0,0,0,0,0
301114,0,0,0,0,0,0,0
9812465,2,1,1,1,0,2,4
9410268,1,1,0,0,1,0,0
9805458,3,1,2,2,0,3,5
9411416,1,1,0,0,0,1,1
9504214,0,0,0,0,0,0,0
9912325,0,0,0,0,0,0,0
301270,0,0,0,0,0,0,0
9910333,6,3,3,3,6,0,0
9704270,0,0,0,0,0,0,0
9511411,1,1,0,0,1,0,0
208187,0,0,0,0,0,0,0
9803208,0,0,0,0,0,0,0
9903533,2,1,1,1,0,2,14
9908461,3,1,2,2,0,3,6
301199,0,0,0,0,0,0,0
9510450,0,0,0,0,0,0,0
9805328,0,0,0,0,0,0,0
212317,0,0,0,0,0,0,0
9411373,0,0,0,0,0,0,0
9710532,0,0,0,0,0,0,0
9605410,0,0,0,0,0,0,0
110238,4,1,3,4,0,4,27
10281,2,2,0,0,2,0,0
301030,0,0,0,0,0,0,0
102084,0,0,0,0,0,0,0
110218,1,1,0,0,0,1,7
9602312,0,0,0,0,0,0,0
9708297,0,0,0,0,0,0,0
201159,1,1,0,0,1,0,0
3232,1,1,0,0,0,1,13
9504370,0,0,0,0,0,0,0
3112,1,1,0,0,1,0,0
9411215,0,0,0,0,0,0,0
9906532,0,0,0,0,0,0,0
9802377,2,1,1,1,2,0,0
212271,0,0,0,0,0,0,0
3295,1,1,0,0,0,1,1
8033,2,1,1,1,2,0,0
205253,0,0,0,0,0,0,0
204174,2,1,1,1,0,2,15
211170,0,0,0,0,0,0,0
206206,0,0,0,0,0,0,0
206175,0,0,0,0,0,0,0
101319,3,2,1,1,1,2,4
203052,0,0,0,0,0,0,0
9911269,0,0,0,0,0,0,0
9905468,0,0,0,0,0,0,0
9902374,1,1,0,0,0,1,3
6082,0,0,0,0,0,0,0
302265,0,0,0,0,0,0,0
9805415,0,0,0,0,0,0,0
9711355,2,1,1,1,0,2,2
207063,0,0,0,0,0,0,0
109215,1,1,0,0,0,1,6
11051,0,0,0,0,0,0,0
9904212,0,0,0,0,0,0,0
9909498,1,1,0,0,1,0,0
9804329,5,1,4,10,0,5,18
9707408,0,0,0,0,0,0,0
102011,0,0,0,0,0,0,0
210126,0,0,0,0,0,0,0
9303261,2,2,0,0,2,0,0
1251,1,1,0,0,1,0,0
207289,0,0,0,0,0,0,0
9710387,0,0,0,0,0,0,0
109220,1,1,0,0,1,0,0
9607423,0,0,0,0,0,0,0
9411316,0,0,0,0,0,0,0
9512413,1,1,0,0,1,0,0
2112,1,1,0,0,0,1,1
207199,0,0,0,0,0,0,0
9258,0,0,0,0,0,0,0
209227,0,0,0,0,0,0,0
9809256,2,1,1,1,2,0,0
210026,1,1,0,0,0,1,12
106103,0,0,0,0,0,0,0
11045,0,0,0,0,0,0,0
205087,0,0,0,0,0,0,0
9901248,3,2,1,1,3,0,0
9405408,0,0,0,0,0,0,0
204057,0,0,0,0,0,0,0
9611338,0,0,0,0,0,0,0
9911487,0,0,0,0,0,0,0
9311240,0,0,0,0,0,0,0
9707202,5,1,4,9,3,2,4
9902228,3,1,2,2,3,0,0
9601389,1,1,0,0,0,1,2
9905513,1,1,0,0,0,1,2
9811409,0,0,0,0,0,0,0
11025,2,2,0,0,0,2,11
9702204,0,0,0,0,0,0,0
11301,1,1,0,0,0,1,1
9903484,0,0,0,0,0,0,0
211431,1,1,0,0,0,1,2
104184,0,0,0,0,0,0,0
9812420,0,0,0,0,0,0,0
103329,0,0,0,0,0,0,0
102045,0,0,0,0,0,0,0
11087,0,0,0,0,0,0,0
9606481,1,1,0,0,0,1,1
9912495,0,0,0,0,0,0,0
301170,0,0,0,0,0,0,0
9401201,0,0,0,0,0,0,0
203120,0,0,0,0,0,0,0
204262,0,0,0,0,0,0,0
204239,0,0,0,0,0,0,0
9901305,1,1,0,0,1,0,0
9071,0,0,0,0,0,0,0
9911282,0,0,0,0,0,0,0
9912362,2,1,1,1,2,0,0
111216,1,1,0,0,1,0,0
110286,0,0,0,0,0,0,0
109251,0,0,0,0,0,0,0
7039,1,1,0,0,0,1,6
207193,0,0,0,0,0,0,0
9810469,0,0,0,0,0,0,0
9806454,1,1,0,0,0,1,3
208166,0,0,0,0,0,0,0
9305313,0,0,0,0,0,0,0
301228,0,0,0,0,0,0,0
211056,0,0,0,0,0,0,0
204125,1,1,0,0,0,1,4
9604293,0,0,0,0,0,0,0
9306216,3,2,1,1,3,0,0
111129,0,0,0,0,0,0,0
9805483,1,1,0,0,0,1,1
9401261,1,1,0,0,1,0,0
102058,0,0,0,0,0,0,0
9411407,0,0,0,0,0,0,0
9801404,0,0,0,0,0,0,0
211132,0,0,0,0,0,0,0
11278,1,1,0,0,1,0,0
9905430,0,0,0,0,0,0,0
9808383,1,1,0,0,0,1,1
9904251,1,1,0,0,0,1,2
107196,1,1,0,0,0,1,3
7150,1,1,0,0,0,1,1
105017,0,0,0,0,0,0,0
9912507,3,2,1,1,3,0,0
9510380,1,1,0,0,1,0,0
9703419,0,0,0,0,0,0,0
106317,0,0,0,0,0,0,0
9508219,0,0,0,0,0,0,0
205089,1,1,0,0,0,1,10
301190,0,0,0,0,0,0,0
302220,0,0,0,0,0,0,0
109089,0,0,0,0,0,0,0
9609435,0,0,0,0,0,0,0
9612344,1,1,0,0,1,0,0
2029,1,1,0,0,1,0,0
211401,0,0,0,0,0,0,0
110172,0,0,0,0,0,0,0
301178,0,0,0,0,0,0,0
9912550,0,0,0,0,0,0,0
202148,0,0,0,0,0,0,0
9805459,1,1,0,0,0,1,1
204284,0,0,0,0,0,0,0
9604427,0,0,0,0,0,0,0
9911501,0,0,0,0,0,0,0
9504401,0,0,0,0,0,0,0
9801381,0,0,0,0,0,0,0
9801454,0,0,0,0,0,0,0
9404300,0,0,0,0,0,0,0
9810251,1,1,0,0,1,0,0
209352,0,0,0,0,0,0,0
9808252,0,0,0,0,0,0,0
210151,1,1,0,0,0,1,2
9808221,2,1,1,1,0,2,4
9410305,1,1,0,0,1,0,0
9501393,0,0,0,0,0,0,0
9508218,0,0,0,0,0,0,0
9046,0,0,0,0,0,0,0
203017,0,0,0,0,0,0,0
9809389,0,0,0,0,0,0,0
301034,0,0,0,0,0,0,0
110058,0,0,0,0,0,0,0
6252,0,0,0,0,0,0,0
9903316,0,0,0,0,0,0,0
208025,0,0,0,0,0,0,0
206227,0,0,0,0,0,0,0
9907402,0,0,0,0,0,0,0
9607342,1,1,0,0,1,0,0
212029,1,1,0,0,1,0,0
106325,0,0,0,0,0,0,0
9512273,0,0,0,0,0,0,0
9905225,0,0,0,0,0,0,0
9310220,0,0,0,0,0,0,0
205171,0,0,0,0,0,0,0
207374,0,0,0,0,0,0,0
9709253,0,0,0,0,0,0,0
9607346,0,0,0,0,0,0,0
9605372,0,0,0,0,0,0,0
210086,0,0,0,0,0,0,0
9212231,0,0,0,0,0,0,0
4112,0,0,0,0,0,0,0
208064,1,1,0,0,0,1,1
9506362,0,0,0,0,0,0,0
302086,0,0,0,0,0,0,0
111242,0,0,0,0,0,0,0
5187,1,1,0,0,1,0,0
212128,0,0,0,0,0,0,0
112031,0,0,0,0,0,0,0
9601232,0,0,0,0,0,0,0
9801421,1,1,0,0,1,0,0
211456,0,0,0,0,0,0,0
9708318,0,0,0,0,0,0,0
9902285,0,0,0,0,0,0,0
209092,0,0,0,0,0,0,0
107289,0,0,0,0,0,0,0
209033,0,0,0,0,0,0,0
9216,1,1,0,0,1,0,0
201172,0,0,0,0,0,0,0
9710497,0,0,0,0,0,0,0
9212203,54,2,52,626,54,0,0
9409437,25,2,23,160,1,24,107
9209291,21,2,19,72,21,0,0
9809486,4,1,3,6,4,0,0
111307,2,1,1,1,1,1,1
9907462,8,1,7,14,0,8,73
9602221,43,3,40,222,0,43,209
9906419,10,3,7,12,2,8,23
9308347,23,4,19,106,23,0,0
9507269,13,2,11,33,3,10,13
9406363,27,1,26,138,7,20,20
9310358,21,2,19,73,8,13,13
9503367,2,1,1,1,0,2,4
9709388,59,3,56,573,28,31,31
9705339,9,4,5,10,9,0,0
9912358,21,2,19,75,3,18,42
9809415,54,2,52,381,0,54,247
9711444,11,2,9,40,2,9,11
9801327,1,1,0,0,0,1,3
104091,12,2,10,17,0,12,65
9606289,23,2,21,82,13,10,10
9706385,13,3,10,35,0,13,32
9709439,10,1,9,26,0,10,21
9903302,7,2,5,9,0,7,32
9406319,35,5,30,192,35,0,0
9206203,6,4,2,6,6,0,0
9511444,9,3,6,13,0,9,29
9704423,79,2,77,982,5,74,231
9610357,26,4,22,111,3,23,147
111262,0,0,0,0,0,0,0
9912513,16,4,12,38,0,16,58
9603238,51,3,48,447,0,51,62
9703250,21,3,18,53,0,21,210
9901265,5,2,3,4,0,5,18
9709301,7,2,5,13,0,7,51
9703290,17,3,14,41,0,17,234
9806501,16,5,11,23,1,15,33
9804274,18,3,15,56,0,18,104
9909455,2,1,1,1,2,0,0
9912270,4,1,3,3,4,0,0
9910221,17,2,15,27,0,17,102
9805217,43,1,42,432,8,35,42
9305345,37,5,32,264,12,25,25
9703348,14,2,12,27,2,12,26
9706297,20,3,17,62,0,20,67
9601359,12,1,11,37,0,12,59
9711391,56,4,52,510,10,46,133
9802290,73,4,69,643,13,60,237
9806317,8,1,7,8,0,8,44
9807489,3,1,2,3,0,3,23
9506208,12,4,8,17,0,12,40
9705401,17,3,14,48,0,17,55
9804241,56,4,52,417,0,56,320
9610277,1,1,0,0,0,1,1
9503486,19,4,15,59,15,4,4
9805404,6,3,3,6,0,6,8
9307322,41,1,40,267,10,31,91
9502348,18,2,16,85,18,0,0
9609256,21,6,15,47,0,21,61
9807396,9,2,7,17,0,9,41
9712210,5,1,4,7,1,4,9
9906210,14,2,12,25,0,14,117
9612448,3,2,1,2,0,3,8
9809490,33,2,31,191,0,33,152
9703354,13,2,11,40,0,13,97
9903516,30,2,28,213,2,28,286
1095,37,3,34,203,0,37,410
9810509,48,2,46,535,0,48,186
9909419,22,2,20,107,0,22,452
9908360,10,3,7,17,0,10,162
112206,10,4,6,19,0,10,101
7335,4,3,1,1,0,4,9
9602242,6,1,5,7,3,3,3
9611204,12,2,10,40,0,12,25
9807348,24,2,22,109,0,24,110
9905467,6,4,2,2,0,6,32
9706391,9,1,8,16,0,9,39
9502336,10,5,5,7,1,9,12
9311248,15,4,11,37,8,7,7
12109,2,2,0,0,0,2,3
9910357,0,0,0,0,0,0,0
9807513,65,2,63,497,34,31,31
9903207,11,2,9,17,0,11,58
9702392,61,2,59,866,47,14,14
9607475,3,2,1,1,0,3,5
9504319,23,5,18,69,6,17,21
9906300,3,3,0,0,0,3,12
205102,7,2,5,8,0,7,92
9305348,37,2,35,213,37,0,0
9711348,35,1,34,187,1,34,144
9210229,12,1,11,32,12,0,0
9804399,6,2,4,7,0,6,31
9065,21,2,19,90,4,17,57
111059,27,4,23,99,0,27,115
102255,25,2,23,168,0,25,262
102324,27,3,24,125,0,27,354
9806236,57,4,53,585,0,57,156
106247,30,1,29,137,0,30,115
6026,5,2,3,3,0,5,16
9408217,11,1,10,27,0,11,35
101133,9,3,6,9,0,9,63
9901229,30,2,28,116,0,30,177
9801229,8,1,7,23,1,7,7
9610456,11,4,7,19,0,11,87
9909368,6,2,4,9,0,6,6
8283,8,3,5,13,1,7,11
9904211,53,3,50,409,0,53,139
9904504,27,3,24,103,0,27,358
12167,32,1,31,195,0,32,412
11056,22,1,21,77,0,22,228
110083,13,2,11,29,0,13,159
106295,62,2,60,806,2,60,60
2041,10,1,9,36,10,0,0
9903520,11,4,7,13,1,10,25
106322,2,2,0,0,0,2,7
3306,5,3,2,2,0,5,100
205071,6,3,3,4,0,6,42
9401241,29,2,27,168,29,0,0
9901443,12,3,9,19,0,12,172
9810510,14,1,13,31,0,14,56
9603307,26,2,24,153,4,22,32
9412365,4,2,2,2,0,4,14
9019,0,0,0,0,0,0,0
201071,7,1,6,10,0,7,115
9304216,4,2,2,3,0,4,10
10296,20,1,19,69,0,20,161
9406386,57,4,53,519,17,40,57
9609281,5,2,3,3,0,5,25
9610463,3,3,0,0,0,3,25
9601262,4,3,1,1,0,4,21
9302239,13,2,11,44,13,0,0
9603359,4,2,2,2,0,4,5
209372,0,0,0,0,0,0,0
9307364,46,2,44,384,46,0,0
9807377,3,2,1,1,0,3,29
9608449,5,3,2,3,0,5,23
9211266,22,3,19,86,22,0,0
9809242,10,3,7,9,0,10,24
9707500,24,2,22,75,0,24,112
102257,15,6,9,30,0,15,195
9903498,24,1,23,83,0,24,190
9810303,0,0,0,0,0,0,0
9412381,12,1,11,40,9,3,4
7036,0,0,0,0,0,0,0
4251,5,1,4,9,0,5,49
2182,7,2,5,7,0,7,31
9209294,4,3,1,2,4,0,0
9511398,2,1,1,1,2,0,0
9609361,3,1,2,3,0,3,12
9703445,18,3,15,47,8,10,18
9605326,6,4,2,3,1,5,14
9507211,6,1,5,12,0,6,30
9706459,1,1,0,0,0,1,3
9707291,34,1,33,167,0,34,176
4215,10,6,4,4,0,10,52
9410340,7,1,6,9,7,0,0
9408339,25,3,22,84,8,17,47
9612376,4,4,0,0,0,4,30
9907255,15,3,12,44,0,15,65
9303204,23,3,20,112,23,0,0
9902312,3,1,2,2,0,3,21
9910270,0,0,0,0,0,0,0
105204,11,2,9,26,1,10,37
9707327,28,1,27,135,0,28,49
9704219,2,2,0,0,0,2,3
9404259,1,1,0,0,0,1,1
9807320,6,2,4,6,6,0,0
9283,2,1,1,1,0,2,10
9207279,20,3,17,63,20,0,0
9812280,2,1,1,1,0,2,12
9710256,7,2,5,13,0,7,28
9405313,9,4,5,11,9,0,0
9411255,4,1,3,3,0,4,4
9809535,4,1,3,4,0,4,35
9712429,17,3,14,73,3,14,30
9405424,7,3,4,7,7,0,0
9412336,6,2,4,6,6,0,0
9302320,2,1,1,1,2,0,0
9904472,26,3,23,88,1,25,120
9512437,4,2,2,2,1,3,5
9903425,9,2,7,19,0,9,15
9908390,17,1,16,57,0,17,49
103224,8,1,7,22,0,8,195
9507436,10,1,9,19,10,0,0
9512267,4,1,3,4,0,4,21
9609216,5,1,4,6,5,0,0
208159,5,3,2,3,0,5,51
9508397,7,2,5,8,1,6,19
9405253,11,2,9,33,1,10,10
9904334,4,1,3,6,3,1,1
210061,0,0,0,0,0,0,0
9708300,12,1,11,25,0,12,42
9512419,5,4,1,1,0,5,57
9705294,5,2,3,4,0,5,10
112057,4,1,3,4,0,4,9
9405399,5,1,4,9,0,5,17
9406375,2,1,1,1,1,1,1
9612321,9,2,7,15,0,9,82
108096,4,1,3,6,0,4,4
9703313,20,2,18,93,3,17,17
9502323,13,5,8,12,0,13,56
9706526,12,2,10,29,5,7,7
9710244,4,4,0,0,0,4,16
9711248,4,2,2,3,0,4,7
9712451,10,1,9,21,1,9,22
110193,4,1,3,4,0,4,27
9207253,6,4,2,4,6,0,0
9308214,25,3,22,92,25,0,0
9801257,4,1,3,4,0,4,4
9912453,5,1,4,8,5,0,0
204145,4,1,3,3,0,4,28
11264,5,2,3,4,5,0,0
103024,3,1,2,3,0,3,28
9808322,4,2,2,2,0,4,10
9706430,5,1,4,10,0,5,17
2177,12,4,8,27,0,12,118
9404247,15,8,7,15,1,14,14
9811201,24,2,22,107,1,23,137
9803305,8,1,7,23,0,8,18
9208213,51,2,49,343,51,0,0
9907431,5,3,2,4,0,5,29
10192,16,4,12,26,0,16,110
9405218,16,3,13,69,10,6,6
105262,0,0,0,0,0,0,0
104242,11,3,8,18,0,11,176
9404209,22,4,18,43,1,21,66
9603340,15,3,12,38,0,15,42
9703335,9,2,7,19,0,9,17
9701406,6,1,5,9,0,6,30
9303234,16,3,13,67,16,0,0
9704329,5,2,3,6,0,5,15
9909218,10,2,8,14,0,10,294
9603241,1,1,0,0,1,0,0
210251,2,2,0,0,0,2,46
9802276,12,3,9,30,0,12,42
9308278,6,3,3,7,0,6,18
5089,7,1,6,13,0,7,16
9508290,13,1,12,42,2,11,29
9601278,3,1,2,2,0,3,18
9901442,27,5,22,82,0,27,129
2078,8,4,4,5,0,8,39
101307,15,2,13,44,0,15,33
9807234,5,1,4,4,0,5,10
9909510,1,1,0,0,0,1,1
107266,18,1,17,81,0,18,147
9503445,4,2,2,3,0,4,14
7359,15,2,13,47,1,14,21
104104,6,3,3,7,0,6,13
9911212,3,1,2,2,0,3,30
9706352,4,1,3,4,1,3,3
9611361,7,1,6,13,7,0,0
9506287,6,3,3,3,3,3,4
9604375,2,1,1,1,0,2,15
9409443,18,10,8,27,8,10,12
9707387,9,3,6,10,0,9,18
106240,12,2,10,21,0,12,192
9709348,18,1,17,64,1,17,26
9912276,6,2,4,5,1,5,14
302124,0,0,0,0,0,0,0
9402240,2,1,1,1,2,0,0
9612477,0,0,0,0,0,0,0
9611320,8,2,6,13,8,0,0
105250,1,1,0,0,0,1,2
9608320,4,1,3,6,4,0,0
9907500,6,1,5,9,0,6,23
9604432,4,2,2,2,0,4,6
9612421,8,2,6,9,1,7,26
9809279,2,2,0,0,0,2,20
9706551,6,2,4,6,1,5,5
9606372,4,2,2,3,4,0,0
112273,8,3,5,11,0,8,148
9805204,2,1,1,1,0,2,8
4110,10,1,9,25,0,10,30
9412214,6,3,3,3,0,6,17
201191,1,1,0,0,1,0,0
9910359,3,1,2,2,0,3,14
9712418,5,1,4,7,0,5,9
9709319,5,2,3,5,0,5,77
9912327,0,0,0,0,0,0,0
9803360,4,2,2,2,0,4,7
9610418,5,1,4,6,0,5,5
9609357,2,1,1,1,2,0,0
9805231,6,1,5,7,0,6,15
9911429,3,3,0,0,0,3,33
9809510,9,2,7,15,0,9,53
4012,1,1,0,0,0,1,10
6241,6,1,5,10,0,6,16
9912490,5,4,1,1,0,5,12
9608360,3,1,2,2,0,3,6
9809497,1,1,0,0,0,1,3
9401276,10,2,8,25,4,6,6
9412298,1,1,0,0,1,0,0
209109,4,2,2,3,0,4,4
9708243,6,3,3,5,6,0,0
9309,5,1,4,8,2,3,8
9706249,7,1,6,11,1,6,6
9411237,11,3,8,18,3,8,8
103304,2,2,0,0,0,2,5
9407211,9,1,8,19,0,9,54
9510375,2,1,1,1,0,2,4
9606266,3,2,1,1,1,2,8
107281,1,1,0,0,0,1,6
9307299,1,1,0,0,1,0,0
9610326,11,3,8,10,0,11,19
9509225,6,1,5,9,6,0,0
9710494,2,1,1,1,2,0,0
9805490,1,1,0,0,1,0,0
9606477,23,3,20,91,7,16,35
9912210,6,2,4,10,0,6,62
9605347,7,3,4,6,0,7,29
205001,1,1,0,0,0,1,5
209239,2,1,1,1,0,2,7
4148,8,4,4,11,0,8,43
109100,3,2,1,1,0,3,15
9504244,6,2,4,10,1,5,5
9705359,0,0,0,0,0,0,0
205202,0,0,0,0,0,0,0
9305258,20,9,11,31,14,6,11
9603301,3,1,2,3,0,3,12
102278,3,2,1,1,0,3,13
9911316,13,4,9,33,0,13,130
9802393,5,1,4,6,0,5,32
9910335,2,2,0,0,2,0,0
12348,8,5,3,5,0,8,14
9908497,7,2,5,13,2,5,7
9909560,5,3,2,2,0,5,9
9211255,2,1,1,1,2,0,0
12057,1,1,0,0,0,1,6
9909511,0,0,0,0,0,0,0
9301293,2,2,0,0,2,0,0
9403282,4,3,1,3,1,3,3
9402245,1,1,0,0,1,0,0
9404210,0,0,0,0,0,0,0
9308289,5,3,2,2,2,3,3
106105,0,0,0,0,0,0,0
9809207,4,1,3,5,0,4,12
9207278,8,5,3,4,8,0,0
9502391,7,2,5,9,7,0,0
5250,6,4,2,2,0,6,15
106203,2,2,0,0,0,2,6
9704272,11,2,9,29,2,9,19
9701372,1,1,0,0,0,1,2
302055,0,0,0,0,0,0,0
9903291,2,1,1,1,0,2,4
9704262,14,3,11,33,0,14,31
9411257,1,1,0,0,0,1,2
107270,2,1,1,1,0,2,9
9704435,1,1,0,0,1,0,0
9904376,8,6,2,2,8,0,0
9601289,5,3,2,2,0,5,8
207334,4,2,2,3,0,4,51
5280,2,2,0,0,0,2,29
101231,2,1,1,1,0,2,19
9703448,3,2,1,2,0,3,13
9810437,11,1,10,45,0,11,11
9512239,9,2,7,12,1,8,8
9605448,6,2,4,6,6,0,0
204291,0,0,0,0,0,0,0
203113,2,2,0,0,0,2,9
9702365,2,1,1,1,0,2,3
12232,14,3,11,26,0,14,42
12004,2,2,0,0,0,2,5
9602288,1,1,0,0,1,0,0
6206,1,1,0,0,0,1,7
9611412,5,2,3,5,0,5,13
205073,2,2,0,0,0,2,7
4242,0,0,0,0,0,0,0
9308371,12,10,2,2,1,11,11
9803276,1,1,0,0,1,0,0
105129,5,2,3,4,0,5,20
9503474,7,3,4,6,5,2,2
9608275,3,1,2,2,0,3,3
106248,6,2,4,7,0,6,133
9703326,2,2,0,0,0,2,26
109149,10,2,8,35,10,0,0
103009,3,2,1,1,0,3,4
9601393,3,3,0,0,0,3,10
9711304,1,1,0,0,0,1,1
112112,1,1,0,0,0,1,17
9412285,8,1,7,19,8,0,0
9610426,3,3,0,0,0,3,6
205015,1,1,0,0,0,1,2
9808320,18,5,13,53,0,18,95
9503396,3,1,2,2,0,3,3
102290,2,1,1,1,1,1,1
102019,5,2,3,3,0,5,46
210182,2,1,1,1,0,2,35
203053,1,1,0,0,0,1,10
9809218,2,2,0,0,0,2,11
9806220,3,2,1,1,0,3,3
106354,6,1,5,7,0,6,13
209094,2,1,1,1,0,2,13
9904303,7,1,6,18,7,0,0
111373,0,0,0,0,0,0,0
10150,8,1,7,21,0,8,106
9701254,0,0,0,0,0,0,0
1062,7,3,4,6,0,7,97
8003,1,1,0,0,0,1,3
205060,0,0,0,0,0,0,0
9711224,1,1,0,0,0,1,6
204206,0,0,0,0,0,0,0
9610445,16,3,13,39,3,13,30
104143,2,2,0,0,0,2,7
302128,0,0,0,0,0,0,0
105254,2,1,1,1,0,2,4
9809290,4,2,2,4,0,4,39
205052,2,1,1,1,0,2,42
5242,1,1,0,0,0,1,7
9705409,10,3,7,21,1,9,22
201179,1,1,0,0,0,1,1
9511340,4,1,3,5,4,0,0
9610411,5,2,3,4,4,1,1
9013,2,1,1,1,0,2,17
9811212,10,1,9,39,0,10,80
9907210,1,1,0,0,1,0,0
9611264,3,1,2,3,3,0,0
9905267,0,0,0,0,0,0,0
9609235,0,0,0,0,0,0,0
101253,0,0,0,0,0,0,0
9808201,1,1,0,0,0,1,1
107248,2,1,1,1,0,2,3
9032,1,1,0,0,1,0,0
9801336,0,0,0,0,0,0,0
205101,0,0,0,0,0,0,0
9609465,0,0,0,0,0,0,0
204250,3,1,2,2,0,3,20
9812252,1,1,0,0,0,1,9
9609201,4,1,3,4,0,4,7
9804377,9,3,6,13,0,9,58
9804380,3,3,0,0,3,0,0
9702327,8,2,6,17,0,8,15
9907245,9,3,6,16,1,8,27
9709345,2,1,1,1,0,2,12
9810533,1,1,0,0,1,0,0
9905243,1,1,0,0,0,1,2
9812503,3,2,1,2,3,0,0
9606404,2,2,0,0,0,2,4
11365,6,2,4,7,0,6,12
111021,0,0,0,0,0,0,0
105229,10,6,4,4,1,9,16
3316,1,1,0,0,1,0,0
9810267,2,2,0,0,2,0,0
9707286,11,2,9,34,11,0,0
209125,2,1,1,1,0,2,21
203110,3,3,0,0,0,3,40
9407398,7,4,3,3,5,2,2
9907428,10,2,8,24,0,10,32
205215,0,0,0,0,0,0,0
9909316,0,0,0,0,0,0,0
9411326,1,1,0,0,0,1,2
9904444,6,2,4,8,0,6,29
9908442,1,1,0,0,0,1,3
9708386,4,3,1,1,0,4,27
9710422,7,3,4,6,1,6,9
9503473,12,1,11,31,12,0,0
12255,1,1,0,0,0,1,1
9711463,5,2,3,3,5,0,0
12357,9,3,6,22,0,9,47
110060,0,0,0,0,0,0,0
9612471,2,2,0,0,1,1,3
9304247,6,3,3,8,6,0,0
9805283,1,1,0,0,0,1,2
9708244,0,0,0,0,0,0,0
9506298,2,1,1,1,0,2,2
110374,4,1,3,5,4,0,0
9506370,9,1,8,22,9,0,0
9706407,0,0,0,0,0,0,0
9710227,5,2,3,3,0,5,6
9509265,2,1,1,1,2,0,0
212025,0,0,0,0,0,0,0
9604397,1,1,0,0,0,1,1
9903469,1,1,0,0,0,1,1
9802308,16,2,14,44,2,14,33
11396,2,2,0,0,0,2,7
9606223,8,1,7,13,8,0,0
9407250,3,2,1,1,0,3,5
9602238,0,0,0,0,0,0,0
10080,4,3,1,1,0,4,33
9904346,2,1,1,1,0,2,3
4137,9,1,8,21,6,3,3
107034,0,0,0,0,0,0,0
9905263,2,2,0,0,0,2,16
9908458,13,1,12,44,1,12,93
6069,4,4,0,0,4,0,0
4018,3,2,1,1,0,3,3
9706320,2,2,0,0,2,0,0
204303,0,0,0,0,0,0,0
110105,10,1,9,23,0,10,53
9209235,3,3,0,0,3,0,0
9812233,3,1,2,2,2,1,1
9403314,9,3,6,18,9,0,0
9902390,5,1,4,4,0,5,49
4136,8,3,5,13,0,8,8
203124,2,2,0,0,0,2,4
111317,1,1,0,0,0,1,2
9304283,9,2,7,20,9,0,0
9806371,7,6,1,2,1,6,22
9409414,0,0,0,0,0,0,0
9308294,3,3,0,0,3,0,0
9903377,4,1,3,6,0,4,11
9908223,8,1,7,19,0,8,15
10228,6,2,4,12,1,5,6
9710390,2,1,1,1,0,2,2
9405360,1,1,0,0,0,1,3
9909504,2,1,1,1,0,2,11
204183,0,0,0,0,0,0,0
9708441,4,2,2,3,0,4,10
9607467,0,0,0,0,0,0,0
9607345,0,0,0,0,0,0,0
9608342,1,1,0,0,1,0,0
9908265,12,4,8,23,0,12,146
9704350,0,0,0,0,0,0,0
9308264,4,4,0,0,4,0,0
9710355,2,1,1,1,0,2,16
4125,0,0,0,0,0,0,0
9307224,1,1,0,0,1,0,0
9810403,1,1,0,0,0,1,1
9705478,0,0,0,0,0,0,0
9210251,5,5,0,0,5,0,0
110327,1,1,0,0,0,1,16
9607457,2,1,1,1,0,2,2
9706418,0,0,0,0,0,0,0
9609271,4,1,3,5,0,4,4
9309230,0,0,0,0,0,0,0
108134,2,1,1,1,0,2,4
9605337,3,3,0,0,3,0,0
112148,1,1,0,0,0,1,2
105086,1,1,0,0,0,1,2
9603243,1,1,0,0,0,1,1
9709247,1,1,0,0,1,0,0
9511385,6,3,3,3,3,3,3
9811351,4,1,3,3,4,0,0
101260,2,1,1,1,0,2,35
9211213,2,2,0,0,2,0,0
9511414,9,1,8,24,0,9,34
9912520,2,1,1,1,1,1,2
9508382,1,1,0,0,1,0,0
9163,13,1,12,39,0,13,42
9708254,0,0,0,0,0,0,0
112284,2,1,1,1,0,2,13
110108,6,1,5,9,0,6,14
9907547,6,2,4,9,0,6,30
9409319,0,0,0,0,0,0,0
9608370,1,1,0,0,1,0,0
7257,3,1,2,3,0,3,3
9502322,1,1,0,0,1,0,0
9509261,7,1,6,14,2,5,5
9407274,4,3,1,1,4,0,0
9910379,8,1,7,21,1,7,19
107149,3,2,1,1,0,3,3
9507400,1,1,0,0,1,0,0
9610303,0,0,0,0,0,0,0
9502213,3,3,0,0,3,0,0
9505371,3,2,1,1,3,0,0
9609353,1,1,0,0,0,1,1
9207239,2,2,0,0,2,0,0
9710264,1,1,0,0,0,1,2
110267,3,3,0,0,0,3,3
9810421,0,0,0,0,0,0,0
105335,5,2,3,4,0,5,32
3085,3,2,1,1,1,2,4
9809263,8,1,7,14,1,7,33
9711249,2,1,1,1,2,0,0
9401351,2,2,0,0,2,0,0
205038,3,1,2,3,0,3,59
9405303,3,2,1,1,3,0,0
9905386,4,1,3,5,1,3,5
108095,3,2,1,1,0,3,13
112039,4,2,2,2,0,4,45
9303235,4,4,0,0,4,0,0
8307,1,1,0,0,0,1,2
9307214,0,0,0,0,0,0,0
109250,0,0,0,0,0,0,0
9511435,1,1,0,0,1,0,0
105148,2,1,1,1,0,2,22
9608411,1,1,0,0,1,0,0
9508358,0,0,0,0,0,0,0
9804304,17,1,16,73,0,17,140
9904457,9,2,7,19,0,9,19
302098,0,0,0,0,0,0,0
201097,0,0,0,0,0,0,0
9801424,0,0,0,0,0,0,0
9711453,12,2,10,31,12,0,0
9709429,0,0,0,0,0,0,0
10223,3,2,1,1,1,2,4
111435,1,1,0,0,0,1,1
9406269,1,1,0,0,1,0,0
211026,0,0,0,0,0,0,0
9910389,0,0,0,0,0,0,0
9410337,3,3,0,0,3,0,0
9611419,0,0,0,0,0,0,0
9703282,0,0,0,0,0,0,0
110142,4,3,1,1,0,4,33
9605332,4,1,3,3,3,1,1
11335,2,1,1,1,0,2,3
210331,4,3,1,1,0,4,20
108204,1,1,0,0,0,1,3
12223,1,1,0,0,0,1,1
301040,4,3,1,1,0,4,32
301219,1,1,0,0,0,1,20
12224,1,1,0,0,0,1,8
9508282,2,1,1,1,2,0,0
107131,0,0,0,0,0,0,0
208202,2,2,0,0,0,2,6
105077,3,2,1,1,0,3,84
11137,1,1,0,0,0,1,1
104240,0,0,0,0,0,0,0
9408389,4,3,1,2,0,4,4
8126,0,0,0,0,0,0,0
108029,1,1,0,0,0,1,2
106040,3,2,1,1,3,0,0
9906321,5,1,4,8,4,1,1
108272,2,2,0,0,2,0,0
9607441,1,1,0,0,0,1,7
205177,1,1,0,0,0,1,8
9703458,0,0,0,0,0,0,0
105266,0,0,0,0,0,0,0
207230,2,1,1,1,0,2,21
9204217,1,1,0,0,1,0,0
104061,0,0,0,0,0,0,0
9712235,1,1,0,0,1,0,0
9701335,0,0,0,0,0,0,0
9806337,2,1,1,1,1,1,4
9711306,1,1,0,0,0,1,1
9209290,6,5,1,1,6,0,0
201044,1,1,0,0,0,1,5
9509376,0,0,0,0,0,0,0
9902365,0,0,0,0,0,0,0
7300,4,1,3,5,0,4,8
9503311,3,2,1,1,1,2,5
108054,4,2,2,3,0,4,12
9706389,1,1,0,0,0,1,13
9706258,4,3,1,1,4,0,0
301253,0,0,0,0,0,0,0
9504398,3,3,0,0,3,0,0
9611319,0,0,0,0,0,0,0
302195,1,1,0,0,0,1,2
9705394,0,0,0,0,0,0,0
9804293,2,1,1,1,0,2,2
9912472,1,1,0,0,0,1,2
104053,3,3,0,0,0,3,11
9602229,0,0,0,0,0,0,0
7136,0,0,0,0,0,0,0
9307278,4,2,2,2,4,0,0
9812204,0,0,0,0,0,0,0
9703384,2,2,0,0,1,1,1
9310374,2,2,0,0,2,0,0
9501260,1,1,0,0,0,1,3
301158,0,0,0,0,0,0,0
9810258,1,1,0,0,0,1,3
9610261,0,0,0,0,0,0,0
6157,1,1,0,0,1,0,0
9806395,2,2,0,0,2,0,0
9906447,1,1,0,0,1,0,0
5045,1,1,0,0,0,1,3
5136,2,1,1,1,2,0,0
9907419,0,0,0,0,0,0,0
9806378,0,0,0,0,0,0,0
209073,8,5,3,3,0,8,49
9703374,1,1,0,0,0,1,2
9502230,0,0,0,0,0,0,0
9908242,1,1,0,0,0,1,3
211228,2,1,1,1,0,2,21
9809260,1,1,0,0,0,1,3
9405327,2,2,0,0,2,0,0
9804248,2,1,1,1,2,0,0
9608421,1,1,0,0,1,0,0
9402212,0,0,0,0,0,0,0
9810221,4,1,3,4,0,4,9
9805308,3,1,2,2,0,3,5
204048,3,1,2,2,0,3,8
110040,0,0,0,0,0,0,0
9503272,1,1,0,0,1,0,0
302256,0,0,0,0,0,0,0
109223,2,2,0,0,0,2,10
9403385,1,1,0,0,1,0,0
11382,0,0,0,0,0,0,0
9806209,1,1,0,0,0,1,1
9607358,1,1,0,0,0,1,1
9701270,1,1,0,0,0,1,1
9906203,1,1,0,0,1,0,0
9808329,0,0,0,0,0,0,0
9905307,0,0,0,0,0,0,0
9511268,2,1,1,1,1,1,1
9210271,1,1,0,0,1,0,0
207335,2,1,1,1,2,0,0
107029,2,1,1,1,2,0,0
7347,1,1,0,0,1,0,0
208045,3,1,2,2,3,0,0
9704278,3,2,1,1,3,0,0
9611210,4,1,3,5,1,3,3
9605366,0,0,0,0,0,0,0
9908278,0,0,0,0,0,0,0
9410315,2,1,1,1,2,0,0
9706498,0,0,0,0,0,0,0
9806233,2,2,0,0,0,2,4
9509262,1,1,0,0,0,1,1
9806524,1,1,0,0,0,1,4
9607320,0,0,0,0,0,0,0
9810252,4,2,2,2,2,2,2
9511240,2,2,0,0,0,2,2
106324,3,2,1,1,3,0,0
207276,2,1,1,1,0,2,22
2175,0,0,0,0,0,0,0
208189,3,3,0,0,0,3,14
12238,1,1,0,0,1,0,0
7171,0,0,0,0,0,0,0
9909495,1,1,0,0,0,1,3
9501368,2,1,1,1,0,2,4
6099,1,1,0,0,0,1,2
212253,0,0,0,0,0,0,0
8259,1,1,0,0,0,1,2
206131,5,2,3,6,0,5,19
206121,1,1,0,0,0,1,4
9806230,1,1,0,0,1,0,0
9508310,0,0,0,0,0,0,0
9904361,1,1,0,0,0,1,7
9211265,2,1,1,1,2,0,0
101035,0,0,0,0,0,0,0
101220,2,2,0,0,0,2,4
9711314,0,0,0,0,0,0,0
9707473,1,1,0,0,1,0,0
10323,2,1,1,1,0,2,4
9803355,1,1,0,0,0,1,3
12162,1,1,0,0,0,1,3
9710346,0,0,0,0,0,0,0
6332,2,2,0,0,2,0,0
7206,1,1,0,0,0,1,7
9407367,0,0,0,0,0,0,0
9903470,1,1,0,0,0,1,7
9902441,6,3,3,6,6,0,0
9511294,0,0,0,0,0,0,0
9804324,0,0,0,0,0,0,0
9906208,0,0,0,0,0,0,0
9608431,0,0,0,0,0,0,0
302137,0,0,0,0,0,0,0
9910394,0,0,0,0,0,0,0
9081,1,1,0,0,1,0,0
211306,0,0,0,0,0,0,0
9709236,3,2,1,1,0,3,7
9309220,3,1,2,3,3,0,0
9505364,2,2,0,0,0,2,2
102309,1,1,0,0,1,0,0
9609264,1,1,0,0,1,0,0
2180,0,0,0,0,0,0,0
9812479,7,1,6,19,7,0,0
9238,0,0,0,0,0,0,0
9709487,1,1,0,0,0,1,2
8240,3,2,1,1,3,0,0
9504236,1,1,0,0,1,0,0
104125,0,0,0,0,0,0,0
205008,2,1,1,1,2,0,0
9012,2,1,1,1,0,2,2
12095,1,1,0,0,1,0,0
111231,0,0,0,0,0,0,0
9610305,2,1,1,1,2,0,0
106197,0,0,0,0,0,0,0
9805205,1,1,0,0,1,0,0
9810399,0,0,0,0,0,0,0
11166,0,0,0,0,0,0,0
9712521,0,0,0,0,0,0,0
109063,0,0,0,0,0,0,0
105208,1,1,0,0,0,1,4
9909360,0,0,0,0,0,0,0
9506293,1,1,0,0,1,0,0
9812532,1,1,0,0,1,0,0
9601263,2,2,0,0,2,0,0
7193,4,1,3,4,1,3,3
9811368,0,0,0,0,0,0,0
106288,0,0,0,0,0,0,0
210153,0,0,0,0,0,0,0
111038,0,0,0,0,0,0,0
9606480,0,0,0,0,0,0,0
9808260,1,1,0,0,0,1,4
9910500,0,0,0,0,0,0,0
7236,1,1,0,0,0,1,3
201022,0,0,0,0,0,0,0
210135,2,1,1,1,0,2,12
202240,0,0,0,0,0,0,0
9307339,2,2,0,0,2,0,0
107225,2,1,1,1,0,2,3
109048,2,2,0,0,0,2,15
204175,3,2,1,2,0,3,8
9312286,1,1,0,0,1,0,0
111391,1,1,0,0,0,1,5
9604241,0,0,0,0,0,0,0
9710321,0,0,0,0,0,0,0
9809407,1,1,0,0,1,0,0
9712507,1,1,0,0,1,0,0
9608488,2,2,0,0,2,0,0
107043,1,1,0,0,0,1,2
108218,1,1,0,0,0,1,1
204051,0,0,0,0,0,0,0
9807530,0,0,0,0,0,0,0
107133,3,2,1,1,0,3,9
9811292,0,0,0,0,0,0,0
9712485,1,1,0,0,0,1,2
111272,1,1,0,0,1,0,0
9507296,1,1,0,0,1,0,0
109192,1,1,0,0,1,0,0
9603242,1,1,0,0,1,0,0
210266,0,0,0,0,0,0,0
111206,1,1,0,0,0,1,7
9810423,0,0,0,0,0,0,0
9904327,2,2,0,0,0,2,4
9508223,0,0,0,0,0,0,0
9504203,1,1,0,0,1,0,0
9607352,1,1,0,0,1,0,0
210301,1,1,0,0,0,1,6
9910471,5,3,2,2,5,0,0
9708409,0,0,0,0,0,0,0
9406394,1,1,0,0,1,0,0
12117,0,0,0,0,0,0,0
9504393,2,2,0,0,2,0,0
9907412,0,0,0,0,0,0,0
9906510,2,1,1,1,0,2,2
210102,0,0,0,0,0,0,0
9506306,1,1,0,0,0,1,3
9903281,0,0,0,0,0,0,0
206186,0,0,0,0,0,0,0
111211,1,1,0,0,1,0,0
9410239,1,1,0,0,1,0,0
201203,0,0,0,0,0,0,0
103292,2,1,1,1,0,2,13
101079,0,0,0,0,0,0,0
9706204,0,0,0,0,0,0,0
8322,1,1,0,0,0,1,2
12286,0,0,0,0,0,0,0
9911470,2,2,0,0,0,2,7
207148,0,0,0,0,0,0,0
9809221,0,0,0,0,0,0,0
9806444,3,3,0,0,3,0,0
9401240,2,2,0,0,2,0,0
9212228,1,1,0,0,1,0,0
212365,0,0,0,0,0,0,0
9807412,1,1,0,0,0,1,7
9812244,2,1,1,1,2,0,0
205128,1,1,0,0,0,1,1
9406420,0,0,0,0,0,0,0
210330,2,1,1,1,0,2,4
302167,0,0,0,0,0,0,0
206181,1,1,0,0,0,1,4
210261,1,1,0,0,0,1,8
205105,2,2,0,0,0,2,9
101007,2,1,1,1,2,0,0
209104,0,0,0,0,0,0,0
207350,1,1,0,0,0,1,14
207207,1,1,0,0,0,1,1
9505256,0,0,0,0,0,0,0
9710537,0,0,0,0,0,0,0
9708466,0,0,0,0,0,0,0
302191,2,2,0,0,0,2,3
5150,0,0,0,0,0,0,0
9702220,3,1,2,3,3,0,0
9905203,0,0,0,0,0,0,0
9301266,1,1,0,0,1,0,0
102133,0,0,0,0,0,0,0
9701369,1,1,0,0,1,0,0
9711245,1,1,0,0,0,1,1
206187,0,0,0,0,0,0,0
9308250,0,0,0,0,0,0,0
9402272,0,0,0,0,0,0,0
9602428,0,0,0,0,0,0,0
9510322,1,1,0,0,1,0,0
9808209,0,0,0,0,0,0,0
101317,1,1,0,0,0,1,1
9808452,0,0,0,0,0,0,0
9905559,0,0,0,0,0,0,0
9609433,1,1,0,0,0,1,1
9609312,0,0,0,0,0,0,0
208272,1,1,0,0,0,1,10
108206,0,0,0,0,0,0,0
202116,1,1,0,0,1,0,0
9811242,1,1,0,0,1,0,0
9610512,0,0,0,0,0,0,0
9505439,0,0,0,0,0,0,0
207331,0,0,0,0,0,0,0
210143,0,0,0,0,0,0,0
9910414,0,0,0,0,0,0,0
9809309,2,1,1,1,0,2,4
9908478,2,1,1,1,2,0,0
9212239,3,3,0,0,3,0,0
301272,0,0,0,0,0,0,0
9909553,0,0,0,0,0,0,0
9802281,1,1,0,0,1,0,0
9307335,2,2,0,0,1,1,1
9904430,4,1,3,5,0,4,6
105255,0,0,0,0,0,0,0
9707314,0,0,0,0,0,0,0
9712498,0,0,0,0,0,0,0
9304221,1,1,0,0,1,0,0
9512408,0,0,0,0,0,0,0
302250,0,0,0,0,0,0,0
9612309,1,1,0,0,1,0,0
9709300,1,1,0,0,1,0,0
209197,2,1,1,1,0,2,2
107179,0,0,0,0,0,0,0
9910401,0,0,0,0,0,0,0
211343,1,1,0,0,1,0,0
9806492,0,0,0,0,0,0,0
9803471,0,0,0,0,0,0,0
9803492,0,0,0,0,0,0,0
9807333,0,0,0,0,0,0,0
9609440,0,0,0,0,0,0,0
10285,0,0,0,0,0,0,0
9808482,0,0,0,0,0,0,0
204306,3,3,0,0,0,3,29
111251,1,1,0,0,1,0,0
9810324,0,0,0,0,0,0,0
9905238,0,0,0,0,0,0,0
9909529,2,2,0,0,2,0,0
9803474,0,0,0,0,0,0,0
9911339,1,1,0,0,1,0,0
11018,0,0,0,0,0,0,0
9811416,0,0,0,0,0,0,0
212154,0,0,0,0,0,0,0
208201,1,1,0,0,0,1,11
9703322,0,0,0,0,0,0,0
9909492,0,0,0,0,0,0,0
105303,1,1,0,0,0,1,3
9910511,0,0,0,0,0,0,0
212377,0,0,0,0,0,0,0
9811458,0,0,0,0,0,0,0
9709237,0,0,0,0,0,0,0
6187,0,0,0,0,0,0,0
206004,0,0,0,0,0,0,0
11338,0,0,0,0,0,0,0
9803231,0,0,0,0,0,0,0
9408355,1,1,0,0,1,0,0
9710479,0,0,0,0,0,0,0
3175,0,0,0,0,0,0,0
9601268,3,3,0,0,3,0,0
209226,2,2,0,0,0,2,8
9503410,0,0,0,0,0,0,0
9610474,2,2,0,0,2,0,0
11128,0,0,0,0,0,0,0
211332,0,0,0,0,0,0,0
101126,0,0,0,0,0,0,0
9608302,0,0,0,0,0,0,0
9810455,0,0,0,0,0,0,0
208267,0,0,0,0,0,0,0
107296,0,0,0,0,0,0,0
110134,0,0,0,0,0,0,0
11302,0,0,0,0,0,0,0
209288,0,0,0,0,0,0,0
3108,0,0,0,0,0,0,0
208104,0,0,0,0,0,0,0
9910304,1,1,0,0,1,0,0
11400,1,1,0,0,1,0,0
9507464,0,0,0,0,0,0,0
9505389,0,0,0,0,0,0,0
7044,0,0,0,0,0,0,0
9701348,0,0,0,0,0,0,0
9310303,0,0,0,0,0,0,0
9611405,0,0,0,0,0,0,0
9401292,0,0,0,0,0,0,0
207283,1,1,0,0,1,0,0
201241,0,0,0,0,0,0,0
9502367,0,0,0,0,0,0,0
106036,0,0,0,0,0,0,0
9901449,1,1,0,0,1,0,0
9407366,1,1,0,0,1,0,0
9408263,0,0,0,0,0,0,0
302115,0,0,0,0,0,0,0
9811233,0,0,0,0,0,0,0
9910385,0,0,0,0,0,0,0
9709393,0,0,0,0,0,0,0
9412303,1,1,0,0,1,0,0
111266,0,0,0,0,0,0,0
205016,0,0,0,0,0,0,0
9901383,1,1,0,0,1,0,0
9604346,0,0,0,0,0,0,0
110241,0,0,0,0,0,0,0
9912541,0,0,0,0,0,0,0
204065,0,0,0,0,0,0,0
302044,0,0,0,0,0,0,0
9808267,0,0,0,0,0,0,0
9509397,0,0,0,0,0,0,0
9809528,0,0,0,0,0,0,0
9710419,1,1,0,0,1,0,0
208170,0,0,0,0,0,0,0
201101,0,0,0,0,0,0,0
1176,0,0,0,0,0,0,0
9705431,0,0,0,0,0,0,0
9301,0,0,0,0,0,0,0
301152,0,0,0,0,0,0,0
9506449,1,1,0,0,1,0,0
203020,0,0,0,0,0,0,0
110024,0,0,0,0,0,0,0
4088,1,1,0,0,1,0,0
9801310,0,0,0,0,0,0,0
209213,0,0,0,0,0,0,0
109002,1,1,0,0,0,1,1
104206,0,0,0,0,0,0,0
9409360,0,0,0,0,0,0,0
301116,0,0,0,0,0,0,0
9904381,0,0,0,0,0,0,0
104249,0,0,0,0,0,0,0
211295,0,0,0,0,0,0,0
301083,0,0,0,0,0,0,0
9325,0,0,0,0,0,0,0
212207,0,0,0,0,0,0,0
110294,0,0,0,0,0,0,0
301249,0,0,0,0,0,0,0
211254,0,0,0,0,0,0,0
9806242,1,1,0,0,1,0,0
9609259,0,0,0,0,0,0,0
109070,0,0,0,0,0,0,0
302062,0,0,0,0,0,0,0
10073,1,1,0,0,1,0,0
9611309,0,0,0,0,0,0,0
208015,1,1,0,0,1,0,0
9408258,0,0,0,0,0,0,0
9309334,0,0,0,0,0,0,0
203218,0,0,0,0,0,0,0
9303284,66,6,60,790,16,50,50
9502363,26,2,24,171,4,22,54
9206236,21,3,18,108,21,0,0
9812246,5,2,3,4,0,5,10
9703203,2,1,1,1,2,0,0
9909352,14,3,11,26,0,14,86
9603311,23,3,20,83,2,21,50
9406205,12,6,6,10,8,4,4
203229,0,0,0,0,0,0,0
9304266,7,1,6,15,7,0,0
9504413,25,2,23,122,5,20,36
9406404,8,1,7,15,0,8,15
9212245,9,2,7,20,9,0,0
9712488,28,2,26,140,28,0,0
9708403,12,3,9,28,4,8,8
9710417,18,3,15,69,7,11,11
9809554,33,2,31,177,4,29,91
9711311,5,2,3,4,0,5,31
9310307,7,1,6,11,7,0,0
2060,18,3,15,56,0,18,70
9405414,16,3,13,47,16,0,0
9710314,9,2,7,19,0,9,9
9710403,8,1,7,19,0,8,18
9903399,11,2,9,20,0,11,27
9509365,9,2,7,19,2,7,7
9610374,1,1,0,0,0,1,1
9511473,11,4,7,15,0,11,50
9408404,71,3,68,793,21,50,50
9612446,48,2,46,391,1,47,429
1088,12,1,11,31,0,12,199
9812396,42,4,38,219,0,42,537
9604452,46,2,44,372,0,46,165
9703312,20,3,17,83,0,20,120
9910211,5,1,4,6,1,4,10
9503299,6,1,5,9,6,0,0
9705235,23,4,19,68,0,23,272
108141,9,3,6,10,0,9,101
9805303,39,6,33,177,0,39,418
9902308,28,1,27,182,0,28,68
9912438,3,3,0,0,0,3,4
9910501,14,6,8,20,0,14,112
9805471,41,2,39,377,0,41,88
9308315,22,3,19,103,1,21,36
9704383,15,3,12,40,15,0,0
9706325,5,2,3,4,5,0,0
9602277,21,2,19,109,8,13,24
9802365,26,1,25,173,0,26,166
9707362,17,2,15,53,0,17,17
9909572,3,3,0,0,0,3,9
5035,2,1,1,1,0,2,7
9507216,23,4,19,74,3,20,33
9711319,9,4,5,11,0,9,37
9805270,52,3,49,387,1,51,260
9307291,55,6,49,392,2,53,119
9308344,5,1,4,8,5,0,0
9902315,6,2,4,7,0,6,16
9308309,38,2,36,191,2,36,127
9503411,18,1,17,98,6,12,12
9701410,7,1,6,11,3,4,7
9807540,21,5,16,73,0,21,115
9807439,4,1,3,3,0,4,15
9906259,13,2,11,34,0,13,107
9702210,18,3,15,54,9,9,16
9901319,26,3,23,132,0,26,309
9708313,4,2,2,3,0,4,30
9905323,59,1,58,824,59,0,0
1104,27,4,23,109,0,27,530
9811473,78,1,77,1115,2,76,346
9909574,54,3,51,446,0,54,610
9908480,10,1,9,33,0,10,120
105009,18,3,15,38,0,18,206
11243,5,3,2,2,0,5,9
9211216,9,2,7,25,9,0,0
9710473,9,1,8,22,0,9,28
9807415,29,2,27,153,0,29,153
9711514,57,1,56,381,0,57,172
9706408,12,3,9,22,0,12,47
9309204,4,1,3,5,4,0,0
9403307,15,4,11,33,5,10,17
9910301,9,3,6,8,0,9,14
9902219,1,1,0,0,1,0,0
9707207,2,2,0,0,0,2,7
9802238,39,1,38,230,39,0,0
9703287,48,3,45,473,1,47,87
9607476,2,1,1,1,0,2,4
9505298,18,3,15,57,2,16,25
9512334,6,1,5,6,6,0,0
207310,6,1,5,6,0,6,17
9401277,20,2,18,85,3,17,17
9803320,8,1,7,23,1,7,17
10086,11,3,8,19,0,11,40
9806246,10,2,8,16,0,10,23
10003,26,2,24,102,26,0,0
9708227,38,8,30,185,0,38,211
102259,21,3,18,110,0,21,217
103034,14,1,13,60,0,14,124
9807501,61,1,60,638,2,59,197
106258,29,4,25,110,0,29,96
9602295,11,2,9,37,11,0,0
9504279,15,2,13,41,0,15,53
7108,38,3,35,218,0,38,398
9901397,19,2,17,54,0,19,191
9802294,10,2,8,19,0,10,16
9305279,10,1,9,20,10,0,0
9603408,6,2,4,7,4,2,2
8302,8,2,6,12,0,8,11
9907272,24,1,23,105,0,24,90
9905311,37,4,33,209,0,37,470
101070,16,2,14,47,0,16,84
11094,36,1,35,240,0,36,522
206194,5,2,3,3,0,5,41
107119,42,1,41,470,0,42,84
111298,3,1,2,2,0,3,17
4238,0,0,0,0,0,0,0
109258,2,1,1,1,0,2,2
9909389,1,1,0,0,0,1,29
205247,3,2,1,1,0,3,16
9803290,14,1,13,41,0,14,75
9908369,8,2,6,9,0,8,81
9811215,2,2,0,0,0,2,8
9607401,38,2,36,281,17,21,30
9910205,15,1,14,42,2,13,51
7244,2,2,0,0,2,0,0
204029,7,1,6,9,0,7,82
9306226,6,3,3,5,2,4,10
9704207,101,4,97,1093,0,101,467
9407339,123,2,121,1600,55,68,99
9610364,11,4,7,16,0,11,87
9612292,2,1,1,1,0,2,17
9610449,28,5,23,67,0,28,155
9306220,11,1,10,28,11,0,0
9308274,12,2,10,31,12,0,0
204292,1,1,0,0,0,1,3
9311357,24,1,23,103,5,19,19
9905300,1,1,0,0,0,1,5
9711401,1,1,0,0,0,1,3
9302234,8,5,3,7,4,4,5
203171,1,1,0,0,0,1,7
9712447,6,1,5,10,0,6,28
104259,8,1,7,15,0,8,91
9910209,37,4,33,179,0,37,316
5067,0,0,0,0,0,0,0
9503394,15,3,12,53,15,0,0
9505226,3,3,0,0,3,0,0
9501369,24,2,22,120,12,12,19
7218,3,1,2,2,0,3,19
9912386,0,0,0,0,0,0,0
9512371,2,1,1,1,2,0,0
9611221,2,1,1,1,0,2,7
8316,8,2,6,8,0,8,18
9404343,5,1,4,6,0,5,11
9507307,24,6,18,56,0,24,57
9707420,1,1,0,0,0,1,5
9602421,15,1,14,54,0,15,44
9406231,7,1,6,11,7,0,0
9802416,10,1,9,18,0,10,49
9410281,25,2,23,101,3,22,88
9706287,10,4,6,17,0,10,30
9611217,1,1,0,0,0,1,3
9306322,23,2,21,104,9,14,14
9904245,2,1,1,1,0,2,5
9903353,2,2,0,0,2,0,0
9810468,1,1,0,0,1,0,0
9712459,22,2,20,81,0,22,55
9511464,9,1,8,18,9,0,0
9901406,5,5,0,0,0,5,9
9902313,6,3,3,5,2,4,8
9912426,2,1,1,1,0,2,8
9404349,7,1,6,12,0,7,7
9203222,6,1,5,13,6,0,0
9710392,6,2,4,8,0,6,64
9501298,6,3,3,3,0,6,14
9902352,1,1,0,0,0,1,3
9901213,3,2,1,1,0,3,14
9906538,15,3,12,47,1,14,44
9406268,9,3,6,17,7,2,2
9803268,3,2,1,1,0,3,3
9910555,1,1,0,0,0,1,1
9912261,18,5,13,41,0,18,102
9405298,7,1,6,9,7,0,0
5303,9,4,5,7,0,9,78
9908397,14,3,11,34,0,14,172
102308,10,3,7,17,0,10,55
9812289,4,2,2,2,0,4,9
9704313,2,2,0,0,2,0,0
9304249,2,1,1,1,0,2,2
209306,2,1,1,1,0,2,21
9609517,7,3,4,10,0,7,65
9703316,14,3,11,26,14,0,0
107117,1,1,0,0,0,1,5
109056,13,4,9,16,0,13,78
9708395,15,5,10,27,3,12,19
9604376,11,3,8,23,0,11,82
7012,8,1,7,16,0,8,43
9509281,3,3,0,0,1,2,4
9406249,6,3,3,5,0,6,20
9401227,2,1,1,1,2,0,0
9605432,5,1,4,5,0,5,10
108068,9,2,7,20,1,8,14
9709408,22,1,21,94,22,0,0
9510402,4,3,1,1,1,3,11
9809367,7,1,6,11,0,7,10
9703302,15,4,11,42,0,15,62
9810358,2,1,1,1,2,0,0
9801443,19,5,14,36,0,19,76
9703455,13,2,11,40,0,13,58
9701325,1,1,0,0,0,1,2
9503334,13,1,12,30,0,13,19
9806530,3,2,1,1,0,3,9
9810477,1,1,0,0,0,1,1
9903307,5,3,2,3,1,4,11
5168,1,1,0,0,1,0,0
103300,17,1,16,67,0,17,44
9508324,6,2,4,12,5,1,1
9412305,6,2,4,6,6,0,0
6229,7,3,4,7,0,7,62
9406337,5,3,2,3,5,0,0
9712245,8,4,4,6,0,8,64
9711424,5,1,4,9,1,4,4
212345,2,2,0,0,0,2,7
9910223,2,1,1,1,0,2,17
4197,8,3,5,11,0,8,86
9510246,4,4,0,0,0,4,22
8268,4,2,2,3,0,4,37
9504392,0,0,0,0,0,0,0
9302312,16,2,14,34,0,16,16
9605233,3,1,2,2,0,3,12
9802291,10,2,8,23,0,10,31
9908288,9,2,7,11,2,7,8
9405394,28,2,26,166,6,22,34
9705411,10,3,7,19,0,10,23
9905500,10,1,9,29,0,10,304
9901241,5,2,3,4,0,5,54
9912429,1,1,0,0,0,1,8
9707540,11,3,8,25,0,11,140
9309231,5,2,3,4,0,5,21
5181,13,4,9,25,0,13,40
9511334,4,1,3,6,0,4,18
9707269,5,2,3,4,0,5,25
9906418,4,2,2,2,0,4,30
7191,6,5,1,2,0,6,35
107014,17,2,15,58,0,17,118
9908381,3,1,2,2,1,2,7
9912343,8,2,6,12,1,7,14
107268,9,1,8,26,0,9,75
207186,3,3,0,0,0,3,44
11393,18,2,16,64,1,17,67
110300,11,3,8,21,1,10,28
203237,5,3,2,4,0,5,51
9812389,1,1,0,0,0,1,2
9708319,8,1,7,12,2,6,6
9702374,0,0,0,0,0,0,0
9506473,4,2,2,2,3,1,1
9501221,7,3,4,7,4,3,4
9709307,6,1,5,10,0,6,10
107114,10,2,8,18,0,10,116
9801215,14,1,13,44,2,12,14
9602350,8,2,6,14,8,0,0
8220,6,2,4,10,4,2,2
111245,9,1,8,18,0,9,125
9502352,3,1,2,2,2,1,1
9707467,8,2,6,8,5,3,4
9062,5,3,2,2,0,5,11
112302,11,5,6,20,8,3,3
9908289,7,0,7,17,0,7,51
9512325,4,1,3,5,4,0,0
9403326,4,1,3,5,4,0,0
9908432,1,1,0,0,0,1,6
9801270,4,3,1,1,0,4,19
9809286,2,1,1,1,0,2,2
9503442,16,1,15,76,16,0,0
9811257,0,0,0,0,0,0,0
101113,9,1,8,16,0,9,38
9609418,7,4,3,3,0,7,14
9710514,2,1,1,1,2,0,0
9809466,7,4,3,3,0,7,104
9811365,5,2,3,5,0,5,16
9608483,3,1,2,3,0,3,11
9801444,3,3,0,0,3,0,0
9901445,10,1,9,24,1,9,12
9706537,4,2,2,2,0,4,8
9405347,4,3,1,1,4,0,0
9811302,4,2,2,2,0,4,6
9506311,5,1,4,8,5,0,0
9809513,11,1,10,24,0,11,61
9902318,10,1,9,21,0,10,45
12240,2,1,1,1,0,2,8
9906223,9,4,5,9,4,5,12
9511457,0,0,0,0,0,0,0
9907286,4,2,2,3,2,2,2
9205243,19,2,17,75,19,0,0
9503365,1,1,0,0,1,0,0
203054,1,1,0,0,0,1,1
9604264,1,1,0,0,1,0,0
9311,4,1,3,5,1,3,3
8319,3,2,1,1,0,3,15
9604420,3,2,1,2,2,1,1
4038,4,2,2,4,0,4,7
9412373,6,3,3,8,0,6,53
9803396,8,1,7,12,7,1,1
9512321,10,1,9,16,1,9,18
8105,10,5,5,10,0,10,48
9706480,3,1,2,2,3,0,0
5208,5,3,2,3,0,5,19
9509236,6,1,5,9,6,0,0
109221,3,2,1,1,0,3,16
9308359,5,3,2,3,5,0,0
9801323,2,1,1,1,0,2,3
9906209,3,3,0,0,0,3,18
9902475,8,3,5,9,0,8,68
6051,2,1,1,1,0,2,4
211251,4,3,1,1,0,4,26
9904483,8,1,7,13,3,5,7
110369,9,6,3,6,1,8,43
9609287,8,2,6,7,1,7,18
9704202,5,2,3,3,0,5,22
12304,3,3,0,0,0,3,42
9412206,14,9,5,10,0,14,73
9511275,7,2,5,9,0,7,44
9907488,6,3,3,4,0,6,20
9310313,25,3,22,147,25,0,0
9805395,5,1,4,6,0,5,17
12040,0,0,0,0,0,0,0
108055,1,1,0,0,0,1,2
110034,11,4,7,23,0,11,37
9811488,2,1,1,1,2,0,0
9406217,1,1,0,0,1,0,0
209244,0,0,0,0,0,0,0
9703325,1,1,0,0,0,1,1
9706510,1,1,0,0,1,0,0
9803426,12,4,8,27,0,12,49
9410217,1,1,0,0,1,0,0
9301261,8,4,4,6,8,0,0
9207266,9,3,6,10,9,0,0
9807394,1,1,0,0,1,0,0
9811339,1,1,0,0,0,1,4
9606432,2,1,1,1,0,2,2
9612223,5,2,3,3,1,4,6
9609448,14,6,8,19,14,0,0
9905412,6,1,5,7,1,5,5
9603318,3,2,1,1,0,3,5
205148,3,1,2,2,0,3,6
5223,4,4,0,0,0,4,23
9910334,7,2,5,9,0,7,13
9806265,1,1,0,0,0,1,1
9306267,4,3,1,1,4,0,0
111318,2,1,1,1,0,2,33
9408291,4,4,0,0,4,0,0
9906423,13,11,2,2,2,11,11
9512318,1,1,0,0,0,1,1
9909212,12,6,6,13,0,12,154
12381,6,1,5,5,0,6,46
103052,7,2,5,6,0,7,34
9710560,3,2,1,1,0,3,8
9903364,16,1,15,68,3,13,22
9510289,12,1,11,26,12,0,0
1112,6,1,5,11,0,6,6
109161,3,2,1,1,0,3,13
204273,1,1,0,0,0,1,6
201129,1,1,0,0,0,1,6
1189,8,1,7,21,2,6,8
111070,0,0,0,0,0,0,0
9410234,3,3,0,0,3,0,0
4040,4,2,2,2,4,0,0
9703201,14,5,9,22,2,12,23
211359,0,0,0,0,0,0,0
3291,3,3,0,0,0,3,4
112189,6,1,5,9,1,5,14
9711379,2,2,0,0,2,0,0
108030,4,4,0,0,0,4,19
9301203,4,2,2,2,4,0,0
9610235,1,1,0,0,0,1,2
107142,10,2,8,34,0,10,179
9506285,1,1,0,0,0,1,1
9704277,9,1,8,27,9,0,0
9308222,5,2,3,4,5,0,0
9701245,1,1,0,0,0,1,2
9704419,2,1,1,1,2,0,0
9812370,2,1,1,1,0,2,12
9710402,7,2,5,15,7,0,0
9612354,1,1,0,0,0,1,1
205020,1,1,0,0,0,1,1
9810206,3,2,1,1,0,3,20
9211231,5,2,3,6,5,0,0
101131,2,1,1,1,2,0,0
110275,6,2,4,6,0,6,115
202054,2,2,0,0,0,2,24
111258,2,2,0,0,0,2,10
9901446,4,2,2,2,0,4,16
9806221,5,2,3,6,1,4,4
9501257,5,1,4,10,2,3,5
210192,2,2,0,0,0,2,6
9909206,2,2,0,0,0,2,17
102235,1,1,0,0,0,1,5
11314,13,3,10,35,0,13,142
9602285,2,1,1,1,2,0,0
10091,0,0,0,0,0,0,0
11209,3,1,2,2,1,2,5
7198,10,6,4,4,10,0,0
9711373,2,1,1,1,0,2,7
1307,9,2,7,19,0,9,52
9701296,9,2,7,11,1,8,14
11275,7,3,4,9,0,7,42
9403244,8,1,7,11,8,0,0
201251,1,1,0,0,0,1,3
9910543,1,1,0,0,0,1,6
205265,1,1,0,0,0,1,12
9804445,5,2,3,4,0,5,34
9805246,0,0,0,0,0,0,0
9159,2,1,1,1,2,0,0
9606318,4,1,3,5,4,0,0
9310344,4,2,2,3,4,0,0
9905480,8,1,7,17,0,8,58
9901323,12,1,11,45,0,12,21
9907497,3,1,2,3,1,2,3
9810547,1,1,0,0,1,0,0
102130,1,1,0,0,0,1,1
9310327,8,8,0,0,1,7,7
9909383,2,2,0,0,2,0,0
9711458,4,3,1,1,4,0,0
110028,2,2,0,0,0,2,4
9908233,1,1,0,0,1,0,0
9701235,3,3,0,0,3,0,0
207211,1,1,0,0,0,1,2
9603321,0,0,0,0,0,0,0
205334,3,3,0,0,0,3,28
9810292,4,3,1,1,0,4,90
9503295,10,3,7,19,10,0,0
9909307,4,2,2,3,0,4,29
9610455,1,1,0,0,0,1,13
9703241,16,4,12,45,0,16,50
9605240,6,2,4,5,0,6,6
9811260,5,2,3,3,0,5,30
9308338,7,4,3,7,7,0,0
9510310,1,1,0,0,1,0,0
9603223,1,1,0,0,0,1,1
9612262,1,1,0,0,0,1,11
107099,10,1,9,20,4,6,35
108220,2,2,0,0,0,2,6
105104,5,3,2,3,0,5,24
9609472,6,2,4,8,0,6,24
9812328,8,3,5,13,2,6,6
9711398,10,1,9,25,2,8,10
211021,3,1,2,2,0,3,56
101122,2,2,0,0,0,2,5
9212208,5,3,2,3,5,0,0
9709252,2,1,1,1,0,2,4
204353,3,2,1,1,0,3,7
9503395,0,0,0,0,0,0,0
9401319,9,4,5,8,9,0,0
9812283,7,1,6,17,0,7,23
110263,3,1,2,3,0,3,11
9912336,10,1,9,26,0,10,63
9804222,2,1,1,1,0,2,2
9711478,5,3,2,5,0,5,9
202178,6,1,5,8,0,6,55
9807302,4,3,1,1,1,3,5
3055,15,2,13,63,2,13,22
1239,6,1,5,11,0,6,26
9807331,3,3,0,0,0,3,7
9905450,3,1,2,2,0,3,24
9403231,3,1,2,3,3,0,0
209058,0,0,0,0,0,0,0
9606472,2,2,0,0,0,2,14
206027,2,1,1,1,0,2,6
9602272,16,3,13,78,0,16,33
9702369,0,0,0,0,0,0,0
10137,0,0,0,0,0,0,0
9608363,2,2,0,0,1,1,1
104283,10,2,8,11,0,10,60
8038,3,3,0,0,0,3,5
9804375,7,3,4,9,5,2,2
9811259,9,1,8,23,0,9,30
9812384,4,1,3,3,4,0,0
9709320,8,3,5,8,1,7,7
9607230,1,1,0,0,0,1,3
9612310,1,1,0,0,0,1,2
9503457,0,0,0,0,0,0,0
9701332,1,1,0,0,0,1,2
9905455,1,1,0,0,0,1,1
7332,6,2,4,6,0,6,25
9903524,6,1,5,7,4,2,2
9701378,2,1,1,1,0,2,12
9802273,5,1,4,8,0,5,14
10134,3,1,2,2,1,2,3
9701402,0,0,0,0,0,0,0
9809356,1,1,0,0,0,1,1
112125,7,2,5,10,0,7,29
9811243,1,1,0,0,0,1,3
9907518,2,2,0,0,0,2,2
9505328,6,2,4,6,1,5,5
9606248,0,0,0,0,0,0,0
11324,1,1,0,0,0,1,2
8312,4,2,2,2,4,0,0
204008,2,1,1,1,1,1,1
9705439,7,3,4,8,2,5,5
9710263,1,1,0,0,0,1,1
9404226,3,3,0,0,3,0,0
9611248,1,1,0,0,0,1,11
9907511,3,1,2,3,0,3,10
1098,5,2,3,6,0,5,22
10246,3,1,2,3,0,3,5
9710507,1,1,0,0,0,1,2
104008,2,2,0,0,0,2,2
9707443,0,0,0,0,0,0,0
6110,5,2,3,4,0,5,7
9709279,0,0,0,0,0,0,0
9606396,1,1,0,0,0,1,3
9507257,0,0,0,0,0,0,0
9501373,1,1,0,0,1,0,0
9901447,1,1,0,0,1,0,0
102060,0,0,0,0,0,0,0
9803459,5,3,2,3,0,5,5
7242,1,1,0,0,0,1,1
105330,3,1,2,2,0,3,6
9407255,1,1,0,0,1,0,0
9710405,1,1,0,0,1,0,0
9512445,6,1,5,9,6,0,0
9412393,6,2,4,7,6,0,0
210127,2,2,0,0,0,2,22
9906207,2,2,0,0,0,2,8
9607351,2,2,0,0,0,2,5
9903345,6,3,3,6,2,4,4
9812222,3,1,2,3,3,0,0
9341,5,1,4,7,5,0,0
9511366,1,1,0,0,1,0,0
9908298,1,1,0,0,0,1,1
5219,3,1,2,3,0,3,5
6259,0,0,0,0,0,0,0
211195,1,1,0,0,0,1,2
9607388,4,4,0,0,0,4,5
9506474,3,1,2,2,3,0,0
103038,0,0,0,0,0,0,0
202049,1,1,0,0,1,0,0
9611357,8,2,6,15,0,8,54
9311368,6,2,4,6,6,0,0
9711265,0,0,0,0,0,0,0
10207,12,2,10,27,0,12,49
2068,0,0,0,0,0,0,0
7172,13,3,10,39,2,11,43
201201,7,3,4,6,0,7,16
205170,3,2,1,1,0,3,6
9405285,2,2,0,0,2,0,0
9809362,0,0,0,0,0,0,0
103079,0,0,0,0,0,0,0
9408356,2,2,0,0,2,0,0
9812441,3,2,1,2,0,3,14
9207210,1,1,0,0,1,0,0
9906216,2,1,1,1,0,2,6
9912493,0,0,0,0,0,0,0
211061,0,0,0,0,0,0,0
9401314,2,2,0,0,2,0,0
208057,0,0,0,0,0,0,0
9510249,2,1,1,1,1,1,2
9803203,0,0,0,0,0,0,0
9208217,5,5,0,0,5,0,0
9806389,1,1,0,0,0,1,1
101143,3,1,2,2,0,3,24
111071,0,0,0,0,0,0,0
109034,6,1,5,8,0,6,38
9902448,1,1,0,0,1,0,0
9812417,5,2,3,9,5,0,0
9504210,8,2,6,14,8,0,0
9410224,4,2,2,4,2,2,2
203222,4,1,3,6,0,4,42
9503441,3,1,2,2,3,0,0
111236,2,2,0,0,0,2,4
9612435,4,3,1,1,0,4,10
205227,3,2,1,1,0,3,31
9305209,4,4,0,0,4,0,0
210117,0,0,0,0,0,0,0
9203206,9,9,0,0,9,0,0
202155,5,2,3,3,0,5,47
9512213,2,1,1,1,0,2,4
106096,1,1,0,0,0,1,12
9706341,1,1,0,0,1,0,0
9406325,1,1,0,0,1,0,0
9807334,19,1,18,70,0,19,223
9905377,9,2,7,15,0,9,22
9908261,1,1,0,0,0,1,3
9311280,1,1,0,0,0,1,1
9601287,2,2,0,0,2,0,0
9804234,12,2,10,25,3,9,9
209062,0,0,0,0,0,0,0
9810529,6,2,4,5,1,5,5
104306,3,1,2,3,0,3,3
9802390,0,0,0,0,0,0,0
9907465,2,2,0,0,0,2,10
9609409,1,1,0,0,0,1,2
9910269,0,0,0,0,0,0,0
9511412,1,1,0,0,0,1,3
9701363,2,2,0,0,0,2,2
9906499,1,1,0,0,0,1,3
101052,0,0,0,0,0,0,0
9908256,1,1,0,0,0,1,1
212283,2,1,1,1,0,2,10
9410352,3,2,1,1,3,0,0
9910235,3,2,1,1,3,0,0
209057,0,0,0,0,0,0,0
204044,3,2,1,1,0,3,60
104183,3,2,1,2,0,3,7
9702303,1,1,0,0,0,1,1
101179,0,0,0,0,0,0,0
109248,2,2,0,0,0,2,7
9501248,0,0,0,0,0,0,0
9812464,3,2,1,2,3,0,0
9812356,0,0,0,0,0,0,0
9304269,3,1,2,2,3,0,0
202213,1,1,0,0,0,1,2
205099,0,0,0,0,0,0,0
111167,1,1,0,0,0,1,1
9711495,0,0,0,0,0,0,0
9912209,0,0,0,0,0,0,0
9605331,0,0,0,0,0,0,0
111196,3,1,2,2,0,3,10
9810378,0,0,0,0,0,0,0
9508263,4,4,0,0,0,4,7
3104,0,0,0,0,0,0,0
9601379,7,1,6,12,3,4,4
1149,3,2,1,1,2,1,1
9609354,0,0,0,0,0,0,0
9707441,0,0,0,0,0,0,0
9507276,3,1,2,3,3,0,0
9910447,1,1,0,0,0,1,1
102100,0,0,0,0,0,0,0
201266,0,0,0,0,0,0,0
9505443,2,2,0,0,2,0,0
9901356,1,1,0,0,1,0,0
7301,3,1,2,2,0,3,5
211227,0,0,0,0,0,0,0
101292,5,1,4,7,0,5,11
108142,0,0,0,0,0,0,0
9608418,0,0,0,0,0,0,0
111296,2,1,1,1,0,2,4
9405403,1,1,0,0,0,1,2
3024,1,1,0,0,1,0,0
211430,1,1,0,0,0,1,4
9909449,0,0,0,0,0,0,0
9902382,1,1,0,0,0,1,2
9503230,0,0,0,0,0,0,0
106221,9,6,3,4,0,9,49
9807419,0,0,0,0,0,0,0
9907455,3,3,0,0,0,3,9
9406305,2,2,0,0,0,2,2
9708320,3,2,1,2,3,0,0
9805450,0,0,0,0,0,0,0
9806474,0,0,0,0,0,0,0
9412280,2,1,1,1,0,2,4
207085,1,1,0,0,0,1,2
107249,0,0,0,0,0,0,0
9409257,2,2,0,0,2,0,0
9803418,2,2,0,0,2,0,0
9809442,4,1,3,4,2,2,2
201107,0,0,0,0,0,0,0
2109,1,1,0,0,0,1,3
9408321,1,1,0,0,1,0,0
9512271,3,1,2,2,0,3,3
9404317,0,0,0,0,0,0,0
12211,0,0,0,0,0,0,0
12131,1,1,0,0,0,1,5
9408394,1,1,0,0,0,1,1
7264,0,0,0,0,0,0,0
211025,0,0,0,0,0,0,0
9602298,1,1,0,0,0,1,2
302085,0,0,0,0,0,0,0
9808347,1,1,0,0,0,1,1
209095,0,0,0,0,0,0,0
9309245,1,1,0,0,0,1,1
9811222,2,2,0,0,0,2,5
206084,0,0,0,0,0,0,0
206166,2,2,0,0,0,2,7
206177,1,1,0,0,0,1,3
105007,0,0,0,0,0,0,0
9409306,0,0,0,0,0,0,0
206199,0,0,0,0,0,0,0
9307372,2,2,0,0,2,0,0
9805482,2,2,0,0,0,2,10
9307296,2,1,1,1,2,0,0
9306286,0,0,0,0,0,0,0
212231,0,0,0,0,0,0,0
210382,0,0,0,0,0,0,0
9702241,0,0,0,0,0,0,0
9152,1,1,0,0,0,1,1
9708307,0,0,0,0,0,0,0
9505249,1,1,0,0,1,0,0
208265,1,1,0,0,0,1,1
107091,1,1,0,0,0,1,1
1061,1,1,0,0,0,1,1
9503385,2,2,0,0,1,1,1
9606371,1,1,0,0,0,1,1
202204,4,2,2,2,0,4,32
9207262,1,1,0,0,1,0,0
9301208,2,2,0,0,2,0,0
9403263,1,1,0,0,1,0,0
211257,1,1,0,0,0,1,13
9812509,2,2,0,0,1,1,1
9406402,3,2,1,1,0,3,3
9605311,1,1,0,0,0,1,1
9210266,2,2,0,0,2,0,0
12256,1,1,0,0,0,1,2
9312339,4,1,3,3,4,0,0
110197,1,1,0,0,0,1,1
109092,0,0,0,0,0,0,0
9309322,1,1,0,0,1,0,0
107147,6,2,4,6,0,6,70
9503469,0,0,0,0,0,0,0
110077,1,1,0,0,0,1,4
207112,0,0,0,0,0,0,0
9604422,0,0,0,0,0,0,0
106144,0,0,0,0,0,0,0
104019,5,4,1,1,1,4,4
9603284,4,2,2,3,4,0,0
211011,2,2,0,0,0,2,11
212324,1,1,0,0,0,1,5
102079,0,0,0,0,0,0,0
206240,0,0,0,0,0,0,0
9908448,1,1,0,0,0,1,1
6004,1,1,0,0,0,1,1
9604400,1,1,0,0,1,0,0
103314,6,4,2,2,6,0,0
9701316,0,0,0,0,0,0,0
204220,0,0,0,0,0,0,0
4065,0,0,0,0,0,0,0
9702221,1,1,0,0,0,1,2
9805414,0,0,0,0,0,0,0
9207252,1,1,0,0,1,0,0
211393,1,1,0,0,0,1,2
204271,0,0,0,0,0,0,0
101094,0,0,0,0,0,0,0
9907299,2,2,0,0,0,2,7
211284,0,0,0,0,0,0,0
9507330,1,1,0,0,1,0,0
9712258,2,2,0,0,0,2,6
9906427,0,0,0,0,0,0,0
9909355,5,1,4,10,1,4,11
212117,3,2,1,1,0,3,6
108257,2,2,0,0,2,0,0
9708281,2,2,0,0,1,1,1
9711358,3,3,0,0,3,0,0
9802247,1,1,0,0,0,1,4
9406377,2,1,1,1,0,2,2
9507209,0,0,0,0,0,0,0
209031,0,0,0,0,0,0,0
9309327,0,0,0,0,0,0,0
9904365,1,1,0,0,0,1,2
9808462,1,1,0,0,1,0,0
4252,1,1,0,0,1,0,0
9807388,1,1,0,0,0,1,3
11004,0,0,0,0,0,0,0
9602420,1,1,0,0,1,0,0
101130,0,0,0,0,0,0,0
209161,2,1,1,1,0,2,2
107166,1,1,0,0,0,1,3
9908439,1,1,0,0,1,0,0
6066,2,2,0,0,2,0,0
9709328,2,1,1,1,2,0,0
104003,0,0,0,0,0,0,0
9805322,1,1,0,0,1,0,0
9705299,1,1,0,0,0,1,1
6310,1,1,0,0,1,0,0
9612375,2,2,0,0,0,2,2
9704302,0,0,0,0,0,0,0
302163,0,0,0,0,0,0,0
9607299,0,0,0,0,0,0,0
101247,0,0,0,0,0,0,0
206251,0,0,0,0,0,0,0
9811422,1,1,0,0,1,0,0
110381,2,1,1,1,1,1,1
9709425,2,2,0,0,2,0,0
7287,0,0,0,0,0,0,0
9905211,0,0,0,0,0,0,0
9905213,0,0,0,0,0,0,0
9312232,1,1,0,0,1,0,0
206049,0,0,0,0,0,0,0
201093,0,0,0,0,0,0,0
210447,1,1,0,0,0,1,10
7138,0,0,0,0,0,0,0
302104,1,1,0,0,0,1,5
9905217,0,0,0,0,0,0,0
206215,2,1,1,1,1,1,2
9608448,3,1,2,2,3,0,0
9902333,0,0,0,0,0,0,0
210303,2,1,1,1,0,2,4
301267,0,0,0,0,0,0,0
109055,0,0,0,0,0,0,0
205200,0,0,0,0,0,0,0
9506212,1,1,0,0,1,0,0
9707417,0,0,0,0,0,0,0
102040,0,0,0,0,0,0,0
9801328,0,0,0,0,0,0,0
211006,0,0,0,0,0,0,0
9406225,0,0,0,0,0,0,0
1024,1,1,0,0,0,1,4
9509300,0,0,0,0,0,0,0
104187,4,1,3,4,0,4,10
9704407,0,0,0,0,0,0,0
9909270,1,1,0,0,0,1,4
205183,2,1,1,1,0,2,4
212024,0,0,0,0,0,0,0
9609254,1,1,0,0,1,0,0
12180,0,0,0,0,0,0,0
9502411,1,1,0,0,0,1,1
9904302,0,0,0,0,0,0,0
9806269,1,1,0,0,0,1,2
9709278,3,1,2,3,0,3,6
208097,0,0,0,0,0,0,0
9706414,0,0,0,0,0,0,0
9806538,1,1,0,0,1,0,0
10266,1,1,0,0,1,0,0
9601281,0,0,0,0,0,0,0
301146,0,0,0,0,0,0,0
9605369,1,1,0,0,0,1,2
9910443,1,1,0,0,1,0,0
7140,0,0,0,0,0,0,0
202146,0,0,0,0,0,0,0
9812214,0,0,0,0,0,0,0
9809586,0,0,0,0,0,0,0
5102,0,0,0,0,0,0,0
9312205,4,2,2,3,4,0,0
9907568,0,0,0,0,0,0,0
109198,2,2,0,0,1,1,1
9506244,0,0,0,0,0,0,0
104229,0,0,0,0,0,0,0
9604361,0,0,0,0,0,0,0
302032,0,0,0,0,0,0,0
302097,0,0,0,0,0,0,0
9910493,3,1,2,2,0,3,3
208138,0,0,0,0,0,0,0
9908421,0,0,0,0,0,0,0
209371,0,0,0,0,0,0,0
11256,0,0,0,0,0,0,0
9803207,0,0,0,0,0,0,0
9409223,2,2,0,0,2,0,0
9909394,0,0,0,0,0,0,0
202168,0,0,0,0,0,0,0
212350,1,1,0,0,0,1,5
9904451,1,1,0,0,0,1,2
212241,0,0,0,0,0,0,0
211348,0,0,0,0,0,0,0
212004,3,1,2,3,0,3,3
209270,1,1,0,0,0,1,3
112282,2,1,1,1,2,0,0
104002,2,1,1,1,0,2,10
110228,0,0,0,0,0,0,0
105232,1,1,0,0,0,1,1
9808331,0,0,0,0,0,0,0
9710240,2,2,0,0,0,2,2
9905360,1,1,0,0,1,0,0
10258,0,0,0,0,0,0,0
9901372,0,0,0,0,0,0,0
9506221,0,0,0,0,0,0,0
302201,0,0,0,0,0,0,0
108143,0,0,0,0,0,0,0
9409383,0,0,0,0,0,0,0
105223,0,0,0,0,0,0,0
9304284,0,0,0,0,0,0,0
9902459,0,0,0,0,0,0,0
206243,1,1,0,0,0,1,6
9708270,2,1,1,1,2,0,0
106252,0,0,0,0,0,0,0
9910258,0,0,0,0,0,0,0
9912224,0,0,0,0,0,0,0
9505286,1,1,0,0,1,0,0
9802246,1,1,0,0,1,0,0
9505342,0,0,0,0,0,0,0
6163,2,2,0,0,2,0,0
111062,0,0,0,0,0,0,0
101028,0,0,0,0,0,0,0
9312328,3,2,1,2,3,0,0
105240,0,0,0,0,0,0,0
110293,4,2,2,5,0,4,17
301120,0,0,0,0,0,0,0
9604299,1,1,0,0,0,1,1
3095,1,1,0,0,0,1,2
9912237,0,0,0,0,0,0,0
204096,0,0,0,0,0,0,0
1082,0,0,0,0,0,0,0
9903347,0,0,0,0,0,0,0
212383,0,0,0,0,0,0,0
1068,0,0,0,0,0,0,0
2197,2,2,0,0,0,2,4
9609228,1,1,0,0,0,1,1
9911229,0,0,0,0,0,0,0
9607340,1,1,0,0,1,0,0
9228,0,0,0,0,0,0,0
9607223,0,0,0,0,0,0,0
3276,0,0,0,0,0,0,0
9907323,0,0,0,0,0,0,0
9612257,1,1,0,0,1,0,0
9511235,0,0,0,0,0,0,0
105112,0,0,0,0,0,0,0
301104,0,0,0,0,0,0,0
102143,1,1,0,0,1,0,0
9609224,0,0,0,0,0,0,0
9604450,1,1,0,0,0,1,1
109141,1,1,0,0,0,1,2
103319,0,0,0,0,0,0,0
208035,1,1,0,0,0,1,5
211063,1,1,0,0,1,0,0
9807296,0,0,0,0,0,0,0
9908379,0,0,0,0,0,0,0
210088,0,0,0,0,0,0,0
9909216,2,1,1,1,2,0,0
9912213,0,0,0,0,0,0,0
212376,0,0,0,0,0,0,0
9904241,0,0,0,0,0,0,0
9906309,0,0,0,0,0,0,0
9812224,2,2,0,0,2,0,0
9312331,0,0,0,0,0,0,0
9807539,0,0,0,0,0,0,0
206031,0,0,0,0,0,0,0
205324,0,0,0,0,0,0,0
110118,0,0,0,0,0,0,0
9503490,0,0,0,0,0,0,0
110128,0,0,0,0,0,0,0
207034,1,1,0,0,0,1,4
210005,0,0,0,0,0,0,0
9610416,0,0,0,0,0,0,0
207057,0,0,0,0,0,0,0
110336,0,0,0,0,0,0,0
9805236,0,0,0,0,0,0,0
9609349,0,0,0,0,0,0,0
205155,0,0,0,0,0,0,0
209050,1,1,0,0,0,1,14
210051,0,0,0,0,0,0,0
201158,0,0,0,0,0,0,0
207220,0,0,0,0,0,0,0
9802249,0,0,0,0,0,0,0
9912440,0,0,0,0,0,0,0
210366,0,0,0,0,0,0,0
9806498,0,0,0,0,0,0,0
9250,0,0,0,0,0,0,0
9901393,0,0,0,0,0,0,0
109086,0,0,0,0,0,0,0
207292,0,0,0,0,0,0,0
5001,0,0,0,0,0,0,0
212361,1,1,0,0,0,1,2
9710261,1,1,0,0,1,0,0
210081,0,0,0,0,0,0,0
111438,0,0,0,0,0,0,0
111235,0,0,0,0,0,0,0
9712490,0,0,0,0,0,0,0
11170,0,0,0,0,0,0,0
9706353,1,1,0,0,1,0,0
9207211,2,2,0,0,2,0,0
211113,0,0,0,0,0,0,0
204349,0,0,0,0,0,0,0
211372,0,0,0,0,0,0,0
9904299,1,1,0,0,1,0,0
106046,0,0,0,0,0,0,0
209308,0,0,0,0,0,0,0
207068,0,0,0,0,0,0,0
9306249,0,0,0,0,0,0,0
105032,0,0,0,0,0,0,0
203249,0,0,0,0,0,0,0
9806370,0,0,0,0,0,0,0
201192,1,1,0,0,1,0,0
102220,0,0,0,0,0,0,0
9610216,0,0,0,0,0,0,0
9905433,0,0,0,0,0,0,0
105070,0,0,0,0,0,0,0
9406435,0,0,0,0,0,0,0
9909569,0,0,0,0,0,0,0
1125,0,0,0,0,0,0,0
9811435,0,0,0,0,0,0,0
202263,0,0,0,0,0,0,0
9803429,0,0,0,0,0,0,0
9705343,0,0,0,0,0,0,0
9811521,0,0,0,0,0,0,0
9503361,0,0,0,0,0,0,0
112170,0,0,0,0,0,0,0
9808441,0,0,0,0,0,0,0
8172,0,0,0,0,0,0,0
3046,0,0,0,0,0,0,0
11050,0,0,0,0,0,0,0
212281,1,1,0,0,1,0,0
9612218,0,0,0,0,0,0,0
9206265,1,1,0,0,1,0,0
9706539,1,1,0,0,1,0,0
9810502,0,0,0,0,0,0,0
9706398,1,1,0,0,1,0,0
9605421,0,0,0,0,0,0,0
106339,0,0,0,0,0,0,0
9501403,0,0,0,0,0,0,0
9310,0,0,0,0,0,0,0
9605374,0,0,0,0,0,0,0
9505202,0,0,0,0,0,0,0
103176,1,1,0,0,1,0,0
109143,1,1,0,0,0,1,5
209065,0,0,0,0,0,0,0
101164,0,0,0,0,0,0,0
12359,1,1,0,0,1,0,0
9706360,0,0,0,0,0,0,0
104157,0,0,0,0,0,0,0
9606352,0,0,0,0,0,0,0
9710378,0,0,0,0,0,0,0
106032,0,0,0,0,0,0,0
302140,0,0,0,0,0,0,0
105198,0,0,0,0,0,0,0
212327,1,1,0,0,1,0,0
8142,0,0,0,0,0,0,0
9411291,0,0,0,0,0,0,0
9812452,0,0,0,0,0,0,0
9510379,0,0,0,0,0,0,0
9808316,0,0,0,0,0,0,0
9607231,0,0,0,0,0,0,0
9412300,1,1,0,0,1,0,0
9707397,0,0,0,0,0,0,0
9609406,0,0,0,0,0,0,0
211135,0,0,0,0,0,0,0
210020,0,0,0,0,0,0,0
11288,0,0,0,0,0,0,0
9512214,0,0,0,0,0,0,0
302214,0,0,0,0,0,0,0
9912461,0,0,0,0,0,0,0
9304257,71,3,68,857,32,39,39
9507262,23,2,21,150,1,22,48
9409255,19,2,17,97,9,10,10
9704288,0,0,0,0,0,0,0
106344,0,0,0,0,0,0,0
9912458,12,2,10,22,0,12,28
9606233,27,5,22,79,0,27,123
9207258,5,1,4,7,5,0,0
3246,43,4,39,197,0,43,374
9502284,9,1,8,21,9,0,0
9603374,36,3,33,180,7,29,55
9602396,15,1,14,43,0,15,73
9407264,6,4,2,8,0,6,6
9806387,86,3,83,1087,40,46,67
9805238,10,1,9,24,3,7,10
9807235,63,3,60,663,9,54,111
9811252,30,2,28,141,1,29,71
9711400,10,4,6,18,0,10,88
9311307,6,2,4,5,0,6,7
3208,3,1,2,3,0,3,16
9612217,23,7,16,40,0,23,83
9802201,10,1,9,27,10,0,0
9710565,8,2,6,13,0,8,16
9903424,6,2,4,6,0,6,20
9606342,34,1,33,172,5,29,67
9206206,6,4,2,2,6,0,0
9602389,5,1,4,5,0,5,14
9409244,54,2,52,456,9,45,187
9702353,13,1,12,41,0,13,82
2234,40,3,37,227,0,40,556
9404282,73,1,72,766,46,27,43
9605222,17,2,15,61,0,17,60
9703390,9,2,7,19,0,9,111
9912319,4,2,2,2,0,4,4
9708326,14,2,12,42,4,10,10
9706520,21,6,15,55,0,21,171
11179,7,3,4,11,0,7,29
108103,3,3,0,0,3,0,0
9803297,53,1,52,503,37,16,16
6301,0,0,0,0,0,0,0
9408382,26,3,23,125,26,0,0
9806292,99,1,98,1392,0,99,363
9403219,33,3,30,213,0,33,95
9709283,4,3,1,1,0,4,10
9707323,9,3,6,14,2,7,32
9602280,25,1,24,155,0,25,159
9904478,10,1,9,21,4,6,6
9611225,19,1,18,78,19,0,0
9711303,0,0,0,0,0,0,0
1040,18,4,14,52,3,15,61
9507237,11,3,8,19,4,7,21
9802426,14,6,8,26,0,14,32
9807421,39,4,35,194,0,39,324
9410293,15,4,11,44,0,15,79
9402364,54,6,48,325,6,48,106
9903258,4,2,2,2,0,4,15
9406303,19,2,17,61,0,19,31
9509312,18,1,17,86,1,17,38
9804224,16,3,13,42,0,16,58
9904418,2,1,1,1,0,2,15
9907439,2,2,0,0,0,2,5
9906389,2,1,1,1,0,2,28
9704414,8,2,6,13,0,8,29
9906287,22,1,21,102,0,22,92
9801306,15,4,11,21,0,15,72
9907385,46,2,44,585,1,45,45
2123,18,1,17,63,0,18,318
9812287,95,2,93,1350,0,95,505
9912409,34,5,29,140,0,34,501
106110,3,2,1,1,0,3,18
108185,1,1,0,0,0,1,4
109036,3,3,0,0,0,3,10
9211222,9,2,7,25,9,0,0
9811386,7,3,4,12,0,7,42
9807522,19,2,17,62,0,19,105
9704273,38,1,37,250,38,0,0
9706439,8,2,6,11,1,7,19
9403347,8,2,6,12,8,0,0
9404212,18,5,13,51,6,12,18
5151,1,1,0,0,1,0,0
9908450,2,2,0,0,2,0,0
9502315,9,1,8,13,9,0,0
9802304,23,1,22,96,0,23,23
9703299,63,5,58,668,0,63,276
9608487,13,1,12,31,4,9,16
9507228,8,5,3,12,1,7,14
9602265,15,5,10,30,15,0,0
9703220,29,1,28,114,2,27,114
9402270,10,1,9,30,1,9,9
9804283,15,2,13,51,1,14,48
9910420,26,3,23,76,0,26,207
9807326,7,3,4,10,0,7,37
102098,40,4,36,208,0,40,300
9709356,6,2,4,4,0,6,32
102297,25,4,21,138,0,25,125
103048,47,2,45,330,0,47,586
9812229,24,2,22,86,2,22,71
106264,28,3,25,103,0,28,100
11251,27,2,25,131,13,14,21
9505241,5,1,4,8,2,3,22
11241,65,4,61,468,0,65,932
9902324,2,2,0,0,0,2,28
9807349,9,2,7,12,0,9,41
9603423,7,2,5,8,0,7,7
9702417,14,3,11,33,8,6,15
9412327,18,3,15,63,18,0,0
9907520,32,2,30,155,0,32,135
9905415,30,2,28,150,0,30,318
103032,39,5,34,162,0,39,580
12007,17,2,15,59,0,17,155
9905237,20,1,19,105,20,0,0
108060,43,2,41,413,0,43,120
109184,5,2,3,6,0,5,16
1302,4,3,1,2,1,3,3
112236,1,1,0,0,0,1,3
9911252,21,4,17,53,0,21,237
103324,3,1,2,2,0,3,35
9902290,8,2,6,8,0,8,59
204311,2,1,1,1,1,1,2
9904298,4,2,2,2,0,4,21
9610540,65,6,59,569,0,65,297
9712291,15,1,14,52,0,15,26
9412215,19,6,13,48,15,4,4
9706261,18,2,16,65,0,18,89
9401325,5,2,3,4,0,5,12
9712251,27,1,26,123,0,27,221
9410237,25,5,20,83,9,16,22
9612408,10,4,6,10,0,10,87
9507289,5,4,1,1,0,5,14
9512388,35,3,32,130,6,29,101
9310253,15,1,14,52,15,0,0
9704351,9,2,7,13,1,8,30
9302,7,2,5,10,7,0,0
9401254,34,2,32,194,3,31,31
9402227,21,4,17,96,21,0,0
12116,9,3,6,17,0,9,52
9411290,5,2,3,4,0,5,11
9403225,8,4,4,9,8,0,0
9510235,7,3,4,8,1,6,6
108084,11,4,7,12,0,11,159
3032,17,3,14,55,0,17,251
9712352,6,3,3,3,6,0,0
9306253,14,3,11,42,14,0,0
104198,4,2,2,2,0,4,33
9808262,6,4,2,3,0,6,31
4217,1,1,0,0,0,1,4
9403232,5,3,2,3,5,0,0
9610406,2,1,1,1,0,2,2
9705250,6,1,5,11,6,0,0
9907507,4,1,3,6,0,4,11
9501339,12,5,7,15,1,11,51
9507321,13,4,9,25,0,13,75
9707488,3,2,1,1,0,3,20
9602429,17,1,16,64,1,16,43
9503349,5,1,4,6,5,0,0
9610492,6,1,5,12,2,4,5
9410282,33,3,30,142,13,20,29
9406369,9,2,7,22,0,9,49
9210238,6,3,3,3,6,0,0
9409243,28,2,26,139,5,23,33
9505395,1,1,0,0,0,1,1
9906539,11,2,9,22,0,11,36
9712281,1,1,0,0,1,0,0
9802239,21,3,18,55,0,21,58
9603431,14,3,11,31,6,8,8
9802445,18,2,16,31,18,0,0
110278,0,0,0,0,0,0,0
9902427,4,3,1,1,0,4,15
9610293,13,3,10,28,0,13,27
9707392,9,2,7,23,4,5,5
9802381,39,4,35,224,0,39,315
107097,8,2,6,13,0,8,19
9404217,4,3,1,1,0,4,23
9901304,24,1,23,110,0,24,77
9907533,9,3,6,18,1,8,17
9411252,7,3,4,6,0,7,20
9508295,3,2,1,2,0,3,10
6025,2,1,1,1,0,2,4
108114,2,2,0,0,0,2,9
9504340,5,3,2,2,0,5,5
8009,10,2,8,13,1,9,22
9908443,14,2,12,44,0,14,256
108111,0,0,0,0,0,0,0
9809453,20,3,17,45,2,18,44
9602282,1,1,0,0,0,1,2
9205205,11,3,8,12,11,0,0
210031,2,1,1,1,0,2,23
9610506,8,1,7,12,1,7,27
9704214,18,3,15,49,3,15,15
9207273,13,1,12,34,13,0,0
109077,7,3,4,5,0,7,36
9709430,3,2,1,1,0,3,19
9608211,19,7,12,22,0,19,253
6359,6,3,3,6,0,6,26
9312269,4,1,3,5,4,0,0
9406397,4,1,3,5,0,4,14
9712446,0,0,0,0,0,0,0
9410331,7,2,5,14,7,0,0
9901342,0,0,0,0,0,0,0
9710382,10,5,5,11,3,7,7
201031,0,0,0,0,0,0,0
9902234,6,2,4,5,0,6,14
9406382,13,4,9,31,13,0,0
9905277,2,1,1,1,0,2,7
9907495,10,2,8,20,0,10,39
9804462,19,2,17,93,1,18,88
9310211,5,4,1,1,5,0,0
9505267,20,4,16,59,4,16,21
9411384,24,2,22,108,1,23,23
9806511,2,1,1,1,2,0,0
111107,1,1,0,0,0,1,14
9703430,0,0,0,0,0,0,0
11136,5,3,2,4,5,0,0
9705462,5,1,4,6,1,4,4
9703226,4,2,2,3,0,4,8
7066,2,2,0,0,0,2,18
9812275,3,3,0,0,0,3,10
9712249,7,4,3,4,0,7,57
109075,2,1,1,1,2,0,0
207135,5,1,4,8,5,0,0
9605386,3,3,0,0,0,3,10
9912524,8,3,5,19,0,8,107
7299,0,0,0,0,0,0,0
9125,2,2,0,0,0,2,19
9302303,5,2,3,6,5,0,0
9407311,10,4,6,16,0,10,25
9605349,13,2,11,33,0,13,23
9911419,2,1,1,1,0,2,5
9612479,4,2,2,3,4,0,0
9405418,22,2,20,132,6,16,22
9706235,6,2,4,8,0,6,19
7161,0,0,0,0,0,0,0
9803303,0,0,0,0,0,0,0
9604258,0,0,0,0,0,0,0
9608358,10,2,8,17,0,10,53
9404312,4,1,3,3,0,4,40
9160,5,2,3,5,0,5,31
9807503,4,1,3,6,0,4,8
9605286,11,3,8,16,1,10,10
9911207,10,2,8,18,0,10,41
9910252,9,1,8,12,1,8,15
108172,15,2,13,50,0,15,132
112120,1,1,0,0,0,1,3
9812349,13,1,12,41,13,0,0
108003,17,2,15,75,0,17,146
8073,3,2,1,1,0,3,24
103007,4,1,3,5,0,4,39
110303,4,1,3,5,0,4,18
103062,12,2,10,35,12,0,0
9904366,1,1,0,0,0,1,3
9906318,14,4,10,46,1,13,21
9401354,3,3,0,0,3,0,0
9411269,2,1,1,1,2,0,0
9503219,9,5,4,12,1,8,17
9909432,4,4,0,0,0,4,10
108239,7,2,5,6,0,7,75
9804201,17,2,15,67,1,16,36
9906240,0,0,0,0,0,0,0
103287,5,1,4,5,1,4,4
12370,1,1,0,0,0,1,11
9605336,1,1,0,0,0,1,1
9710277,7,3,4,6,0,7,27
11014,8,3,5,7,0,8,12
111385,4,1,3,6,4,0,0
209187,6,3,3,4,0,6,49
9601279,5,1,4,6,2,3,3
9403382,3,1,2,3,3,0,0
202106,1,1,0,0,0,1,4
9709507,6,2,4,7,0,6,87
9911324,1,1,0,0,0,1,2
9612390,15,1,14,61,0,15,15
9705383,2,2,0,0,2,0,0
101347,8,3,5,8,0,8,41
10143,0,0,0,0,0,0,0
9803411,1,1,0,0,0,1,1
9903261,6,3,3,5,0,6,52
9704353,12,3,9,19,0,12,43
9609267,6,2,4,8,0,6,17
9511258,2,1,1,1,0,2,2
9604335,9,1,8,16,9,0,0
9811387,4,1,3,4,0,4,18
9602256,2,1,1,1,0,2,2
9902436,4,2,2,2,0,4,12
9905397,4,2,2,4,0,4,4
9903431,1,1,0,0,0,1,4
9902410,14,4,10,23,0,14,73
9906529,9,1,8,28,7,2,2
9611359,18,2,16,58,18,0,0
9805369,0,0,0,0,0,0,0
9502299,1,1,0,0,1,0,0
9302274,7,2,5,18,0,7,7
9511306,0,0,0,0,0,0,0
206150,2,1,1,1,0,2,2
9401356,3,2,1,1,3,0,0
103080,3,1,2,2,0,3,8
107052,2,1,1,1,0,2,9
9610513,3,1,2,3,0,3,6
9701257,4,1,3,5,4,0,0
9509371,5,2,3,5,0,5,36
9712230,2,1,1,1,2,0,0
1090,5,2,3,8,0,5,19
9205230,12,1,11,36,12,0,0
9712313,0,0,0,0,0,0,0
9807504,8,5,3,6,1,7,12
9512393,5,1,4,6,5,0,0
102071,9,2,7,14,0,9,23
9608486,2,1,1,1,0,2,2
9601230,13,1,12,35,0,13,22
9905486,4,2,2,3,0,4,38
9304294,10,4,6,15,0,10,10
111179,0,0,0,0,0,0,0
107001,20,1,19,105,0,20,38
9707431,6,1,5,13,6,0,0
111341,1,1,0,0,0,1,11
9706348,6,5,1,1,0,6,14
2232,0,0,0,0,0,0,0
9902464,2,1,1,1,0,2,9
9511207,1,1,0,0,0,1,3
9611261,0,0,0,0,0,0,0
211374,0,0,0,0,0,0,0
9407293,15,2,13,67,3,12,12
9810449,3,2,1,2,0,3,19
9910387,3,1,2,2,0,3,15
107309,1,1,0,0,0,1,3
109146,4,1,3,5,0,4,17
12219,3,2,1,1,0,3,10
9810515,0,0,0,0,0,0,0
3270,9,3,6,14,0,9,63
11033,0,0,0,0,0,0,0
9912293,1,1,0,0,0,1,2
9307298,15,1,14,47,15,0,0
9912302,2,2,0,0,0,2,24
211307,0,0,0,0,0,0,0
210118,0,0,0,0,0,0,0
9602422,6,2,4,7,0,6,6
9703413,1,1,0,0,0,1,3
9807286,6,1,5,9,1,5,10
9805304,1,1,0,0,0,1,3
9701366,4,3,1,1,0,4,4
9502286,9,2,7,18,0,9,28
9809343,0,0,0,0,0,0,0
5124,8,5,3,6,0,8,35
9501223,13,1,12,36,6,7,12
9910344,8,2,6,11,0,8,14
9609403,1,1,0,0,0,1,1
9307337,4,3,1,1,4,0,0
9611244,10,1,9,17,1,9,16
9707317,2,1,1,1,0,2,7
9907214,23,10,13,37,0,23,34
2065,4,3,1,2,0,4,8
9805221,0,0,0,0,0,0,0
104120,16,3,13,49,0,16,283
111131,6,4,2,5,0,6,45
9711361,5,4,1,2,5,0,0
9910204,14,1,13,56,0,14,34
9601295,0,0,0,0,0,0,0
1008,1,1,0,0,0,1,1
110283,9,2,7,12,0,9,84
5148,1,1,0,0,0,1,5
8223,2,1,1,1,0,2,17
5152,13,1,12,37,7,6,11
9308229,6,1,5,13,6,0,0
9502223,2,2,0,0,2,0,0
6216,1,1,0,0,0,1,2
212321,1,1,0,0,0,1,6
201305,3,2,1,1,0,3,9
3292,2,1,1,1,2,0,0
5197,9,1,8,27,9,0,0
9909241,0,0,0,0,0,0,0
9605444,14,2,12,45,5,9,20
9702412,10,1,9,17,0,10,39
9706474,0,0,0,0,0,0,0
107256,8,2,6,11,0,8,162
9405365,2,1,1,1,2,0,0
9708305,10,3,7,31,2,8,14
9907393,4,2,2,4,2,2,2
211146,0,0,0,0,0,0,0
9703391,0,0,0,0,0,0,0
9809523,2,2,0,0,0,2,4
9802214,5,1,4,9,5,0,0
9706543,2,1,1,1,0,2,2
112086,0,0,0,0,0,0,0
9908413,8,2,6,13,0,8,45
9211307,7,1,6,14,7,0,0
107156,7,6,1,1,0,7,39
110346,6,3,3,3,0,6,89
107204,2,1,1,1,0,2,27
108065,1,1,0,0,1,0,0
9707432,5,3,2,2,0,5,14
9808231,4,2,2,3,0,4,6
9501360,3,1,2,3,2,1,2
211300,2,2,0,0,0,2,21
9908305,1,1,0,0,0,1,4
9184,0,0,0,0,0,0,0
12136,21,2,19,64,0,21,243
9604215,2,1,1,1,2,0,0
9502359,8,2,6,23,3,5,5
9610270,6,1,5,11,6,0,0
102194,2,2,0,0,0,2,2
9606332,7,3,4,7,0,7,11
5210,13,1,12,35,0,13,132
9703406,7,1,6,11,0,7,42
9409231,0,0,0,0,0,0,0
9511318,6,4,2,4,0,6,6
9906329,0,0,0,0,0,0,0
9610318,0,0,0,0,0,0,0
9605260,1,1,0,0,1,0,0
9905365,1,1,0,0,0,1,6
9412337,3,2,1,1,0,3,3
9508354,6,1,5,7,1,5,5
9702355,3,1,2,2,0,3,6
9502204,4,3,1,1,4,0,0
9906338,5,1,4,9,0,5,55
9909337,10,1,9,36,0,10,102
6295,4,1,3,6,0,4,55
9402348,1,1,0,0,1,0,0
101004,3,2,1,1,3,0,0
9407290,5,5,0,0,0,5,19
7298,13,8,5,10,0,13,116
9807274,0,0,0,0,0,0,0
111387,0,0,0,0,0,0,0
108100,10,4,6,14,0,10,35
9701249,2,2,0,0,2,0,0
103348,2,1,1,1,2,0,0
9311379,3,3,0,0,1,2,2
205165,4,3,1,1,0,4,34
9711211,6,1,5,6,0,6,23
9511357,5,2,3,8,0,5,5
9412239,1,1,0,0,0,1,5
106087,0,0,0,0,0,0,0
9706328,1,1,0,0,0,1,8
9902349,0,0,0,0,0,0,0
9709240,0,0,0,0,0,0,0
204344,0,0,0,0,0,0,0
9411251,2,2,0,0,2,0,0
9411288,3,3,0,0,1,2,2
9606324,2,2,0,0,0,2,28
9912446,5,2,3,6,1,4,4
9901378,0,0,0,0,0,0,0
9901415,10,1,9,21,6,4,4
1254,0,0,0,0,0,0,0
301062,0,0,0,0,0,0,0
9804221,14,1,13,40,9,5,8
9805239,2,1,1,1,0,2,6
9904422,3,1,2,2,0,3,11
9804236,1,1,0,0,1,0,0
9809319,2,1,1,1,0,2,4
205027,0,0,0,0,0,0,0
9307302,3,2,1,1,3,0,0
206009,1,1,0,0,0,1,7
9904201,7,1,6,14,1,6,29
8079,9,1,8,24,4,5,5
9405314,0,0,0,0,0,0,0
9809262,4,2,2,2,0,4,14
9903396,9,2,7,16,1,8,35
202191,11,4,7,10,0,11,172
9708435,3,1,2,2,3,0,0
3219,26,4,22,128,2,24,178
3201,10,2,8,21,0,10,33
9211211,14,5,9,22,14,0,0
9407209,1,1,0,0,0,1,5
9602356,5,3,2,3,3,2,2
101150,4,2,2,2,0,4,12
9902378,1,1,0,0,0,1,1
111398,2,1,1,1,2,0,0
9612204,4,1,3,5,0,4,9
9403218,4,2,2,2,4,0,0
8236,3,3,0,0,0,3,29
9507239,1,1,0,0,1,0,0
109186,8,4,4,4,0,8,37
108241,0,0,0,0,0,0,0
9803216,5,1,4,6,5,0,0
9907225,5,2,3,4,0,5,21
103040,0,0,0,0,0,0,0
9903350,3,2,1,1,0,3,5
9612416,1,1,0,0,0,1,1
9507411,0,0,0,0,0,0,0
111336,4,2,2,3,2,2,4
9701329,3,2,1,2,3,0,0
9408338,1,1,0,0,0,1,1
9147,4,4,0,0,0,4,36
9807482,4,2,2,3,4,0,0
9905339,12,5,7,17,0,12,108
9602419,12,1,11,35,12,0,0
205019,2,2,0,0,0,2,4
9609319,1,1,0,0,1,0,0
9506388,2,2,0,0,2,0,0
112160,6,3,3,4,0,6,39
9809452,1,1,0,0,0,1,3
9909215,1,1,0,0,1,0,0
9506422,5,3,2,2,5,0,0
202154,2,1,1,1,0,2,25
5060,4,2,2,2,0,4,10
104036,2,2,0,0,0,2,6
204118,2,1,1,1,1,1,1
11111,1,1,0,0,0,1,6
9606375,3,1,2,2,3,0,0
7194,0,0,0,0,0,0,0
12337,0,0,0,0,0,0,0
206290,4,3,1,1,0,4,18
207236,7,1,6,15,0,7,64
10247,4,1,3,5,0,4,10
9602240,2,2,0,0,0,2,7
9502238,8,3,5,12,1,7,10
9611451,2,1,1,1,0,2,12
12135,4,3,1,1,0,4,10
9703421,1,1,0,0,1,0,0
9605403,0,0,0,0,0,0,0
9411310,3,3,0,0,3,0,0
9704354,0,0,0,0,0,0,0
9408261,7,2,5,6,7,0,0
101334,3,2,1,1,0,3,19
9803370,0,0,0,0,0,0,0
9910308,3,1,2,3,2,1,1
110326,1,1,0,0,0,1,13
9608357,0,0,0,0,0,0,0
10125,0,0,0,0,0,0,0
9412254,7,1,6,6,7,0,0
9511462,4,2,2,2,0,4,7
9511309,1,1,0,0,0,1,1
9612323,6,1,5,11,6,0,0
1256,3,1,2,2,0,3,21
9903348,2,1,1,1,0,2,2
9807569,0,0,0,0,0,0,0
103263,1,1,0,0,0,1,4
209081,0,0,0,0,0,0,0
9607429,2,1,1,1,1,1,1
9806207,4,1,3,4,4,0,0
9905205,5,1,4,7,1,4,4
105279,6,2,4,5,0,6,19
201309,0,0,0,0,0,0,0
201204,1,1,0,0,0,1,5
6050,1,1,0,0,0,1,1
12258,1,1,0,0,1,0,0
9512224,1,1,0,0,0,1,6
9603322,7,5,2,2,3,4,4
9706501,4,3,1,1,0,4,11
9905268,2,2,0,0,0,2,2
9704386,3,3,0,0,3,0,0
105291,11,3,8,24,1,10,27
8231,1,1,0,0,0,1,4
9910233,6,3,3,7,2,4,5
9408241,2,2,0,0,2,0,0
9606410,8,3,5,8,0,8,21
9912394,2,2,0,0,2,0,0
9605203,1,1,0,0,0,1,3
9706250,1,1,0,0,0,1,2
109279,2,2,0,0,0,2,4
11282,0,0,0,0,0,0,0
9607316,0,0,0,0,0,0,0
12091,3,3,0,0,0,3,10
9711336,0,0,0,0,0,0,0
7284,2,2,0,0,2,0,0
9606315,2,2,0,0,0,2,5
104011,0,0,0,0,0,0,0
9907271,4,2,2,3,0,4,17
9705367,3,2,1,1,3,0,0
212124,0,0,0,0,0,0,0
9206244,2,2,0,0,2,0,0
111120,5,2,3,3,0,5,31
101234,0,0,0,0,0,0,0
9146,1,1,0,0,0,1,6
9702372,4,3,1,1,2,2,7
9503483,2,2,0,0,0,2,5
202074,5,2,3,7,1,4,5
9911352,0,0,0,0,0,0,0
11091,5,2,3,6,0,5,22
106180,1,1,0,0,0,1,6
207277,1,1,0,0,0,1,32
104307,1,1,0,0,0,1,4
109110,3,1,2,2,0,3,6
9903366,0,0,0,0,0,0,0
103308,6,1,5,10,0,6,46
108237,1,1,0,0,0,1,1
9912385,5,1,4,10,0,5,39
9911270,0,0,0,0,0,0,0
9906402,5,2,3,4,0,5,5
9808356,14,2,12,42,0,14,180
9610281,2,2,0,0,0,2,2
9912234,4,1,3,4,0,4,18
212316,0,0,0,0,0,0,0
9904452,2,2,0,0,0,2,11
9907567,9,2,7,14,0,9,17
204135,3,1,2,2,2,1,1
110091,2,2,0,0,2,0,0
9908225,5,2,3,7,5,0,0
9706332,1,1,0,0,0,1,13
9812355,2,2,0,0,2,0,0
9903410,3,2,1,1,0,3,6
109053,1,1,0,0,0,1,2
9707361,1,1,0,0,1,0,0
9507415,4,2,2,2,1,3,15
107078,3,3,0,0,0,3,8
8025,3,3,0,0,3,0,0
9902439,2,2,0,0,0,2,2
301057,2,1,1,1,0,2,20
9410384,7,4,3,4,7,0,0
9402247,2,1,1,1,2,0,0
205290,5,1,4,5,0,5,17
207092,3,1,2,2,0,3,19
107115,2,1,1,1,0,2,3
112116,0,0,0,0,0,0,0
7119,1,1,0,0,1,0,0
9911267,1,1,0,0,0,1,1
102305,0,0,0,0,0,0,0
202244,0,0,0,0,0,0,0
9711325,3,2,1,1,1,2,5
102175,0,0,0,0,0,0,0
6150,3,2,1,1,0,3,12
9912372,1,1,0,0,1,0,0
9408303,1,1,0,0,0,1,1
101013,0,0,0,0,0,0,0
9912208,1,1,0,0,1,0,0
9602284,4,4,0,0,4,0,0
202226,1,1,0,0,0,1,7
9807247,2,1,1,1,2,0,0
9701264,0,0,0,0,0,0,0
9807457,3,2,1,1,0,3,3
9503462,5,1,4,9,5,0,0
12016,1,1,0,0,0,1,1
9711242,0,0,0,0,0,0,0
301071,0,0,0,0,0,0,0
9603445,3,1,2,3,0,3,5
9803243,0,0,0,0,0,0,0
7314,4,2,2,3,0,4,13
112088,2,2,0,0,0,2,16
9910272,1,1,0,0,1,0,0
9908211,1,1,0,0,0,1,2
9412362,8,2,6,9,8,0,0
9010,5,3,2,2,1,4,13
9812274,6,1,5,12,0,6,8
8272,1,1,0,0,0,1,3
4106,0,0,0,0,0,0,0
205149,1,1,0,0,0,1,3
9911319,0,0,0,0,0,0,0
9811330,1,1,0,0,0,1,5
301112,1,1,0,0,0,1,2
9506446,0,0,0,0,0,0,0
10098,0,0,0,0,0,0,0
9206222,4,2,2,2,4,0,0
9909269,1,1,0,0,0,1,5
9610484,2,2,0,0,1,1,1
9210,0,0,0,0,0,0,0
7212,2,1,1,1,0,2,4
9810465,0,0,0,0,0,0,0
202014,0,0,0,0,0,0,0
9909256,0,0,0,0,0,0,0
9809580,0,0,0,0,0,0,0
112188,0,0,0,0,0,0,0
106212,1,1,0,0,1,0,0
9609243,1,1,0,0,1,0,0
2088,1,1,0,0,0,1,1
9403265,4,2,2,3,4,0,0
9708328,3,3,0,0,1,2,2
9805203,0,0,0,0,0,0,0
9902425,0,0,0,0,0,0,0
9804372,3,3,0,0,0,3,20
8177,0,0,0,0,0,0,0
9060,1,1,0,0,0,1,2
11231,2,1,1,1,2,0,0
9412358,1,1,0,0,0,1,3
9912412,1,1,0,0,1,0,0
106070,0,0,0,0,0,0,0
9506299,4,2,2,3,1,3,4
206214,1,1,0,0,1,0,0
9811264,2,2,0,0,2,0,0
9710502,1,1,0,0,1,0,0
7312,5,1,4,6,0,5,36
9801348,0,0,0,0,0,0,0
9181,1,1,0,0,0,1,1
209281,0,0,0,0,0,0,0
206026,5,3,2,3,0,5,18
9412216,1,1,0,0,1,0,0
109168,0,0,0,0,0,0,0
209106,0,0,0,0,0,0,0
11377,0,0,0,0,0,0,0
9606253,0,0,0,0,0,0,0
9502275,1,1,0,0,1,0,0
9811419,0,0,0,0,0,0,0
212229,1,1,0,0,1,0,0
202235,2,1,1,1,0,2,3
9607264,0,0,0,0,0,0,0
4019,2,2,0,0,0,2,2
9405372,2,2,0,0,2,0,0
9138,0,0,0,0,0,0,0
209074,3,2,1,1,0,3,47
107208,1,1,0,0,0,1,1
110174,1,1,0,0,0,1,2
11280,0,0,0,0,0,0,0
5010,0,0,0,0,0,0,0
207288,2,2,0,0,0,2,18
9208241,3,1,2,2,3,0,0
212076,1,1,0,0,0,1,6
9403355,1,1,0,0,1,0,0
104213,3,2,1,1,0,3,30
210205,5,4,1,1,0,5,73
9312267,4,1,3,4,4,0,0
107128,2,1,1,1,0,2,8
9135,0,0,0,0,0,0,0
9505336,5,1,4,5,5,0,0
9405387,2,1,1,1,2,0,0
9712549,1,1,0,0,1,0,0
9609439,5,1,4,10,0,5,10
9907277,0,0,0,0,0,0,0
102169,5,1,4,10,0,5,44
9401218,1,1,0,0,1,0,0
104216,1,1,0,0,0,1,2
9708376,0,0,0,0,0,0,0
9511264,0,0,0,0,0,0,0
8026,2,2,0,0,2,0,0
9908419,0,0,0,0,0,0,0
9806225,2,1,1,1,0,2,2
9706521,0,0,0,0,0,0,0
203049,1,1,0,0,0,1,14
1222,1,1,0,0,0,1,1
206018,0,0,0,0,0,0,0
9909237,4,2,2,3,0,4,5
9711462,0,0,0,0,0,0,0
9602204,1,1,0,0,1,0,0
9702396,0,0,0,0,0,0,0
9607422,0,0,0,0,0,0,0
9409205,0,0,0,0,0,0,0
9501347,3,1,2,2,3,0,0
9410396,0,0,0,0,0,0,0
111050,1,1,0,0,1,0,0
9703306,0,0,0,0,0,0,0
9711386,1,1,0,0,0,1,14
9401207,0,0,0,0,0,0,0
9603211,3,1,2,2,2,1,1
110292,0,0,0,0,0,0,0
208264,3,1,2,2,3,0,0
112165,1,1,0,0,1,0,0
209025,0,0,0,0,0,0,0
211029,0,0,0,0,0,0,0
9711374,0,0,0,0,0,0,0
109158,3,1,2,2,1,2,2
9308301,1,1,0,0,1,0,0
9506295,2,1,1,1,2,0,0
9611203,1,1,0,0,0,1,2
9807301,0,0,0,0,0,0,0
9809382,0,0,0,0,0,0,0
9901425,0,0,0,0,0,0,0
9904207,0,0,0,0,0,0,0
9801439,3,2,1,1,2,1,1
9702224,0,0,0,0,0,0,0
9903467,0,0,0,0,0,0,0
103226,1,1,0,0,0,1,3
9806478,1,1,0,0,0,1,2
1323,1,1,0,0,0,1,1
9506234,0,0,0,0,0,0,0
9906201,0,0,0,0,0,0,0
211239,2,1,1,1,2,0,0
9712414,3,1,2,3,3,0,0
106196,0,0,0,0,0,0,0
6074,2,2,0,0,0,2,3
2248,0,0,0,0,0,0,0
9608230,0,0,0,0,0,0,0
9806285,1,1,0,0,1,0,0
211402,0,0,0,0,0,0,0
9905471,0,0,0,0,0,0,0
9607391,0,0,0,0,0,0,0
1193,1,1,0,0,0,1,1
301160,0,0,0,0,0,0,0
101206,0,0,0,0,0,0,0
9404242,1,1,0,0,1,0,0
103333,2,1,1,1,0,2,4
204052,0,0,0,0,0,0,0
208004,1,1,0,0,0,1,4
106151,0,0,0,0,0,0,0
10220,0,0,0,0,0,0,0
9704430,0,0,0,0,0,0,0
9908366,2,1,1,1,0,2,2
9905399,2,1,1,1,0,2,8
111339,1,1,0,0,1,0,0
9709260,0,0,0,0,0,0,0
9508341,0,0,0,0,0,0,0
7072,2,2,0,0,2,0,0
209248,3,2,1,1,0,3,16
9604426,0,0,0,0,0,0,0
301216,0,0,0,0,0,0,0
9510251,2,1,1,1,0,2,2
110233,0,0,0,0,0,0,0
211336,1,1,0,0,0,1,2
111055,0,0,0,0,0,0,0
103225,1,1,0,0,0,1,5
3110,2,1,1,1,2,0,0
10159,1,1,0,0,0,1,3
9606436,2,1,1,1,2,0,0
9901310,1,1,0,0,1,0,0
106138,0,0,0,0,0,0,0
9601330,0,0,0,0,0,0,0
302159,0,0,0,0,0,0,0
9807558,1,1,0,0,0,1,3
9512409,0,0,0,0,0,0,0
9601339,2,2,0,0,0,2,6
212053,0,0,0,0,0,0,0
112209,0,0,0,0,0,0,0
301208,1,1,0,0,0,1,3
9905356,2,2,0,0,2,0,0
9802428,0,0,0,0,0,0,0
9206254,3,3,0,0,3,0,0
9609205,0,0,0,0,0,0,0
9808348,0,0,0,0,0,0,0
11249,0,0,0,0,0,0,0
9804417,2,1,1,1,0,2,7
203230,2,2,0,0,0,2,2
9712419,0,0,0,0,0,0,0
9812217,1,1,0,0,1,0,0
12147,0,0,0,0,0,0,0
9410275,1,1,0,0,1,0,0
208155,1,1,0,0,0,1,2
105249,0,0,0,0,0,0,0
9804466,0,0,0,0,0,0,0
1333,0,0,0,0,0,0,0
9709324,0,0,0,0,0,0,0
9908518,0,0,0,0,0,0,0
102285,0,0,0,0,0,0,0
9310201,0,0,0,0,0,0,0
9611226,1,1,0,0,1,0,0
9704265,0,0,0,0,0,0,0
9806445,0,0,0,0,0,0,0
212093,2,2,0,0,0,2,8
204222,0,0,0,0,0,0,0
9507402,0,0,0,0,0,0,0
9712489,0,0,0,0,0,0,0
212195,0,0,0,0,0,0,0
1223,1,1,0,0,0,1,2
201304,2,2,0,0,0,2,16
9603253,1,1,0,0,1,0,0
211340,0,0,0,0,0,0,0
9811393,3,2,1,1,1,2,2
10048,0,0,0,0,0,0,0
9903379,0,0,0,0,0,0,0
9904255,0,0,0,0,0,0,0
9610263,0,0,0,0,0,0,0
204246,0,0,0,0,0,0,0
9704365,1,1,0,0,1,0,0
201115,0,0,0,0,0,0,0
101075,1,1,0,0,0,1,5
212261,2,1,1,1,0,2,6
211015,1,1,0,0,0,1,1
9610234,0,0,0,0,0,0,0
105059,1,1,0,0,0,1,6
205138,1,1,0,0,0,1,3
9712340,0,0,0,0,0,0,0
102114,0,0,0,0,0,0,0
9208201,3,1,2,2,3,0,0
9607283,0,0,0,0,0,0,0
9706345,0,0,0,0,0,0,0
103134,0,0,0,0,0,0,0
9405281,1,1,0,0,1,0,0
302181,0,0,0,0,0,0,0
9606224,1,1,0,0,0,1,1
206298,0,0,0,0,0,0,0
101189,0,0,0,0,0,0,0
9611290,1,1,0,0,0,1,2
9904239,0,0,0,0,0,0,0
1078,0,0,0,0,0,0,0
207028,0,0,0,0,0,0,0
9903269,0,0,0,0,0,0,0
9270,0,0,0,0,0,0,0
203165,0,0,0,0,0,0,0
210375,0,0,0,0,0,0,0
9806283,0,0,0,0,0,0,0
9901451,0,0,0,0,0,0,0
10057,2,1,1,1,2,0,0
9903314,1,1,0,0,1,0,0
9712204,2,2,0,0,2,0,0
9510240,0,0,0,0,0,0,0
9323,0,0,0,0,0,0,0
111220,2,1,1,1,0,2,16
211345,1,1,0,0,0,1,1
9309285,2,1,1,1,2,0,0
9911285,0,0,0,0,0,0,0
9605216,2,2,0,0,1,1,1
9407232,0,0,0,0,0,0,0
10019,2,2,0,0,1,1,2
9609283,1,1,0,0,1,0,0
9902330,0,0,0,0,0,0,0
9501412,0,0,0,0,0,0,0
102062,0,0,0,0,0,0,0
9606401,1,1,0,0,1,0,0
9907403,0,0,0,0,0,0,0
102232,0,0,0,0,0,0,0
9503345,0,0,0,0,0,0,0
206007,0,0,0,0,0,0,0
9611424,0,0,0,0,0,0,0
9606338,0,0,0,0,0,0,0
109185,0,0,0,0,0,0,0
301278,0,0,0,0,0,0,0
104119,1,1,0,0,1,0,0
11258,0,0,0,0,0,0,0
111380,0,0,0,0,0,0,0
105135,0,0,0,0,0,0,0
206234,0,0,0,0,0,0,0
9812237,0,0,0,0,0,0,0
210168,0,0,0,0,0,0,0
102197,1,1,0,0,0,1,10
204252,0,0,0,0,0,0,0
9903393,0,0,0,0,0,0,0
301226,0,0,0,0,0,0,0
9710490,1,1,0,0,1,0,0
9607393,1,1,0,0,1,0,0
9808352,1,1,0,0,1,0,0
205330,0,0,0,0,0,0,0
9087,0,0,0,0,0,0,0
203127,0,0,0,0,0,0,0
9812243,2,2,0,0,2,0,0
9306278,1,1,0,0,1,0,0
111166,0,0,0,0,0,0,0
9708308,0,0,0,0,0,0,0
301075,0,0,0,0,0,0,0
301073,1,1,0,0,0,1,11
9808237,0,0,0,0,0,0,0
9706458,0,0,0,0,0,0,0
9908472,0,0,0,0,0,0,0
207245,0,0,0,0,0,0,0
9907287,0,0,0,0,0,0,0
9810395,0,0,0,0,0,0,0
5239,0,0,0,0,0,0,0
9507333,0,0,0,0,0,0,0
9910380,0,0,0,0,0,0,0
9808439,0,0,0,0,0,0,0
9810422,0,0,0,0,0,0,0
302077,0,0,0,0,0,0,0
108248,1,1,0,0,0,1,3
10271,0,0,0,0,0,0,0
9611268,0,0,0,0,0,0,0
9708417,0,0,0,0,0,0,0
210298,1,1,0,0,0,1,3
209026,1,1,0,0,0,1,6
9811408,0,0,0,0,0,0,0
12284,0,0,0,0,0,0,0
102115,0,0,0,0,0,0,0
209169,0,0,0,0,0,0,0
105117,0,0,0,0,0,0,0
9908250,0,0,0,0,0,0,0
9712310,1,1,0,0,1,0,0
212041,0,0,0,0,0,0,0
109266,0,0,0,0,0,0,0
203039,0,0,0,0,0,0,0
109031,0,0,0,0,0,0,0
8013,1,1,0,0,1,0,0
107033,0,0,0,0,0,0,0
9510405,0,0,0,0,0,0,0
101069,0,0,0,0,0,0,0
302198,0,0,0,0,0,0,0
205240,0,0,0,0,0,0,0
106039,0,0,0,0,0,0,0
9710365,0,0,0,0,0,0,0
10139,0,0,0,0,0,0,0
9802212,0,0,0,0,0,0,0
212224,0,0,0,0,0,0,0
9707343,0,0,0,0,0,0,0
9910381,0,0,0,0,0,0,0
302270,0,0,0,0,0,0,0
210229,0,0,0,0,0,0,0
212167,0,0,0,0,0,0,0
9603385,0,0,0,0,0,0,0
9601209,0,0,0,0,0,0,0
8297,0,0,0,0,0,0,0
9209230,2,2,0,0,2,0,0
105176,0,0,0,0,0,0,0
208273,0,0,0,0,0,0,0
9809388,1,1,0,0,1,0,0
210340,0,0,0,0,0,0,0
9803317,1,1,0,0,0,1,2
9808210,0,0,0,0,0,0,0
9804260,1,1,0,0,1,0,0
11171,0,0,0,0,0,0,0
9604350,0,0,0,0,0,0,0
9711397,1,1,0,0,1,0,0
212172,0,0,0,0,0,0,0
101050,0,0,0,0,0,0,0
9406415,0,0,0,0,0,0,0
204105,0,0,0,0,0,0,0
9711449,0,0,0,0,0,0,0
9606334,0,0,0,0,0,0,0
207317,0,0,0,0,0,0,0
9412223,1,1,0,0,1,0,0
210208,0,0,0,0,0,0,0
9712264,0,0,0,0,0,0,0
301020,0,0,0,0,0,0,0
9704356,0,0,0,0,0,0,0
9907416,0,0,0,0,0,0,0
9901325,0,0,0,0,0,0,0
9802398,0,0,0,0,0,0,0
9704289,0,0,0,0,0,0,0
9909328,0,0,0,0,0,0,0
212230,0,0,0,0,0,0,0
301069,1,1,0,0,0,1,8
212185,0,0,0,0,0,0,0
9310249,0,0,0,0,0,0,0
9711513,0,0,0,0,0,0,0
301215,0,0,0,0,0,0,0
9601253,0,0,0,0,0,0,0
203026,0,0,0,0,0,0,0
207166,0,0,0,0,0,0,0
208051,0,0,0,0,0,0,0
204053,0,0,0,0,0,0,0
9909450,0,0,0,0,0,0,0
211383,0,0,0,0,0,0,0
210169,0,0,0,0,0,0,0
102244,0,0,0,0,0,0,0
3106,0,0,0,0,0,0,0
301241,0,0,0,0,0,0,0
207060,0,0,0,0,0,0,0
9907292,0,0,0,0,0,0,0
208253,0,0,0,0,0,0,0
9511356,0,0,0,0,0,0,0
9709362,1,1,0,0,1,0,0
101310,1,1,0,0,1,0,0
9404286,0,0,0,0,0,0,0
112038,0,0,0,0,0,0,0
104110,27,4,23,74,0,27,243
104062,7,1,6,14,0,7,27
9502254,14,2,12,31,5,9,21
9304240,23,4,19,71,23,0,0
3294,3,2,1,1,3,0,0
211308,2,1,1,1,0,2,4
9607213,21,2,19,55,0,21,113
9602414,22,2,20,138,2,20,75
10338,20,5,15,30,0,20,310
9403398,16,4,12,35,1,15,47
9611358,5,1,4,7,0,5,24
9304303,23,2,21,97,8,15,20
9504307,6,2,4,10,1,5,5
9806440,39,1,38,331,25,14,14
9805293,9,2,7,13,2,7,11
9706281,41,3,38,305,0,41,150
9811265,20,4,16,64,0,20,80
9311204,25,1,24,152,25,0,0
9711416,2,1,1,1,2,0,0
6331,12,4,8,22,0,12,57
9508276,21,3,18,55,10,11,11
9304241,22,2,20,118,22,0,0
9712278,3,1,2,2,0,3,10
9907435,4,1,3,4,0,4,18
9606423,33,2,31,135,1,32,88
9308365,10,3,7,19,10,0,0
9604343,5,3,2,2,0,5,32
9409290,24,1,23,137,1,23,92
9705356,21,3,18,90,1,20,53
2235,19,4,15,43,0,19,194
9707521,28,1,27,125,1,27,165
9605398,46,1,45,398,0,46,296
9704206,10,3,7,13,0,10,41
11337,3,2,1,1,0,3,31
9802345,5,2,3,5,0,5,19
9811239,15,2,13,44,0,15,190
105003,29,4,25,118,0,29,244
101190,1,1,0,0,1,0,0
9805373,62,3,59,614,8,54,102
9606362,17,1,16,27,15,2,2
9501276,18,3,15,56,18,0,0
9211309,45,1,44,366,45,0,0
9404302,38,4,34,272,2,36,96
9711212,12,5,7,10,0,12,45
9712385,13,3,10,25,0,13,72
9610553,16,3,13,62,0,16,89
9607374,2,2,0,0,0,2,2
9609365,10,2,8,23,1,9,24
9410250,4,3,1,1,4,0,0
4270,5,2,3,7,0,5,8
9507277,7,1,6,8,7,0,0
9811518,5,2,3,4,0,5,17
9809423,32,2,30,163,2,30,105
9602262,22,3,19,67,0,22,208
9405304,40,4,36,211,4,36,89
9405346,14,3,11,32,0,14,76
9412247,3,1,2,3,0,3,9
9607404,18,3,15,72,0,18,53
3326,11,2,9,23,0,11,47
9906257,14,2,12,46,0,14,96
101103,7,5,2,2,0,7,89
9906485,13,3,10,26,0,13,148
9709343,6,1,5,7,1,5,8
9909482,15,4,11,44,0,15,96
9601377,10,1,9,23,0,10,16
9907523,25,2,23,149,4,21,21
2209,42,4,38,210,0,42,755
9812445,43,1,42,400,1,42,119
9605342,13,2,11,29,0,13,78
11273,2,1,1,1,0,2,13
107223,3,3,0,0,0,3,10
109068,3,3,0,0,0,3,4
9311232,22,3,19,83,0,22,52
9303309,47,3,44,446,47,0,0
9809406,29,2,27,195,0,29,183
9707423,42,1,41,296,15,27,38
9707273,13,2,11,28,0,13,59
9406315,11,3,8,19,8,3,3
9404342,12,3,9,24,4,8,14
9712271,19,2,17,71,11,8,31
9908504,34,1,33,169,0,34,408
9502385,13,5,8,15,13,0,0
9803333,28,2,26,120,3,25,41
9703337,46,4,42,362,3,43,182
9610250,4,3,1,1,1,3,8
9510325,21,1,20,98,1,20,20
9602324,7,1,6,18,2,5,5
9805470,31,2,29,142,1,30,148
9601383,1,1,0,0,1,0,0
9805367,28,2,26,108,0,28,153
9908429,18,4,14,63,0,18,170
9808415,16,3,13,41,0,16,99
102181,32,7,25,109,0,32,220
9503479,6,2,4,6,0,6,22
102304,14,2,12,59,0,14,176
103054,24,1,23,121,0,24,230
9812369,12,3,9,19,0,12,73
108108,9,2,7,13,2,7,15
104221,8,1,7,13,2,6,11
9704441,4,3,1,1,0,4,18
105268,16,3,13,52,0,16,190
9903390,15,3,12,35,0,15,94
9809552,5,1,4,5,1,4,12
7142,24,1,23,135,0,24,199
9512432,5,1,4,9,2,3,3
9602320,10,2,8,22,2,8,11
9909558,23,1,22,86,0,23,67
9905577,3,2,1,1,0,3,41
104285,11,2,9,16,0,11,185
101124,26,6,20,81,0,26,384
111160,7,1,6,11,0,7,125
109106,49,2,47,541,1,48,201
9909255,19,3,16,76,0,19,31
9908330,5,2,3,4,5,0,0
111027,1,1,0,0,0,1,10
9912464,7,6,1,1,0,7,28
3086,20,3,17,45,0,20,164
9402266,9,2,7,20,9,0,0
9512415,2,1,1,1,2,0,0
4123,5,2,3,5,0,5,11
9508271,54,3,51,447,7,47,52
9907421,7,3,4,12,1,6,7
9402208,7,2,5,10,7,0,0
9903447,17,4,13,45,0,17,192
9402299,3,2,1,1,0,3,13
9801260,47,3,44,287,0,47,335
9411303,52,3,49,413,12,40,146
9702230,6,1,5,9,0,6,26
108258,3,3,0,0,0,3,9
9605224,19,1,18,63,4,15,67
9401285,15,1,14,37,6,9,9
9412273,5,2,3,4,5,0,0
101311,6,3,3,5,1,5,5
9406203,22,4,18,74,0,22,36
9410406,23,2,21,107,23,0,0
6054,10,1,9,24,0,10,61
9302227,9,3,6,16,9,0,0
9403370,9,3,6,10,4,5,5
9410345,30,2,28,148,30,0,0
109122,4,1,3,3,0,4,49
3107,19,1,18,67,0,19,303
9808434,5,1,4,6,2,3,3
9407206,11,3,8,29,11,0,0
9710270,47,1,46,331,0,47,254
9810270,13,3,10,18,0,13,78
9307235,8,2,6,10,8,0,0
9412261,3,2,1,1,1,2,2
9501305,0,0,0,0,0,0,0
9305266,13,4,9,24,4,9,9
9506338,7,1,6,18,7,0,0
9706379,1,1,0,0,0,1,1
9605395,1,1,0,0,0,1,1
9708302,2,2,0,0,0,2,6
9610269,18,2,16,74,0,18,77
9707393,13,4,9,31,13,0,0
9705290,19,2,17,86,15,4,4
9503296,13,2,11,35,1,12,25
9303251,21,6,15,46,8,13,13
9303303,7,4,3,3,2,5,13
9410357,29,4,25,137,2,27,63
9503316,5,4,1,1,5,0,0
9703267,16,2,14,61,16,0,0
9808498,5,1,4,8,5,0,0
9804376,8,1,7,19,0,8,24
9704205,12,5,7,14,1,11,11
9805219,12,5,7,8,0,12,12
4010,7,3,4,5,0,7,64
9811404,7,2,5,9,0,7,16
9806412,7,4,3,3,1,6,6
9708237,4,1,3,6,4,0,0
9803342,9,1,8,20,0,9,93
106352,6,1,5,13,0,6,11
9407208,0,0,0,0,0,0,0
9903462,13,1,12,44,0,13,90
9411342,5,4,1,1,1,4,7
9501317,7,1,6,11,1,6,18
9409460,4,1,3,4,0,4,8
9411245,4,1,3,5,4,0,0
104150,2,1,1,1,0,2,14
202082,0,0,0,0,0,0,0
9707209,4,2,2,2,0,4,16
9908516,21,1,20,97,0,21,151
1188,3,1,2,3,0,3,10
9809489,6,2,4,5,0,6,25
9308279,5,1,4,5,5,0,0
9710391,1,1,0,0,0,1,2
9511250,8,1,7,24,8,0,0
9709315,3,1,2,2,0,3,10
9704280,21,3,18,69,0,21,205
9308205,13,1,12,25,1,12,12
111140,5,4,1,1,0,5,31
9709484,17,2,15,46,3,14,31
9608392,9,5,4,5,0,9,96
9405380,6,1,5,10,6,0,0
9506265,3,1,2,2,0,3,3
9507323,3,1,2,2,0,3,17
9610517,5,3,2,2,0,5,10
9411435,8,2,6,20,8,0,0
9803328,2,1,1,1,2,0,0
9802409,23,4,19,72,1,22,55
108177,23,3,20,66,0,23,146
2032,5,2,3,4,0,5,23
9601351,4,2,2,3,0,4,9
11336,29,1,28,167,8,21,31
9406263,10,2,8,20,10,0,0
9909244,14,2,12,44,0,14,147
9412374,4,2,2,2,4,0,0
9606468,14,1,13,33,1,13,21
104277,10,3,7,20,1,9,43
4179,2,2,0,0,0,2,2
12360,6,3,3,4,0,6,39
9309210,5,2,3,5,5,0,0
103252,3,1,2,3,0,3,6
9805430,6,2,4,6,2,4,4
9301254,12,3,9,35,12,0,0
9903273,5,2,3,5,0,5,47
9710368,2,2,0,0,0,2,4
9707297,0,0,0,0,0,0,0
9808367,2,1,1,1,2,0,0
209028,4,1,3,4,4,0,0
9405329,6,3,3,5,0,6,6
3059,0,0,0,0,0,0,0
9706472,3,3,0,0,3,0,0
9506359,17,3,14,52,0,17,101
9308204,5,2,3,4,2,3,3
9604338,3,2,1,1,0,3,8
9608297,11,1,10,31,0,11,25
6280,4,2,2,4,1,3,5
9703224,10,2,8,20,0,10,19
9412311,19,2,17,61,6,13,26
2115,0,0,0,0,0,0,0
3259,1,1,0,0,1,0,0
9409302,2,2,0,0,2,0,0
9510212,11,3,8,21,0,11,11
210380,1,1,0,0,0,1,4
9406362,2,1,1,1,0,2,10
103110,6,3,3,5,0,6,22
9702237,12,1,11,39,12,0,0
9508386,17,2,15,56,17,0,0
9511420,12,3,9,12,0,12,39
9606291,0,0,0,0,0,0,0
110001,13,3,10,23,0,13,114
202034,13,5,8,37,0,13,60
9903407,6,1,5,11,0,6,6
108094,6,3,3,7,0,6,69
103284,5,3,2,3,0,5,66
104230,6,1,5,10,0,6,34
111133,7,2,5,8,0,7,35
202143,10,3,7,23,0,10,19
9701299,3,2,1,1,0,3,9
9906476,2,2,0,0,0,2,22
3097,0,0,0,0,0,0,0
9602338,2,2,0,0,0,2,2
9610283,7,2,5,11,0,7,19
9810425,11,1,10,14,9,2,3
110158,9,1,8,19,0,9,191
9805356,22,4,18,79,0,22,47
9211301,16,1,15,62,16,0,0
103289,4,3,1,1,1,3,3
110138,7,4,3,10,0,7,95
9411312,4,3,1,1,4,0,0
9710395,1,1,0,0,0,1,2
9708329,4,2,2,3,4,0,0
203034,8,1,7,14,0,8,44
9909537,1,1,0,0,0,1,1
9211207,1,1,0,0,1,0,0
9409215,16,2,14,43,16,0,0
110124,4,2,2,2,0,4,11
9709291,10,1,9,24,0,10,99
302014,1,1,0,0,1,0,0
9809321,39,1,38,355,39,0,0
9707413,1,1,0,0,0,1,10
9804282,16,2,14,63,16,0,0
9903255,2,1,1,1,1,1,1
9304201,1,1,0,0,1,0,0
9907485,2,1,1,1,0,2,46
9608407,7,2,5,11,1,6,22
9612254,6,2,4,6,0,6,36
9406407,5,3,2,3,5,0,0
9704445,9,2,7,19,4,5,5
9607411,10,1,9,23,0,10,10
9604438,6,3,3,5,0,6,10
9908449,1,1,0,0,0,1,4
9810381,1,1,0,0,0,1,2
9906495,5,3,2,4,1,4,24
9902451,36,4,32,198,0,36,277
9907202,7,1,6,17,0,7,8
9806356,21,2,19,72,0,21,58
9706552,1,1,0,0,1,0,0
110405,6,1,5,9,2,4,8
9405297,4,1,3,6,0,4,19
9303255,10,10,0,0,10,0,0
110129,0,0,0,0,0,0,0
9502287,1,1,0,0,0,1,1
108061,4,2,2,2,0,4,12
9909374,3,1,2,2,0,3,7
9611336,3,2,1,2,0,3,7
9906213,5,1,4,8,5,0,0
9510453,7,2,5,8,0,7,61
9805382,0,0,0,0,0,0,0
9811301,10,1,9,34,4,6,6
9503481,15,1,14,47,9,6,6
9504293,7,1,6,9,1,6,10
111377,0,0,0,0,0,0,0
9802386,3,2,1,1,0,3,19
104271,7,2,5,7,0,7,33
9705229,1,1,0,0,0,1,2
7354,1,1,0,0,0,1,7
10325,7,4,3,6,0,7,132
9310230,5,1,4,7,0,5,10
9904488,5,1,4,5,0,5,28
107002,19,1,18,75,0,19,52
9903553,4,1,3,5,1,3,3
9302233,5,3,2,2,0,5,5
9509285,5,1,4,5,5,0,0
9801331,1,1,0,0,0,1,8
103142,0,0,0,0,0,0,0
9205203,9,3,6,11,9,0,0
9306285,6,1,5,10,3,3,3
111471,2,1,1,1,2,0,0
9411294,11,2,9,43,2,9,9
9810550,5,2,3,6,0,5,30
101291,0,0,0,0,0,0,0
109233,1,1,0,0,0,1,2
9506253,11,1,10,42,0,11,22
8021,3,3,0,0,1,2,3
9709325,6,2,4,11,0,6,15
5162,7,3,4,9,0,7,50
9812516,2,2,0,0,2,0,0
9710222,8,3,5,12,0,8,28
9507445,19,2,17,56,0,19,62
9703452,0,0,0,0,0,0,0
202122,1,1,0,0,0,1,11
101086,8,3,5,9,0,8,47
9509237,8,2,6,14,8,0,0
9612482,1,1,0,0,0,1,3
9411253,9,1,8,20,8,1,1
9407303,8,2,6,17,8,0,0
9702216,22,4,18,37,3,19,30
9712346,3,1,2,3,0,3,33
9704300,2,2,0,0,2,0,0
102089,7,4,3,7,0,7,16
9902218,3,1,2,3,0,3,12
9212206,8,3,5,19,8,0,0
9611391,3,1,2,3,0,3,3
9311375,2,2,0,0,2,0,0
9702350,25,1,24,85,6,19,41
9404243,7,1,6,11,1,6,6
9903489,14,5,9,24,0,14,27
9705319,3,1,2,2,0,3,4
9801362,1,1,0,0,1,0,0
9704264,4,2,2,5,1,3,18
109017,8,3,5,12,0,8,40
9811275,12,2,10,24,0,12,50
9906358,3,2,1,1,0,3,11
9512438,0,0,0,0,0,0,0
9603421,1,1,0,0,0,1,1
112359,6,4,2,4,0,6,60
7135,1,1,0,0,0,1,3
107053,3,3,0,0,0,3,19
7182,17,3,14,41,2,15,22
9403236,5,1,4,8,0,5,5
9511449,3,2,1,1,2,1,1
9412238,4,1,3,3,4,0,0
210291,0,0,0,0,0,0,0
206058,2,1,1,1,0,2,4
203256,3,3,0,0,0,3,6
10178,13,1,12,47,13,0,0
9905250,1,1,0,0,0,1,2
9610350,1,1,0,0,0,1,3
9909238,0,0,0,0,0,0,0
9704246,2,2,0,0,2,0,0
111227,7,2,5,16,0,7,120
9412270,1,1,0,0,1,0,0
210091,4,2,2,3,0,4,23
210324,0,0,0,0,0,0,0
9904458,0,0,0,0,0,0,0
1044,1,1,0,0,1,0,0
9403305,4,2,2,3,4,0,0
9810516,9,2,7,24,2,7,10
9712514,0,0,0,0,0,0,0
11285,1,1,0,0,0,1,2
9712415,9,3,6,17,9,0,0
9407395,8,3,5,11,2,6,6
10353,17,1,16,39,0,17,151
104113,1,1,0,0,0,1,11
12300,3,2,1,1,0,3,28
107318,3,3,0,0,3,0,0
9807486,5,1,4,5,0,5,14
9908424,3,2,1,2,3,0,0
9511363,8,2,6,16,8,0,0
210428,2,1,1,1,0,2,20
102236,3,3,0,0,0,3,14
3286,2,2,0,0,0,2,2
101335,11,2,9,22,0,11,80
9607399,2,2,0,0,1,1,2
1334,0,0,0,0,0,0,0
9709444,5,2,3,6,0,5,6
9407263,1,1,0,0,1,0,0
9404287,5,1,4,6,5,0,0
101325,6,2,4,8,0,6,29
9712483,13,1,12,26,0,13,46
302138,0,0,0,0,0,0,0
102073,0,0,0,0,0,0,0
9307369,3,2,1,1,3,0,0
9605318,3,2,1,1,3,0,0
9304280,1,1,0,0,1,0,0
9804349,0,0,0,0,0,0,0
9303224,4,1,3,4,4,0,0
9712492,9,2,7,11,0,9,20
9412368,1,1,0,0,1,0,0
9502409,2,2,0,0,2,0,0
9910240,4,2,2,3,0,4,40
9703336,3,1,2,2,2,1,1
5019,7,3,4,11,0,7,98
9210232,2,2,0,0,2,0,0
9706548,1,1,0,0,0,1,6
6234,0,0,0,0,0,0,0
3260,6,3,3,3,0,6,55
9807239,4,2,2,2,3,1,1
212396,0,0,0,0,0,0,0
10231,6,2,4,8,6,0,0
9701250,3,3,0,0,3,0,0
9806329,4,2,2,2,4,0,0
9312207,3,3,0,0,1,2,2
6237,7,3,4,7,0,7,24
9612412,2,1,1,1,0,2,8
9507264,1,1,0,0,0,1,2
9131,1,1,0,0,0,1,1
9304308,1,1,0,0,1,0,0
9707268,6,1,5,9,0,6,9
9502406,1,1,0,0,1,0,0
9609274,1,1,0,0,0,1,4
201214,0,0,0,0,0,0,0
9802235,2,2,0,0,0,2,6
9902472,1,1,0,0,0,1,16
9610297,2,2,0,0,1,1,1
103141,3,1,2,3,2,1,1
9810402,2,2,0,0,0,2,2
9905247,19,5,14,36,9,10,10
9903211,2,1,1,1,0,2,8
102317,3,1,2,3,0,3,10
9805507,4,1,3,6,4,0,0
9501246,2,2,0,0,1,1,1
9611282,5,2,3,5,0,5,9
9802280,1,1,0,0,1,0,0
9812230,8,1,7,19,1,7,7
204079,11,3,8,15,0,11,127
9404337,5,3,2,2,5,0,0
102113,3,2,1,1,0,3,16
9804231,1,1,0,0,0,1,3
107110,9,1,8,24,2,7,11
9312222,1,1,0,0,1,0,0
9712202,0,0,0,0,0,0,0
9911500,0,0,0,0,0,0,0
103165,1,1,0,0,0,1,5
205185,1,1,0,0,0,1,7
7237,8,2,6,21,0,8,20
7340,8,3,5,9,0,8,51
9305222,6,3,3,4,0,6,6
9708284,0,0,0,0,0,0,0
9708334,2,1,1,1,0,2,3
106251,4,2,2,2,0,4,7
9611373,1,1,0,0,0,1,4
205130,2,1,1,1,0,2,6
9612489,2,1,1,1,0,2,4
9404332,4,3,1,1,4,0,0
9405368,3,3,0,0,0,3,3
204227,2,1,1,1,0,2,2
201076,2,2,0,0,1,1,4
2218,0,0,0,0,0,0,0
212388,1,1,0,0,0,1,2
9909371,3,1,2,3,0,3,12
102310,1,1,0,0,0,1,5
3064,0,0,0,0,0,0,0
101233,0,0,0,0,0,0,0
9408362,1,1,0,0,1,0,0
9407402,0,0,0,0,0,0,0
9701333,3,2,1,2,3,0,0
9602412,4,3,1,1,0,4,10
3134,2,1,1,1,0,2,14
9601305,0,0,0,0,0,0,0
9911353,1,1,0,0,0,1,8
9609233,11,3,8,19,0,11,19
103037,1,1,0,0,0,1,1
9706214,0,0,0,0,0,0,0
9809355,2,1,1,1,2,0,0
201099,4,1,3,4,0,4,32
209192,0,0,0,0,0,0,0
4053,1,1,0,0,0,1,5
9606272,3,1,2,3,2,1,1
9903283,4,2,2,3,0,4,12
9910215,2,2,0,0,0,2,7
212156,2,1,1,1,0,2,9
12230,0,0,0,0,0,0,0
7238,5,1,4,6,2,3,11
9601335,3,3,0,0,0,3,3
9908520,1,1,0,0,1,0,0
101183,1,1,0,0,0,1,2
9102,12,2,10,27,2,10,34
209066,2,1,1,1,0,2,7
104001,2,1,1,1,0,2,8
9506445,5,1,4,7,5,0,0
9021,0,0,0,0,0,0,0
9702357,1,1,0,0,0,1,1
9911203,8,2,6,16,4,4,8
9510224,0,0,0,0,0,0,0
9302253,1,1,0,0,1,0,0
9606290,0,0,0,0,0,0,0
9305329,5,2,3,4,5,0,0
9410279,8,2,6,8,8,0,0
104182,2,1,1,1,0,2,4
9801337,0,0,0,0,0,0,0
9903209,4,3,1,2,2,2,2
201006,1,1,0,0,0,1,2
9801218,1,1,0,0,0,1,2
1218,5,3,2,2,0,5,39
9810201,2,2,0,0,0,2,3
9312338,3,2,1,1,3,0,0
9408364,6,1,5,5,6,0,0
9612428,2,1,1,1,0,2,2
9912335,1,1,0,0,0,1,4
9806282,3,3,0,0,0,3,12
9403345,2,2,0,0,1,1,1
2162,6,4,2,5,0,6,27
12051,0,0,0,0,0,0,0
12204,2,1,1,1,2,0,0
9812292,5,1,4,7,2,3,3
9806334,1,1,0,0,0,1,1
210019,1,1,0,0,0,1,3
12345,3,3,0,0,3,0,0
109170,1,1,0,0,0,1,6
111331,0,0,0,0,0,0,0
104115,2,1,1,1,0,2,10
8306,5,2,3,5,0,5,16
9607353,5,1,4,6,0,5,13
9611435,0,0,0,0,0,0,0
9906445,13,1,12,43,1,12,24
9607359,6,2,4,4,0,6,6
109231,7,3,4,10,0,7,73
8201,2,1,1,1,0,2,7
204141,1,1,0,0,0,1,2
9902291,0,0,0,0,0,0,0
9802421,5,3,2,3,0,5,31
9809226,1,1,0,0,0,1,5
9407312,2,1,1,1,0,2,2
9410313,3,1,2,3,3,0,0
9905452,6,3,3,5,6,0,0
1237,1,1,0,0,1,0,0
9412292,1,1,0,0,1,0,0
209027,2,2,0,0,0,2,2
9709413,1,1,0,0,0,1,1
11211,1,1,0,0,1,0,0
9910336,3,3,0,0,3,0,0
11271,3,1,2,2,0,3,13
9311246,6,3,3,6,6,0,0
7063,1,1,0,0,0,1,3
203167,4,2,2,3,0,4,11
102251,1,1,0,0,0,1,1
301067,0,0,0,0,0,0,0
9807337,0,0,0,0,0,0,0
9909211,4,2,2,4,0,4,6
9312247,3,1,2,3,3,0,0
9505341,7,3,4,4,1,6,12
9406351,5,1,4,7,5,0,0
211352,1,1,0,0,0,1,4
9510347,1,1,0,0,0,1,1
9808309,7,1,6,13,2,5,5
212064,1,1,0,0,0,1,5
1013,3,1,2,2,3,0,0
204085,2,2,0,0,0,2,11
9807414,2,2,0,0,0,2,4
106077,6,2,4,8,0,6,44
9346,1,1,0,0,0,1,2
109051,0,0,0,0,0,0,0
111093,3,2,1,1,0,3,16
9803387,6,1,5,9,6,0,0
9812440,15,3,12,40,0,15,192
9809357,1,1,0,0,1,0,0
101024,2,2,0,0,0,2,5
111357,8,2,6,14,0,8,107
11072,0,0,0,0,0,0,0
9911322,2,1,1,1,0,2,6
9806293,8,3,5,8,8,0,0
103209,1,1,0,0,1,0,0
104022,7,3,4,8,1,6,10
9802221,1,1,0,0,0,1,11
9804328,1,1,0,0,1,0,0
105063,11,3,8,13,0,11,61
2263,0,0,0,0,0,0,0
9311242,2,2,0,0,2,0,0
9806297,0,0,0,0,0,0,0
110390,0,0,0,0,0,0,0
9306238,4,2,2,4,4,0,0
9606249,3,1,2,2,3,0,0
206196,2,2,0,0,0,2,13
9709290,2,1,1,1,0,2,2
5298,0,0,0,0,0,0,0
302170,0,0,0,0,0,0,0
202153,1,1,0,0,0,1,2
9910479,2,1,1,1,0,2,5
101287,3,1,2,3,3,0,0
8260,1,1,0,0,1,0,0
9902431,4,3,1,3,4,0,0
6087,4,1,3,5,0,4,12
10032,2,2,0,0,2,0,0
9804322,1,1,0,0,0,1,1
9909546,1,1,0,0,0,1,2
9803408,10,4,6,9,10,0,0
9909298,2,2,0,0,2,0,0
2243,1,1,0,0,0,1,1
6213,3,2,1,1,3,0,0
6127,0,0,0,0,0,0,0
9503242,0,0,0,0,0,0,0
107087,3,2,1,1,1,2,4
9809314,1,1,0,0,0,1,1
9509306,0,0,0,0,0,0,0
9807551,4,1,3,4,3,1,1
9911249,1,1,0,0,0,1,7
9612234,0,0,0,0,0,0,0
9808483,1,1,0,0,1,0,0
5224,1,1,0,0,0,1,4
9803324,2,1,1,1,0,2,6
9305226,1,1,0,0,1,0,0
10254,3,3,0,0,0,3,11
111165,0,0,0,0,0,0,0
9708389,1,1,0,0,1,0,0
9710452,5,1,4,5,5,0,0
9803364,5,2,3,6,1,4,8
203183,2,2,0,0,0,2,3
9908386,2,1,1,1,2,0,0
9711274,0,0,0,0,0,0,0
9906386,4,3,1,1,4,0,0
11293,1,1,0,0,0,1,4
9606403,9,1,8,18,6,3,3
9512231,2,1,1,1,2,0,0
209364,0,0,0,0,0,0,0
9706550,0,0,0,0,0,0,0
9812429,0,0,0,0,0,0,0
9207249,6,3,3,4,6,0,0
201075,2,2,0,0,0,2,21
9608395,0,0,0,0,0,0,0
9709201,3,1,2,2,3,0,0
9901353,0,0,0,0,0,0,0
9809567,6,5,1,1,1,5,9
9704446,0,0,0,0,0,0,0
9402294,0,0,0,0,0,0,0
9601301,0,0,0,0,0,0,0
111375,1,1,0,0,0,1,7
9904354,1,1,0,0,1,0,0
203200,1,1,0,0,0,1,3
8173,0,0,0,0,0,0,0
9807243,0,0,0,0,0,0,0
9704417,4,2,2,3,4,0,0
9603215,1,1,0,0,0,1,1
302142,0,0,0,0,0,0,0
9510296,4,2,2,3,4,0,0
8093,0,0,0,0,0,0,0
10191,1,1,0,0,0,1,9
9310310,5,2,3,6,5,0,0
9405393,0,0,0,0,0,0,0
9503262,0,0,0,0,0,0,0
104098,1,1,0,0,0,1,4
9512425,1,1,0,0,0,1,12
12365,5,1,4,9,1,4,4
9703333,0,0,0,0,0,0,0
109025,1,1,0,0,0,1,1
9705291,3,1,2,3,1,2,2
9702279,2,2,0,0,1,1,4
9608447,2,1,1,1,2,0,0
207196,2,2,0,0,0,2,5
203275,5,2,3,9,0,5,15
9808408,2,2,0,0,0,2,14
6255,2,1,1,1,2,0,0
108150,0,0,0,0,0,0,0
301183,0,0,0,0,0,0,0
209370,0,0,0,0,0,0,0
9310290,0,0,0,0,0,0,0
9509221,1,1,0,0,0,1,1
9707502,2,2,0,0,0,2,9
206155,1,1,0,0,0,1,2
9808405,0,0,0,0,0,0,0
9909286,4,1,3,3,4,0,0
9909282,0,0,0,0,0,0,0
9605243,2,1,1,1,2,0,0
9604448,2,1,1,1,2,0,0
101175,1,1,0,0,1,0,0
7167,2,1,1,1,2,0,0
9907301,1,1,0,0,0,1,2
210267,0,0,0,0,0,0,0
201049,0,0,0,0,0,0,0
9406348,1,1,0,0,1,0,0
102001,5,1,4,8,0,5,15
210024,0,0,0,0,0,0,0
110398,0,0,0,0,0,0,0
210041,2,1,1,1,0,2,11
208225,1,1,0,0,0,1,5
5300,5,1,4,10,0,5,5
9310287,1,1,0,0,1,0,0
9507438,3,2,1,1,0,3,3
9407238,2,1,1,1,2,0,0
9808271,1,1,0,0,0,1,1
207226,2,1,1,1,0,2,27
9705215,1,1,0,0,1,0,0
109291,1,1,0,0,0,1,13
9702269,0,0,0,0,0,0,0
9601259,2,1,1,1,1,1,2
9402296,0,0,0,0,0,0,0
9610203,0,0,0,0,0,0,0
109157,0,0,0,0,0,0,0
9307211,0,0,0,0,0,0,0
111305,2,1,1,1,0,2,4
111279,0,0,0,0,0,0,0
112352,2,1,1,1,0,2,11
9808442,2,1,1,1,2,0,0
9605362,1,1,0,0,1,0,0
203050,1,1,0,0,1,0,0
9503480,1,1,0,0,1,0,0
3036,0,0,0,0,0,0,0
9701240,1,1,0,0,1,0,0
1029,0,0,0,0,0,0,0
9608475,3,1,2,2,0,3,6
9512332,4,2,2,2,4,0,0
9307231,2,1,1,1,2,0,0
9809473,1,1,0,0,1,0,0
9511224,1,1,0,0,0,1,2
9710307,0,0,0,0,0,0,0
9702215,0,0,0,0,0,0,0
9609244,2,2,0,0,0,2,2
9801228,0,0,0,0,0,0,0
209322,2,2,0,0,0,2,2
9609392,1,1,0,0,1,0,0
302101,0,0,0,0,0,0,0
204020,2,2,0,0,0,2,8
105033,0,0,0,0,0,0,0
209223,2,1,1,1,2,0,0
9902229,1,1,0,0,0,1,3
9908318,0,0,0,0,0,0,0
9707424,1,1,0,0,0,1,3
9702388,3,3,0,0,1,2,2
209201,0,0,0,0,0,0,0
9902454,0,0,0,0,0,0,0
205207,0,0,0,0,0,0,0
9410294,2,1,1,1,2,0,0
9506415,0,0,0,0,0,0,0
9603312,4,4,0,0,3,1,1
9610472,0,0,0,0,0,0,0
9601344,7,3,4,8,7,0,0
9611360,1,1,0,0,0,1,1
9502394,1,1,0,0,1,0,0
9911354,0,0,0,0,0,0,0
212109,1,1,0,0,0,1,5
9306228,1,1,0,0,1,0,0
6264,1,1,0,0,0,1,3
3267,0,0,0,0,0,0,0
9508371,0,0,0,0,0,0,0
9502241,0,0,0,0,0,0,0
9806314,1,1,0,0,1,0,0
3156,1,1,0,0,0,1,1
9503347,0,0,0,0,0,0,0
9612452,0,0,0,0,0,0,0
112070,1,1,0,0,1,0,0
6195,0,0,0,0,0,0,0
9909397,0,0,0,0,0,0,0
209046,0,0,0,0,0,0,0
107085,2,2,0,0,0,2,5
104049,8,4,4,7,1,7,28
112207,4,1,3,5,3,1,1
9901400,0,0,0,0,0,0,0
9812294,1,1,0,0,0,1,2
102274,0,0,0,0,0,0,0
9803350,1,1,0,0,0,1,1
9903219,0,0,0,0,0,0,0
9608414,0,0,0,0,0,0,0
9406341,0,0,0,0,0,0,0
9407298,2,2,0,0,2,0,0
9209265,1,1,0,0,1,0,0
10065,0,0,0,0,0,0,0
9407331,0,0,0,0,0,0,0
211444,1,1,0,0,0,1,1
9506424,4,2,2,3,4,0,0
102160,0,0,0,0,0,0,0
301028,1,1,0,0,0,1,3
9806271,1,1,0,0,1,0,0
3124,0,0,0,0,0,0,0
9909491,0,0,0,0,0,0,0
4063,2,2,0,0,0,2,7
9909262,1,1,0,0,0,1,1
9807435,1,1,0,0,1,0,0
106137,1,1,0,0,0,1,3
9901253,0,0,0,0,0,0,0
302013,0,0,0,0,0,0,0
9708312,0,0,0,0,0,0,0
103344,0,0,0,0,0,0,0
9410211,1,1,0,0,1,0,0
9903312,0,0,0,0,0,0,0
9709385,0,0,0,0,0,0,0
9802234,0,0,0,0,0,0,0
9510446,0,0,0,0,0,0,0
302243,0,0,0,0,0,0,0
9911205,0,0,0,0,0,0,0
202142,1,1,0,0,0,1,7
9807362,1,1,0,0,0,1,2
9910502,2,2,0,0,0,2,6
9707359,0,0,0,0,0,0,0
9910317,3,1,2,2,3,0,0
9710315,0,0,0,0,0,0,0
9909331,0,0,0,0,0,0,0
6070,2,2,0,0,0,2,2
212389,0,0,0,0,0,0,0
109280,1,1,0,0,0,1,13
9410202,0,0,0,0,0,0,0
9708474,0,0,0,0,0,0,0
9408286,0,0,0,0,0,0,0
3296,1,1,0,0,1,0,0
9910265,0,0,0,0,0,0,0
9801219,3,2,1,1,3,0,0
9912269,0,0,0,0,0,0,0
9706395,2,1,1,1,0,2,2
9610257,0,0,0,0,0,0,0
301268,0,0,0,0,0,0,0
211241,2,1,1,1,0,2,5
12029,2,2,0,0,2,0,0
212279,1,1,0,0,0,1,5
212171,0,0,0,0,0,0,0
9909433,0,0,0,0,0,0,0
9311295,0,0,0,0,0,0,0
212072,0,0,0,0,0,0,0
301124,0,0,0,0,0,0,0
207011,0,0,0,0,0,0,0
9704404,4,2,2,2,4,0,0
9703300,3,1,2,2,3,0,0
9710480,0,0,0,0,0,0,0
9807208,0,0,0,0,0,0,0
9505212,0,0,0,0,0,0,0
9912462,0,0,0,0,0,0,0
104026,0,0,0,0,0,0,0
9906249,0,0,0,0,0,0,0
102110,0,0,0,0,0,0,0
301223,0,0,0,0,0,0,0
110012,1,1,0,0,0,1,2
9609398,0,0,0,0,0,0,0
9503343,0,0,0,0,0,0,0
9508224,0,0,0,0,0,0,0
302095,0,0,0,0,0,0,0
9502242,0,0,0,0,0,0,0
9903290,0,0,0,0,0,0,0
9293,0,0,0,0,0,0,0
9911417,0,0,0,0,0,0,0
9902455,0,0,0,0,0,0,0
9707498,0,0,0,0,0,0,0
207180,0,0,0,0,0,0,0
9812462,0,0,0,0,0,0,0
9705281,0,0,0,0,0,0,0
111462,0,0,0,0,0,0,0
9804440,0,0,0,0,0,0,0
6298,0,0,0,0,0,0,0
9712348,0,0,0,0,0,0,0
10324,1,1,0,0,0,1,2
9711482,1,1,0,0,1,0,0
9801400,0,0,0,0,0,0,0
10180,0,0,0,0,0,0,0
208210,2,1,1,1,1,1,1
9511384,1,1,0,0,1,0,0
9809414,0,0,0,0,0,0,0
205159,1,1,0,0,0,1,2
4202,0,0,0,0,0,0,0
301201,1,1,0,0,0,1,2
208100,0,0,0,0,0,0,0
9907312,0,0,0,0,0,0,0
208152,3,2,1,1,0,3,21
111083,0,0,0,0,0,0,0
105052,1,1,0,0,0,1,2
108048,0,0,0,0,0,0,0
207361,0,0,0,0,0,0,0
210440,0,0,0,0,0,0,0
207232,0,0,0,0,0,0,0
9612281,1,1,0,0,1,0,0
9808264,2,2,0,0,2,0,0
208131,0,0,0,0,0,0,0
10329,1,1,0,0,1,0,0
12310,0,0,0,0,0,0,0
9903461,0,0,0,0,0,0,0
211387,0,0,0,0,0,0,0
301153,0,0,0,0,0,0,0
9912518,0,0,0,0,0,0,0
10300,0,0,0,0,0,0,0
11175,1,1,0,0,0,1,4
9198,1,1,0,0,0,1,3
9511442,0,0,0,0,0,0,0
9308316,0,0,0,0,0,0,0
11093,1,1,0,0,0,1,1
111264,1,1,0,0,0,1,8
9308326,0,0,0,0,0,0,0
8219,1,1,0,0,1,0,0
9710367,2,2,0,0,2,0,0
9706346,0,0,0,0,0,0,0
9904273,2,2,0,0,0,2,4
207021,0,0,0,0,0,0,0
302171,0,0,0,0,0,0,0
301185,1,1,0,0,0,1,4
111468,1,1,0,0,0,1,1
9610347,0,0,0,0,0,0,0
9303318,0,0,0,0,0,0,0
203152,0,0,0,0,0,0,0
9801256,0,0,0,0,0,0,0
9507390,0,0,0,0,0,0,0
201138,0,0,0,0,0,0,0
10182,0,0,0,0,0,0,0
9702347,1,1,0,0,0,1,1
210409,0,0,0,0,0,0,0
1195,0,0,0,0,0,0,0
9907361,0,0,0,0,0,0,0
207144,0,0,0,0,0,0,0
3147,0,0,0,0,0,0,0
9607262,0,0,0,0,0,0,0
111422,0,0,0,0,0,0,0
9503379,0,0,0,0,0,0,0
201181,0,0,0,0,0,0,0
106187,0,0,0,0,0,0,0
11353,0,0,0,0,0,0,0
9905408,1,1,0,0,1,0,0
9803404,0,0,0,0,0,0,0
3315,0,0,0,0,0,0,0
211451,0,0,0,0,0,0,0
302158,0,0,0,0,0,0,0
9602222,0,0,0,0,0,0,0
9706433,0,0,0,0,0,0,0
9908215,0,0,0,0,0,0,0
302061,0,0,0,0,0,0,0
107096,0,0,0,0,0,0,0
9306202,0,0,0,0,0,0,0
108022,0,0,0,0,0,0,0
10169,1,1,0,0,0,1,1
109277,1,1,0,0,1,0,0
111191,0,0,0,0,0,0,0
211260,0,0,0,0,0,0,0
9909342,0,0,0,0,0,0,0
9905382,0,0,0,0,0,0,0
112192,0,0,0,0,0,0,0
9702271,0,0,0,0,0,0,0
3237,1,1,0,0,1,0,0
9903506,1,1,0,0,1,0,0
208221,0,0,0,0,0,0,0
11189,0,0,0,0,0,0,0
9905373,0,0,0,0,0,0,0
9501322,0,0,0,0,0,0,0
111404,0,0,0,0,0,0,0
9901251,0,0,0,0,0,0,0
9705447,1,1,0,0,1,0,0
302020,0,0,0,0,0,0,0
9804245,0,0,0,0,0,0,0
9910547,0,0,0,0,0,0,0
9912332,0,0,0,0,0,0,0
9901298,1,1,0,0,1,0,0
12335,1,1,0,0,1,0,0
209331,1,1,0,0,0,1,15
9810348,0,0,0,0,0,0,0
9810413,0,0,0,0,0,0,0
8001,0,0,0,0,0,0,0
3037,1,1,0,0,0,1,5
9706499,0,0,0,0,0,0,0
9905273,0,0,0,0,0,0,0
207081,3,1,2,2,0,3,8
3182,0,0,0,0,0,0,0
302213,0,0,0,0,0,0,0
9912442,0,0,0,0,0,0,0
9612474,1,1,0,0,1,0,0
9806414,0,0,0,0,0,0,0
9904403,1,1,0,0,1,0,0
9905526,0,0,0,0,0,0,0
4224,0,0,0,0,0,0,0
9609526,0,0,0,0,0,0,0
111356,0,0,0,0,0,0,0
9303310,1,1,0,0,1,0,0
9709471,0,0,0,0,0,0,0
301162,0,0,0,0,0,0,0
9512261,0,0,0,0,0,0,0
103186,0,0,0,0,0,0,0
210029,0,0,0,0,0,0,0
203191,0,0,0,0,0,0,0
9501203,0,0,0,0,0,0,0
103325,1,1,0,0,0,1,4
302196,0,0,0,0,0,0,0
210030,0,0,0,0,0,0,0
301207,0,0,0,0,0,0,0
106009,0,0,0,0,0,0,0
9701259,0,0,0,0,0,0,0
106117,0,0,0,0,0,0,0
9505223,0,0,0,0,0,0,0
205303,1,1,0,0,0,1,3
9610459,0,0,0,0,0,0,0
107323,0,0,0,0,0,0,0
9611447,0,0,0,0,0,0,0
107210,0,0,0,0,0,0,0
9408335,0,0,0,0,0,0,0
301175,0,0,0,0,0,0,0
5002,0,0,0,0,0,0,0
9084,0,0,0,0,0,0,0
9907534,0,0,0,0,0,0,0
111410,0,0,0,0,0,0,0
111121,0,0,0,0,0,0,0
111350,0,0,0,0,0,0,0
301157,0,0,0,0,0,0,0
209362,0,0,0,0,0,0,0
9706532,0,0,0,0,0,0,0
205300,0,0,0,0,0,0,0
210176,0,0,0,0,0,0,0
106010,0,0,0,0,0,0,0
12112,0,0,0,0,0,0,0
110135,0,0,0,0,0,0,0
212030,0,0,0,0,0,0,0
9305246,1,1,0,0,1,0,0
9408236,0,0,0,0,0,0,0
4004,68,1,67,611,15,53,132
7085,13,2,11,45,1,12,16
9502335,26,2,24,145,6,20,29
9306256,31,4,27,143,31,0,0
7160,3,1,2,2,3,0,0
6035,4,2,2,3,0,4,9
9608269,12,2,10,22,1,11,27
9403306,18,1,17,100,18,0,0
104047,18,1,17,51,0,18,199
9301289,13,3,10,30,13,0,0
9611363,34,2,32,147,0,34,120
9307371,25,2,23,131,17,8,8
9310297,13,1,12,38,13,0,0
9806540,54,3,51,473,0,54,54
9807525,10,1,9,21,2,8,8
9705208,44,1,43,348,0,44,119
9811266,11,4,7,17,0,11,121
9903408,7,1,6,14,0,7,7
9801320,1,1,0,0,0,1,2
9338,3,1,2,3,0,3,19
9606460,19,1,18,51,0,19,19
9605319,63,2,61,594,11,52,78
9802287,10,1,9,18,0,10,34
9612332,20,1,19,85,20,0,0
9609431,9,1,8,17,0,9,39
9501244,7,4,3,4,2,5,5
9608415,9,4,5,6,1,8,32
9504326,52,1,51,398,2,50,208
9708222,22,2,20,108,0,22,70
4247,27,2,25,124,0,27,239
9711246,62,1,61,685,0,62,443
9605408,57,1,56,575,0,57,306
9704225,16,2,14,66,0,16,193
2260,4,1,3,4,0,4,49
110022,5,4,1,1,0,5,42
9903305,11,4,7,13,0,11,119
107320,8,5,3,3,0,8,74
9908404,13,6,7,11,0,13,94
9901389,65,1,64,634,0,65,267
9810386,10,5,5,8,1,9,12
9512253,18,2,16,51,1,17,35
9710204,24,2,22,110,3,21,30
9406289,34,3,31,219,1,33,95
9711460,17,4,13,27,0,17,86
9804296,7,3,4,5,0,7,22
9702424,17,2,15,77,0,17,120
9808233,0,0,0,0,0,0,0
9612338,4,1,3,6,0,4,10
11363,11,1,10,26,6,5,8
9809451,16,2,14,65,0,16,25
9509341,14,2,12,28,0,14,69
9505219,18,3,15,71,18,0,0
9812205,71,2,69,605,8,63,92
9906475,32,4,28,137,0,32,291
9407394,32,3,29,154,1,31,148
9508408,10,2,8,22,0,10,56
9502206,29,2,27,129,1,28,97
9611453,15,1,14,53,0,15,63
9311329,22,1,21,70,22,0,0
9906369,1,1,0,0,0,1,8
1216,6,3,3,4,0,6,90
9907545,15,3,12,38,0,15,141
9806391,5,2,3,6,0,5,17
9912473,14,2,12,41,0,14,71
9608341,2,1,1,1,0,2,21
9908523,26,3,23,153,0,26,267
3140,14,2,12,23,0,14,200
9812510,60,1,59,634,0,60,256
9204207,19,3,16,51,19,0,0
101308,5,2,3,4,0,5,17
9704394,13,2,11,26,0,13,56
9401258,13,2,11,31,13,0,0
9403407,11,4,7,26,0,11,96
9307201,30,1,29,230,30,0,0
9809582,27,1,26,143,0,27,162
9709492,58,3,55,436,1,57,134
9709502,4,2,2,3,0,4,20
9607414,2,2,0,0,0,2,12
9406248,23,4,19,103,5,18,18
9907291,7,1,6,12,7,0,0
9501341,53,1,52,585,53,0,0
9512237,12,6,6,10,5,7,7
9804285,25,3,22,89,2,23,57
9703379,30,2,28,167,0,30,104
9611375,13,4,9,18,2,11,26
9601249,25,5,20,107,2,23,59
9604425,16,4,12,36,11,5,5
9810512,8,2,6,9,0,8,68
9501389,2,2,0,0,2,0,0
9810291,20,1,19,103,0,20,79
9910231,23,2,21,64,0,23,254
9902238,9,2,7,18,0,9,105
104028,11,2,9,16,7,4,4
9604232,7,2,5,9,0,7,22
102312,30,2,28,151,6,24,24
103067,54,4,50,335,0,54,557
9903402,41,2,39,260,1,40,207
9807360,20,1,19,69,10,10,15
105080,6,1,5,7,0,6,27
9607488,5,3,2,2,0,5,9
9502289,51,3,48,410,0,51,143
9905566,34,7,27,92,0,34,268
9707224,21,1,20,125,3,18,42
2213,22,4,18,71,0,22,165
9412366,4,1,3,5,4,0,0
9910210,6,3,3,4,2,4,7
9910474,30,2,28,136,0,30,152
9906327,19,3,16,70,0,19,209
109115,36,7,29,125,0,36,799
101304,30,2,28,172,0,30,454
202271,6,3,3,6,0,6,110
109242,43,1,42,439,0,43,248
9905221,49,1,48,389,49,0,0
9703233,6,2,4,6,0,6,42
110391,4,4,0,0,0,4,72
9906542,8,1,7,12,0,8,20
7320,9,2,7,11,0,9,99
9405342,15,2,13,41,15,0,0
9602337,2,1,1,1,2,0,0
2053,9,3,6,20,3,6,15
9606251,50,1,49,431,0,50,122
4193,5,1,4,6,1,4,4
201207,0,0,0,0,0,0,0
9906274,21,3,18,93,0,21,286
9408345,2,1,1,1,0,2,7
9801262,43,4,39,209,0,43,288
9601349,38,3,35,139,0,38,291
9702385,1,1,0,0,0,1,14
2135,3,1,2,3,1,2,2
9609342,11,1,10,21,0,11,56
9403381,9,1,8,20,1,8,14
9502300,37,1,36,282,9,28,28
106314,3,1,2,2,3,0,0
9612387,7,2,5,12,0,7,39
9707251,40,5,35,186,0,40,162
10106,8,1,7,17,0,8,62
9404257,4,1,3,6,2,2,2
9408331,6,4,2,2,0,6,6
9601388,8,3,5,8,4,4,4
110277,3,2,1,1,0,3,26
6096,11,3,8,18,0,11,102
9809456,2,2,0,0,2,0,0
9604419,10,4,6,9,0,10,46
5209,5,2,3,4,2,3,3
106156,0,0,0,0,0,0,0
9405250,10,2,8,17,10,0,0
9510302,2,1,1,1,1,1,1
9310367,3,3,0,0,3,0,0
9208249,12,2,10,32,12,0,0
9512309,5,1,4,10,5,0,0
9303216,3,2,1,1,3,0,0
9706330,0,0,0,0,0,0,0
9709390,2,2,0,0,0,2,12
9405371,4,2,2,5,1,3,3
9709246,4,1,3,5,0,4,4
9705318,15,2,13,48,0,15,42
9506284,21,3,18,63,1,20,84
9212248,16,2,14,55,16,0,0
9308333,19,4,15,47,7,12,21
9509299,25,5,20,119,2,23,98
9206228,7,4,3,4,7,0,0
9706309,9,1,8,28,4,5,5
101093,1,1,0,0,0,1,4
9901322,5,2,3,5,0,5,28
9904510,23,2,21,122,0,23,475
9811240,3,2,1,1,0,3,6
4255,8,2,6,15,0,8,62
9811406,7,1,6,13,2,5,11
9711426,7,1,6,9,6,1,1
9802372,2,1,1,1,2,0,0
9803382,10,3,7,17,0,10,188
9209250,7,1,6,15,7,0,0
107220,3,1,2,3,0,3,80
11227,4,1,3,3,0,4,6
9206233,5,2,3,3,5,0,0
9502313,5,2,3,4,0,5,12
9305223,12,3,9,34,12,0,0
9905489,3,1,2,2,0,3,7
9206242,75,7,68,611,75,0,0
2033,19,1,18,54,1,18,88
9305262,18,3,15,60,18,0,0
9909315,21,3,18,81,0,21,201
3258,12,6,6,17,0,12,90
9810361,10,3,7,10,0,10,38
9503217,5,3,2,3,1,4,4
9511371,10,6,4,5,2,8,9
9807350,16,1,15,66,16,0,0
9706454,8,3,5,11,0,8,98
9704322,20,3,17,70,0,20,208
9312303,4,1,3,6,0,4,8
202265,3,2,1,1,0,3,18
9804299,14,2,12,49,0,14,94
9608406,8,5,3,4,0,8,82
9504215,8,2,6,16,8,0,0
9610229,42,4,38,317,1,41,96
9602206,4,2,2,2,0,4,29
9305306,13,4,9,20,1,12,12
9503431,8,1,7,14,2,6,6
9509428,23,3,20,66,0,23,177
9908283,9,3,6,11,1,8,14
107186,17,2,15,40,0,17,97
8160,1,1,0,0,0,1,2
9605297,19,1,18,68,3,16,16
5275,22,1,21,131,22,0,0
204299,2,2,0,0,0,2,47
108017,2,1,1,1,0,2,12
9604221,1,1,0,0,0,1,1
9606483,13,2,11,37,1,12,26
4027,17,1,16,75,0,17,71
9912320,4,1,3,3,2,2,2
204343,1,1,0,0,0,1,2
9509257,3,2,1,1,0,3,3
105293,6,2,4,6,1,5,10
9211247,3,2,1,1,3,0,0
9304311,11,3,8,32,11,0,0
104131,1,1,0,0,0,1,1
9807262,1,1,0,0,0,1,2
9603219,3,3,0,0,3,0,0
207031,0,0,0,0,0,0,0
209136,5,1,4,7,1,4,4
9512398,4,1,3,5,0,4,9
9912323,1,1,0,0,1,0,0
9405325,13,3,10,50,13,0,0
9609323,12,1,11,31,0,12,48
9205210,16,7,9,27,16,0,0
9205201,7,4,3,3,7,0,0
9609503,3,1,2,3,0,3,14
9511329,6,2,4,8,6,0,0
9509274,8,2,6,19,2,6,10
9507240,24,5,19,121,0,24,78
9501292,10,2,8,19,10,0,0
6090,1,1,0,0,1,0,0
9602263,4,2,2,3,0,4,12
9401267,9,2,7,14,1,8,24
6311,10,2,8,24,10,0,0
9407329,3,3,0,0,0,3,34
9908237,5,1,4,5,1,4,7
9704247,14,2,12,51,3,11,11
2268,8,1,7,10,0,8,28
9710561,10,5,5,10,0,10,13
9503362,3,3,0,0,2,1,1
201052,8,1,7,16,0,8,47
201225,22,3,19,70,0,22,41
9904203,10,1,9,21,1,9,14
108120,24,1,23,94,0,24,257
107325,4,2,2,2,0,4,62
105145,10,3,7,20,0,10,57
111290,2,1,1,1,0,2,16
202247,7,1,6,12,0,7,22
9712551,15,6,9,17,0,15,80
207003,8,1,7,17,0,8,113
9503418,5,3,2,2,5,0,0
9603251,2,1,1,1,0,2,8
9705292,12,7,5,14,2,10,20
9902258,10,6,4,4,0,10,11
110169,11,4,7,17,0,11,137
9805371,4,2,2,3,0,4,6
9603396,22,1,21,98,7,15,15
103290,4,3,1,1,0,4,7
9812535,0,0,0,0,0,0,0
9506210,1,1,0,0,0,1,1
9908342,2,2,0,0,0,2,5
8116,3,1,2,3,1,2,3
5293,12,4,8,28,0,12,51
9712368,3,2,1,1,3,0,0
9506443,0,0,0,0,0,0,0
9409391,7,2,5,13,7,0,0
9710512,4,3,1,1,0,4,4
9801201,1,1,0,0,0,1,23
11389,1,1,0,0,1,0,0
9906319,37,1,36,300,3,34,34
9805289,8,2,6,16,0,8,100
9912238,14,3,11,45,0,14,14
9912255,1,1,0,0,0,1,1
9604378,5,1,4,7,5,0,0
9705391,6,1,5,9,0,6,19
106052,1,1,0,0,0,1,1
9612385,3,1,2,2,0,3,15
9410409,2,2,0,0,0,2,2
9809294,1,1,0,0,1,0,0
9704345,8,1,7,12,0,8,32
109069,0,0,0,0,0,0,0
9906480,3,3,0,0,0,3,38
9803401,0,0,0,0,0,0,0
9909305,8,3,5,14,0,8,48
9903327,10,3,7,8,0,10,68
105317,0,0,0,0,0,0,0
9903354,15,6,9,20,0,15,81
9707348,0,0,0,0,0,0,0
9608384,5,1,4,9,2,3,5
9406338,4,2,2,5,0,4,7
9602220,1,1,0,0,0,1,2
208196,2,2,0,0,0,2,3
9509251,1,1,0,0,1,0,0
102273,3,1,2,3,1,2,2
9703284,18,2,16,62,2,16,31
9612304,2,2,0,0,0,2,8
201104,0,0,0,0,0,0,0
9603449,11,4,7,12,0,11,88
9408299,48,8,40,189,0,48,148
9908224,6,1,5,14,0,6,8
9511221,18,1,17,64,0,18,24
9508259,30,2,28,88,0,30,56
107317,1,1,0,0,0,1,2
9710423,2,2,0,0,1,1,3
106206,3,1,2,2,0,3,15
10163,4,1,3,3,0,4,15
2079,2,1,1,1,0,2,8
5276,8,2,6,14,0,8,121
103195,0,0,0,0,0,0,0
9909260,11,5,6,10,0,11,110
201197,17,1,16,50,0,17,75
9908508,6,2,4,5,0,6,15
9809215,7,2,5,17,0,7,28
6147,8,1,7,17,1,7,7
9512201,1,1,0,0,0,1,1
9308368,1,1,0,0,1,0,0
9209255,7,2,5,7,7,0,0
9406349,5,1,4,5,0,5,7
208027,2,2,0,0,1,1,1
9604234,11,2,9,30,0,11,62
9603240,9,2,7,19,9,0,0
9607240,3,2,1,1,3,0,0
9810419,2,1,1,1,1,1,2
9605270,1,1,0,0,0,1,1
109197,2,1,1,1,0,2,15
9709372,10,3,7,16,0,10,31
12369,3,1,2,3,0,3,32
205333,0,0,0,0,0,0,0
9610467,9,1,8,20,1,8,17
9511256,17,3,14,45,0,17,58
9607220,7,3,4,6,7,0,0
2002,1,1,0,0,0,1,5
207364,0,0,0,0,0,0,0
9411267,5,2,3,9,4,1,1
9407392,2,1,1,1,0,2,2
9712438,8,2,6,13,8,0,0
9407388,13,2,11,45,13,0,0
9807324,2,2,0,0,0,2,3
9401273,3,1,2,2,0,3,4
9911526,0,0,0,0,0,0,0
105066,5,4,1,1,0,5,17
9403335,14,3,11,40,2,12,18
209255,1,1,0,0,0,1,1
9603209,4,3,1,1,0,4,5
9409340,2,2,0,0,1,1,3
9704244,22,2,20,60,8,14,14
9210218,14,4,10,27,14,0,0
9912364,3,1,2,2,0,3,9
9701272,3,2,1,1,0,3,5
209130,0,0,0,0,0,0,0
9810239,2,1,1,1,0,2,22
203169,4,2,2,2,1,3,18
9710257,8,2,6,15,1,7,26
9908292,1,1,0,0,0,1,5
9501252,2,2,0,0,2,0,0
9404255,5,4,1,2,2,3,11
208266,1,1,0,0,0,1,2
211074,2,1,1,1,1,1,1
109162,1,1,0,0,0,1,7
9305319,8,1,7,12,8,0,0
9505343,3,1,2,2,0,3,6
9308370,3,2,1,1,3,0,0
9407236,3,2,1,1,3,0,0
202010,4,2,2,4,0,4,18
211271,1,1,0,0,0,1,2
103014,5,2,3,3,0,5,5
108199,15,1,14,49,2,13,20
9912434,11,4,7,12,2,9,13
102116,2,1,1,1,0,2,31
9806505,6,3,3,9,0,6,40
9604417,18,3,15,94,0,18,61
11281,1,1,0,0,0,1,1
302222,0,0,0,0,0,0,0
204166,11,1,10,30,0,11,143
102081,12,3,9,22,0,12,153
9808341,2,2,0,0,0,2,23
9812240,1,1,0,0,1,0,0
9703301,3,1,2,2,3,0,0
9607216,1,1,0,0,0,1,4
9709461,1,1,0,0,0,1,1
112082,1,1,0,0,0,1,1
12299,8,1,7,24,0,8,64
204132,1,1,0,0,0,1,7
101068,1,1,0,0,0,1,6
103312,1,1,0,0,0,1,16
107218,4,2,2,3,0,4,25
202275,2,2,0,0,0,2,48
9810473,4,3,1,1,0,4,28
9606347,6,2,4,10,6,0,0
9810451,4,1,3,6,0,4,9
211111,3,1,2,2,0,3,25
10088,3,2,1,2,0,3,6
9907481,3,1,2,2,2,1,1
102224,7,1,6,12,0,7,49
9601291,4,1,3,4,4,0,0
1255,4,2,2,3,0,4,9
9807225,2,2,0,0,2,0,0
9209247,1,1,0,0,1,0,0
9609521,2,2,0,0,0,2,7
102119,3,2,1,1,0,3,28
9803221,8,3,5,12,0,8,56
103337,5,1,4,7,5,0,0
9608210,7,2,5,6,7,0,0
9705400,4,3,1,1,0,4,4
9609454,1,1,0,0,0,1,1
9306277,1,1,0,0,1,0,0
9602423,8,4,4,4,0,8,123
9510447,0,0,0,0,0,0,0
105289,0,0,0,0,0,0,0
9609488,3,3,0,0,0,3,32
9405278,1,1,0,0,0,1,5
9809413,2,1,1,1,0,2,25
9302206,6,4,2,3,6,0,0
6271,5,1,4,10,0,5,70
9705404,2,1,1,1,2,0,0
1057,1,1,0,0,0,1,2
6101,2,2,0,0,2,0,0
6342,1,1,0,0,0,1,8
102225,0,0,0,0,0,0,0
9809520,2,2,0,0,1,1,1
9807384,4,1,3,3,1,3,11
9608457,1,1,0,0,1,0,0
9908300,1,1,0,0,0,1,5
9501279,5,1,4,4,0,5,16
201005,4,3,1,2,0,4,8
9612429,1,1,0,0,0,1,9
9310256,5,3,2,5,3,2,2
10208,4,1,3,6,0,4,33
9810285,0,0,0,0,0,0,0
9710289,14,1,13,52,0,14,79
9608331,2,2,0,0,2,0,0
9808223,3,1,2,2,2,1,1
11308,3,2,1,1,0,3,26
9505331,1,1,0,0,0,1,1
9410330,2,1,1,1,0,2,9
9604208,1,1,0,0,0,1,1
10225,0,0,0,0,0,0,0
9705324,1,1,0,0,0,1,3
6085,3,1,2,2,1,2,2
2172,1,1,0,0,1,0,0
111314,3,2,1,1,0,3,20
9807335,8,1,7,11,0,8,30
9407400,3,1,2,2,3,0,0
9712358,2,2,0,0,0,2,4
9612324,1,1,0,0,0,1,1
9911274,1,1,0,0,0,1,6
204275,3,2,1,1,0,3,7
9502345,1,1,0,0,0,1,2
205205,2,1,1,1,0,2,13
5041,1,1,0,0,1,0,0
9805287,6,1,5,13,6,0,0
9403207,1,1,0,0,1,0,0
9401347,8,1,7,12,8,0,0
209072,0,0,0,0,0,0,0
9406426,3,3,0,0,1,2,2
110276,6,1,5,7,0,6,42
8044,15,1,14,67,0,15,58
9602274,16,3,13,56,16,0,0
9702403,5,1,4,4,0,5,7
9602432,3,3,0,0,3,0,0
9911256,2,2,0,0,0,2,11
107159,4,4,0,0,1,3,12
9605256,3,2,1,1,0,3,3
9410351,4,1,3,6,4,0,0
9703208,13,1,12,53,13,0,0
205125,5,3,2,4,0,5,41
207258,0,0,0,0,0,0,0
102192,2,1,1,1,2,0,0
201296,24,1,23,83,4,20,31
9709394,3,2,1,1,3,0,0
106198,8,3,5,10,0,8,18
4186,5,1,4,10,0,5,7
2227,1,1,0,0,0,1,4
9303324,1,1,0,0,1,0,0
9804316,1,1,0,0,0,1,2
9710495,1,1,0,0,0,1,3
9404353,1,1,0,0,1,0,0
111311,8,2,6,16,5,3,3
9701271,1,1,0,0,0,1,3
9905473,0,0,0,0,0,0,0
9506411,3,2,1,1,0,3,22
101262,2,1,1,1,0,2,10
9705207,3,2,1,1,0,3,8
111084,3,2,1,1,2,1,1
9907490,1,1,0,0,1,0,0
9708407,0,0,0,0,0,0,0
110187,3,1,2,3,0,3,3
2174,5,4,1,1,0,5,5
9808488,2,2,0,0,0,2,11
9902384,0,0,0,0,0,0,0
4067,1,1,0,0,0,1,5
9705209,2,2,0,0,0,2,6
103119,5,2,3,4,0,5,12
9909439,3,2,1,1,0,3,16
11032,2,1,1,1,0,2,11
9506381,6,2,4,6,2,4,4
9907363,2,2,0,0,2,0,0
11067,2,1,1,1,0,2,2
107152,9,2,7,15,0,9,9
209160,1,1,0,0,0,1,8
105152,1,1,0,0,0,1,4
9507268,5,1,4,8,2,3,3
9703355,0,0,0,0,0,0,0
9303201,7,5,2,3,7,0,0
9301286,2,1,1,1,2,0,0
9605258,0,0,0,0,0,0,0
111128,0,0,0,0,0,0,0
11205,2,2,0,0,0,2,7
9408368,2,2,0,0,0,2,2
9810454,3,2,1,1,0,3,6
103128,4,1,3,4,4,0,0
9504415,6,3,3,4,6,0,0
9803323,6,3,3,4,5,1,2
11260,7,1,6,15,5,2,3
9811211,0,0,0,0,0,0,0
5038,5,4,1,2,0,5,31
9809228,2,1,1,1,2,0,0
9506288,3,1,2,2,3,0,0
210305,1,1,0,0,0,1,3
9710322,5,2,3,6,0,5,9
208235,2,1,1,1,0,2,11
3073,5,3,2,2,0,5,19
9809212,1,1,0,0,0,1,1
1308,4,1,3,4,0,4,14
9903313,1,1,0,0,1,0,0
9603426,3,1,2,2,0,3,6
9904345,3,1,2,3,3,0,0
9506455,5,2,3,5,1,4,6
205076,2,1,1,1,0,2,32
203173,0,0,0,0,0,0,0
9905439,6,2,4,5,0,6,11
9273,5,1,4,6,1,4,6
9705479,0,0,0,0,0,0,0
9902266,2,1,1,1,1,1,1
9603438,1,1,0,0,0,1,5
9603264,0,0,0,0,0,0,0
9608222,3,2,1,2,0,3,3
9404278,7,1,6,10,7,0,0
9809203,4,2,2,2,2,2,2
9308339,5,1,4,6,5,0,0
9508307,0,0,0,0,0,0,0
9805512,2,1,1,1,1,1,1
6324,5,3,2,2,1,4,4
9801436,3,2,1,2,0,3,16
9503348,0,0,0,0,0,0,0
9606283,1,1,0,0,1,0,0
9811245,2,1,1,1,0,2,4
112319,0,0,0,0,0,0,0
9604369,1,1,0,0,0,1,1
9610245,0,0,0,0,0,0,0
9605303,3,1,2,3,3,0,0
9811246,1,1,0,0,1,0,0
9903517,4,1,3,5,1,3,9
2043,5,2,3,5,0,5,10
9801347,8,1,7,15,5,3,3
110255,0,0,0,0,0,0,0
209241,2,2,0,0,0,2,9
9608283,0,0,0,0,0,0,0
101006,1,1,0,0,0,1,2
9711300,1,1,0,0,0,1,2
2237,1,1,0,0,0,1,1
9606445,2,1,1,1,2,0,0
9505440,4,3,1,1,1,3,3
9410376,4,2,2,3,4,0,0
211080,2,2,0,0,0,2,23
9310206,2,1,1,1,2,0,0
9903325,5,2,3,5,0,5,11
105042,6,3,3,6,3,3,3
6043,5,2,3,5,0,5,5
9711279,0,0,0,0,0,0,0
9908306,0,0,0,0,0,0,0
201043,1,1,0,0,0,1,4
9310333,2,1,1,1,2,0,0
9906264,1,1,0,0,0,1,2
110149,1,1,0,0,0,1,2
9811519,1,1,0,0,0,1,5
9704392,1,1,0,0,0,1,1
9703231,0,0,0,0,0,0,0
9904439,3,2,1,1,3,0,0
111362,5,4,1,1,0,5,129
2228,10,2,8,13,10,0,0
9911476,4,1,3,4,0,4,10
205230,4,1,3,3,0,4,25
9809268,1,1,0,0,1,0,0
102067,6,1,5,11,0,6,7
9806273,1,1,0,0,0,1,16
108128,1,1,0,0,0,1,9
8094,4,1,3,5,0,4,16
9311212,1,1,0,0,0,1,1
9607280,9,4,5,5,2,7,7
112130,0,0,0,0,0,0,0
105151,1,1,0,0,1,0,0
9403267,2,2,0,0,0,2,2
10187,2,1,1,1,0,2,3
111022,0,0,0,0,0,0,0
9904509,0,0,0,0,0,0,0
1109,1,1,0,0,0,1,3
104124,2,1,1,1,0,2,8
110358,1,1,0,0,1,0,0
9309311,0,0,0,0,0,0,0
108189,3,1,2,2,0,3,9
3042,1,1,0,0,0,1,2
9210265,3,2,1,1,3,0,0
9903304,7,1,6,18,0,7,13
9309284,2,2,0,0,2,0,0
9806523,1,1,0,0,0,1,2
9807509,2,1,1,1,0,2,7
9801357,5,1,4,7,0,5,15
207224,4,2,2,2,0,4,24
9904360,5,2,3,4,1,4,9
9504271,0,0,0,0,0,0,0
9910275,6,2,4,6,0,6,20
9605305,0,0,0,0,0,0,0
9907377,1,1,0,0,0,1,2
204322,0,0,0,0,0,0,0
9801213,0,0,0,0,0,0,0
9802330,2,2,0,0,0,2,8
9904319,1,1,0,0,0,1,3
203021,2,1,1,1,0,2,2
9407227,2,2,0,0,2,0,0
205271,3,2,1,1,0,3,24
9312287,0,0,0,0,0,0,0
9308206,1,1,0,0,1,0,0
9912514,2,2,0,0,0,2,5
9906220,1,1,0,0,0,1,1
209158,5,3,2,2,0,5,38
9806411,4,3,1,1,0,4,6
9608259,2,2,0,0,0,2,4
103164,0,0,0,0,0,0,0
9801237,0,0,0,0,0,0,0
9610551,3,1,2,2,3,0,0
9910544,2,1,1,1,0,2,4
11214,2,1,1,1,0,2,8
9702251,5,2,3,5,5,0,0
9312250,2,1,1,1,2,0,0
111427,4,2,2,2,1,3,3
9912522,0,0,0,0,0,0,0
9510438,2,2,0,0,2,0,0
9211223,3,2,1,1,0,3,6
5139,4,1,3,3,0,4,27
9607367,2,1,1,1,2,0,0
9911534,2,2,0,0,0,2,2
9410327,1,1,0,0,0,1,1
9410411,4,2,2,3,4,0,0
9509255,5,5,0,0,4,1,2
9302222,3,3,0,0,3,0,0
9408328,6,3,3,3,6,0,0
112298,0,0,0,0,0,0,0
9609315,1,1,0,0,1,0,0
106053,0,0,0,0,0,0,0
4140,2,2,0,0,0,2,7
4145,0,0,0,0,0,0,0
9706335,1,1,0,0,0,1,1
9309270,3,2,1,1,1,2,6
205201,7,4,3,4,0,7,63
9612340,2,1,1,1,0,2,7
108050,2,1,1,1,1,1,1
9809351,1,1,0,0,1,0,0
9810249,3,1,2,3,1,2,2
6297,0,0,0,0,0,0,0
9705397,3,2,1,1,0,3,11
9912303,0,0,0,0,0,0,0
107106,2,1,1,1,0,2,2
4232,5,1,4,10,5,0,0
9305328,1,1,0,0,1,0,0
212062,0,0,0,0,0,0,0
9502308,4,1,3,4,4,0,0
9710233,0,0,0,0,0,0,0
106125,1,1,0,0,0,1,16
2013,0,0,0,0,0,0,0
205266,2,2,0,0,0,2,4
9804348,8,3,5,9,4,4,18
8311,1,1,0,0,0,1,1
109177,1,1,0,0,0,1,2
9501378,0,0,0,0,0,0,0
207307,1,1,0,0,0,1,1
9210274,1,1,0,0,1,0,0
9401217,6,4,2,3,6,0,0
9309201,0,0,0,0,0,0,0
9506237,1,1,0,0,0,1,2
9512295,2,1,1,1,2,0,0
9803249,0,0,0,0,0,0,0
9812220,1,1,0,0,1,0,0
9612343,1,1,0,0,0,1,1
9512392,0,0,0,0,0,0,0
106114,1,1,0,0,1,0,0
6067,0,0,0,0,0,0,0
9803327,0,0,0,0,0,0,0
101285,0,0,0,0,0,0,0
211333,0,0,0,0,0,0,0
302005,0,0,0,0,0,0,0
201188,2,1,1,1,0,2,12
209156,1,1,0,0,1,0,0
9036,1,1,0,0,0,1,21
203108,4,1,3,4,0,4,75
301213,0,0,0,0,0,0,0
104014,4,1,3,6,0,4,11
9511410,0,0,0,0,0,0,0
203065,1,1,0,0,0,1,1
9509354,1,1,0,0,0,1,3
9712430,0,0,0,0,0,0,0
9150,1,1,0,0,0,1,4
9805501,1,1,0,0,1,0,0
9905363,0,0,0,0,0,0,0
212209,0,0,0,0,0,0,0
205347,0,0,0,0,0,0,0
9210249,5,3,2,3,5,0,0
9508387,2,2,0,0,2,0,0
9909570,1,1,0,0,0,1,6
9709206,0,0,0,0,0,0,0
111208,3,1,2,3,1,2,5
106348,2,2,0,0,2,0,0
103221,2,1,1,1,0,2,7
9907378,3,2,1,2,2,1,1
9305243,0,0,0,0,0,0,0
9911467,5,4,1,1,0,5,5
9705332,0,0,0,0,0,0,0
9810353,1,1,0,0,0,1,1
9310262,1,1,0,0,1,0,0
9407378,1,1,0,0,1,0,0
9607297,8,1,7,17,8,0,0
9705203,2,2,0,0,0,2,7
9403275,2,2,0,0,1,1,1
2188,1,1,0,0,0,1,1
207244,0,0,0,0,0,0,0
209139,0,0,0,0,0,0,0
302031,0,0,0,0,0,0,0
9601270,2,1,1,1,2,0,0
9088,0,0,0,0,0,0,0
210057,1,1,0,0,1,0,0
8054,0,0,0,0,0,0,0
9810224,1,1,0,0,0,1,8
206141,0,0,0,0,0,0,0
102112,1,1,0,0,0,1,2
209272,3,1,2,3,3,0,0
209350,0,0,0,0,0,0,0
9903367,2,1,1,1,0,2,8
9508232,4,1,3,6,3,1,1
9510280,0,0,0,0,0,0,0
11267,0,0,0,0,0,0,0
9901307,2,2,0,0,2,0,0
112214,2,1,1,1,0,2,8
9803494,0,0,0,0,0,0,0
9501396,1,1,0,0,1,0,0
9912437,1,1,0,0,0,1,1
9905401,0,0,0,0,0,0,0
9910305,4,1,3,5,3,1,1
9512436,4,3,1,2,4,0,0
9911330,0,0,0,0,0,0,0
208052,0,0,0,0,0,0,0
201311,1,1,0,0,0,1,4
106268,0,0,0,0,0,0,0
109183,0,0,0,0,0,0,0
211033,0,0,0,0,0,0,0
1199,0,0,0,0,0,0,0
9407330,1,1,0,0,1,0,0
9805492,0,0,0,0,0,0,0
208208,1,1,0,0,0,1,1
9812432,1,1,0,0,0,1,1
9411361,0,0,0,0,0,0,0
111005,0,0,0,0,0,0,0
9610248,0,0,0,0,0,0,0
210306,0,0,0,0,0,0,0
1147,2,1,1,1,0,2,7
108107,1,1,0,0,1,0,0
11276,1,1,0,0,0,1,1
106309,2,1,1,1,1,1,1
9711313,5,4,1,2,0,5,8
9805379,1,1,0,0,0,1,1
4152,3,2,1,1,1,2,2
9906315,0,0,0,0,0,0,0
9812394,1,1,0,0,1,0,0
212193,0,0,0,0,0,0,0
210405,0,0,0,0,0,0,0
9503321,1,1,0,0,1,0,0
2184,2,1,1,1,0,2,2
9601340,0,0,0,0,0,0,0
9310288,2,2,0,0,2,0,0
9711255,0,0,0,0,0,0,0
9607302,0,0,0,0,0,0,0
9809404,2,2,0,0,0,2,4
9505345,2,1,1,1,2,0,0
9501278,1,1,0,0,1,0,0
9911384,1,1,0,0,1,0,0
107049,3,2,1,1,1,2,3
204015,0,0,0,0,0,0,0
9909257,2,2,0,0,0,2,2
2194,4,2,2,4,0,4,4
111346,1,1,0,0,0,1,2
9810368,1,1,0,0,1,0,0
9306258,0,0,0,0,0,0,0
9608293,1,1,0,0,1,0,0
9606457,1,1,0,0,1,0,0
9209210,3,3,0,0,3,0,0
206267,1,1,0,0,0,1,4
9609405,1,1,0,0,0,1,2
9801273,1,1,0,0,1,0,0
9909261,0,0,0,0,0,0,0
111143,0,0,0,0,0,0,0
9710296,1,1,0,0,1,0,0
9704449,0,0,0,0,0,0,0
9910475,0,0,0,0,0,0,0
9608459,0,0,0,0,0,0,0
9910377,0,0,0,0,0,0,0
204002,4,4,0,0,0,4,29
107146,0,0,0,0,0,0,0
5230,1,1,0,0,0,1,1
9807460,2,2,0,0,2,0,0
208031,1,1,0,0,0,1,10
9502248,0,0,0,0,0,0,0
211166,0,0,0,0,0,0,0
3162,0,0,0,0,0,0,0
9411417,0,0,0,0,0,0,0
9904331,1,1,0,0,1,0,0
208180,0,0,0,0,0,0,0
107234,0,0,0,0,0,0,0
9221,0,0,0,0,0,0,0
9807463,1,1,0,0,0,1,2
9802435,0,0,0,0,0,0,0
9167,1,1,0,0,0,1,5
9907551,1,1,0,0,0,1,6
104237,0,0,0,0,0,0,0
212307,3,2,1,2,0,3,16
209260,1,1,0,0,0,1,4
209147,0,0,0,0,0,0,0
301186,0,0,0,0,0,0,0
9611303,0,0,0,0,0,0,0
111323,0,0,0,0,0,0,0
9803373,1,1,0,0,1,0,0
209138,0,0,0,0,0,0,0
9807554,2,2,0,0,0,2,2
9511254,0,0,0,0,0,0,0
106205,0,0,0,0,0,0,0
9801236,0,0,0,0,0,0,0
2084,0,0,0,0,0,0,0
1313,0,0,0,0,0,0,0
12237,0,0,0,0,0,0,0
9909283,1,1,0,0,1,0,0
9308377,0,0,0,0,0,0,0
105211,0,0,0,0,0,0,0
9512360,0,0,0,0,0,0,0
203219,0,0,0,0,0,0,0
9405367,1,1,0,0,1,0,0
301107,0,0,0,0,0,0,0
112047,0,0,0,0,0,0,0
9708292,0,0,0,0,0,0,0
9109,0,0,0,0,0,0,0
9801378,1,1,0,0,1,0,0
212173,0,0,0,0,0,0,0
9709268,0,0,0,0,0,0,0
210239,1,1,0,0,0,1,1
105258,1,1,0,0,1,0,0
104234,0,0,0,0,0,0,0
9909209,2,1,1,1,2,0,0
3078,0,0,0,0,0,0,0
1324,1,1,0,0,0,1,1
9503221,3,3,0,0,3,0,0
2085,2,1,1,1,2,0,0
207178,0,0,0,0,0,0,0
9612411,0,0,0,0,0,0,0
9706314,0,0,0,0,0,0,0
208077,0,0,0,0,0,0,0
9901263,0,0,0,0,0,0,0
9805329,0,0,0,0,0,0,0
5290,0,0,0,0,0,0,0
9608383,0,0,0,0,0,0,0
9911246,1,1,0,0,1,0,0
301016,0,0,0,0,0,0,0
302030,0,0,0,0,0,0,0
104214,2,1,1,1,0,2,16
9406240,0,0,0,0,0,0,0
9509218,0,0,0,0,0,0,0
106086,1,1,0,0,1,0,0
201280,1,1,0,0,1,0,0
9903311,0,0,0,0,0,0,0
106239,1,1,0,0,1,0,0
104172,0,0,0,0,0,0,0
3269,3,2,1,1,2,1,1
302150,0,0,0,0,0,0,0
9606243,0,0,0,0,0,0,0
106323,0,0,0,0,0,0,0
9807512,0,0,0,0,0,0,0
9408400,0,0,0,0,0,0,0
211267,3,2,1,1,1,2,6
9303269,2,1,1,1,2,0,0
211424,0,0,0,0,0,0,0
112079,0,0,0,0,0,0,0
203043,1,1,0,0,0,1,1
3310,0,0,0,0,0,0,0
9708493,0,0,0,0,0,0,0
9511427,0,0,0,0,0,0,0
302080,0,0,0,0,0,0,0
202173,0,0,0,0,0,0,0
11246,1,1,0,0,0,1,1
9503458,0,0,0,0,0,0,0
9911209,0,0,0,0,0,0,0
9512294,1,1,0,0,0,1,10
9910531,3,3,0,0,3,0,0
3329,0,0,0,0,0,0,0
9406405,0,0,0,0,0,0,0
10248,0,0,0,0,0,0,0
207074,0,0,0,0,0,0,0
211339,0,0,0,0,0,0,0
6209,0,0,0,0,0,0,0
9912258,0,0,0,0,0,0,0
1167,0,0,0,0,0,0,0
9507360,1,1,0,0,1,0,0
9905532,0,0,0,0,0,0,0
7324,0,0,0,0,0,0,0
209300,0,0,0,0,0,0,0
9076,0,0,0,0,0,0,0
9909424,0,0,0,0,0,0,0
12281,0,0,0,0,0,0,0
9903317,1,1,0,0,0,1,2
112315,0,0,0,0,0,0,0
110401,0,0,0,0,0,0,0
9405263,1,1,0,0,1,0,0
9407281,0,0,0,0,0,0,0
9907212,0,0,0,0,0,0,0
103310,0,0,0,0,0,0,0
2159,0,0,0,0,0,0,0
9701269,1,1,0,0,1,0,0
211098,0,0,0,0,0,0,0
110371,2,2,0,0,0,2,6
204321,0,0,0,0,0,0,0
9507214,0,0,0,0,0,0,0
9701319,0,0,0,0,0,0,0
211398,0,0,0,0,0,0,0
110322,0,0,0,0,0,0,0
209113,0,0,0,0,0,0,0
9212309,1,1,0,0,1,0,0
9705461,0,0,0,0,0,0,0
3325,1,1,0,0,0,1,2
9510321,0,0,0,0,0,0,0
211380,0,0,0,0,0,0,0
203194,2,1,1,1,2,0,0
104196,0,0,0,0,0,0,0
9603274,1,1,0,0,1,0,0
9809373,0,0,0,0,0,0,0
9905288,0,0,0,0,0,0,0
9602437,0,0,0,0,0,0,0
209275,1,1,0,0,0,1,3
212326,0,0,0,0,0,0,0
202036,0,0,0,0,0,0,0
106051,0,0,0,0,0,0,0
9912371,0,0,0,0,0,0,0
107283,0,0,0,0,0,0,0
9905248,0,0,0,0,0,0,0
201163,0,0,0,0,0,0,0
209088,0,0,0,0,0,0,0
9706254,0,0,0,0,0,0,0
106276,0,0,0,0,0,0,0
9505348,0,0,0,0,0,0,0
9907558,0,0,0,0,0,0,0
203269,0,0,0,0,0,0,0
107169,0,0,0,0,0,0,0
9804286,1,1,0,0,0,1,1
9801389,1,1,0,0,1,0,0
9610253,0,0,0,0,0,0,0
210246,0,0,0,0,0,0,0
207267,0,0,0,0,0,0,0
204333,0,0,0,0,0,0,0
206294,3,1,2,2,3,0,0
9708465,0,0,0,0,0,0,0
9707231,0,0,0,0,0,0,0
9602294,0,0,0,0,0,0,0
101339,0,0,0,0,0,0,0
9604379,0,0,0,0,0,0,0
302233,0,0,0,0,0,0,0
5143,0,0,0,0,0,0,0
206097,1,1,0,0,0,1,1
112193,1,1,0,0,0,1,2
103191,1,1,0,0,0,1,1
9904372,0,0,0,0,0,0,0
212239,0,0,0,0,0,0,0
104177,0,0,0,0,0,0,0
302132,0,0,0,0,0,0,0
9803337,1,1,0,0,1,0,0
212333,0,0,0,0,0,0,0
103347,0,0,0,0,0,0,0
301060,0,0,0,0,0,0,0
9811511,0,0,0,0,0,0,0
209176,0,0,0,0,0,0,0
9611252,0,0,0,0,0,0,0
201050,2,1,1,1,2,0,0
9508350,0,0,0,0,0,0,0
10318,0,0,0,0,0,0,0
106078,0,0,0,0,0,0,0
301271,0,0,0,0,0,0,0
9905297,0,0,0,0,0,0,0
101073,0,0,0,0,0,0,0
212387,0,0,0,0,0,0,0
9610201,0,0,0,0,0,0,0
209318,0,0,0,0,0,0,0
207017,0,0,0,0,0,0,0
2244,0,0,0,0,0,0,0
9904424,0,0,0,0,0,0,0
209237,0,0,0,0,0,0,0
9604431,1,1,0,0,1,0,0
9912401,0,0,0,0,0,0,0
102035,0,0,0,0,0,0,0
9805399,0,0,0,0,0,0,0
9706321,0,0,0,0,0,0,0
10320,1,1,0,0,0,1,7
9807328,0,0,0,0,0,0,0
201116,0,0,0,0,0,0,0
11151,0,0,0,0,0,0,0
9802233,0,0,0,0,0,0,0
4131,0,0,0,0,0,0,0
106091,0,0,0,0,0,0,0
210341,1,1,0,0,1,0,0
9508385,0,0,0,0,0,0,0
9706208,0,0,0,0,0,0,0
4173,74,3,71,612,0,74,385
12308,10,2,8,29,2,8,12
9505393,6,3,3,3,0,6,11
9403283,20,1,19,87,9,11,11
7316,2,2,0,0,0,2,2
207066,3,1,2,3,1,2,2
9610446,8,4,4,8,0,8,34
9506409,8,2,6,15,0,8,8
105096,29,6,23,73,0,29,319
9301290,21,3,18,80,3,18,18
9611445,12,1,11,19,0,12,39
9312223,8,1,7,16,0,8,13
9502418,14,1,13,33,0,14,41
9807216,60,3,57,455,60,0,0
9808470,13,4,9,23,13,0,0
9904281,22,2,20,117,4,18,29
9811447,32,2,30,148,1,31,146
9807267,8,1,7,21,8,0,0
9810272,20,5,15,55,0,20,172
9210256,19,1,18,60,19,0,0
9607265,12,1,11,23,4,8,9
9704366,3,1,2,2,0,3,16
9803440,6,1,5,8,0,6,28
9702361,21,1,20,92,3,18,21
3007,1,1,0,0,0,1,4
9507219,2,2,0,0,0,2,4
9609451,5,1,4,5,0,5,23
9504327,80,1,79,858,5,75,313
9708356,9,3,6,10,0,9,53
5189,36,4,32,156,0,36,549
9809311,57,2,55,436,0,57,558
9606203,31,3,28,179,0,31,102
9704307,11,3,8,19,0,11,168
3119,20,3,17,59,0,20,252
9328,6,2,4,6,0,6,35
9905520,7,2,5,8,0,7,73
110093,2,1,1,1,0,2,12
9903544,34,1,33,181,0,34,70
9404241,10,1,9,25,9,1,1
9912354,5,2,3,3,0,5,9
9610323,22,2,20,85,1,21,62
9603412,13,4,9,24,0,13,53
9506477,58,5,53,514,4,54,350
9803399,5,2,3,5,0,5,22
9706285,22,4,18,82,0,22,60
9708390,17,4,13,75,2,15,15
9209205,22,2,20,92,22,0,0
9801352,9,2,7,13,4,5,5
9711417,3,1,2,3,3,0,0
9906316,15,4,11,51,4,11,36
9312357,7,1,6,20,5,2,2
9512206,16,2,14,62,16,0,0
9903355,36,2,34,224,0,36,106
9611388,21,2,19,102,2,19,24
9407407,29,5,24,100,0,29,207
9511233,11,2,9,15,0,11,58
9607400,3,2,1,1,1,2,9
9706467,11,4,7,25,0,11,74
9403320,19,2,17,63,19,0,0
9906373,4,1,3,4,1,3,20
4046,5,3,2,5,0,5,46
9910299,4,2,2,3,0,4,60
9809440,6,1,5,10,1,5,7
9507414,29,2,27,173,0,29,55
9704399,10,2,8,19,0,10,67
9909464,12,1,11,24,0,12,125
4095,28,3,25,110,0,28,104
9902335,17,1,16,101,0,17,65
9206230,18,7,11,33,18,0,0
9405262,29,2,27,147,29,0,0
3215,2,2,0,0,0,2,31
9405257,6,1,5,9,6,0,0
9408290,24,5,19,84,2,22,54
9311366,17,2,15,79,17,0,0
9810280,33,1,32,154,0,33,93
8058,15,3,12,30,0,15,39
9710329,4,1,3,5,0,4,17
9411203,16,1,15,37,16,0,0
9410283,16,4,12,37,4,12,20
9908378,12,2,10,23,0,12,60
9501372,54,1,53,604,54,0,0
9602306,9,7,2,2,9,0,0
9805346,22,1,21,69,0,22,73
9704221,42,3,39,331,0,42,471
9704434,5,3,2,3,2,3,3
9602347,9,2,7,24,0,9,72
9704260,6,1,5,12,0,6,17
9812399,0,0,0,0,0,0,0
9608231,1,1,0,0,1,0,0
9810479,50,4,46,305,1,49,254
9903359,4,1,3,3,0,4,24
9907516,10,4,6,15,0,10,106
106204,14,6,8,17,0,14,124
9612359,3,1,2,3,0,3,14
102315,39,2,37,286,0,39,312
103218,20,3,17,80,0,20,286
9904393,31,4,27,167,1,30,171
2293,20,1,19,89,4,16,45
105139,7,1,6,7,4,3,5
9608398,6,3,3,4,0,6,16
9505320,49,2,47,383,0,49,181
9906222,8,3,5,9,0,8,110
102241,17,2,15,50,0,17,69
3022,27,4,23,79,0,27,302
8255,19,4,15,49,2,17,34
9311260,15,2,13,45,15,0,0
9911349,14,3,11,32,0,14,76
9906431,18,4,14,38,0,18,409
9402335,112,3,109,1452,112,0,0
102201,32,5,27,166,0,32,542
109028,2,2,0,0,0,2,11
109287,38,2,36,333,0,38,237
9907218,26,1,25,116,0,26,26
9702320,4,2,2,3,1,3,26
9806263,41,2,39,313,0,41,160
9909481,24,1,23,72,4,20,60
11200,4,2,2,3,0,4,41
9603346,7,2,5,13,2,5,5
4135,0,0,0,0,0,0,0
9403257,17,2,15,48,9,8,8
9209296,17,1,16,78,17,0,0
9310207,3,2,1,1,3,0,0
9904249,7,1,6,11,0,7,29
9909297,15,5,10,42,0,15,182
9507424,9,3,6,17,1,8,8
9807358,43,3,40,215,0,43,390
9603266,29,1,28,95,0,29,179
9411372,24,4,20,104,14,10,20
101048,4,1,3,3,2,2,5
9411413,7,3,4,7,0,7,12
9406210,13,3,10,25,0,13,44
9411229,32,1,31,209,32,0,0
202007,3,2,1,1,0,3,7
9705345,8,2,6,10,0,8,56
9710354,22,4,18,43,0,22,84
9502329,31,4,27,207,31,0,0
9406296,9,2,7,14,4,5,5
9408376,9,2,7,17,0,9,16
9211202,8,2,6,16,8,0,0
9310236,41,2,39,297,41,0,0
7197,18,4,14,43,0,18,187
9904501,4,2,2,2,0,4,4
9306230,31,6,25,99,31,0,0
109160,2,2,0,0,0,2,14
9809480,6,6,0,0,6,0,0
9409254,22,3,19,79,22,0,0
9603402,2,2,0,0,1,1,1
9402305,3,3,0,0,3,0,0
202105,11,4,7,12,0,11,55
9904492,4,1,3,6,0,4,6
9403389,9,2,7,17,4,5,5
9511375,1,1,0,0,1,0,0
9710541,2,2,0,0,0,2,24
9302298,6,2,4,12,6,0,0
9805228,15,3,12,41,15,0,0
9705460,8,3,5,10,1,7,7
9506475,17,3,14,59,0,17,44
9409295,7,1,6,15,4,3,3
9309252,6,3,3,3,6,0,0
9604301,21,3,18,80,0,21,73
105023,0,0,0,0,0,0,0
9707398,18,2,16,78,5,13,14
108148,0,0,0,0,0,0,0
9902289,1,1,0,0,0,1,5
9905295,20,3,17,102,0,20,450
9903511,8,1,7,19,0,8,46
9903455,15,4,11,23,0,15,97
9812353,2,1,1,1,0,2,4
9709460,2,1,1,1,2,0,0
9807298,4,1,3,6,0,4,10
9605359,11,5,6,8,0,11,61
9510327,6,1,5,9,1,5,5
3084,7,4,3,4,0,7,49
9912448,8,2,6,12,2,6,6
9208247,6,2,4,4,6,0,0
9901224,11,1,10,43,0,11,49
9310312,6,2,4,12,6,0,0
9709481,1,1,0,0,0,1,1
9212284,47,6,41,210,0,47,47
2253,7,1,6,11,0,7,39
9408275,8,4,4,5,8,0,0
9909333,18,3,15,68,0,18,184
7095,5,2,3,4,0,5,25
4269,8,2,6,18,1,7,50
9507201,2,1,1,1,0,2,3
9607250,14,3,11,27,10,4,4
9909476,28,1,27,198,13,15,15
9703346,28,2,26,171,0,28,151
9704338,19,2,17,89,19,0,0
9410242,7,3,4,7,0,7,17
9604416,33,2,31,144,4,29,29
9805335,19,2,17,69,0,19,95
9610363,5,4,1,1,0,5,94
9507422,9,1,8,28,9,0,0
9505319,12,1,11,47,12,0,0
9804310,3,1,2,3,0,3,4
9310316,34,3,31,142,34,0,0
9805240,2,1,1,1,0,2,5
9709223,9,2,7,13,0,9,82
9907514,12,1,11,29,0,12,65
9411414,2,2,0,0,2,0,0
9311341,11,1,10,30,11,0,0
9608438,13,1,12,38,0,13,38
9703357,6,1,5,12,6,0,0
8156,9,6,3,6,0,9,127
12002,4,1,3,5,0,4,17
9407273,7,2,5,9,0,7,39
9608272,16,5,11,38,0,16,72
10267,14,2,12,49,0,14,163
9712494,3,3,0,0,0,3,18
111114,2,2,0,0,0,2,10
9608309,3,2,1,1,2,1,2
109003,2,1,1,1,0,2,7
9912201,0,0,0,0,0,0,0
9609377,8,1,7,13,0,8,8
11058,3,2,1,1,3,0,0
106049,1,1,0,0,0,1,5
9802323,6,5,1,1,0,6,6
108265,2,1,1,1,2,0,0
209258,3,0,3,3,0,3,5
9604236,5,2,3,3,1,4,6
9402320,6,1,5,13,6,0,0
9410356,9,1,8,30,0,9,22
9611251,20,5,15,49,0,20,133
9305324,4,1,3,4,1,3,4
9205209,10,4,6,12,10,0,0
9601236,3,2,1,1,1,2,4
9711261,3,1,2,3,3,0,0
9508278,7,3,4,11,3,4,4
9507413,14,2,12,45,0,14,49
9702426,11,3,8,22,0,11,44
9906395,5,3,2,4,0,5,20
9708427,8,1,7,22,4,4,4
9702400,1,1,0,0,0,1,4
107081,12,3,9,15,2,10,13
9407381,7,2,5,12,1,6,27
9911369,15,1,14,45,1,14,53
9805377,3,1,2,2,0,3,4
9307329,14,1,13,29,14,0,0
9812522,10,3,7,16,2,8,21
9508237,3,3,0,0,2,1,2
202030,22,3,19,91,1,21,128
201231,30,5,25,149,21,9,9
9908391,2,2,0,0,0,2,5
108001,0,0,0,0,0,0,0
204071,3,2,1,1,0,3,21
9701419,16,3,13,58,0,16,28
9512345,3,1,2,3,0,3,6
202262,7,2,5,8,0,7,56
9804277,13,5,8,10,0,13,87
203223,11,2,9,22,0,11,180
9709497,3,2,1,1,3,0,0
9805201,0,0,0,0,0,0,0
9705465,3,1,2,2,0,3,13
9905294,4,2,2,2,4,0,0
9909203,46,4,42,310,0,46,517
9706244,3,1,2,3,1,2,2
9805477,8,1,7,17,1,7,7
9604355,8,1,7,12,0,8,14
9501271,1,1,0,0,1,0,0
9506413,1,1,0,0,1,0,0
9404355,8,2,6,13,3,5,5
9807456,0,0,0,0,0,0,0
111465,8,2,6,9,0,8,61
9810531,4,2,2,2,3,1,1
9310273,4,3,1,2,4,0,0
9503358,7,4,3,3,0,7,7
10116,3,1,2,3,3,0,0
9612327,2,1,1,1,0,2,12
210162,0,0,0,0,0,0,0
9907389,22,2,20,121,0,22,54
9804294,2,2,0,0,0,2,31
4101,3,1,2,2,0,3,51
9504352,3,2,1,1,3,0,0
9610255,6,3,3,4,0,6,12
9703317,11,1,10,22,0,11,44
9512344,4,1,3,5,4,0,0
9701285,4,1,3,6,0,4,7
9508351,3,1,2,3,2,1,1
9612369,1,1,0,0,1,0,0
9705474,14,5,9,24,2,12,59
8064,1,1,0,0,0,1,1
10135,0,0,0,0,0,0,0
9311293,8,1,7,18,8,0,0
9711406,9,1,8,25,0,9,59
9905376,21,6,15,36,0,21,192
3242,6,3,3,6,0,6,34
204010,1,1,0,0,0,1,8
9507259,1,1,0,0,0,1,3
9812458,5,1,4,9,2,3,5
9410213,7,1,6,10,0,7,47
9501267,2,1,1,1,2,0,0
111019,3,1,2,3,0,3,7
9712273,3,2,1,1,0,3,18
7125,1,1,0,0,0,1,1
9701390,22,1,21,112,22,0,0
9612384,4,2,2,3,1,3,8
9602365,1,1,0,0,1,0,0
9611402,1,1,0,0,0,1,7
9605223,34,2,32,90,0,34,210
9910393,8,1,7,20,0,8,16
9602326,16,3,13,42,0,16,38
9512427,23,2,21,53,0,23,61
110367,1,1,0,0,0,1,1
9608239,3,1,2,3,3,0,0
9711250,1,1,0,0,1,0,0
9298,4,4,0,0,0,4,18
9712332,0,0,0,0,0,0,0
7041,7,1,6,12,0,7,136
10087,7,3,4,7,1,6,36
9905252,3,1,2,2,1,2,2
202088,13,1,12,33,0,13,69
9905317,5,1,4,6,5,0,0
9806514,7,1,6,13,1,6,6
10319,4,1,3,4,0,4,10
9411277,3,3,0,0,1,2,5
9803354,0,0,0,0,0,0,0
9504332,8,4,4,6,0,8,35
9606239,9,2,7,14,5,4,8
210318,0,0,0,0,0,0,0
210022,1,1,0,0,1,0,0
103061,0,0,0,0,0,0,0
9804392,1,1,0,0,0,1,1
9711218,4,2,2,3,4,0,0
8321,7,1,6,20,2,5,9
107046,3,3,0,0,0,3,29
9603250,1,1,0,0,0,1,1
104186,7,1,6,18,0,7,63
9709338,1,1,0,0,1,0,0
9907383,4,2,2,4,1,3,3
9704312,14,2,12,39,3,11,18
9610470,2,2,0,0,0,2,3
2086,4,2,2,3,0,4,41
9208240,8,1,7,19,8,0,0
9405326,3,2,1,2,3,0,0
9605309,2,1,1,1,0,2,4
9707341,10,3,7,21,0,10,25
9607407,0,0,0,0,0,0,0
9901420,9,7,2,2,0,9,21
9304202,5,2,3,5,5,0,0
9401331,2,2,0,0,1,1,1
1028,6,1,5,5,0,6,25
9404318,9,2,7,19,1,8,8
107124,3,3,0,0,3,0,0
9612270,2,2,0,0,1,1,3
9302288,7,2,5,9,7,0,0
9704305,14,4,10,25,0,14,55
9311343,0,0,0,0,0,0,0
9305305,5,1,4,6,5,0,0
9609429,5,2,3,3,3,2,2
9044,1,1,0,0,1,0,0
9909542,25,2,23,116,0,25,336
106139,6,4,2,3,0,6,75
9807494,4,2,2,2,0,4,23
104097,9,3,6,12,3,6,14
103208,7,1,6,10,0,7,11
9211329,8,2,6,8,8,0,0
211236,0,0,0,0,0,0,0
206078,6,2,4,7,0,6,14
9907331,1,1,0,0,0,1,7
9307356,7,1,6,16,7,0,0
9506420,3,1,2,2,0,3,8
9809430,3,1,2,3,0,3,5
9904434,4,1,3,4,1,3,5
210286,1,1,0,0,0,1,8
9901431,7,3,4,7,1,6,25
9912501,6,1,5,8,6,0,0
201211,6,2,4,8,0,6,25
9311344,12,2,10,32,12,0,0
9709506,7,1,6,15,0,7,21
9802407,8,2,6,14,0,8,94
9707442,1,1,0,0,0,1,11
9403363,5,3,2,2,5,0,0
1122,11,1,10,28,7,4,4
9703328,3,2,1,1,0,3,7
9806250,2,1,1,1,0,2,11
9808401,2,2,0,0,0,2,16
9911345,3,2,1,1,3,0,0
9801243,2,1,1,1,0,2,2
4200,11,2,9,25,0,11,28
210345,0,0,0,0,0,0,0
9801238,5,2,3,4,0,5,37
6197,12,1,11,52,0,12,16
105165,3,3,0,0,0,3,32
104312,2,2,0,0,0,2,16
101039,1,1,0,0,0,1,8
110049,2,1,1,1,0,2,50
106311,9,4,5,15,0,9,92
9907498,2,2,0,0,0,2,3
9606433,7,2,5,13,7,0,0
111094,3,2,1,1,0,3,9
112074,4,2,2,4,0,4,22
102103,3,1,2,2,3,0,0
9503454,2,1,1,1,2,0,0
102303,5,2,3,5,0,5,34
9510452,1,1,0,0,1,0,0
9501376,16,2,14,44,16,0,0
9303262,2,1,1,1,2,0,0
9609499,1,1,0,0,0,1,1
9708231,1,1,0,0,0,1,4
106184,7,4,3,3,0,7,49
9812261,7,3,4,6,0,7,53
107136,4,2,2,3,0,4,18
9812309,7,4,3,3,2,5,5
9806360,1,1,0,0,0,1,3
9511260,10,2,8,15,0,10,23
11370,0,0,0,0,0,0,0
9710488,1,1,0,0,0,1,10
9312224,5,3,2,3,5,0,0
5083,4,2,2,2,0,4,12
9404327,11,2,9,30,8,3,3
9311277,4,3,1,2,0,4,10
9711323,2,1,1,1,2,0,0
8017,2,1,1,1,0,2,4
9908321,8,1,7,19,4,4,4
9712349,4,2,2,2,0,4,10
1003,5,2,3,3,0,5,10
6102,1,1,0,0,1,0,0
5306,3,3,0,0,0,3,14
9909414,1,1,0,0,1,0,0
9708438,2,1,1,1,2,0,0
9801418,1,1,0,0,0,1,3
9410214,3,3,0,0,3,0,0
9702319,15,6,9,32,2,13,46
9404239,9,2,7,17,0,9,9
9904431,6,2,4,6,6,0,0
9705246,4,3,1,2,0,4,7
9407333,1,1,0,0,0,1,1
9605375,3,2,1,1,0,3,27
9511286,1,1,0,0,1,0,0
9711363,17,2,15,55,0,17,64
9510205,1,1,0,0,1,0,0
9909313,1,1,0,0,0,1,2
7015,4,1,3,4,0,4,26
9209288,3,1,2,3,3,0,0
9211327,1,1,0,0,1,0,0
9701388,1,1,0,0,0,1,6
9806216,1,1,0,0,0,1,2
9405235,0,0,0,0,0,0,0
1027,1,1,0,0,0,1,1
9907380,2,2,0,0,2,0,0
202131,9,2,7,19,0,9,66
9808366,3,1,2,2,0,3,9
9403328,1,1,0,0,1,0,0
9712532,0,0,0,0,0,0,0
9605455,2,1,1,1,1,1,1
11364,6,1,5,8,0,6,26
204274,0,0,0,0,0,0,0
9408209,1,1,0,0,1,0,0
10151,4,3,1,1,1,3,15
9702290,1,1,0,0,1,0,0
9811249,3,2,1,1,0,3,19
9607332,13,5,8,15,1,12,54
9406391,8,1,7,12,8,0,0
104168,1,1,0,0,0,1,7
9311245,1,1,0,0,1,0,0
111205,6,1,5,7,0,6,37
10077,6,3,3,6,0,6,44
202053,1,1,0,0,0,1,4
9707245,2,2,0,0,0,2,16
9705315,7,2,5,12,1,6,6
9910371,4,3,1,1,0,4,17
9905565,4,1,3,4,4,0,0
210085,1,1,0,0,0,1,4
9801205,3,1,2,3,0,3,3
9703268,14,1,13,62,0,14,33
9219,3,1,2,3,0,3,17
109278,1,1,0,0,1,0,0
202134,3,1,2,3,2,1,1
204004,23,3,20,56,0,23,87
9905530,1,1,0,0,0,1,1
210352,2,2,0,0,0,2,2
8135,3,3,0,0,0,3,4
9409421,8,4,4,10,2,6,6
9810485,1,1,0,0,0,1,1
9607307,0,0,0,0,0,0,0
9503337,2,1,1,1,2,0,0
9405330,1,1,0,0,0,1,1
9503293,7,2,5,10,7,0,0
302094,1,1,0,0,0,1,6
9704422,3,1,2,2,3,0,0
9506450,3,3,0,0,0,3,8
9707447,7,2,5,14,3,4,4
9802353,1,1,0,0,0,1,1
9306266,2,1,1,1,2,0,0
211326,0,0,0,0,0,0,0
9507316,2,2,0,0,1,1,1
12080,11,3,8,27,2,9,12
5173,8,4,4,5,1,7,9
6202,3,1,2,2,0,3,12
9709476,1,1,0,0,0,1,2
9505356,4,4,0,0,0,4,10
9406413,3,2,1,1,0,3,8
110056,4,1,3,5,0,4,9
207348,6,2,4,10,0,6,63
9708271,4,1,3,5,0,4,4
9510247,1,1,0,0,0,1,1
9908341,1,1,0,0,1,0,0
9907426,3,1,2,3,3,0,0
112283,6,2,4,5,0,6,22
209256,3,2,1,1,0,3,27
106244,0,0,0,0,0,0,0
9508225,5,1,4,6,5,0,0
9302284,6,2,4,9,6,0,0
9610356,2,2,0,0,0,2,3
9405416,5,2,3,5,5,0,0
9707382,3,3,0,0,0,3,3
110152,1,1,0,0,0,1,1
3143,4,1,3,3,0,4,4
9503322,1,1,0,0,0,1,1
9712545,0,0,0,0,0,0,0
107107,0,0,0,0,0,0,0
9708378,0,0,0,0,0,0,0
9808207,5,3,2,4,4,1,2
109012,4,1,3,4,0,4,9
9709250,3,2,1,1,3,0,0
9802419,13,6,7,20,0,13,125
9904476,0,0,0,0,0,0,0
9512341,3,3,0,0,0,3,9
205109,6,3,3,8,2,4,5
9802427,2,1,1,1,0,2,6
210240,1,1,0,0,0,1,5
1321,4,2,2,3,4,0,0
9211254,7,1,6,17,7,0,0
9703218,5,3,2,2,0,5,10
9709332,2,2,0,0,2,0,0
9804387,2,1,1,1,0,2,10
9911380,2,1,1,1,2,0,0
9601284,2,1,1,1,0,2,4
105260,6,3,3,8,0,6,45
107102,2,2,0,0,0,2,4
9909474,3,3,0,0,0,3,7
102086,5,2,3,4,0,5,16
9703428,1,1,0,0,0,1,5
7232,2,1,1,1,0,2,29
9606262,1,1,0,0,0,1,5
9905208,0,0,0,0,0,0,0
9312218,2,2,0,0,0,2,4
9410206,1,1,0,0,1,0,0
9802354,0,0,0,0,0,0,0
9308340,5,3,2,3,5,0,0
9506341,1,1,0,0,1,0,0
9812451,1,1,0,0,0,1,1
109037,3,1,2,2,0,3,7
205081,0,0,0,0,0,0,0
9301252,3,2,1,1,0,3,3
9706246,3,2,1,1,1,2,2
7180,0,0,0,0,0,0,0
9509359,0,0,0,0,0,0,0
9411317,3,1,2,2,3,0,0
9512372,1,1,0,0,0,1,2
9609320,4,2,2,3,2,2,2
9405349,1,1,0,0,0,1,1
9906540,0,0,0,0,0,0,0
9902247,0,0,0,0,0,0,0
9805340,9,3,6,17,0,9,14
110125,0,0,0,0,0,0,0
103172,1,1,0,0,0,1,1
9509269,6,1,5,15,6,0,0
9703423,3,2,1,1,0,3,5
9809235,0,0,0,0,0,0,0
1191,2,1,1,1,2,0,0
9612277,0,0,0,0,0,0,0
9506419,2,2,0,0,0,2,7
9909431,1,1,0,0,0,1,1
205153,6,2,4,6,0,6,21
9312255,1,1,0,0,1,0,0
9911346,2,1,1,1,0,2,3
109082,2,1,1,1,0,2,4
8034,3,1,2,2,0,3,6
9811467,0,0,0,0,0,0,0
104180,0,0,0,0,0,0,0
9712298,2,2,0,0,0,2,15
9608376,3,2,1,1,3,0,0
9312271,2,2,0,0,2,0,0
111171,0,0,0,0,0,0,0
9910490,0,0,0,0,0,0,0
9509331,3,2,1,1,3,0,0
9602318,1,1,0,0,1,0,0
9904405,0,0,0,0,0,0,0
204028,10,1,9,20,0,10,175
9904296,6,4,2,3,6,0,0
9912361,2,1,1,1,0,2,9
209111,1,1,0,0,0,1,6
9901414,1,1,0,0,1,0,0
9408317,10,4,6,18,10,0,0
105119,2,2,0,0,0,2,7
110146,0,0,0,0,0,0,0
101302,10,1,9,19,0,10,53
9212289,2,1,1,1,2,0,0
9511443,8,1,7,10,8,0,0
5076,8,1,7,22,0,8,31
9207275,1,1,0,0,1,0,0
9406422,2,2,0,0,0,2,2
209135,0,0,0,0,0,0,0
110070,2,2,0,0,0,2,6
9902370,1,1,0,0,1,0,0
206260,0,0,0,0,0,0,0
204242,2,2,0,0,0,2,5
5251,2,2,0,0,2,0,0
9609327,0,0,0,0,0,0,0
111180,2,2,0,0,0,2,7
6167,1,1,0,0,1,0,0
9603382,2,2,0,0,1,1,1
9906468,5,1,4,8,0,5,10
209277,2,1,1,1,0,2,2
9711393,3,2,1,1,0,3,4
110064,4,1,3,4,0,4,20
9804345,7,2,5,14,0,7,7
102221,10,3,7,14,0,10,33
9512280,3,1,2,3,3,0,0
9412279,2,2,0,0,1,1,1
12192,0,0,0,0,0,0,0
9508277,6,3,3,5,5,1,1
9612481,0,0,0,0,0,0,0
204318,1,1,0,0,0,1,10
9709505,1,1,0,0,1,0,0
9804267,3,2,1,1,0,3,8
9702349,2,1,1,1,0,2,6
9506457,6,6,0,0,1,5,8
9503381,2,2,0,0,2,0,0
9707221,5,3,2,3,0,5,8
9307252,3,3,0,0,3,0,0
9705214,0,0,0,0,0,0,0
3300,8,2,6,14,0,8,33
9607395,2,1,1,1,1,1,1
206099,7,1,6,13,0,7,22
9504206,2,2,0,0,1,1,2
9805441,1,1,0,0,0,1,6
9806208,0,0,0,0,0,0,0
9709500,2,2,0,0,2,0,0
9711226,3,3,0,0,0,3,4
9912345,1,1,0,0,0,1,4
109145,0,0,0,0,0,0,0
9906211,7,3,4,6,0,7,14
9409241,2,2,0,0,1,1,1
111443,1,1,0,0,1,0,0
111461,0,0,0,0,0,0,0
9608428,0,0,0,0,0,0,0
9306265,1,1,0,0,0,1,2
9609411,2,1,1,1,0,2,7
9505247,0,0,0,0,0,0,0
9709331,0,0,0,0,0,0,0
9351,0,0,0,0,0,0,0
9807477,1,1,0,0,0,1,1
9712481,0,0,0,0,0,0,0
10020,0,0,0,0,0,0,0
9508274,3,3,0,0,0,3,3
209324,0,0,0,0,0,0,0
210013,0,0,0,0,0,0,0
12156,1,1,0,0,0,1,4
206247,0,0,0,0,0,0,0
9503252,1,1,0,0,0,1,2
106232,1,1,0,0,0,1,1
102216,2,2,0,0,1,1,1
210078,2,2,0,0,0,2,14
9807526,0,0,0,0,0,0,0
9704314,2,1,1,1,2,0,0
9512347,1,1,0,0,1,0,0
9901340,4,2,2,5,4,0,0
9903445,5,3,2,3,1,4,4
9808369,1,1,0,0,0,1,6
10053,1,1,0,0,1,0,0
206001,0,0,0,0,0,0,0
9604294,6,6,0,0,0,6,6
9809327,0,0,0,0,0,0,0
204325,1,1,0,0,0,1,3
9512391,0,0,0,0,0,0,0
8225,0,0,0,0,0,0,0
9811480,2,2,0,0,0,2,2
201068,0,0,0,0,0,0,0
211175,0,0,0,0,0,0,0
9403368,6,1,5,6,6,0,0
9705385,1,1,0,0,1,0,0
102078,2,1,1,1,2,0,0
9609531,0,0,0,0,0,0,0
203177,2,1,1,1,0,2,9
9305265,0,0,0,0,0,0,0
101202,0,0,0,0,0,0,0
112198,0,0,0,0,0,0,0
9401221,2,1,1,1,2,0,0
9808240,1,1,0,0,0,1,1
9309329,0,0,0,0,0,0,0
9709285,0,0,0,0,0,0,0
9509245,1,1,0,0,1,0,0
107020,0,0,0,0,0,0,0
211072,0,0,0,0,0,0,0
209373,0,0,0,0,0,0,0
9802229,0,0,0,0,0,0,0
9906255,3,1,2,2,3,0,0
9812457,0,0,0,0,0,0,0
106038,3,1,2,2,1,2,3
9807266,10,2,8,32,0,10,13
9407202,1,1,0,0,1,0,0
108197,1,1,0,0,0,1,5
102075,2,1,1,1,0,2,10
207129,2,1,1,1,0,2,2
104193,3,1,2,3,0,3,13
9802213,1,1,0,0,0,1,3
103159,2,1,1,1,0,2,2
9312340,0,0,0,0,0,0,0
9512414,1,1,0,0,1,0,0
102025,0,0,0,0,0,0,0
112218,0,0,0,0,0,0,0
9607378,6,3,3,5,6,0,0
207156,4,2,2,2,0,4,21
9510223,1,1,0,0,0,1,1
9303232,1,1,0,0,0,1,1
3029,2,2,0,0,0,2,16
110389,0,0,0,0,0,0,0
211103,1,1,0,0,0,1,12
9803252,3,1,2,3,3,0,0
110013,0,0,0,0,0,0,0
104270,1,1,0,0,0,1,6
3283,0,0,0,0,0,0,0
9211230,3,3,0,0,3,0,0
110370,0,0,0,0,0,0,0
9701315,1,1,0,0,1,0,0
9807573,1,1,0,0,0,1,2
9501275,1,1,0,0,1,0,0
9412227,1,1,0,0,1,0,0
9608339,6,1,5,10,0,6,6
6181,3,3,0,0,0,3,6
211440,1,1,0,0,0,1,1
9903235,4,2,2,3,4,0,0
111328,3,3,0,0,0,3,18
9274,1,1,0,0,0,1,5
204140,0,0,0,0,0,0,0
1207,0,0,0,0,0,0,0
9911437,0,0,0,0,0,0,0
203085,2,2,0,0,0,2,2
210104,2,1,1,1,0,2,18
107247,0,0,0,0,0,0,0
201299,3,3,0,0,0,3,13
9506238,2,1,1,1,2,0,0
9811474,3,1,2,3,3,0,0
2059,2,1,1,1,2,0,0
110015,1,1,0,0,0,1,3
9609296,3,1,2,3,0,3,3
9301221,1,1,0,0,1,0,0
9412376,0,0,0,0,0,0,0
210095,1,1,0,0,1,0,0
205029,1,1,0,0,0,1,2
9505216,1,1,0,0,1,0,0
110178,0,0,0,0,0,0,0
9611345,3,1,2,2,3,0,0
9405222,3,3,0,0,3,0,0
204055,1,1,0,0,0,1,2
9505444,1,1,0,0,1,0,0
9410284,1,1,0,0,0,1,6
206185,1,1,0,0,1,0,0
9510234,1,1,0,0,0,1,1
9912296,0,0,0,0,0,0,0
107221,1,1,0,0,1,0,0
9512265,0,0,0,0,0,0,0
7204,0,0,0,0,0,0,0
9353,0,0,0,0,0,0,0
9805394,2,2,0,0,0,2,2
210434,0,0,0,0,0,0,0
9810475,5,3,2,2,5,0,0
9710440,0,0,0,0,0,0,0
9806533,0,0,0,0,0,0,0
9504359,0,0,0,0,0,0,0
203170,0,0,0,0,0,0,0
101188,1,1,0,0,0,1,3
9209221,2,1,1,1,2,0,0
9602203,0,0,0,0,0,0,0
209264,2,2,0,0,0,2,4
9702360,6,1,5,7,6,0,0
9801405,2,1,1,1,2,0,0
9904456,3,1,2,2,3,0,0
9910503,0,0,0,0,0,0,0
9812537,0,0,0,0,0,0,0
9901247,1,1,0,0,1,0,0
210017,0,0,0,0,0,0,0
9410289,1,1,0,0,1,0,0
9510328,0,0,0,0,0,0,0
9408307,1,1,0,0,1,0,0
9810318,0,0,0,0,0,0,0
9309324,2,1,1,1,2,0,0
10049,0,0,0,0,0,0,0
12081,0,0,0,0,0,0,0
104154,4,2,2,3,4,0,0
9610554,0,0,0,0,0,0,0
201223,0,0,0,0,0,0,0
9609416,0,0,0,0,0,0,0
206016,0,0,0,0,0,0,0
9805475,0,0,0,0,0,0,0
9804409,5,1,4,8,5,0,0
112142,0,0,0,0,0,0,0
302206,0,0,0,0,0,0,0
7051,0,0,0,0,0,0,0
9607343,1,1,0,0,0,1,5
9903487,0,0,0,0,0,0,0
202219,1,1,0,0,0,1,9
112166,2,2,0,0,0,2,13
210437,0,0,0,0,0,0,0
9801419,1,1,0,0,1,0,0
302002,1,1,0,0,0,1,3
9188,1,1,0,0,0,1,7
6143,0,0,0,0,0,0,0
209089,0,0,0,0,0,0,0
9803339,0,0,0,0,0,0,0
111174,0,0,0,0,0,0,0
9507224,0,0,0,0,0,0,0
9510315,0,0,0,0,0,0,0
201078,0,0,0,0,0,0,0
204301,0,0,0,0,0,0,0
9908226,3,1,2,2,3,0,0
210032,1,1,0,0,0,1,4
9404214,0,0,0,0,0,0,0
102345,1,1,0,0,1,0,0
1155,0,0,0,0,0,0,0
9912244,0,0,0,0,0,0,0
7163,3,2,1,1,0,3,34
205348,1,1,0,0,0,1,9
108039,3,1,2,2,0,3,8
3319,1,1,0,0,0,1,2
9608262,0,0,0,0,0,0,0
9710505,1,1,0,0,0,1,2
207082,0,0,0,0,0,0,0
210278,0,0,0,0,0,0,0
201177,1,1,0,0,0,1,1
212028,2,1,1,1,0,2,18
9709359,0,0,0,0,0,0,0
9510337,0,0,0,0,0,0,0
205151,1,1,0,0,0,1,3
205252,0,0,0,0,0,0,0
9506373,0,0,0,0,0,0,0
9602293,0,0,0,0,0,0,0
202015,2,2,0,0,0,2,3
9606221,0,0,0,0,0,0,0
9307362,3,3,0,0,3,0,0
9808226,1,1,0,0,0,1,2
9907375,0,0,0,0,0,0,0
204082,0,0,0,0,0,0,0
9407369,0,0,0,0,0,0,0
9307258,0,0,0,0,0,0,0
9602346,1,1,0,0,0,1,1
3236,0,0,0,0,0,0,0
301126,0,0,0,0,0,0,0
9503306,1,1,0,0,1,0,0
9128,1,1,0,0,0,1,6
9905508,0,0,0,0,0,0,0
210178,1,1,0,0,0,1,6
108106,3,1,2,2,1,2,2
9902249,0,0,0,0,0,0,0
9804204,1,1,0,0,1,0,0
9712421,1,1,0,0,1,0,0
207142,1,1,0,0,0,1,14
112162,1,1,0,0,0,1,19
102267,0,0,0,0,0,0,0
9242,1,1,0,0,1,0,0
212122,0,0,0,0,0,0,0
9807252,2,2,0,0,2,0,0
1262,0,0,0,0,0,0,0
6055,0,0,0,0,0,0,0
208110,1,1,0,0,0,1,4
9803469,2,2,0,0,0,2,7
205196,0,0,0,0,0,0,0
5205,0,0,0,0,0,0,0
6170,0,0,0,0,0,0,0
9809573,0,0,0,0,0,0,0
9412347,1,1,0,0,0,1,1
207039,1,1,0,0,0,1,4
2299,1,1,0,0,0,1,2
203250,0,0,0,0,0,0,0
9703339,1,1,0,0,1,0,0
201153,0,0,0,0,0,0,0
9812443,0,0,0,0,0,0,0
9911521,0,0,0,0,0,0,0
9162,0,0,0,0,0,0,0
9503244,0,0,0,0,0,0,0
4144,0,0,0,0,0,0,0
109021,1,1,0,0,1,0,0
9608234,0,0,0,0,0,0,0
9307346,1,1,0,0,1,0,0
9609305,1,1,0,0,0,1,4
9910326,2,1,1,1,2,0,0
207094,0,0,0,0,0,0,0
9508304,1,1,0,0,0,1,1
9603296,0,0,0,0,0,0,0
9805479,1,1,0,0,1,0,0
102239,0,0,0,0,0,0,0
204217,2,1,1,1,2,0,0
9505215,0,0,0,0,0,0,0
9308343,1,1,0,0,1,0,0
101156,1,1,0,0,1,0,0
9506372,0,0,0,0,0,0,0
208068,0,0,0,0,0,0,0
9511368,0,0,0,0,0,0,0
106300,0,0,0,0,0,0,0
3190,1,1,0,0,0,1,3
211234,0,0,0,0,0,0,0
204199,0,0,0,0,0,0,0
9408374,0,0,0,0,0,0,0
9911278,0,0,0,0,0,0,0
9706226,0,0,0,0,0,0,0
208258,0,0,0,0,0,0,0
12239,0,0,0,0,0,0,0
206188,0,0,0,0,0,0,0
9707350,0,0,0,0,0,0,0
4167,0,0,0,0,0,0,0
105338,2,2,0,0,2,0,0
9911312,0,0,0,0,0,0,0
9903243,1,1,0,0,0,1,3
9407272,2,2,0,0,2,0,0
9511249,1,1,0,0,1,0,0
302046,0,0,0,0,0,0,0
9907413,0,0,0,0,0,0,0
9707479,1,1,0,0,0,1,1
9124,0,0,0,0,0,0,0
9908392,0,0,0,0,0,0,0
9257,0,0,0,0,0,0,0
211443,0,0,0,0,0,0,0
9906451,1,1,0,0,0,1,1
9901284,0,0,0,0,0,0,0
9502234,1,1,0,0,1,0,0
9805462,0,0,0,0,0,0,0
9811403,1,1,0,0,0,1,1
2122,0,0,0,0,0,0,0
208229,0,0,0,0,0,0,0
302251,0,0,0,0,0,0,0
9205245,3,3,0,0,3,0,0
110068,0,0,0,0,0,0,0
8244,0,0,0,0,0,0,0
9708289,0,0,0,0,0,0,0
9706549,0,0,0,0,0,0,0
9602401,0,0,0,0,0,0,0
9610386,0,0,0,0,0,0,0
212189,0,0,0,0,0,0,0
9305301,1,1,0,0,1,0,0
301192,0,0,0,0,0,0,0
9703334,0,0,0,0,0,0,0
4034,0,0,0,0,0,0,0
105018,0,0,0,0,0,0,0
207323,1,1,0,0,0,1,2
9703229,0,0,0,0,0,0,0
9901452,0,0,0,0,0,0,0
208002,0,0,0,0,0,0,0
202062,0,0,0,0,0,0,0
207132,0,0,0,0,0,0,0
206133,0,0,0,0,0,0,0
3197,0,0,0,0,0,0,0
9412364,0,0,0,0,0,0,0
205104,0,0,0,0,0,0,0
9805280,0,0,0,0,0,0,0
9607344,1,1,0,0,1,0,0
9810384,2,2,0,0,2,0,0
108087,1,1,0,0,1,0,0
301135,0,0,0,0,0,0,0
206119,0,0,0,0,0,0,0
9512331,0,0,0,0,0,0,0
9708293,0,0,0,0,0,0,0
9706255,1,1,0,0,1,0,0
210438,0,0,0,0,0,0,0
4154,0,0,0,0,0,0,0
104093,0,0,0,0,0,0,0
9806330,0,0,0,0,0,0,0
9907405,0,0,0,0,0,0,0
301133,0,0,0,0,0,0,0
11386,0,0,0,0,0,0,0
9608268,0,0,0,0,0,0,0
9807521,0,0,0,0,0,0,0
9707501,1,1,0,0,1,0,0
9705352,0,0,0,0,0,0,0
103220,0,0,0,0,0,0,0
210107,0,0,0,0,0,0,0
101254,0,0,0,0,0,0,0
9304,0,0,0,0,0,0,0
9610462,0,0,0,0,0,0,0
9910218,0,0,0,0,0,0,0
9909247,0,0,0,0,0,0,0
9902438,0,0,0,0,0,0,0
104273,0,0,0,0,0,0,0
9605381,0,0,0,0,0,0,0
7239,0,0,0,0,0,0,0
210064,0,0,0,0,0,0,0
9411393,0,0,0,0,0,0,0
9808229,1,1,0,0,1,0,0
9909276,0,0,0,0,0,0,0
9334,1,1,0,0,1,0,0
10138,0,0,0,0,0,0,0
212152,0,0,0,0,0,0,0
9511418,0,0,0,0,0,0,0
210383,1,1,0,0,0,1,1
9508226,1,1,0,0,0,1,1
9810519,0,0,0,0,0,0,0
9511390,0,0,0,0,0,0,0
2080,0,0,0,0,0,0,0
5145,0,0,0,0,0,0,0
6137,0,0,0,0,0,0,0
301043,0,0,0,0,0,0,0
209317,0,0,0,0,0,0,0
301225,0,0,0,0,0,0,0
12380,0,0,0,0,0,0,0
6013,0,0,0,0,0,0,0
9701265,1,1,0,0,1,0,0
211365,0,0,0,0,0,0,0
9906519,1,1,0,0,1,0,0
301010,0,0,0,0,0,0,0
10184,0,0,0,0,0,0,0
105243,0,0,0,0,0,0,0
9605293,1,1,0,0,1,0,0
9705365,0,0,0,0,0,0,0
9906414,0,0,0,0,0,0,0
212084,0,0,0,0,0,0,0
9908512,0,0,0,0,0,0,0
9807533,0,0,0,0,0,0,0
9907529,1,1,0,0,1,0,0
9712268,0,0,0,0,0,0,0
211093,0,0,0,0,0,0,0
9512289,0,0,0,0,0,0,0
9702231,0,0,0,0,0,0,0
4213,52,4,48,367,0,52,267
9903535,17,3,14,65,17,0,0
301097,0,0,0,0,0,0,0
9404335,10,2,8,15,2,8,10
8065,1,1,0,0,0,1,2
209326,2,1,1,1,0,2,8
9702265,19,2,17,56,0,19,55
9507294,23,1,22,159,11,12,16
106116,12,4,8,13,0,12,209
9307295,18,5,13,57,1,17,39
9205238,33,4,29,199,33,0,0
9403230,33,2,31,171,7,26,34
9310320,31,1,30,114,4,27,27
9807228,43,1,42,313,35,8,8
9809508,10,3,7,11,1,9,9
9609276,23,4,19,122,8,15,15
9811495,23,3,20,83,0,23,79
9903308,45,3,42,314,35,10,10
9910428,25,2,23,107,0,25,185
9306235,17,1,16,50,11,6,6
9607285,13,1,12,28,0,13,37
9302223,22,1,21,103,22,0,0
9804400,13,2,11,29,0,13,49
9705392,18,2,16,61,2,16,19
9411298,4,1,3,5,4,0,0
9802334,14,7,7,10,0,14,92
9702247,5,2,3,4,0,5,32
9505369,32,4,28,139,0,32,83
9711262,55,2,53,560,0,55,314
6056,18,1,17,52,0,18,219
9809384,13,1,12,34,1,12,126
9607225,41,1,40,315,0,41,240
9704382,7,1,6,12,0,7,35
3323,19,5,14,61,0,19,262
103305,10,3,7,21,0,10,94
9412340,21,1,20,108,21,0,0
110301,2,1,1,1,0,2,14
9905464,31,1,30,141,0,31,67
9312348,2,1,1,1,2,0,0
9311209,3,1,2,2,3,0,0
9612480,14,4,10,29,0,14,65
9609497,2,2,0,0,0,2,8
9405215,5,5,0,0,0,5,10
9805476,4,1,3,3,0,4,18
9707309,17,3,14,44,0,17,72
9410414,22,1,21,125,22,0,0
9405237,34,4,30,231,16,18,18
9501232,14,2,12,26,14,0,0
9806531,4,1,3,6,4,0,0
107071,9,2,7,18,1,8,8
9206246,10,1,9,22,10,0,0
9507326,17,4,13,43,4,13,13
3146,7,3,4,7,0,7,32
9703404,24,1,23,140,6,18,31
9410387,38,5,33,210,1,37,109
9511409,9,2,7,17,0,9,191
9508346,9,4,5,11,0,9,60
105340,1,1,0,0,0,1,3
9509313,22,3,19,56,2,20,35
9906536,11,1,10,30,1,10,51
9161,1,1,0,0,0,1,20
9911463,4,1,3,4,0,4,52
9901385,3,1,2,3,0,3,13
9604340,29,3,26,180,0,29,83
9707516,10,3,7,16,0,10,28
9909506,53,2,51,610,0,53,113
4207,17,1,16,47,0,17,286
9903502,79,1,78,998,0,79,535
9206241,20,5,15,46,20,0,0
9412257,22,1,21,81,0,22,22
108036,4,1,3,3,1,3,7
105323,5,1,4,7,0,5,5
9412265,20,5,15,45,0,20,148
9401219,59,3,56,750,37,22,22
9810410,39,1,38,294,0,39,260
2285,30,5,25,116,0,30,196
9710347,4,3,1,2,0,4,31
9501222,12,1,11,31,0,12,20
9503271,26,2,24,113,4,22,75
9612460,0,0,0,0,0,0,0
9510365,53,1,52,551,0,53,105
9907458,1,1,0,0,0,1,16
9805473,21,5,16,50,1,20,54
9704317,25,3,22,106,0,25,114
9803470,4,3,1,2,0,4,9
9511267,1,1,0,0,0,1,1
9705363,3,1,2,3,0,3,3
9411377,17,1,16,59,17,0,0
9604336,3,2,1,1,1,2,4
9904219,29,1,28,172,0,29,96
9602385,18,1,17,64,13,5,5
9704358,7,2,5,15,0,7,49
111064,9,6,3,3,0,9,113
9704349,2,1,1,1,0,2,9
9908531,28,1,27,172,1,27,98
106130,6,1,5,10,0,6,12
9906206,48,5,43,329,0,48,313
11245,8,3,5,12,0,8,38
7154,2,1,1,1,0,2,13
9503251,13,2,11,49,13,0,0
9701284,79,2,77,949,1,78,265
9907409,13,5,8,12,0,13,91
1192,6,1,5,12,6,0,0
7006,18,3,15,63,0,18,260
9710550,8,1,7,12,8,0,0
9505419,18,4,14,46,6,12,20
9906265,8,1,7,19,0,8,132
9906514,10,2,8,13,0,10,199
9509348,85,2,83,875,85,0,0
104178,6,1,5,10,0,6,130
211296,0,0,0,0,0,0,0
110127,31,0,31,208,0,31,157
9908530,5,1,4,7,0,5,10
9802216,2,1,1,1,0,2,4
9905474,28,5,23,86,0,28,354
9910498,16,3,13,35,0,16,51
12096,8,5,3,5,0,8,76
9706494,8,1,7,14,0,8,8
9304226,1,1,0,0,1,0,0
9805391,1,1,0,0,0,1,1
9412259,16,2,14,75,16,0,0
9811444,5,2,3,3,5,0,0
9510442,2,1,1,1,0,2,2
101336,4,3,1,1,0,4,109
9407246,10,2,8,25,10,0,0
9812448,83,1,82,868,83,0,0
9603400,54,4,50,242,0,54,519
9508373,33,2,31,139,0,33,187
9403237,7,1,6,13,7,0,0
9405429,7,2,5,12,7,0,0
9506282,4,3,1,3,0,4,22
9412236,4,1,3,4,4,0,0
203121,2,2,0,0,0,2,37
9706253,8,2,6,10,0,8,65
9803457,22,5,17,42,0,22,181
9506242,12,2,10,38,0,12,24
107095,1,1,0,0,0,1,1
9409428,3,2,1,1,0,3,4
9312279,15,1,14,50,15,0,0
9403400,18,2,16,51,18,0,0
11254,14,2,12,38,0,14,150
9806386,4,1,3,4,0,4,15
9401312,18,5,13,43,10,8,8
1287,7,2,5,10,0,7,75
5132,0,0,0,0,0,0,0
9501297,10,4,6,13,10,0,0
9708482,2,2,0,0,0,2,2
9404306,13,2,11,37,1,12,12
5044,10,1,9,12,0,10,42
9803256,28,5,23,84,0,28,301
9303268,6,1,5,15,6,0,0
9605265,1,1,0,0,1,0,0
9907257,4,1,3,5,0,4,6
9506333,6,4,2,2,0,6,6
9806493,9,1,8,14,1,8,13
9706209,15,1,14,41,4,11,27
9605288,26,3,23,110,8,18,53
9402221,20,4,16,85,20,0,0
9504364,6,5,1,1,0,6,18
9606356,20,3,17,75,0,20,90
9801309,1,1,0,0,1,0,0
9809531,16,1,15,62,5,11,21
9710491,2,2,0,0,2,0,0
9905324,2,1,1,1,0,2,13
9702393,7,1,6,12,0,7,54
9611465,8,1,7,14,8,0,0
203266,6,2,4,10,0,6,30
10108,2,2,0,0,0,2,10
9805286,0,0,0,0,0,0,0
9807385,5,1,4,8,0,5,7
9603212,25,2,23,99,2,23,52
9907211,7,1,6,12,1,6,11
3251,5,5,0,0,0,5,46
9212279,8,2,6,16,8,0,0
9807248,4,2,2,2,0,4,4
9502251,18,2,16,94,4,14,22
9505322,7,3,4,10,7,0,0
9408353,3,2,1,2,3,0,0
9302271,12,2,10,26,12,0,0
4181,7,3,4,6,0,7,23
9408322,23,2,21,98,0,23,90
9909418,20,1,19,81,0,20,293
8124,4,3,1,1,0,4,34
9209238,12,2,10,38,12,0,0
9311278,16,1,15,51,9,7,7
9706212,12,4,8,18,1,11,13
9204226,10,2,8,25,10,0,0
9703375,37,3,34,245,0,37,236
9704363,10,4,6,12,0,10,83
9504399,4,1,3,3,0,4,9
9803242,30,2,28,115,0,30,76
9809338,4,3,1,1,0,4,15
9612349,3,1,2,2,0,3,71
9606429,17,2,15,61,9,8,8
9508275,30,1,29,207,30,0,0
9205214,12,2,10,29,12,0,0
9407287,12,4,8,19,0,12,33
9307317,10,2,8,18,10,0,0
9908202,8,2,6,7,0,8,17
9701400,8,2,6,9,0,8,20
108228,0,0,0,0,0,0,0
9905551,5,2,3,5,0,5,14
9805436,3,2,1,1,1,2,8
9812529,6,1,5,14,2,4,4
103259,1,1,0,0,0,1,20
102266,2,1,1,1,0,2,17
9311207,5,3,2,2,0,5,14
203009,2,1,1,1,0,2,2
101226,5,1,4,9,0,5,30
9503213,2,1,1,1,0,2,2
1230,6,1,5,10,3,3,4
9806290,5,3,2,5,0,5,75
9909501,8,1,7,21,8,0,0
9705251,37,2,35,215,1,36,55
9604436,9,1,8,21,9,0,0
11104,4,1,3,5,0,4,10
110200,1,1,0,0,0,1,6
9611285,7,1,6,7,7,0,0
203258,2,2,0,0,1,1,1
211318,1,1,0,0,0,1,3
9405245,1,1,0,0,0,1,3
202107,8,2,6,6,0,8,26
9708431,7,5,2,4,0,7,20
9809475,7,4,3,8,0,7,31
9209231,13,2,11,27,13,0,0
9412245,5,1,4,6,0,5,5
9509374,7,1,6,9,7,0,0
9808411,3,1,2,3,3,0,0
9412250,5,3,2,3,2,3,3
9604333,9,2,7,29,0,9,31
9710286,10,1,9,20,0,10,62
9709266,1,1,0,0,0,1,1
9307325,10,2,8,28,10,0,0
9507352,3,3,0,0,0,3,11
107101,9,1,8,12,1,8,13
9911340,7,3,4,12,5,2,2
111047,5,4,1,2,0,5,24
9707311,3,2,1,1,1,2,7
9412283,26,1,25,99,6,20,31
9504220,12,2,10,41,12,0,0
9312251,9,7,2,2,9,0,0
202210,12,3,9,27,0,12,70
201262,18,3,15,84,2,16,16
9605204,1,1,0,0,1,0,0
104112,11,1,10,35,0,11,29
11081,3,3,0,0,1,2,2
9705258,19,3,16,84,4,15,24
1073,2,2,0,0,0,2,20
203051,7,1,6,12,0,7,40
9810443,3,2,1,1,0,3,23
205033,14,1,13,38,0,14,252
9905343,1,1,0,0,0,1,2
9707369,2,2,0,0,2,0,0
9806270,2,2,0,0,0,2,12
107064,2,1,1,1,0,2,12
9902411,9,2,7,13,0,9,83
9704377,10,1,9,24,2,8,12
9903472,2,2,0,0,0,2,9
9405238,8,1,7,20,8,0,0
9509338,1,1,0,0,1,0,0
9504217,8,3,5,12,0,8,72
9410343,9,2,7,20,5,4,4
9606414,1,1,0,0,1,0,0
9810288,2,1,1,1,0,2,5
204134,3,1,2,2,0,3,8
9310349,2,1,1,1,1,1,1
9507437,15,3,12,35,2,13,19
9310369,48,1,47,363,1,47,123
9804434,5,1,4,4,0,5,5
205237,3,1,2,3,0,3,3
9910338,43,3,40,408,18,25,37
9601368,2,1,1,1,0,2,32
9810536,20,3,17,82,1,19,147
112351,14,0,14,29,0,14,76
9901363,1,1,0,0,0,1,2
9809206,1,1,0,0,1,0,0
9702262,5,1,4,6,1,4,5
9610397,3,1,2,3,0,3,11
9349,0,0,0,0,0,0,0
9811274,1,1,0,0,0,1,3
9808263,7,2,5,12,1,6,23
10016,1,1,0,0,0,1,5
4039,0,0,0,0,0,0,0
9503383,10,1,9,15,3,7,7
9711487,8,1,7,17,0,8,56
9806232,28,4,24,117,0,28,239
9106,5,1,4,5,0,5,17
3168,20,1,19,64,20,0,0
9610450,2,1,1,1,0,2,5
11035,0,0,0,0,0,0,0
9405271,15,2,13,46,0,15,84
9608480,14,2,12,47,1,13,38
205012,2,1,1,1,0,2,6
9810480,3,2,1,1,0,3,11
9611239,0,0,0,0,0,0,0
9703278,21,2,19,93,0,21,36
9612410,2,1,1,1,0,2,5
9502412,1,1,0,0,1,0,0
9712262,0,0,0,0,0,0,0
9606263,18,4,14,33,0,18,143
9910425,8,2,6,15,0,8,17
9908257,11,2,9,18,0,11,27
9605389,29,11,18,45,1,28,77
111267,5,2,3,4,0,5,32
9706229,3,1,2,2,3,0,0
9310246,4,4,0,0,4,0,0
6165,1,1,0,0,0,1,6
9604224,2,2,0,0,1,1,3
5075,5,2,3,6,5,0,0
102228,4,2,2,3,0,4,10
9809446,6,2,4,6,0,6,37
205117,5,2,3,5,0,5,32
10037,3,2,1,1,0,3,8
9908372,9,1,8,24,0,9,45
9604418,0,0,0,0,0,0,0
9910542,2,1,1,1,0,2,3
9303296,6,4,2,2,6,0,0
9506427,7,5,2,2,0,7,16
9606308,3,2,1,1,0,3,3
9910456,2,2,0,0,2,0,0
110147,0,0,0,0,0,0,0
9039,5,2,3,3,4,1,1
9905495,1,1,0,0,0,1,5
9712338,2,1,1,1,0,2,2
9001,14,1,13,61,2,12,19
9904321,3,2,1,1,0,3,29
9401256,7,6,1,1,7,0,0
109080,1,1,0,0,0,1,10
9902386,1,1,0,0,1,0,0
9901289,4,1,3,6,1,3,4
9705245,11,3,8,22,0,11,51
9901246,7,1,6,19,3,4,4
4032,1,1,0,0,0,1,18
9301237,13,2,11,42,13,0,0
101224,1,1,0,0,0,1,8
9605378,2,1,1,1,0,2,6
9908470,0,0,0,0,0,0,0
9303220,3,3,0,0,3,0,0
9912551,4,3,1,1,0,4,9
9305229,2,1,1,1,2,0,0
9611304,3,3,0,0,0,3,15
103002,7,2,5,9,1,6,17
9506438,7,1,6,11,3,4,7
10050,1,1,0,0,1,0,0
9604407,2,2,0,0,0,2,2
9310302,3,2,1,2,3,0,0
9710267,4,1,3,6,0,4,18
9301218,5,4,1,2,5,0,0
9506322,3,2,1,1,3,0,0
9612288,2,2,0,0,2,0,0
203265,1,1,0,0,1,0,0
9909554,21,5,16,59,0,21,292
112338,8,2,6,10,1,7,41
9708370,3,2,1,1,0,3,3
4021,9,3,6,10,1,8,16
103238,1,1,0,0,0,1,6
9212287,6,3,3,5,6,0,0
10270,3,2,1,1,3,0,0
107227,5,1,4,5,0,5,18
107304,1,1,0,0,0,1,1
9912216,8,3,5,11,1,7,13
9601385,2,2,0,0,0,2,6
9610429,7,1,6,16,7,0,0
9405270,3,1,2,3,3,0,0
211245,1,1,0,0,0,1,3
9412228,1,1,0,0,0,1,3
9806402,10,2,8,20,1,9,10
112103,4,2,2,2,0,4,48
9911291,11,2,9,24,4,7,12
203204,1,1,0,0,0,1,5
9808379,11,2,9,45,0,11,35
9707475,8,1,7,18,0,8,57
9904402,1,1,0,0,0,1,1
211252,0,0,0,0,0,0,0
9510415,7,1,6,14,7,0,0
9503256,0,0,0,0,0,0,0
9903333,4,3,1,2,0,4,75
9909378,1,1,0,0,0,1,10
9908295,2,2,0,0,0,2,13
9705282,5,2,3,4,0,5,17
11358,2,2,0,0,0,2,2
9607286,6,1,5,10,0,6,28
10352,10,1,9,33,0,10,63
204001,9,2,7,14,0,9,89
111125,2,2,0,0,0,2,5
12378,10,4,6,9,0,10,49
9911327,7,4,3,5,0,7,64
107069,7,1,6,14,0,7,113
9902286,2,1,1,1,0,2,2
9609289,6,2,4,6,1,5,9
101089,4,1,3,5,4,0,0
112216,3,2,1,2,0,3,14
207347,0,0,0,0,0,0,0
9710443,0,0,0,0,0,0,0
103343,15,4,11,37,0,15,112
302076,0,0,0,0,0,0,0
9508319,7,1,6,13,7,0,0
9908501,2,1,1,1,0,2,4
204204,0,0,0,0,0,0,0
9302283,6,1,5,10,6,0,0
107222,6,3,3,5,0,6,56
9904496,4,3,1,1,0,4,37
108253,2,2,0,0,0,2,13
204341,4,1,3,6,0,4,31
9812525,7,2,5,10,1,6,17
9505409,11,1,10,25,11,0,0
12377,4,2,2,2,0,4,35
9905554,4,1,3,6,0,4,8
9411370,0,0,0,0,0,0,0
9811504,0,0,0,0,0,0,0
9406378,7,2,5,11,0,7,14
9307320,10,8,2,3,0,10,15
9806333,3,1,2,3,3,0,0
9504229,10,2,8,16,10,0,0
9912425,7,1,6,15,0,7,103
9905276,2,1,1,1,0,2,14
9506405,7,3,4,6,0,7,12
6142,1,1,0,0,1,0,0
9606417,8,4,4,7,0,8,26
9607481,1,1,0,0,1,0,0
209377,0,0,0,0,0,0,0
9506356,7,1,6,11,7,0,0
9510208,0,0,0,0,0,0,0
9710415,8,1,7,19,0,8,33
9212307,4,2,2,4,4,0,0
9706392,1,1,0,0,0,1,4
9209246,4,1,3,5,4,0,0
9412331,1,1,0,0,0,1,1
9909324,8,3,5,9,0,8,58
203001,3,1,2,2,0,3,3
9803365,9,5,4,16,0,9,69
9508210,1,1,0,0,1,0,0
9801354,0,0,0,0,0,0,0
9605382,13,3,10,36,5,8,8
9308256,3,2,1,2,1,2,2
9406294,2,2,0,0,2,0,0
9610333,0,0,0,0,0,0,0
210284,0,0,0,0,0,0,0
9305254,10,7,3,3,0,10,15
9911394,3,3,0,0,0,3,4
9409457,4,1,3,4,0,4,4
209305,2,1,1,1,0,2,18
9404330,1,1,0,0,1,0,0
9908349,0,0,0,0,0,0,0
9712427,1,1,0,0,0,1,2
9408301,1,1,0,0,0,1,1
7174,5,1,4,8,0,5,15
7311,1,1,0,0,0,1,2
204340,0,0,0,0,0,0,0
9210272,9,1,8,24,9,0,0
9908427,1,1,0,0,0,1,7
9707304,1,1,0,0,0,1,3
9503260,10,2,8,15,0,10,10
9409229,7,1,6,10,7,0,0
9606348,5,3,2,2,0,5,9
9307277,1,1,0,0,0,1,1
202050,6,5,1,2,0,6,45
9808241,6,4,2,2,0,6,9
107141,9,3,6,19,0,9,44
9304254,3,3,0,0,0,3,3
9412213,5,1,4,4,5,0,0
9611397,3,3,0,0,0,3,7
3253,5,2,3,4,0,5,14
9909484,5,1,4,5,0,5,33
9506211,0,0,0,0,0,0,0
9807417,8,2,6,10,1,7,13
102332,9,3,6,22,0,9,35
108010,3,2,1,1,2,1,2
9906443,3,2,1,1,1,2,2
206057,19,2,17,30,0,19,78
9807474,2,2,0,0,0,2,8
2290,7,1,6,11,0,7,7
9905282,4,2,2,3,0,4,7
9906313,4,1,3,3,0,4,13
9808278,4,4,0,0,0,4,18
103181,0,0,0,0,0,0,0
9509247,4,1,3,4,4,0,0
9506479,1,1,0,0,1,0,0
9907345,0,0,0,0,0,0,0
207356,13,1,12,53,1,12,23
9901296,2,2,0,0,0,2,2
204121,0,0,0,0,0,0,0
9601363,7,2,5,12,7,0,0
9712523,3,2,1,1,2,1,1
12118,0,0,0,0,0,0,0
201061,5,5,0,0,0,5,16
12262,1,1,0,0,0,1,2
9603398,3,1,2,2,3,0,0
101207,2,2,0,0,0,2,4
205090,0,0,0,0,0,0,0
9702252,4,2,2,3,2,2,3
9905529,2,2,0,0,0,2,6
3069,0,0,0,0,0,0,0
206088,2,1,1,1,0,2,6
204265,6,1,5,15,6,0,0
9810284,1,1,0,0,0,1,3
3195,0,0,0,0,0,0,0
210272,0,0,0,0,0,0,0
204331,0,0,0,0,0,0,0
204115,8,3,5,6,0,8,56
210021,3,1,2,3,0,3,41
9097,2,2,0,0,1,1,1
9601319,4,2,2,3,0,4,6
9503280,8,1,7,14,8,0,0
9703365,0,0,0,0,0,0,0
9501294,2,1,1,1,2,0,0
9204219,6,3,3,4,6,0,0
9708488,7,5,2,4,4,3,3
8063,1,1,0,0,0,1,3
107294,3,2,1,1,1,2,2
9609380,2,2,0,0,1,1,2
9805463,1,1,0,0,0,1,2
9410318,6,2,4,10,6,0,0
9811247,0,0,0,0,0,0,0
9905236,3,1,2,3,3,0,0
9806235,0,0,0,0,0,0,0
9405291,1,1,0,0,1,0,0
9610287,0,0,0,0,0,0,0
9508402,6,1,5,9,0,6,25
209178,4,2,2,3,0,4,12
9805385,3,2,1,1,0,3,6
9905394,0,0,0,0,0,0,0
9408283,4,2,2,3,4,0,0
11047,0,0,0,0,0,0,0
9907276,1,1,0,0,0,1,3
209314,0,0,0,0,0,0,0
9901454,1,1,0,0,0,1,4
10250,1,1,0,0,0,1,4
9608315,1,1,0,0,0,1,2
203041,3,1,2,3,0,3,36
9812254,4,1,3,4,3,1,1
109137,4,3,1,1,0,4,39
105328,3,2,1,1,0,3,5
12288,0,0,0,0,0,0,0
9510418,3,2,1,1,0,3,8
9802302,1,1,0,0,0,1,3
9803498,4,2,2,3,0,4,27
9909438,6,3,3,7,0,6,24
9708242,0,0,0,0,0,0,0
9308284,8,1,7,17,8,0,0
9410348,4,2,2,3,4,0,0
202188,0,0,0,0,0,0,0
9608243,3,2,1,1,3,0,0
4271,8,3,5,15,4,4,4
9801376,1,1,0,0,0,1,11
9401316,2,2,0,0,0,2,4
10284,0,0,0,0,0,0,0
9911296,4,1,3,3,0,4,46
9405378,1,1,0,0,1,0,0
9502372,4,2,2,2,4,0,0
9508250,0,0,0,0,0,0,0
9612378,1,1,0,0,0,1,2
9209260,7,4,3,6,7,0,0
9903439,6,4,2,2,0,6,33
9804428,4,4,0,0,0,4,17
9904386,4,1,3,6,0,4,14
108262,8,2,6,13,6,2,2
10218,1,1,0,0,0,1,1
302089,0,0,0,0,0,0,0
9286,9,4,5,11,0,9,38
9509273,1,1,0,0,1,0,0
4192,2,1,1,1,0,2,11
212238,0,0,0,0,0,0,0
9510241,0,0,0,0,0,0,0
202064,4,2,2,3,0,4,19
205233,4,1,3,3,0,4,23
9302300,3,3,0,0,3,0,0
110079,0,0,0,0,0,0,0
205083,4,1,3,4,0,4,14
11164,1,1,0,0,0,1,4
9807218,2,2,0,0,0,2,4
12195,0,0,0,0,0,0,0
103213,0,0,0,0,0,0,0
9902453,5,2,3,3,0,5,20
9305298,0,0,0,0,0,0,0
9706452,2,1,1,1,0,2,7
9902241,2,2,0,0,2,0,0
302274,0,0,0,0,0,0,0
9602341,2,2,0,0,1,1,2
9805309,1,1,0,0,0,1,7
205037,8,3,5,10,0,8,159
9191,0,0,0,0,0,0,0
109210,0,0,0,0,0,0,0
3307,6,1,5,5,0,6,20
9805317,0,0,0,0,0,0,0
101297,3,1,2,3,0,3,17
204347,0,0,0,0,0,0,0
10118,1,1,0,0,0,1,5
9910332,0,0,0,0,0,0,0
201004,5,2,3,4,1,4,9
206128,1,1,0,0,0,1,23
1025,8,1,7,23,0,8,38
102023,2,2,0,0,0,2,8
6019,1,1,0,0,1,0,0
208238,1,1,0,0,0,1,10
211088,3,2,1,1,0,3,13
9407239,2,2,0,0,2,0,0
112195,1,1,0,0,0,1,3
9909427,1,1,0,0,0,1,2
5190,6,3,3,7,3,3,5
301265,0,0,0,0,0,0,0
7293,3,1,2,2,0,3,9
9906308,4,1,3,4,2,2,2
9211257,5,4,1,1,5,0,0
9907274,5,2,3,6,1,4,4
206035,2,2,0,0,1,1,5
9406416,4,1,3,4,1,3,3
109119,7,2,5,10,0,7,70
9804388,6,3,3,3,0,6,26
110181,9,2,7,19,0,9,13
106294,1,1,0,0,0,1,5
102149,0,0,0,0,0,0,0
302264,0,0,0,0,0,0,0
9409293,2,1,1,1,2,0,0
9209244,4,3,1,1,4,0,0
5054,2,1,1,1,0,2,11
9708399,0,0,0,0,0,0,0
202159,2,1,1,1,0,2,4
9411398,0,0,0,0,0,0,0
9509278,7,1,6,13,0,7,23
1283,0,0,0,0,0,0,0
9911446,1,1,0,0,0,1,3
105024,0,0,0,0,0,0,0
9209278,4,3,1,1,4,0,0
9811455,4,1,3,5,0,4,7
9611242,0,0,0,0,0,0,0
207013,4,1,3,6,0,4,20
201120,0,0,0,0,0,0,0
9803362,0,0,0,0,0,0,0
9405392,5,4,1,1,5,0,0
9812530,0,0,0,0,0,0,0
9604362,0,0,0,0,0,0,0
11298,0,0,0,0,0,0,0
9612306,0,0,0,0,0,0,0
9907445,3,3,0,0,0,3,9
9703223,0,0,0,0,0,0,0
204165,2,2,0,0,0,2,4
101161,1,1,0,0,0,1,5
9510264,2,2,0,0,0,2,4
9311351,0,0,0,0,0,0,0
9910496,2,1,1,1,0,2,8
11122,0,0,0,0,0,0,0
9501381,0,0,0,0,0,0,0
9808330,1,1,0,0,0,1,1
9611414,0,0,0,0,0,0,0
9511310,0,0,0,0,0,0,0
9303247,2,2,0,0,2,0,0
208197,0,0,0,0,0,0,0
4165,0,0,0,0,0,0,0
7049,3,2,1,1,0,3,4
9907344,1,1,0,0,0,1,5
101037,1,1,0,0,1,0,0
9612434,0,0,0,0,0,0,0
9508330,1,1,0,0,1,0,0
9610404,0,0,0,0,0,0,0
210106,2,2,0,0,0,2,23
9701382,0,0,0,0,0,0,0
3313,2,1,1,1,0,2,12
9709239,3,2,1,1,0,3,15
9902348,3,2,1,2,1,2,5
208231,1,1,0,0,0,1,2
9905304,2,1,1,1,0,2,10
301231,1,1,0,0,1,0,0
9807220,0,0,0,0,0,0,0
9810490,0,0,0,0,0,0,0
3049,0,0,0,0,0,0,0
9909451,3,2,1,1,0,3,8
9502244,2,2,0,0,2,0,0
9908428,2,2,0,0,1,1,1
9807541,3,1,2,2,3,0,0
9809336,1,1,0,0,1,0,0
9703206,0,0,0,0,0,0,0
9607271,6,2,4,6,6,0,0
9812428,2,2,0,0,0,2,4
9604286,1,1,0,0,1,0,0
9310260,3,2,1,1,3,0,0
9910367,6,3,3,6,0,6,6
9407323,0,0,0,0,0,0,0
9805485,0,0,0,0,0,0,0
102185,1,1,0,0,1,0,0
9404309,1,1,0,0,0,1,1
208129,0,0,0,0,0,0,0
9305333,3,3,0,0,3,0,0
9906506,0,0,0,0,0,0,0
9909443,0,0,0,0,0,0,0
9308297,0,0,0,0,0,0,0
8088,3,1,2,2,0,3,4
9810325,0,0,0,0,0,0,0
9408281,1,1,0,0,0,1,1
9912485,2,2,0,0,0,2,4
9807257,1,1,0,0,0,1,4
109142,3,2,1,1,0,3,6
9810329,5,1,4,8,0,5,13
102141,1,1,0,0,0,1,3
7221,2,1,1,1,2,0,0
210034,2,2,0,0,0,2,2
212351,2,2,0,0,0,2,2
9712344,4,1,3,6,4,0,0
301089,0,0,0,0,0,0,0
109029,0,0,0,0,0,0,0
9308299,3,2,1,1,3,0,0
9405321,0,0,0,0,0,0,0
9410285,0,0,0,0,0,0,0
9712241,0,0,0,0,0,0,0
9506384,1,1,0,0,1,0,0
209297,1,1,0,0,0,1,5
9706502,2,2,0,0,2,0,0
9306284,2,2,0,0,0,2,2
9812406,2,2,0,0,0,2,5
5032,2,1,1,1,2,0,0
109232,1,1,0,0,0,1,4
9904227,3,1,2,3,3,0,0
102334,0,0,0,0,0,0,0
107332,1,1,0,0,0,1,2
1022,1,1,0,0,0,1,1
212312,1,1,0,0,0,1,10
206220,0,0,0,0,0,0,0
4041,0,0,0,0,0,0,0
9707444,0,0,0,0,0,0,0
11269,0,0,0,0,0,0,0
9904484,1,1,0,0,1,0,0
112075,0,0,0,0,0,0,0
3132,2,1,1,1,0,2,2
207271,2,1,1,1,2,0,0
9909573,1,1,0,0,0,1,1
12293,0,0,0,0,0,0,0
9705309,0,0,0,0,0,0,0
104020,3,2,1,1,0,3,13
9902253,0,0,0,0,0,0,0
9610349,1,1,0,0,1,0,0
6283,0,0,0,0,0,0,0
209038,2,1,1,1,0,2,26
212085,0,0,0,0,0,0,0
211007,0,0,0,0,0,0,0
9811411,2,1,1,1,2,0,0
9910244,1,1,0,0,1,0,0
4219,2,1,1,1,2,0,0
102179,2,1,1,1,0,2,4
9707344,2,1,1,1,0,2,4
9703236,1,1,0,0,0,1,2
9708261,0,0,0,0,0,0,0
109252,1,1,0,0,1,0,0
204351,0,0,0,0,0,0,0
9509224,1,1,0,0,1,0,0
103022,1,1,0,0,0,1,3
9710202,1,1,0,0,0,1,1
9608263,4,2,2,3,0,4,13
202182,0,0,0,0,0,0,0
110338,0,0,0,0,0,0,0
9506468,0,0,0,0,0,0,0
207046,1,1,0,0,1,0,0
9504381,2,1,1,1,2,0,0
9807444,0,0,0,0,0,0,0
101216,2,1,1,1,2,0,0
9502387,0,0,0,0,0,0,0
9608266,3,3,0,0,3,0,0
9811309,2,1,1,1,2,0,0
9805310,0,0,0,0,0,0,0
106260,3,2,1,1,3,0,0
9810264,0,0,0,0,0,0,0
9812232,4,4,0,0,0,4,15
9712539,0,0,0,0,0,0,0
301210,0,0,0,0,0,0,0
9509215,0,0,0,0,0,0,0
9804385,5,2,3,4,0,5,19
9811341,0,0,0,0,0,0,0
108255,0,0,0,0,0,0,0
201184,3,1,2,2,0,3,3
9705464,4,1,3,3,2,2,4
9803307,1,1,0,0,1,0,0
9909236,3,2,1,1,3,0,0
9510390,0,0,0,0,0,0,0
105162,1,1,0,0,0,1,5
9710472,1,1,0,0,0,1,2
201268,0,0,0,0,0,0,0
210326,0,0,0,0,0,0,0
9608278,0,0,0,0,0,0,0
9509356,1,1,0,0,1,0,0
9701279,2,2,0,0,2,0,0
9503387,1,1,0,0,1,0,0
9803388,0,0,0,0,0,0,0
9607232,1,1,0,0,1,0,0
111221,4,1,3,3,1,3,5
5022,0,0,0,0,0,0,0
201212,1,1,0,0,1,0,0
9606453,1,1,0,0,0,1,1
9912529,0,0,0,0,0,0,0
9307289,2,2,0,0,2,0,0
3088,2,1,1,1,0,2,4
112035,1,1,0,0,0,1,7
209338,0,0,0,0,0,0,0
9409435,0,0,0,0,0,0,0
9701350,3,2,1,1,0,3,5
9510316,3,2,1,1,3,0,0
9611428,0,0,0,0,0,0,0
204056,2,2,0,0,0,2,6
105209,1,1,0,0,0,1,2
1285,0,0,0,0,0,0,0
9508227,0,0,0,0,0,0,0
9609268,0,0,0,0,0,0,0
9510297,0,0,0,0,0,0,0
205341,0,0,0,0,0,0,0
107010,4,2,2,3,0,4,28
9802417,0,0,0,0,0,0,0
2304,1,1,0,0,0,1,1
9402306,3,3,0,0,3,0,0
111212,2,1,1,1,0,2,16
205116,0,0,0,0,0,0,0
9408325,0,0,0,0,0,0,0
108052,0,0,0,0,0,0,0
9309217,3,3,0,0,3,0,0
207170,1,1,0,0,1,0,0
9908401,0,0,0,0,0,0,0
9503496,2,2,0,0,2,0,0
1292,3,2,1,1,0,3,4
209320,0,0,0,0,0,0,0
103055,0,0,0,0,0,0,0
302025,0,0,0,0,0,0,0
9703393,0,0,0,0,0,0,0
9909468,0,0,0,0,0,0,0
110023,2,1,1,1,0,2,32
9910246,0,0,0,0,0,0,0
211186,1,1,0,0,0,1,7
11142,0,0,0,0,0,0,0
9707219,0,0,0,0,0,0,0
201054,2,2,0,0,0,2,10
106008,0,0,0,0,0,0,0
9611416,0,0,0,0,0,0,0
9704367,0,0,0,0,0,0,0
9511271,1,1,0,0,0,1,1
111163,1,1,0,0,0,1,1
209118,0,0,0,0,0,0,0
207151,0,0,0,0,0,0,0
302230,0,0,0,0,0,0,0
9712335,0,0,0,0,0,0,0
9309325,0,0,0,0,0,0,0
8229,0,0,0,0,0,0,0
9405286,0,0,0,0,0,0,0
209032,0,0,0,0,0,0,0
212398,0,0,0,0,0,0,0
5155,1,1,0,0,1,0,0
9507337,1,1,0,0,1,0,0
10035,0,0,0,0,0,0,0
111116,0,0,0,0,0,0,0
301094,1,1,0,0,0,1,9
108259,2,2,0,0,0,2,3
212334,0,0,0,0,0,0,0
9902235,0,0,0,0,0,0,0
9712420,1,1,0,0,1,0,0
208056,0,0,0,0,0,0,0
9412395,0,0,0,0,0,0,0
9611395,0,0,0,0,0,0,0
106136,0,0,0,0,0,0,0
207025,1,1,0,0,1,0,0
2140,0,0,0,0,0,0,0
9612214,2,2,0,0,2,0,0
7145,0,0,0,0,0,0,0
112131,2,1,1,1,0,2,11
211094,0,0,0,0,0,0,0
102188,1,1,0,0,0,1,9
9906397,0,0,0,0,0,0,0
9906488,1,1,0,0,0,1,5
9119,0,0,0,0,0,0,0
112064,0,0,0,0,0,0,0
212042,0,0,0,0,0,0,0
9906251,2,1,1,1,2,0,0
201011,1,1,0,0,0,1,5
9802288,1,1,0,0,1,0,0
107051,1,1,0,0,1,0,0
9906489,0,0,0,0,0,0,0
212297,0,0,0,0,0,0,0
8303,0,0,0,0,0,0,0
9402361,3,3,0,0,3,0,0
9403372,0,0,0,0,0,0,0
7290,0,0,0,0,0,0,0
210187,0,0,0,0,0,0,0
9910439,0,0,0,0,0,0,0
9712247,0,0,0,0,0,0,0
9906430,0,0,0,0,0,0,0
101107,0,0,0,0,0,0,0
212201,0,0,0,0,0,0,0
207172,0,0,0,0,0,0,0
9604368,1,1,0,0,1,0,0
10095,1,1,0,0,0,1,1
103018,0,0,0,0,0,0,0
9412378,1,1,0,0,1,0,0
9811516,0,0,0,0,0,0,0
107319,0,0,0,0,0,0,0
9901287,0,0,0,0,0,0,0
201182,0,0,0,0,0,0,0
9310342,1,1,0,0,1,0,0
206146,0,0,0,0,0,0,0
2090,1,1,0,0,0,1,2
111102,0,0,0,0,0,0,0
9808250,1,1,0,0,1,0,0
302078,0,0,0,0,0,0,0
9604356,0,0,0,0,0,0,0
109057,1,1,0,0,0,1,4
12200,0,0,0,0,0,0,0
302244,0,0,0,0,0,0,0
212246,0,0,0,0,0,0,0
9611240,1,1,0,0,1,0,0
109243,0,0,0,0,0,0,0
211217,0,0,0,0,0,0,0
101177,1,1,0,0,0,1,2
302217,0,0,0,0,0,0,0
201202,1,1,0,0,0,1,1
9904466,0,0,0,0,0,0,0
9912432,0,0,0,0,0,0,0
9910450,1,1,0,0,0,1,2
9801302,0,0,0,0,0,0,0
209030,0,0,0,0,0,0,0
9904222,1,1,0,0,1,0,0
6002,0,0,0,0,0,0,0
204172,2,1,1,1,0,2,4
112272,0,0,0,0,0,0,0
9702317,0,0,0,0,0,0,0
207202,0,0,0,0,0,0,0
9609412,0,0,0,0,0,0,0
301169,0,0,0,0,0,0,0
103345,0,0,0,0,0,0,0
9506463,0,0,0,0,0,0,0
9609203,1,1,0,0,1,0,0
9410308,0,0,0,0,0,0,0
9603399,0,0,0,0,0,0,0
9808215,1,1,0,0,1,0,0
9808491,0,0,0,0,0,0,0
9709272,0,0,0,0,0,0,0
9409423,1,1,0,0,1,0,0
9907330,0,0,0,0,0,0,0
9911355,0,0,0,0,0,0,0
107246,0,0,0,0,0,0,0
9508230,0,0,0,0,0,0,0
9507345,0,0,0,0,0,0,0
12319,0,0,0,0,0,0,0
9601286,0,0,0,0,0,0,0
9211241,1,1,0,0,1,0,0
9911520,1,1,0,0,0,1,2
9113,0,0,0,0,0,0,0
202067,0,0,0,0,0,0,0
2217,0,0,0,0,0,0,0
9906306,0,0,0,0,0,0,0
211140,0,0,0,0,0,0,0
9610391,0,0,0,0,0,0,0
211452,0,0,0,0,0,0,0
9612395,0,0,0,0,0,0,0
301147,0,0,0,0,0,0,0
9809324,1,1,0,0,1,0,0
209344,0,0,0,0,0,0,0
9505400,0,0,0,0,0,0,0
9907456,0,0,0,0,0,0,0
2014,0,0,0,0,0,0,0
9402300,0,0,0,0,0,0,0
8137,0,0,0,0,0,0,0
9810256,0,0,0,0,0,0,0
9609223,0,0,0,0,0,0,0
9807381,0,0,0,0,0,0,0
11343,0,0,0,0,0,0,0
9606242,0,0,0,0,0,0,0
9810263,0,0,0,0,0,0,0
210307,0,0,0,0,0,0,0
212301,0,0,0,0,0,0,0
9309229,1,1,0,0,1,0,0
205275,0,0,0,0,0,0,0
10064,0,0,0,0,0,0,0
211392,0,0,0,0,0,0,0
210097,0,0,0,0,0,0,0
4089,0,0,0,0,0,0,0
101240,0,0,0,0,0,0,0
106111,0,0,0,0,0,0,0
9505401,0,0,0,0,0,0,0
9603403,0,0,0,0,0,0,0
302069,0,0,0,0,0,0,0
9906388,0,0,0,0,0,0,0
9309331,1,1,0,0,1,0,0
9407304,1,1,0,0,1,0,0
9608489,0,0,0,0,0,0,0
201190,1,1,0,0,1,0,0
9901232,0,0,0,0,0,0,0
301244,0,0,0,0,0,0,0
104128,0,0,0,0,0,0,0
9909329,0,0,0,0,0,0,0
208168,0,0,0,0,0,0,0
9607375,1,1,0,0,0,1,1
9406371,0,0,0,0,0,0,0
9906219,1,1,0,0,1,0,0
205203,0,0,0,0,0,0,0
104219,0,0,0,0,0,0,0
9806448,0,0,0,0,0,0,0
9905257,1,1,0,0,1,0,0
5097,0,0,0,0,0,0,0
104149,0,0,0,0,0,0,0
9801393,0,0,0,0,0,0,0
9812374,0,0,0,0,0,0,0
9803499,0,0,0,0,0,0,0
9806237,0,0,0,0,0,0,0
6126,0,0,0,0,0,0,0
9608372,0,0,0,0,0,0,0
205174,0,0,0,0,0,0,0
109270,0,0,0,0,0,0,0
210065,0,0,0,0,0,0,0
210275,0,0,0,0,0,0,0
101060,0,0,0,0,0,0,0
1210,0,0,0,0,0,0,0
108088,0,0,0,0,0,0,0
203105,0,0,0,0,0,0,0
9902344,0,0,0,0,0,0,0
9512376,1,1,0,0,1,0,0
9710243,1,1,0,0,1,0,0
5291,0,0,0,0,0,0,0
9403247,0,0,0,0,0,0,0
9512317,0,0,0,0,0,0,0
9611408,0,0,0,0,0,0,0
9405415,0,0,0,0,0,0,0
5006,21,1,20,87,0,21,83
9907243,9,3,6,23,0,9,9
111276,4,2,2,2,1,3,6
9410400,20,2,18,72,2,18,25
9912281,3,2,1,1,3,0,0
9207267,3,1,2,3,3,0,0
9702381,13,4,9,26,0,13,68
9510308,16,1,15,94,3,13,13
108059,5,4,1,1,0,5,53
9308258,2,1,1,1,0,2,4
9502291,22,2,20,86,0,22,40
9405423,13,4,9,31,3,10,21
9403338,51,4,47,318,16,35,49
9807283,50,5,45,400,2,48,117
9903262,8,3,5,8,0,8,33
9711415,19,2,17,102,19,0,0
9812475,46,3,43,251,0,46,584
9808251,49,1,48,324,1,48,345
9911258,17,1,16,64,0,17,121
9408333,29,2,27,125,9,20,48
9605214,8,3,5,18,4,4,4
9211325,5,2,3,3,1,4,4
9806256,1,1,0,0,0,1,4
9803244,11,2,9,27,0,11,35
9512268,3,2,1,2,3,0,0
9604251,5,1,4,7,0,5,31
9810232,15,7,8,16,0,15,95
9509204,71,1,70,720,3,68,345
9711469,48,2,46,439,0,48,144
6172,11,1,10,23,0,11,48
9809545,6,1,5,10,0,6,87
9607397,45,2,43,333,0,45,283
9705228,19,1,18,59,0,19,195
7080,3,2,1,1,0,3,34
104126,10,3,7,12,0,10,80
9510313,13,2,11,44,2,11,16
110411,2,2,0,0,0,2,21
9906374,36,1,35,146,0,36,164
9806515,7,2,5,9,0,7,13
9707377,9,5,4,4,0,9,9
9707222,5,1,4,9,0,5,11
9401208,7,6,1,2,0,7,13
9504265,14,2,12,40,1,13,93
9809530,3,3,0,0,0,3,16
9606378,9,1,8,28,9,0,0
9605449,0,0,0,0,0,0,0
9603214,18,3,15,85,0,18,29
9409362,12,3,9,52,0,12,12
9810440,4,1,3,4,4,0,0
9812433,1,1,0,0,0,1,12
9902230,9,2,7,18,0,9,18
9603276,21,3,18,73,6,15,24
9402288,21,2,19,60,21,0,0
9712222,57,2,55,553,4,53,138
9706265,18,3,15,31,1,17,54
9604225,5,2,3,3,0,5,16
111061,0,0,0,0,0,0,0
12087,6,1,5,7,3,3,3
9708412,9,1,8,17,2,7,7
9907267,16,3,13,33,0,16,123
9301236,28,4,24,164,28,0,0
9912305,10,1,9,23,0,10,114
9902268,7,2,5,8,1,6,17
9606431,4,1,3,5,0,4,26
9804429,12,2,10,23,0,12,78
9912251,39,2,37,367,2,37,84
5094,14,1,13,50,0,14,82
9903503,71,3,68,775,0,71,370
9209239,28,8,20,77,28,0,0
9501304,24,4,20,76,4,20,36
8217,3,1,2,2,0,3,3
207275,0,0,0,0,0,0,0
9505289,9,2,7,16,0,9,101
9407389,39,2,37,324,2,37,54
9810535,20,1,19,84,0,20,135
9908316,15,2,13,42,0,15,97
9802358,5,2,3,4,0,5,24
9506251,13,5,8,20,0,13,14
9504234,28,1,27,136,3,25,98
9311316,23,3,20,100,23,0,0
9607449,53,1,52,506,1,52,155
9810471,24,3,21,104,0,24,88
9809426,13,2,11,31,0,13,57
9705414,21,4,17,48,0,21,353
8053,2,1,1,1,0,2,6
9409432,2,1,1,1,2,0,0
9705402,3,1,2,3,0,3,6
9509248,13,2,11,35,3,10,10
9606235,1,1,0,0,0,1,1
9909265,15,1,14,41,1,14,109
9612267,12,3,9,29,0,12,16
9208221,25,3,22,144,25,0,0
112113,20,3,17,48,0,20,300
4169,16,2,14,47,0,16,80
206271,0,0,0,0,0,0,0
112117,22,2,20,65,0,22,109
9909485,27,3,24,106,0,27,307
103179,15,1,14,51,1,14,57
9909395,2,1,1,1,0,2,14
9507388,15,2,13,54,15,0,0
9706377,76,1,75,872,1,75,303
9911273,15,3,12,23,0,15,168
7289,14,1,13,51,1,13,44
9306309,34,4,30,193,34,0,0
9805422,22,1,21,79,22,0,0
9510253,3,2,1,1,0,3,3
9403290,73,2,71,813,37,36,36
9907362,31,4,27,103,0,31,342
9604383,41,1,40,271,41,0,0
201274,16,3,13,44,0,16,363
209100,2,1,1,1,0,2,14
111042,42,2,40,355,0,42,389
112061,18,1,17,69,0,18,52
9803219,8,3,5,8,0,8,32
9909555,4,1,3,6,4,0,0
9902381,5,2,3,4,1,4,4
9812337,8,1,7,19,0,8,24
108104,8,1,7,17,0,8,44
9909490,0,0,0,0,0,0,0
9809371,6,1,5,11,1,5,7
9602381,45,3,42,354,2,43,71
2147,5,3,2,3,0,5,29
9612232,11,2,9,31,1,10,10
5227,2,1,1,1,0,2,19
8147,6,4,2,2,0,6,23
9908337,22,3,19,74,0,22,170
9604237,26,4,22,77,0,26,109
9509308,33,2,31,85,0,33,262
9510350,11,3,8,19,11,0,0
9406256,9,2,7,16,9,0,0
9509337,10,1,9,15,0,10,34
9511392,9,3,6,8,0,9,22
3178,7,2,5,10,0,7,90
9708382,3,1,2,2,0,3,29
9810366,2,2,0,0,0,2,4
9509361,10,1,9,36,0,10,15
11156,2,2,0,0,2,0,0
9712386,2,1,1,1,0,2,3
9609226,16,3,13,48,0,16,43
9907489,43,2,41,260,0,43,516
9912226,21,4,17,89,0,21,215
9212210,9,3,6,16,2,7,7
9402209,18,6,12,41,8,10,10
7068,11,2,9,15,1,10,73
9710414,4,3,1,1,3,1,1
9604220,12,2,10,34,9,3,3
9602241,2,1,1,1,2,0,0
9312284,14,1,13,43,14,0,0
5129,18,2,16,50,0,18,133
9609284,1,1,0,0,0,1,10
9811396,2,1,1,1,0,2,8
9607472,6,2,4,6,0,6,15
9609480,8,2,6,12,8,0,0
9307311,14,3,11,35,14,0,0
9808481,4,1,3,5,0,4,7
9710487,18,3,15,62,1,17,47
9605387,16,2,14,79,0,16,257
9504230,12,2,10,33,5,7,7
9601303,3,2,1,1,0,3,5
101263,0,0,0,0,0,0,0
9901219,3,1,2,2,0,3,9
9901350,13,1,12,54,2,11,17
9902267,6,1,5,11,6,0,0
9812387,3,3,0,0,1,2,3
9406271,34,1,33,206,15,19,19
9508316,2,2,0,0,2,0,0
108217,11,2,9,25,11,0,0
9912545,0,0,0,0,0,0,0
9605459,6,4,2,3,6,0,0
9811262,3,1,2,3,0,3,8
9603380,5,1,4,6,5,0,0
9701308,12,4,8,23,11,1,1
5093,5,4,1,1,0,5,62
9307203,7,1,6,11,7,0,0
12346,10,1,9,26,1,9,41
9607314,20,4,16,99,6,14,14
9604434,5,2,3,5,5,0,0
9702352,2,1,1,1,2,0,0
9401228,26,6,20,80,0,26,100
7222,14,3,11,19,0,14,85
9411429,7,1,6,12,0,7,21
9910267,2,1,1,1,0,2,17
11026,8,3,5,7,0,8,47
9301280,9,1,8,23,9,0,0
9210227,8,1,7,22,8,0,0
9311321,9,2,7,16,9,0,0
9303238,26,3,23,129,26,0,0
9703444,11,1,10,26,6,5,7
9705399,16,2,14,53,0,16,303
9612485,3,2,1,2,0,3,10
9804209,30,5,25,70,0,30,122
9904370,13,2,11,29,0,13,122
9702310,5,3,2,3,0,5,111
9608412,11,2,9,20,11,0,0
9509327,47,1,46,413,16,31,38
9510312,4,2,2,2,0,4,4
9311255,11,5,6,13,11,0,0
9407382,6,4,2,2,0,6,6
9809282,5,1,4,7,5,0,0
9302217,9,1,8,22,9,0,0
9401342,4,2,2,2,4,0,0
9908388,12,3,9,35,0,12,38
9401269,8,4,4,14,8,0,0
9907471,4,1,3,6,0,4,7
106135,12,3,9,23,0,12,178
9511430,24,1,23,110,4,20,42
9311228,21,8,13,39,0,21,111
110004,3,1,2,3,3,0,0
104162,12,1,11,30,0,12,178
9412294,12,3,9,17,8,4,4
6134,7,2,5,16,1,6,6
9802252,6,2,4,7,0,6,55
9910546,5,1,4,8,0,5,7
9707259,31,3,28,97,0,31,100
9507341,3,1,2,2,0,3,6
4243,8,3,5,16,1,7,14
205158,0,0,0,0,0,0,0
9501379,20,2,18,56,0,20,34
9211269,1,1,0,0,1,0,0
203010,0,0,0,0,0,0,0
9504373,4,2,2,2,0,4,4
106190,28,3,25,149,0,28,106
9909475,1,1,0,0,0,1,7
9908351,5,1,4,7,0,5,32
9707476,4,1,3,5,0,4,10
9511289,0,0,0,0,0,0,0
9510396,7,1,6,9,7,0,0
9810552,5,2,3,7,1,4,8
9301283,4,1,3,4,4,0,0
9606310,19,1,18,74,0,19,110
9802329,14,2,12,33,0,14,40
9605344,2,1,1,1,2,0,0
9211206,1,1,0,0,1,0,0
9602333,3,2,1,1,0,3,16
109066,9,6,3,4,0,9,32
9307368,3,1,2,3,3,0,0
1072,15,2,13,36,0,15,16
9608233,10,2,8,21,0,10,104
9701330,18,5,13,38,0,18,50
9603428,10,3,7,25,10,0,0
9403240,11,8,3,4,11,0,0
204288,2,2,0,0,0,2,18
201277,8,1,7,18,1,7,7
9309287,5,3,2,4,5,0,0
104130,10,1,9,25,0,10,30
9909563,4,2,2,2,4,0,0
9902294,13,4,9,34,1,12,31
9910497,1,1,0,0,0,1,10
10245,1,1,0,0,0,1,1
9812421,2,1,1,1,0,2,5
205284,7,1,6,13,0,7,100
9810466,26,5,21,98,0,26,212
9605422,0,0,0,0,0,0,0
9503390,4,2,2,2,3,1,1
9511253,1,1,0,0,0,1,1
9903536,4,2,2,3,0,4,34
9411287,22,5,17,64,12,10,10
9702419,6,3,3,5,1,5,5
9508264,10,1,9,21,3,7,7
9910283,10,4,6,15,0,10,127
207332,0,0,0,0,0,0,0
9507451,4,1,3,4,0,4,11
9806331,1,1,0,0,1,0,0
9710308,3,1,2,3,3,0,0
110262,10,3,7,16,2,8,8
9405216,2,2,0,0,1,1,1
9606247,7,2,5,13,0,7,17
212043,0,0,0,0,0,0,0
9811381,0,0,0,0,0,0,0
9030,3,1,2,3,3,0,0
9912503,34,1,33,305,0,34,92
9712305,5,2,3,3,0,5,51
9811500,33,2,31,175,2,31,93
5263,13,2,11,28,0,13,39
9604314,4,3,1,1,4,0,0
9707541,2,2,0,0,0,2,8
9806215,4,1,3,3,1,3,3
9808413,2,2,0,0,0,2,15
9605228,1,1,0,0,1,0,0
9805452,2,2,0,0,0,2,5
9811347,4,1,3,6,0,4,8
9508311,5,4,1,1,5,0,0
9204216,5,2,3,4,5,0,0
9511326,8,4,4,6,0,8,14
9802218,1,1,0,0,0,1,5
9806305,28,4,24,123,0,28,182
10070,4,1,3,4,0,4,18
3169,17,3,14,30,0,17,17
9612454,15,1,14,36,2,13,34
9804270,2,1,1,1,2,0,0
9405366,4,2,2,5,0,4,27
9704222,16,1,15,54,0,16,76
206124,5,2,3,5,0,5,14
9402308,3,1,2,2,0,3,3
9806243,0,0,0,0,0,0,0
111150,14,5,9,25,0,14,123
9703263,1,1,0,0,0,1,3
9808465,0,0,0,0,0,0,0
9602392,4,4,0,0,1,3,5
9612453,21,4,17,40,0,21,130
9803201,8,1,7,15,8,0,0
2021,1,1,0,0,0,1,8
9701209,5,3,2,2,0,5,22
9902280,2,2,0,0,0,2,23
9708337,2,1,1,1,0,2,2
9612278,3,2,1,1,3,0,0
2276,2,1,1,1,0,2,7
9506270,8,2,6,17,6,2,2
206180,0,0,0,0,0,0,0
9307265,0,0,0,0,0,0,0
9607245,14,4,10,31,0,14,20
205289,9,7,2,4,0,9,61
9910273,2,1,1,1,0,2,7
10252,2,2,0,0,0,2,16
9509414,2,2,0,0,1,1,1
9905576,2,1,1,1,0,2,15
9501361,7,1,6,16,0,7,7
9311320,9,5,4,9,6,3,5
9305212,5,2,3,8,5,0,0
203091,7,3,4,7,0,7,73
9149,3,3,0,0,0,3,9
5090,2,1,1,1,2,0,0
9809272,4,1,3,3,0,4,15
9501316,1,1,0,0,1,0,0
9912449,0,0,0,0,0,0,0
9910530,1,1,0,0,0,1,9
9807519,5,1,4,9,0,5,22
109154,4,1,3,4,0,4,34
7069,8,2,6,9,2,6,6
9912445,0,0,0,0,0,0,0
9802352,14,1,13,41,0,14,80
9608472,11,3,8,29,11,0,0
6103,5,3,2,3,0,5,25
9402341,14,2,12,37,14,0,0
8005,4,4,0,0,0,4,53
9605364,1,1,0,0,0,1,1
9905528,0,0,0,0,0,0,0
9510203,1,1,0,0,1,0,0
9411266,1,1,0,0,0,1,1
202083,0,0,0,0,0,0,0
9212234,3,2,1,1,3,0,0
104280,4,2,2,2,1,3,5
9609240,3,2,1,1,0,3,25
108242,1,1,0,0,0,1,3
9601348,3,1,2,2,3,0,0
9408308,8,2,6,9,0,8,8
9803265,5,1,4,7,0,5,12
7025,0,0,0,0,0,0,0
9707474,3,1,2,2,1,2,2
9810247,0,0,0,0,0,0,0
110245,1,1,0,0,0,1,1
9912451,28,4,24,88,0,28,387
9910442,10,6,4,10,0,10,67
9504281,4,4,0,0,4,0,0
103274,8,3,5,10,0,8,31
9408336,7,3,4,7,0,7,12
9212310,7,3,4,4,7,0,0
104294,8,3,5,6,2,6,6
2241,6,2,4,8,0,6,10
106326,3,2,1,1,1,2,2
208120,0,0,0,0,0,0,0
9511396,1,1,0,0,1,0,0
9801414,7,2,5,14,1,6,8
9902369,4,1,3,5,2,2,2
208204,1,1,0,0,0,1,3
209225,0,0,0,0,0,0,0
105093,3,1,2,3,3,0,0
110243,4,1,3,4,0,4,43
209330,1,1,0,0,0,1,12
6239,3,1,2,3,3,0,0
9711437,0,0,0,0,0,0,0
9606212,15,3,12,61,0,15,88
9710547,10,2,8,9,0,10,45
11048,9,3,6,11,0,9,75
9604267,10,1,9,19,4,6,6
9309307,2,2,0,0,2,0,0
9807231,0,0,0,0,0,0,0
9703330,3,2,1,1,0,3,10
9903504,1,1,0,0,0,1,16
4015,2,1,1,1,0,2,2
9807378,4,2,2,3,4,0,0
9708374,4,1,3,4,0,4,21
9810223,12,1,11,52,0,12,16
11229,5,2,3,4,0,5,34
6262,6,2,4,8,3,3,3
9704229,3,3,0,0,0,3,10
106004,2,2,0,0,0,2,32
108250,4,1,3,5,0,4,90
9901233,3,2,1,1,0,3,5
9711298,6,3,3,6,1,5,13
102217,2,1,1,1,2,0,0
111432,9,2,7,18,0,9,44
105288,5,5,0,0,0,5,42
9503407,1,1,0,0,1,0,0
106012,16,4,12,28,0,16,277
207235,2,1,1,1,0,2,12
9601201,13,3,10,24,2,11,17
212132,1,1,0,0,0,1,20
204089,1,1,0,0,0,1,2
9712279,2,1,1,1,0,2,6
111188,4,1,3,3,0,4,52
9908393,7,2,5,8,0,7,24
9811214,4,1,3,5,3,1,1
105049,2,2,0,0,0,2,7
9311257,8,2,6,16,8,0,0
9504310,1,1,0,0,0,1,14
12254,2,1,1,1,0,2,7
107063,0,0,0,0,0,0,0
9403359,6,3,3,4,6,0,0
9608253,6,4,2,3,6,0,0
9411388,9,3,6,17,9,0,0
203255,0,0,0,0,0,0,0
9905497,1,1,0,0,0,1,1
9803390,6,3,3,3,0,6,6
9707427,0,0,0,0,0,0,0
9910457,0,0,0,0,0,0,0
9309303,9,4,5,13,9,0,0
9809344,1,1,0,0,1,0,0
9609482,4,3,1,1,0,4,16
12177,1,1,0,0,1,0,0
112045,3,1,2,2,0,3,9
9607462,4,1,3,4,1,3,4
9404346,5,3,2,2,5,0,0
9805361,5,2,3,7,0,5,29
9403291,1,1,0,0,0,1,3
9311213,5,4,1,1,5,0,0
9509263,8,1,7,15,5,3,3
9505394,3,2,1,1,1,2,2
9708372,3,1,2,2,1,2,4
201148,6,3,3,6,6,0,0
103131,0,0,0,0,0,0,0
9703216,3,1,2,2,0,3,9
203012,0,0,0,0,0,0,0
9609401,8,2,6,15,0,8,27
9403337,1,1,0,0,0,1,1
6218,0,0,0,0,0,0,0
9607392,5,5,0,0,5,0,0
112106,1,1,0,0,0,1,4
102292,1,1,0,0,0,1,11
9807484,0,0,0,0,0,0,0
9910459,1,1,0,0,0,1,1
212068,1,1,0,0,0,1,7
9301272,2,2,0,0,2,0,0
9707514,3,2,1,1,0,3,8
104279,1,1,0,0,0,1,4
9305252,2,1,1,1,2,0,0
9301205,3,1,2,3,3,0,0
101269,6,3,3,4,0,6,22
206203,1,1,0,0,0,1,3
9408246,5,1,4,8,5,0,0
9710238,2,1,1,1,0,2,4
9807495,3,2,1,1,0,3,7
9505232,9,2,7,18,5,4,7
9502293,8,1,7,12,1,7,20
9409386,9,1,8,14,8,1,1
9209252,6,3,3,4,6,0,0
110266,3,1,2,3,0,3,16
110310,4,4,0,0,0,4,8
9509223,1,1,0,0,1,0,0
9311324,1,1,0,0,0,1,1
9709309,0,0,0,0,0,0,0
4194,1,1,0,0,0,1,1
9910403,7,1,6,11,7,0,0
9711272,7,4,3,3,0,7,24
9411247,4,2,2,2,4,0,0
9412286,7,2,5,10,6,1,2
105142,5,1,4,10,0,5,29
8206,2,1,1,1,2,0,0
4155,1,1,0,0,1,0,0
7272,4,2,2,2,0,4,19
101030,1,1,0,0,0,1,3
105100,8,2,6,9,2,6,14
9802272,2,1,1,1,0,2,10
9406364,1,1,0,0,1,0,0
9903212,0,0,0,0,0,0,0
9712476,8,4,4,8,0,8,26
9607458,3,2,1,1,0,3,3
9409307,2,2,0,0,2,0,0
9407356,1,1,0,0,1,0,0
208016,11,2,9,37,0,11,23
9061,0,0,0,0,0,0,0
203252,1,1,0,0,1,0,0
202232,0,0,0,0,0,0,0
9905375,1,1,0,0,1,0,0
210328,0,0,0,0,0,0,0
201091,1,1,0,0,0,1,5
9709342,4,2,2,4,4,0,0
202112,4,1,3,5,0,4,19
112104,6,2,4,5,0,6,16
108057,3,2,1,1,0,3,18
9705249,4,1,3,4,3,1,2
9905516,0,0,0,0,0,0,0
210410,1,1,0,0,0,1,12
9903450,4,2,2,4,0,4,4
205061,8,1,7,23,0,8,24
9702256,8,2,6,14,1,7,9
2057,2,2,0,0,0,2,12
107018,2,1,1,1,2,0,0
108014,4,2,2,2,1,3,5
110345,3,1,2,3,0,3,7
210048,1,1,0,0,0,1,11
104072,1,1,0,0,0,1,1
9601370,3,1,2,2,0,3,9
9504226,2,1,1,1,0,2,2
9608244,1,1,0,0,1,0,0
9603436,3,1,2,3,3,0,0
105130,0,0,0,0,0,0,0
9911373,1,1,0,0,0,1,1
9708332,1,1,0,0,0,1,7
211178,0,0,0,0,0,0,0
211057,0,0,0,0,0,0,0
9603364,1,1,0,0,0,1,1
9509244,2,1,1,1,2,0,0
9512250,2,2,0,0,2,0,0
9911512,2,1,1,1,2,0,0
9510206,4,3,1,1,3,1,1
9303275,1,1,0,0,1,0,0
9504285,4,3,1,1,4,0,0
9511327,5,1,4,4,0,5,25
210304,3,1,2,3,0,3,5
9904271,0,0,0,0,0,0,0
5078,1,1,0,0,0,1,1
9903346,2,1,1,1,1,1,1
7240,2,2,0,0,2,0,0
209087,0,0,0,0,0,0,0
110050,1,1,0,0,1,0,0
9801372,0,0,0,0,0,0,0
9904390,2,2,0,0,1,1,1
9303293,5,1,4,6,5,0,0
9507221,1,1,0,0,1,0,0
9507357,2,1,1,1,2,0,0
9711405,1,1,0,0,1,0,0
9804361,4,2,2,2,1,3,3
1257,1,1,0,0,0,1,5
9603338,2,2,0,0,0,2,6
10062,4,1,3,3,0,4,9
9609442,1,1,0,0,0,1,1
9407336,13,1,12,44,13,0,0
9511367,1,1,0,0,0,1,4
9709221,6,2,4,8,1,5,20
9703441,3,2,1,1,0,3,3
9606424,0,0,0,0,0,0,0
211131,0,0,0,0,0,0,0
106312,4,1,3,5,0,4,6
9404263,1,1,0,0,0,1,1
9028,0,0,0,0,0,0,0
9908324,2,2,0,0,0,2,6
101047,0,0,0,0,0,0,0
9312283,1,1,0,0,1,0,0
107116,3,1,2,3,0,3,19
9407342,6,5,1,1,0,6,6
9709257,1,1,0,0,0,1,1
9307232,7,6,1,3,7,0,0
9711364,0,0,0,0,0,0,0
101043,2,2,0,0,0,2,17
9906432,5,1,4,7,0,5,22
9607278,5,2,3,8,5,0,0
9904442,4,2,2,2,4,0,0
202246,7,4,3,5,0,7,33
9908467,4,1,3,4,1,3,6
204212,0,0,0,0,0,0,0
9901249,0,0,0,0,0,0,0
210238,2,2,0,0,0,2,12
9312225,3,3,0,0,3,0,0
203188,6,3,3,7,0,6,33
205235,1,1,0,0,0,1,12
9906205,1,1,0,0,1,0,0
9602408,1,1,0,0,1,0,0
212048,1,1,0,0,0,1,3
9912512,6,1,5,10,6,0,0
9807545,7,5,2,3,0,7,7
9303297,0,0,0,0,0,0,0
9608443,6,1,5,11,6,0,0
9512277,2,1,1,1,2,0,0
9302214,3,3,0,0,3,0,0
9412255,3,1,2,3,3,0,0
9906337,1,1,0,0,1,0,0
207174,2,1,1,1,0,2,18
9710564,0,0,0,0,0,0,0
9909513,0,0,0,0,0,0,0
208007,3,2,1,1,0,3,21
3151,4,2,2,4,2,2,2
9510233,1,1,0,0,1,0,0
9903401,0,0,0,0,0,0,0
207303,1,1,0,0,0,1,2
3123,5,2,3,6,0,5,50
104296,1,1,0,0,1,0,0
6031,2,1,1,1,0,2,8
9506366,0,0,0,0,0,0,0
106350,3,1,2,3,3,0,0
201055,3,2,1,1,0,3,19
9907293,4,1,3,6,0,4,9
110340,2,1,1,1,0,2,5
204278,0,0,0,0,0,0,0
9603263,2,1,1,1,0,2,6
301093,0,0,0,0,0,0,0
302034,0,0,0,0,0,0,0
9610239,0,0,0,0,0,0,0
110038,0,0,0,0,0,0,0
2095,2,1,1,1,2,0,0
206094,0,0,0,0,0,0,0
106080,0,0,0,0,0,0,0
9908411,3,2,1,1,0,3,3
110209,1,1,0,0,1,0,0
9908284,7,1,6,18,1,6,6
207125,9,3,6,20,1,8,29
9407294,1,1,0,0,0,1,1
12272,1,1,0,0,0,1,6
9804413,3,2,1,1,0,3,10
201294,7,3,4,7,0,7,35
104153,3,2,1,1,0,3,13
9912338,8,3,5,13,0,8,84
6017,2,2,0,0,0,2,2
9406218,2,1,1,1,2,0,0
9601217,1,1,0,0,0,1,1
9907556,5,2,3,4,0,5,32
9706305,1,1,0,0,1,0,0
8315,5,1,4,7,1,4,5
9303203,3,3,0,0,3,0,0
209142,0,0,0,0,0,0,0
9902321,2,2,0,0,0,2,12
9805227,1,1,0,0,0,1,1
8076,5,5,0,0,0,5,5
9211285,2,2,0,0,2,0,0
9905444,6,1,5,10,0,6,17
9707517,1,1,0,0,0,1,3
208058,3,1,2,3,0,3,12
9512350,0,0,0,0,0,0,0
9811231,0,0,0,0,0,0,0
9304268,1,1,0,0,1,0,0
9801202,3,1,2,2,3,0,0
105030,0,0,0,0,0,0,0
9901321,6,4,2,3,0,6,19
9609425,0,0,0,0,0,0,0
9703378,5,1,4,8,0,5,5
9506376,1,1,0,0,0,1,1
301206,0,0,0,0,0,0,0
102275,2,2,0,0,0,2,6
9903391,0,0,0,0,0,0,0
9204220,1,1,0,0,1,0,0
9912262,3,1,2,2,0,3,11
9310361,0,0,0,0,0,0,0
9609288,0,0,0,0,0,0,0
207360,0,0,0,0,0,0,0
9404266,3,3,0,0,3,0,0
9507255,0,0,0,0,0,0,0
9711430,3,3,0,0,3,0,0
205188,1,1,0,0,1,0,0
104308,1,1,0,0,0,1,8
9708454,3,2,1,1,3,0,0
9912217,3,3,0,0,1,2,3
107188,2,1,1,1,0,2,4
9412313,0,0,0,0,0,0,0
9401247,4,4,0,0,4,0,0
202172,1,1,0,0,0,1,3
207008,1,1,0,0,1,0,0
9811510,1,1,0,0,0,1,2
9910523,2,1,1,1,0,2,7
9701321,1,1,0,0,0,1,1
9909205,2,1,1,1,0,2,2
4121,0,0,0,0,0,0,0
9911215,2,1,1,1,0,2,23
110066,1,1,0,0,1,0,0
9801335,1,1,0,0,1,0,0
9806323,2,2,0,0,0,2,8
1296,1,1,0,0,0,1,10
9811453,4,2,2,3,4,0,0
9409373,0,0,0,0,0,0,0
210256,0,0,0,0,0,0,0
6299,3,1,2,2,0,3,15
9409304,0,0,0,0,0,0,0
9702416,2,2,0,0,2,0,0
9705220,3,1,2,3,3,0,0
9711493,0,0,0,0,0,0,0
9604288,5,2,3,3,5,0,0
9506229,1,1,0,0,1,0,0
9710246,1,1,0,0,0,1,2
9507229,0,0,0,0,0,0,0
212264,0,0,0,0,0,0,0
206062,0,0,0,0,0,0,0
3047,1,1,0,0,0,1,4
104158,0,0,0,0,0,0,0
9709488,1,1,0,0,0,1,5
9806488,3,1,2,3,0,3,6
6344,1,1,0,0,0,1,9
9205217,1,1,0,0,1,0,0
9603347,0,0,0,0,0,0,0
210373,0,0,0,0,0,0,0
9509402,0,0,0,0,0,0,0
9702275,5,3,2,2,1,4,4
9808373,1,1,0,0,0,1,4
111162,1,1,0,0,0,1,2
9907382,6,1,5,13,0,6,20
206169,0,0,0,0,0,0,0
209091,1,1,0,0,0,1,14
208076,0,0,0,0,0,0,0
208158,0,0,0,0,0,0,0
9311216,3,1,2,3,3,0,0
209339,1,1,0,0,1,0,0
103160,1,1,0,0,0,1,2
9503460,0,0,0,0,0,0,0
9708208,3,2,1,1,3,0,0
12246,0,0,0,0,0,0,0
9509314,5,1,4,6,5,0,0
207339,0,0,0,0,0,0,0
203220,4,1,3,4,0,4,14
9905573,2,2,0,0,2,0,0
9606302,4,2,2,2,3,1,1
9206201,4,2,2,2,4,0,0
102311,1,1,0,0,0,1,1
101154,0,0,0,0,0,0,0
209015,1,1,0,0,0,1,2
9409322,0,0,0,0,0,0,0
9907227,0,0,0,0,0,0,0
205075,0,0,0,0,0,0,0
9804415,1,1,0,0,1,0,0
5157,1,1,0,0,0,1,2
9905201,1,1,0,0,1,0,0
9610516,2,2,0,0,2,0,0
9809255,6,3,3,5,6,0,0
9812299,0,0,0,0,0,0,0
4212,2,1,1,1,0,2,6
9610346,0,0,0,0,0,0,0
8234,0,0,0,0,0,0,0
9602398,3,1,2,3,3,0,0
9190,0,0,0,0,0,0,0
9802211,1,1,0,0,0,1,2
111392,0,0,0,0,0,0,0
9801301,3,3,0,0,0,3,4
9512402,0,0,0,0,0,0,0
204155,0,0,0,0,0,0,0
212402,0,0,0,0,0,0,0
9504315,0,0,0,0,0,0,0
210442,1,1,0,0,0,1,8
2165,2,2,0,0,0,2,5
3229,0,0,0,0,0,0,0
106299,2,1,1,1,1,1,1
5246,2,1,1,1,0,2,5
9609355,1,1,0,0,0,1,3
9808314,0,0,0,0,0,0,0
9508381,1,1,0,0,1,0,0
9508367,0,0,0,0,0,0,0
9809419,0,0,0,0,0,0,0
205124,0,0,0,0,0,0,0
9506464,1,1,0,0,0,1,1
112169,1,1,0,0,0,1,4
108184,0,0,0,0,0,0,0
107008,0,0,0,0,0,0,0
9705301,0,0,0,0,0,0,0
102215,1,1,0,0,0,1,1
9606462,1,1,0,0,1,0,0
9908481,3,3,0,0,0,3,14
9805278,1,1,0,0,0,1,2
101284,1,1,0,0,0,1,1
9209233,1,1,0,0,1,0,0
10039,0,0,0,0,0,0,0
9901344,3,3,0,0,0,3,9
9805325,1,1,0,0,0,1,9
211198,0,0,0,0,0,0,0
102107,0,0,0,0,0,0,0
8002,0,0,0,0,0,0,0
9804287,0,0,0,0,0,0,0
208066,1,1,0,0,0,1,4
9704261,1,1,0,0,0,1,1
9603334,0,0,0,0,0,0,0
9801312,0,0,0,0,0,0,0
9912392,1,1,0,0,1,0,0
5241,1,1,0,0,0,1,3
205320,0,0,0,0,0,0,0
112147,0,0,0,0,0,0,0
9194,0,0,0,0,0,0,0
212098,0,0,0,0,0,0,0
9706240,1,1,0,0,0,1,1
9607425,1,1,0,0,1,0,0
107239,0,0,0,0,0,0,0
10282,0,0,0,0,0,0,0
5322,0,0,0,0,0,0,0
9501306,0,0,0,0,0,0,0
210281,0,0,0,0,0,0,0
9507204,2,1,1,1,2,0,0
9703251,1,1,0,0,1,0,0
9605276,1,1,0,0,1,0,0
9912312,4,1,3,5,4,0,0
9512444,1,1,0,0,1,0,0
9808427,0,0,0,0,0,0,0
211355,0,0,0,0,0,0,0
9510353,1,1,0,0,1,0,0
10249,0,0,0,0,0,0,0
5287,1,1,0,0,0,1,3
202241,0,0,0,0,0,0,0
112043,0,0,0,0,0,0,0
11158,0,0,0,0,0,0,0
9902202,0,0,0,0,0,0,0
106220,1,1,0,0,1,0,0
9906330,1,1,0,0,0,1,1
9409389,1,1,0,0,1,0,0
6010,2,1,1,1,2,0,0
9609522,0,0,0,0,0,0,0
9612491,0,0,0,0,0,0,0
2219,0,0,0,0,0,0,0
9909399,0,0,0,0,0,0,0
111329,0,0,0,0,0,0,0
201240,2,1,1,1,0,2,9
211312,0,0,0,0,0,0,0
9402235,0,0,0,0,0,0,0
9903392,0,0,0,0,0,0,0
112154,1,1,0,0,0,1,7
302036,0,0,0,0,0,0,0
201007,1,1,0,0,0,1,1
9810305,0,0,0,0,0,0,0
302117,0,0,0,0,0,0,0
9601222,0,0,0,0,0,0,0
9909426,2,1,1,1,0,2,2
9912243,1,1,0,0,1,0,0
9809273,2,2,0,0,0,2,8
8224,2,1,1,1,0,2,6
10010,1,1,0,0,1,0,0
106126,1,1,0,0,1,0,0
9707212,0,0,0,0,0,0,0
9507389,1,1,0,0,1,0,0
204068,1,1,0,0,0,1,35
9904446,0,0,0,0,0,0,0
9501354,0,0,0,0,0,0,0
211165,0,0,0,0,0,0,0
9407275,1,1,0,0,1,0,0
9602370,0,0,0,0,0,0,0
10236,0,0,0,0,0,0,0
9511374,1,1,0,0,0,1,5
9605393,1,1,0,0,1,0,0
9807273,0,0,0,0,0,0,0
9130,2,2,0,0,0,2,4
202250,3,1,2,3,0,3,9
9701263,0,0,0,0,0,0,0
201243,0,0,0,0,0,0,0
9605310,1,1,0,0,1,0,0
9811325,0,0,0,0,0,0,0
1038,3,3,0,0,0,3,6
9906483,0,0,0,0,0,0,0
207134,1,1,0,0,0,1,4
301108,0,0,0,0,0,0,0
9610409,2,2,0,0,2,0,0
209261,0,0,0,0,0,0,0
9309249,2,2,0,0,2,0,0
9710435,0,0,0,0,0,0,0
205318,1,1,0,0,0,1,6
9260,0,0,0,0,0,0,0
208098,1,1,0,0,1,0,0
9809526,0,0,0,0,0,0,0
9806490,0,0,0,0,0,0,0
2270,0,0,0,0,0,0,0
9410379,0,0,0,0,0,0,0
211208,0,0,0,0,0,0,0
9703462,0,0,0,0,0,0,0
9404314,0,0,0,0,0,0,0
9409394,0,0,0,0,0,0,0
9909320,0,0,0,0,0,0,0
212252,1,1,0,0,0,1,5
204230,1,1,0,0,0,1,4
202046,0,0,0,0,0,0,0
101320,1,1,0,0,0,1,7
1258,1,1,0,0,0,1,6
9909463,1,1,0,0,0,1,5
9906428,2,2,0,0,2,0,0
11320,3,2,1,1,0,3,14
210317,0,0,0,0,0,0,0
8095,0,0,0,0,0,0,0
104235,0,0,0,0,0,0,0
9901359,0,0,0,0,0,0,0
9807429,0,0,0,0,0,0,0
106241,0,0,0,0,0,0,0
207237,1,1,0,0,0,1,3
9910504,0,0,0,0,0,0,0
9408273,3,3,0,0,3,0,0
9506339,0,0,0,0,0,0,0
9910207,1,1,0,0,1,0,0
9505268,0,0,0,0,0,0,0
2040,0,0,0,0,0,0,0
301123,0,0,0,0,0,0,0
9609402,0,0,0,0,0,0,0
9502231,0,0,0,0,0,0,0
301074,0,0,0,0,0,0,0
108099,0,0,0,0,0,0,0
9511370,0,0,0,0,0,0,0
9803233,0,0,0,0,0,0,0
212031,0,0,0,0,0,0,0
9711467,0,0,0,0,0,0,0
9507207,0,0,0,0,0,0,0
105231,0,0,0,0,0,0,0
9807202,0,0,0,0,0,0,0
107236,2,2,0,0,0,2,7
9705459,0,0,0,0,0,0,0
9903523,1,1,0,0,0,1,1
9901205,0,0,0,0,0,0,0
207061,0,0,0,0,0,0,0
210412,0,0,0,0,0,0,0
302035,1,1,0,0,0,1,17
9910463,0,0,0,0,0,0,0
302154,0,0,0,0,0,0,0
12173,1,1,0,0,1,0,0
9207271,1,1,0,0,1,0,0
205142,0,0,0,0,0,0,0
9710306,0,0,0,0,0,0,0
9908437,0,0,0,0,0,0,0
9608237,0,0,0,0,0,0,0
4164,0,0,0,0,0,0,0
212079,0,0,0,0,0,0,0
9705316,0,0,0,0,0,0,0
207203,0,0,0,0,0,0,0
104082,1,1,0,0,0,1,3
11046,0,0,0,0,0,0,0
102043,0,0,0,0,0,0,0
109059,1,1,0,0,0,1,7
9406297,0,0,0,0,0,0,0
9810458,0,0,0,0,0,0,0
5016,0,0,0,0,0,0,0
9710562,0,0,0,0,0,0,0
205028,0,0,0,0,0,0,0
104065,0,0,0,0,0,0,0
9810447,0,0,0,0,0,0,0
101167,0,0,0,0,0,0,0
207305,0,0,0,0,0,0,0
212022,0,0,0,0,0,0,0
301109,0,0,0,0,0,0,0
211161,0,0,0,0,0,0,0
9311263,2,2,0,0,2,0,0
211449,0,0,0,0,0,0,0
302258,0,0,0,0,0,0,0
205107,0,0,0,0,0,0,0
210093,0,0,0,0,0,0,0
9809391,1,1,0,0,1,0,0
9909557,0,0,0,0,0,0,0
211151,0,0,0,0,0,0,0
9810481,0,0,0,0,0,0,0
9502358,2,2,0,0,2,0,0
9911335,1,1,0,0,1,0,0
9609278,1,1,0,0,0,1,2
10185,0,0,0,0,0,0,0
207216,0,0,0,0,0,0,0
206281,0,0,0,0,0,0,0
102054,1,1,0,0,1,0,0
204104,0,0,0,0,0,0,0
11052,1,1,0,0,1,0,0
208252,0,0,0,0,0,0,0
9608216,0,0,0,0,0,0,0
10023,1,1,0,0,0,1,2
104195,0,0,0,0,0,0,0
212163,0,0,0,0,0,0,0
209018,0,0,0,0,0,0,0
112097,0,0,0,0,0,0,0
110026,0,0,0,0,0,0,0
9808472,0,0,0,0,0,0,0
207354,0,0,0,0,0,0,0
9809534,0,0,0,0,0,0,0
109255,0,0,0,0,0,0,0
3101,0,0,0,0,0,0,0
11204,0,0,0,0,0,0,0
9711381,0,0,0,0,0,0,0
210401,0,0,0,0,0,0,0
103276,0,0,0,0,0,0,0
9608356,0,0,0,0,0,0,0
209155,0,0,0,0,0,0,0
205311,0,0,0,0,0,0,0
206142,0,0,0,0,0,0,0
9507272,0,0,0,0,0,0,0
207250,0,0,0,0,0,0,0
11039,0,0,0,0,0,0,0
9344,0,0,0,0,0,0,0
9204203,1,1,0,0,1,0,0
9411230,1,1,0,0,1,0,0
206160,0,0,0,0,0,0,0
9505374,1,1,0,0,1,0,0
9608397,0,0,0,0,0,0,0
9212227,1,1,0,0,1,0,0
9511394,0,0,0,0,0,0,0
9910482,0,0,0,0,0,0,0
9612381,0,0,0,0,0,0,0
9910288,0,0,0,0,0,0,0
9411420,0,0,0,0,0,0,0
9711471,0,0,0,0,0,0,0
208179,0,0,0,0,0,0,0
9507387,0,0,0,0,0,0,0
9809274,0,0,0,0,0,0,0
9503487,0,0,0,0,0,0,0
9711343,0,0,0,0,0,0,0
210177,0,0,0,0,0,0,0
9906531,0,0,0,0,0,0,0
111268,0,0,0,0,0,0,0
9709287,0,0,0,0,0,0,0
211422,0,0,0,0,0,0,0
105210,0,0,0,0,0,0,0
212036,0,0,0,0,0,0,0
9409330,1,1,0,0,1,0,0
9801259,0,0,0,0,0,0,0
9806500,0,0,0,0,0,0,0
9709486,1,1,0,0,1,0,0
9809581,0,0,0,0,0,0,0
9907364,0,0,0,0,0,0,0
9809271,0,0,0,0,0,0,0
9908348,1,1,0,0,0,1,7
1187,0,0,0,0,0,0,0
3282,1,1,0,0,1,0,0
9607338,0,0,0,0,0,0,0
209311,0,0,0,0,0,0,0
9510211,1,1,0,0,1,0,0
9806529,0,0,0,0,0,0,0
112087,0,0,0,0,0,0,0
101330,0,0,0,0,0,0,0
9606307,0,0,0,0,0,0,0
212407,0,0,0,0,0,0,0
9806393,1,1,0,0,1,0,0
9305249,1,1,0,0,1,0,0
9207248,1,1,0,0,1,0,0
211212,0,0,0,0,0,0,0
110373,0,0,0,0,0,0,0
6001,33,2,31,171,0,33,219
9911280,9,3,6,26,2,7,7
211047,2,2,0,0,0,2,6
9503359,5,2,3,3,0,5,11
3033,12,3,9,12,0,12,115
9303263,12,1,11,27,12,0,0
9704455,16,6,10,32,0,16,95
9512401,21,1,20,141,1,20,32
112177,26,5,21,70,0,26,289
9308318,2,2,0,0,0,2,6
9309326,10,2,8,19,1,9,9
9409388,21,2,19,97,9,12,12
9408315,8,1,7,17,0,8,20
9807310,51,5,46,368,34,17,17
9207257,8,3,5,6,8,0,0
2108,63,4,59,518,6,57,361
9812538,29,2,27,106,0,29,231
9810309,10,3,7,14,0,10,126
9911524,32,2,30,169,0,32,267
9601337,20,2,18,41,4,16,16
9606260,32,2,30,176,0,32,108
9207237,8,3,5,7,8,0,0
9806534,7,1,6,12,2,5,9
9706239,13,2,11,27,0,13,24
9610419,3,2,1,2,0,3,3
9612442,10,1,9,17,0,10,73
9511466,10,2,8,18,0,10,28
9703353,40,1,39,297,4,36,140
9712224,49,2,47,387,1,48,348
7208,29,6,23,81,0,29,672
9810260,53,3,50,371,0,53,726
9607487,28,1,27,144,0,28,207
9705271,31,6,25,123,0,31,263
9403266,40,3,37,256,40,0,0
109260,16,4,12,21,0,16,149
9805337,12,1,11,29,6,6,16
9812375,24,3,21,87,6,18,24
9907572,18,2,16,54,0,18,95
9304248,7,1,6,11,7,0,0
6246,1,1,0,0,0,1,5
9708299,12,4,8,28,2,10,17
9311279,4,2,2,2,4,0,0
9504427,22,1,21,126,3,19,120
9810492,1,1,0,0,0,1,6
9708342,9,2,7,17,0,9,49
9305296,3,2,1,1,3,0,0
9608203,23,1,22,121,1,22,45
9703314,8,3,5,5,0,8,31
9901438,2,1,1,1,0,2,10
9703360,6,3,3,7,0,6,17
9312228,10,1,9,23,10,0,0
9611333,16,4,12,44,1,15,46
9407344,27,2,25,91,27,0,0
9712302,47,1,46,343,0,47,96
9307260,5,2,3,7,5,0,0
9312257,6,4,2,4,6,0,0
7343,1,1,0,0,0,1,1
12303,4,2,2,2,0,4,9
9712280,7,2,5,7,0,7,12
9907343,3,1,2,3,0,3,15
9305241,19,2,17,82,19,0,0
9912306,13,3,10,25,0,13,100
9907342,6,1,5,12,1,5,22
9610400,45,1,44,381,0,45,157
9901207,5,1,4,5,0,5,50
9912329,47,3,44,491,1,46,160
5228,25,2,23,84,0,25,192
9905448,28,1,27,180,0,28,204
9209241,28,9,19,81,28,0,0
9507314,12,1,11,28,0,12,28
9302270,10,1,9,12,10,0,0
9411206,7,2,5,8,7,0,0
9510377,11,3,8,21,0,11,141
9409375,52,3,49,580,10,42,61
9811291,102,4,98,1562,0,102,690
9603324,8,3,5,14,0,8,36
9804214,11,2,9,15,0,11,47
9510372,26,3,23,77,0,26,101
9505245,27,3,24,117,0,27,115
9606484,8,3,5,6,1,7,7
9612437,49,1,48,401,3,46,181
9904292,17,1,16,54,0,17,39
9809547,11,3,8,11,0,11,37
9705435,9,2,7,10,0,9,46
1158,2,1,1,1,0,2,6
9503356,22,3,19,57,11,11,30
9709386,8,1,7,15,1,7,23
9711308,17,2,15,35,3,14,21
9601293,12,2,10,24,0,12,92
9911370,22,1,21,98,3,19,46
9702404,9,3,6,20,0,9,15
9208238,15,5,10,56,15,0,0
202110,11,6,5,9,0,11,188
9355,9,2,7,20,0,9,40
7120,4,4,0,0,0,4,9
9812235,1,1,0,0,1,0,0
9910465,15,2,13,30,0,15,36
104166,11,2,9,32,0,11,42
9610339,6,1,5,12,6,0,0
9801437,3,3,0,0,3,0,0
9905214,77,4,73,640,0,77,762
9912284,6,4,2,3,0,6,36
12176,2,1,1,1,0,2,5
9511402,23,2,21,122,10,13,28
9812358,18,2,16,63,4,14,14
103330,0,0,0,0,0,0,0
9812483,25,3,22,122,0,25,308
9907522,10,3,7,11,0,10,194
9709432,84,2,82,868,0,84,551
204316,5,2,3,3,0,5,110
209107,1,1,0,0,0,1,6
111099,37,2,35,284,0,37,262
6041,24,5,19,67,0,24,153
9907477,2,2,0,0,2,0,0
9906549,17,3,14,28,0,17,199
9810320,13,3,10,36,13,0,0
9904283,14,1,13,44,4,10,16
12125,63,2,61,737,42,21,21
9703204,3,3,0,0,2,1,1
1128,4,1,3,5,0,4,12
9604244,18,3,15,57,0,18,47
1124,5,2,3,3,0,5,22
9811463,7,1,6,13,0,7,12
6240,10,2,8,22,0,10,43
9710228,6,3,3,5,6,0,0
9907209,3,2,1,1,0,3,43
9608433,18,5,13,22,0,18,172
9509355,30,5,25,66,0,30,158
9610237,5,3,2,2,2,3,3
9304281,8,2,6,12,0,8,21
9512384,5,1,4,6,0,5,14
9808425,13,1,12,43,1,12,51
7336,13,2,11,23,0,13,83
9709330,4,4,0,0,0,4,37
9903453,9,2,7,8,0,9,65
9603417,25,1,24,135,1,24,42
102065,4,3,1,1,3,1,4
9811208,3,2,1,2,0,3,6
9507465,20,2,18,60,16,4,4
9910238,44,5,39,234,0,44,503
10334,8,2,6,14,0,8,66
9310345,1,1,0,0,0,1,1
9405355,25,5,20,71,4,21,38
7248,12,2,10,18,1,11,21
9808335,1,1,0,0,0,1,1
9702239,12,2,10,25,1,11,22
9604217,10,3,7,20,0,10,22
9912504,5,2,3,3,0,5,32
102230,5,4,1,1,0,5,29
9701361,6,3,3,4,0,6,51
9401311,8,2,6,14,8,0,0
9609345,5,1,4,9,0,5,24
9903519,4,1,3,6,1,3,4
9904344,18,2,16,67,2,16,16
9904455,9,4,5,7,0,9,9
9711481,9,1,8,19,0,9,41
9612212,12,2,10,43,0,12,97
9212212,14,2,12,53,14,0,0
9804365,3,1,2,2,0,3,15
9811308,15,1,14,51,2,13,28
108112,3,1,2,3,0,3,3
3256,2,1,1,1,0,2,4
9905458,3,1,2,3,3,0,0
9709284,4,2,2,4,1,3,12
9410385,23,1,22,109,23,0,0
9502222,1,1,0,0,1,0,0
110377,7,2,5,13,0,7,27
9906272,2,2,0,0,1,1,3
9608291,9,4,5,12,9,0,0
9805484,4,3,1,1,0,4,82
9604260,10,2,8,18,0,10,33
9612287,10,5,5,11,10,0,0
8010,7,4,3,5,0,7,44
9802423,1,1,0,0,0,1,1
3262,9,1,8,22,1,8,14
9710339,17,3,14,92,3,14,42
9506351,6,1,5,8,1,5,9
9812380,2,1,1,1,0,2,4
9609487,16,7,9,21,0,16,16
106155,2,2,0,0,0,2,8
9508258,22,4,18,79,0,22,57
9910408,8,1,7,18,0,8,60
101127,6,4,2,2,0,6,30
9308270,12,2,10,51,12,0,0
9410235,13,4,9,10,0,13,31
9504294,9,2,7,10,7,2,2
9306229,22,4,18,84,2,20,20
9704275,27,5,22,163,0,27,332
9706252,10,1,9,16,0,10,20
9807469,1,1,0,0,0,1,4
9805334,24,4,20,42,0,24,77
9905264,12,3,9,18,0,12,62
9703269,1,1,0,0,0,1,12
9705429,16,3,13,49,2,14,24
9608270,26,1,25,156,1,25,25
9606226,4,2,2,2,4,0,0
9311285,15,1,14,37,0,15,15
9505244,10,6,4,7,2,8,8
6225,4,4,0,0,0,4,10
9405341,16,1,15,55,10,6,6
3017,1,1,0,0,0,1,3
9410244,6,1,5,12,6,0,0
9509321,4,1,3,6,0,4,4
112235,6,2,4,6,0,6,39
107144,7,2,5,8,0,7,134
9606230,23,3,20,92,1,22,62
9611389,2,1,1,1,0,2,5
9801324,26,2,24,130,7,19,23
9801350,24,1,23,132,2,22,194
9911477,3,1,2,2,3,0,0
8074,7,2,5,12,2,5,15
112241,1,1,0,0,0,1,3
9912295,6,2,4,8,1,5,10
9707316,25,4,21,77,0,25,97
9308243,4,2,2,3,4,0,0
9311326,6,1,5,10,6,0,0
105111,4,3,1,2,0,4,11
9204211,24,4,20,73,24,0,0
205216,1,1,0,0,0,1,2
7179,3,3,0,0,3,0,0
9411273,6,2,4,6,6,0,0
111068,22,5,17,54,0,22,137
9902217,6,3,3,3,3,3,8
103031,7,2,5,10,0,7,85
9511337,15,2,13,47,15,0,0
9302272,3,2,1,1,3,0,0
9505229,0,0,0,0,0,0,0
9903343,1,1,0,0,0,1,4
9808421,11,2,9,29,0,11,53
9608280,11,3,8,16,0,11,68
9804208,5,1,4,7,3,2,5
6184,5,1,4,7,1,4,9
9512211,0,0,0,0,0,0,0
9404329,1,1,0,0,0,1,1
201036,2,2,0,0,0,2,4
9605324,9,5,4,12,0,9,12
7350,7,3,4,9,1,6,8
9410269,7,2,5,12,0,7,47
1130,6,3,3,5,1,5,24
9711488,12,3,9,26,2,10,10
9312248,10,7,3,3,10,0,0
205349,8,2,6,13,0,8,58
201307,14,3,11,57,0,14,37
9504218,1,1,0,0,0,1,1
105113,6,2,4,9,0,6,22
9412281,5,2,3,4,5,0,0
9910405,7,2,5,12,0,7,18
9911255,11,1,10,19,0,11,84
9174,4,2,2,2,1,3,6
9510287,3,3,0,0,0,3,23
206055,4,3,1,1,0,4,23
9807497,17,2,15,45,0,17,106
9504308,0,0,0,0,0,0,0
9503414,2,1,1,1,0,2,4
9305287,10,3,7,14,10,0,0
7261,7,2,5,6,0,7,52
9507418,20,7,13,58,4,16,25
9803220,0,0,0,0,0,0,0
9601206,4,2,2,2,4,0,0
9905571,15,4,11,29,0,15,113
110247,3,3,0,0,0,3,22
9508291,13,4,9,23,2,11,24
9512441,2,1,1,1,0,2,2
9801355,3,1,2,3,3,0,0
1146,0,0,0,0,0,0,0
9407391,1,1,0,0,0,1,1
9606327,3,1,2,3,0,3,8
9504354,8,1,7,10,8,0,0
9608477,3,1,2,2,3,0,0
202171,3,2,1,2,3,0,0
9906545,23,1,22,137,3,20,37
9804359,0,0,0,0,0,0,0
9908352,21,2,19,73,0,21,262
111112,8,2,6,17,0,8,63
9604394,2,1,1,1,2,0,0
9707451,6,2,4,5,0,6,30
9907298,2,2,0,0,0,2,5
9805472,4,2,2,3,0,4,54
9909551,1,1,0,0,0,1,1
9904449,0,0,0,0,0,0,0
9705312,3,2,1,1,0,3,19
9602301,8,3,5,12,6,2,2
9601375,7,1,6,11,4,3,3
9610485,4,3,1,1,0,4,10
9802248,7,2,5,10,0,7,51
9808449,9,2,7,27,0,9,61
102254,6,3,3,6,0,6,40
6023,10,3,7,24,0,10,18
9706529,15,2,13,26,1,14,41
9911503,1,1,0,0,0,1,1
9607484,3,2,1,1,0,3,33
9704436,10,1,9,24,1,9,12
207114,3,2,1,1,2,1,2
9703447,5,2,3,6,5,0,0
9703377,8,3,5,8,8,0,0
12075,21,2,19,75,1,20,27
9704291,3,2,1,1,0,3,13
9508254,5,5,0,0,3,2,2
9402250,4,1,3,6,4,0,0
9802303,1,1,0,0,0,1,10
9910532,0,0,0,0,0,0,0
4227,12,1,11,44,0,12,72
9605298,22,9,13,31,0,22,74
9908490,1,1,0,0,0,1,2
111218,0,0,0,0,0,0,0
9710381,1,1,0,0,0,1,1
3144,2,2,0,0,0,2,7
9604277,6,1,5,13,0,6,16
7306,5,3,2,3,0,5,54
9210260,7,4,3,3,7,0,0
9610275,8,4,4,8,0,8,35
207253,1,1,0,0,0,1,9
9408359,16,1,15,44,16,0,0
9803226,13,2,11,43,0,13,50
9208244,6,3,3,3,2,4,4
9606418,2,1,1,1,0,2,10
9712322,0,0,0,0,0,0,0
9409298,0,0,0,0,0,0,0
9806278,4,1,3,4,0,4,17
6097,9,3,6,7,0,9,67
9803460,13,2,11,31,0,13,83
9809496,4,1,3,5,0,4,4
9705463,10,1,9,25,10,0,0
9703242,1,1,0,0,1,0,0
9810524,2,2,0,0,2,0,0
9812209,4,2,2,3,0,4,15
9811370,5,1,4,8,0,5,24
110072,8,2,6,16,0,8,60
9911408,4,4,0,0,2,2,2
9903397,4,1,3,4,0,4,8
9302315,11,1,10,28,11,0,0
9508339,2,1,1,1,0,2,17
7185,8,1,7,17,0,8,80
9403297,4,1,3,6,0,4,12
9712508,10,1,9,23,0,10,63
9504291,2,1,1,1,2,0,0
9710428,3,3,0,0,2,1,1
9602201,3,1,2,2,0,3,10
9309263,4,3,1,1,4,0,0
101176,2,2,0,0,1,1,1
12034,0,0,0,0,0,0,0
9904475,2,1,1,1,0,2,4
9602235,4,3,1,1,0,4,28
12231,0,0,0,0,0,0,0
5199,2,2,0,0,0,2,4
9407203,9,1,8,17,9,0,0
9805498,15,3,12,29,1,14,55
9504228,4,2,2,3,4,0,0
2156,2,2,0,0,1,1,1
9606359,4,2,2,2,0,4,8
8286,0,0,0,0,0,0,0
9912542,26,7,19,73,0,26,358
203273,5,1,4,7,0,5,31
9511333,13,5,8,12,3,10,17
9901430,11,2,9,22,2,9,9
9505327,3,3,0,0,3,0,0
9303227,4,2,2,2,0,4,7
108070,5,4,1,1,0,5,8
3136,10,1,9,30,0,10,16
9227,5,2,3,3,3,2,2
201171,6,1,5,5,6,0,0
9610210,6,1,5,8,0,6,17
9610316,3,1,2,3,3,0,0
9903480,4,1,3,5,1,3,4
9606273,4,1,3,6,2,2,2
108188,5,3,2,3,0,5,30
9805224,10,1,9,24,8,2,2
110272,2,1,1,1,0,2,19
104057,4,1,3,4,0,4,28
12127,4,1,3,5,4,0,0
9707492,7,4,3,5,0,7,19
9609212,0,0,0,0,0,0,0
9812212,6,3,3,4,0,6,22
11295,20,4,16,32,0,20,186
9607256,9,1,8,10,0,9,14
9401304,1,1,0,0,1,0,0
9807390,6,1,5,10,0,6,102
9402265,6,1,5,10,0,6,11
9802275,2,1,1,1,0,2,17
9409412,5,3,2,4,5,0,0
9512260,2,2,0,0,0,2,4
9711470,1,1,0,0,0,1,3
9707463,9,3,6,15,0,9,9
108210,7,1,6,10,1,6,19
10069,4,1,3,6,4,0,0
9502247,13,1,12,22,13,0,0
9066,3,1,2,3,0,3,73
110341,6,2,4,6,0,6,133
9901315,2,1,1,1,0,2,4
9908479,0,0,0,0,0,0,0
103020,4,2,2,3,1,3,3
9801235,7,3,4,7,0,7,46
7011,3,1,2,2,2,1,1
210374,1,1,0,0,0,1,1
106124,11,2,9,19,0,11,127
105147,12,3,9,29,0,12,31
9604437,10,4,6,14,2,8,13
211331,1,1,0,0,0,1,13
9712318,11,2,9,17,4,7,19
9606421,4,3,1,1,0,4,26
111382,3,3,0,0,0,3,36
11334,6,3,3,7,0,6,36
9305280,2,2,0,0,0,2,5
5133,5,1,4,6,0,5,10
9409224,6,1,5,9,6,0,0
9403300,12,8,4,8,5,7,7
11313,0,0,0,0,0,0,0
106120,6,2,4,9,0,6,110
9503491,4,4,0,0,0,4,4
103177,0,0,0,0,0,0,0
9503478,9,2,7,21,9,0,0
9805336,0,0,0,0,0,0,0
9902418,3,2,1,1,3,0,0
9902346,5,3,2,4,0,5,8
9706283,3,3,0,0,0,3,3
9707336,2,2,0,0,2,0,0
9407319,2,1,1,1,0,2,2
9905567,5,2,3,4,1,4,17
9709316,3,1,2,2,0,3,8
9405243,1,1,0,0,1,0,0
203123,4,1,3,4,0,4,35
9704212,7,3,4,5,2,5,7
9502250,10,9,1,2,0,10,37
9907358,3,1,2,3,0,3,9
9402258,2,1,1,1,0,2,5
9210212,2,2,0,0,2,0,0
9608286,7,3,4,11,1,6,8
9704425,0,0,0,0,0,0,0
9804215,3,3,0,0,0,3,11
106014,1,1,0,0,0,1,2
5126,2,1,1,1,0,2,6
9603331,4,2,2,5,0,4,4
105327,3,3,0,0,0,3,10
9705204,6,2,4,9,0,6,28
9403352,2,1,1,1,1,1,2
9804343,0,0,0,0,0,0,0
9603341,2,2,0,0,2,0,0
11154,1,1,0,0,0,1,1
8007,5,3,2,3,0,5,48
9804367,5,3,2,2,5,0,0
9712466,8,1,7,11,8,0,0
9912263,1,1,0,0,0,1,13
9302230,1,1,0,0,1,0,0
9809544,7,3,4,10,1,6,6
9249,0,0,0,0,0,0,0
9703289,3,3,0,0,0,3,8
111210,0,0,0,0,0,0,0
112036,5,2,3,4,0,5,16
9810429,0,0,0,0,0,0,0
9701205,8,3,5,16,0,8,23
9710477,2,1,1,1,0,2,3
9810271,3,1,2,3,1,2,2
9510428,6,2,4,8,3,3,5
9606217,13,3,10,26,6,7,10
9508395,8,2,6,12,7,1,1
9901424,0,0,0,0,0,0,0
9903322,1,1,0,0,0,1,4
204254,5,2,3,4,0,5,29
9504350,3,3,0,0,3,0,0
209080,1,1,0,0,0,1,9
9207203,2,1,1,1,2,0,0
9809397,2,1,1,1,2,0,0
2101,0,0,0,0,0,0,0
210045,1,1,0,0,0,1,2
9505227,2,2,0,0,0,2,2
9606398,9,3,6,8,4,5,5
202194,9,1,8,22,9,0,0
10099,3,2,1,1,3,0,0
9512440,0,0,0,0,0,0,0
9902314,0,0,0,0,0,0,0
8181,2,1,1,1,0,2,8
211017,1,1,0,0,1,0,0
9805319,2,2,0,0,0,2,10
9512302,1,1,0,0,1,0,0
9907326,0,0,0,0,0,0,0
9801307,7,1,6,7,0,7,32
9412370,0,0,0,0,0,0,0
9704355,4,2,2,2,0,4,4
9702285,3,3,0,0,2,1,1
208087,8,2,6,19,0,8,42
9908376,6,2,4,9,0,6,29
9501227,1,1,0,0,1,0,0
5012,2,2,0,0,2,0,0
6156,2,2,0,0,2,0,0
110353,3,2,1,1,0,3,11
10063,2,1,1,1,0,2,13
9906503,3,2,1,2,1,2,2
202004,4,1,3,6,0,4,8
206193,1,1,0,0,0,1,5
201086,1,1,0,0,0,1,2
9612305,0,0,0,0,0,0,0
9904288,7,2,5,6,7,0,0
207056,1,1,0,0,0,1,5
203211,0,0,0,0,0,0,0
206308,7,1,6,16,0,7,62
9711354,6,4,2,3,1,5,11
9909295,3,1,2,2,0,3,13
107192,2,1,1,1,1,1,1
109281,2,1,1,1,1,1,1
112114,3,1,2,2,0,3,14
9410329,3,3,0,0,2,1,1
9610420,3,2,1,1,3,0,0
9711359,0,0,0,0,0,0,0
9601297,6,2,4,8,3,3,5
9401317,5,2,3,7,5,0,0
9712383,2,1,1,1,2,0,0
9909294,0,0,0,0,0,0,0
9904435,0,0,0,0,0,0,0
9401340,3,2,1,1,1,2,2
9412237,1,1,0,0,0,1,3
2195,4,1,3,5,4,0,0
9603232,3,2,1,1,3,0,0
9601334,4,1,3,6,4,0,0
9408363,2,2,0,0,2,0,0
110191,1,1,0,0,0,1,1
9701355,2,2,0,0,2,0,0
9506410,0,0,0,0,0,0,0
205172,2,1,1,1,1,1,2
9701356,0,0,0,0,0,0,0
205272,1,1,0,0,1,0,0
9810520,1,1,0,0,0,1,12
9707389,8,1,7,15,8,0,0
9910404,4,2,2,3,4,0,0
9801334,0,0,0,0,0,0,0
202201,2,2,0,0,0,2,3
11376,2,2,0,0,2,0,0
9510283,2,2,0,0,2,0,0
9708201,0,0,0,0,0,0,0
9309277,3,1,2,3,3,0,0
9402302,8,2,6,7,8,0,0
9503282,8,1,7,14,0,8,24
9409289,3,3,0,0,3,0,0
9903384,3,1,2,2,1,2,3
9804423,0,0,0,0,0,0,0
8248,0,0,0,0,0,0,0
9803450,4,2,2,3,0,4,4
9406379,2,1,1,1,2,0,0
9509363,8,1,7,18,8,0,0
9707312,0,0,0,0,0,0,0
9401239,2,1,1,1,0,2,2
9906253,7,1,6,16,2,5,13
9409239,1,1,0,0,1,0,0
210314,3,3,0,0,0,3,29
9802364,5,1,4,8,5,0,0
9306255,1,1,0,0,1,0,0
9608463,2,1,1,1,2,0,0
9908426,5,2,3,3,3,2,2
9904511,1,1,0,0,1,0,0
9805230,1,1,0,0,0,1,2
6341,6,2,4,8,0,6,23
9310318,4,1,3,5,4,0,0
110007,2,2,0,0,1,1,1
9312238,2,2,0,0,0,2,2
9508312,2,1,1,1,0,2,2
105186,1,1,0,0,0,1,9
9406383,7,1,6,11,7,0,0
104161,3,1,2,3,1,2,2
9910427,1,1,0,0,0,1,2
1326,0,0,0,0,0,0,0
110110,0,0,0,0,0,0,0
7075,1,1,0,0,0,1,4
9906278,0,0,0,0,0,0,0
206269,3,1,2,3,0,3,12
9508208,1,1,0,0,0,1,4
204144,6,3,3,7,0,6,11
207067,2,2,0,0,0,2,9
9806535,1,1,0,0,1,0,0
9605255,1,1,0,0,1,0,0
208205,2,2,0,0,0,2,8
9906437,1,1,0,0,1,0,0
109228,1,1,0,0,0,1,5
9401297,2,1,1,1,0,2,3
9804295,9,2,7,19,2,7,7
9806288,4,1,3,5,0,4,5
9707437,6,2,4,5,1,5,11
105218,0,0,0,0,0,0,0
9907350,2,2,0,0,2,0,0
209127,1,1,0,0,0,1,10
9910534,0,0,0,0,0,0,0
9708468,1,1,0,0,0,1,4
209269,5,2,3,4,0,5,87
9710249,1,1,0,0,1,0,0
9708423,0,0,0,0,0,0,0
9702284,4,2,2,2,1,3,8
205048,4,2,2,4,4,0,0
6089,2,1,1,1,0,2,2
102261,0,0,0,0,0,0,0
9180,1,1,0,0,0,1,4
101063,1,1,0,0,0,1,1
108157,6,1,5,11,6,0,0
9807256,4,1,3,4,0,4,13
102094,0,0,0,0,0,0,0
9905230,1,1,0,0,0,1,1
9905509,6,2,4,5,0,6,21
9501209,0,0,0,0,0,0,0
301011,1,1,0,0,0,1,4
212242,1,1,0,0,0,1,2
12226,0,0,0,0,0,0,0
101145,0,0,0,0,0,0,0
9904323,4,1,3,4,1,3,3
9912517,1,1,0,0,0,1,2
9712388,4,2,2,4,4,0,0
9248,0,0,0,0,0,0,0
107055,0,0,0,0,0,0,0
9908475,5,2,3,9,0,5,24
206249,0,0,0,0,0,0,0
9703380,3,1,2,2,2,1,1
9222,4,1,3,4,0,4,12
9805499,2,2,0,0,0,2,12
202231,8,2,6,11,0,8,40
101279,0,0,0,0,0,0,0
9905328,1,1,0,0,0,1,11
9912365,3,1,2,2,3,0,0
9405317,1,1,0,0,1,0,0
9083,0,0,0,0,0,0,0
1329,1,1,0,0,0,1,1
9902227,0,0,0,0,0,0,0
102158,4,2,2,3,0,4,7
204269,0,0,0,0,0,0,0
2016,3,1,2,3,3,0,0
9806307,6,2,4,6,0,6,28
111152,0,0,0,0,0,0,0
9116,3,3,0,0,0,3,6
108093,0,0,0,0,0,0,0
9906552,3,1,2,2,0,3,11
9410201,1,1,0,0,0,1,2
208153,0,0,0,0,0,0,0
9504363,3,3,0,0,3,0,0
9609252,1,1,0,0,1,0,0
9510356,2,2,0,0,1,1,1
9910417,1,1,0,0,0,1,5
9408212,1,1,0,0,1,0,0
9912378,3,3,0,0,0,3,9
9712544,0,0,0,0,0,0,0
9810293,1,1,0,0,0,1,1
9709280,0,0,0,0,0,0,0
211277,1,1,0,0,1,0,0
9809335,0,0,0,0,0,0,0
9405242,2,1,1,1,2,0,0
9806319,0,0,0,0,0,0,0
112267,0,0,0,0,0,0,0
9812213,0,0,0,0,0,0,0
9304208,4,4,0,0,4,0,0
209179,1,1,0,0,0,1,3
106226,0,0,0,0,0,0,0
9401283,2,2,0,0,2,0,0
107076,1,1,0,0,0,1,2
3019,0,0,0,0,0,0,0
9901369,2,2,0,0,0,2,10
9911310,2,1,1,1,0,2,17
9901347,0,0,0,0,0,0,0
207229,0,0,0,0,0,0,0
7016,1,1,0,0,0,1,10
9410407,5,1,4,6,1,4,6
112330,0,0,0,0,0,0,0
112124,1,1,0,0,1,0,0
9704227,0,0,0,0,0,0,0
112184,6,1,5,9,0,6,24
9502384,2,1,1,1,2,0,0
9607274,2,1,1,1,0,2,2
9609452,1,1,0,0,1,0,0
9911389,1,1,0,0,0,1,7
211199,0,0,0,0,0,0,0
9512291,0,0,0,0,0,0,0
211096,0,0,0,0,0,0,0
104272,0,0,0,0,0,0,0
9603429,3,2,1,1,0,3,4
2264,0,0,0,0,0,0,0
9610264,0,0,0,0,0,0,0
9805388,0,0,0,0,0,0,0
205298,0,0,0,0,0,0,0
9409276,0,0,0,0,0,0,0
9901427,0,0,0,0,0,0,0
211150,0,0,0,0,0,0,0
206127,0,0,0,0,0,0,0
9511238,3,3,0,0,3,0,0
9504275,1,1,0,0,0,1,1
107274,0,0,0,0,0,0,0
106304,2,1,1,1,2,0,0
101061,2,2,0,0,1,1,1
9405249,1,1,0,0,1,0,0
9704368,1,1,0,0,0,1,1
209052,1,1,0,0,0,1,3
9307361,0,0,0,0,0,0,0
4070,2,1,1,1,0,2,15
209313,0,0,0,0,0,0,0
9507455,1,1,0,0,0,1,4
5283,0,0,0,0,0,0,0
9507297,0,0,0,0,0,0,0
9909415,4,1,3,3,1,3,12
9810545,1,1,0,0,0,1,2
9503420,5,2,3,4,5,0,0
102048,4,1,3,6,0,4,21
101333,3,1,2,2,0,3,32
301125,0,0,0,0,0,0,0
9712378,1,1,0,0,1,0,0
206144,1,1,0,0,0,1,4
112341,1,1,0,0,0,1,7
204012,1,1,0,0,1,0,0
211385,0,0,0,0,0,0,0
9204235,2,1,1,1,2,0,0
104297,2,2,0,0,2,0,0
101321,2,2,0,0,0,2,10
9601290,4,3,1,2,0,4,4
9912487,0,0,0,0,0,0,0
101295,1,1,0,0,0,1,1
5043,2,2,0,0,0,2,7
9408201,3,2,1,1,3,0,0
9301228,3,2,1,1,3,0,0
110248,1,1,0,0,1,0,0
204263,0,0,0,0,0,0,0
9712248,2,1,1,1,2,0,0
103021,0,0,0,0,0,0,0
9611418,0,0,0,0,0,0,0
11195,2,1,1,1,0,2,2
9806457,1,1,0,0,1,0,0
209029,0,0,0,0,0,0,0
9907424,1,1,0,0,1,0,0
210115,1,1,0,0,0,1,2
9612236,1,1,0,0,1,0,0
9811359,1,1,0,0,1,0,0
111355,1,1,0,0,0,1,4
9501410,1,1,0,0,1,0,0
3092,1,1,0,0,1,0,0
9912225,3,1,2,3,0,3,12
201110,0,0,0,0,0,0,0
6199,0,0,0,0,0,0,0
105247,2,2,0,0,0,2,10
9409234,0,0,0,0,0,0,0
9406216,1,1,0,0,1,0,0
103216,0,0,0,0,0,0,0
6204,0,0,0,0,0,0,0
9210215,1,1,0,0,1,0,0
9410332,0,0,0,0,0,0,0
12215,0,0,0,0,0,0,0
9909518,2,2,0,0,2,0,0
110239,1,1,0,0,0,1,2
9904237,1,1,0,0,0,1,7
9604403,3,2,1,1,3,0,0
9512411,0,0,0,0,0,0,0
9502357,0,0,0,0,0,0,0
301049,0,0,0,0,0,0,0
9503222,3,3,0,0,3,0,0
4002,0,0,0,0,0,0,0
9309206,1,1,0,0,0,1,1
112065,0,0,0,0,0,0,0
9810227,1,1,0,0,0,1,4
9607385,1,1,0,0,0,1,1
111151,1,1,0,0,0,1,8
9808461,2,2,0,0,0,2,2
9603275,1,1,0,0,1,0,0
9707248,0,0,0,0,0,0,0
9408280,0,0,0,0,0,0,0
9702283,2,1,1,1,2,0,0
9411427,0,0,0,0,0,0,0
107015,0,0,0,0,0,0,0
9801385,1,1,0,0,0,1,7
5266,0,0,0,0,0,0,0
210371,2,2,0,0,0,2,27
12233,0,0,0,0,0,0,0
9707525,0,0,0,0,0,0,0
9712480,0,0,0,0,0,0,0
103162,3,2,1,2,0,3,9
9301204,3,1,2,2,3,0,0
9902394,0,0,0,0,0,0,0
101193,1,1,0,0,0,1,2
111213,0,0,0,0,0,0,0
9708260,1,1,0,0,1,0,0
2143,4,4,0,0,0,4,17
9910279,0,0,0,0,0,0,0
9906518,0,0,0,0,0,0,0
202217,1,1,0,0,0,1,6
107269,0,0,0,0,0,0,0
6061,3,1,2,2,3,0,0
101289,0,0,0,0,0,0,0
9712500,0,0,0,0,0,0,0
9912359,1,1,0,0,0,1,2
9305237,2,2,0,0,2,0,0
202026,1,1,0,0,0,1,1
9710351,0,0,0,0,0,0,0
9802437,0,0,0,0,0,0,0
110099,0,0,0,0,0,0,0
111448,0,0,0,0,0,0,0
102322,0,0,0,0,0,0,0
101274,0,0,0,0,0,0,0
9404297,0,0,0,0,0,0,0
9802301,0,0,0,0,0,0,0
9810430,0,0,0,0,0,0,0
9706248,0,0,0,0,0,0,0
7326,3,1,2,2,0,3,36
104123,0,0,0,0,0,0,0
2179,1,1,0,0,1,0,0
9804331,1,1,0,0,0,1,1
9810401,1,1,0,0,1,0,0
6155,0,0,0,0,0,0,0
9808245,0,0,0,0,0,0,0
9912245,3,2,1,1,3,0,0
9602434,2,2,0,0,1,1,1
9507322,0,0,0,0,0,0,0
9503325,0,0,0,0,0,0,0
9909357,1,1,0,0,1,0,0
9512223,0,0,0,0,0,0,0
12376,0,0,0,0,0,0,0
1215,1,1,0,0,1,0,0
9212313,1,1,0,0,1,0,0
5277,0,0,0,0,0,0,0
11277,0,0,0,0,0,0,0
301038,0,0,0,0,0,0,0
109108,2,1,1,1,2,0,0
9804371,1,1,0,0,1,0,0
8123,2,1,1,1,2,0,0
9510334,1,1,0,0,0,1,6
201220,0,0,0,0,0,0,0
9904351,3,2,1,1,0,3,3
2233,0,0,0,0,0,0,0
105082,1,1,0,0,0,1,5
110176,1,1,0,0,1,0,0
210197,1,1,0,0,0,1,3
9510267,3,2,1,1,3,0,0
201073,1,1,0,0,1,0,0
9906263,0,0,0,0,0,0,0
9802228,1,1,0,0,1,0,0
110318,0,0,0,0,0,0,0
5063,0,0,0,0,0,0,0
9908359,0,0,0,0,0,0,0
201060,0,0,0,0,0,0,0
211395,1,1,0,0,0,1,18
106181,1,1,0,0,0,1,12
3234,5,2,3,9,0,5,22
9905422,1,1,0,0,0,1,12
9908210,1,1,0,0,1,0,0
207194,2,1,1,1,0,2,8
9601202,3,3,0,0,0,3,4
201098,0,0,0,0,0,0,0
9711436,1,1,0,0,1,0,0
9503292,2,2,0,0,2,0,0
9909400,0,0,0,0,0,0,0
9706302,0,0,0,0,0,0,0
9603355,0,0,0,0,0,0,0
210149,0,0,0,0,0,0,0
10298,0,0,0,0,0,0,0
9709403,0,0,0,0,0,0,0
9908491,0,0,0,0,0,0,0
204041,0,0,0,0,0,0,0
105319,0,0,0,0,0,0,0
4126,1,1,0,0,0,1,2
212088,0,0,0,0,0,0,0
9810404,1,1,0,0,1,0,0
205346,0,0,0,0,0,0,0
9806425,1,1,0,0,0,1,5
101218,0,0,0,0,0,0,0
106282,1,1,0,0,0,1,4
9701282,0,0,0,0,0,0,0
9301241,1,1,0,0,1,0,0
9408220,0,0,0,0,0,0,0
9804373,1,1,0,0,0,1,5
12339,0,0,0,0,0,0,0
9703383,0,0,0,0,0,0,0
9509330,0,0,0,0,0,0,0
9808362,0,0,0,0,0,0,0
301234,0,0,0,0,0,0,0
9610548,0,0,0,0,0,0,0
9711408,2,1,1,1,2,0,0
9803465,0,0,0,0,0,0,0
209332,1,1,0,0,0,1,2
9810339,0,0,0,0,0,0,0
2173,0,0,0,0,0,0,0
9708259,2,2,0,0,0,2,2
106225,0,0,0,0,0,0,0
12366,0,0,0,0,0,0,0
101246,0,0,0,0,0,0,0
9612228,0,0,0,0,0,0,0
9406429,0,0,0,0,0,0,0
9503259,2,2,0,0,2,0,0
9709314,0,0,0,0,0,0,0
9509419,0,0,0,0,0,0,0
9902297,0,0,0,0,0,0,0
202021,1,1,0,0,0,1,9
9904339,0,0,0,0,0,0,0
9512293,0,0,0,0,0,0,0
301065,0,0,0,0,0,0,0
8198,0,0,0,0,0,0,0
109153,0,0,0,0,0,0,0
9612230,1,1,0,0,1,0,0
9812293,0,0,0,0,0,0,0
211442,0,0,0,0,0,0,0
9411292,1,1,0,0,1,0,0
9811459,1,1,0,0,1,0,0
9609507,1,1,0,0,0,1,1
104165,3,1,2,2,3,0,0
9606320,1,1,0,0,1,0,0
8118,0,0,0,0,0,0,0
108045,2,1,1,1,2,0,0
212016,0,0,0,0,0,0,0
9085,0,0,0,0,0,0,0
212219,0,0,0,0,0,0,0
9507317,0,0,0,0,0,0,0
104185,1,1,0,0,1,0,0
9911539,0,0,0,0,0,0,0
103189,0,0,0,0,0,0,0
9906355,0,0,0,0,0,0,0
106310,0,0,0,0,0,0,0
211209,0,0,0,0,0,0,0
6030,0,0,0,0,0,0,0
9911382,1,1,0,0,1,0,0
10115,1,1,0,0,1,0,0
211226,0,0,0,0,0,0,0
212255,0,0,0,0,0,0,0
210448,0,0,0,0,0,0,0
9511230,0,0,0,0,0,0,0
9089,0,0,0,0,0,0,0
208171,1,1,0,0,0,1,4
9505269,1,1,0,0,0,1,13
9801390,1,1,0,0,1,0,0
9610343,0,0,0,0,0,0,0
9605443,1,1,0,0,1,0,0
111407,0,0,0,0,0,0,0
103296,1,1,0,0,1,0,0
201149,1,1,0,0,0,1,3
9707374,0,0,0,0,0,0,0
9805285,0,0,0,0,0,0,0
9902265,0,0,0,0,0,0,0
302156,0,0,0,0,0,0,0
107026,1,1,0,0,0,1,9
9401295,1,1,0,0,1,0,0
12349,2,1,1,1,0,2,6
301151,1,1,0,0,0,1,9
201021,0,0,0,0,0,0,0
9207230,0,0,0,0,0,0,0
9804424,0,0,0,0,0,0,0
9168,0,0,0,0,0,0,0
9402338,0,0,0,0,0,0,0
9808363,0,0,0,0,0,0,0
6169,0,0,0,0,0,0,0
9709375,0,0,0,0,0,0,0
112311,0,0,0,0,0,0,0
5271,1,1,0,0,1,0,0
209276,0,0,0,0,0,0,0
10232,0,0,0,0,0,0,0
107252,1,1,0,0,1,0,0
9706301,1,1,0,0,0,1,1
9305253,1,1,0,0,1,0,0
9603332,0,0,0,0,0,0,0
9808208,1,1,0,0,0,1,3
9905429,4,3,1,1,4,0,0
101015,2,2,0,0,2,0,0
6111,0,0,0,0,0,0,0
202224,0,0,0,0,0,0,0
101116,0,0,0,0,0,0,0
201035,0,0,0,0,0,0,0
212034,0,0,0,0,0,0,0
104006,0,0,0,0,0,0,0
9610550,0,0,0,0,0,0,0
109229,0,0,0,0,0,0,0
302023,0,0,0,0,0,0,0
9907508,0,0,0,0,0,0,0
9711341,1,1,0,0,0,1,2
209170,0,0,0,0,0,0,0
103035,1,1,0,0,1,0,0
9401334,0,0,0,0,0,0,0
110225,1,1,0,0,1,0,0
205005,0,0,0,0,0,0,0
202267,0,0,0,0,0,0,0
204130,0,0,0,0,0,0,0
9302218,0,0,0,0,0,0,0
9611404,0,0,0,0,0,0,0
9502240,0,0,0,0,0,0,0
209279,0,0,0,0,0,0,0
302093,0,0,0,0,0,0,0
212119,1,1,0,0,0,1,1
302152,0,0,0,0,0,0,0
302235,0,0,0,0,0,0,0
9710269,0,0,0,0,0,0,0
9504430,2,2,0,0,2,0,0
207309,0,0,0,0,0,0,0
205164,0,0,0,0,0,0,0
12093,0,0,0,0,0,0,0
9511274,0,0,0,0,0,0,0
211379,0,0,0,0,0,0,0
201239,0,0,0,0,0,0,0
9912252,0,0,0,0,0,0,0
108211,0,0,0,0,0,0,0
9903266,0,0,0,0,0,0,0
9710446,0,0,0,0,0,0,0
212332,0,0,0,0,0,0,0
10126,0,0,0,0,0,0,0
8288,1,1,0,0,1,0,0
9808422,0,0,0,0,0,0,0
301098,0,0,0,0,0,0,0
9707247,0,0,0,0,0,0,0
211410,0,0,0,0,0,0,0
9608238,0,0,0,0,0,0,0
207019,0,0,0,0,0,0,0
9707394,1,1,0,0,1,0,0
9308305,0,0,0,0,0,0,0
210079,0,0,0,0,0,0,0
12146,0,0,0,0,0,0,0
9909488,0,0,0,0,0,0,0
9803392,0,0,0,0,0,0,0
9803495,0,0,0,0,0,0,0
112136,0,0,0,0,0,0,0
9502265,0,0,0,0,0,0,0
11108,1,1,0,0,1,0,0
9906353,0,0,0,0,0,0,0
9609332,0,0,0,0,0,0,0
112084,1,1,0,0,1,0,0
9268,1,1,0,0,1,0,0
302180,0,0,0,0,0,0,0
212338,0,0,0,0,0,0,0
112011,0,0,0,0,0,0,0
9603375,0,0,0,0,0,0,0
9401329,1,1,0,0,1,0,0
9811269,0,0,0,0,0,0,0
111372,0,0,0,0,0,0,0
6022,19,4,15,57,0,19,93
9910236,15,3,12,38,0,15,160
9506326,7,1,6,11,7,0,0
9504426,28,3,25,92,1,27,46
9403366,14,2,12,36,14,0,0
9602224,2,1,1,1,2,0,0
9706267,5,2,3,5,0,5,31
9601357,16,1,15,79,0,16,43
202199,3,2,1,1,0,3,28
9312291,13,5,8,28,13,0,0
9212285,11,2,9,26,11,0,0
9410232,20,3,17,69,0,20,68
9409369,12,2,10,25,0,12,28
9807319,27,2,25,145,0,27,103
2096,4,3,1,1,0,4,57
9712290,59,1,58,602,59,0,0
9901228,45,3,42,263,0,45,501
9505402,27,1,26,177,14,13,22
9907234,14,4,10,29,0,14,281
9811427,23,2,21,96,3,20,41
9407247,81,3,78,911,81,0,0
9807305,12,2,10,22,0,12,48
9601243,33,7,26,93,0,33,230
3301,4,2,2,3,0,4,24
9704238,4,2,2,5,4,0,0
9712239,5,1,4,5,0,5,39
9608352,13,3,10,24,1,12,37
9704376,21,3,18,80,0,21,250
9712225,58,2,56,556,0,58,271
7313,15,4,11,28,0,15,261
9810397,10,1,9,22,0,10,133
9608224,47,4,43,346,0,47,393
9705307,23,3,20,103,0,23,209
9410388,33,3,30,192,33,0,0
9409313,36,1,35,258,36,0,0
9902205,11,1,10,27,0,11,36
110350,0,0,0,0,0,0,0
9908255,29,1,28,107,0,29,101
9507463,12,2,10,27,12,0,0
1177,11,4,7,19,0,11,43
9810336,16,2,14,42,0,16,49
9507426,7,4,3,5,0,7,14
9506278,12,1,11,38,0,12,62
9904389,3,1,2,3,0,3,11
9708344,10,2,8,17,0,10,59
9302250,10,3,7,25,10,0,0
9705278,9,2,7,15,1,8,13
9606443,10,2,8,20,10,0,0
9404338,10,5,5,18,10,0,0
9811464,2,1,1,1,0,2,19
9605334,4,1,3,4,4,0,0
9607215,14,2,12,30,3,11,11
9411323,6,2,4,10,0,6,9
9806429,4,2,2,2,0,4,59
9312227,12,2,10,31,5,7,7
9402225,7,5,2,4,7,0,0
9909350,2,1,1,1,2,0,0
9611344,6,2,4,9,6,0,0
9808344,5,4,1,1,0,5,26
9907461,12,3,9,31,0,12,67
9306294,37,2,35,237,18,19,19
9912307,6,1,5,7,0,6,39
9907502,11,1,10,26,1,10,23
9701423,25,2,23,105,0,25,138
9603317,8,3,5,9,0,8,34
9610231,14,3,11,42,14,0,0
6034,19,2,17,78,0,19,243
9905523,56,1,55,502,0,56,408
9209262,15,6,9,34,9,6,6
9701288,4,1,3,3,4,0,0
9407314,12,6,6,8,4,8,8
9906513,30,1,29,130,8,22,22
9603298,3,1,2,3,0,3,9
9606211,52,4,48,432,0,52,247
9811323,54,1,53,518,0,54,313
9801280,3,1,2,3,0,3,19
9806281,3,1,2,2,0,3,15
9511324,5,2,3,5,0,5,15
9506459,8,2,6,14,1,7,26
9608321,7,5,2,2,0,7,42
9703464,59,2,57,502,5,54,248
9904395,45,4,41,328,1,44,395
9802382,8,1,7,12,8,0,0
9708419,7,5,2,2,0,7,122
9701222,14,1,13,43,14,0,0
9303205,65,5,60,690,52,13,13
9805222,7,1,6,8,0,7,24
9802241,19,3,16,48,3,16,24
9506217,22,5,17,58,0,22,93
9912317,23,4,19,84,0,23,147
9703345,9,1,8,14,0,9,15
9208248,20,2,18,103,20,0,0
204192,6,2,4,5,0,6,99
101217,1,1,0,0,0,1,4
110252,5,4,1,1,0,5,19
9806339,1,1,0,0,1,0,0
9910553,23,5,18,91,0,23,457
106128,8,1,7,12,2,6,16
206184,0,0,0,0,0,0,0
9702410,1,1,0,0,1,0,0
101115,3,1,2,3,0,3,6
7190,2,1,1,1,1,1,1
102227,17,1,16,59,2,15,56
9808287,14,1,13,55,0,14,40
9702443,11,2,9,13,2,9,9
2169,1,1,0,0,1,0,0
9901209,65,2,63,758,0,65,703
9908505,11,3,8,19,0,11,163
9807462,71,4,67,677,2,69,213
205184,1,1,0,0,0,1,16
9806280,11,1,10,29,2,9,9
112161,24,1,23,118,0,24,186
2279,10,1,9,29,0,10,46
9406266,7,2,5,10,1,6,6
9904266,32,3,29,229,0,32,626
9909373,5,2,3,5,0,5,10
9909325,15,1,14,53,0,15,75
102301,60,2,58,612,3,57,75
9908402,1,1,0,0,1,0,0
4083,6,1,5,7,0,6,25
9304255,17,5,12,34,2,15,15
101083,4,3,1,1,1,3,19
9609279,19,3,16,31,0,19,80
9073,5,2,3,4,0,5,112
9711450,18,1,17,49,14,4,6
9501324,32,2,30,216,0,32,87
9611218,55,3,52,295,0,55,336
9510202,26,1,25,90,0,26,81
9611362,8,3,5,7,1,7,12
9203215,4,1,3,5,4,0,0
9601361,6,1,5,8,1,5,9
9705239,0,0,0,0,0,0,0
8308,13,5,8,22,0,13,84
9302244,14,4,10,30,14,0,0
9905338,2,2,0,0,0,2,15
9801279,20,2,18,93,0,20,80
8204,11,1,10,31,0,11,26
9403254,12,3,9,26,12,0,0
9507218,8,1,7,14,8,0,0
9910424,3,3,0,0,0,3,39
2250,15,2,13,39,0,15,128
9711324,7,5,2,2,0,7,12
9506355,2,2,0,0,1,1,1
11215,15,6,9,17,0,15,130
9502340,23,2,21,108,4,19,19
9703343,10,3,7,19,0,10,30
9409426,10,1,9,27,10,0,0
9603350,8,2,6,11,0,8,15
9908339,4,3,1,1,0,4,11
9703280,13,1,12,37,0,13,125
9412203,6,1,5,7,1,5,5
9609263,6,5,1,3,0,6,38
9408265,14,4,10,40,3,11,32
9510410,14,2,12,36,1,13,25
9905477,10,1,9,18,10,0,0
9603294,2,1,1,1,2,0,0
9707458,7,4,3,6,0,7,98
9505254,1,1,0,0,0,1,1
9707242,6,2,4,8,0,6,37
9909540,19,3,16,59,0,19,224
104088,5,2,3,6,5,0,0
9901401,1,1,0,0,0,1,3
9702395,2,1,1,1,0,2,2
9506417,32,2,30,201,5,27,94
9510393,16,4,12,47,0,16,82
9905242,16,1,15,59,0,16,99
111086,5,2,3,6,0,5,18
9195,11,2,9,19,0,11,111
9804465,2,1,1,1,0,2,3
9408222,62,3,59,673,62,0,0
9604266,17,3,14,47,0,17,45
9311225,6,1,5,8,6,0,0
9912492,11,5,6,16,0,11,113
9511295,4,2,2,3,4,0,0
6333,6,1,5,10,0,6,18
9807354,15,4,11,70,0,15,38
9405391,11,3,8,14,3,8,8
12179,1,1,0,0,0,1,2
9810534,10,3,7,10,0,10,33
108117,6,3,3,4,0,6,25
9511284,5,2,3,3,0,5,13
9910477,13,4,9,28,0,13,101
101264,1,1,0,0,0,1,8
9402295,12,2,10,38,3,9,17
9211219,14,6,8,24,14,0,0
301079,0,0,0,0,0,0,0
9307324,23,4,19,84,2,21,21
9511341,19,1,18,102,0,19,81
9707214,12,2,10,22,0,12,18
9709297,3,2,1,1,1,2,4
9806416,5,1,4,5,0,5,18
9909559,3,1,2,2,0,3,10
9706311,6,4,2,3,0,6,13
9905453,9,3,6,12,2,7,15
9504222,4,4,0,0,0,4,4
9709483,5,1,4,6,1,4,9
9312237,16,4,12,21,1,15,21
9803310,4,2,2,3,0,4,9
9911528,7,2,5,5,1,6,15
9506448,11,1,10,28,0,11,15
9509324,16,2,14,39,16,0,0
9305220,2,1,1,1,2,0,0
9602418,4,1,3,6,0,4,4
104236,7,2,5,11,0,7,57
108233,5,1,4,5,0,5,30
9705254,17,2,15,47,0,17,90
9409285,14,3,11,47,2,12,12
9803241,25,2,23,143,0,25,177
9912488,15,1,14,70,0,15,68
9911447,1,1,0,0,0,1,6
9025,3,1,2,3,0,3,3
110414,5,1,4,5,2,3,6
5007,21,3,18,75,0,21,173
9712244,6,3,3,5,0,6,51
9402315,5,3,2,3,5,0,0
9707296,7,1,6,13,0,7,12
9209261,10,1,9,20,10,0,0
9607309,6,1,5,12,0,6,13
108193,9,2,7,21,0,9,41
204234,1,1,0,0,1,0,0
9505347,10,2,8,12,0,10,10
202090,7,1,6,10,0,7,34
9612202,20,1,19,70,20,0,0
9712432,0,0,0,0,0,0,0
9603247,20,1,19,86,1,19,27
9607273,0,0,0,0,0,0,0
9912399,0,0,0,0,0,0,0
9807447,9,4,5,11,3,6,10
9901381,14,4,10,22,14,0,0
9611449,5,1,4,7,0,5,7
9804265,11,2,9,23,6,5,8
9901331,19,2,17,59,0,19,132
9606407,1,1,0,0,0,1,2
9408386,5,2,3,3,0,5,5
102128,10,2,8,17,3,7,8
9710333,0,0,0,0,0,0,0
12289,11,3,8,22,0,11,28
9601374,5,1,4,9,0,5,48
9412310,23,2,21,111,23,0,0
7303,3,2,1,1,0,3,6
9809232,1,1,0,0,0,1,3
206174,15,2,13,55,0,15,122
202006,12,4,8,21,1,11,33
9504311,2,2,0,0,0,2,2
106021,3,1,2,3,0,3,15
111057,1,1,0,0,0,1,3
203122,2,1,1,1,0,2,9
9911510,4,2,2,3,0,4,17
9205,9,3,6,9,2,7,16
9712464,7,1,6,10,0,7,41
206060,8,1,7,21,0,8,85
9810438,1,1,0,0,0,1,1
9303236,6,5,1,1,6,0,0
9712497,10,3,7,16,0,10,55
9312308,6,3,3,6,3,3,3
101099,6,2,4,8,0,6,74
9612328,5,2,3,3,0,5,16
9610394,0,0,0,0,0,0,0
9609308,3,3,0,0,3,0,0
9809517,3,2,1,1,0,3,12
112191,1,1,0,0,0,1,4
9605463,15,2,13,44,0,15,44
9504335,3,1,2,3,3,0,0
9801403,4,1,3,6,4,0,0
9604446,5,3,2,4,0,5,5
9306293,4,1,3,4,1,3,3
9610515,3,2,1,1,0,3,6
9512259,8,5,3,3,0,8,10
9807549,1,1,0,0,0,1,1
9905346,15,4,11,17,2,13,41
9910278,21,1,20,139,1,20,56
9601292,1,1,0,0,0,1,1
9909318,12,2,10,16,0,12,82
112014,4,2,2,2,0,4,10
7252,5,2,3,7,0,5,26
210083,2,1,1,1,0,2,4
103306,2,1,1,1,0,2,8
205129,0,0,0,0,0,0,0
9703414,3,2,1,1,3,0,0
9609469,5,2,3,6,4,1,1
9506478,0,0,0,0,0,0,0
9709455,6,3,3,6,0,6,11
9804351,5,1,4,5,0,5,12
9702292,1,1,0,0,0,1,4
9911410,1,1,0,0,0,1,3
9801388,6,2,4,7,0,6,72
9501344,12,3,9,32,9,3,3
6201,9,1,8,15,0,9,15
101020,1,1,0,0,0,1,6
9507394,4,2,2,5,0,4,4
9612422,3,2,1,1,0,3,22
9710413,9,5,4,14,0,9,37
9810259,2,2,0,0,0,2,2
9709446,2,1,1,1,0,2,2
9408326,21,6,15,65,5,16,16
109172,11,3,8,19,0,11,76
9708436,2,1,1,1,0,2,4
9807289,1,1,0,0,0,1,2
9512235,1,1,0,0,0,1,2
9704334,6,2,4,4,0,6,9
9405385,5,4,1,1,2,3,3
9903300,8,1,7,24,0,8,20
103194,6,1,5,9,0,6,17
9607442,3,1,2,2,0,3,3
101192,3,2,1,1,0,3,20
111054,0,0,0,0,0,0,0
9342,2,1,1,1,0,2,7
9604282,5,1,4,8,0,5,19
11172,6,2,4,7,0,6,46
9909275,0,0,0,0,0,0,0
9611253,23,5,18,65,2,21,54
209216,6,1,5,9,0,6,23
9810214,2,2,0,0,0,2,3
9808480,3,2,1,2,0,3,25
9310270,2,1,1,1,2,0,0
9807373,2,2,0,0,0,2,7
9711208,0,0,0,0,0,0,0
9209272,4,2,2,3,4,0,0
9706384,1,1,0,0,0,1,3
10195,12,5,7,17,0,12,87
9912430,4,3,1,1,0,4,24
9702297,6,1,5,11,6,0,0
9711438,6,1,5,9,0,6,9
9706211,2,1,1,1,2,0,0
9901436,0,0,0,0,0,0,0
9805274,9,2,7,13,1,8,17
9904421,7,2,5,13,0,7,39
110136,3,1,2,3,0,3,21
9512367,10,2,8,29,0,10,14
9501254,6,3,3,4,6,0,0
9505239,7,1,6,9,1,6,16
9510412,2,1,1,1,0,2,14
7186,7,2,5,7,0,7,24
9507461,14,2,12,33,1,13,30
9812467,15,3,12,38,0,15,89
9803372,3,3,0,0,1,2,2
9803269,3,1,2,2,0,3,24
9505434,2,1,1,1,2,0,0
9905226,8,5,3,5,0,8,45
9048,3,2,1,1,3,0,0
9300,1,1,0,0,0,1,6
101134,2,1,1,1,0,2,2
9403273,8,5,3,3,0,8,12
8078,5,5,0,0,0,5,27
9903237,1,1,0,0,0,1,2
9307223,0,0,0,0,0,0,0
9806486,17,2,15,43,0,17,83
9605418,3,2,1,1,3,0,0
9610206,2,1,1,1,2,0,0
9809209,1,1,0,0,0,1,5
9910287,2,2,0,0,0,2,27
101087,0,0,0,0,0,0,0
106088,5,2,3,7,0,5,38
9802369,2,2,0,0,0,2,7
10096,6,1,5,7,0,6,10
9404246,1,1,0,0,1,0,0
9306232,6,3,3,3,6,0,0
209333,0,0,0,0,0,0,0
104256,4,2,2,5,0,4,27
102164,3,2,1,1,1,2,2
203149,5,1,4,4,5,0,0
9711213,4,1,3,3,0,4,16
9809330,0,0,0,0,0,0,0
9904410,3,3,0,0,0,3,15
9505361,5,2,3,4,5,0,0
111309,1,1,0,0,0,1,4
9903412,7,3,4,6,0,7,14
112226,5,1,4,9,0,5,13
110402,3,2,1,1,0,3,28
106266,2,1,1,1,0,2,2
9709490,1,1,0,0,0,1,4
9606408,2,2,0,0,2,0,0
9905562,2,2,0,0,0,2,9
102279,13,4,9,17,0,13,126
9903267,0,0,0,0,0,0,0
9909416,0,0,0,0,0,0,0
9806398,2,2,0,0,0,2,4
9511319,4,1,3,3,0,4,4
9902396,1,1,0,0,0,1,9
9802296,0,0,0,0,0,0,0
9602352,5,2,3,5,2,3,3
9711489,1,1,0,0,0,1,8
9403242,10,1,9,24,10,0,0
12274,11,2,9,35,0,11,30
10141,3,1,2,3,0,3,7
9510431,14,3,11,21,2,12,12
9906378,2,1,1,1,0,2,17
201001,3,1,2,2,0,3,69
9907453,1,1,0,0,0,1,2
8186,14,3,11,19,0,14,72
9244,3,2,1,1,2,1,1
4266,1,1,0,0,0,1,1
205053,9,1,8,31,0,9,64
208209,3,3,0,0,0,3,57
106228,2,1,1,1,0,2,14
203092,8,1,7,14,0,8,47
9809524,12,2,10,37,1,11,24
211366,4,3,1,2,0,4,56
9911283,8,2,6,10,3,5,9
9610413,1,1,0,0,0,1,6
111403,2,2,0,0,0,2,13
105155,6,2,4,6,0,6,22
9206213,3,1,2,3,3,0,0
102165,4,2,2,2,0,4,10
111237,1,1,0,0,0,1,1
9407252,16,7,9,15,0,16,52
8022,9,3,6,11,0,9,15
8301,3,2,1,1,0,3,39
9406300,11,1,10,26,1,10,10
9606236,0,0,0,0,0,0,0
9510269,9,1,8,18,0,9,49
9703320,5,2,3,7,0,5,34
9801341,4,2,2,2,0,4,21
9804458,5,4,1,1,0,5,29
9611406,2,1,1,1,2,0,0
6345,3,2,1,1,0,3,28
9412242,5,2,3,4,0,5,7
9911210,0,0,0,0,0,0,0
9711385,3,2,1,1,0,3,17
302257,0,0,0,0,0,0,0
9909349,0,0,0,0,0,0,0
9708232,3,2,1,1,0,3,6
9503346,3,3,0,0,0,3,9
9907552,2,1,1,1,0,2,14
9709392,2,2,0,0,0,2,37
9210213,2,2,0,0,2,0,0
9611342,0,0,0,0,0,0,0
9602435,0,0,0,0,0,0,0
9712205,2,1,1,1,0,2,2
9301263,4,2,2,3,4,0,0
9812506,5,5,0,0,0,5,22
9611430,3,1,2,3,0,3,5
9903332,8,2,6,16,0,8,13
9901370,3,1,2,2,0,3,4
9410350,1,1,0,0,1,0,0
9708204,2,1,1,1,0,2,15
9409401,1,1,0,0,1,0,0
7297,2,2,0,0,2,0,0
12183,0,0,0,0,0,0,0
9803321,0,0,0,0,0,0,0
9709233,1,1,0,0,1,0,0
102083,0,0,0,0,0,0,0
9310243,2,1,1,1,2,0,0
9609400,3,2,1,1,0,3,3
9912290,1,1,0,0,0,1,2
9604216,4,3,1,1,0,4,14
8200,2,1,1,1,0,2,2
204014,1,1,0,0,0,1,4
9404303,8,1,7,12,8,0,0
9802253,5,2,3,6,0,5,19
101182,0,0,0,0,0,0,0
201010,2,2,0,0,0,2,10
9601369,10,1,9,19,10,0,0
9705453,11,4,7,16,1,10,27
212021,0,0,0,0,0,0,0
9610219,13,5,8,16,10,3,3
9604328,8,2,6,10,1,7,19
11342,1,1,0,0,0,1,1
208240,1,1,0,0,0,1,17
203089,0,0,0,0,0,0,0
9210258,3,3,0,0,3,0,0
9708464,1,1,0,0,1,0,0
9812484,3,2,1,1,0,3,6
212280,0,0,0,0,0,0,0
9301271,8,1,7,20,8,0,0
9707301,7,2,5,9,4,3,3
202195,6,1,5,12,0,6,52
202186,0,0,0,0,0,0,0
108130,0,0,0,0,0,0,0
206309,1,1,0,0,0,1,1
109213,1,1,0,0,0,1,1
6276,2,2,0,0,2,0,0
205219,4,1,3,3,0,4,43
9811313,1,1,0,0,0,1,9
9712283,3,3,0,0,3,0,0
9505234,3,1,2,2,0,3,13
9312360,6,3,3,6,6,0,0
9611299,5,1,4,6,5,0,0
6007,4,2,2,2,0,4,20
208091,9,2,7,21,0,9,37
9511278,1,1,0,0,0,1,11
9808256,8,4,4,8,0,8,28
102184,0,0,0,0,0,0,0
9507254,1,1,0,0,1,0,0
210075,1,1,0,0,0,1,2
9308234,1,1,0,0,1,0,0
9507311,3,2,1,1,0,3,6
202109,6,1,5,11,0,6,18
9810408,16,3,13,38,9,7,13
6355,0,0,0,0,0,0,0
9410223,2,2,0,0,2,0,0
202256,1,1,0,0,0,1,1
211255,0,0,0,0,0,0,0
208030,1,1,0,0,1,0,0
9904399,2,2,0,0,0,2,5
8230,0,0,0,0,0,0,0
9303237,6,1,5,7,6,0,0
204264,1,1,0,0,0,1,1
204327,2,2,0,0,1,1,1
203025,5,2,3,3,0,5,33
9507356,0,0,0,0,0,0,0
9909388,3,2,1,1,3,0,0
9601257,1,1,0,0,0,1,3
9701412,7,1,6,10,7,0,0
9603339,1,1,0,0,1,0,0
9908447,3,2,1,1,3,0,0
9705430,1,1,0,0,1,0,0
9509319,3,1,2,2,3,0,0
9501355,1,1,0,0,0,1,4
9406254,1,1,0,0,0,1,3
9011,6,2,4,10,2,4,4
9603236,1,1,0,0,1,0,0
9604382,4,2,2,3,0,4,7
9509412,1,1,0,0,1,0,0
10337,3,2,1,1,1,2,2
9705321,1,1,0,0,1,0,0
9302293,4,3,1,1,4,0,0
110319,1,1,0,0,0,1,1
9504356,2,1,1,1,0,2,2
9608252,1,1,0,0,1,0,0
9706349,0,0,0,0,0,0,0
9902479,10,4,6,13,3,7,7
206306,2,2,0,0,0,2,18
9611209,3,3,0,0,3,0,0
206293,1,1,0,0,0,1,3
9807368,0,0,0,0,0,0,0
9807224,6,1,5,9,5,1,1
9411383,4,1,3,3,0,4,12
9602283,0,0,0,0,0,0,0
9503372,6,2,4,5,6,0,0
9803422,1,1,0,0,0,1,5
9803223,0,0,0,0,0,0,0
9912352,1,1,0,0,0,1,2
9712453,0,0,0,0,0,0,0
6168,2,2,0,0,0,2,7
9707483,2,1,1,1,2,0,0
9707405,0,0,0,0,0,0,0
9605315,7,1,6,11,1,6,6
9607331,3,3,0,0,2,1,3
9903449,0,0,0,0,0,0,0
5270,3,2,1,1,0,3,19
9411442,1,1,0,0,1,0,0
112149,1,1,0,0,0,1,6
105069,1,1,0,0,0,1,1
101229,1,1,0,0,0,1,2
9905511,1,1,0,0,0,1,1
9908338,3,1,2,3,3,0,0
9611263,0,0,0,0,0,0,0
9611215,5,1,4,6,5,0,0
102069,4,2,2,3,0,4,14
9607304,0,0,0,0,0,0,0
106153,3,2,1,1,3,0,0
9612361,0,0,0,0,0,0,0
9609502,3,2,1,1,0,3,6
9908493,1,1,0,0,0,1,6
9508279,7,2,5,8,1,6,6
11176,1,1,0,0,0,1,3
9803347,5,2,3,4,5,0,0
9907259,1,1,0,0,0,1,5
109009,2,2,0,0,0,2,5
9608478,9,3,6,12,9,0,0
9904368,2,2,0,0,0,2,16
207047,5,3,2,3,0,5,19
101082,0,0,0,0,0,0,0
205022,8,1,7,15,0,8,67
109062,2,2,0,0,0,2,7
210103,0,0,0,0,0,0,0
9609255,0,0,0,0,0,0,0
203061,0,0,0,0,0,0,0
9508327,2,2,0,0,0,2,4
1206,2,2,0,0,0,2,2
9304290,3,1,2,3,3,0,0
9810340,7,1,6,12,0,7,26
9506379,2,1,1,1,2,0,0
9509416,4,1,3,5,0,4,4
12160,1,1,0,0,1,0,0
9706213,1,1,0,0,0,1,2
210043,0,0,0,0,0,0,0
203227,0,0,0,0,0,0,0
9704432,4,1,3,5,1,3,4
210332,4,3,1,1,0,4,55
9810415,3,1,2,3,2,1,1
9712250,0,0,0,0,0,0,0
9702326,3,1,2,2,1,2,5
3021,6,1,5,11,0,6,55
6098,3,1,2,3,0,3,32
9509427,6,1,5,10,6,0,0
106199,0,0,0,0,0,0,0
11009,2,1,1,1,1,1,1
109067,2,1,1,1,2,0,0
9909258,2,1,1,1,0,2,12
9704292,3,1,2,3,3,0,0
9901222,2,1,1,1,2,0,0
202264,7,1,6,13,2,5,13
9208228,2,2,0,0,2,0,0
106090,3,2,1,1,0,3,22
9906433,1,1,0,0,0,1,3
101277,0,0,0,0,0,0,0
208048,0,0,0,0,0,0,0
9904325,3,1,2,2,0,3,3
9907207,0,0,0,0,0,0,0
9801316,2,2,0,0,1,1,1
9802230,8,5,3,5,0,8,31
9908336,3,2,1,2,0,3,30
9911204,1,1,0,0,0,1,4
103082,3,3,0,0,3,0,0
9504209,2,1,1,1,1,1,1
10092,2,2,0,0,0,2,5
9712475,0,0,0,0,0,0,0
206270,3,1,2,2,0,3,19
104290,3,2,1,1,0,3,3
104228,8,1,7,13,0,8,83
9312300,0,0,0,0,0,0,0
212288,0,0,0,0,0,0,0
6274,1,1,0,0,0,1,1
9612388,0,0,0,0,0,0,0
9805300,3,3,0,0,3,0,0
9510440,0,0,0,0,0,0,0
9903265,3,3,0,0,0,3,3
110344,2,1,1,1,0,2,2
9811373,4,2,2,2,0,4,29
110165,1,1,0,0,0,1,4
9502305,7,4,3,4,7,0,0
9408366,4,4,0,0,4,0,0
302006,0,0,0,0,0,0,0
9402259,5,1,4,5,5,0,0
205034,2,1,1,1,0,2,2
9507256,3,3,0,0,3,0,0
205136,1,1,0,0,0,1,5
9501259,4,2,2,3,2,2,2
9907208,0,0,0,0,0,0,0
9311217,1,1,0,0,1,0,0
9903440,3,1,2,3,0,3,3
9704252,0,0,0,0,0,0,0
9504396,3,1,2,3,3,0,0
9707283,0,0,0,0,0,0,0
9808318,0,0,0,0,0,0,0
9902252,0,0,0,0,0,0,0
9804366,3,1,2,2,2,1,1
9902360,0,0,0,0,0,0,0
107194,1,1,0,0,0,1,5
6219,1,1,0,0,0,1,5
9122,0,0,0,0,0,0,0
9704256,2,2,0,0,0,2,6
206137,4,2,2,2,0,4,53
211406,0,0,0,0,0,0,0
2252,10,2,8,16,10,0,0
9805290,1,1,0,0,1,0,0
9709414,0,0,0,0,0,0,0
9404233,1,1,0,0,0,1,1
9805344,4,3,1,1,4,0,0
206085,1,1,0,0,1,0,0
9803258,0,0,0,0,0,0,0
9410408,4,1,3,5,0,4,4
8242,7,3,4,5,7,0,0
110150,1,1,0,0,0,1,11
206115,1,1,0,0,0,1,6
106132,6,1,5,13,0,6,21
9712341,0,0,0,0,0,0,0
9610466,1,1,0,0,0,1,2
9504227,0,0,0,0,0,0,0
9905504,0,0,0,0,0,0,0
202063,5,3,2,4,0,5,24
9502356,3,2,1,1,3,0,0
9905494,1,1,0,0,0,1,2
9907442,0,0,0,0,0,0,0
9609322,1,1,0,0,0,1,3
9352,0,0,0,0,0,0,0
9805449,0,0,0,0,0,0,0
9212233,1,1,0,0,1,0,0
202208,1,1,0,0,0,1,2
207138,0,0,0,0,0,0,0
9604334,1,1,0,0,0,1,2
111270,0,0,0,0,0,0,0
201205,0,0,0,0,0,0,0
9609221,2,2,0,0,1,1,1
9601214,0,0,0,0,0,0,0
105163,1,1,0,0,0,1,2
108207,2,1,1,1,2,0,0
9602314,0,0,0,0,0,0,0
111370,0,0,0,0,0,0,0
11196,0,0,0,0,0,0,0
208227,4,3,1,1,0,4,9
9206249,4,4,0,0,4,0,0
9707321,1,1,0,0,0,1,3
108076,2,1,1,1,0,2,8
9605269,1,1,0,0,0,1,1
207018,0,0,0,0,0,0,0
9505290,1,1,0,0,1,0,0
5267,0,0,0,0,0,0,0
107127,0,0,0,0,0,0,0
9701255,2,1,1,1,2,0,0
105094,3,1,2,3,0,3,11
9901238,1,1,0,0,0,1,10
202236,1,1,0,0,0,1,1
9706364,2,2,0,0,2,0,0
109005,2,1,1,1,0,2,6
9407355,1,1,0,0,1,0,0
211464,0,0,0,0,0,0,0
9706322,0,0,0,0,0,0,0
9310275,2,1,1,1,2,0,0
3039,3,2,1,1,3,0,0
3226,2,2,0,0,0,2,2
9602278,1,1,0,0,1,0,0
112100,0,0,0,0,0,0,0
102233,2,1,1,1,0,2,2
9311302,0,0,0,0,0,0,0
9507384,1,1,0,0,0,1,3
9304203,4,2,2,2,4,0,0
205317,0,0,0,0,0,0,0
209191,0,0,0,0,0,0,0
9911343,0,0,0,0,0,0,0
106076,0,0,0,0,0,0,0
9901282,0,0,0,0,0,0,0
9805302,0,0,0,0,0,0,0
9801395,0,0,0,0,0,0,0
207299,1,1,0,0,0,1,8
9802210,0,0,0,0,0,0,0
201106,1,1,0,0,0,1,5
9609383,1,1,0,0,0,1,1
9811457,2,2,0,0,2,0,0
107017,3,3,0,0,0,3,33
211288,0,0,0,0,0,0,0
302148,0,0,0,0,0,0,0
9505274,0,0,0,0,0,0,0
9609316,2,2,0,0,2,0,0
9801332,1,1,0,0,0,1,7
11124,7,3,4,5,5,2,2
6190,1,1,0,0,0,1,27
109163,0,0,0,0,0,0,0
9511234,2,2,0,0,0,2,3
9604414,2,2,0,0,2,0,0
9211319,1,1,0,0,1,0,0
9307327,2,2,0,0,2,0,0
10304,0,0,0,0,0,0,0
9811450,0,0,0,0,0,0,0
9902305,0,0,0,0,0,0,0
9806473,0,0,0,0,0,0,0
9503369,1,1,0,0,1,0,0
9411378,0,0,0,0,0,0,0
204107,0,0,0,0,0,0,0
9911381,3,3,0,0,2,1,1
9712474,1,1,0,0,0,1,2
2295,2,2,0,0,0,2,7
204319,0,0,0,0,0,0,0
106068,1,1,0,0,0,1,1
9506255,4,2,2,4,4,0,0
112063,0,0,0,0,0,0,0
9510355,0,0,0,0,0,0,0
9804438,4,2,2,4,4,0,0
5282,1,1,0,0,0,1,3
9606363,0,0,0,0,0,0,0
212061,0,0,0,0,0,0,0
6228,0,0,0,0,0,0,0
9406270,2,2,0,0,2,0,0
9510222,1,1,0,0,1,0,0
9801261,0,0,0,0,0,0,0
3235,0,0,0,0,0,0,0
211155,1,1,0,0,0,1,5
107016,0,0,0,0,0,0,0
9602345,1,1,0,0,0,1,1
211225,0,0,0,0,0,0,0
12078,0,0,0,0,0,0,0
8036,0,0,0,0,0,0,0
9708418,1,1,0,0,0,1,4
9910264,0,0,0,0,0,0,0
110359,1,1,0,0,0,1,1
9906493,0,0,0,0,0,0,0
9810460,0,0,0,0,0,0,0
9812219,0,0,0,0,0,0,0
9905321,1,1,0,0,1,0,0
9057,0,0,0,0,0,0,0
8057,4,2,2,2,0,4,33
9806418,1,1,0,0,1,0,0
101223,2,2,0,0,0,2,10
9503416,3,2,1,1,3,0,0
9511246,0,0,0,0,0,0,0
107058,0,0,0,0,0,0,0
209101,0,0,0,0,0,0,0
206222,1,1,0,0,0,1,2
9908357,0,0,0,0,0,0,0
9908441,1,1,0,0,1,0,0
104309,1,1,0,0,0,1,2
101085,3,2,1,1,3,0,0
109098,0,0,0,0,0,0,0
9611411,1,1,0,0,0,1,1
9509222,2,2,0,0,2,0,0
110361,0,0,0,0,0,0,0
9609222,0,0,0,0,0,0,0
11321,3,2,1,1,0,3,35
201032,0,0,0,0,0,0,0
9507223,1,1,0,0,0,1,1
9805372,1,1,0,0,0,1,3
9904467,0,0,0,0,0,0,0
102129,0,0,0,0,0,0,0
9801249,1,1,0,0,1,0,0
208055,0,0,0,0,0,0,0
9505284,2,1,1,1,2,0,0
302187,0,0,0,0,0,0,0
211112,0,0,0,0,0,0,0
9607219,0,0,0,0,0,0,0
9902468,0,0,0,0,0,0,0
104013,0,0,0,0,0,0,0
210351,0,0,0,0,0,0,0
211268,3,1,2,3,0,3,5
110231,0,0,0,0,0,0,0
111184,1,1,0,0,0,1,2
212077,0,0,0,0,0,0,0
101159,1,1,0,0,0,1,10
9308233,0,0,0,0,0,0,0
110413,1,1,0,0,0,1,1
212226,0,0,0,0,0,0,0
9804443,0,0,0,0,0,0,0
207256,0,0,0,0,0,0,0
9907451,0,0,0,0,0,0,0
9911486,0,0,0,0,0,0,0
204124,1,1,0,0,0,1,1
9902450,0,0,0,0,0,0,0
9511352,3,2,1,1,3,0,0
111076,1,1,0,0,1,0,0
9510397,1,1,0,0,1,0,0
9809532,2,2,0,0,2,0,0
9702351,0,0,0,0,0,0,0
110279,3,2,1,1,2,1,1
9608424,2,2,0,0,2,0,0
9911398,2,2,0,0,0,2,5
210391,1,1,0,0,0,1,4
9705336,0,0,0,0,0,0,0
3093,0,0,0,0,0,0,0
207100,0,0,0,0,0,0,0
9164,0,0,0,0,0,0,0
207195,1,1,0,0,0,1,5
204309,0,0,0,0,0,0,0
9610382,0,0,0,0,0,0,0
9602388,0,0,0,0,0,0,0
9905476,0,0,0,0,0,0,0
203212,1,1,0,0,0,1,8
207223,0,0,0,0,0,0,0
208148,0,0,0,0,0,0,0
208044,1,1,0,0,0,1,1
9031,0,0,0,0,0,0,0
9910353,0,0,0,0,0,0,0
207368,0,0,0,0,0,0,0
9043,1,1,0,0,0,1,2
6260,0,0,0,0,0,0,0
9706445,0,0,0,0,0,0,0
107312,1,1,0,0,1,0,0
103288,0,0,0,0,0,0,0
108162,1,1,0,0,1,0,0
9501401,0,0,0,0,0,0,0
108101,1,1,0,0,0,1,5
9904261,2,2,0,0,0,2,6
9602330,2,1,1,1,2,0,0
205094,0,0,0,0,0,0,0
110025,1,1,0,0,0,1,2
9907366,0,0,0,0,0,0,0
9610436,0,0,0,0,0,0,0
9401225,1,1,0,0,1,0,0
9703426,0,0,0,0,0,0,0
212248,0,0,0,0,0,0,0
6081,0,0,0,0,0,0,0
9505412,1,1,0,0,1,0,0
9909402,0,0,0,0,0,0,0
9605383,0,0,0,0,0,0,0
109265,3,2,1,1,3,0,0
9912537,0,0,0,0,0,0,0
211196,0,0,0,0,0,0,0
9307377,4,2,2,2,4,0,0
112265,0,0,0,0,0,0,0
209367,0,0,0,0,0,0,0
11305,1,1,0,0,0,1,1
2045,0,0,0,0,0,0,0
211263,0,0,0,0,0,0,0
9506274,1,1,0,0,1,0,0
9604268,0,0,0,0,0,0,0
9912536,0,0,0,0,0,0,0
9706388,0,0,0,0,0,0,0
9503267,0,0,0,0,0,0,0
9509332,0,0,0,0,0,0,0
11001,0,0,0,0,0,0,0
9903433,0,0,0,0,0,0,0
9509396,0,0,0,0,0,0,0
9901391,1,1,0,0,0,1,1
106170,0,0,0,0,0,0,0
9810248,1,1,0,0,1,0,0
9402344,0,0,0,0,0,0,0
208255,0,0,0,0,0,0,0
9710457,0,0,0,0,0,0,0
9406425,0,0,0,0,0,0,0
9704431,0,0,0,0,0,0,0
10333,0,0,0,0,0,0,0
9608208,1,1,0,0,0,1,1
9811499,0,0,0,0,0,0,0
10314,1,1,0,0,0,1,1
9907404,1,1,0,0,0,1,2
207143,1,1,0,0,1,0,0
5087,0,0,0,0,0,0,0
8121,1,1,0,0,1,0,0
9312263,1,1,0,0,1,0,0
12263,1,1,0,0,1,0,0
102034,0,0,0,0,0,0,0
9902288,1,1,0,0,0,1,4
9606205,0,0,0,0,0,0,0
9907530,0,0,0,0,0,0,0
11107,0,0,0,0,0,0,0
207353,0,0,0,0,0,0,0
212052,0,0,0,0,0,0,0
208020,0,0,0,0,0,0,0
9709434,0,0,0,0,0,0,0
11007,0,0,0,0,0,0,0
109027,0,0,0,0,0,0,0
103033,1,1,0,0,0,1,3
9912203,1,1,0,0,0,1,1
9802320,1,1,0,0,1,0,0
4168,0,0,0,0,0,0,0
9706245,0,0,0,0,0,0,0
204323,0,0,0,0,0,0,0
210424,0,0,0,0,0,0,0
9907283,2,1,1,1,2,0,0
9712435,0,0,0,0,0,0,0
9906228,0,0,0,0,0,0,0
205118,0,0,0,0,0,0,0
208198,2,2,0,0,0,2,10
9706451,0,0,0,0,0,0,0
9405395,1,1,0,0,1,0,0
208263,1,1,0,0,0,1,5
212386,0,0,0,0,0,0,0
9310305,0,0,0,0,0,0,0
9706429,0,0,0,0,0,0,0
9805409,0,0,0,0,0,0,0
11219,0,0,0,0,0,0,0
9402331,1,1,0,0,1,0,0
9404260,1,1,0,0,1,0,0
9123,0,0,0,0,0,0,0
9708269,0,0,0,0,0,0,0
5130,0,0,0,0,0,0,0
9912422,1,1,0,0,1,0,0
207016,0,0,0,0,0,0,0
9706422,0,0,0,0,0,0,0
9905438,0,0,0,0,0,0,0
9610508,2,1,1,1,2,0,0
9907251,0,0,0,0,0,0,0
9908282,0,0,0,0,0,0,0
12295,0,0,0,0,0,0,0
9912454,2,1,1,1,2,0,0
210279,0,0,0,0,0,0,0
3001,2,1,1,1,0,2,5
110352,0,0,0,0,0,0,0
112006,1,1,0,0,0,1,2
210148,0,0,0,0,0,0,0
9706514,0,0,0,0,0,0,0
203176,0,0,0,0,0,0,0
106079,0,0,0,0,0,0,0
202057,0,0,0,0,0,0,0
103282,1,1,0,0,1,0,0
9708324,0,0,0,0,0,0,0
301239,0,0,0,0,0,0,0
206056,1,1,0,0,1,0,0
103196,0,0,0,0,0,0,0
9701339,0,0,0,0,0,0,0
110234,0,0,0,0,0,0,0
9709512,0,0,0,0,0,0,0
210268,0,0,0,0,0,0,0
9401248,0,0,0,0,0,0,0
211304,0,0,0,0,0,0,0
207333,0,0,0,0,0,0,0
9902477,0,0,0,0,0,0,0
9609390,0,0,0,0,0,0,0
211354,1,1,0,0,0,1,4
203207,0,0,0,0,0,0,0
212275,1,1,0,0,0,1,1
112256,0,0,0,0,0,0,0
211441,0,0,0,0,0,0,0
211121,0,0,0,0,0,0,0
9311364,0,0,0,0,0,0,0
209086,0,0,0,0,0,0,0
302273,0,0,0,0,0,0,0
9904263,0,0,0,0,0,0,0
111008,0,0,0,0,0,0,0
102212,1,1,0,0,0,1,1
9502203,0,0,0,0,0,0,0
108153,1,1,0,0,1,0,0
9710475,0,0,0,0,0,0,0
112363,0,0,0,0,0,0,0
9056,0,0,0,0,0,0,0
3250,1,1,0,0,1,0,0
101315,0,0,0,0,0,0,0
210144,0,0,0,0,0,0,0
210141,0,0,0,0,0,0,0
9809345,0,0,0,0,0,0,0
9406323,0,0,0,0,0,0,0
9601304,1,1,0,0,1,0,0
9610291,0,0,0,0,0,0,0
212044,0,0,0,0,0,0,0
9290,0,0,0,0,0,0,0
9501309,0,0,0,0,0,0,0
9809575,1,1,0,0,1,0,0
9307246,1,1,0,0,1,0,0
9509366,1,1,0,0,1,0,0
101135,0,0,0,0,0,0,0
112348,0,0,0,0,0,0,0
9312310,0,0,0,0,0,0,0
9706324,0,0,0,0,0,0,0
9405269,0,0,0,0,0,0,0
9609214,1,1,0,0,1,0,0
302229,0,0,0,0,0,0,0
105316,0,0,0,0,0,0,0
204074,0,0,0,0,0,0,0
9909272,0,0,0,0,0,0,0
203013,0,0,0,0,0,0,0
9408405,0,0,0,0,0,0,0
9403373,1,1,0,0,1,0,0
112208,0,0,0,0,0,0,0
302275,0,0,0,0,0,0,0
