fp_int_id,cp_level,cp_r_citing_zero,cp_r_citing_nonzero,tr_citing,cp_r_cited_zero,cp_r_cited_nonzero,tr_cited
9907233,3,3,0,0,1,2,7
12308,113,14,99,463,40,73,229
6124,203,21,182,1177,14,189,894
9408404,133,15,118,1170,35,98,174
9707225,31,5,26,66,13,18,35
9403254,37,8,29,115,34,3,3
9506374,92,8,84,823,10,82,351
9806230,5,3,2,4,5,0,0
9802300,72,3,69,619,6,66,342
9503486,108,28,80,236,70,38,147
9402360,103,16,87,561,23,80,237
9501212,12,4,8,16,7,5,6
9305232,43,5,38,117,11,32,32
1166,56,13,43,118,0,56,397
3033,37,14,23,45,1,36,313
9606231,36,7,29,141,1,35,136
9709284,6,2,4,6,1,5,31
9909352,17,3,14,33,0,17,94
12256,3,2,1,1,0,3,21
9507438,5,2,3,5,1,4,5
9811250,7,2,5,13,4,3,9
9207258,8,3,5,10,8,0,0
9409458,91,13,78,260,73,18,27
9809275,10,4,6,11,1,9,47
108059,13,3,10,18,0,13,150
9504417,2,2,0,0,1,1,1
9303219,4,4,0,0,3,1,1
9211247,21,10,11,22,21,0,0
9503463,32,1,31,167,18,14,18
9403230,55,8,47,247,14,41,51
9306293,4,2,2,3,4,0,0
9411256,9,4,5,9,5,4,7
9803449,1,1,0,0,0,1,2
9709388,127,10,117,1008,48,79,85
9809596,99,5,94,699,2,97,1107
9802328,13,4,9,15,4,9,21
9411315,3,2,1,1,3,0,0
9305205,26,9,17,41,10,16,29
9808355,64,5,59,346,2,62,620
9907390,48,4,44,210,0,48,275
9505385,120,12,108,631,76,44,72
9411341,24,9,15,41,18,6,6
9808419,15,7,8,17,0,15,81
9806490,1,1,0,0,0,1,7
9801276,27,8,19,54,9,18,35
9406241,34,2,32,136,34,0,0
9708213,17,2,15,47,3,14,54
9804262,24,4,20,95,7,17,23
9306235,24,3,21,43,17,7,7
9301220,3,2,1,1,3,0,0
9805427,27,4,23,99,0,27,168
9803255,10,3,7,11,6,4,8
9503312,7,5,2,2,7,0,0
9810257,19,7,12,16,0,19,130
9706546,13,5,8,20,2,11,41
9501277,100,14,86,285,35,65,94
9601387,57,10,47,223,6,51,125
9304277,64,20,44,271,19,45,107
9705416,39,8,31,164,0,39,429
9708495,14,3,11,35,0,14,46
107121,5,2,3,4,1,4,12
9909473,20,2,18,79,1,19,19
9404281,71,11,60,440,30,41,67
9706512,30,2,28,70,0,30,116
12371,13,4,9,18,2,11,102
10209,2,1,1,1,0,2,8
9605398,113,8,105,788,5,108,627
9702307,33,10,23,69,1,32,224
9710217,25,6,19,55,2,23,268
9301273,12,5,7,13,12,0,0
9809364,21,5,16,31,0,21,179
101089,14,6,8,15,0,14,40
9609341,34,7,27,95,1,33,169
102289,7,4,3,4,1,6,20
11323,10,2,8,15,0,10,326
9807495,9,2,7,16,1,8,25
9803370,15,5,10,18,2,13,62
9712531,12,2,10,31,0,12,82
9902362,8,4,4,9,1,7,41
1177,11,4,7,19,0,11,51
9506289,58,2,56,273,44,14,15
9410280,138,28,110,518,32,106,251
9711301,1,1,0,0,0,1,4
9811337,206,10,196,2287,0,206,876
9305275,51,12,39,181,7,44,93
9502321,28,8,20,57,1,27,118
9504349,40,7,33,104,40,0,0
9405373,4,4,0,0,4,0,0
9705218,13,1,12,36,0,13,50
9512328,86,4,82,441,27,59,154
9410414,41,4,37,196,41,0,0
9712302,65,5,60,398,1,64,171
9707375,5,4,1,1,0,5,10
9402283,146,24,122,534,146,0,0
9601336,32,11,21,40,11,21,23
9507327,4,2,2,3,2,2,2
9609295,2,2,0,0,0,2,9
9406233,14,6,8,13,14,0,0
9705217,5,5,0,0,1,4,16
9204202,14,7,7,13,14,0,0
9705401,36,5,31,96,15,21,65
9803385,7,7,0,0,2,5,10
9401246,31,8,23,82,1,30,164
9805488,17,6,11,23,1,16,96
9607293,13,5,8,21,11,2,2
9203206,21,8,13,19,21,0,0
9908416,2,1,1,1,0,2,6
9506451,140,16,124,613,101,39,40
9411273,36,7,29,60,36,0,0
9501375,81,7,74,320,17,64,180
9406318,26,2,24,119,9,17,17
9907267,14,3,11,31,1,13,109
9501229,14,3,11,26,5,9,16
9409250,48,13,35,157,38,10,10
9906210,25,4,21,41,0,25,175
9505257,2,1,1,1,0,2,9
9906510,3,2,1,1,0,3,4
9701423,44,2,42,201,1,43,214
9611376,2,1,1,1,0,2,6
2078,27,5,22,46,0,27,202
9712471,30,2,28,115,5,25,82
9904344,35,3,32,135,7,28,38
9709442,51,2,49,220,3,48,222
9507363,42,4,38,227,1,41,85
5228,33,4,29,105,1,32,210
9902335,23,2,21,113,2,21,76
9306220,33,12,21,72,33,0,0
9406300,30,5,25,60,3,27,47
11273,6,2,4,5,0,6,53
9705438,2,2,0,0,0,2,2
9407314,19,9,10,16,7,12,12
207164,3,2,1,1,0,3,16
9905244,12,2,10,25,0,12,102
9505289,31,9,22,58,3,28,146
9509212,28,6,22,67,2,26,60
9906270,18,5,13,25,1,17,64
9801445,40,10,30,164,5,35,117
9306248,34,12,22,91,34,0,0
9801365,39,8,31,94,3,36,288
9804237,29,2,27,109,0,29,169
9511470,6,1,5,7,0,6,9
9510370,18,5,13,32,1,17,21
9406257,10,5,5,5,10,0,0
9601362,65,4,61,412,19,46,49
9611409,40,14,26,61,10,30,110
9910271,18,8,10,19,8,10,19
9603410,16,6,10,16,13,3,4
9907207,4,4,0,0,1,3,24
9707364,60,4,56,428,1,59,289
9701273,5,2,3,4,1,4,4
9903340,36,9,27,76,1,35,167
9209236,18,3,15,56,18,0,0
9311356,27,4,23,79,13,14,17
9607467,2,2,0,0,1,1,1
9611375,17,5,12,24,3,14,35
9601249,37,8,29,150,6,31,71
9408376,19,10,9,16,8,11,19
9809553,4,3,1,1,0,4,21
9403329,2,1,1,1,2,0,0
9603253,14,4,10,42,5,9,15
9304265,26,6,20,62,9,17,21
10348,21,3,18,52,0,21,119
9707281,21,4,17,42,2,19,93
4028,60,1,59,365,18,42,103
9904310,23,7,16,33,5,18,70
9705437,47,12,35,115,9,38,118
9401209,11,2,9,38,0,11,60
111058,66,3,63,289,44,22,28
9402254,48,12,36,101,44,4,4
102238,24,2,22,167,0,24,207
9912490,13,8,5,11,0,13,56
9908427,16,2,14,28,8,8,57
9407209,10,6,4,5,5,5,19
9908390,29,1,28,116,7,22,57
9404227,13,5,8,10,1,12,12
9807262,12,2,10,20,2,10,40
10009,28,1,27,87,0,28,149
106168,7,1,6,14,0,7,60
9910444,22,3,19,82,0,22,114
9503455,7,4,3,3,0,7,17
9702397,8,1,7,9,1,7,11
9902232,12,2,10,31,0,12,31
9807330,9,5,4,4,3,6,7
9705240,34,4,30,112,12,22,23
6162,8,6,2,4,3,5,27
9605264,83,11,72,265,34,49,116
9602316,6,2,4,8,2,4,4
9409356,13,4,9,24,0,13,25
8049,36,4,32,140,0,36,182
6340,8,4,4,6,0,8,58
9907328,6,1,5,8,0,6,72
10029,12,5,7,10,0,12,118
9911228,13,3,10,24,0,13,129
210130,8,5,3,7,0,8,83
104261,14,2,12,34,1,13,54
12058,18,1,17,43,5,13,26
9601371,8,5,3,3,8,0,0
9606238,17,6,11,27,1,16,50
103201,33,9,24,78,0,33,187
102290,15,8,7,11,0,15,108
110201,4,3,1,1,1,3,5
9701322,8,6,2,2,2,6,31
9301211,17,5,12,21,17,0,0
103235,12,4,8,21,1,11,42
7226,28,13,15,23,0,28,288
5146,12,6,6,10,0,12,99
9906374,29,6,23,81,0,29,123
5009,5,2,3,4,0,5,17
4175,6,2,4,5,0,6,49
2053,20,8,12,23,3,17,36
9608215,7,3,4,6,2,5,12
9812528,3,2,1,1,2,1,2
9707244,29,11,18,49,1,28,112
9904249,15,1,14,37,0,15,108
8021,13,5,8,24,1,12,25
8338,3,1,2,2,0,3,7
9610244,27,4,23,69,2,25,71
9912369,3,2,1,1,0,3,88
9705477,115,33,82,216,52,63,105
9512318,2,1,1,1,1,1,2
9809433,40,6,34,162,1,39,406
9806536,4,2,2,3,3,1,1
9308241,15,8,7,14,15,0,0
9510333,14,2,12,20,0,14,42
9711253,3,2,1,1,1,2,2
9609318,6,5,1,1,0,6,8
9209266,3,1,2,2,3,0,0
9401281,7,3,4,7,7,0,0
9409335,49,6,43,300,45,4,4
9208236,22,1,21,81,22,0,0
7336,15,2,13,27,1,14,89
9709244,8,2,6,9,3,5,15
9905338,6,3,3,4,0,6,50
9410228,8,4,4,10,2,6,17
9910316,8,4,4,4,0,8,34
9707500,27,4,23,76,0,27,128
9710374,18,7,11,19,1,17,66
9610303,2,2,0,0,1,1,2
110277,5,3,2,2,0,5,34
9504273,19,4,15,51,6,13,13
9308209,6,5,1,1,2,4,9
9807346,7,6,1,1,2,5,19
9407206,13,3,10,33,9,4,5
5318,15,5,10,15,0,15,108
9701289,107,28,79,401,10,97,429
9904320,7,3,4,4,1,6,23
9608399,5,2,3,5,0,5,22
2081,16,6,10,25,0,16,98
9806356,43,5,38,131,7,36,99
9810453,9,4,5,10,0,9,24
9404353,4,2,2,3,4,0,0
9403212,17,7,10,29,1,16,23
9911476,6,2,4,8,1,5,13
9805380,50,4,46,184,8,42,168
9504247,17,10,7,12,1,16,25
9612284,30,13,17,36,30,0,0
9410292,4,1,3,4,0,4,7
9607318,3,2,1,1,0,3,12
9701312,2,2,0,0,1,1,1
9711403,25,7,18,52,23,2,3
9503470,9,4,5,9,9,0,0
9603281,4,1,3,5,4,0,0
9802416,21,5,16,30,0,21,132
9705201,30,5,25,122,0,30,264
9403310,28,11,17,31,2,26,54
9506284,35,9,26,82,0,35,142
9304254,15,12,3,4,1,14,28
9806368,30,7,23,84,0,30,168
9610306,4,4,0,0,2,2,2
108137,1,1,0,0,1,0,0
9702315,41,9,32,94,7,34,135
12134,20,5,15,34,1,19,64
9909514,13,5,8,9,3,10,31
9609277,9,3,6,8,7,2,4
9407259,5,4,1,1,2,3,3
9311278,21,7,14,22,3,18,37
9404259,3,3,0,0,1,2,3
9701336,32,9,23,50,15,17,39
108217,11,2,9,25,11,0,0
9909361,3,1,2,2,0,3,11
6173,8,5,3,3,0,8,98
9704378,14,7,7,14,0,14,40
9605359,13,7,6,8,0,13,65
9512442,23,6,17,34,12,11,18
202166,21,10,11,34,0,21,115
9711411,7,2,5,7,4,3,3
9507429,27,3,24,86,23,4,6
9301287,3,2,1,1,3,0,0
9710339,19,4,15,95,3,16,51
9604309,13,2,11,35,0,13,46
9805316,20,6,14,33,3,17,29
2066,4,2,2,2,1,3,9
9903432,8,1,7,15,0,8,14
9906277,26,4,22,62,7,19,43
9909567,10,4,6,14,0,10,250
9906507,6,2,4,4,0,6,44
107153,6,5,1,1,5,1,2
1188,9,2,7,9,1,8,20
9710214,18,5,13,43,0,18,116
1231,1,1,0,0,0,1,3
9509222,6,3,3,3,2,4,8
9408395,2,1,1,1,0,2,3
9903419,11,3,8,29,1,10,28
103166,3,3,0,0,0,3,33
9608264,6,4,2,2,0,6,19
9712520,9,3,6,10,4,5,12
106147,3,3,0,0,0,3,4
210061,0,0,0,0,0,0,0
110141,3,2,1,1,0,3,8
9911297,9,5,4,6,1,8,40
9608406,13,7,6,8,0,13,121
101268,0,0,0,0,0,0,0
208228,5,4,1,1,0,5,47
9405374,9,4,5,9,5,4,4
9306297,7,5,2,2,0,7,9
9610479,14,3,11,17,4,10,34
9308308,19,11,8,14,4,15,20
9606469,5,1,4,7,0,5,100
10012,6,2,4,5,1,5,9
9609491,6,3,3,3,0,6,10
9706210,8,1,7,9,0,8,30
9512343,8,1,7,9,6,2,2
9810402,6,2,4,6,2,4,4
102253,3,1,2,2,0,3,20
9308244,13,8,5,8,10,3,4
9307290,3,2,1,1,1,2,2
9404263,3,2,1,1,1,2,2
9409296,20,4,16,54,15,5,9
9310341,10,4,6,8,10,0,0
9404250,1,1,0,0,1,0,0
9701354,8,4,4,5,6,2,5
105071,45,10,35,125,5,40,193
103052,14,7,7,11,2,12,50
9705462,7,2,5,7,3,4,4
9704396,18,5,13,66,0,18,82
11058,3,2,1,1,0,3,8
9709251,2,1,1,1,2,0,0
9707419,3,1,2,2,0,3,3
111047,13,6,7,12,0,13,106
11248,21,7,14,32,1,20,235
102103,7,2,5,8,0,7,25
203010,0,0,0,0,0,0,0
9511325,6,3,3,3,1,5,13
9707399,1,1,0,0,0,1,2
112260,8,5,3,3,0,8,26
103317,4,1,3,3,0,4,41
9411243,4,4,0,0,1,3,3
9709358,8,2,6,12,7,1,1
9412304,10,4,6,11,0,10,60
9609327,1,1,0,0,1,0,0
9409273,3,2,1,1,3,0,0
9603203,3,1,2,2,0,3,5
7161,0,0,0,0,0,0,0
9409302,1,1,0,0,1,0,0
9307285,19,8,11,31,19,0,0
9909521,1,1,0,0,0,1,2
9209240,18,6,12,46,18,0,0
9702312,5,5,0,0,2,3,16
2120,23,6,17,39,0,23,111
9908490,6,4,2,3,0,6,14
9710247,23,3,20,39,0,23,84
204051,2,2,0,0,0,2,9
206174,18,3,15,60,1,17,235
108168,25,10,15,32,0,25,298
9905316,12,4,8,13,0,12,71
9610350,8,7,1,1,2,6,12
205067,16,5,11,28,0,16,112
103046,11,3,8,14,0,11,52
9511275,18,4,14,42,2,16,76
9805496,22,8,14,20,8,14,20
11053,20,5,15,66,1,19,161
110393,18,5,13,27,2,16,70
9404238,11,8,3,6,7,4,5
9401320,7,3,4,6,7,0,0
205168,4,1,3,5,0,4,41
9709497,1,1,0,0,0,1,4
9709266,1,1,0,0,1,0,0
9312277,5,3,2,3,2,3,3
9610310,9,1,8,14,1,8,12
110158,11,1,10,22,0,11,242
107299,5,2,3,5,0,5,42
9706244,3,1,2,3,0,3,5
9702419,9,2,7,12,2,7,7
9604355,16,4,12,17,2,14,21
9501312,7,5,2,2,0,7,26
101249,6,3,3,5,0,6,106
9805396,11,6,5,9,1,10,27
9812340,3,2,1,1,2,1,7
111028,6,3,3,4,0,6,10
9512358,8,4,4,9,1,7,9
9908280,3,3,0,0,0,3,7
9601279,5,2,3,5,2,3,3
9806231,1,1,0,0,0,1,12
9504375,13,2,11,42,2,11,69
9608404,9,2,7,20,2,7,13
9907528,4,3,1,1,0,4,17
102097,13,1,12,42,0,13,105
104127,14,4,10,31,0,14,126
9312307,2,2,0,0,0,2,3
9803334,0,0,0,0,0,0,0
9904411,11,5,6,14,3,8,22
105258,2,2,0,0,2,0,0
9307323,3,2,1,2,3,0,0
9507263,2,2,0,0,0,2,9
9909551,3,3,0,0,2,1,4
9802380,5,5,0,0,4,1,1
9807230,4,1,3,5,1,3,10
9812336,13,4,9,24,1,12,13
9709455,4,3,1,2,1,3,8
10135,0,0,0,0,0,0,0
9910244,1,1,0,0,1,0,0
9405205,3,3,0,0,2,1,2
207179,1,1,0,0,0,1,7
9706470,6,4,2,2,2,4,8
110043,2,2,0,0,0,2,4
9801425,6,4,2,2,0,6,40
9712469,32,13,19,38,1,31,173
9609404,10,3,7,10,10,0,0
9610467,14,1,13,41,4,10,26
209316,2,1,1,1,0,2,9
9810480,5,3,2,3,0,5,22
9711342,5,1,4,8,0,5,30
9708454,5,3,2,3,5,0,0
9503326,1,1,0,0,1,0,0
4092,4,3,1,1,2,2,9
9911432,3,1,2,3,0,3,24
9806420,1,1,0,0,0,1,4
9508354,13,3,10,18,1,12,27
9905212,10,2,8,13,2,8,23
9307299,2,2,0,0,1,1,1
9807504,17,10,7,19,4,13,20
109189,0,0,0,0,0,0,0
9712507,7,3,4,9,2,5,12
9298,5,5,0,0,0,5,35
9803319,10,5,5,9,3,7,51
10325,16,8,8,12,0,16,184
9308275,17,2,15,37,1,16,26
9612299,1,1,0,0,1,0,0
9406311,10,5,5,7,4,6,15
9805230,2,2,0,0,0,2,6
102022,6,3,3,5,0,6,21
10319,7,1,6,9,0,7,39
9606418,2,1,1,1,0,2,11
9707415,4,2,2,2,0,4,24
9405325,29,11,18,82,29,0,0
9408312,4,4,0,0,3,1,1
208073,4,4,0,0,0,4,49
5090,2,1,1,1,0,2,12
9602210,5,5,0,0,5,0,0
107309,3,2,1,1,0,3,9
9411432,7,4,3,3,7,0,0
110407,6,3,3,4,0,6,59
7344,3,1,2,2,1,2,14
9505378,4,1,3,5,0,4,7
105236,7,2,5,6,0,7,45
109214,19,2,17,64,18,1,1
9603416,3,3,0,0,0,3,6
110186,4,2,2,3,0,4,22
9901289,6,2,4,8,5,1,1
9810441,5,2,3,7,0,5,51
9508339,3,1,2,3,0,3,42
2086,4,2,2,3,0,4,41
9610399,8,3,5,12,0,8,10
202083,1,1,0,0,0,1,1
9910256,4,2,2,2,1,3,4
9603278,9,3,6,7,4,5,9
9705209,4,2,2,2,0,4,30
9812210,3,2,1,1,0,3,10
111249,4,2,2,2,1,3,14
9702370,6,3,3,6,0,6,11
109103,3,1,2,2,0,3,24
9612428,9,2,7,17,0,9,20
9910562,7,4,3,5,0,7,42
9506420,4,2,2,2,0,4,7
111318,2,1,1,1,0,2,39
9803458,1,1,0,0,0,1,3
2240,8,5,3,3,2,6,20
4191,6,3,3,3,0,6,27
9911541,26,6,20,72,3,23,53
9909554,21,5,16,59,0,21,292
203021,4,2,2,2,0,4,19
9808330,2,2,0,0,0,2,5
10096,11,5,6,8,0,11,39
9901285,0,0,0,0,0,0,0
112354,2,1,1,1,0,2,6
9212287,8,4,4,6,8,0,0
12088,8,3,5,8,2,6,40
209150,1,1,0,0,0,1,4
9410317,7,1,6,12,4,3,3
107297,4,4,0,0,1,3,5
3218,7,5,2,2,2,5,17
9901307,3,3,0,0,1,2,3
9602329,9,6,3,4,0,9,92
4053,6,4,2,2,1,5,35
208083,2,2,0,0,0,2,63
9505280,3,3,0,0,1,2,6
9610299,7,2,5,16,1,6,9
9409299,1,1,0,0,0,1,3
9911291,11,2,9,24,4,7,12
109147,2,2,0,0,0,2,7
9709409,1,1,0,0,0,1,2
202270,30,10,20,47,2,28,400
9811218,4,2,2,3,4,0,0
104067,2,2,0,0,0,2,10
9606417,9,5,4,7,1,8,26
9504255,0,0,0,0,0,0,0
9205242,2,2,0,0,2,0,0
9702345,6,2,4,7,4,2,3
9803300,2,2,0,0,0,2,9
9901345,1,1,0,0,0,1,9
9911386,5,3,2,2,0,5,31
9710515,3,3,0,0,1,2,12
9409459,5,2,3,3,0,5,5
9712463,6,2,4,12,0,6,38
9503304,2,1,1,1,1,1,2
9908347,6,5,1,1,0,6,25
12300,3,2,1,1,0,3,25
9506389,4,2,2,5,4,0,0
9811311,9,3,6,15,2,7,8
101277,5,5,0,0,2,3,23
102217,2,1,1,1,1,1,2
202232,1,1,0,0,1,0,0
206308,7,2,5,15,0,7,119
111307,7,2,5,6,2,5,9
9505309,5,1,4,7,0,5,10
12108,6,3,3,3,0,6,43
9806455,14,2,12,29,0,14,54
9305276,39,5,34,198,39,0,0
204152,1,1,0,0,0,1,7
9906415,9,4,5,8,0,9,40
9910263,4,2,2,3,0,4,47
9297,9,5,4,5,0,9,86
10007,8,4,4,5,0,8,52
9906546,8,4,4,5,1,7,39
105005,13,5,8,15,0,13,100
9305235,1,1,0,0,1,0,0
1317,4,4,0,0,0,4,11
9906420,4,2,2,2,0,4,35
108212,0,0,0,0,0,0,0
9279,1,1,0,0,0,1,8
9805246,0,0,0,0,0,0,0
9702252,5,3,2,3,1,4,7
9503478,8,1,7,18,5,3,3
106108,12,5,7,13,3,9,27
9903280,3,2,1,1,0,3,3
3133,1,1,0,0,0,1,9
9512445,7,2,5,9,4,3,6
9705261,6,3,3,4,0,6,8
9907221,7,4,3,3,1,6,24
9505276,4,4,0,0,2,2,3
9908361,5,3,2,2,4,1,1
211349,0,0,0,0,0,0,0
7021,5,1,4,7,0,5,16
9703262,2,1,1,1,0,2,6
9506346,1,1,0,0,1,0,0
9509263,9,1,8,19,4,5,5
9604395,3,2,1,1,1,2,2
9805314,2,1,1,1,0,2,7
9605399,3,1,2,2,1,2,2
105237,0,0,0,0,0,0,0
106181,3,3,0,0,1,2,24
9801354,0,0,0,0,0,0,0
9807233,1,1,0,0,0,1,6
9907493,1,1,0,0,1,0,0
9603357,5,3,2,4,1,4,4
9501383,3,2,1,1,2,1,1
211062,4,3,1,1,0,4,51
105104,7,4,3,4,1,6,30
9707358,1,1,0,0,1,0,0
112172,4,4,0,0,0,4,39
9803339,2,1,1,1,0,2,2
9133,15,2,13,22,0,15,111
9405344,12,7,5,11,12,0,0
9604216,5,4,1,1,0,5,18
111210,0,0,0,0,0,0,0
101269,7,3,4,7,0,7,29
9502345,1,1,0,0,0,1,2
9702290,3,3,0,0,0,3,5
104136,2,2,0,0,1,1,1
105015,0,0,0,0,0,0,0
9402238,3,2,1,1,0,3,5
9610552,3,2,1,1,3,0,0
105220,2,2,0,0,1,1,1
111205,8,2,6,10,0,8,65
9612277,1,1,0,0,0,1,4
9711367,2,2,0,0,0,2,3
9309290,1,1,0,0,1,0,0
9212273,2,1,1,1,2,0,0
9605256,3,2,1,1,0,3,17
9709317,2,2,0,0,1,1,7
212393,0,0,0,0,0,0,0
106031,6,3,3,3,0,6,25
9610530,1,1,0,0,0,1,2
9811403,1,1,0,0,1,0,0
9612305,1,1,0,0,0,1,1
9502207,4,2,2,2,0,4,18
9608212,4,2,2,3,4,0,0
9304243,4,4,0,0,4,0,0
9910528,1,1,0,0,1,0,0
9606459,2,2,0,0,0,2,4
9807399,7,2,5,7,1,6,6
111311,7,2,5,13,4,3,3
205009,3,3,0,0,2,1,2
102121,1,1,0,0,0,1,11
9402317,2,2,0,0,2,0,0
9907273,5,4,1,1,5,0,0
9702319,14,6,8,27,1,13,46
203135,15,9,6,8,1,14,67
202004,4,1,3,6,0,4,14
9709491,0,0,0,0,0,0,0
9606272,3,1,2,3,0,3,5
9903283,4,2,2,3,0,4,13
9910215,5,5,0,0,1,4,31
110056,6,2,4,6,1,5,9
9802254,1,1,0,0,0,1,5
11322,5,4,1,1,5,0,0
9612319,3,2,1,2,0,3,26
204331,0,0,0,0,0,0,0
9610497,1,1,0,0,0,1,2
102277,8,5,3,5,5,3,4
110109,2,1,1,1,2,0,0
201278,1,1,0,0,0,1,5
205206,1,1,0,0,0,1,2
9909504,8,4,4,4,0,8,58
9805439,5,5,0,0,1,4,12
10056,1,1,0,0,0,1,1
210094,1,1,0,0,0,1,5
9901354,4,3,1,1,0,4,32
205191,0,0,0,0,0,0,0
9709421,1,1,0,0,0,1,5
9708477,7,3,4,8,5,2,8
9712282,1,1,0,0,0,1,6
9904324,3,2,1,1,0,3,6
9910227,3,3,0,0,3,0,0
6130,3,2,1,2,0,3,8
210289,4,3,1,1,0,4,56
106191,1,1,0,0,0,1,12
301176,0,0,0,0,0,0,0
210240,1,1,0,0,0,1,5
108267,1,1,0,0,1,0,0
9907276,2,2,0,0,0,2,8
209314,0,0,0,0,0,0,0
207248,2,2,0,0,0,2,15
9606225,2,1,1,1,0,2,2
9703459,3,2,1,2,2,1,4
9604314,5,3,2,2,4,1,2
9912352,2,2,0,0,0,2,6
9311299,3,3,0,0,1,2,7
9603312,4,3,1,1,3,1,1
112296,0,0,0,0,0,0,0
9608279,3,1,2,2,3,0,0
9602416,3,1,2,3,3,0,0
9512298,7,3,4,6,3,4,8
9907321,1,1,0,0,0,1,2
201034,1,1,0,0,0,1,4
9902473,4,3,1,1,0,4,8
12285,0,0,0,0,0,0,0
9803361,1,1,0,0,0,1,2
9808440,2,1,1,1,0,2,10
212165,0,0,0,0,0,0,0
9902417,7,2,5,8,2,5,24
9805423,6,5,1,1,0,6,30
4020,3,2,1,1,0,3,18
9904386,5,1,4,7,1,4,17
101108,3,1,2,3,3,0,0
203063,4,2,2,3,1,3,10
3019,5,4,1,1,0,5,23
9804372,6,5,1,1,0,6,33
9604206,0,0,0,0,0,0,0
6066,1,1,0,0,0,1,1
203222,5,2,3,6,0,5,74
9811413,3,1,2,2,0,3,10
206074,4,3,1,1,1,3,7
9712331,2,2,0,0,0,2,2
9406394,4,1,3,3,4,0,0
9411316,2,2,0,0,2,0,0
9802320,3,1,2,3,0,3,5
9811283,4,3,1,2,0,4,8
202103,3,2,1,1,1,2,8
111171,0,0,0,0,0,0,0
9608464,1,1,0,0,0,1,2
107288,2,2,0,0,2,0,0
9506237,2,2,0,0,0,2,4
9708425,7,2,5,9,0,7,13
205319,3,3,0,0,0,3,22
9512424,1,1,0,0,1,0,0
9807407,4,3,1,1,0,4,4
110091,5,4,1,1,3,2,2
3123,9,3,6,10,0,9,108
207040,0,0,0,0,0,0,0
9210279,2,2,0,0,2,0,0
9711464,1,1,0,0,0,1,3
9908465,5,3,2,3,0,5,10
9910512,2,1,1,1,0,2,3
9404218,4,2,2,2,4,0,0
4257,2,2,0,0,0,2,4
201257,2,1,1,1,0,2,5
107250,3,2,1,1,0,3,14
209057,0,0,0,0,0,0,0
210278,1,1,0,0,0,1,8
1222,2,2,0,0,0,2,2
9086,13,8,5,7,0,13,61
9911267,1,1,0,0,0,1,1
9908475,5,2,3,9,0,5,25
10248,4,2,2,3,0,4,18
9506457,6,5,1,1,0,6,14
10054,2,1,1,1,0,2,28
111271,2,2,0,0,0,2,6
105021,8,5,3,3,0,8,39
9901451,2,2,0,0,0,2,8
9605305,0,0,0,0,0,0,0
9707493,1,1,0,0,1,0,0
110052,1,1,0,0,0,1,29
1097,0,0,0,0,0,0,0
9403302,5,4,1,2,5,0,0
206098,1,1,0,0,0,1,3
9701335,0,0,0,0,0,0,0
9402339,1,1,0,0,1,0,0
210376,0,0,0,0,0,0,0
112225,3,2,1,1,1,2,9
9708373,0,0,0,0,0,0,0
9908211,2,1,1,1,0,2,5
8325,0,0,0,0,0,0,0
9707454,0,0,0,0,0,0,0
9909421,0,0,0,0,0,0,0
9706258,7,2,5,12,3,4,5
9403406,2,1,1,1,2,0,0
9907445,3,3,0,0,0,3,8
302203,0,0,0,0,0,0,0
9706550,2,2,0,0,0,2,2
212130,0,0,0,0,0,0,0
9909269,2,1,1,1,0,2,10
211046,1,1,0,0,0,1,7
6093,1,1,0,0,0,1,6
6211,3,1,2,3,1,2,3
104019,3,3,0,0,0,3,8
101293,2,2,0,0,1,1,1
1280,1,1,0,0,0,1,5
212134,0,0,0,0,0,0,0
7084,2,1,1,1,2,0,0
9097,3,3,0,0,1,2,2
203082,2,1,1,1,0,2,4
110150,3,3,0,0,2,1,12
9908421,1,1,0,0,0,1,3
9404273,3,2,1,1,1,2,10
9905431,0,0,0,0,0,0,0
110404,2,1,1,1,0,2,6
11276,5,2,3,3,1,4,17
106056,1,1,0,0,0,1,2
302085,0,0,0,0,0,0,0
212057,0,0,0,0,0,0,0
9210223,2,1,1,1,2,0,0
9911388,1,1,0,0,0,1,2
9806215,3,2,1,1,0,3,3
202208,2,2,0,0,0,2,21
9711305,3,3,0,0,0,3,14
12045,0,0,0,0,0,0,0
9510400,0,0,0,0,0,0,0
209368,3,2,1,1,1,2,2
9310290,0,0,0,0,0,0,0
9503472,1,1,0,0,1,0,0
9702215,1,1,0,0,0,1,2
9702241,1,1,0,0,0,1,1
9709488,1,1,0,0,0,1,5
9812288,1,1,0,0,0,1,2
209074,4,2,2,2,0,4,60
9408375,4,3,1,1,4,0,0
9509240,1,1,0,0,0,1,4
9901271,0,0,0,0,0,0,0
9507205,1,1,0,0,0,1,1
9605366,0,0,0,0,0,0,0
9906387,7,7,0,0,0,7,7
9905546,1,1,0,0,0,1,2
9906249,2,2,0,0,1,1,2
112178,2,2,0,0,0,2,3
7349,2,2,0,0,1,1,1
301089,0,0,0,0,0,0,0
9501256,1,1,0,0,1,0,0
211160,1,1,0,0,0,1,10
9910452,2,1,1,1,0,2,4
6286,1,1,0,0,0,1,1
9706217,2,2,0,0,0,2,12
9909210,4,3,1,1,0,4,8
204224,4,2,2,5,0,4,17
106252,1,1,0,0,0,1,1
102200,0,0,0,0,0,0,0
209191,1,1,0,0,0,1,22
11253,2,2,0,0,0,2,4
9401318,1,1,0,0,1,0,0
5216,3,2,1,1,3,0,0
9905206,6,3,3,5,6,0,0
9708494,0,0,0,0,0,0,0
6125,4,4,0,0,0,4,10
3264,1,1,0,0,1,0,0
9612242,1,1,0,0,0,1,1
10322,7,1,6,7,3,4,7
9803355,4,2,2,3,0,4,8
9909519,0,0,0,0,0,0,0
9190,0,0,0,0,0,0,0
9712411,5,2,3,7,1,4,4
9903321,0,0,0,0,0,0,0
10044,1,1,0,0,1,0,0
204155,2,1,1,1,0,2,14
9310226,0,0,0,0,0,0,0
9709275,3,3,0,0,0,3,6
9256,0,0,0,0,0,0,0
9703307,1,1,0,0,1,0,0
9901373,0,0,0,0,0,0,0
108080,1,1,0,0,0,1,2
210232,1,1,0,0,0,1,1
9809316,0,0,0,0,0,0,0
3269,3,2,1,1,2,1,1
9410257,2,2,0,0,2,0,0
9707446,0,0,0,0,0,0,0
302038,0,0,0,0,0,0,0
9609208,0,0,0,0,0,0,0
9306311,3,3,0,0,3,0,0
104125,0,0,0,0,0,0,0
101301,2,2,0,0,1,1,3
107166,1,1,0,0,0,1,6
9802288,1,1,0,0,0,1,1
1199,0,0,0,0,0,0,0
9353,0,0,0,0,0,0,0
9603225,1,1,0,0,0,1,4
12266,3,2,1,1,2,1,3
9212318,1,1,0,0,0,1,2
111005,0,0,0,0,0,0,0
12078,1,1,0,0,0,1,2
9704261,0,0,0,0,0,0,0
9905483,0,0,0,0,0,0,0
105300,1,1,0,0,0,1,1
9709427,0,0,0,0,0,0,0
209369,1,1,0,0,0,1,8
9805379,2,2,0,0,2,0,0
203081,1,1,0,0,0,1,4
9704426,2,2,0,0,0,2,2
9712513,1,1,0,0,0,1,3
302207,0,0,0,0,0,0,0
207145,0,0,0,0,0,0,0
9411223,0,0,0,0,0,0,0
5207,0,0,0,0,0,0,0
202279,3,1,2,3,0,3,18
9802437,0,0,0,0,0,0,0
212047,1,1,0,0,0,1,10
302040,0,0,0,0,0,0,0
103225,2,2,0,0,1,1,5
109024,1,1,0,0,0,1,2
201108,1,1,0,0,0,1,1
9910356,1,1,0,0,1,0,0
203125,0,0,0,0,0,0,0
9812265,0,0,0,0,0,0,0
2179,1,1,0,0,1,0,0
111322,3,1,2,3,0,3,12
102129,0,0,0,0,0,0,0
9906455,1,1,0,0,1,0,0
9412388,1,1,0,0,1,0,0
9507296,1,1,0,0,1,0,0
9802428,0,0,0,0,0,0,0
9710221,0,0,0,0,0,0,0
9806406,1,1,0,0,1,0,0
212008,0,0,0,0,0,0,0
9709278,3,1,2,3,0,3,6
12249,1,1,0,0,0,1,4
11277,1,1,0,0,0,1,5
302161,0,0,0,0,0,0,0
9507202,1,1,0,0,0,1,1
206223,3,1,2,2,0,3,19
105085,2,1,1,1,1,1,1
9712317,0,0,0,0,0,0,0
9709324,1,1,0,0,0,1,3
209320,0,0,0,0,0,0,0
9506390,0,0,0,0,0,0,0
9905484,0,0,0,0,0,0,0
9603352,3,2,1,1,0,3,4
207082,0,0,0,0,0,0,0
9407306,0,0,0,0,0,0,0
9812386,0,0,0,0,0,0,0
101175,0,0,0,0,0,0,0
206123,0,0,0,0,0,0,0
9812317,0,0,0,0,0,0,0
3093,0,0,0,0,0,0,0
9308314,0,0,0,0,0,0,0
9711230,0,0,0,0,0,0,0
9410291,0,0,0,0,0,0,0
211294,0,0,0,0,0,0,0
9602388,0,0,0,0,0,0,0
9911396,0,0,0,0,0,0,0
211274,0,0,0,0,0,0,0
212371,0,0,0,0,0,0,0
212261,2,1,1,1,0,2,8
9807295,0,0,0,0,0,0,0
9609398,1,1,0,0,0,1,1
9908209,1,1,0,0,1,0,0
12186,0,0,0,0,0,0,0
9502242,0,0,0,0,0,0,0
212088,0,0,0,0,0,0,0
103288,0,0,0,0,0,0,0
9907535,1,1,0,0,0,1,1
9706455,0,0,0,0,0,0,0
301046,0,0,0,0,0,0,0
4216,0,0,0,0,0,0,0
208022,0,0,0,0,0,0,0
9409394,0,0,0,0,0,0,0
302130,0,0,0,0,0,0,0
10021,1,1,0,0,0,1,3
9806343,0,0,0,0,0,0,0
105035,0,0,0,0,0,0,0
210393,1,1,0,0,0,1,1
9705373,1,1,0,0,1,0,0
12338,1,1,0,0,1,0,0
9802246,1,1,0,0,1,0,0
11084,1,1,0,0,1,0,0
212082,0,0,0,0,0,0,0
9709217,0,0,0,0,0,0,0
9806320,0,0,0,0,0,0,0
302030,0,0,0,0,0,0,0
104214,2,1,1,1,0,2,18
9406380,1,1,0,0,0,1,1
9506367,1,1,0,0,1,0,0
9710344,0,0,0,0,0,0,0
9608234,0,0,0,0,0,0,0
106239,1,1,0,0,1,0,0
9903384,1,1,0,0,0,1,2
110139,0,0,0,0,0,0,0
211367,1,1,0,0,0,1,3
205250,1,1,0,0,1,0,0
301272,0,0,0,0,0,0,0
102232,0,0,0,0,0,0,0
211267,2,1,1,1,0,2,7
9703202,0,0,0,0,0,0,0
211119,0,0,0,0,0,0,0
9310339,1,1,0,0,0,1,1
9409424,0,0,0,0,0,0,0
9304221,1,1,0,0,1,0,0
8118,1,1,0,0,0,1,2
9212247,1,1,0,0,1,0,0
104032,1,1,0,0,0,1,5
111250,0,0,0,0,0,0,0
9706346,0,0,0,0,0,0,0
9607458,1,1,0,0,1,0,0
301078,1,1,0,0,0,1,3
103116,0,0,0,0,0,0,0
9810268,0,0,0,0,0,0,0
9807333,0,0,0,0,0,0,0
211339,0,0,0,0,0,0,0
212376,0,0,0,0,0,0,0
9801256,0,0,0,0,0,0,0
9906309,0,0,0,0,0,0,0
9511249,1,1,0,0,1,0,0
111168,0,0,0,0,0,0,0
102154,0,0,0,0,0,0,0
207033,1,1,0,0,1,0,0
2124,0,0,0,0,0,0,0
211067,2,2,0,0,1,1,3
209167,1,1,0,0,1,0,0
9910467,0,0,0,0,0,0,0
9502379,1,1,0,0,1,0,0
9505292,0,0,0,0,0,0,0
9806454,1,1,0,0,0,1,3
101167,1,1,0,0,0,1,2
112323,0,0,0,0,0,0,0
9510299,0,0,0,0,0,0,0
209204,0,0,0,0,0,0,0
106259,0,0,0,0,0,0,0
9905370,0,0,0,0,0,0,0
10271,0,0,0,0,0,0,0
9611268,0,0,0,0,0,0,0
211408,0,0,0,0,0,0,0
302061,0,0,0,0,0,0,0
9911355,0,0,0,0,0,0,0
9402331,1,1,0,0,0,1,1
9601223,0,0,0,0,0,0,0
206257,1,1,0,0,0,1,6
9705472,0,0,0,0,0,0,0
9808418,0,0,0,0,0,0,0
9303285,0,0,0,0,0,0,0
9711443,0,0,0,0,0,0,0
9157,0,0,0,0,0,0,0
203157,1,1,0,0,1,0,0
11261,0,0,0,0,0,0,0
107170,0,0,0,0,0,0,0
9702213,0,0,0,0,0,0,0
9907236,0,0,0,0,0,0,0
210247,0,0,0,0,0,0,0
9906449,0,0,0,0,0,0,0
210210,0,0,0,0,0,0,0
9901251,0,0,0,0,0,0,0
201163,0,0,0,0,0,0,0
209088,0,0,0,0,0,0,0
9005,0,0,0,0,0,0,0
11073,0,0,0,0,0,0,0
106235,0,0,0,0,0,0,0
9411320,0,0,0,0,0,0,0
9710274,0,0,0,0,0,0,0
107155,0,0,0,0,0,0,0
210221,0,0,0,0,0,0,0
104282,0,0,0,0,0,0,0
205236,0,0,0,0,0,0,0
204329,0,0,0,0,0,0,0
9607364,0,0,0,0,0,0,0
111217,0,0,0,0,0,0,0
9309243,0,0,0,0,0,0,0
9711286,0,0,0,0,0,0,0
212055,0,0,0,0,0,0,0
110132,0,0,0,0,0,0,0
9403375,1,1,0,0,1,0,0
105106,0,0,0,0,0,0,0
9610462,0,0,0,0,0,0,0
9603403,0,0,0,0,0,0,0
212172,0,0,0,0,0,0,0
101050,0,0,0,0,0,0,0
212330,0,0,0,0,0,0,0
9901259,0,0,0,0,0,0,0
9808267,0,0,0,0,0,0,0
9206265,1,1,0,0,1,0,0
207317,0,0,0,0,0,0,0
212333,0,0,0,0,0,0,0
208025,0,0,0,0,0,0,0
2107,0,0,0,0,0,0,0
9809216,0,0,0,0,0,0,0
302196,0,0,0,0,0,0,0
9511418,0,0,0,0,0,0,0
201050,2,1,1,1,2,0,0
106009,0,0,0,0,0,0,0
9709287,0,0,0,0,0,0,0
9806448,0,0,0,0,0,0,0
7106,0,0,0,0,0,0,0
211410,0,0,0,0,0,0,0
6137,0,0,0,0,0,0,0
9610291,0,0,0,0,0,0,0
108200,0,0,0,0,0,0,0
9290,0,0,0,0,0,0,0
201238,0,0,0,0,0,0,0
8032,1,1,0,0,1,0,0
9510214,0,0,0,0,0,0,0
9709370,0,0,0,0,0,0,0
9910487,0,0,0,0,0,0,0
9502362,0,0,0,0,0,0,0
9706312,0,0,0,0,0,0,0
211201,0,0,0,0,0,0,0
301157,0,0,0,0,0,0,0
9905345,0,0,0,0,0,0,0
9806362,0,0,0,0,0,0,0
2119,0,0,0,0,0,0,0
9805437,0,0,0,0,0,0,0
110039,0,0,0,0,0,0,0
4260,0,0,0,0,0,0,0
9902257,0,0,0,0,0,0,0
203274,0,0,0,0,0,0,0
111310,0,0,0,0,0,0,0
302081,0,0,0,0,0,0,0
208049,0,0,0,0,0,0,0
9504304,28,4,24,67,28,0,0
104062,81,16,65,293,3,78,479
6225,13,6,7,13,0,13,79
9411308,58,6,52,359,56,2,2
9709328,8,5,3,4,8,0,0
9403407,21,5,16,46,1,20,154
9507248,19,5,14,53,2,17,67
9806308,78,6,72,409,21,57,432
9811472,54,3,51,372,3,51,365
9508250,29,19,10,14,13,16,51
9402364,90,14,76,433,22,68,152
9501362,31,6,25,94,31,0,0
9308346,4,3,1,1,3,1,1
10354,32,3,29,158,7,25,65
2305,2,1,1,1,2,0,0
9607466,6,5,1,1,3,3,3
9709493,3,2,1,2,0,3,4
9911407,3,2,1,1,0,3,10
12332,10,3,7,10,0,10,89
9509255,11,7,4,4,9,2,4
9811357,22,5,17,35,0,22,125
9212229,33,15,18,53,33,0,0
9502206,53,6,47,213,3,50,135
9912459,5,5,0,0,2,3,6
110021,6,5,1,1,2,4,9
9603380,9,4,5,7,9,0,0
9307295,17,6,11,37,2,15,35
9304275,33,7,26,92,33,0,0
9505251,27,1,26,104,3,24,57
9410232,26,4,22,76,2,24,114
9308325,43,3,40,153,43,0,0
9412367,57,7,50,206,1,56,91
6235,12,7,5,5,1,11,84
9711415,33,4,29,168,29,4,7
9810505,19,7,12,24,1,18,81
9806376,32,8,24,89,4,28,192
9606360,36,3,33,122,31,5,5
9306212,75,17,58,228,59,16,19
9809554,45,5,40,233,7,38,111
9907452,10,2,8,18,0,10,37
9507371,54,11,43,162,1,53,122
9502306,23,10,13,32,13,10,14
9809501,12,5,7,15,3,9,31
9807484,2,2,0,0,0,2,16
9801320,1,1,0,0,0,1,2
9708366,35,9,26,84,11,24,41
9709373,7,1,6,19,7,0,0
9810435,39,8,31,99,2,37,98
9408333,34,3,31,122,16,18,42
9608420,2,2,0,0,1,1,4
9812256,60,13,47,293,5,55,348
9304241,29,3,26,159,29,0,0
9706242,51,6,45,254,5,46,182
9702361,45,2,43,230,8,37,67
9805386,21,9,12,23,8,13,37
9506222,26,5,21,36,6,20,68
9603363,41,8,33,144,5,36,170
9307301,99,13,86,428,66,33,62
9810232,43,13,30,96,4,39,329
9709445,14,3,11,33,1,13,43
108103,22,9,13,22,2,20,74
12155,32,5,27,105,11,21,43
9404283,142,11,131,1353,82,60,99
9707354,84,8,76,324,2,82,382
102287,7,1,6,8,0,7,28
12019,9,1,8,16,1,8,36
9605408,105,9,96,818,3,102,468
9702410,13,2,11,18,2,11,38
9711216,12,2,10,28,0,12,192
9303204,28,3,25,135,28,0,0
9910505,7,4,3,5,0,7,9
102089,13,6,7,19,0,13,93
9703213,34,5,29,92,16,18,38
9507439,23,6,17,67,1,22,59
105003,33,5,28,125,0,33,292
9811249,31,7,24,57,7,24,115
9804252,45,6,39,210,2,43,250
9809302,1,1,0,0,0,1,20
9303309,129,18,111,859,129,0,0
9310319,71,11,60,277,71,0,0
9510403,75,8,67,309,7,68,211
9505392,9,5,4,6,3,6,16
9711362,29,6,23,82,4,25,135
9811353,92,4,88,584,13,79,226
9312215,56,13,43,239,11,45,84
9504265,17,2,15,44,1,16,120
9509213,29,5,24,69,1,28,71
9408207,23,2,21,75,23,0,0
9706297,42,2,40,176,0,42,183
9410234,14,6,8,13,14,0,0
9605449,1,1,0,0,1,0,0
9407339,430,17,413,4157,297,133,219
9707426,20,3,17,56,0,20,99
9609365,14,5,9,29,2,12,30
9612251,41,10,31,84,25,16,33
9508391,13,10,3,7,12,1,1
9610493,7,4,3,5,3,4,11
9411332,18,3,15,28,0,18,43
9903541,24,7,17,32,2,22,52
9301252,8,5,3,7,4,4,4
9711319,11,5,6,12,0,11,43
9804215,13,5,8,15,0,13,84
9405270,18,3,15,39,4,14,25
9810427,9,5,4,6,1,8,57
9607300,9,6,3,6,9,0,0
9207218,50,7,43,187,50,0,0
2001,18,10,8,18,0,18,120
9512218,120,15,105,478,87,33,34
9611344,6,2,4,11,6,0,0
9507380,82,4,78,433,14,68,227
9409269,21,3,18,61,1,20,37
9907343,4,1,3,3,1,3,16
9502324,33,6,27,78,4,29,104
9411334,51,8,43,120,10,41,125
9906259,22,2,20,59,3,19,138
9506399,12,2,10,28,6,6,11
9911474,15,1,14,38,0,15,72
9704286,17,3,14,34,8,9,18
9704399,10,2,8,19,0,10,69
3035,12,5,7,12,0,12,92
9712494,16,2,14,20,3,13,56
9904507,10,1,9,26,0,10,78
9612449,34,6,28,74,4,30,42
9612398,58,3,55,294,2,56,149
6034,22,3,19,91,0,22,264
9903502,106,4,102,1116,2,104,633
9512385,13,1,12,30,13,0,0
9406320,35,10,25,62,11,24,57
101308,5,2,3,4,0,5,17
1171,31,5,26,105,1,30,88
9510232,26,10,16,33,21,5,6
207243,8,2,6,16,0,8,45
9905487,41,1,40,227,0,41,160
9509358,40,9,31,93,2,38,118
9609463,9,5,4,7,3,6,28
9907319,70,5,65,368,4,66,424
9805349,20,7,13,44,0,20,146
9307347,60,14,46,294,60,0,0
9803463,8,5,3,4,2,6,20
9905467,11,8,3,4,0,11,29
9512241,4,3,1,1,0,4,8
9808276,2,2,0,0,0,2,18
9410364,25,8,17,47,5,20,43
9604338,12,1,11,22,0,12,51
9612389,26,10,16,31,6,20,98
9707535,21,5,16,32,2,19,114
9603423,44,11,33,140,2,42,79
9907482,16,4,12,30,0,16,80
9809521,68,3,65,341,4,64,293
9610394,4,4,0,0,3,1,1
9904219,39,1,38,224,2,37,132
9512364,63,18,45,169,38,25,32
9312329,11,1,10,24,3,8,15
9811331,1,1,0,0,0,1,1
9701425,12,4,8,12,0,12,26
9602347,12,4,8,28,0,12,106
9707402,6,3,3,4,1,5,5
9811226,5,5,0,0,0,5,18
9403385,8,4,4,5,8,0,0
9610461,18,6,12,42,0,18,423
9401267,15,2,13,36,0,15,49
12333,27,5,22,68,0,27,267
9708304,3,3,0,0,0,3,10
5027,37,7,30,123,0,37,402
2141,13,4,9,26,2,11,66
9712231,15,7,8,25,6,9,10
9402205,14,3,11,52,0,14,56
111059,64,6,58,237,5,59,59
9402284,13,4,9,17,3,10,19
102242,20,1,19,119,0,20,178
1172,39,7,32,77,3,36,107
1019,54,5,49,314,1,53,310
9408226,15,1,14,28,0,15,24
9908397,26,5,21,75,0,26,236
9404253,30,13,17,34,7,23,64
9808361,8,2,6,16,2,6,16
11306,21,4,17,39,3,18,64
106201,3,3,0,0,0,3,7
9610339,11,1,10,31,7,4,8
9504279,21,2,19,56,0,21,70
9702398,7,2,5,8,2,5,5
9903414,18,4,14,26,7,11,38
9807443,106,22,84,288,6,100,795
9503415,12,2,10,25,1,11,41
6311,18,5,13,38,6,12,39
9712541,7,1,6,15,1,6,7
9602317,5,1,4,10,5,0,0
9505419,31,6,25,82,5,26,57
8144,24,1,23,87,0,24,258
9812486,47,3,44,488,0,47,460
9907347,16,3,13,32,0,16,387
12167,33,1,32,197,0,33,467
9911371,21,9,12,34,0,21,266
210157,6,5,1,1,0,6,110
109231,11,5,6,17,0,11,93
12129,2,1,1,1,0,2,5
9612353,26,4,22,68,4,22,113
9808242,15,5,10,28,2,13,65
105067,16,2,14,32,2,14,47
103207,7,1,6,11,0,7,22
201232,15,1,14,54,0,15,264
9702260,9,3,6,11,2,7,20
9301247,12,4,8,11,12,0,0
103312,2,2,0,0,0,2,30
9908358,16,4,12,30,0,16,283
6275,6,5,1,1,0,6,50
9909480,35,4,31,103,2,33,259
5185,12,3,9,19,1,11,70
5265,1,1,0,0,0,1,11
2109,7,2,5,6,0,7,19
9502211,14,4,10,41,1,13,29
9203213,6,4,2,3,6,0,0
9803210,34,11,23,71,3,31,144
9907213,0,0,0,0,0,0,0
8292,27,7,20,60,0,27,331
9024,2,1,1,1,1,1,11
9611284,40,9,31,104,2,38,231
9912430,16,5,11,22,1,15,150
9710228,10,5,5,9,10,0,0
9601289,18,4,14,32,8,10,16
9812257,17,3,14,36,1,16,111
9701226,8,4,4,6,8,0,0
9403401,53,3,50,255,6,47,112
9511433,28,3,25,84,0,28,155
9706331,5,5,0,0,0,5,28
9412206,23,14,9,15,1,22,71
9501303,12,4,8,17,8,4,5
9402287,2,2,0,0,1,1,1
9411331,8,3,5,10,6,2,2
9304223,24,2,22,82,24,0,0
8308,18,7,11,31,0,18,103
9709330,10,4,6,11,1,9,57
2264,9,2,7,9,1,8,57
9605226,3,2,1,1,1,2,7
9701264,2,1,1,1,0,2,9
9804288,47,17,30,70,36,11,11
9806249,16,9,7,11,2,14,27
9701248,29,6,23,80,4,25,39
9310236,60,4,56,385,60,0,0
9605424,5,1,4,9,0,5,11
9606385,9,3,6,10,2,7,15
9808394,2,2,0,0,1,1,1
9407332,4,4,0,0,1,3,6
7277,5,3,2,2,0,5,38
9705344,61,18,43,186,6,55,236
9308263,38,8,30,86,7,31,31
9609515,8,2,6,10,0,8,52
2157,13,7,6,7,0,13,82
9806513,21,5,16,38,3,18,54
9908446,10,3,7,16,0,10,59
9509304,15,4,11,28,0,15,33
9407208,6,5,1,1,2,4,22
9606485,4,2,2,2,4,0,0
9806485,1,1,0,0,1,0,0
9504336,29,11,18,59,3,26,50
9612287,27,13,14,30,27,0,0
9501289,6,4,2,3,2,4,4
9608201,5,2,3,3,0,5,19
9701320,3,3,0,0,2,1,1
9709509,8,2,6,11,1,7,44
9707438,8,3,5,8,2,6,36
9603294,5,2,3,4,0,5,5
9504248,88,3,85,626,4,84,191
9705469,12,4,8,33,0,12,157
9403388,13,7,6,14,3,10,20
9506475,34,7,27,99,3,31,98
9211219,18,9,9,28,15,3,3
9806482,73,9,64,262,2,71,323
9301259,50,11,39,259,50,0,0
108147,10,2,8,15,0,10,31
9912492,34,8,26,96,4,30,230
101231,6,3,3,3,1,5,25
9912435,33,11,22,89,12,21,50
9702369,1,1,0,0,0,1,1
9604212,3,3,0,0,3,0,0
9406343,5,2,3,5,3,2,2
9209294,5,3,2,4,5,0,0
207197,2,1,1,1,0,2,12
110377,7,2,5,13,0,7,27
9912545,1,1,0,0,0,1,4
6274,3,2,1,1,1,2,2
9812280,7,5,2,2,1,6,49
9603347,5,4,1,2,0,5,15
4189,1,1,0,0,0,1,3
9309215,7,2,5,11,7,0,0
9801223,16,5,11,36,6,10,11
9411380,2,1,1,1,2,0,0
9307205,8,5,3,4,8,0,0
9803433,25,8,17,101,1,24,179
9403283,37,5,32,138,20,17,20
9812520,12,1,11,29,0,12,45
5309,35,6,29,96,1,34,351
9905552,9,4,5,12,0,9,44
9907229,11,3,8,19,1,10,27
5082,3,1,2,2,0,3,5
9812501,5,3,2,4,1,4,16
4145,6,2,4,6,0,6,15
1271,4,2,2,2,1,3,4
9805389,53,12,41,184,2,51,266
9909259,4,3,1,1,0,4,15
9510280,4,1,3,4,0,4,9
9304227,6,4,2,2,6,0,0
9906224,34,9,25,71,0,34,246
110255,12,9,3,3,2,10,88
9609201,3,1,2,2,0,3,3
9802251,11,4,7,17,1,10,57
202061,1,1,0,0,0,1,1
109056,17,6,11,18,0,17,114
111158,2,2,0,0,0,2,9
9405330,3,3,0,0,1,2,5
9610363,10,6,4,8,1,9,103
7012,20,5,15,45,0,20,109
9902420,26,1,25,69,7,19,49
9511426,7,4,3,3,0,7,17
9310371,3,3,0,0,2,1,1
9608230,1,1,0,0,0,1,5
9308371,20,12,8,14,5,15,20
9611255,4,1,3,5,0,4,75
9606454,5,4,1,1,5,0,0
9803285,6,2,4,6,6,0,0
9706320,5,1,4,5,2,3,4
9602373,9,7,2,4,2,7,12
9810421,4,2,2,2,0,4,13
103259,5,2,3,3,0,5,43
9309260,7,4,3,5,7,0,0
9802224,7,4,3,4,0,7,26
9602354,6,5,1,1,1,5,13
10267,16,3,13,51,0,16,173
9911477,3,1,2,2,0,3,3
211075,0,0,0,0,0,0,0
9704262,28,8,20,54,5,23,55
106086,6,2,4,4,0,6,17
104266,13,5,8,15,4,9,29
9805430,10,3,7,13,0,10,13
9402315,6,3,3,4,5,1,2
11104,7,3,4,6,0,7,40
9710308,5,2,3,5,0,5,8
9311374,9,3,6,9,9,0,0
9711424,5,1,4,9,1,4,4
104040,7,3,4,5,0,7,99
102236,15,7,8,23,2,13,80
204234,1,1,0,0,0,1,5
9606273,6,1,5,12,0,6,10
9404236,14,5,9,23,8,6,6
12145,18,3,15,39,0,18,124
104056,10,2,8,22,0,10,153
9506391,15,5,10,18,4,11,21
9811206,9,3,6,8,0,9,15
9607439,26,7,19,53,0,26,55
9411353,7,5,2,3,7,0,0
9505277,11,4,7,14,1,10,14
9710286,13,1,12,28,0,13,82
1246,2,2,0,0,1,1,1
9610468,4,3,1,1,4,0,0
211446,0,0,0,0,0,0,0
9911243,8,2,6,10,0,8,124
9209270,4,2,2,3,4,0,0
9607389,42,4,38,197,9,33,90
2268,22,9,13,30,1,21,130
9412310,36,5,31,155,30,6,8
9801379,23,3,20,49,0,23,136
204273,5,1,4,6,0,5,18
9906433,7,4,3,4,2,5,16
108261,2,2,0,0,0,2,4
9906486,13,2,11,38,1,12,80
9243,0,0,0,0,0,0,0
108001,4,3,1,1,3,1,12
109126,3,2,1,1,0,3,16
209171,1,1,0,0,0,1,11
9812423,16,8,8,14,1,15,41
106085,4,4,0,0,0,4,21
201250,3,2,1,1,0,3,13
9706352,7,3,4,7,3,4,11
9506366,1,1,0,0,1,0,0
205199,6,3,3,5,0,6,151
9807537,4,4,0,0,1,3,17
9403405,3,3,0,0,3,0,0
9404220,13,2,11,38,9,4,5
9610331,27,7,20,54,3,24,56
110169,11,4,7,17,0,11,137
7112,26,9,17,51,4,22,122
9411300,8,7,1,2,3,5,15
9803220,0,0,0,0,0,0,0
9712504,19,8,11,26,2,17,64
9503495,9,1,8,18,0,9,21
11019,1,1,0,0,0,1,15
101088,4,3,1,1,0,4,27
9408372,0,0,0,0,0,0,0
112302,13,6,7,24,6,7,9
9608324,3,2,1,1,0,3,6
9507455,7,2,5,7,2,5,17
9408329,1,1,0,0,0,1,1
9806537,18,2,16,60,0,18,145
9505247,2,1,1,1,0,2,2
9703217,7,4,3,3,5,2,2
9606372,4,2,2,3,4,0,0
104205,12,2,10,34,0,12,178
103316,7,2,5,15,0,7,50
9401232,10,3,7,20,8,2,2
9609220,4,4,0,0,0,4,10
9912363,4,3,1,1,2,2,9
9905420,3,2,1,2,0,3,9
9511322,1,1,0,0,0,1,1
9905396,1,1,0,0,0,1,2
9237,28,11,17,56,1,27,142
9803360,5,3,2,2,0,5,34
9807309,1,1,0,0,0,1,6
9805245,11,4,7,11,0,11,30
9810331,7,1,6,11,0,7,23
9601375,15,5,10,19,7,8,13
9807505,10,7,3,6,0,10,16
101034,8,4,4,8,0,8,78
105154,6,2,4,6,1,5,35
9808457,2,1,1,1,0,2,10
112137,1,1,0,0,1,0,0
9601368,3,3,0,0,0,3,22
9802316,4,2,2,3,1,3,5
9612422,3,2,1,1,0,3,22
9610531,2,1,1,1,0,2,5
210193,3,3,0,0,0,3,16
9902412,5,3,2,3,1,4,13
9601320,11,4,7,12,5,6,16
8319,3,2,1,1,0,3,21
1140,0,0,0,0,0,0,0
9901237,1,1,0,0,0,1,3
9509433,16,5,11,32,0,16,169
9608469,2,2,0,0,1,1,1
9709302,7,7,0,0,1,6,10
9905446,5,3,2,2,0,5,13
9712313,0,0,0,0,0,0,0
9810415,8,6,2,5,7,1,1
109114,0,0,0,0,0,0,0
9710400,3,1,2,3,0,3,6
9805490,2,1,1,1,1,1,3
9811334,16,1,15,32,0,16,71
9912210,13,3,10,24,3,10,89
9810282,4,1,3,5,0,4,28
9304273,10,6,4,10,10,0,0
9609475,0,0,0,0,0,0,0
9901283,6,3,3,4,0,6,24
104033,2,2,0,0,0,2,18
12137,22,2,20,47,8,14,31
9804380,2,2,0,0,0,2,17
103142,0,0,0,0,0,0,0
9411363,1,1,0,0,0,1,5
9511241,1,1,0,0,0,1,3
211426,1,1,0,0,0,1,6
9804347,9,3,6,13,6,3,3
9809272,5,2,3,3,0,5,17
10208,16,6,10,19,2,14,92
9604288,6,3,3,3,6,0,0
9903380,3,2,1,2,2,1,1
105161,3,3,0,0,0,3,15
9809254,10,6,4,5,0,10,38
107239,3,1,2,2,0,3,30
110002,26,5,21,63,4,22,32
9909511,0,0,0,0,0,0,0
206068,4,4,0,0,0,4,22
9907212,1,1,0,0,1,0,0
9804298,16,1,15,72,1,15,74
9510412,3,1,2,3,0,3,20
2223,7,2,5,7,2,5,19
9711249,10,5,5,10,2,8,14
202084,2,2,0,0,0,2,10
9911373,4,4,0,0,1,3,4
9912548,5,2,3,5,0,5,43
9705214,3,2,1,1,2,1,2
9903467,1,1,0,0,0,1,6
206242,5,5,0,0,0,5,20
9706491,3,1,2,3,0,3,12
9810278,2,2,0,0,0,2,5
9905439,7,4,3,4,1,6,18
9511387,9,4,5,7,0,9,39
9411257,3,3,0,0,0,3,13
9710267,5,2,3,6,0,5,21
9712404,1,1,0,0,1,0,0
9507450,1,1,0,0,0,1,2
112222,2,2,0,0,0,2,9
9310348,3,2,1,1,3,0,0
9912451,28,4,24,88,0,28,387
1208,5,4,1,2,0,5,27
9812341,2,2,0,0,0,2,6
9905387,6,3,3,6,0,6,21
9708388,5,2,3,6,5,0,0
112362,1,1,0,0,0,1,4
9212310,7,3,4,4,7,0,0
12230,3,3,0,0,0,3,24
204335,8,4,4,5,0,8,52
9207210,2,2,0,0,2,0,0
9508294,4,2,2,3,4,0,0
101166,2,2,0,0,0,2,6
9312281,3,2,1,1,3,0,0
9611264,6,2,4,7,0,6,28
9704281,5,2,3,9,5,0,0
208087,12,2,10,28,0,12,84
110304,7,6,1,1,1,6,21
9308248,11,3,8,13,7,4,4
9406367,0,0,0,0,0,0,0
209330,1,1,0,0,0,1,18
110299,2,2,0,0,1,1,1
9801251,14,4,10,14,0,14,82
207210,3,2,1,1,0,3,31
9609388,5,1,4,5,1,4,17
9703326,3,3,0,0,0,3,37
9704215,5,4,1,2,0,5,21
9602271,14,7,7,15,4,10,17
9703425,0,0,0,0,0,0,0
9706223,12,9,3,7,1,11,44
7070,5,1,4,8,0,5,5
9708315,2,1,1,1,0,2,6
9801428,0,0,0,0,0,0,0
9512260,4,3,1,1,1,3,5
9205232,6,5,1,2,6,0,0
9801387,4,1,3,5,0,4,29
105274,0,0,0,0,0,0,0
101039,1,1,0,0,0,1,9
12321,7,3,4,7,0,7,67
9409323,5,2,3,4,4,1,1
9912360,0,0,0,0,0,0,0
101300,8,3,5,11,0,8,81
111106,1,1,0,0,0,1,4
203261,12,9,3,7,1,11,31
112101,9,1,8,36,0,9,54
202016,5,4,1,1,0,5,35
9602304,3,1,2,3,0,3,16
101279,5,4,1,1,3,2,3
9401335,3,1,2,3,3,0,0
9501263,25,3,22,96,25,0,0
210034,8,1,7,9,0,8,30
9408249,3,3,0,0,2,1,1
9910415,4,2,2,2,0,4,44
103136,9,5,4,5,0,9,55
103310,1,1,0,0,1,0,0
9711236,16,2,14,25,1,15,76
105025,12,3,9,17,0,12,140
9509292,4,3,1,1,4,0,0
9610318,1,1,0,0,0,1,2
210296,2,2,0,0,0,2,27
9702294,2,1,1,1,0,2,5
12244,4,2,2,2,0,4,33
9411370,0,0,0,0,0,0,0
9705249,7,3,4,5,1,6,10
9510269,10,1,9,22,0,10,87
9910540,15,10,5,7,5,10,20
9303248,6,4,2,7,6,0,0
9604290,3,2,1,1,0,3,19
9707248,2,1,1,1,0,2,5
9910361,1,1,0,0,0,1,1
9908411,4,3,1,2,0,4,7
9704320,4,2,2,4,0,4,5
9909436,18,5,13,27,1,17,40
9911492,3,2,1,1,1,2,4
105001,3,3,0,0,0,3,15
9610440,10,2,8,12,2,8,16
9904431,6,2,4,6,6,0,0
9608286,8,3,5,15,1,7,11
9812203,1,1,0,0,0,1,19
9501295,9,3,6,9,5,4,9
9605454,8,2,6,13,1,7,15
6202,5,3,2,2,0,5,15
107009,6,2,4,5,1,5,39
203012,2,2,0,0,1,1,1
9702360,9,4,5,8,1,8,8
204126,0,0,0,0,0,0,0
9403235,6,4,2,2,6,0,0
9602274,20,5,15,58,20,0,0
212212,10,2,8,15,0,10,97
9901415,10,1,9,21,6,4,5
302174,0,0,0,0,0,0,0
7307,1,1,0,0,0,1,9
9805426,1,1,0,0,0,1,2
103039,10,7,3,4,0,10,78
4256,7,3,4,7,0,7,43
103342,5,2,3,6,0,5,21
111090,4,2,2,2,0,4,26
103011,3,3,0,0,0,3,3
9408209,1,1,0,0,1,0,0
1257,3,3,0,0,1,2,17
8079,12,3,9,26,3,9,20
9812251,3,3,0,0,0,3,19
9403324,7,2,5,9,0,7,18
9610349,3,2,1,1,2,1,1
103165,3,3,0,0,0,3,13
202050,8,6,2,4,0,8,54
9702246,1,1,0,0,0,1,2
210003,0,0,0,0,0,0,0
9403299,1,1,0,0,1,0,0
9606357,4,3,1,1,0,4,30
210085,3,3,0,0,0,3,22
211158,0,0,0,0,0,0,0
6291,1,1,0,0,1,0,0
4141,2,2,0,0,0,2,7
1227,4,2,2,2,1,3,4
9512440,0,0,0,0,0,0,0
9709476,3,3,0,0,0,3,5
9609352,5,1,4,7,1,4,39
9703396,2,1,1,1,0,2,4
9811313,2,2,0,0,0,2,24
107080,3,2,1,1,0,3,17
9609414,0,0,0,0,0,0,0
9803273,8,2,6,14,8,0,0
9503293,7,3,4,8,7,0,0
212180,3,1,2,2,0,3,25
9904375,1,1,0,0,0,1,2
210069,0,0,0,0,0,0,0
9606358,4,4,0,0,2,2,2
9710415,9,2,7,15,1,8,34
9410300,0,0,0,0,0,0,0
202109,8,2,6,13,0,8,19
9502339,4,4,0,0,1,3,6
9512238,1,1,0,0,0,1,1
4067,3,2,1,1,0,3,11
5063,1,1,0,0,0,1,3
203211,0,0,0,0,0,0,0
9607218,2,2,0,0,2,0,0
9601300,2,1,1,1,2,0,0
9608369,3,1,2,3,0,3,10
108014,6,3,3,4,2,4,11
9712309,8,3,5,11,2,6,21
206300,11,1,10,25,0,11,142
207300,5,3,2,3,0,5,34
109051,2,2,0,0,0,2,3
203126,6,1,5,9,0,6,50
9707443,1,1,0,0,0,1,2
12217,2,2,0,0,0,2,14
102223,1,1,0,0,0,1,10
207313,3,3,0,0,0,3,25
9509269,21,10,11,24,21,0,0
108127,5,2,3,5,0,5,14
212007,1,1,0,0,0,1,4
9801337,2,1,1,1,1,1,15
4125,0,0,0,0,0,0,0
9705346,5,3,2,7,0,5,5
9707517,5,2,3,6,0,5,7
4023,3,3,0,0,0,3,12
9408297,6,3,3,3,6,0,0
212210,0,0,0,0,0,0,0
9605361,4,2,2,3,0,4,24
206264,0,0,0,0,0,0,0
9902405,5,1,4,6,0,5,18
209087,0,0,0,0,0,0,0
110050,1,1,0,0,1,0,0
9908231,7,2,5,9,0,7,65
9603243,1,1,0,0,0,1,1
9706477,1,1,0,0,0,1,1
9609338,0,0,0,0,0,0,0
105065,5,4,1,2,0,5,13
102327,0,0,0,0,0,0,0
9803375,3,1,2,2,2,1,2
9806479,2,1,1,1,0,2,3
9707312,2,2,0,0,0,2,7
10213,1,1,0,0,0,1,8
9605353,1,1,0,0,1,0,0
9711210,6,2,4,4,0,6,19
101241,4,1,3,5,0,4,5
1191,3,1,2,3,0,3,13
6334,5,1,4,6,0,5,14
9506397,2,1,1,1,0,2,2
9707441,1,1,0,0,0,1,2
207255,4,4,0,0,0,4,26
9712367,6,2,4,4,1,5,8
9304301,2,2,0,0,2,0,0
4118,5,5,0,0,1,4,11
9906432,5,1,4,7,0,5,25
101109,2,1,1,1,2,0,0
11212,1,1,0,0,1,0,0
9810399,2,1,1,1,0,2,2
9210270,4,3,1,1,4,0,0
9409344,4,2,2,3,0,4,22
9702407,3,2,1,1,1,2,4
203188,6,3,3,7,0,6,53
9412300,1,1,0,0,1,0,0
9903531,5,4,1,1,0,5,55
9710444,2,1,1,1,1,1,1
9511411,3,3,0,0,0,3,8
9505231,3,3,0,0,0,3,3
9803248,2,1,1,1,0,2,9
9812422,3,1,2,2,0,3,13
205306,3,2,1,1,0,3,12
9809300,5,1,4,7,1,4,6
9710554,2,1,1,1,2,0,0
9025,1,1,0,0,1,0,0
9709298,0,0,0,0,0,0,0
9710397,1,1,0,0,0,1,6
104154,12,5,7,8,1,11,13
9502274,1,1,0,0,1,0,0
3217,2,2,0,0,0,2,7
103209,1,1,0,0,1,0,0
6089,2,1,1,1,0,2,2
109226,1,1,0,0,1,0,0
9609409,1,1,0,0,0,1,2
9311212,3,2,1,1,2,1,1
9805411,2,2,0,0,0,2,6
9706295,1,1,0,0,1,0,0
9605332,7,3,4,4,7,0,0
9610273,0,0,0,0,0,0,0
206083,1,1,0,0,0,1,1
5298,1,1,0,0,0,1,3
201277,0,0,0,0,0,0,0
110358,1,1,0,0,1,0,0
9199,1,1,0,0,0,1,7
203130,1,1,0,0,1,0,0
110209,0,0,0,0,0,0,0
9806506,0,0,0,0,0,0,0
9608492,1,1,0,0,0,1,1
9703380,3,1,2,2,1,2,2
102048,6,1,5,10,0,6,36
9606284,4,4,0,0,3,1,1
9907285,1,1,0,0,0,1,7
9905328,2,2,0,0,0,2,13
9409293,2,1,1,1,2,0,0
206296,0,0,0,0,0,0,0
6222,3,2,1,1,0,3,12
12169,0,0,0,0,0,0,0
202135,2,1,1,1,0,2,14
9912241,3,1,2,3,0,3,15
301071,0,0,0,0,0,0,0
9603445,3,1,2,3,0,3,5
102251,1,1,0,0,1,0,0
111453,0,0,0,0,0,0,0
9308353,4,3,1,1,4,0,0
9710452,6,1,5,8,4,2,2
9907560,3,3,0,0,0,3,11
9510368,5,3,2,2,0,5,5
9807547,2,2,0,0,0,2,11
9905564,1,1,0,0,1,0,0
9412368,3,1,2,3,3,0,0
9810293,1,1,0,0,0,1,1
112242,5,2,3,4,0,5,29
111461,0,0,0,0,0,0,0
102346,0,0,0,0,0,0,0
201075,3,3,0,0,0,3,23
209186,0,0,0,0,0,0,0
9708298,0,0,0,0,0,0,0
9809387,1,1,0,0,0,1,3
107037,4,1,3,5,0,4,5
203023,2,1,1,1,0,2,2
301158,0,0,0,0,0,0,0
101095,1,1,0,0,0,1,3
9709254,3,2,1,1,0,3,3
9503252,1,1,0,0,0,1,2
8182,1,1,0,0,0,1,3
201189,4,1,3,3,0,4,46
9901313,1,1,0,0,0,1,6
9601339,3,3,0,0,0,3,9
9902377,0,0,0,0,0,0,0
9907315,1,1,0,0,0,1,2
101139,3,1,2,2,0,3,10
209168,1,1,0,0,0,1,6
206214,2,2,0,0,0,2,3
9607311,0,0,0,0,0,0,0
9307212,2,2,0,0,2,0,0
9705410,1,1,0,0,0,1,3
206084,0,0,0,0,0,0,0
109173,8,2,6,13,0,8,77
9407257,0,0,0,0,0,0,0
9812310,1,1,0,0,0,1,2
9909287,0,0,0,0,0,0,0
302131,5,1,4,6,0,5,7
9210274,1,1,0,0,1,0,0
6325,0,0,0,0,0,0,0
9709396,1,1,0,0,0,1,3
9808405,0,0,0,0,0,0,0
209052,0,0,0,0,0,0,0
9402201,4,2,2,3,4,0,0
204282,4,1,3,4,0,4,30
9405292,1,1,0,0,1,0,0
9503364,1,1,0,0,1,0,0
9810349,5,2,3,5,0,5,9
102214,0,0,0,0,0,0,0
9207262,1,1,0,0,1,0,0
12060,0,0,0,0,0,0,0
9907366,2,2,0,0,1,1,10
105276,0,0,0,0,0,0,0
9504419,3,3,0,0,0,3,3
9901330,1,1,0,0,0,1,10
209339,1,1,0,0,1,0,0
208037,0,0,0,0,0,0,0
9709391,0,0,0,0,0,0,0
9910454,2,1,1,1,0,2,4
9603228,4,2,2,3,4,0,0
209016,0,0,0,0,0,0,0
9909299,1,1,0,0,1,0,0
9604431,0,0,0,0,0,0,0
9508231,1,1,0,0,0,1,2
11318,2,2,0,0,2,0,0
202238,0,0,0,0,0,0,0
110274,1,1,0,0,1,0,0
301033,0,0,0,0,0,0,0
103114,2,1,1,1,2,0,0
9608362,0,0,0,0,0,0,0
107041,0,0,0,0,0,0,0
101322,11,7,4,9,1,10,29
9702396,1,1,0,0,0,1,2
9710303,0,0,0,0,0,0,0
12032,5,5,0,0,0,5,11
9702221,5,2,3,6,3,2,5
9510454,2,2,0,0,0,2,2
201110,0,0,0,0,0,0,0
9707518,1,1,0,0,0,1,17
6088,1,1,0,0,0,1,2
103216,1,1,0,0,0,1,2
208264,3,1,2,2,2,1,1
9302261,2,2,0,0,2,0,0
9037,3,1,2,2,0,3,14
9512347,0,0,0,0,0,0,0
9810488,0,0,0,0,0,0,0
111066,1,1,0,0,0,1,2
101074,1,1,0,0,0,1,5
9406377,4,2,2,2,2,2,2
9805265,0,0,0,0,0,0,0
9809370,0,0,0,0,0,0,0
205146,0,0,0,0,0,0,0
9912437,2,2,0,0,1,1,1
212175,2,2,0,0,0,2,11
9607305,1,1,0,0,1,0,0
109060,0,0,0,0,0,0,0
9907407,0,0,0,0,0,0,0
212148,0,0,0,0,0,0,0
9306228,1,1,0,0,1,0,0
2271,2,1,1,1,0,2,4
9905501,5,4,1,1,1,4,13
9811309,2,1,1,1,2,0,0
9604365,1,1,0,0,1,0,0
11220,3,1,2,3,0,3,7
301122,0,0,0,0,0,0,0
9806533,0,0,0,0,0,0,0
9507308,1,1,0,0,0,1,1
8036,1,1,0,0,0,1,1
212033,1,1,0,0,0,1,6
105251,2,1,1,1,2,0,0
212258,0,0,0,0,0,0,0
110311,1,1,0,0,0,1,7
112147,0,0,0,0,0,0,0
301047,1,1,0,0,0,1,1
11040,2,1,1,1,0,2,6
2274,0,0,0,0,0,0,0
9903216,2,1,1,1,2,0,0
210326,0,0,0,0,0,0,0
9709377,0,0,0,0,0,0,0
9907573,2,2,0,0,2,0,0
206215,3,1,2,3,0,3,13
9904373,1,1,0,0,0,1,5
212143,0,0,0,0,0,0,0
6267,2,2,0,0,0,2,14
201223,0,0,0,0,0,0,0
201003,0,0,0,0,0,0,0
9502295,4,2,2,2,4,0,0
9811512,1,1,0,0,1,0,0
203048,0,0,0,0,0,0,0
3015,2,1,1,1,2,0,0
9507223,1,1,0,0,0,1,1
104163,1,1,0,0,1,0,0
111124,1,1,0,0,0,1,6
207076,1,1,0,0,0,1,4
9505205,2,2,0,0,2,0,0
212024,0,0,0,0,0,0,0
302243,0,0,0,0,0,0,0
9906237,0,0,0,0,0,0,0
107237,0,0,0,0,0,0,0
9606228,0,0,0,0,0,0,0
9611262,1,1,0,0,1,0,0
9902212,1,1,0,0,0,1,2
111212,3,1,2,2,0,3,28
209374,0,0,0,0,0,0,0
111352,1,1,0,0,0,1,1
201235,0,0,0,0,0,0,0
211162,1,1,0,0,0,1,2
105241,0,0,0,0,0,0,0
3296,0,0,0,0,0,0,0
105082,1,1,0,0,0,1,5
302157,0,0,0,0,0,0,0
9710483,2,1,1,1,2,0,0
9601221,4,2,2,3,4,0,0
109265,5,3,2,2,0,5,26
9508207,0,0,0,0,0,0,0
9604361,0,0,0,0,0,0,0
9908359,0,0,0,0,0,0,0
9502212,0,0,0,0,0,0,0
204033,0,0,0,0,0,0,0
3041,1,1,0,0,1,0,0
8174,0,0,0,0,0,0,0
9703398,2,2,0,0,2,0,0
9206226,1,1,0,0,1,0,0
9806459,1,1,0,0,1,0,0
9305203,0,0,0,0,0,0,0
210099,0,0,0,0,0,0,0
201286,0,0,0,0,0,0,0
204182,1,1,0,0,0,1,3
212004,0,0,0,0,0,0,0
301066,0,0,0,0,0,0,0
9512360,0,0,0,0,0,0,0
11030,0,0,0,0,0,0,0
210006,0,0,0,0,0,0,0
207090,0,0,0,0,0,0,0
9802222,0,0,0,0,0,0,0
9608455,0,0,0,0,0,0,0
9810312,1,1,0,0,0,1,1
302147,0,0,0,0,0,0,0
9305202,2,2,0,0,2,0,0
9510348,0,0,0,0,0,0,0
206298,0,0,0,0,0,0,0
203153,0,0,0,0,0,0,0
9606365,2,2,0,0,1,1,1
210072,0,0,0,0,0,0,0
212137,0,0,0,0,0,0,0
9912535,0,0,0,0,0,0,0
210282,0,0,0,0,0,0,0
9812367,0,0,0,0,0,0,0
9706405,1,1,0,0,1,0,0
9806283,0,0,0,0,0,0,0
205232,2,2,0,0,0,2,9
9607308,0,0,0,0,0,0,0
5329,0,0,0,0,0,0,0
9609433,1,1,0,0,0,1,1
106241,0,0,0,0,0,0,0
212297,0,0,0,0,0,0,0
9301230,1,1,0,0,1,0,0
9907484,0,0,0,0,0,0,0
9806257,0,0,0,0,0,0,0
210187,0,0,0,0,0,0,0
3197,1,1,0,0,1,0,0
9903521,1,1,0,0,1,0,0
9320,0,0,0,0,0,0,0
110130,1,1,0,0,0,1,1
9405408,0,0,0,0,0,0,0
9911229,1,1,0,0,0,1,5
6166,1,1,0,0,1,0,0
212031,0,0,0,0,0,0,0
9301208,1,1,0,0,1,0,0
3166,0,0,0,0,0,0,0
9811374,0,0,0,0,0,0,0
107193,0,0,0,0,0,0,0
105112,0,0,0,0,0,0,0
9903523,1,1,0,0,0,1,1
9507351,0,0,0,0,0,0,0
9901269,0,0,0,0,0,0,0
9907284,0,0,0,0,0,0,0
9604356,0,0,0,0,0,0,0
9509247,0,0,0,0,0,0,0
301221,1,1,0,0,0,1,11
101191,0,0,0,0,0,0,0
9807401,0,0,0,0,0,0,0
9909216,1,1,0,0,1,0,0
208140,0,0,0,0,0,0,0
205330,0,0,0,0,0,0,0
9612418,1,1,0,0,0,1,1
203127,0,0,0,0,0,0,0
9904466,0,0,0,0,0,0,0
210010,0,0,0,0,0,0,0
111018,0,0,0,0,0,0,0
204245,2,2,0,0,0,2,8
9908344,1,1,0,0,1,0,0
3171,0,0,0,0,0,0,0
9405312,0,0,0,0,0,0,0
301180,0,0,0,0,0,0,0
210164,0,0,0,0,0,0,0
9306304,1,1,0,0,1,0,0
207057,0,0,0,0,0,0,0
9707374,0,0,0,0,0,0,0
105125,0,0,0,0,0,0,0
9502310,0,0,0,0,0,0,0
204125,1,1,0,0,0,1,1
207285,0,0,0,0,0,0,0
201158,0,0,0,0,0,0,0
9602222,0,0,0,0,0,0,0
101242,0,0,0,0,0,0,0
9708417,0,0,0,0,0,0,0
110322,0,0,0,0,0,0,0
9705259,0,0,0,0,0,0,0
9402338,0,0,0,0,0,0,0
209202,0,0,0,0,0,0,0
8187,0,0,0,0,0,0,0
9311208,0,0,0,0,0,0,0
103302,0,0,0,0,0,0,0
102126,1,1,0,0,0,1,4
203112,0,0,0,0,0,0,0
210360,1,1,0,0,0,1,5
204295,1,1,0,0,1,0,0
9805330,0,0,0,0,0,0,0
11232,0,0,0,0,0,0,0
9706475,0,0,0,0,0,0,0
9906425,1,1,0,0,1,0,0
104212,0,0,0,0,0,0,0
105202,0,0,0,0,0,0,0
9605453,0,0,0,0,0,0,0
209344,0,0,0,0,0,0,0
108087,0,0,0,0,0,0,0
302111,0,0,0,0,0,0,0
206119,0,0,0,0,0,0,0
102104,0,0,0,0,0,0,0
106209,0,0,0,0,0,0,0
212215,0,0,0,0,0,0,0
110205,0,0,0,0,0,0,0
205307,1,1,0,0,0,1,6
9409429,0,0,0,0,0,0,0
210076,0,0,0,0,0,0,0
105299,1,1,0,0,1,0,0
8100,0,0,0,0,0,0,0
10011,1,1,0,0,0,1,13
302090,0,0,0,0,0,0,0
9710360,0,0,0,0,0,0,0
4054,0,0,0,0,0,0,0
201039,0,0,0,0,0,0,0
9903223,0,0,0,0,0,0,0
6086,0,0,0,0,0,0,0
9611370,0,0,0,0,0,0,0
9505401,0,0,0,0,0,0,0
9608397,0,0,0,0,0,0,0
9609526,0,0,0,0,0,0,0
111356,0,0,0,0,0,0,0
11050,0,0,0,0,0,0,0
302044,0,0,0,0,0,0,0
9612218,0,0,0,0,0,0,0
9606334,0,0,0,0,0,0,0
103186,0,0,0,0,0,0,0
301244,0,0,0,0,0,0,0
208170,0,0,0,0,0,0,0
103152,1,1,0,0,0,1,14
210217,0,0,0,0,0,0,0
209176,0,0,0,0,0,0,0
9406371,0,0,0,0,0,0,0
210383,1,1,0,0,0,1,1
9508350,0,0,0,0,0,0,0
9808422,0,0,0,0,0,0,0
211422,0,0,0,0,0,0,0
9404307,1,1,0,0,1,0,0
9406323,0,0,0,0,0,0,0
104149,0,0,0,0,0,0,0
9511413,0,0,0,0,0,0,0
112215,0,0,0,0,0,0,0
9806338,0,0,0,0,0,0,0
9404231,0,0,0,0,0,0,0
209076,0,0,0,0,0,0,0
9901417,0,0,0,0,0,0,0
5294,0,0,0,0,0,0,0
203259,0,0,0,0,0,0,0
9067,0,0,0,0,0,0,0
11381,0,0,0,0,0,0,0
9805399,0,0,0,0,0,0,0
211435,0,0,0,0,0,0,0
9601232,0,0,0,0,0,0,0
9806242,1,1,0,0,1,0,0
204336,0,0,0,0,0,0,0
204009,0,0,0,0,0,0,0
9808337,0,0,0,0,0,0,0
9801313,0,0,0,0,0,0,0
9910386,0,0,0,0,0,0,0
9811297,0,0,0,0,0,0,0
302029,0,0,0,0,0,0,0
211250,0,0,0,0,0,0,0
9307309,0,0,0,0,0,0,0
9505235,21,4,17,54,21,0,0
104110,140,26,114,459,4,136,1137
6351,30,3,27,102,0,30,252
9509204,107,3,104,1005,7,100,481
9207214,281,22,259,2935,281,0,0
9405207,95,11,84,449,20,75,207
9507262,86,4,82,550,12,74,167
9806501,32,4,28,96,3,29,84
9902334,51,5,46,302,0,51,447
9509268,43,5,38,145,21,22,28
9509420,5,4,1,1,4,1,1
9502376,9,1,8,23,0,9,9
9404209,78,14,64,194,26,52,100
11311,83,8,75,413,11,72,342
9301283,6,2,4,7,6,0,0
9608269,15,4,11,27,1,14,38
9710372,35,8,27,114,5,30,163
9912458,14,2,12,25,1,13,38
101123,3,3,0,0,0,3,22
9510376,68,8,60,317,2,66,197
9812377,14,4,10,27,0,14,83
9212268,19,3,16,44,19,0,0
9504316,220,25,195,1580,65,155,383
9306270,58,15,43,148,38,20,20
110320,19,9,10,25,2,17,81
9410322,7,3,4,8,7,0,0
9402224,24,4,20,45,23,1,1
9703264,3,2,1,1,0,3,14
9505405,39,1,38,161,26,13,13
9506465,12,5,7,22,2,10,25
9404334,5,1,4,8,5,0,0
9412385,131,10,121,682,14,117,198
1009,4,3,1,1,3,1,1
9711444,16,2,14,64,4,12,27
9811352,23,4,19,38,1,22,94
9807235,160,6,154,1359,34,126,294
9706309,19,6,13,38,5,14,27
9505319,48,11,37,153,39,9,9
9810308,59,6,53,240,8,51,151
9907499,60,8,52,228,3,57,360
9703465,64,9,55,259,11,53,137
9310363,37,7,30,89,37,0,0
9810309,27,5,22,36,2,25,221
9808207,13,3,10,16,7,6,14
9804433,8,3,5,9,0,8,35
9509306,1,1,0,0,1,0,0
9711340,6,2,4,5,3,3,7
9812244,2,2,0,0,0,2,3
9601337,20,5,15,30,3,17,23
9607446,12,5,7,15,7,5,7
9607250,23,4,19,49,9,14,29
9305290,25,3,22,100,25,0,0
9712277,18,5,13,31,0,18,205
9504343,7,2,5,7,7,0,0
9511239,24,7,17,45,6,18,32
9512268,7,3,4,4,0,7,20
9704275,41,6,35,211,2,39,378
9908451,9,5,4,8,0,9,78
9307312,14,1,13,67,3,11,11
9712219,5,4,1,1,0,5,91
108141,13,7,6,14,0,13,174
102159,11,6,5,8,0,11,78
9506260,30,2,28,121,20,10,19
9710509,43,3,40,153,0,43,156
108240,18,1,17,41,0,18,158
101098,10,5,5,8,2,8,31
9606203,46,6,40,244,2,44,141
9703211,49,10,39,167,0,49,628
9711220,10,2,8,18,0,10,112
9310243,4,1,3,5,4,0,0
9503277,5,3,2,3,1,4,12
104280,9,3,6,14,0,9,40
9703277,28,2,26,79,4,24,41
9605220,57,4,53,294,1,56,297
107320,8,5,3,3,0,8,74
9901378,10,4,6,8,1,9,20
9804274,20,4,16,69,0,20,149
201117,1,1,0,0,0,1,4
9307201,148,16,132,841,147,1,1
9401308,90,9,81,336,31,59,59
9603237,92,8,84,516,14,78,254
9506248,69,9,60,178,22,47,144
9812272,12,6,6,11,1,11,70
9811378,58,1,57,407,0,58,507
9312296,70,10,60,746,0,70,354
9504427,29,2,27,139,3,26,135
9710334,22,7,15,27,5,17,17
9411244,3,3,0,0,2,1,2
9706325,6,1,5,9,3,3,3
9612413,18,5,13,40,1,17,37
9305296,4,4,0,0,4,0,0
9512327,31,4,27,95,19,12,13
9708296,4,1,3,4,1,3,5
9612338,4,1,3,6,0,4,10
9407399,27,9,18,55,15,12,13
9709454,1,1,0,0,1,0,0
9611320,17,4,13,36,13,4,8
9501214,30,8,22,109,23,7,7
9911256,8,4,4,4,0,8,97
9311261,5,3,2,2,4,1,1
9802426,20,9,11,29,6,14,32
9903226,19,7,12,27,0,19,96
9406236,11,6,5,6,6,5,7
9902315,16,3,13,38,1,15,95
9609380,7,6,1,1,1,6,23
9211249,33,5,28,145,33,0,0
9403290,147,2,145,1382,85,62,62
9603366,72,18,54,164,12,60,90
9812421,7,3,4,5,1,6,26
9508406,42,2,40,164,1,41,173
2198,27,10,17,29,2,25,158
9907461,18,4,14,42,1,17,82
9504408,22,8,14,31,5,17,58
9504256,21,6,15,26,14,7,15
9906389,3,2,1,1,0,3,36
9508233,19,8,11,33,19,0,0
9405234,43,15,28,113,11,32,92
9709273,16,2,14,45,1,15,55
9707296,15,2,13,33,0,15,31
9207232,20,2,18,67,20,0,0
9801375,54,5,49,237,8,46,168
9905283,12,2,10,29,3,9,30
9505404,22,7,15,47,16,6,8
9707263,30,2,28,99,1,29,125
8208,55,5,50,298,2,53,606
9903503,81,4,77,812,0,81,406
9708256,13,4,9,17,4,9,20
9408373,29,5,24,93,25,4,6
9405262,31,3,28,149,31,0,0
3150,16,4,12,25,0,16,84
9602375,26,13,13,20,22,4,5
210133,6,2,4,6,0,6,52
9905577,6,4,2,2,0,6,76
9510294,16,6,10,18,3,13,30
9712234,34,3,31,103,7,27,115
9408313,21,6,15,30,21,0,0
9404247,54,17,37,97,13,41,43
9408359,43,11,32,94,30,13,23
9806236,83,4,79,768,3,80,249
9909509,40,1,39,148,2,38,213
9602263,15,5,10,19,0,15,45
9801212,25,5,20,71,1,24,112
9411277,10,6,4,6,7,3,7
9410262,15,1,14,48,15,0,0
9704457,59,6,53,229,24,35,84
9806301,14,5,9,18,5,9,41
9607379,31,9,22,76,6,25,29
9908385,27,2,25,107,0,27,112
9809543,55,5,50,293,1,54,365
9905257,4,3,1,2,4,0,0
9904257,11,4,7,11,2,9,41
9708497,7,2,5,11,7,0,0
9404323,9,4,5,8,6,3,11
9711293,2,2,0,0,2,0,0
9704434,10,5,5,8,3,7,15
9603291,5,3,2,4,2,3,5
9606281,24,4,20,67,15,9,23
9901445,17,2,15,34,1,16,45
9404310,2,1,1,1,2,0,0
9305262,50,13,37,128,50,0,0
9404279,9,2,7,11,9,0,0
101250,9,1,8,11,0,9,77
9712322,9,7,2,2,0,9,66
5303,7,5,2,2,0,7,56
3231,7,4,3,4,0,7,41
9712479,18,6,12,25,1,17,68
9402310,20,4,16,53,2,18,43
111064,12,7,5,6,0,12,236
9607465,31,6,25,89,2,29,98
102243,18,1,17,102,0,18,176
3081,36,6,30,142,0,36,257
1203,12,4,8,14,12,0,0
9409301,49,6,43,177,21,28,59
9809504,14,8,6,7,1,13,28
9406346,27,8,19,60,5,22,65
9907444,6,4,2,5,0,6,31
102234,70,2,68,382,35,35,49
9909453,19,7,12,31,5,14,22
206184,0,0,0,0,0,0,0
9505242,22,3,19,37,1,21,81
9705425,5,3,2,2,0,5,13
9911213,10,3,7,12,4,6,31
9807563,2,2,0,0,1,1,3
9711328,10,5,5,11,0,10,69
9208240,10,1,9,25,10,0,0
9606219,10,3,7,18,1,9,31
105126,0,0,0,0,0,0,0
9510253,3,2,1,1,0,3,3
8209,10,3,7,10,0,10,70
6046,17,3,14,27,0,17,120
9907355,48,4,44,160,0,48,432
101070,17,2,15,51,0,17,93
9503399,8,7,1,1,8,0,0
211141,4,4,0,0,1,3,21
110083,14,2,12,31,0,14,183
12261,6,4,2,2,0,6,30
9702270,7,3,4,4,0,7,47
9812529,6,3,3,4,3,3,7
106071,16,4,12,25,0,16,125
105064,25,5,20,77,0,25,82
202072,12,3,9,20,0,12,47
9702320,7,4,3,5,3,4,30
9410389,8,4,4,9,1,7,12
104074,16,3,13,31,0,16,148
5030,6,3,3,4,0,6,40
8087,11,3,8,24,0,11,38
9912271,18,11,7,16,0,18,98
103251,7,3,4,7,1,6,30
7327,11,4,7,12,2,9,60
3219,82,12,70,400,5,77,437
9207209,23,4,19,46,23,0,0
9407265,2,2,0,0,1,1,3
9808466,3,3,0,0,0,3,20
9206205,39,3,36,110,39,0,0
11355,14,4,10,17,2,12,248
9033,8,2,6,9,2,6,60
9612307,5,1,4,7,1,4,109
108024,11,2,9,14,3,8,45
9711450,24,4,20,51,19,5,9
9602291,5,3,2,3,3,2,2
9609350,3,2,1,2,0,3,11
9503394,33,11,22,79,22,11,18
9509375,56,3,53,268,1,55,339
9601283,4,3,1,1,0,4,13
9308203,15,9,6,15,15,0,0
9504403,3,3,0,0,0,3,9
9611313,10,2,8,10,2,8,13
9501245,5,2,3,6,2,3,5
9412265,56,2,54,209,7,49,85
9505333,9,8,1,1,1,8,21
10253,10,3,7,14,1,9,160
9905300,6,3,3,4,0,6,30
9706315,99,8,91,628,41,58,126
9611433,177,9,168,1355,31,146,388
9707239,10,1,9,21,0,10,134
9804436,32,4,28,83,0,32,126
9810220,7,3,4,4,1,6,20
1053,1,1,0,0,0,1,1
9403400,26,3,23,73,26,0,0
9708223,17,5,12,44,1,16,69
9406253,1,1,0,0,0,1,3
9207204,24,7,17,35,24,0,0
9410250,6,5,1,1,3,3,5
9705413,23,8,15,27,21,2,2
9705475,7,1,6,10,5,2,3
9310316,83,8,75,350,83,0,0
9610214,4,1,3,5,0,4,24
4217,11,6,5,6,0,11,47
9808426,51,5,46,196,0,51,167
9811412,19,5,14,33,0,19,109
109195,1,1,0,0,0,1,1
9507402,3,3,0,0,1,2,5
9805475,2,2,0,0,0,2,2
9709379,54,2,52,327,1,53,313
9507307,41,11,30,124,1,40,78
9612372,4,1,3,3,4,0,0
9410279,15,6,9,14,15,0,0
9505317,22,2,20,48,10,12,25
9702223,3,2,1,1,0,3,26
9211254,18,4,14,30,18,0,0
9710257,13,3,10,24,2,11,54
9604247,5,4,1,1,2,3,4
9505391,54,3,51,328,1,53,176
9708393,53,7,46,345,4,49,245
9403391,13,8,5,9,2,11,17
9508352,7,1,6,9,2,5,18
9206227,24,11,13,31,24,0,0
9906222,13,6,7,15,0,13,180
9604301,28,6,22,91,5,23,78
108148,8,2,6,8,3,5,9
9607279,18,3,15,30,0,18,48
104021,7,2,5,11,3,4,4
9812249,2,2,0,0,1,1,5
9703270,6,4,2,2,3,3,7
9911526,3,1,2,2,1,2,2
9409281,24,6,18,39,8,16,18
9303268,15,6,9,19,15,0,0
8090,23,8,15,34,2,21,40
111086,5,2,3,6,0,5,18
9704283,10,3,7,14,5,5,10
10206,4,1,3,6,0,4,8
9903221,4,1,3,4,0,4,13
9604298,16,7,9,14,1,15,89
9803491,5,2,3,3,1,4,8
9604392,8,1,7,14,0,8,21
9803284,14,1,13,24,2,12,41
5224,6,3,3,5,1,5,21
9307325,16,4,12,38,16,0,0
9807354,15,4,11,70,0,15,49
9404239,19,7,12,32,1,18,41
9911424,7,4,3,4,0,7,27
7062,1,1,0,0,0,1,1
9911226,2,2,0,0,0,2,10
9907436,32,3,29,120,1,31,149
9703369,21,6,15,32,0,21,116
9904379,8,4,4,7,2,6,16
7176,56,17,39,145,9,47,280
1276,1,1,0,0,1,0,0
9806303,26,11,15,39,6,20,41
9606223,13,2,11,24,12,1,1
9510460,5,1,4,5,0,5,11
205296,1,1,0,0,0,1,5
9908319,3,2,1,1,1,2,3
112135,12,5,7,15,0,12,81
9804364,6,3,3,5,6,0,0
9804339,8,2,6,14,0,8,47
9511287,3,2,1,1,3,0,0
109077,9,5,4,5,0,9,54
9612394,37,4,33,189,2,35,87
9801282,21,6,15,58,6,15,40
9612298,3,1,2,2,0,3,21
7245,4,4,0,0,0,4,33
3025,12,5,7,12,0,12,41
9601391,9,6,3,3,1,8,28
9401227,4,3,1,1,4,0,0
9607450,4,3,1,2,0,4,16
9704412,58,3,55,336,18,40,55
9611406,5,2,3,5,0,5,42
9610246,2,2,0,0,2,0,0
9803289,14,5,9,19,14,0,0
108046,0,0,0,0,0,0,0
9709425,5,1,4,4,1,4,7
9308313,6,3,3,3,2,4,7
106135,13,3,10,27,0,13,201
9703244,2,2,0,0,0,2,6
9803227,25,11,14,41,1,24,126
9406254,7,3,4,4,0,7,21
104162,14,2,12,33,0,14,205
9911447,6,5,1,1,1,5,25
109064,20,3,17,50,0,20,89
9708363,23,9,14,30,3,20,58
110414,10,4,6,16,1,9,27
107082,17,9,8,14,6,11,37
9411287,30,7,23,77,15,15,17
9406208,3,1,2,3,3,0,0
4243,15,6,9,22,1,14,29
9712228,37,8,29,84,12,25,62
9605280,2,2,0,0,2,0,0
8044,29,2,27,125,0,29,142
108100,20,8,12,30,0,20,93
104187,5,3,2,2,0,5,51
210387,1,1,0,0,0,1,8
9607384,8,1,7,14,2,6,13
9402337,41,4,37,201,27,14,22
105262,4,3,1,1,0,4,9
104106,9,6,3,3,0,9,22
9507336,12,7,5,9,1,11,41
9406392,41,3,38,213,36,5,5
9709245,8,4,4,5,0,8,27
9510399,6,4,2,3,6,0,0
9603267,13,3,10,21,4,9,17
9802329,26,6,20,64,5,21,95
6090,7,2,5,7,0,7,26
9606407,1,1,0,0,0,1,2
202198,3,3,0,0,0,3,20
9802276,13,4,9,30,0,13,60
9209287,9,4,5,11,9,0,0
9803366,28,1,27,110,3,25,95
7303,7,5,2,2,1,6,31
9605439,38,2,36,138,13,25,28
9902345,4,4,0,0,0,4,33
204288,12,8,4,5,1,11,63
210007,3,3,0,0,0,3,19
109018,12,3,9,26,0,12,129
9907314,15,2,13,31,2,13,42
9912343,27,8,19,45,0,27,121
204037,5,1,4,4,0,5,42
1044,3,1,2,2,0,3,15
2072,33,6,27,131,13,20,54
9912534,4,4,0,0,0,4,14
9211209,11,5,6,8,11,0,0
202143,10,3,7,23,0,10,26
9812389,4,4,0,0,2,2,5
9508206,7,3,4,7,2,5,8
204040,5,2,3,3,0,5,66
9405273,26,3,23,102,9,17,17
9504308,0,0,0,0,0,0,0
9405299,19,5,14,63,7,12,21
9707387,15,7,8,16,4,11,22
9907409,23,7,16,36,1,22,117
12023,10,3,7,14,0,10,45
9411423,10,7,3,4,10,0,0
9505209,9,3,6,12,9,0,0
9502204,7,5,2,3,6,1,1
9507452,10,2,8,17,0,10,40
12077,3,1,2,2,0,3,19
9702296,8,2,6,17,1,7,18
9210267,1,1,0,0,1,0,0
203132,4,3,1,1,1,3,7
9609326,14,5,9,21,0,14,62
9601295,4,2,2,3,4,0,0
9507397,9,3,6,10,0,9,9
109008,0,0,0,0,0,0,0
9807510,0,0,0,0,0,0,0
9709367,9,4,5,10,0,9,29
9809286,3,2,1,1,1,2,2
104232,21,5,16,59,1,20,215
9612348,3,1,2,3,3,0,0
9401245,10,5,5,11,5,5,9
9704337,9,2,7,10,4,5,10
9701376,1,1,0,0,0,1,5
9211251,8,7,1,3,8,0,0
9709209,4,3,1,1,2,2,2
9709319,8,2,6,10,0,8,106
1202,12,2,10,27,0,12,84
9502259,3,1,2,2,0,3,8
9807390,17,5,12,26,1,16,159
9807451,1,1,0,0,0,1,1
9812322,18,5,13,19,3,15,63
9805493,5,1,4,5,0,5,18
9503427,1,1,0,0,1,0,0
7148,6,2,4,5,0,6,29
202018,8,3,5,10,0,8,76
9810246,1,1,0,0,0,1,2
9806319,1,1,0,0,1,0,0
9810290,6,5,1,1,4,2,2
9806353,7,3,4,7,0,7,11
9510448,2,1,1,1,0,2,3
9704436,14,2,12,32,2,12,30
9901386,20,12,8,12,1,19,102
9708243,7,4,3,5,3,4,9
9509407,3,1,2,3,0,3,7
101297,15,6,9,18,0,15,83
9612440,9,3,6,11,1,8,21
9910269,2,1,1,1,0,2,5
9803349,22,9,13,30,3,19,159
9410327,6,4,2,2,6,0,0
9704334,15,4,11,14,0,15,30
9412234,1,1,0,0,1,0,0
9504293,10,2,8,13,1,9,16
9811276,6,4,2,2,1,5,13
12282,8,5,3,4,1,7,17
9710494,2,1,1,1,2,0,0
9608486,5,1,4,6,3,2,2
9906336,4,4,0,0,0,4,18
5075,14,8,6,22,2,12,47
9902448,4,1,3,6,0,4,6
9402294,2,1,1,1,2,0,0
9606484,4,4,0,0,1,3,3
9906261,3,2,1,1,0,3,12
108009,7,1,6,14,1,6,16
101136,16,7,9,20,1,15,35
9807373,4,3,1,1,0,4,21
9308368,1,1,0,0,1,0,0
209069,0,0,0,0,0,0,0
9404240,3,2,1,1,3,0,0
203150,4,3,1,1,0,4,45
9809496,5,1,4,6,0,5,12
9705463,9,1,8,21,9,0,0
108055,8,4,4,4,5,3,12
9804301,7,2,5,8,0,7,11
9911377,0,0,0,0,0,0,0
106057,3,1,2,3,0,3,64
9810515,4,1,3,3,0,4,18
109030,13,3,10,24,2,11,62
110072,8,2,6,10,0,8,54
9703325,1,1,0,0,0,1,1
4226,9,2,7,10,0,9,77
9907383,13,8,5,12,7,6,10
9704453,8,4,4,10,2,6,11
9312347,18,8,10,31,18,0,0
4032,2,1,1,1,1,1,22
9712284,10,4,6,17,0,10,26
9809551,1,1,0,0,1,0,0
9912289,10,5,5,5,3,7,22
9805357,3,3,0,0,0,3,11
9609484,2,2,0,0,0,2,4
9706479,4,3,1,1,0,4,31
106203,6,5,1,2,0,6,31
9906515,3,2,1,1,0,3,7
9801364,2,2,0,0,0,2,3
9909267,7,2,5,5,0,7,19
9609375,13,2,11,18,4,9,17
9306267,12,8,4,8,12,0,0
9803265,5,1,4,7,0,5,13
9504388,8,1,7,13,7,1,3
9605409,6,3,3,6,5,1,2
112249,2,2,0,0,0,2,5
9712358,3,2,1,1,2,1,3
9912506,8,1,7,12,8,0,0
3299,7,3,4,6,0,7,13
9812398,9,3,6,21,0,9,19
9908293,2,2,0,0,1,1,3
9609351,2,2,0,0,0,2,8
205305,5,3,2,2,0,5,28
9303227,6,4,2,2,0,6,9
201080,15,4,11,29,1,14,36
206110,18,5,13,31,0,18,181
9207211,4,4,0,0,4,0,0
9505339,5,3,2,3,0,5,8
9906520,2,2,0,0,2,0,0
9704392,4,1,3,3,3,1,2
201103,16,4,12,33,2,14,111
9909427,7,6,1,3,1,6,21
208091,12,3,9,27,0,12,69
211271,5,3,2,3,0,5,24
9301238,4,3,1,1,4,0,0
9403315,1,1,0,0,0,1,3
5269,10,3,7,10,0,10,14
102116,4,2,2,3,0,4,53
9811454,5,5,0,0,0,5,42
9402324,14,9,5,12,12,2,2
108018,3,2,1,1,2,1,2
9401351,7,3,4,8,2,5,8
9704401,1,1,0,0,0,1,1
9507335,8,1,7,18,2,6,6
9604342,2,1,1,1,1,1,1
9611346,2,2,0,0,0,2,2
105214,6,1,5,9,0,6,82
9809366,2,2,0,0,0,2,4
9802296,0,0,0,0,0,0,0
9712379,3,2,1,1,1,2,8
201088,1,1,0,0,0,1,8
9704346,5,2,3,5,1,4,8
9505355,6,3,3,5,5,1,1
9502247,14,1,13,26,11,3,5
107218,4,1,3,4,0,4,24
9601379,10,2,8,16,6,4,4
9810237,3,3,0,0,3,0,0
102015,4,2,2,2,1,3,10
8165,3,2,1,1,0,3,10
207350,2,2,0,0,0,2,25
9807371,17,1,16,93,0,17,30
203187,5,2,3,4,0,5,45
203276,1,1,0,0,0,1,3
103119,20,7,13,30,1,19,67
9710408,0,0,0,0,0,0,0
9510213,11,5,6,17,1,10,20
210205,8,6,2,2,0,8,138
9305227,4,3,1,1,4,0,0
111263,2,2,0,0,0,2,4
110324,6,5,1,2,0,6,78
103345,2,2,0,0,1,1,4
9711442,18,10,8,14,0,18,58
107182,12,6,6,9,0,12,71
9611460,5,1,4,8,4,1,1
9609454,1,1,0,0,0,1,3
205068,5,2,3,3,0,5,84
9702351,1,1,0,0,0,1,3
12296,3,2,1,1,0,3,21
9410249,8,3,5,9,1,7,7
9609478,1,1,0,0,0,1,3
9510386,8,3,5,11,1,7,47
9805336,3,3,0,0,0,3,41
9902418,3,2,1,1,1,2,5
9411264,1,1,0,0,1,0,0
101199,1,1,0,0,0,1,1
9705407,3,2,1,1,3,0,0
9811484,10,3,7,12,0,10,18
9705273,2,2,0,0,2,0,0
9904240,22,5,17,48,1,21,51
9405311,4,2,2,5,4,0,0
112069,5,1,4,6,5,0,0
9612238,4,2,2,3,0,4,8
9706392,1,1,0,0,0,1,9
9404356,12,4,8,19,2,10,22
9507265,7,1,6,15,0,7,53
9810285,0,0,0,0,0,0,0
9612290,7,2,5,10,7,0,0
9705296,13,6,7,9,1,12,50
107219,19,9,10,14,4,15,43
101146,2,1,1,1,0,2,4
9711313,6,4,2,3,1,5,13
9701314,1,1,0,0,1,0,0
9508282,3,2,1,1,0,3,4
9804320,3,2,1,1,1,2,2
212270,14,9,5,10,2,12,82
6085,6,3,3,3,4,2,5
2191,3,2,1,1,0,3,62
4119,3,3,0,0,0,3,10
211076,2,1,1,1,0,2,10
103133,10,2,8,13,0,10,48
202129,1,1,0,0,0,1,12
108049,1,1,0,0,0,1,3
9912539,3,1,2,3,0,3,9
112036,4,2,2,3,0,4,16
204340,1,1,0,0,0,1,2
2226,6,5,1,1,2,4,6
11099,2,2,0,0,2,0,0
9812202,7,4,3,7,0,7,86
9403340,18,7,11,24,18,0,0
9606309,4,4,0,0,4,0,0
106082,1,1,0,0,1,0,0
110266,6,2,4,7,0,6,31
9404324,2,2,0,0,0,2,5
206100,3,3,0,0,0,3,3
9708496,7,2,5,11,2,5,5
209058,0,0,0,0,0,0,0
9909484,7,2,5,7,0,7,43
110374,1,1,0,0,1,0,0
106101,4,1,3,4,0,4,11
9608471,1,1,0,0,0,1,1
106026,3,2,1,1,0,3,5
9504422,6,2,4,6,0,6,9
9803230,1,1,0,0,0,1,13
9701358,6,3,3,5,0,6,40
9903338,1,1,0,0,1,0,0
9709211,10,4,6,16,1,9,60
109182,2,2,0,0,0,2,5
9910239,2,1,1,1,0,2,20
9302209,0,0,0,0,0,0,0
9907345,1,1,0,0,0,1,2
212397,2,2,0,0,0,2,17
9905263,2,2,0,0,0,2,16
8227,3,1,2,3,2,1,1
9812457,1,1,0,0,0,1,1
9301240,5,3,2,2,5,0,0
9809356,3,3,0,0,0,3,8
11395,1,1,0,0,0,1,5
9504365,1,1,0,0,0,1,3
9505325,1,1,0,0,1,0,0
5033,0,0,0,0,0,0,0
9711386,4,4,0,0,0,4,34
101338,5,2,3,4,1,4,4
9910484,3,3,0,0,1,2,3
9601225,1,1,0,0,0,1,2
9604269,2,1,1,1,0,2,10
109281,2,1,1,1,1,1,1
9903377,4,1,3,6,0,4,18
209301,8,6,2,2,3,5,11
210209,1,1,0,0,0,1,10
203103,0,0,0,0,0,0,0
205347,6,3,3,4,0,6,38
9408293,1,1,0,0,1,0,0
9708397,5,2,3,5,5,0,0
105227,4,2,2,3,0,4,56
207365,1,1,0,0,0,1,10
9711252,7,3,4,6,0,7,12
202111,6,2,4,4,0,6,36
208101,3,3,0,0,0,3,27
9707318,2,2,0,0,0,2,16
105330,3,1,2,2,0,3,6
9704248,6,4,2,2,6,0,0
9909242,3,1,2,3,0,3,7
1006,2,1,1,1,1,1,1
106193,10,4,6,9,0,10,29
3274,2,2,0,0,1,1,1
109253,1,1,0,0,0,1,15
9511308,1,1,0,0,1,0,0
9907561,2,1,1,1,0,2,11
202201,2,2,0,0,0,2,5
11376,2,2,0,0,2,0,0
105157,4,2,2,2,0,4,21
9905205,10,2,8,20,5,5,5
9809399,1,1,0,0,0,1,6
201204,1,1,0,0,0,1,6
11167,2,1,1,1,0,2,9
11216,2,2,0,0,1,1,8
9602387,3,1,2,2,3,0,0
9807550,1,1,0,0,0,1,3
9705237,0,0,0,0,0,0,0
9605225,5,1,4,5,0,5,8
9811415,3,3,0,0,0,3,5
9504414,2,2,0,0,2,0,0
101219,3,1,2,2,3,0,0
9711234,6,5,1,1,4,2,8
7262,6,2,4,5,0,6,18
9510236,3,2,1,1,0,3,4
201025,2,1,1,1,1,1,1
7173,2,2,0,0,0,2,7
9812536,3,1,2,2,0,3,6
9412277,4,1,3,4,4,0,0
8095,1,1,0,0,1,0,0
9508279,7,2,5,8,1,6,6
102055,2,1,1,1,0,2,2
9607340,4,4,0,0,1,3,3
109034,7,2,5,8,0,7,44
9811521,1,1,0,0,0,1,3
9508220,4,2,2,3,0,4,18
9607417,0,0,0,0,0,0,0
204073,5,2,3,4,2,3,6
9801440,2,2,0,0,1,1,9
10158,1,1,0,0,0,1,3
9710466,1,1,0,0,0,1,2
104307,6,2,4,5,2,4,19
9807545,11,7,4,6,1,10,22
9706469,5,1,4,8,4,1,1
9901272,4,1,3,5,0,4,22
206014,2,2,0,0,0,2,11
9501331,8,4,4,7,8,0,0
9711376,1,1,0,0,0,1,1
209274,0,0,0,0,0,0,0
208242,0,0,0,0,0,0,0
9710282,0,0,0,0,0,0,0
210139,5,3,2,2,0,5,27
9611414,1,1,0,0,1,0,0
9910515,3,2,1,1,0,3,8
9809268,1,1,0,0,1,0,0
6098,4,2,2,3,0,4,68
103334,0,0,0,0,0,0,0
10050,0,0,0,0,0,0,0
201004,5,2,3,4,1,4,15
9808342,7,4,3,3,2,5,7
9309261,8,5,3,5,8,0,0
101052,0,0,0,0,0,0,0
9307239,3,1,2,2,3,0,0
8114,8,3,5,12,1,7,39
12223,3,2,1,1,0,3,14
112010,1,1,0,0,0,1,1
5190,10,7,3,7,1,9,31
101245,3,2,1,1,0,3,21
7300,5,1,4,7,0,5,9
107055,1,1,0,0,0,1,3
9802220,2,2,0,0,2,0,0
212101,0,0,0,0,0,0,0
9711325,2,2,0,0,0,2,7
103109,1,1,0,0,0,1,3
9809318,1,1,0,0,1,0,0
9803338,3,3,0,0,1,2,8
9030,0,0,0,0,0,0,0
9405317,1,1,0,0,1,0,0
203060,1,1,0,0,0,1,2
101266,4,2,2,3,0,4,22
203002,3,2,1,1,0,3,8
103078,2,1,1,1,0,2,4
5198,2,2,0,0,0,2,9
105045,1,1,0,0,0,1,21
9607320,2,1,1,1,1,1,1
205176,1,1,0,0,0,1,5
9804408,2,2,0,0,0,2,7
9601355,2,2,0,0,0,2,3
9806411,5,3,2,3,0,5,9
9902363,0,0,0,0,0,0,0
9604381,1,1,0,0,0,1,2
9812517,2,2,0,0,1,1,1
9906386,7,4,3,4,7,0,0
9503288,3,1,2,3,1,2,2
9504396,3,1,2,3,3,0,0
209364,3,3,0,0,3,0,0
101161,2,2,0,0,0,2,11
5023,0,0,0,0,0,0,0
9811342,4,3,1,1,1,3,4
2278,3,2,1,1,0,3,7
9307278,4,3,1,1,4,0,0
12257,2,1,1,1,0,2,4
12070,1,1,0,0,0,1,2
204272,1,1,0,0,0,1,1
207085,1,1,0,0,0,1,4
103332,3,3,0,0,0,3,27
9503420,4,4,0,0,4,0,0
9612434,1,1,0,0,0,1,1
5045,1,1,0,0,0,1,2
3230,0,0,0,0,0,0,0
9701340,3,2,1,1,1,2,2
203038,0,0,0,0,0,0,0
9901421,1,1,0,0,0,1,1
111379,4,3,1,1,0,4,24
102195,3,3,0,0,0,3,8
208121,3,2,1,1,0,3,27
12365,5,1,4,9,1,4,4
9607313,1,1,0,0,0,1,1
109124,1,1,0,0,0,1,7
9905510,1,1,0,0,1,0,0
9181,3,2,1,1,0,3,14
109256,10,4,6,8,0,10,74
9503272,1,1,0,0,0,1,3
9411226,5,4,1,2,5,0,0
9504383,2,2,0,0,0,2,10
210411,2,2,0,0,0,2,8
9305265,0,0,0,0,0,0,0
8270,2,2,0,0,0,2,11
9811336,2,1,1,1,0,2,2
9808240,1,1,0,0,1,0,0
208227,4,4,0,0,0,4,10
9806483,1,1,0,0,0,1,2
204287,3,2,1,1,0,3,8
209120,0,0,0,0,0,0,0
203185,0,0,0,0,0,0,0
9710430,0,0,0,0,0,0,0
202204,4,2,2,2,0,4,40
302005,0,0,0,0,0,0,0
9309308,1,1,0,0,1,0,0
9909446,3,1,2,2,0,3,12
210403,2,2,0,0,0,2,5
9405305,0,0,0,0,0,0,0
101147,0,0,0,0,0,0,0
211464,1,1,0,0,1,0,0
207287,6,3,3,4,0,6,96
9910410,3,1,2,3,1,2,32
103108,7,5,2,3,1,6,9
9911403,0,0,0,0,0,0,0
204128,4,2,2,4,0,4,25
203107,3,1,2,2,1,2,4
7171,0,0,0,0,0,0,0
9704284,0,0,0,0,0,0,0
9702391,0,0,0,0,0,0,0
201285,1,1,0,0,0,1,19
110338,2,1,1,1,0,2,3
211145,2,2,0,0,1,1,5
103273,2,1,1,1,0,2,6
9802309,0,0,0,0,0,0,0
205186,0,0,0,0,0,0,0
9511226,0,0,0,0,0,0,0
9701240,2,1,1,1,1,1,1
9708433,0,0,0,0,0,0,0
9705408,7,1,6,12,7,0,0
9410396,0,0,0,0,0,0,0
9505316,0,0,0,0,0,0,0
9804435,1,1,0,0,1,0,0
210116,0,0,0,0,0,0,0
9209233,1,1,0,0,0,1,1
9907251,1,1,0,0,0,1,3
209322,2,2,0,0,0,2,2
9907438,1,1,0,0,0,1,1
108149,3,1,2,2,0,3,6
111081,0,0,0,0,0,0,0
9301275,2,1,1,1,2,0,0
9708281,2,2,0,0,1,1,1
101116,1,1,0,0,0,1,4
9809382,0,0,0,0,0,0,0
8030,1,1,0,0,0,1,3
9704306,1,1,0,0,0,1,2
2180,0,0,0,0,0,0,0
9611345,3,1,2,2,3,0,0
212331,2,2,0,0,0,2,17
9610452,0,0,0,0,0,0,0
207103,0,0,0,0,0,0,0
101130,0,0,0,0,0,0,0
201311,2,2,0,0,1,1,4
6264,2,2,0,0,1,1,3
9706465,0,0,0,0,0,0,0
7204,0,0,0,0,0,0,0
9901344,3,3,0,0,0,3,10
9710320,0,0,0,0,0,0,0
9912202,2,1,1,1,0,2,4
9712521,0,0,0,0,0,0,0
9712539,1,1,0,0,1,0,0
9906496,0,0,0,0,0,0,0
9909347,1,1,0,0,0,1,5
9311354,1,1,0,0,1,0,0
109107,0,0,0,0,0,0,0
7193,3,1,2,3,0,3,3
109187,0,0,0,0,0,0,0
9910279,2,1,1,1,0,2,10
203161,4,2,2,3,0,4,57
9909351,0,0,0,0,0,0,0
3016,1,1,0,0,1,0,0
209284,0,0,0,0,0,0,0
10282,2,1,1,1,0,2,8
9810379,0,0,0,0,0,0,0
9404320,0,0,0,0,0,0,0
210165,2,1,1,1,0,2,14
9808402,0,0,0,0,0,0,0
211340,1,1,0,0,0,1,5
9809576,2,1,1,1,0,2,24
201212,1,1,0,0,0,1,2
106301,3,2,1,1,0,3,11
9807240,3,3,0,0,1,2,2
9809434,1,1,0,0,1,0,0
9905490,1,1,0,0,0,1,1
107043,1,1,0,0,0,1,1
9233,0,0,0,0,0,0,0
9807530,0,0,0,0,0,0,0
12340,2,2,0,0,0,2,15
9803280,2,1,1,1,0,2,4
9806341,0,0,0,0,0,0,0
9807392,0,0,0,0,0,0,0
111143,0,0,0,0,0,0,0
204297,0,0,0,0,0,0,0
9809569,0,0,0,0,0,0,0
9606376,0,0,0,0,0,0,0
9910377,1,1,0,0,0,1,1
9902277,1,1,0,0,0,1,4
112154,2,2,0,0,0,2,14
9902281,0,0,0,0,0,0,0
201155,2,1,1,1,0,2,14
9704270,0,0,0,0,0,0,0
210214,1,1,0,0,1,0,0
9805511,0,0,0,0,0,0,0
7163,3,2,1,1,0,3,42
102092,1,1,0,0,1,0,0
208213,1,1,0,0,0,1,2
9902414,1,1,0,0,0,1,4
212083,1,1,0,0,0,1,3
204068,1,1,0,0,0,1,43
3137,0,0,0,0,0,0,0
212279,1,1,0,0,0,1,6
301118,0,0,0,0,0,0,0
112301,0,0,0,0,0,0,0
110218,1,1,0,0,0,1,6
111177,1,1,0,0,1,0,0
110198,0,0,0,0,0,0,0
9811429,0,0,0,0,0,0,0
9905274,0,0,0,0,0,0,0
9710471,0,0,0,0,0,0,0
301007,0,0,0,0,0,0,0
9908506,1,1,0,0,0,1,3
9503471,1,1,0,0,0,1,2
301131,2,1,1,1,0,2,4
301223,0,0,0,0,0,0,0
109208,1,1,0,0,1,0,0
209261,0,0,0,0,0,0,0
111153,0,0,0,0,0,0,0
112268,3,3,0,0,0,3,13
112047,0,0,0,0,0,0,0
204110,0,0,0,0,0,0,0
9710325,0,0,0,0,0,0,0
1118,0,0,0,0,0,0,0
112309,1,1,0,0,0,1,1
9811391,1,1,0,0,1,0,0
9312321,1,1,0,0,1,0,0
9705281,0,0,0,0,0,0,0
110025,1,1,0,0,0,1,5
9307358,0,0,0,0,0,0,0
9502303,1,1,0,0,1,0,0
9310354,0,0,0,0,0,0,0
9601272,1,1,0,0,0,1,2
9806447,1,1,0,0,0,1,3
9902461,1,1,0,0,0,1,7
9311201,1,1,0,0,1,0,0
112064,0,0,0,0,0,0,0
203018,0,0,0,0,0,0,0
302016,0,0,0,0,0,0,0
5237,1,1,0,0,1,0,0
9312328,3,2,1,2,3,0,0
12366,0,0,0,0,0,0,0
207237,4,4,0,0,0,4,13
9308306,2,1,1,1,2,0,0
9812291,1,1,0,0,0,1,1
9602367,0,0,0,0,0,0,0
9311330,0,0,0,0,0,0,0
9307346,1,1,0,0,1,0,0
105264,1,1,0,0,0,1,1
9608285,0,0,0,0,0,0,0
9912300,0,0,0,0,0,0,0
9609228,1,1,0,0,0,1,1
9907403,0,0,0,0,0,0,0
211387,0,0,0,0,0,0,0
9812293,0,0,0,0,0,0,0
204247,0,0,0,0,0,0,0
112002,0,0,0,0,0,0,0
9902421,0,0,0,0,0,0,0
9407262,0,0,0,0,0,0,0
9708493,0,0,0,0,0,0,0
9608208,1,1,0,0,0,1,1
10189,0,0,0,0,0,0,0
106142,0,0,0,0,0,0,0
108164,0,0,0,0,0,0,0
9910463,0,0,0,0,0,0,0
203248,1,1,0,0,0,1,4
11300,2,2,0,0,0,2,13
9602252,0,0,0,0,0,0,0
9806446,0,0,0,0,0,0,0
9610347,0,0,0,0,0,0,0
212289,0,0,0,0,0,0,0
203152,0,0,0,0,0,0,0
9912258,0,0,0,0,0,0,0
9507390,0,0,0,0,0,0,0
207203,0,0,0,0,0,0,0
302209,0,0,0,0,0,0,0
12164,1,1,0,0,0,1,4
201178,0,0,0,0,0,0,0
1165,0,0,0,0,0,0,0
9904224,0,0,0,0,0,0,0
1197,0,0,0,0,0,0,0
210367,1,1,0,0,0,1,5
209096,0,0,0,0,0,0,0
208074,1,1,0,0,0,1,1
9810395,0,0,0,0,0,0,0
207065,0,0,0,0,0,0,0
9701302,0,0,0,0,0,0,0
9405333,1,1,0,0,1,0,0
105322,0,0,0,0,0,0,0
9604293,0,0,0,0,0,0,0
108248,1,1,0,0,0,1,3
9708289,0,0,0,0,0,0,0
9706433,0,0,0,0,0,0,0
9908215,0,0,0,0,0,0,0
9610386,0,0,0,0,0,0,0
9909557,0,0,0,0,0,0,0
9211275,0,0,0,0,0,0,0
102328,0,0,0,0,0,0,0
9706222,0,0,0,0,0,0,0
9406229,0,0,0,0,0,0,0
9812533,0,0,0,0,0,0,0
208183,0,0,0,0,0,0,0
211242,0,0,0,0,0,0,0
9709464,0,0,0,0,0,0,0
9710207,0,0,0,0,0,0,0
1131,0,0,0,0,0,0,0
3244,1,1,0,0,0,1,13
208008,0,0,0,0,0,0,0
9312290,0,0,0,0,0,0,0
10340,1,1,0,0,1,0,0
206176,0,0,0,0,0,0,0
302220,0,0,0,0,0,0,0
112097,0,0,0,0,0,0,0
9809518,0,0,0,0,0,0,0
301135,0,0,0,0,0,0,0
210264,0,0,0,0,0,0,0
4265,0,0,0,0,0,0,0
302065,0,0,0,0,0,0,0
12130,0,0,0,0,0,0,0
211184,0,0,0,0,0,0,0
201145,0,0,0,0,0,0,0
9510411,0,0,0,0,0,0,0
9311218,0,0,0,0,0,0,0
9804225,0,0,0,0,0,0,0
210018,0,0,0,0,0,0,0
9802263,0,0,0,0,0,0,0
302008,0,0,0,0,0,0,0
206213,0,0,0,0,0,0,0
9810521,0,0,0,0,0,0,0
201084,0,0,0,0,0,0,0
110006,2,1,1,1,0,2,5
5231,0,0,0,0,0,0,0
112105,1,1,0,0,0,1,9
9505374,1,1,0,0,1,0,0
302235,0,0,0,0,0,0,0
9905513,0,0,0,0,0,0,0
103191,0,0,0,0,0,0,0
9406415,0,0,0,0,0,0,0
212281,0,0,0,0,0,0,0
9510298,2,2,0,0,2,0,0
9512261,0,0,0,0,0,0,0
9411393,0,0,0,0,0,0,0
203196,0,0,0,0,0,0,0
9405219,0,0,0,0,0,0,0
206227,0,0,0,0,0,0,0
9907402,0,0,0,0,0,0,0
212152,0,0,0,0,0,0,0
210177,0,0,0,0,0,0,0
9906531,0,0,0,0,0,0,0
9508226,1,1,0,0,0,1,1
210144,0,0,0,0,0,0,0
205137,0,0,0,0,0,0,0
207233,0,0,0,0,0,0,0
9706517,0,0,0,0,0,0,0
9608238,0,0,0,0,0,0,0
9808310,0,0,0,0,0,0,0
9607235,0,0,0,0,0,0,0
9807285,0,0,0,0,0,0,0
105020,0,0,0,0,0,0,0
9604447,0,0,0,0,0,0,0
211407,0,0,0,0,0,0,0
9906534,0,0,0,0,0,0,0
9905389,0,0,0,0,0,0,0
301222,0,0,0,0,0,0,0
302033,0,0,0,0,0,0,0
105243,0,0,0,0,0,0,0
9706321,0,0,0,0,0,0,0
211254,0,0,0,0,0,0,0
9607231,0,0,0,0,0,0,0
111455,0,0,0,0,0,0,0
206048,0,0,0,0,0,0,0
301103,0,0,0,0,0,0,0
209092,0,0,0,0,0,0,0
107289,0,0,0,0,0,0,0
9908403,0,0,0,0,0,0,0
11126,0,0,0,0,0,0,0
111219,0,0,0,0,0,0,0
9710497,0,0,0,0,0,0,0
9506257,7,6,1,1,6,1,1
112008,2,2,0,0,0,2,11
6357,1,1,0,0,0,1,3
9607366,41,5,36,203,20,21,31
9207222,18,3,15,44,18,0,0
9405259,49,7,42,243,17,32,40
9508272,24,6,18,51,3,21,162
9807238,10,2,8,19,0,10,27
9903230,39,2,37,190,3,36,302
9509329,33,8,25,61,1,32,409
9510383,2,1,1,1,0,2,5
9505409,45,9,36,120,32,13,20
9405322,36,11,25,70,30,6,6
104199,7,3,4,5,0,7,44
9302291,17,10,7,21,17,0,0
9608460,20,1,19,97,0,20,43
9712394,12,1,11,22,4,8,18
6035,8,3,5,11,0,8,18
103159,4,2,2,2,1,3,5
9601217,3,2,1,1,0,3,6
9903287,1,1,0,0,0,1,3
9304230,18,4,14,30,18,0,0
9505326,75,15,60,270,4,71,438
9309248,30,6,24,55,23,7,7
110340,8,5,3,5,1,7,41
9606306,0,0,0,0,0,0,0
9403373,4,1,3,4,4,0,0
9309298,36,15,21,37,12,24,39
9506256,48,4,44,235,4,44,121
9511261,9,2,7,11,0,9,28
9407247,150,6,144,1357,150,0,0
9501220,10,4,6,10,5,5,8
2096,8,4,4,6,0,8,103
9712290,138,7,131,1136,138,0,0
9811379,58,8,50,228,0,58,347
9808205,166,14,152,897,27,139,636
9507352,23,12,11,19,9,14,33
9602333,24,5,19,56,5,19,68
9810542,10,5,5,8,0,10,50
9907532,59,11,48,206,5,54,385
9802445,93,13,80,322,57,36,58
9505281,27,6,21,66,19,8,14
9811201,30,4,26,121,1,29,170
9810448,3,2,1,1,2,1,1
9403311,31,3,28,109,30,1,2
9709473,51,15,36,80,18,33,75
9711358,7,7,0,0,2,5,14
2149,38,7,31,111,5,33,295
9811427,24,4,20,95,5,19,45
9612400,2,1,1,1,0,2,6
9706212,15,3,12,29,1,14,21
9307279,15,3,12,48,15,0,0
9211207,3,2,1,2,3,0,0
9710403,16,1,15,48,1,15,58
9703261,2,2,0,0,0,2,4
9602399,4,4,0,0,1,3,3
9707435,80,12,68,306,17,63,366
9408224,84,5,79,826,81,3,3
9403288,16,1,15,71,7,9,9
9803308,11,4,7,8,2,9,48
109113,18,6,12,25,0,18,104
103040,7,5,2,3,3,4,11
9507460,43,5,38,223,3,40,285
9711428,38,4,34,107,0,38,155
9407226,18,6,12,24,13,5,7
9805442,35,1,34,159,4,31,75
9607225,78,9,69,450,5,73,350
9703246,36,2,34,88,1,35,271
9711264,21,6,15,36,0,21,208
9409243,36,3,33,163,7,29,39
9901409,15,7,8,11,1,14,98
105066,11,4,7,13,2,9,52
9705235,65,6,59,238,1,64,564
9605221,46,2,44,242,4,42,106
110093,2,1,1,1,0,2,14
9903477,18,6,12,19,3,15,40
105073,5,4,1,1,1,4,4
1093,25,8,17,46,1,24,61
9311366,57,8,49,257,50,7,7
9405352,92,8,84,569,74,18,18
9607473,32,5,27,98,4,28,48
9506264,40,9,31,122,11,29,86
9711248,29,8,21,54,3,26,86
9903294,63,3,60,602,0,63,667
9406288,32,9,23,57,3,29,73
9506278,14,1,13,40,0,14,76
9803408,14,6,8,12,6,8,8
9411307,27,3,24,85,9,18,43
9707323,23,7,16,41,15,8,36
9403226,68,5,63,658,18,50,118
9506266,5,2,3,5,5,0,0
9608491,53,8,45,337,9,44,58
9801352,14,5,9,25,7,7,11
9712371,12,2,10,30,3,9,17
9602363,47,13,34,103,15,32,72
9806317,22,4,18,45,0,22,101
9611355,5,2,3,4,3,2,2
9506203,6,3,3,3,4,2,3
9305327,6,4,2,2,6,0,0
9208220,12,5,7,15,12,0,0
9505219,70,12,58,215,70,0,0
9905550,42,2,40,182,0,42,272
9605465,50,12,38,135,3,47,364
9704325,34,3,31,177,7,27,70
9212289,12,6,6,16,12,0,0
9212305,74,14,60,262,74,0,0
9811448,163,13,150,1177,3,160,975
9612250,18,10,8,13,0,18,93
9902443,46,8,38,120,10,36,132
9510408,99,14,85,467,7,92,392
9604327,14,4,10,25,5,9,9
9308232,61,7,54,215,50,11,23
9607303,52,14,38,133,8,44,209
9508202,67,7,60,416,47,20,25
9907545,26,8,18,50,1,25,186
9508353,14,5,9,20,14,0,0
101251,5,4,1,1,1,4,17
9709417,17,1,16,79,1,16,104
9711214,4,2,2,3,1,3,5
9208249,43,6,37,114,43,0,0
9801442,21,2,19,45,10,11,26
9905310,47,8,39,134,4,43,283
9506218,1,1,0,0,1,0,0
9709429,3,2,1,1,3,0,0
9058,22,11,11,24,1,21,277
9905448,31,2,29,190,0,31,214
6106,8,6,2,3,0,8,55
9411210,12,5,7,12,4,8,19
9412257,22,1,21,81,0,22,22
3199,25,6,19,51,0,25,184
9811347,4,2,2,2,0,4,28
210134,3,2,1,1,0,3,18
9906265,25,4,21,57,0,25,276
9510377,22,7,15,37,2,20,185
9801353,26,2,24,70,0,26,85
9606386,48,13,35,99,6,42,236
9512229,15,11,4,6,0,15,105
9503443,78,8,70,439,15,63,117
9806413,37,4,33,147,1,36,123
9207247,5,5,0,0,5,0,0
9606241,23,2,21,79,9,14,38
9806213,23,3,20,50,0,23,170
9505322,11,8,3,6,4,7,13
9608275,19,4,15,33,0,19,161
9707511,8,4,4,5,0,8,17
9407362,5,4,1,1,2,3,10
9607485,56,6,50,193,4,52,217
9908529,28,6,22,75,2,26,51
9809572,54,13,41,261,1,53,395
9612209,6,6,0,0,4,2,2
9904297,24,9,15,26,2,22,99
9709485,10,3,7,15,6,4,4
9404362,11,3,8,20,11,0,0
9711330,4,2,2,2,4,0,0
9803470,5,4,1,2,0,5,12
9302307,108,20,88,600,97,11,11
9701344,6,4,2,2,3,3,20
9903293,6,3,3,5,1,5,21
9703220,54,5,49,178,4,50,192
9406286,15,5,10,20,8,7,33
9310380,8,2,6,15,8,0,0
9408406,91,5,86,603,69,22,25
9712359,17,3,14,28,1,16,107
9311228,47,17,30,96,0,47,174
8269,13,8,5,5,0,13,76
9910242,50,9,41,118,50,0,0
9407214,13,4,9,49,0,13,75
112102,56,10,46,120,1,55,125
9609212,12,9,3,4,1,11,58
102255,29,3,26,171,2,27,261
3187,25,6,19,66,0,25,198
5021,6,3,3,3,0,6,24
9606477,37,9,28,113,8,29,61
9902352,13,4,9,16,3,10,23
9407351,13,1,12,24,5,8,11
8183,5,3,2,2,0,5,28
102288,17,3,14,36,1,16,44
9911248,38,8,30,89,14,24,68
9508325,102,34,68,131,73,29,41
9608398,8,4,4,5,2,6,10
9803406,3,2,1,1,0,3,10
9911232,7,3,4,7,7,0,0
9809367,16,2,14,48,1,15,28
9801229,21,7,14,48,8,13,21
9302228,12,5,7,15,12,0,0
9710323,16,5,11,19,2,14,61
5221,8,7,1,1,0,8,53
2169,1,1,0,0,0,1,1
10051,3,2,1,2,0,3,35
8151,7,6,1,1,0,7,61
205194,0,0,0,0,0,0,0
103032,46,7,39,175,1,45,634
9505396,3,3,0,0,3,0,0
211144,2,2,0,0,1,1,7
110315,8,6,2,2,1,7,35
102237,3,2,1,1,0,3,18
9906338,6,1,5,11,0,6,64
9907471,4,3,1,1,0,4,5
107057,14,3,11,38,0,14,126
110235,3,1,2,2,0,3,6
9804354,29,5,24,81,8,21,25
9802216,4,2,2,2,1,3,8
9411299,22,12,10,26,10,12,30
104113,2,2,0,0,0,2,18
9232,22,4,18,81,0,22,156
9401313,1,1,0,0,0,1,1
9510342,24,3,21,68,8,16,21
104051,9,5,4,11,0,9,64
102096,1,1,0,0,0,1,7
9601311,15,5,10,17,7,8,17
9207269,34,5,29,123,34,0,0
9909231,5,4,1,1,0,5,14
9904450,8,2,6,11,0,8,34
9505384,14,5,9,16,0,14,42
105103,12,4,8,23,0,12,184
9073,6,2,4,7,0,6,124
9704277,50,8,42,147,6,44,98
109088,6,4,2,2,0,6,22
9801433,5,2,3,4,3,2,2
9605363,8,1,7,12,2,6,6
9701229,71,5,66,450,0,71,366
9701236,21,9,12,41,7,14,40
9602374,85,20,65,264,0,85,777
9602223,74,2,72,320,1,73,277
9401340,4,3,1,1,1,3,4
9506450,8,7,1,1,2,6,20
9712486,4,1,3,3,1,3,7
9503467,11,4,7,8,7,4,7
9501240,38,4,34,128,33,5,6
9612322,16,3,13,32,0,16,46
105053,15,3,12,31,0,15,93
9809437,11,3,8,17,1,10,43
9707395,59,6,53,409,1,58,385
9403261,9,5,4,5,4,5,5
9709431,1,1,0,0,0,1,7
9809243,9,3,6,7,0,9,29
9312279,41,8,33,132,41,0,0
3324,6,6,0,0,2,4,11
9503209,33,2,31,166,33,0,0
9808463,37,3,34,187,0,37,179
9407285,4,3,1,1,3,1,1
9503347,2,1,1,1,0,2,2
9303237,13,6,7,12,13,0,0
9708237,19,7,12,24,17,2,3
9710508,12,3,9,16,0,12,66
9502323,30,13,17,34,1,29,103
9610238,11,3,8,17,1,10,66
9207265,36,11,25,59,36,0,0
9811247,7,2,5,7,1,6,21
9901453,7,3,4,6,0,7,56
9710462,6,3,3,4,5,1,1
9507291,4,4,0,0,0,4,30
9807258,23,9,14,28,1,22,70
9801252,20,4,16,61,0,20,177
9511263,20,7,13,30,9,11,56
9703424,8,4,4,5,4,4,8
9412345,23,7,16,37,11,12,21
9508270,1,1,0,0,0,1,1
9703328,4,2,2,2,0,4,19
9707524,3,1,2,3,3,0,0
9710392,13,5,8,14,1,12,91
9606335,3,3,0,0,1,2,3
9506317,73,2,71,550,6,67,140
9709286,17,2,15,63,0,17,287
9405225,18,5,13,33,2,16,28
9508405,7,1,6,6,0,7,17
9402221,24,5,19,94,22,2,2
9911273,22,5,17,42,0,22,255
9311332,29,4,25,87,29,0,0
108166,10,3,7,12,2,8,26
9812307,9,3,6,11,3,6,10
105204,14,4,10,29,0,14,55
7181,29,8,21,74,0,29,281
9704326,4,3,1,1,1,3,11
9412319,30,4,26,163,1,29,151
9410235,22,5,17,23,3,19,74
9901406,21,10,11,18,4,17,57
110159,3,3,0,0,1,2,4
112110,18,2,16,76,8,10,13
9704375,9,5,4,6,1,8,14
9303287,13,6,7,17,13,0,0
9310359,2,1,1,1,2,0,0
9602380,4,4,0,0,2,2,17
9910332,8,5,3,4,1,7,19
9905278,4,2,2,2,0,4,23
9803367,4,3,1,1,2,2,4
9604413,3,1,2,3,3,0,0
9310262,3,1,2,2,3,0,0
9807375,15,4,11,56,1,14,41
9410400,22,7,15,61,3,19,36
9307238,6,1,5,6,6,0,0
106314,3,3,0,0,3,0,0
1212,11,1,10,21,0,11,93
9908254,12,4,8,17,2,10,30
9911365,8,6,2,3,0,8,55
9911522,8,5,3,7,0,8,47
104189,4,3,1,1,0,4,9
2193,16,8,8,10,0,16,102
9812269,19,3,16,51,2,17,60
9709320,12,4,8,17,2,10,21
9511345,13,6,7,12,0,13,67
2267,50,16,34,100,30,20,22
210145,4,3,1,1,0,4,29
9610297,13,3,10,22,0,13,25
9811333,2,1,1,1,0,2,2
9905486,10,1,9,26,0,10,73
9505434,7,4,3,4,6,1,1
111140,5,4,1,1,0,5,31
9704249,26,5,21,110,1,25,107
9802447,7,7,0,0,4,3,11
9612349,4,2,2,2,1,3,90
8033,7,5,2,2,7,0,0
105235,3,1,2,3,0,3,12
9601261,3,3,0,0,0,3,11
9312339,5,2,3,3,5,0,0
9805240,5,2,3,4,0,5,13
9705251,63,3,60,358,3,60,98
9610549,30,3,27,100,8,22,31
9907245,14,4,10,23,2,12,42
9803301,20,2,18,53,9,11,18
3305,6,6,0,0,0,6,14
9501250,1,1,0,0,0,1,2
9401288,21,3,18,55,16,5,5
107144,10,4,6,11,0,10,174
9304262,5,4,1,2,1,4,4
9804377,21,5,16,32,0,21,175
2118,0,0,0,0,0,0,0
9902305,4,1,3,6,3,1,1
9710526,14,2,12,26,0,14,77
111107,16,6,10,25,0,16,71
9801266,2,2,0,0,1,1,6
111172,7,2,5,6,0,7,18
109257,6,2,4,10,3,3,3
9512234,18,4,14,30,3,15,20
9204231,6,1,5,7,6,0,0
9504420,6,4,2,2,0,6,13
9801422,2,1,1,1,0,2,16
5158,9,5,4,6,0,9,37
102052,5,3,2,2,1,4,9
108145,16,3,13,42,0,16,63
104200,21,4,17,56,2,19,171
9610502,0,0,0,0,0,0,0
9610362,12,3,9,11,0,12,43
9409442,14,4,10,16,8,6,7
110098,4,1,3,3,0,4,29
104141,7,3,4,6,0,7,153
9508257,1,1,0,0,0,1,1
9706284,5,3,2,3,0,5,13
9306264,17,3,14,40,0,17,32
9611240,1,1,0,0,0,1,2
9604270,10,3,7,15,3,7,28
9804208,13,3,10,22,2,11,28
9605344,0,0,0,0,0,0,0
9603389,9,4,5,9,4,5,7
210251,4,4,0,0,0,4,62
2012,1,1,0,0,0,1,3
9210244,12,4,8,23,12,0,0
9810307,15,2,13,45,0,15,58
9701330,35,3,32,106,0,35,118
9609207,24,7,17,56,1,23,72
9903354,35,14,21,48,1,34,192
204291,9,2,7,14,0,9,50
8314,2,1,1,1,0,2,5
110249,18,5,13,32,3,15,146
9908381,5,3,2,2,1,4,31
6038,0,0,0,0,0,0,0
107039,51,3,48,332,0,51,348
9909378,8,4,4,5,6,2,11
6005,19,3,16,71,0,19,48
10015,13,11,2,3,8,5,15
9907521,11,3,8,13,0,11,47
202247,27,6,21,40,1,26,178
10068,3,2,1,2,0,3,6
9712523,6,3,3,3,3,3,4
204112,4,1,3,5,0,4,57
9501251,27,3,24,84,9,18,28
9710514,4,2,2,3,3,1,1
9405308,18,5,13,62,17,1,2
9708290,7,3,4,6,2,5,7
9910492,28,13,15,23,3,25,135
106230,9,5,4,5,0,9,40
9709354,32,5,27,75,3,29,86
9807567,16,5,11,37,3,13,13
9508264,14,3,11,27,5,9,10
9606282,7,1,6,12,1,6,19
9506386,6,2,4,6,6,0,0
9808375,6,2,4,6,0,6,56
9309246,9,6,3,7,2,7,15
203224,5,3,2,2,1,4,17
9610375,1,1,0,0,0,1,3
9506329,11,2,9,23,2,9,25
9309208,2,2,0,0,2,0,0
9203,3,2,1,1,0,3,14
101100,2,2,0,0,0,2,3
9711454,4,2,2,2,1,3,15
9911324,2,1,1,1,1,1,2
104245,12,2,10,25,0,12,152
12196,4,3,1,1,0,4,32
9402248,5,2,3,5,5,0,0
9712384,5,3,2,3,0,5,14
9808245,1,1,0,0,0,1,3
6084,3,3,0,0,0,3,10
9801383,8,3,5,6,3,5,8
9711352,3,3,0,0,0,3,23
8294,16,2,14,25,1,15,184
9512242,3,3,0,0,1,2,9
9807558,3,2,1,1,0,3,5
9708265,5,1,4,6,0,5,9
9610304,21,5,16,78,10,11,12
9809251,6,3,3,4,0,6,29
9304238,1,1,0,0,1,0,0
9808423,6,2,4,6,1,5,13
9805468,10,7,3,4,1,9,18
210399,1,1,0,0,0,1,3
9912213,1,1,0,0,1,0,0
210219,1,1,0,0,0,1,2
9810370,13,9,4,6,1,12,32
9605289,2,1,1,1,2,0,0
9706462,6,2,4,6,0,6,42
209109,4,2,2,3,0,4,4
9712273,10,5,5,7,3,7,32
9510277,9,1,8,22,0,9,20
103164,8,5,3,3,3,5,14
9311265,9,7,2,5,6,3,3
9907574,1,1,0,0,0,1,3
9406406,9,1,8,17,0,9,62
9808306,4,1,3,4,0,4,7
9602357,8,5,3,3,3,5,5
9212304,1,1,0,0,1,0,0
9508259,34,3,31,108,0,34,63
111377,4,3,1,1,0,4,25
105320,2,2,0,0,0,2,8
102071,18,8,10,19,1,17,66
9708458,1,1,0,0,0,1,1
9904233,8,6,2,3,0,8,43
9203224,3,2,1,1,3,0,0
9907553,8,4,4,5,0,8,41
9510369,2,2,0,0,1,1,3
9505278,1,1,0,0,1,0,0
9909445,4,1,3,3,0,4,24
108026,6,1,5,8,0,6,11
9407282,15,2,13,43,15,0,0
9809493,3,2,1,1,0,3,10
9306327,1,1,0,0,1,0,0
101018,4,4,0,0,4,0,0
9407341,4,3,1,1,2,2,2
7005,21,5,16,67,0,21,180
9407288,9,4,5,7,9,0,0
9711438,6,1,5,9,0,6,6
101004,2,2,0,0,0,2,11
9909393,13,6,7,17,0,13,37
9908431,1,1,0,0,0,1,1
106104,4,3,1,1,0,4,56
9910342,5,3,2,2,0,5,22
205246,5,2,3,4,0,5,67
110073,3,2,1,1,0,3,34
11033,0,0,0,0,0,0,0
9079,3,1,2,2,3,0,0
9708279,4,1,3,5,4,0,0
9703268,19,3,16,77,0,19,74
9708250,3,3,0,0,1,2,4
6103,9,6,3,5,2,7,31
9805467,10,5,5,14,0,10,13
9706488,2,2,0,0,1,1,1
9602259,13,3,10,14,6,7,8
9805500,12,7,5,13,1,11,75
9609501,1,1,0,0,0,1,6
9808341,5,5,0,0,0,5,45
110328,1,1,0,0,0,1,3
9411230,2,1,1,1,2,0,0
9611206,9,1,8,13,1,8,16
9909434,2,2,0,0,2,0,0
9706530,26,10,16,32,3,23,125
9307337,11,5,6,12,11,0,0
9903299,9,4,5,7,1,8,31
9803403,7,3,4,7,0,7,20
9703451,1,1,0,0,0,1,1
207344,2,2,0,0,0,2,10
9407255,1,1,0,0,1,0,0
5197,16,6,10,31,11,5,14
12158,2,1,1,1,2,0,0
107060,8,4,4,6,0,8,54
9902233,10,3,7,17,1,9,20
9607222,11,2,9,29,0,11,100
9706350,9,3,6,9,2,7,7
9306232,6,3,3,3,6,0,0
207348,14,4,10,28,0,14,138
206304,13,2,11,38,0,13,137
9303259,17,4,13,30,17,0,0
212125,0,0,0,0,0,0,0
1150,6,2,4,5,2,4,5
9803478,3,2,1,1,2,1,1
107163,7,1,6,10,0,7,61
9707396,0,0,0,0,0,0,0
210027,4,3,1,1,1,3,39
9901431,15,7,8,17,1,14,53
9406317,14,3,11,27,2,12,12
9310368,3,2,1,1,2,1,2
12004,7,4,3,4,0,7,26
9703387,9,3,6,12,0,9,25
9806505,7,3,4,10,0,7,46
9511384,4,3,1,1,2,2,2
209177,2,1,1,1,0,2,46
9302314,4,3,1,1,2,2,2
9706406,3,2,1,1,0,3,13
9905498,4,4,0,0,1,3,4
10053,0,0,0,0,0,0,0
9711304,2,2,0,0,1,1,1
106045,4,1,3,4,0,4,58
9166,0,0,0,0,0,0,0
9510274,2,2,0,0,2,0,0
9705379,1,1,0,0,1,0,0
4237,15,5,10,10,0,15,18
9702254,0,0,0,0,0,0,0
9604385,4,1,3,5,0,4,5
9607276,4,1,3,4,0,4,4
110049,4,2,2,2,0,4,58
9151,6,2,4,5,0,6,11
9302308,2,1,1,1,2,0,0
9806220,1,1,0,0,0,1,3
12309,1,1,0,0,0,1,4
209147,3,2,1,1,1,2,5
9807426,18,2,16,81,0,18,49
203270,16,2,14,37,0,16,142
106012,57,16,41,105,0,57,654
105046,3,2,1,1,0,3,28
9503206,5,4,1,1,5,0,0
9609476,6,2,4,8,1,5,5
210258,2,1,1,1,0,2,14
9412258,0,0,0,0,0,0,0
3087,8,5,3,3,1,7,26
5322,3,3,0,0,2,1,1
104008,6,6,0,0,2,4,5
9812459,7,4,3,8,0,7,35
107279,3,2,1,1,0,3,32
9711323,4,2,2,4,0,4,4
9507411,1,1,0,0,1,0,0
206072,4,2,2,4,0,4,124
9610520,2,1,1,1,0,2,4
9409286,7,6,1,1,0,7,7
9212230,4,3,1,2,1,3,3
9606236,2,2,0,0,1,1,1
9710297,1,1,0,0,0,1,1
9512258,11,4,7,15,0,11,38
9712395,10,2,8,16,0,10,49
9611411,2,2,0,0,1,1,3
9506348,1,1,0,0,0,1,2
9404222,0,0,0,0,0,0,0
9904477,9,3,6,13,0,9,73
9711326,3,2,1,1,0,3,31
9906273,6,2,4,8,1,5,17
9707539,2,1,1,1,0,2,2
205101,1,1,0,0,0,1,2
9609465,1,1,0,0,0,1,3
9905457,0,0,0,0,0,0,0
9611342,0,0,0,0,0,0,0
9811442,3,2,1,1,0,3,26
9511286,2,2,0,0,2,0,0
9702327,8,2,6,17,0,8,15
9805455,2,1,1,1,1,1,1
108156,2,2,0,0,1,1,2
9903332,4,2,2,2,0,4,6
9502319,4,3,1,1,1,3,3
9905302,6,4,2,3,0,6,12
9407216,6,3,3,6,6,0,0
9706376,4,2,2,4,4,0,0
211264,2,2,0,0,0,2,13
9910300,3,2,1,1,1,2,3
10081,7,4,3,4,0,7,40
12202,3,3,0,0,2,1,3
211108,2,2,0,0,0,2,19
103261,9,7,2,2,0,9,53
206122,11,5,6,9,0,11,97
103086,7,3,4,5,0,7,50
12310,1,1,0,0,0,1,2
204014,4,4,0,0,0,4,23
206203,3,3,0,0,1,2,5
9503283,1,1,0,0,0,1,2
110263,4,1,3,4,0,4,36
9606274,6,1,5,8,0,6,82
9212265,8,5,3,5,8,0,0
209072,1,1,0,0,0,1,5
9406426,3,3,0,0,1,2,2
9509342,6,3,3,5,1,5,9
9306301,8,3,5,5,8,0,0
9807331,2,2,0,0,1,1,4
9410394,3,1,2,3,3,0,0
101150,4,2,2,2,0,4,17
9711272,7,4,3,3,0,7,24
206027,0,0,0,0,0,0,0
202113,1,1,0,0,0,1,3
107282,6,3,3,3,0,6,23
109278,0,0,0,0,0,0,0
9507251,5,4,1,1,0,5,16
9805295,4,3,1,1,1,3,24
9712440,4,3,1,1,0,4,22
6145,10,2,8,14,2,8,19
9711318,10,4,6,16,1,9,51
111285,2,2,0,0,1,1,9
9708389,2,2,0,0,0,2,4
9210275,1,1,0,0,1,0,0
9702285,6,5,1,1,3,3,3
9905529,3,3,0,0,0,3,9
9906205,9,4,5,15,0,9,28
108091,2,1,1,1,1,1,1
9906390,1,1,0,0,0,1,1
9411387,5,3,2,3,4,1,1
9708407,1,1,0,0,0,1,2
9807403,3,2,1,1,3,0,0
111334,0,0,0,0,0,0,0
9410223,3,3,0,0,3,0,0
9502358,2,2,0,0,2,0,0
3069,0,0,0,0,0,0,0
208030,0,0,0,0,0,0,0
9304283,11,3,8,21,11,0,0
9706362,4,4,0,0,0,4,44
9302245,1,1,0,0,1,0,0
204327,2,2,0,0,1,1,1
111368,0,0,0,0,0,0,0
211001,9,4,5,7,0,9,104
9703256,8,3,5,7,6,2,3
104290,6,3,3,3,0,6,22
210146,6,4,2,5,0,6,79
9501377,1,1,0,0,1,0,0
3161,13,1,12,44,0,13,97
107187,4,1,3,4,0,4,51
107149,6,3,3,3,0,6,7
9505204,4,1,3,4,1,3,9
8006,5,1,4,6,0,5,64
109058,8,2,6,7,0,8,94
9801230,9,4,5,6,0,9,60
110326,2,2,0,0,1,1,13
9704409,2,2,0,0,2,0,0
9703392,3,3,0,0,2,1,1
2301,1,1,0,0,0,1,6
107012,4,3,1,1,0,4,17
9911513,3,3,0,0,3,0,0
5330,0,0,0,0,0,0,0
9905394,8,4,4,5,4,4,7
9911464,4,2,2,2,0,4,21
6133,1,1,0,0,0,1,2
9807368,0,0,0,0,0,0,0
108028,1,1,0,0,0,1,4
9806334,3,3,0,0,2,1,1
9810375,1,1,0,0,0,1,3
11283,4,3,1,1,1,3,9
9802384,9,2,7,17,3,6,6
9902291,3,2,1,1,2,1,6
9607353,7,2,5,12,0,7,18
9812376,3,3,0,0,2,1,1
9511367,1,1,0,0,0,1,4
9712335,1,1,0,0,1,0,0
9804311,3,3,0,0,3,0,0
9612230,2,2,0,0,2,0,0
112227,1,1,0,0,0,1,4
109188,4,2,2,2,1,3,12
11074,10,4,6,15,1,9,88
9606264,15,4,11,22,9,6,6
107178,9,4,5,7,3,6,28
108173,6,4,2,4,0,6,60
9711336,0,0,0,0,0,0,0
9505364,3,2,1,1,0,3,3
9910261,4,4,0,0,0,4,17
9805296,4,2,2,3,0,4,19
102056,1,1,0,0,0,1,4
107036,4,4,0,0,1,3,12
111100,6,3,3,4,3,3,7
105191,0,0,0,0,0,0,0
9512342,1,1,0,0,0,1,5
9309320,1,1,0,0,0,1,3
204144,6,3,3,7,0,6,11
9806330,1,1,0,0,0,1,1
11280,1,1,0,0,0,1,5
9909543,3,3,0,0,0,3,5
9407321,1,1,0,0,0,1,1
9707453,2,1,1,1,2,0,0
9810207,3,2,1,1,1,2,4
9904306,1,1,0,0,0,1,4
101171,6,1,5,11,1,5,11
9706452,2,1,1,1,0,2,9
9712233,4,2,2,2,1,3,5
9801455,0,0,0,0,0,0,0
9802259,0,0,0,0,0,0,0
9710393,0,0,0,0,0,0,0
9709459,1,1,0,0,0,1,3
202029,1,1,0,0,0,1,2
9910539,4,2,2,2,0,4,26
9611305,5,4,1,1,4,1,2
9811367,11,2,9,25,1,10,36
9404276,5,3,2,2,5,0,0
9711243,3,3,0,0,3,0,0
108157,6,1,5,11,6,0,0
12356,1,1,0,0,1,0,0
210325,0,0,0,0,0,0,0
8025,4,3,1,1,2,2,3
210052,0,0,0,0,0,0,0
9912303,1,1,0,0,0,1,1
10255,2,2,0,0,2,0,0
302170,0,0,0,0,0,0,0
5251,3,3,0,0,0,3,10
9309297,5,1,4,9,5,0,0
7301,4,1,3,3,0,4,7
9710279,2,2,0,0,0,2,9
9812352,2,2,0,0,0,2,7
111025,2,2,0,0,0,2,5
9801400,1,1,0,0,1,0,0
104148,4,2,2,3,0,4,17
9610420,5,5,0,0,3,2,3
202028,1,1,0,0,0,1,1
9910480,0,0,0,0,0,0,0
212288,0,0,0,0,0,0,0
8112,0,0,0,0,0,0,0
104144,2,1,1,1,0,2,50
203239,2,2,0,0,0,2,12
112055,2,1,1,1,0,2,4
9911265,4,2,2,3,2,2,2
111152,1,1,0,0,0,1,11
9312287,0,0,0,0,0,0,0
109091,1,1,0,0,0,1,5
9703453,3,1,2,2,0,3,3
110250,0,0,0,0,0,0,0
201120,2,2,0,0,0,2,4
9906494,0,0,0,0,0,0,0
1114,0,0,0,0,0,0,0
9905491,2,2,0,0,1,1,5
9910544,2,1,1,1,0,2,4
9505249,3,1,2,2,1,2,4
206170,1,1,0,0,0,1,3
302195,1,1,0,0,0,1,2
102275,4,4,0,0,0,4,15
2170,2,2,0,0,1,1,1
9910496,2,1,1,1,0,2,17
206195,6,5,1,1,0,6,26
9406305,1,1,0,0,0,1,1
101019,3,2,1,1,0,3,17
109081,3,1,2,2,0,3,11
9405293,1,1,0,0,0,1,2
111375,1,1,0,0,0,1,7
9503254,2,2,0,0,1,1,1
9606349,2,2,0,0,2,0,0
9412313,0,0,0,0,0,0,0
9805203,0,0,0,0,0,0,0
9503429,1,1,0,0,1,0,0
9806269,2,2,0,0,0,2,3
105058,2,2,0,0,0,2,12
111469,0,0,0,0,0,0,0
9606380,7,1,6,10,7,0,0
108255,2,2,0,0,0,2,12
206065,1,1,0,0,0,1,15
9810490,1,1,0,0,0,1,1
11157,0,0,0,0,0,0,0
9706515,2,2,0,0,0,2,2
105190,4,2,2,2,0,4,18
9811480,4,4,0,0,2,2,2
204064,3,2,1,1,0,3,36
105007,0,0,0,0,0,0,0
106121,0,0,0,0,0,0,0
9504384,1,1,0,0,0,1,7
207281,1,1,0,0,0,1,8
9809264,2,1,1,1,1,1,1
9907295,1,1,0,0,1,0,0
9406384,1,1,0,0,0,1,1
208129,1,1,0,0,0,1,12
9611238,3,2,1,1,1,2,2
9611421,0,0,0,0,0,0,0
9705375,0,0,0,0,0,0,0
201002,3,2,1,1,0,3,6
9701331,1,1,0,0,1,0,0
9803307,1,1,0,0,1,0,0
207288,3,3,0,0,0,3,25
106038,3,1,2,2,2,1,1
9412296,0,0,0,0,0,0,0
205074,0,0,0,0,0,0,0
3304,4,2,2,2,0,4,4
9301235,1,1,0,0,1,0,0
9806524,2,2,0,0,1,1,7
9115,3,3,0,0,2,1,2
202012,9,3,6,17,1,8,165
9810238,2,1,1,1,1,1,1
103106,4,4,0,0,4,0,0
9709428,4,2,2,3,0,4,4
204308,4,2,2,2,0,4,39
208001,0,0,0,0,0,0,0
9905211,3,3,0,0,0,3,7
204285,2,2,0,0,0,2,8
102006,3,3,0,0,0,3,11
8098,0,0,0,0,0,0,0
110364,1,1,0,0,0,1,2
207290,0,0,0,0,0,0,0
108215,3,1,2,2,1,2,8
9712296,0,0,0,0,0,0,0
9612339,0,0,0,0,0,0,0
9604372,0,0,0,0,0,0,0
9506246,0,0,0,0,0,0,0
9405404,0,0,0,0,0,0,0
9911493,4,2,2,3,0,4,4
9307231,2,1,1,1,2,0,0
111050,1,1,0,0,0,1,1
210002,3,3,0,0,1,2,7
9901444,6,2,4,6,2,4,10
101094,1,1,0,0,0,1,1
9088,0,0,0,0,0,0,0
6064,2,1,1,1,1,1,1
110396,0,0,0,0,0,0,0
108256,4,2,2,4,0,4,20
2203,4,4,0,0,1,3,10
9605249,1,1,0,0,0,1,1
9506295,2,1,1,1,2,0,0
301022,0,0,0,0,0,0,0
209201,0,0,0,0,0,0,0
9505287,2,1,1,1,2,0,0
102309,0,0,0,0,0,0,0
9702224,0,0,0,0,0,0,0
9710202,1,1,0,0,0,1,1
301014,2,2,0,0,0,2,35
9605458,0,0,0,0,0,0,0
9408279,0,0,0,0,0,0,0
9910312,0,0,0,0,0,0,0
209161,5,3,2,2,1,4,15
106268,0,0,0,0,0,0,0
208165,0,0,0,0,0,0,0
9608266,3,3,0,0,3,0,0
9907260,1,1,0,0,0,1,3
9610480,3,2,1,1,1,2,4
301264,0,0,0,0,0,0,0
9612375,4,4,0,0,2,2,3
9804287,0,0,0,0,0,0,0
9902211,0,0,0,0,0,0,0
9707400,0,0,0,0,0,0,0
9908249,2,2,0,0,0,2,6
12074,1,1,0,0,1,0,0
110381,4,3,1,1,2,2,5
9912393,2,1,1,1,0,2,5
9310295,1,1,0,0,1,0,0
206287,2,1,1,1,0,2,27
9802402,0,0,0,0,0,0,0
9811210,1,1,0,0,0,1,1
208247,2,2,0,0,0,2,6
9503416,3,2,1,1,3,0,0
9810372,1,1,0,0,1,0,0
9910472,0,0,0,0,0,0,0
210313,1,1,0,0,0,1,15
211168,0,0,0,0,0,0,0
209262,4,1,3,5,0,4,24
9405370,0,0,0,0,0,0,0
101274,0,0,0,0,0,0,0
108124,1,1,0,0,0,1,8
9506402,1,1,0,0,0,1,1
9911430,0,0,0,0,0,0,0
111034,1,1,0,0,0,1,2
211006,0,0,0,0,0,0,0
301184,0,0,0,0,0,0,0
9512409,0,0,0,0,0,0,0
103309,3,1,2,2,0,3,14
212191,0,0,0,0,0,0,0
211016,0,0,0,0,0,0,0
9710510,2,2,0,0,1,1,3
9188,1,1,0,0,0,1,8
210049,0,0,0,0,0,0,0
9405289,0,0,0,0,0,0,0
9810423,0,0,0,0,0,0,0
9510451,0,0,0,0,0,0,0
9909283,1,1,0,0,1,0,0
111184,0,0,0,0,0,0,0
9505403,0,0,0,0,0,0,0
9801232,3,1,2,3,3,0,0
301146,0,0,0,0,0,0,0
211027,1,1,0,0,0,1,2
102299,3,3,0,0,0,3,20
9902445,0,0,0,0,0,0,0
9711511,0,0,0,0,0,0,0
9903231,0,0,0,0,0,0,0
9507249,0,0,0,0,0,0,0
212317,0,0,0,0,0,0,0
9906263,0,0,0,0,0,0,0
9904205,1,1,0,0,0,1,1
212307,3,2,1,2,0,3,21
109201,4,3,1,1,0,4,55
110170,0,0,0,0,0,0,0
12286,0,0,0,0,0,0,0
11098,0,0,0,0,0,0,0
212218,0,0,0,0,0,0,0
9702257,2,2,0,0,1,1,1
9710496,0,0,0,0,0,0,0
207295,0,0,0,0,0,0,0
105022,1,1,0,0,0,1,3
9908354,0,0,0,0,0,0,0
208047,0,0,0,0,0,0,0
9183,1,1,0,0,0,1,4
212353,1,1,0,0,0,1,2
9810251,1,1,0,0,1,0,0
9709403,0,0,0,0,0,0,0
108075,0,0,0,0,0,0,0
11341,1,1,0,0,0,1,4
9260,3,1,2,3,3,0,0
9809339,0,0,0,0,0,0,0
9910469,0,0,0,0,0,0,0
9804346,0,0,0,0,0,0,0
9802389,0,0,0,0,0,0,0
9907543,1,1,0,0,1,0,0
209363,0,0,0,0,0,0,0
104234,0,0,0,0,0,0,0
9811445,0,0,0,0,0,0,0
9306291,3,3,0,0,3,0,0
8293,0,0,0,0,0,0,0
9712527,0,0,0,0,0,0,0
9805425,1,1,0,0,0,1,5
204024,0,0,0,0,0,0,0
9809280,1,1,0,0,0,1,11
104202,0,0,0,0,0,0,0
11320,3,2,1,1,0,3,14
9904463,0,0,0,0,0,0,0
9804220,0,0,0,0,0,0,0
203095,0,0,0,0,0,0,0
9510240,0,0,0,0,0,0,0
11197,3,3,0,0,0,3,11
101246,0,0,0,0,0,0,0
302219,0,0,0,0,0,0,0
9907369,1,1,0,0,0,1,4
209227,0,0,0,0,0,0,0
9509419,0,0,0,0,0,0,0
9910439,0,0,0,0,0,0,0
9503267,0,0,0,0,0,0,0
9710242,0,0,0,0,0,0,0
9901361,0,0,0,0,0,0,0
9606401,1,1,0,0,1,0,0
9903461,0,0,0,0,0,0,0
9408400,0,0,0,0,0,0,0
9810248,1,1,0,0,1,0,0
110188,1,1,0,0,0,1,18
301140,0,0,0,0,0,0,0
9804213,0,0,0,0,0,0,0
101235,0,0,0,0,0,0,0
9511368,0,0,0,0,0,0,0
206089,0,0,0,0,0,0,0
7045,1,1,0,0,0,1,2
9802332,0,0,0,0,0,0,0
211090,0,0,0,0,0,0,0
9507317,0,0,0,0,0,0,0
210166,0,0,0,0,0,0,0
9712439,0,0,0,0,0,0,0
212186,0,0,0,0,0,0,0
9606481,1,1,0,0,0,1,1
207074,0,0,0,0,0,0,0
211217,0,0,0,0,0,0,0
9808403,0,0,0,0,0,0,0
9903243,1,1,0,0,0,1,3
9511302,0,0,0,0,0,0,0
212255,0,0,0,0,0,0,0
301163,1,1,0,0,0,1,3
12329,0,0,0,0,0,0,0
209220,0,0,0,0,0,0,0
212006,0,0,0,0,0,0,0
107134,0,0,0,0,0,0,0
9803414,0,0,0,0,0,0,0
204346,1,1,0,0,0,1,4
10188,2,2,0,0,2,0,0
9810469,0,0,0,0,0,0,0
201181,0,0,0,0,0,0,0
9712435,0,0,0,0,0,0,0
9812306,2,2,0,0,1,1,1
203241,0,0,0,0,0,0,0
9709237,0,0,0,0,0,0,0
6187,0,0,0,0,0,0,0
302158,0,0,0,0,0,0,0
9808491,0,0,0,0,0,0,0
9701319,0,0,0,0,0,0,0
211398,0,0,0,0,0,0,0
9907330,0,0,0,0,0,0,0
9168,0,0,0,0,0,0,0
9907308,0,0,0,0,0,0,0
9903278,0,0,0,0,0,0,0
211249,0,0,0,0,0,0,0
9707306,0,0,0,0,0,0,0
302068,0,0,0,0,0,0,0
9911402,0,0,0,0,0,0,0
210255,1,1,0,0,1,0,0
205152,0,0,0,0,0,0,0
209114,1,1,0,0,0,1,7
201096,0,0,0,0,0,0,0
9710469,0,0,0,0,0,0,0
9606328,0,0,0,0,0,0,0
205258,0,0,0,0,0,0,0
301196,0,0,0,0,0,0,0
9611459,0,0,0,0,0,0,0
211372,0,0,0,0,0,0,0
112006,1,1,0,0,0,1,2
9505400,0,0,0,0,0,0,0
9907456,0,0,0,0,0,0,0
2014,0,0,0,0,0,0,0
9908405,0,0,0,0,0,0,0
209102,0,0,0,0,0,0,0
206211,1,1,0,0,0,1,17
9609396,0,0,0,0,0,0,0
9904406,0,0,0,0,0,0,0
9708422,0,0,0,0,0,0,0
209356,0,0,0,0,0,0,0
207312,0,0,0,0,0,0,0
9609485,0,0,0,0,0,0,0
9605427,0,0,0,0,0,0,0
9609391,0,0,0,0,0,0,0
9312314,0,0,0,0,0,0,0
104159,1,1,0,0,0,1,8
8239,0,0,0,0,0,0,0
210290,0,0,0,0,0,0,0
9511276,0,0,0,0,0,0,0
9808221,2,1,1,1,0,2,2
302152,0,0,0,0,0,0,0
112256,0,0,0,0,0,0,0
112193,1,1,0,0,0,1,2
9902438,0,0,0,0,0,0,0
9904372,0,0,0,0,0,0,0
204105,0,0,0,0,0,0,0
301162,0,0,0,0,0,0,0
9407310,1,1,0,0,1,0,0
9901232,0,0,0,0,0,0,0
208179,0,0,0,0,0,0,0
210208,0,0,0,0,0,0,0
201101,0,0,0,0,0,0,0
1176,0,0,0,0,0,0,0
9707205,0,0,0,0,0,0,0
212332,0,0,0,0,0,0,0
10126,0,0,0,0,0,0,0
205203,0,0,0,0,0,0,0
110259,0,0,0,0,0,0,0
301098,0,0,0,0,0,0,0
9910434,0,0,0,0,0,0,0
9511257,0,0,0,0,0,0,0
9503389,1,1,0,0,1,0,0
9206234,1,1,0,0,1,0,0
211003,0,0,0,0,0,0,0
12243,0,0,0,0,0,0,0
210184,0,0,0,0,0,0,0
211309,0,0,0,0,0,0,0
103285,0,0,0,0,0,0,0
211377,0,0,0,0,0,0,0
301141,0,0,0,0,0,0,0
110204,0,0,0,0,0,0,0
9408259,0,0,0,0,0,0,0
101060,0,0,0,0,0,0,0
1210,0,0,0,0,0,0,0
212247,0,0,0,0,0,0,0
301241,0,0,0,0,0,0,0
112053,0,0,0,0,0,0,0
104089,0,0,0,0,0,0,0
9902285,0,0,0,0,0,0,0
211135,0,0,0,0,0,0,0
9504282,0,0,0,0,0,0,0
209182,0,0,0,0,0,0,0
301091,0,0,0,0,0,0,0
204038,0,0,0,0,0,0,0
112041,0,0,0,0,0,0,0
9606402,19,2,17,41,3,16,21
9403384,106,15,91,776,56,50,91
7038,26,6,20,58,0,26,119
9607447,78,8,70,408,19,59,179
9209231,26,5,21,69,26,0,0
9405346,44,5,39,167,3,41,190
9510323,3,2,1,1,0,3,19
9901288,61,9,52,196,12,49,241
9904408,85,9,76,591,5,80,707
9512225,67,12,55,187,4,63,176
9405274,0,0,0,0,0,0,0
9506351,24,3,21,59,18,6,10
9502225,15,2,13,34,5,10,10
106219,76,1,75,934,5,71,222
9303241,59,17,42,176,35,24,24
9609246,6,5,1,1,0,6,9
9801236,1,1,0,0,0,1,1
101229,8,4,4,6,2,6,11
107117,2,2,0,0,0,2,14
9601305,4,2,2,2,1,3,16
9903369,12,2,10,16,0,12,96
9304240,86,19,67,257,86,0,0
9508263,13,6,7,8,0,13,24
9308347,32,4,28,114,32,0,0
110390,1,1,0,0,0,1,6
9405264,1,1,0,0,1,0,0
9409310,18,5,13,27,11,7,8
9309326,20,4,16,52,7,13,13
9507424,13,2,11,27,0,13,17
9505366,1,1,0,0,0,1,3
9407248,38,4,34,103,17,21,21
9501334,104,16,88,643,33,71,74
2108,115,10,105,777,16,99,524
9712488,48,3,45,237,20,28,80
9811390,132,10,122,1110,26,106,304
9811299,18,6,12,33,6,12,67
9906244,35,17,18,34,12,23,55
9604415,12,7,5,7,10,2,4
9811252,46,3,43,254,2,44,106
9908262,3,1,2,2,1,2,6
9807466,14,6,8,13,2,12,34
9505301,32,6,26,99,21,11,16
9811326,8,3,5,8,0,8,34
9811407,2,2,0,0,0,2,6
9406351,18,4,14,30,13,5,5
9502297,60,14,46,201,21,39,46
9711421,19,7,12,38,4,15,38
9810467,18,7,11,25,5,13,26
9901203,6,3,3,8,0,6,12
9801321,8,3,5,18,3,5,5
9706428,8,5,3,4,0,8,20
9408271,7,3,4,9,1,6,11
9301291,14,7,7,12,14,0,0
9712409,19,9,10,19,8,11,22
9510461,9,4,5,6,9,0,0
9207279,134,37,97,442,134,0,0
9708437,13,6,7,9,0,13,134
9502237,71,4,67,658,12,59,65
9511466,15,2,13,37,3,12,33
9806494,8,2,6,10,1,7,36
109259,1,1,0,0,0,1,3
105194,17,11,6,15,1,16,86
9509287,26,4,22,65,0,26,114
9804393,13,6,7,11,1,12,54
9511465,22,4,18,67,7,15,38
9910396,18,4,14,50,1,17,72
9607397,79,11,68,431,2,77,408
9703250,27,5,22,62,1,26,243
9712254,23,5,18,34,6,17,31
9410357,38,5,33,170,4,34,77
9806423,21,6,15,27,5,16,41
105217,11,2,9,21,1,10,54
9705252,29,8,21,39,2,27,107
9705440,7,4,3,6,0,7,50
110301,5,4,1,1,0,5,31
9904214,8,5,3,5,1,7,30
9504262,6,4,2,2,5,1,1
9505240,20,8,12,17,19,1,3
9401219,168,11,157,1555,105,63,63
9509413,23,3,20,44,8,15,15
9611393,25,6,19,62,2,23,67
9510404,8,7,1,1,1,7,23
9808411,9,5,4,6,7,2,6
9903422,143,5,138,1116,1,142,992
9508379,123,9,114,655,29,94,398
9510271,17,3,14,49,0,17,144
9806435,14,5,9,14,2,12,20
9411415,20,7,13,58,20,0,0
9708239,49,5,44,171,2,47,343
9605460,11,2,9,20,4,7,18
9302250,14,2,12,25,14,0,0
9610209,95,1,94,1006,95,0,0
9802290,244,19,225,1585,139,105,318
9501232,27,10,17,47,23,4,4
9304296,18,12,6,7,18,0,0
9807489,6,1,5,7,0,6,45
9707467,11,2,9,15,6,5,17
107071,18,5,13,41,0,18,49
9709270,18,4,14,28,3,15,45
9812411,3,2,1,1,0,3,5
9603276,27,3,24,83,11,16,25
9502224,48,7,41,269,48,0,0
9610277,4,2,2,2,0,4,7
9801397,72,5,67,585,16,56,233
9207236,83,17,66,339,65,18,18
9302224,61,8,53,331,31,30,30
9903224,50,3,47,192,0,50,420
9711335,4,4,0,0,0,4,4
9511305,14,11,3,5,3,11,18
9710463,41,6,35,159,14,27,73
9605213,27,3,24,69,10,17,28
9408262,39,10,29,82,5,34,98
9706397,30,9,21,72,2,28,113
9509333,20,8,12,35,5,15,15
9909369,18,5,13,22,0,18,107
9601214,3,3,0,0,0,3,3
9709449,16,5,11,19,3,13,55
9709443,11,2,9,37,0,11,78
9802242,17,6,11,23,0,17,83
9310233,60,6,54,418,53,7,7
9802439,56,7,49,483,12,44,268
9905323,72,2,70,929,72,0,0
9411211,120,6,114,1101,76,44,53
9801285,2,2,0,0,0,2,4
9357,14,8,6,12,0,14,170
9905523,63,1,62,533,0,63,451
9912409,43,5,38,175,0,43,559
9411330,17,1,16,41,1,16,57
9501304,28,6,22,78,8,20,36
5040,7,2,5,7,0,7,14
9906445,14,2,12,44,2,12,36
210257,4,2,2,3,0,4,21
9402311,1,1,0,0,1,0,0
9304286,14,4,10,21,14,0,0
9801449,12,4,8,19,0,12,29
9310211,41,11,30,116,41,0,0
9512441,7,4,3,4,0,7,27
9603350,37,13,24,52,8,29,108
9807501,110,4,106,1001,20,90,269
9602260,53,9,44,192,15,38,63
9606387,10,2,8,10,5,5,26
9902272,4,2,2,2,0,4,9
9511204,9,6,3,3,0,9,35
9609524,33,3,30,80,9,24,133
9612268,11,5,6,11,3,8,35
9510350,20,6,14,31,16,4,4
9611239,10,4,6,10,5,5,15
9909266,15,1,14,47,0,15,134
9810269,39,5,34,204,0,39,317
9810471,33,5,28,148,1,32,128
9904382,33,6,27,92,0,33,425
9802351,3,3,0,0,2,1,2
9411237,18,5,13,38,7,11,11
11174,0,0,0,0,0,0,0
1158,4,3,1,1,0,4,9
9305206,69,14,55,246,59,10,10
9307320,23,12,11,19,3,20,33
9904449,2,2,0,0,0,2,11
9711308,39,8,31,91,5,34,151
9408229,30,6,24,50,30,0,0
9409421,34,11,23,52,25,9,9
9507377,11,3,8,20,4,7,7
9712551,21,10,11,20,0,21,92
9406389,69,13,56,289,22,47,162
9174,22,9,13,34,3,19,36
9407336,19,3,16,54,19,0,0
9412302,16,1,15,49,0,16,105
112113,22,5,17,50,0,22,419
9610470,12,4,8,10,0,12,71
102259,21,3,18,108,0,21,209
3222,24,6,18,55,0,24,188
5154,14,3,11,36,0,14,97
9701219,45,8,37,118,3,42,166
9907428,23,8,15,47,2,21,87
9408246,9,1,8,19,4,5,5
102105,2,2,0,0,1,1,2
104085,4,3,1,1,3,1,2
103062,56,11,45,187,27,29,78
9901256,3,2,1,1,0,3,11
9405419,10,6,4,4,2,8,36
9812364,6,2,4,7,1,5,6
9909417,4,3,1,1,4,0,0
9810208,7,3,4,5,7,0,0
9809552,7,3,4,6,2,5,17
9401259,4,2,2,3,2,2,2
9711203,2,2,0,0,0,2,3
10344,6,4,2,2,0,6,27
9503384,81,13,68,326,70,11,11
9901299,58,3,55,333,0,58,317
9912408,67,8,59,245,1,66,381
101076,5,4,1,1,1,4,9
104285,17,7,10,18,2,15,201
9809403,14,8,6,6,14,0,0
211156,2,2,0,0,0,2,24
111234,8,2,6,12,0,8,58
103089,4,3,1,3,0,4,13
9908458,22,4,18,61,0,22,171
9910224,6,5,1,1,1,5,23
107287,4,2,2,3,0,4,28
9808324,34,3,31,128,4,30,42
109247,4,1,3,4,0,4,22
9803219,14,6,8,13,1,13,72
9404299,7,2,5,8,5,2,3
106033,3,1,2,3,0,3,16
10066,8,4,4,9,0,8,15
9212301,42,8,34,122,42,0,0
9607362,24,6,18,69,1,23,75
112021,3,1,2,2,0,3,43
9307226,20,4,16,26,13,7,7
9809371,7,1,6,11,6,1,1
9205220,19,5,14,26,19,0,0
9310207,10,6,4,5,10,0,0
9906467,5,2,3,4,0,5,28
9511237,5,3,2,3,4,1,1
109001,12,4,8,19,1,11,68
9105,1,1,0,0,0,1,4
9705219,17,1,16,50,0,17,96
112295,9,3,6,7,1,8,24
9805438,24,8,16,43,20,4,4
9607280,22,5,17,26,9,13,17
9412363,13,4,9,16,4,9,16
9806228,32,4,28,102,0,32,136
9605462,8,5,3,6,0,8,71
9610401,17,6,11,23,0,17,62
9404327,17,7,10,38,12,5,5
9503202,8,5,3,3,2,6,21
9801273,3,2,1,1,0,3,12
9506282,5,4,1,3,1,4,24
9502264,12,1,11,29,0,12,29
9701261,3,2,1,1,0,3,9
107271,9,2,7,13,1,8,76
9410267,25,10,15,29,20,5,5
9710545,16,3,13,41,1,15,98
9403361,12,9,3,4,12,0,0
9709511,11,1,10,28,0,11,144
9905409,12,8,4,6,3,9,46
9508347,251,31,220,1282,162,89,190
9509406,42,13,29,69,42,0,0
9910238,51,6,45,279,0,51,566
9903498,33,2,31,105,2,31,254
9810303,4,4,0,0,0,4,10
9610432,4,1,3,4,0,4,4
9304259,4,3,1,1,4,0,0
9801369,33,6,27,108,1,32,274
9711440,43,7,36,158,0,43,224
106156,0,0,0,0,0,0,0
9311285,22,2,20,58,0,22,22
9208208,7,3,4,5,7,0,0
9901442,51,6,45,143,1,50,194
9203219,15,9,6,9,15,0,0
9410338,56,9,47,150,21,35,53
9808334,0,0,0,0,0,0,0
9810357,7,1,6,15,0,7,11
9611207,21,2,19,57,5,16,17
9603230,4,3,1,1,3,1,3
9802307,6,5,1,1,3,3,3
9701241,13,6,7,19,4,9,76
9612226,16,12,4,6,16,0,0
9705233,2,2,0,0,0,2,5
9907257,5,2,3,5,0,5,23
9711406,11,1,10,32,0,11,86
9608346,10,1,9,18,5,5,6
9512407,25,5,20,74,25,0,0
9305201,7,5,2,4,3,4,6
9405365,9,1,8,20,1,8,13
9509338,3,3,0,0,1,2,6
9305222,9,6,3,6,0,9,21
9911289,32,11,21,63,1,31,196
9508357,4,2,2,4,4,0,0
9702395,7,4,3,3,4,3,5
9905327,1,1,0,0,0,1,3
9808498,10,3,7,15,4,6,9
203014,0,0,0,0,0,0,0
9704367,2,1,1,1,2,0,0
9504351,9,3,6,14,4,5,5
9509347,12,7,5,6,2,10,19
9709474,12,1,11,25,8,4,8
112285,7,6,1,1,1,6,18
112233,15,2,13,48,1,14,56
9806450,4,3,1,2,0,4,8
9905349,10,5,5,7,0,10,80
9302231,6,3,3,6,6,0,0
9409314,14,2,12,22,0,14,18
9803476,26,6,20,53,0,26,201
9911510,7,4,3,4,1,6,48
9804206,6,3,3,4,0,6,9
9132,2,2,0,0,0,2,20
9312280,4,2,2,3,4,0,0
9408407,19,2,17,79,4,15,25
9504426,45,10,35,118,9,36,65
9310246,8,2,6,7,8,0,0
9205207,3,2,1,1,3,0,0
2249,10,2,8,17,0,10,62
9908486,17,5,12,40,0,17,85
9902273,21,2,19,125,0,21,241
9908415,15,5,10,26,0,15,68
102030,5,2,3,4,0,5,22
3118,9,5,4,8,0,9,49
9901384,60,17,43,142,4,56,235
9809489,9,4,5,6,0,9,67
9511401,9,5,4,4,4,5,10
204011,1,1,0,0,1,0,0
102316,8,2,6,14,1,7,37
9801406,6,3,3,3,0,6,23
9903549,18,3,15,42,12,6,6
9607423,3,2,1,1,3,0,0
9501286,3,2,1,1,2,1,1
202265,3,2,1,1,0,3,22
9707523,14,4,10,31,0,14,35
9609247,10,2,8,12,4,6,8
9612491,1,1,0,0,0,1,2
101257,9,2,7,10,0,9,79
110003,1,1,0,0,0,1,1
9612493,5,1,4,5,1,4,14
9308299,4,3,1,1,4,0,0
9701373,6,2,4,11,6,0,0
9706294,45,5,40,196,1,44,129
9412343,9,1,8,19,4,5,11
9508308,10,3,7,12,9,1,1
9803419,11,5,6,14,3,8,20
9305284,24,1,23,68,24,0,0
9210219,14,6,8,19,14,0,0
9508255,18,4,14,33,0,18,55
108233,6,2,4,5,0,6,33
105222,5,1,4,5,1,4,7
9807461,12,7,5,12,0,12,83
9501340,1,1,0,0,0,1,1
101205,10,4,6,13,0,10,125
9806461,8,4,4,13,0,8,41
111114,6,4,2,5,0,6,35
9906325,3,3,0,0,0,3,7
111342,10,3,7,14,10,0,0
5274,11,3,8,19,9,2,2
9610275,20,7,13,31,3,17,52
9807221,3,1,2,2,0,3,3
9606297,14,3,11,35,4,10,10
9807452,7,3,4,5,1,6,24
6198,3,2,1,1,0,3,18
102265,49,9,40,157,6,43,304
108193,12,2,10,35,0,12,80
104294,19,7,12,21,2,17,61
9805214,10,2,8,14,3,7,7
9701384,41,7,34,228,5,36,144
9507418,32,9,23,79,6,26,57
9812225,6,1,5,11,5,1,1
104151,17,3,14,33,0,17,254
9510431,24,9,15,29,9,15,19
9406213,7,3,4,8,4,3,3
3318,1,1,0,0,0,1,20
9408298,11,4,7,13,10,1,1
9609447,23,7,16,54,0,23,117
9804265,19,3,16,40,13,6,11
9508304,3,3,0,0,0,3,5
9604275,4,4,0,0,3,1,1
9612272,2,1,1,1,0,2,5
9501227,3,1,2,3,3,0,0
9211238,4,1,3,5,4,0,0
9160,4,1,3,5,0,4,25
9711485,84,8,76,384,1,83,346
9611452,8,3,5,9,1,7,9
9902258,15,8,7,10,1,14,29
204314,114,16,98,492,5,109,407
101318,14,3,11,27,3,11,22
110283,13,3,10,20,1,12,189
9909293,5,3,2,2,0,5,14
9909510,3,3,0,0,2,1,3
108021,36,1,35,206,0,36,237
106275,18,6,12,18,2,16,108
9336,18,4,14,39,1,17,43
1110,2,2,0,0,0,2,4
2255,5,4,1,1,0,5,27
202262,8,2,6,9,0,8,74
9701299,4,3,1,1,0,4,10
9911237,25,3,22,94,3,22,57
1225,2,2,0,0,0,2,8
9503279,5,1,4,9,5,0,0
9803411,2,2,0,0,0,2,3
9403386,4,2,2,2,1,3,6
9709307,7,1,6,12,0,7,19
9706411,13,2,11,27,0,13,13
107199,6,1,5,10,0,6,43
9411232,19,9,10,19,12,7,9
9512348,9,5,4,13,1,8,12
9609308,4,2,2,2,2,2,6
12370,2,2,0,0,0,2,15
9908246,14,3,11,32,0,14,101
9502223,5,5,0,0,5,0,0
9803481,9,5,4,6,4,5,9
9804211,32,6,26,85,17,15,50
9704217,15,9,6,9,4,11,34
9801355,5,3,2,2,5,0,0
9505253,0,0,0,0,0,0,0
106346,17,11,6,9,2,15,99
9806436,9,1,8,11,4,5,9
9611354,5,1,4,8,1,4,12
9912218,3,2,1,1,0,3,9
106298,18,5,13,54,0,18,165
9503398,11,5,6,10,1,10,16
9403351,14,5,9,18,14,0,0
9801274,1,1,0,0,0,1,2
9809546,1,1,0,0,0,1,6
9906311,17,6,11,39,0,17,130
9809213,1,1,0,0,0,1,4
9808413,3,3,0,0,0,3,20
9309333,10,3,7,12,10,0,0
9411282,17,5,12,27,1,16,33
9809319,5,3,2,2,0,5,19
9708208,5,4,1,1,4,1,2
9806364,3,3,0,0,2,1,2
9912474,3,2,1,1,0,3,12
9410271,1,1,0,0,0,1,1
9907518,10,8,2,2,2,8,21
9905232,1,1,0,0,0,1,3
104253,6,1,5,10,3,3,4
9803345,9,5,4,5,6,3,3
9902394,4,3,1,1,0,4,9
11257,11,5,6,8,0,11,67
9606326,3,3,0,0,1,2,2
9708292,2,1,1,1,0,2,9
6031,3,1,2,2,1,2,2
9408354,26,5,21,86,26,0,0
111431,0,0,0,0,0,0,0
107052,3,2,1,1,0,3,12
9407367,1,1,0,0,0,1,2
9912406,2,2,0,0,0,2,5
9407211,12,2,10,22,2,10,59
9706513,2,2,0,0,1,1,2
9608422,6,2,4,4,6,0,0
9309317,1,1,0,0,1,0,0
9701209,7,4,3,3,1,6,27
8289,3,2,1,1,1,2,13
9403410,4,2,2,3,4,0,0
108241,4,1,3,4,0,4,26
10163,5,2,3,3,1,4,16
9708490,5,2,3,7,0,5,14
9805387,1,1,0,0,0,1,2
9912304,1,1,0,0,0,1,3
9507427,10,3,7,21,10,0,0
9307365,2,1,1,1,2,0,0
9708345,5,5,0,0,1,4,4
109100,4,3,1,1,0,4,22
4116,7,3,4,5,0,7,58
9903471,3,3,0,0,0,3,20
9510281,2,2,0,0,0,2,4
9408269,0,0,0,0,0,0,0
112200,0,0,0,0,0,0,0
101323,9,3,6,19,0,9,71
9507310,6,3,3,3,3,3,3
9712276,15,2,13,40,10,5,9
109233,6,3,3,4,0,6,11
301003,0,0,0,0,0,0,0
9608385,3,3,0,0,0,3,3
107046,7,2,5,7,0,7,65
9806419,13,7,6,7,1,12,21
9505438,14,3,11,42,7,7,12
110136,2,1,1,1,0,2,22
9907340,2,2,0,0,1,1,1
9080,3,2,1,2,3,0,0
9712462,5,3,2,2,3,2,2
9803426,12,3,9,29,0,12,54
9711283,7,4,3,7,7,0,0
6260,1,1,0,0,1,0,0
9809598,11,7,4,6,2,9,38
9701230,3,1,2,2,3,0,0
9701266,17,6,11,34,2,15,22
9807286,10,4,6,11,1,9,15
9605201,7,4,3,4,1,6,61
9904351,5,3,2,3,0,5,8
103331,12,3,9,18,2,10,113
9612443,3,2,1,1,0,3,5
9602405,23,7,16,29,6,17,24
3196,7,2,5,9,3,4,4
9803394,21,8,13,50,8,13,16
9309262,4,2,2,2,4,0,0
9704243,21,10,11,14,10,11,21
9710290,6,3,3,5,0,6,6
9705224,7,3,4,4,2,5,12
209130,2,1,1,1,0,2,5
9706335,2,2,0,0,0,2,5
9809597,1,1,0,0,0,1,4
111432,18,5,13,30,1,17,71
9811261,6,3,3,4,6,0,0
9712250,6,3,3,5,4,2,4
9906426,2,2,0,0,2,0,0
9411351,3,2,1,1,3,0,0
9401344,1,1,0,0,0,1,4
208193,3,2,1,2,0,3,31
207053,8,3,5,12,0,8,96
9305245,5,4,1,1,5,0,0
208120,1,1,0,0,0,1,1
9307251,0,0,0,0,0,0,0
9809330,4,3,1,1,3,1,1
3155,3,2,1,1,3,0,0
9704421,3,1,2,3,0,3,31
210044,5,3,2,2,1,4,17
9412228,1,1,0,0,0,1,3
4242,0,0,0,0,0,0,0
9411396,0,0,0,0,0,0,0
103155,7,2,5,9,0,7,47
9709506,9,1,8,19,0,9,29
9802407,9,3,6,14,0,9,95
204191,7,5,2,2,0,7,49
9912421,1,1,0,0,0,1,3
9406301,1,1,0,0,0,1,1
9806385,0,0,0,0,0,0,0
9802268,3,1,2,2,3,0,0
9504345,4,3,1,1,0,4,27
9704419,5,2,3,4,5,0,0
9708434,5,4,1,1,5,0,0
9607206,2,2,0,0,0,2,5
9712426,3,2,1,1,0,3,8
9406407,8,3,5,9,5,3,4
11352,7,5,2,2,0,7,46
9301228,6,4,2,2,3,3,3
9507236,5,2,3,6,0,5,12
11139,1,1,0,0,0,1,4
9911327,8,5,3,5,0,8,73
9903208,1,1,0,0,1,0,0
9704454,3,1,2,2,0,3,6
9606347,6,2,4,6,6,0,0
9910435,7,2,5,11,0,7,19
210428,3,1,2,2,0,3,31
9809376,19,6,13,75,1,18,59
204093,7,4,3,4,0,7,51
111048,1,1,0,0,0,1,4
9806535,13,4,9,25,2,11,11
9507353,14,10,4,8,0,14,86
9710239,3,2,1,1,0,3,6
211071,3,3,0,0,0,3,19
9908214,4,2,2,3,0,4,27
9810478,2,2,0,0,0,2,7
9212218,5,2,3,3,5,0,0
104050,4,3,1,1,0,4,29
9502403,7,5,2,2,7,0,0
108138,8,5,3,3,4,4,13
9806439,3,3,0,0,2,1,5
9508212,1,1,0,0,0,1,2
207254,2,1,1,1,0,2,17
9103,2,2,0,0,1,1,2
9701249,5,3,2,2,0,5,32
210092,0,0,0,0,0,0,0
9506421,4,3,1,1,0,4,6
9805489,1,1,0,0,0,1,2
9802331,1,1,0,0,0,1,11
8140,3,3,0,0,2,1,6
9705327,17,4,13,58,0,17,84
9510227,4,2,2,2,1,3,3
9603371,3,3,0,0,0,3,16
9906409,5,3,2,4,0,5,48
9801332,3,3,0,0,0,3,16
112264,0,0,0,0,0,0,0
207301,1,1,0,0,1,0,0
207211,5,1,4,6,1,4,16
9603321,0,0,0,0,0,0,0
206043,1,1,0,0,0,1,3
9203208,2,1,1,1,2,0,0
9504267,2,2,0,0,2,0,0
203001,2,1,1,1,0,2,2
9702428,2,1,1,1,0,2,4
3254,2,2,0,0,0,2,12
109178,8,5,3,4,0,8,59
9910406,2,2,0,0,0,2,4
9510420,3,2,1,1,1,2,3
9304220,4,2,2,3,4,0,0
210132,1,1,0,0,0,1,4
9612462,6,1,5,8,0,6,11
211266,4,4,0,0,0,4,55
6024,20,9,11,16,5,15,25
110219,2,1,1,1,0,2,9
101172,3,2,1,1,1,2,10
301101,2,1,1,1,0,2,24
110376,3,2,1,1,1,2,10
9906312,4,2,2,3,0,4,12
107004,1,1,0,0,0,1,12
110273,1,1,0,0,0,1,9
12024,1,1,0,0,1,0,0
9810429,0,0,0,0,0,0,0
9704232,7,5,2,4,0,7,25
107110,9,1,8,24,0,9,24
9611341,6,2,4,6,0,6,53
9308364,11,8,3,4,0,11,18
104072,4,3,1,1,0,4,22
9311245,1,1,0,0,1,0,0
9804266,1,1,0,0,0,1,8
9704451,1,1,0,0,0,1,2
9707245,4,3,1,1,0,4,23
9906291,2,2,0,0,0,2,11
106251,4,2,2,2,0,4,15
9810300,1,1,0,0,0,1,8
106225,1,1,0,0,1,0,0
202276,1,1,0,0,0,1,3
104142,2,1,1,1,0,2,16
9302300,3,3,0,0,3,0,0
9409414,1,1,0,0,0,1,1
9810262,1,1,0,0,0,1,7
9903469,1,1,0,0,0,1,1
5106,7,2,5,6,1,6,21
9807218,3,3,0,0,1,2,4
210120,1,1,0,0,0,1,5
9812417,7,1,6,20,4,3,3
9802363,0,0,0,0,0,0,0
9407356,2,2,0,0,2,0,0
302123,0,0,0,0,0,0,0
204121,0,0,0,0,0,0,0
205245,2,1,1,1,0,2,2
302268,0,0,0,0,0,0,0
9501387,22,1,21,103,22,0,0
12262,1,1,0,0,0,1,8
9907550,13,6,7,15,2,11,25
1017,1,1,0,0,0,1,7
205337,0,0,0,0,0,0,0
9804246,0,0,0,0,0,0,0
210410,1,1,0,0,0,1,12
209149,0,0,0,0,0,0,0
9705439,7,3,4,8,2,5,5
108163,1,1,0,0,0,1,10
7194,0,0,0,0,0,0,0
9709352,10,6,4,7,10,0,0
8057,6,2,4,4,0,6,58
106226,5,2,3,4,0,5,16
9901226,5,5,0,0,0,5,6
111196,5,3,2,2,0,5,27
201198,4,1,3,4,0,4,4
9611451,3,2,1,1,0,3,18
9511437,3,1,2,2,0,3,10
9710489,1,1,0,0,0,1,3
111077,4,3,1,1,0,4,16
9607452,12,2,10,20,0,12,33
9901447,9,3,6,19,0,9,21
9507410,1,1,0,0,0,1,8
9708378,2,2,0,0,0,2,4
110156,4,2,2,3,1,3,8
9705303,1,1,0,0,0,1,3
9808372,1,1,0,0,1,0,0
9405332,10,5,5,6,4,6,6
112063,3,1,2,2,0,3,16
9912532,4,3,1,1,4,0,0
3052,1,1,0,0,0,1,4
5078,1,1,0,0,1,0,0
9811341,3,3,0,0,1,2,9
8068,3,2,1,1,0,3,6
9405375,2,2,0,0,2,0,0
7280,6,2,4,5,0,6,60
9602283,1,1,0,0,0,1,3
9408330,3,2,1,1,2,1,1
109170,1,1,0,0,0,1,6
9810498,2,1,1,1,1,1,1
9512412,0,0,0,0,0,0,0
9611212,3,1,2,2,0,3,5
9163,13,1,12,39,0,13,52
9606286,2,1,1,1,1,1,1
7037,0,0,0,0,0,0,0
9908251,1,1,0,0,1,0,0
9910471,6,4,2,3,6,0,0
209365,0,0,0,0,0,0,0
5026,7,3,4,8,0,7,21
9809558,2,1,1,1,0,2,2
11210,1,1,0,0,0,1,1
6153,8,2,6,18,2,6,15
207012,4,4,0,0,0,4,26
9709257,2,2,0,0,0,2,10
9505371,3,2,1,1,3,0,0
104011,1,1,0,0,0,1,3
9906323,0,0,0,0,0,0,0
9608421,2,2,0,0,0,2,3
12193,5,3,2,2,2,3,3
111120,5,2,3,3,0,5,34
9807337,0,0,0,0,0,0,0
9310240,3,3,0,0,3,0,0
9507312,2,1,1,1,0,2,9
206125,1,1,0,0,0,1,3
204090,1,1,0,0,0,1,1
9708406,0,0,0,0,0,0,0
9903254,4,2,2,3,0,4,4
9909568,2,2,0,0,0,2,12
9909522,1,1,0,0,0,1,6
9811281,4,4,0,0,2,2,6
9907338,10,3,7,14,4,6,10
12003,5,2,3,5,3,2,2
9707424,4,2,2,3,2,2,3
9712425,9,6,3,3,5,4,5
9509271,7,2,5,7,7,0,0
211247,0,0,0,0,0,0,0
9909566,0,0,0,0,0,0,0
209341,0,0,0,0,0,0,0
201256,9,7,2,2,0,9,41
209062,0,0,0,0,0,0,0
9403305,8,5,3,4,2,6,11
112358,0,0,0,0,0,0,0
9804417,3,2,1,1,0,3,8
9911400,2,2,0,0,2,0,0
109212,4,1,3,4,0,4,15
9908267,2,2,0,0,0,2,11
205156,6,4,2,2,1,5,8
9403267,2,2,0,0,0,2,2
9809541,0,0,0,0,0,0,0
206015,6,3,3,5,1,5,17
1109,1,1,0,0,0,1,6
104124,9,6,3,4,1,8,25
2095,3,2,1,1,3,0,0
9911383,4,2,2,3,0,4,37
7302,3,3,0,0,0,3,11
9908336,3,2,1,2,0,3,28
107252,3,2,1,1,1,2,4
206172,6,5,1,1,0,6,13
9504209,2,1,1,1,1,1,1
105094,4,1,3,5,0,4,17
9712293,6,4,2,2,1,5,14
9904360,7,3,4,5,1,6,19
9406409,0,0,0,0,0,0,0
203022,2,2,0,0,1,1,3
4104,2,1,1,1,2,0,0
105266,1,1,0,0,0,1,5
207336,0,0,0,0,0,0,0
9910536,4,2,2,5,0,4,12
9907262,1,1,0,0,0,1,1
205271,3,2,1,1,0,3,25
9710523,2,2,0,0,0,2,3
109041,5,3,2,2,0,5,71
9507430,6,3,3,3,6,0,0
9810507,1,1,0,0,0,1,5
9503370,0,0,0,0,0,0,0
9807391,3,3,0,0,3,0,0
9602403,1,1,0,0,0,1,4
9809439,4,3,1,1,0,4,6
11298,2,2,0,0,0,2,5
9506444,2,1,1,1,0,2,6
111087,1,1,0,0,0,1,6
211430,1,1,0,0,0,1,4
2275,2,2,0,0,2,0,0
9811232,0,0,0,0,0,0,0
9912262,3,1,2,2,0,3,11
212205,1,1,0,0,0,1,13
7212,4,2,2,2,0,4,10
9702217,0,0,0,0,0,0,0
109159,2,2,0,0,0,2,6
202243,0,0,0,0,0,0,0
8282,3,2,1,1,0,3,3
9906248,1,1,0,0,0,1,2
9612308,0,0,0,0,0,0,0
9906236,0,0,0,0,0,0,0
9603215,1,1,0,0,0,1,2
9910285,1,1,0,0,1,0,0
9404317,0,0,0,0,0,0,0
9403372,1,1,0,0,1,0,0
1292,5,4,1,1,0,5,18
12163,0,0,0,0,0,0,0
9709277,2,1,1,1,0,2,7
101158,3,1,2,2,0,3,13
9806323,2,2,0,0,0,2,8
5272,0,0,0,0,0,0,0
12011,1,1,0,0,0,1,5
206140,4,3,1,1,0,4,66
9506404,0,0,0,0,0,0,0
103099,7,4,3,6,0,7,49
9412216,2,2,0,0,2,0,0
9912416,4,2,2,2,4,0,0
205049,0,0,0,0,0,0,0
210113,1,1,0,0,0,1,1
107011,1,1,0,0,0,1,6
1300,0,0,0,0,0,0,0
206155,0,0,0,0,0,0,0
104158,4,2,2,2,0,4,6
9511447,1,1,0,0,0,1,4
9409207,5,2,3,4,5,0,0
107020,1,1,0,0,0,1,4
105305,3,2,1,1,2,1,4
9710399,1,1,0,0,0,1,2
9712226,0,0,0,0,0,0,0
211333,0,0,0,0,0,0,0
109142,3,2,1,1,0,3,4
101210,1,1,0,0,1,0,0
9511238,1,1,0,0,1,0,0
206167,1,1,0,0,0,1,38
8261,0,0,0,0,0,0,0
9910339,1,1,0,0,0,1,6
109049,2,1,1,1,1,1,1
205343,5,1,4,8,0,5,26
9906391,4,2,2,3,0,4,4
208188,0,0,0,0,0,0,0
9908498,2,2,0,0,0,2,8
208189,3,3,0,0,0,3,15
9503469,1,1,0,0,1,0,0
110077,0,0,0,0,0,0,0
9306247,0,0,0,0,0,0,0
106144,0,0,0,0,0,0,0
9304214,6,3,3,4,5,1,1
9710254,1,1,0,0,0,1,1
207055,3,3,0,0,0,3,39
206157,3,3,0,0,0,3,4
202137,0,0,0,0,0,0,0
109171,1,1,0,0,0,1,4
9510409,1,1,0,0,0,1,2
102296,0,0,0,0,0,0,0
2056,0,0,0,0,0,0,0
10323,2,1,1,1,0,2,4
9403217,2,1,1,1,2,0,0
9809473,1,1,0,0,1,0,0
110265,0,0,0,0,0,0,0
9912415,6,3,3,5,0,6,14
9603211,2,1,1,1,1,1,1
9911437,0,0,0,0,0,0,0
9912404,2,1,1,1,1,1,1
9612271,0,0,0,0,0,0,0
205267,0,0,0,0,0,0,0
9904242,3,2,1,1,0,3,8
9405422,1,1,0,0,0,1,1
209278,0,0,0,0,0,0,0
9804207,0,0,0,0,0,0,0
11267,0,0,0,0,0,0,0
106272,0,0,0,0,0,0,0
111419,0,0,0,0,0,0,0
9302321,2,2,0,0,2,0,0
103103,5,5,0,0,1,4,12
9043,2,2,0,0,1,1,4
9510401,0,0,0,0,0,0,0
210080,0,0,0,0,0,0,0
9906201,1,1,0,0,1,0,0
212109,1,1,0,0,0,1,7
9912296,0,0,0,0,0,0,0
107077,1,1,0,0,0,1,3
9177,0,0,0,0,0,0,0
9706463,2,1,1,1,0,2,4
9802348,1,1,0,0,1,0,0
212112,1,1,0,0,0,1,3
9607391,0,0,0,0,0,0,0
9507260,2,2,0,0,1,1,1
9312301,1,1,0,0,1,0,0
9509401,2,1,1,1,2,0,0
211185,0,0,0,0,0,0,0
9405251,0,0,0,0,0,0,0
204017,2,1,1,1,0,2,9
9911423,0,0,0,0,0,0,0
9812219,0,0,0,0,0,0,0
207362,1,1,0,0,0,1,5
9503391,1,1,0,0,1,0,0
9906541,1,1,0,0,0,1,3
201093,1,1,0,0,0,1,2
9704210,1,1,0,0,0,1,1
9905460,0,0,0,0,0,0,0
9511211,1,1,0,0,0,1,1
211444,2,1,1,1,0,2,16
203114,2,2,0,0,0,2,58
211023,4,2,2,2,0,4,25
9312286,1,1,0,0,1,0,0
109098,0,0,0,0,0,0,0
9903437,1,1,0,0,1,0,0
202181,1,1,0,0,0,1,4
9910298,0,0,0,0,0,0,0
106138,0,0,0,0,0,0,0
9901253,0,0,0,0,0,0,0
109219,0,0,0,0,0,0,0
9903487,0,0,0,0,0,0,0
2206,2,2,0,0,0,2,2
208079,2,1,1,1,0,2,7
9212219,2,1,1,1,2,0,0
9510446,0,0,0,0,0,0,0
9609268,0,0,0,0,0,0,0
9606209,1,1,0,0,0,1,2
5243,0,0,0,0,0,0,0
11249,0,0,0,0,0,0,0
9707246,0,0,0,0,0,0,0
301099,0,0,0,0,0,0,0
108066,1,1,0,0,0,1,2
9910431,1,1,0,0,0,1,4
9904229,5,4,1,1,2,3,12
302117,0,0,0,0,0,0,0
211083,2,2,0,0,1,1,2
9503245,0,0,0,0,0,0,0
12068,0,0,0,0,0,0,0
9912272,0,0,0,0,0,0,0
9207201,0,0,0,0,0,0,0
207038,0,0,0,0,0,0,0
206186,1,1,0,0,0,1,5
9510397,1,1,0,0,1,0,0
7117,0,0,0,0,0,0,0
11142,0,0,0,0,0,0,0
206158,2,2,0,0,0,2,38
102084,0,0,0,0,0,0,0
208138,0,0,0,0,0,0,0
212311,0,0,0,0,0,0,0
201017,1,1,0,0,1,0,0
111429,0,0,0,0,0,0,0
9909359,0,0,0,0,0,0,0
9807208,0,0,0,0,0,0,0
9812500,0,0,0,0,0,0,0
9611436,0,0,0,0,0,0,0
9806452,0,0,0,0,0,0,0
11163,0,0,0,0,0,0,0
9308377,0,0,0,0,0,0,0
205253,0,0,0,0,0,0,0
9910353,0,0,0,0,0,0,0
9712289,0,0,0,0,0,0,0
110212,1,1,0,0,0,1,3
108106,3,1,2,2,1,2,2
104204,2,2,0,0,0,2,8
9810518,0,0,0,0,0,0,0
210070,0,0,0,0,0,0,0
109290,2,2,0,0,0,2,14
210378,1,1,0,0,0,1,6
9909264,0,0,0,0,0,0,0
212122,0,0,0,0,0,0,0
101228,0,0,0,0,0,0,0
9605450,0,0,0,0,0,0,0
9309315,0,0,0,0,0,0,0
9312332,0,0,0,0,0,0,0
9412383,1,1,0,0,0,1,2
107088,0,0,0,0,0,0,0
9912328,0,0,0,0,0,0,0
7200,0,0,0,0,0,0,0
3027,0,0,0,0,0,0,0
207073,0,0,0,0,0,0,0
9510320,0,0,0,0,0,0,0
211014,0,0,0,0,0,0,0
208100,0,0,0,0,0,0,0
209367,0,0,0,0,0,0,0
11305,2,2,0,0,0,2,3
9404251,1,1,0,0,1,0,0
9511353,0,0,0,0,0,0,0
9610512,0,0,0,0,0,0,0
9912536,0,0,0,0,0,0,0
2040,0,0,0,0,0,0,0
208254,0,0,0,0,0,0,0
9507412,0,0,0,0,0,0,0
9612215,1,1,0,0,0,1,2
106323,1,1,0,0,0,1,4
9807512,0,0,0,0,0,0,0
10095,1,1,0,0,0,1,1
201090,0,0,0,0,0,0,0
9810436,2,1,1,1,0,2,11
302079,0,0,0,0,0,0,0
9703461,0,0,0,0,0,0,0
9511235,0,0,0,0,0,0,0
10333,0,0,0,0,0,0,0
9912427,0,0,0,0,0,0,0
9907527,0,0,0,0,0,0,0
9904487,0,0,0,0,0,0,0
9511213,0,0,0,0,0,0,0
9602202,1,1,0,0,1,0,0
212243,0,0,0,0,0,0,0
208082,1,1,0,0,1,0,0
105301,0,0,0,0,0,0,0
210088,0,0,0,0,0,0,0
212111,0,0,0,0,0,0,0
9708309,1,1,0,0,0,1,1
6209,0,0,0,0,0,0,0
302217,0,0,0,0,0,0,0
1167,0,0,0,0,0,0,0
208020,0,0,0,0,0,0,0
103255,1,1,0,0,0,1,6
203077,0,0,0,0,0,0,0
5325,1,1,0,0,0,1,4
9505258,0,0,0,0,0,0,0
9907429,1,1,0,0,0,1,3
9911335,1,1,0,0,0,1,2
7214,0,0,0,0,0,0,0
101141,1,1,0,0,0,1,2
9703322,0,0,0,0,0,0,0
9407281,0,0,0,0,0,0,0
10109,0,0,0,0,0,0,0
212133,0,0,0,0,0,0,0
211056,0,0,0,0,0,0,0
209050,1,1,0,0,0,1,14
210051,0,0,0,0,0,0,0
8244,0,0,0,0,0,0,0
302258,0,0,0,0,0,0,0
9710412,0,0,0,0,0,0,0
9602401,0,0,0,0,0,0,0
9809391,1,1,0,0,1,0,0
11219,0,0,0,0,0,0,0
207029,0,0,0,0,0,0,0
212268,0,0,0,0,0,0,0
9602328,0,0,0,0,0,0,0
9809522,0,0,0,0,0,0,0
111446,0,0,0,0,0,0,0
9609336,0,0,0,0,0,0,0
9602231,0,0,0,0,0,0,0
9608370,0,0,0,0,0,0,0
9406355,0,0,0,0,0,0,0
203139,0,0,0,0,0,0,0
9902254,0,0,0,0,0,0,0
9905454,0,0,0,0,0,0,0
110229,0,0,0,0,0,0,0
211270,0,0,0,0,0,0,0
108251,1,1,0,0,0,1,5
205240,1,1,0,0,0,1,3
6048,1,1,0,0,0,1,2
110026,0,0,0,0,0,0,0
9808472,0,0,0,0,0,0,0
9809342,0,0,0,0,0,0,0
9602244,0,0,0,0,0,0,0
111386,0,0,0,0,0,0,0
103227,0,0,0,0,0,0,0
9211237,2,1,1,1,2,0,0
210417,1,1,0,0,0,1,1
9612472,1,1,0,0,1,0,0
3280,0,0,0,0,0,0,0
9601288,0,0,0,0,0,0,0
302099,0,0,0,0,0,0,0
112258,0,0,0,0,0,0,0
9282,0,0,0,0,0,0,0
9812414,0,0,0,0,0,0,0
7074,0,0,0,0,0,0,0
9908503,0,0,0,0,0,0,0
9912546,0,0,0,0,0,0,0
9712272,0,0,0,0,0,0,0
205016,0,0,0,0,0,0,0
212275,0,0,0,0,0,0,0
9253,0,0,0,0,0,0,0
9909247,0,0,0,0,0,0,0
9906388,0,0,0,0,0,0,0
104273,1,1,0,0,0,1,3
9709471,0,0,0,0,0,0,0
104177,0,0,0,0,0,0,0
302132,0,0,0,0,0,0,0
9711471,0,0,0,0,0,0,0
201239,0,0,0,0,0,0,0
203191,0,0,0,0,0,0,0
9605421,0,0,0,0,0,0,0
301020,0,0,0,0,0,0,0
9607375,1,1,0,0,1,0,0
9056,0,0,0,0,0,0,0
3250,1,1,0,0,1,0,0
111268,0,0,0,0,0,0,0
205178,0,0,0,0,0,0,0
210141,0,0,0,0,0,0,0
301220,0,0,0,0,0,0,0
9303300,1,1,0,0,1,0,0
9507313,0,0,0,0,0,0,0
302175,0,0,0,0,0,0,0
9310366,0,0,0,0,0,0,0
4022,0,0,0,0,0,0,0
206114,0,0,0,0,0,0,0
101021,0,0,0,0,0,0,0
9609494,0,0,0,0,0,0,0
9912285,0,0,0,0,0,0,0
9710311,0,0,0,0,0,0,0
4082,0,0,0,0,0,0,0
211192,0,0,0,0,0,0,0
209311,0,0,0,0,0,0,0
9510211,1,1,0,0,1,0,0
9808316,0,0,0,0,0,0,0
9706532,0,0,0,0,0,0,0
211456,0,0,0,0,0,0,0
9708318,0,0,0,0,0,0,0
302062,0,0,0,0,0,0,0
9511356,0,0,0,0,0,0,0
9902444,0,0,0,0,0,0,0
302246,0,0,0,0,0,0,0
9408258,0,0,0,0,0,0,0
201172,0,0,0,0,0,0,0
9809241,0,0,0,0,0,0,0
9607354,20,6,14,34,0,20,45
9501265,81,6,75,469,24,57,203
7136,6,3,3,4,1,5,19
9703353,104,6,98,716,24,80,325
9211333,4,2,2,2,4,0,0
9405368,39,7,32,161,14,25,30
9510378,48,7,41,129,17,31,94
9904480,13,6,7,15,0,13,64
9906434,80,6,74,559,1,79,639
9604412,66,21,45,96,1,65,702
9304219,1,1,0,0,1,0,0
9506461,49,12,37,211,12,37,123
9511337,24,5,19,68,19,5,5
106295,76,2,74,866,0,76,231
9303249,50,5,45,217,35,15,15
9609279,52,10,42,148,15,37,109
9803262,3,1,2,2,0,3,9
108245,9,2,7,15,0,9,138
108041,9,7,2,2,0,9,45
9602221,58,7,51,257,0,58,265
9905347,21,8,13,35,0,21,119
9306256,51,12,39,176,48,3,3
9511344,48,8,40,162,21,27,57
9404280,64,7,57,213,15,49,68
111179,9,4,5,7,2,7,41
9405265,1,1,0,0,1,0,0
9409320,12,3,9,17,12,0,0
9403250,26,4,22,68,7,19,33
9509207,8,2,6,13,6,2,2
9302288,38,9,29,93,17,21,21
9205230,71,18,53,192,71,0,0
9504292,72,6,66,283,1,71,291
2246,29,6,23,74,8,21,32
9712537,83,10,73,509,0,83,562
9812273,42,11,31,73,1,41,424
9503430,17,7,10,21,14,3,4
9911524,66,7,59,289,0,66,485
1306,14,7,7,17,0,14,237
9811265,37,6,31,117,1,36,158
9908294,3,1,2,2,1,2,3
9808254,21,4,17,80,1,20,22
9505395,23,2,21,58,16,7,10
9508247,47,2,45,290,4,43,104
9811460,13,8,5,8,1,12,98
9808284,10,5,5,9,2,8,12
9307344,18,7,11,23,8,10,23
9712278,9,3,6,12,0,9,27
9905220,114,17,97,322,25,89,204
9904301,22,2,20,97,0,22,62
9710406,8,2,6,20,4,4,5
9712381,3,3,0,0,2,1,5
9605319,99,4,95,768,33,66,106
9411373,1,1,0,0,0,1,2
9403203,8,4,4,7,2,6,10
9512368,10,4,6,11,10,0,0
9306205,107,35,72,228,50,57,65
9206203,29,8,21,52,29,0,0
9609443,48,6,42,233,3,45,81
9608352,25,3,22,61,5,20,50
9809464,0,0,0,0,0,0,0
110022,11,9,2,2,0,11,81
9711412,2,1,1,1,2,0,0
9510363,51,6,45,169,6,45,299
9809204,13,6,7,11,0,13,140
9705244,55,3,52,338,9,46,285
9801271,175,53,122,495,26,149,1152
9607448,20,3,17,68,4,16,48
9703286,20,1,19,86,1,19,70
9712353,7,2,5,10,0,7,26
9410413,5,3,2,2,3,2,2
9509325,41,5,36,169,5,36,110
105247,4,3,1,1,0,4,15
9705467,44,10,34,94,5,39,115
9710331,30,6,24,124,0,30,274
110411,6,5,1,1,0,6,54
9906290,2,2,0,0,0,2,11
9911369,25,5,20,62,4,21,75
9707213,26,14,12,19,8,18,68
9409375,115,10,105,891,43,72,112
9610345,78,10,68,353,10,68,147
9807254,26,3,23,67,3,23,120
9606444,18,3,15,51,4,14,26
9811235,30,12,18,38,5,25,48
9904220,49,4,45,355,0,49,373
9603208,141,13,128,841,17,124,971
9512265,3,2,1,1,0,3,22
9811270,14,5,9,20,2,12,40
9503232,9,6,3,5,9,0,0
9708390,32,5,27,128,6,26,28
9506321,6,3,3,4,1,5,5
9304249,9,3,6,16,5,4,4
9610534,33,4,29,215,4,29,29
9803389,180,21,159,1022,0,180,525
9506245,6,5,1,1,3,3,3
9311237,54,15,39,110,26,28,28
9811465,3,1,2,2,0,3,27
9712269,8,3,5,6,0,8,26
1086,69,16,53,190,69,0,0
9402298,25,5,20,64,21,4,4
9311363,6,2,4,6,6,0,0
9611333,23,6,17,51,5,18,51
9702276,30,3,27,136,8,22,57
9410293,25,8,17,68,4,21,97
9802379,60,2,58,465,1,59,154
9311215,35,3,32,110,4,31,78
9306290,42,5,37,210,14,28,28
9903239,12,5,7,15,0,12,140
9404270,221,37,184,1012,141,80,139
9811202,82,5,77,690,4,78,375
9911367,27,6,21,75,7,20,50
9607440,50,4,46,268,20,30,44
9508280,37,3,34,107,5,32,71
9708426,30,5,25,107,4,26,108
9509409,16,3,13,27,0,16,76
9910299,5,2,3,5,0,5,73
9602293,2,1,1,1,1,1,1
9910344,11,3,8,14,1,10,22
9804453,11,1,10,31,0,11,71
9804429,22,2,20,43,1,21,111
9311341,47,6,41,176,47,0,0
9803241,47,5,42,223,1,46,237
9905391,19,6,13,34,2,17,72
9507253,75,3,72,436,5,70,244
9801381,1,1,0,0,0,1,5
10321,22,1,21,60,1,21,194
9906478,83,6,77,724,1,82,753
9605342,85,21,64,225,9,76,328
9501257,9,5,4,10,2,7,19
9507314,12,1,11,28,0,12,28
6105,12,3,9,24,0,12,155
110107,1,1,0,0,0,1,8
210415,5,1,4,8,0,5,32
9802223,4,3,1,1,0,4,10
9304319,35,11,24,66,29,6,6
9808275,26,8,18,50,1,25,188
9311225,19,3,16,46,10,9,12
9209250,42,17,25,63,42,0,0
9611254,4,2,2,3,3,1,1
9808312,99,16,83,439,10,89,564
9704273,40,2,38,251,40,0,0
9606412,18,3,15,31,5,13,35
9510203,5,3,2,2,5,0,0
9511298,8,5,3,4,2,6,13
9610458,16,1,15,69,0,16,48
9305321,17,3,14,43,17,0,0
9605412,34,5,29,139,11,23,46
9611397,31,13,18,56,10,21,68
9909397,6,1,5,8,0,6,28
9812418,32,8,24,66,8,24,59
9902267,37,6,31,104,8,29,41
9905426,6,5,1,1,1,5,26
9802382,11,1,10,25,11,0,0
9411326,1,1,0,0,1,0,0
1004,2,1,1,1,2,0,0
4241,14,8,6,10,5,9,26
9307222,40,7,33,130,40,0,0
9507261,12,3,9,17,0,12,66
9907468,9,2,7,15,0,9,24
9802241,44,7,37,122,2,42,156
9408275,32,13,19,31,18,14,14
9508303,9,6,3,8,1,8,71
9507379,27,2,25,143,7,20,21
9803354,4,3,1,1,0,4,15
9502252,26,7,19,38,0,26,159
9901210,12,4,8,19,0,12,60
9705372,17,2,15,48,1,16,32
9501356,8,4,4,15,0,8,79
112117,50,8,42,117,1,49,118
9612359,8,6,2,3,0,8,41
102297,31,6,25,152,3,28,140
4210,25,9,16,28,0,25,168
9502388,13,7,6,8,1,12,48
9903468,18,7,11,34,0,18,57
9911345,11,8,3,4,3,8,9
9408391,22,4,18,75,8,14,19
9504406,4,2,2,2,0,4,8
105269,30,4,26,79,3,27,258
8012,22,8,14,19,12,10,39
9912275,3,3,0,0,0,3,8
9411255,17,5,12,16,5,12,12
9805418,11,5,6,13,0,11,21
105331,0,0,0,0,0,0,0
9902234,14,2,12,29,0,14,33
9707224,33,5,28,144,3,30,90
9404244,10,6,4,7,2,8,10
9309276,1,1,0,0,1,0,0
103330,3,2,1,1,2,1,4
9505410,20,4,16,43,2,18,32
9902310,51,4,47,302,1,50,496
6097,25,12,13,21,0,25,245
109047,4,3,1,1,0,4,5
105088,25,8,17,33,5,20,30
9901229,75,11,64,286,10,65,275
211169,1,1,0,0,0,1,18
111359,8,1,7,9,7,1,1
103217,26,6,20,71,0,26,282
9910371,7,4,3,5,0,7,48
9807378,7,4,3,6,6,1,2
109004,8,3,5,8,0,8,49
9904510,26,4,22,128,0,26,494
208260,0,0,0,0,0,0,0
9909335,5,2,3,3,5,0,0
9605350,2,2,0,0,2,0,0
106165,2,2,0,0,0,2,26
10103,8,5,3,3,0,8,62
9302220,6,4,2,2,4,2,4
9709364,41,2,39,231,1,40,137
9409329,23,3,20,84,15,8,8
9404257,6,3,3,6,4,2,2
9910205,58,12,46,164,23,35,162
9301231,16,8,8,18,4,12,12
9306278,5,3,2,2,4,1,2
9909243,10,4,6,8,2,8,38
9302267,23,4,19,47,10,13,13
109090,12,8,4,9,1,11,74
9144,14,5,9,16,1,13,165
9706501,28,6,22,56,1,27,171
3321,17,6,11,20,8,9,13
9806358,35,10,25,63,10,25,45
9609250,11,2,9,18,2,9,20
9503291,45,12,33,100,45,0,0
9808340,33,7,26,85,0,33,151
9610381,37,5,32,126,0,37,237
9705286,50,9,41,146,0,50,284
9404333,16,5,11,18,5,11,23
9706398,10,2,8,17,10,0,0
9701242,9,4,5,6,0,9,20
9507395,8,1,7,12,0,8,13
9504334,28,7,21,64,9,19,24
9703249,16,5,11,27,3,13,13
110020,10,3,7,20,0,10,133
9706337,7,5,2,2,3,4,9
9712213,16,2,14,26,1,15,128
9403243,40,13,27,52,40,0,0
9805288,12,8,4,9,4,8,9
9909541,28,5,23,62,1,27,142
9609226,25,7,18,56,1,24,82
9711368,8,6,2,2,0,8,26
9910424,5,5,0,0,0,5,69
9910209,52,8,44,217,1,51,390
9210266,9,6,3,5,9,0,0
9702273,9,8,1,1,1,8,24
9305346,3,2,1,1,3,0,0
9807298,13,4,9,16,0,13,43
9803229,23,3,20,77,0,23,84
9409212,38,12,26,56,5,33,91
9312237,21,5,16,33,2,19,32
9302232,68,7,61,387,68,0,0
9902250,19,7,12,27,6,13,31
9302256,11,4,7,14,11,0,0
9711447,3,1,2,3,3,0,0
9207268,16,4,12,20,16,0,0
9901356,2,2,0,0,0,2,2
9704406,28,2,26,114,1,27,132
9605395,13,7,6,15,7,6,8
9706289,0,0,0,0,0,0,0
9703417,20,5,15,40,2,18,100
9403292,20,12,8,29,19,1,1
9705297,1,1,0,0,1,0,0
9903519,5,1,4,7,1,4,12
9712286,3,2,1,1,3,0,0
9704318,5,3,2,2,2,3,3
9512433,19,5,14,34,1,18,111
9210227,25,9,16,30,18,7,7
9405424,18,3,15,41,1,17,31
9509352,17,2,15,46,1,16,68
9307243,49,6,43,301,39,10,20
9812429,4,3,1,2,0,4,6
9306322,24,3,21,104,10,14,14
9802424,27,2,25,92,27,0,0
9906378,6,5,1,1,1,5,38
9809206,11,7,4,5,2,9,49
107061,6,2,4,9,0,6,29
9705242,34,4,30,162,16,18,26
9812454,5,2,3,5,0,5,17
9511277,3,1,2,2,0,3,4
9806210,10,3,7,14,0,10,14
9909561,12,5,7,8,2,10,31
112279,11,4,7,22,0,11,31
9283,1,1,0,0,0,1,5
8110,5,1,4,9,0,5,10
9305251,34,9,25,61,34,0,0
9501404,11,5,6,16,1,10,37
9511266,10,6,4,7,1,9,49
9409342,2,2,0,0,0,2,6
9805502,1,1,0,0,0,1,1
1274,22,4,18,80,0,22,118
9403395,5,2,3,5,4,1,1
9605373,3,1,2,3,3,0,0
9508295,4,3,1,2,0,4,15
9605209,12,3,9,15,2,10,29
9209260,9,5,4,8,9,0,0
5121,11,3,8,17,0,11,65
9909214,9,4,5,15,1,8,26
9904318,8,1,7,26,0,8,37
9909399,3,1,2,3,0,3,14
9611369,12,3,9,13,1,11,16
3258,44,9,35,129,2,42,218
9902437,32,4,28,117,4,28,134
9811295,8,3,5,9,2,6,24
9512267,4,1,3,4,0,4,28
9801293,7,2,5,13,7,0,0
104284,29,4,25,93,0,29,182
9406347,10,5,5,8,10,0,0
9904354,3,2,1,1,1,2,2
207136,1,1,0,0,0,1,2
3271,5,2,3,5,0,5,16
9306211,3,2,1,1,3,0,0
9708300,13,3,10,21,0,13,37
9609265,8,7,1,3,0,8,24
9701262,2,2,0,0,0,2,7
9806475,7,3,4,6,0,7,43
9903534,11,8,3,4,1,10,47
9708201,4,2,2,3,2,2,5
9412287,2,2,0,0,1,1,2
9702214,8,3,5,15,3,5,11
9707316,40,3,37,132,0,40,217
9507258,3,2,1,1,1,2,2
9709205,14,3,11,26,2,12,27
9804244,4,4,0,0,0,4,9
9709420,17,4,13,32,0,17,32
9401238,8,4,4,7,1,7,7
9602353,15,9,6,9,2,13,29
109084,12,6,6,13,2,10,56
108242,4,2,2,2,1,3,8
9810243,6,3,3,4,2,4,21
9712292,6,6,0,0,4,2,2
9812487,20,6,14,47,0,20,130
9811255,5,2,3,4,0,5,23
204146,7,3,4,5,0,7,43
9907268,9,4,5,8,4,5,9
112138,7,4,3,6,0,7,40
109239,0,0,0,0,0,0,0
9705216,20,8,12,32,4,16,41
9802376,2,2,0,0,0,2,2
9904428,13,2,11,26,0,13,51
9903284,4,1,3,4,0,4,7
9809360,16,3,13,27,6,10,22
105089,8,5,3,7,0,8,67
111224,9,1,8,20,0,9,91
106291,19,3,16,43,14,5,6
9812519,1,1,0,0,1,0,0
9608393,13,5,8,14,7,6,19
9512233,1,1,0,0,1,0,0
106023,6,3,3,6,0,6,34
104174,13,4,9,21,0,13,159
9511439,2,2,0,0,2,0,0
9408204,11,5,6,9,11,0,0
1059,7,3,4,6,0,7,65
9808421,12,3,9,29,0,12,56
9610285,5,3,2,2,0,5,19
9806299,18,4,14,35,1,17,118
6184,10,4,6,9,3,7,17
9606340,2,1,1,1,0,2,2
9803271,3,3,0,0,1,2,7
9707540,14,4,10,28,1,13,160
9211242,4,2,2,3,4,0,0
103110,13,8,5,8,2,11,43
9812478,13,5,8,8,1,12,26
9702354,19,3,16,46,1,18,66
206202,0,0,0,0,0,0,0
205022,35,10,25,61,1,34,250
102245,11,5,6,10,2,9,16
110287,18,5,13,48,0,18,134
9507299,20,3,17,47,12,8,8
9801429,1,1,0,0,0,1,1
108139,28,3,25,109,0,28,261
110227,5,3,2,6,0,5,27
105224,6,2,4,9,0,6,51
10303,4,1,3,4,4,0,0
10087,12,4,8,27,0,12,220
202264,22,9,13,32,4,18,65
9309249,12,3,9,18,5,7,7
9912428,4,2,2,2,4,0,0
9307,2,2,0,0,0,2,9
9503332,16,3,13,38,2,14,39
9805390,14,3,11,26,0,14,31
9302281,7,5,2,4,7,0,0
9711369,7,3,4,6,5,2,2
9806434,6,2,4,9,0,6,32
9612328,19,1,18,45,0,19,57
9206222,8,5,3,6,8,0,0
9404211,6,1,5,12,5,1,1
9501405,40,9,31,83,13,27,38
110138,9,4,5,14,0,9,134
9710426,12,3,9,21,0,12,105
9902295,0,0,0,0,0,0,0
9603390,12,2,10,33,8,4,10
9810288,1,1,0,0,0,1,1
2054,4,1,3,3,0,4,50
103001,4,1,3,6,0,4,22
9309316,2,2,0,0,1,1,1
109007,1,1,0,0,0,1,6
9807425,7,4,3,3,0,7,17
9406299,21,2,19,104,17,4,6
302014,0,0,0,0,0,0,0
108221,12,2,10,24,0,12,150
9806488,6,3,3,6,1,5,12
9506406,7,2,5,6,0,7,29
9610437,7,1,6,12,4,3,3
9812534,1,1,0,0,0,1,1
9904336,25,5,20,53,1,24,257
9808364,4,1,3,4,0,4,23
9705395,11,2,9,24,0,11,47
9909388,18,4,14,38,1,17,67
9612369,2,2,0,0,1,1,1
9809495,1,1,0,0,0,1,7
9312229,7,2,5,6,6,1,1
9305323,8,4,4,4,8,0,0
9206240,5,2,3,4,5,0,0
2204,11,4,7,11,2,9,19
9902201,11,4,7,11,0,11,74
102013,32,3,29,136,1,31,196
105273,5,1,4,5,0,5,13
10100,6,5,1,2,0,6,23
9705333,16,4,12,54,1,15,50
101142,7,2,5,6,0,7,46
9612266,1,1,0,0,1,0,0
9710222,14,5,9,28,0,14,47
9180,2,2,0,0,0,2,8
9502287,1,1,0,0,0,1,1
9309,6,2,4,10,1,5,14
9909374,3,1,2,2,0,3,9
9512311,6,4,2,2,3,3,3
9907269,2,2,0,0,1,1,6
9411434,4,1,3,6,0,4,12
9711452,6,1,5,11,4,2,2
9702332,1,1,0,0,0,1,1
9708295,2,2,0,0,0,2,4
9605298,34,12,22,58,1,33,92
102036,2,1,1,1,0,2,10
9511424,9,5,4,7,6,3,4
9612278,4,2,2,2,2,2,2
9901419,4,3,1,1,0,4,7
9709505,1,1,0,0,1,0,0
9808236,6,6,0,0,2,4,25
9605347,6,3,3,3,0,6,26
9602294,1,1,0,0,0,1,3
9605267,1,1,0,0,1,0,0
9607244,9,2,7,13,9,0,0
110369,10,6,4,8,0,10,52
9811417,9,3,6,9,2,7,30
9904397,1,1,0,0,0,1,5
9412218,1,1,0,0,1,0,0
9505388,4,1,3,6,0,4,16
9912521,0,0,0,0,0,0,0
102343,15,5,10,26,1,14,107
9303210,4,3,1,1,4,0,0
9712436,2,1,1,1,0,2,4
101348,20,5,15,40,3,17,58
109102,14,1,13,30,1,13,41
9406342,4,1,3,3,4,0,0
107102,4,3,1,1,1,3,5
9405295,4,4,0,0,0,4,8
9803498,6,2,4,7,1,5,33
110199,1,1,0,0,0,1,15
9807422,9,4,5,10,0,9,15
9081,6,3,3,6,3,3,3
9803378,6,4,2,4,1,5,12
9302303,8,1,7,10,8,0,0
9710416,9,2,7,15,5,4,14
7033,1,1,0,0,0,1,3
9810456,9,1,8,14,9,0,0
9411310,8,4,4,5,5,3,6
9805416,18,2,16,23,13,5,7
9908377,4,2,2,2,0,4,10
9505421,5,3,2,2,5,0,0
6284,0,0,0,0,0,0,0
9905412,11,2,9,18,2,9,35
9605355,1,1,0,0,0,1,6
9604404,22,8,14,26,7,15,24
102256,4,3,1,1,0,4,29
9809461,1,1,0,0,0,1,7
9311375,7,3,4,8,5,2,2
4065,6,2,4,7,1,5,9
9712508,14,2,12,31,0,14,77
9908492,3,2,1,1,0,3,3
9812228,2,1,1,1,1,1,1
9708328,4,3,1,1,0,4,10
9808446,1,1,0,0,1,0,0
203273,6,1,5,10,0,6,32
9903483,6,2,4,5,0,6,24
9901430,13,3,10,30,3,10,10
9705265,3,3,0,0,0,3,6
9705299,3,2,1,1,1,2,4
9810443,3,2,1,1,0,3,25
208223,3,2,1,1,1,2,6
208157,12,3,9,25,1,11,19
9310375,1,1,0,0,0,1,1
9310344,5,4,1,2,5,0,0
209007,0,0,0,0,0,0,0
9905319,0,0,0,0,0,0,0
9712318,12,5,7,13,3,9,27
9707271,5,4,1,1,0,5,33
210286,1,1,0,0,0,1,9
209225,2,1,1,1,1,1,3
3291,4,4,0,0,0,4,16
106002,6,4,2,3,2,4,18
104057,11,5,6,10,0,11,101
2039,16,8,8,15,0,16,149
9806222,1,1,0,0,1,0,0
9038,11,2,9,22,1,10,19
9801427,1,1,0,0,0,1,2
9405378,3,3,0,0,3,0,0
9706273,5,2,3,4,3,2,4
9512212,2,1,1,1,0,2,7
9301225,12,4,8,16,12,0,0
9607255,3,3,0,0,1,2,2
9801344,10,3,7,11,1,9,30
9812477,0,0,0,0,0,0,0
9801370,3,1,2,2,0,3,7
9707496,7,3,4,4,0,7,50
12299,6,2,4,10,0,6,40
9604273,3,2,1,2,0,3,10
9609213,11,3,8,28,7,4,6
1215,1,1,0,0,0,1,1
106004,2,2,0,0,0,2,34
9905326,5,3,2,2,2,3,3
9706276,5,4,1,1,2,3,11
9606433,6,1,5,8,6,0,0
9810271,5,2,3,4,1,4,15
211095,1,1,0,0,0,1,10
9909268,4,4,0,0,0,4,17
205160,4,1,3,3,0,4,123
112108,29,18,11,26,0,29,303
9909534,3,3,0,0,0,3,29
9707449,4,2,2,2,0,4,36
9804402,1,1,0,0,0,1,1
11161,0,0,0,0,0,0,0
9801447,4,2,2,2,0,4,15
12358,2,2,0,0,0,2,3
9610402,13,2,11,26,0,13,49
105057,5,4,1,1,0,5,18
1260,3,3,0,0,0,3,21
110157,1,1,0,0,0,1,9
9701246,4,3,1,1,2,2,3
9507415,6,4,2,2,2,4,22
209337,7,4,3,6,0,7,99
109254,0,0,0,0,0,0,0
6293,1,1,0,0,0,1,20
5202,1,1,0,0,0,1,1
9503453,0,0,0,0,0,0,0
9309313,3,1,2,2,3,0,0
9604239,4,1,3,5,0,4,17
2133,8,7,1,2,2,6,11
9809555,5,1,4,6,0,5,17
9503262,5,4,1,1,2,3,37
210170,0,0,0,0,0,0,0
6142,0,0,0,0,0,0,0
9802425,3,2,1,1,0,3,14
2266,4,1,3,3,1,3,8
9032,1,1,0,0,1,0,0
209093,3,2,1,1,0,3,6
9311379,5,1,4,6,1,4,4
107105,5,4,1,2,0,5,15
9605329,1,1,0,0,0,1,3
9702238,10,2,8,21,10,0,0
106014,1,1,0,0,0,1,4
9703241,16,4,12,45,0,16,55
1161,5,2,3,5,0,5,15
9909381,7,3,4,7,2,5,24
9801226,6,4,2,3,4,2,3
9505286,2,1,1,1,2,0,0
9809404,2,2,0,0,1,1,2
207261,5,3,2,3,0,5,16
9207274,3,1,2,2,3,0,0
211414,2,2,0,0,0,2,9
9334,0,0,0,0,0,0,0
202101,4,4,0,0,0,4,47
9512307,9,7,2,2,4,5,8
106212,3,3,0,0,1,2,7
203003,12,8,4,5,0,12,80
204100,2,2,0,0,0,2,12
102001,8,3,5,13,0,8,34
8200,2,2,0,0,1,1,1
5245,16,4,12,26,0,16,58
9404303,10,3,7,12,10,0,0
9709262,4,4,0,0,0,4,28
9707304,2,2,0,0,1,1,3
9708218,2,1,1,1,0,2,15
302164,1,1,0,0,0,1,1
104168,1,1,0,0,0,1,8
9307277,5,5,0,0,4,1,1
9807556,0,0,0,0,0,0,0
9608255,4,3,1,1,1,3,9
9511471,2,2,0,0,1,1,1
9802400,3,2,1,1,3,0,0
107159,4,4,0,0,1,3,16
210045,1,1,0,0,0,1,7
205130,1,1,0,0,0,1,2
9902447,8,1,7,20,8,0,0
105338,3,2,1,1,1,2,8
9601219,2,2,0,0,2,0,0
9709222,0,0,0,0,0,0,0
9901216,5,2,3,4,0,5,32
9803216,7,3,4,6,4,3,3
8135,14,5,9,13,3,11,28
9811245,7,4,3,4,1,6,13
9309284,3,3,0,0,3,0,0
9902360,2,1,1,1,0,2,17
9802293,1,1,0,0,0,1,2
6007,4,2,2,2,0,4,16
212059,1,1,0,0,0,1,12
11201,4,4,0,0,0,4,27
209145,1,1,0,0,0,1,3
10134,4,2,2,2,1,3,5
9601376,13,2,11,38,0,13,23
9311304,3,2,1,1,1,2,5
9909570,4,3,1,1,0,4,24
7177,2,2,0,0,0,2,10
202041,1,1,0,0,0,1,7
9905516,0,0,0,0,0,0,0
207056,9,7,2,4,0,9,70
207130,0,0,0,0,0,0,0
11111,2,1,1,1,0,2,12
104276,1,1,0,0,0,1,12
210272,0,0,0,0,0,0,0
9807311,4,1,3,4,2,2,2
106099,14,7,7,16,1,13,70
206137,8,4,4,4,0,8,129
9909338,4,4,0,0,1,3,13
9812335,2,1,1,1,0,2,8
9310217,3,2,1,1,2,1,1
9303201,16,6,10,21,16,0,0
9708338,1,1,0,0,0,1,5
9812497,4,3,1,1,0,4,16
9912402,5,2,3,4,0,5,22
9604294,8,3,5,11,0,8,15
9908264,16,1,15,38,0,16,153
9704350,1,1,0,0,0,1,5
9604382,4,2,2,3,0,4,11
110357,1,1,0,0,0,1,4
302238,0,0,0,0,0,0,0
9903449,2,2,0,0,2,0,0
9708429,1,1,0,0,0,1,2
209043,4,2,2,4,0,4,48
3130,5,4,1,2,3,2,2
9906361,3,2,1,1,1,2,7
9801278,2,2,0,0,0,2,6
4108,1,1,0,0,0,1,9
110225,2,2,0,0,1,1,2
11122,2,2,0,0,1,1,2
12184,6,4,2,3,1,5,10
9608315,1,1,0,0,0,1,3
9606405,1,1,0,0,0,1,1
9909474,2,2,0,0,0,2,3
9908222,9,3,6,11,3,6,6
9308290,3,2,1,1,1,2,2
9710299,3,1,2,2,0,3,6
10207,14,4,10,27,2,12,61
208224,1,1,0,0,0,1,4
3279,7,3,4,5,0,7,16
206231,0,0,0,0,0,0,0
111032,8,6,2,2,0,8,55
9706374,4,4,0,0,0,4,36
10302,3,1,2,3,0,3,10
9906460,9,1,8,22,0,9,24
8215,2,1,1,1,2,0,0
10305,6,1,5,13,0,6,25
2284,0,0,0,0,0,0,0
9709413,3,3,0,0,1,2,4
9510249,3,1,2,2,2,1,6
9911269,1,1,0,0,0,1,2
9810236,0,0,0,0,0,0,0
9904441,6,3,3,4,4,2,3
9909547,4,1,3,4,4,0,0
204226,3,2,1,1,0,3,3
9711300,1,1,0,0,0,1,3
9503412,4,1,3,6,0,4,15
9406422,4,4,0,0,0,4,7
112281,4,2,2,3,0,4,18
210389,0,0,0,0,0,0,0
9609211,1,1,0,0,1,0,0
9508230,2,2,0,0,2,0,0
9910260,4,4,0,0,0,4,13
9064,0,0,0,0,0,0,0
9712489,1,1,0,0,1,0,0
9910436,3,1,2,3,0,3,9
202120,2,2,0,0,0,2,10
9710532,1,1,0,0,0,1,1
201053,6,2,4,10,0,6,17
1238,0,0,0,0,0,0,0
202011,3,1,2,2,0,3,4
211439,0,0,0,0,0,0,0
111402,1,1,0,0,0,1,2
9251,5,1,4,7,0,5,16
209111,0,0,0,0,0,0,0
9204220,6,3,3,4,6,0,0
9408206,3,3,0,0,0,3,3
9811513,3,3,0,0,1,2,5
8094,6,3,3,4,0,6,22
103226,2,2,0,0,1,1,4
201135,0,0,0,0,0,0,0
207217,1,1,0,0,0,1,1
204278,4,3,1,1,1,3,15
112248,0,0,0,0,0,0,0
101041,1,1,0,0,0,1,7
206260,0,0,0,0,0,0,0
204242,2,2,0,0,0,2,5
9905258,2,2,0,0,1,1,1
9804271,1,1,0,0,0,1,1
105030,2,2,0,0,0,2,5
9909221,1,1,0,0,0,1,7
212096,0,0,0,0,0,0,0
2303,3,3,0,0,1,2,6
9609523,2,1,1,1,0,2,3
107183,3,2,1,2,0,3,20
9607264,1,1,0,0,1,0,0
106294,1,1,0,0,0,1,13
9309221,2,2,0,0,2,0,0
108132,2,1,1,1,0,2,4
6020,1,1,0,0,0,1,2
9708399,1,1,0,0,0,1,3
207230,3,2,1,1,0,3,29
9906235,8,2,6,21,0,8,22
9901308,2,1,1,1,2,0,0
9707221,6,3,3,5,0,6,10
105024,0,0,0,0,0,0,0
209252,0,0,0,0,0,0,0
9806251,1,1,0,0,0,1,4
210060,1,1,0,0,0,1,11
9512350,0,0,0,0,0,0,0
9809323,1,1,0,0,0,1,3
108042,0,0,0,0,0,0,0
9712470,1,1,0,0,0,1,9
9903440,4,2,2,3,0,4,10
301253,0,0,0,0,0,0,0
206237,6,4,2,2,0,6,13
301112,1,1,0,0,0,1,2
9809335,0,0,0,0,0,0,0
9812531,4,1,3,3,3,1,2
112267,1,1,0,0,0,1,4
205329,6,3,3,5,0,6,48
9901353,0,0,0,0,0,0,0
111306,0,0,0,0,0,0,0
9703253,1,1,0,0,1,0,0
106102,1,1,0,0,0,1,1
112298,0,0,0,0,0,0,0
7130,2,2,0,0,2,0,0
110070,1,1,0,0,0,1,4
9706533,3,2,1,1,0,3,5
202172,2,2,0,0,0,2,6
9910533,0,0,0,0,0,0,0
8093,2,2,0,0,0,2,15
9702366,1,1,0,0,1,0,0
9903227,8,2,6,8,0,8,17
9601274,0,0,0,0,0,0,0
9911318,2,2,0,0,0,2,6
9901448,3,2,1,1,0,3,8
211096,1,1,0,0,0,1,5
9904453,0,0,0,0,0,0,0
2129,2,2,0,0,0,2,22
9905203,1,1,0,0,0,1,1
212347,0,0,0,0,0,0,0
112144,2,1,1,1,0,2,26
9808408,2,2,0,0,0,2,16
9912508,2,2,0,0,0,2,2
104313,1,1,0,0,1,0,0
106059,2,2,0,0,0,2,11
103056,3,2,1,2,0,3,21
9806465,0,0,0,0,0,0,0
202235,1,1,0,0,0,1,3
9704368,1,1,0,0,0,1,1
210172,1,1,0,0,0,1,1
9605391,1,1,0,0,1,0,0
9308297,0,0,0,0,0,0,0
203045,1,1,0,0,0,1,5
9610311,2,2,0,0,1,1,1
5010,0,0,0,0,0,0,0
9604366,11,7,4,6,11,0,0
111162,1,1,0,0,0,1,2
9501211,0,0,0,0,0,0,0
9807382,6,5,1,1,0,6,13
110145,1,1,0,0,0,1,7
9406402,4,2,2,2,4,0,0
101152,1,1,0,0,0,1,3
9512377,5,2,3,3,4,1,1
211287,5,4,1,1,0,5,67
9803326,0,0,0,0,0,0,0
108224,4,2,2,3,0,4,53
9906410,2,1,1,1,0,2,4
102169,5,1,4,10,0,5,70
9702269,0,0,0,0,0,0,0
104216,2,2,0,0,0,2,4
12148,1,1,0,0,0,1,3
110389,0,0,0,0,0,0,0
9903225,0,0,0,0,0,0,0
9910500,2,1,1,1,1,1,6
212324,0,0,0,0,0,0,0
9165,2,2,0,0,1,1,1
101065,2,1,1,1,2,0,0
203262,0,0,0,0,0,0,0
9812211,2,1,1,1,0,2,3
9412241,0,0,0,0,0,0,0
9308321,2,2,0,0,0,2,2
9905399,4,1,3,3,1,3,11
9403275,1,1,0,0,0,1,2
2188,1,1,0,0,0,1,1
9809591,0,0,0,0,0,0,0
202033,0,0,0,0,0,0,0
9601270,2,1,1,1,2,0,0
9512402,0,0,0,0,0,0,0
9807548,0,0,0,0,0,0,0
9603418,1,1,0,0,1,0,0
2187,1,1,0,0,0,1,3
202220,0,0,0,0,0,0,0
6113,1,1,0,0,0,1,1
9409359,0,0,0,0,0,0,0
208018,0,0,0,0,0,0,0
9412376,0,0,0,0,0,0,0
204007,0,0,0,0,0,0,0
9609366,1,1,0,0,0,1,2
9501396,1,1,0,0,1,0,0
112065,0,0,0,0,0,0,0
212166,2,1,1,1,0,2,31
301092,2,1,1,1,0,2,51
9808259,0,0,0,0,0,0,0
9911354,0,0,0,0,0,0,0
208108,1,1,0,0,0,1,1
9807444,0,0,0,0,0,0,0
11348,4,2,2,2,0,4,14
10288,2,2,0,0,0,2,2
207198,0,0,0,0,0,0,0
9601258,1,1,0,0,1,0,0
9903263,1,1,0,0,1,0,0
9612452,0,0,0,0,0,0,0
9712480,0,0,0,0,0,0,0
301217,0,0,0,0,0,0,0
9706528,1,1,0,0,0,1,2
7156,0,0,0,0,0,0,0
9612371,0,0,0,0,0,0,0
208004,1,1,0,0,0,1,4
3096,0,0,0,0,0,0,0
9608453,2,1,1,1,0,2,6
210429,2,2,0,0,0,2,17
101153,0,0,0,0,0,0,0
9504253,1,1,0,0,1,0,0
9907354,2,1,1,1,1,1,3
9905482,1,1,0,0,0,1,4
301051,0,0,0,0,0,0,0
210250,1,1,0,0,1,0,0
301216,1,1,0,0,0,1,6
9911439,1,1,0,0,0,1,1
211342,2,2,0,0,0,2,14
301267,0,0,0,0,0,0,0
106236,0,0,0,0,0,0,0
9801343,0,0,0,0,0,0,0
201113,3,3,0,0,0,3,10
9906405,0,0,0,0,0,0,0
106137,1,1,0,0,0,1,3
9810368,1,1,0,0,1,0,0
101178,0,0,0,0,0,0,0
106220,1,1,0,0,0,1,5
9307206,3,1,2,2,3,0,0
210224,1,1,0,0,0,1,4
9807338,2,2,0,0,0,2,3
9909261,1,1,0,0,0,1,2
2219,0,0,0,0,0,0,0
9901275,0,0,0,0,0,0,0
111449,0,0,0,0,0,0,0
9910502,2,2,0,0,0,2,4
9507224,0,0,0,0,0,0,0
9903548,0,0,0,0,0,0,0
9604263,0,0,0,0,0,0,0
9807370,0,0,0,0,0,0,0
9904261,7,5,2,3,1,6,19
110261,5,1,4,5,0,5,8
207071,1,1,0,0,0,1,7
9908487,0,0,0,0,0,0,0
201190,1,1,0,0,0,1,1
9604374,0,0,0,0,0,0,0
9205226,1,1,0,0,1,0,0
9512228,1,1,0,0,0,1,6
205297,1,1,0,0,0,1,1
112229,1,1,0,0,0,1,4
202045,1,1,0,0,0,1,1
109131,0,0,0,0,0,0,0
208013,0,0,0,0,0,0,0
8322,1,1,0,0,0,1,2
201304,3,3,0,0,0,3,39
207337,1,1,0,0,0,1,4
207340,0,0,0,0,0,0,0
106131,1,1,0,0,0,1,23
109284,0,0,0,0,0,0,0
9808226,1,1,0,0,0,1,2
3257,0,0,0,0,0,0,0
9512221,1,1,0,0,1,0,0
212271,1,1,0,0,0,1,8
3295,0,0,0,0,0,0,0
9406376,0,0,0,0,0,0,0
302167,0,0,0,0,0,0,0
9809214,1,1,0,0,0,1,7
8175,0,0,0,0,0,0,0
206175,0,0,0,0,0,0,0
108259,2,2,0,0,0,2,3
9902246,0,0,0,0,0,0,0
9209235,2,2,0,0,2,0,0
209040,1,1,0,0,0,1,2
105120,2,2,0,0,0,2,10
105038,0,0,0,0,0,0,0
9805391,0,0,0,0,0,0,0
207025,1,1,0,0,1,0,0
9208,1,1,0,0,1,0,0
10200,0,0,0,0,0,0,0
9905547,0,0,0,0,0,0,0
1076,0,0,0,0,0,0,0
9206263,2,1,1,1,2,0,0
9908476,0,0,0,0,0,0,0
110360,2,1,1,1,0,2,7
205209,0,0,0,0,0,0,0
9705325,0,0,0,0,0,0,0
110042,0,0,0,0,0,0,0
9904265,1,1,0,0,0,1,1
207204,1,1,0,0,0,1,5
301016,0,0,0,0,0,0,0
9712208,0,0,0,0,0,0,0
104233,0,0,0,0,0,0,0
101140,1,1,0,0,0,1,2
9258,0,0,0,0,0,0,0
207361,0,0,0,0,0,0,0
110226,0,0,0,0,0,0,0
9909213,0,0,0,0,0,0,0
9807409,1,1,0,0,0,1,5
105341,0,0,0,0,0,0,0
209251,0,0,0,0,0,0,0
9603296,0,0,0,0,0,0,0
9805479,1,1,0,0,1,0,0
9803233,0,0,0,0,0,0,0
9902398,0,0,0,0,0,0,0
106222,3,2,1,1,0,3,3
9506232,1,1,0,0,0,1,2
9606304,0,0,0,0,0,0,0
301278,0,0,0,0,0,0,0
109040,0,0,0,0,0,0,0
211269,0,0,0,0,0,0,0
9309304,0,0,0,0,0,0,0
9508333,1,1,0,0,1,0,0
211431,1,1,0,0,0,1,6
9503446,1,1,0,0,0,1,3
210074,1,1,0,0,0,1,3
110171,1,1,0,0,0,1,1
9804272,1,1,0,0,1,0,0
111468,2,2,0,0,1,1,2
4167,0,0,0,0,0,0,0
9608237,0,0,0,0,0,0,0
9711209,0,0,0,0,0,0,0
212079,0,0,0,0,0,0,0
201202,1,1,0,0,0,1,1
112048,1,1,0,0,0,1,5
212002,1,1,0,0,0,1,7
3173,2,2,0,0,0,2,5
9098,0,0,0,0,0,0,0
9912259,0,0,0,0,0,0,0
204045,0,0,0,0,0,0,0
109251,0,0,0,0,0,0,0
9094,0,0,0,0,0,0,0
207193,0,0,0,0,0,0,0
9610416,0,0,0,0,0,0,0
9805462,1,1,0,0,0,1,3
9912375,1,1,0,0,0,1,2
301228,0,0,0,0,0,0,0
9811458,0,0,0,0,0,0,0
9810422,0,0,0,0,0,0,0
109244,1,1,0,0,1,0,0
211449,0,0,0,0,0,0,0
212386,1,1,0,0,0,1,14
9706549,0,0,0,0,0,0,0
210093,0,0,0,0,0,0,0
9804424,0,0,0,0,0,0,0
211429,0,0,0,0,0,0,0
6194,2,1,1,1,1,1,2
110298,0,0,0,0,0,0,0
111281,0,0,0,0,0,0,0
12166,0,0,0,0,0,0,0
9204,0,0,0,0,0,0,0
9611214,0,0,0,0,0,0,0
212318,0,0,0,0,0,0,0
9606252,0,0,0,0,0,0,0
9906279,0,0,0,0,0,0,0
103323,1,1,0,0,0,1,1
9406308,1,1,0,0,1,0,0
9904215,2,2,0,0,0,2,4
9805374,1,1,0,0,0,1,11
9405409,0,0,0,0,0,0,0
9808495,0,0,0,0,0,0,0
205123,0,0,0,0,0,0,0
103019,1,1,0,0,0,1,5
201035,0,0,0,0,0,0,0
212034,0,0,0,0,0,0,0
207354,0,0,0,0,0,0,0
9611365,0,0,0,0,0,0,0
9609513,0,0,0,0,0,0,0
101332,1,1,0,0,0,1,22
9309205,1,1,0,0,0,1,7
9812330,0,0,0,0,0,0,0
212013,0,0,0,0,0,0,0
9712510,0,0,0,0,0,0,0
107242,0,0,0,0,0,0,0
9907252,0,0,0,0,0,0,0
101346,1,1,0,0,1,0,0
106007,0,0,0,0,0,0,0
203245,0,0,0,0,0,0,0
8264,0,0,0,0,0,0,0
5312,0,0,0,0,0,0,0
9809278,0,0,0,0,0,0,0
9908477,0,0,0,0,0,0,0
11171,0,0,0,0,0,0,0
210338,0,0,0,0,0,0,0
9169,1,1,0,0,1,0,0
302069,0,0,0,0,0,0,0
9511394,0,0,0,0,0,0,0
9910482,0,0,0,0,0,0,0
212239,0,0,0,0,0,0,0
7239,0,0,0,0,0,0,0
210064,0,0,0,0,0,0,0
9509302,0,0,0,0,0,0,0
102212,0,0,0,0,0,0,0
103347,0,0,0,0,0,0,0
9509266,0,0,0,0,0,0,0
103325,1,1,0,0,0,1,5
9711343,0,0,0,0,0,0,0
211004,0,0,0,0,0,0,0
9412240,1,1,0,0,1,0,0
9506414,0,0,0,0,0,0,0
110406,0,0,0,0,0,0,0
9810540,1,1,0,0,0,1,7
2281,0,0,0,0,0,0,0
209157,0,0,0,0,0,0,0
6191,0,0,0,0,0,0,0
302066,0,0,0,0,0,0,0
3227,0,0,0,0,0,0,0
9605402,0,0,0,0,0,0,0
202230,0,0,0,0,0,0,0
9809361,0,0,0,0,0,0,0
211031,0,0,0,0,0,0,0
111423,0,0,0,0,0,0,0
9508355,0,0,0,0,0,0,0
111273,0,0,0,0,0,0,0
9612488,0,0,0,0,0,0,0
11108,1,1,0,0,1,0,0
9906353,0,0,0,0,0,0,0
3106,0,0,0,0,0,0,0
9807328,0,0,0,0,0,0,0
9609259,0,0,0,0,0,0,0
9707397,0,0,0,0,0,0,0
9609406,0,0,0,0,0,0,0
12112,0,0,0,0,0,0,0
9611309,0,0,0,0,0,0,0
301161,0,0,0,0,0,0,0
9512214,0,0,0,0,0,0,0
9505291,1,1,0,0,1,0,0
212168,0,0,0,0,0,0,0
9611297,21,5,16,28,2,19,45
9512380,487,40,447,3512,174,313,1442
7256,36,14,22,71,2,34,144
9704423,159,4,155,1766,37,122,399
9302244,28,6,22,78,28,0,0
9406203,47,6,41,159,0,47,90
9908362,52,12,40,161,52,0,0
9907243,19,5,14,56,1,18,94
9906497,11,4,7,16,6,5,8
9606354,57,22,35,78,33,24,46
301097,0,0,0,0,0,0,0
9511282,3,1,2,3,2,1,2
9512292,27,5,22,60,4,23,24
108235,7,4,3,3,0,7,70
9312210,39,10,29,150,23,16,20
9609311,7,3,4,4,0,7,22
9804331,2,1,1,1,1,1,1
109166,36,16,20,39,30,6,13
111297,1,1,0,0,0,1,12
9602390,22,3,19,49,7,15,24
9905468,2,1,1,1,1,1,6
9306265,5,3,2,2,5,0,0
9603368,38,5,33,111,14,24,55
9406430,46,9,37,153,25,21,44
111245,23,7,16,39,0,23,286
102263,0,0,0,0,0,0,0
9603434,1,1,0,0,0,1,1
9406363,74,8,66,262,39,35,35
9509378,15,5,10,17,15,0,0
9610383,3,2,1,1,1,2,2
9212245,18,6,12,46,18,0,0
9504312,46,5,41,163,3,43,159
3058,77,23,54,154,3,74,679
9801327,11,2,9,20,4,7,26
9812282,108,10,98,603,7,101,484
9805238,24,1,23,80,7,17,23
9912358,85,16,69,238,10,75,442
1311,2,1,1,1,2,0,0
9811266,17,10,7,19,0,17,169
9909206,7,3,4,4,1,6,35
9808277,22,5,17,60,3,19,26
9605273,96,10,86,452,42,54,160
9611277,39,2,37,157,8,31,111
9812222,10,2,8,13,10,0,0
9810272,34,9,25,100,0,34,272
9311227,15,9,6,9,4,11,27
9712281,6,5,1,1,6,0,0
9910335,14,5,9,14,13,1,1
9910230,20,1,19,68,0,20,56
9606289,45,4,41,159,32,13,13
9811381,4,1,3,5,4,0,0
9807253,6,3,3,6,0,6,31
9502219,13,2,11,30,4,9,19
9505295,7,4,3,4,1,6,20
9703209,54,9,45,131,9,45,111
9406366,4,4,0,0,1,3,7
9303270,157,23,134,872,157,0,0
9612447,68,3,65,500,12,56,85
9612397,38,4,34,155,17,21,41
9206238,14,13,1,1,14,0,0
111262,1,1,0,0,0,1,10
9712401,28,3,25,71,17,11,16
9511462,12,6,6,6,1,11,77
9305348,101,16,85,488,101,0,0
9711402,38,7,31,99,4,34,128
9204201,7,5,2,2,7,0,0
9607487,39,4,35,172,1,38,253
9703312,23,3,20,94,0,23,136
9712499,34,4,30,101,4,30,268
9411318,8,3,5,7,8,0,0
9709301,22,11,11,25,1,21,133
105252,4,4,0,0,0,4,7
9706520,50,11,39,133,4,46,300
9801363,39,3,36,169,7,32,56
9409443,41,16,25,127,22,19,22
9910297,2,2,0,0,0,2,8
9908255,27,2,25,84,1,26,115
9806515,12,3,9,17,3,9,23
9606211,245,24,221,1723,26,219,955
9711384,36,6,30,97,2,34,233
9902208,15,7,8,12,3,12,27
9304302,21,7,14,41,20,1,2
9812267,20,3,17,42,0,20,106
9904234,22,2,20,163,0,22,328
9603420,97,3,94,864,10,87,586
9503227,2,1,1,1,2,0,0
9901341,9,2,7,14,7,2,4
9505250,11,3,8,17,11,0,0
9712385,15,3,12,27,0,15,100
9602334,16,4,12,30,3,13,29
9311213,23,2,21,87,21,2,6
9702245,72,6,66,567,14,58,59
9804332,63,7,56,293,4,59,75
9603218,10,5,5,10,4,6,6
9501376,35,8,27,74,22,13,15
9812433,2,2,0,0,0,2,16
9908342,9,6,3,4,1,8,17
2258,30,14,16,57,3,27,440
9405257,29,4,25,58,29,0,0
9507372,4,2,2,3,3,1,1
9607215,15,3,12,32,4,11,11
9711287,70,6,64,591,16,54,123
9906475,46,7,39,173,0,46,346
9405304,55,9,46,253,9,46,107
9312220,28,1,27,98,3,25,56
9312235,33,5,28,155,33,0,0
9401220,23,14,9,20,13,10,10
9501381,5,3,2,2,3,2,4
9907282,15,2,13,32,15,0,0
9607355,67,6,61,352,41,26,26
9608322,85,6,79,432,23,62,104
9612286,17,14,3,4,4,13,56
9712210,5,1,4,7,1,4,9
9512263,38,7,31,131,35,3,3
9910334,9,4,5,9,0,9,35
9603290,14,2,12,31,4,10,18
9910367,13,7,6,11,3,10,14
9606463,18,3,15,50,0,18,98
9806205,59,3,56,245,6,53,208
9312319,103,7,96,692,99,4,4
9803400,39,8,31,71,5,34,77
9905551,15,2,13,31,0,15,49
9507428,6,2,4,6,6,0,0
9802414,20,3,17,72,5,15,20
11333,105,16,89,456,4,101,1094
9906512,100,2,98,1073,1,99,628
9206230,30,9,21,74,30,0,0
9502311,8,5,3,4,4,4,17
9603293,3,2,1,1,3,0,0
7034,11,5,6,14,0,11,90
9401310,97,20,77,259,97,0,0
208156,2,2,0,0,1,1,3
9211296,7,4,3,3,7,0,0
9407303,31,12,19,51,28,3,4
9810374,29,11,18,34,2,27,134
9312248,51,11,40,136,51,0,0
9410310,51,5,46,176,29,22,30
9612229,17,5,12,16,2,15,124
9210229,24,5,19,59,24,0,0
1122,26,4,22,87,0,26,70
9608336,14,2,12,18,0,14,53
9510218,4,3,1,1,2,2,2
9601393,4,4,0,0,0,4,11
9611312,17,1,16,89,11,6,19
9310210,55,10,45,322,55,0,0
9712271,33,3,30,108,20,13,54
9701398,31,8,23,65,4,27,118
9911295,6,2,4,10,0,6,48
9901358,38,7,31,185,1,37,86
9904248,50,14,36,101,7,43,215
9812260,32,5,27,145,6,26,47
9603212,50,11,39,199,10,40,88
9501390,17,4,13,34,5,12,39
6179,6,3,3,3,4,2,6
9701222,25,7,18,59,19,6,12
9401348,8,4,4,8,8,0,0
9511469,9,9,0,0,2,7,34
5183,17,3,14,32,0,17,42
9802374,30,4,26,61,0,30,99
9504373,31,12,19,32,6,25,33
9512341,17,3,14,29,7,10,37
9510309,100,4,96,684,16,84,209
9905390,55,5,50,348,0,55,190
9503388,10,4,6,20,0,10,91
9906271,8,3,5,7,3,5,13
9909438,8,4,4,8,0,8,28
9503307,15,4,11,36,0,15,87
112255,41,13,28,56,0,41,157
9703260,7,4,3,4,0,7,26
102304,16,3,13,65,0,16,186
6116,13,4,9,22,0,13,153
9508249,65,4,61,320,8,57,215
9903501,30,4,26,129,0,30,135
9612376,8,8,0,0,0,8,49
9408392,12,3,9,33,2,10,24
9710313,29,7,22,98,10,19,48
106207,113,4,109,615,75,38,75
11307,26,6,20,62,2,24,81
9302249,40,10,30,89,40,0,0
9504335,8,3,5,8,0,8,11
101133,10,4,6,9,1,9,63
7099,27,3,24,83,2,25,102
9902484,30,4,26,94,1,29,225
9708343,4,3,1,2,0,4,31
9511347,7,3,4,10,1,6,11
9503374,5,3,2,4,1,4,6
9304289,11,2,9,15,11,0,0
9607370,28,11,17,50,6,22,50
9904211,91,7,84,595,0,91,460
9909255,83,9,74,341,0,83,563
110409,12,7,5,6,1,11,99
109115,44,11,33,138,0,44,900
11270,24,9,15,24,4,20,171
211296,3,2,1,1,1,2,3
201114,10,4,6,13,0,10,86
104052,22,7,15,26,1,21,86
109028,2,2,0,0,0,2,11
9405318,4,4,0,0,1,3,5
109085,25,2,23,157,0,25,151
9909232,29,5,24,67,0,29,618
2071,29,10,19,50,1,28,91
9207278,26,10,16,33,26,0,0
9411383,12,5,7,8,1,11,35
107156,9,6,3,4,0,9,74
101278,16,6,10,14,0,16,152
9206216,14,5,9,16,14,0,0
9709397,49,4,45,251,9,40,126
9509201,25,3,22,77,6,19,23
9901443,16,6,10,25,0,16,217
9912240,6,1,5,7,3,3,15
9307252,13,5,8,21,13,0,0
9811444,23,10,13,17,20,3,3
9912321,2,1,1,1,0,2,7
9412361,6,4,2,2,3,3,9
109197,18,9,9,26,1,17,256
9156,6,3,3,7,0,6,50
9707243,18,4,14,49,1,17,70
4120,2,2,0,0,0,2,2
9807245,2,2,0,0,0,2,2
9702311,2,2,0,0,0,2,2
9509311,71,14,57,188,14,57,102
9503226,15,9,6,8,7,8,11
9609504,14,4,10,24,0,14,104
9706369,10,3,7,13,0,10,102
9411388,10,4,6,14,10,0,0
9708228,12,2,10,18,0,12,49
9406287,29,5,24,119,29,0,0
9509324,23,2,21,66,23,0,0
9511258,11,5,6,14,3,8,12
9512387,10,5,5,6,9,1,1
112045,18,5,13,25,3,15,38
9708214,8,3,5,9,0,8,85
9712535,35,4,31,121,0,35,252
9503437,17,7,10,14,9,8,9
9903459,11,2,9,20,6,5,10
9910464,11,3,8,17,0,11,81
9301229,40,8,32,167,40,0,0
9805309,3,3,0,0,0,3,12
1286,34,12,22,53,1,33,398
9904479,3,2,1,1,1,2,4
5067,2,1,1,1,0,2,3
9702274,49,12,37,97,42,7,8
9401312,46,14,32,102,37,9,9
9808291,8,3,5,7,1,7,30
9803351,24,5,19,47,3,21,102
9607217,17,10,7,9,9,8,11
9402308,5,3,2,5,0,5,12
9310204,4,2,2,3,4,0,0
9902255,30,6,24,67,0,30,171
9912386,0,0,0,0,0,0,0
9805443,2,1,1,1,0,2,5
9403257,25,7,18,37,14,11,11
9906428,4,4,0,0,4,0,0
9710427,37,1,36,208,0,37,299
9702282,17,5,12,36,0,17,44
9508309,2,2,0,0,2,0,0
9705205,3,3,0,0,1,2,2
9405400,22,8,14,35,12,10,13
9705466,4,3,1,1,0,4,14
9412329,7,4,3,3,3,4,6
9802248,9,3,6,15,0,9,71
9707393,22,8,14,46,5,17,37
9602272,28,2,26,103,1,27,114
9307210,17,6,11,20,16,1,1
9406268,13,4,9,34,0,13,28
9512202,8,2,6,12,0,8,33
9205243,36,8,28,115,36,0,0
9902429,2,2,0,0,0,2,4
9509299,26,6,20,120,2,24,99
9809424,8,4,4,8,0,8,29
103328,7,4,3,4,0,7,13
9809234,10,6,4,4,1,9,87
9609325,11,2,9,19,3,8,16
9705267,12,6,6,19,3,9,18
9606381,15,1,14,41,0,15,80
9511349,9,3,6,8,0,9,55
9809209,3,2,1,1,0,3,38
11183,4,2,2,3,0,4,30
9606486,27,4,23,82,27,0,0
9806470,2,2,0,0,0,2,2
9404349,8,2,6,8,3,5,5
9310227,27,5,22,50,22,5,5
9507240,39,7,32,158,6,33,114
9806217,3,3,0,0,0,3,5
107220,6,1,5,10,0,6,122
9810301,11,4,7,10,0,11,44
2050,20,5,15,58,1,19,235
9406379,5,4,1,1,4,1,2
9407296,33,12,21,74,6,27,84
9511206,7,6,1,1,0,7,24
9302320,3,1,2,3,3,0,0
9501236,5,2,3,3,5,0,0
9311368,11,6,5,15,11,0,0
9909472,9,3,6,16,2,7,31
9904355,30,3,27,192,0,30,272
9909562,9,3,6,11,0,9,40
9810419,6,3,3,3,6,0,0
5297,30,3,27,82,1,29,123
9907264,19,2,17,52,2,17,80
4269,9,2,7,20,2,7,54
9601287,10,6,4,8,6,4,4
9806240,7,2,5,6,2,5,5
107048,24,6,18,63,0,24,265
9409201,4,2,2,2,0,4,7
9910341,12,1,11,23,4,8,14
206148,5,4,1,1,0,5,24
9904334,9,2,7,14,2,7,19
9604416,51,6,45,198,14,37,65
9709300,2,1,1,1,0,2,3
9311264,20,11,9,15,20,0,0
9702310,9,6,3,4,0,9,144
9807250,10,4,6,12,4,6,7
9911302,34,10,24,64,1,33,149
9306269,12,5,7,17,12,0,0
9211227,3,2,1,2,3,0,0
9710563,2,2,0,0,0,2,5
9708348,34,8,26,61,0,34,93
9710268,21,4,17,44,0,21,54
9710280,12,2,10,28,4,8,9
9804439,7,3,4,4,0,7,24
9907384,10,5,5,6,1,9,21
9708432,3,3,0,0,0,3,3
9707410,3,2,1,1,0,3,8
109117,12,3,9,20,1,11,150
9905392,26,8,18,46,8,18,33
9811303,14,6,8,12,6,8,10
9307284,3,2,1,1,1,2,2
9911299,16,6,10,12,1,15,56
9901302,2,1,1,1,0,2,4
204343,8,3,5,6,0,8,37
108008,1,1,0,0,0,1,2
9803212,14,2,12,29,5,9,26
9507375,5,4,1,1,5,0,0
9703439,8,2,6,10,2,6,7
9712347,5,3,2,3,3,2,2
9906366,18,3,15,41,1,17,77
9407254,1,1,0,0,0,1,1
9609323,17,1,16,47,2,15,72
106283,3,3,0,0,0,3,5
112103,24,7,17,30,1,23,199
108199,30,4,26,91,3,27,61
9807486,8,3,5,8,1,7,17
9602356,9,2,7,13,1,8,9
9611253,41,7,34,128,5,36,84
9506471,15,4,11,23,7,8,20
104225,8,4,4,7,0,8,182
9407244,11,4,7,12,9,2,2
9410363,2,1,1,1,2,0,0
9509208,12,2,10,29,3,9,11
9901381,15,5,10,22,15,0,0
9610510,2,1,1,1,0,2,18
9812230,14,1,13,35,1,13,21
9712345,5,2,3,8,0,5,10
9401276,11,3,8,19,11,0,0
9912429,1,1,0,0,0,1,10
9802312,9,3,6,6,0,9,33
9212252,5,3,2,3,0,5,5
108272,5,3,2,2,5,0,0
9812522,25,4,21,50,1,24,82
9805225,12,1,11,36,3,9,9
105121,9,3,6,10,1,8,38
2242,17,6,11,30,2,15,68
105188,14,5,9,26,2,12,46
111215,12,3,9,23,0,12,144
9708216,11,2,9,12,3,8,20
9903407,10,2,8,17,0,10,91
112230,8,5,3,8,1,7,86
201233,12,3,9,19,12,0,0
107113,11,1,10,34,0,11,39
9602420,2,2,0,0,1,1,2
107264,15,5,10,32,0,15,116
203051,9,2,7,13,0,9,71
2208,5,1,4,7,0,5,28
9611361,9,1,8,18,9,0,0
102010,22,3,19,58,4,18,57
9601309,18,5,13,41,0,18,87
9607253,13,3,10,25,13,0,0
9503219,23,7,16,39,9,14,28
9810425,15,1,14,23,0,15,29
9905226,29,15,14,23,0,29,283
9704377,35,3,32,111,4,31,82
5253,9,4,5,7,1,8,33
9411417,2,2,0,0,1,1,1
9507407,9,7,2,4,1,8,16
9701347,1,1,0,0,0,1,3
9505211,5,2,3,4,5,0,0
9506474,4,4,0,0,1,3,6
9606466,6,2,4,9,0,6,30
3249,3,2,1,1,1,2,5
9408365,7,5,2,7,0,7,22
106094,3,1,2,3,0,3,18
9407391,3,3,0,0,2,1,2
4246,5,1,4,6,0,5,16
3320,8,2,6,11,0,8,24
9407338,21,5,16,72,17,4,4
1333,5,2,3,3,1,4,15
112030,11,4,7,20,0,11,140
9405412,10,9,1,1,6,4,9
9212226,31,6,25,70,25,6,6
9612399,4,1,3,3,4,0,0
9901428,1,1,0,0,0,1,14
9906452,23,3,20,121,1,22,93
9901314,11,7,4,7,2,9,34
9707227,8,1,7,10,0,8,177
9601254,5,2,3,4,2,3,3
9811274,2,2,0,0,0,2,13
9902202,1,1,0,0,0,1,25
9609262,9,1,8,18,1,8,21
9410335,1,1,0,0,0,1,2
9708489,2,2,0,0,0,2,2
9612326,27,5,22,90,27,0,0
9609413,7,3,4,6,2,5,22
109181,11,4,7,15,0,11,60
205255,5,4,1,1,1,4,12
9911408,13,13,0,0,10,3,4
9909367,0,0,0,0,0,0,0
101344,3,3,0,0,0,3,34
104170,0,0,0,0,0,0,0
9710413,9,5,4,14,0,9,38
203054,1,1,0,0,0,1,1
9509251,5,3,2,2,1,4,7
9311,4,1,3,5,0,4,7
9712205,4,3,1,1,0,4,8
9602327,8,4,4,10,8,0,0
9508239,26,12,14,58,3,23,53
9412373,9,6,3,8,0,9,63
9802306,8,4,4,5,1,7,14
9506345,4,2,2,3,2,2,4
9608210,16,7,9,11,6,10,10
103194,7,2,5,10,0,7,15
102281,7,5,2,2,1,6,22
9602379,1,1,0,0,0,1,3
9710381,4,2,2,2,2,2,5
9908408,2,2,0,0,0,2,14
9712550,5,2,3,4,0,5,16
9808353,4,3,1,1,0,4,8
9902475,8,3,5,9,0,8,75
9703214,7,5,2,3,3,4,9
211358,1,1,0,0,0,1,1
9707335,5,2,3,4,0,5,7
111341,1,1,0,0,0,1,13
6147,9,1,8,19,2,7,7
9406330,1,1,0,0,0,1,1
9210257,3,1,2,2,3,0,0
9512366,14,6,8,16,0,14,71
302232,0,0,0,0,0,0,0
111157,8,4,4,5,0,8,135
9411340,7,6,1,1,5,2,2
9802420,9,1,8,16,2,7,7
9512262,5,4,1,2,5,0,0
12143,24,3,21,70,2,22,62
9309282,1,1,0,0,1,0,0
108155,1,1,0,0,0,1,13
9810222,1,1,0,0,0,1,5
203195,4,2,2,4,0,4,26
110395,1,1,0,0,0,1,1
205333,0,0,0,0,0,0,0
101030,8,6,2,3,2,6,24
9912445,1,1,0,0,0,1,1
9710225,5,2,3,6,5,0,0
9305314,26,8,18,57,26,0,0
7185,11,4,7,17,2,9,81
9811446,5,5,0,0,2,3,7
9503461,7,3,4,9,1,6,17
9806381,10,6,4,5,3,7,10
9908470,1,1,0,0,0,1,4
106160,0,0,0,0,0,0,0
5250,10,5,5,6,1,9,33
9401273,2,1,1,1,0,2,3
9610257,2,2,0,0,0,2,7
9710208,4,2,2,2,0,4,12
106292,4,2,2,3,0,4,9
9811346,7,5,2,3,0,7,28
9407203,8,5,3,4,1,7,13
4190,12,4,8,16,0,12,60
9803464,10,6,4,6,0,10,41
9909412,2,1,1,1,0,2,2
11310,11,6,5,11,0,11,70
9704442,2,2,0,0,1,1,1
9810352,1,1,0,0,0,1,2
204008,7,2,5,6,3,4,5
9906358,7,3,4,6,0,7,17
9808258,6,5,1,1,1,5,17
9907397,3,2,1,1,0,3,15
103057,8,1,7,8,2,6,10
9810394,3,3,0,0,0,3,5
203238,9,1,8,10,1,8,16
209020,10,3,7,19,0,10,61
9408260,16,4,12,20,6,10,10
9609445,32,4,28,91,2,30,66
8157,4,4,0,0,0,4,10
9409392,4,3,1,1,2,2,3
9606259,3,3,0,0,1,2,9
9707285,2,2,0,0,1,1,1
10157,4,2,2,2,1,3,8
3125,7,4,3,3,1,6,7
3292,2,1,1,1,2,0,0
201211,8,4,4,8,0,8,34
110402,3,2,1,1,0,3,44
9310333,3,2,1,2,3,0,0
9806359,1,1,0,0,0,1,8
10297,16,4,12,28,3,13,36
9601247,8,2,6,14,4,4,7
302222,0,0,0,0,0,0,0
9903403,9,1,8,17,0,9,25
9504286,3,3,0,0,2,1,2
9701245,1,1,0,0,0,1,2
9809259,1,1,0,0,1,0,0
9412347,3,3,0,0,1,2,2
9604448,4,2,2,3,4,0,0
9802215,1,1,0,0,0,1,2
9511329,6,5,1,1,6,0,0
106169,18,8,10,19,3,15,79
9607335,1,1,0,0,0,1,3
9603235,1,1,0,0,0,1,2
9402232,0,0,0,0,0,0,0
110210,1,1,0,0,0,1,2
9311234,3,2,1,1,3,0,0
204120,2,1,1,1,0,2,6
9609289,6,2,4,6,1,5,9
9810338,10,6,4,6,0,10,38
211111,4,2,2,2,0,4,33
4137,13,2,11,37,6,7,18
205212,3,2,1,1,0,3,20
12160,2,2,0,0,1,1,2
9905405,3,2,1,1,0,3,6
9806424,13,6,7,15,0,13,117
9712421,1,1,0,0,1,0,0
9911308,4,4,0,0,0,4,9
9807398,6,3,3,4,0,6,24
9909458,3,1,2,2,0,3,3
9701296,11,3,8,14,1,10,21
105312,2,2,0,0,1,1,3
3070,2,1,1,1,0,2,27
110383,5,3,2,2,0,5,91
9405220,11,4,7,18,5,6,6
9602330,4,2,2,3,4,0,0
207139,8,4,4,5,0,8,123
5200,1,1,0,0,0,1,6
9511348,10,3,7,15,0,10,25
10043,2,1,1,1,0,2,8
9209216,1,1,0,0,1,0,0
9405224,6,5,1,1,6,0,0
9606434,1,1,0,0,0,1,6
7056,13,5,8,21,0,13,51
9712325,12,1,11,37,1,11,36
9505217,8,2,6,19,8,0,0
106343,2,2,0,0,0,2,7
9703238,14,4,10,19,2,12,48
9303228,1,1,0,0,1,0,0
107248,1,1,0,0,0,1,1
9701369,3,3,0,0,3,0,0
9610405,10,3,7,9,4,6,6
9312207,4,2,2,2,1,3,3
109013,5,3,2,2,0,5,32
9411400,2,2,0,0,0,2,3
9802308,37,7,30,72,2,35,177
9502404,3,2,1,1,3,0,0
9706328,3,2,1,1,1,2,9
9908220,6,1,5,9,0,6,23
9910379,13,5,8,26,1,12,39
9801284,7,2,5,8,6,1,1
9507217,1,1,0,0,0,1,1
9406310,1,1,0,0,0,1,1
209165,2,1,1,1,0,2,7
301143,2,1,1,1,0,2,19
212227,1,1,0,0,0,1,3
1027,3,3,0,0,2,1,1
203067,3,2,1,1,0,3,43
9610417,5,4,1,1,2,3,3
9206251,1,1,0,0,1,0,0
205254,8,5,3,4,0,8,82
9904422,3,2,1,1,2,1,2
9810347,2,1,1,1,2,0,0
9908407,4,1,3,4,0,4,6
9406211,7,6,1,1,4,3,6
9407380,7,3,4,7,7,0,0
9710388,2,2,0,0,0,2,14
9809284,1,1,0,0,0,1,6
9805323,2,1,1,1,0,2,22
208215,2,1,1,1,2,0,0
204061,4,3,1,1,1,3,13
9610219,17,6,11,22,13,4,4
9801225,1,1,0,0,0,1,3
9207246,8,1,7,15,8,0,0
205039,4,3,1,1,0,4,37
9609383,2,2,0,0,0,2,4
3253,5,2,3,4,0,5,23
107311,2,2,0,0,0,2,4
9408317,13,4,9,19,13,0,0
9910476,8,3,5,13,1,7,7
208109,0,0,0,0,0,0,0
9401203,5,3,2,3,5,0,0
6051,2,2,0,0,1,1,1
9902384,1,1,0,0,0,1,5
212388,1,1,0,0,0,1,9
9905260,4,3,1,1,0,4,11
206168,0,0,0,0,0,0,0
9607230,1,1,0,0,0,1,5
9602276,4,3,1,1,1,3,3
9609453,3,3,0,0,0,3,9
9908217,7,3,4,4,0,7,24
301165,2,2,0,0,0,2,13
9808256,9,5,4,8,0,9,31
9703400,5,2,3,4,5,0,0
205019,2,2,0,0,0,2,4
9610262,11,1,10,30,1,10,24
9708291,2,1,1,1,1,1,3
9401231,0,0,0,0,0,0,0
103112,1,1,0,0,0,1,4
202042,1,1,0,0,0,1,5
9904288,1,1,0,0,1,0,0
5099,2,1,1,1,0,2,6
204326,2,2,0,0,2,0,0
11032,2,1,1,1,0,2,15
5279,0,0,0,0,0,0,0
204264,1,1,0,0,1,0,0
9809449,9,3,6,14,3,6,6
107152,17,5,12,25,0,17,51
5136,4,3,1,2,0,4,15
207052,3,1,2,3,0,3,20
9611215,6,1,5,8,1,5,15
9406413,3,3,0,0,1,2,3
9702357,2,1,1,1,0,2,5
9706431,2,2,0,0,0,2,4
9911311,12,1,11,34,0,12,75
6227,2,2,0,0,1,1,4
9707388,3,2,1,2,0,3,3
9908265,19,7,12,40,0,19,178
102060,2,1,1,1,0,2,15
9610205,3,2,1,1,1,2,13
112205,4,3,1,1,2,2,2
105110,2,2,0,0,2,0,0
9707536,8,1,7,15,0,8,49
2212,7,2,5,11,1,6,25
210198,3,2,1,1,0,3,41
6070,4,4,0,0,0,4,6
101309,0,0,0,0,0,0,0
9902479,6,2,4,8,0,6,6
107286,0,0,0,0,0,0,0
212265,1,1,0,0,0,1,9
9702220,2,1,1,1,0,2,2
102173,3,3,0,0,0,3,10
9701411,1,1,0,0,0,1,1
9611356,1,1,0,0,0,1,5
9705459,1,1,0,0,0,1,3
9809494,1,1,0,0,0,1,1
9302313,5,2,3,8,5,0,0
9603438,1,1,0,0,0,1,5
9411416,1,1,0,0,1,0,0
3293,0,0,0,0,0,0,0
9911537,4,4,0,0,0,4,19
9405201,2,1,1,1,0,2,2
9023,1,1,0,0,1,0,0
9706486,3,2,1,1,0,3,21
108223,2,1,1,1,0,2,5
9909341,2,1,1,1,0,2,13
109279,2,2,0,0,0,2,6
106188,3,1,2,3,0,3,13
9808354,3,2,1,1,1,2,6
110007,3,3,0,0,0,3,4
9511403,1,1,0,0,0,1,4
9902247,0,0,0,0,0,0,0
10060,4,2,2,2,0,4,21
9402255,2,2,0,0,1,1,2
8059,3,2,1,1,0,3,10
301067,0,0,0,0,0,0,0
9809235,0,0,0,0,0,0,0
9505338,4,1,3,4,0,4,15
9503483,2,2,0,0,0,2,8
204147,4,2,2,2,0,4,12
106107,3,1,2,2,1,2,2
211219,0,0,0,0,0,0,0
9305292,1,1,0,0,1,0,0
9806520,0,0,0,0,0,0,0
6215,1,1,0,0,0,1,5
6021,3,3,0,0,0,3,12
9912220,3,1,2,3,0,3,17
203246,0,0,0,0,0,0,0
105218,0,0,0,0,0,0,0
111421,0,0,0,0,0,0,0
211058,0,0,0,0,0,0,0
204255,2,1,1,1,0,2,12
102053,4,3,1,1,1,3,21
9812416,1,1,0,0,0,1,4
110038,4,1,3,4,4,0,0
3307,5,1,4,4,0,5,16
9901414,1,1,0,0,1,0,0
9608349,2,1,1,1,0,2,11
9809436,1,1,0,0,0,1,4
101302,9,1,8,15,0,9,52
105055,1,1,0,0,0,1,2
202002,0,0,0,0,0,0,0
9801219,7,5,2,2,7,0,0
9907316,3,3,0,0,1,2,12
103013,3,3,0,0,0,3,9
10230,2,1,1,1,0,2,20
112195,1,1,0,0,0,1,3
211239,4,3,1,1,4,0,0
9505294,2,2,0,0,2,0,0
9512256,3,1,2,2,3,0,0
6167,2,1,1,1,2,0,0
9907346,0,0,0,0,0,0,0
206226,1,1,0,0,0,1,5
9902320,5,2,3,6,4,1,2
9302226,1,1,0,0,0,1,2
9610494,5,2,3,4,3,2,3
9411317,3,2,1,1,3,0,0
104153,4,3,1,1,0,4,18
9809220,2,2,0,0,0,2,5
212273,0,0,0,0,0,0,0
202156,4,4,0,0,1,3,5
9801213,1,1,0,0,0,1,4
3104,0,0,0,0,0,0,0
9908414,8,2,6,13,0,8,37
4199,1,1,0,0,0,1,2
9911446,3,2,1,1,0,3,23
8076,5,5,0,0,0,5,10
9607212,1,1,0,0,0,1,1
9908301,3,1,2,2,0,3,9
207346,4,1,3,5,0,4,25
9907217,0,0,0,0,0,0,0
9806421,1,1,0,0,0,1,1
9507304,7,2,5,6,7,0,0
9909290,0,0,0,0,0,0,0
9912378,3,3,0,0,0,3,12
205149,2,2,0,0,1,1,1
12314,1,1,0,0,0,1,1
111427,10,5,5,6,5,5,10
9902252,0,0,0,0,0,0,0
9904312,2,2,0,0,0,2,2
110257,4,1,3,4,0,4,12
210053,1,1,0,0,0,1,4
9351,0,0,0,0,0,0,0
10128,7,3,4,4,0,7,33
9510423,1,1,0,0,1,0,0
9412280,3,1,2,2,1,2,4
209324,0,0,0,0,0,0,0
9308323,1,1,0,0,0,1,6
7121,2,1,1,1,0,2,6
9701274,1,1,0,0,0,1,3
112330,0,0,0,0,0,0,0
9811433,4,3,1,1,0,4,16
108050,2,1,1,1,1,1,4
9909401,4,1,3,5,0,4,24
102031,0,0,0,0,0,0,0
10110,0,0,0,0,0,0,0
210122,0,0,0,0,0,0,0
9268,1,1,0,0,0,1,4
9809561,0,0,0,0,0,0,0
208126,1,1,0,0,0,1,7
111467,0,0,0,0,0,0,0
205273,0,0,0,0,0,0,0
112277,1,1,0,0,0,1,3
202161,1,1,0,0,0,1,6
9705220,3,1,2,3,3,0,0
208194,0,0,0,0,0,0,0
111214,2,2,0,0,1,1,1
12347,0,0,0,0,0,0,0
9507229,0,0,0,0,0,0,0
9709207,3,1,2,3,0,3,13
9711338,1,1,0,0,1,0,0
8037,1,1,0,0,0,1,4
208217,4,3,1,1,1,3,4
10292,4,4,0,0,0,4,16
9205217,1,1,0,0,1,0,0
8130,0,0,0,0,0,0,0
9711385,2,2,0,0,0,2,13
210267,0,0,0,0,0,0,0
9806227,3,2,1,1,0,3,3
9512279,1,1,0,0,1,0,0
9810464,0,0,0,0,0,0,0
9809202,1,1,0,0,0,1,1
11198,1,1,0,0,0,1,1
208225,1,1,0,0,0,1,5
9605311,1,1,0,0,0,1,1
9902361,8,1,7,15,1,7,25
108243,7,2,5,14,0,7,24
9712444,2,2,0,0,1,1,2
109092,3,1,2,3,0,3,12
9912309,0,0,0,0,0,0,0
109291,1,1,0,0,0,1,13
212209,0,0,0,0,0,0,0
9601259,1,1,0,0,0,1,2
9906439,3,1,2,2,0,3,8
5032,2,1,1,1,2,0,0
109175,0,0,0,0,0,0,0
7269,9,1,8,27,7,2,7
112352,4,2,2,2,0,4,13
111135,2,1,1,1,2,0,0
301263,0,0,0,0,0,0,0
7253,2,2,0,0,0,2,9
101035,0,0,0,0,0,0,0
9711468,1,1,0,0,1,0,0
9701386,1,1,0,0,0,1,1
112179,0,0,0,0,0,0,0
9902245,0,0,0,0,0,0,0
9903235,4,2,2,3,4,0,0
302216,0,0,0,0,0,0,0
210312,0,0,0,0,0,0,0
9609244,1,1,0,0,0,1,1
9406216,1,1,0,0,1,0,0
301068,0,0,0,0,0,0,0
110368,0,0,0,0,0,0,0
9811321,5,3,2,3,0,5,35
9608431,0,0,0,0,0,0,0
9403298,5,4,1,2,0,5,13
9903367,3,2,1,1,0,3,16
105101,1,1,0,0,0,1,4
9502357,0,0,0,0,0,0,0
8317,4,4,0,0,0,4,24
9901291,0,0,0,0,0,0,0
110178,0,0,0,0,0,0,0
106068,2,2,0,0,0,2,3
2294,0,0,0,0,0,0,0
212341,2,1,1,1,0,2,11
9312282,1,1,0,0,0,1,1
208052,0,0,0,0,0,0,0
210391,1,1,0,0,0,1,2
212061,0,0,0,0,0,0,0
9907336,5,1,4,6,5,0,0
6231,3,1,2,2,2,1,5
9604213,0,0,0,0,0,0,0
301148,0,0,0,0,0,0,0
11385,3,1,2,2,0,3,15
9411361,0,0,0,0,0,0,0
211225,0,0,0,0,0,0,0
11178,2,1,1,1,0,2,4
9911497,0,0,0,0,0,0,0
9706442,0,0,0,0,0,0,0
7143,0,0,0,0,0,0,0
9212311,2,2,0,0,2,0,0
9114,0,0,0,0,0,0,0
9610309,1,1,0,0,0,1,4
7141,1,1,0,0,1,0,0
1055,0,0,0,0,0,0,0
9706216,0,0,0,0,0,0,0
9403374,5,4,1,1,4,1,1
12374,0,0,0,0,0,0,0
208212,1,1,0,0,0,1,1
202240,1,1,0,0,0,1,1
9409411,2,2,0,0,2,0,0
105002,0,0,0,0,0,0,0
2099,0,0,0,0,0,0,0
111055,0,0,0,0,0,0,0
206210,0,0,0,0,0,0,0
9605393,0,0,0,0,0,0,0
106073,6,3,3,4,0,6,9
102040,0,0,0,0,0,0,0
111346,1,1,0,0,0,1,3
302206,0,0,0,0,0,0,0
9312206,0,0,0,0,0,0,0
9810401,1,1,0,0,0,1,1
9805412,1,1,0,0,1,0,0
211136,0,0,0,0,0,0,0
9610317,2,1,1,1,0,2,2
302002,1,1,0,0,0,1,5
9503325,0,0,0,0,0,0,0
112012,1,1,0,0,1,0,0
105343,0,0,0,0,0,0,0
9608459,0,0,0,0,0,0,0
2304,1,1,0,0,0,1,1
9705238,0,0,0,0,0,0,0
203197,0,0,0,0,0,0,0
203083,2,2,0,0,0,2,6
9711284,0,0,0,0,0,0,0
110400,6,3,3,3,0,6,19
107006,1,1,0,0,0,1,1
112080,0,0,0,0,0,0,0
212081,0,0,0,0,0,0,0
9910440,0,0,0,0,0,0,0
9310308,0,0,0,0,0,0,0
203016,2,2,0,0,0,2,6
9907568,0,0,0,0,0,0,0
212244,0,0,0,0,0,0,0
210211,0,0,0,0,0,0,0
211165,0,0,0,0,0,0,0
8199,1,1,0,0,1,0,0
9910493,3,1,2,2,0,3,3
205252,1,1,0,0,0,1,5
9810202,0,0,0,0,0,0,0
108143,1,1,0,0,0,1,6
302136,0,0,0,0,0,0,0
1183,0,0,0,0,0,0,0
302230,0,0,0,0,0,0,0
9912486,1,1,0,0,0,1,3
9609387,1,1,0,0,0,1,4
205128,1,1,0,0,0,1,7
9810373,2,2,0,0,2,0,0
212398,0,0,0,0,0,0,0
211015,1,1,0,0,0,1,1
9708276,1,1,0,0,0,1,8
9501310,0,0,0,0,0,0,0
101007,2,1,1,1,2,0,0
4126,1,1,0,0,0,1,2
9308219,0,0,0,0,0,0,0
206164,0,0,0,0,0,0,0
9802337,1,1,0,0,0,1,1
6082,0,0,0,0,0,0,0
8067,1,1,0,0,0,1,2
11340,1,1,0,0,0,1,3
205204,2,2,0,0,0,2,9
9811503,0,0,0,0,0,0,0
9912479,0,0,0,0,0,0,0
9809369,0,0,0,0,0,0,0
106164,0,0,0,0,0,0,0
9307349,2,1,1,1,2,0,0
206274,0,0,0,0,0,0,0
9810213,0,0,0,0,0,0,0
210126,0,0,0,0,0,0,0
212060,0,0,0,0,0,0,0
209242,1,1,0,0,0,1,7
9704362,0,0,0,0,0,0,0
109220,2,2,0,0,0,2,4
201153,0,0,0,0,0,0,0
9611403,1,1,0,0,0,1,1
8148,0,0,0,0,0,0,0
212102,1,1,0,0,0,1,3
3095,1,1,0,0,0,1,2
201280,1,1,0,0,1,0,0
9605212,0,0,0,0,0,0,0
206254,0,0,0,0,0,0,0
10084,0,0,0,0,0,0,0
202252,0,0,0,0,0,0,0
210071,0,0,0,0,0,0,0
207172,0,0,0,0,0,0,0
9604368,1,1,0,0,1,0,0
106170,0,0,0,0,0,0,0
9712267,0,0,0,0,0,0,0
9512376,1,1,0,0,0,1,1
203168,0,0,0,0,0,0,0
9707314,0,0,0,0,0,0,0
211276,1,1,0,0,0,1,4
108263,1,1,0,0,0,1,10
109123,0,0,0,0,0,0,0
112316,0,0,0,0,0,0,0
11120,0,0,0,0,0,0,0
209197,0,0,0,0,0,0,0
12263,1,1,0,0,1,0,0
9906477,0,0,0,0,0,0,0
111197,2,2,0,0,0,2,8
11087,0,0,0,0,0,0,0
9707350,0,0,0,0,0,0,0
9908437,0,0,0,0,0,0,0
6030,0,0,0,0,0,0,0
9911312,0,0,0,0,0,0,0
207353,1,1,0,0,0,1,10
211226,0,0,0,0,0,0,0
211445,0,0,0,0,0,0,0
9609272,0,0,0,0,0,0,0
9912418,0,0,0,0,0,0,0
6263,0,0,0,0,0,0,0
212046,0,0,0,0,0,0,0
104188,0,0,0,0,0,0,0
9811416,0,0,0,0,0,0,0
7039,1,1,0,0,0,1,14
209128,0,0,0,0,0,0,0
9907287,0,0,0,0,0,0,0
9315,0,0,0,0,0,0,0
9907463,0,0,0,0,0,0,0
212377,1,1,0,0,0,1,1
205155,0,0,0,0,0,0,0
9607344,1,1,0,0,1,0,0
302077,0,0,0,0,0,0,0
12349,2,1,1,1,0,2,6
301151,1,1,0,0,0,1,4
9709272,0,0,0,0,0,0,0
9801408,0,0,0,0,0,0,0
9805409,1,1,0,0,1,0,0
206053,0,0,0,0,0,0,0
9701239,0,0,0,0,0,0,0
9807506,0,0,0,0,0,0,0
9804350,0,0,0,0,0,0,0
210101,0,0,0,0,0,0,0
9711498,0,0,0,0,0,0,0
203174,0,0,0,0,0,0,0
9407295,0,0,0,0,0,0,0
302141,0,0,0,0,0,0,0
111011,0,0,0,0,0,0,0
208090,0,0,0,0,0,0,0
210249,0,0,0,0,0,0,0
208135,0,0,0,0,0,0,0
9604285,0,0,0,0,0,0,0
212369,0,0,0,0,0,0,0
301190,0,0,0,0,0,0,0
111404,1,1,0,0,0,1,1
211125,0,0,0,0,0,0,0
210148,0,0,0,0,0,0,0
9706514,0,0,0,0,0,0,0
104006,0,0,0,0,0,0,0
212409,0,0,0,0,0,0,0
9511445,0,0,0,0,0,0,0
208190,0,0,0,0,0,0,0
212405,0,0,0,0,0,0,0
207128,0,0,0,0,0,0,0
209212,1,1,0,0,0,1,3
9409228,0,0,0,0,0,0,0
9310237,0,0,0,0,0,0,0
9809400,1,1,0,0,1,0,0
106157,0,0,0,0,0,0,0
302100,0,0,0,0,0,0,0
9801220,0,0,0,0,0,0,0
9708462,0,0,0,0,0,0,0
206225,0,0,0,0,0,0,0
7077,1,1,0,0,0,1,5
212182,0,0,0,0,0,0,0
302233,0,0,0,0,0,0,0
9902331,0,0,0,0,0,0,0
112164,0,0,0,0,0,0,0
9710269,0,0,0,0,0,0,0
9805431,0,0,0,0,0,0,0
207309,0,0,0,0,0,0,0
9612381,0,0,0,0,0,0,0
9608489,0,0,0,0,0,0,0
9411420,0,0,0,0,0,0,0
9908394,0,0,0,0,0,0,0
301200,0,0,0,0,0,0,0
9909276,0,0,0,0,0,0,0
9712264,0,0,0,0,0,0,0
9811511,0,0,0,0,0,0,0
9710446,1,1,0,0,0,1,2
9410380,0,0,0,0,0,0,0
9911451,0,0,0,0,0,0,0
101315,0,0,0,0,0,0,0
210423,0,0,0,0,0,0,0
9803443,1,1,0,0,0,1,6
9905553,1,1,0,0,0,1,1
9708475,0,0,0,0,0,0,0
9709462,0,0,0,0,0,0,0
9702324,1,1,0,0,1,0,0
9808420,0,0,0,0,0,0,0
201124,0,0,0,0,0,0,0
9807242,0,0,0,0,0,0,0
212235,0,0,0,0,0,0,0
210253,0,0,0,0,0,0,0
9711271,0,0,0,0,0,0,0
9809375,0,0,0,0,0,0,0
104133,0,0,0,0,0,0,0
9405358,0,0,0,0,0,0,0
9706324,0,0,0,0,0,0,0
9807203,1,1,0,0,1,0,0
209362,0,0,0,0,0,0,0
9906414,0,0,0,0,0,0,0
211356,0,0,0,0,0,0,0
9907292,0,0,0,0,0,0,0
9905414,0,0,0,0,0,0,0
4131,0,0,0,0,0,0,0
210020,0,0,0,0,0,0,0
209033,0,0,0,0,0,0,0
209042,0,0,0,0,0,0,0
302214,0,0,0,0,0,0,0
203218,0,0,0,0,0,0,0
9702314,40,5,35,147,24,16,44
9607469,2,1,1,1,1,1,1
7360,25,2,23,104,2,23,111
9705292,117,25,92,505,42,75,215
9303225,43,10,33,141,30,13,15
9406239,55,13,42,179,16,39,151
9308272,97,17,80,669,97,0,0
9907270,14,8,6,8,1,13,30
9907335,37,6,31,163,0,37,232
9610208,52,9,43,168,14,38,67
106233,4,3,1,1,0,4,8
9606435,12,3,9,18,2,10,27
9604223,56,9,47,279,18,38,50
109106,56,5,51,563,0,56,323
9312324,81,21,60,200,63,18,23
9610368,16,4,12,25,0,16,46
9804343,8,2,6,11,0,8,35
201219,15,6,9,17,0,15,154
9204204,51,5,46,298,51,0,0
9603311,33,6,27,100,7,26,59
9906292,6,3,3,4,0,6,44
9306306,21,4,17,53,21,0,0
9605339,51,5,46,175,18,33,73
9505429,16,1,15,33,10,6,6
111312,17,4,13,44,2,15,26
3183,16,11,5,6,12,4,4
9209203,26,10,16,66,26,0,0
9409303,10,4,6,10,10,0,0
9511388,42,4,38,189,4,38,141
9502418,51,6,45,233,7,44,106
9302223,31,7,24,105,31,0,0
9506261,16,5,11,31,5,11,13
3184,57,9,48,272,2,55,532
9803299,70,5,65,384,3,67,275
9812308,8,6,2,2,0,8,39
9807525,46,10,36,97,6,40,61
9707215,43,7,36,133,18,25,34
2044,15,9,6,8,4,11,62
9811363,56,6,50,218,5,51,385
9909208,5,2,3,3,3,2,2
9405239,26,4,22,93,9,17,31
9808251,70,2,68,469,2,68,529
9612232,41,5,36,152,8,33,123
9812403,13,6,7,13,0,13,50
9603292,5,5,0,0,0,5,14
9403268,7,5,2,2,1,6,21
9712328,6,2,4,13,0,6,10
9910546,27,4,23,57,9,18,30
102306,5,4,1,1,0,5,7
9405414,59,13,46,158,59,0,0
9606260,70,2,68,417,15,55,151
9204205,17,2,15,65,17,0,0
9506319,7,3,4,6,0,7,23
9510340,3,1,2,2,0,3,26
9509399,14,10,4,8,4,10,17
9406417,24,8,16,31,6,18,28
9303274,104,27,77,453,104,0,0
9702430,13,2,11,21,1,12,41
9701283,31,4,27,92,4,27,81
9405428,24,2,22,85,24,0,0
111376,2,2,0,0,1,1,2
1293,7,1,6,9,0,7,28
9604233,50,5,45,208,3,47,320
9309272,46,13,33,97,25,21,45
9801326,34,1,33,197,8,26,81
9205233,28,10,18,30,28,0,0
9608224,78,4,74,479,2,76,601
9703390,10,2,8,20,0,10,114
110037,1,1,0,0,1,0,0
9411399,11,4,7,15,0,11,20
9802315,29,2,27,73,4,25,50
106040,10,5,5,10,1,9,26
9710550,44,4,40,139,11,33,131
9804253,37,9,28,116,7,30,167
9506398,50,6,44,127,7,43,115
110350,0,0,0,0,0,0,0
9908371,56,8,48,163,1,55,406
9907549,9,5,4,8,1,8,19
9701392,13,6,7,9,0,13,68
9711258,19,2,17,52,2,17,94
9907386,16,10,6,11,4,12,31
9305267,107,16,91,511,80,27,28
9401226,75,10,65,257,8,67,403
9904267,100,6,94,560,0,100,646
9604320,84,1,83,825,5,79,512
9403296,2,1,1,1,1,1,1
9901382,6,4,2,2,1,5,18
9507293,7,5,2,2,7,0,0
9803267,3,3,0,0,3,0,0
9207240,16,2,14,35,16,0,0
9312218,9,4,5,20,0,9,37
9703298,49,6,43,290,5,44,108
9806260,11,6,5,7,0,11,64
9711486,18,6,12,23,2,16,34
9601201,22,7,15,34,5,17,27
9909572,9,2,7,14,0,9,31
9805481,8,5,3,5,2,6,42
9611374,36,3,33,189,25,11,19
9410361,28,6,22,61,5,23,44
9805445,13,3,10,21,6,7,9
9611222,4,4,0,0,4,0,0
9801356,44,1,43,284,7,37,59
9408380,14,1,13,44,14,0,0
9407394,47,8,39,173,7,40,204
9409453,32,9,23,74,10,22,55
9409412,18,11,7,8,13,5,11
9402218,16,7,9,30,4,12,16
9503411,58,4,54,317,19,39,51
9907555,45,5,40,244,2,43,446
9411409,53,10,43,238,53,0,0
9609287,16,3,13,27,3,13,29
9704416,31,10,21,45,3,28,89
9807439,4,1,3,3,0,4,21
9609369,7,2,5,5,4,3,6
9911463,6,2,4,5,0,6,71
9607431,13,3,10,17,13,0,0
9702251,9,6,3,5,4,5,7
9809574,24,4,20,89,0,24,162
9807339,52,8,44,178,2,50,132
9401294,25,4,21,102,14,11,11
9803475,15,4,11,29,1,14,71
9906280,11,4,7,13,0,11,46
9512281,26,6,20,72,18,8,9
9907512,19,13,6,12,12,7,12
11379,26,7,19,47,4,22,118
9908227,62,1,61,506,0,62,646
9209239,62,17,45,181,50,12,12
9503376,17,3,14,30,3,14,40
9701288,4,1,3,3,4,0,0
9129,14,3,11,21,0,14,209
105150,34,3,31,109,0,34,323
2082,19,2,17,44,3,16,30
9306214,25,7,18,76,14,11,21
9409408,26,15,11,21,8,18,38
9810442,166,7,159,1106,39,127,357
9312251,32,12,20,46,21,11,16
9410311,64,6,58,285,39,25,28
9612363,47,5,42,214,34,13,33
9410231,90,22,68,240,29,61,160
2285,31,6,25,108,0,31,199
9608359,15,3,12,34,5,10,10
9506235,5,3,2,2,1,4,4
9606429,21,5,16,75,7,14,23
9611437,29,14,15,52,0,29,158
9312212,58,5,53,283,36,22,25
9907291,8,2,6,10,5,3,5
9702426,26,9,17,52,0,26,115
9911468,1,1,0,0,0,1,8
9906262,33,1,32,197,0,33,36
9904292,28,3,25,79,4,24,56
9709399,12,4,8,26,5,7,8
9604260,12,2,10,20,0,12,40
9903264,1,1,0,0,1,0,0
8053,5,3,2,3,1,4,10
9710450,16,2,14,32,2,14,17
9404346,11,1,10,25,11,0,0
9601303,23,3,20,35,6,17,50
9806521,5,5,0,0,0,5,14
9805470,61,13,48,143,1,60,256
9511250,15,8,7,8,14,1,1
9604336,10,8,2,3,3,7,62
9604296,15,1,14,43,0,15,52
9905464,28,4,24,67,1,27,69
9707401,14,4,10,16,1,13,50
9910392,14,2,12,28,1,13,51
9911204,2,2,0,0,0,2,10
9509398,22,7,15,26,12,10,46
202110,14,9,5,10,2,12,298
9704349,9,3,6,9,1,8,73
102312,41,3,38,194,7,34,34
7107,33,6,27,81,2,31,139
9701301,67,14,53,214,4,63,399
9910497,5,2,3,5,0,5,23
9701292,4,3,1,1,4,0,0
9501365,6,1,5,9,0,6,13
9403316,4,1,3,6,4,0,0
106247,149,15,134,710,30,119,288
4204,2,1,1,1,0,2,3
9304208,13,8,5,9,13,0,0
9506393,19,8,11,19,0,19,76
11241,77,4,73,515,1,76,1051
7142,35,5,30,174,1,34,256
9903361,4,3,1,1,1,3,20
1192,11,3,8,27,7,4,4
9602318,4,3,1,1,0,4,20
9603330,11,6,5,8,2,9,11
9412348,23,2,21,60,8,15,29
4268,3,3,0,0,2,1,1
9907272,33,2,31,137,0,33,214
9911262,60,4,56,345,1,59,439
111390,10,5,5,8,2,8,77
9403256,165,30,135,861,165,0,0
11368,7,4,3,3,1,6,26
211412,3,3,0,0,1,2,20
202176,4,3,1,1,0,4,11
105041,9,4,5,12,0,9,107
9506432,32,4,28,103,32,0,0
9301241,8,3,5,5,6,2,2
109202,9,4,5,8,0,9,78
105336,13,4,9,22,0,13,48
9603249,231,3,228,2258,213,18,19
9907477,3,3,0,0,0,3,6
9607350,2,2,0,0,1,1,2
110126,28,9,19,42,2,26,144
102216,12,6,6,12,3,9,28
9211215,3,1,2,3,3,0,0
9712542,39,1,38,165,3,36,134
9601365,24,3,21,67,2,22,148
9902423,47,6,41,289,23,24,43
2152,5,2,3,4,1,4,4
9405385,21,9,12,34,20,1,1
9901404,36,8,28,51,19,17,31
9912330,18,2,16,38,0,18,154
9506243,41,4,37,151,5,36,80
109238,26,3,23,77,0,26,195
9284,2,2,0,0,1,1,30
9711215,30,4,26,108,2,28,101
107066,3,3,0,0,0,3,8
9807500,17,2,15,26,2,15,30
3203,39,3,36,236,2,37,128
9509362,21,11,10,25,18,3,3
9503258,7,2,5,9,5,2,8
9612301,9,4,5,10,0,9,55
9505379,63,6,57,251,0,63,333
9608366,27,4,23,48,16,11,22
9809590,7,3,4,5,0,7,15
9606344,41,4,37,187,14,27,33
9510258,17,6,11,25,2,15,20
9609215,12,4,8,13,1,11,68
9508369,2,2,0,0,0,2,7
112109,6,3,3,4,0,6,22
9711266,21,2,19,66,3,18,29
9801391,37,6,31,219,0,37,322
9507337,4,3,1,1,3,1,3
9709289,9,3,6,15,8,1,1
9912370,5,4,1,1,0,5,15
9405303,9,6,3,5,8,1,1
9806491,5,3,2,2,1,4,12
4087,10,2,8,20,0,10,72
3032,20,3,17,65,0,20,295
9710529,42,12,30,56,13,29,30
9706256,1,1,0,0,1,0,0
9407372,52,10,42,129,38,14,14
9903268,35,8,27,66,0,35,175
9807251,44,7,37,126,2,42,296
9710414,7,3,4,7,6,1,2
9404277,20,7,13,28,15,5,8
9310346,11,7,4,9,6,5,7
9902280,11,5,6,12,2,9,72
9403232,6,4,2,3,6,0,0
9601206,9,6,3,6,4,5,5
9804370,1,1,0,0,0,1,3
9908339,11,7,4,4,4,7,19
9710356,28,5,23,102,2,26,85
9702418,17,7,10,30,1,16,58
9604437,21,9,12,29,4,17,37
9409373,2,1,1,1,0,2,2
9501311,15,8,7,16,7,8,13
9706215,1,1,0,0,0,1,2
9602432,13,8,5,5,12,1,1
9806324,26,5,21,54,1,25,91
9708241,6,5,1,1,2,4,11
9609368,9,5,4,5,0,9,68
9311367,26,7,19,117,13,13,22
9406270,5,4,1,2,1,4,10
9512340,11,4,7,15,0,11,60
9708247,12,4,8,18,12,0,0
9304290,14,7,7,10,14,0,0
9606356,20,3,17,75,0,20,90
9810468,8,7,1,2,3,5,8
2282,7,4,3,5,1,6,8
12247,6,4,2,3,4,2,3
7355,38,10,28,84,2,36,143
9705298,4,3,1,1,1,3,4
9311284,24,1,23,127,24,0,0
9603384,20,2,18,74,0,20,67
9811240,10,2,8,12,0,10,50
9509428,35,3,32,96,2,33,224
9809549,15,2,13,41,0,15,15
9902348,10,7,3,5,3,7,20
9610223,20,8,12,19,14,6,6
9403209,7,3,4,9,7,0,0
9507255,6,5,1,1,1,5,6
9125,7,5,2,3,0,7,56
3251,27,7,20,45,2,25,146
9811426,12,5,7,11,1,11,18
2272,24,6,18,82,1,23,203
9807248,3,1,2,2,0,3,3
9209278,7,4,3,3,7,0,0
9407311,30,9,21,55,12,18,33
9910555,2,1,1,1,0,2,2
9512437,11,6,5,8,5,6,20
9405380,14,6,8,22,14,0,0
9911482,13,4,9,25,1,12,69
9905227,21,1,20,95,0,21,275
9801411,16,4,12,26,0,16,36
9812314,1,1,0,0,0,1,4
7095,5,2,3,4,0,5,25
9907333,29,7,22,60,1,28,144
9209238,13,3,10,38,13,0,0
9601294,12,5,7,11,3,9,23
9806241,8,4,4,5,2,6,12
110121,18,3,15,42,0,18,112
9311288,14,2,12,32,2,12,12
9912407,18,3,15,34,1,17,94
206310,6,2,4,5,1,5,34
9905565,6,3,3,4,1,5,8
9803242,43,4,39,166,3,40,95
9709430,3,2,1,1,0,3,20
9609466,3,1,2,3,0,3,4
9703269,1,1,0,0,0,1,14
9508332,6,2,4,4,1,5,7
9309235,22,9,13,30,13,9,15
9502201,16,4,12,22,11,5,10
9405254,3,2,1,1,0,3,6
9803310,14,5,9,19,1,13,44
9512280,16,4,12,26,13,3,3
9310337,11,4,7,25,11,0,0
9609239,3,3,0,0,0,3,9
9806372,3,3,0,0,0,3,12
9703210,28,3,25,86,9,19,19
9610532,5,3,2,4,3,2,2
9904490,18,5,13,20,16,2,2
110063,2,2,0,0,0,2,20
9706271,24,5,19,42,0,24,127
9901395,3,3,0,0,1,2,11
9406307,1,1,0,0,0,1,2
9806530,9,5,4,5,1,8,23
9908350,4,2,2,3,0,4,19
208103,2,2,0,0,0,2,18
3172,21,6,15,34,1,20,170
11387,21,3,18,89,0,21,259
11259,0,0,0,0,0,0,0
9712244,9,3,6,11,1,8,81
9608462,4,2,2,4,4,0,0
9907559,18,10,8,25,0,18,120
111020,2,2,0,0,0,2,16
9712501,2,1,1,1,0,2,9
110166,5,2,3,6,0,5,65
112160,12,7,5,6,1,11,67
111150,55,20,35,124,5,50,322
203143,0,0,0,0,0,0,0
9606267,20,7,13,34,7,13,29
9704415,38,5,33,146,8,30,82
9611422,8,3,5,9,1,7,30
104242,15,6,9,19,0,15,216
9302312,17,4,13,20,0,17,17
9608396,7,2,5,8,4,3,3
9603265,10,1,9,20,8,2,4
9302246,10,5,5,7,10,0,0
9611449,7,3,4,7,0,7,15
9901231,11,8,3,3,0,11,28
9902324,13,4,9,18,1,12,50
9508268,10,5,5,11,6,4,6
206095,4,3,1,1,0,4,12
9906413,5,1,4,5,0,5,19
9212280,8,2,6,13,8,0,0
1072,32,5,27,85,0,32,68
9905524,5,5,0,0,1,4,11
9903512,9,2,7,18,0,9,30
107262,4,3,1,1,0,4,29
105175,28,4,24,109,2,26,156
110291,7,3,4,7,0,7,33
201022,2,1,1,1,0,2,8
9807214,3,2,1,1,0,3,15
9908391,3,1,2,2,0,3,27
202136,10,8,2,2,0,10,48
8073,3,2,1,1,0,3,26
110173,12,3,9,33,0,12,40
9605383,4,4,0,0,1,3,5
108005,35,6,29,98,2,33,138
203113,7,4,3,4,0,7,44
9709366,11,6,5,8,1,10,35
9708319,8,1,7,12,2,6,6
103180,2,2,0,0,0,2,8
9602338,7,1,6,14,7,0,0
9611357,11,2,9,26,1,10,61
9705465,4,1,3,3,0,4,18
9803238,5,4,1,1,4,1,2
9804418,1,1,0,0,0,1,8
9706450,32,1,31,140,2,30,129
9510344,3,3,0,0,3,0,0
9608287,0,0,0,0,0,0,0
9605243,2,2,0,0,2,0,0
9812535,0,0,0,0,0,0,0
9606292,2,2,0,0,0,2,18
9511360,8,1,7,13,1,7,7
9608330,4,3,1,1,0,4,11
10310,3,3,0,0,3,0,0
9506382,13,2,11,23,0,13,29
202131,14,4,10,25,1,13,82
9407395,10,4,6,16,3,7,7
9131,14,4,10,13,3,11,32
9808478,0,0,0,0,0,0,0
9410409,6,3,3,8,2,4,7
103045,5,2,3,3,0,5,33
112273,9,3,6,12,0,9,150
9507204,8,5,3,6,8,0,0
9308317,5,5,0,0,1,4,5
9712360,8,2,6,9,2,6,8
9903350,12,10,2,3,2,10,47
9909465,4,3,1,1,0,4,55
9811365,7,4,3,5,0,7,19
9707299,9,2,7,9,0,9,36
9603339,5,4,1,1,4,1,1
9702384,17,3,14,32,2,15,28
9902350,8,2,6,11,2,6,21
9701293,5,1,4,4,1,4,11
9204208,4,4,0,0,4,0,0
8285,3,2,1,1,0,3,17
9706365,10,3,7,15,4,6,24
9801242,9,4,5,10,0,9,34
9306277,6,5,1,1,4,2,2
5317,2,2,0,0,0,2,6
101040,1,1,0,0,1,0,0
9503224,2,1,1,1,2,0,0
9312268,32,10,22,46,26,6,6
10097,5,2,3,3,1,4,11
9710484,5,4,1,1,4,1,1
206150,2,1,1,1,0,2,2
9703308,3,3,0,0,0,3,9
103080,4,2,2,2,0,4,20
105027,2,2,0,0,0,2,16
9602426,5,1,4,9,0,5,9
9802324,9,4,5,11,3,6,7
9509371,8,4,4,8,0,8,42
9610292,7,3,4,5,1,6,10
9404230,2,2,0,0,1,1,1
9704285,2,2,0,0,2,0,0
9806444,8,5,3,5,1,7,14
106206,7,2,5,9,0,7,38
9603377,33,5,28,122,8,25,38
9710410,6,3,3,3,1,5,14
9911240,1,1,0,0,0,1,2
9807509,6,1,5,7,0,6,26
206180,1,1,0,0,1,0,0
9304294,13,5,8,19,0,13,16
9704269,2,1,1,1,0,2,3
204229,15,3,12,30,0,15,96
9809277,7,3,4,8,0,7,17
112037,3,2,1,1,0,3,21
9509414,7,4,3,3,2,5,6
9608307,9,3,6,13,2,7,8
9606311,14,4,10,23,1,13,22
9603301,4,2,2,3,0,4,22
212300,1,1,0,0,0,1,7
112156,3,2,1,1,0,3,26
9407289,10,1,9,24,7,3,4
9802436,6,2,4,6,0,6,11
9905562,4,4,0,0,1,3,10
9908497,9,2,7,18,4,5,14
2114,4,3,1,1,0,4,31
7105,3,3,0,0,2,1,1
9412355,9,8,1,1,9,0,0
204086,2,1,1,1,0,2,26
111233,7,4,3,6,0,7,35
9903353,1,1,0,0,0,1,1
108116,1,1,0,0,0,1,5
9901397,25,3,22,68,0,25,209
9302315,10,1,9,24,10,0,0
9403248,16,5,11,22,11,5,8
7186,8,3,5,7,0,8,26
9901236,1,1,0,0,0,1,1
9812379,0,0,0,0,0,0,0
9806378,1,1,0,0,0,1,1
9911339,6,4,2,2,6,0,0
9805331,1,1,0,0,1,0,0
9901267,8,5,3,4,5,3,9
9304202,5,3,2,3,5,0,0
9406275,11,3,8,20,8,3,3
9702362,8,4,4,9,0,8,31
108180,1,1,0,0,0,1,6
9905572,3,3,0,0,0,3,23
9408308,3,3,0,0,1,2,7
101294,4,2,2,2,0,4,18
9410274,6,6,0,0,6,0,0
9704408,10,6,4,6,9,1,1
103023,10,7,3,3,2,8,51
9904253,0,0,0,0,0,0,0
9811241,1,1,0,0,1,0,0
204138,3,1,2,2,3,0,0
5155,2,1,1,1,0,2,7
3020,15,1,14,44,0,15,48
9909424,1,1,0,0,0,1,9
103124,10,6,4,10,0,10,54
9707258,1,1,0,0,0,1,1
205038,7,3,4,11,0,7,107
6185,5,2,3,6,0,5,14
9509357,0,0,0,0,0,0,0
9311219,7,2,5,10,4,3,3
1074,6,2,4,4,0,6,17
9602308,1,1,0,0,1,0,0
9807414,6,2,4,7,0,6,23
9611412,6,2,4,6,0,6,14
112148,7,5,2,2,0,7,17
108188,7,4,3,4,0,7,33
203256,3,3,0,0,0,3,14
101005,11,4,7,12,1,10,45
9905341,5,3,2,2,0,5,7
203204,1,1,0,0,0,1,6
9808379,12,2,10,46,0,12,38
103184,5,2,3,3,0,5,19
9606305,7,1,6,12,3,4,15
9909256,2,2,0,0,0,2,13
9707520,3,2,1,1,2,1,3
9212282,5,4,1,1,5,0,0
211146,0,0,0,0,0,0,0
9812240,1,1,0,0,1,0,0
201308,14,5,9,22,0,14,106
9801283,8,4,4,7,3,5,9
9802279,2,2,0,0,0,2,6
9801419,1,1,0,0,0,1,1
9911523,13,2,11,23,0,13,89
9610290,1,1,0,0,0,1,4
9407348,4,2,2,2,4,0,0
9912450,3,3,0,0,0,3,7
9808427,1,1,0,0,0,1,2
9411279,9,2,7,14,9,0,0
9911254,6,1,5,15,6,0,0
9705226,7,4,3,6,7,0,0
9303288,8,6,2,4,6,2,2
111108,1,1,0,0,0,1,1
11062,12,3,9,25,1,11,18
205227,8,7,1,3,2,6,56
101225,26,2,24,36,0,26,167
9611383,7,4,3,5,3,4,4
9809362,4,1,3,3,0,4,31
8003,1,1,0,0,0,1,2
9706299,0,0,0,0,0,0,0
9606332,4,1,3,4,0,4,9
9911485,3,2,1,1,0,3,5
9703406,7,1,6,11,0,7,44
105327,2,2,0,0,0,2,13
9811312,2,2,0,0,0,2,23
111004,1,1,0,0,0,1,40
9511225,2,1,1,1,2,0,0
9508360,2,2,0,0,2,0,0
9810439,1,1,0,0,1,0,0
10350,4,4,0,0,0,4,20
9712434,16,8,8,9,1,15,86
201179,2,2,0,0,0,2,5
9308216,5,3,2,2,5,0,0
9406424,6,3,3,5,6,0,0
9703289,6,5,1,1,0,6,24
9709402,3,3,0,0,0,3,7
9804407,9,1,8,23,0,9,23
9511461,8,2,6,19,1,7,15
210004,4,4,0,0,0,4,15
9705288,8,2,6,15,0,8,32
9906444,3,3,0,0,0,3,7
111387,0,0,0,0,0,0,0
9711295,4,4,0,0,4,0,0
2236,2,1,1,1,0,2,12
9212307,6,2,4,12,6,0,0
1108,7,2,5,11,0,7,39
109042,0,0,0,0,0,0,0
9412239,1,1,0,0,0,1,4
9802410,7,1,6,13,4,3,4
9707268,6,1,5,9,0,6,12
9912395,2,1,1,1,0,2,8
111315,15,4,11,21,0,15,102
11258,2,2,0,0,1,1,7
12084,0,0,0,0,0,0,0
4113,3,3,0,0,0,3,14
106221,17,10,7,14,0,17,156
102064,7,1,6,12,0,7,47
204187,4,4,0,0,1,3,9
9911394,4,3,1,1,1,3,4
204031,2,1,1,1,0,2,35
206135,11,3,8,15,0,11,49
9707286,12,2,10,36,6,6,7
5056,4,1,3,4,0,4,17
101122,1,1,0,0,0,1,4
9907382,12,3,9,27,2,10,43
212378,0,0,0,0,0,0,0
5085,8,4,4,4,1,7,20
9410243,6,5,1,1,6,0,0
9708249,1,1,0,0,0,1,1
9810369,2,1,1,1,0,2,7
9708386,6,4,2,2,0,6,33
108118,4,2,2,3,0,4,8
9808359,1,1,0,0,1,0,0
9610439,4,1,3,3,2,2,2
9411371,1,1,0,0,0,1,1
204178,0,0,0,0,0,0,0
9907225,7,4,3,3,0,7,50
9811278,3,3,0,0,0,3,10
9805207,4,2,2,3,0,4,10
9905287,8,4,4,5,0,8,31
9410351,5,1,4,5,5,0,0
103015,3,1,2,3,0,3,6
201051,3,2,1,1,2,1,3
4156,1,1,0,0,0,1,1
9808281,3,1,2,3,0,3,11
9907356,2,2,0,0,0,2,23
209137,5,4,1,1,0,5,18
9905261,4,4,0,0,1,3,3
9606439,2,2,0,0,0,2,3
9612416,4,4,0,0,3,1,2
9809431,2,2,0,0,0,2,13
9705441,2,2,0,0,0,2,13
206090,1,1,0,0,0,1,1
12110,3,2,1,1,1,2,11
203252,1,1,0,0,1,0,0
7217,3,3,0,0,1,2,2
111084,4,2,2,2,3,1,1
9611398,10,2,8,20,0,10,28
212110,1,1,0,0,0,1,2
9802297,1,1,0,0,1,0,0
105321,2,2,0,0,0,2,3
204190,1,1,0,0,0,1,5
202256,1,1,0,0,1,0,0
211255,0,0,0,0,0,0,0
110214,1,1,0,0,0,1,2
9708271,4,1,3,5,0,4,4
2057,3,2,1,1,0,3,33
105171,1,1,0,0,1,0,0
9909452,5,1,4,6,0,5,6
112283,7,3,4,5,0,7,65
9908223,10,2,8,25,0,10,35
212026,0,0,0,0,0,0,0
9611283,5,3,2,3,0,5,16
9301226,2,1,1,1,2,0,0
9609334,2,1,1,1,0,2,6
9602300,3,2,1,1,0,3,5
110193,3,3,0,0,1,2,7
101022,7,2,5,7,2,5,9
9805280,1,1,0,0,0,1,1
9408261,10,3,7,13,9,1,1
9511400,2,2,0,0,2,0,0
9611395,3,2,1,1,3,0,0
9902301,5,2,3,3,1,4,8
9809281,1,1,0,0,0,1,1
9708369,6,3,3,8,0,6,43
12325,1,1,0,0,0,1,1
3053,3,3,0,0,0,3,21
8242,8,3,5,5,1,7,17
9912209,1,1,0,0,1,0,0
9707389,8,2,6,14,8,0,0
5214,0,0,0,0,0,0,0
9903547,2,2,0,0,0,2,6
10132,0,0,0,0,0,0,0
108150,2,1,1,1,0,2,20
4081,1,1,0,0,0,1,5
12066,5,2,3,5,4,1,1
9803223,1,1,0,0,1,0,0
4232,9,3,6,12,5,4,7
9302296,3,1,2,3,3,0,0
9606262,1,1,0,0,0,1,5
9503480,2,1,1,1,2,0,0
1185,3,3,0,0,2,1,9
209246,0,0,0,0,0,0,0
9905235,2,2,0,0,1,1,1
9910245,3,1,2,3,0,3,4
109037,3,1,2,2,0,3,7
9910558,5,3,2,2,0,5,31
9612471,1,1,0,0,0,1,1
7180,8,5,3,4,0,8,26
9908473,9,2,7,29,2,7,22
211061,0,0,0,0,0,0,0
9805298,1,1,0,0,1,0,0
9507330,5,3,2,2,5,0,0
105288,5,5,0,0,0,5,50
9412232,1,1,0,0,0,1,1
9810255,0,0,0,0,0,0,0
104111,3,3,0,0,0,3,14
101006,2,2,0,0,0,2,4
204212,0,0,0,0,0,0,0
9212309,2,2,0,0,2,0,0
9505440,4,3,1,1,0,4,10
5014,4,2,2,4,0,4,7
9903457,1,1,0,0,0,1,4
106180,3,3,0,0,0,3,10
302004,0,0,0,0,0,0,0
10129,0,0,0,0,0,0,0
8180,1,1,0,0,0,1,3
7058,3,3,0,0,0,3,13
9907348,2,1,1,1,2,0,0
3131,6,1,5,10,0,6,47
205264,0,0,0,0,0,0,0
9501226,0,0,0,0,0,0,0
210348,1,1,0,0,0,1,5
204332,3,2,1,1,0,3,17
107185,4,3,1,1,0,4,19
9905496,2,2,0,0,0,2,10
110348,4,2,2,3,0,4,28
9903401,0,0,0,0,0,0,0
207303,1,1,0,0,0,1,2
9701282,1,1,0,0,0,1,5
9501272,2,2,0,0,0,2,2
9810532,3,3,0,0,3,0,0
9501329,3,2,1,1,3,0,0
111127,1,1,0,0,0,1,2
9810446,10,2,8,11,5,5,6
103200,0,0,0,0,0,0,0
112246,1,1,0,0,0,1,6
9801292,7,2,5,8,7,0,0
9610239,0,0,0,0,0,0,0
9504380,2,2,0,0,0,2,2
108083,0,0,0,0,0,0,0
9710407,2,2,0,0,0,2,9
107131,0,0,0,0,0,0,0
204039,1,1,0,0,0,1,3
9807329,1,1,0,0,0,1,6
7067,8,5,3,5,0,8,17
9503301,0,0,0,0,0,0,0
9611231,3,3,0,0,0,3,3
111015,3,2,1,1,0,3,15
10176,1,1,0,0,0,1,3
203215,0,0,0,0,0,0,0
9712334,1,1,0,0,1,0,0
6313,1,1,0,0,0,1,1
9902227,1,1,0,0,0,1,9
9807551,6,3,3,5,4,2,3
9912509,3,1,2,3,0,3,7
10339,0,0,0,0,0,0,0
103198,2,2,0,0,0,2,15
9116,3,3,0,0,0,3,8
9609283,4,2,2,2,2,2,7
9906299,5,2,3,4,2,3,3
209051,3,1,2,2,0,3,21
9509280,1,1,0,0,1,0,0
9182,0,0,0,0,0,0,0
9511273,2,1,1,1,0,2,2
9905469,1,1,0,0,0,1,2
1064,8,2,6,20,0,8,12
111296,1,1,0,0,0,1,3
110397,1,1,0,0,0,1,1
301206,0,0,0,0,0,0,0
9707303,3,2,1,1,3,0,0
9609241,1,1,0,0,0,1,3
205299,2,1,1,1,0,2,6
202258,6,1,5,12,0,6,46
9502382,1,1,0,0,1,0,0
102313,4,4,0,0,0,4,18
8212,1,1,0,0,0,1,2
9811359,1,1,0,0,1,0,0
4165,2,2,0,0,0,2,3
9710248,2,2,0,0,1,1,1
9607302,1,1,0,0,0,1,1
9707265,4,4,0,0,1,3,5
9804333,0,0,0,0,0,0,0
207097,0,0,0,0,0,0,0
3313,11,2,9,32,0,11,37
9609303,0,0,0,0,0,0,0
9906344,2,2,0,0,0,2,4
5115,5,5,0,0,0,5,22
106305,1,1,0,0,0,1,4
9809260,1,1,0,0,0,1,4
9409379,1,1,0,0,0,1,1
107275,4,3,1,1,0,4,32
107324,0,0,0,0,0,0,0
104009,4,2,2,3,0,4,20
2283,3,3,0,0,0,3,9
212329,0,0,0,0,0,0,0
9508234,2,1,1,1,0,2,4
9308334,1,1,0,0,1,0,0
111383,1,1,0,0,1,0,0
9411348,0,0,0,0,0,0,0
211403,0,0,0,0,0,0,0
9504358,3,3,0,0,0,3,7
9404309,1,1,0,0,0,1,1
11196,0,0,0,0,0,0,0
9611220,2,2,0,0,0,2,2
9508363,0,0,0,0,0,0,0
209313,0,0,0,0,0,0,0
9905218,3,2,1,1,0,3,15
9709321,0,0,0,0,0,0,0
101285,0,0,0,0,0,0,0
9808373,1,1,0,0,0,1,14
9701255,2,1,1,1,2,0,0
9807538,2,2,0,0,0,2,22
9803331,1,1,0,0,0,1,4
211154,1,1,0,0,0,1,3
301213,0,0,0,0,0,0,0
107128,2,1,1,1,0,2,8
9903228,4,4,0,0,0,4,7
202125,2,1,1,1,0,2,25
9802355,1,1,0,0,0,1,2
204179,4,2,2,3,0,4,9
9909552,0,0,0,0,0,0,0
9711441,7,1,6,12,0,7,18
207156,4,2,2,2,0,4,22
9711407,0,0,0,0,0,0,0
201237,0,0,0,0,0,0,0
102311,1,1,0,0,0,1,1
9408247,1,1,0,0,1,0,0
109076,3,3,0,0,1,2,6
9611418,3,2,1,1,2,1,1
9803435,2,1,1,1,2,0,0
110370,4,2,2,3,0,4,12
3240,2,1,1,1,0,2,11
3036,1,1,0,0,0,1,3
103204,1,1,0,0,0,1,7
302252,0,0,0,0,0,0,0
7220,2,1,1,1,0,2,12
211440,1,1,0,0,0,1,1
9909573,1,1,0,0,0,1,1
108196,2,2,0,0,1,1,2
302010,0,0,0,0,0,0,0
1207,1,1,0,0,1,0,0
109163,1,1,0,0,0,1,2
9506247,0,0,0,0,0,0,0
112270,1,1,0,0,0,1,12
9912273,1,1,0,0,0,1,1
9711374,1,1,0,0,1,0,0
202179,0,0,0,0,0,0,0
112299,0,0,0,0,0,0,0
204345,0,0,0,0,0,0,0
204107,0,0,0,0,0,0,0
103003,2,2,0,0,0,2,6
9808315,1,1,0,0,0,1,2
103022,2,2,0,0,0,2,7
108140,0,0,0,0,0,0,0
9907349,1,1,0,0,0,1,8
212375,2,1,1,1,0,2,8
7079,1,1,0,0,0,1,1
206185,1,1,0,0,1,0,0
9510234,0,0,0,0,0,0,0
112180,3,1,2,2,0,3,22
9608232,0,0,0,0,0,0,0
302075,0,0,0,0,0,0,0
9606461,3,1,2,2,2,1,4
201180,0,0,0,0,0,0,0
109118,4,3,1,1,1,3,18
8002,0,0,0,0,0,0,0
103016,1,1,0,0,1,0,0
9808273,1,1,0,0,0,1,7
9410374,0,0,0,0,0,0,0
203205,1,1,0,0,0,1,1
9601263,2,2,0,0,2,0,0
112207,4,1,3,5,0,4,7
9801239,1,1,0,0,0,1,3
211207,0,0,0,0,0,0,0
205286,3,2,1,1,1,2,14
9710210,1,1,0,0,1,0,0
9912471,1,1,0,0,0,1,7
9405351,3,2,1,1,2,1,2
9904204,1,1,0,0,0,1,3
9411248,1,1,0,0,1,0,0
111437,1,1,0,0,1,0,0
9307339,2,2,0,0,2,0,0
212245,1,1,0,0,0,1,4
9910384,1,1,0,0,0,1,9
9806271,2,2,0,0,2,0,0
302205,0,0,0,0,0,0,0
105271,0,0,0,0,0,0,0
9908418,0,0,0,0,0,0,0
9901310,1,1,0,0,0,1,2
202241,1,1,0,0,0,1,1
209338,0,0,0,0,0,0,0
111381,1,1,0,0,0,1,2
208072,0,0,0,0,0,0,0
6052,0,0,0,0,0,0,0
210077,2,2,0,0,0,2,2
111384,0,0,0,0,0,0,0
302187,0,0,0,0,0,0,0
211244,0,0,0,0,0,0,0
9807476,1,1,0,0,1,0,0
9609214,1,1,0,0,0,1,5
9502277,0,0,0,0,0,0,0
9402235,0,0,0,0,0,0,0
9509326,1,1,0,0,1,0,0
202261,3,2,1,2,2,1,3
209359,0,0,0,0,0,0,0
9706224,2,2,0,0,0,2,4
110413,1,1,0,0,0,1,2
2018,0,0,0,0,0,0,0
9803208,0,0,0,0,0,0,0
9809273,2,2,0,0,0,2,6
9703300,3,1,2,2,1,2,4
112020,0,0,0,0,0,0,0
112217,0,0,0,0,0,0,0
9704265,1,1,0,0,0,1,1
5284,0,0,0,0,0,0,0
9605410,0,0,0,0,0,0,0
9608207,1,1,0,0,0,1,1
6065,0,0,0,0,0,0,0
1223,1,1,0,0,0,1,2
8128,0,0,0,0,0,0,0
9412320,0,0,0,0,0,0,0
12079,0,0,0,0,0,0,0
102333,1,1,0,0,1,0,0
211077,0,0,0,0,0,0,0
201243,0,0,0,0,0,0,0
302172,0,0,0,0,0,0,0
9504328,1,1,0,0,0,1,1
212241,0,0,0,0,0,0,0
9406420,1,1,0,0,1,0,0
9909306,1,1,0,0,0,1,2
105211,0,0,0,0,0,0,0
12006,0,0,0,0,0,0,0
9409398,0,0,0,0,0,0,0
105232,1,1,0,0,0,1,1
9707420,0,0,0,0,0,0,0
201267,0,0,0,0,0,0,0
6317,0,0,0,0,0,0,0
111074,0,0,0,0,0,0,0
9708466,1,1,0,0,0,1,3
9910294,0,0,0,0,0,0,0
212313,0,0,0,0,0,0,0
210015,1,1,0,0,0,1,2
206239,0,0,0,0,0,0,0
210416,1,1,0,0,0,1,5
9506219,0,0,0,0,0,0,0
9712433,0,0,0,0,0,0,0
9804329,5,1,4,10,0,5,18
103171,4,3,1,1,0,4,10
9909460,0,0,0,0,0,0,0
9602428,0,0,0,0,0,0,0
201162,0,0,0,0,0,0,0
207345,3,2,1,1,0,3,16
9408361,0,0,0,0,0,0,0
105016,0,0,0,0,0,0,0
107051,1,1,0,0,1,0,0
9906454,0,0,0,0,0,0,0
9602217,0,0,0,0,0,0,0
204267,2,1,1,1,2,0,0
9704332,0,0,0,0,0,0,0
109021,1,1,0,0,1,0,0
9605232,0,0,0,0,0,0,0
1016,0,0,0,0,0,0,0
204046,2,2,0,0,0,2,7
9805333,0,0,0,0,0,0,0
9608244,0,0,0,0,0,0,0
108099,0,0,0,0,0,0,0
9505380,0,0,0,0,0,0,0
209004,0,0,0,0,0,0,0
207027,1,1,0,0,0,1,5
104241,0,0,0,0,0,0,0
9902287,0,0,0,0,0,0,0
109185,0,0,0,0,0,0,0
4090,1,1,0,0,0,1,7
9706255,1,1,0,0,1,0,0
9705424,0,0,0,0,0,0,0
9510395,0,0,0,0,0,0,0
203162,0,0,0,0,0,0,0
109141,1,1,0,0,0,1,1
12344,0,0,0,0,0,0,0
9606258,2,2,0,0,2,0,0
9510374,0,0,0,0,0,0,0
9803471,0,0,0,0,0,0,0
9710306,0,0,0,0,0,0,0
211209,0,0,0,0,0,0,0
211420,0,0,0,0,0,0,0
101177,1,1,0,0,0,1,6
9406215,1,1,0,0,0,1,1
212052,0,0,0,0,0,0,0
102202,0,0,0,0,0,0,0
9802264,0,0,0,0,0,0,0
207272,1,1,0,0,0,1,7
9402352,0,0,0,0,0,0,0
101144,0,0,0,0,0,0,0
103279,0,0,0,0,0,0,0
110128,0,0,0,0,0,0,0
212154,0,0,0,0,0,0,0
207245,0,0,0,0,0,0,0
9503379,0,0,0,0,0,0,0
9609412,0,0,0,0,0,0,0
11315,0,0,0,0,0,0,0
9910380,0,0,0,0,0,0,0
9808439,0,0,0,0,0,0,0
3315,0,0,0,0,0,0,0
211451,0,0,0,0,0,0,0
208263,1,1,0,0,0,1,5
9510331,0,0,0,0,0,0,0
205107,0,0,0,0,0,0,0
9706327,0,0,0,0,0,0,0
12159,0,0,0,0,0,0,0
9712323,0,0,0,0,0,0,0
9412317,0,0,0,0,0,0,0
8250,0,0,0,0,0,0,0
301171,2,2,0,0,0,2,8
202130,0,0,0,0,0,0,0
108154,0,0,0,0,0,0,0
9903271,0,0,0,0,0,0,0
106242,0,0,0,0,0,0,0
211089,1,1,0,0,0,1,1
109038,0,0,0,0,0,0,0
1213,2,1,1,1,2,0,0
209323,1,1,0,0,0,1,4
301039,0,0,0,0,0,0,0
204249,0,0,0,0,0,0,0
302053,0,0,0,0,0,0,0
2026,0,0,0,0,0,0,0
107283,0,0,0,0,0,0,0
302183,0,0,0,0,0,0,0
9809514,1,1,0,0,0,1,2
111330,0,0,0,0,0,0,0
9906217,0,0,0,0,0,0,0
6269,1,1,0,0,1,0,0
211289,0,0,0,0,0,0,0
112269,0,0,0,0,0,0,0
9508266,0,0,0,0,0,0,0
211369,0,0,0,0,0,0,0
103298,0,0,0,0,0,0,0
9807387,0,0,0,0,0,0,0
9904503,0,0,0,0,0,0,0
9707472,0,0,0,0,0,0,0
9611257,0,0,0,0,0,0,0
208137,1,1,0,0,1,0,0
9407340,0,0,0,0,0,0,0
104059,0,0,0,0,0,0,0
209352,0,0,0,0,0,0,0
9808252,0,0,0,0,0,0,0
210151,1,1,0,0,0,1,2
106111,0,0,0,0,0,0,0
9610483,0,0,0,0,0,0,0
9508217,0,0,0,0,0,0,0
211441,0,0,0,0,0,0,0
211121,0,0,0,0,0,0,0
9311364,0,0,0,0,0,0,0
205164,0,0,0,0,0,0,0
9020,0,0,0,0,0,0,0
9511274,0,0,0,0,0,0,0
211379,0,0,0,0,0,0,0
9703405,0,0,0,0,0,0,0
9405328,0,0,0,0,0,0,0
9501203,0,0,0,0,0,0,0
10138,0,0,0,0,0,0,0
112363,0,0,0,0,0,0,0
212310,0,0,0,0,0,0,0
110264,0,0,0,0,0,0,0
9712528,0,0,0,0,0,0,0
9704218,0,0,0,0,0,0,0
8253,0,0,0,0,0,0,0
9806300,0,0,0,0,0,0,0
106058,0,0,0,0,0,0,0
9507203,0,0,0,0,0,0,0
11325,0,0,0,0,0,0,0
9902358,0,0,0,0,0,0,0
9507347,1,1,0,0,1,0,0
9329,0,0,0,0,0,0,0
301086,0,0,0,0,0,0,0
9802261,0,0,0,0,0,0,0
302113,0,0,0,0,0,0,0
212363,0,0,0,0,0,0,0
7090,0,0,0,0,0,0,0
204003,0,0,0,0,0,0,0
9811389,0,0,0,0,0,0,0
9801351,0,0,0,0,0,0,0
10320,0,0,0,0,0,0,0
203105,0,0,0,0,0,0,0
207060,0,0,0,0,0,0,0
210176,0,0,0,0,0,0,0
208253,0,0,0,0,0,0,0
9907529,1,1,0,0,1,0,0
110135,1,1,0,0,0,1,3
9909263,0,0,0,0,0,0,0
9404286,0,0,0,0,0,0,0
112038,0,0,0,0,0,0,0
9912461,0,0,0,0,0,0,0
9704296,8,6,2,3,1,7,21
9711261,26,10,16,33,13,13,25
8004,28,1,27,125,4,24,79
9707251,132,13,119,780,19,113,515
9304225,322,37,285,3071,322,0,0
9407342,19,5,14,43,2,17,24
6056,30,3,27,95,3,27,259
9907300,6,3,3,6,1,5,11
9908395,35,7,28,125,3,32,363
9612433,118,18,100,512,115,3,3
106315,102,27,75,216,39,63,255
9407389,137,10,127,802,23,114,179
9606397,25,7,18,48,9,16,32
112169,2,2,0,0,0,2,12
9401236,58,25,33,69,45,13,13
9610424,9,2,7,23,9,0,0
9805358,8,4,4,8,0,8,29
205126,5,5,0,0,5,0,0
9204214,78,5,73,298,78,0,0
9603349,26,6,20,52,2,24,48
9907414,7,4,3,7,0,7,25
9308343,4,3,1,1,4,0,0
9607388,17,4,13,25,3,14,46
9507463,26,2,24,59,26,0,0
112177,44,9,35,111,0,44,417
8047,4,3,1,1,0,4,4
9403353,7,5,2,2,5,2,7
9412201,33,10,23,97,12,21,47
9512369,51,10,41,152,5,46,145
9503367,5,3,2,2,3,2,7
9306242,76,5,71,380,76,0,0
9507238,18,4,14,34,0,18,94
9207257,60,10,50,145,60,0,0
9805293,33,5,28,72,7,26,57
9812360,153,32,121,420,24,129,792
9404308,26,12,14,18,18,8,8
9710417,40,7,33,141,17,23,31
2155,27,4,23,48,4,23,80
9811447,70,8,62,313,9,61,356
9909249,19,6,13,23,1,18,290
9410353,37,1,36,158,15,22,25
9901208,37,15,22,47,6,31,217
9807315,18,5,13,44,11,7,11
9601346,26,3,23,65,10,16,19
9606221,1,1,0,0,0,1,3
9409285,25,6,19,75,1,24,48
9803261,17,3,14,27,1,16,51
9306333,92,5,87,652,90,2,2
9806292,253,5,248,2618,17,236,748
9612217,54,13,41,111,10,44,128
9408214,139,6,133,967,139,0,0
9406319,103,5,98,564,103,0,0
9606416,32,2,30,118,0,32,119
9305268,1,1,0,0,1,0,0
9205229,15,3,12,26,15,0,0
9411203,44,8,36,105,31,13,13
9309293,73,18,55,222,15,58,135
9711517,13,4,9,16,0,13,75
9701381,16,4,12,25,4,12,31
9503366,19,6,13,42,0,19,59
112089,7,6,1,1,0,7,118
4247,35,2,33,164,0,35,270
9604283,89,5,84,504,89,0,0
9401256,23,14,9,18,23,0,0
9809594,39,4,35,199,0,39,80
9303230,276,13,263,2156,268,8,8
9608243,7,3,4,7,2,5,13
9704206,20,5,15,33,0,20,75
5292,16,10,6,8,1,15,97
9412203,16,5,11,20,11,5,6
9807447,25,6,19,39,1,24,135
106067,62,5,57,156,1,61,385
9809423,25,2,23,81,2,23,181
9808385,58,12,46,170,9,49,141
9701238,64,11,53,190,8,56,221
10312,13,6,7,8,1,12,28
9908382,19,6,13,28,0,19,149
9909455,13,5,8,12,2,11,22
9703391,9,7,2,3,1,8,37
9801453,7,6,1,1,1,6,42
9908229,28,5,23,63,2,26,158
9308264,34,10,24,58,34,0,0
9403376,22,5,17,31,6,16,94
9211309,98,2,96,737,98,0,0
9604440,52,1,51,425,1,51,255
9902476,4,1,3,4,0,4,12
9904389,24,12,12,20,8,16,61
9509426,4,3,1,1,2,2,2
9804296,19,9,10,15,3,16,38
9407401,51,11,40,173,31,20,21
9502230,4,2,2,5,0,4,16
9706449,8,4,4,7,1,7,11
9806342,26,5,21,69,4,22,86
9305225,44,6,38,151,44,0,0
9602320,45,10,35,88,26,19,41
9912292,4,4,0,0,0,4,8
9708463,12,4,8,14,0,12,46
9711244,26,2,24,124,5,21,76
9411321,4,1,3,3,0,4,8
9212312,7,5,2,2,7,0,0
9612457,34,16,18,25,20,14,21
9803363,50,1,49,335,3,47,227
9611388,25,3,22,109,2,23,59
9407407,35,7,28,119,0,35,252
9605406,12,5,7,9,0,12,103
9410342,24,9,15,43,5,19,55
9411375,8,4,4,5,3,5,10
9612202,46,3,43,158,9,37,92
9307269,12,5,7,13,12,0,0
9408344,52,8,44,233,43,9,9
9611400,2,2,0,0,1,1,1
9708207,33,12,21,74,2,31,90
9809573,2,2,0,0,0,2,12
9609481,99,6,93,622,38,61,88
9912305,12,3,9,25,0,12,153
9608299,11,5,6,12,1,10,21
9307221,34,7,27,113,34,0,0
9903550,5,1,4,8,0,5,38
9809583,14,2,12,36,0,14,26
9411214,6,2,4,8,6,0,0
9805341,12,2,10,34,4,8,12
9907385,55,3,52,646,2,53,54
9603327,13,4,9,12,4,9,19
9308229,7,2,5,7,7,0,0
11394,11,4,7,16,0,11,124
9910254,40,3,37,188,0,40,504
9209241,66,19,47,186,66,0,0
9505321,21,3,18,45,4,17,28
9701323,13,4,9,19,1,12,32
9172,2,2,0,0,0,2,33
107265,29,3,26,75,0,29,188
7335,12,4,8,14,0,12,55
9310216,14,3,11,16,6,8,15
9411215,1,1,0,0,0,1,3
9904250,46,5,41,246,3,43,114
9403240,73,16,57,209,56,17,17
9502317,52,6,46,200,2,50,142
9710438,41,9,32,176,2,39,91
9502397,14,8,6,7,4,10,26
9908316,15,3,12,38,0,15,100
9703232,23,3,20,60,1,22,77
9211332,6,5,1,1,6,0,0
9512425,3,3,0,0,1,2,19
9612253,20,5,15,57,1,19,73
9403291,11,4,7,13,2,9,21
9908378,13,2,11,28,1,12,100
9703275,11,2,9,22,6,5,6
9912463,46,5,41,125,0,46,323
9711506,4,3,1,1,4,0,0
9904395,68,5,63,476,3,65,508
9805221,11,2,9,23,0,11,13
9604266,19,3,16,52,0,19,51
9310361,4,2,2,2,2,2,2
10196,5,3,2,2,0,5,10
9712387,9,3,6,15,1,8,17
9312205,4,4,0,0,4,0,0
9602310,7,3,4,7,0,7,23
9912318,8,3,5,8,0,8,21
9810512,18,10,8,12,4,14,76
9601293,24,5,19,34,0,24,134
9606235,1,1,0,0,0,1,10
9605296,56,9,47,217,0,56,207
9306251,10,2,8,17,10,0,0
9712305,73,17,56,341,7,66,323
9911341,36,10,26,77,10,26,156
9402320,8,2,6,15,8,0,0
9510268,6,2,4,9,0,6,60
204192,11,6,5,6,1,10,167
9706474,1,1,0,0,0,1,1
102315,53,2,51,360,1,52,451
7202,13,8,5,10,0,13,59
9801246,26,6,20,73,0,26,129
9401262,35,4,31,118,35,0,0
9705479,18,12,6,7,9,9,13
9502399,30,4,26,95,1,29,97
9803384,22,5,17,61,7,15,37
106258,168,38,130,702,47,121,269
9910387,26,9,17,50,3,23,95
9309264,1,1,0,0,1,0,0
9503251,27,3,24,95,27,0,0
105268,18,4,14,54,0,18,195
7289,29,2,27,115,6,23,63
9905386,9,3,6,8,0,9,14
12176,2,1,1,1,0,2,7
9602433,10,3,7,12,8,2,2
9612233,2,2,0,0,0,2,5
9502312,10,9,1,2,5,5,5
9305305,22,8,14,25,22,0,0
9907520,50,6,44,202,0,50,490
9911294,39,1,38,229,0,39,217
9604262,5,1,4,4,5,0,0
9405388,119,17,102,560,119,0,0
9901222,30,11,19,42,4,26,57
9609377,26,5,21,45,8,18,36
204023,2,1,1,1,0,2,13
105149,4,1,3,3,0,4,4
9806357,12,2,10,17,0,12,49
204228,9,2,7,22,0,9,154
110067,30,8,22,68,1,29,190
111112,10,2,8,24,0,10,71
9604317,142,2,140,1148,19,123,126
9312291,27,10,17,38,24,3,3
9607208,4,3,1,1,1,3,9
110391,13,4,9,14,0,13,151
105084,17,4,13,53,2,15,53
9212286,2,1,1,1,0,2,4
9802267,30,2,28,111,0,30,197
9602439,15,2,13,33,1,14,36
4135,0,0,0,0,0,0,0
9803487,3,3,0,0,1,2,3
9408282,16,5,11,31,16,0,0
9903554,36,8,28,98,26,10,19
9310301,7,5,2,2,7,0,0
9507416,35,6,29,103,3,32,76
201071,37,17,20,52,1,36,564
10042,2,2,0,0,0,2,19
9711280,17,3,14,37,0,17,66
110365,5,4,1,1,0,5,58
9903496,15,7,8,14,0,15,45
3233,28,8,20,37,1,27,112
9511228,48,8,40,110,7,41,45
9207205,9,8,1,1,9,0,0
9702230,11,3,8,19,0,11,44
9607236,12,3,9,16,0,12,92
9506480,8,5,3,3,0,8,15
9901369,6,4,2,3,0,6,37
9809229,7,1,6,15,0,7,37
9512384,11,2,9,16,1,10,25
9610212,6,3,3,3,0,6,49
9206214,33,11,22,141,33,0,0
201201,15,5,10,28,1,14,27
9610333,8,5,3,4,0,8,85
9808412,26,1,25,126,0,26,215
9305228,44,10,34,102,44,0,0
9809410,6,1,5,13,5,1,1
9604295,29,4,25,148,6,23,32
9509237,31,11,20,39,14,17,24
9806510,6,5,1,1,2,4,16
9907509,25,4,21,64,1,24,160
3107,25,2,23,82,0,25,372
9712352,10,5,5,6,10,0,0
9706525,11,5,6,8,8,3,3
103111,1,1,0,0,0,1,1
9905343,3,3,0,0,0,3,21
9807572,3,3,0,0,0,3,9
9808335,2,2,0,0,0,2,3
9409455,12,4,8,13,3,9,16
9501297,28,5,23,89,28,0,0
9905511,2,2,0,0,0,2,2
9412261,4,3,1,1,2,2,2
9710506,5,3,2,3,0,5,9
9311301,13,7,6,11,13,0,0
9909407,10,6,4,7,6,4,6
8302,10,2,8,16,0,10,43
9701404,20,2,18,62,1,19,34
9811395,3,1,2,3,2,1,2
9506357,21,3,18,69,0,21,74
9503381,14,4,10,20,11,3,3
9706233,2,2,0,0,0,2,4
9801416,23,3,20,50,2,21,109
9809500,9,3,6,8,0,9,79
9709246,5,2,3,5,0,5,7
9610344,2,1,1,1,0,2,2
9410225,10,2,8,20,0,10,55
9406345,42,9,33,167,2,40,99
9404272,9,1,8,16,3,6,8
9204232,7,3,4,6,7,0,0
9904396,4,2,2,2,2,2,3
9410265,16,9,7,13,13,3,3
9901401,4,3,1,3,1,3,12
3013,5,2,3,7,1,4,7
9908489,3,3,0,0,0,3,11
1147,3,2,1,2,0,3,14
9706551,10,1,9,17,1,9,15
9406204,43,3,40,173,23,20,20
9608350,37,6,31,146,0,37,179
9812447,3,3,0,0,0,3,10
9710342,15,7,8,17,2,13,26
112059,10,3,7,26,10,0,0
9910508,3,1,2,3,0,3,11
9805286,0,0,0,0,0,0,0
9403293,15,8,7,9,5,10,12
211370,2,1,1,1,0,2,16
9202,5,4,1,1,1,4,7
5093,6,5,1,1,0,6,71
9911247,7,4,3,3,4,3,12
3122,16,5,11,34,0,16,172
3262,16,3,13,33,4,12,31
9211285,4,2,2,2,4,0,0
9305223,19,6,13,50,19,0,0
6025,2,1,1,1,0,2,13
9603362,11,7,4,5,4,7,16
9602302,23,6,17,62,0,23,105
9911489,10,1,9,27,0,10,70
5191,23,1,22,98,15,8,24
9401319,12,6,6,12,12,0,0
9902469,8,4,4,7,1,7,39
7101,20,12,8,16,1,19,53
9909292,36,3,33,128,10,26,43
9301280,10,2,8,23,10,0,0
9601350,6,3,3,6,4,2,3
9905247,30,9,21,55,19,11,12
112305,11,4,7,11,0,11,89
9412259,12,1,11,25,1,11,31
106255,13,9,4,6,0,13,151
207006,5,3,2,3,1,4,33
9612485,2,1,1,1,0,2,9
9804209,53,9,44,136,3,50,187
9709484,16,2,14,37,4,12,26
9706487,13,3,10,24,0,13,24
9409382,7,1,6,13,7,0,0
9352,1,1,0,0,0,1,4
111101,4,2,2,2,0,4,6
9411339,6,4,2,2,3,3,15
9407284,0,0,0,0,0,0,0
9511431,8,1,7,18,0,8,20
9706214,8,2,6,6,1,7,7
9312239,5,1,4,8,0,5,5
9403281,36,7,29,86,36,0,0
9806476,2,2,0,0,0,2,6
9806499,15,1,14,29,0,15,36
9708355,1,1,0,0,0,1,1
108268,13,6,7,15,1,12,70
110216,8,4,4,9,0,8,137
9903421,16,5,11,26,1,15,63
9903326,11,5,6,10,0,11,38
9308214,35,5,30,123,35,0,0
9705258,23,5,18,89,4,19,33
9910437,12,4,8,15,0,12,50
9505307,4,3,1,1,0,4,14
7219,10,4,6,12,0,10,135
103258,49,5,44,254,1,48,308
9807529,11,3,8,11,11,0,0
9812248,2,2,0,0,0,2,15
9611399,5,4,1,1,5,0,0
9810537,7,2,5,8,0,7,11
107168,2,1,1,1,0,2,17
9905216,4,2,2,2,0,4,19
201291,56,10,46,181,1,55,489
112310,15,2,13,37,0,15,119
112216,16,10,6,9,3,13,53
111190,24,3,21,79,24,0,0
9703411,20,6,14,42,2,18,58
107241,3,2,1,1,0,3,6
9406238,7,2,5,15,0,7,23
9901411,2,2,0,0,0,2,5
9612438,6,4,2,2,0,6,15
9807364,5,4,1,1,0,5,19
9701406,6,1,5,9,0,6,31
9411311,5,4,1,1,1,4,5
9702266,13,3,10,31,0,13,55
9902391,8,6,2,2,2,6,15
9806394,12,1,11,27,1,11,25
9506318,4,3,1,2,4,0,0
9604258,2,2,0,0,0,2,4
9602269,9,3,6,9,2,7,16
9301255,5,2,3,6,0,5,5
7350,21,9,12,29,1,20,53
9908281,1,1,0,0,0,1,4
9907420,9,1,8,17,0,9,41
111043,2,2,0,0,1,1,9
106335,7,4,3,3,1,6,15
111340,4,3,1,1,1,3,12
201134,19,7,12,19,1,18,101
9903428,14,4,10,28,0,14,49
9605204,2,2,0,0,1,1,2
107201,13,4,9,23,0,13,101
103284,6,4,2,3,0,6,85
203267,9,2,7,17,0,9,65
9606448,3,2,1,1,1,2,3
110243,10,2,8,18,0,10,117
203117,4,1,3,5,0,4,19
9807526,2,1,1,1,2,0,0
9906318,25,6,19,70,5,20,30
107056,16,3,13,33,1,15,62
9605422,6,1,5,8,0,6,6
9704299,11,4,7,23,0,11,75
9712497,17,3,14,38,0,17,93
107064,9,3,6,10,0,9,39
9902411,16,6,10,17,0,16,125
9709348,40,8,32,125,1,39,190
9608226,3,3,0,0,1,2,8
9603392,6,3,3,4,6,0,0
9610523,2,1,1,1,0,2,6
102317,9,4,5,8,0,9,67
9607451,8,2,6,18,0,8,36
9512248,26,3,23,69,2,24,54
9608387,9,2,7,13,1,8,34
9702416,4,3,1,1,0,4,9
9507401,5,3,2,2,0,5,12
9902332,3,1,2,2,0,3,10
9503233,10,4,6,11,2,8,8
10328,13,6,7,13,1,12,116
9807280,1,1,0,0,0,1,1
9502257,3,2,1,1,0,3,6
9805510,2,1,1,1,2,0,0
9809321,42,1,41,367,34,8,8
9403241,3,2,1,2,3,0,0
9404285,4,4,0,0,4,0,0
9712383,2,1,1,1,2,0,0
9709290,4,2,2,2,1,3,3
9910336,6,5,1,1,4,2,11
9410248,3,1,2,2,3,0,0
9608483,3,1,2,3,0,3,11
9710292,4,4,0,0,4,0,0
9311331,4,2,2,3,1,3,9
9902401,9,5,4,5,0,9,92
9702297,9,4,5,11,4,5,7
9508311,8,6,2,3,2,6,12
9810381,7,3,4,5,0,7,34
9808247,15,5,10,31,1,14,52
9909410,1,1,0,0,0,1,1
9609436,24,5,19,46,5,19,30
201210,4,1,3,4,3,1,4
7175,5,4,1,1,5,0,0
9712297,10,6,4,8,5,5,5
9506281,19,8,11,26,1,18,65
103147,3,3,0,0,0,3,23
9711437,1,1,0,0,0,1,5
9309307,4,4,0,0,4,0,0
9710309,5,3,2,2,1,4,9
108061,4,2,2,2,0,4,17
107022,7,3,4,4,0,7,33
9604321,9,3,6,10,3,6,10
9806369,6,4,2,3,6,0,0
9510453,8,3,5,8,0,8,63
9705302,8,4,4,6,0,8,10
9802356,9,3,6,8,0,9,20
9703245,7,6,1,1,4,3,4
9811475,3,3,0,0,0,3,19
109221,5,3,2,2,0,5,38
9606254,25,8,17,33,1,24,84
9711373,8,2,6,11,0,8,23
6165,2,2,0,0,0,2,11
9811440,4,4,0,0,0,4,12
7306,5,3,2,3,0,5,57
9310230,4,1,3,4,0,4,8
210436,2,2,0,0,0,2,14
201136,4,2,2,3,0,4,17
9401244,2,2,0,0,1,1,2
9302233,10,6,4,6,4,6,6
9310270,4,2,2,3,4,0,0
9603315,2,1,1,1,0,2,2
9610237,12,7,5,5,2,10,11
9611261,0,0,0,0,0,0,0
102278,9,5,4,7,0,9,53
202207,3,3,0,0,0,3,6
9302206,16,7,9,13,16,0,0
9807277,8,1,7,16,0,8,21
9608447,7,2,5,8,7,0,0
109282,1,1,0,0,0,1,1
104080,10,6,4,6,3,7,28
103319,1,1,0,0,0,1,1
9705324,8,7,1,1,1,7,20
201209,4,2,2,3,0,4,43
111348,4,3,1,2,0,4,32
9911357,2,2,0,0,2,0,0
109213,3,2,1,1,0,3,7
9903397,8,4,4,7,1,7,22
9505239,9,1,8,11,2,7,20
9407370,5,3,2,4,0,5,5
8138,6,4,2,3,1,5,14
9902462,6,6,0,0,0,6,13
9809527,2,1,1,1,2,0,0
9710409,2,2,0,0,0,2,5
9310372,2,1,1,1,2,0,0
9911527,0,0,0,0,0,0,0
9411266,2,2,0,0,0,2,4
9305229,2,1,1,1,2,0,0
9411263,4,2,2,2,4,0,0
9612494,2,2,0,0,0,2,8
111181,3,2,1,1,0,3,5
9906301,14,6,8,18,2,12,79
9409340,5,5,0,0,1,4,7
105151,4,3,1,1,4,0,0
9406260,8,7,1,1,8,0,0
9805495,11,3,8,20,3,8,19
201273,9,2,7,8,0,9,54
9801385,3,3,0,0,1,2,8
9304250,1,1,0,0,1,0,0
204208,9,1,8,18,0,9,52
12297,3,2,1,1,0,3,14
7088,8,2,6,9,0,8,33
9602331,1,1,0,0,1,0,0
106017,5,4,1,1,2,3,4
9512405,3,2,1,2,2,1,1
205228,20,4,16,27,0,20,100
6343,3,1,2,3,0,3,8
8109,0,0,0,0,0,0,0
9405335,3,1,2,3,0,3,6
9910519,2,1,1,1,2,0,0
9706234,2,1,1,1,0,2,15
7328,10,4,6,25,3,7,13
9703201,17,8,9,22,3,14,26
203089,4,4,0,0,2,2,8
110254,3,2,1,1,1,2,3
103014,7,2,5,7,0,7,18
112226,9,5,4,9,1,8,30
9910395,14,4,10,27,8,6,14
6239,3,1,2,3,3,0,0
9709490,4,3,1,1,3,1,4
103275,17,1,16,29,1,16,69
9305320,3,1,2,3,3,0,0
9908300,4,3,1,1,2,2,10
9805364,2,1,1,1,0,2,3
9408281,2,2,0,0,2,0,0
9904458,4,2,2,3,0,4,16
9901317,5,3,2,3,1,4,21
5051,4,1,3,4,0,4,14
9707408,2,2,0,0,0,2,2
9710293,0,0,0,0,0,0,0
9508209,6,3,3,4,3,3,9
10227,6,2,4,5,0,6,29
9611227,4,4,0,0,0,4,51
9505324,6,4,2,2,0,6,10
9610330,2,2,0,0,1,1,1
206009,3,3,0,0,0,3,21
9412231,9,2,7,14,9,0,0
9807237,1,1,0,0,1,0,0
9711298,6,3,3,6,1,5,18
9511460,2,1,1,1,0,2,2
201069,2,1,1,1,0,2,4
11168,2,1,1,1,0,2,8
205244,8,4,4,13,0,8,69
2195,5,3,2,3,0,5,26
9604215,3,2,1,1,0,3,9
9812505,3,1,2,2,0,3,10
9610270,4,1,3,5,3,1,2
9809248,5,4,1,1,4,1,1
9708231,2,1,1,1,1,1,5
204206,3,3,0,0,1,2,5
9703415,4,1,3,5,0,4,9
106161,2,2,0,0,0,2,27
9712443,7,4,3,6,2,5,7
111154,2,2,0,0,0,2,8
210263,8,1,7,25,8,0,0
9504325,3,3,0,0,2,1,1
204117,3,2,1,1,0,3,27
12037,2,2,0,0,0,2,9
9905374,6,4,2,2,0,6,45
203199,1,1,0,0,0,1,5
9409354,1,1,0,0,0,1,1
9504257,0,0,0,0,0,0,0
9705449,4,1,3,6,0,4,35
9602251,8,5,3,7,0,8,10
9805301,6,1,5,9,1,5,7
9502249,3,3,0,0,1,2,2
9502226,3,1,2,3,3,0,0
9909394,2,2,0,0,0,2,2
9910318,1,1,0,0,0,1,3
9701375,13,2,11,18,1,12,34
9908233,1,1,0,0,1,0,0
202160,5,3,2,2,0,5,20
9402258,4,1,3,3,1,3,8
7209,3,2,1,1,3,0,0
108126,1,1,0,0,1,0,0
9503485,2,2,0,0,1,1,9
103174,13,2,11,35,1,12,44
9710284,3,1,2,2,1,2,3
9801308,3,2,1,1,2,1,3
204211,8,5,3,4,0,8,58
9906357,3,1,2,3,0,3,3
9508287,1,1,0,0,1,0,0
9804318,3,2,1,1,2,1,1
105173,1,1,0,0,0,1,4
111098,10,4,6,12,0,10,59
209309,5,5,0,0,1,4,14
9803321,1,1,0,0,0,1,4
204280,8,2,6,15,2,6,14
207330,4,3,1,1,0,4,49
9711398,12,1,11,29,3,9,11
6104,4,1,3,5,0,4,59
105298,2,1,1,1,1,1,1
1115,10,5,5,5,0,10,98
103149,7,5,2,3,4,3,7
9903339,1,1,0,0,0,1,2
9505407,8,4,4,10,0,8,14
9710467,1,1,0,0,0,1,3
9504428,2,2,0,0,0,2,3
9912336,10,1,9,26,0,10,63
110399,2,2,0,0,0,2,6
9808362,4,4,0,0,3,1,1
9404289,5,2,3,4,5,0,0
9901366,1,1,0,0,0,1,1
104223,1,1,0,0,1,0,0
201159,0,0,0,0,0,0,0
9806457,4,3,1,1,2,2,3
9910403,7,1,6,11,0,7,23
212280,0,0,0,0,0,0,0
9506211,0,0,0,0,0,0,0
112304,2,2,0,0,0,2,7
108058,1,1,0,0,1,0,0
9712391,0,0,0,0,0,0,0
9602384,1,1,0,0,0,1,1
9805410,1,1,0,0,0,1,4
210352,2,2,0,0,0,2,3
7207,9,1,8,16,0,9,17
9512304,1,1,0,0,0,1,6
210390,1,1,0,0,0,1,7
9708476,1,1,0,0,0,1,2
9603329,1,1,0,0,1,0,0
202078,3,2,1,1,0,3,3
9702212,2,2,0,0,0,2,16
107029,1,1,0,0,0,1,1
4244,3,2,1,1,3,0,0
9306266,2,1,1,1,2,0,0
9612205,7,3,4,12,0,7,39
208024,2,2,0,0,1,1,8
9802237,3,2,1,1,3,0,0
9910235,7,4,3,5,3,4,8
9808234,3,3,0,0,0,3,3
9711451,4,2,2,2,4,0,0
204129,5,2,3,4,1,4,23
9605461,0,0,0,0,0,0,0
9511440,1,1,0,0,0,1,1
3195,1,1,0,0,0,1,7
107192,0,0,0,0,0,0,0
103212,2,1,1,1,0,2,4
206079,5,3,2,2,0,5,50
1098,5,3,2,3,0,5,20
12061,1,1,0,0,1,0,0
9805278,2,2,0,0,0,2,8
9707529,0,0,0,0,0,0,0
9610356,2,2,0,0,0,2,3
9505261,2,1,1,1,2,0,0
207310,3,3,0,0,0,3,8
201301,2,2,0,0,0,2,21
9903450,4,2,2,3,3,1,1
9905270,1,1,0,0,1,0,0
104182,2,1,1,1,0,2,4
204296,0,0,0,0,0,0,0
9905236,4,3,1,1,1,3,7
5176,0,0,0,0,0,0,0
9310232,2,2,0,0,0,2,2
9509381,1,1,0,0,0,1,1
109026,3,1,2,3,3,0,0
9311217,4,3,1,3,4,0,0
12047,1,1,0,0,0,1,6
1305,0,0,0,0,0,0,0
9809212,1,1,0,0,0,1,1
9907312,2,2,0,0,0,2,5
204131,1,1,0,0,0,1,2
207247,2,1,1,1,0,2,30
9404206,4,3,1,1,4,0,0
212340,0,0,0,0,0,0,0
9304306,1,1,0,0,1,0,0
9807317,0,0,0,0,0,0,0
9312225,4,4,0,0,3,1,1
10062,4,1,3,3,0,4,9
9711462,2,1,1,1,1,1,3
2098,4,3,1,1,0,4,6
8335,1,1,0,0,0,1,3
9907547,7,3,4,9,0,7,44
1248,0,0,0,0,0,0,0
4271,8,2,6,14,4,4,4
9803467,4,1,3,6,4,0,0
9904285,8,2,6,10,0,8,28
9905452,6,3,3,5,6,0,0
9906216,2,1,1,1,0,2,6
12091,4,4,0,0,1,3,10
9804394,3,2,1,1,0,3,14
9606315,2,2,0,0,0,2,6
101043,2,2,0,0,0,2,22
9302254,3,2,1,1,3,0,0
9801413,1,1,0,0,0,1,1
108165,3,2,1,1,2,1,2
9286,11,5,6,13,0,11,52
112062,0,0,0,0,0,0,0
9309332,1,1,0,0,1,0,0
101082,0,0,0,0,0,0,0
7059,2,1,1,1,0,2,8
9708371,2,1,1,1,0,2,8
207259,2,2,0,0,0,2,13
104096,6,1,5,7,2,4,12
9901410,0,0,0,0,0,0,0
9803413,0,0,0,0,0,0,0
10243,2,2,0,0,0,2,2
301128,0,0,0,0,0,0,0
12138,5,1,4,5,0,5,42
9504361,1,1,0,0,0,1,1
9511264,2,2,0,0,0,2,3
9710363,3,2,1,1,1,2,2
205040,7,4,3,4,0,7,38
210189,1,1,0,0,0,1,5
9510442,0,0,0,0,0,0,0
11242,4,3,1,1,1,3,9
9702284,4,2,2,2,1,3,5
5071,4,3,1,1,1,3,26
9903500,0,0,0,0,0,0,0
9308366,2,1,1,1,2,0,0
9909336,2,2,0,0,0,2,7
9705289,0,0,0,0,0,0,0
107038,4,4,0,0,0,4,17
9905210,4,4,0,0,0,4,5
9609355,2,1,1,1,0,2,4
112203,2,2,0,0,1,1,4
9807260,3,1,2,3,0,3,11
9908424,5,4,1,1,3,2,2
2233,1,1,0,0,1,0,0
206305,2,1,1,1,1,1,5
109065,0,0,0,0,0,0,0
5304,4,4,0,0,3,1,2
202123,4,3,1,1,1,3,3
9611427,0,0,0,0,0,0,0
204162,1,1,0,0,0,1,1
9908420,4,3,1,1,0,4,18
9901407,6,1,5,11,1,5,12
104025,3,1,2,3,0,3,3
9508326,5,5,0,0,0,5,5
9407325,5,5,0,0,5,0,0
12050,3,1,2,3,0,3,13
105052,4,2,2,2,0,4,14
9808471,6,4,2,2,2,4,8
9804267,3,2,1,1,0,3,8
202268,0,0,0,0,0,0,0
10149,2,2,0,0,0,2,15
9805227,3,2,1,1,0,3,6
9502305,7,4,3,3,2,5,5
206126,1,1,0,0,0,1,3
9610398,0,0,0,0,0,0,0
9911431,2,2,0,0,1,1,5
107174,1,1,0,0,0,1,2
110092,0,0,0,0,0,0,0
9701267,1,1,0,0,0,1,2
9902296,4,3,1,1,4,0,0
302116,0,0,0,0,0,0,0
9709398,0,0,0,0,0,0,0
9611314,0,0,0,0,0,0,0
9808318,0,0,0,0,0,0,0
9712416,1,1,0,0,0,1,1
212367,1,1,0,0,0,1,2
207147,1,1,0,0,0,1,28
203212,3,2,1,1,0,3,40
207360,0,0,0,0,0,0,0
9803282,8,4,4,4,2,6,24
6010,1,1,0,0,1,0,0
9809580,1,1,0,0,1,0,0
9905272,3,2,1,1,0,3,5
9404339,3,2,1,1,3,0,0
8173,0,0,0,0,0,0,0
9801401,0,0,0,0,0,0,0
9802244,1,1,0,0,1,0,0
205313,1,1,0,0,1,0,0
106132,10,1,9,29,1,9,59
9906303,3,1,2,3,0,3,12
9901242,4,2,2,2,0,4,11
9907554,9,3,6,6,3,6,9
9703243,0,0,0,0,0,0,0
9602298,1,1,0,0,0,1,2
211438,0,0,0,0,0,0,0
9706505,2,1,1,1,2,0,0
103313,2,2,0,0,0,2,2
204167,2,2,0,0,2,0,0
207225,0,0,0,0,0,0,0
204158,1,1,0,0,0,1,2
9910228,0,0,0,0,0,0,0
9611266,0,0,0,0,0,0,0
109006,1,1,0,0,0,1,3
9809502,0,0,0,0,0,0,0
102166,1,1,0,0,0,1,3
10241,0,0,0,0,0,0,0
204276,0,0,0,0,0,0,0
101353,1,1,0,0,0,1,4
101303,0,0,0,0,0,0,0
9501371,2,2,0,0,2,0,0
108076,2,1,1,1,0,2,8
9905321,2,2,0,0,0,2,3
102041,0,0,0,0,0,0,0
9906255,3,1,2,2,3,0,0
9810545,3,3,0,0,1,2,6
302155,0,0,0,0,0,0,0
9810450,3,3,0,0,0,3,23
102314,0,0,0,0,0,0,0
5161,4,3,1,1,1,3,6
109005,3,2,1,1,0,3,10
5300,6,2,4,10,1,5,5
205141,3,2,1,1,0,3,66
203184,5,2,3,5,0,5,22
9910426,0,0,0,0,0,0,0
206221,2,1,1,1,0,2,36
9906260,5,5,0,0,0,5,32
9905363,1,1,0,0,0,1,2
209297,1,1,0,0,0,1,7
105296,0,0,0,0,0,0,0
1020,1,1,0,0,1,0,0
110248,4,2,2,2,1,3,12
9811477,2,1,1,1,1,1,1
202209,4,1,3,6,0,4,17
9907227,1,1,0,0,0,1,3
103158,0,0,0,0,0,0,0
203050,5,3,2,3,1,4,9
9911251,1,1,0,0,0,1,4
9707444,0,0,0,0,0,0,0
5170,0,0,0,0,0,0,0
9803340,2,2,0,0,1,1,1
9140,2,1,1,1,0,2,32
207271,2,1,1,1,2,0,0
204164,2,1,1,1,2,0,0
208003,1,1,0,0,1,0,0
212257,1,1,0,0,0,1,6
9902253,0,0,0,0,0,0,0
5079,1,1,0,0,0,1,1
9810390,2,2,0,0,0,2,12
205326,1,1,0,0,0,1,4
9706296,1,1,0,0,0,1,5
105033,0,0,0,0,0,0,0
103107,2,2,0,0,2,0,0
9909226,0,0,0,0,0,0,0
106355,1,1,0,0,1,0,0
9411441,1,1,0,0,1,0,0
7131,3,3,0,0,1,2,8
9709204,0,0,0,0,0,0,0
9309206,1,1,0,0,0,1,1
9905314,1,1,0,0,0,1,1
9811322,1,1,0,0,1,0,0
301072,5,4,1,1,0,5,51
5182,1,1,0,0,0,1,1
207046,1,1,0,0,1,0,0
9504381,1,1,0,0,1,0,0
203144,2,2,0,0,0,2,13
9608204,3,2,1,1,0,3,3
210271,2,2,0,0,1,1,1
302185,0,0,0,0,0,0,0
110055,0,0,0,0,0,0,0
9710433,0,0,0,0,0,0,0
9402350,0,0,0,0,0,0,0
9507385,0,0,0,0,0,0,0
211049,0,0,0,0,0,0,0
9906372,0,0,0,0,0,0,0
9235,3,3,0,0,0,3,18
9811422,1,1,0,0,1,0,0
106309,2,1,1,1,0,2,3
9811368,0,0,0,0,0,0,0
112286,1,1,0,0,1,0,0
206222,2,2,0,0,0,2,7
9803421,2,2,0,0,0,2,2
9710548,0,0,0,0,0,0,0
210405,0,0,0,0,0,0,0
9906214,1,1,0,0,0,1,1
12265,0,0,0,0,0,0,0
101319,5,2,3,3,1,4,13
9711255,1,1,0,0,0,1,1
201083,1,1,0,0,0,1,1
9612224,0,0,0,0,0,0,0
9501278,1,1,0,0,1,0,0
9806449,0,0,0,0,0,0,0
9907317,4,3,1,1,0,4,14
9809407,1,1,0,0,0,1,1
9804409,1,1,0,0,0,1,1
112142,0,0,0,0,0,0,0
104123,3,2,1,1,1,2,2
209054,1,1,0,0,0,1,6
103277,2,1,1,1,2,0,0
301023,0,0,0,0,0,0,0
9902379,4,4,0,0,0,4,8
11312,1,1,0,0,0,1,3
12170,0,0,0,0,0,0,0
211112,1,1,0,0,0,1,2
208107,0,0,0,0,0,0,0
207030,1,1,0,0,0,1,9
111174,0,0,0,0,0,0,0
9212313,1,1,0,0,1,0,0
209343,0,0,0,0,0,0,0
104139,0,0,0,0,0,0,0
302151,0,0,0,0,0,0,0
104138,0,0,0,0,0,0,0
201289,3,2,1,1,0,3,20
9805210,0,0,0,0,0,0,0
7140,0,0,0,0,0,0,0
9905519,1,1,0,0,0,1,3
11008,0,0,0,0,0,0,0
9907311,0,0,0,0,0,0,0
9805328,0,0,0,0,0,0,0
9802435,0,0,0,0,0,0,0
9712525,1,1,0,0,0,1,21
201203,0,0,0,0,0,0,0
110279,3,2,1,1,1,2,6
110305,0,0,0,0,0,0,0
9311295,0,0,0,0,0,0,0
9705336,0,0,0,0,0,0,0
9401205,2,2,0,0,2,0,0
9809595,0,0,0,0,0,0,0
9809408,0,0,0,0,0,0,0
9504370,0,0,0,0,0,0,0
9610382,1,1,0,0,0,1,3
204310,1,1,0,0,1,0,0
111096,0,0,0,0,0,0,0
201115,0,0,0,0,0,0,0
211348,2,2,0,0,0,2,14
9510334,0,0,0,0,0,0,0
301126,0,0,0,0,0,0,0
9803264,0,0,0,0,0,0,0
9804315,0,0,0,0,0,0,0
9712340,0,0,0,0,0,0,0
9706445,0,0,0,0,0,0,0
9609291,0,0,0,0,0,0,0
9504202,0,0,0,0,0,0,0
202278,0,0,0,0,0,0,0
9911462,1,1,0,0,1,0,0
9909239,1,1,0,0,0,1,1
6149,1,1,0,0,0,1,4
9511467,0,0,0,0,0,0,0
212404,1,1,0,0,0,1,12
106001,0,0,0,0,0,0,0
302041,0,0,0,0,0,0,0
9803430,0,0,0,0,0,0,0
206187,0,0,0,0,0,0,0
9308250,0,0,0,0,0,0,0
9402272,0,0,0,0,0,0,0
210375,0,0,0,0,0,0,0
9611339,0,0,0,0,0,0,0
112167,0,0,0,0,0,0,0
9710387,0,0,0,0,0,0,0
101028,0,0,0,0,0,0,0
9807429,0,0,0,0,0,0,0
9809457,1,1,0,0,1,0,0
9605254,0,0,0,0,0,0,0
212074,0,0,0,0,0,0,0
10155,0,0,0,0,0,0,0
7290,0,0,0,0,0,0,0
212097,2,1,1,1,0,2,26
205292,0,0,0,0,0,0,0
11383,1,1,0,0,0,1,7
110076,0,0,0,0,0,0,0
9809577,0,0,0,0,0,0,0
9906440,0,0,0,0,0,0,0
109153,0,0,0,0,0,0,0
9077,4,2,2,3,0,4,22
11208,0,0,0,0,0,0,0
9402319,0,0,0,0,0,0,0
212314,0,0,0,0,0,0,0
9198,1,1,0,0,0,1,3
9511442,0,0,0,0,0,0,0
12270,0,0,0,0,0,0,0
3241,1,1,0,0,0,1,3
9511393,0,0,0,0,0,0,0
212045,0,0,0,0,0,0,0
9812237,0,0,0,0,0,0,0
9712356,0,0,0,0,0,0,0
11186,0,0,0,0,0,0,0
102045,0,0,0,0,0,0,0
9711432,1,1,0,0,1,0,0
106310,0,0,0,0,0,0,0
9910378,0,0,0,0,0,0,0
9610340,0,0,0,0,0,0,0
4164,0,0,0,0,0,0,0
9409247,0,0,0,0,0,0,0
2069,0,0,0,0,0,0,0
11284,0,0,0,0,0,0,0
9507214,1,1,0,0,0,1,7
9403260,0,0,0,0,0,0,0
9301202,1,1,0,0,1,0,0
9812419,0,0,0,0,0,0,0
9908312,0,0,0,0,0,0,0
9706458,0,0,0,0,0,0,0
207034,1,1,0,0,0,1,4
111422,0,0,0,0,0,0,0
207202,0,0,0,0,0,0,0
9907283,2,1,1,1,2,0,0
9510292,0,0,0,0,0,0,0
2159,0,0,0,0,0,0,0
9803404,0,0,0,0,0,0,0
211098,0,0,0,0,0,0,0
110371,2,2,0,0,0,2,9
209351,0,0,0,0,0,0,0
6353,0,0,0,0,0,0,0
201021,0,0,0,0,0,0,0
104004,0,0,0,0,0,0,0
211396,0,0,0,0,0,0,0
9610241,0,0,0,0,0,0,0
211458,0,0,0,0,0,0,0
101077,0,0,0,0,0,0,0
9608248,1,1,0,0,1,0,0
9912374,0,0,0,0,0,0,0
9801290,0,0,0,0,0,0,0
9610388,0,0,0,0,0,0,0
7150,1,1,0,0,0,1,1
9402228,0,0,0,0,0,0,0
211099,0,0,0,0,0,0,0
9901371,0,0,0,0,0,0,0
209209,0,0,0,0,0,0,0
211179,0,0,0,0,0,0,0
206278,0,0,0,0,0,0,0
3108,1,1,0,0,0,1,3
208104,0,0,0,0,0,0,0
209018,0,0,0,0,0,0,0
301277,0,0,0,0,0,0,0
210248,0,0,0,0,0,0,0
111248,0,0,0,0,0,0,0
203176,1,1,0,0,0,1,1
9909339,1,1,0,0,1,0,0
9608236,0,0,0,0,0,0,0
9402202,0,0,0,0,0,0,0
9710499,0,0,0,0,0,0,0
9509434,0,0,0,0,0,0,0
204284,0,0,0,0,0,0,0
9805428,0,0,0,0,0,0,0
9707325,1,1,0,0,0,1,2
9507431,1,1,0,0,1,0,0
9902376,1,1,0,0,0,1,6
9810444,0,0,0,0,0,0,0
9708385,0,0,0,0,0,0,0
10085,1,1,0,0,1,0,0
9709393,0,0,0,0,0,0,0
9412303,1,1,0,0,1,0,0
111266,0,0,0,0,0,0,0
206160,0,0,0,0,0,0,0
207212,0,0,0,0,0,0,0
212325,0,0,0,0,0,0,0
9610320,0,0,0,0,0,0,0
103093,0,0,0,0,0,0,0
7282,0,0,0,0,0,0,0
209086,0,0,0,0,0,0,0
9910288,0,0,0,0,0,0,0
9904263,0,0,0,0,0,0,0
111008,0,0,0,0,0,0,0
110100,0,0,0,0,0,0,0
302028,0,0,0,0,0,0,0
301060,0,0,0,0,0,0,0
208168,0,0,0,0,0,0,0
12106,0,0,0,0,0,0,0
111259,0,0,0,0,0,0,0
201037,0,0,0,0,0,0,0
9314,1,1,0,0,1,0,0
211322,0,0,0,0,0,0,0
211447,0,0,0,0,0,0,0
210231,0,0,0,0,0,0,0
9807491,0,0,0,0,0,0,0
11265,0,0,0,0,0,0,0
111460,0,0,0,0,0,0,0
302204,0,0,0,0,0,0,0
9409271,0,0,0,0,0,0,0
301173,0,0,0,0,0,0,0
3211,0,0,0,0,0,0,0
111119,0,0,0,0,0,0,0
210230,0,0,0,0,0,0,0
9406246,0,0,0,0,0,0,0
301053,0,0,0,0,0,0,0
12181,0,0,0,0,0,0,0
208245,0,0,0,0,0,0,0
9405269,0,0,0,0,0,0,0
9705365,0,0,0,0,0,0,0
9309288,0,0,0,0,0,0,0
205300,0,0,0,0,0,0,0
11151,0,0,0,0,0,0,0
106010,0,0,0,0,0,0,0
5291,0,0,0,0,0,0,0
106091,0,0,0,0,0,0,0
212030,0,0,0,0,0,0,0
9305246,1,1,0,0,1,0,0
9408236,0,0,0,0,0,0,0
9405397,0,0,0,0,0,0,0
9311274,80,19,61,262,80,0,0
9712252,9,4,5,13,2,7,14
8009,31,2,29,143,4,27,117
9712225,122,10,112,954,3,119,556
9306320,336,58,278,1324,204,132,263
9408213,105,9,96,757,66,39,54
6280,10,4,6,14,0,10,85
9910417,11,5,6,10,3,8,48
9908442,4,4,0,0,0,4,7
9705356,60,9,51,263,11,49,220
111276,16,5,11,22,2,14,29
9502415,18,4,14,57,4,14,14
2036,48,12,36,143,5,43,226
9811350,231,8,223,2470,1,230,1157
9403366,42,3,39,132,42,0,0
9611247,18,2,16,52,0,18,80
9805372,1,1,0,0,0,1,3
206205,4,2,2,2,0,4,20
9205203,11,3,8,16,11,0,0
9606233,36,7,29,99,0,36,169
9908330,16,3,13,29,0,16,43
9309228,14,5,9,13,14,0,0
9610272,41,15,26,62,15,26,51
1152,5,3,2,2,1,4,13
112334,11,7,4,10,2,9,37
9806219,60,17,43,103,9,51,186
9502276,5,2,3,3,3,2,2
9412380,9,2,7,8,3,6,7
9601310,27,6,21,59,2,25,101
9508296,36,6,30,100,10,26,44
9407264,6,4,2,8,0,6,20
9508322,8,3,5,8,0,8,36
9302316,208,16,192,1593,208,0,0
9806272,58,6,52,245,10,48,139
9901388,58,6,52,220,3,55,510
9809415,90,9,81,555,5,85,363
9710516,58,5,53,249,55,3,4
9402291,41,5,36,150,3,38,38
9812475,101,10,91,488,1,100,899
9909318,19,8,11,19,1,18,112
9505353,26,4,22,73,11,15,26
9902261,7,3,4,6,1,6,15
9807376,4,1,3,6,4,0,0
9706300,11,3,8,18,1,10,26
9904302,2,2,0,0,0,2,3
9410326,62,27,35,100,9,53,129
9803323,11,4,7,10,6,5,13
9309223,109,9,100,784,89,20,24
9807415,52,4,48,262,1,51,232
9504397,14,8,6,7,1,13,13
9511381,30,4,26,90,0,30,77
9608256,34,5,29,115,2,32,51
9605445,18,4,14,30,0,18,48
9511456,2,2,0,0,1,1,2
9308292,51,9,42,124,35,16,16
9210235,196,43,153,928,180,16,16
9610374,3,3,0,0,2,1,1
9802292,4,2,2,2,0,4,30
9703255,9,4,5,5,6,3,3
9401241,99,13,86,413,77,22,27
9503418,17,6,11,26,7,10,17
5133,6,1,5,10,1,5,9
9610357,37,6,31,150,3,34,209
9409313,66,11,55,337,61,5,5
9812471,50,5,45,319,6,44,98
9303296,18,5,13,23,18,0,0
9608276,47,6,41,171,17,30,156
9704225,19,2,17,74,1,18,210
106093,3,3,0,0,0,3,9
9412227,2,2,0,0,2,0,0
9807496,16,4,12,20,0,16,47
106081,53,17,36,82,0,53,402
9811239,25,6,19,57,1,24,267
9609512,58,9,49,276,5,53,165
9706303,49,3,46,211,13,36,62
12318,6,5,1,1,0,6,42
2167,30,12,18,53,7,23,87
9309294,65,12,53,176,54,11,11
7353,2,1,1,1,2,0,0
9802277,16,10,6,12,3,13,94
9910501,25,8,17,39,1,24,161
9312258,30,10,20,36,3,27,53
9507213,15,6,9,13,0,15,51
9602350,24,2,22,79,24,0,0
9203201,71,17,54,359,71,0,0
9205247,42,4,38,165,42,0,0
9909288,3,3,0,0,0,3,3
9512236,1,1,0,0,1,0,0
9305266,70,19,51,163,52,18,18
9410401,23,6,17,43,3,20,27
9503454,6,5,1,1,2,4,4
9707313,30,3,27,179,1,29,142
9806344,103,24,79,292,33,70,149
9306230,79,19,60,191,79,0,0
9608401,57,2,55,250,51,6,6
9711303,0,0,0,0,0,0,0
9303255,42,11,31,89,42,0,0
9811492,21,5,16,53,6,15,79
9503276,35,6,29,86,5,30,58
9302302,10,8,2,2,8,2,2
9711483,11,4,7,26,0,11,47
9803454,47,3,44,236,3,44,288
9703404,29,1,28,156,5,24,56
9410387,63,6,57,317,11,52,145
9610471,12,6,6,11,0,12,95
9503255,9,4,5,5,0,9,59
9411411,9,2,7,8,2,7,19
9404248,44,6,38,140,34,10,10
9403346,10,7,3,6,10,0,0
9210262,21,6,15,47,21,0,0
9612431,13,3,10,32,2,11,11
9710538,12,3,9,16,0,12,58
9901263,1,1,0,0,1,0,0
9610259,45,4,41,226,1,44,105
9912306,17,4,13,33,1,16,115
9609229,8,6,2,2,8,0,0
9309263,15,10,5,6,15,0,0
9506283,30,7,23,69,10,20,59
9812289,21,7,14,22,0,21,106
9511386,42,3,39,116,20,22,34
9806259,29,7,22,60,2,27,134
9907387,9,2,7,12,1,8,22
9605269,3,1,2,2,0,3,7
9310321,10,6,4,5,10,0,0
101025,21,3,18,43,0,21,190
9910491,78,2,76,617,1,77,584
9209247,10,5,5,9,10,0,0
9506207,36,9,27,91,1,35,99
9803371,13,3,10,25,0,13,46
9173,18,7,11,16,0,18,263
108178,14,1,13,23,5,9,41
11243,4,3,1,1,0,4,6
9408238,9,4,5,16,5,4,7
9409358,4,3,1,1,3,1,2
9904378,82,9,73,453,5,77,325
9411209,4,1,3,4,4,0,0
9505207,71,9,62,264,2,69,166
9406248,42,11,31,171,11,31,79
9505302,16,7,9,17,2,14,33
9603324,17,6,11,27,0,17,53
9703443,11,3,8,20,0,11,32
9311335,8,5,3,3,6,2,2
9311248,42,14,28,105,26,16,26
9306204,35,14,21,80,35,0,0
9403378,24,1,23,105,1,23,23
9206257,12,7,5,9,12,0,0
9703452,7,4,3,5,1,6,14
9912476,9,2,7,20,0,9,94
9309275,1,1,0,0,1,0,0
9905229,5,3,2,2,3,2,3
9810533,12,1,11,43,8,4,5
9604302,14,6,8,11,0,14,52
9609267,11,4,7,17,2,9,28
9808346,15,8,7,8,3,12,33
9902203,6,1,5,8,2,4,7
9409216,8,3,5,7,2,6,7
9603370,2,2,0,0,0,2,23
9401298,11,6,5,8,5,6,12
9902399,24,5,19,97,10,14,16
9702431,12,6,6,9,0,12,58
9408253,70,15,55,179,12,58,213
9609307,10,2,8,19,0,10,45
9501407,63,3,60,335,19,44,75
9803259,13,6,7,8,0,13,143
9912482,18,6,12,20,3,15,70
9509320,27,5,22,63,10,17,17
9607412,4,2,2,5,0,4,58
9409270,37,4,33,89,37,0,0
9707278,15,9,6,8,4,11,38
9207253,34,19,15,38,34,0,0
8070,13,10,3,3,0,13,85
9808459,48,3,45,279,7,41,149
9808456,31,2,29,142,4,27,95
9712368,27,16,11,17,20,7,14
9504205,6,2,4,6,6,0,0
9803451,13,5,8,14,0,13,95
106264,107,20,87,392,1,106,278
8019,63,9,54,228,12,51,271
9406360,2,1,1,1,2,0,0
9507388,28,3,25,84,28,0,0
9502289,73,4,69,510,5,68,179
8152,21,4,17,66,1,20,84
9906402,10,5,5,7,0,10,32
9708255,33,8,25,66,3,30,78
9709450,23,9,14,28,2,21,125
9402285,15,6,9,17,15,0,0
9506226,23,6,17,44,1,22,45
9708282,1,1,0,0,0,1,1
9907522,37,5,32,101,0,37,446
9809467,35,2,33,130,0,35,140
1255,8,3,5,6,3,5,9
9408245,127,17,110,824,127,0,0
9901331,30,3,27,108,0,30,212
5232,31,1,30,234,0,31,154
204025,12,8,4,5,1,11,51
106052,6,5,1,1,2,4,17
9807528,18,7,11,31,0,18,98
6041,70,23,47,167,0,70,766
110163,33,2,31,216,0,33,245
112061,18,1,17,69,0,18,96
9706344,79,5,74,467,7,72,213
9505327,9,5,4,5,9,0,0
9610526,8,6,2,3,0,8,20
9806263,100,4,96,705,15,85,261
106140,16,2,14,44,1,15,59
211180,0,0,0,0,0,0,0
9806346,5,1,4,5,1,4,67
9608233,19,4,15,38,0,19,145
9304226,1,1,0,0,1,0,0
9901403,5,3,2,3,3,2,2
9410259,22,7,15,42,5,17,61
9911458,15,5,10,42,0,15,54
9401349,11,8,3,3,11,0,0
9602438,17,13,4,5,5,12,32
203158,5,2,3,4,0,5,45
10107,3,2,1,1,0,3,23
9711377,26,2,24,58,0,26,47
1321,7,3,4,5,3,4,8
9908384,11,2,9,13,2,9,18
4059,35,3,32,159,0,35,253
9605425,2,2,0,0,2,0,0
9206254,9,5,4,8,9,0,0
9506378,35,2,33,116,0,35,147
9608388,2,2,0,0,0,2,9
9210276,4,2,2,2,3,1,1
9905407,11,6,5,8,0,11,68
9601262,15,6,9,18,3,12,41
9601361,7,1,6,9,2,5,9
9205213,36,10,26,84,36,0,0
9208202,5,4,1,1,5,0,0
9708421,17,4,13,41,8,9,11
9406393,8,7,1,2,8,0,0
9812463,23,9,14,40,2,21,193
9407227,9,4,5,6,0,9,15
7158,14,3,11,34,1,13,46
9604441,55,8,47,235,10,45,128
9602213,15,4,11,21,13,2,4
9812266,11,6,5,5,0,11,28
9911434,28,2,26,92,2,26,222
4018,11,3,8,21,0,11,47
9806386,16,4,12,21,8,8,25
9708280,4,4,0,0,4,0,0
5128,1,1,0,0,0,1,1
9905372,44,10,34,105,1,43,359
9809255,20,11,9,15,9,11,12
9406350,26,5,21,66,13,13,14
9501414,3,3,0,0,1,2,10
9503290,91,8,83,434,27,64,64
9905559,3,3,0,0,2,1,1
9510302,2,1,1,1,1,1,1
9507339,3,1,2,3,3,0,0
9403245,2,2,0,0,1,1,1
9910219,4,1,3,4,0,4,17
4263,12,3,9,24,0,12,43
9707365,16,6,10,17,0,16,116
9303216,6,2,4,6,6,0,0
9507211,7,1,6,15,0,7,34
9508285,4,3,1,1,1,3,6
9706269,2,1,1,1,0,2,10
9811257,7,3,4,9,1,6,25
9712546,23,2,21,55,0,23,134
9710361,3,2,1,1,3,0,0
9704228,22,4,18,57,22,0,0
9605438,1,1,0,0,1,0,0
9406387,6,2,4,8,6,0,0
9405336,14,6,8,9,14,0,0
9405367,4,3,1,1,4,0,0
9907255,20,5,15,50,0,20,145
9605318,6,5,1,1,0,6,12
9907372,19,2,17,65,5,14,52
9907408,20,2,18,48,20,0,0
9611301,3,3,0,0,1,2,2
1261,5,1,4,9,1,4,4
9707210,3,1,2,2,2,1,1
9506276,2,1,1,1,0,2,12
9612282,2,2,0,0,0,2,39
9708329,14,2,12,18,14,0,0
10237,15,4,11,19,5,10,36
9411272,12,2,10,32,11,1,1
9912426,2,1,1,1,0,2,10
9605459,6,4,2,3,6,0,0
9602247,1,1,0,0,1,0,0
5186,7,2,5,10,0,7,31
11382,1,1,0,0,0,1,3
5095,2,1,1,1,0,2,9
9512290,8,4,4,7,1,7,19
6119,21,5,16,53,0,21,291
6333,6,1,5,10,0,6,18
9212220,4,4,0,0,4,0,0
9310312,19,7,12,23,19,0,0
9905489,4,2,2,2,0,4,19
9702208,4,4,0,0,3,1,2
9603322,8,3,5,12,3,5,5
9912520,9,1,8,23,5,4,7
9909377,8,1,7,15,0,8,280
9406421,38,8,30,95,27,11,17
3198,25,8,17,39,3,22,108
8124,8,6,2,2,0,8,70
9912398,19,8,11,24,2,17,102
9308270,18,6,12,53,18,0,0
9602319,1,1,0,0,0,1,3
9504225,1,1,0,0,0,1,2
204225,12,5,7,13,0,12,95
9508397,10,1,9,20,2,8,26
9703338,27,1,26,157,0,27,130
207051,3,2,1,1,1,2,7
9408310,9,3,6,11,2,7,13
9805334,38,10,28,62,3,35,109
9710281,8,3,5,9,2,6,12
9505330,5,2,3,3,5,0,0
9706227,6,2,4,7,2,4,17
9610529,10,2,8,14,2,8,31
105216,2,2,0,0,1,1,2
9412390,7,4,3,5,1,6,8
9205222,4,2,2,2,4,0,0
5138,0,0,0,0,0,0,0
9612401,7,3,4,4,3,4,13
9703313,22,3,19,90,18,4,5
9602246,29,8,21,45,3,26,64
9807490,4,4,0,0,0,4,14
9612285,25,13,12,20,13,12,21
9307261,1,1,0,0,0,1,1
105090,13,2,11,32,0,13,70
112058,2,2,0,0,0,2,8
112085,5,4,1,1,0,5,13
9909307,7,3,4,8,0,7,62
9503334,16,2,14,33,1,15,24
9708283,7,5,2,5,1,6,9
9308359,7,2,5,8,7,0,0
9508201,5,2,3,4,3,2,4
9093,3,3,0,0,0,3,29
105087,24,8,16,66,1,23,260
9902356,5,3,2,2,0,5,18
9503390,22,9,13,31,18,4,5
9312337,2,1,1,1,2,0,0
9906365,4,1,3,3,0,4,20
9811469,11,8,3,4,11,0,0
9910461,12,6,6,11,0,12,110
9903517,9,6,3,5,1,8,35
201089,9,4,5,7,0,9,32
204253,120,7,113,753,55,65,171
9805432,3,1,2,3,0,3,5
9603372,17,7,10,21,1,16,68
12268,2,1,1,1,0,2,3
10058,6,4,2,3,1,5,23
9401295,5,3,2,2,5,0,0
9604303,10,3,7,15,1,9,17
9909391,11,4,7,19,0,11,25
9608488,7,2,5,5,1,6,6
9710341,6,5,1,1,1,5,20
9412311,25,2,23,75,8,17,32
9903257,6,3,3,3,0,6,52
9810286,9,2,7,14,0,9,33
301251,0,0,0,0,0,0,0
9510212,21,6,15,31,3,18,21
9608358,16,5,11,30,0,16,105
9303321,11,5,6,16,11,0,0
107307,4,4,0,0,0,4,33
9908412,13,4,9,30,0,13,28
9909539,8,1,7,11,0,8,37
201195,27,17,10,20,2,25,106
107164,30,4,26,114,5,25,78
112007,2,2,0,0,0,2,7
201176,27,9,18,48,0,27,246
109156,7,6,1,1,0,7,19
9504218,5,2,3,3,0,5,9
107266,27,1,26,107,0,27,216
107216,4,4,0,0,0,4,26
205332,7,1,6,10,0,7,58
9607399,8,6,2,3,2,6,18
110272,6,3,3,7,0,6,65
9906202,6,3,3,3,0,6,17
9609392,3,3,0,0,0,3,8
9910514,4,1,3,4,4,0,0
9906331,10,4,6,7,0,10,27
9703248,8,1,7,12,0,8,32
9804309,22,5,17,46,12,10,10
9409364,7,4,3,5,4,3,6
107317,4,3,1,1,1,3,6
9903536,7,5,2,3,3,4,34
9904230,11,3,8,27,9,2,2
9611331,12,8,4,4,0,12,34
9811360,0,0,0,0,0,0,0
9702383,6,3,3,6,1,5,9
102318,2,2,0,0,0,2,18
9612237,19,4,15,44,2,17,123
9609500,12,6,6,12,0,12,192
9608444,3,2,1,1,1,2,9
6324,7,2,5,7,2,5,5
9611463,16,3,13,29,4,12,35
9905442,6,3,3,4,0,6,10
9604222,4,3,1,1,2,2,3
12336,4,3,1,1,0,4,28
9708252,2,1,1,1,0,2,12
9507382,15,4,11,38,1,14,55
9807322,2,1,1,1,1,1,1
9906319,41,3,38,307,2,39,56
9304288,1,1,0,0,1,0,0
9503253,10,4,6,16,6,4,4
9411289,17,4,13,32,13,4,4
6015,12,6,6,10,8,4,7
9910442,12,8,4,10,0,12,83
9709423,1,1,0,0,0,1,13
9612385,6,1,5,7,2,4,21
9272,2,1,1,1,0,2,18
9705390,12,6,6,10,0,12,40
9903528,9,4,5,14,0,9,55
9703393,1,1,0,0,1,0,0
9309328,3,1,2,2,3,0,0
9908340,4,2,2,2,0,4,107
9908463,9,5,4,12,3,6,10
9902309,8,4,4,6,1,7,12
9705223,12,4,8,18,0,12,48
204043,5,3,2,5,2,3,3
9901225,1,1,0,0,1,0,0
9902337,14,6,8,21,1,13,30
105277,12,2,10,22,2,10,38
9909207,10,1,9,20,0,10,53
9802429,5,3,2,2,0,5,18
9403294,5,1,4,4,3,2,2
9710345,1,1,0,0,0,1,4
102224,11,1,10,17,0,11,62
9810408,32,9,23,75,12,20,45
9607306,19,5,14,32,3,16,43
9805234,6,5,1,1,2,4,6
9603449,17,9,8,18,1,16,104
9712526,4,3,1,1,4,0,0
9405247,1,1,0,0,0,1,2
9601363,17,8,9,20,14,3,3
7162,1,1,0,0,0,1,6
110334,4,2,2,2,2,2,3
9703236,4,2,2,2,2,2,6
9909403,2,2,0,0,0,2,9
1288,4,1,3,3,1,3,5
9501228,24,5,19,63,19,5,10
11172,7,3,4,5,0,7,46
9803450,9,6,3,4,0,9,14
101002,5,2,3,6,1,4,6
201197,18,1,17,51,0,18,100
9510291,2,1,1,1,0,2,7
9406264,5,4,1,2,2,3,5
6044,1,1,0,0,0,1,1
9607324,9,5,4,9,0,9,44
9508365,9,4,5,6,0,9,34
9306285,6,1,5,10,3,3,3
201296,33,1,32,107,6,27,39
9910343,1,1,0,0,0,1,4
9310310,8,3,5,10,5,3,3
9501316,1,1,0,0,1,0,0
9801342,4,3,1,2,0,4,15
110034,13,6,7,20,0,13,57
108074,9,5,4,6,1,8,68
9910530,2,2,0,0,0,2,16
9706394,12,6,6,10,2,10,12
3312,12,4,8,27,0,12,59
202211,1,1,0,0,0,1,6
9709338,1,1,0,0,1,0,0
9708435,6,3,3,3,2,4,4
9904317,2,1,1,1,1,1,3
9908464,12,8,4,6,7,5,8
9306254,6,3,3,4,6,0,0
8263,4,2,2,5,0,4,38
9908396,2,2,0,0,0,2,15
9811508,1,1,0,0,0,1,2
9806496,10,3,7,20,2,8,28
9612374,14,7,7,18,1,13,27
9412293,5,5,0,0,1,4,4
9509309,2,2,0,0,0,2,4
101176,4,3,1,1,1,3,4
9708270,5,2,3,4,1,4,4
9303269,5,3,2,3,2,3,3
112188,3,2,1,1,0,3,16
9908213,4,1,3,3,0,4,21
9306236,8,3,5,10,8,0,0
9510359,19,4,15,45,2,17,33
9508403,26,7,19,36,26,0,0
9912340,2,2,0,0,1,1,19
9409433,15,2,13,41,15,0,0
9704417,5,3,2,3,2,3,3
11231,3,2,1,2,3,0,0
7283,4,1,3,5,0,4,23
101132,8,3,5,8,0,8,68
9809450,4,3,1,1,0,4,13
9411280,4,4,0,0,0,4,12
110269,8,6,2,2,0,8,40
9704404,7,4,3,3,7,0,0
205070,3,3,0,0,0,3,20
103281,2,1,1,1,0,2,7
9703399,1,1,0,0,1,0,0
9411217,29,1,28,116,7,22,42
9806432,9,7,2,3,3,6,6
9708229,1,1,0,0,0,1,3
9711347,3,2,1,1,1,2,4
212321,2,2,0,0,0,2,18
205323,15,5,10,19,1,14,93
111309,3,3,0,0,1,2,10
108252,5,2,3,3,0,5,28
102063,3,3,0,0,0,3,5
9812435,3,1,2,3,3,0,0
12127,4,1,3,5,4,0,0
9606393,2,2,0,0,0,2,6
103295,12,7,5,7,0,12,63
9404294,3,1,2,3,3,0,0
211252,1,1,0,0,0,1,14
210173,4,1,3,3,0,4,65
9712275,0,0,0,0,0,0,0
9806398,6,3,3,6,1,5,28
9801361,4,2,2,2,0,4,20
9147,5,5,0,0,0,5,38
107175,4,1,3,4,0,4,18
9402207,5,3,2,2,2,3,3
9403246,11,1,10,21,11,0,0
9705280,3,2,1,1,0,3,3
9606377,8,2,6,13,0,8,25
6350,2,1,1,1,0,2,4
9310323,2,1,1,1,1,1,1
111198,2,1,1,1,0,2,33
203053,1,1,0,0,0,1,2
9603406,4,3,1,1,2,2,2
9808231,3,1,2,2,0,3,6
9511458,1,1,0,0,0,1,3
4266,4,2,2,2,3,1,1
9607278,9,4,5,14,9,0,0
205248,2,2,0,0,0,2,47
10150,8,1,7,21,0,8,106
9507309,2,2,0,0,1,1,1
9901276,3,2,1,1,0,3,64
9709444,3,2,1,2,0,3,4
9612441,2,2,0,0,1,1,1
9707418,4,3,1,1,0,4,9
1307,16,4,12,34,1,15,78
9712441,2,1,1,1,0,2,6
9712202,5,3,2,3,0,5,11
12073,13,4,9,15,0,13,110
111294,3,3,0,0,0,3,23
9411425,13,3,10,35,13,0,0
9504310,4,3,1,1,1,3,26
104114,2,1,1,1,0,2,22
107063,1,1,0,0,1,0,0
9610379,6,3,3,4,4,2,2
9701260,23,11,12,37,1,22,45
9508260,0,0,0,0,0,0,0
9808396,7,4,3,4,3,4,5
9611281,2,1,1,1,0,2,6
9908526,8,1,7,11,1,7,7
9706404,3,1,2,3,0,3,3
9502411,3,2,1,1,1,2,2
7211,1,1,0,0,0,1,2
1157,4,2,2,2,0,4,76
9901324,4,4,0,0,0,4,14
9711238,3,1,2,3,0,3,14
9607462,8,4,4,5,3,5,8
103348,2,1,1,1,0,2,2
9312317,6,3,3,3,6,0,0
101110,4,1,3,4,0,4,26
9311358,2,2,0,0,2,0,0
8062,1,1,0,0,0,1,2
104237,5,1,4,8,5,0,0
9710289,15,1,14,58,0,15,83
9307233,2,1,1,1,2,0,0
203030,6,2,4,5,0,6,108
9910423,2,1,1,1,0,2,5
9710411,0,0,0,0,0,0,0
9509418,8,7,1,1,5,3,3
9403314,18,8,10,23,18,0,0
204076,5,3,2,2,0,5,42
204111,8,2,6,9,1,7,26
9708330,2,1,1,1,0,2,62
209305,3,2,1,2,0,3,36
209124,6,2,4,8,0,6,25
9804221,21,4,17,41,11,10,21
109250,4,2,2,3,0,4,7
9611282,4,2,2,2,0,4,4
9807402,3,2,1,1,0,3,5
106066,11,8,3,4,1,10,23
9911375,10,7,3,4,3,7,22
9607263,5,1,4,7,0,5,15
9712538,1,1,0,0,0,1,3
9610305,4,3,1,1,3,1,1
9403207,1,1,0,0,0,1,1
9909531,9,1,8,22,9,0,0
3071,0,0,0,0,0,0,0
9404290,10,5,5,7,10,0,0
9906379,2,2,0,0,2,0,0
109285,1,1,0,0,0,1,3
102339,2,2,0,0,0,2,15
9805283,1,1,0,0,1,0,0
9812484,3,2,1,1,0,3,6
8238,3,2,1,1,0,3,10
9505227,2,2,0,0,0,2,2
9212300,1,1,0,0,1,0,0
9807243,7,3,4,4,2,5,24
9512231,4,4,0,0,4,0,0
9702267,3,2,1,1,0,3,10
201091,4,3,1,1,0,4,20
211017,4,3,1,1,2,2,8
9710511,3,1,2,3,3,0,0
9710206,13,3,10,38,1,12,53
101233,0,0,0,0,0,0,0
9711410,1,1,0,0,0,1,5
212019,0,0,0,0,0,0,0
9612241,4,1,3,3,4,0,0
107034,0,0,0,0,0,0,0
9211234,3,1,2,3,3,0,0
7030,0,0,0,0,0,0,0
210328,0,0,0,0,0,0,0
9409352,1,1,0,0,0,1,3
210089,3,2,1,1,0,3,9
12012,1,1,0,0,0,1,2
11148,1,1,0,0,0,1,5
9708408,1,1,0,0,0,1,3
102247,15,2,13,19,2,13,45
111115,13,3,10,28,1,12,19
9402292,0,0,0,0,0,0,0
9512297,2,2,0,0,1,1,1
9601335,4,3,1,1,0,4,11
9908510,2,2,0,0,0,2,12
9605227,7,3,4,8,4,3,6
9807472,22,4,18,100,3,19,80
205180,4,3,1,1,0,4,14
206233,1,1,0,0,0,1,1
9909234,2,2,0,0,0,2,6
9410334,1,1,0,0,0,1,2
9801434,1,1,0,0,0,1,2
9904387,0,0,0,0,0,0,0
110153,7,4,3,4,3,4,16
205059,1,1,0,0,0,1,2
9808216,2,2,0,0,2,0,0
9712545,0,0,0,0,0,0,0
103128,4,1,3,4,4,0,0
105347,3,3,0,0,0,3,20
110191,1,1,0,0,0,1,1
1148,2,2,0,0,1,1,2
9508361,0,0,0,0,0,0,0
9311251,0,0,0,0,0,0,0
110327,1,1,0,0,0,1,19
9712500,2,1,1,1,2,0,0
9908379,2,2,0,0,0,2,6
3103,2,2,0,0,2,0,0
9801334,0,0,0,0,0,0,0
9908228,3,2,1,1,0,3,14
10172,2,2,0,0,1,1,2
9808338,2,2,0,0,1,1,3
9905286,2,1,1,1,2,0,0
203272,4,4,0,0,0,4,12
9802311,1,1,0,0,0,1,2
9904426,0,0,0,0,0,0,0
9311246,8,5,3,6,8,0,0
9709265,2,2,0,0,2,0,0
9905268,3,3,0,0,1,2,2
9210206,7,3,4,6,7,0,0
9710549,4,1,3,6,2,2,4
6217,3,2,1,1,0,3,12
9410226,2,2,0,0,0,2,3
106312,4,1,3,5,0,4,6
209223,3,1,2,2,1,2,3
9901399,9,5,4,8,2,7,26
9905453,14,3,11,34,8,6,6
11282,0,0,0,0,0,0,0
209027,1,1,0,0,0,1,1
9707270,9,4,5,9,0,9,31
9702248,1,1,0,0,1,0,0
102279,11,4,7,13,0,11,127
210242,0,0,0,0,0,0,0
9802322,4,2,2,2,4,0,0
9911518,1,1,0,0,0,1,17
9804454,10,4,6,9,10,0,0
7075,3,2,1,1,2,1,2
203071,0,0,0,0,0,0,0
9910331,1,1,0,0,0,1,2
8225,1,1,0,0,0,1,1
9701295,0,0,0,0,0,0,0
9507278,2,2,0,0,2,0,0
107086,7,5,2,2,1,6,34
9809288,1,1,0,0,0,1,2
209296,0,0,0,0,0,0,0
203164,1,1,0,0,0,1,3
10327,1,1,0,0,0,1,4
105148,5,3,2,2,0,5,39
9510390,1,1,0,0,0,1,1
9603286,1,1,0,0,0,1,1
7234,8,5,3,3,1,7,38
201275,2,2,0,0,1,1,2
9806431,8,5,3,4,0,8,18
107226,2,1,1,1,1,1,2
9505418,7,3,4,4,7,0,0
9702326,6,4,2,2,4,2,4
211110,2,2,0,0,0,2,15
9409249,0,0,0,0,0,0,0
9401212,3,1,2,2,2,1,1
9408278,1,1,0,0,1,0,0
9507328,2,2,0,0,1,1,1
9707543,9,8,1,1,9,0,0
205173,0,0,0,0,0,0,0
9206248,2,2,0,0,0,2,2
108158,3,1,2,2,0,3,31
9405306,0,0,0,0,0,0,0
9705247,1,1,0,0,1,0,0
5102,1,1,0,0,1,0,0
9502236,0,0,0,0,0,0,0
9034,3,3,0,0,0,3,4
9811345,3,3,0,0,0,3,16
111123,4,3,1,1,3,1,1
9910473,0,0,0,0,0,0,0
5178,0,0,0,0,0,0,0
9708414,1,1,0,0,1,0,0
11309,0,0,0,0,0,0,0
109249,0,0,0,0,0,0,0
9907353,1,1,0,0,0,1,3
9705330,2,1,1,1,0,2,6
9807539,1,1,0,0,1,0,0
9901357,3,3,0,0,2,1,1
9809365,6,2,4,5,1,5,16
110111,0,0,0,0,0,0,0
8300,2,2,0,0,0,2,5
103257,2,1,1,1,2,0,0
110165,1,1,0,0,0,1,5
9905262,1,1,0,0,0,1,3
9403368,9,3,6,7,9,0,0
9602321,1,1,0,0,0,1,1
9410247,1,1,0,0,0,1,2
101343,3,2,1,1,1,2,3
9309331,2,2,0,0,2,0,0
108054,4,2,2,3,0,4,29
9706389,1,1,0,0,0,1,13
205340,5,2,3,4,1,4,34
11293,2,2,0,0,0,2,7
9205246,5,2,3,4,5,0,0
211351,0,0,0,0,0,0,0
9911478,0,0,0,0,0,0,0
211258,2,1,1,1,0,2,8
207214,1,1,0,0,0,1,5
204307,5,1,4,7,0,5,50
107229,0,0,0,0,0,0,0
9909344,2,2,0,0,0,2,9
9507227,0,0,0,0,0,0,0
9312231,0,0,0,0,0,0,0
9709414,0,0,0,0,0,0,0
9706263,0,0,0,0,0,0,0
4140,3,3,0,0,0,3,15
9512247,0,0,0,0,0,0,0
206218,1,1,0,0,0,1,2
202196,0,0,0,0,0,0,0
9910523,4,2,2,2,0,4,16
9802397,5,1,4,7,2,3,3
9804276,0,0,0,0,0,0,0
108198,1,1,0,0,0,1,13
9709224,1,1,0,0,0,1,3
9506299,4,2,2,3,4,0,0
204075,0,0,0,0,0,0,0
110379,0,0,0,0,0,0,0
9036,2,2,0,0,0,2,32
206018,3,3,0,0,1,2,4
9901212,0,0,0,0,0,0,0
9510436,9,2,7,14,0,9,26
210218,0,0,0,0,0,0,0
9604219,2,2,0,0,2,0,0
9902317,0,0,0,0,0,0,0
9803240,1,1,0,0,0,1,3
201295,0,0,0,0,0,0,0
111009,0,0,0,0,0,0,0
3047,1,1,0,0,1,0,0
10018,2,2,0,0,1,1,5
9512322,1,1,0,0,0,1,1
9607406,1,1,0,0,0,1,2
9808319,1,1,0,0,0,1,1
9905308,4,3,1,1,1,3,9
104203,5,4,1,2,1,4,6
9912485,2,2,0,0,0,2,4
9903378,1,1,0,0,0,1,1
210441,2,2,0,0,0,2,13
9912368,2,1,1,1,1,1,5
5073,2,2,0,0,0,2,7
9909201,1,1,0,0,0,1,3
207129,4,2,2,2,0,4,9
104014,4,1,3,6,0,4,11
204317,3,2,1,1,0,3,12
206284,3,1,2,2,0,3,26
9189,0,0,0,0,0,0,0
207222,1,1,0,0,0,1,18
2175,0,0,0,0,0,0,0
9506384,1,1,0,0,1,0,0
203220,5,2,3,4,0,5,11
107158,0,0,0,0,0,0,0
9701290,1,1,0,0,0,1,1
205317,0,0,0,0,0,0,0
205063,0,0,0,0,0,0,0
206131,5,2,3,6,0,5,19
104270,1,1,0,0,0,1,12
9605435,1,1,0,0,0,1,1
206220,1,1,0,0,0,1,2
205127,0,0,0,0,0,0,0
210115,1,1,0,0,0,1,4
212232,0,0,0,0,0,0,0
9610312,2,2,0,0,2,0,0
12156,2,2,0,0,0,2,13
302148,0,0,0,0,0,0,0
9602398,3,1,2,3,2,1,1
9401275,0,0,0,0,0,0,0
212322,1,1,0,0,0,1,2
9801301,3,3,0,0,0,3,4
5244,1,1,0,0,0,1,3
8267,1,1,0,0,0,1,2
9705310,0,0,0,0,0,0,0
9801244,5,3,2,3,0,5,39
102112,1,1,0,0,0,1,4
104175,3,3,0,0,2,1,4
110015,1,1,0,0,0,1,5
202104,1,1,0,0,0,1,2
9803283,5,2,3,6,0,5,33
9311244,1,1,0,0,0,1,2
302166,0,0,0,0,0,0,0
204319,0,0,0,0,0,0,0
9611416,1,1,0,0,0,1,2
211411,1,1,0,0,0,1,1
211134,1,1,0,0,0,1,7
301090,0,0,0,0,0,0,0
9606462,1,1,0,0,0,1,6
9312271,1,1,0,0,1,0,0
7122,2,1,1,1,2,0,0
9703366,0,0,0,0,0,0,0
301095,1,1,0,0,0,1,10
206017,2,2,0,0,0,2,24
103336,2,1,1,1,1,1,1
9707468,1,1,0,0,1,0,0
107132,3,1,2,3,0,3,28
9205208,1,1,0,0,1,0,0
5254,1,1,0,0,0,1,5
110351,0,0,0,0,0,0,0
302188,0,0,0,0,0,0,0
204052,2,2,0,0,0,2,19
206217,3,2,1,1,3,0,0
106151,0,0,0,0,0,0,0
9606299,1,1,0,0,0,1,4
9811502,0,0,0,0,0,0,0
9912291,2,2,0,0,2,0,0
9808260,1,1,0,0,0,1,5
210017,0,0,0,0,0,0,0
9509394,0,0,0,0,0,0,0
9504264,2,2,0,0,2,0,0
9912250,2,2,0,0,1,1,2
9503387,1,1,0,0,0,1,1
9903362,2,1,1,1,2,0,0
9411418,0,0,0,0,0,0,0
9610554,0,0,0,0,0,0,0
9912279,1,1,0,0,0,1,6
302133,0,0,0,0,0,0,0
211114,0,0,0,0,0,0,0
9710230,1,1,0,0,0,1,3
112035,1,1,0,0,0,1,9
112043,1,1,0,0,0,1,1
102341,1,1,0,0,0,1,1
112238,3,3,0,0,0,3,51
204196,1,1,0,0,0,1,12
9804448,1,1,0,0,0,1,1
7022,2,2,0,0,0,2,23
9810445,0,0,0,0,0,0,0
10055,1,1,0,0,0,1,4
206289,1,1,0,0,0,1,1
211259,0,0,0,0,0,0,0
9802417,0,0,0,0,0,0,0
211268,4,2,2,3,1,3,9
206182,2,1,1,1,0,2,11
205110,0,0,0,0,0,0,0
212213,1,1,0,0,0,1,3
9601281,0,0,0,0,0,0,0
9305261,0,0,0,0,0,0,0
9704240,1,1,0,0,0,1,2
9910273,1,1,0,0,0,1,2
210098,1,1,0,0,0,1,5
8329,1,1,0,0,1,0,0
9153,0,0,0,0,0,0,0
9410373,1,1,0,0,1,0,0
9710505,1,1,0,0,0,1,2
9707461,3,2,1,1,1,2,5
104229,0,0,0,0,0,0,0
7098,3,2,1,1,0,3,9
111182,1,1,0,0,0,1,2
9812243,3,2,1,1,1,2,2
9608456,0,0,0,0,0,0,0
102191,1,1,0,0,0,1,25
9711494,0,0,0,0,0,0,0
209116,2,2,0,0,1,1,1
9401240,2,2,0,0,2,0,0
201098,0,0,0,0,0,0,0
208053,0,0,0,0,0,0,0
101012,0,0,0,0,0,0,0
9504201,1,1,0,0,1,0,0
9710366,1,1,0,0,0,1,2
301108,0,0,0,0,0,0,0
9031,0,0,0,0,0,0,0
9908402,0,0,0,0,0,0,0
9809295,0,0,0,0,0,0,0
107042,1,1,0,0,1,0,0
9608217,0,0,0,0,0,0,0
9906317,1,1,0,0,0,1,5
105167,0,0,0,0,0,0,0
210204,1,1,0,0,0,1,9
9506221,0,0,0,0,0,0,0
302265,0,0,0,0,0,0,0
206198,2,1,1,1,2,0,0
212290,0,0,0,0,0,0,0
9905256,2,2,0,0,1,1,1
9904401,0,0,0,0,0,0,0
208006,0,0,0,0,0,0,0
9204224,1,1,0,0,1,0,0
9903269,0,0,0,0,0,0,0
111413,0,0,0,0,0,0,0
10330,0,0,0,0,0,0,0
9807259,0,0,0,0,0,0,0
9308285,0,0,0,0,0,0,0
301256,1,1,0,0,0,1,27
9808452,0,0,0,0,0,0,0
301201,2,2,0,0,0,2,8
112265,1,1,0,0,0,1,2
301009,0,0,0,0,0,0,0
9906466,1,1,0,0,1,0,0
207199,0,0,0,0,0,0,0
9911285,0,0,0,0,0,0,0
9709314,0,0,0,0,0,0,0
211344,1,1,0,0,0,1,22
108012,1,1,0,0,0,1,10
212164,0,0,0,0,0,0,0
212400,0,0,0,0,0,0,0
9310300,0,0,0,0,0,0,0
210213,0,0,0,0,0,0,0
9901391,1,1,0,0,0,1,1
107267,2,1,1,1,0,2,16
12010,0,0,0,0,0,0,0
9407387,0,0,0,0,0,0,0
12264,0,0,0,0,0,0,0
203043,1,1,0,0,0,1,1
3310,0,0,0,0,0,0,0
9310205,0,0,0,0,0,0,0
109164,0,0,0,0,0,0,0
9910266,0,0,0,0,0,0,0
111241,0,0,0,0,0,0,0
9503458,0,0,0,0,0,0,0
111202,0,0,0,0,0,0,0
301243,0,0,0,0,0,0,0
9806492,0,0,0,0,0,0,0
301226,0,0,0,0,0,0,0
9902288,1,1,0,0,0,1,4
110018,0,0,0,0,0,0,0
9703376,0,0,0,0,0,0,0
1135,2,1,1,1,0,2,4
9908302,0,0,0,0,0,0,0
9509384,0,0,0,0,0,0,0
9802269,0,0,0,0,0,0,0
9405275,0,0,0,0,0,0,0
106061,0,0,0,0,0,0,0
9910418,0,0,0,0,0,0,0
9701281,0,0,0,0,0,0,0
101222,0,0,0,0,0,0,0
3147,0,0,0,0,0,0,0
9908472,0,0,0,0,0,0,0
110401,0,0,0,0,0,0,0
104065,0,0,0,0,0,0,0
9902306,0,0,0,0,0,0,0
207072,0,0,0,0,0,0,0
9708230,0,0,0,0,0,0,0
302251,0,0,0,0,0,0,0
9410308,0,0,0,0,0,0,0
212221,0,0,0,0,0,0,0
209268,1,1,0,0,0,1,3
212073,0,0,0,0,0,0,0
10121,3,2,1,1,2,1,1
9902213,0,0,0,0,0,0,0
211381,0,0,0,0,0,0,0
9910217,0,0,0,0,0,0,0
210379,0,0,0,0,0,0,0
206132,0,0,0,0,0,0,0
9707545,0,0,0,0,0,0,0
9503309,0,0,0,0,0,0,0
9225,0,0,0,0,0,0,0
110074,0,0,0,0,0,0,0
9608302,0,0,0,0,0,0,0
106006,0,0,0,0,0,0,0
110027,0,0,0,0,0,0,0
9510380,1,1,0,0,1,0,0
9703419,0,0,0,0,0,0,0
111134,1,1,0,0,0,1,1
9508219,0,0,0,0,0,0,0
205089,1,1,0,0,0,1,10
204349,0,0,0,0,0,0,0
202224,0,0,0,0,0,0,0
12104,1,1,0,0,0,1,1
301058,1,1,0,0,0,1,6
3128,0,0,0,0,0,0,0
7229,0,0,0,0,0,0,0
9807468,0,0,0,0,0,0,0
112056,0,0,0,0,0,0,0
9504329,0,0,0,0,0,0,0
211302,0,0,0,0,0,0,0
206265,0,0,0,0,0,0,0
9502367,0,0,0,0,0,0,0
9701403,1,1,0,0,1,0,0
9605263,0,0,0,0,0,0,0
210421,0,0,0,0,0,0,0
9801247,0,0,0,0,0,0,0
301096,0,0,0,0,0,0,0
11101,0,0,0,0,0,0,0
9910385,0,0,0,0,0,0,0
9803429,0,0,0,0,0,0,0
9705343,0,0,0,0,0,0,0
9311362,0,0,0,0,0,0,0
212119,1,1,0,0,0,1,2
9904356,0,0,0,0,0,0,0
2052,0,0,0,0,0,0,0
302168,0,0,0,0,0,0,0
101072,0,0,0,0,0,0,0
9707230,0,0,0,0,0,0,0
9904342,1,1,0,0,1,0,0
12093,0,0,0,0,0,0,0
9902366,1,1,0,0,1,0,0
9511247,0,0,0,0,0,0,0
9310357,0,0,0,0,0,0,0
9406259,0,0,0,0,0,0,0
9909329,0,0,0,0,0,0,0
9503487,0,0,0,0,0,0,0
12054,0,0,0,0,0,0,0
7235,0,0,0,0,0,0,0
111216,1,1,0,0,1,0,0
9507392,0,0,0,0,0,0,0
9902373,1,1,0,0,0,1,3
205309,0,0,0,0,0,0,0
9906351,0,0,0,0,0,0,0
9711510,0,0,0,0,0,0,0
210147,0,0,0,0,0,0,0
301081,0,0,0,0,0,0,0
209273,0,0,0,0,0,0,0
9906380,0,0,0,0,0,0,0
9904294,0,0,0,0,0,0,0
9509317,0,0,0,0,0,0,0
9612392,0,0,0,0,0,0,0
5107,0,0,0,0,0,0,0
9304215,1,1,0,0,1,0,0
9501418,0,0,0,0,0,0,0
211035,0,0,0,0,0,0,0
212087,0,0,0,0,0,0,0
9804406,0,0,0,0,0,0,0
108088,0,0,0,0,0,0,0
112087,0,0,0,0,0,0,0
201116,0,0,0,0,0,0,0
9908512,0,0,0,0,0,0,0
9802233,0,0,0,0,0,0,0
9806393,1,1,0,0,1,0,0
9712268,0,0,0,0,0,0,0
111398,1,1,0,0,1,0,0
9508385,0,0,0,0,0,0,0
9706208,0,0,0,0,0,0,0
9611296,6,2,4,6,2,4,5
9910236,31,10,21,69,2,29,234
8018,26,2,24,105,0,26,75
9712306,38,3,35,134,15,23,44
9307247,220,5,215,1639,80,140,214
9408290,84,22,62,243,38,46,116
7085,32,1,31,173,2,30,214
10222,9,4,5,15,7,2,3
9909530,6,4,2,3,0,6,16
9709382,21,5,16,28,12,9,10
201160,1,1,0,0,0,1,1
9604312,6,3,3,4,0,6,19
9158,23,8,15,28,7,16,35
9811356,187,7,180,2076,1,186,879
9404359,4,2,2,3,4,0,0
9611367,29,4,25,110,3,26,84
9805498,22,5,17,48,4,18,78
207066,3,1,2,3,2,1,1
9205204,4,3,1,2,4,0,0
9607213,30,4,26,74,3,27,122
9911266,18,7,11,14,1,17,72
9309322,2,2,0,0,2,0,0
9612362,39,4,35,115,11,28,100
2287,54,4,50,259,0,54,389
202162,4,3,1,2,0,4,26
9810383,6,2,4,5,6,0,0
9601260,6,4,2,3,1,5,8
9504413,32,5,27,99,4,28,63
9602417,25,14,11,20,23,2,2
9512378,47,16,31,91,19,28,85
9504307,37,5,32,102,13,24,43
9509410,38,6,32,121,3,35,127
9503439,72,9,63,322,72,0,0
9806328,115,16,99,555,10,105,862
9902215,21,3,18,48,9,12,12
9812344,34,3,31,171,3,31,112
9805266,12,4,8,11,4,8,11
9507376,11,6,5,7,1,10,35
9812538,75,15,60,221,2,73,473
9909415,15,5,10,17,3,12,59
9511220,9,2,7,11,2,7,11
9706239,54,8,46,202,8,46,128
9807517,25,4,21,86,0,25,158
9805262,79,7,72,383,47,32,72
9907216,20,10,10,22,2,18,34
9503215,22,5,17,33,2,20,44
9803456,7,2,5,7,0,7,63
9310331,21,5,16,35,21,0,0
9809217,70,4,66,581,3,67,138
9508276,32,11,21,55,13,19,19
9603378,141,1,140,1277,50,91,103
9706385,13,4,9,34,0,13,38
9510352,3,3,0,0,3,0,0
9707311,3,3,0,0,1,2,5
9409367,18,1,17,27,11,7,9
9303202,178,36,142,767,168,10,11
9206206,12,8,4,5,12,0,0
9810371,37,5,32,160,0,37,428
9703299,73,6,67,717,2,71,338
9206218,91,29,62,332,91,0,0
9609357,30,10,20,46,9,21,61
5189,42,5,37,170,0,42,600
9612446,93,10,83,573,5,88,723
9512219,6,6,0,0,3,3,3
9911202,22,3,19,85,0,22,113
9306314,38,15,23,56,36,2,2
9609344,20,5,15,64,0,20,126
9704246,12,4,8,21,1,11,11
9409355,7,2,5,9,4,3,3
9412268,12,1,11,22,12,0,0
9503299,7,1,6,12,7,0,0
106205,2,2,0,0,1,1,4
9812358,79,5,74,396,21,58,183
9808328,30,5,25,71,6,24,75
9712372,63,8,55,240,2,61,392
9307322,67,4,63,397,23,44,119
7170,9,1,8,16,0,9,48
9403362,31,7,24,95,9,22,41
9712294,3,2,1,1,3,0,0
9811273,32,9,23,54,0,32,192
9501276,25,5,20,72,25,0,0
9312262,10,7,3,5,8,2,2
9604378,7,2,5,8,1,6,9
9710204,63,6,57,232,22,41,56
9203203,197,41,156,1271,197,0,0
9308217,32,4,28,96,2,30,52
9310242,45,17,28,102,37,8,8
9602431,4,3,1,2,4,0,0
9512336,172,15,157,1169,32,140,674
9504295,16,3,13,37,0,16,32
8099,12,5,7,17,0,12,38
9804251,4,2,2,2,0,4,26
9403276,46,11,35,138,21,25,26
9405355,55,15,40,132,20,35,63
9609490,14,6,8,15,1,13,31
11363,31,5,26,71,19,12,22
9811478,0,0,0,0,0,0,0
9812328,16,3,13,45,2,14,23
9503344,60,5,55,211,45,15,18
9310244,9,6,3,4,7,2,2
9601246,14,6,8,13,3,11,15
9804227,60,2,58,390,5,55,215
9806429,6,4,2,2,0,6,70
9204206,13,9,4,4,13,0,0
9709333,20,8,12,25,5,15,30
9509256,33,1,32,151,2,31,67
9608206,10,4,6,9,2,8,14
9407268,34,6,28,91,19,15,16
9411235,1,1,0,0,0,1,2
9406214,22,12,10,31,22,0,0
9701227,21,7,14,28,2,19,72
9809291,29,8,21,54,7,22,49
9906340,52,5,47,249,3,49,254
9610415,35,3,32,109,4,31,81
9912307,9,1,8,13,0,9,43
9611328,2,2,0,0,1,1,1
9403224,89,26,63,208,68,21,23
9612264,20,4,16,53,3,17,59
9812342,2,1,1,1,0,2,4
9512295,6,2,4,8,6,0,0
9806467,53,3,50,309,6,47,248
9907472,58,5,53,293,3,55,225
5025,36,18,18,51,1,35,300
9403236,6,4,2,2,1,5,5
101067,23,3,20,88,0,23,195
9910550,43,2,41,321,0,43,769
9209248,39,1,38,113,39,0,0
9506332,16,2,14,33,0,16,33
9905253,5,3,2,4,0,5,23
10274,12,1,11,29,0,12,81
108210,15,5,10,14,0,15,65
109036,2,2,0,0,0,2,5
9502391,28,7,21,44,12,16,23
9603298,5,3,2,3,0,5,14
9905215,66,4,62,402,2,64,227
9411276,21,6,15,38,3,18,75
9505350,54,4,50,175,5,49,175
9504234,49,3,46,245,7,42,190
9210280,28,6,22,80,21,7,9
9801280,3,1,2,3,0,3,10
9704388,9,3,6,11,4,5,10
9312250,4,3,1,1,4,0,0
9502336,60,25,35,97,43,17,17
9306319,28,11,17,48,10,18,26
9406258,34,4,30,184,4,30,30
9608376,5,2,3,3,5,0,0
9704331,12,4,8,26,12,0,0
9912516,75,13,62,236,12,63,299
9409225,15,7,8,24,13,2,2
9905381,77,5,72,521,2,75,539
9910349,2,2,0,0,1,1,1
9405223,12,5,7,7,3,9,28
9703287,57,4,53,491,0,57,198
9604310,4,3,1,1,1,3,3
9902243,10,2,8,16,0,10,23
9303205,124,14,110,1084,105,19,19
9603386,15,3,12,35,12,3,7
6006,3,1,2,3,0,3,17
9505262,30,7,23,92,12,18,28
9311293,19,3,16,37,19,0,0
9506217,38,6,32,98,1,37,168
9711348,46,2,44,210,1,45,182
9508288,24,2,22,94,0,24,60
9907211,39,9,30,121,4,35,240
9602385,33,6,27,100,27,6,6
9910351,5,2,3,4,0,5,73
9703219,2,1,1,1,0,2,28
9706509,64,7,57,298,3,61,318
9707442,4,2,2,2,1,3,26
9906394,8,2,6,9,0,8,58
9195,19,5,14,28,0,19,223
9902237,36,6,30,119,1,35,156
9811362,29,4,25,142,0,29,191
9803405,32,9,23,88,1,31,179
9504283,5,1,4,9,0,5,12
9904367,10,2,8,23,1,9,40
107310,13,3,10,30,1,12,28
11054,54,13,41,166,5,49,163
9408300,10,4,6,7,10,0,0
9604243,12,3,9,26,0,12,62
9505320,75,6,69,452,0,75,247
8184,13,4,9,28,0,13,58
9909271,8,3,5,8,1,7,21
6053,3,2,1,1,1,2,9
9711472,18,3,15,37,1,17,116
9410304,52,7,45,159,32,20,26
9608213,19,2,17,39,1,18,57
9709440,3,2,1,1,1,2,2
9909558,31,3,28,102,0,31,157
9903417,145,11,134,777,19,126,486
5049,22,4,18,34,1,21,176
9408318,11,8,3,4,4,7,10
9905566,84,20,64,250,3,81,474
9812250,4,3,1,1,4,0,0
204244,12,8,4,12,2,10,86
106243,7,4,3,5,0,7,34
9810215,14,5,9,16,0,14,102
107119,46,2,44,482,0,46,134
110382,27,1,26,186,0,27,271
112351,14,1,13,27,0,14,71
9401237,11,6,5,6,9,2,2
9904207,4,3,1,1,2,2,4
9611368,13,7,6,17,6,7,8
9909555,18,8,10,20,0,18,113
106336,22,6,16,53,0,22,182
6251,16,3,13,41,4,12,52
9807246,12,2,10,17,2,10,80
9703350,10,2,8,15,1,9,38
9909490,1,1,0,0,1,0,0
3055,17,3,14,66,2,15,27
9610319,9,6,3,3,4,5,8
9808203,1,1,0,0,0,1,4
9703301,6,3,3,4,3,3,10
9603210,12,6,6,8,2,10,33
204029,9,2,7,12,0,9,135
10142,4,2,2,2,0,4,10
9802202,19,6,13,28,2,17,49
9412346,12,4,8,18,1,11,47
9281,11,4,7,11,0,11,40
5209,10,3,7,18,2,8,35
9310261,65,20,45,167,65,0,0
9801240,1,1,0,0,0,1,6
9302279,7,3,4,8,7,0,0
9610294,17,9,8,14,0,17,229
9212208,5,3,2,3,5,0,0
9504332,13,7,6,7,1,12,26
9512302,7,2,5,11,3,4,4
9601373,7,2,5,9,0,7,16
9307266,58,14,44,127,39,19,21
9208215,18,10,8,16,18,0,0
9901432,21,4,17,78,2,19,33
9612421,28,5,23,68,8,20,109
9903474,14,1,13,41,0,14,155
9501204,20,8,12,25,20,0,0
9809242,18,5,13,31,1,17,50
9608434,45,7,38,124,2,43,112
9506442,13,7,6,9,3,10,14
9306241,34,4,30,142,34,0,0
9911490,16,5,11,19,0,16,190
6096,12,4,8,18,0,12,119
9808434,14,6,8,16,10,4,5
9709487,2,2,0,0,1,1,5
9812404,7,4,3,3,4,3,5
9907495,16,8,8,11,2,14,35
9911286,18,6,12,22,3,15,26
9407204,37,7,30,113,13,24,37
9502334,47,10,37,90,24,23,29
9507434,12,4,8,22,1,11,20
9907224,31,3,28,139,0,31,272
9603402,2,2,0,0,1,1,1
9509373,16,9,7,14,13,3,3
9507210,12,6,6,13,12,0,0
9911350,1,1,0,0,0,1,6
9803256,39,8,31,103,0,39,343
9709376,24,8,16,52,0,24,247
9602226,8,1,7,11,4,4,7
9507321,19,6,13,49,0,19,93
9511399,23,10,13,25,10,13,26
9706314,2,2,0,0,1,1,3
9810294,3,2,1,1,0,3,8
9506446,3,3,0,0,1,2,2
9804419,11,9,2,2,0,11,34
9704298,62,13,49,231,5,57,316
9612225,24,10,14,47,4,20,77
9407238,4,2,2,3,0,4,6
9411293,12,2,10,20,10,2,2
9504230,45,14,31,100,13,32,37
9210238,6,3,3,4,6,0,0
101263,1,1,0,0,0,1,2
9907423,53,8,45,205,14,39,77
9907450,7,2,5,5,0,7,7
9312211,2,1,1,1,1,1,1
3234,5,2,3,9,0,5,28
9707327,34,3,31,150,2,32,55
9507246,38,7,31,176,1,37,196
9706305,2,2,0,0,1,1,4
9903511,8,1,7,19,0,8,34
9606207,23,5,18,43,1,22,22
5222,5,3,2,2,1,4,16
9811404,7,2,5,9,0,7,16
9608291,10,5,5,12,10,0,0
9402277,9,5,4,7,0,9,9
5203,7,3,4,6,6,1,1
104254,10,1,9,15,0,10,87
7145,4,3,1,1,1,3,16
9501266,29,4,25,81,21,8,12
9610354,13,4,9,26,2,11,34
7357,20,6,14,59,1,19,102
9310263,2,1,1,1,1,1,2
9510289,14,1,13,27,10,4,5
9408353,11,4,7,12,11,0,0
9912377,2,2,0,0,2,0,0
9603341,20,7,13,22,2,18,40
9405298,15,4,11,19,5,10,10
9804297,3,2,1,1,0,3,9
9410269,10,3,7,14,2,8,49
9907496,35,3,32,177,0,35,312
11026,10,5,5,7,2,8,63
9308254,6,2,4,11,6,0,0
9402295,22,4,18,60,11,11,19
9603422,14,7,7,8,2,12,29
9703397,5,2,3,3,1,4,4
207036,17,6,11,27,0,17,115
9609517,11,4,7,22,0,11,86
9704336,15,3,12,46,0,15,126
9311297,10,2,8,21,3,7,14
210114,0,0,0,0,0,0,0
9806416,8,2,6,9,2,6,20
9804299,13,2,11,43,0,13,84
9607378,11,1,10,15,6,5,5
9301270,6,3,3,3,6,0,0
9705294,6,3,3,4,0,6,14
9908219,5,5,0,0,0,5,26
9508344,7,3,4,5,2,5,5
101281,1,1,0,0,0,1,5
111053,2,2,0,0,0,2,18
9903543,19,9,10,18,4,15,142
9709408,30,5,25,101,15,15,35
9605356,11,5,6,10,5,6,11
9905231,2,2,0,0,0,2,3
9808294,9,2,7,10,0,9,31
9701243,9,4,5,8,0,9,17
106356,13,2,11,31,0,13,31
9302295,12,5,7,26,12,0,0
7279,4,3,1,2,1,3,11
9912322,11,7,4,4,8,3,3
9505267,20,5,15,46,3,17,21
9801257,5,2,3,3,0,5,9
9412294,14,5,9,17,8,6,8
9511208,3,3,0,0,2,1,13
9808204,6,1,5,14,6,0,0
106064,2,2,0,0,2,0,0
9406250,7,4,3,5,0,7,13
9507280,14,6,8,14,4,10,24
9402304,4,2,2,4,3,1,1
9408321,6,3,3,5,0,6,6
9306210,7,6,1,1,7,0,0
9911435,6,3,3,3,0,6,43
207031,3,3,0,0,1,2,6
201231,84,17,67,333,42,42,90
207157,26,7,19,28,1,25,153
9807440,6,2,4,7,0,6,16
9905275,5,1,4,9,0,5,47
103322,8,4,4,8,0,8,21
5260,27,6,21,60,4,23,100
9802392,5,4,1,1,1,4,4
9412245,9,2,7,9,1,8,8
9911419,2,2,0,0,1,1,3
9712303,8,6,2,2,0,8,12
9401302,4,3,1,1,3,1,1
9606310,34,6,28,97,0,34,156
9903413,16,8,8,11,1,15,65
9812318,1,1,0,0,0,1,3
101033,3,3,0,0,2,1,1
9208244,18,9,9,12,7,11,13
9704359,10,7,3,5,0,10,43
9303322,7,4,3,8,2,5,5
9807350,11,5,6,11,0,11,21
9304232,18,4,14,36,18,0,0
9101,12,6,6,8,0,12,32
6011,10,6,4,11,0,10,35
9905290,6,3,3,3,3,3,7
203136,3,2,1,1,0,3,7
202054,6,4,2,2,0,6,61
112120,3,3,0,0,1,2,7
9504311,6,4,2,2,2,4,4
107268,18,3,15,43,0,18,105
107325,10,7,3,4,0,10,109
207042,8,4,4,6,0,8,60
9609245,11,3,8,17,1,10,32
111290,5,3,2,3,0,5,59
108202,7,1,6,6,0,7,18
9707450,13,9,4,5,3,10,54
9602419,26,1,25,86,26,0,0
9609386,0,0,0,0,0,0,0
9707385,12,5,7,14,4,8,22
9502393,4,4,0,0,1,3,4
9209274,7,6,1,2,7,0,0
9511253,0,0,0,0,0,0,0
7261,11,4,7,10,0,11,89
9905309,36,3,33,99,4,32,151
9908493,6,1,5,9,0,6,16
211399,0,0,0,0,0,0,0
9712246,1,1,0,0,1,0,0
9910283,13,6,7,16,3,10,127
9702206,4,3,1,1,1,3,18
9611321,4,3,1,1,0,4,36
9610236,2,1,1,1,0,2,6
105069,2,2,0,0,0,2,3
9709208,8,4,4,8,0,8,24
9912227,7,4,3,4,2,5,26
9904299,1,1,0,0,1,0,0
103339,5,2,3,3,0,5,11
9709448,2,2,0,0,0,2,6
9508241,15,4,11,38,1,14,68
210162,0,0,0,0,0,0,0
9907389,23,2,21,122,0,23,63
9301286,2,2,0,0,2,0,0
9508407,8,2,6,8,0,8,25
9610216,1,1,0,0,0,1,2
10077,7,2,5,9,0,7,66
9809548,3,1,2,2,0,3,16
6249,2,2,0,0,0,2,8
9703372,10,4,6,7,0,10,55
2065,18,6,12,22,0,18,96
9706484,5,3,2,2,1,4,14
9801390,2,1,1,1,0,2,8
9705293,7,5,2,2,1,6,14
9504407,21,8,13,26,19,2,2
6091,3,1,2,3,0,3,13
9911456,8,2,6,14,0,8,65
4012,1,1,0,0,0,1,9
2261,7,3,4,9,0,7,23
9505299,2,1,1,1,2,0,0
9602400,3,2,1,1,3,0,0
9908243,8,7,1,2,4,4,6
9707485,24,3,21,101,0,24,198
9912491,9,3,6,8,1,8,29
9811414,6,3,3,3,0,6,22
9407349,4,4,0,0,0,4,7
9710367,5,4,1,1,2,3,6
102273,3,1,2,3,0,3,11
9907399,21,3,18,50,1,20,44
9512346,3,2,1,2,2,1,1
9603364,4,2,2,2,1,3,12
9611402,1,1,0,0,0,1,7
9606319,4,2,2,2,1,3,5
9705210,3,3,0,0,0,3,14
9605331,2,2,0,0,0,2,2
9712543,10,5,5,6,0,10,51
110335,1,1,0,0,0,1,4
9609329,6,3,3,4,1,5,13
9702435,9,6,3,3,2,7,12
2276,5,2,3,4,0,5,16
9601230,17,3,14,38,1,16,42
12178,6,3,3,3,0,6,45
103195,2,1,1,1,0,2,48
106163,18,1,17,91,0,18,109
202088,14,2,12,33,0,14,80
9609384,28,8,20,77,17,11,13
9411304,6,3,3,4,2,4,4
9809539,9,8,1,1,4,5,14
9509210,3,3,0,0,0,3,18
9312222,1,1,0,0,0,1,3
9406349,5,1,4,5,0,5,7
204004,31,6,25,70,0,31,129
9911316,14,5,9,33,0,14,138
9801234,4,2,2,3,0,4,22
103190,0,0,0,0,0,0,0
9704266,2,2,0,0,2,0,0
7238,11,5,6,13,2,9,20
9612207,5,1,4,9,1,4,4
9805274,13,4,9,22,5,8,16
9709325,8,4,4,11,2,6,15
102174,6,3,3,6,0,6,73
203062,4,2,2,3,0,4,48
7069,24,9,15,27,11,13,14
9807302,6,5,1,1,0,6,8
9905518,3,2,1,1,3,0,0
9607377,11,7,4,4,9,2,2
9406316,17,6,11,37,3,14,24
9083,3,3,0,0,1,2,11
9909308,1,1,0,0,0,1,5
9404224,0,0,0,0,0,0,0
7025,16,5,11,21,11,5,5
9712496,19,4,15,29,3,16,57
9612223,17,8,9,15,3,14,27
9604360,10,2,8,12,4,6,10
1034,6,3,3,6,2,4,15
9305215,9,3,6,12,9,0,0
9507365,10,4,6,9,9,1,1
204334,4,2,2,4,0,4,24
9402306,9,5,4,6,8,1,1
9307219,4,3,1,1,4,0,0
9707483,1,1,0,0,0,1,2
9704379,24,8,16,18,7,17,17
9607380,1,1,0,0,0,1,1
205050,16,8,8,12,0,16,96
9907542,12,3,9,30,0,12,49
9810249,5,1,4,6,1,4,10
105163,2,1,1,1,0,2,17
9609258,5,2,3,3,3,2,2
9810322,16,1,15,75,10,6,6
9512239,15,6,9,18,3,12,17
2300,20,8,12,18,8,12,23
9809355,4,1,3,3,0,4,6
205131,9,4,5,12,0,9,49
209148,1,1,0,0,1,0,0
9609385,14,3,11,36,14,0,0
9506392,14,1,13,33,0,14,26
105238,1,1,0,0,0,1,4
9811441,0,0,0,0,0,0,0
9707490,8,4,4,6,2,6,6
206058,12,6,6,9,1,11,34
208203,7,5,2,2,0,7,108
110081,9,6,3,7,3,6,33
9712209,16,4,12,41,4,12,64
104190,1,1,0,0,0,1,3
9706336,3,1,2,2,3,0,0
106266,2,1,1,1,0,2,2
9504432,2,1,1,1,0,2,12
106162,4,1,3,3,0,4,23
9409297,1,1,0,0,0,1,2
205111,7,4,3,6,1,6,31
202127,8,2,6,16,0,8,98
9312263,2,1,1,1,2,0,0
9807231,2,2,0,0,0,2,9
9412286,11,3,8,23,10,1,3
105189,1,1,0,0,0,1,9
105132,4,1,3,5,0,4,24
9306295,5,4,1,1,0,5,5
9907486,4,2,2,3,0,4,4
9808320,25,7,18,68,0,25,108
9306222,9,1,8,21,9,0,0
7008,10,4,6,13,0,10,70
9607480,0,0,0,0,0,0,0
207184,3,3,0,0,0,3,29
107318,7,5,2,3,1,6,14
9809218,3,3,0,0,1,2,11
8186,27,9,18,31,0,27,139
9404340,5,2,3,5,5,0,0
108131,4,1,3,5,0,4,43
9707234,1,1,0,0,0,1,3
205312,6,3,3,3,0,6,35
11314,20,3,17,56,1,19,174
9510452,1,1,0,0,1,0,0
9910274,3,2,1,1,0,3,24
9303262,3,2,1,1,3,0,0
9408294,2,1,1,1,1,1,2
9211257,10,4,6,10,10,0,0
5210,14,2,12,35,0,14,136
9803221,10,5,5,13,0,10,65
9804222,8,4,4,5,0,8,26
9057,2,2,0,0,1,1,2
111295,2,2,0,0,0,2,27
9911516,12,3,9,25,0,12,41
9310245,17,5,12,19,3,14,14
3152,1,1,0,0,0,1,5
9901333,4,2,2,2,3,1,8
9612475,3,3,0,0,1,2,5
9811411,8,4,4,5,1,7,12
9511459,1,1,0,0,0,1,1
9602340,5,1,4,7,4,1,1
9607403,2,2,0,0,0,2,6
9909442,3,2,1,1,0,3,6
6295,4,1,3,6,0,4,66
9811405,7,2,5,10,0,7,22
106331,2,2,0,0,0,2,11
9912423,28,9,19,50,7,21,74
9807239,4,2,2,2,3,1,1
212396,0,0,0,0,0,0,0
9609252,2,1,1,1,2,0,0
9806329,3,2,1,1,1,2,2
9311226,0,0,0,0,0,0,0
9805433,5,1,4,6,2,3,3
9902269,1,1,0,0,1,0,0
9150,4,2,2,3,0,4,22
105146,3,3,0,0,0,3,16
9711363,18,2,16,60,0,18,66
9601212,0,0,0,0,0,0,0
11047,2,2,0,0,0,2,9
9808253,1,1,0,0,1,0,0
9502368,7,2,5,6,7,0,0
9905368,3,2,1,1,0,3,14
9812393,9,6,3,3,1,8,17
208085,1,1,0,0,0,1,11
208089,6,2,4,10,0,6,97
9711315,6,1,5,13,0,6,6
211204,8,4,4,11,0,8,77
210038,6,2,4,11,0,6,24
9805507,4,1,3,6,4,0,0
110180,2,1,1,1,0,2,47
104279,2,2,0,0,0,2,9
9905228,9,2,7,15,8,1,1
110312,5,3,2,2,0,5,12
9806248,5,2,3,5,1,4,8
9708263,6,1,5,7,0,6,6
9710477,2,1,1,1,0,2,3
201010,5,4,1,1,0,5,22
9510428,6,2,4,8,3,3,4
9911533,8,2,6,14,0,8,9
9606348,5,3,2,2,0,5,9
9410245,3,1,2,3,3,0,0
9407242,2,2,0,0,1,1,2
202053,2,2,0,0,0,2,8
209231,1,1,0,0,1,0,0
9708334,1,1,0,0,0,1,2
9912228,2,2,0,0,0,2,5
10349,5,3,2,4,0,5,18
9710481,0,0,0,0,0,0,0
9405216,4,4,0,0,4,0,0
9912384,1,1,0,0,1,0,0
9703223,1,1,0,0,0,1,2
9712455,2,1,1,1,0,2,8
12225,6,5,1,1,0,6,28
9904260,5,4,1,1,0,5,27
4186,6,2,4,11,0,6,27
9809245,10,1,9,25,0,10,47
9804316,1,1,0,0,0,1,4
9504433,2,2,0,0,0,2,3
205030,0,0,0,0,0,0,0
9903201,8,4,4,6,3,5,11
7332,6,2,4,6,0,6,27
9908308,4,4,0,0,0,4,11
6156,5,4,1,2,2,3,3
110353,4,3,1,1,0,4,31
9910391,2,2,0,0,0,2,28
211305,3,2,1,1,1,2,5
6057,4,3,1,1,0,4,19
8132,4,3,1,2,0,4,13
109130,8,4,4,6,0,8,36
12014,4,2,2,4,0,4,21
112003,10,5,5,13,0,10,47
9209242,1,1,0,0,1,0,0
9810284,1,1,0,0,0,1,3
9709303,2,1,1,1,0,2,2
109165,0,0,0,0,0,0,0
9804348,11,5,6,14,4,7,21
9810454,12,1,11,27,0,12,28
201290,2,2,0,0,0,2,4
9136,2,1,1,1,0,2,13
205150,6,3,3,4,0,6,41
9021,5,5,0,0,1,4,22
9905408,1,1,0,0,1,0,0
9605252,8,2,6,7,1,7,14
9812394,2,2,0,0,0,2,2
9912489,2,1,1,1,2,0,0
9502333,0,0,0,0,0,0,0
211057,0,0,0,0,0,0,0
107107,0,0,0,0,0,0,0
10152,2,1,1,1,0,2,3
10337,4,3,1,1,2,2,2
4258,1,1,0,0,0,1,1
9401296,0,0,0,0,0,0,0
9506288,4,2,2,2,0,4,13
210127,2,2,0,0,0,2,22
9809575,4,2,2,3,4,0,0
108162,1,1,0,0,0,1,2
9912362,3,2,1,1,3,0,0
9611209,3,3,0,0,1,2,4
108129,1,1,0,0,0,1,3
102189,2,2,0,0,1,1,1
104184,1,1,0,0,0,1,6
9906416,2,2,0,0,0,2,5
206112,1,1,0,0,1,0,0
9712314,2,2,0,0,0,2,5
9710218,3,3,0,0,0,3,9
9606473,0,0,0,0,0,0,0
9802313,6,1,5,8,0,6,13
9509363,8,1,7,18,8,0,0
9905427,15,6,9,22,8,7,11
8231,2,2,0,0,0,2,8
202255,3,2,1,1,2,1,2
9409319,2,1,1,1,0,2,3
9802364,4,1,3,6,4,0,0
208081,1,1,0,0,0,1,8
9509261,8,2,6,14,3,5,5
9912214,15,5,10,20,4,11,33
112319,0,0,0,0,0,0,0
12016,2,2,0,0,0,2,2
9611210,7,4,3,5,3,4,7
6157,9,5,4,7,1,8,17
105186,1,1,0,0,0,1,11
9501302,0,0,0,0,0,0,0
9805420,3,2,1,1,0,3,9
9607295,1,1,0,0,0,1,4
9908467,6,2,4,5,2,4,7
7255,7,3,4,8,3,4,11
9409239,0,0,0,0,0,0,0
7189,3,3,0,0,1,2,15
7184,5,5,0,0,2,3,10
207302,1,1,0,0,0,1,2
106037,3,1,2,3,0,3,16
211371,0,0,0,0,0,0,0
9910281,0,0,0,0,0,0,0
110117,3,2,1,2,0,3,15
9907398,1,1,0,0,0,1,1
9804460,10,7,3,4,0,10,24
106096,2,2,0,0,0,2,17
9601264,1,1,0,0,1,0,0
9604422,1,1,0,0,1,0,0
104039,2,2,0,0,0,2,11
302098,0,0,0,0,0,0,0
9706461,1,1,0,0,0,1,1
11065,1,1,0,0,1,0,0
9809222,5,2,3,4,0,5,11
9801402,2,2,0,0,0,2,2
206235,3,2,1,1,0,3,20
9310238,1,1,0,0,1,0,0
9405350,0,0,0,0,0,0,0
101063,1,1,0,0,0,1,1
9312219,1,1,0,0,0,1,2
202094,0,0,0,0,0,0,0
201128,5,4,1,1,0,5,42
203225,0,0,0,0,0,0,0
206085,3,3,0,0,0,3,7
9211330,1,1,0,0,1,0,0
9912333,0,0,0,0,0,0,0
208055,1,1,0,0,0,1,5
110196,1,1,0,0,0,1,7
9702303,1,1,0,0,0,1,2
209049,0,0,0,0,0,0,0
9302276,0,0,0,0,0,0,0
9902357,1,1,0,0,1,0,0
9411258,5,3,2,3,5,0,0
9606268,0,0,0,0,0,0,0
11043,1,1,0,0,0,1,2
108167,2,2,0,0,0,2,7
106321,3,1,2,2,0,3,17
9708368,1,1,0,0,0,1,10
9601238,0,0,0,0,0,0,0
9807428,4,4,0,0,4,0,0
9603288,0,0,0,0,0,0,0
202159,2,1,1,1,0,2,7
209151,0,0,0,0,0,0,0
9901437,4,2,2,2,1,3,3
9810209,1,1,0,0,0,1,1
9606331,0,0,0,0,0,0,0
9812231,2,1,1,1,2,0,0
202242,2,2,0,0,0,2,9
12307,1,1,0,0,0,1,1
104160,2,2,0,0,0,2,3
9608219,1,1,0,0,0,1,1
101292,5,1,4,7,0,5,50
9707267,1,1,0,0,0,1,2
211421,2,1,1,1,0,2,10
11146,10,4,6,7,2,8,16
9308345,3,2,1,1,0,3,3
112347,1,1,0,0,1,0,0
9909327,0,0,0,0,0,0,0
211301,1,1,0,0,0,1,4
107194,1,1,0,0,0,1,9
208102,2,2,0,0,0,2,6
209179,1,1,0,0,0,1,5
9703384,3,3,0,0,0,3,7
9806474,0,0,0,0,0,0,0
208197,0,0,0,0,0,0,0
209357,0,0,0,0,0,0,0
9806532,0,0,0,0,0,0,0
206247,0,0,0,0,0,0,0
9411424,1,1,0,0,1,0,0
204095,6,4,2,2,0,6,32
9603387,2,2,0,0,1,1,1
112184,8,2,6,11,1,7,57
9804303,3,1,2,3,3,0,0
9506320,2,2,0,0,2,0,0
9803455,2,1,1,1,0,2,3
9910363,1,1,0,0,0,1,1
9411265,1,1,0,0,1,0,0
9507447,1,1,0,0,1,0,0
9707290,0,0,0,0,0,0,0
9107,2,2,0,0,0,2,35
9401225,3,3,0,0,3,0,0
102167,1,1,0,0,1,0,0
212305,0,0,0,0,0,0,0
111222,1,1,0,0,0,1,10
9809526,3,2,1,1,0,3,10
9811388,1,1,0,0,0,1,1
9805482,4,3,1,1,0,4,21
105014,4,4,0,0,0,4,85
201014,2,2,0,0,1,1,17
208173,0,0,0,0,0,0,0
9911387,1,1,0,0,0,1,4
9810511,0,0,0,0,0,0,0
9612343,0,0,0,0,0,0,0
9805361,3,2,1,2,0,3,27
9905534,1,1,0,0,1,0,0
208045,3,1,2,2,3,0,0
9702275,3,2,1,1,0,3,3
1314,0,0,0,0,0,0,0
211213,2,2,0,0,0,2,29
9708274,3,1,2,2,1,2,5
205054,0,0,0,0,0,0,0
9808228,2,1,1,1,1,1,5
208158,1,1,0,0,0,1,1
104193,3,1,2,3,0,3,14
212105,0,0,0,0,0,0,0
9603229,3,1,2,2,3,0,0
204209,0,0,0,0,0,0,0
9608409,5,1,4,9,0,5,10
9907277,0,0,0,0,0,0,0
207339,0,0,0,0,0,0,0
101295,1,1,0,0,0,1,3
107104,1,1,0,0,1,0,0
301018,0,0,0,0,0,0,0
9807355,0,0,0,0,0,0,0
9612208,5,3,2,2,1,4,9
209180,6,4,2,2,0,6,15
107332,2,2,0,0,0,2,16
9404345,3,2,1,1,3,0,0
209029,2,2,0,0,0,2,11
108190,1,1,0,0,0,1,7
201106,1,1,0,0,0,1,9
208125,2,2,0,0,0,2,7
9707473,1,1,0,0,1,0,0
9512332,3,1,2,2,0,3,3
204042,2,1,1,1,0,2,32
9912225,3,1,2,3,0,3,13
204266,0,0,0,0,0,0,0
9808464,1,1,0,0,0,1,4
210237,0,0,0,0,0,0,0
9812390,1,1,0,0,1,0,0
9910458,6,3,3,4,0,6,11
5046,2,2,0,0,0,2,8
9902470,1,1,0,0,0,1,13
9506238,2,1,1,1,2,0,0
111039,2,2,0,0,2,0,0
9904237,1,1,0,0,0,1,12
111080,0,0,0,0,0,0,0
9603437,0,0,0,0,0,0,0
9308259,2,2,0,0,1,1,1
9309327,0,0,0,0,0,0,0
103301,0,0,0,0,0,0,0
9911532,1,1,0,0,1,0,0
103297,2,1,1,1,0,2,5
211394,3,3,0,0,0,3,24
9803325,0,0,0,0,0,0,0
9603275,1,1,0,0,0,1,3
9606363,0,0,0,0,0,0,0
302266,0,0,0,0,0,0,0
209307,0,0,0,0,0,0,0
302054,1,1,0,0,0,1,16
110184,1,1,0,0,0,1,14
3247,1,1,0,0,0,1,4
11166,0,0,0,0,0,0,0
9905360,1,1,0,0,0,1,3
9409267,1,1,0,0,1,0,0
9903438,0,0,0,0,0,0,0
111175,1,1,0,0,0,1,3
112023,1,1,0,0,0,1,19
104049,8,2,6,10,0,8,46
209264,3,3,0,0,0,3,9
8123,3,2,1,1,0,3,10
202096,0,0,0,0,0,0,0
102231,0,0,0,0,0,0,0
210321,0,0,0,0,0,0,0
206049,0,0,0,0,0,0,0
201268,0,0,0,0,0,0,0
110385,0,0,0,0,0,0,0
105137,0,0,0,0,0,0,0
9905217,1,1,0,0,1,0,0
9710351,0,0,0,0,0,0,0
9811432,0,0,0,0,0,0,0
9809482,0,0,0,0,0,0,0
5022,0,0,0,0,0,0,0
204260,0,0,0,0,0,0,0
103026,0,0,0,0,0,0,0
9707417,0,0,0,0,0,0,0
2194,2,2,0,0,1,1,1
9906326,1,1,0,0,1,0,0
201032,1,1,0,0,0,1,2
9906436,0,0,0,0,0,0,0
201156,3,2,1,1,0,3,36
206311,1,1,0,0,0,1,11
9812402,1,1,0,0,0,1,1
302149,0,0,0,0,0,0,0
112153,0,0,0,0,0,0,0
10264,1,1,0,0,0,1,3
204201,2,1,1,1,0,2,3
11135,2,2,0,0,0,2,21
211312,0,0,0,0,0,0,0
9811399,0,0,0,0,0,0,0
208084,1,1,0,0,0,1,7
104248,1,1,0,0,0,1,2
301270,1,1,0,0,0,1,3
9410275,1,1,0,0,1,0,0
212056,0,0,0,0,0,0,0
9606374,1,1,0,0,0,1,3
9912244,0,0,0,0,0,0,0
12228,0,0,0,0,0,0,0
211164,0,0,0,0,0,0,0
9510450,1,1,0,0,0,1,1
9706395,2,1,1,1,2,0,0
9909468,0,0,0,0,0,0,0
9710555,2,1,1,1,0,2,7
211186,1,1,0,0,0,1,10
110417,1,1,0,0,0,1,9
9808365,0,0,0,0,0,0,0
301186,0,0,0,0,0,0,0
9307264,1,1,0,0,1,0,0
9906334,0,0,0,0,0,0,0
9806245,0,0,0,0,0,0,0
8164,1,1,0,0,0,1,1
9409223,2,2,0,0,2,0,0
9303254,1,1,0,0,1,0,0
7146,0,0,0,0,0,0,0
9706342,1,1,0,0,1,0,0
9205215,1,1,0,0,1,0,0
8096,0,0,0,0,0,0,0
210149,1,1,0,0,0,1,7
9908509,0,0,0,0,0,0,0
9705338,1,1,0,0,1,0,0
9811310,0,0,0,0,0,0,0
7356,3,3,0,0,2,1,1
108051,2,1,1,1,0,2,15
9712295,0,0,0,0,0,0,0
9072,3,3,0,0,0,3,17
104167,0,0,0,0,0,0,0
9405281,1,1,0,0,1,0,0
302181,1,1,0,0,0,1,4
9908332,0,0,0,0,0,0,0
12267,3,1,2,3,0,3,9
9907302,0,0,0,0,0,0,0
4231,0,0,0,0,0,0,0
12210,1,1,0,0,0,1,4
9910556,0,0,0,0,0,0,0
207178,0,0,0,0,0,0,0
9910258,0,0,0,0,0,0,0
203165,0,0,0,0,0,0,0
208210,2,1,1,1,1,1,4
205166,0,0,0,0,0,0,0
205316,1,1,0,0,0,1,2
9602215,0,0,0,0,0,0,0
9405258,0,0,0,0,0,0,0
110386,1,1,0,0,1,0,0
210343,0,0,0,0,0,0,0
9312230,1,1,0,0,1,0,0
202116,1,1,0,0,1,0,0
108048,0,0,0,0,0,0,0
210354,0,0,0,0,0,0,0
9402211,0,0,0,0,0,0,0
207176,0,0,0,0,0,0,0
9311262,0,0,0,0,0,0,0
109033,1,1,0,0,0,1,3
9911401,0,0,0,0,0,0,0
106167,0,0,0,0,0,0,0
202080,0,0,0,0,0,0,0
206232,1,1,0,0,0,1,9
9911236,0,0,0,0,0,0,0
9503493,0,0,0,0,0,0,0
211346,0,0,0,0,0,0,0
9506372,0,0,0,0,0,0,0
208068,0,0,0,0,0,0,0
9275,1,1,0,0,0,1,6
208099,0,0,0,0,0,0,0
9909503,0,0,0,0,0,0,0
7104,0,0,0,0,0,0,0
9408374,0,0,0,0,0,0,0
106338,1,1,0,0,0,1,9
9905335,0,0,0,0,0,0,0
9807296,0,0,0,0,0,0,0
111035,2,1,1,1,0,2,2
9407240,0,0,0,0,0,0,0
9712529,0,0,0,0,0,0,0
9708375,0,0,0,0,0,0,0
102258,0,0,0,0,0,0,0
5229,1,1,0,0,0,1,3
9912235,0,0,0,0,0,0,0
1220,0,0,0,0,0,0,0
210160,0,0,0,0,0,0,0
210280,0,0,0,0,0,0,0
9408227,1,1,0,0,1,0,0
11071,0,0,0,0,0,0,0
9910374,1,1,0,0,1,0,0
9903317,1,1,0,0,0,1,5
9607262,0,0,0,0,0,0,0
9901284,0,0,0,0,0,0,0
210424,0,0,0,0,0,0,0
9807363,0,0,0,0,0,0,0
206277,1,1,0,0,0,1,7
208229,0,0,0,0,0,0,0
301109,0,0,0,0,0,0,0
211161,0,0,0,0,0,0,0
110068,0,0,0,0,0,0,0
9707471,0,0,0,0,0,0,0
9611270,2,2,0,0,1,1,1
9310305,0,0,0,0,0,0,0
101243,1,1,0,0,0,1,3
7013,0,0,0,0,0,0,0
4009,0,0,0,0,0,0,0
302071,0,0,0,0,0,0,0
209003,0,0,0,0,0,0,0
208111,1,1,0,0,0,1,4
9812227,0,0,0,0,0,0,0
9508329,0,0,0,0,0,0,0
107196,0,0,0,0,0,0,0
210081,0,0,0,0,0,0,0
9810455,0,0,0,0,0,0,0
4149,0,0,0,0,0,0,0
107296,0,0,0,0,0,0,0
110134,0,0,0,0,0,0,0
106317,1,1,0,0,0,1,5
9709368,0,0,0,0,0,0,0
211113,0,0,0,0,0,0,0
302198,0,0,0,0,0,0,0
110352,0,0,0,0,0,0,0
202022,0,0,0,0,0,0,0
111104,0,0,0,0,0,0,0
9802265,1,1,0,0,0,1,3
11037,0,0,0,0,0,0,0
210225,0,0,0,0,0,0,0
9807459,1,1,0,0,0,1,1
9710265,0,0,0,0,0,0,0
211193,1,1,0,0,0,1,4
106224,0,0,0,0,0,0,0
104029,0,0,0,0,0,0,0
9611349,0,0,0,0,0,0,0
201063,0,0,0,0,0,0,0
9609363,0,0,0,0,0,0,0
9503302,0,0,0,0,0,0,0
207062,0,0,0,0,0,0,0
9912349,0,0,0,0,0,0,0
202263,0,0,0,0,0,0,0
9803317,1,1,0,0,0,1,3
9808210,0,0,0,0,0,0,0
9804260,1,1,0,0,0,1,1
9333,0,0,0,0,0,0,0
110112,0,0,0,0,0,0,0
9912444,1,1,0,0,0,1,2
9901449,1,1,0,0,1,0,0
7216,1,1,0,0,0,1,1
9401223,0,0,0,0,0,0,0
9806502,0,0,0,0,0,0,0
302273,0,0,0,0,0,0,0
9904358,0,0,0,0,0,0,0
9709294,0,0,0,0,0,0,0
9240,1,1,0,0,0,1,1
104128,0,0,0,0,0,0,0
9809274,0,0,0,0,0,0,0
9903266,0,0,0,0,0,0,0
301246,0,0,0,0,0,0,0
209132,0,0,0,0,0,0,0
9606204,0,0,0,0,0,0,0
9305264,1,1,0,0,1,0,0
108169,0,0,0,0,0,0,0
9612295,0,0,0,0,0,0,0
9706446,0,0,0,0,0,0,0
212336,0,0,0,0,0,0,0
9711383,0,0,0,0,0,0,0
9610288,0,0,0,0,0,0,0
2031,0,0,0,0,0,0,0
212220,0,0,0,0,0,0,0
6221,0,0,0,0,0,0,0
9907247,0,0,0,0,0,0,0
9909343,0,0,0,0,0,0,0
209282,0,0,0,0,0,0,0
9801367,0,0,0,0,0,0,0
9806201,0,0,0,0,0,0,0
210201,1,1,0,0,0,1,6
210203,0,0,0,0,0,0,0
211126,0,0,0,0,0,0,0
9806529,0,0,0,0,0,0,0
302229,0,0,0,0,0,0,0
212084,0,0,0,0,0,0,0
9606307,0,0,0,0,0,0,0
9807533,0,0,0,0,0,0,0
112011,0,0,0,0,0,0,0
9403247,0,0,0,0,0,0,0
211093,1,1,0,0,0,1,3
9512289,0,0,0,0,0,0,0
9702231,0,0,0,0,0,0,0
9612258,1,1,0,0,0,1,1
9810333,40,9,31,123,20,20,37
8159,22,3,19,57,0,22,200
9801443,52,5,47,185,2,50,204
9307318,14,3,11,35,14,0,0
9408306,74,8,66,398,4,70,385
7339,6,5,1,1,1,5,36
11086,13,5,8,17,3,10,30
9403249,62,10,52,176,13,49,68
9712417,23,16,7,12,2,21,107
203229,2,2,0,0,0,2,10
9702321,9,1,8,11,0,9,23
12351,22,6,16,41,0,22,93
9909411,39,10,29,78,2,37,189
9405277,49,9,40,226,45,4,4
9611455,21,2,19,98,0,21,62
9806332,21,2,19,63,2,19,126
208014,5,3,2,4,0,5,61
9206225,26,4,22,36,26,0,0
9607328,3,2,1,1,1,2,11
207280,0,0,0,0,0,0,0
106204,43,11,32,65,3,40,453
9703402,23,4,19,71,1,22,62
3091,16,5,11,26,2,14,79
202199,7,5,2,2,0,7,106
9310253,29,4,25,78,29,0,0
9401257,5,2,3,3,5,0,0
9505426,6,4,2,3,0,6,14
9602436,11,3,8,11,0,11,71
9512399,20,7,13,21,1,19,92
9302222,6,3,3,5,6,0,0
9511317,7,5,2,2,2,5,30
9504246,83,9,74,578,10,73,94
9806375,16,4,12,36,1,15,95
9903262,43,11,32,84,2,41,265
9902460,2,2,0,0,1,1,4
9503417,37,1,36,118,32,5,5
9509351,57,4,53,336,13,44,214
9901228,64,6,58,353,2,62,658
9910314,31,6,25,68,1,30,219
9512220,45,4,41,161,7,38,92
9808485,11,1,10,31,1,10,10
9808489,12,4,8,24,8,4,11
9809509,12,5,7,9,11,1,1
9909501,20,4,16,63,7,13,45
9505383,11,6,5,5,0,11,32
9804310,20,5,15,28,4,16,103
9405399,26,3,23,79,20,6,6
9908369,17,8,9,13,1,16,119
9604304,1,1,0,0,0,1,3
9604444,21,2,19,74,0,21,84
9710314,13,3,10,21,0,13,26
9510419,3,2,1,1,0,3,8
9711288,5,4,1,1,0,5,12
9506325,25,2,23,96,3,22,22
9304295,112,25,87,436,43,69,80
9211310,18,5,13,33,18,0,0
9811498,44,6,38,181,1,43,278
9703332,25,3,22,104,0,25,159
9207219,28,8,20,66,28,0,0
9808487,56,5,51,293,10,46,142
7320,12,4,8,16,0,12,60
9702353,15,2,13,44,0,15,107
9809329,59,8,51,200,11,48,193
9912254,27,2,25,143,1,26,129
9307249,54,11,43,166,28,26,50
9609434,119,12,107,764,3,116,754
9704307,22,11,11,26,1,21,223
9501287,82,5,77,536,52,30,48
9504270,2,2,0,0,2,0,0
9509379,49,6,43,210,49,0,0
107047,3,2,1,1,0,3,4
9903305,24,8,16,37,0,24,282
9810520,9,6,3,4,0,9,53
9802409,57,10,47,133,10,47,108
9508346,32,11,21,47,1,31,138
12219,18,5,13,40,0,18,161
9406337,14,7,7,19,10,4,7
9912270,4,1,3,3,4,0,0
9501380,1,1,0,0,1,0,0
9512253,28,3,25,74,4,24,63
9409438,12,5,7,13,0,12,45
9608466,21,3,18,46,2,19,62
9702247,18,2,16,77,3,15,19
9204228,46,9,37,213,46,0,0
9512421,18,5,13,39,0,18,69
9310276,34,11,23,85,25,9,9
9604323,2,2,0,0,1,1,2
9706285,41,6,35,161,4,37,130
9508292,11,6,5,9,1,10,18
3028,11,2,9,26,0,11,24
9904478,21,6,15,35,5,16,25
9504374,60,19,41,162,53,7,7
9409362,14,3,11,55,0,14,14
9610260,40,4,36,158,3,37,54
9707436,38,7,31,116,2,36,107
9604347,10,6,4,6,5,5,5
9903218,20,5,15,33,0,20,152
9504204,23,6,17,40,0,23,48
9310340,11,5,6,18,11,0,0
102170,1,1,0,0,0,1,3
9804241,75,7,68,491,2,73,388
9810259,7,2,5,8,1,6,23
9209263,7,4,3,5,7,0,0
9803236,4,4,0,0,1,3,12
9602349,16,7,9,21,2,14,59
9705464,6,2,4,4,1,5,10
9409376,4,2,2,2,3,1,1
9503466,2,2,0,0,2,0,0
9506438,19,7,12,21,6,13,44
9704255,45,6,39,228,2,43,163
9903513,11,4,7,7,0,11,58
9907439,2,2,0,0,0,2,5
9611292,34,2,32,177,1,33,88
4016,2,1,1,1,0,2,8
9612448,3,2,1,2,0,3,9
9408233,23,11,12,29,7,16,17
9705357,40,9,31,129,1,39,232
9812476,15,8,7,15,4,11,18
9602208,38,2,36,152,5,33,113
9806484,37,5,32,137,0,37,204
9907523,27,2,25,159,1,26,28
6320,1,1,0,0,0,1,2
9403342,16,5,11,27,16,0,0
101326,16,1,15,67,0,16,110
9912531,40,2,38,236,0,40,243
9209262,39,15,24,79,25,14,17
9510447,1,1,0,0,0,1,5
9908320,10,4,6,10,0,10,35
11027,5,1,4,5,1,4,79
108260,12,4,8,21,0,12,71
9807207,7,1,6,8,1,6,6
9508242,2,2,0,0,0,2,7
9607243,10,2,8,16,0,10,47
9908309,68,4,64,261,16,52,200
9412281,10,3,7,12,5,5,14
9605447,17,6,11,15,0,17,77
9505245,40,7,33,177,0,40,204
9302227,46,12,34,92,46,0,0
9804411,2,2,0,0,1,1,1
9705386,13,3,10,22,9,4,7
9301278,19,5,14,30,19,0,0
9406385,63,17,46,198,17,46,46
9312213,15,12,3,4,7,8,32
9409380,39,11,28,105,39,0,0
9308336,98,5,93,1004,82,16,48
9707430,42,7,35,209,10,32,70
9607286,32,9,23,44,10,22,95
9610545,7,2,5,14,7,0,0
9906281,53,2,51,324,1,52,277
9906345,3,1,2,3,0,3,20
9806293,18,6,12,23,2,16,41
9703337,79,7,72,469,7,72,399
9609389,6,6,0,0,5,1,1
9903279,6,2,4,4,1,5,13
9312302,20,8,12,30,0,20,60
9605440,17,2,15,30,4,13,39
2049,25,3,22,93,0,25,106
9708473,1,1,0,0,1,0,0
9505428,67,15,52,141,3,64,229
9508338,16,2,14,33,1,15,64
9803320,13,1,12,41,1,12,42
9709510,10,1,9,26,0,10,16
9912249,11,8,3,11,0,11,116
9612267,13,3,10,30,0,13,17
9606464,9,2,7,23,1,8,13
9703234,2,1,1,1,0,2,32
9810360,78,8,70,503,25,53,204
9708285,2,1,1,1,0,2,6
9908531,30,2,28,178,0,30,179
11356,20,11,9,14,0,20,148
9904469,14,5,9,18,1,13,103
9908311,32,4,28,126,0,32,293
107069,10,2,8,22,0,10,141
7006,36,7,29,94,3,33,371
9906527,34,11,23,51,5,29,63
108108,12,4,8,15,3,9,24
102252,26,1,25,75,1,25,189
9410305,3,2,1,1,3,0,0
9606361,2,2,0,0,1,1,2
9701284,102,5,97,1042,0,102,392
10146,23,6,17,46,5,18,66
9909305,18,7,11,26,2,16,70
6255,7,3,4,5,1,6,20
9802408,8,3,5,8,0,8,21
9504394,1,1,0,0,1,0,0
9610267,22,5,17,40,2,20,84
9909310,6,3,3,4,0,6,30
9910474,35,3,32,153,0,35,235
3051,2,2,0,0,0,2,15
7192,52,12,40,185,3,49,233
9504284,12,2,10,20,0,12,26
9908218,31,8,23,66,9,22,39
9907327,17,3,14,22,4,13,39
205283,3,3,0,0,0,3,23
107138,12,6,6,11,4,8,63
9806280,24,2,22,78,14,10,10
108060,45,3,42,418,0,45,218
111052,12,1,11,38,0,12,60
1285,1,1,0,0,0,1,13
9507298,41,10,31,110,20,21,41
9403318,28,5,23,65,2,26,45
9701214,2,1,1,1,1,1,1
9062,12,8,4,4,0,12,35
111435,9,7,2,3,0,9,52
11147,3,1,2,2,2,1,1
9808255,26,7,19,45,7,19,29
9806273,3,3,0,0,2,1,17
9408319,11,5,6,10,4,7,21
9809556,7,2,5,7,3,4,9
9211258,12,3,9,19,1,11,11
4249,5,3,2,2,0,5,10
9705282,17,9,8,14,1,16,72
9401274,3,2,1,1,0,3,8
9706261,23,2,21,90,0,23,126
10304,1,1,0,0,0,1,4
9804327,3,2,1,1,0,3,20
9512227,12,5,7,8,3,9,72
9412315,15,5,10,23,13,2,2
6321,29,2,27,142,0,29,202
9604209,6,1,5,11,0,6,39
9406386,85,7,78,659,28,57,83
9403387,68,6,62,266,46,22,24
9609285,11,5,6,15,0,11,117
9303301,3,2,1,1,3,0,0
9801403,10,4,6,11,10,0,0
9607294,5,5,0,0,0,5,24
9602314,3,1,2,2,2,1,1
9406373,11,1,10,36,10,1,1
9208227,11,2,9,27,11,0,0
9903259,14,7,7,13,3,11,23
9701300,27,4,23,70,0,27,92
9906343,24,4,20,76,2,22,248
9402280,2,2,0,0,1,1,2
9909286,8,4,4,4,4,4,6
9707515,20,9,11,21,2,18,69
9512406,210,40,170,915,112,98,196
9401328,99,22,77,355,80,19,19
9912391,35,5,30,109,1,34,161
7197,20,5,15,47,0,20,226
9809456,5,4,1,2,5,0,0
9711344,9,3,6,8,0,9,13
9409377,7,3,4,4,7,0,0
101059,2,2,0,0,0,2,18
9511217,31,5,26,85,20,11,11
9502271,14,5,9,16,6,8,12
9505306,5,2,3,3,0,5,12
9509279,38,12,26,71,38,0,0
9911207,25,8,17,48,0,25,107
9708482,2,2,0,0,0,2,2
9511398,4,2,2,2,4,0,0
9608479,9,4,5,9,0,9,11
8241,21,7,14,29,0,21,127
9911276,14,6,8,20,0,14,105
9808360,18,10,8,23,0,18,157
9203225,31,10,21,70,31,0,0
9507320,2,1,1,1,0,2,2
9512316,6,3,3,3,6,0,0
9706370,1,1,0,0,1,0,0
9809568,1,1,0,0,0,1,5
9609394,2,2,0,0,2,0,0
9805228,16,3,13,42,15,1,1
9705460,11,4,7,12,0,11,28
9208231,29,6,23,63,10,19,19
9407241,6,2,4,5,6,0,0
9605387,20,3,17,86,0,20,287
9505254,5,3,2,2,3,2,2
9610293,24,10,14,29,4,20,42
10006,4,4,0,0,0,4,18
9910270,4,2,2,3,1,3,5
9612245,31,3,28,121,0,31,135
9905246,8,7,1,1,0,8,88
9207260,1,1,0,0,1,0,0
9707421,8,3,5,10,0,8,14
9603328,29,4,25,189,13,16,25
9710373,12,2,10,31,0,12,138
9502222,1,1,0,0,1,0,0
9810351,5,1,4,5,2,3,3
104240,1,1,0,0,0,1,1
9811406,7,1,6,13,2,5,11
9804465,2,1,1,1,0,2,3
9402286,20,5,15,32,20,0,0
7213,15,4,11,20,2,13,62
104317,17,8,9,21,0,17,231
7281,10,4,6,12,1,9,37
9501284,8,2,6,12,0,8,8
9710543,15,6,9,13,0,15,115
8122,4,2,2,3,4,0,0
9311327,4,4,0,0,3,1,1
9604434,7,4,3,5,7,0,0
9502416,11,6,5,11,8,3,3
9501358,31,3,28,163,31,0,0
9604316,24,6,18,56,3,21,58
9503246,2,2,0,0,0,2,2
9411333,9,4,5,10,9,0,0
9703239,11,4,7,10,0,11,95
9912253,9,4,5,13,0,9,144
101127,17,8,9,9,1,16,75
9311316,22,3,19,86,22,0,0
9708303,17,2,15,47,4,13,54
9607223,2,1,1,1,0,2,8
9609216,8,2,6,9,8,0,0
207101,14,6,8,17,0,14,106
9610506,14,2,12,36,1,13,44
9704428,23,4,19,116,0,23,278
9411392,15,2,13,39,3,12,94
4209,4,2,2,5,1,3,8
9806539,5,4,1,1,0,5,12
9805335,31,4,27,132,1,30,163
9711257,5,3,2,2,1,4,21
108013,3,2,1,1,0,3,20
9706388,2,1,1,1,0,2,5
9911257,8,2,6,10,1,7,27
9406249,17,8,9,15,7,10,26
3317,12,5,7,10,0,12,70
102186,2,1,1,1,0,2,8
9142,2,2,0,0,0,2,7
9802448,5,2,3,3,2,3,3
9204222,15,5,10,17,15,0,0
9910216,1,1,0,0,0,1,3
9903295,0,0,0,0,0,0,0
9604352,11,2,9,24,1,10,18
107291,20,4,16,65,1,19,66
9302311,27,6,21,118,27,0,0
9509267,8,4,4,4,3,5,11
104020,2,2,0,0,0,2,15
9606468,17,3,14,39,1,16,25
9804404,18,8,10,20,9,9,17
9505282,9,6,3,6,2,7,10
1230,8,2,6,12,1,7,18
9903542,4,4,0,0,0,4,17
106210,4,3,1,1,1,3,3
9906204,0,0,0,0,0,0,0
9510259,24,6,18,47,3,21,38
9710328,8,3,5,7,1,7,14
9609441,14,2,12,42,4,10,17
9710370,7,3,4,10,1,6,34
207319,0,0,0,0,0,0,0
10198,11,5,6,13,1,10,154
202048,7,1,6,8,0,7,123
207227,46,18,28,92,2,44,304
9807498,1,1,0,0,0,1,3
9906435,5,4,1,1,0,5,42
102042,4,1,3,4,1,3,3
8268,7,4,3,4,0,7,100
9504392,0,0,0,0,0,0,0
9501378,2,2,0,0,0,2,2
9612265,11,3,8,17,1,10,20
9303324,3,2,1,1,3,0,0
9604279,29,9,20,44,6,23,55
9407235,4,3,1,1,1,3,3
9904417,6,4,2,2,0,6,21
9812366,56,7,49,210,1,55,264
203178,3,2,1,1,0,3,6
9404329,1,1,0,0,0,1,1
9804441,4,2,2,2,1,3,25
9305219,12,4,8,27,1,11,19
6256,3,3,0,0,0,3,20
9408257,25,3,22,55,13,12,12
9403227,46,2,44,181,37,9,12
9707464,14,2,12,32,10,4,6
106286,6,3,3,5,0,6,22
206088,5,2,3,4,0,5,13
202074,11,4,7,22,1,10,51
112338,20,8,12,23,4,16,65
9505300,1,1,0,0,0,1,1
108003,17,2,15,75,0,17,151
204071,6,2,4,5,0,6,34
9508401,11,2,9,21,8,3,3
203122,2,1,1,1,0,2,9
9503481,24,1,23,72,15,9,9
109027,3,2,1,1,0,3,6
9710277,18,6,12,23,4,14,53
9609233,19,4,15,45,0,19,33
9407292,20,4,16,62,2,18,33
9707404,3,3,0,0,2,1,1
9511412,7,5,2,2,0,7,16
9508262,28,6,22,54,2,26,59
9405421,3,2,1,1,0,3,5
101099,10,4,6,11,1,9,98
9910438,31,10,21,60,1,30,217
9807564,1,1,0,0,0,1,3
9401307,3,3,0,0,3,0,0
3113,12,6,6,19,4,8,22
9905571,18,5,13,35,0,18,167
9710380,13,2,11,26,0,13,72
9611324,6,5,1,1,0,6,70
9612355,5,4,1,2,1,4,17
9911535,10,3,7,13,3,7,15
9802341,16,1,15,31,16,0,0
109097,3,3,0,0,1,2,3
9712243,1,1,0,0,0,1,8
9809279,5,5,0,0,0,5,39
9805287,9,4,5,13,6,3,10
9603313,10,4,6,20,1,9,28
112261,2,2,0,0,0,2,2
9910338,49,5,44,420,21,28,41
9308318,2,2,0,0,1,1,3
9312358,8,2,6,8,8,0,0
9702222,10,4,6,9,2,8,12
12044,3,2,1,1,2,1,1
9910359,3,1,2,2,0,3,16
9712418,6,1,5,8,0,6,13
9805472,5,2,3,4,0,5,71
9608375,8,1,7,12,0,8,26
9706539,6,3,3,3,2,4,4
9810458,1,1,0,0,0,1,5
9705453,15,6,9,18,0,15,66
9605291,5,3,2,2,5,0,0
7061,3,1,2,3,0,3,21
9611438,22,2,20,95,9,13,18
9902318,13,4,9,18,1,12,48
6241,7,2,5,10,1,6,16
9910399,12,3,9,29,2,10,60
9312255,3,2,1,1,3,0,0
9908274,1,1,0,0,0,1,6
9405272,30,4,26,158,1,29,162
9912366,7,2,5,6,1,6,42
112223,0,0,0,0,0,0,0
102137,3,3,0,0,1,2,6
9710501,1,1,0,0,0,1,7
7125,2,2,0,0,0,2,3
9907478,8,5,3,3,1,7,46
9604420,3,2,1,2,2,1,1
103304,2,2,0,0,0,2,6
9404274,12,4,8,14,11,1,1
9608242,6,4,2,3,0,6,37
9706211,4,3,1,2,4,0,0
9606294,5,4,1,1,2,3,3
9905313,3,3,0,0,0,3,10
110355,1,1,0,0,0,1,4
9701365,11,4,7,15,0,11,52
9802266,1,1,0,0,1,0,0
3144,5,4,1,1,0,5,17
3225,2,1,1,1,0,2,5
206019,1,1,0,0,0,1,18
102228,9,3,6,12,0,9,125
107245,2,1,1,1,2,0,0
9704256,4,3,1,1,0,4,10
1174,11,5,6,19,0,11,89
9604367,6,6,0,0,2,4,20
9808432,3,2,1,1,0,3,8
9407352,1,1,0,0,1,0,0
9710434,3,2,1,1,0,3,42
9606239,9,2,7,13,5,4,8
208038,15,9,6,9,0,15,90
210022,1,1,0,0,0,1,1
9902242,2,2,0,0,0,2,16
2154,4,4,0,0,4,0,0
9610427,4,1,3,4,0,4,13
109146,6,1,5,7,0,6,31
9701399,9,5,4,5,5,4,6
9610230,7,4,3,5,1,6,43
9709372,10,4,6,12,1,9,27
103215,10,1,9,23,1,9,68
203118,3,1,2,2,0,3,18
9809442,5,4,1,2,3,2,2
9911260,3,2,1,1,0,3,8
9911426,1,1,0,0,0,1,3
9703225,10,5,5,8,6,4,4
9304239,9,3,6,10,9,0,0
9266,3,1,2,3,0,3,23
9910383,1,1,0,0,0,1,2
9310266,2,2,0,0,0,2,2
9809207,7,1,6,13,0,7,25
9801418,6,4,2,3,0,6,14
9805304,1,1,0,0,0,1,4
9608338,6,6,0,0,0,6,25
9048,3,2,1,1,2,1,1
9502328,1,1,0,0,0,1,1
9510315,1,1,0,0,1,0,0
208272,2,1,1,1,0,2,16
9612492,3,3,0,0,2,1,1
9405356,3,2,1,1,0,3,11
9804368,2,2,0,0,2,0,0
9710288,2,2,0,0,0,2,15
9908522,3,2,1,1,0,3,12
205116,2,2,0,0,0,2,6
9804247,0,0,0,0,0,0,0
9512301,4,1,3,5,0,4,10
106088,7,4,3,8,1,6,44
9901239,13,4,9,23,1,12,63
9810437,11,1,10,40,0,11,20
9312360,7,4,3,6,4,3,3
7323,22,7,15,37,5,17,29
205147,2,2,0,0,1,1,6
206163,7,5,2,3,4,3,8
209169,1,1,0,0,1,0,0
9804257,11,3,8,12,3,8,16
9607238,5,2,3,7,0,5,8
9262,4,3,1,1,0,4,20
9606442,4,2,2,2,4,0,0
107025,0,0,0,0,0,0,0
208243,3,2,1,1,1,2,4
208204,1,1,0,0,0,1,7
9905241,5,3,2,3,1,4,7
9806402,9,3,6,11,0,9,16
9301274,4,2,2,3,4,0,0
9707373,6,3,3,6,1,5,6
108067,4,2,2,3,0,4,12
9407234,5,4,1,1,2,3,3
106319,18,3,15,39,1,17,181
9410320,5,1,4,6,0,5,7
205290,15,5,10,16,2,13,39
208080,24,9,15,56,3,21,107
9703460,6,2,4,10,6,0,0
9811451,4,4,0,0,0,4,11
9509278,8,2,6,12,0,8,31
9801307,19,4,15,30,0,19,84
9808218,5,3,2,4,0,5,17
9306208,9,2,7,8,9,0,0
9803483,7,2,5,12,7,0,0
9706306,6,4,2,3,4,2,2
9504410,6,2,4,6,4,2,4
10353,17,1,16,39,0,17,198
9512397,0,0,0,0,0,0,0
9606371,7,6,1,1,2,5,10
108065,3,1,2,2,2,1,4
9901446,4,2,2,2,0,4,16
9701338,15,3,12,37,2,13,24
9508380,9,3,6,15,8,1,3
108238,1,1,0,0,0,1,17
9810388,6,3,3,4,2,4,12
206121,5,4,1,1,0,5,56
12136,29,2,27,76,0,29,281
9302230,3,1,2,3,3,0,0
1062,11,6,5,8,0,11,103
9403218,6,4,2,2,6,0,0
9401345,3,2,1,1,2,1,2
9505218,3,2,1,2,3,0,0
10166,2,1,1,1,0,2,3
9812261,8,3,5,7,0,8,63
9803425,9,1,8,11,2,7,23
9601209,4,3,1,1,3,1,1
112018,2,2,0,0,1,1,2
9504232,3,1,2,3,1,2,2
9403273,8,5,3,3,0,8,11
9910346,3,1,2,2,0,3,75
9905493,5,4,1,1,5,0,0
9703258,11,8,3,5,0,11,88
9911542,7,3,4,4,0,7,23
108234,2,2,0,0,0,2,35
9602406,2,1,1,1,2,0,0
104301,3,2,1,1,0,3,21
9511320,5,4,1,1,2,3,7
5019,7,3,4,11,0,7,107
9810283,3,1,2,2,0,3,23
9807445,0,0,0,0,0,0,0
1035,5,1,4,8,0,5,25
9510362,2,2,0,0,1,1,1
209377,0,0,0,0,0,0,0
9612473,1,1,0,0,0,1,2
9907358,1,1,0,0,0,1,5
9205245,3,3,0,0,3,0,0
9807408,13,5,8,24,6,7,12
9705232,1,1,0,0,1,0,0
9909324,9,3,6,11,0,9,62
9408239,5,3,2,3,0,5,13
9803365,10,5,5,20,0,10,76
9902349,0,0,0,0,0,0,0
9511370,1,1,0,0,0,1,1
9901327,5,2,3,4,1,4,4
9406272,2,2,0,0,0,2,14
9612456,7,2,5,11,0,7,7
9909524,2,2,0,0,0,2,10
210284,4,1,3,4,0,4,20
209192,2,1,1,1,0,2,22
111105,0,0,0,0,0,0,0
211206,2,2,0,0,0,2,31
9510347,7,5,2,2,5,2,2
9807335,9,2,7,11,0,9,33
204279,4,2,2,5,1,3,18
4223,12,6,6,8,1,11,67
9902359,2,2,0,0,1,1,2
111187,3,1,2,2,0,3,14
9411439,9,6,3,3,4,5,9
9708460,5,3,2,2,0,5,21
9810279,2,2,0,0,1,1,2
105195,9,2,7,11,0,9,60
106174,3,3,0,0,0,3,17
208123,4,4,0,0,0,4,15
9409386,11,3,8,14,10,1,2
9412251,4,2,2,3,4,0,0
9310219,1,1,0,0,1,0,0
110060,0,0,0,0,0,0,0
207122,3,3,0,0,1,2,5
9905545,1,1,0,0,0,1,5
9807446,3,1,2,2,0,3,6
110354,1,1,0,0,0,1,5
9708337,2,2,0,0,1,1,1
102099,2,1,1,1,0,2,4
9809208,1,1,0,0,1,0,0
9707283,1,1,0,0,0,1,1
9804426,3,3,0,0,2,1,1
108179,6,3,3,4,1,5,26
2290,10,3,7,15,1,9,12
9901352,2,2,0,0,0,2,10
9506254,8,5,3,4,8,0,0
9609306,7,7,0,0,2,5,7
9304209,6,4,2,3,3,3,3
112042,4,4,0,0,0,4,18
9411412,1,1,0,0,1,0,0
9061,3,3,0,0,0,3,6
9804228,0,0,0,0,0,0,0
9802353,2,2,0,0,1,1,2
210075,1,1,0,0,0,1,2
9610365,2,1,1,1,0,2,5
211153,0,0,0,0,0,0,0
9506412,4,1,3,4,4,0,0
102182,1,1,0,0,0,1,4
106095,4,3,1,1,1,3,10
9601266,0,0,0,0,0,0,0
112143,9,4,5,8,0,9,57
9811204,4,1,3,4,4,0,0
9506212,2,1,1,1,2,0,0
9710263,3,3,0,0,2,1,1
9185,3,2,1,2,0,3,8
9608222,14,6,8,12,6,8,21
9812456,15,2,13,58,0,15,103
204027,15,6,9,17,0,15,83
111394,1,1,0,0,1,0,0
202174,6,1,5,12,0,6,18
9703355,0,0,0,0,0,0,0
9404249,7,1,6,21,7,0,0
9710376,7,3,4,5,1,6,7
9812443,1,1,0,0,1,0,0
9605306,2,2,0,0,0,2,9
9406234,1,1,0,0,1,0,0
9011,6,2,4,10,0,6,20
9603236,2,2,0,0,2,0,0
205100,0,0,0,0,0,0,0
9306203,3,3,0,0,3,0,0
9711422,7,3,4,6,4,3,3
9408401,1,1,0,0,0,1,2
9701356,1,1,0,0,0,1,4
9511309,4,2,2,4,0,4,12
9908226,6,1,5,5,6,0,0
109211,0,0,0,0,0,0,0
9908521,3,3,0,0,0,3,3
110195,4,3,1,2,1,3,27
112320,4,2,2,3,1,3,10
4045,3,3,0,0,2,1,1
9907344,1,1,0,0,0,1,3
9903510,9,5,4,7,0,9,72
10306,6,3,3,3,1,5,17
9702364,9,3,6,9,3,6,11
212370,0,0,0,0,0,0,0
9808393,4,2,2,5,0,4,41
9712310,3,2,1,1,0,3,3
9807261,13,4,9,27,2,11,30
9910372,1,1,0,0,0,1,3
8201,3,1,2,2,0,3,11
9508307,1,1,0,0,1,0,0
9403323,12,6,6,13,3,9,16
9906276,4,1,3,5,0,4,19
9108,2,1,1,1,0,2,10
9812441,3,2,1,2,0,3,14
6359,5,2,3,4,1,4,15
9707329,0,0,0,0,0,0,0
9610245,1,1,0,0,1,0,0
9710231,0,0,0,0,0,0,0
9906540,0,0,0,0,0,0,0
9607369,1,1,0,0,1,0,0
9704360,1,1,0,0,0,1,1
9801245,6,3,3,5,1,5,9
9809308,4,3,1,1,1,3,5
9703423,1,1,0,0,0,1,4
1023,6,2,4,7,4,2,3
211034,0,0,0,0,0,0,0
9405243,2,2,0,0,2,0,0
11107,4,3,1,1,0,4,6
9804322,5,4,1,1,2,3,12
9705393,2,1,1,1,2,0,0
211467,2,2,0,0,0,2,32
9803398,0,0,0,0,0,0,0
203033,3,2,1,1,0,3,22
9710305,4,2,2,3,2,2,3
9312204,5,3,2,2,5,0,0
9912385,7,2,5,14,1,6,64
11213,3,3,0,0,0,3,7
9608400,1,1,0,0,0,1,5
106015,1,1,0,0,0,1,2
9912234,6,3,3,4,0,6,28
1325,2,2,0,0,0,2,12
9905355,4,2,2,3,0,4,32
8146,1,1,0,0,0,1,2
9803486,7,7,0,0,7,0,0
206259,11,4,7,9,0,11,50
9405363,0,0,0,0,0,0,0
211026,0,0,0,0,0,0,0
11009,2,1,1,1,1,1,1
9401216,1,1,0,0,1,0,0
104300,15,2,13,27,0,15,245
110142,5,3,2,2,0,5,36
9711475,2,1,1,1,0,2,5
9901455,0,0,0,0,0,0,0
11195,7,2,5,5,4,3,8
9603297,1,1,0,0,1,0,0
208114,3,3,0,0,2,1,24
207177,0,0,0,0,0,0,0
112116,0,0,0,0,0,0,0
207165,2,2,0,0,0,2,14
9209206,1,1,0,0,1,0,0
9809492,1,1,0,0,1,0,0
9604358,2,2,0,0,0,2,4
210357,0,0,0,0,0,0,0
9903376,5,2,3,3,0,5,21
101316,2,1,1,1,0,2,12
9712217,0,0,0,0,0,0,0
112155,1,1,0,0,0,1,2
9507406,0,0,0,0,0,0,0
9808302,1,1,0,0,1,0,0
9906482,0,0,0,0,0,0,0
102158,5,2,3,4,1,4,9
203226,0,0,0,0,0,0,0
9905537,3,2,1,1,1,2,3
111284,0,0,0,0,0,0,0
9909358,0,0,0,0,0,0,0
9409456,4,4,0,0,0,4,8
111165,1,1,0,0,1,0,0
9509376,0,0,0,0,0,0,0
9911488,2,2,0,0,0,2,8
9503311,7,5,2,4,3,4,7
9801237,3,1,2,3,0,3,3
108142,2,2,0,0,0,2,6
301261,1,1,0,0,0,1,12
11214,3,1,2,2,0,3,17
103144,1,1,0,0,0,1,6
210179,2,2,0,0,0,2,8
9711296,2,2,0,0,0,2,13
9304293,7,2,5,6,7,0,0
9508381,2,1,1,1,1,1,1
209009,1,1,0,0,0,1,12
211174,0,0,0,0,0,0,0
9805450,0,0,0,0,0,0,0
10020,0,0,0,0,0,0,0
205188,1,1,0,0,1,0,0
9911466,1,1,0,0,0,1,1
9802336,1,1,0,0,0,1,5
207229,0,0,0,0,0,0,0
9911326,0,0,0,0,0,0,0
9805255,3,3,0,0,1,2,2
9602266,2,1,1,1,1,1,2
111151,7,2,5,15,0,7,52
9812436,5,2,3,6,2,3,8
208046,2,1,1,1,0,2,11
9610486,2,1,1,1,0,2,2
302027,1,1,0,0,1,0,0
9911328,0,0,0,0,0,0,0
4166,2,2,0,0,0,2,3
209095,0,0,0,0,0,0,0
9605321,2,1,1,1,2,0,0
109073,0,0,0,0,0,0,0
8193,1,1,0,0,0,1,6
210073,1,1,0,0,0,1,8
9804205,1,1,0,0,0,1,4
104265,0,0,0,0,0,0,0
9411389,1,1,0,0,1,0,0
9606253,5,3,2,2,3,2,14
209122,1,1,0,0,0,1,6
9912280,0,0,0,0,0,0,0
9604282,2,2,0,0,0,2,11
205169,0,0,0,0,0,0,0
9703344,1,1,0,0,0,1,4
6344,1,1,0,0,0,1,9
9805352,3,1,2,2,0,3,5
201187,0,0,0,0,0,0,0
9503385,2,2,0,0,1,1,1
9705418,0,0,0,0,0,0,0
9805354,1,1,0,0,0,1,1
211418,1,1,0,0,0,1,10
7183,1,1,0,0,0,1,4
206008,0,0,0,0,0,0,0
9808347,1,1,0,0,0,1,2
212351,3,3,0,0,0,3,5
112341,1,1,0,0,0,1,7
208095,1,1,0,0,0,1,6
104252,7,4,3,3,0,7,27
110197,1,1,0,0,0,1,6
207276,1,1,0,0,0,1,13
9705215,1,1,0,0,1,0,0
9912487,2,1,1,1,2,0,0
102233,2,1,1,1,0,2,6
9311302,1,1,0,0,1,0,0
108089,2,2,0,0,2,0,0
9901422,1,1,0,0,0,1,1
11287,3,1,2,2,0,3,6
211011,2,2,0,0,0,2,15
9901282,0,0,0,0,0,0,0
302091,0,0,0,0,0,0,0
212178,1,1,0,0,0,1,14
110143,1,1,0,0,0,1,2
107125,3,2,1,2,0,3,17
203190,0,0,0,0,0,0,0
204220,0,0,0,0,0,0,0
9705203,3,2,1,1,0,3,11
9178,6,1,5,14,0,6,13
9803444,1,1,0,0,0,1,1
9809532,1,1,0,0,1,0,0
9605278,0,0,0,0,0,0,0
9409234,0,0,0,0,0,0,0
9504346,0,0,0,0,0,0,0
102135,0,0,0,0,0,0,0
4093,2,1,1,1,1,1,3
9907552,2,2,0,0,0,2,11
10219,1,1,0,0,1,0,0
111136,2,2,0,0,2,0,0
9410256,6,3,3,4,4,2,2
9712536,0,0,0,0,0,0,0
11239,1,1,0,0,1,0,0
9307331,0,0,0,0,0,0,0
9803494,0,0,0,0,0,0,0
107278,3,2,1,1,1,2,17
9211274,1,1,0,0,1,0,0
9709416,0,0,0,0,0,0,0
209287,0,0,0,0,0,0,0
9611456,4,2,2,3,3,1,2
5282,1,1,0,0,0,1,3
9805466,0,0,0,0,0,0,0
103135,3,1,2,2,0,3,4
205239,1,1,0,0,0,1,14
210377,1,1,0,0,0,1,1
201230,4,3,1,1,2,2,5
101184,1,1,0,0,1,0,0
9905471,0,0,0,0,0,0,0
9911525,0,0,0,0,0,0,0
103254,1,1,0,0,0,1,1
9409346,1,1,0,0,1,0,0
302176,0,0,0,0,0,0,0
9809507,3,2,1,1,0,3,25
9602203,2,1,1,1,1,1,2
6210,3,1,2,2,0,3,3
9901400,0,0,0,0,0,0,0
209349,0,0,0,0,0,0,0
109235,0,0,0,0,0,0,0
9603242,3,2,1,1,3,0,0
111339,1,1,0,0,1,0,0
101223,5,3,2,2,0,5,36
110349,1,1,0,0,0,1,1
205097,2,1,1,1,0,2,12
9804362,0,0,0,0,0,0,0
9601328,0,0,0,0,0,0,0
9708339,1,1,0,0,1,0,0
210119,0,0,0,0,0,0,0
9905503,1,1,0,0,0,1,3
9911211,1,1,0,0,0,1,1
9805505,0,0,0,0,0,0,0
9606436,2,1,1,1,0,2,2
3088,2,1,1,1,0,2,6
7326,3,1,2,2,0,3,40
9905280,1,1,0,0,1,0,0
1250,1,1,0,0,1,0,0
206092,3,3,0,0,2,1,3
9503409,1,1,0,0,0,1,3
9805226,0,0,0,0,0,0,0
205183,2,1,1,1,0,2,4
210310,1,1,0,0,0,1,10
2105,0,0,0,0,0,0,0
204168,2,1,1,1,1,1,1
9707359,1,1,0,0,0,1,1
210351,1,1,0,0,0,1,5
9811398,1,1,0,0,1,0,0
9606255,0,0,0,0,0,0,0
9905362,2,1,1,1,1,1,2
9908271,3,2,1,1,0,3,7
212389,0,0,0,0,0,0,0
9812347,1,1,0,0,0,1,2
112336,2,2,0,0,1,1,5
9912243,1,1,0,0,1,0,0
9607420,2,2,0,0,1,1,1
106341,1,1,0,0,0,1,1
9506306,1,1,0,0,0,1,7
9807463,1,1,0,0,0,1,1
201073,2,2,0,0,0,2,3
9911359,0,0,0,0,0,0,0
9701405,0,0,0,0,0,0,0
107140,1,1,0,0,0,1,4
201157,0,0,0,0,0,0,0
205151,2,2,0,0,0,2,13
210124,1,1,0,0,1,0,0
107195,0,0,0,0,0,0,0
212259,0,0,0,0,0,0,0
9902225,0,0,0,0,0,0,0
2104,0,0,0,0,0,0,0
9501215,0,0,0,0,0,0,0
5206,1,1,0,0,0,1,5
9908259,0,0,0,0,0,0,0
12237,0,0,0,0,0,0,0
102110,0,0,0,0,0,0,0
208044,1,1,0,0,0,1,1
8092,0,0,0,0,0,0,0
104077,0,0,0,0,0,0,0
210302,0,0,0,0,0,0,0
302095,0,0,0,0,0,0,0
9505208,0,0,0,0,0,0,0
302186,0,0,0,0,0,0,0
104015,0,0,0,0,0,0,0
9706308,1,1,0,0,0,1,1
9707498,0,0,0,0,0,0,0
302191,2,2,0,0,0,2,8
9812502,1,1,0,0,0,1,3
110019,2,1,1,1,0,2,22
9304244,0,0,0,0,0,0,0
207246,0,0,0,0,0,0,0
9709486,0,0,0,0,0,0,0
207028,0,0,0,0,0,0,0
205196,0,0,0,0,0,0,0
9270,0,0,0,0,0,0,0
10180,1,1,0,0,0,1,8
208077,1,1,0,0,1,0,0
3008,0,0,0,0,0,0,0
211413,1,1,0,0,0,1,2
111062,1,1,0,0,1,0,0
9512323,0,0,0,0,0,0,0
204214,2,1,1,1,1,1,2
9504367,1,1,0,0,1,0,0
9605251,1,1,0,0,1,0,0
9608381,0,0,0,0,0,0,0
4144,0,0,0,0,0,0,0
9609455,0,0,0,0,0,0,0
9807470,0,0,0,0,0,0,0
212169,1,1,0,0,0,1,7
9212297,4,4,0,0,4,0,0
211405,0,0,0,0,0,0,0
1263,1,1,0,0,0,1,2
201165,0,0,0,0,0,0,0
104299,0,0,0,0,0,0,0
9907289,0,0,0,0,0,0,0
210444,0,0,0,0,0,0,0
8014,0,0,0,0,0,0,0
212120,0,0,0,0,0,0,0
9901287,0,0,0,0,0,0,0
201182,0,0,0,0,0,0,0
9707495,3,2,1,1,0,3,10
208033,1,1,0,0,0,1,1
9604278,0,0,0,0,0,0,0
9906258,0,0,0,0,0,0,0
302078,0,0,0,0,0,0,0
9512314,1,1,0,0,1,0,0
9906464,0,0,0,0,0,0,0
9212269,0,0,0,0,0,0,0
301185,1,1,0,0,0,1,4
9501235,0,0,0,0,0,0,0
302189,0,0,0,0,0,0,0
9501397,1,1,0,0,0,1,1
212153,0,0,0,0,0,0,0
6132,0,0,0,0,0,0,0
210012,0,0,0,0,0,0,0
3192,0,0,0,0,0,0,0
111354,0,0,0,0,0,0,0
9803461,1,1,0,0,0,1,3
9608467,0,0,0,0,0,0,0
105310,0,0,0,0,0,0,0
110286,0,0,0,0,0,0,0
105345,0,0,0,0,0,0,0
112315,0,0,0,0,0,0,0
9812424,2,2,0,0,0,2,4
9605371,0,0,0,0,0,0,0
301008,0,0,0,0,0,0,0
3065,0,0,0,0,0,0,0
9506463,0,0,0,0,0,0,0
302156,0,0,0,0,0,0,0
107026,1,1,0,0,0,1,8
110095,2,2,0,0,0,2,6
9310362,0,0,0,0,0,0,0
9705313,0,0,0,0,0,0,0
209298,0,0,0,0,0,0,0
9708266,0,0,0,0,0,0,0
301041,0,0,0,0,0,0,0
9510278,0,0,0,0,0,0,0
9603401,0,0,0,0,0,0,0
9611372,0,0,0,0,0,0,0
5192,1,1,0,0,0,1,1
9808382,2,1,1,1,0,2,4
212159,0,0,0,0,0,0,0
101126,0,0,0,0,0,0,0
9609489,0,0,0,0,0,0,0
111438,0,0,0,0,0,0,0
9912507,2,2,0,0,0,2,6
9712490,0,0,0,0,0,0,0
11170,0,0,0,0,0,0,0
11302,0,0,0,0,0,0,0
209097,0,0,0,0,0,0,0
101069,0,0,0,0,0,0,0
9501322,0,0,0,0,0,0,0
105074,0,0,0,0,0,0,0
212014,0,0,0,0,0,0,0
9803247,0,0,0,0,0,0,0
9705381,0,0,0,0,0,0,0
107213,0,0,0,0,0,0,0
9902474,0,0,0,0,0,0,0
201218,0,0,0,0,0,0,0
9912550,0,0,0,0,0,0,0
212206,1,1,0,0,0,1,6
9805459,1,1,0,0,0,1,1
9603385,0,0,0,0,0,0,0
9409305,0,0,0,0,0,0,0
102208,0,0,0,0,0,0,0
110251,0,0,0,0,0,0,0
9409363,0,0,0,0,0,0,0
9811385,0,0,0,0,0,0,0
9404300,0,0,0,0,0,0,0
210340,0,0,0,0,0,0,0
9912442,0,0,0,0,0,0,0
9612474,1,1,0,0,0,1,1
9806414,0,0,0,0,0,0,0
9410299,0,0,0,0,0,0,0
4097,1,1,0,0,0,1,8
9608337,0,0,0,0,0,0,0
106122,0,0,0,0,0,0,0
9911301,1,1,0,0,0,1,3
103148,1,1,0,0,0,1,3
106290,0,0,0,0,0,0,0
210337,0,0,0,0,0,0,0
9506294,0,0,0,0,0,0,0
9608408,0,0,0,0,0,0,0
103117,0,0,0,0,0,0,0
9507387,0,0,0,0,0,0,0
108211,0,0,0,0,0,0,0
9710475,0,0,0,0,0,0,0
211240,0,0,0,0,0,0,0
203221,0,0,0,0,0,0,0
9910520,0,0,0,0,0,0,0
112005,0,0,0,0,0,0,0
7273,0,0,0,0,0,0,0
11294,0,0,0,0,0,0,0
9405413,0,0,0,0,0,0,0
9711502,0,0,0,0,0,0,0
9711457,0,0,0,0,0,0,0
9901408,0,0,0,0,0,0,0
212197,0,0,0,0,0,0,0
9506458,0,0,0,0,0,0,0
9511283,0,0,0,0,0,0,0
209163,0,0,0,0,0,0,0
211285,0,0,0,0,0,0,0
9510444,0,0,0,0,0,0,0
9708340,0,0,0,0,0,0,0
211117,0,0,0,0,0,0,0
204203,0,0,0,0,0,0,0
9903529,0,0,0,0,0,0,0
9203209,1,1,0,0,1,0,0
9609332,0,0,0,0,0,0,0
207249,0,0,0,0,0,0,0
9902344,0,0,0,0,0,0,0
302180,0,0,0,0,0,0,0
212407,0,0,0,0,0,0,0
203013,0,0,0,0,0,0,0
9305249,1,1,0,0,1,0,0
9512317,0,0,0,0,0,0,0
9611408,0,0,0,0,0,0,0
110373,0,0,0,0,0,0,0
9301203,7,3,4,7,7,0,0
9901418,2,1,1,1,0,2,3
8216,7,3,4,5,0,7,31
9802394,118,12,106,532,52,66,225
9307364,136,15,121,919,136,0,0
9408382,47,6,41,221,47,0,0
8234,1,1,0,0,1,0,0
12215,4,1,3,4,1,3,20
9603261,61,4,57,210,16,45,103
9804254,36,10,26,129,1,35,140
204087,15,5,10,16,6,9,23
9703412,12,8,4,4,0,12,39
103338,5,4,1,1,3,2,2
106344,2,2,0,0,1,1,7
9406411,6,3,3,4,4,2,2
9612211,15,1,14,47,15,0,0
9806401,11,7,4,5,1,10,64
209326,6,3,3,4,0,6,31
9207249,16,5,11,18,16,0,0
9610446,10,4,6,14,0,10,38
9702325,7,4,3,3,1,6,10
106351,2,2,0,0,1,1,26
9704220,10,4,6,10,8,2,2
3170,12,5,7,8,3,9,14
202233,35,15,20,47,2,33,214
9311350,10,4,6,14,10,0,0
9410365,10,3,7,19,7,3,3
9602396,22,3,19,55,2,20,101
9604344,7,2,5,6,5,2,2
9602364,13,7,6,12,0,13,49
9310297,32,2,30,149,29,3,3
9310314,31,5,26,90,23,8,12
9504342,102,7,95,748,89,13,15
9806387,228,5,223,2364,84,144,417
9903308,84,9,75,475,39,45,112
9505275,105,12,93,635,12,93,207
9504222,38,5,33,121,6,32,49
9511446,46,8,38,148,26,20,38
9901243,45,6,39,123,3,42,301
9910522,24,1,23,62,0,24,173
9612391,6,3,3,4,0,6,23
9809252,12,3,9,24,1,11,20
9809307,42,5,37,96,32,10,10
9806400,21,10,11,16,0,21,269
9910428,38,7,31,121,2,36,268
9606467,13,4,9,30,1,12,28
9805305,4,3,1,1,0,4,12
9406397,27,10,17,47,3,24,36
2292,9,1,8,14,0,9,55
9605448,9,4,5,8,3,6,6
9605246,21,2,19,78,2,19,65
9711360,33,9,24,61,2,31,152
9209276,29,6,23,73,29,0,0
9712307,14,4,10,28,2,12,40
9509365,18,5,13,36,6,12,12
9308329,27,6,21,55,7,20,28
9405420,11,2,9,30,1,10,24
9901260,27,4,23,71,0,27,138
9703347,13,3,10,29,0,13,75
9302202,56,10,46,254,25,31,31
9903363,62,5,57,271,14,48,110
10008,15,3,12,29,1,14,224
9708356,21,5,16,35,2,19,92
3238,46,12,34,151,0,46,779
9912513,20,4,16,52,0,20,62
9309299,19,3,16,59,9,10,10
9609444,86,9,77,478,1,85,548
9704382,11,1,10,23,0,11,45
9507329,40,5,35,112,4,36,156
9504424,15,3,12,28,5,10,21
9802345,6,2,4,7,0,6,29
107257,10,2,8,13,1,9,23
9905520,19,3,16,31,2,17,145
2116,28,5,23,89,1,27,157
9802412,21,5,16,31,3,18,83
9610337,14,4,10,19,5,9,18
101276,19,4,15,54,0,19,172
9506291,22,3,19,40,22,0,0
9912438,4,4,0,0,1,3,4
9608205,96,7,89,589,11,85,369
9610323,69,12,57,319,8,61,249
9502374,5,5,0,0,1,4,11
9709507,26,6,20,42,4,22,180
9206212,9,3,6,8,9,0,0
9209245,36,7,29,213,36,0,0
9708456,131,8,123,1356,32,99,178
9407405,15,5,10,27,15,0,0
9608437,1,1,0,0,0,1,1
9707309,31,4,27,97,1,30,179
9612334,11,2,9,21,1,10,28
3277,12,4,8,17,1,11,19
9909495,5,4,1,1,0,5,26
9509239,44,10,34,126,15,29,57
9411368,31,15,16,48,14,17,18
9610450,12,7,5,6,7,5,9
9711417,14,8,6,14,3,11,29
9302225,135,20,115,669,135,0,0
9904348,23,3,20,53,0,23,124
9506208,24,9,15,44,10,14,42
9312274,12,4,8,17,12,0,0
3146,13,4,9,14,0,13,103
9805270,71,3,68,470,6,65,300
9812371,31,4,27,115,1,30,154
9211226,21,6,15,33,11,10,10
9804401,5,3,2,2,1,4,21
9607400,24,7,17,47,15,9,24
9808380,0,0,0,0,0,0,0
9502348,78,8,70,375,51,27,31
9403304,19,4,15,30,19,0,0
9601205,52,8,44,165,26,26,79
9706348,9,6,3,4,0,9,20
9904305,8,2,6,11,7,1,4
1216,14,3,11,17,0,14,124
9611415,4,3,1,1,1,3,16
4052,7,4,3,5,1,6,11
9702210,28,10,18,58,16,12,25
9411238,1,1,0,0,1,0,0
9811520,8,1,7,12,1,7,40
9901207,11,4,7,8,0,11,65
9603326,53,5,48,255,5,48,194
9808467,42,4,38,151,5,37,169
9908307,5,2,3,3,1,4,6
6352,4,3,1,1,2,2,11
9505343,6,3,3,3,5,1,2
102047,67,13,54,160,4,63,543
1043,6,1,5,9,5,1,1
9209269,51,15,36,164,51,0,0
9605293,3,3,0,0,0,3,6
9802284,13,1,12,37,2,11,21
11034,1,1,0,0,0,1,4
109095,16,5,11,35,0,16,120
9807570,16,8,8,14,2,14,31
9512363,17,3,14,30,2,15,60
9607418,13,4,9,22,1,12,70
9909334,77,15,62,238,6,71,393
9502260,81,11,70,338,47,34,43
9205202,20,11,9,17,20,0,0
9505296,3,3,0,0,0,3,6
9402226,5,3,2,2,1,4,12
9805405,26,8,18,39,9,17,25
9706391,15,3,12,23,0,15,61
9404207,29,8,21,61,26,3,3
9305342,27,5,22,64,27,0,0
9402265,16,7,9,15,2,14,30
9412215,40,16,24,105,35,5,5
9607271,8,3,5,7,3,5,10
9707475,16,4,12,30,0,16,86
9812493,1,1,0,0,0,1,2
9701216,6,2,4,8,1,5,5
9906362,24,7,17,51,0,24,240
9603272,11,2,9,20,3,8,12
9412213,16,6,10,12,16,0,0
9703379,33,3,30,172,2,31,120
9610325,95,23,72,277,54,41,41
9905305,9,4,5,9,1,8,29
9405241,85,1,84,692,28,57,127
11145,0,0,0,0,0,0,0
2183,25,3,22,107,0,25,120
9711327,15,4,11,18,0,15,98
9607296,12,2,10,24,1,11,60
9510286,14,10,4,4,3,11,56
9804283,21,2,19,79,1,20,68
9801218,4,2,2,2,2,2,4
9510441,11,3,8,12,1,10,19
9702404,10,3,7,25,1,9,15
9703271,9,2,7,13,3,6,9
208092,0,0,0,0,0,0,0
9812235,8,5,3,4,1,7,24
4169,34,7,27,92,7,27,149
9912324,10,6,4,6,4,6,25
12067,12,6,6,9,4,8,10
9904497,13,2,11,26,1,12,104
9912223,39,13,26,75,8,31,328
7078,9,3,6,12,5,4,11
8237,31,6,25,104,0,31,408
9712515,17,13,4,7,2,15,29
2293,45,11,34,150,4,41,162
105139,33,6,27,67,9,24,52
9412336,8,2,6,12,7,1,1
105263,3,3,0,0,0,3,19
9706377,95,1,94,973,1,94,377
102227,40,4,36,155,4,36,255
9910490,1,1,0,0,0,1,2
9605348,9,1,8,18,8,1,3
9803324,3,2,1,1,0,3,13
9705221,45,14,31,60,14,31,41
9702242,11,4,7,9,1,10,25
9409208,28,5,23,83,28,0,0
9911349,17,3,14,39,0,17,152
9812221,40,4,36,135,0,40,372
8274,3,3,0,0,2,1,2
9509286,29,7,22,85,15,14,27
9911242,10,2,8,19,0,10,117
8311,2,2,0,0,0,2,2
206194,11,5,6,7,0,11,111
108030,14,6,8,16,0,14,42
209193,4,3,1,1,0,4,62
109242,46,1,45,455,0,46,440
111069,20,1,19,103,0,20,185
1320,10,5,5,6,0,10,98
9605431,138,5,133,1083,17,121,201
9501253,0,0,0,0,0,0,0
9612312,14,11,3,3,10,4,4
10192,19,5,14,29,0,19,158
202155,12,3,9,13,1,11,99
103028,13,3,10,34,2,11,77
9808447,8,4,4,6,0,8,19
9603346,21,8,13,26,5,16,42
9703204,7,7,0,0,4,3,7
9910494,5,4,1,1,3,2,8
9306209,21,8,13,41,5,16,20
8145,8,3,5,13,8,0,0
9710424,3,3,0,0,2,1,1
2150,63,15,48,197,2,61,470
9812209,25,5,20,71,7,18,46
11017,2,1,1,1,1,1,23
9804412,11,3,8,13,2,9,13
9504369,3,3,0,0,2,1,7
9906225,3,2,1,1,0,3,9
7031,39,2,37,200,0,39,227
9605327,19,1,18,81,0,19,107
9410237,38,8,30,125,21,17,23
9410333,26,7,19,65,2,24,27
9307315,10,3,7,24,3,7,7
9311282,6,1,5,8,3,3,3
9909537,5,4,1,1,1,4,7
9610449,49,5,44,137,13,36,160
9606355,6,1,5,11,0,6,10
9406399,5,1,4,7,5,0,0
9209258,9,3,6,11,9,0,0
9909502,12,2,10,27,0,12,20
9801269,32,18,14,24,2,30,208
9908286,17,4,13,47,0,17,332
9802256,1,1,0,0,0,1,3
203171,1,1,0,0,0,1,9
9709436,5,3,2,2,1,4,15
9706229,19,8,11,27,2,17,63
9402214,28,8,20,58,10,18,18
110032,17,5,12,28,0,17,184
11254,21,6,15,44,2,19,165
9810281,9,8,1,1,5,4,7
9808298,2,2,0,0,0,2,2
9611256,5,3,2,2,4,1,1
102051,3,2,1,1,0,3,32
9706420,35,1,34,126,5,30,99
9502340,52,9,43,204,17,35,69
9505311,5,4,1,1,1,4,10
9604220,29,6,23,85,9,20,30
9911506,2,2,0,0,0,2,10
9602241,2,1,1,1,2,0,0
9512371,2,1,1,1,2,0,0
211313,1,1,0,0,0,1,6
105062,3,2,1,1,0,3,4
8316,13,3,10,13,0,13,46
9810364,13,5,8,12,0,13,81
9312315,23,6,17,48,23,0,0
9511375,4,3,1,1,2,2,10
9512373,4,2,2,3,3,1,1
9706371,2,1,1,1,0,2,25
9705323,15,3,12,34,1,14,61
9609405,3,3,0,0,1,2,4
9806493,13,4,9,15,2,11,27
9706209,21,1,20,70,8,13,40
9211303,29,8,21,50,16,13,13
9408339,39,5,34,138,15,24,59
9610247,17,8,9,18,3,14,96
9506454,31,13,18,37,5,26,37
9808244,10,5,5,6,1,9,22
9303277,8,4,4,11,8,0,0
4171,17,5,12,20,0,17,157
9905254,3,2,1,1,1,2,2
9909428,8,4,4,6,0,8,29
9301227,1,1,0,0,1,0,0
9712459,23,3,20,81,0,23,58
9504330,50,5,45,145,40,10,15
9712221,33,6,27,99,1,32,351
9810524,9,2,7,14,9,0,0
1334,6,5,1,2,1,5,43
2297,8,5,3,4,8,0,0
9812353,2,1,1,1,0,2,4
9805220,1,1,0,0,0,1,2
9703252,4,2,2,2,0,4,7
7265,5,3,2,2,0,5,7
106098,4,4,0,0,0,4,25
8010,18,8,10,25,2,16,80
9503223,6,3,3,4,3,3,5
9805264,22,3,19,44,0,22,180
11160,25,9,16,37,2,23,73
9403326,14,7,7,13,14,0,0
9405391,14,5,9,16,5,9,9
9602377,9,3,6,13,3,6,6
9507419,1,1,0,0,0,1,1
9605312,22,9,13,40,12,10,12
9410377,6,4,2,3,2,4,7
9610327,2,1,1,1,2,0,0
9712364,2,2,0,0,1,1,13
9708227,29,8,21,52,1,28,155
101194,9,5,4,7,1,8,25
9408231,5,1,4,4,0,5,5
9710234,31,2,29,93,8,23,92
9607336,10,4,6,22,1,9,11
9710391,1,1,0,0,0,1,2
207241,6,2,4,9,0,6,56
9704322,36,7,29,98,1,35,259
9705236,23,5,18,81,0,23,269
9508342,2,1,1,1,0,2,10
6016,2,1,1,1,0,2,5
9511244,3,2,1,1,2,1,1
9809338,5,4,1,1,2,3,13
9410349,4,2,2,2,3,1,1
5147,8,5,3,3,0,8,25
9504215,14,3,11,25,10,4,13
3018,8,6,2,2,1,7,40
9507323,8,4,4,6,1,7,24
9906417,8,5,3,3,0,8,71
9710275,5,3,2,3,2,3,11
9906313,8,2,6,9,1,7,18
9803232,12,3,9,29,2,10,39
9410272,16,7,9,11,6,10,15
9911300,2,2,0,0,1,1,1
9402362,23,5,18,44,23,0,0
9607272,8,4,4,6,0,8,22
104137,21,3,18,77,5,16,16
9411395,22,5,17,65,13,9,9
9810475,19,12,7,15,11,8,9
9912353,3,3,0,0,0,3,7
9606483,11,2,9,27,1,10,26
9809247,23,4,19,69,2,21,200
9804317,3,2,1,1,3,0,0
10177,15,4,11,31,3,12,60
3068,8,2,6,14,0,8,104
107274,10,4,6,13,5,5,15
9604345,7,6,1,1,1,6,24
9711231,38,3,35,151,6,32,72
2106,3,1,2,2,1,2,6
9903492,7,4,3,4,0,7,27
9807299,2,1,1,1,0,2,15
1264,23,16,7,11,4,19,94
102093,29,7,22,69,0,29,334
202149,4,3,1,1,1,3,11
9908352,36,5,31,153,0,36,413
9604311,3,1,2,3,3,0,0
9292,16,2,14,46,4,12,44
103286,7,2,5,8,4,3,3
101092,10,5,5,8,0,10,33
9305324,7,4,3,6,4,3,4
9402275,9,3,6,9,2,7,9
9502238,21,9,12,22,11,10,13
9703224,11,2,9,21,0,11,21
9803251,7,4,3,10,0,7,38
9303234,20,5,15,73,20,0,0
9803304,9,1,8,16,5,4,6
9707237,1,1,0,0,0,1,2
204099,1,1,0,0,0,1,2
11059,5,1,4,7,0,5,55
210380,1,1,0,0,0,1,4
9307213,5,2,3,7,0,5,10
204119,3,2,1,1,1,2,20
9412283,42,2,40,163,13,29,41
9408305,21,3,18,48,21,0,0
5194,7,2,5,12,0,7,23
107005,8,7,1,1,0,8,64
207107,4,4,0,0,0,4,8
202086,24,9,15,35,0,24,252
201225,26,3,23,92,0,26,50
9206244,14,4,10,20,14,0,0
108094,15,10,5,10,0,15,109
9805248,3,2,1,1,1,2,6
9702286,7,2,5,10,0,7,21
9505310,5,5,0,0,1,4,4
12046,9,4,5,9,0,9,32
109277,8,5,3,5,7,1,1
9906226,3,2,1,1,0,3,15
9705207,6,3,3,5,0,6,14
9409436,10,1,9,20,2,8,17
9707509,21,7,14,29,7,14,48
9709381,0,0,0,0,0,0,0
9512414,3,3,0,0,1,2,4
9605219,15,5,10,34,3,12,24
9704342,17,3,14,48,3,14,54
9502243,12,3,9,21,3,9,16
9809425,8,2,6,17,0,8,57
9308284,24,7,17,52,24,0,0
9511441,2,2,0,0,2,0,0
9809517,3,2,1,1,0,3,15
9607301,5,1,4,5,4,1,3
9705311,15,4,11,19,3,12,22
9704310,1,1,0,0,0,1,3
10118,1,1,0,0,1,0,0
9812412,7,1,6,20,0,7,35
9906465,10,3,7,14,2,8,17
9306244,16,7,9,24,0,16,28
9304305,4,1,3,5,3,1,1
9805508,3,2,1,1,0,3,7
9307327,4,1,3,4,4,0,0
9910311,2,2,0,0,0,2,3
9912503,36,2,34,314,1,35,99
211044,0,0,0,0,0,0,0
9502290,6,5,1,1,4,2,2
9301293,6,3,3,3,6,0,0
12075,48,6,42,161,1,47,63
9809466,8,5,3,3,0,8,125
9704353,12,3,9,19,0,12,44
205129,0,0,0,0,0,0,0
9705319,10,2,8,18,0,10,24
9601341,1,1,0,0,0,1,1
9810295,6,6,0,0,1,5,9
9706322,1,1,0,0,0,1,1
9707266,7,4,3,7,4,3,8
1151,24,4,20,47,6,18,55
9706409,19,2,17,77,1,18,62
9902451,62,8,54,281,0,62,425
12240,5,2,3,3,0,5,25
12026,5,5,0,0,0,5,69
9006,18,10,8,12,0,18,57
9411302,26,8,18,30,10,16,16
9406227,38,3,35,230,4,34,189
9711306,3,2,1,2,2,1,1
9095,5,1,4,5,0,5,15
208196,3,3,0,0,0,3,4
9711418,5,3,2,3,1,4,9
102209,13,3,10,17,2,11,49
9909250,17,7,10,19,0,17,87
9607202,9,5,4,7,0,9,29
4038,4,2,2,4,0,4,8
9506275,2,2,0,0,0,2,11
9608263,7,1,6,12,2,5,14
9603393,9,2,7,12,9,0,0
9401287,5,2,3,3,5,0,0
9906505,3,2,1,1,2,1,1
110367,1,1,0,0,0,1,2
9710518,3,2,1,1,1,2,6
9802317,2,1,1,1,2,0,0
9342,6,1,5,6,1,5,14
9905364,2,2,0,0,2,0,0
9307265,3,1,2,3,0,3,8
9303304,1,1,0,0,1,0,0
108002,18,2,16,51,0,18,130
211251,4,2,2,3,0,4,40
9908508,9,5,4,9,6,3,6
9806514,8,2,6,14,2,6,6
9809444,3,3,0,0,0,3,16
9509231,3,2,1,1,1,2,5
9706288,8,4,4,11,0,8,139
9606308,3,2,1,1,0,3,3
212025,1,1,0,0,0,1,23
110147,1,1,0,0,0,1,5
9606391,4,1,3,5,0,4,4
9504318,3,3,0,0,2,1,1
9607329,1,1,0,0,0,1,5
9810546,15,4,11,37,1,14,51
9704323,8,2,6,8,0,8,62
9702264,2,2,0,0,2,0,0
9803246,6,2,4,5,0,6,7
108225,10,3,7,20,0,10,89
203179,1,1,0,0,0,1,8
9901375,4,4,0,0,1,3,4
2162,14,3,11,22,0,14,54
9803286,12,3,9,16,0,12,24
9905557,4,3,1,1,1,3,8
9204203,3,3,0,0,3,0,0
12194,4,2,2,3,0,4,27
9911214,19,1,18,63,0,19,101
106105,1,1,0,0,0,1,3
9911418,6,1,5,5,0,6,23
9803312,8,3,5,9,2,6,10
9407388,20,4,16,66,7,13,40
9701254,5,4,1,1,3,2,10
9909549,8,2,6,13,0,8,26
9603226,3,1,2,2,0,3,6
302055,0,0,0,0,0,0,0
209048,2,1,1,1,0,2,18
9611391,11,5,6,15,3,8,19
6327,4,1,3,3,0,4,23
3064,5,3,2,2,2,3,17
2156,8,8,0,0,8,0,0
9911486,1,1,0,0,0,1,1
9506262,6,2,4,7,6,0,0
9709501,1,1,0,0,0,1,2
208163,6,3,3,6,0,6,83
107231,3,2,1,2,0,3,30
9712369,11,3,8,22,1,10,43
9903364,17,1,16,71,3,14,30
9409227,7,3,4,4,4,3,3
9090,7,6,1,1,4,3,5
206080,3,3,0,0,0,3,24
205293,10,5,5,6,0,10,15
9912540,9,4,5,11,1,8,11
9808378,26,1,25,97,1,25,86
8048,0,0,0,0,0,0,0
9502255,13,1,12,26,2,11,36
9708472,8,3,5,9,1,7,11
9610220,2,2,0,0,1,1,1
209188,4,3,1,1,0,4,14
212015,0,0,0,0,0,0,0
9905250,3,3,0,0,2,1,5
9903328,11,3,8,15,0,11,71
9304210,3,2,1,2,3,0,0
2142,5,4,1,1,0,5,17
9910208,1,1,0,0,1,0,0
9707531,1,1,0,0,0,1,13
102321,19,3,16,61,0,19,321
9410321,7,2,5,8,0,7,14
206118,1,1,0,0,0,1,5
209002,12,1,11,32,0,12,115
9705370,2,2,0,0,0,2,10
9801235,11,6,5,9,1,10,67
9609427,9,3,6,10,2,7,29
9510237,1,1,0,0,0,1,2
9902446,4,2,2,3,0,4,14
9212253,20,10,10,19,20,0,0
9601364,1,1,0,0,0,1,1
6197,7,1,6,19,0,7,19
9304316,7,4,3,3,7,0,0
101068,2,2,0,0,0,2,21
9811254,0,0,0,0,0,0,0
210339,0,0,0,0,0,0,0
111258,4,4,0,0,1,3,9
9810473,4,3,1,1,0,4,28
9702356,9,2,7,11,0,9,44
9509297,4,3,1,2,0,4,10
108247,7,2,5,8,0,7,69
9810391,2,1,1,1,0,2,3
206206,3,2,1,1,0,3,22
101335,27,6,21,54,0,27,154
9405291,7,4,3,5,6,1,1
3124,1,1,0,0,0,1,10
9404332,5,4,1,1,5,0,0
9502220,1,1,0,0,1,0,0
9505417,18,3,15,51,13,5,5
10199,3,3,0,0,0,3,11
9812388,3,2,1,1,1,2,7
9609302,4,1,3,4,0,4,4
9904454,8,2,6,10,0,8,40
2061,11,5,6,8,0,11,40
9706399,8,7,1,1,0,8,31
9403300,14,8,6,12,6,8,8
103175,4,1,3,3,0,4,10
9905555,5,3,2,2,2,3,21
9604300,4,1,3,3,0,4,12
9512275,1,1,0,0,0,1,4
109179,2,2,0,0,0,2,22
9508335,2,2,0,0,0,2,19
9906492,4,1,3,5,0,4,11
9708232,7,3,4,5,1,6,12
6271,5,1,4,10,0,5,86
9704400,1,1,0,0,0,1,1
9407290,8,5,3,6,2,6,24
101253,0,0,0,0,0,0,0
102225,0,0,0,0,0,0,0
201302,3,2,1,1,0,3,8
9612486,1,1,0,0,0,1,2
208230,0,0,0,0,0,0,0
9709392,3,3,0,0,0,3,47
9709339,2,2,0,0,0,2,8
9212264,2,2,0,0,2,0,0
9909396,1,1,0,0,0,1,4
9605404,3,1,2,3,0,3,4
9807266,14,2,12,49,0,14,33
9502406,2,2,0,0,2,0,0
9607229,3,2,1,1,0,3,7
6296,2,1,1,1,2,0,0
9905224,0,0,0,0,0,0,0
9810470,3,2,1,1,1,2,4
105215,1,1,0,0,0,1,6
11365,11,5,6,9,1,10,39
204173,8,5,3,5,1,7,25
7317,4,1,3,4,0,4,35
211384,3,2,1,1,0,3,22
9601284,4,1,3,3,0,4,19
9808366,3,2,1,1,1,2,8
205112,2,1,1,1,0,2,2
9805318,14,4,10,26,3,11,110
9812334,3,1,2,2,0,3,4
201123,2,2,0,0,0,2,4
10265,2,2,0,0,0,2,15
9803239,3,2,1,1,0,3,19
101182,0,0,0,0,0,0,0
110221,9,4,5,5,0,9,92
9055,0,0,0,0,0,0,0
8163,5,5,0,0,2,3,19
9508395,8,2,6,8,4,4,7
9506385,6,2,4,5,6,0,0
112245,7,2,5,8,0,7,38
4229,1,1,0,0,0,1,3
8197,0,0,0,0,0,0,0
9910360,1,1,0,0,0,1,3
3116,0,0,0,0,0,0,0
202228,2,1,1,1,0,2,9
3067,2,2,0,0,0,2,6
9610491,1,1,0,0,1,0,0
9905428,0,0,0,0,0,0,0
9609280,2,2,0,0,1,1,6
9806427,2,1,1,1,0,2,4
9811348,1,1,0,0,0,1,1
105100,10,3,7,12,0,10,35
9905282,12,4,8,18,0,12,33
9506445,14,6,8,18,8,6,8
9607307,0,0,0,0,0,0,0
9612310,1,1,0,0,0,1,2
111117,1,1,0,0,1,0,0
3044,0,0,0,0,0,0,0
9905473,3,3,0,0,0,3,6
9911222,1,1,0,0,0,1,4
9403258,3,1,2,3,3,0,0
1233,17,9,8,11,2,15,66
9701402,0,0,0,0,0,0,0
206010,3,2,1,1,0,3,9
9906401,8,2,6,11,0,8,24
103115,1,1,0,0,0,1,4
9710291,1,1,0,0,0,1,4
9908346,0,0,0,0,0,0,0
202121,7,2,5,10,0,7,34
9903444,3,2,1,1,0,3,7
9702256,9,3,6,14,2,7,9
9510438,4,2,2,2,0,4,4
10078,1,1,0,0,0,1,2
9702346,0,0,0,0,0,0,0
9904505,26,6,20,82,2,24,136
207236,8,1,7,16,0,8,79
10228,8,3,5,13,1,7,18
204348,7,1,6,13,0,7,28
9504226,3,2,1,1,0,3,5
9708307,1,1,0,0,1,0,0
9903381,5,3,2,2,1,4,7
209224,0,0,0,0,0,0,0
9602410,2,1,1,1,0,2,2
9409336,1,1,0,0,0,1,2
10160,6,3,3,5,0,6,11
9504425,1,1,0,0,0,1,1
7242,2,2,0,0,0,2,2
9804334,0,0,0,0,0,0,0
9809320,4,4,0,0,1,3,5
9705478,3,3,0,0,3,0,0
9504356,3,1,2,3,0,3,3
9408364,13,5,8,16,4,9,18
111091,1,1,0,0,0,1,1
9907381,0,0,0,0,0,0,0
9803477,7,1,6,16,6,1,1
9811491,1,1,0,0,0,1,2
109224,6,2,4,5,1,5,9
111075,5,2,3,5,0,5,16
9910483,8,4,4,8,0,8,35
9809512,0,0,0,0,0,0,0
201310,1,1,0,0,0,1,9
9309251,5,2,3,4,5,0,0
111063,4,3,1,1,1,3,5
9311319,5,3,2,6,5,0,0
9712407,2,2,0,0,2,0,0
9307366,3,2,1,1,3,0,0
9908297,1,1,0,0,0,1,1
9703441,7,1,6,7,3,4,5
9506341,1,1,0,0,1,0,0
9405285,3,3,0,0,3,0,0
9803448,2,1,1,1,0,2,12
208271,0,0,0,0,0,0,0
9907406,1,1,0,0,1,0,0
9407228,1,1,0,0,1,0,0
9902311,1,1,0,0,0,1,2
9512372,1,1,0,0,0,1,5
9602368,3,3,0,0,0,3,6
9811423,4,4,0,0,1,3,4
9608371,2,2,0,0,1,1,5
9511395,0,0,0,0,0,0,0
9511281,1,1,0,0,0,1,6
111071,0,0,0,0,0,0,0
110110,0,0,0,0,0,0,0
4222,2,1,1,1,0,2,8
209217,2,2,0,0,0,2,40
9703364,1,1,0,0,1,0,0
11109,1,1,0,0,0,1,2
4061,0,0,0,0,0,0,0
9907301,3,3,0,0,0,3,11
206025,3,3,0,0,0,3,9
9803291,0,0,0,0,0,0,0
108072,2,2,0,0,0,2,17
9710404,2,1,1,1,0,2,2
9512213,3,2,1,1,0,3,31
9807334,22,1,21,78,0,22,243
8080,1,1,0,0,0,1,5
9608468,1,1,0,0,0,1,5
112072,1,1,0,0,0,1,3
9904439,3,2,1,1,3,0,0
3255,0,0,0,0,0,0,0
8195,9,3,6,10,0,9,13
9912361,3,2,1,1,0,3,12
9703409,3,3,0,0,3,0,0
209085,3,2,1,1,0,3,27
9302259,3,3,0,0,3,0,0
9902426,3,2,1,1,1,2,6
9907411,2,1,1,1,2,0,0
9409463,3,2,1,1,1,2,2
106353,13,1,12,25,0,13,223
110161,2,2,0,0,0,2,18
9405227,1,1,0,0,0,1,1
9312260,2,2,0,0,2,0,0
109183,1,1,0,0,1,0,0
9708287,4,3,1,1,2,2,7
209245,0,0,0,0,0,0,0
6265,1,1,0,0,0,1,2
101287,2,2,0,0,2,0,0
112218,2,2,0,0,1,1,6
9510217,2,2,0,0,2,0,0
9707522,0,0,0,0,0,0,0
9409381,5,4,1,2,5,0,0
8189,6,3,3,4,2,4,20
9808227,3,3,0,0,0,3,10
108029,1,1,0,0,0,1,14
9304217,5,2,3,7,0,5,5
302264,0,0,0,0,0,0,0
208239,0,0,0,0,0,0,0
9508413,2,2,0,0,2,0,0
11187,0,0,0,0,0,0,0
108136,5,2,3,5,0,5,22
9606243,1,1,0,0,1,0,0
9504355,4,3,1,2,0,4,4
9603447,3,2,1,1,1,2,4
9406222,2,1,1,1,2,0,0
9709371,9,5,4,6,2,7,18
111278,2,1,1,1,0,2,11
9505443,1,1,0,0,1,0,0
9407323,1,1,0,0,0,1,1
211227,0,0,0,0,0,0,0
9812274,6,1,5,12,0,6,11
8272,1,1,0,0,0,1,6
206113,1,1,0,0,0,1,4
109145,0,0,0,0,0,0,0
3205,2,2,0,0,0,2,6
210180,1,1,0,0,1,0,0
9611288,2,2,0,0,0,2,26
9503230,6,6,0,0,2,4,5
9708261,1,1,0,0,0,1,1
9806310,2,2,0,0,0,2,3
106185,3,3,0,0,3,0,0
202014,0,0,0,0,0,0,0
9303247,3,3,0,0,3,0,0
12383,6,4,2,4,1,5,19
9506395,1,1,0,0,0,1,1
9606409,3,1,2,2,3,0,0
203210,1,1,0,0,0,1,1
9902397,7,3,4,4,2,5,12
9710343,1,1,0,0,0,1,1
9412252,1,1,0,0,0,1,1
12069,1,1,0,0,1,0,0
112329,7,3,4,9,0,7,49
6177,3,3,0,0,0,3,16
103129,0,0,0,0,0,0,0
211228,4,3,1,1,0,4,31
206001,0,0,0,0,0,0,0
102196,2,2,0,0,0,2,18
9310225,1,1,0,0,1,0,0
9511332,1,1,0,0,1,0,0
1107,1,1,0,0,0,1,3
9310269,1,1,0,0,1,0,0
208191,0,0,0,0,0,0,0
7230,1,1,0,0,0,1,7
205043,0,0,0,0,0,0,0
301119,0,0,0,0,0,0,0
209370,0,0,0,0,0,0,0
208117,2,1,1,1,0,2,21
9611457,0,0,0,0,0,0,0
111370,0,0,0,0,0,0,0
204207,1,1,0,0,1,0,0
209232,0,0,0,0,0,0,0
4070,2,1,1,1,0,2,15
9911441,0,0,0,0,0,0,0
9503212,3,3,0,0,3,0,0
9909492,2,2,0,0,0,2,7
9503211,0,0,0,0,0,0,0
9412264,1,1,0,0,0,1,1
301015,2,2,0,0,0,2,22
9703222,1,1,0,0,0,1,1
204063,2,2,0,0,0,2,20
9812469,1,1,0,0,1,0,0
108257,3,3,0,0,0,3,18
9407355,1,1,0,0,1,0,0
9709296,1,1,0,0,1,0,0
9409317,2,2,0,0,1,1,2
9807362,6,3,3,4,2,4,24
201047,5,2,3,4,2,3,6
9805501,1,1,0,0,1,0,0
112100,0,0,0,0,0,0,0
302260,0,0,0,0,0,0,0
209121,6,3,3,3,0,6,106
108214,1,1,0,0,0,1,7
9702401,3,3,0,0,2,1,2
9503397,0,0,0,0,0,0,0
5166,0,0,0,0,0,0,0
9805503,1,1,0,0,0,1,4
11319,1,1,0,0,0,1,1
112211,2,2,0,0,0,2,11
201111,0,0,0,0,0,0,0
9905353,0,0,0,0,0,0,0
104102,1,1,0,0,0,1,1
9409205,0,0,0,0,0,0,0
6181,2,2,0,0,0,2,3
102153,3,1,2,3,0,3,50
212150,0,0,0,0,0,0,0
12363,2,1,1,1,1,1,2
9509388,1,1,0,0,1,0,0
9304292,2,2,0,0,2,0,0
9604286,0,0,0,0,0,0,0
1132,2,1,1,1,0,2,8
9905569,1,1,0,0,0,1,7
9506415,2,2,0,0,2,0,0
1298,0,0,0,0,0,0,0
111260,2,2,0,0,1,1,1
9806473,1,1,0,0,0,1,6
9712408,2,2,0,0,0,2,12
9603252,2,1,1,1,0,2,2
9909314,0,0,0,0,0,0,0
9505216,1,1,0,0,1,0,0
9608220,0,0,0,0,0,0,0
209071,0,0,0,0,0,0,0
9704370,0,0,0,0,0,0,0
105245,4,4,0,0,4,0,0
9709422,0,0,0,0,0,0,0
9310289,0,0,0,0,0,0,0
9511262,3,2,1,1,3,0,0
11297,1,1,0,0,1,0,0
105031,0,0,0,0,0,0,0
212089,1,1,0,0,0,1,12
204034,3,3,0,0,0,3,8
9606336,3,2,1,1,2,1,1
9610511,0,0,0,0,0,0,0
9912217,3,3,0,0,1,2,5
103253,2,2,0,0,0,2,2
9911503,0,0,0,0,0,0,0
212384,1,1,0,0,0,1,15
9911508,0,0,0,0,0,0,0
9903379,1,1,0,0,0,1,2
201184,4,1,3,3,0,4,7
205320,0,0,0,0,0,0,0
112243,2,2,0,0,2,0,0
9910397,1,1,0,0,0,1,4
9606480,0,0,0,0,0,0,0
9608414,0,0,0,0,0,0,0
2137,5,3,2,2,0,5,20
9701380,0,0,0,0,0,0,0
204283,5,3,2,4,0,5,36
9604426,0,0,0,0,0,0,0
9805406,0,0,0,0,0,0,0
9712308,1,1,0,0,1,0,0
301077,0,0,0,0,0,0,0
9903442,2,2,0,0,1,1,1
9407383,0,0,0,0,0,0,0
9802347,1,1,0,0,0,1,1
9909262,1,1,0,0,0,1,1
5287,1,1,0,0,0,1,3
11075,4,2,2,3,2,2,4
9905535,1,1,0,0,1,0,0
9605360,1,1,0,0,0,1,1
102011,1,1,0,0,1,0,0
105040,2,1,1,1,0,2,22
9707344,1,1,0,0,0,1,11
301208,1,1,0,0,0,1,3
208237,1,1,0,0,0,1,15
6186,0,0,0,0,0,0,0
301114,0,0,0,0,0,0,0
111206,2,2,0,0,0,2,13
106062,0,0,0,0,0,0,0
204315,0,0,0,0,0,0,0
9404328,2,2,0,0,2,0,0
9812268,0,0,0,0,0,0,0
210392,2,1,1,1,0,2,7
208031,4,2,2,2,0,4,33
208274,0,0,0,0,0,0,0
302178,0,0,0,0,0,0,0
207256,0,0,0,0,0,0,0
203015,0,0,0,0,0,0,0
9100,1,1,0,0,1,0,0
9310201,0,0,0,0,0,0,0
9707212,0,0,0,0,0,0,0
111076,2,1,1,1,0,2,4
205157,1,1,0,0,0,1,17
9229,1,1,0,0,1,0,0
9902275,1,1,0,0,0,1,2
203228,0,0,0,0,0,0,0
106008,0,0,0,0,0,0,0
9809383,0,0,0,0,0,0,0
102118,0,0,0,0,0,0,0
302051,0,0,0,0,0,0,0
201288,0,0,0,0,0,0,0
9912466,0,0,0,0,0,0,0
9609236,0,0,0,0,0,0,0
9909233,0,0,0,0,0,0,0
7168,0,0,0,0,0,0,0
9307258,0,0,0,0,0,0,0
9602346,1,1,0,0,0,1,1
9022,1,1,0,0,1,0,0
112350,0,0,0,0,0,0,0
3216,1,1,0,0,0,1,1
104023,0,0,0,0,0,0,0
301107,0,0,0,0,0,0,0
111388,1,1,0,0,0,1,2
302221,0,0,0,0,0,0,0
206179,1,1,0,0,0,1,9
9910241,0,0,0,0,0,0,0
9709268,0,0,0,0,0,0,0
302201,1,1,0,0,0,1,7
9805415,0,0,0,0,0,0,0
212286,1,1,0,0,0,1,14
201062,0,0,0,0,0,0,0
9301201,1,1,0,0,1,0,0
206111,0,0,0,0,0,0,0
10324,1,1,0,0,0,1,5
102188,1,1,0,0,0,1,10
9612411,0,0,0,0,0,0,0
211032,0,0,0,0,0,0,0
9119,0,0,0,0,0,0,0
209292,0,0,0,0,0,0,0
206154,2,2,0,0,0,2,15
9903314,1,1,0,0,1,0,0
8026,1,1,0,0,1,0,0
109054,2,1,1,1,0,2,2
9409387,0,0,0,0,0,0,0
9811461,0,0,0,0,0,0,0
9604299,3,3,0,0,3,0,0
9506339,0,0,0,0,0,0,0
204035,0,0,0,0,0,0,0
211279,2,2,0,0,0,2,13
204231,2,2,0,0,0,2,15
202180,0,0,0,0,0,0,0
7028,0,0,0,0,0,0,0
9901248,3,2,1,1,2,1,1
1105,1,1,0,0,0,1,2
9311224,1,1,0,0,0,1,1
9810434,1,1,0,0,1,0,0
103303,1,1,0,0,0,1,8
302224,0,0,0,0,0,0,0
9907304,0,0,0,0,0,0,0
9711239,0,0,0,0,0,0,0
107236,2,2,0,0,0,2,8
109193,0,0,0,0,0,0,0
109011,0,0,0,0,0,0,0
9903505,0,0,0,0,0,0,0
206234,0,0,0,0,0,0,0
212219,1,1,0,0,0,1,1
9607203,0,0,0,0,0,0,0
105169,0,0,0,0,0,0,0
9903393,0,0,0,0,0,0,0
9406405,0,0,0,0,0,0,0
9705403,0,0,0,0,0,0,0
6094,0,0,0,0,0,0,0
9810541,0,0,0,0,0,0,0
9511377,0,0,0,0,0,0,0
9187,0,0,0,0,0,0,0
201065,0,0,0,0,0,0,0
9407243,0,0,0,0,0,0,0
111238,0,0,0,0,0,0,0
9809236,0,0,0,0,0,0,0
211436,0,0,0,0,0,0,0
9801360,0,0,0,0,0,0,0
11018,0,0,0,0,0,0,0
211443,0,0,0,0,0,0,0
9906451,1,1,0,0,0,1,1
9702317,0,0,0,0,0,0,0
210202,2,2,0,0,0,2,32
9402222,0,0,0,0,0,0,0
207218,0,0,0,0,0,0,0
9607348,0,0,0,0,0,0,0
208198,2,2,0,0,0,2,29
9706451,0,0,0,0,0,0,0
9603399,0,0,0,0,0,0,0
9503440,0,0,0,0,0,0,0
12322,0,0,0,0,0,0,0
109022,0,0,0,0,0,0,0
301002,0,0,0,0,0,0,0
103029,1,1,0,0,0,1,4
9804325,0,0,0,0,0,0,0
302194,0,0,0,0,0,0,0
9503382,0,0,0,0,0,0,0
5307,0,0,0,0,0,0,0
9808383,1,1,0,0,0,1,2
9908383,0,0,0,0,0,0,0
9909342,0,0,0,0,0,0,0
212041,0,0,0,0,0,0,0
109266,0,0,0,0,0,0,0
208267,0,0,0,0,0,0,0
109031,0,0,0,0,0,0,0
212394,0,0,0,0,0,0,0
9706353,1,1,0,0,1,0,0
209288,0,0,0,0,0,0,0
9905373,0,0,0,0,0,0,0
301147,0,0,0,0,0,0,0
301198,0,0,0,0,0,0,0
9508404,0,0,0,0,0,0,0
9807562,0,0,0,0,0,0,0
9604306,1,1,0,0,0,1,4
104298,2,2,0,0,2,0,0
1278,0,0,0,0,0,0,0
12139,0,0,0,0,0,0,0
9401292,0,0,0,0,0,0,0
208021,0,0,0,0,0,0,0
201241,0,0,0,0,0,0,0
9810413,0,0,0,0,0,0,0
302052,0,0,0,0,0,0,0
9911208,0,0,0,0,0,0,0
9906553,0,0,0,0,0,0,0
9508410,0,0,0,0,0,0,0
201020,0,0,0,0,0,0,0
9811435,0,0,0,0,0,0,0
302213,0,0,0,0,0,0,0
9308357,0,0,0,0,0,0,0
101339,0,0,0,0,0,0,0
9604379,0,0,0,0,0,0,0
9807232,0,0,0,0,0,0,0
9709220,0,0,0,0,0,0,0
112220,1,1,0,0,0,1,5
6095,1,1,0,0,1,0,0
204157,0,0,0,0,0,0,0
9612419,0,0,0,0,0,0,0
9702323,0,0,0,0,0,0,0
204098,1,1,0,0,0,1,3
9209,0,0,0,0,0,0,0
9310294,0,0,0,0,0,0,0
211253,0,0,0,0,0,0,0
9912252,0,0,0,0,0,0,0
105127,0,0,0,0,0,0,0
111361,0,0,0,0,0,0,0
9505382,0,0,0,0,0,0,0
210300,0,0,0,0,0,0,0
105072,0,0,0,0,0,0,0
106109,0,0,0,0,0,0,0
301168,0,0,0,0,0,0,0
202118,0,0,0,0,0,0,0
210105,0,0,0,0,0,0,0
8178,0,0,0,0,0,0,0
112096,0,0,0,0,0,0,0
209345,0,0,0,0,0,0,0
7331,0,0,0,0,0,0,0
105313,0,0,0,0,0,0,0
9703323,0,0,0,0,0,0,0
301188,0,0,0,0,0,0,0
9910507,0,0,0,0,0,0,0
302026,0,0,0,0,0,0,0
9503237,0,0,0,0,0,0,0
9901435,0,0,0,0,0,0,0
9809579,0,0,0,0,0,0,0
9405280,0,0,0,0,0,0,0
9907441,0,0,0,0,0,0,0
9506337,0,0,0,0,0,0,0
9709435,0,0,0,0,0,0,0
101330,0,0,0,0,0,0,0
204074,0,0,0,0,0,0,0
212338,0,0,0,0,0,0,0
9412306,1,1,0,0,1,0,0
9603375,0,0,0,0,0,0,0
9207248,1,1,0,0,1,0,0
211212,0,0,0,0,0,0,0
111372,0,0,0,0,0,0,0
9301206,1,1,0,0,1,0,0
9908432,9,6,3,5,3,6,42
8255,80,6,74,362,3,77,326
9802433,75,4,71,599,1,74,643
9308246,297,14,283,2300,88,209,283
9408390,40,4,36,146,14,26,30
11184,10,5,5,7,8,2,4
9608365,59,10,49,287,5,54,225
9603414,38,11,27,53,3,35,188
9805422,152,22,130,466,35,117,307
206024,8,7,1,2,0,8,68
9905281,18,7,11,27,17,1,1
107180,9,1,8,14,4,5,21
1048,4,3,1,1,0,4,10
9409238,8,2,6,11,4,4,4
9612402,27,2,25,83,1,26,118
9806486,24,5,19,63,0,24,149
210108,2,2,0,0,0,2,25
9207273,19,4,15,45,19,0,0
9702265,28,5,23,72,0,28,72
9704229,5,5,0,0,1,4,11
201141,2,1,1,1,0,2,2
9803277,155,12,143,1204,14,141,532
3180,63,10,53,229,3,60,859
203123,11,3,8,10,1,10,72
9412360,8,4,4,4,8,0,0
9502370,6,3,3,5,4,2,2
9603374,68,8,60,279,26,42,84
9607259,36,10,26,73,1,35,150
9602424,29,4,25,86,0,29,51
9311326,30,6,24,79,30,0,0
9311306,59,16,43,166,26,33,41
9505359,141,7,134,995,73,68,91
9806440,61,2,59,453,28,33,63
9903408,32,11,21,55,3,29,61
9507212,89,6,83,580,22,67,140
9504405,52,5,47,240,47,5,5
9603376,6,3,3,6,2,4,15
9901245,29,4,25,90,0,29,302
9911224,11,7,4,4,2,9,42
9702308,10,5,5,9,7,3,3
9211320,50,12,38,200,50,0,0
9809368,25,3,22,49,0,25,248
9811282,20,1,19,71,6,14,34
9911258,17,1,16,64,0,17,129
9508275,58,4,54,310,30,28,61
9805368,9,3,6,9,0,9,67
9601243,83,14,69,344,2,81,440
9312214,3,2,1,1,1,2,5
9606460,31,3,28,86,7,24,24
9610517,14,5,9,23,0,14,69
9605377,23,2,21,76,3,20,140
9508316,7,1,6,13,2,5,5
9401337,7,2,5,11,3,4,4
9606342,77,2,75,386,18,59,143
9308365,26,10,16,36,13,13,13
9411357,6,1,5,5,2,4,4
9903465,31,1,30,140,0,31,342
9703427,50,3,47,295,2,48,264
9305282,36,4,32,122,6,30,84
9908404,21,10,11,29,0,21,116
12096,13,1,12,22,0,13,62
9711262,77,3,74,753,4,73,392
6175,17,5,12,27,0,17,106
9211248,88,16,72,270,53,35,40
9309335,35,7,28,73,30,5,5
9609529,59,1,58,395,2,57,364
9705228,32,2,30,96,0,32,251
9605259,73,14,59,248,17,56,166
9507445,29,7,22,73,8,21,67
9808289,23,8,15,26,4,19,69
108096,15,8,7,12,0,15,66
9906376,20,8,12,26,4,16,55
9511255,39,2,37,201,4,35,132
9806266,22,12,10,15,2,20,162
9703442,43,20,23,37,9,34,108
102295,3,1,2,3,0,3,25
9602292,16,4,12,20,1,15,17
6301,1,1,0,0,0,1,3
9303281,132,15,117,780,47,85,103
9612480,45,4,41,127,2,43,158
9502378,43,4,39,173,13,30,82
9801456,34,4,30,115,0,34,287
9606445,15,6,9,13,2,13,23
9212235,150,29,121,973,57,93,159
9603388,18,3,15,55,2,16,49
9503349,10,3,7,10,10,0,0
9612331,11,4,7,15,3,8,8
9707338,30,13,17,34,1,29,92
9601392,9,2,7,21,5,4,4
4267,16,1,15,46,0,16,80
9808351,5,4,1,1,1,4,6
9611278,5,3,2,3,2,3,21
9305319,63,19,44,107,23,40,40
9703445,49,17,32,84,15,34,85
9804321,29,13,16,30,29,0,0
9410258,19,2,17,78,8,11,11
9904491,16,7,9,21,0,16,83
9507216,92,16,76,379,17,75,129
9404343,24,6,18,53,0,24,47
6346,12,4,8,17,0,12,72
9807421,62,7,55,267,1,61,428
9903260,47,5,42,285,0,47,446
9308344,6,2,4,8,6,0,0
5039,3,2,1,1,0,3,6
9702415,8,3,5,8,0,8,44
9302240,30,9,21,39,30,0,0
9509312,46,9,37,195,4,42,99
106176,6,1,5,8,0,6,34
9603325,9,3,6,11,4,5,6
9801435,4,2,2,2,1,3,6
7109,24,11,13,32,2,22,147
4046,5,3,2,5,0,5,50
9612347,11,9,2,2,3,8,33
10234,7,1,6,7,0,7,63
9704398,19,7,12,24,5,14,20
9501262,10,7,3,5,10,0,0
9902274,4,2,2,2,0,4,25
101032,24,1,23,71,2,22,105
9604313,62,3,59,336,17,45,260
9809397,6,2,4,4,0,6,25
9908349,10,8,2,3,1,9,67
7294,53,2,51,237,4,49,159
9507465,35,4,31,100,21,14,15
103092,5,2,3,4,0,5,25
1318,20,4,16,45,0,20,137
9211267,15,7,8,16,7,8,8
9704394,16,4,12,28,2,14,58
9803341,10,1,9,35,0,10,29
9812516,4,3,1,2,0,4,21
212228,5,1,4,5,0,5,20
105323,15,4,11,35,1,14,33
9605365,6,2,4,6,0,6,21
9702300,11,3,8,11,1,10,49
9311222,102,25,77,323,41,61,119
9510327,31,11,20,61,2,29,120
9308271,207,27,180,937,150,57,63
9506459,19,6,13,35,7,12,39
9405278,7,5,2,5,0,7,47
9812345,5,2,3,4,0,5,27
9706408,15,3,12,34,0,15,61
9405226,4,3,1,1,1,3,10
9506380,219,21,198,1215,47,172,605
9403307,41,14,27,98,11,30,103
9503377,22,3,19,85,1,21,129
9608340,14,10,4,7,1,13,29
9708455,19,8,11,21,4,15,24
1226,6,3,3,3,2,4,19
9703294,5,2,3,4,0,5,5
9906470,46,5,41,196,2,44,230
9605325,10,5,5,11,0,10,44
9510252,38,10,28,58,0,38,151
9704317,26,4,22,106,0,26,117
9711379,3,3,0,0,3,0,0
9807544,4,2,2,5,0,4,25
9405407,103,9,94,757,7,96,210
6135,20,12,8,25,4,16,38
9907218,71,2,69,324,1,70,257
9712263,1,1,0,0,1,0,0
9408270,3,3,0,0,1,2,2
9511259,3,3,0,0,0,3,10
9805367,34,4,30,99,1,33,167
9904473,4,3,1,1,0,4,41
9708446,18,2,16,37,2,16,65
9703345,15,3,12,25,0,15,28
9703367,28,12,16,43,6,22,52
1005,54,7,47,215,10,44,194
9905481,105,10,95,768,11,94,373
11313,5,1,4,5,0,5,49
206271,0,0,0,0,0,0,0
12192,4,4,0,0,1,3,10
9908326,57,7,50,253,8,49,296
4001,11,7,4,7,2,9,73
9407273,44,9,35,91,10,34,159
12123,10,2,8,25,0,10,117
9803218,25,5,20,69,2,23,167
11245,23,10,13,45,0,23,132
9906456,10,5,5,14,0,10,246
9605379,11,2,9,16,11,0,0
7201,7,1,6,9,1,6,6
9905214,91,7,84,673,0,91,953
102241,36,10,26,113,0,36,146
9910545,12,4,8,16,1,11,38
9806522,8,3,5,5,3,5,11
9806290,10,6,4,7,0,10,109
9909368,15,6,9,21,5,10,13
9706334,20,7,13,23,1,19,84
9511358,9,3,6,10,4,5,13
9409350,4,2,2,3,3,1,1
9812489,88,2,86,517,2,86,653
10315,8,6,2,2,4,4,5
9509353,37,3,34,112,1,36,74
212315,0,0,0,0,0,0,0
10080,22,10,12,24,1,21,169
206293,3,3,0,0,0,3,15
108033,10,9,1,1,0,10,62
209219,6,3,3,5,0,6,19
109287,44,5,39,346,0,44,432
111230,15,3,12,46,0,15,102
2178,49,7,42,161,0,49,332
9609381,247,3,244,2341,50,197,426
9305269,38,7,31,135,38,0,0
212269,3,3,0,0,0,3,17
11095,6,2,4,7,0,6,28
203091,13,6,7,11,0,13,123
107030,8,1,7,17,0,8,63
9411241,24,4,20,52,8,16,32
9706494,11,2,9,18,0,11,35
9803257,22,13,9,17,2,20,90
9912397,3,3,0,0,0,3,8
9312278,13,7,6,12,0,13,41
101091,25,5,20,67,0,25,84
9812488,17,5,12,25,4,13,37
2263,3,3,0,0,0,3,11
9906274,35,8,27,110,4,31,376
11021,1,1,0,0,0,1,4
9809468,9,3,6,8,0,9,121
9410343,12,5,7,20,2,10,19
9303264,16,6,10,19,16,0,0
7315,29,1,28,132,0,29,180
9608261,6,3,3,8,0,6,8
9411303,73,4,69,502,19,54,188
9508409,51,8,43,127,1,50,156
9502270,41,3,38,141,30,11,11
9312322,3,3,0,0,2,1,1
108258,4,4,0,0,1,3,12
9603233,10,6,4,5,1,9,28
9608373,9,4,5,6,1,8,40
9512203,23,6,17,68,7,16,16
9211211,23,11,12,19,13,10,22
2134,21,5,16,48,1,20,114
9912308,6,2,4,6,0,6,40
9909429,39,8,31,107,0,39,445
9208206,18,7,11,32,18,0,0
9408331,12,8,4,4,5,7,7
9712447,7,1,6,13,0,7,33
9805509,19,4,15,43,2,17,36
9411267,28,8,20,53,10,18,36
103182,50,9,41,205,0,50,611
9912226,23,3,20,106,0,23,254
9904501,10,6,4,4,4,6,6
9602358,6,3,3,4,6,0,0
9707503,2,1,1,1,2,0,0
104117,8,3,5,9,0,8,69
9707208,37,12,25,69,2,35,128
9512250,7,2,5,5,1,6,16
9604264,19,5,14,26,7,12,40
9604331,8,4,4,6,0,8,16
9406274,18,1,17,41,18,0,0
9604217,15,3,12,40,1,14,79
9601317,10,7,3,3,2,8,15
106306,7,4,3,6,2,5,10
106347,16,7,9,19,2,14,88
8091,11,5,6,10,0,11,51
9907210,3,2,1,2,3,0,0
9811396,2,1,1,1,0,2,4
9512223,2,1,1,1,2,0,0
9602227,1,1,0,0,0,1,1
9706448,5,2,3,4,2,3,19
9707291,92,12,80,410,4,88,429
9411433,7,4,3,3,3,4,9
9808481,5,2,3,5,1,4,7
9706457,9,5,4,6,1,8,60
9212224,24,11,13,45,18,6,6
9410281,56,7,49,187,11,45,183
9610335,5,2,3,4,0,5,25
9507208,1,1,0,0,0,1,1
9804365,4,2,2,2,0,4,22
9811308,28,6,22,86,4,24,50
6229,26,7,19,50,0,26,154
9707398,27,4,23,106,7,20,30
9603335,15,6,9,14,1,14,50
9303235,5,4,1,1,5,0,0
9802239,25,5,20,63,2,23,61
9601390,6,3,3,6,2,4,18
9801204,10,2,8,13,1,9,69
9905242,46,7,39,154,6,40,224
9903540,20,4,16,52,0,20,201
9707380,11,3,8,16,11,0,0
9312297,1,1,0,0,1,0,0
9604405,1,1,0,0,1,0,0
9707392,7,2,5,15,3,4,5
8228,5,3,2,2,1,4,31
9712300,18,3,15,31,0,18,75
9287,16,5,11,27,2,14,131
9708215,6,2,4,7,3,3,3
9811438,6,3,3,6,0,6,51
9705354,12,5,7,30,1,11,18
9405392,10,4,6,10,10,0,0
9407409,3,3,0,0,2,1,1
9703254,9,5,4,9,1,8,49
9601233,31,15,16,29,14,17,40
9607317,24,7,17,52,1,23,91
9503425,19,9,10,12,3,16,59
9702313,1,1,0,0,1,0,0
9904276,13,3,10,32,0,13,87
109125,31,5,26,103,2,29,231
101264,2,2,0,0,1,1,8
9504398,12,3,9,16,5,7,11
9905358,10,2,8,20,0,10,56
9704313,2,2,0,0,0,2,3
9511371,13,6,7,11,2,11,12
207242,5,1,4,8,0,5,38
9709235,1,1,0,0,0,1,10
106199,1,1,0,0,0,1,3
9608368,10,4,6,21,0,10,55
6018,2,1,1,1,0,2,5
11164,2,2,0,0,0,2,26
9811275,29,6,23,56,5,24,114
9508412,7,1,6,10,0,7,17
11357,6,2,4,5,0,6,25
9603351,9,7,2,3,0,9,17
9912515,10,3,7,16,0,10,24
9604287,5,4,1,1,3,2,2
9606208,7,4,3,6,0,7,14
9906396,7,2,5,7,0,7,25
9911534,8,4,4,4,0,8,57
9906459,8,2,6,14,0,8,45
9410273,20,5,15,19,10,10,18
12151,1,1,0,0,0,1,3
9408383,14,7,7,11,3,11,11
201298,3,3,0,0,0,3,11
104260,12,2,10,29,1,11,33
9506292,7,5,2,3,3,4,4
9902375,24,16,8,11,18,6,9
207183,2,2,0,0,0,2,6
9608272,22,7,15,44,0,22,151
9912481,2,1,1,1,0,2,3
9305270,2,1,1,1,2,0,0
103044,14,3,11,35,0,14,50
6354,7,3,4,9,0,7,107
108109,5,4,1,1,1,4,22
9701366,9,7,2,2,0,9,15
9501221,14,4,10,24,10,4,5
9908433,42,14,28,71,19,23,125
9802415,8,4,4,8,2,6,44
9612450,8,4,4,7,0,8,44
105159,17,5,12,33,0,17,83
108265,5,3,2,3,0,5,27
202218,16,7,9,12,3,13,50
9910296,5,3,2,2,0,5,71
9707492,11,4,7,20,3,8,20
11121,7,2,5,10,2,5,27
9301263,6,2,4,6,6,0,0
9809475,11,6,5,11,0,11,52
9308204,10,6,4,5,6,4,4
9501293,4,2,2,2,0,4,4
9901329,8,6,2,2,3,5,9
9509209,1,1,0,0,1,0,0
9402220,2,1,1,1,2,0,0
9507413,15,2,13,47,0,15,52
9807336,33,2,31,104,10,23,44
9506453,1,1,0,0,0,1,3
205082,2,2,0,0,0,2,7
10277,3,1,2,3,0,3,27
109066,14,5,9,17,0,14,42
9308278,6,3,3,7,0,6,18
203069,15,4,11,28,0,15,80
9501202,27,5,22,63,0,27,76
9605434,33,4,29,133,5,28,56
110036,3,2,1,1,2,1,5
107083,9,5,4,6,0,9,71
207266,3,1,2,2,0,3,25
202239,18,4,14,39,2,16,95
201262,26,5,21,121,0,26,63
104316,0,0,0,0,0,0,0
108120,23,1,22,86,0,23,256
9909563,9,3,6,10,1,8,22
9912403,11,1,10,37,1,10,26
9510209,5,2,3,6,2,3,5
103265,5,2,3,4,0,5,68
110232,2,1,1,1,0,2,3
9912436,14,8,6,7,2,12,39
9802273,11,2,9,26,2,9,26
9411207,30,9,21,61,4,26,87
9801210,7,5,2,2,0,7,43
206116,0,0,0,0,0,0,0
9401217,8,6,2,3,7,1,1
9312343,10,4,6,18,10,0,0
9706373,7,1,6,9,4,3,4
9512374,7,3,4,5,1,6,19
9905539,11,1,10,25,0,11,43
9308327,10,3,7,20,10,0,0
9510366,8,1,7,13,3,5,11
9704389,12,5,7,15,0,12,75
9706500,1,1,0,0,0,1,1
9705445,6,3,3,5,0,6,23
9808213,6,5,1,1,1,5,10
105267,13,7,6,13,1,12,67
9902408,10,1,9,35,1,9,37
9403331,8,2,6,10,1,7,7
9405327,6,3,3,4,4,2,2
9501338,5,3,2,3,0,5,5
9609310,4,2,2,2,0,4,14
9905573,4,4,0,0,4,0,0
205237,2,1,1,1,0,2,2
9705274,5,4,1,1,4,1,1
206191,1,1,0,0,0,1,5
9511380,16,9,7,12,3,13,21
9604380,5,2,3,3,2,3,4
9704314,3,2,1,1,3,0,0
9907485,3,2,1,1,0,3,51
9608407,17,4,13,36,6,11,30
107148,5,4,1,2,0,5,5
9806462,32,7,25,69,2,30,116
9609522,3,2,1,1,1,2,2
9610418,5,1,4,6,0,5,5
9706359,2,2,0,0,0,2,2
9702216,50,12,38,86,6,44,95
9803343,16,9,7,14,0,16,75
9708461,5,3,2,3,0,5,20
9903327,13,4,9,11,0,13,71
9906529,10,1,9,30,5,5,9
9607427,6,4,2,2,1,5,6
9812467,20,4,16,55,0,20,102
9705275,12,4,8,16,1,11,51
9410213,8,1,7,11,0,8,48
204006,4,1,3,4,0,4,12
102039,2,2,0,0,0,2,6
111019,3,1,2,3,0,3,7
9711434,6,3,3,7,0,6,19
9408326,33,7,26,100,12,21,21
201147,0,0,0,0,0,0,0
9609347,2,2,0,0,0,2,8
9906213,5,1,4,8,0,5,7
9712262,0,0,0,0,0,0,0
9702368,5,1,4,6,0,5,16
9606384,6,4,2,3,1,5,19
107281,2,2,0,0,0,2,20
207054,0,0,0,0,0,0,0
111044,10,4,6,11,0,10,38
9711423,5,3,2,3,0,5,33
9805251,11,4,7,13,0,11,92
9709415,5,2,3,3,5,0,0
9801323,2,1,1,1,0,2,3
9402244,2,1,1,1,2,0,0
9909275,0,0,0,0,0,0,0
205001,2,2,0,0,0,2,16
205117,5,2,3,5,0,5,35
4148,8,4,4,11,0,8,54
9906305,4,2,2,3,1,3,7
9710296,5,2,3,4,0,5,6
9403262,4,3,1,1,4,0,0
9707328,4,4,0,0,1,3,9
9404264,1,1,0,0,1,0,0
9512379,14,4,10,26,3,11,24
9149,6,3,3,3,0,6,28
9507420,10,2,8,18,10,0,0
9708210,2,2,0,0,2,0,0
9608470,9,5,4,6,0,9,44
9408393,1,1,0,0,0,1,1
9804458,8,5,3,5,0,8,63
9809566,12,4,8,13,8,4,5
9807519,6,1,5,10,0,6,25
110318,1,1,0,0,0,1,11
205302,1,1,0,0,0,1,14
9912431,11,6,5,7,0,11,21
8181,4,1,3,4,0,4,22
9806268,20,9,11,22,3,17,42
9906203,3,2,1,1,2,1,1
9408248,13,10,3,3,0,13,30
12291,4,2,2,3,0,4,42
9911366,12,1,11,33,0,12,76
101224,22,15,7,8,1,21,124
9605237,9,4,5,12,1,8,12
9804281,17,5,12,24,1,16,41
9303220,4,3,1,1,4,0,0
9710384,1,1,0,0,0,1,4
9408254,8,3,5,11,1,7,7
9612420,1,1,0,0,1,0,0
110220,1,1,0,0,0,1,7
209353,3,2,1,1,0,3,17
9611246,2,2,0,0,1,1,5
6238,30,6,24,89,5,25,97
11244,5,3,2,2,0,5,45
4143,19,10,9,14,1,18,67
9704348,8,2,6,6,6,2,2
209047,3,3,0,0,2,1,7
9712450,1,1,0,0,1,0,0
9091,11,4,7,13,0,11,74
112297,7,3,4,5,0,7,57
9906267,6,3,3,5,0,6,14
9910204,13,1,12,48,0,13,32
9506426,3,3,0,0,3,0,0
10101,6,4,2,2,1,5,17
207352,6,5,1,1,0,6,39
112121,2,2,0,0,0,2,5
7346,7,5,2,2,2,5,27
9811242,4,4,0,0,3,1,1
9911358,4,2,2,3,1,3,7
9502309,22,11,11,33,1,21,84
9606406,9,6,3,4,1,8,19
6206,2,1,1,1,0,2,10
210112,1,1,0,0,0,1,5
201142,3,2,1,1,1,2,2
9803292,4,3,1,1,2,2,2
9912501,7,1,6,12,0,7,14
9309314,3,1,2,2,3,0,0
6062,1,1,0,0,0,1,3
9903296,1,1,0,0,1,0,0
9706357,3,2,1,1,0,3,18
102337,11,3,8,18,0,11,186
9412353,4,2,2,2,0,4,9
209059,10,6,4,5,0,10,108
209014,14,4,10,23,0,14,153
110224,0,0,0,0,0,0,0
9805417,4,1,3,6,0,4,6
9611316,16,7,9,20,0,16,86
202087,8,3,5,6,0,8,43
1102,5,2,3,4,0,5,11
9507315,1,1,0,0,0,1,2
212151,1,1,0,0,0,1,19
10352,6,1,5,13,0,6,31
111321,0,0,0,0,0,0,0
111125,1,1,0,0,0,1,10
9808288,1,1,0,0,0,1,11
208078,9,5,4,5,0,9,71
202275,5,4,1,1,0,5,123
9902286,3,1,2,2,0,3,15
9907504,17,6,11,27,0,17,58
9408351,4,3,1,1,4,0,0
110164,1,1,0,0,0,1,7
9905445,1,1,0,0,0,1,4
207014,2,2,0,0,0,2,7
102303,11,4,7,13,1,10,59
302076,0,0,0,0,0,0,0
9606229,12,6,6,17,1,11,45
9807225,2,2,0,0,0,2,5
9606261,11,6,5,10,1,10,53
9302283,7,2,5,10,7,0,0
10291,2,2,0,0,0,2,8
9904496,4,3,1,1,0,4,38
9805223,3,2,1,1,0,3,23
9907378,6,4,2,4,3,3,3
9706313,5,3,2,3,0,5,9
9706400,3,3,0,0,0,3,10
9405244,3,3,0,0,0,3,11
106217,2,1,1,1,2,0,0
106229,1,1,0,0,0,1,1
9611228,5,4,1,2,0,5,32
9208253,11,4,7,9,11,0,0
110202,1,1,0,0,0,1,11
9406341,2,2,0,0,1,1,1
9911471,4,2,2,3,0,4,8
9407224,2,2,0,0,0,2,2
9908321,9,1,8,20,5,4,4
9908474,2,2,0,0,0,2,15
9612361,2,2,0,0,2,0,0
5306,4,3,1,1,0,4,24
9909414,2,2,0,0,1,1,1
204222,1,1,0,0,0,1,1
9606301,4,4,0,0,1,3,4
10090,2,2,0,0,1,1,2
9305233,3,1,2,2,3,0,0
9709340,1,1,0,0,0,1,5
4007,3,3,0,0,1,2,5
9606322,1,1,0,0,1,0,0
9811418,0,0,0,0,0,0,0
9810329,6,1,5,11,0,6,20
9510205,1,1,0,0,0,1,2
9809567,16,4,12,19,3,13,32
9611250,2,1,1,1,2,0,0
9608327,5,2,3,5,5,0,0
9812503,3,2,1,2,3,0,0
9906246,0,0,0,0,0,0,0
9192,2,1,1,1,2,0,0
209222,5,1,4,4,0,5,31
106186,3,3,0,0,0,3,25
212020,5,4,1,2,0,5,81
106267,8,2,6,11,0,8,120
212291,1,1,0,0,0,1,3
209125,2,1,1,1,0,2,21
9249,0,0,0,0,0,0,0
9409383,1,1,0,0,1,0,0
202008,3,3,0,0,0,3,6
8284,2,2,0,0,2,0,0
9809565,1,1,0,0,0,1,8
9503403,5,5,0,0,5,0,0
9305238,5,1,4,8,5,0,0
1180,3,2,1,1,2,1,8
11260,4,2,2,3,1,3,10
212021,0,0,0,0,0,0,0
9812238,2,2,0,0,0,2,7
112219,3,2,1,1,1,2,4
9812224,5,4,1,1,3,2,4
203131,10,6,4,6,0,10,102
4194,1,1,0,0,0,1,1
9506298,8,7,1,1,1,7,16
203044,1,1,0,0,0,1,3
9706516,13,6,7,27,7,6,7
207171,0,0,0,0,0,0,0
9305255,1,1,0,0,1,0,0
9703394,0,0,0,0,0,0,0
9708224,2,2,0,0,0,2,11
1214,10,5,5,6,0,10,37
6276,5,4,1,1,4,1,1
9611235,1,1,0,0,0,1,1
9603264,2,2,0,0,1,1,3
9509403,1,1,0,0,1,0,0
9611265,4,4,0,0,0,4,12
6279,1,1,0,0,1,0,0
9611294,1,1,0,0,1,0,0
3134,5,2,3,3,0,5,23
9904447,2,1,1,1,0,2,2
6069,4,4,0,0,1,3,3
11292,4,2,2,3,2,2,4
9609319,2,2,0,0,2,0,0
208093,1,1,0,0,0,1,6
9909532,3,3,0,0,0,3,9
9911499,3,3,0,0,0,3,11
4111,3,2,1,1,0,3,25
9512330,3,3,0,0,0,3,12
202223,3,1,2,3,0,3,10
9812242,0,0,0,0,0,0,0
9710321,1,1,0,0,0,1,2
9510247,1,1,0,0,0,1,3
11235,1,1,0,0,0,1,4
9706237,0,0,0,0,0,0,0
9910432,10,4,6,10,0,10,31
209066,3,2,1,1,0,3,8
10246,6,1,5,7,1,5,12
9601319,5,1,4,5,0,5,11
9601297,7,2,5,9,4,3,5
5288,2,1,1,1,0,2,3
9211252,5,2,3,4,5,0,0
11303,1,1,0,0,0,1,5
9503444,5,3,2,3,5,0,0
9403234,0,0,0,0,0,0,0
104192,2,1,1,1,0,2,17
9507340,6,4,2,3,2,4,6
205046,3,2,1,1,0,3,6
9306287,2,1,1,1,2,0,0
9810306,3,3,0,0,1,2,2
9610289,0,0,0,0,0,0,0
9605304,4,3,1,2,1,3,8
9606350,2,1,1,1,1,1,2
101053,5,3,2,3,0,5,11
10104,4,1,3,3,0,4,26
9812346,9,1,8,20,2,7,7
302193,0,0,0,0,0,0,0
204198,0,0,0,0,0,0,0
9906548,6,4,2,2,2,4,4
201029,0,0,0,0,0,0,0
9704405,15,2,13,47,0,15,105
9610281,4,4,0,0,4,0,0
9507409,4,3,1,1,3,1,1
104055,1,1,0,0,0,1,2
9802367,6,2,4,10,0,6,58
9704290,2,2,0,0,1,1,4
9605381,1,1,0,0,1,0,0
9407334,4,3,1,1,0,4,5
9906253,7,2,5,9,2,5,14
202188,0,0,0,0,0,0,0
9408241,3,3,0,0,3,0,0
9708234,1,1,0,0,0,1,3
12120,6,3,3,8,1,5,18
9706250,1,1,0,0,0,1,2
9702262,7,2,5,9,1,6,8
9411405,2,1,1,1,0,2,2
9310318,4,1,3,5,4,0,0
9606313,4,4,0,0,0,4,7
9711364,0,0,0,0,0,0,0
9406281,6,5,1,1,2,4,6
9510426,1,1,0,0,0,1,6
10094,0,0,0,0,0,0,0
9608283,1,1,0,0,0,1,3
109009,1,1,0,0,1,0,0
9904489,2,1,1,1,1,1,1
9510407,10,3,7,17,0,10,41
9601381,1,1,0,0,1,0,0
9911284,4,3,1,1,1,3,9
111236,2,2,0,0,0,2,7
202077,1,1,0,0,0,1,4
208257,1,1,0,0,0,1,5
9910526,2,2,0,0,0,2,3
9004,4,2,2,3,0,4,8
9804230,4,3,1,2,3,1,2
108237,0,0,0,0,0,0,0
101329,1,1,0,0,1,0,0
9903323,2,2,0,0,1,1,1
9609356,1,1,0,0,0,1,1
9904457,9,2,7,17,1,8,17
9904405,0,0,0,0,0,0,0
212236,0,0,0,0,0,0,0
12015,13,4,9,22,0,13,54
109210,0,0,0,0,0,0,0
210039,0,0,0,0,0,0,0
9905336,2,2,0,0,0,2,6
9211201,1,1,0,0,1,0,0
9907465,2,2,0,0,0,2,10
9403343,2,1,1,1,0,2,2
9409311,0,0,0,0,0,0,0
111026,15,5,10,16,2,13,227
9906499,2,2,0,0,0,2,6
9210210,3,1,2,2,3,0,0
301130,2,2,0,0,0,2,21
104310,0,0,0,0,0,0,0
9801243,1,1,0,0,0,1,2
9911391,1,1,0,0,0,1,3
8072,1,1,0,0,0,1,7
9902336,9,6,3,4,9,0,0
9907454,3,3,0,0,1,2,6
9409402,3,2,1,1,3,0,0
9502369,2,2,0,0,2,0,0
9711219,0,0,0,0,0,0,0
9908511,1,1,0,0,0,1,3
9810321,2,2,0,0,0,2,5
103027,1,1,0,0,0,1,1
12242,1,1,0,0,0,1,5
206004,3,3,0,0,0,3,11
9291,4,1,3,4,4,0,0
9810378,0,0,0,0,0,0,0
3135,4,1,3,4,0,4,15
110148,4,2,2,2,0,4,10
9812434,2,2,0,0,2,0,0
9608386,1,1,0,0,1,0,0
9501291,0,0,0,0,0,0,0
9710461,1,1,0,0,0,1,1
9712533,5,3,2,2,0,5,10
201044,3,3,0,0,1,2,8
209158,8,5,3,3,0,8,59
9811485,3,2,1,1,1,2,11
9010,5,3,2,2,1,4,13
9812530,4,1,3,6,0,4,37
9711274,2,2,0,0,1,1,1
208259,1,1,0,0,0,1,2
9612306,1,1,0,0,0,1,1
9708413,1,1,0,0,0,1,4
211171,1,1,0,0,1,0,0
101337,1,1,0,0,0,1,8
9912472,2,2,0,0,0,2,6
106020,1,1,0,0,0,1,6
9805332,7,3,4,9,0,7,37
9911227,2,2,0,0,1,1,2
9704446,0,0,0,0,0,0,0
107076,1,1,0,0,0,1,3
9805290,1,1,0,0,1,0,0
9607435,1,1,0,0,0,1,1
9607371,4,2,2,3,1,3,6
9909466,0,0,0,0,0,0,0
9911325,1,1,0,0,0,1,9
9801286,0,0,0,0,0,0,0
9805465,0,0,0,0,0,0,0
3061,1,1,0,0,1,0,0
9092,1,1,0,0,0,1,8
107072,3,1,2,3,0,3,18
9612244,4,4,0,0,3,1,2
209098,3,3,0,0,1,2,3
9807220,0,0,0,0,0,0,0
9805497,2,2,0,0,0,2,10
9710502,1,1,0,0,1,0,0
108027,1,1,0,0,0,1,17
9810221,5,1,4,6,0,5,11
9059,2,2,0,0,1,1,1
12203,5,1,4,10,0,5,27
108056,2,2,0,0,0,2,14
9611441,3,2,1,1,2,1,1
210414,2,2,0,0,0,2,15
207307,1,1,0,0,0,1,1
204324,0,0,0,0,0,0,0
9701270,1,1,0,0,0,1,1
107272,1,1,0,0,1,0,0
10287,2,2,0,0,0,2,2
9510317,0,0,0,0,0,0,0
9910207,2,2,0,0,0,2,2
110380,0,0,0,0,0,0,0
207284,0,0,0,0,0,0,0
9803327,1,1,0,0,1,0,0
212063,0,0,0,0,0,0,0
203111,0,0,0,0,0,0,0
301064,1,1,0,0,0,1,9
9410315,2,1,1,1,2,0,0
9205224,0,0,0,0,0,0,0
9812509,2,2,0,0,1,1,1
103264,1,1,0,0,1,0,0
9811372,1,1,0,0,0,1,1
202073,2,2,0,0,0,2,7
9906347,2,2,0,0,0,2,7
9212293,1,1,0,0,1,0,0
207226,3,2,1,1,0,3,50
9712241,0,0,0,0,0,0,0
203119,5,3,2,3,0,5,24
9308,11,2,9,17,0,11,37
212278,0,0,0,0,0,0,0
9510429,1,1,0,0,0,1,1
9710243,2,2,0,0,0,2,2
9312330,1,1,0,0,0,1,1
9706521,0,0,0,0,0,0,0
9501294,0,0,0,0,0,0,0
203141,3,3,0,0,1,2,3
9706358,1,1,0,0,1,0,0
9507270,0,0,0,0,0,0,0
301012,0,0,0,0,0,0,0
9610434,1,1,0,0,0,1,2
9608475,3,1,2,2,0,3,9
3132,0,0,0,0,0,0,0
104030,5,1,4,9,0,5,10
208219,3,3,0,0,0,3,13
9708354,0,0,0,0,0,0,0
9903342,0,0,0,0,0,0,0
105039,0,0,0,0,0,0,0
9409385,0,0,0,0,0,0,0
7132,1,1,0,0,0,1,7
9911494,2,2,0,0,0,2,5
101283,1,1,0,0,0,1,1
5299,0,0,0,0,0,0,0
9308301,1,1,0,0,1,0,0
102283,5,2,3,4,1,4,8
9802247,2,2,0,0,0,2,4
9401353,4,2,2,3,3,1,1
204216,2,2,0,0,0,2,7
9509224,1,1,0,0,1,0,0
9703297,0,0,0,0,0,0,0
302021,0,0,0,0,0,0,0
209055,0,0,0,0,0,0,0
3040,2,2,0,0,1,1,1
9506234,0,0,0,0,0,0,0
9302294,2,2,0,0,2,0,0
9512310,1,1,0,0,0,1,1
106254,0,0,0,0,0,0,0
111231,0,0,0,0,0,0,0
207023,1,1,0,0,0,1,2
205231,1,1,0,0,0,1,4
9809394,1,1,0,0,0,1,4
9812432,1,1,0,0,0,1,4
9801248,3,2,1,1,0,3,9
9412288,0,0,0,0,0,0,0
9804270,1,1,0,0,1,0,0
302073,1,1,0,0,0,1,8
301045,0,0,0,0,0,0,0
9912392,1,1,0,0,1,0,0
9610474,3,3,0,0,3,0,0
2143,4,4,0,0,0,4,12
102004,0,0,0,0,0,0,0
9309296,0,0,0,0,0,0,0
9903219,0,0,0,0,0,0,0
9605247,0,0,0,0,0,0,0
9910243,1,1,0,0,0,1,1
9701326,1,1,0,0,1,0,0
202021,4,2,2,2,0,4,24
9407331,0,0,0,0,0,0,0
4011,1,1,0,0,0,1,2
9803302,0,0,0,0,0,0,0
11088,5,1,4,7,5,0,0
9805363,3,2,1,1,0,3,12
9404363,1,1,0,0,1,0,0
9504213,2,1,1,1,2,0,0
9909257,2,2,0,0,0,2,2
9706248,0,0,0,0,0,0,0
11321,3,2,1,1,0,3,57
9905544,1,1,0,0,0,1,1
9606265,1,1,0,0,0,1,1
108146,1,1,0,0,0,1,3
205114,1,1,0,0,0,1,17
9508232,3,1,2,3,2,1,1
212072,1,1,0,0,1,0,0
9608246,2,2,0,0,0,2,2
9809428,1,1,0,0,0,1,3
210266,0,0,0,0,0,0,0
9503322,1,1,0,0,1,0,0
209034,0,0,0,0,0,0,0
9710215,0,0,0,0,0,0,0
9404358,1,1,0,0,1,0,0
205086,0,0,0,0,0,0,0
210301,1,1,0,0,0,1,6
210032,2,2,0,0,0,2,18
8055,0,0,0,0,0,0,0
208187,0,0,0,0,0,0,0
6117,0,0,0,0,0,0,0
10263,1,1,0,0,0,1,1
211347,0,0,0,0,0,0,0
9912269,0,0,0,0,0,0,0
9705335,2,2,0,0,0,2,5
4230,3,3,0,0,0,3,6
9179,0,0,0,0,0,0,0
207252,0,0,0,0,0,0,0
9710235,2,2,0,0,2,0,0
9911368,0,0,0,0,0,0,0
10236,0,0,0,0,0,0,0
9503435,0,0,0,0,0,0,0
10317,0,0,0,0,0,0,0
105290,0,0,0,0,0,0,0
3232,1,1,0,0,0,1,13
9710480,0,0,0,0,0,0,0
202075,0,0,0,0,0,0,0
9903530,1,1,0,0,0,1,5
9904451,1,1,0,0,0,1,2
9405286,0,0,0,0,0,0,0
209032,0,0,0,0,0,0,0
9711380,0,0,0,0,0,0,0
9503342,0,0,0,0,0,0,0
9802257,0,0,0,0,0,0,0
9805258,1,1,0,0,0,1,3
205318,2,1,1,1,0,2,12
111189,2,2,0,0,0,2,5
211330,0,0,0,0,0,0,0
9511248,0,0,0,0,0,0,0
107305,0,0,0,0,0,0,0
111353,2,1,1,1,0,2,4
211334,2,2,0,0,1,1,9
5150,0,0,0,0,0,0,0
9905251,3,1,2,3,0,3,19
4150,2,2,0,0,0,2,5
9809471,0,0,0,0,0,0,0
9810218,0,0,0,0,0,0,0
2085,2,1,1,1,2,0,0
101320,1,1,0,0,0,1,7
5205,0,0,0,0,0,0,0
6170,0,0,0,0,0,0,0
9711408,2,1,1,1,1,1,1
9504362,1,1,0,0,0,1,2
202117,1,1,0,0,0,1,2
4202,0,0,0,0,0,0,0
9901359,0,0,0,0,0,0,0
9905393,0,0,0,0,0,0,0
211060,0,0,0,0,0,0,0
9605418,1,1,0,0,1,0,0
9509218,0,0,0,0,0,0,0
9506274,1,1,0,0,0,1,2
211137,0,0,0,0,0,0,0
9603257,0,0,0,0,0,0,0
209063,1,1,0,0,0,1,13
201048,5,5,0,0,0,5,14
5047,1,1,0,0,1,0,0
9908478,2,1,1,1,2,0,0
109289,1,1,0,0,0,1,1
9506312,0,0,0,0,0,0,0
104207,0,0,0,0,0,0,0
9707238,0,0,0,0,0,0,0
207169,1,1,0,0,0,1,6
9905342,1,1,0,0,0,1,12
5092,1,1,0,0,0,1,1
104165,3,1,2,2,3,0,0
212360,1,1,0,0,0,1,3
9701310,0,0,0,0,0,0,0
11301,1,1,0,0,0,1,1
8219,1,1,0,0,1,0,0
302035,1,1,0,0,0,1,22
9606330,1,1,0,0,1,0,0
10047,1,1,0,0,0,1,2
302171,0,0,0,0,0,0,0
206188,0,0,0,0,0,0,0
9802360,0,0,0,0,0,0,0
9507206,3,1,2,3,1,2,6
9510432,0,0,0,0,0,0,0
106028,0,0,0,0,0,0,0
9901311,0,0,0,0,0,0,0
212234,0,0,0,0,0,0,0
9812468,0,0,0,0,0,0,0
208061,3,2,1,1,0,3,13
105036,1,1,0,0,0,1,1
9803442,3,3,0,0,0,3,9
9406408,0,0,0,0,0,0,0
206236,1,1,0,0,0,1,2
110288,0,0,0,0,0,0,0
112272,1,1,0,0,0,1,2
9709216,0,0,0,0,0,0,0
12375,2,1,1,1,0,2,8
109261,0,0,0,0,0,0,0
202052,0,0,0,0,0,0,0
204304,0,0,0,0,0,0,0
9910370,0,0,0,0,0,0,0
108133,2,2,0,0,1,1,1
9405395,0,0,0,0,0,0,0
9912342,0,0,0,0,0,0,0
9810231,0,0,0,0,0,0,0
9506286,1,1,0,0,0,1,2
301087,0,0,0,0,0,0,0
9909252,2,1,1,1,0,2,11
212114,0,0,0,0,0,0,0
302184,1,1,0,0,0,1,10
106273,0,0,0,0,0,0,0
9807227,1,1,0,0,0,1,13
11128,0,0,0,0,0,0,0
9904251,0,0,0,0,0,0,0
9405339,0,0,0,0,0,0,0
9905382,0,0,0,0,0,0,0
112192,0,0,0,0,0,0,0
111235,0,0,0,0,0,0,0
110051,0,0,0,0,0,0,0
9807467,0,0,0,0,0,0,0
9410207,0,0,0,0,0,0,0
9510405,0,0,0,0,0,0,0
106051,0,0,0,0,0,0,0
9506441,0,0,0,0,0,0,0
1094,0,0,0,0,0,0,0
9406336,0,0,0,0,0,0,0
9908285,0,0,0,0,0,0,0
9608367,0,0,0,0,0,0,0
9608202,0,0,0,0,0,0,0
9802243,0,0,0,0,0,0,0
301178,0,0,0,0,0,0,0
9806370,0,0,0,0,0,0,0
202148,0,0,0,0,0,0,0
102220,0,0,0,0,0,0,0
9801389,1,1,0,0,1,0,0
9604427,0,0,0,0,0,0,0
9712472,0,0,0,0,0,0,0
9704237,0,0,0,0,0,0,0
206286,0,0,0,0,0,0,0
111399,1,1,0,0,0,1,3
9809388,1,1,0,0,1,0,0
9707231,0,0,0,0,0,0,0
103220,0,0,0,0,0,0,0
210107,0,0,0,0,0,0,0
101254,0,0,0,0,0,0,0
8060,0,0,0,0,0,0,0
102340,0,0,0,0,0,0,0
2025,1,1,0,0,0,1,2
9611382,0,0,0,0,0,0,0
11015,0,0,0,0,0,0,0
211176,0,0,0,0,0,0,0
9311377,0,0,0,0,0,0,0
207150,1,1,0,0,0,1,4
9902262,0,0,0,0,0,0,0
206129,0,0,0,0,0,0,0
3193,0,0,0,0,0,0,0
9502203,0,0,0,0,0,0,0
8194,0,0,0,0,0,0,0
9806326,0,0,0,0,0,0,0
302211,0,0,0,0,0,0,0
205339,0,0,0,0,0,0,0
10033,0,0,0,0,0,0,0
9807532,0,0,0,0,0,0,0
9604307,0,0,0,0,0,0,0
107260,0,0,0,0,0,0,0
9801289,0,0,0,0,0,0,0
12302,0,0,0,0,0,0,0
108203,0,0,0,0,0,0,0
110392,1,1,0,0,0,1,1
111292,0,0,0,0,0,0,0
210315,0,0,0,0,0,0,0
9712326,0,0,0,0,0,0,0
9311275,0,0,0,0,0,0,0
9612432,0,0,0,0,0,0,0
212296,0,0,0,0,0,0,0
209291,0,0,0,0,0,0,0
9605343,0,0,0,0,0,0,0
9708235,1,1,0,0,1,0,0
9070,0,0,0,0,0,0,0
9809299,0,0,0,0,0,0,0
9504386,0,0,0,0,0,0,0
9901234,0,0,0,0,0,0,0
105316,0,0,0,0,0,0,0
9211279,1,1,0,0,1,0,0
9909272,0,0,0,0,0,0,0
105272,0,0,0,0,0,0,0
9408405,0,0,0,0,0,0,0
11224,0,0,0,0,0,0,0
9811269,0,0,0,0,0,0,0
302275,0,0,0,0,0,0,0
9503474,12,3,9,16,8,4,4
9911280,31,5,26,163,6,25,82
8273,38,4,34,158,1,37,299
9804363,150,17,133,700,15,135,719
9308262,115,15,100,532,3,112,233
9409287,65,9,56,300,9,56,154
11269,8,5,3,5,4,4,7
9610455,19,8,11,16,3,16,74
3090,5,4,1,1,4,1,1
9807223,17,8,9,12,0,17,72
211047,3,1,2,2,0,3,12
9406228,9,3,6,7,2,7,18
201023,8,3,5,8,0,8,22
1304,7,2,5,9,2,5,26
9409312,2,2,0,0,0,2,4
9612424,46,12,34,186,3,43,253
9807340,31,7,24,80,1,30,186
9207267,10,4,6,7,10,0,0
9209244,10,3,7,11,10,0,0
9702381,34,14,20,51,1,33,108
1169,11,3,8,21,0,11,75
201227,4,3,1,1,0,4,18
9804235,45,13,32,83,13,32,140
3246,83,13,70,323,1,82,576
9501339,36,11,25,89,14,22,84
9507343,16,4,12,26,6,10,10
9503268,4,1,3,3,0,4,7
9610457,3,2,1,1,1,2,9
9607319,21,7,14,36,0,21,56
9403312,21,5,16,52,13,8,8
9403259,6,3,3,4,6,0,0
9403345,14,8,6,13,7,7,7
9505425,150,17,133,684,150,0,0
9806540,140,7,133,955,2,138,209
9904210,49,3,46,185,2,47,575
9604364,70,7,63,408,8,62,312
9506350,58,10,48,189,10,48,110
9607419,13,2,11,20,1,12,12
9901254,56,6,50,282,4,52,177
9911238,8,4,4,5,1,7,18
9209215,71,18,53,165,71,0,0
9308348,15,7,8,12,12,3,3
9809401,25,8,17,40,14,11,17
9812426,46,2,44,305,15,31,66
9912231,98,13,85,373,17,81,291
9509327,78,6,72,544,22,56,143
9806256,7,5,2,2,1,6,19
9711259,24,2,22,108,13,11,18
9711339,12,1,11,32,7,5,7
9607239,45,9,36,140,26,19,32
9702400,15,9,6,9,4,11,35
9606251,69,1,68,527,1,68,215
9710389,7,5,2,2,3,4,8
9807502,10,1,9,33,0,10,58
9606423,72,4,68,293,4,68,168
9403330,25,8,17,87,4,21,44
9501244,21,9,12,15,15,6,6
9905549,30,6,24,111,0,30,467
9703433,42,3,39,238,3,39,163
9308238,4,3,1,1,2,2,2
9909202,38,3,35,212,2,36,83
101336,51,14,37,149,1,50,1093
9711469,82,2,80,651,9,73,184
8210,7,4,3,4,0,7,30
9707521,60,4,56,233,3,57,394
9405345,37,8,29,140,4,33,41
9610233,88,9,79,867,2,86,370
9705271,59,14,45,200,3,56,384
9807514,1,1,0,0,1,0,0
9508314,15,6,9,23,10,5,8
9328,10,6,4,6,1,9,50
108121,10,7,3,4,1,9,87
9907391,25,3,22,90,0,25,104
9606279,6,2,4,6,1,5,11
9812375,49,8,41,128,15,34,49
9909260,26,10,16,29,4,22,227
104101,9,4,5,6,1,8,66
9701342,20,8,12,27,12,8,17
9403264,64,5,59,235,55,9,9
9212206,26,4,22,78,26,0,0
9707222,9,4,5,13,0,9,21
9505314,8,4,4,5,2,6,7
9803314,33,7,26,88,5,28,226
9609451,19,2,17,82,15,4,5
9212248,53,13,40,225,15,38,64
9207227,20,5,15,64,20,0,0
9511321,17,2,15,36,6,11,22
9701379,10,1,9,16,0,10,10
9707349,1,1,0,0,0,1,2
9604399,2,1,1,1,2,0,0
9805424,50,5,45,275,1,49,284
9607374,3,3,0,0,0,3,3
9702201,32,5,27,84,18,14,28
9602284,13,9,4,4,0,13,25
9706427,55,14,41,142,6,49,94
9806366,52,19,33,87,14,38,73
9703305,37,3,34,146,11,26,57
9905443,38,5,33,182,0,38,240
9507237,43,7,36,134,29,14,29
9505430,3,2,1,1,3,0,0
9402288,74,18,56,188,16,58,109
9812205,91,6,85,718,9,82,130
9306201,15,4,11,27,15,0,0
9309270,9,5,4,5,6,3,13
5278,3,1,2,3,0,3,13
9402219,16,3,13,33,16,0,0
9401214,47,4,43,237,31,16,16
9607404,38,6,32,136,4,34,93
3326,26,5,21,81,1,25,103
9604398,31,3,28,102,8,23,93
9802440,110,13,97,824,4,106,471
11250,23,7,16,49,1,22,127
5223,11,5,6,7,0,11,62
9701393,41,3,38,191,3,38,157
10294,6,5,1,1,0,6,65
9704414,10,3,7,11,0,10,35
9304315,21,8,13,31,21,0,0
9904315,20,5,15,34,0,20,103
5114,25,13,12,32,0,25,247
9604351,86,12,74,425,14,72,351
9809480,36,13,23,58,17,19,21
9908387,9,7,2,2,0,9,69
7362,49,5,44,179,2,47,179
9601388,29,12,17,33,16,13,13
103168,11,5,6,17,0,11,71
2277,18,4,14,84,0,18,202
9211302,36,10,26,74,18,18,21
9707432,8,4,4,6,2,6,16
9807318,11,4,7,13,2,9,46
9903292,21,4,17,31,1,20,55
206020,16,1,15,65,2,14,49
205106,12,9,3,3,0,12,118
9608277,33,7,26,65,9,24,35
9305349,7,3,4,7,7,0,0
9405233,87,10,77,275,53,34,45
9511289,23,3,20,47,10,13,17
9311352,9,7,2,2,7,2,2
9811456,11,5,6,12,3,8,14
9405429,11,3,8,13,11,0,0
9904438,3,1,2,3,0,3,10
9706439,14,2,12,22,1,13,35
9406202,23,11,12,20,14,9,15
9508321,100,9,91,682,9,91,294
9404212,30,7,23,82,13,17,27
9504382,4,2,2,3,1,3,6
9803484,7,4,3,4,5,2,2
9708481,32,2,30,114,17,15,23
3221,20,7,13,21,0,20,71
9705362,3,1,2,3,0,3,7
9906481,57,7,50,208,5,52,386
9807281,14,8,6,7,1,13,36
9603342,35,10,25,84,10,25,88
9705414,25,4,21,58,0,25,376
9807326,14,7,7,14,0,14,55
9702433,22,4,18,48,3,19,24
9408352,30,5,25,80,8,22,40
9501224,13,2,11,28,13,0,0
9907447,124,11,113,653,0,124,399
9808283,55,12,43,156,41,14,14
9504306,42,11,31,112,38,4,4
9512337,16,8,8,12,6,10,26
9810291,49,10,39,216,3,46,179
9510303,16,4,12,41,2,14,16
9712532,5,1,4,8,0,5,18
9706238,8,3,5,14,1,7,13
9801415,13,3,10,29,2,11,54
4043,77,6,71,401,2,75,569
9907261,64,3,61,396,0,64,330
11370,7,2,5,10,0,7,26
7120,11,9,2,5,0,11,54
103199,49,5,44,172,10,39,86
9909228,31,6,25,116,1,30,107
7073,15,4,11,33,0,15,120
9712257,27,4,23,57,2,25,125
101106,31,8,23,50,2,29,219
9811284,5,1,4,4,0,5,22
103179,59,16,43,153,20,39,139
9912211,6,1,5,9,0,6,129
9504353,24,4,20,39,24,0,0
8086,8,1,7,12,1,7,23
101115,5,2,3,4,0,5,29
9610541,21,2,19,78,21,0,0
5226,4,3,1,1,0,4,13
6154,40,5,35,188,3,37,163
9807424,18,5,13,27,2,16,43
9603408,43,6,37,101,29,14,14
9712482,22,9,13,27,1,21,69
9601352,9,3,6,10,1,8,20
9901209,95,3,92,917,0,95,932
9904446,1,1,0,0,0,1,6
10345,8,7,1,1,3,5,11
9601220,10,1,9,16,1,9,41
3261,44,3,41,405,0,44,230
108273,11,2,9,21,1,10,63
207004,23,4,19,47,0,23,146
108069,9,4,5,12,1,8,42
210023,3,3,0,0,0,3,16
110127,34,0,34,216,0,34,245
112054,8,5,3,4,0,8,69
2224,26,4,22,114,0,26,145
9702379,49,2,47,250,0,49,212
9406266,8,3,5,10,1,7,16
7100,11,3,8,18,0,11,58
12306,6,3,3,4,0,6,22
204067,5,5,0,0,1,4,42
202023,7,1,6,10,0,7,65
9501394,52,7,45,155,52,0,0
9712376,9,3,6,7,7,2,2
9706468,2,2,0,0,2,0,0
9712362,12,1,11,19,1,11,97
9407328,11,6,5,9,0,11,40
102319,10,4,6,16,0,10,38
9905369,8,6,2,3,1,7,20
4115,64,12,52,189,0,64,673
9909297,33,13,20,64,0,33,330
11064,4,3,1,1,0,4,24
9810523,3,1,2,2,0,3,9
9305310,18,8,10,25,18,0,0
9502360,13,5,8,21,7,6,6
8214,17,3,14,50,0,17,135
9610476,1,1,0,0,1,0,0
9601349,55,3,52,210,2,53,367
9605295,38,7,31,95,3,35,126
9409432,1,1,0,0,1,0,0
9407269,3,2,1,1,3,0,0
2135,9,5,4,6,0,9,25
9304281,17,6,11,21,7,10,23
9906457,3,3,0,0,0,3,6
9603359,9,3,6,7,2,7,11
9609527,14,5,9,20,0,14,102
12260,28,4,24,57,7,21,23
9705358,10,1,9,22,1,9,31
9910320,31,6,25,79,2,29,302
9506387,8,2,6,7,5,3,3
9409428,16,5,11,19,6,10,14
9802298,9,4,5,7,1,8,25
9809398,9,1,8,17,6,3,3
9504277,44,10,34,106,13,31,62
106352,20,2,18,74,0,20,166
9902276,10,6,4,9,6,4,7
9906398,3,3,0,0,3,0,0
9807303,5,2,3,4,5,0,0
105324,13,3,10,25,0,13,37
9901298,2,2,0,0,0,2,6
9510430,2,1,1,1,0,2,2
9602297,6,2,4,5,4,2,4
9611326,8,3,5,6,1,7,24
9605456,74,9,65,343,11,63,115
1272,9,5,4,5,0,9,41
9301244,92,17,75,431,92,0,0
9605240,18,6,12,18,9,9,9
202105,20,7,13,24,3,17,69
111002,5,1,4,5,2,3,5
9252,2,1,1,1,0,2,12
9907497,10,3,7,13,0,10,44
9804268,3,2,1,1,0,3,4
9605265,4,2,2,2,4,0,0
9603361,6,5,1,2,1,5,10
9706459,2,2,0,0,0,2,11
9802338,7,4,3,5,0,7,45
9408328,11,6,5,8,9,2,2
9904455,11,6,5,7,1,10,15
9707532,56,4,52,322,6,50,292
9212299,7,3,4,5,5,2,2
9410282,58,8,50,235,29,29,38
9611462,7,3,4,6,0,7,53
9407217,4,2,2,3,4,0,0
9607405,9,5,4,5,1,8,22
9909540,24,3,21,74,0,24,242
11217,7,2,5,7,0,7,35
9809297,3,2,1,1,3,0,0
9601389,2,2,0,0,0,2,4
9305209,5,4,1,1,5,0,0
9804376,8,1,7,19,0,8,24
9301290,20,3,17,53,3,17,17
9801272,40,4,36,218,0,40,496
9809453,31,6,25,73,9,22,69
9709500,4,3,1,1,1,3,4
9801253,7,3,4,4,0,7,7
9906272,2,2,0,0,1,1,3
9207242,7,6,1,1,7,0,0
9712451,12,5,7,14,4,8,17
106280,4,4,0,0,0,4,41
9812427,15,6,9,17,0,15,70
9508208,4,3,1,1,1,3,13
9507423,1,1,0,0,1,0,0
9910348,7,4,3,6,0,7,45
9812413,14,2,12,29,4,10,44
9401339,3,1,2,3,3,0,0
9502273,13,4,9,21,1,12,35
9711413,3,1,2,3,0,3,10
9602351,55,5,50,256,10,45,145
9611434,13,4,9,13,0,13,39
9511300,8,6,2,2,7,1,1
107276,1,1,0,0,1,0,0
9904448,27,6,21,106,6,21,88
107007,8,5,3,3,2,6,102
102213,6,2,4,5,0,6,35
7304,14,6,8,13,2,12,129
9906241,6,2,4,8,0,6,57
9602282,2,2,0,0,0,2,7
9311321,13,2,11,26,13,0,0
208159,6,2,4,6,0,6,47
9709315,3,1,2,2,0,3,14
9703316,15,4,11,27,12,3,3
9610397,7,2,5,7,1,6,26
105034,3,2,1,1,0,3,15
101037,4,2,2,3,1,3,3
9811294,8,7,1,1,0,8,34
9702341,6,2,4,4,0,6,53
103202,6,3,3,5,0,6,21
9911235,4,4,0,0,1,3,23
9707317,6,2,4,6,0,6,15
9701345,12,3,9,22,4,8,9
1178,5,1,4,5,0,5,27
9401347,26,10,16,34,26,0,0
9207233,7,1,6,11,7,0,0
9407402,13,5,8,19,5,8,10
9704328,0,0,0,0,0,0,0
1173,1,1,0,0,1,0,0
9710244,29,8,21,47,2,27,70
6003,6,2,4,5,0,6,11
209166,0,0,0,0,0,0,0
9604328,13,2,11,39,1,12,39
9504400,3,2,1,1,1,2,2
9403274,13,3,10,22,5,8,14
203009,5,2,3,5,0,5,24
9912297,2,2,0,0,1,1,4
9311378,1,1,0,0,0,1,2
104121,5,1,4,6,0,5,22
9910214,9,3,6,13,0,9,137
108123,1,1,0,0,1,0,0
9803497,45,10,35,105,15,30,103
9601213,4,3,1,1,1,3,3
9905222,15,7,8,19,0,15,120
9908333,9,1,8,19,0,9,40
9903486,1,1,0,0,0,1,22
202058,40,18,22,35,3,37,308
203258,27,15,12,14,0,27,76
202269,6,5,1,1,0,6,65
103004,0,0,0,0,0,0,0
9402223,15,2,13,27,7,8,8
9912511,7,3,4,7,0,7,30
9511223,2,1,1,1,2,0,0
9911329,7,5,2,3,1,6,41
9308328,12,4,8,23,12,0,0
103237,1,1,0,0,1,0,0
9706548,7,5,2,2,4,3,9
9611244,18,3,15,34,7,11,20
9504261,3,2,1,1,0,3,3
9604333,10,3,7,29,0,10,36
9903220,34,9,25,92,0,34,112
9501290,2,1,1,1,1,1,4
212142,5,2,3,4,0,5,15
9809506,16,3,13,43,0,16,224
102143,7,6,1,2,7,0,0
9309231,5,2,3,4,0,5,21
9311318,6,3,3,4,2,4,6
9505361,11,4,7,11,5,6,9
9610524,2,2,0,0,0,2,5
2011,8,7,1,1,0,8,72
108181,4,2,2,2,1,3,5
9702207,9,6,3,3,7,2,2
203209,6,3,3,8,0,6,22
201307,16,3,13,62,0,16,68
3189,7,5,2,2,0,7,38
8069,7,6,1,1,1,6,13
9404278,12,9,3,3,12,0,0
1092,5,4,1,1,4,1,1
9912551,10,6,4,4,0,10,38
104035,16,5,11,32,3,13,36
110310,7,5,2,4,3,4,11
9904316,4,4,0,0,2,2,2
9807492,7,4,3,4,1,6,14
9505266,20,5,15,31,0,20,61
9804391,8,1,7,11,0,8,28
9605388,1,1,0,0,1,0,0
102050,0,0,0,0,0,0,0
9401315,2,1,1,1,2,0,0
9801277,4,2,2,3,1,3,4
9602394,2,1,1,1,0,2,4
9905543,14,2,12,27,0,14,75
9903248,1,1,0,0,0,1,1
9509322,3,2,1,1,2,1,1
3309,7,4,3,5,0,7,34
1301,7,4,3,4,1,6,9
9802421,6,4,2,2,0,6,43
9405236,13,6,7,14,13,0,0
105283,6,5,1,1,0,6,24
9902452,17,4,13,52,1,16,127
9811307,5,3,2,2,0,5,14
9706524,3,3,0,0,1,2,8
9602345,4,3,1,1,0,4,21
9805393,1,1,0,0,0,1,4
9609353,5,3,2,2,1,4,8
201164,5,3,2,3,1,4,5
9805250,14,3,11,39,6,8,19
9312312,19,7,12,41,0,19,65
9502371,4,2,2,2,4,0,0
9302255,5,3,2,2,5,0,0
211008,2,2,0,0,0,2,5
9707541,6,4,2,3,0,6,23
9703357,9,4,5,11,1,8,8
110102,12,7,5,9,1,11,11
209249,0,0,0,0,0,0,0
9612406,2,2,0,0,0,2,15
9706537,4,2,2,2,0,4,9
9707280,2,2,0,0,0,2,10
9702236,3,2,1,1,2,1,1
9807464,23,6,17,33,3,20,42
9710316,24,9,15,76,3,21,58
9905376,21,7,14,34,0,21,176
9907202,8,1,7,18,0,8,27
9607438,4,3,1,1,1,3,7
9901429,18,4,14,39,0,18,115
9705329,24,5,19,51,13,11,26
9411234,58,9,49,263,1,57,291
102206,9,2,7,17,0,9,9
9809312,8,3,5,9,3,5,5
205012,2,1,1,1,0,2,6
9709446,2,1,1,1,0,2,2
9308374,26,2,24,106,26,0,0
109200,4,2,2,3,0,4,16
9610509,2,1,1,1,1,1,2
9705377,7,3,4,6,2,5,6
9503275,17,5,12,22,7,10,11
9601316,12,2,10,31,6,6,12
9606266,5,2,3,5,2,3,12
8105,11,5,6,12,0,11,80
2302,1,1,0,0,1,0,0
111054,1,1,0,0,1,0,0
9902266,5,3,2,3,2,3,10
9812301,4,2,2,2,3,1,1
9806383,9,2,7,15,0,9,16
7354,1,1,0,0,0,1,10
9411406,22,7,15,39,0,22,62
9701221,1,1,0,0,1,0,0
106154,2,1,1,1,0,2,6
205289,9,7,2,4,0,9,65
9904483,5,2,3,3,1,4,4
9908372,9,1,8,24,0,9,45
208139,1,1,0,0,0,1,3
302192,0,0,0,0,0,0,0
9707334,13,1,12,25,3,10,35
9305212,6,3,3,8,6,0,0
9907488,8,3,5,12,0,8,44
109140,18,8,10,22,0,18,195
9405376,1,1,0,0,0,1,1
9908445,2,2,0,0,2,0,0
9512272,3,2,1,1,0,3,4
9412335,3,1,2,3,0,3,5
9809386,2,2,0,0,1,1,3
9812253,4,2,2,4,0,4,4
9811370,6,2,4,8,0,6,32
112360,5,2,3,6,0,5,39
206026,9,5,4,7,0,9,43
9710271,4,2,2,3,1,3,3
108134,3,2,1,1,0,3,9
9903390,21,5,16,44,0,21,111
9512291,2,1,1,1,2,0,0
9408291,10,10,0,0,8,2,2
12317,5,2,3,3,4,1,2
9912215,22,7,15,61,0,22,178
9807394,1,1,0,0,0,1,1
9903452,2,2,0,0,0,2,3
9807395,6,3,3,4,6,0,0
9503260,16,5,11,20,0,16,37
9806352,23,6,17,66,0,23,90
9209282,1,1,0,0,1,0,0
9410219,5,1,4,6,5,0,0
212107,2,2,0,0,0,2,12
211022,1,1,0,0,0,1,6
9609403,2,2,0,0,0,2,12
9703456,4,1,3,6,0,4,4
9509229,10,4,6,12,1,9,10
6310,4,4,0,0,1,3,6
5218,10,2,8,19,0,10,46
206292,24,14,10,14,2,22,64
9612367,0,0,0,0,0,0,0
108085,31,5,26,111,2,29,232
203052,2,1,1,1,0,2,7
9802327,1,1,0,0,0,1,3
9609269,3,2,1,2,3,0,0
9512438,0,0,0,0,0,0,0
12292,10,2,8,12,0,10,50
207366,8,4,4,5,0,8,58
201105,9,6,3,3,1,8,42
208162,1,1,0,0,0,1,25
1189,17,5,12,32,3,14,18
9907491,20,8,12,24,2,18,87
9503432,9,4,5,14,2,7,11
9505411,0,0,0,0,0,0,0
4040,4,2,2,2,4,0,0
210291,5,5,0,0,0,5,72
202025,2,1,1,1,0,2,2
9902400,4,2,2,3,3,1,1
9805224,7,1,6,9,2,5,8
9310231,2,1,1,1,0,2,2
12250,4,1,3,6,0,4,25
9801438,0,0,0,0,0,0,0
9312232,2,2,0,0,2,0,0
105205,7,2,5,5,0,7,101
9503241,16,5,11,23,3,13,29
209303,4,2,2,2,0,4,36
209208,13,6,7,13,0,13,119
2160,1,1,0,0,0,1,5
9610403,4,2,2,2,0,4,14
9707301,14,3,11,33,7,7,12
12199,3,2,1,1,0,3,11
9912517,2,2,0,0,0,2,4
207372,0,0,0,0,0,0,0
109096,4,1,3,4,0,4,24
9810223,7,1,6,19,0,7,19
9801264,2,2,0,0,2,0,0
6262,4,2,2,3,1,3,6
9611386,5,3,2,2,0,5,23
208112,6,5,1,1,0,6,53
106311,12,7,5,15,0,12,117
9812277,13,13,0,0,0,13,33
9606320,3,1,2,2,0,3,3
9702336,0,0,0,0,0,0,0
112094,7,4,3,3,0,7,73
9908471,1,1,0,0,0,1,3
9704390,7,4,3,3,4,3,7
103343,16,5,11,37,0,16,122
207235,4,3,1,1,0,4,15
9904416,8,3,5,11,0,8,29
11209,1,1,0,0,1,0,0
9710295,8,3,5,9,1,7,14
9712279,2,1,1,1,0,2,6
101325,10,4,6,12,2,8,39
9908393,7,2,5,8,0,7,25
9809564,1,1,0,0,0,1,2
6174,6,2,4,7,0,6,13
9911203,16,5,11,25,4,12,30
9806528,22,5,17,51,0,22,63
9405279,2,1,1,1,1,1,2
112083,3,1,2,2,3,0,0
9505279,9,3,6,17,9,0,0
9603303,9,3,6,14,0,9,17
9505427,7,4,3,4,0,7,16
110217,2,2,0,0,0,2,7
9807406,5,3,2,2,0,5,9
9304320,4,2,2,2,4,0,0
9812514,8,1,7,21,0,8,33
9912425,10,2,8,17,0,10,125
9909224,5,4,1,1,0,5,27
9408379,4,3,1,1,1,3,5
9047,1,1,0,0,0,1,2
12177,3,2,1,1,1,2,2
9909349,2,2,0,0,0,2,6
9612246,1,1,0,0,0,1,1
6073,3,2,1,1,0,3,11
9404301,1,1,0,0,0,1,1
4006,0,0,0,0,0,0,0
111142,0,0,0,0,0,0,0
1083,14,5,9,21,2,12,43
107277,8,5,3,3,6,2,2
103131,1,1,0,0,1,0,0
9508210,3,2,1,1,0,3,3
9008,9,6,3,3,1,8,15
9910499,4,4,0,0,0,4,31
9704242,2,1,1,1,0,2,2
9405249,2,2,0,0,2,0,0
9606404,3,1,2,2,0,3,8
107099,11,1,10,23,2,9,63
111021,0,0,0,0,0,0,0
9706421,12,5,7,10,0,12,55
301062,1,1,0,0,0,1,10
208076,7,2,5,5,3,4,28
7169,7,3,4,7,0,7,37
210381,3,2,1,1,0,3,9
9912290,4,3,1,1,0,4,24
9905434,1,1,0,0,0,1,3
9711312,3,1,2,3,3,0,0
9908399,7,6,1,1,2,5,30
9285,2,1,1,1,0,2,13
9908389,1,1,0,0,1,0,0
9905447,5,4,1,2,0,5,9
9802278,4,3,1,1,1,3,9
104005,2,1,1,1,0,2,11
210319,3,3,0,0,0,3,29
7149,6,5,1,1,6,0,0
201015,1,1,0,0,0,1,5
9904459,3,2,1,1,0,3,14
202009,12,3,9,21,0,12,75
9808286,5,3,2,2,1,4,4
9906504,4,2,2,3,1,3,6
203087,1,1,0,0,0,1,12
9906408,4,2,2,3,0,4,4
202019,2,2,0,0,0,2,10
301218,0,0,0,0,0,0,0
6245,0,0,0,0,0,0,0
9711425,6,3,3,3,0,6,18
9706205,1,1,0,0,0,1,2
201132,2,2,0,0,1,1,4
9805319,8,6,2,2,2,6,19
9611242,2,2,0,0,0,2,5
103181,2,2,0,0,0,2,9
9410354,2,2,0,0,2,0,0
8233,1,1,0,0,1,0,0
9604203,1,1,0,0,0,1,2
9704422,3,1,2,2,1,2,2
3179,9,3,6,17,0,9,81
9507254,1,1,0,0,1,0,0
110088,8,7,1,1,1,7,37
9509291,2,2,0,0,1,1,3
210123,1,1,0,0,0,1,2
9904377,3,1,2,2,1,2,7
9910521,4,1,3,5,0,4,4
9305250,9,5,4,9,9,0,0
9710273,0,0,0,0,0,0,0
207095,0,0,0,0,0,0,0
111317,7,3,4,5,3,4,10
8230,0,0,0,0,0,0,0
1054,8,6,2,3,2,6,28
9503477,14,4,10,14,14,0,0
212293,0,0,0,0,0,0,0
106175,5,1,4,9,0,5,35
209083,4,3,1,1,1,3,10
10247,7,3,4,6,1,6,17
9602240,3,3,0,0,0,3,10
9901266,7,2,5,9,0,7,35
9904429,4,1,3,4,4,0,0
9802302,5,4,1,1,2,3,15
106130,3,3,0,0,0,3,7
9503216,1,1,0,0,0,1,3
9604414,1,1,0,0,0,1,1
112275,1,1,0,0,0,1,11
9606257,3,2,1,1,0,3,3
9610501,2,1,1,1,2,0,0
211283,0,0,0,0,0,0,0
105206,2,2,0,0,2,0,0
9811376,5,5,0,0,0,5,17
1201,4,3,1,1,0,4,12
210305,1,1,0,0,0,1,10
10123,1,1,0,0,0,1,3
9807379,4,2,2,4,1,3,8
9907219,5,1,4,5,1,4,11
2034,5,1,4,5,0,5,24
1121,2,2,0,0,2,0,0
9911420,2,2,0,0,1,1,2
6071,5,2,3,5,2,3,11
9709457,13,1,12,34,0,13,69
9806428,15,3,12,37,0,15,25
9610393,1,1,0,0,0,1,2
9606270,0,0,0,0,0,0,0
9511414,9,1,8,24,0,9,34
9911351,0,0,0,0,0,0,0
9611300,4,3,1,2,1,3,5
9207276,1,1,0,0,1,0,0
2024,13,8,5,6,3,10,18
9606424,0,0,0,0,0,0,0
9805512,3,2,1,1,0,3,11
9811258,1,1,0,0,0,1,3
12278,13,9,4,8,0,13,91
9410313,4,2,2,3,4,0,0
9805308,4,1,3,4,0,4,6
9804291,3,3,0,0,1,2,2
9607304,1,1,0,0,0,1,3
9707310,1,1,0,0,0,1,4
9508312,2,1,1,1,0,2,2
302165,0,0,0,0,0,0,0
9810234,3,2,1,1,0,3,7
5204,0,0,0,0,0,0,0
302089,0,0,0,0,0,0,0
9911287,3,3,0,0,3,0,0
9811421,1,1,0,0,0,1,2
9607281,5,4,1,2,2,3,5
9401233,6,6,0,0,6,0,0
9906524,5,3,2,2,0,5,12
11091,5,1,4,6,0,5,19
108095,3,2,1,1,0,3,12
211063,2,2,0,0,1,1,7
9607270,1,1,0,0,1,0,0
9810433,0,0,0,0,0,0,0
9905361,0,0,0,0,0,0,0
9346,2,2,0,0,0,2,8
9512243,5,2,3,6,5,0,0
9802217,1,1,0,0,0,1,6
9610203,1,1,0,0,0,1,4
9905377,8,2,6,12,0,8,19
9803490,2,2,0,0,0,2,5
9409294,1,1,0,0,0,1,1
4138,8,3,5,13,4,4,4
111067,3,3,0,0,0,3,10
202227,3,2,1,2,0,3,8
206138,4,1,3,5,0,4,14
201246,1,1,0,0,0,1,5
9608432,1,1,0,0,0,1,4
212068,0,0,0,0,0,0,0
9306238,5,3,2,4,5,0,0
111141,12,6,6,6,0,12,217
107078,4,4,0,0,1,3,11
9301250,1,1,0,0,0,1,1
111022,3,1,2,2,1,2,4
102162,1,1,0,0,0,1,9
9910495,4,4,0,0,0,4,23
301279,0,0,0,0,0,0,0
203147,4,3,1,1,0,4,22
108189,3,2,1,1,0,3,18
9601227,0,0,0,0,0,0,0
205243,0,0,0,0,0,0,0
9702406,2,2,0,0,0,2,5
9607267,0,0,0,0,0,0,0
9403204,2,2,0,0,2,0,0
9610226,1,1,0,0,0,1,2
106339,1,1,0,0,0,1,3
201118,0,0,0,0,0,0,0
9303272,2,2,0,0,2,0,0
103051,5,3,2,2,2,3,3
9809314,2,2,0,0,0,2,4
9075,3,2,1,1,0,3,15
9408334,0,0,0,0,0,0,0
1247,1,1,0,0,0,1,9
9609354,1,1,0,0,0,1,2
9511468,1,1,0,0,0,1,2
9609282,1,1,0,0,1,0,0
9710517,5,2,3,8,0,5,9
201266,1,1,0,0,0,1,4
202257,12,2,10,23,0,12,95
9606302,4,4,0,0,0,4,5
203183,2,2,0,0,0,2,9
9603355,2,2,0,0,1,1,2
9604362,0,0,0,0,0,0,0
5122,9,4,5,9,0,9,45
9712544,0,0,0,0,0,0,0
9808409,1,1,0,0,0,1,7
211328,1,1,0,0,1,0,0
204181,5,5,0,0,0,5,31
9311351,0,0,0,0,0,0,0
9901402,2,2,0,0,0,2,8
9907370,4,1,3,5,0,4,41
9801263,5,3,2,3,0,5,15
9408295,0,0,0,0,0,0,0
2252,9,3,6,15,8,1,4
9904314,0,0,0,0,0,0,0
9902353,3,3,0,0,3,0,0
9704374,2,2,0,0,1,1,3
9506466,1,1,0,0,1,0,0
9909505,2,2,0,0,0,2,15
9912221,2,2,0,0,0,2,10
9907419,2,2,0,0,0,2,4
107120,0,0,0,0,0,0,0
9808417,0,0,0,0,0,0,0
9909550,3,2,1,1,0,3,8
9709479,4,4,0,0,0,4,5
211025,0,0,0,0,0,0,0
9801335,1,1,0,0,0,1,5
9809422,2,1,1,1,0,2,5
9310343,1,1,0,0,1,0,0
211030,0,0,0,0,0,0,0
9811222,3,2,1,1,0,3,8
9607373,0,0,0,0,0,0,0
210037,3,1,2,3,0,3,45
9701352,0,0,0,0,0,0,0
9705241,4,2,2,3,4,0,0
210131,1,1,0,0,0,1,1
7187,1,1,0,0,1,0,0
9603433,2,1,1,1,0,2,12
212231,0,0,0,0,0,0,0
9706434,0,0,0,0,0,0,0
9308293,1,1,0,0,1,0,0
210431,1,1,0,0,0,1,13
9512232,0,0,0,0,0,0,0
207113,1,1,0,0,0,1,1
9812327,0,0,0,0,0,0,0
9802229,0,0,0,0,0,0,0
207238,1,1,0,0,0,1,6
9710385,2,2,0,0,0,2,8
209329,2,2,0,0,0,2,10
210024,0,0,0,0,0,0,0
302120,0,0,0,0,0,0,0
9903537,2,2,0,0,2,0,0
206144,1,1,0,0,0,1,7
9801249,1,1,0,0,1,0,0
203097,2,2,0,0,0,2,13
9411270,3,2,1,1,3,0,0
9808271,1,1,0,0,0,1,1
9510276,0,0,0,0,0,0,0
9509314,5,1,4,6,5,0,0
1134,2,2,0,0,0,2,7
104264,10,5,5,9,0,10,51
9902402,2,2,0,0,2,0,0
9501368,2,1,1,1,0,2,5
9711222,0,0,0,0,0,0,0
211051,0,0,0,0,0,0,0
111279,0,0,0,0,0,0,0
9411319,1,1,0,0,1,0,0
110240,2,1,1,1,0,2,2
9711273,1,1,0,0,1,0,0
9810539,2,1,1,1,1,1,1
205072,3,2,1,1,0,3,12
109169,0,0,0,0,0,0,0
9608339,6,1,5,10,0,6,12
9610346,0,0,0,0,0,0,0
109043,5,1,4,9,0,5,29
206192,4,3,1,1,0,4,41
9812373,1,1,0,0,0,1,1
206299,0,0,0,0,0,0,0
9912469,1,1,0,0,0,1,2
207192,0,0,0,0,0,0,0
9805257,0,0,0,0,0,0,0
9809296,1,1,0,0,0,1,1
5180,2,1,1,1,2,0,0
6178,0,0,0,0,0,0,0
9902229,1,1,0,0,0,1,3
9712511,0,0,0,0,0,0,0
9807301,0,0,0,0,0,0,0
301235,0,0,0,0,0,0,0
111335,4,1,3,6,0,4,5
205124,0,0,0,0,0,0,0
9703296,1,1,0,0,1,0,0
9907536,0,0,0,0,0,0,0
9906488,2,2,0,0,0,2,10
3078,1,1,0,0,1,0,0
9912247,2,1,1,1,0,2,2
201092,1,1,0,0,0,1,2
9602237,1,1,0,0,1,0,0
209099,0,0,0,0,0,0,0
211033,0,0,0,0,0,0,0
211138,2,2,0,0,0,2,2
111265,0,0,0,0,0,0,0
9909365,3,2,1,1,0,3,15
9810264,0,0,0,0,0,0,0
9801441,2,1,1,1,2,0,0
9512305,0,0,0,0,0,0,0
9904202,2,1,1,1,2,0,0
3268,1,1,0,0,0,1,1
206251,0,0,0,0,0,0,0
111213,0,0,0,0,0,0,0
9904467,1,1,0,0,0,1,1
9810460,1,1,0,0,0,1,3
12172,1,1,0,0,0,1,1
111038,0,0,0,0,0,0,0
9812537,0,0,0,0,0,0,0
212193,0,0,0,0,0,0,0
205154,0,0,0,0,0,0,0
211459,0,0,0,0,0,0,0
9712465,0,0,0,0,0,0,0
9810318,0,0,0,0,0,0,0
9905317,2,2,0,0,2,0,0
9706402,1,1,0,0,1,0,0
210303,2,1,1,1,0,2,4
9702316,3,1,2,3,0,3,12
9510244,0,0,0,0,0,0,0
9707519,0,0,0,0,0,0,0
9906438,0,0,0,0,0,0,0
110333,5,4,1,1,1,4,22
9311342,2,1,1,1,2,0,0
9906227,1,1,0,0,0,1,2
212335,0,0,0,0,0,0,0
9811325,1,1,0,0,1,0,0
202001,0,0,0,0,0,0,0
9609296,2,1,1,1,0,2,2
111272,0,0,0,0,0,0,0
111183,1,1,0,0,0,1,3
2136,2,2,0,0,1,1,4
9410410,1,1,0,0,1,0,0
9910475,1,1,0,0,1,0,0
206005,3,1,2,2,0,3,14
209133,0,0,0,0,0,0,0
109276,0,0,0,0,0,0,0
112288,0,0,0,0,0,0,0
10266,1,1,0,0,1,0,0
108052,0,0,0,0,0,0,0
211142,0,0,0,0,0,0,0
9507241,0,0,0,0,0,0,0
9904506,0,0,0,0,0,0,0
205224,2,1,1,1,0,2,12
8050,0,0,0,0,0,0,0
9221,0,0,0,0,0,0,0
9611237,1,1,0,0,0,1,3
9907565,0,0,0,0,0,0,0
209173,1,1,0,0,0,1,10
9805321,0,0,0,0,0,0,0
107079,0,0,0,0,0,0,0
108011,0,0,0,0,0,0,0
211395,1,1,0,0,0,1,38
3054,0,0,0,0,0,0,0
11173,0,0,0,0,0,0,0
9009,0,0,0,0,0,0,0
9803207,0,0,0,0,0,0,0
9511254,1,1,0,0,0,1,5
109039,0,0,0,0,0,0,0
1184,2,1,1,1,0,2,8
9704365,1,1,0,0,1,0,0
9903346,0,0,0,0,0,0,0
207134,1,1,0,0,0,1,5
9501217,1,1,0,0,1,0,0
209366,2,1,1,1,0,2,18
8218,0,0,0,0,0,0,0
9805243,3,1,2,2,0,3,3
210178,1,1,0,0,0,1,6
7166,1,1,0,0,1,0,0
210033,1,1,0,0,0,1,4
208186,0,0,0,0,0,0,0
9902374,1,1,0,0,0,1,4
112162,2,2,0,0,0,2,24
212194,1,1,0,0,1,0,0
201175,0,0,0,0,0,0,0
9907537,2,1,1,1,0,2,6
9708387,0,0,0,0,0,0,0
9809519,1,1,0,0,1,0,0
9506336,0,0,0,0,0,0,0
9803469,2,2,0,0,0,2,7
212080,0,0,0,0,0,0,0
9906397,0,0,0,0,0,0,0
9909463,1,1,0,0,0,1,11
9909402,0,0,0,0,0,0,0
106106,0,0,0,0,0,0,0
211079,0,0,0,0,0,0,0
9608383,0,0,0,0,0,0,0
10005,0,0,0,0,0,0,0
9601202,2,2,0,0,0,2,3
9411430,2,2,0,0,0,2,6
111239,0,0,0,0,0,0,0
9406429,0,0,0,0,0,0,0
9408240,0,0,0,0,0,0,0
9806313,1,1,0,0,1,0,0
209236,1,1,0,0,0,1,4
109099,2,1,1,1,1,1,1
9603344,0,0,0,0,0,0,0
207115,0,0,0,0,0,0,0
2197,2,2,0,0,0,2,4
112146,0,0,0,0,0,0,0
212011,0,0,0,0,0,0,0
9912206,0,0,0,0,0,0,0
9808358,0,0,0,0,0,0,0
212200,0,0,0,0,0,0,0
9909430,2,2,0,0,0,2,2
9807202,0,0,0,0,0,0,0
9704431,0,0,0,0,0,0,0
109205,0,0,0,0,0,0,0
210397,0,0,0,0,0,0,0
5017,0,0,0,0,0,0,0
11246,1,1,0,0,0,1,1
9507243,0,0,0,0,0,0,0
9511475,0,0,0,0,0,0,0
205144,0,0,0,0,0,0,0
10239,0,0,0,0,0,0,0
212246,0,0,0,0,0,0,0
1049,0,0,0,0,0,0,0
207163,0,0,0,0,0,0,0
103241,1,1,0,0,0,1,3
9708278,0,0,0,0,0,0,0
9505367,1,1,0,0,1,0,0
105076,1,1,0,0,0,1,6
9808220,0,0,0,0,0,0,0
9802250,0,0,0,0,0,0,0
210311,0,0,0,0,0,0,0
112001,1,1,0,0,0,1,6
9118,0,0,0,0,0,0,0
9503490,0,0,0,0,0,0,0
204172,1,1,0,0,0,1,1
9710562,0,0,0,0,0,0,0
205028,0,0,0,0,0,0,0
110244,2,1,1,1,0,2,12
9511251,0,0,0,0,0,0,0
201072,0,0,0,0,0,0,0
111397,0,0,0,0,0,0,0
207209,0,0,0,0,0,0,0
9807437,0,0,0,0,0,0,0
9308312,1,1,0,0,1,0,0
3308,0,0,0,0,0,0,0
211280,0,0,0,0,0,0,0
9604386,0,0,0,0,0,0,0
203098,0,0,0,0,0,0,0
208161,0,0,0,0,0,0,0
9807270,0,0,0,0,0,0,0
4245,0,0,0,0,0,0,0
11278,1,1,0,0,1,0,0
301191,0,0,0,0,0,0,0
5001,0,0,0,0,0,0,0
211332,0,0,0,0,0,0,0
104196,0,0,0,0,0,0,0
9603274,1,1,0,0,1,0,0
9907371,1,1,0,0,0,1,10
203039,0,0,0,0,0,0,0
9602437,0,0,0,0,0,0,0
209275,1,1,0,0,0,1,4
107033,1,1,0,0,0,1,2
11189,0,0,0,0,0,0,0
205104,0,0,0,0,0,0,0
212163,0,0,0,0,0,0,0
112224,0,0,0,0,0,0,0
5008,0,0,0,0,0,0,0
9808435,0,0,0,0,0,0,0
9708322,0,0,0,0,0,0,0
12114,1,1,0,0,0,1,15
212140,0,0,0,0,0,0,0
9611405,0,0,0,0,0,0,0
302270,0,0,0,0,0,0,0
207283,1,1,0,0,0,1,1
10022,0,0,0,0,0,0,0
9606242,0,0,0,0,0,0,0
106036,0,0,0,0,0,0,0
9701383,0,0,0,0,0,0,0
103006,0,0,0,0,0,0,0
9811329,0,0,0,0,0,0,0
104046,0,0,0,0,0,0,0
3182,0,0,0,0,0,0,0
9705352,1,1,0,0,0,1,7
210097,0,0,0,0,0,0,0
4089,0,0,0,0,0,0,0
101240,0,0,0,0,0,0,0
302253,1,1,0,0,1,0,0
9610240,0,0,0,0,0,0,0
112016,2,1,1,1,0,2,11
207349,0,0,0,0,0,0,0
212145,0,0,0,0,0,0,0
211087,0,0,0,0,0,0,0
10351,0,0,0,0,0,0,0
12038,0,0,0,0,0,0,0
9711497,0,0,0,0,0,0,0
9604214,0,0,0,0,0,0,0
204248,0,0,0,0,0,0,0
205132,0,0,0,0,0,0,0
9610314,0,0,0,0,0,0,0
212188,0,0,0,0,0,0,0
302037,0,0,0,0,0,0,0
204195,0,0,0,0,0,0,0
9708379,0,0,0,0,0,0,0
9407205,0,0,0,0,0,0,0
9608429,1,1,0,0,0,1,2
9309273,0,0,0,0,0,0,0
9510335,0,0,0,0,0,0,0
9712449,0,0,0,0,0,0,0
112307,0,0,0,0,0,0,0
9807290,0,0,0,0,0,0,0
9409331,0,0,0,0,0,0,0
211203,0,0,0,0,0,0,0
9802385,0,0,0,0,0,0,0
9611234,0,0,0,0,0,0,0
9912348,0,0,0,0,0,0,0
9604389,0,0,0,0,0,0,0
9706236,0,0,0,0,0,0,0
212066,0,0,0,0,0,0,0
9906350,0,0,0,0,0,0,0
107240,0,0,0,0,0,0,0
9706471,0,0,0,0,0,0,0
9409321,0,0,0,0,0,0,0
301070,0,0,0,0,0,0,0
9512315,0,0,0,0,0,0,0
302084,0,0,0,0,0,0,0
9809559,1,1,0,0,1,0,0
1126,0,0,0,0,0,0,0
9410246,0,0,0,0,0,0,0
9907566,0,0,0,0,0,0,0
112208,0,0,0,0,0,0,0
9311333,0,0,0,0,0,0,0
9302247,74,16,58,229,56,18,20
9210215,7,5,2,5,7,0,0
9042,6,4,2,2,0,6,49
9805403,67,18,49,146,3,64,362
9308287,57,11,46,218,8,49,216
9409309,50,16,34,94,22,28,65
11392,8,5,3,6,1,7,104
9711426,22,7,15,36,16,6,8
6068,16,7,9,18,0,16,160
9811377,19,7,12,24,2,17,108
211224,1,1,0,0,0,1,6
9407393,6,4,2,2,0,6,17
201249,9,2,7,17,2,7,10
2006,16,1,15,35,0,16,84
9410230,27,2,25,134,27,0,0
9701350,3,2,1,1,0,3,4
9807420,3,2,1,1,1,2,2
9303263,15,2,13,37,15,0,0
9210231,20,6,14,29,20,0,0
9704455,23,8,15,43,1,22,109
2238,13,4,9,33,0,13,117
9308330,26,9,17,47,24,2,2
9807275,27,10,17,54,6,21,53
5024,18,5,13,22,2,16,83
9503214,66,22,44,92,15,51,123
9711395,264,12,252,3427,211,53,59
9509305,1,1,0,0,0,1,2
9611334,1,1,0,0,0,1,1
9609488,8,7,1,1,0,8,57
9501361,23,5,18,54,17,6,10
9503259,23,1,22,52,10,13,22
9406372,62,16,46,127,42,20,22
9509389,136,11,125,833,87,49,67
9807216,369,38,331,2346,214,155,325
9904279,128,7,121,869,7,121,1122
9604370,100,10,90,530,64,36,40
9705300,9,5,4,6,0,9,48
9705366,44,7,37,179,12,32,77
9901318,40,5,35,123,0,40,158
9911275,16,8,8,12,1,15,74
9505201,26,5,21,78,5,21,45
9606226,17,6,11,25,17,0,0
9703267,32,5,27,109,31,1,1
9902283,66,11,55,281,0,66,797
9704253,28,6,22,78,6,22,45
9610229,86,10,76,535,7,79,240
9806516,20,6,14,25,8,12,25
9810491,34,3,31,165,5,29,245
9306255,2,1,1,1,2,0,0
9607265,24,3,21,49,16,8,9
9703361,10,4,6,14,1,9,27
9610540,94,11,83,726,0,94,434
9803397,16,3,13,20,0,16,25
9302212,9,2,7,14,9,0,0
9609431,19,9,10,21,3,16,74
9406224,81,19,62,206,58,23,29
9502210,19,3,16,31,6,13,18
9907275,6,3,3,4,0,6,60
9703436,52,9,43,157,11,41,153
9308309,63,6,57,302,9,54,168
9910211,17,1,16,41,4,13,33
102165,5,1,4,5,0,5,9
9712224,95,9,86,656,2,93,596
9401277,125,18,107,602,54,71,125
9711246,89,2,87,888,2,87,526
9408384,357,14,343,3818,326,31,36
9610358,62,9,53,255,1,61,444
9705306,3,2,1,1,0,3,10
9305271,3,3,0,0,3,0,0
9511242,2,2,0,0,2,0,0
103305,13,4,9,23,0,13,127
109045,31,9,22,101,1,30,146
9909404,29,4,25,101,1,28,206
9806204,9,2,7,23,0,9,20
9912201,2,2,0,0,0,2,3
102310,6,2,4,7,0,6,61
108226,3,2,1,1,0,3,15
9404241,11,2,9,25,10,1,1
9606362,35,7,28,48,8,27,45
9404357,97,12,85,435,70,27,35
9708299,18,5,13,38,0,18,47
9408370,51,13,38,145,44,7,7
9807418,12,3,9,18,0,12,66
9603412,20,7,13,39,3,17,56
9212288,37,9,28,165,7,30,49
9308234,4,3,1,1,1,3,14
9703348,19,3,16,31,3,16,28
9702235,12,4,8,15,10,2,2
9710333,17,3,14,31,3,14,28
9606364,12,6,6,14,5,7,28
9901394,36,10,26,99,2,34,94
9808233,3,2,1,1,0,3,12
9310252,38,6,32,146,38,0,0
9606293,5,5,0,0,1,4,15
9709390,12,8,4,4,1,11,48
9806531,4,1,3,6,4,0,0
9703358,35,3,32,116,3,32,87
9906230,28,3,25,106,1,27,230
9507277,10,4,6,8,10,0,0
9301288,6,4,2,3,6,0,0
9603202,114,13,101,404,14,100,590
9903355,55,5,50,328,1,54,166
9310285,38,9,29,118,6,32,81
9402326,25,7,18,34,2,23,55
9805404,10,5,5,10,0,10,16
9307217,14,6,8,19,14,0,0
9602214,16,5,11,34,3,13,16
9607426,5,3,2,3,1,4,12
4060,16,5,11,20,1,15,62
9609256,35,9,26,81,4,31,99
9802442,8,5,3,8,3,5,16
9407313,7,2,5,9,7,0,0
7159,22,7,15,39,0,22,240
9702376,51,5,46,281,2,49,132
9708219,21,4,17,70,0,21,96
9708294,9,5,4,6,1,8,35
7043,0,0,0,0,0,0,0
9909353,24,2,22,89,0,24,243
8191,15,3,12,39,1,14,52
9609400,18,6,12,30,15,3,3
9809544,16,2,14,31,1,15,39
9908388,22,7,15,57,0,22,86
9411260,41,8,33,83,33,8,11
9604393,80,11,69,206,20,60,119
104073,23,5,18,69,0,23,263
3185,9,4,5,8,1,8,115
9212205,3,1,2,3,3,0,0
9803281,1,1,0,0,0,1,1
9811387,14,3,11,41,0,14,61
9905356,10,6,4,6,10,0,0
206021,16,2,14,51,1,15,51
9906234,107,7,100,589,1,106,1410
9612463,25,8,17,60,0,25,74
9311287,3,3,0,0,0,3,8
9407404,80,18,62,214,28,52,93
9602206,29,9,20,53,0,29,247
9504415,50,9,41,99,32,18,21
9211228,37,15,22,76,22,15,19
9406256,28,5,23,43,21,7,14
9410285,5,3,2,2,1,4,7
9707201,17,4,13,42,1,16,69
9711446,8,3,5,9,1,7,28
9510287,14,11,3,5,3,11,68
9404342,42,11,31,98,29,13,19
9506417,40,5,35,208,8,32,113
9607268,2,1,1,1,0,2,5
9710447,19,4,15,67,5,14,25
9910449,6,5,1,1,2,4,7
9708359,3,1,2,2,0,3,5
9906539,30,8,22,68,2,28,182
9404226,12,8,4,4,6,6,13
9607237,14,3,11,22,1,13,47
9705435,16,3,13,19,2,14,58
9706507,31,11,20,37,8,23,33
9506400,0,0,0,0,0,0,0
9409203,24,4,20,57,1,23,46
9709386,17,3,14,32,0,17,108
9911406,80,8,72,409,0,80,446
205162,1,1,0,0,1,0,0
9505285,45,9,36,135,26,19,19
9308208,37,11,26,112,28,9,9
9810479,72,8,64,371,5,67,309
9512398,8,4,4,6,0,8,23
9808410,15,2,13,35,0,15,76
9806409,10,3,7,15,3,7,23
9804399,7,2,5,8,0,7,33
7113,37,2,35,135,0,37,259
9911307,2,2,0,0,0,2,9
12377,11,3,8,17,0,11,58
9343,5,5,0,0,1,4,25
105004,17,4,13,28,0,17,214
9909333,32,5,27,116,2,30,245
8061,6,3,3,4,1,5,86
202076,18,5,13,32,0,18,257
103320,39,15,24,64,2,37,291
9406427,27,12,15,34,0,27,170
104166,15,4,11,39,0,15,59
9912282,9,4,5,6,0,9,51
9510422,11,5,6,11,0,11,12
9288,8,3,5,9,1,7,28
1268,54,5,49,337,0,54,185
9707448,15,3,12,45,1,14,42
7190,6,2,4,4,0,6,33
9910250,24,4,20,39,0,24,172
9808278,17,6,11,26,3,14,41
9702417,14,4,10,28,7,7,17
9403229,40,11,29,102,22,18,22
9603305,5,3,2,3,1,4,7
9902263,63,2,61,646,0,63,464
9905311,63,6,57,321,0,63,621
101085,12,6,6,8,2,10,31
9604383,100,7,93,637,52,48,71
4013,27,3,24,145,4,23,114
109078,31,2,29,158,0,31,405
207182,4,4,0,0,0,4,4
108222,9,2,7,15,0,9,122
10031,5,3,2,3,0,5,34
111042,48,4,44,371,0,48,667
112186,21,3,18,82,0,21,239
2279,15,1,14,37,0,15,77
9703365,2,1,1,1,0,2,3
9212215,2,1,1,1,2,0,0
7267,7,3,4,8,0,7,45
103214,8,7,1,1,0,8,47
9911421,21,9,12,22,8,13,27
204311,7,5,2,2,1,6,17
9501395,31,3,28,100,5,26,66
9812513,19,5,14,38,2,17,60
9511422,26,7,19,44,22,4,5
9304255,26,8,18,49,8,18,22
9309214,13,5,8,12,5,8,12
4068,8,3,5,11,0,8,46
9909386,7,5,2,3,1,6,30
5080,29,5,24,81,0,29,384
9505222,16,3,13,24,0,16,57
11400,2,2,0,0,1,1,1
9903242,18,4,14,42,1,17,59
9408218,14,4,10,19,9,5,22
9710226,1,1,0,0,1,0,0
9255,68,8,60,255,2,66,559
9802350,73,6,67,210,37,36,82
9603266,38,1,37,136,0,38,227
9606410,21,9,12,33,0,21,164
9211268,2,2,0,0,2,0,0
9407398,6,3,3,4,4,2,2
101048,5,2,3,3,1,4,13
9306321,5,2,3,4,0,5,12
9702293,8,3,5,8,2,6,6
9405218,51,6,45,221,30,21,32
9602268,1,1,0,0,0,1,5
102117,9,4,5,9,0,9,58
9708220,19,5,14,31,6,13,29
9911317,14,2,12,34,0,14,103
9412312,4,3,1,1,2,2,3
9712386,4,2,2,2,1,3,3
9407287,91,22,69,232,35,56,116
9809443,40,9,31,96,0,40,233
9506280,45,7,38,220,20,25,40
107097,22,4,18,72,0,22,150
10334,15,4,11,27,1,14,89
9404237,24,7,17,42,24,0,0
9809385,2,2,0,0,2,0,0
5108,32,4,28,95,2,30,84
9804337,12,7,5,6,1,11,30
9604204,6,3,3,3,0,6,18
9605330,36,9,27,66,10,26,47
9702363,32,9,23,75,1,31,89
9607390,7,3,4,6,0,7,16
4106,9,2,7,10,3,6,22
9409426,18,6,12,56,18,0,0
9610406,5,2,3,4,1,4,6
204221,12,5,7,13,0,12,71
201066,5,2,3,3,0,5,18
9911436,34,8,26,82,1,33,235
9504242,12,5,7,20,0,12,61
9509236,22,5,17,29,15,7,13
9609425,3,2,1,1,3,0,0
9605271,4,1,3,4,3,1,6
9706529,28,6,22,43,1,27,120
9605436,10,3,7,19,0,10,30
9308226,28,14,14,29,19,9,16
9905367,8,6,2,2,1,7,15
9708480,24,8,16,45,0,24,51
9301217,3,2,1,1,1,2,2
9410294,4,2,2,3,1,3,8
9612212,12,2,10,43,0,12,97
9408340,14,5,9,20,7,7,8
9706332,4,3,1,1,0,4,32
7110,5,2,3,3,1,4,28
11263,15,5,10,14,0,15,132
3281,5,1,4,6,0,5,47
9907296,10,4,6,7,2,8,45
9308362,14,8,6,12,14,0,0
9804385,8,2,6,8,2,6,24
9402314,5,1,4,6,0,5,18
9801448,5,2,3,3,0,5,17
9810361,9,3,6,9,0,9,59
2243,4,4,0,0,1,3,6
9905494,3,2,1,1,0,3,5
2221,4,2,2,2,0,4,12
9708380,0,0,0,0,0,0,0
9807229,29,7,22,56,2,27,113
110203,7,1,6,11,0,7,51
9908351,7,2,5,9,0,7,50
9512415,5,2,3,6,1,4,11
9712429,19,4,15,74,3,16,41
9912208,5,2,3,4,3,2,4
9902449,44,6,38,111,3,41,134
9409348,11,1,10,30,0,11,11
9309269,4,3,1,1,1,3,3
9711512,5,4,1,1,1,4,27
9605394,1,1,0,0,1,0,0
9612260,65,17,48,246,6,59,168
9610377,2,2,0,0,0,2,5
9609462,13,5,8,13,1,12,105
9907360,26,5,21,54,0,26,173
108275,7,2,5,12,0,7,33
103063,17,4,13,18,1,16,82
9301222,7,4,3,6,7,0,0
9908524,2,1,1,1,0,2,6
9503217,11,5,6,10,0,11,19
9603432,4,2,2,2,0,4,15
210031,5,3,2,2,0,5,39
9703346,30,3,27,173,2,28,151
9704280,23,5,18,70,0,23,207
9612254,9,2,7,18,0,9,55
205210,6,5,1,1,0,6,17
9607266,9,2,7,16,0,9,14
9812333,4,2,2,3,0,4,14
9706311,14,6,8,15,1,13,83
9903509,15,6,9,21,1,14,25
9503353,3,2,1,1,0,3,3
4024,4,4,0,0,1,3,11
9705263,13,2,11,26,2,11,22
9603337,7,2,5,11,6,1,1
9504360,18,4,14,38,18,0,0
9302304,5,1,4,7,5,0,0
9607204,4,1,3,5,1,3,3
9412334,21,6,15,36,12,9,10
9811371,5,5,0,0,0,5,29
9804352,30,6,24,60,1,29,147
112235,9,4,5,8,1,8,61
108205,6,5,1,1,0,6,28
9612329,8,3,5,12,8,0,0
108135,4,2,2,2,0,4,17
9704222,31,3,28,92,5,26,99
4027,23,2,21,87,1,22,88
9403394,9,6,3,4,0,9,11
9405217,3,2,1,2,3,0,0
104134,5,1,4,7,0,5,35
9910441,12,2,10,31,0,12,139
109157,1,1,0,0,1,0,0
9903405,3,2,1,1,2,1,1
9706316,26,3,23,96,1,25,38
9907503,7,2,5,7,0,7,41
206052,0,0,0,0,0,0,0
9909364,5,3,2,2,0,5,27
205216,5,5,0,0,1,4,17
9610274,27,7,20,39,15,12,20
9908357,4,2,2,3,0,4,14
9910307,2,2,0,0,0,2,5
9504431,12,4,8,16,1,11,48
9912524,9,3,6,24,0,9,121
9803488,22,5,17,41,8,14,18
9911517,6,2,4,11,2,4,9
9205210,25,10,15,38,25,0,0
12220,3,2,1,1,1,2,3
9810552,5,1,4,5,0,5,15
9709316,9,2,7,13,1,8,20
9304264,7,2,5,12,7,0,0
9608280,14,4,10,22,1,13,72
9910445,2,1,1,1,0,2,18
9506259,2,1,1,1,2,0,0
103242,19,6,13,35,5,14,66
9905441,20,2,18,68,0,20,242
107181,4,2,2,3,0,4,34
9404312,4,1,3,3,0,4,40
9504288,13,4,9,14,7,6,7
9511420,19,3,16,31,0,19,56
1119,19,3,16,58,0,19,116
105207,6,3,3,3,0,6,25
109017,14,5,9,18,1,13,72
9712203,16,3,13,38,12,4,6
203233,10,3,7,14,1,9,24
202003,19,3,16,58,0,19,154
9410376,5,1,4,6,5,0,0
104112,14,1,13,45,0,14,72
9411378,3,1,2,3,0,3,10
5311,7,1,6,15,0,7,30
111078,8,2,6,10,0,8,62
104104,9,5,4,10,0,9,33
111418,22,6,16,76,1,21,128
9904331,3,2,1,1,3,0,0
9809211,9,1,8,30,2,7,10
9310364,1,1,0,0,1,0,0
9805201,1,1,0,0,1,0,0
9711456,3,3,0,0,1,2,6
2158,15,6,9,14,6,9,14
112140,11,3,8,18,0,11,84
9902302,5,5,0,0,1,4,11
9609261,2,2,0,0,1,1,1
9712259,1,1,0,0,0,1,5
9712518,2,2,0,0,2,0,0
9409333,6,2,4,8,6,0,0
5118,13,6,7,17,0,13,168
9212214,2,2,0,0,2,0,0
9806253,21,13,8,17,0,21,177
9503207,3,1,2,3,3,0,0
106084,4,4,0,0,0,4,9
9907500,7,2,5,10,1,6,23
9707216,1,1,0,0,1,0,0
9606247,11,2,9,20,0,11,58
202106,2,1,1,1,0,2,16
9502217,7,2,5,7,3,4,4
9309239,1,1,0,0,0,1,1
202171,3,2,1,2,3,0,0
9810323,4,1,3,4,0,4,9
9906215,6,3,3,4,1,5,22
8251,0,0,0,0,0,0,0
9609418,10,5,5,5,3,7,16
11155,7,7,0,0,2,5,33
9506388,8,2,6,12,7,1,2
201054,3,3,0,0,0,3,17
111287,2,2,0,0,0,2,5
109052,7,5,2,2,0,7,87
9803428,14,6,8,17,0,14,155
9712549,3,3,0,0,2,1,1
9307296,7,4,3,3,7,0,0
9707320,7,4,3,5,2,5,5
9902395,7,4,3,5,0,7,51
9711251,24,4,20,75,1,23,84
9604329,5,2,3,3,3,2,2
9711268,12,7,5,8,2,10,47
9510243,4,2,2,3,0,4,7
9909489,20,2,18,51,0,20,146
9803346,3,2,1,1,3,0,0
9506273,26,2,24,94,0,26,208
105225,2,1,1,1,0,2,4
9908485,7,2,5,9,3,4,11
206124,5,2,3,4,0,5,15
9805434,4,1,3,5,0,4,16
9703377,10,2,8,13,0,10,26
112355,0,0,0,0,0,0,0
9610513,3,1,2,3,0,3,6
9804232,4,2,2,2,0,4,6
9504268,7,1,6,8,1,6,8
9310336,9,1,8,23,9,0,0
9512321,16,4,12,28,4,12,29
2021,3,3,0,0,0,3,28
3204,4,1,3,4,0,4,23
111186,2,2,0,0,1,1,3
9509225,10,4,6,10,3,7,7
9812355,8,3,5,8,0,8,19
9808211,8,3,5,7,0,8,18
2079,4,3,1,1,0,4,36
9603440,14,5,9,25,1,13,50
9401272,12,3,9,21,0,12,35
9709467,5,3,2,3,0,5,14
206152,17,9,8,22,0,17,119
9707431,4,1,3,4,4,0,0
9302310,2,2,0,0,2,0,0
104210,8,2,6,9,0,8,82
101230,7,4,3,3,0,7,117
9505214,1,1,0,0,1,0,0
9603250,7,1,6,9,2,5,19
9402303,4,2,2,2,0,4,6
9909291,0,0,0,0,0,0,0
9706478,9,6,3,5,0,9,33
9409450,0,0,0,0,0,0,0
111436,0,0,0,0,0,0,0
8321,8,2,6,20,3,5,13
9904329,2,2,0,0,0,2,18
9903490,7,3,4,4,1,6,23
9904421,8,3,5,9,0,8,42
9312265,6,4,2,2,6,0,0
206066,4,4,0,0,0,4,49
9801439,6,4,2,3,1,5,11
9903375,15,6,9,19,0,15,68
9808371,28,11,17,25,24,4,4
9701374,7,4,3,5,0,7,19
107094,1,1,0,0,0,1,12
101102,3,2,1,1,2,1,4
9308289,4,3,1,1,1,3,3
1329,3,3,0,0,0,3,7
9703413,1,1,0,0,0,1,3
9807453,10,4,6,11,0,10,16
9604208,2,2,0,0,0,2,5
9808450,2,2,0,0,0,2,5
9308227,8,1,7,16,8,0,0
9412244,5,1,4,5,5,0,0
9809346,15,5,10,30,4,11,62
211281,1,1,0,0,0,1,5
9502288,1,1,0,0,1,0,0
10260,8,2,6,11,0,8,55
9612388,3,3,0,0,0,3,7
7081,13,8,5,6,7,6,6
9403379,11,5,6,12,11,0,0
207334,10,7,3,5,0,10,80
9406232,2,2,0,0,2,0,0
112119,24,4,20,91,0,24,198
204351,2,1,1,1,1,1,7
9812258,22,14,8,10,11,11,23
9903532,6,4,2,2,1,5,9
9501252,2,2,0,0,2,0,0
104071,9,6,3,3,0,9,46
208266,8,7,1,1,0,8,41
204236,5,4,1,1,1,4,23
5061,1,1,0,0,0,1,1
9912216,25,7,18,37,6,19,63
9304231,1,1,0,0,1,0,0
9505252,4,2,2,3,1,3,7
9210212,5,2,3,6,5,0,0
6216,1,1,0,0,0,1,2
211245,8,5,3,4,0,8,22
209181,1,1,0,0,0,1,2
9907570,2,2,0,0,0,2,3
9903412,5,2,3,4,1,4,10
9811229,1,1,0,0,0,1,2
9609321,14,4,10,27,4,10,14
9304236,2,2,0,0,2,0,0
9706220,6,4,2,2,1,5,30
106248,8,3,5,8,0,8,154
9504363,12,4,8,14,5,7,8
210207,2,2,0,0,1,1,8
210091,8,5,3,4,0,8,90
9911428,1,1,0,0,0,1,5
9603222,4,3,1,1,3,1,2
9708438,4,1,3,3,2,2,3
112112,3,2,1,1,0,3,17
12128,1,1,0,0,0,1,5
1011,3,2,1,1,2,1,2
112086,4,4,0,0,3,1,1
9906308,9,4,5,9,0,9,20
9606288,0,0,0,0,0,0,0
10069,6,3,3,6,0,6,15
9411212,0,0,0,0,0,0,0
102029,5,3,2,3,0,5,31
108250,6,2,4,6,2,4,166
9901233,3,2,1,1,0,3,7
9612256,6,1,5,11,0,6,22
9209224,4,3,1,1,4,0,0
112132,12,3,9,18,0,12,195
102235,5,3,2,3,4,1,5
9803420,3,3,0,0,0,3,3
106124,12,2,10,21,0,12,138
105147,12,3,9,29,0,12,37
6102,1,1,0,0,0,1,1
9812252,13,9,4,4,3,10,56
9903247,2,2,0,0,0,2,10
9909312,6,4,2,2,0,6,15
102119,6,3,3,3,0,6,35
3076,6,4,2,4,0,6,31
9706425,0,0,0,0,0,0,0
3181,2,1,1,1,1,1,1
9196,1,1,0,0,0,1,6
9906441,8,3,5,10,0,8,30
9407212,1,1,0,0,0,1,1
202013,5,1,4,5,0,5,25
104053,6,6,0,0,0,6,24
9612231,7,2,5,7,0,7,54
9509310,2,2,0,0,0,2,4
111149,2,2,0,0,0,2,10
9806286,6,1,5,7,0,6,8
9506302,2,2,0,0,0,2,4
9809249,17,5,12,48,2,15,57
9707427,0,0,0,0,0,0,0
9312249,12,2,10,26,12,0,0
9906421,5,3,2,2,0,5,13
3260,9,3,6,8,0,9,65
302257,0,0,0,0,0,0,0
9812407,2,2,0,0,1,1,1
9707228,5,5,0,0,0,5,18
9604411,0,0,0,0,0,0,0
3034,4,4,0,0,2,2,2
9911504,7,7,0,0,0,7,48
110104,3,3,0,0,0,3,14
1143,4,2,2,3,0,4,10
110237,11,4,7,11,0,11,58
5126,3,1,2,2,0,3,8
9902264,0,0,0,0,0,0,0
204156,1,1,0,0,0,1,3
9411297,2,2,0,0,2,0,0
9807524,3,2,1,1,1,2,3
9902472,1,1,0,0,0,1,16
9701388,6,5,1,1,1,5,24
9806395,4,4,0,0,1,3,9
108220,12,9,3,4,1,11,46
9712399,2,2,0,0,0,2,5
301111,1,1,0,0,0,1,4
210448,2,2,0,0,0,2,16
211432,3,2,1,1,0,3,36
211021,3,1,2,2,0,3,70
9712357,6,3,3,4,3,3,12
9806314,2,1,1,1,1,1,1
111051,0,0,0,0,0,0,0
9910364,1,1,0,0,0,1,5
9512375,8,2,6,18,8,0,0
9505399,3,2,1,1,3,0,0
2074,12,7,5,9,0,12,50
9908315,1,1,0,0,0,1,3
104287,1,1,0,0,0,1,4
111166,4,1,3,4,0,4,29
9804444,4,4,0,0,4,0,0
9606343,3,2,1,1,0,3,6
107141,10,3,7,22,0,10,48
106035,2,2,0,0,0,2,17
9711496,1,1,0,0,0,1,3
9907557,3,3,0,0,0,3,15
9903275,6,3,3,3,0,6,21
9909220,1,1,0,0,0,1,1
9207239,5,3,2,3,5,0,0
211085,5,1,4,6,0,5,9
9908423,5,4,1,1,0,5,20
9503441,8,4,4,6,2,6,8
108271,4,4,0,0,0,4,7
202032,3,2,1,1,0,3,25
9911512,4,3,1,1,0,4,6
9702411,3,2,1,1,0,3,6
9712476,14,3,11,28,2,12,56
9710495,2,2,0,0,0,2,3
204338,2,2,0,0,1,1,2
9708347,1,1,0,0,1,0,0
9901296,2,2,0,0,0,2,8
9807204,2,1,1,1,0,2,6
10014,0,0,0,0,0,0,0
207205,1,1,0,0,0,1,1
9907490,1,1,0,0,1,0,0
208248,2,2,0,0,0,2,14
9905540,3,3,0,0,0,3,8
5235,5,3,2,2,0,5,38
9905332,1,1,0,0,0,1,2
9612478,2,2,0,0,1,1,3
205065,5,4,1,2,0,5,47
204118,2,1,1,1,0,2,3
2202,1,1,0,0,1,0,0
9909295,3,1,2,2,0,3,16
9812368,10,1,9,17,6,4,7
9907334,2,2,0,0,1,1,1
107135,5,1,4,7,0,5,61
209160,2,2,0,0,0,2,10
104001,3,2,1,1,0,3,17
9710390,2,1,1,1,0,2,2
9608223,14,2,12,43,1,13,31
9805206,8,5,3,4,3,5,19
9808357,3,2,1,1,1,2,6
108192,4,4,0,0,0,4,43
9507257,0,0,0,0,0,0,0
9704209,2,1,1,1,1,1,1
11100,1,1,0,0,0,1,2
9708492,0,0,0,0,0,0,0
9711409,1,1,0,0,0,1,14
9709329,8,4,4,4,0,8,28
9611315,5,2,3,4,5,0,0
9407260,11,2,9,24,11,0,0
9411398,1,1,0,0,1,0,0
112274,13,5,8,14,0,13,90
7284,2,2,0,0,1,1,1
9903331,3,1,2,3,0,3,9
9609271,5,2,3,5,1,4,4
201183,1,1,0,0,0,1,12
4239,0,0,0,0,0,0,0
210435,0,0,0,0,0,0,0
105086,1,1,0,0,0,1,2
9804249,4,1,3,6,0,4,31
9712214,1,1,0,0,0,1,1
9612263,0,0,0,0,0,0,0
9303221,4,3,1,2,4,0,0
9212254,1,1,0,0,1,0,0
11237,2,1,1,1,0,2,21
11070,3,2,1,1,0,3,14
9711449,2,2,0,0,2,0,0
3077,3,2,1,1,0,3,4
9411442,1,1,0,0,1,0,0
9812451,1,1,0,0,0,1,5
9803275,1,1,0,0,0,1,1
101024,4,1,3,4,0,4,12
9706246,4,2,2,2,2,2,2
9907298,3,2,1,1,0,3,6
9306216,4,3,1,2,4,0,0
209376,3,3,0,0,0,3,36
9312253,0,0,0,0,0,0,0
1241,0,0,0,0,0,0,0
211036,1,1,0,0,0,1,5
9709219,2,2,0,0,0,2,3
9701217,0,0,0,0,0,0,0
105156,4,4,0,0,2,2,5
9907351,1,1,0,0,0,1,1
9606420,0,0,0,0,0,0,0
9312247,5,3,2,3,5,0,0
9503201,4,4,0,0,4,0,0
9806321,2,2,0,0,0,2,4
210103,0,0,0,0,0,0,0
102280,1,1,0,0,0,1,3
212064,1,1,0,0,0,1,4
9702402,2,2,0,0,2,0,0
9804461,3,3,0,0,0,3,24
206156,0,0,0,0,0,0,0
9902453,5,2,3,3,0,5,20
101227,1,1,0,0,1,0,0
3252,0,0,0,0,0,0,0
9610551,4,2,2,2,4,0,0
9504391,1,1,0,0,1,0,0
9909513,0,0,0,0,0,0,0
201097,0,0,0,0,0,0,0
7247,2,1,1,1,0,2,5
10257,5,2,3,5,0,5,14
206093,1,1,0,0,0,1,4
9808308,1,1,0,0,0,1,2
111338,3,3,0,0,0,3,32
108128,1,1,0,0,0,1,12
208113,8,1,7,15,0,8,41
9904246,4,2,2,2,0,4,41
8139,0,0,0,0,0,0,0
9905230,0,0,0,0,0,0,0
9601250,0,0,0,0,0,0,0
205085,10,4,6,11,0,10,122
7287,1,1,0,0,0,1,7
9708352,1,1,0,0,0,1,1
111082,8,2,6,15,0,8,57
106047,0,0,0,0,0,0,0
2165,5,4,1,1,0,5,10
9501273,3,1,2,3,3,0,0
201186,1,1,0,0,0,1,1
10331,2,1,1,1,0,2,4
207007,1,1,0,0,0,1,2
204102,0,0,0,0,0,0,0
302017,0,0,0,0,0,0,0
207224,3,1,2,2,0,3,20
103169,10,3,7,15,1,9,113
109019,0,0,0,0,0,0,0
9409404,2,2,0,0,2,0,0
204322,0,0,0,0,0,0,0
9230,1,1,0,0,0,1,2
9306206,2,2,0,0,2,0,0
6042,1,1,0,0,0,1,5
12122,0,0,0,0,0,0,0
9911444,0,0,0,0,0,0,0
9609292,0,0,0,0,0,0,0
9406298,1,1,0,0,1,0,0
9602253,3,3,0,0,0,3,6
205143,10,6,4,4,1,9,91
2288,1,1,0,0,0,1,3
7049,2,2,0,0,0,2,6
9801202,3,1,2,2,1,2,2
9711508,1,1,0,0,0,1,8
2153,1,1,0,0,0,1,5
9704252,0,0,0,0,0,0,0
9504395,2,2,0,0,0,2,2
5131,4,2,2,2,1,3,5
208088,8,3,5,7,0,8,83
9809460,1,1,0,0,0,1,7
9910422,4,1,3,6,0,4,12
9907455,3,3,0,0,0,3,11
9305253,2,2,0,0,2,0,0
9712481,0,0,0,0,0,0,0
5281,2,1,1,1,0,2,2
9701232,0,0,0,0,0,0,0
9911209,1,1,0,0,0,1,1
9705351,2,1,1,1,0,2,8
9712509,0,0,0,0,0,0,0
205010,2,2,0,0,0,2,11
9605218,1,1,0,0,0,1,4
9512271,3,1,2,2,0,3,3
102028,3,1,2,3,0,3,4
9804463,0,0,0,0,0,0,0
9902282,3,3,0,0,0,3,5
9804289,1,1,0,0,1,0,0
106070,0,0,0,0,0,0,0
212040,1,1,0,0,1,0,0
9902307,3,3,0,0,1,2,4
212062,0,0,0,0,0,0,0
4084,2,2,0,0,0,2,4
9804371,1,1,0,0,0,1,8
9502407,1,1,0,0,1,0,0
9911473,1,1,0,0,0,1,1
101313,0,0,0,0,0,0,0
106279,1,1,0,0,0,1,19
212113,2,2,0,0,0,2,16
203177,2,1,1,1,0,2,12
9911507,4,3,1,2,0,4,44
212229,2,2,0,0,1,1,6
9303323,2,2,0,0,2,0,0
302223,0,0,0,0,0,0,0
203042,4,4,0,0,0,4,9
9309245,1,1,0,0,0,1,1
112343,1,1,0,0,0,1,17
9812232,8,4,4,5,0,8,35
9210243,2,1,1,1,2,0,0
111247,2,1,1,1,0,2,3
9709495,0,0,0,0,0,0,0
205088,2,2,0,0,0,2,21
102141,4,4,0,0,1,3,6
112046,2,2,0,0,2,0,0
210041,2,1,1,1,0,2,11
9708202,2,2,0,0,2,0,0
9606394,1,1,0,0,1,0,0
9904323,2,1,1,1,0,2,5
211363,1,1,0,0,0,1,25
9712430,0,0,0,0,0,0,0
12246,0,0,0,0,0,0,0
9601290,4,3,1,2,0,4,4
204237,2,1,1,1,0,2,5
209230,1,1,0,0,0,1,7
101328,0,0,0,0,0,0,0
11361,0,0,0,0,0,0,0
101345,2,1,1,1,0,2,3
202017,1,1,0,0,0,1,1
106348,0,0,0,0,0,0,0
9603436,2,1,1,1,2,0,0
9907530,2,1,1,1,0,2,14
9712240,4,3,1,1,4,0,0
9211265,3,2,1,1,3,0,0
210216,1,1,0,0,0,1,5
9711314,1,1,0,0,0,1,11
112075,0,0,0,0,0,0,0
9501410,1,1,0,0,1,0,0
207370,1,1,0,0,0,1,15
206197,1,1,0,0,0,1,3
9406326,0,0,0,0,0,0,0
103097,1,1,0,0,0,1,10
301105,0,0,0,0,0,0,0
205262,2,1,1,1,0,2,17
9509367,0,0,0,0,0,0,0
9708410,0,0,0,0,0,0,0
9908204,4,4,0,0,0,4,5
9712288,2,2,0,0,0,2,6
209350,0,0,0,0,0,0,0
9707506,0,0,0,0,0,0,0
9702388,3,3,0,0,1,2,2
101327,1,1,0,0,1,0,0
112118,4,1,3,5,0,4,7
4002,0,0,0,0,0,0,0
212251,0,0,0,0,0,0,0
9803234,0,0,0,0,0,0,0
9906320,1,1,0,0,1,0,0
107065,2,1,1,1,0,2,10
9911330,0,0,0,0,0,0,0
9612257,2,1,1,1,2,0,0
5036,0,0,0,0,0,0,0
9802283,1,1,0,0,0,1,1
9509387,0,0,0,0,0,0,0
209256,1,1,0,0,0,1,12
9403393,1,1,0,0,1,0,0
9703205,3,1,2,2,3,0,0
102107,0,0,0,0,0,0,0
9909441,1,1,0,0,0,1,3
208065,0,0,0,0,0,0,0
9904322,1,1,0,0,0,1,1
9711515,2,2,0,0,1,1,3
107085,0,0,0,0,0,0,0
9711267,0,0,0,0,0,0,0
9708260,1,1,0,0,1,0,0
201119,0,0,0,0,0,0,0
109074,0,0,0,0,0,0,0
9905213,3,3,0,0,3,0,0
9712422,1,1,0,0,0,1,1
9901247,1,1,0,0,1,0,0
9708288,2,1,1,1,0,2,10
9801382,1,1,0,0,1,0,0
302121,0,0,0,0,0,0,0
210281,0,0,0,0,0,0,0
9604450,2,2,0,0,0,2,3
9708381,0,0,0,0,0,0,0
211336,1,1,0,0,0,1,3
110321,2,1,1,1,0,2,3
9612360,0,0,0,0,0,0,0
110295,0,0,0,0,0,0,0
10249,0,0,0,0,0,0,0
9911288,1,1,0,0,0,1,3
9901205,1,1,0,0,0,1,5
212392,0,0,0,0,0,0,0
1024,3,3,0,0,0,3,7
9710437,0,0,0,0,0,0,0
8192,1,1,0,0,0,1,13
9506349,2,1,1,1,2,0,0
9602434,2,2,0,0,0,2,4
210222,0,0,0,0,0,0,0
9807518,3,1,2,3,1,2,2
9609205,0,0,0,0,0,0,0
107010,4,2,2,3,0,4,29
206022,2,2,0,0,0,2,11
9409233,0,0,0,0,0,0,0
9711370,0,0,0,0,0,0,0
9811328,1,1,0,0,0,1,5
12147,0,0,0,0,0,0,0
111409,0,0,0,0,0,0,0
110343,0,0,0,0,0,0,0
12117,0,0,0,0,0,0,0
207265,0,0,0,0,0,0,0
9904293,0,0,0,0,0,0,0
9908444,1,1,0,0,0,1,1
3319,1,1,0,0,0,1,3
9910368,0,0,0,0,0,0,0
9804427,0,0,0,0,0,0,0
301050,0,0,0,0,0,0,0
209144,2,1,1,1,0,2,2
210062,1,1,0,0,0,1,2
9710474,1,1,0,0,0,1,2
9803205,0,0,0,0,0,0,0
9611332,0,0,0,0,0,0,0
9708297,0,0,0,0,0,0,0
2270,1,1,0,0,0,1,3
10048,0,0,0,0,0,0,0
207151,1,1,0,0,0,1,1
105095,0,0,0,0,0,0,0
9802219,1,1,0,0,0,1,1
104026,0,0,0,0,0,0,0
9706302,0,0,0,0,0,0,0
208148,1,1,0,0,1,0,0
9810362,0,0,0,0,0,0,0
107031,0,0,0,0,0,0,0
9408349,0,0,0,0,0,0,0
110228,0,0,0,0,0,0,0
301094,1,1,0,0,0,1,10
9602339,0,0,0,0,0,0,0
110408,0,0,0,0,0,0,0
9808323,0,0,0,0,0,0,0
9710537,0,0,0,0,0,0,0
9412395,0,0,0,0,0,0,0
301234,1,1,0,0,0,1,17
9259,0,0,0,0,0,0,0
9909273,1,1,0,0,0,1,5
9805408,0,0,0,0,0,0,0
9807345,0,0,0,0,0,0,0
6308,0,0,0,0,0,0,0
211094,0,0,0,0,0,0,0
212248,0,0,0,0,0,0,0
1258,1,1,0,0,0,1,6
9610548,0,0,0,0,0,0,0
208236,1,1,0,0,0,1,3
9808209,0,0,0,0,0,0,0
9911306,5,5,0,0,0,5,20
203250,0,0,0,0,0,0,0
9708317,0,0,0,0,0,0,0
210297,0,0,0,0,0,0,0
106173,0,0,0,0,0,0,0
105044,0,0,0,0,0,0,0
6193,0,0,0,0,0,0,0
9804278,0,0,0,0,0,0,0
9812431,0,0,0,0,0,0,0
9907357,0,0,0,0,0,0,0
9801371,3,2,1,1,3,0,0
110329,0,0,0,0,0,0,0
205087,0,0,0,0,0,0,0
102062,0,0,0,0,0,0,0
112257,0,0,0,0,0,0,0
212299,0,0,0,0,0,0,0
9703342,1,1,0,0,0,1,3
106293,0,0,0,0,0,0,0
111280,0,0,0,0,0,0,0
9902228,3,1,2,2,3,0,0
9609507,1,1,0,0,0,1,1
211116,0,0,0,0,0,0,0
106145,0,0,0,0,0,0,0
204217,0,0,0,0,0,0,0
9609224,0,0,0,0,0,0,0
9808250,2,2,0,0,2,0,0
9409214,0,0,0,0,0,0,0
9811244,0,0,0,0,0,0,0
9807217,0,0,0,0,0,0,0
3329,0,0,0,0,0,0,0
204233,0,0,0,0,0,0,0
9801315,1,1,0,0,1,0,0
9305330,0,0,0,0,0,0,0
9705326,0,0,0,0,0,0,0
4218,0,0,0,0,0,0,0
109263,0,0,0,0,0,0,0
9810508,1,1,0,0,0,1,2
4058,0,0,0,0,0,0,0
112244,0,0,0,0,0,0,0
302082,0,0,0,0,0,0,0
9808374,0,0,0,0,0,0,0
110118,0,0,0,0,0,0,0
9808237,0,0,0,0,0,0,0
5016,0,0,0,0,0,0,0
9605443,1,1,0,0,1,0,0
111407,0,0,0,0,0,0,0
107143,2,2,0,0,0,2,12
9407364,0,0,0,0,0,0,0
9905462,1,1,0,0,1,0,0
212022,0,0,0,0,0,0,0
209218,0,0,0,0,0,0,0
9409226,0,0,0,0,0,0,0
2028,0,0,0,0,0,0,0
204355,0,0,0,0,0,0,0
207188,0,0,0,0,0,0,0
9512362,0,0,0,0,0,0,0
9018,3,2,1,1,2,1,1
204022,0,0,0,0,0,0,0
9702233,1,1,0,0,0,1,1
211132,0,0,0,0,0,0,0
9503410,0,0,0,0,0,0,0
6033,1,1,0,0,0,1,9
105117,0,0,0,0,0,0,0
212361,1,1,0,0,0,1,1
9703229,0,0,0,0,0,0,0
9908322,0,0,0,0,0,0,0
9809373,0,0,0,0,0,0,0
9702271,0,0,0,0,0,0,0
207132,0,0,0,0,0,0,0
211140,0,0,0,0,0,0,0
208221,0,0,0,0,0,0,0
9412364,0,0,0,0,0,0,0
9612395,0,0,0,0,0,0,0
6111,0,0,0,0,0,0,0
9806410,0,0,0,0,0,0,0
11326,0,0,0,0,0,0,0
9611390,0,0,0,0,0,0,0
9609464,0,0,0,0,0,0,0
301258,0,0,0,0,0,0,0
11185,0,0,0,0,0,0,0
203249,0,0,0,0,0,0,0
12335,0,0,0,0,0,0,0
210229,0,0,0,0,0,0,0
212167,1,1,0,0,0,1,3
103276,0,0,0,0,0,0,0
103222,1,1,0,0,1,0,0
209211,0,0,0,0,0,0,0
9604322,0,0,0,0,0,0,0
9806274,0,0,0,0,0,0,0
302115,0,0,0,0,0,0,0
9708465,0,0,0,0,0,0,0
211392,0,0,0,0,0,0,0
9604325,0,0,0,0,0,0,0
209279,0,0,0,0,0,0,0
302093,0,0,0,0,0,0,0
9810503,0,0,0,0,0,0,0
207155,0,0,0,0,0,0,0
9507454,0,0,0,0,0,0,0
206255,0,0,0,0,0,0,0
9803330,0,0,0,0,0,0,0
211277,0,0,0,0,0,0,0
9611448,0,0,0,0,0,0,0
102155,0,0,0,0,0,0,0
203247,0,0,0,0,0,0,0
9410263,0,0,0,0,0,0,0
9807455,0,0,0,0,0,0,0
9069,1,1,0,0,1,0,0
4174,0,0,0,0,0,0,0
208145,0,0,0,0,0,0,0
210353,0,0,0,0,0,0,0
209293,0,0,0,0,0,0,0
9301210,1,1,0,0,1,0,0
211216,0,0,0,0,0,0,0
210066,0,0,0,0,0,0,0
106092,0,0,0,0,0,0,0
9608473,0,0,0,0,0,0,0
205004,0,0,0,0,0,0,0
2247,0,0,0,0,0,0,0
206013,0,0,0,0,0,0,0
9606450,0,0,0,0,0,0,0
211202,0,0,0,0,0,0,0
205291,0,0,0,0,0,0,0
9512257,0,0,0,0,0,0,0
201276,0,0,0,0,0,0,0
102294,0,0,0,0,0,0,0
106043,0,0,0,0,0,0,0
9295,1,1,0,0,0,1,5
11113,0,0,0,0,0,0,0
9511303,0,0,0,0,0,0,0
11125,0,0,0,0,0,0,0
201221,0,0,0,0,0,0,0
9506303,0,0,0,0,0,0,0
207338,0,0,0,0,0,0,0
302144,0,0,0,0,0,0,0
5137,0,0,0,0,0,0,0
301145,0,0,0,0,0,0,0
9609514,0,0,0,0,0,0,0
301139,0,0,0,0,0,0,0
110116,0,0,0,0,0,0,0
110271,0,0,0,0,0,0,0
9501357,68,10,58,193,10,58,169
9211304,181,25,156,1170,181,0,0
9054,4,2,2,3,1,3,16
9806468,50,7,43,182,3,47,416
9308288,181,21,160,1298,53,128,422
9409391,28,6,22,81,9,19,19
12161,3,3,0,0,0,3,13
9801412,26,6,20,76,9,17,29
6136,28,14,14,27,3,25,178
9911321,35,14,21,62,4,31,279
211308,4,3,1,1,0,4,23
9503280,48,15,33,68,48,0,0
202205,13,2,11,25,0,13,67
3294,6,3,3,4,1,5,8
9411337,5,2,3,6,2,3,5
9702350,29,1,28,108,9,20,41
9808217,4,2,2,2,0,4,14
9305272,5,4,1,1,4,1,1
9210233,43,4,39,195,2,41,41
9706267,8,2,6,10,0,8,44
108264,19,10,9,16,7,12,32
9308342,8,5,3,3,8,0,0
9807423,107,3,104,756,5,102,629
8125,9,3,6,9,1,8,37
9505233,31,5,26,87,26,5,5
9711396,249,10,239,3262,227,22,29
9510310,5,3,2,3,3,2,2
9611358,6,1,5,8,0,6,44
9405390,9,9,0,0,8,1,1
9504216,32,7,25,75,18,14,44
9503303,74,7,67,259,31,43,72
9406396,15,8,7,12,4,11,22
9509423,73,10,63,300,73,0,0
9807228,92,6,86,591,26,66,138
9904281,40,4,36,198,9,31,127
9710209,47,7,40,169,0,47,371
9810328,44,10,34,128,5,39,99
9709271,5,1,4,9,4,1,1
9902204,35,6,29,93,5,30,68
9911364,22,5,17,36,2,20,144
9612243,32,12,20,56,10,22,31
9702243,41,7,34,124,8,33,72
9809531,51,8,43,200,14,37,112
9712238,11,5,6,7,8,3,3
9706535,2,1,1,1,0,2,5
9702429,20,2,18,70,2,18,82
9807360,33,3,30,127,19,14,19
9901316,7,3,4,6,5,2,26
9505318,2,2,0,0,2,0,0
9607285,17,1,16,38,0,17,40
9710418,14,4,10,27,2,12,39
9611293,24,3,21,54,1,23,166
9805219,43,12,31,73,8,35,35
9712415,34,8,26,57,14,20,25
3007,9,4,5,5,1,8,21
9408228,104,19,85,603,75,29,31
9505347,24,11,13,21,3,21,62
9207221,45,7,38,224,45,0,0
9704214,25,4,21,61,9,16,16
9308335,99,22,77,271,97,2,2
9912264,35,4,31,154,3,32,106
105049,4,3,1,1,1,3,14
9712287,85,6,79,545,3,82,339
9506242,79,11,68,254,6,73,184
9809347,4,1,3,6,4,0,0
9410203,24,3,21,74,14,10,14
9611204,28,3,25,82,0,28,110
9705307,50,9,41,174,3,47,309
9603379,8,1,7,19,5,3,3
9511256,19,5,14,51,0,19,70
104126,36,8,28,65,0,36,244
109101,3,3,0,0,0,3,13
1170,5,3,2,2,1,4,9
9908232,17,3,14,54,0,17,151
9205221,71,14,57,217,71,0,0
9402348,12,3,9,29,12,0,0
9608478,18,3,15,40,18,0,0
9304248,10,4,6,11,10,0,0
9607297,16,3,13,25,2,14,15
9508378,43,3,40,213,2,41,80
9710428,9,4,5,11,0,9,33
9503285,35,5,30,68,10,25,53
9810240,5,3,2,2,1,4,42
9609497,1,1,0,0,0,1,2
9302207,27,3,24,132,19,8,8
9406368,15,3,12,34,0,15,67
9704383,39,11,28,94,39,0,0
9704424,24,4,20,65,12,12,21
9801350,28,4,24,137,0,28,230
9606415,10,4,6,13,0,10,46
9910488,12,3,9,21,0,12,24
9310257,42,11,31,63,10,32,32
9503294,16,5,11,15,6,10,10
9707463,24,5,19,45,7,17,31
9710500,12,8,4,11,0,12,35
9807480,43,2,41,250,3,40,137
9703359,21,2,19,82,3,18,52
9909435,23,4,19,63,0,23,171
9509341,21,7,14,36,2,19,86
9309324,8,4,4,7,8,0,0
9604225,21,8,13,27,2,19,121
9304274,7,4,3,4,7,0,0
9312306,36,11,25,58,8,28,50
9506210,13,4,9,21,1,12,29
9903258,13,7,6,15,0,13,60
9308222,94,21,73,285,94,0,0
9605317,109,6,103,647,42,67,84
9611453,24,2,22,83,0,24,95
6205,20,3,17,64,8,12,70
9701410,17,6,11,19,8,9,17
9803473,31,6,25,95,3,28,107
9910309,42,6,36,137,1,41,279
9161,3,3,0,0,0,3,29
9703266,33,8,25,119,2,31,164
9708257,26,2,24,102,2,24,61
9708365,4,2,2,2,4,0,0
3141,6,4,2,3,1,5,53
9701360,16,3,13,19,0,16,98
11002,26,5,21,57,0,26,116
9610433,32,9,23,50,3,29,77
9809550,21,7,14,34,0,21,143
9908523,42,5,37,222,3,39,355
9612204,9,2,7,13,2,7,26
9901321,9,7,2,4,0,9,36
106110,10,5,5,5,0,10,65
3327,9,1,8,13,0,9,124
9212295,11,5,6,10,2,9,24
9811227,30,3,27,153,0,30,134
9812305,15,4,11,31,1,14,95
9912274,8,4,4,8,0,8,35
211124,8,2,6,16,0,8,40
207275,0,0,0,0,0,0,0
9701212,10,3,7,9,10,0,0
9405360,10,5,5,5,0,10,22
9512230,50,8,42,218,45,5,5
9602279,7,4,3,4,2,5,10
9510220,46,11,35,131,24,22,44
9309281,1,1,0,0,0,1,2
9411281,3,2,1,1,2,1,1
9607298,22,7,15,54,1,21,65
9707273,24,3,21,61,0,24,90
9603343,13,2,11,27,0,13,46
9604232,39,4,35,118,24,15,40
9405342,64,22,42,122,26,38,83
9509216,20,3,17,64,19,1,1
1194,6,3,3,4,0,6,13
9802294,26,3,23,91,5,21,61
9910357,4,1,3,4,0,4,7
9708445,2,2,0,0,0,2,9
9907400,21,3,18,46,0,21,174
9712516,12,6,6,6,2,10,32
9704361,74,11,63,379,5,69,225
9708419,15,10,5,6,1,14,154
9505422,68,12,56,171,61,7,14
9305344,4,3,1,1,4,0,0
9409232,20,3,17,35,0,20,67
9906300,6,6,0,0,0,6,47
9911457,60,12,48,232,0,60,312
103088,29,13,16,28,5,24,138
9505315,7,3,4,4,6,1,1
9310212,66,8,58,144,15,51,114
9904295,7,4,3,5,1,6,18
9705394,1,1,0,0,1,0,0
9904335,7,3,4,7,0,7,30
9806472,13,6,7,10,0,13,32
9806246,22,8,14,33,2,20,38
9065,34,2,32,136,0,34,131
9911496,42,5,37,200,0,42,184
101217,2,1,1,1,0,2,10
104271,12,7,5,8,1,11,76
105056,26,9,17,40,3,23,51
9211286,41,12,29,119,38,3,3
102156,8,4,4,7,1,7,103
202167,10,2,8,16,0,10,120
103324,24,7,17,38,0,24,258
9609300,2,2,0,0,0,2,11
106128,15,3,12,23,2,13,29
6026,7,2,5,5,0,7,30
9604451,13,4,9,10,0,13,19
103060,8,4,4,6,1,7,24
10041,13,5,8,24,0,13,76
1001,39,4,35,269,2,37,361
9905339,15,5,10,22,2,13,115
9306271,40,11,29,80,40,0,0
9808287,20,4,16,71,0,20,78
9702443,74,15,59,180,3,71,163
9511396,3,2,1,1,0,3,7
9605285,7,4,3,5,7,0,0
9903298,55,7,48,266,1,54,277
9905415,44,2,42,205,0,44,414
101221,4,4,0,0,2,2,13
9605302,26,11,15,36,4,22,70
5328,29,3,26,223,0,29,164
109079,25,2,23,110,0,25,150
208096,9,2,7,13,0,9,58
109168,2,2,0,0,0,2,12
104315,16,10,6,8,0,16,54
111099,39,3,36,289,0,39,306
9801362,6,1,5,10,3,3,3
3129,60,7,53,211,1,59,312
9703449,68,1,67,475,5,63,140
9304261,6,3,3,7,6,0,0
8333,15,7,8,12,0,15,180
1335,16,6,10,15,0,16,122
9912276,7,2,5,6,0,7,36
205071,6,3,3,4,0,6,47
9507368,16,7,9,18,3,13,13
2286,17,8,9,15,0,17,106
9609525,15,5,10,20,5,10,10
9601269,15,4,11,30,3,12,30
9405382,6,4,2,4,0,6,25
8127,13,3,10,23,0,13,172
9804306,29,1,28,102,5,24,42
6138,7,4,3,3,0,7,53
9911347,3,3,0,0,1,2,4
12154,8,2,6,11,1,7,26
9903270,12,8,4,7,0,12,89
9410284,6,3,3,4,0,6,28
9505420,5,2,3,7,4,1,1
10296,29,4,25,96,0,29,214
9803359,7,6,1,1,1,6,27
9603400,85,7,78,358,0,85,693
9608296,7,3,4,10,0,7,49
9403325,2,2,0,0,2,0,0
9408225,6,2,4,6,6,0,0
9309287,20,5,15,39,8,12,16
9304310,4,1,3,3,0,4,14
9706423,7,5,2,2,0,7,13
9212292,2,2,0,0,2,0,0
9603356,4,1,3,4,0,4,4
105097,9,1,8,24,0,9,68
9803401,19,8,11,14,2,17,51
9406302,22,11,11,18,17,5,6
9409326,45,9,36,153,45,0,0
9811208,6,4,2,2,3,3,3
9507218,26,6,20,71,24,2,2
9809487,10,1,9,19,0,10,70
9507403,27,5,22,118,1,26,28
9802373,14,1,13,31,0,14,49
2250,29,3,26,85,0,29,240
9409410,11,8,3,3,8,3,5
9701275,9,3,6,10,8,1,1
7036,2,2,0,0,0,2,5
109160,8,8,0,0,1,7,32
9607254,78,19,59,162,5,73,334
9607442,10,3,7,10,1,9,31
9703363,18,8,10,26,3,15,70
9612270,8,3,5,9,1,7,25
9701413,13,1,12,38,0,13,63
9410302,10,1,9,20,4,6,6
9611249,1,1,0,0,0,1,7
9401314,13,7,6,9,13,0,0
9707345,27,9,18,46,1,26,89
9512309,12,3,9,20,2,10,22
9304270,5,2,3,4,5,0,0
9401264,17,6,11,32,17,0,0
9610268,4,2,2,2,0,4,12
9605276,2,1,1,1,0,2,5
9707240,7,4,3,3,0,7,19
9707305,9,3,6,12,0,9,44
9410324,7,7,0,0,1,6,14
9905477,11,1,10,19,11,0,0
9710487,27,3,24,84,4,23,80
9301285,7,5,2,4,0,7,15
9410295,1,1,0,0,0,1,3
9509294,15,4,11,67,0,15,37
9503351,43,14,29,82,13,30,53
9707357,3,1,2,2,0,3,12
9902340,6,3,3,3,5,1,1
104131,6,3,3,3,0,6,46
4048,15,6,9,22,1,14,59
9211307,10,3,7,18,10,0,0
9310335,1,1,0,0,0,1,2
9812491,5,3,2,2,0,5,22
9410412,9,3,6,7,1,8,22
9802240,4,1,3,5,1,3,45
9903406,23,4,19,101,0,23,97
5248,21,11,10,14,1,20,54
3010,1,1,0,0,1,0,0
104041,37,2,35,234,1,36,84
9210253,101,11,90,383,101,0,0
9807385,3,1,2,3,0,3,5
201081,12,7,5,14,0,12,111
101351,7,5,2,5,1,6,67
9601358,6,4,2,2,1,5,13
9707489,7,5,2,2,0,7,43
9802370,18,7,11,22,3,15,54
12362,11,3,8,23,0,11,41
9608435,2,1,1,1,0,2,28
9408272,6,2,4,9,6,0,0
9801288,1,1,0,0,0,1,1
9706542,14,7,7,10,1,13,57
9612390,17,3,14,65,0,17,26
9605303,4,1,3,5,0,4,16
9807503,6,3,3,6,1,5,9
9907368,9,4,5,10,1,8,22
9609395,15,2,13,42,0,15,32
103157,13,6,7,12,0,13,103
9401324,9,4,5,7,2,7,14
9904206,41,3,38,155,4,37,130
9507201,2,1,1,1,0,2,3
9504294,11,3,8,13,9,2,2
9204226,13,3,10,34,13,0,0
9703375,41,3,38,254,1,40,257
9705399,16,2,14,53,1,15,287
206056,1,1,0,0,0,1,3
9404213,6,3,3,9,6,0,0
9611307,10,1,9,19,2,8,27
9904370,12,1,11,22,0,12,95
9502377,4,1,3,4,2,2,5
9906335,5,4,1,2,0,5,26
9503442,25,6,19,85,22,3,5
109137,6,5,1,1,0,6,55
9510312,15,2,13,29,2,13,41
9206235,6,6,0,0,6,0,0
9702289,3,2,1,1,2,1,6
9712457,24,2,22,82,15,9,9
9608403,4,1,3,6,4,0,0
9503333,11,2,9,17,3,8,12
9811420,4,4,0,0,0,4,26
9805436,6,1,5,7,0,6,34
9710216,12,4,8,13,8,4,5
110115,8,7,1,1,0,8,38
9806244,8,3,5,10,1,7,24
108110,4,1,3,4,1,3,9
9708221,3,2,1,1,1,2,4
101226,7,1,6,13,0,7,39
9608344,5,1,4,5,0,5,9
9406252,20,5,15,45,20,0,0
9503222,6,3,3,5,6,0,0
9912510,4,1,3,6,0,4,14
111130,6,3,3,4,0,6,41
9605376,6,4,2,3,3,3,12
9712478,11,5,6,14,0,11,85
9902409,8,3,5,7,5,3,10
110215,33,9,24,56,14,19,46
9608412,14,3,11,21,11,3,3
207015,1,1,0,0,0,1,3
109245,1,1,0,0,0,1,8
1273,5,2,3,4,3,2,12
9911480,6,2,4,6,4,2,3
9703319,28,4,24,81,7,21,87
3059,0,0,0,0,0,0,0
9905506,2,2,0,0,2,0,0
7342,3,2,1,1,0,3,11
9707476,10,4,6,10,1,9,40
8005,5,4,1,1,0,5,43
9903343,2,2,0,0,0,2,8
9709355,6,3,3,6,5,1,4
9406283,12,7,5,9,8,4,5
9604254,3,2,1,1,0,3,4
9511338,4,2,2,2,1,3,6
9908436,2,2,0,0,0,2,14
201008,29,4,25,90,19,10,13
9912278,13,1,12,40,0,13,186
9612320,7,2,5,9,1,6,19
9406362,2,1,1,1,0,2,10
9508389,1,1,0,0,0,1,9
9610407,15,3,12,31,2,13,34
1196,15,5,10,31,0,15,67
110247,7,6,1,1,1,6,34
109120,7,3,4,7,0,7,41
9901377,8,3,5,8,3,5,5
204077,3,1,2,2,0,3,13
202006,13,4,9,22,0,13,66
9909431,5,3,2,3,0,5,18
104130,13,2,11,32,0,13,76
9508253,10,4,6,7,0,10,106
7083,8,2,6,11,0,8,35
9805413,2,2,0,0,2,0,0
105212,23,9,14,37,0,23,59
112074,11,5,6,19,0,11,62
9908257,15,4,11,23,1,14,81
9809263,13,1,12,50,1,12,75
9308201,7,4,3,3,2,5,22
9809224,3,1,2,2,0,3,17
9810316,1,1,0,0,1,0,0
12372,2,2,0,0,0,2,4
101275,29,1,28,141,0,29,418
7133,18,2,16,66,0,18,201
9407277,7,4,3,6,7,0,0
9611351,1,1,0,0,0,1,6
9806291,5,4,1,1,3,2,25
9410306,1,1,0,0,1,0,0
103294,15,5,10,31,0,15,189
9805300,8,6,2,4,2,6,9
9811361,3,3,0,0,0,3,27
9510293,6,2,4,5,6,0,0
111385,4,1,3,6,3,1,1
9908289,7,0,7,17,0,7,51
9709264,15,9,6,8,11,4,5
9606327,4,1,3,6,0,4,13
1057,5,3,2,3,3,2,4
9509284,7,2,5,10,2,5,9
9209223,6,5,1,3,6,0,0
205057,4,3,1,1,2,2,10
3275,15,6,9,22,0,15,64
9411355,4,4,0,0,4,0,0
4101,12,2,10,26,0,12,93
9612335,6,1,5,8,0,6,23
109167,3,3,0,0,0,3,16
9811499,2,2,0,0,0,2,4
202132,2,2,0,0,0,2,5
111288,2,2,0,0,0,2,5
112308,1,1,0,0,0,1,6
9303307,10,4,6,13,1,9,16
9809289,2,1,1,1,2,0,0
9402269,1,1,0,0,0,1,1
9707466,14,7,7,13,8,6,9
9908341,2,2,0,0,1,1,4
9802282,7,3,4,7,0,7,29
9803298,17,6,11,33,9,8,23
9511362,13,9,4,5,2,11,27
9312264,14,4,10,18,9,5,5
9911381,10,4,6,7,0,10,41
9809441,3,2,1,2,1,2,6
9510421,7,3,4,7,0,7,18
201242,5,1,4,8,0,5,11
9412269,8,2,6,13,8,0,0
9707381,4,1,3,4,4,0,0
9808230,4,2,2,4,4,0,0
9506377,4,3,1,1,3,1,1
7127,2,1,1,1,0,2,7
9611336,3,2,1,2,0,3,8
201104,0,0,0,0,0,0,0
9512418,12,6,6,7,1,11,27
9401282,8,1,7,17,1,7,7
1090,5,2,3,8,0,5,19
4227,12,1,11,44,0,12,82
7050,3,2,1,1,0,3,18
111240,1,1,0,0,0,1,7
9512393,13,4,9,17,2,11,25
1259,22,5,17,74,0,22,190
9509383,7,3,4,7,7,0,0
9712332,1,1,0,0,0,1,2
9605230,18,6,12,32,0,18,74
9509315,2,2,0,0,0,2,8
9904488,9,1,8,11,0,9,84
207253,2,2,0,0,0,2,14
9903553,3,1,2,3,2,1,1
9708244,1,1,0,0,0,1,6
11211,4,2,2,3,1,3,15
105295,8,2,6,13,0,8,129
9601203,2,2,0,0,0,2,5
9706384,2,2,0,0,0,2,4
211374,0,0,0,0,0,0,0
9312233,2,2,0,0,2,0,0
9803279,7,3,4,4,5,2,3
9904333,1,1,0,0,0,1,3
4083,7,2,5,9,3,4,14
9001,15,2,13,61,0,15,32
9905267,2,2,0,0,1,1,13
1037,2,1,1,1,0,2,6
211233,0,0,0,0,0,0,0
9811288,8,2,6,7,0,8,21
208241,5,1,4,4,0,5,21
9404275,2,1,1,1,2,0,0
9908247,18,10,8,11,1,17,42
9609309,4,2,2,2,0,4,34
9801372,7,5,2,2,5,2,2
11006,2,2,0,0,0,2,22
101244,8,6,2,4,7,1,2
9207266,11,3,8,23,11,0,0
6121,4,1,3,5,0,4,13
9510225,1,1,0,0,1,0,0
9808280,8,3,5,10,0,8,60
2259,10,2,8,16,1,9,18
9808475,1,1,0,0,0,1,7
105158,1,1,0,0,0,1,1
9802228,0,0,0,0,0,0,0
9405396,31,4,27,101,31,0,0
9903291,5,3,2,2,1,4,12
9604407,5,3,2,3,0,5,12
111223,2,2,0,0,0,2,4
9509233,3,2,1,1,0,3,9
10040,7,5,2,3,0,7,36
3213,10,6,4,8,10,0,0
9712487,2,1,1,1,0,2,2
2042,6,2,4,6,0,6,19
112345,12,1,11,30,0,12,95
205207,1,1,0,0,0,1,1
9903396,15,6,9,20,6,9,36
9908292,7,2,5,7,0,7,17
9307373,3,3,0,0,0,3,3
105229,41,25,16,32,18,23,43
209017,1,1,0,0,0,1,3
109161,3,2,1,1,0,3,13
202064,10,4,6,16,0,10,123
9610206,2,1,1,1,1,1,1
9901405,15,2,13,31,0,15,59
9602264,12,4,8,29,1,11,41
9210214,5,2,3,6,5,0,0
9412238,4,1,3,3,4,0,0
211359,6,4,2,2,0,6,15
201305,5,2,3,3,1,4,19
9909241,3,2,1,1,2,1,2
2211,6,2,4,9,1,5,29
203080,1,1,0,0,0,1,7
9907235,6,1,5,9,6,0,0
9801338,0,0,0,0,0,0,0
107145,1,1,0,0,0,1,4
107142,16,4,12,43,1,15,188
9505328,13,3,10,22,3,10,17
211068,1,1,0,0,0,1,18
103094,4,2,2,3,2,2,6
210372,3,2,1,1,0,3,6
9802271,4,2,2,3,0,4,17
9805446,3,3,0,0,0,3,5
9602341,7,2,5,5,0,7,21
1162,7,1,6,14,0,7,28
5193,2,1,1,1,0,2,8
204210,2,2,0,0,0,2,12
9704203,3,3,0,0,0,3,3
9503396,9,5,4,4,4,5,5
11048,9,3,6,9,0,9,88
9210264,4,2,2,3,4,0,0
108122,19,5,14,36,1,18,229
110332,4,2,2,3,0,4,34
9907453,1,1,0,0,0,1,4
9703324,11,6,5,10,2,9,51
9212209,2,2,0,0,2,0,0
9504210,9,3,6,14,8,1,3
9184,0,0,0,0,0,0,0
9912527,21,5,16,59,2,19,74
106228,2,1,1,1,0,2,14
203092,8,1,7,14,0,8,48
9503452,3,2,1,1,1,2,2
9908501,2,2,0,0,0,2,2
205060,0,0,0,0,0,0,0
9910327,4,3,1,2,0,4,17
102269,4,4,0,0,1,3,12
11334,7,3,4,8,0,7,39
104143,4,4,0,0,0,4,30
9904235,1,1,0,0,1,0,0
104263,4,1,3,3,0,4,23
9610213,7,3,4,7,0,7,25
9407252,23,11,12,20,1,22,94
203198,11,5,6,9,1,10,107
9412337,5,4,1,1,0,5,8
9508368,10,6,4,5,0,10,22
10283,6,5,1,1,0,6,18
9708420,2,1,1,1,0,2,4
209306,2,2,0,0,0,2,37
9706356,2,2,0,0,0,2,9
2127,17,5,12,37,0,17,194
9706283,3,3,0,0,0,3,4
7352,3,1,2,3,0,3,8
6234,2,2,0,0,1,1,3
5098,3,2,1,1,0,3,15
110069,7,3,4,5,2,5,16
9710525,2,2,0,0,0,2,7
9510338,5,3,2,2,5,0,0
9406332,5,2,3,4,5,0,0
9909355,6,1,5,11,1,5,13
9611435,1,1,0,0,1,0,0
3302,2,1,1,1,0,2,12
104274,2,2,0,0,0,2,13
9211,5,3,2,2,0,5,21
9812506,6,6,0,0,0,6,31
9802236,5,4,1,1,5,0,0
204165,3,3,0,0,0,3,5
9407271,4,3,1,2,3,1,4
9905243,2,2,0,0,1,1,2
9401243,2,2,0,0,1,1,1
9505271,6,4,2,2,0,6,29
9912446,6,3,3,7,0,6,10
107018,4,3,1,2,2,2,3
9911530,1,1,0,0,0,1,6
302102,2,2,0,0,0,2,23
201177,2,2,0,0,1,1,1
210323,6,5,1,2,0,6,207
9407400,5,1,4,7,5,0,0
1322,5,2,3,8,0,5,96
9807431,0,0,0,0,0,0,0
8252,3,2,1,1,1,2,2
5042,3,1,2,3,0,3,10
9810245,2,1,1,1,0,2,9
9707353,1,1,0,0,0,1,1
3021,9,2,7,13,0,9,87
9811455,7,2,5,8,2,5,9
107243,2,1,1,1,0,2,4
202175,1,1,0,0,0,1,4
9901423,1,1,0,0,0,1,2
9908291,3,2,1,1,0,3,7
9509223,1,1,0,0,1,0,0
2151,8,3,5,15,0,8,41
9708487,3,2,1,1,0,3,6
9911425,4,3,1,1,0,4,23
9412254,8,2,6,7,7,1,1
9710420,2,1,1,1,2,0,0
9609442,3,1,2,2,0,3,5
211181,4,2,2,2,0,4,14
9707356,6,3,3,4,0,6,15
9607430,1,1,0,0,0,1,8
9911277,5,2,3,3,5,0,0
207278,4,3,1,1,1,3,4
9710456,4,1,3,5,0,4,4
9711359,3,2,1,1,0,3,4
9505234,3,1,2,2,0,3,14
205310,0,0,0,0,0,0,0
204149,3,3,0,0,0,3,14
9701224,2,2,0,0,0,2,3
9308341,3,2,1,1,3,0,0
9808389,1,1,0,0,0,1,1
9901339,11,5,6,11,7,4,10
9810431,1,1,0,0,0,1,2
211326,1,1,0,0,0,1,2
109177,5,4,1,1,2,3,7
9608490,5,3,2,4,5,0,0
9905293,2,2,0,0,0,2,11
9908456,2,2,0,0,0,2,7
102248,3,1,2,3,0,3,8
9505354,2,2,0,0,1,1,4
2248,2,2,0,0,1,1,2
9703385,6,4,2,3,0,6,11
9609293,2,2,0,0,1,1,5
9812526,9,4,5,8,0,9,14
9503300,6,2,4,4,6,0,0
110345,2,1,1,1,0,2,7
210021,5,1,4,5,0,5,51
105152,1,1,0,0,0,1,4
9710507,1,1,0,0,0,1,2
9608351,6,3,3,3,0,6,13
9902481,8,5,3,3,0,8,27
9306245,6,3,3,6,6,0,0
9412274,5,1,4,4,5,0,0
11205,4,2,2,3,0,4,14
5062,0,0,0,0,0,0,0
11398,4,2,2,2,0,4,7
102108,1,1,0,0,0,1,3
9406306,4,1,3,3,0,4,7
103161,5,2,3,5,1,4,21
9709230,6,2,4,4,3,3,3
9409384,9,2,7,15,9,0,0
9806239,5,2,3,3,0,5,19
205109,7,4,3,8,0,7,70
9303,1,1,0,0,0,1,1
9407319,1,1,0,0,0,1,1
9903348,0,0,0,0,0,0,0
9507374,1,1,0,0,0,1,1
9705406,6,5,1,1,2,4,19
202254,7,4,3,3,1,6,34
5219,3,1,2,3,0,3,5
9808313,3,1,2,3,0,3,30
10298,1,1,0,0,0,1,6
110133,1,1,0,0,0,1,26
9403221,3,2,1,1,3,0,0
9512224,1,1,0,0,0,1,6
7199,0,0,0,0,0,0,0
9602303,1,1,0,0,0,1,3
9806438,5,1,4,10,0,5,31
3160,6,2,4,6,1,5,11
208071,1,1,0,0,0,1,3
211131,0,0,0,0,0,0,0
9809402,6,3,3,3,0,6,15
107330,2,1,1,1,0,2,6
10284,0,0,0,0,0,0,0
9910280,1,1,0,0,0,1,4
9502398,1,1,0,0,0,1,3
103095,3,2,1,1,2,1,9
9708401,2,2,0,0,1,1,1
9907437,6,3,3,3,1,5,12
211321,7,4,3,5,1,6,28
202222,1,1,0,0,0,1,9
101143,3,1,2,2,0,3,24
202246,7,4,3,5,0,7,39
9710556,6,1,5,5,6,0,0
9710542,2,2,0,0,1,1,5
212238,0,0,0,0,0,0,0
9509372,1,1,0,0,1,0,0
9911352,0,0,0,0,0,0,0
2051,5,3,2,2,4,1,1
9602362,3,2,1,1,3,0,0
105042,7,3,4,7,1,6,11
9705349,2,2,0,0,2,0,0
9709468,6,2,4,6,0,6,23
103308,6,1,5,10,0,6,66
9506379,2,1,1,1,2,0,0
9906264,0,0,0,0,0,0,0
9807482,3,2,1,1,3,0,0
9611216,1,1,0,0,0,1,4
9809357,4,3,1,1,0,4,9
9708468,2,1,1,1,1,1,3
212316,0,0,0,0,0,0,0
11023,1,1,0,0,0,1,6
9912351,9,3,6,14,1,8,14
207318,1,1,0,0,0,1,7
107176,7,5,2,2,2,5,29
5144,10,3,7,14,0,10,80
7195,1,1,0,0,0,1,2
209010,9,1,8,11,0,9,47
9601327,3,2,1,1,0,3,12
8133,1,1,0,0,0,1,6
112332,1,1,0,0,1,0,0
9907249,5,1,4,7,1,4,5
206229,4,1,3,3,0,4,9
9410352,3,2,1,1,3,0,0
9909409,3,1,2,2,0,3,9
205108,6,1,5,9,0,6,54
9712316,2,2,0,0,2,0,0
7293,5,1,4,4,0,5,21
9507279,2,1,1,1,0,2,2
9806451,2,1,1,1,0,2,4
9809511,0,0,0,0,0,0,0
9807507,2,2,0,0,0,2,6
12094,2,2,0,0,0,2,11
301061,6,5,1,1,0,6,39
102221,12,4,8,15,0,12,39
5077,4,2,2,5,0,4,12
9808406,2,2,0,0,0,2,3
9810355,3,3,0,0,3,0,0
204318,1,1,0,0,0,1,11
1154,2,1,1,1,0,2,5
9611275,1,1,0,0,0,1,3
103053,5,4,1,1,0,5,57
9711242,0,0,0,0,0,0,0
9705457,2,2,0,0,0,2,6
9506434,3,2,1,1,3,0,0
9404267,0,0,0,0,0,0,0
12049,7,4,3,3,0,7,29
205280,2,1,1,1,0,2,9
9711202,3,3,0,0,0,3,5
9806208,0,0,0,0,0,0,0
9907208,0,0,0,0,0,0,0
211320,0,0,0,0,0,0,0
9308260,3,1,2,3,3,0,0
9608326,0,0,0,0,0,0,0
9705412,2,2,0,0,0,2,8
110028,2,2,0,0,0,2,6
209006,4,2,2,2,0,4,84
103156,0,0,0,0,0,0,0
103262,1,1,0,0,0,1,2
9709201,3,1,2,2,2,1,1
202020,0,0,0,0,0,0,0
207133,2,2,0,0,0,2,15
11230,4,1,3,4,0,4,5
110179,0,0,0,0,0,0,0
9812370,1,1,0,0,0,1,1
108105,1,1,0,0,1,0,0
9610332,2,2,0,0,0,2,11
107290,3,2,1,1,1,2,15
9507400,2,2,0,0,1,1,1
9704202,4,1,3,3,0,4,25
9912294,1,1,0,0,1,0,0
9507367,2,2,0,0,0,2,2
9804336,1,1,0,0,0,1,5
9908242,1,1,0,0,0,1,6
104098,1,1,0,0,0,1,11
9912219,0,0,0,0,0,0,0
9901292,2,2,0,0,0,2,6
204325,1,1,0,0,0,1,3
104303,2,2,0,0,2,0,0
9908428,2,2,0,0,1,1,2
9506360,1,1,0,0,1,0,0
201264,1,1,0,0,1,0,0
9812473,3,2,1,1,1,2,2
106328,2,2,0,0,0,2,30
211101,1,1,0,0,0,1,9
108125,1,1,0,0,0,1,3
9911411,1,1,0,0,0,1,4
9707502,4,3,1,1,1,3,14
9308331,2,2,0,0,2,0,0
212095,0,0,0,0,0,0,0
302202,0,0,0,0,0,0,0
9502375,0,0,0,0,0,0,0
205242,1,1,0,0,0,1,16
110174,1,1,0,0,0,1,3
9509402,0,0,0,0,0,0,0
201012,1,1,0,0,0,1,2
12334,3,2,1,1,0,3,13
106253,3,1,2,3,0,3,32
206169,0,0,0,0,0,0,0
112165,2,2,0,0,1,1,2
203108,5,2,3,4,0,5,112
202015,2,2,0,0,1,1,3
9511406,2,2,0,0,0,2,2
9904325,3,2,1,1,0,3,7
208141,5,3,2,3,0,5,90
9405321,0,0,0,0,0,0,0
9911484,0,0,0,0,0,0,0
9602278,1,1,0,0,1,0,0
9603369,1,1,0,0,0,1,2
212304,3,3,0,0,0,3,58
9610482,0,0,0,0,0,0,0
9812406,3,3,0,0,0,3,13
102300,1,1,0,0,0,1,2
8259,1,1,0,0,0,1,5
110013,0,0,0,0,0,0,0
11123,0,0,0,0,0,0,0
206028,1,1,0,0,0,1,3
9712461,1,1,0,0,1,0,0
6004,2,2,0,0,0,2,8
9809557,2,2,0,0,2,0,0
9603283,2,2,0,0,0,2,2
4212,2,1,1,1,0,2,6
9603411,2,2,0,0,0,2,9
202144,3,1,2,3,0,3,12
9912405,1,1,0,0,0,1,2
212306,0,0,0,0,0,0,0
112157,5,2,3,3,0,5,23
201283,1,1,0,0,0,1,5
205263,2,2,0,0,0,2,8
210329,0,0,0,0,0,0,0
9804324,0,0,0,0,0,0,0
9711513,1,1,0,0,1,0,0
11391,0,0,0,0,0,0,0
106299,2,1,1,1,2,0,0
9904275,0,0,0,0,0,0,0
9808314,2,1,1,1,2,0,0
210046,1,1,0,0,1,0,0
112212,3,1,2,2,0,3,8
2295,3,3,0,0,0,3,20
201215,0,0,0,0,0,0,0
4073,0,0,0,0,0,0,0
9318,1,1,0,0,0,1,1
11090,0,0,0,0,0,0,0
9410287,0,0,0,0,0,0,0
9410336,0,0,0,0,0,0,0
4195,2,2,0,0,0,2,2
9909571,1,1,0,0,0,1,3
9410370,2,2,0,0,1,1,4
102080,2,2,0,0,1,1,7
204294,0,0,0,0,0,0,0
9910510,2,2,0,0,0,2,4
12233,1,1,0,0,1,0,0
104215,0,0,0,0,0,0,0
205211,7,7,0,0,0,7,118
9126,0,0,0,0,0,0,0
9712227,1,1,0,0,0,1,5
103333,1,1,0,0,0,1,2
110359,1,1,0,0,0,1,2
9812512,1,1,0,0,0,1,1
110080,2,2,0,0,0,2,14
208015,1,1,0,0,0,1,2
9908366,2,1,1,1,0,2,3
105162,2,2,0,0,0,2,6
9710472,1,1,0,0,0,1,2
9905558,4,1,3,4,0,4,22
101271,0,0,0,0,0,0,0
302104,2,2,0,0,0,2,19
202026,0,0,0,0,0,0,0
9704427,1,1,0,0,1,0,0
9910289,0,0,0,0,0,0,0
301028,1,1,0,0,0,1,3
10307,5,2,3,8,4,1,2
9411288,2,2,0,0,0,2,2
11218,1,1,0,0,0,1,2
9810430,0,0,0,0,0,0,0
6109,0,0,0,0,0,0,0
9702422,0,0,0,0,0,0,0
9112,1,1,0,0,0,1,9
9708312,0,0,0,0,0,0,0
9503355,2,1,1,1,0,2,7
110347,2,1,1,1,0,2,4
9701424,1,1,0,0,0,1,1
9505284,3,2,1,1,3,0,0
205031,4,3,1,1,0,4,19
9908201,3,1,2,3,1,2,2
211130,0,0,0,0,0,0,0
9340,2,1,1,1,0,2,6
212038,0,0,0,0,0,0,0
9610284,0,0,0,0,0,0,0
9612423,0,0,0,0,0,0,0
9409366,0,0,0,0,0,0,0
201007,1,1,0,0,0,1,2
9810305,0,0,0,0,0,0,0
211337,0,0,0,0,0,0,0
9910443,1,1,0,0,0,1,1
112331,2,2,0,0,1,1,3
9510456,0,0,0,0,0,0,0
9707324,2,2,0,0,0,2,2
302025,1,1,0,0,0,1,7
102250,1,1,0,0,0,1,4
8104,0,0,0,0,0,0,0
9906543,2,2,0,0,0,2,10
9807291,0,0,0,0,0,0,0
212364,0,0,0,0,0,0,0
301030,0,0,0,0,0,0,0
101196,0,0,0,0,0,0,0
9705342,0,0,0,0,0,0,0
207148,0,0,0,0,0,0,0
211415,0,0,0,0,0,0,0
9807554,2,2,0,0,0,2,2
9701263,0,0,0,0,0,0,0
212233,0,0,0,0,0,0,0
9608446,0,0,0,0,0,0,0
9407369,0,0,0,0,0,0,0
207223,0,0,0,0,0,0,0
9608493,1,1,0,0,0,1,1
9605397,0,0,0,0,0,0,0
105314,1,1,0,0,1,0,0
105177,3,1,2,3,0,3,8
205138,2,2,0,0,0,2,4
105319,0,0,0,0,0,0,0
207116,1,1,0,0,0,1,1
210285,0,0,0,0,0,0,0
108266,0,0,0,0,0,0,0
9901372,0,0,0,0,0,0,0
9905201,0,0,0,0,0,0,0
207180,1,1,0,0,0,1,5
9704226,2,2,0,0,1,1,2
101324,0,0,0,0,0,0,0
9607228,0,0,0,0,0,0,0
11051,0,0,0,0,0,0,0
9904212,0,0,0,0,0,0,0
202046,0,0,0,0,0,0,0
101174,1,1,0,0,0,1,8
301150,0,0,0,0,0,0,0
9505412,1,1,0,0,1,0,0
9609346,1,1,0,0,0,1,8
208246,0,0,0,0,0,0,0
207289,0,0,0,0,0,0,0
201011,1,1,0,0,0,1,8
212254,0,0,0,0,0,0,0
204159,1,1,0,0,1,0,0
101111,0,0,0,0,0,0,0
9803468,0,0,0,0,0,0,0
211263,0,0,0,0,0,0,0
9510242,1,1,0,0,1,0,0
203084,0,0,0,0,0,0,0
8249,0,0,0,0,0,0,0
9907464,2,1,1,1,1,1,1
109105,0,0,0,0,0,0,0
9809309,2,1,1,1,0,2,2
10329,1,1,0,0,1,0,0
9907513,0,0,0,0,0,0,0
3057,1,1,0,0,0,1,3
9806422,0,0,0,0,0,0,0
9905398,0,0,0,0,0,0,0
207041,0,0,0,0,0,0,0
3023,0,0,0,0,0,0,0
9406425,0,0,0,0,0,0,0
9808445,0,0,0,0,0,0,0
211235,0,0,0,0,0,0,0
12027,0,0,0,0,0,0,0
105135,0,0,0,0,0,0,0
204199,0,0,0,0,0,0,0
9305316,0,0,0,0,0,0,0
103249,0,0,0,0,0,0,0
9706282,0,0,0,0,0,0,0
12239,0,0,0,0,0,0,0
205142,0,0,0,0,0,0,0
9405203,0,0,0,0,0,0,0
206069,0,0,0,0,0,0,0
209008,0,0,0,0,0,0,0
209053,1,1,0,0,0,1,2
111132,0,0,0,0,0,0,0
9406353,0,0,0,0,0,0,0
212362,1,1,0,0,0,1,3
9711445,0,0,0,0,0,0,0
204160,1,1,0,0,0,1,3
9507373,0,0,0,0,0,0,0
301073,1,1,0,0,0,1,13
9608312,1,1,0,0,0,1,2
9504289,0,0,0,0,0,0,0
9706245,0,0,0,0,0,0,0
204323,1,1,0,0,0,1,1
10052,0,0,0,0,0,0,0
9302275,1,1,0,0,1,0,0
211157,0,0,0,0,0,0,0
9902265,0,0,0,0,0,0,0
9412386,0,0,0,0,0,0,0
6224,1,1,0,0,0,1,2
9511450,0,0,0,0,0,0,0
9909565,0,0,0,0,0,0,0
206117,1,1,0,0,0,1,2
9902329,1,1,0,0,0,1,7
111424,1,1,0,0,1,0,0
9910549,0,0,0,0,0,0,0
11378,0,0,0,0,0,0,0
209226,2,2,0,0,0,2,9
109086,0,0,0,0,0,0,0
9905430,1,1,0,0,1,0,0
111191,0,0,0,0,0,0,0
9908250,0,0,0,0,0,0,0
9911520,1,1,0,0,0,1,6
9901452,0,0,0,0,0,0,0
208002,0,0,0,0,0,0,0
9904508,0,0,0,0,0,0,0
9906306,0,0,0,0,0,0,0
111347,0,0,0,0,0,0,0
212326,0,0,0,0,0,0,0
211452,0,0,0,0,0,0,0
104156,0,0,0,0,0,0,0
3001,2,1,1,1,0,2,5
9810494,0,0,0,0,0,0,0
9708277,0,0,0,0,0,0,0
9410399,1,1,0,0,1,0,0
211028,0,0,0,0,0,0,0
210129,1,1,0,0,1,0,0
110172,0,0,0,0,0,0,0
9910381,0,0,0,0,0,0,0
203269,0,0,0,0,0,0,0
209331,1,1,0,0,0,1,21
9810348,0,0,0,0,0,0,0
103035,1,1,0,0,1,0,0
9905433,0,0,0,0,0,0,0
9907278,0,0,0,0,0,0,0
210443,0,0,0,0,0,0,0
9504290,0,0,0,0,0,0,0
1125,0,0,0,0,0,0,0
9707501,1,1,0,0,1,0,0
11039,0,0,0,0,0,0,0
9344,0,0,0,0,0,0,0
9609390,0,0,0,0,0,0,0
211354,1,1,0,0,0,1,4
112263,0,0,0,0,0,0,0
9912433,0,0,0,0,0,0,0
112289,0,0,0,0,0,0,0
206273,1,1,0,0,0,1,2
9705360,0,0,0,0,0,0,0
105282,0,0,0,0,0,0,0
9910486,0,0,0,0,0,0,0
9701211,0,0,0,0,0,0,0
9907563,0,0,0,0,0,0,0
203102,0,0,0,0,0,0,0
209110,0,0,0,0,0,0,0
9811517,0,0,0,0,0,0,0
209234,0,0,0,0,0,0,0
9504298,0,0,0,0,0,0,0
2280,0,0,0,0,0,0,0
9905306,0,0,0,0,0,0,0
301036,0,0,0,0,0,0,0
211453,0,0,0,0,0,0,0
9905449,0,0,0,0,0,0,0
9702335,0,0,0,0,0,0,0
9707288,0,0,0,0,0,0,0
9909289,0,0,0,0,0,0,0
9805267,0,0,0,0,0,0,0
9910529,0,0,0,0,0,0,0
9904343,0,0,0,0,0,0,0
207117,0,0,0,0,0,0,0
9406434,0,0,0,0,0,0,0
9110,0,0,0,0,0,0,0
107028,0,0,0,0,0,0,0
8213,0,0,0,0,0,0,0
1047,1,1,0,0,1,0,0
9809542,0,0,0,0,0,0,0
212115,0,0,0,0,0,0,0
211278,0,0,0,0,0,0,0
9309255,0,0,0,0,0,0,0
302001,0,0,0,0,0,0,0
9409245,0,0,0,0,0,0,0
207316,0,0,0,0,0,0,0
9801250,0,0,0,0,0,0,0
9805401,0,0,0,0,0,0,0
202197,0,0,0,0,0,0,0
111417,0,0,0,0,0,0,0
301084,0,0,0,0,0,0,0
201269,0,0,0,0,0,0,0
106182,0,0,0,0,0,0,0
9501384,152,33,119,599,71,81,167
9211321,159,19,140,1095,159,0,0
9210,2,2,0,0,0,2,9
9808493,106,6,100,773,8,98,608
9308349,108,8,100,1097,90,18,18
9409437,48,4,44,271,8,40,157
101259,4,2,2,4,0,4,49
9806412,28,10,18,29,17,11,11
8298,10,5,5,8,0,10,40
9707293,1,1,0,0,0,1,2
9506326,20,2,18,50,16,4,4
9508343,273,21,252,2131,116,157,446
203206,5,3,2,2,5,0,0
6032,22,9,13,23,1,21,88
9411426,184,17,167,1195,89,95,213
9703221,32,6,26,86,2,30,112
9808400,24,3,21,76,5,19,36
9512355,27,6,21,61,27,0,0
9211292,38,2,36,185,0,38,38
9709297,12,3,9,14,4,8,24
9908288,59,23,36,85,40,19,27
9403306,74,19,55,257,19,55,188
9810432,18,2,16,49,0,18,71
9212,41,8,33,86,0,41,351
9602415,61,19,42,94,10,51,150
9803386,7,3,4,6,2,5,5
9511219,2,2,0,0,0,2,8
9611363,65,9,56,231,4,61,217
9508390,22,6,16,60,9,13,13
9510241,2,1,1,1,2,0,0
9503375,23,5,18,41,1,22,43
9408234,55,11,44,177,31,24,54
9510367,73,13,60,243,31,42,114
9807267,40,6,34,84,17,23,35
9904474,22,5,17,56,4,18,73
9712495,95,9,86,509,23,72,188
9811495,45,7,38,152,5,40,154
9802314,102,6,96,574,16,86,220
9902293,24,9,15,34,0,24,247
9911465,8,3,5,5,1,7,39
9703240,53,2,51,208,53,0,0
9708301,12,5,7,11,0,12,29
9810510,18,3,15,41,1,17,69
9701306,5,4,1,2,0,5,9
9802330,4,3,1,2,0,4,11
9710565,57,9,48,254,27,30,51
9807475,5,3,2,2,3,2,8
9901320,28,3,25,90,0,28,275
9511280,3,2,1,1,0,3,4
9609260,4,3,1,1,2,2,4
9712446,6,3,3,4,0,6,12
9612442,13,1,12,22,0,13,79
9807307,7,4,3,4,0,7,23
9209205,249,46,203,763,249,0,0
9610419,6,5,1,1,1,5,16
9309252,34,14,20,64,34,0,0
9507219,5,4,1,1,2,3,7
9211204,54,10,44,319,54,0,0
9704221,60,4,56,399,0,60,588
9311269,187,29,158,708,55,132,405
9701313,55,5,50,306,4,51,187
9504387,12,5,7,22,12,0,0
9802361,41,5,36,120,0,41,147
9601360,86,4,82,476,18,68,164
9809545,8,3,5,12,1,7,95
9503479,26,13,13,28,5,21,104
9611229,23,6,17,52,0,23,103
9706235,24,3,21,64,3,21,101
9608450,13,1,12,37,6,7,9
9606379,6,4,2,4,0,6,8
109243,1,1,0,0,0,1,6
110124,7,3,4,7,0,7,31
2216,32,8,24,73,0,32,207
9911390,14,4,10,30,0,14,143
9308210,84,16,68,246,44,40,55
9603244,35,3,32,159,10,25,51
9708398,20,5,15,39,16,4,5
9404344,7,4,3,5,3,4,4
9810386,28,15,13,23,11,17,24
9601377,12,2,10,27,0,12,20
9802401,18,4,14,37,1,17,109
9511212,3,2,1,1,1,2,2
9905437,32,14,18,45,0,32,486
9507426,11,5,6,12,1,10,18
9303251,71,16,55,294,24,47,92
9406303,28,6,22,77,1,27,60
9705432,26,7,19,51,5,21,25
9705422,12,5,7,19,0,12,36
9803322,5,2,3,4,0,5,5
9312276,28,3,25,125,9,19,25
9310208,24,8,16,38,24,0,0
9405237,68,10,58,353,40,28,28
9510329,12,7,5,6,1,11,28
9712235,5,4,1,1,1,4,4
9403363,12,7,5,7,12,0,0
9809244,33,7,26,170,0,33,92
9705295,18,3,15,52,0,18,68
9909526,5,4,1,2,0,5,25
9707474,9,5,4,4,2,7,22
9311370,10,5,5,6,5,5,5
9706265,34,7,27,73,3,31,110
9411323,21,7,14,32,3,18,96
9503404,36,7,29,111,4,32,188
9206241,56,13,43,167,56,0,0
9405347,13,5,8,20,3,10,10
9308304,19,7,12,26,17,2,2
9609301,12,3,9,13,2,10,24
9703278,61,2,59,234,5,56,93
7087,6,4,2,4,0,6,14
9804224,45,9,36,165,20,25,74
9804212,43,12,31,121,9,34,113
5003,50,4,46,166,6,44,378
10252,3,1,2,2,0,3,24
9707342,29,12,17,30,2,27,100
9908323,24,3,21,83,0,24,140
9709343,5,1,4,5,1,4,7
9610477,79,4,75,478,1,78,351
9703422,20,10,10,16,0,20,124
9410404,96,34,62,192,62,34,43
9610498,26,6,20,92,0,26,82
9810319,22,2,20,82,0,22,59
9909464,21,3,18,46,2,19,178
9706430,57,16,41,102,12,45,117
9311260,46,8,38,151,40,6,6
107024,7,3,4,7,0,7,67
4074,28,7,21,61,0,28,450
9212315,16,8,8,21,16,0,0
8207,17,1,16,45,1,16,81
9812515,7,2,5,11,0,7,25
107003,4,1,3,4,0,4,29
211218,6,1,5,10,0,6,35
9906513,61,2,59,325,0,61,365
9203222,17,7,10,15,10,7,7
9406284,4,2,2,2,3,1,4
9607394,143,22,121,542,27,116,312
9603310,61,13,48,144,3,58,333
9707209,46,20,26,56,11,35,73
9310215,8,2,6,13,0,8,21
9411413,15,8,7,8,5,10,19
9711501,8,4,4,7,0,8,48
9707330,4,2,2,3,2,2,4
9607241,14,3,11,28,0,14,55
9604406,30,2,28,98,2,28,151
9412272,31,4,27,80,31,0,0
9510324,3,2,1,1,1,2,17
2033,52,7,45,141,6,46,195
9806279,62,6,56,263,11,51,131
9707207,20,9,11,23,3,17,44
9805259,35,4,31,130,1,34,151
9907421,41,19,22,42,14,27,85
9805317,8,5,3,4,5,3,10
9704384,10,4,6,6,0,10,56
9710353,9,5,4,4,0,9,121
9601353,27,9,18,43,4,23,27
9605451,7,1,6,13,0,7,69
9409353,1,1,0,0,0,1,5
9503208,28,6,22,66,3,25,115
9209289,62,14,48,169,62,0,0
203049,4,4,0,0,1,3,21
9506364,18,6,12,37,4,14,87
9403397,47,10,37,94,6,41,140
9909265,28,8,20,53,7,21,131
1101,69,4,65,299,7,62,399
9906446,18,5,13,27,0,18,116
9808469,17,5,12,23,1,16,54
9808415,35,5,30,92,6,29,134
9337,85,4,81,541,36,49,121
1229,21,3,18,69,0,21,94
9208251,76,8,68,468,76,0,0
104283,34,14,20,33,0,34,325
9609360,38,8,30,65,19,19,39
9303231,18,8,10,19,13,5,8
102324,37,5,32,159,0,37,558
9611325,19,3,16,53,0,19,61
9504364,38,12,26,52,11,27,58
104034,45,10,35,103,3,42,312
6078,28,4,24,66,7,21,89
105294,7,4,3,4,1,6,26
9808399,4,2,2,3,1,3,3
104269,8,2,6,9,1,7,30
9402335,168,7,161,1734,168,0,0
2132,10,6,4,5,0,10,58
9306337,46,8,38,137,46,0,0
9310281,15,2,13,31,9,6,6
9811373,5,2,3,3,0,5,38
9706518,4,2,2,3,0,4,4
9603304,10,4,6,16,3,7,7
9608379,2,1,1,1,0,2,3
9904232,38,2,36,273,0,38,684
9906238,18,11,7,11,0,18,74
102262,2,2,0,0,0,2,2
9705470,17,4,13,57,0,17,43
7032,26,1,25,147,0,26,136
110004,10,5,5,13,0,10,40
208115,7,3,4,5,0,7,32
110123,4,3,1,1,0,4,17
209295,3,1,2,2,0,3,39
112161,28,3,25,120,0,28,306
9906549,54,13,41,122,1,53,435
3328,10,4,6,8,0,10,78
9705279,17,2,15,52,0,17,97
9305280,4,4,0,0,1,3,6
104152,18,14,4,4,1,17,128
4214,14,6,8,12,0,14,59
7048,6,3,3,3,0,6,34
205247,3,2,1,1,0,3,54
9606212,31,6,25,119,3,28,125
9510246,19,8,11,17,2,17,93
9501323,9,5,4,5,5,4,4
9607401,40,3,37,279,20,20,29
103017,3,3,0,0,1,2,3
11360,4,1,3,4,0,4,27
9905403,18,8,10,24,1,17,102
6312,13,3,10,20,4,9,24
10326,9,7,2,2,0,9,98
12162,4,4,0,0,1,3,17
9903455,27,8,19,72,0,27,170
9510341,6,3,3,4,1,5,28
9606296,3,2,1,1,3,0,0
9712251,39,2,37,165,0,39,269
9803364,10,3,7,16,1,9,30
9604237,51,7,44,147,1,50,161
9608413,28,8,20,49,0,28,219
111316,1,1,0,0,0,1,4
9408389,6,4,2,4,1,5,5
9403237,15,3,12,40,4,11,23
106158,0,0,0,0,0,0,0
9710352,1,1,0,0,0,1,1
9407343,21,5,16,44,17,4,4
9505220,6,1,5,7,0,6,14
105349,19,9,10,17,1,18,76
9807377,27,5,22,64,2,25,97
9603318,18,4,14,26,2,16,23
9502380,0,0,0,0,0,0,0
9406206,7,4,3,9,0,7,11
9211202,21,5,16,45,21,0,0
9909432,13,6,7,19,0,13,71
9501213,39,5,34,166,24,15,24
9803337,12,2,10,13,1,11,29
5066,12,1,11,21,2,10,63
9212210,26,11,15,31,9,17,23
9511361,8,3,5,6,0,8,36
8051,6,3,3,6,0,6,21
1287,9,2,7,14,0,9,91
9304233,6,1,5,9,6,0,0
9608293,3,1,2,2,3,0,0
9703447,7,3,4,10,7,0,0
9702239,32,5,27,84,3,29,64
9903411,9,4,5,10,0,9,81
9507319,121,5,116,802,26,95,199
9501305,1,1,0,0,0,1,4
9402321,16,4,12,34,5,11,11
9706386,3,2,1,1,1,2,2
9904492,4,1,3,6,0,4,6
9401249,23,7,16,41,1,22,41
9408363,11,7,4,6,10,1,1
9604363,25,6,19,89,12,13,22
9605281,38,11,27,51,3,35,58
9707247,1,1,0,0,0,1,1
9709406,4,2,2,2,0,4,17
9410268,1,1,0,0,0,1,1
9907487,8,1,7,11,1,7,14
9711481,14,3,11,30,0,14,72
9302258,13,1,12,31,1,12,13
9411252,10,3,7,15,0,10,59
9601338,6,2,4,6,3,3,8
9502356,4,3,1,1,4,0,0
9707242,11,6,5,9,0,11,95
9912260,15,10,5,6,9,6,16
104226,23,9,14,49,3,20,88
4049,26,6,20,95,1,25,126
9301213,7,4,3,6,1,6,9
9312243,6,3,3,5,6,0,0
9812495,10,5,5,21,0,10,55
9502296,6,4,2,2,2,4,10
9803357,27,7,20,66,0,27,334
9807557,7,4,3,5,1,6,31
9607332,56,11,45,94,25,31,145
3287,4,3,1,1,0,4,5
103125,81,9,72,726,2,79,258
9310228,73,15,58,283,10,63,63
9811225,10,5,5,11,1,9,30
206136,9,5,4,7,0,9,82
108037,23,4,19,51,1,22,130
9602337,4,1,3,4,1,3,6
9709401,9,3,6,10,1,8,28
9809334,2,1,1,1,2,0,0
9705380,20,7,13,35,1,19,92
9703341,6,2,4,9,0,6,94
9301277,5,1,4,5,5,0,0
9702352,4,3,1,1,0,4,22
9710521,49,4,45,215,2,47,243
9612409,16,4,12,23,9,7,23
9612378,7,6,1,1,2,5,11
9312266,12,8,4,7,0,12,18
9907425,23,6,17,79,1,22,98
9707433,7,3,4,9,0,7,16
103221,4,1,3,3,0,4,11
9409304,6,4,2,2,2,4,9
9907510,58,11,47,198,4,54,225
9503360,5,2,3,4,0,5,18
301079,0,0,0,0,0,0,0
9303238,35,6,29,182,35,0,0
9307218,12,5,7,11,12,0,0
9706252,11,1,10,17,1,10,10
2022,9,6,3,3,0,9,27
9706523,5,2,3,4,2,3,3
9701389,21,4,17,36,2,19,63
9905264,12,4,8,15,0,12,61
9307245,39,5,34,209,35,4,4
9912380,26,8,18,45,3,23,82
9601224,5,3,2,2,1,4,8
112057,4,1,3,4,0,4,15
9311298,11,1,10,32,11,0,0
9503244,2,2,0,0,1,1,1
6081,3,3,0,0,0,3,11
9806224,5,1,4,8,0,5,28
9609467,7,4,3,4,1,6,20
9505377,3,2,1,1,1,2,4
9806525,3,1,2,2,0,3,3
9806437,28,12,16,35,2,26,153
9905277,10,5,5,6,1,9,29
206252,2,2,0,0,0,2,16
9902304,5,1,4,8,0,5,31
5156,13,4,9,32,0,13,126
9702442,4,2,2,2,0,4,32
104277,16,3,13,38,2,14,69
9804202,14,9,5,6,0,14,72
9506253,12,1,11,43,0,12,25
9507341,4,2,2,3,0,4,7
8113,4,1,3,4,0,4,38
5134,13,3,10,26,0,13,92
9410392,6,3,3,3,4,2,2
9803356,17,4,13,37,0,17,59
9902465,2,1,1,1,0,2,22
106075,5,4,1,1,0,5,12
9507245,10,5,5,10,10,0,0
4114,33,4,29,134,0,33,183
5270,5,3,2,3,0,5,22
9502330,9,4,5,8,2,7,16
5088,0,0,0,0,0,0,0
9803493,9,4,5,16,2,7,21
9912323,1,1,0,0,1,0,0
9609359,0,0,0,0,0,0,0
12337,11,3,8,24,0,11,92
9605316,10,2,8,20,0,10,22
10161,4,3,1,1,0,4,23
9803459,24,9,15,33,2,22,75
9307298,19,2,17,52,19,0,0
9703207,4,2,2,3,0,4,8
9505270,4,3,1,1,1,3,3
9610235,4,3,1,1,0,4,32
9709411,1,1,0,0,0,1,4
201151,14,4,10,35,0,14,48
2239,6,1,5,11,1,5,35
9605444,14,2,12,44,2,12,31
9407329,3,3,0,0,0,3,34
9603345,6,3,3,6,1,5,10
9703303,16,5,11,33,0,16,38
2091,13,3,10,24,0,13,113
7191,5,4,1,2,0,5,53
109172,24,6,18,45,1,23,136
9903288,17,8,9,19,17,0,0
204137,2,1,1,1,0,2,19
110307,20,7,13,35,0,20,131
9901433,23,6,17,29,7,16,67
105113,10,3,7,13,0,10,63
9511313,2,1,1,1,1,1,4
7359,20,6,14,50,4,16,26
207231,0,0,0,0,0,0,0
110300,14,3,11,31,1,13,68
201099,11,5,6,8,1,10,53
9909279,2,2,0,0,0,2,6
9809351,4,1,3,6,4,0,0
9411268,5,2,3,5,4,1,2
9403223,20,1,19,88,20,0,0
9712270,4,3,1,1,0,4,7
1327,12,5,7,16,11,1,1
110325,35,10,25,77,0,35,586
9512427,37,3,34,93,5,32,89
9707406,4,2,2,2,0,4,12
9704213,19,3,16,33,0,19,79
9807236,12,3,9,28,4,8,24
9502258,5,2,3,3,3,2,2
9809306,15,3,12,30,8,7,9
9909508,7,6,1,1,0,7,13
9901286,1,1,0,0,0,1,9
105250,3,2,1,1,0,3,14
9812332,8,4,4,4,2,6,47
5139,8,4,4,5,2,6,40
9704456,9,2,7,12,9,0,0
9612366,1,1,0,0,0,1,2
110375,3,1,2,3,0,3,30
9712253,8,3,5,8,0,8,29
112139,0,0,0,0,0,0,0
9901204,1,1,0,0,0,1,1
9501279,16,7,9,15,4,12,44
9505268,1,1,0,0,1,0,0
4110,11,1,10,32,0,11,50
10143,0,0,0,0,0,0,0
9901348,5,2,3,3,0,5,23
9811358,4,2,2,2,4,0,0
103306,3,2,1,1,0,3,11
9711394,2,2,0,0,0,2,6
105165,6,3,3,3,0,6,57
4248,4,1,3,3,0,4,14
9705312,3,2,1,1,0,3,22
9409221,9,6,3,7,2,7,19
9709499,63,9,54,171,24,39,84
9908343,5,4,1,1,0,5,90
9802372,4,2,2,4,0,4,18
9803329,2,2,0,0,0,2,4
9504430,2,2,0,0,2,0,0
9405426,7,4,3,4,7,0,0
9404326,3,3,0,0,3,0,0
9809497,3,3,0,0,0,3,6
9612252,21,1,20,93,0,21,181
9908207,10,1,9,26,10,0,0
9911449,0,0,0,0,0,0,0
207114,2,1,1,1,0,2,11
9402323,1,1,0,0,1,0,0
9311258,0,0,0,0,0,0,0
110005,1,1,0,0,0,1,2
9611442,2,2,0,0,2,0,0
9602365,1,1,0,0,1,0,0
9602392,8,6,2,2,5,3,8
9510375,2,1,1,1,0,2,4
9811301,10,1,9,34,4,6,6
9903300,8,1,7,24,0,8,21
112276,7,4,3,5,0,7,33
111267,12,4,8,10,2,10,45
9603450,20,1,19,49,0,20,37
107157,9,5,4,5,0,9,66
9808246,4,2,2,3,0,4,6
9604224,3,3,0,0,0,3,5
9612461,16,6,10,21,16,0,0
9609358,10,5,5,12,0,10,57
9809446,11,6,5,7,0,11,53
209216,10,1,9,14,0,10,87
9810214,2,2,0,0,0,2,3
9808480,4,3,1,2,1,3,25
109108,5,3,2,2,1,4,4
110031,9,4,5,9,2,7,10
8331,1,1,0,0,0,1,4
9503321,2,2,0,0,2,0,0
111471,3,2,1,1,0,3,15
9404336,5,4,1,2,5,0,0
1145,2,2,0,0,0,2,6
9806335,10,4,6,11,2,8,8
5310,14,4,10,18,0,14,49
107280,1,1,0,0,0,1,2
9906269,5,4,1,1,0,5,14
102068,6,1,5,7,0,6,20
2004,14,5,9,23,0,14,104
9912212,9,4,5,7,0,9,67
211012,1,1,0,0,0,1,4
9412246,3,1,2,3,3,0,0
9907433,3,3,0,0,3,0,0
9806350,17,4,13,46,0,17,104
9708217,4,2,2,2,4,0,0
106060,6,4,2,3,0,6,39
102125,7,4,3,6,0,7,65
9210213,6,3,3,6,6,0,0
7305,6,2,4,7,0,6,22
9612482,1,1,0,0,0,1,3
9810426,4,2,2,2,0,4,22
9712260,4,2,2,3,1,3,9
9809344,10,5,5,6,2,8,19
9605384,1,1,0,0,0,1,2
9511327,6,4,2,2,0,6,30
9407249,22,2,20,69,22,0,0
9306215,3,2,1,1,3,0,0
9601348,3,1,2,2,3,0,0
104010,12,7,5,5,0,12,48
9704321,2,2,0,0,1,1,3
10343,6,6,0,0,2,4,4
9407274,7,5,2,2,4,3,4
9803362,6,6,0,0,1,5,11
4034,2,1,1,1,0,2,18
203099,8,1,7,18,0,8,127
8256,2,1,1,1,0,2,3
101104,2,2,0,0,1,1,1
104097,12,6,6,14,4,8,20
9405242,7,5,2,2,7,0,0
105234,6,2,4,6,4,2,2
209035,5,3,2,3,0,5,22
112359,13,6,7,10,0,13,140
202097,7,3,4,10,0,7,58
12035,12,2,10,25,1,11,51
9902326,9,1,8,14,0,9,57
9708310,20,3,17,47,2,18,81
9212296,10,6,4,14,0,10,16
9407236,3,2,1,1,3,0,0
212071,2,2,0,0,1,1,2
207121,1,1,0,0,1,0,0
11191,11,7,4,6,3,8,19
4201,4,1,3,5,0,4,21
106044,11,2,9,27,2,9,17
9701372,4,4,0,0,2,2,2
9404337,5,4,1,1,5,0,0
9702304,3,1,2,3,0,3,9
107256,9,2,7,13,0,9,194
9506344,5,3,2,5,1,4,9
5123,10,6,4,11,2,8,27
109149,16,6,10,37,2,14,43
210324,1,1,0,0,0,1,4
9805449,4,1,3,3,0,4,11
9809520,4,3,1,1,2,2,4
10113,7,3,4,7,1,6,26
2003,5,3,2,5,0,5,26
10342,2,2,0,0,1,1,2
207010,11,5,6,7,0,11,71
9603231,1,1,0,0,1,0,0
9611327,0,0,0,0,0,0,0
4240,1,1,0,0,0,1,10
202115,1,1,0,0,0,1,2
112163,4,2,2,2,0,4,72
201001,9,3,6,6,0,9,239
9802438,4,2,2,2,1,3,10
9806221,3,1,2,2,1,2,2
9307209,2,2,0,0,1,1,1
9308339,9,4,5,7,9,0,0
3286,1,1,0,0,0,1,1
212277,0,0,0,0,0,0,0
106329,6,2,4,7,0,6,94
205013,9,1,8,16,0,9,36
9407301,1,1,0,0,1,0,0
212132,3,1,2,2,0,3,51
102194,3,3,0,0,1,2,2
9606421,5,4,1,1,0,5,28
106184,8,4,4,6,0,8,52
9910282,7,1,6,10,0,7,46
9912344,5,4,1,1,0,5,22
9807287,2,1,1,1,0,2,10
204081,3,3,0,0,0,3,18
9805212,8,4,4,5,1,7,16
9408286,2,1,1,1,0,2,5
204357,3,1,2,2,2,1,1
5242,2,2,0,0,1,1,6
9608440,1,1,0,0,0,1,2
9410344,2,1,1,1,0,2,2
102106,3,2,1,1,0,3,9
204092,15,5,10,28,0,15,317
9805279,3,1,2,3,0,3,21
9811212,12,1,11,47,0,12,107
9402279,6,4,2,3,0,6,6
9911313,4,1,3,6,1,3,13
1270,11,6,5,7,1,10,23
6342,3,3,0,0,0,3,16
9261,3,2,1,1,0,3,10
6120,1,1,0,0,0,1,5
9506301,0,0,0,0,0,0,0
9506269,16,6,10,11,1,15,20
5068,2,2,0,0,0,2,6
9312320,12,3,9,28,10,2,2
10259,1,1,0,0,0,1,10
12090,3,3,0,0,0,3,8
9909332,10,3,7,15,0,10,60
106350,4,2,2,3,1,3,3
9703216,4,2,2,2,0,4,8
9911221,4,4,0,0,0,4,28
204344,0,0,0,0,0,0,0
9403392,1,1,0,0,1,0,0
9401283,8,3,5,8,8,0,0
9808300,1,1,0,0,1,0,0
103141,3,1,2,3,0,3,11
107295,7,2,5,6,1,6,29
9712223,4,2,2,4,0,4,32
9808448,2,1,1,1,2,0,0
106332,5,1,4,8,4,1,4
10174,5,3,2,2,0,5,36
9707514,4,1,3,4,0,4,15
9911505,17,2,15,46,4,13,47
9711448,1,1,0,0,0,1,1
8243,3,1,2,3,3,0,0
9703247,4,2,2,3,2,2,2
11004,1,1,0,0,0,1,5
9707346,2,2,0,0,2,0,0
9358,6,1,5,10,0,6,50
9909230,0,0,0,0,0,0,0
108186,6,2,4,7,1,5,14
9409261,2,1,1,1,2,0,0
12107,0,0,0,0,0,0,0
302254,1,1,0,0,0,1,1
9504350,3,3,0,0,3,0,0
11130,6,3,3,5,0,6,45
9309202,2,2,0,0,0,2,2
9911502,3,3,0,0,0,3,11
9503319,5,3,2,2,0,5,15
9403238,2,2,0,0,2,0,0
9704430,1,1,0,0,0,1,2
9804455,5,2,3,3,0,5,20
9805345,4,1,3,4,0,4,9
5140,2,2,0,0,0,2,11
9711245,4,3,1,1,0,4,5
207168,6,2,4,4,1,5,18
9802272,2,1,1,1,0,2,14
9508327,4,3,1,1,1,3,9
9611263,1,1,0,0,0,1,4
3101,1,1,0,0,0,1,4
9508388,1,1,0,0,1,0,0
9406388,0,0,0,0,0,0,0
9908376,7,3,4,9,0,7,31
9911353,1,1,0,0,0,1,12
9902404,1,1,0,0,0,1,1
9909380,1,1,0,0,0,1,1
201061,7,6,1,2,0,7,22
111289,3,1,2,3,3,0,0
3191,1,1,0,0,0,1,4
10010,2,2,0,0,0,2,15
9902210,2,2,0,0,2,0,0
8150,12,2,10,28,3,9,36
9710287,9,2,7,16,9,0,0
3110,2,2,0,0,0,2,9
9806396,3,3,0,0,1,2,8
9802230,11,6,5,7,1,10,44
9406312,9,2,7,19,9,0,0
9807210,1,1,0,0,1,0,0
112114,5,2,3,3,2,3,22
210048,1,1,0,0,0,1,13
207264,0,0,0,0,0,0,0
9507268,5,1,4,8,2,3,3
9802227,5,4,1,2,0,5,12
9611396,2,1,1,1,1,1,2
9502266,5,1,4,7,5,0,0
9910390,2,2,0,0,1,1,8
3143,6,1,5,8,0,6,8
9504269,3,3,0,0,1,2,10
111093,6,3,3,3,0,6,50
205308,1,1,0,0,0,1,8
9706323,3,3,0,0,1,2,13
201284,3,2,1,1,0,3,21
9803402,2,1,1,1,2,0,0
9801349,9,2,7,8,1,8,9
9806373,7,4,3,6,0,7,30
205272,4,2,2,3,2,2,5
9708245,3,2,1,1,2,1,3
9309303,9,3,6,13,9,0,0
9802232,2,2,0,0,0,2,4
9601248,7,6,1,2,0,7,16
9904388,3,3,0,0,0,3,45
101215,9,5,4,9,0,9,113
9812292,5,1,4,7,2,3,3
211195,1,1,0,0,0,1,2
201309,4,1,3,3,0,4,7
4183,8,4,4,5,0,8,41
9406410,1,1,0,0,1,0,0
7232,4,3,1,1,0,4,43
9812395,2,1,1,1,0,2,3
9148,3,2,1,2,0,3,8
9810550,5,2,3,6,0,5,29
9903253,4,1,3,3,0,4,5
110280,2,1,1,1,0,2,6
11089,5,3,2,2,0,5,29
211237,0,0,0,0,0,0,0
9610409,10,4,6,12,10,0,0
6336,3,3,0,0,1,2,3
9911296,4,1,3,3,0,4,46
9347,0,0,0,0,0,0,0
203090,6,1,5,10,0,6,26
9506418,1,1,0,0,0,1,2
9908398,3,3,0,0,0,3,11
205058,1,1,0,0,0,1,6
9710264,2,2,0,0,0,2,6
212124,0,0,0,0,0,0,0
1326,4,3,1,1,1,3,3
9711297,8,5,3,4,3,5,5
9143,1,1,0,0,0,1,31
210238,2,2,0,0,0,2,39
201226,2,2,0,0,0,2,25
211352,2,2,0,0,1,1,2
102124,7,3,4,5,0,7,23
9606240,2,1,1,1,2,0,0
109082,3,2,1,1,0,3,11
9710553,3,3,0,0,3,0,0
9910234,0,0,0,0,0,0,0
106077,7,3,4,8,0,7,59
9806288,0,0,0,0,0,0,0
9707437,8,2,6,10,0,8,22
9410341,2,2,0,0,0,2,4
9611348,2,1,1,1,1,1,1
9710564,1,1,0,0,1,0,0
9608300,1,1,0,0,1,0,0
111357,9,2,7,15,0,9,115
9809257,1,1,0,0,0,1,1
11118,2,2,0,0,0,2,2
9512284,2,1,1,1,2,0,0
204058,4,3,1,1,0,4,37
9406269,2,2,0,0,2,0,0
202152,2,1,1,1,0,2,4
209084,8,5,3,3,0,8,52
9606476,2,2,0,0,0,2,6
9703282,0,0,0,0,0,0,0
1269,5,4,1,1,2,3,17
9609422,2,2,0,0,0,2,5
206280,2,2,0,0,0,2,11
9904509,0,0,0,0,0,0,0
9704276,7,2,5,11,0,7,66
209174,4,2,2,3,0,4,69
9911514,6,1,5,14,0,6,26
108187,4,3,1,1,0,4,18
9507331,1,1,0,0,0,1,2
9203207,6,2,4,10,6,0,0
9906377,1,1,0,0,0,1,1
111246,0,0,0,0,0,0,0
205062,0,0,0,0,0,0,0
11240,4,4,0,0,0,4,21
110181,8,2,6,16,0,8,12
5149,3,1,2,2,0,3,37
201077,3,3,0,0,0,3,69
9607477,1,1,0,0,1,0,0
5054,2,1,1,1,0,2,11
9809465,7,1,6,13,7,0,0
9807257,2,2,0,0,0,2,11
110308,1,1,0,0,0,1,7
9808483,1,1,0,0,1,0,0
9509391,1,1,0,0,1,0,0
9809563,1,1,0,0,0,1,1
12359,1,1,0,0,1,0,0
9210259,1,1,0,0,1,0,0
206099,12,2,10,21,0,12,65
9807536,2,1,1,1,2,0,0
9510356,3,3,0,0,2,1,1
9310255,0,0,0,0,0,0,0
9803496,5,4,1,1,3,2,2
9611271,2,1,1,1,2,0,0
9909398,1,1,0,0,1,0,0
9604257,6,3,3,5,5,1,2
9512270,3,2,1,1,3,0,0
112182,3,2,1,1,0,3,25
9504203,1,1,0,0,1,0,0
211038,0,0,0,0,0,0,0
9709331,0,0,0,0,0,0,0
105174,7,3,4,6,0,7,55
211286,1,1,0,0,0,1,3
12253,3,2,1,1,0,3,7
9804338,2,1,1,1,0,2,10
9707487,4,1,3,4,0,4,12
9711205,0,0,0,0,0,0,0
103321,2,2,0,0,0,2,13
4124,6,3,3,5,0,6,52
9505415,0,0,0,0,0,0,0
9701382,0,0,0,0,0,0,0
5053,1,1,0,0,0,1,2
110356,1,1,0,0,0,1,1
106265,0,0,0,0,0,0,0
7264,0,0,0,0,0,0,0
301231,2,2,0,0,2,0,0
102226,0,0,0,0,0,0,0
10025,2,2,0,0,0,2,8
9909451,3,2,1,1,0,3,8
205322,2,2,0,0,0,2,2
210256,0,0,0,0,0,0,0
9805464,0,0,0,0,0,0,0
203275,6,3,3,9,0,6,16
9703272,1,1,0,0,1,0,0
109223,4,3,1,1,0,4,20
9907324,0,0,0,0,0,0,0
9710246,2,2,0,0,0,2,5
3202,1,1,0,0,0,1,3
9309201,0,0,0,0,0,0,0
9511279,2,2,0,0,0,2,4
211272,1,1,0,0,0,1,11
208017,0,0,0,0,0,0,0
9305231,1,1,0,0,1,0,0
204002,6,6,0,0,0,6,54
6067,2,1,1,1,2,0,0
9507297,0,0,0,0,0,0,0
9309229,1,1,0,0,1,0,0
4003,4,2,2,3,0,4,17
202259,1,1,0,0,0,1,9
1190,2,2,0,0,0,2,9
9706498,0,0,0,0,0,0,0
102075,9,6,3,5,0,9,48
210430,2,1,1,1,0,2,8
9502396,3,2,1,1,1,2,2
112232,3,3,0,0,1,2,3
5157,2,1,1,1,1,1,4
104297,2,2,0,0,2,0,0
101321,2,2,0,0,0,2,11
9602348,0,0,0,0,0,0,0
9303209,2,1,1,1,2,0,0
2131,2,1,1,1,1,1,10
9409288,1,1,0,0,1,0,0
9206201,4,2,2,2,4,0,0
208019,4,2,2,2,0,4,45
9806225,3,2,1,1,0,3,6
9903281,1,1,0,0,0,1,2
106285,0,0,0,0,0,0,0
9508310,0,0,0,0,0,0,0
9804264,5,4,1,2,3,2,2
9501403,1,1,0,0,0,1,2
9511373,0,0,0,0,0,0,0
9604319,0,0,0,0,0,0,0
111355,1,1,0,0,0,1,6
211288,0,0,0,0,0,0,0
9508222,0,0,0,0,0,0,0
9812401,0,0,0,0,0,0,0
212263,2,1,1,1,0,2,29
201194,1,1,0,0,0,1,5
9511339,0,0,0,0,0,0,0
3282,1,1,0,0,0,1,1
208184,2,2,0,0,0,2,6
9712258,2,2,0,0,0,2,6
9906427,0,0,0,0,0,0,0
9507316,1,1,0,0,1,0,0
110239,1,1,0,0,0,1,4
9808311,1,1,0,0,0,1,1
9512411,1,1,0,0,1,0,0
301137,1,1,0,0,1,0,0
201140,0,0,0,0,0,0,0
9905533,0,0,0,0,0,0,0
101349,0,0,0,0,0,0,0
207149,0,0,0,0,0,0,0
9903493,3,2,1,1,0,3,14
8240,3,2,1,1,3,0,0
9506468,0,0,0,0,0,0,0
9806254,0,0,0,0,0,0,0
9710470,2,2,0,0,2,0,0
9706485,2,2,0,0,0,2,6
9407384,2,2,0,0,0,2,4
208276,1,1,0,0,0,1,6
107198,0,0,0,0,0,0,0
9607410,1,1,0,0,0,1,3
107016,0,0,0,0,0,0,0
9411343,0,0,0,0,0,0,0
8202,0,0,0,0,0,0,0
4078,1,1,0,0,1,0,0
211460,0,0,0,0,0,0,0
9209221,2,2,0,0,2,0,0
9810346,0,0,0,0,0,0,0
9411221,1,1,0,0,0,1,1
9712456,3,1,2,2,0,3,7
112213,1,1,0,0,0,1,1
9803350,1,1,0,0,0,1,5
9706240,2,2,0,0,0,2,2
9607425,1,1,0,0,1,0,0
105256,0,0,0,0,0,0,0
9710278,2,1,1,1,0,2,2
9601340,0,0,0,0,0,0,0
209101,0,0,0,0,0,0,0
9808392,1,1,0,0,0,1,1
109048,2,2,0,0,0,2,17
205223,2,2,0,0,0,2,2
8119,0,0,0,0,0,0,0
211177,0,0,0,0,0,0,0
9810525,0,0,0,0,0,0,0
9904231,2,2,0,0,1,1,1
205077,0,0,0,0,0,0,0
212157,0,0,0,0,0,0,0
10272,0,0,0,0,0,0,0
9504240,0,0,0,0,0,0,0
9507350,3,1,2,2,0,3,16
101125,3,1,2,3,0,3,3
203194,2,1,1,1,2,0,0
210100,0,0,0,0,0,0,0
208029,1,1,0,0,0,1,3
9909354,2,1,1,1,0,2,3
202142,2,2,0,0,0,2,8
201240,2,1,1,1,0,2,9
209254,1,1,0,0,1,0,0
9908277,1,1,0,0,0,1,1
111454,1,1,0,0,0,1,1
9307225,1,1,0,0,1,0,0
101159,1,1,0,0,0,1,10
9309271,0,0,0,0,0,0,0
206109,1,1,0,0,0,1,7
3162,0,0,0,0,0,0,0
9911253,2,1,1,1,0,2,3
9612240,0,0,0,0,0,0,0
9505424,6,3,3,5,0,6,14
210197,1,1,0,0,0,1,5
9810311,2,2,0,0,0,2,6
9811320,0,0,0,0,0,0,0
9511346,0,0,0,0,0,0,0
111029,0,0,0,0,0,0,0
9502218,0,0,0,0,0,0,0
9706204,0,0,0,0,0,0,0
211454,0,0,0,0,0,0,0
9604308,1,1,0,0,0,1,2
9705480,0,0,0,0,0,0,0
9809221,0,0,0,0,0,0,0
209118,0,0,0,0,0,0,0
204309,0,0,0,0,0,0,0
11331,0,0,0,0,0,0,0
9906532,0,0,0,0,0,0,0
8229,0,0,0,0,0,0,0
203175,1,1,0,0,1,0,0
9704233,0,0,0,0,0,0,0
9704254,0,0,0,0,0,0,0
9812359,3,3,0,0,0,3,8
211170,1,1,0,0,0,1,3
9905508,0,0,0,0,0,0,0
9907290,0,0,0,0,0,0,0
110207,4,3,1,2,4,0,0
112090,1,1,0,0,0,1,7
207270,0,0,0,0,0,0,0
103134,0,0,0,0,0,0,0
9410379,0,0,0,0,0,0,0
111426,0,0,0,0,0,0,0
9606224,1,1,0,0,0,1,1
210368,0,0,0,0,0,0,0
109215,1,1,0,0,0,1,5
102133,0,0,0,0,0,0,0
1078,0,0,0,0,0,0,0
9509330,0,0,0,0,0,0,0
9909300,1,1,0,0,0,1,7
205279,2,2,0,0,1,1,1
12095,0,0,0,0,0,0,0
110182,0,0,0,0,0,0,0
9809414,0,0,0,0,0,0,0
101317,1,1,0,0,0,1,3
104235,0,0,0,0,0,0,0
9705256,0,0,0,0,0,0,0
9406282,1,1,0,0,1,0,0
10202,0,0,0,0,0,0,0
111195,1,1,0,0,0,1,1
9811497,0,0,0,0,0,0,0
9502326,0,0,0,0,0,0,0
9511296,0,0,0,0,0,0,0
9711247,0,0,0,0,0,0,0
112084,1,1,0,0,1,0,0
106172,0,0,0,0,0,0,0
1068,0,0,0,0,0,0,0
9407327,2,2,0,0,2,0,0
9905233,1,1,0,0,0,1,4
9905303,0,0,0,0,0,0,0
9608298,0,0,0,0,0,0,0
9247,1,1,0,0,0,1,1
105060,0,0,0,0,0,0,0
111470,1,1,0,0,1,0,0
9608474,0,0,0,0,0,0,0
301082,0,0,0,0,0,0,0
107045,0,0,0,0,0,0,0
207306,1,1,0,0,0,1,2
9308326,0,0,0,0,0,0,0
210412,0,0,0,0,0,0,0
9506368,0,0,0,0,0,0,0
3248,0,0,0,0,0,0,0
9304313,1,1,0,0,1,0,0
302244,0,0,0,0,0,0,0
9906355,0,0,0,0,0,0,0
210292,0,0,0,0,0,0,0
9706553,0,0,0,0,0,0,0
9908422,0,0,0,0,0,0,0
11329,0,0,0,0,0,0,0
102095,2,2,0,0,0,2,3
9804203,0,0,0,0,0,0,0
103030,2,1,1,1,1,1,5
9606218,1,1,0,0,1,0,0
207342,1,1,0,0,0,1,1
205324,0,0,0,0,0,0,0
9907361,0,0,0,0,0,0,0
207144,0,0,0,0,0,0,0
302139,0,0,0,0,0,0,0
9810353,0,0,0,0,0,0,0
209266,0,0,0,0,0,0,0
9702405,0,0,0,0,0,0,0
110065,0,0,0,0,0,0,0
6318,0,0,0,0,0,0,0
205118,0,0,0,0,0,0,0
9401286,0,0,0,0,0,0,0
9807205,0,0,0,0,0,0,0
9809353,0,0,0,0,0,0,0
208207,0,0,0,0,0,0,0
102132,0,0,0,0,0,0,0
209250,1,1,0,0,0,1,39
9810544,0,0,0,0,0,0,0
105257,0,0,0,0,0,0,0
211357,0,0,0,0,0,0,0
9901393,0,0,0,0,0,0,0
102115,0,0,0,0,0,0,0
207292,0,0,0,0,0,0,0
211380,0,0,0,0,0,0,0
211260,0,0,0,0,0,0,0
207216,0,0,0,0,0,0,0
9113,0,0,0,0,0,0,0
9905438,1,1,0,0,0,1,1
202062,0,0,0,0,0,0,0
11052,0,0,0,0,0,0,0
208252,0,0,0,0,0,0,0
9701206,0,0,0,0,0,0,0
10023,1,1,0,0,0,1,2
104195,0,0,0,0,0,0,0
3060,1,1,0,0,0,1,2
201222,0,0,0,0,0,0,0
9907232,0,0,0,0,0,0,0
9305318,0,0,0,0,0,0,0
9812391,0,0,0,0,0,0,0
9507346,3,2,1,1,3,0,0
9310303,0,0,0,0,0,0,0
9907558,0,0,0,0,0,0,0
210438,0,0,0,0,0,0,0
107169,0,0,0,0,0,0,0
9804286,1,1,0,0,0,1,1
103196,0,0,0,0,0,0,0
9605352,0,0,0,0,0,0,0
9503308,0,0,0,0,0,0,0
9504401,0,0,0,0,0,0,0
9408263,0,0,0,0,0,0,0
9509290,0,0,0,0,0,0,0
5070,0,0,0,0,0,0,0
9611404,0,0,0,0,0,0,0
9502240,0,0,0,0,0,0,0
106297,0,0,0,0,0,0,0
8176,0,0,0,0,0,0,0
9512255,0,0,0,0,0,0,0
208169,0,0,0,0,0,0,0
9802349,0,0,0,0,0,0,0
211210,0,0,0,0,0,0,0
105329,0,0,0,0,0,0,0
9610442,0,0,0,0,0,0,0
9712365,0,0,0,0,0,0,0
109286,0,0,0,0,0,0,0
12133,0,0,0,0,0,0,0
211323,0,0,0,0,0,0,0
5041,1,1,0,0,1,0,0
106349,0,0,0,0,0,0,0
9409462,0,0,0,0,0,0,0
201259,0,0,0,0,0,0,0
205017,1,1,0,0,0,1,3
202215,0,0,0,0,0,0,0
9912381,0,0,0,0,0,0,0
9810310,0,0,0,0,0,0,0
211329,0,0,0,0,0,0,0
9411402,0,0,0,0,0,0,0
9612484,0,0,0,0,0,0,0
9710557,0,0,0,0,0,0,0
208059,0,0,0,0,0,0,0
210262,0,0,0,0,0,0,0
9806264,0,0,0,0,0,0,0
9407256,0,0,0,0,0,0,0
205119,0,0,0,0,0,0,0
6330,0,0,0,0,0,0,0
9604433,0,0,0,0,0,0,0
9303242,0,0,0,0,0,0,0
9907313,0,0,0,0,0,0,0
210344,0,0,0,0,0,0,0
9411227,0,0,0,0,0,0,0
105259,1,1,0,0,1,0,0
109136,0,0,0,0,0,0,0
9502410,0,0,0,0,0,0,0
9512394,0,0,0,0,0,0,0
2139,0,0,0,0,0,0,0
4017,0,0,0,0,0,0,0
109087,0,0,0,0,0,0,0
207088,0,0,0,0,0,0,0
109132,0,0,0,0,0,0,0
9605274,0,0,0,0,0,0,0
9502294,0,0,0,0,0,0,0
301250,0,0,0,0,0,0,0
9502366,59,18,41,145,7,52,132
9212203,120,4,116,1009,120,0,0
11238,21,3,18,48,0,21,135
9809311,110,4,106,726,1,109,772
9309203,20,5,15,51,3,17,17
9409440,100,9,91,498,4,96,360
102274,1,1,0,0,0,1,5
9902256,56,8,48,173,9,47,117
11396,5,3,2,2,0,5,27
9209291,53,12,41,128,53,0,0
9507396,27,10,17,50,12,15,15
9511342,63,13,50,230,19,44,102
205270,8,5,3,3,0,8,88
7160,5,2,3,3,1,4,9
9412214,15,8,7,10,2,13,34
9703450,24,2,22,75,3,21,101
9810485,2,1,1,1,0,2,4
9602224,7,4,3,4,7,0,0
9304269,6,2,4,5,6,0,0
9712319,59,7,52,234,8,51,183
9303226,24,3,21,66,24,0,0
9502401,61,8,53,446,47,14,31
9812320,95,5,90,588,20,75,528
9271,23,7,16,48,7,16,43
9611251,47,13,34,116,3,44,239
9804233,137,6,131,1243,21,116,244
9212239,10,4,6,10,10,0,0
9611445,15,2,13,23,0,15,57
9801208,48,14,34,149,48,0,0
9511378,46,4,42,190,31,15,21
9303303,51,6,45,142,40,11,20
9408304,29,10,19,55,11,18,25
9604218,23,9,14,23,21,2,2
9807283,80,4,76,567,2,78,219
9905240,32,1,31,200,19,13,19
9909254,57,3,54,381,1,56,274
1124,15,4,11,23,1,14,86
9802334,114,14,100,570,46,68,237
9902385,21,4,17,39,5,16,26
9912205,27,8,19,25,5,22,51
9703454,44,5,39,130,3,41,157
9709438,24,3,21,96,3,21,61
9903252,22,10,12,22,3,19,137
9602383,9,5,4,10,2,7,17
9701362,2,2,0,0,0,2,7
9712390,7,5,2,2,0,7,17
9808307,13,5,8,11,7,6,18
9902364,19,2,17,52,0,19,193
9512429,3,3,0,0,3,0,0
9511331,10,5,5,5,7,3,4
9204215,38,6,32,103,38,0,0
9712201,79,28,51,136,74,5,7
9809381,17,4,13,32,2,15,41
9610231,58,17,41,103,58,0,0
9704238,5,1,4,5,2,3,9
9501247,27,6,21,45,6,21,41
9602391,5,5,0,0,0,5,29
9311286,1,1,0,0,1,0,0
9704257,25,2,23,110,5,20,143
201137,2,2,0,0,1,1,6
9705400,14,4,10,18,1,13,33
9608430,92,11,81,471,30,62,143
9804319,58,5,53,356,0,58,484
9610252,55,7,48,208,16,39,97
9810397,19,2,17,52,0,19,220
9504296,18,13,5,9,11,7,11
9611243,28,7,21,68,0,28,176
9706268,13,2,11,35,0,13,57
9702337,14,2,12,27,0,14,29
9606475,9,4,5,10,9,0,0
109260,26,10,16,29,0,26,229
110317,14,7,7,9,3,11,49
9403295,78,28,50,147,61,17,20
9506313,18,8,10,18,5,13,15
9310326,48,7,41,158,46,2,2
9608231,27,2,25,80,16,11,22
9909560,22,8,14,63,0,22,136
9405401,38,5,33,154,38,0,0
9912354,5,3,2,2,0,5,12
9602232,25,9,16,37,3,22,100
9803269,10,3,7,14,0,10,37
9602323,41,11,30,79,20,21,22
7179,9,6,3,3,2,7,14
9512277,2,2,0,0,0,2,6
9304267,34,6,28,154,17,17,22
9406419,4,2,2,2,4,0,0
9705433,35,10,25,73,18,17,20
9808492,2,2,0,0,0,2,2
9212308,47,2,45,223,47,0,0
9312333,26,6,20,123,5,21,56
9701294,57,3,54,454,13,44,73
9405338,63,15,48,115,39,24,29
9601211,35,3,32,150,21,14,20
9712519,13,9,4,4,6,7,8
9606375,14,8,6,9,11,3,3
9810440,34,16,18,37,34,0,0
9708350,25,4,21,62,1,24,114
9912396,17,6,11,37,17,0,0
9812415,20,5,15,31,1,19,61
9312202,26,14,12,16,16,10,11
9904398,5,3,2,2,0,5,19
9712237,9,1,8,15,4,5,8
9708327,26,4,22,65,0,26,314
9208207,46,14,32,102,46,0,0
9407353,11,2,9,21,1,10,24
9405245,9,1,8,10,4,5,15
9701390,136,16,120,571,72,64,90
9703284,53,10,43,142,2,51,105
10083,11,3,8,31,0,11,13
9308243,14,5,9,16,14,0,0
9804357,15,5,10,18,2,13,46
9203211,30,7,23,98,30,0,0
9204216,66,12,54,199,66,0,0
9710436,49,4,45,206,1,48,307
9909516,9,2,7,13,1,8,14
9806391,4,2,2,3,0,4,13
9704452,169,16,153,976,30,139,596
9712506,15,4,11,29,0,15,99
9606399,172,39,133,546,89,83,140
9611272,48,4,44,241,22,26,74
9810389,39,2,37,326,0,39,221
9909506,65,4,61,678,0,65,134
9811351,17,4,13,27,11,6,13
9706480,4,2,2,2,0,4,13
108036,8,4,4,5,0,8,31
6059,14,3,11,45,0,14,194
9302265,18,7,11,24,0,18,23
12039,36,4,32,134,0,36,292
9902419,4,2,2,2,0,4,35
112028,3,2,1,1,0,3,18
105239,41,5,36,191,41,0,0
9906523,60,6,54,253,0,60,255
9204237,17,5,12,30,17,0,0
9406359,32,12,20,72,20,12,16
9607421,65,19,46,215,8,57,168
9805289,21,6,15,40,0,21,179
9803391,48,6,42,182,18,30,61
9308277,27,14,13,19,26,1,1
9411429,28,11,17,30,5,23,62
9701346,10,2,8,27,0,10,37
9709502,16,3,13,35,1,15,56
9607414,42,12,30,117,2,40,191
9609374,26,13,13,29,3,23,116
9412374,38,8,30,94,28,10,14
9605313,11,3,8,19,1,10,10
9303293,17,2,15,33,7,10,10
9806315,44,12,32,112,7,37,157
9902219,3,3,0,0,3,0,0
9904404,128,12,116,807,10,118,502
9808292,37,9,28,158,3,34,355
9806361,29,5,24,46,12,17,43
9805383,3,3,0,0,0,3,7
102085,3,3,0,0,2,1,3
9904461,6,3,3,3,2,4,6
9204238,21,8,13,37,21,0,0
9410214,8,3,5,11,1,7,11
9512334,17,5,12,21,1,16,42
9612293,8,4,4,8,0,8,38
9602429,33,7,26,93,3,30,79
9507290,10,6,4,7,6,4,8
9411397,21,5,16,39,1,20,65
9910420,59,10,49,215,3,56,356
2063,37,2,35,147,3,34,105
3220,25,4,21,62,0,25,139
9609428,30,7,23,82,0,30,49
9811410,23,12,11,16,5,18,68
10003,77,9,68,383,3,74,164
9355,34,6,28,130,3,31,175
9509260,53,6,47,230,1,52,189
110252,7,5,2,2,0,7,42
9802441,48,7,41,183,1,47,190
9401325,20,9,11,20,3,17,50
103034,16,1,15,62,1,15,127
8336,15,6,9,18,0,15,58
9812337,22,4,18,68,1,21,95
7259,14,4,10,33,0,14,226
6319,30,8,22,84,0,30,335
11251,83,3,80,445,24,59,172
9903277,6,6,0,0,1,5,16
9805247,30,6,24,60,4,26,40
9807297,80,19,61,168,23,57,97
9307368,9,1,8,20,9,0,0
9310350,48,16,32,98,48,0,0
9405301,10,4,6,9,4,6,6
9901293,6,1,5,7,1,5,10
9811253,86,20,66,251,3,83,529
9608342,8,5,3,4,4,4,6
9702389,36,8,28,87,6,30,78
9905395,21,3,18,81,0,21,515
9907362,64,8,56,237,1,63,550
102291,16,12,4,6,0,16,62
9708275,30,3,27,76,13,17,31
8287,37,2,35,193,1,36,264
201161,24,4,20,78,0,24,411
9705305,16,1,15,39,1,15,38
110213,11,4,7,12,0,11,150
9809429,17,5,12,18,1,16,131
112247,39,4,35,236,0,39,617
2041,12,2,10,37,0,12,56
4086,12,5,7,13,0,12,71
9502213,4,3,1,1,4,0,0
9308269,11,2,9,17,9,2,2
106322,2,2,0,0,0,2,22
5055,2,2,0,0,0,2,14
12028,1,1,0,0,1,0,0
9506467,27,6,21,42,3,24,56
9610296,7,4,3,4,0,7,25
9803258,1,1,0,0,0,1,5
9410405,12,5,7,9,12,0,0
9610507,24,7,17,41,8,16,82
1039,9,4,5,7,1,8,20
9503489,13,1,12,41,5,8,8
9909317,1,1,0,0,0,1,3
6355,1,1,0,0,1,0,0
110278,8,6,2,3,0,8,73
12204,8,6,2,2,1,7,32
9904271,7,2,5,7,2,5,22
9309286,14,8,6,10,14,0,0
9505226,14,3,11,15,12,2,2
9801233,15,6,9,19,0,15,66
9807434,26,5,21,71,2,24,93
9608433,28,10,18,41,0,28,242
9609281,6,3,3,3,0,6,29
9210277,9,3,6,9,9,0,0
9501260,10,3,7,11,0,10,27
9411324,9,3,6,12,8,1,1
5052,2,1,1,1,0,2,3
9302211,11,5,6,11,11,0,0
9505408,6,2,4,8,0,6,10
202150,0,0,0,0,0,0,0
9807565,31,7,24,70,28,3,3
9811251,15,3,12,33,0,15,84
9809377,6,6,0,0,0,6,42
9411290,7,5,2,3,1,6,13
9409427,3,2,1,2,0,3,11
9212225,6,5,1,1,6,0,0
9306299,7,3,4,6,7,0,0
9706502,6,4,2,3,2,4,4
8102,25,9,16,44,0,25,268
9145,23,9,14,40,0,23,191
9310345,1,1,0,0,0,1,1
9608405,4,2,2,2,2,2,5
10082,4,4,0,0,0,4,15
3075,20,10,10,16,0,20,127
9610261,3,2,1,1,0,3,4
9611401,8,3,5,7,1,7,15
9706251,5,4,1,2,2,3,4
9703343,17,5,12,40,1,16,62
9906321,12,5,7,14,1,11,30
9510254,12,2,10,33,1,11,28
9310367,7,6,1,1,7,0,0
9403265,14,5,9,18,14,0,0
211314,1,1,0,0,0,1,4
9601380,3,3,0,0,0,3,7
9403396,9,5,4,5,1,8,25
9310272,7,7,0,0,2,5,8
9607275,16,3,13,47,0,16,55
9605286,32,11,21,36,13,19,19
9707257,2,2,0,0,0,2,3
9408368,5,2,3,4,3,2,2
9610355,5,3,2,4,0,5,15
9910226,12,4,8,13,0,12,49
9712236,13,4,9,14,2,11,108
9303282,4,2,2,2,1,3,9
9411427,1,1,0,0,0,1,1
9702378,15,2,13,48,15,0,0
9705348,9,3,6,8,0,9,44
9708325,2,1,1,1,0,2,15
110189,0,0,0,0,0,0,0
9911481,18,5,13,21,0,18,168
5173,16,9,7,17,4,12,19
9304229,7,4,3,4,1,6,6
9403252,21,6,15,46,21,0,0
9901322,5,2,3,5,0,5,28
9503248,7,2,5,9,0,7,27
9803479,43,16,27,57,4,39,417
9809304,13,8,5,8,4,9,82
9911338,16,8,8,9,2,14,28
5037,7,5,2,2,1,6,17
12275,1,1,0,0,0,1,1
9312349,69,11,58,246,12,57,57
9811262,3,1,2,3,0,3,6
207126,6,4,2,5,0,6,43
108249,6,1,5,9,0,6,12
9708469,12,2,10,22,3,9,18
9809535,4,1,3,4,0,4,47
9403269,5,4,1,1,2,3,3
105311,21,3,18,65,0,21,179
9305315,31,8,23,105,28,3,3
9608325,2,1,1,1,0,2,2
9812380,2,1,1,1,0,2,10
9803306,29,2,27,101,0,29,116
9702249,7,4,3,5,2,5,14
9504340,7,3,4,5,1,6,11
9401330,10,9,1,1,10,0,0
9907446,38,5,33,202,0,38,446
9710368,14,2,12,38,4,10,23
103263,13,10,3,4,0,13,67
9912526,3,2,1,1,0,3,33
9909282,1,1,0,0,1,0,0
9505341,8,3,5,5,0,8,39
6196,5,4,1,1,2,3,7
9306229,28,5,23,110,4,24,24
9407378,7,4,3,4,6,1,2
9706436,5,4,1,1,5,0,0
103178,10,9,1,1,3,7,15
9401291,23,9,14,25,3,20,40
9703403,4,3,1,1,1,3,16
9909559,4,2,2,2,1,3,9
9607443,6,2,4,6,0,6,53
10136,6,6,0,0,2,4,6
9903315,14,2,12,31,3,11,20
9909372,7,6,1,1,0,7,45
9401332,12,3,9,32,2,10,10
9507381,3,2,1,1,2,1,1
107234,3,1,2,2,0,3,16
9908252,11,1,10,26,0,11,35
9806336,28,3,25,76,0,28,84
9507332,11,4,7,12,1,10,19
7295,0,0,0,0,0,0,0
9406382,49,13,36,143,49,0,0
1028,11,3,8,12,1,10,70
9802214,6,3,3,5,0,6,20
9908439,2,2,0,0,1,1,2
7152,12,7,5,8,0,12,101
9704413,5,3,2,2,4,1,1
9801324,31,3,28,142,9,22,36
9606206,1,1,0,0,0,1,1
9602258,6,4,2,5,1,5,11
9510417,7,2,5,5,4,3,6
8328,3,2,1,1,0,3,42
9141,15,1,14,40,1,14,134
9805338,8,4,4,6,0,8,37
9805451,10,3,7,12,0,10,32
1310,37,7,30,113,1,36,202
107197,12,3,9,14,1,11,50
9602393,3,2,1,1,2,1,1
8024,1,1,0,0,0,1,8
10193,7,3,4,4,0,7,11
9612439,5,2,3,4,0,5,22
9811230,1,1,0,0,1,0,0
9904304,3,2,1,1,0,3,10
202107,13,2,11,13,0,13,60
7299,1,1,0,0,0,1,2
102270,17,5,12,25,0,17,119
9404208,3,1,2,3,2,1,1
9809483,46,7,39,150,2,44,167
9508415,4,3,1,1,3,1,1
9310286,33,9,24,82,22,11,12
102027,1,1,0,0,0,1,4
9412356,8,2,6,9,0,8,32
9812233,17,7,10,14,1,16,53
9208214,4,3,1,1,4,0,0
202034,20,5,15,55,0,20,121
2273,3,1,2,3,0,3,49
9903494,3,3,0,0,2,1,2
9407381,7,2,5,12,1,6,31
9606213,11,3,8,19,0,11,25
9709342,10,6,4,6,8,2,2
9906418,8,3,5,6,1,7,43
105166,5,2,3,4,0,5,33
109264,3,3,0,0,1,2,5
6076,6,3,3,4,1,5,20
204286,85,2,83,454,2,83,181
112060,23,9,14,40,2,21,130
9905388,10,5,5,6,1,9,43
106021,6,3,3,4,0,6,40
9512335,8,7,1,1,3,5,21
11393,22,5,17,67,3,19,71
8232,11,6,5,6,0,11,73
110303,9,2,7,11,0,9,109
202158,14,7,7,11,1,13,43
9608402,1,1,0,0,0,1,3
9811264,9,4,5,7,1,8,13
9501285,13,3,10,18,0,13,44
9501333,11,3,8,25,0,11,28
9812300,3,2,1,1,3,0,0
9506231,1,1,0,0,0,1,1
9812311,30,6,24,62,0,30,157
9806298,22,4,18,57,7,15,51
9809455,4,2,2,2,0,4,20
9711504,13,6,7,14,0,13,72
9605314,5,2,3,5,5,0,0
9509226,7,4,3,3,1,6,13
4098,6,2,4,10,0,6,163
9409435,3,2,1,1,3,0,0
9501373,4,2,2,2,3,1,1
8116,6,3,3,4,1,5,15
9905472,21,10,11,15,0,21,137
209187,10,6,4,5,1,9,34
9806207,4,1,3,4,3,1,1
9611258,3,2,1,2,0,3,13
9302214,7,3,4,7,7,0,0
9701316,5,4,1,1,1,4,20
10332,5,3,2,3,0,5,15
9905346,15,6,9,12,1,14,45
9605420,5,1,4,8,5,0,0
9604271,1,1,0,0,1,0,0
101113,9,1,8,16,0,9,86
9903255,2,1,1,1,1,1,1
9701328,5,1,4,8,0,5,36
9803418,10,6,4,4,8,2,4
5241,2,2,0,0,0,2,5
201131,7,3,4,6,0,7,61
105335,7,4,3,4,1,6,36
3159,8,2,6,10,0,8,45
9506478,3,2,1,1,1,2,2
9409417,1,1,0,0,0,1,2
9806363,3,2,1,1,0,3,7
9912525,13,4,9,15,0,13,62
9807494,19,5,14,30,0,19,127
9806232,36,6,30,134,0,36,292
9503496,4,4,0,0,4,0,0
9605411,9,3,6,11,5,4,7
9811243,3,2,1,1,2,1,3
9907286,4,2,2,2,0,4,4
9701291,9,5,4,8,0,9,27
12238,3,2,1,1,3,0,0
9606222,11,8,3,3,11,0,0
103047,5,1,4,4,2,3,14
9211232,3,3,0,0,3,0,0
9607407,1,1,0,0,0,1,2
9805306,6,1,5,9,1,5,16
9612304,4,2,2,2,2,2,8
9808465,0,0,0,0,0,0,0
9610249,4,2,2,2,0,4,7
9305242,1,1,0,0,1,0,0
9908224,6,1,5,14,0,6,8
9906490,12,2,10,35,0,12,67
9312363,2,2,0,0,1,1,1
9710423,5,3,2,2,2,3,9
9802386,3,2,1,1,0,3,36
110029,3,2,1,1,0,3,24
9809418,3,2,1,1,0,3,10
9712320,3,3,0,0,0,3,8
9707298,5,4,1,1,0,5,21
9803245,7,2,5,8,0,7,24
9607245,27,7,20,55,3,24,37
209239,1,1,0,0,0,1,7
9306252,6,5,1,1,1,5,10
9801333,4,4,0,0,0,4,15
9705364,9,1,8,29,2,7,11
201245,4,1,3,5,0,4,25
9904352,4,3,1,2,0,4,10
9807393,6,1,5,9,0,6,100
208027,1,1,0,0,0,1,18
9809505,4,4,0,0,0,4,33
9801394,6,3,3,5,1,5,7
9806403,25,8,17,38,2,23,39
6123,9,6,3,5,1,8,25
9909387,11,4,7,15,1,10,43
9906329,4,1,3,4,2,2,10
105028,9,5,4,4,2,7,51
11134,11,4,7,20,0,11,106
9912313,9,6,3,3,1,8,36
211019,4,2,2,2,0,4,20
9509360,4,2,2,3,1,3,4
9811366,13,5,8,14,2,11,41
9601215,6,1,5,9,6,0,0
9709452,17,1,16,30,6,11,14
9404210,1,1,0,0,0,1,2
102246,3,3,0,0,0,3,6
210118,0,0,0,0,0,0,0
8306,4,3,1,1,0,4,21
9407392,2,1,1,1,0,2,2
9901235,5,1,4,5,0,5,22
9810277,15,5,10,34,0,15,35
9809374,1,1,0,0,0,1,10
9806503,0,0,0,0,0,0,0
9603282,4,4,0,0,0,4,9
9410415,16,6,10,38,1,15,15
9402351,4,1,3,3,4,0,0
5199,2,2,0,0,0,2,4
106330,6,5,1,1,1,5,26
9904365,2,1,1,1,1,1,5
11372,7,5,2,3,1,6,13
9801228,4,2,2,3,1,3,7
9909212,12,6,6,13,1,11,150
9911452,5,3,2,4,0,5,15
204171,8,3,5,10,0,8,68
10232,1,1,0,0,0,1,6
9609218,19,8,11,37,3,16,40
4021,9,3,6,10,1,8,20
9503320,7,3,4,5,6,1,2
204180,3,2,1,1,0,3,22
209117,3,2,1,1,0,3,32
206087,6,3,3,5,0,6,38
203109,2,2,0,0,0,2,14
9412344,10,2,8,11,6,4,5
9905350,6,2,4,4,0,6,30
9711429,13,1,12,29,1,12,74
9401221,5,3,2,3,0,5,5
9904434,7,3,4,7,1,6,15
103121,13,3,10,21,0,13,99
208201,2,2,0,0,1,1,12
102338,7,3,4,5,0,7,24
6314,3,2,1,2,0,3,19
109272,8,4,4,4,0,8,21
103163,15,4,11,29,0,15,60
9701387,3,3,0,0,0,3,11
9705328,3,2,1,1,1,2,6
111227,9,3,6,17,0,9,127
9506375,24,3,21,57,24,0,0
2214,4,2,2,2,0,4,26
110106,5,2,3,5,0,5,17
107089,4,3,1,1,3,1,1
9807265,3,1,2,3,0,3,28
9910206,9,1,8,13,0,9,20
9504272,3,3,0,0,1,2,9
5302,2,1,1,1,0,2,8
9608451,3,2,1,1,2,1,2
207026,5,2,3,6,0,5,31
9711291,5,3,2,2,1,4,5
204132,2,2,0,0,0,2,13
8120,2,2,0,0,0,2,13
2164,2,1,1,1,0,2,3
203251,4,2,2,2,0,4,67
201297,18,8,10,15,0,18,95
9709312,4,1,3,6,0,4,6
111304,0,0,0,0,0,0,0
9508269,2,1,1,1,2,0,0
9308340,8,5,3,4,7,1,1
2128,3,3,0,0,0,3,11
12063,2,2,0,0,0,2,12
109139,4,3,1,1,0,4,25
205274,4,1,3,4,0,4,31
9502373,4,2,2,3,1,3,6
207314,9,3,6,10,2,7,50
9404348,6,5,1,1,6,0,0
9708404,1,1,0,0,1,0,0
106256,2,2,0,0,0,2,3
9223,4,1,3,5,0,4,14
1061,3,2,1,1,0,3,13
9501409,3,2,1,1,3,0,0
206096,3,2,1,1,0,3,12
9404271,2,2,0,0,2,0,0
9409218,1,1,0,0,0,1,1
205052,3,2,1,1,0,3,65
9804445,5,2,3,4,0,5,34
9702205,3,1,2,3,3,0,0
9410398,7,4,3,5,3,4,7
104185,2,1,1,1,0,2,2
206143,2,1,1,1,0,2,13
9806526,22,3,19,71,0,22,172
9905359,18,3,15,64,0,18,176
9706345,1,1,0,0,1,0,0
102130,2,2,0,0,0,2,10
4008,11,5,6,14,0,11,84
7086,4,3,1,2,0,4,17
9907248,1,1,0,0,0,1,4
9311259,3,3,0,0,0,3,4
9907303,0,0,0,0,0,0,0
9510282,1,1,0,0,0,1,2
5011,1,1,0,0,1,0,0
9306279,0,0,0,0,0,0,0
9311279,1,1,0,0,1,0,0
9309319,2,1,1,1,2,0,0
9506271,21,2,19,108,21,0,0
107298,2,1,1,1,0,2,7
9603331,8,6,2,5,3,5,6
9905348,8,4,4,9,0,8,33
201214,1,1,0,0,0,1,2
9411251,2,2,0,0,2,0,0
6218,0,0,0,0,0,0,0
9811380,5,3,2,3,0,5,12
107017,12,8,4,11,0,12,87
9309230,3,2,1,1,3,0,0
9506353,2,1,1,1,0,2,10
9906342,2,1,1,1,0,2,15
109283,4,3,1,1,0,4,16
207131,3,2,1,1,1,2,4
9809485,7,4,3,4,3,4,9
9806306,9,6,3,5,3,6,31
9804216,1,1,0,0,1,0,0
203148,0,0,0,0,0,0,0
9707394,4,3,1,1,1,3,6
9712406,3,3,0,0,0,3,21
9907322,9,3,6,25,3,6,37
104155,4,1,3,4,0,4,27
9906547,1,1,0,0,1,0,0
110059,3,2,1,1,3,0,0
9412229,1,1,0,0,0,1,3
3285,4,3,1,1,0,4,5
204254,8,3,5,7,0,8,47
208240,1,1,0,0,0,1,19
103229,4,2,2,4,0,4,35
9409206,0,0,0,0,0,0,0
9803489,5,4,1,1,0,5,11
9908298,7,4,3,4,3,4,16
9209219,3,1,2,2,3,0,0
9510221,3,3,0,0,0,3,3
9704364,7,3,4,4,0,7,19
9810392,10,4,6,9,8,2,2
8038,10,7,3,3,1,9,24
104291,15,10,5,5,6,9,18
209061,6,6,0,0,0,6,26
205219,4,1,3,3,0,4,44
9510440,1,1,0,0,0,1,4
9510223,2,1,1,1,0,2,5
9812338,1,1,0,0,0,1,5
1136,8,6,2,5,0,8,17
9801314,2,1,1,1,0,2,10
9511278,2,2,0,0,0,2,15
11203,3,3,0,0,0,3,6
9811496,2,1,1,1,1,1,3
9708225,0,0,0,0,0,0,0
10063,2,1,1,1,0,2,22
4077,7,5,2,3,2,5,17
9910229,6,2,4,5,0,6,20
9902466,1,1,0,0,1,0,0
9903310,3,3,0,0,2,1,1
102044,1,1,0,0,0,1,6
9304222,1,1,0,0,1,0,0
9909439,5,3,2,2,1,4,28
9808325,2,2,0,0,0,2,2
9508286,4,2,2,2,2,2,6
9607249,8,4,4,9,3,5,5
9810354,2,1,1,1,1,1,1
112346,5,2,3,4,0,5,41
210125,1,1,0,0,0,1,4
106244,1,1,0,0,0,1,3
9601370,3,1,2,2,0,3,11
9809393,3,1,2,3,0,3,25
9307253,7,5,2,3,3,4,4
9708440,3,2,1,2,1,2,2
2166,14,4,10,26,1,13,119
8063,1,1,0,0,0,1,3
211178,0,0,0,0,0,0,0
9807389,3,2,1,1,0,3,13
3298,4,2,2,3,1,3,13
9310293,0,0,0,0,0,0,0
202043,1,1,0,0,0,1,3
9909340,1,1,0,0,0,1,2
9810201,4,3,1,1,0,4,5
9904319,6,3,3,8,0,6,33
209178,4,2,2,3,0,4,53
9603358,3,1,2,3,3,0,0
9806258,1,1,0,0,0,1,3
9903345,3,3,0,0,0,3,3
7330,3,2,1,1,0,3,21
207005,4,3,1,1,0,4,39
201168,4,1,3,5,0,4,9
9904345,3,1,2,3,3,0,0
105279,8,3,5,6,0,8,34
203173,0,0,0,0,0,0,0
9305298,1,1,0,0,1,0,0
9501400,2,1,1,1,1,1,1
9601244,3,2,1,1,1,2,6
9509340,1,1,0,0,0,1,1
10004,5,3,2,3,0,5,15
9904394,3,1,2,3,0,3,23
9907203,5,1,4,10,2,3,8
208233,0,0,0,0,0,0,0
210314,3,3,0,0,0,3,29
7111,10,6,4,5,0,10,35
9408356,3,3,0,0,3,0,0
9908324,3,3,0,0,1,2,6
101047,0,0,0,0,0,0,0
6270,0,0,0,0,0,0,0
209210,3,2,1,1,0,3,28
9809293,2,2,0,0,0,2,5
9707513,5,3,2,2,0,5,12
9908401,1,1,0,0,0,1,3
9806389,2,1,1,1,1,1,1
7144,6,3,3,6,2,4,4
9907259,1,1,0,0,0,1,8
9806397,4,3,1,1,0,4,17
4192,7,4,3,7,0,7,63
206269,3,1,2,3,0,3,27
207059,2,2,0,0,0,2,7
211080,3,3,0,0,0,3,32
102203,8,1,7,12,0,8,21
9710261,2,2,0,0,2,0,0
205083,4,1,3,4,0,4,15
9802310,6,3,3,4,5,1,2
9703295,1,1,0,0,0,1,1
6306,6,4,2,3,2,4,7
9510391,0,0,0,0,0,0,0
9509416,7,2,5,12,1,6,8
9508358,0,0,0,0,0,0,0
101027,3,2,1,1,0,3,3
9703231,0,0,0,0,0,0,0
9704432,3,1,2,2,0,3,4
111362,6,5,1,1,0,6,141
9801424,0,0,0,0,0,0,0
9803260,0,0,0,0,0,0,0
111448,1,1,0,0,0,1,2
211419,0,0,0,0,0,0,0
9127,1,1,0,0,0,1,2
9904445,0,0,0,0,0,0,0
211041,1,1,0,0,0,1,7
9409308,1,1,0,0,1,0,0
9412357,2,2,0,0,2,0,0
9712229,3,2,1,1,1,2,10
6072,0,0,0,0,0,0,0
210195,2,1,1,1,0,2,16
9902370,1,1,0,0,1,0,0
9810506,1,1,0,0,0,1,5
212374,1,1,0,0,0,1,17
107139,2,1,1,1,0,2,13
111180,3,2,1,1,1,2,7
9807226,0,0,0,0,0,0,0
9206252,4,1,3,6,0,4,4
9405315,0,0,0,0,0,0,0
9804293,6,4,2,2,0,6,21
9811287,0,0,0,0,0,0,0
211375,1,1,0,0,0,1,6
111185,4,2,2,3,3,1,1
5177,2,1,1,1,0,2,5
9806337,7,2,5,8,1,6,10
9611420,2,2,0,0,2,0,0
9907556,5,2,3,4,0,5,44
9812527,7,1,6,9,1,6,6
9509214,2,1,1,1,0,2,6
9610422,0,0,0,0,0,0,0
1283,0,0,0,0,0,0,0
9704352,3,2,1,1,0,3,4
9805398,2,1,1,1,2,0,0
9806374,3,2,1,1,1,2,5
101204,1,1,0,0,1,0,0
207013,6,2,4,9,0,6,43
207104,0,0,0,0,0,0,0
9712452,4,2,2,2,1,3,16
9804312,0,0,0,0,0,0,0
9610351,0,0,0,0,0,0,0
9710326,3,1,2,3,0,3,12
9905435,3,1,2,3,0,3,8
9277,0,0,0,0,0,0,0
9905560,3,2,1,1,0,3,3
105108,6,3,3,4,0,6,44
9908494,0,0,0,0,0,0,0
101057,5,5,0,0,0,5,20
9609288,0,0,0,0,0,0,0
9812532,4,1,3,3,4,0,0
112134,2,2,0,0,0,2,64
106216,2,1,1,1,0,2,7
3266,1,1,0,0,0,1,3
9712380,2,2,0,0,0,2,6
203200,0,0,0,0,0,0,0
9509332,1,1,0,0,1,0,0
109127,3,2,1,1,1,2,11
9401234,1,1,0,0,0,1,1
9704227,0,0,0,0,0,0,0
9908325,2,2,0,0,0,2,6
209355,0,0,0,0,0,0,0
301026,0,0,0,0,0,0,0
9912412,1,1,0,0,1,0,0
110066,2,1,1,1,2,0,0
302143,0,0,0,0,0,0,0
106177,1,1,0,0,0,1,1
9811453,4,2,2,3,4,0,0
9810495,2,2,0,0,1,1,2
9610264,0,0,0,0,0,0,0
9609516,0,0,0,0,0,0,0
205266,2,2,0,0,0,2,6
9901303,0,0,0,0,0,0,0
4236,3,1,2,3,0,3,6
9302286,2,2,0,0,2,0,0
9507274,0,0,0,0,0,0,0
112326,0,0,0,0,0,0,0
112198,0,0,0,0,0,0,0
9612342,1,1,0,0,1,0,0
9810497,0,0,0,0,0,0,0
9611245,0,0,0,0,0,0,0
9803441,0,0,0,0,0,0,0
204202,3,3,0,0,0,3,26
7167,2,1,1,1,2,0,0
9505290,1,1,0,0,1,0,0
207329,1,1,0,0,0,1,1
211053,0,0,0,0,0,0,0
207363,1,1,0,0,0,1,15
2112,2,2,0,0,0,2,7
211257,1,1,0,0,0,1,24
9712378,1,1,0,0,1,0,0
105193,1,1,0,0,0,1,1
9507421,4,2,2,2,3,1,1
205121,2,2,0,0,0,2,5
9912371,1,1,0,0,1,0,0
3039,3,2,1,1,3,0,0
9506241,3,1,2,2,0,3,3
9605216,3,3,0,0,0,3,5
9402242,1,1,0,0,1,0,0
111389,1,1,0,0,0,1,14
9602361,0,0,0,0,0,0,0
9304203,4,2,2,2,4,0,0
104068,3,3,0,0,0,3,16
111305,2,1,1,1,0,2,7
102334,1,1,0,0,0,1,1
9608419,0,0,0,0,0,0,0
206240,0,0,0,0,0,0,0
9805375,2,2,0,0,2,0,0
9705332,0,0,0,0,0,0,0
9510263,2,2,0,0,0,2,3
9607422,0,0,0,0,0,0,0
209036,0,0,0,0,0,0,0
210336,1,1,0,0,0,1,1
9507305,2,1,1,1,2,0,0
9810447,1,1,0,0,0,1,1
206276,1,1,0,0,0,1,7
204271,1,1,0,0,0,1,12
9508261,0,0,0,0,0,0,0
9809313,1,1,0,0,0,1,2
5175,0,0,0,0,0,0,0
209025,0,0,0,0,0,0,0
211029,0,0,0,0,0,0,0
301172,0,0,0,0,0,0,0
105265,1,1,0,0,0,1,1
102198,0,0,0,0,0,0,0
9912538,0,0,0,0,0,0,0
9807255,4,4,0,0,4,0,0
12214,1,1,0,0,1,0,0
9702279,1,1,0,0,0,1,12
6017,1,1,0,0,0,1,1
2094,0,0,0,0,0,0,0
9606366,2,1,1,1,0,2,2
9909498,1,1,0,0,0,1,4
9808461,2,2,0,0,0,2,2
9905418,0,0,0,0,0,0,0
9409280,3,2,1,1,2,1,1
9505360,2,2,0,0,1,1,1
9708402,2,1,1,1,0,2,23
10067,2,2,0,0,0,2,7
9806517,0,0,0,0,0,0,0
211402,0,0,0,0,0,0,0
9906293,4,4,0,0,1,3,3
3099,3,3,0,0,2,1,1
8171,2,2,0,0,0,2,10
9304297,1,1,0,0,1,0,0
204139,2,1,1,1,0,2,12
9906229,2,2,0,0,1,1,1
111365,0,0,0,0,0,0,0
9906493,0,0,0,0,0,0,0
107312,2,2,0,0,0,2,5
208023,0,0,0,0,0,0,0
9906315,0,0,0,0,0,0,0
107269,0,0,0,0,0,0,0
6061,2,1,1,1,2,0,0
103293,1,1,0,0,0,1,3
9807485,1,1,0,0,0,1,2
9408307,1,1,0,0,1,0,0
204153,1,1,0,0,0,1,6
208277,0,0,0,0,0,0,0
9902333,0,0,0,0,0,0,0
9505345,1,1,0,0,0,1,1
9912331,1,1,0,0,0,1,1
9050,2,1,1,1,1,1,1
4063,2,2,0,0,0,2,7
110361,0,0,0,0,0,0,0
9805202,0,0,0,0,0,0,0
9810327,0,0,0,0,0,0,0
207035,1,1,0,0,0,1,3
9507448,0,0,0,0,0,0,0
205256,0,0,0,0,0,0,0
9811292,0,0,0,0,0,0,0
206189,1,1,0,0,0,1,2
9710498,0,0,0,0,0,0,0
111211,3,2,1,1,1,2,4
9806312,0,0,0,0,0,0,0
9705283,0,0,0,0,0,0,0
12376,1,1,0,0,1,0,0
208192,1,1,0,0,0,1,6
101149,0,0,0,0,0,0,0
12269,0,0,0,0,0,0,0
9409217,0,0,0,0,0,0,0
202229,1,1,0,0,0,1,6
301233,0,0,0,0,0,0,0
209141,2,2,0,0,0,2,8
1155,0,0,0,0,0,0,0
9709451,0,0,0,0,0,0,0
211297,0,0,0,0,0,0,0
9707236,1,1,0,0,1,0,0
106126,0,0,0,0,0,0,0
9712366,0,0,0,0,0,0,0
9310370,1,1,0,0,1,0,0
302263,0,0,0,0,0,0,0
9706432,0,0,0,0,0,0,0
9404269,1,1,0,0,1,0,0
302097,0,0,0,0,0,0,0
9810276,0,0,0,0,0,0,0
106234,0,0,0,0,0,0,0
209371,0,0,0,0,0,0,0
11256,1,1,0,0,1,0,0
202250,3,1,2,3,0,3,19
302197,0,0,0,0,0,0,0
9610361,1,1,0,0,0,1,1
1319,0,0,0,0,0,0,0
1038,0,0,0,0,0,0,0
9612382,0,0,0,0,0,0,0
9808494,0,0,0,0,0,0,0
208032,0,0,0,0,0,0,0
105164,0,0,0,0,0,0,0
210261,1,1,0,0,0,1,8
111116,0,0,0,0,0,0,0
4030,0,0,0,0,0,0,0
210295,0,0,0,0,0,0,0
11063,0,0,0,0,0,0,0
9910303,1,1,0,0,0,1,5
9902455,0,0,0,0,0,0,0
9809448,0,0,0,0,0,0,0
210239,1,1,0,0,0,1,1
9812462,0,0,0,0,0,0,0
9711331,0,0,0,0,0,0,0
9301266,1,1,0,0,1,0,0
9906219,0,0,0,0,0,0,0
9712348,0,0,0,0,0,0,0
9312346,1,1,0,0,1,0,0
206108,0,0,0,0,0,0,0
212187,0,0,0,0,0,0,0
9507276,1,1,0,0,1,0,0
9310203,0,0,0,0,0,0,0
9805329,0,0,0,0,0,0,0
6163,1,1,0,0,0,1,2
2173,0,0,0,0,0,0,0
102148,0,0,0,0,0,0,0
9901434,0,0,0,0,0,0,0
208144,0,0,0,0,0,0,0
12206,0,0,0,0,0,0,0
9805320,0,0,0,0,0,0,0
210110,1,1,0,0,0,1,3
112159,0,0,0,0,0,0,0
9608267,1,1,0,0,1,0,0
9612273,1,1,0,0,0,1,1
7249,0,0,0,0,0,0,0
209327,0,0,0,0,0,0,0
212201,0,0,0,0,0,0,0
9811354,0,0,0,0,0,0,0
206303,0,0,0,0,0,0,0
11354,0,0,0,0,0,0,0
107258,0,0,0,0,0,0,0
9909405,5,4,1,2,0,5,13
9907323,1,1,0,0,1,0,0
9311223,0,0,0,0,0,0,0
108208,0,0,0,0,0,0,0
9711237,1,1,0,0,0,1,3
11290,0,0,0,0,0,0,0
202173,0,0,0,0,0,0,0
9085,0,0,0,0,0,0,0
9709299,0,0,0,0,0,0,0
205182,0,0,0,0,0,0,0
211343,1,1,0,0,0,1,2
1063,3,3,0,0,2,1,1
102034,0,0,0,0,0,0,0
210350,0,0,0,0,0,0,0
10046,0,0,0,0,0,0,0
209119,0,0,0,0,0,0,0
211128,0,0,0,0,0,0,0
212100,0,0,0,0,0,0,0
301197,0,0,0,0,0,0,0
111275,3,1,2,2,0,3,3
212067,0,0,0,0,0,0,0
9806262,0,0,0,0,0,0,0
301075,0,0,0,0,0,0,0
9908392,0,0,0,0,0,0,0
12281,0,0,0,0,0,0,0
9610343,0,0,0,0,0,0,0
208172,0,0,0,0,0,0,0
9610338,0,0,0,0,0,0,0
302182,0,0,0,0,0,0,0
9912530,0,0,0,0,0,0,0
9305313,0,0,0,0,0,0,0
203100,0,0,0,0,0,0,0
9264,0,0,0,0,0,0,0
109144,0,0,0,0,0,0,0
9904391,2,2,0,0,0,2,4
203268,0,0,0,0,0,0,0
11057,3,2,1,1,1,2,6
205135,2,1,1,1,0,2,8
9704279,0,0,0,0,0,0,0
107013,0,0,0,0,0,0,0
211064,1,1,0,0,0,1,2
12284,0,0,0,0,0,0,0
10169,1,1,0,0,0,1,2
9510321,0,0,0,0,0,0,0
105018,0,0,0,0,0,0,0
207323,1,1,0,0,0,1,1
209276,0,0,0,0,0,0,0
206281,0,0,0,0,0,0,0
202067,0,0,0,0,0,0,0
2217,1,1,0,0,0,1,5
111126,0,0,0,0,0,0,0
9603332,0,0,0,0,0,0,0
9610391,0,0,0,0,0,0,0
9912454,2,1,1,1,2,0,0
210279,0,0,0,0,0,0,0
9701417,0,0,0,0,0,0,0
301129,0,0,0,0,0,0,0
9812485,0,0,0,0,0,0,0
9207238,2,2,0,0,2,0,0
1127,1,1,0,0,0,1,7
9905402,1,1,0,0,0,1,1
105032,0,0,0,0,0,0,0
9611230,0,0,0,0,0,0,0
9609223,0,0,0,0,0,0,0
4154,0,0,0,0,0,0,0
104093,0,0,0,0,0,0,0
9807404,0,0,0,0,0,0,0
8001,0,0,0,0,0,0,0
9911501,0,0,0,0,0,0,0
9406435,0,0,0,0,0,0,0
105176,0,0,0,0,0,0,0
208273,0,0,0,0,0,0,0
9706493,0,0,0,0,0,0,0
207333,0,0,0,0,0,0,0
9902477,0,0,0,0,0,0,0
9510239,0,0,0,0,0,0,0
112271,0,0,0,0,0,0,0
9904498,0,0,0,0,0,0,0
9909507,0,0,0,0,0,0,0
9608410,1,1,0,0,0,1,5
9702288,0,0,0,0,0,0,0
301013,0,0,0,0,0,0,0
110168,0,0,0,0,0,0,0
2296,0,0,0,0,0,0,0
210400,0,0,0,0,0,0,0
111232,0,0,0,0,0,0,0
9506249,0,0,0,0,0,0,0
301211,0,0,0,0,0,0,0
107333,0,0,0,0,0,0,0
212222,0,0,0,0,0,0,0
101054,1,1,0,0,1,0,0
9503287,0,0,0,0,0,0,0
11390,0,0,0,0,0,0,0
207355,0,0,0,0,0,0,0
204114,0,0,0,0,0,0,0
2269,0,0,0,0,0,0,0
207058,0,0,0,0,0,0,0
9702439,0,0,0,0,0,0,0
9707370,0,0,0,0,0,0,0
9807314,0,0,0,0,0,0,0
212039,0,0,0,0,0,0,0
205055,0,0,0,0,0,0,0
103073,0,0,0,0,0,0,0
207173,1,1,0,0,0,1,5
302135,1,1,0,0,0,1,5
9911443,0,0,0,0,0,0,0
9702259,0,0,0,0,0,0,0
209312,0,0,0,0,0,0,0
9812295,0,0,0,0,0,0,0
212308,0,0,0,0,0,0,0
9706264,0,0,0,0,0,0,0
302083,0,0,0,0,0,0,0
9309207,0,0,0,0,0,0,0
211448,0,0,0,0,0,0,0
209011,0,0,0,0,0,0,0
301044,0,0,0,0,0,0,0
207111,0,0,0,0,0,0,0
104222,2,2,0,0,2,0,0
9608260,0,0,0,0,0,0,0
211013,0,0,0,0,0,0,0
9908452,0,0,0,0,0,0,0
210082,0,0,0,0,0,0,0
9803214,10,1,9,20,1,9,9
9303284,172,30,142,1353,77,95,95
11358,3,2,1,1,1,2,4
9809384,23,2,21,54,1,22,167
9309236,8,4,4,7,2,6,6
9409454,39,8,31,132,29,10,10
103197,21,3,18,44,0,21,53
9908202,33,6,27,78,1,32,124
12197,13,3,10,20,1,12,78
9301212,35,12,23,59,3,32,32
9509316,29,4,25,83,1,28,58
9602250,54,22,32,57,9,45,270
9203223,109,27,82,320,109,0,0
7316,4,4,0,0,1,3,9
9412250,14,7,7,16,10,4,4
9703463,19,5,14,27,0,19,101
9811237,25,5,20,54,0,25,204
9710237,11,3,8,18,5,6,7
9305258,53,19,34,91,33,20,37
9802368,14,3,11,22,1,13,57
9605326,20,9,11,30,2,18,45
9504418,8,1,7,17,8,0,0
9903382,12,6,6,15,0,12,59
10338,98,31,67,220,9,89,858
9704410,20,3,17,44,20,0,0
9804290,71,7,64,253,4,67,159
9305234,2,1,1,1,2,0,0
9205238,78,12,66,371,78,0,0
9801209,43,12,31,142,43,0,0
9601306,37,1,36,163,37,0,0
9309240,12,5,7,20,12,0,0
9408397,30,9,21,42,11,19,19
9606411,111,11,100,703,13,98,409
9807310,97,6,91,680,80,17,17
9906297,54,12,42,155,0,54,326
9909301,21,4,17,42,0,21,228
1129,5,2,3,3,3,2,4
9802340,12,4,8,12,1,11,18
9903334,13,4,9,16,0,13,71
9912238,41,9,32,110,0,41,168
9706426,11,4,7,8,0,11,21
9709439,33,6,27,83,6,27,78
9412278,32,13,19,41,20,12,21
9807361,30,9,21,124,15,15,35
9702298,14,5,9,13,4,10,39
9801431,63,5,58,301,8,55,296
9808327,31,7,24,55,10,21,42
9902392,26,6,20,78,1,25,342
9601332,10,3,7,18,0,10,17
9504338,4,3,1,1,0,4,4
9204225,60,8,52,185,60,0,0
9310248,11,2,9,27,11,0,0
9811479,10,3,7,9,0,10,88
9910433,8,5,3,4,0,8,43
9706280,2,1,1,1,0,2,2
9501325,32,11,21,48,3,29,104
9501336,24,2,22,73,5,19,39
9405253,27,4,23,110,2,25,46
9704363,12,5,7,14,0,12,105
1290,29,6,23,51,16,13,29
9712398,50,5,45,211,13,37,187
9701231,60,6,54,281,4,56,236
9804330,4,3,1,1,0,4,7
9707336,12,3,9,24,11,1,1
9810482,34,2,32,118,0,34,427
9504324,69,17,52,168,18,51,253
9611443,28,6,22,96,6,22,182
9706275,26,5,21,51,3,23,111
9901265,16,7,9,30,0,16,112
9607481,9,5,4,9,4,5,5
9607214,57,5,52,316,15,42,94
111169,1,1,0,0,0,1,6
9412340,31,4,27,142,31,0,0
5015,7,4,3,3,1,6,23
9402227,85,11,74,360,85,0,0
9611347,11,5,6,13,2,9,19
9911382,2,2,0,0,0,2,3
9702414,14,2,12,29,1,13,46
9311209,4,2,2,3,4,0,0
9603317,13,5,8,15,0,13,49
9804294,59,12,47,174,4,55,297
9709460,9,3,6,7,9,0,0
9803315,693,2,691,9822,693,0,0
9602270,2,2,0,0,2,0,0
9305345,93,15,78,570,45,48,48
9408217,24,1,23,68,4,20,54
9709283,8,6,2,2,2,6,12
9601271,3,1,2,3,3,0,0
9302280,78,11,67,556,78,0,0
9405248,3,1,2,3,0,3,17
9702218,18,9,9,17,2,16,27
9501254,17,9,8,14,1,16,24
9602287,77,7,70,432,71,6,6
9610276,59,20,39,134,31,28,47
9402209,41,15,26,66,30,11,11
9507422,13,4,9,34,11,2,2
9709360,27,8,19,35,1,26,97
9703360,6,3,3,7,0,6,22
9905495,8,6,2,2,0,8,45
9407326,9,8,1,1,4,5,8
9905351,22,3,19,54,0,22,184
9712242,11,3,8,17,11,0,0
9710513,24,5,19,57,0,24,165
9307260,18,11,7,15,16,2,2
9505288,15,4,11,28,3,12,60
9406245,95,9,86,350,61,34,43
9710364,22,5,17,52,1,21,68
9706467,30,5,25,73,3,27,170
101103,32,13,19,29,3,29,317
9311329,39,3,36,126,39,0,0
9804384,14,6,8,11,3,11,31
9204210,27,9,18,57,27,0,0
9209252,12,7,5,7,12,0,0
9803226,25,8,17,58,2,23,74
9910451,9,2,7,15,0,9,44
9809440,5,1,4,8,1,4,5
9706274,28,6,22,82,0,28,147
9701304,14,5,9,16,2,12,70
9611213,38,5,33,122,22,16,26
9701256,28,10,18,42,3,25,89
9810409,40,3,37,309,0,40,262
9910252,16,3,13,24,1,15,83
9902241,3,2,1,1,0,3,9
9805233,17,6,11,26,0,17,89
108175,6,4,2,2,0,6,78
10156,3,3,0,0,0,3,33
9305340,4,3,1,1,1,3,3
12274,15,4,11,39,0,15,71
9903416,8,2,6,18,0,8,53
112206,15,6,9,27,0,15,123
202089,17,2,15,78,0,17,21
9809406,44,4,40,320,0,44,251
9207217,52,8,44,159,52,0,0
9409259,1,1,0,0,1,0,0
9610242,9,2,7,20,9,0,0
9811316,22,8,14,43,1,21,122
9810457,140,9,131,1355,6,134,494
9511324,28,9,19,49,5,23,57
9607292,42,6,36,124,42,0,0
9708226,10,1,9,18,0,10,73
9710259,8,2,6,13,0,8,33
9703388,6,2,4,8,0,6,38
9610224,52,8,44,169,4,48,294
9501382,29,4,25,98,24,5,5
9509424,19,2,17,49,9,10,10
9305277,13,2,11,42,13,0,0
9807349,34,3,31,94,1,33,208
9905536,48,10,38,90,3,45,507
9309289,265,9,256,3216,265,0,0
9902271,11,9,2,2,1,10,28
9411239,22,6,16,65,22,0,0
102139,0,0,0,0,0,0,0
5084,5,3,2,4,2,3,3
4220,1,1,0,0,0,1,1
9402210,86,14,72,402,63,23,23
9501406,7,5,2,3,7,0,0
9602324,21,5,16,44,0,21,121
9704445,11,3,8,21,2,9,26
201149,2,2,0,0,0,2,5
9508362,28,8,20,52,3,25,56
9503306,14,8,6,7,5,9,14
9911370,41,4,37,165,7,34,150
2147,78,15,63,209,7,71,284
6127,11,2,9,19,2,9,24
9511335,58,16,42,132,25,33,50
9902238,10,2,8,22,0,10,120
102098,75,6,69,433,3,72,530
10194,14,3,11,45,6,8,54
9703293,7,4,3,3,1,6,13
9208213,189,12,177,1318,189,0,0
9811402,17,7,10,28,8,9,17
9408265,34,9,25,112,4,30,131
103048,55,2,53,357,0,55,762
10203,34,11,23,67,1,33,287
9903402,60,3,57,358,1,59,300
9512252,76,2,74,657,1,75,305
10231,13,3,10,17,5,8,27
104221,26,11,15,31,8,18,35
9907320,3,1,2,2,1,2,2
9907332,9,3,6,10,0,9,12
9908245,29,4,25,81,1,28,170
9403347,33,9,24,54,19,14,16
9412342,6,4,2,3,2,4,8
9505225,14,5,9,20,6,8,26
9906506,1,1,0,0,0,1,11
9512432,12,4,8,20,6,6,6
9610211,2,2,0,0,0,2,6
9702408,23,7,16,33,1,22,58
9811501,59,2,57,674,0,59,395
9908462,7,4,3,5,0,7,31
107068,8,4,4,6,1,7,20
9709432,109,7,102,975,1,108,687
10075,40,1,39,344,1,39,523
202251,9,4,5,9,0,9,97
9802231,8,7,1,3,3,5,28
111160,7,1,6,11,0,7,125
9901277,24,10,14,28,0,24,121
201139,30,3,27,174,0,30,483
103043,9,1,8,18,0,9,43
4128,8,2,6,13,0,8,35
9704207,269,16,253,2145,3,266,1003
9702436,12,8,4,8,1,11,30
109258,3,2,1,1,0,3,15
11132,13,9,4,10,0,13,50
103189,1,1,0,0,1,0,0
9807411,23,3,20,51,2,21,66
9611286,5,1,4,6,0,5,17
9803432,13,5,8,16,0,13,52
9208254,54,5,49,262,54,0,0
9310374,8,3,5,8,7,1,1
9511227,12,6,6,8,5,7,23
9912373,12,3,9,18,2,10,22
9909538,9,2,7,16,2,7,35
7018,11,6,5,10,0,11,38
2007,10,6,4,8,2,8,94
12216,4,3,1,1,3,1,5
9904313,7,2,5,10,0,7,69
9402341,31,5,26,138,22,9,19
9506456,22,3,19,42,22,0,0
9801260,74,5,69,416,1,73,443
9808215,7,3,4,8,0,7,28
9611218,81,7,74,382,0,81,443
9609415,5,1,4,6,1,4,15
9211262,8,3,5,8,8,0,0
9501268,4,3,1,2,2,2,3
9605407,6,3,3,4,0,6,11
103326,1,1,0,0,0,1,2
9411246,6,4,2,3,0,6,8
9506462,3,2,1,1,0,3,5
102090,41,6,35,158,0,41,200
9903211,21,3,18,65,1,20,43
9507267,28,8,20,48,2,26,48
9711401,18,11,7,12,7,11,33
9406296,17,7,10,17,6,11,11
9501402,3,2,1,1,0,3,10
9305306,58,15,43,134,37,21,21
9306302,3,3,0,0,2,1,1
9707352,15,2,13,53,0,15,30
101236,3,1,2,2,0,3,14
9904330,23,4,19,89,2,21,147
9602235,17,12,5,5,8,9,19
9608374,7,6,1,1,0,7,14
104198,12,3,9,17,0,12,100
5132,5,3,2,3,0,5,11
9707220,31,9,22,51,7,24,46
9702227,28,13,15,31,1,27,107
9706522,10,3,7,11,0,10,26
9706413,18,4,14,42,0,18,79
9307329,68,10,58,202,63,5,5
9511397,134,18,116,800,20,114,240
9402305,4,3,1,1,2,2,2
9407272,4,2,2,3,4,0,0
4176,13,3,10,19,0,13,82
9603439,4,2,2,2,0,4,12
9405261,5,3,2,3,0,5,16
9807249,11,2,9,41,0,11,50
9607472,6,2,4,6,0,6,16
9605389,46,17,29,75,11,35,106
9707262,8,3,5,7,1,7,22
9508204,51,12,39,168,11,40,77
9507432,5,2,3,5,0,5,28
9509249,27,4,23,78,27,0,0
9802218,21,3,18,38,1,20,103
9306307,2,1,1,1,2,0,0
9412266,15,2,13,33,1,14,34
9703311,58,6,52,500,2,56,238
9702427,1,1,0,0,1,0,0
9701325,10,8,2,2,1,9,55
3256,5,2,3,5,1,4,12
9809499,1,1,0,0,0,1,3
105196,11,1,10,41,0,11,89
9310273,8,6,2,3,5,3,3
9407350,24,4,20,58,24,0,0
9902289,1,1,0,0,0,1,5
9503456,4,3,1,2,1,3,16
9806519,31,4,27,129,0,31,304
9811339,3,2,1,2,0,3,14
9082,3,1,2,2,1,2,8
9810553,20,1,19,49,20,0,0
2232,5,5,0,0,1,4,20
9402274,38,10,28,94,1,37,63
9805484,8,6,2,2,1,7,122
9610298,3,1,2,3,0,3,9
110341,11,3,8,15,0,11,277
9809301,7,1,6,14,0,7,16
9901213,3,2,1,1,0,3,19
103311,2,2,0,0,0,2,2
106113,6,1,5,9,0,6,13
9506405,2,1,1,1,0,2,10
9405214,27,16,11,17,21,6,6
12179,1,1,0,0,0,1,2
9809256,3,1,2,3,0,3,5
9702441,5,2,3,8,0,5,12
202082,0,0,0,0,0,0,0
9412397,3,3,0,0,0,3,5
9907474,23,6,17,42,0,23,173
9811505,14,3,11,39,0,14,49
105123,2,1,1,1,0,2,4
105037,21,5,16,31,3,18,200
9701276,1,1,0,0,0,1,5
9506419,3,3,0,0,0,3,24
7228,10,4,6,7,0,10,96
9307324,29,4,25,128,3,26,26
9502286,19,6,13,33,0,19,83
9707412,34,9,25,84,3,31,353
204141,3,3,0,0,0,3,8
9510224,8,4,4,4,2,6,44
9906437,6,2,4,6,0,6,29
9911454,3,3,0,0,1,2,27
9608211,35,12,23,54,0,35,388
9911511,15,2,13,30,0,15,88
9606398,18,5,13,26,6,12,22
9911521,1,1,0,0,0,1,6
9409361,10,2,8,29,1,9,9
9602289,1,1,0,0,0,1,4
108068,9,2,7,20,0,9,30
9608281,11,1,10,38,0,11,39
9710382,15,7,8,14,5,10,11
9510346,12,7,5,6,12,0,0
9410244,10,4,6,13,10,0,0
9601351,5,2,3,4,1,4,9
9810358,3,1,2,3,2,1,1
9605233,9,6,3,3,0,9,32
9909356,6,3,3,6,0,6,68
108197,8,7,1,1,2,6,21
9306324,7,2,5,9,7,0,0
9903240,7,4,3,5,1,6,19
9403409,1,1,0,0,1,0,0
9607333,1,1,0,0,0,1,9
104075,2,1,1,1,0,2,8
111001,0,0,0,0,0,0,0
11247,26,6,20,68,0,26,196
9611350,4,4,0,0,0,4,12
9612393,4,2,2,2,0,4,7
4197,14,7,7,19,2,12,96
105129,11,1,10,17,2,9,28
9707297,4,2,2,3,0,4,18
8085,12,8,4,5,1,11,118
109075,1,1,0,0,1,0,0
9910213,3,2,1,1,0,3,13
9807294,17,9,8,10,8,9,15
9905249,13,3,10,29,1,12,103
106190,34,4,30,163,1,33,171
9706472,4,2,2,3,4,0,0
9712432,5,1,4,7,0,5,24
9409457,9,5,4,5,4,5,5
9810275,30,6,24,82,2,28,146
9610522,15,5,10,17,15,0,0
9404330,9,4,5,11,2,7,11
9506428,1,1,0,0,1,0,0
9605392,19,4,15,48,0,19,58
9307367,1,1,0,0,1,0,0
9208239,3,2,1,1,3,0,0
204050,5,3,2,2,0,5,25
9806354,47,5,42,213,3,44,349
201036,1,1,0,0,0,1,5
9408274,1,1,0,0,1,0,0
9809237,4,3,1,1,3,1,11
9710223,47,7,40,156,4,43,118
9912311,16,2,14,22,2,14,73
9806365,3,2,1,1,0,3,5
110041,9,6,3,3,2,7,18
7016,5,3,2,3,0,5,66
205053,37,5,32,103,14,23,109
202095,5,3,2,2,0,5,12
9905461,9,2,7,11,0,9,56
106072,7,2,5,8,0,7,54
9606414,4,4,0,0,2,2,7
103007,4,1,3,5,0,4,41
105140,1,1,0,0,0,1,9
111133,11,4,7,14,0,11,94
5249,7,4,3,4,1,6,31
9501280,8,3,5,8,1,7,11
9905375,2,2,0,0,0,2,4
9301281,23,10,13,25,23,0,0
9504237,13,3,10,24,1,12,38
9901280,3,3,0,0,0,3,11
9610443,1,1,0,0,0,1,3
9904420,21,3,18,70,0,21,162
9808454,41,4,37,128,1,40,207
9709453,24,6,18,59,4,20,74
9602395,4,3,1,1,0,4,9
9707360,4,2,2,2,0,4,16
9312224,9,6,3,4,1,8,22
8052,11,1,10,32,0,11,60
9612477,0,0,0,0,0,0,0
102134,10,7,3,4,0,10,15
9807456,1,1,0,0,0,1,2
5293,18,4,14,46,1,17,71
9608480,24,3,21,82,6,18,49
9701343,5,5,0,0,1,4,12
9608262,4,3,1,1,0,4,7
9310369,61,1,60,420,12,49,129
9706380,4,1,3,4,2,2,2
9909348,23,13,10,14,6,17,42
106063,1,1,0,0,1,0,0
9906545,26,1,25,149,3,23,45
105128,8,2,6,9,1,7,42
101347,12,6,6,9,1,11,94
9912255,1,1,0,0,0,1,1
9121,1,1,0,0,0,1,2
9904259,10,8,2,2,0,10,30
202237,0,0,0,0,0,0,0
201300,11,3,8,20,0,11,96
107211,3,3,0,0,0,3,16
9902303,14,3,11,22,4,10,31
9402252,1,1,0,0,0,1,2
9410312,1,1,0,0,0,1,2
9904272,5,2,3,3,0,5,45
9703410,8,3,5,8,8,0,0
9808206,4,2,2,3,0,4,8
9806305,51,10,41,172,4,47,250
105317,0,0,0,0,0,0,0
9606390,4,3,1,1,1,3,5
9808348,3,2,1,1,0,3,7
9502299,1,1,0,0,1,0,0
9704235,8,5,3,5,0,8,64
9310376,2,2,0,0,1,1,1
9901374,10,10,0,0,7,3,5
202114,1,1,0,0,0,1,3
9307254,3,3,0,0,3,0,0
9405310,1,1,0,0,0,1,2
9604280,13,1,12,34,13,0,0
9612314,7,1,6,11,4,3,4
9803228,8,4,4,6,0,8,61
9705378,5,5,0,0,1,4,10
9309321,1,1,0,0,1,0,0
9910393,8,1,7,20,0,8,16
9907562,5,4,1,1,4,1,1
9906503,6,4,2,2,4,2,3
9711250,7,5,2,2,1,6,21
111218,2,1,1,1,0,2,14
9810517,19,2,17,74,0,19,148
9901424,2,1,1,1,1,1,1
9502322,2,2,0,0,0,2,2
9711204,6,2,4,6,0,6,45
9805402,4,4,0,0,0,4,11
9711503,5,3,2,2,0,5,11
211018,5,2,3,3,0,5,58
9802319,2,1,1,1,0,2,4
9405324,5,1,4,5,5,0,0
9705334,4,2,2,4,0,4,4
201293,3,1,2,2,0,3,37
9804277,13,5,8,10,0,13,94
9807508,5,4,1,1,0,5,39
210318,1,1,0,0,0,1,9
9803407,10,2,8,13,0,10,86
9705405,5,3,2,3,1,4,15
9901413,2,2,0,0,0,2,2
9017,5,3,2,2,3,2,6
9909517,1,1,0,0,0,1,5
9908203,3,2,1,1,0,3,11
105078,4,3,1,1,0,4,11
12057,14,5,9,33,0,14,59
2076,4,2,2,4,0,4,26
212005,2,2,0,0,0,2,17
9706453,9,1,8,12,7,2,3
9912337,1,1,0,0,1,0,0
9610528,6,1,5,9,4,2,2
9903306,5,3,2,4,0,5,15
9611219,3,2,1,1,0,3,11
103192,5,3,2,2,0,5,46
203159,7,2,5,9,0,7,44
9607385,5,3,2,3,2,3,4
9504291,4,2,2,3,4,0,0
9607428,14,4,10,26,2,12,14
9704380,14,3,11,36,1,13,142
9809454,9,5,4,6,6,3,3
9603348,8,2,6,8,0,8,20
9809287,7,6,1,2,1,6,18
9801399,11,2,9,14,1,10,50
9412352,14,7,7,17,8,6,8
9811431,2,2,0,0,1,1,3
107301,3,3,0,0,0,3,11
9906461,4,1,3,5,0,4,23
101162,6,5,1,1,0,6,17
9811224,10,2,8,16,0,10,14
9603382,4,3,1,1,1,3,4
9507239,1,1,0,0,0,1,1
204352,22,6,16,49,4,18,133
7361,0,0,0,0,0,0,0
9412284,3,2,1,1,3,0,0
103274,11,4,7,13,0,11,42
9506472,5,4,1,1,0,5,7
9411438,16,3,13,34,14,2,2
209294,3,3,0,0,0,3,15
207110,9,6,3,4,0,9,94
207096,7,6,1,1,3,4,25
9702365,2,1,1,1,0,2,3
9907373,9,3,6,19,3,6,7
9711499,8,1,7,13,0,8,50
9405393,4,1,3,5,0,4,19
9904410,4,4,0,0,1,3,15
111337,2,2,0,0,0,2,7
209045,1,1,0,0,1,0,0
9906448,4,1,3,3,0,4,12
7091,19,4,15,51,1,18,144
201056,6,4,2,4,0,6,23
104201,2,1,1,1,0,2,12
9612358,5,2,3,5,0,5,14
9609313,3,3,0,0,1,2,3
9508414,8,4,4,4,8,0,0
9506422,13,3,10,20,12,1,1
106153,7,3,4,7,7,0,0
112303,12,6,6,13,0,12,32
204350,4,2,2,2,1,3,22
9810334,2,1,1,1,0,2,15
9912224,4,4,0,0,0,4,29
9605257,5,5,0,0,1,4,7
6063,2,1,1,1,0,2,10
9612354,1,1,0,0,0,1,1
208063,2,2,0,0,1,1,8
9217,5,3,2,2,0,5,62
204001,17,6,11,28,0,17,127
11188,2,1,1,1,2,0,0
9304256,8,5,3,4,4,4,4
204122,4,4,0,0,0,4,19
107327,4,3,1,1,0,4,19
9710211,1,1,0,0,0,1,2
9903398,0,0,0,0,0,0,0
9602212,1,1,0,0,0,1,1
8179,1,1,0,0,0,1,2
9710443,0,0,0,0,0,0,0
3073,13,5,8,12,0,13,107
110062,9,2,7,15,0,9,110
207219,2,1,1,1,0,2,11
9610372,6,5,1,2,0,6,43
211331,6,3,3,5,0,6,103
9710241,2,1,1,1,1,1,1
9406247,0,0,0,0,0,0,0
107222,6,3,3,5,0,6,73
9804410,6,5,1,1,3,3,9
7347,1,1,0,0,0,1,4
302128,0,0,0,0,0,0,0
105254,8,2,6,6,2,6,27
9411436,2,2,0,0,1,1,2
9411328,4,3,1,1,0,4,12
205230,6,2,4,4,0,6,24
9905365,2,2,0,0,0,2,11
9705316,1,1,0,0,0,1,4
9508340,6,2,4,6,3,3,7
108174,2,2,0,0,0,2,17
207277,4,3,1,2,0,4,78
9808384,1,1,0,0,0,1,6
9909337,12,1,11,44,1,11,130
9510373,5,5,0,0,4,1,1
9111,2,1,1,1,0,2,14
6101,3,3,0,0,1,2,2
9702413,6,4,2,2,6,0,0
9606465,8,1,7,16,8,0,0
9310282,1,1,0,0,1,0,0
212037,0,0,0,0,0,0,0
9611340,4,2,2,3,3,1,1
111137,6,1,5,14,0,6,21
203236,2,2,0,0,2,0,0
9507264,2,2,0,0,1,1,2
9710212,2,2,0,0,0,2,12
9603430,33,6,27,183,8,25,25
201087,5,4,1,1,0,5,15
9611430,4,2,2,3,0,4,6
9910448,3,2,1,1,0,3,13
11308,3,2,1,1,0,3,29
9802235,2,2,0,0,0,2,7
9708204,2,1,1,1,0,2,11
9603338,8,4,4,7,0,8,21
112106,1,1,0,0,0,1,8
12183,1,1,0,0,0,1,8
9705476,3,1,2,2,3,0,0
111303,7,5,2,5,1,6,14
110241,1,1,0,0,0,1,7
208034,5,3,2,2,0,5,25
9609217,4,1,3,4,4,0,0
9705374,5,3,2,3,4,1,1
9703283,3,2,1,1,3,0,0
201112,2,2,0,0,1,1,1
9801366,7,6,1,1,0,7,25
9906363,6,4,2,2,0,6,37
6019,2,1,1,1,0,2,2
108093,3,1,2,3,1,2,4
9903383,5,1,4,7,0,5,10
201006,7,3,4,6,2,5,16
9805218,0,0,0,0,0,0,0
205338,0,0,0,0,0,0,0
102276,10,2,8,14,2,8,21
8081,2,2,0,0,2,0,0
9904502,6,2,4,9,0,6,25
9704371,1,1,0,0,0,1,9
9701234,10,3,7,16,2,8,26
9912497,2,2,0,0,0,2,15
9712382,3,1,2,2,1,2,3
9210249,6,3,3,4,6,0,0
9706443,1,1,0,0,0,1,5
9812440,22,5,17,48,0,22,222
104099,5,4,1,1,0,5,16
9806234,3,1,2,2,3,0,0
107100,6,4,2,2,0,6,21
205098,2,1,1,1,0,2,13
9510381,4,4,0,0,2,2,2
9705260,6,2,4,5,0,6,17
9709480,0,0,0,0,0,0,0
3200,1,1,0,0,0,1,1
112340,2,1,1,1,1,1,1
111147,4,2,2,3,0,4,26
101262,3,1,2,3,0,3,15
9510290,1,1,0,0,1,0,0
9207271,2,2,0,0,2,0,0
9901217,0,0,0,0,0,0,0
103170,10,5,5,11,3,7,19
9709285,3,3,0,0,1,2,5
205090,2,2,0,0,0,2,3
9905329,8,8,0,0,0,8,89
9908514,7,2,5,13,1,6,7
9809584,0,0,0,0,0,0,0
6213,6,3,3,4,6,0,0
9904208,3,3,0,0,2,1,1
9812255,1,1,0,0,0,1,2
9504221,4,3,1,1,2,2,2
208154,0,0,0,0,0,0,0
203025,5,3,2,3,0,5,30
9712377,0,0,0,0,0,0,0
7258,12,5,7,14,0,12,170
9302266,3,3,0,0,3,0,0
9811259,11,3,8,18,1,10,63
212001,0,0,0,0,0,0,0
9708441,4,2,2,3,0,4,7
105093,4,1,3,6,4,0,0
9407294,2,2,0,0,1,1,1
11131,0,0,0,0,0,0,0
9911270,8,2,6,10,1,7,20
103130,3,2,1,1,0,3,11
9910308,7,4,3,4,1,6,8
112077,2,2,0,0,0,2,7
9810403,2,2,0,0,0,2,2
9809228,2,1,1,1,2,0,0
9911249,5,3,2,3,0,5,21
210304,3,1,2,3,0,3,18
9605315,14,5,9,15,5,9,9
9906212,3,2,1,1,0,3,26
9509350,3,3,0,0,3,0,0
9407330,2,2,0,0,2,0,0
109093,5,2,3,7,0,5,13
201253,9,4,5,6,0,9,86
9911380,2,1,1,1,2,0,0
205076,4,3,1,1,0,4,63
9312352,1,1,0,0,1,0,0
9610385,4,4,0,0,0,4,18
9601345,1,1,0,0,0,1,3
9706351,2,2,0,0,0,2,9
9510371,1,1,0,0,0,1,2
9802371,2,2,0,0,0,2,13
9906463,2,1,1,1,0,2,18
9911298,7,1,6,10,1,6,9
4225,6,3,3,4,1,5,6
11005,2,2,0,0,0,2,7
202216,4,3,1,1,0,4,16
9605203,2,2,0,0,2,0,0
9908426,5,2,3,3,2,3,4
9904511,1,1,0,0,1,0,0
2289,1,1,0,0,1,0,0
9809324,4,1,3,4,1,3,6
9612352,1,1,0,0,0,1,4
9902432,1,1,0,0,0,1,4
209190,6,2,4,8,0,6,47
9705367,3,2,1,1,3,0,0
102335,3,1,2,3,0,3,5
9911219,4,3,1,1,1,3,4
9802413,0,0,0,0,0,0,0
8279,5,3,2,2,0,5,64
207047,8,4,4,6,0,8,65
2215,1,1,0,0,0,1,2
205153,5,2,3,5,0,5,19
6039,1,1,0,0,0,1,1
9710319,1,1,0,0,1,0,0
212048,1,1,0,0,0,1,5
9805365,4,3,1,1,2,2,2
111192,0,0,0,0,0,0,0
101112,1,1,0,0,1,0,0
9903372,5,3,2,4,0,5,34
9509318,2,2,0,0,2,0,0
9811519,2,1,1,1,0,2,10
3167,16,6,10,26,5,11,67
9607482,0,0,0,0,0,0,0
9704440,3,1,2,2,0,3,4
204028,14,3,11,22,0,14,190
11072,0,0,0,0,0,0,0
204136,6,3,3,3,0,6,36
104309,3,3,0,0,0,3,23
207269,2,2,0,0,0,2,14
105119,3,3,0,0,1,2,8
108113,1,1,0,0,0,1,10
105304,12,2,10,29,1,11,86
9806453,8,1,7,18,0,8,72
9806297,0,0,0,0,0,0,0
4250,4,3,1,1,2,2,4
9908253,1,1,0,0,1,0,0
210331,4,3,1,1,0,4,20
9602209,1,1,0,0,1,0,0
9206255,4,2,2,2,2,2,2
301167,2,1,1,1,0,2,30
3201,9,2,7,20,0,9,33
106080,1,1,0,0,0,1,1
9703310,1,1,0,0,1,0,0
9702342,5,2,3,6,2,3,6
207320,0,0,0,0,0,0,0
301154,0,0,0,0,0,0,0
4211,0,0,0,0,0,0,0
212116,6,3,3,3,2,4,7
201294,9,4,5,7,0,9,50
9910259,8,2,6,14,2,6,12
211243,1,1,0,0,0,1,4
110314,0,0,0,0,0,0,0
9611446,4,2,2,2,0,4,4
9903429,3,1,2,3,0,3,8
102059,0,0,0,0,0,0,0
111367,1,1,0,0,0,1,2
9902321,4,3,1,1,1,3,13
9806295,0,0,0,0,0,0,0
6161,4,3,1,1,2,2,2
9512403,0,0,0,0,0,0,0
112088,4,4,0,0,0,4,37
207079,9,6,3,5,0,9,96
9506327,2,1,1,1,0,2,2
9412242,5,3,2,2,0,5,13
9705231,2,2,0,0,1,1,3
9506230,1,1,0,0,1,0,0
9807380,2,1,1,1,0,2,10
9812245,2,2,0,0,2,0,0
9507325,2,2,0,0,0,2,4
11316,2,1,1,1,0,2,6
7165,1,1,0,0,0,1,4
9601308,14,6,8,18,4,10,12
301230,0,0,0,0,0,0,0
9122,0,0,0,0,0,0,0
212344,0,0,0,0,0,0,0
205218,0,0,0,0,0,0,0
5213,4,3,1,1,0,4,12
1045,2,1,1,1,0,2,6
9311250,3,1,2,3,0,3,6
5295,2,1,1,1,0,2,18
9709261,2,1,1,1,0,2,12
208222,1,1,0,0,0,1,4
9902425,0,0,0,0,0,0,0
206115,1,1,0,0,0,1,6
7076,5,3,2,3,3,2,4
7358,3,1,2,2,3,0,0
9508235,2,2,0,0,2,0,0
9505246,4,4,0,0,2,2,4
211199,1,1,0,0,0,1,2
203040,2,2,0,0,0,2,3
9906254,2,2,0,0,0,2,5
9603429,3,2,1,1,0,3,4
204281,1,1,0,0,1,0,0
9612296,0,0,0,0,0,0,0
302146,0,0,0,0,0,0,0
211175,0,0,0,0,0,0,0
9811476,1,1,0,0,0,1,1
9510231,4,1,3,6,4,0,0
9307372,2,2,0,0,2,0,0
9408223,4,3,1,1,1,3,6
9811436,1,1,0,0,0,1,6
102185,1,1,0,0,1,0,0
9511453,0,0,0,0,0,0,0
9905411,1,1,0,0,1,0,0
9608439,2,2,0,0,0,2,5
9708258,1,1,0,0,0,1,5
207118,1,1,0,0,0,1,2
209373,1,1,0,0,0,1,2
211390,1,1,0,0,0,1,4
9912267,4,2,2,2,4,0,0
8305,2,1,1,1,0,2,4
212348,1,1,0,0,0,1,8
8154,2,1,1,1,1,1,1
104213,3,2,1,1,0,3,38
9706364,2,2,0,0,2,0,0
9802325,6,4,2,3,2,4,7
9901211,1,1,0,0,0,1,2
106211,5,3,2,2,1,4,16
202139,6,5,1,1,0,6,30
211159,0,0,0,0,0,0,0
3226,0,0,0,0,0,0,0
9706481,0,0,0,0,0,0,0
9410270,3,2,1,1,3,0,0
204140,2,1,1,1,0,2,31
9810203,0,0,0,0,0,0,0
9909375,1,1,0,0,0,1,1
204290,9,5,4,7,0,9,97
111208,3,1,2,3,0,3,10
9406304,0,0,0,0,0,0,0
203193,0,0,0,0,0,0,0
9305243,0,0,0,0,0,0,0
9811494,1,1,0,0,0,1,1
9701315,1,1,0,0,1,0,0
9808388,0,0,0,0,0,0,0
1029,0,0,0,0,0,0,0
12213,5,1,4,5,0,5,37
105153,0,0,0,0,0,0,0
9603221,1,1,0,0,1,0,0
9905334,0,0,0,0,0,0,0
211378,3,1,2,3,0,3,121
9401207,0,0,0,0,0,0,0
9908303,0,0,0,0,0,0,0
9712431,2,1,1,1,1,1,3
8054,0,0,0,0,0,0,0
302101,0,0,0,0,0,0,0
204020,3,3,0,0,0,3,12
9609426,3,3,0,0,1,2,3
9405211,2,2,0,0,2,0,0
9311338,0,0,0,0,0,0,0
9607464,1,1,0,0,1,0,0
9811318,1,1,0,0,0,1,1
209031,0,0,0,0,0,0,0
9906333,0,0,0,0,0,0,0
9912365,2,1,1,1,2,0,0
9711500,1,1,0,0,0,1,1
9412399,4,2,2,2,4,0,0
1323,1,1,0,0,0,1,3
9811344,0,0,0,0,0,0,0
9811425,4,4,0,0,4,0,0
9502216,1,1,0,0,1,0,0
204072,0,0,0,0,0,0,0
209154,0,0,0,0,0,0,0
9812409,0,0,0,0,0,0,0
9805325,2,2,0,0,1,1,9
3156,1,1,0,0,0,1,1
9710449,0,0,0,0,0,0,0
9607248,7,2,5,10,7,0,0
107203,1,1,0,0,0,1,3
9411309,1,1,0,0,1,0,0
211275,1,1,0,0,0,1,3
9801312,0,0,0,0,0,0,0
9906473,1,1,0,0,0,1,7
101195,0,0,0,0,0,0,0
205181,0,0,0,0,0,0,0
9606341,0,0,0,0,0,0,0
9902297,1,1,0,0,0,1,9
101003,1,1,0,0,0,1,26
9806418,1,1,0,0,1,0,0
212091,0,0,0,0,0,0,0
7138,0,0,0,0,0,0,0
9509356,1,1,0,0,1,0,0
207086,1,1,0,0,0,1,8
201313,1,1,0,0,0,1,9
110233,0,0,0,0,0,0,0
9501363,0,0,0,0,0,0,0
204232,3,1,2,3,0,3,17
9052,1,1,0,0,0,1,1
204015,0,0,0,0,0,0,0
9712503,2,2,0,0,2,0,0
9608250,0,0,0,0,0,0,0
212139,0,0,0,0,0,0,0
208200,0,0,0,0,0,0,0
8224,4,3,1,1,1,3,9
9810418,0,0,0,0,0,0,0
9601323,1,1,0,0,1,0,0
9712485,1,1,0,0,0,1,3
9710330,1,1,0,0,0,1,3
109198,3,2,1,1,2,1,2
9808279,0,0,0,0,0,0,0
9704449,0,0,0,0,0,0,0
104013,0,0,0,0,0,0,0
211341,1,1,0,0,0,1,2
10167,1,1,0,0,0,1,3
9903344,1,1,0,0,0,1,6
9501353,0,0,0,0,0,0,0
302160,0,0,0,0,0,0,0
11285,0,0,0,0,0,0,0
9507324,0,0,0,0,0,0,0
9316,0,0,0,0,0,0,0
9807499,0,0,0,0,0,0,0
109128,1,1,0,0,0,1,5
9810459,1,1,0,0,0,1,6
209280,1,1,0,0,0,1,4
103120,0,0,0,0,0,0,0
10165,0,0,0,0,0,0,0
301059,1,1,0,0,0,1,5
9712522,1,1,0,0,0,1,3
12065,0,0,0,0,0,0,0
212195,1,1,0,0,0,1,11
301159,0,0,0,0,0,0,0
9412369,0,0,0,0,0,0,0
207011,0,0,0,0,0,0,0
9506296,0,0,0,0,0,0,0
207194,2,1,1,1,0,2,14
301274,1,1,0,0,1,0,0
9278,1,1,0,0,0,1,4
9807412,1,1,0,0,0,1,7
9909400,0,0,0,0,0,0,0
9705443,0,0,0,0,0,0,0
204259,0,0,0,0,0,0,0
9912422,0,0,0,0,0,0,0
302105,0,0,0,0,0,0,0
104002,3,1,2,2,0,3,20
9710435,0,0,0,0,0,0,0
9908266,1,1,0,0,0,1,4
110185,0,0,0,0,0,0,0
208122,1,1,0,0,0,1,5
9903347,1,1,0,0,0,1,2
212173,0,0,0,0,0,0,0
101218,0,0,0,0,0,0,0
6074,1,1,0,0,0,1,1
9703462,0,0,0,0,0,0,0
301227,0,0,0,0,0,0,0
9810484,1,1,0,0,1,0,0
9902459,0,0,0,0,0,0,0
208110,1,1,0,0,0,1,6
9703426,0,0,0,0,0,0,0
108082,0,0,0,0,0,0,0
9709469,0,0,0,0,0,0,0
9608411,0,0,0,0,0,0,0
302109,0,0,0,0,0,0,0
207039,0,0,0,0,0,0,0
205159,1,1,0,0,0,1,5
211196,0,0,0,0,0,0,0
11384,0,0,0,0,0,0,0
211191,0,0,0,0,0,0,0
208147,0,0,0,0,0,0,0
8266,0,0,0,0,0,0,0
9410277,0,0,0,0,0,0,0
101265,1,1,0,0,0,1,5
9910304,1,1,0,0,1,0,0
107191,0,0,0,0,0,0,0
9601315,3,2,1,1,3,0,0
6281,1,1,0,0,0,1,3
9501412,0,0,0,0,0,0,0
301074,0,0,0,0,0,0,0
9402271,0,0,0,0,0,0,0
107172,1,1,0,0,0,1,5
204047,0,0,0,0,0,0,0
9903415,1,1,0,0,1,0,0
9707202,5,1,4,9,3,2,6
105255,1,1,0,0,0,1,2
8330,0,0,0,0,0,0,0
202079,0,0,0,0,0,0,0
9305339,0,0,0,0,0,0,0
9810462,0,0,0,0,0,0,0
211234,0,0,0,0,0,0,0
9907404,1,1,0,0,0,1,4
9704303,1,1,0,0,1,0,0
9811305,1,1,0,0,0,1,2
204252,0,0,0,0,0,0,0
302011,0,0,0,0,0,0,0
9811332,1,1,0,0,1,0,0
9905315,0,0,0,0,0,0,0
9901274,1,1,0,0,1,0,0
105284,2,1,1,1,2,0,0
205225,1,1,0,0,0,1,2
209001,0,0,0,0,0,0,0
9406244,1,1,0,0,1,0,0
112290,1,1,0,0,0,1,2
209335,0,0,0,0,0,0,0
9911282,0,0,0,0,0,0,0
1195,0,0,0,0,0,0,0
9904222,1,1,0,0,1,0,0
9257,0,0,0,0,0,0,0
4168,0,0,0,0,0,0,0
205096,0,0,0,0,0,0,0
210259,0,0,0,0,0,0,0
9905322,0,0,0,0,0,0,0
9908375,0,0,0,0,0,0,0
9910511,0,0,0,0,0,0,0
10179,0,0,0,0,0,0,0
2251,1,1,0,0,1,0,0
12326,0,0,0,0,0,0,0
302114,0,0,0,0,0,0,0
202036,1,1,0,0,1,0,0
11371,0,0,0,0,0,0,0
112239,0,0,0,0,0,0,0
1010,0,0,0,0,0,0,0
9909533,0,0,0,0,0,0,0
12009,0,0,0,0,0,0,0
108022,0,0,0,0,0,0,0
3325,1,1,0,0,0,1,5
12319,0,0,0,0,0,0,0
9601286,0,0,0,0,0,0,0
209240,1,1,0,0,0,1,2
207016,0,0,0,0,0,0,0
9706422,0,0,0,0,0,0,0
9606321,0,0,0,0,0,0,0
204104,0,0,0,0,0,0,0
109176,1,1,0,0,0,1,3
9908282,0,0,0,0,0,0,0
9608216,0,0,0,0,0,0,0
1085,0,0,0,0,0,0,0
110211,2,1,1,1,1,1,1
206282,0,0,0,0,0,0,0
206301,1,1,0,0,0,1,5
9811286,1,1,0,0,0,1,2
301021,0,0,0,0,0,0,0
209206,0,0,0,0,0,0,0
209328,0,0,0,0,0,0,0
9707343,0,0,0,0,0,0,0
9810256,0,0,0,0,0,0,0
11204,0,0,0,0,0,0,0
9807381,0,0,0,0,0,0,0
11343,0,0,0,0,0,0,0
201057,0,0,0,0,0,0,0
9610253,0,0,0,0,0,0,0
105070,0,0,0,0,0,0,0
9706499,0,0,0,0,0,0,0
9905273,0,0,0,0,0,0,0
207081,2,2,0,0,0,2,4
10064,0,0,0,0,0,0,0
302019,0,0,0,0,0,0,0
6337,0,0,0,0,0,0,0
111049,0,0,0,0,0,0,0
211189,0,0,0,0,0,0,0
9802333,0,0,0,0,0,0,0
9207,0,0,0,0,0,0,0
3117,0,0,0,0,0,0,0
12124,0,0,0,0,0,0,0
107253,0,0,0,0,0,0,0
9810335,0,0,0,0,0,0,0
9504339,0,0,0,0,0,0,0
9811317,0,0,0,0,0,0,0
9608228,0,0,0,0,0,0,0
9912389,0,0,0,0,0,0,0
207240,0,0,0,0,0,0,0
12316,0,0,0,0,0,0,0
9803417,0,0,0,0,0,0,0
9603280,0,0,0,0,0,0,0
9903525,0,0,0,0,0,0,0
212216,0,0,0,0,0,0,0
9809416,0,0,0,0,0,0,0
212237,0,0,0,0,0,0,0
9604408,0,0,0,0,0,0,0
9906407,0,0,0,0,0,0,0
9702440,2,2,0,0,0,2,4
9505312,0,0,0,0,0,0,0
9811466,0,0,0,0,0,0,0
101255,0,0,0,0,0,0,0
210086,0,0,0,0,0,0,0
1331,0,0,0,0,0,0,0
111148,0,0,0,0,0,0,0
9812329,0,0,0,0,0,0,0
9506362,0,0,0,0,0,0,0
302086,0,0,0,0,0,0,0
208028,0,0,0,0,0,0,0
206139,0,0,0,0,0,0,0
207187,0,0,0,0,0,0,0
12330,0,0,0,0,0,0,0
9710527,0,0,0,0,0,0,0
9512209,0,0,0,0,0,0,0
9804292,0,0,0,0,0,0,0
12251,0,0,0,0,0,0,0
301238,0,0,0,0,0,0,0
204320,0,0,0,0,0,0,0
302269,0,0,0,0,0,0,0
9906384,0,0,0,0,0,0,0
9711317,0,0,0,0,0,0,0
9304224,0,0,0,0,0,0,0
9708236,0,0,0,0,0,0,0
9301253,48,9,39,186,48,0,0
9304257,254,26,228,1960,176,78,78
12152,28,7,21,81,1,27,165
9810260,79,8,71,537,3,76,940
9310311,97,7,90,698,97,0,0
9410388,55,9,46,294,29,26,40
9408332,43,17,26,100,22,21,49
9908520,13,5,8,9,3,10,27
104027,18,3,15,29,0,18,99
9505393,11,7,4,4,2,9,16
9602234,49,8,41,216,28,21,26
9603205,40,3,37,198,13,27,47
9302272,30,16,14,27,30,0,0
8065,4,2,2,3,0,4,21
9503433,96,8,88,530,2,94,237
9704244,26,2,24,79,10,16,30
9811330,4,1,3,3,1,3,17
9903289,18,7,11,21,8,10,22
9308205,18,5,13,33,6,12,12
9803383,5,4,1,2,1,4,11
9702393,19,3,16,66,3,16,31
9506409,9,2,7,17,1,8,8
9903507,12,2,10,23,0,12,57
101165,25,9,16,33,4,21,90
9709356,123,43,80,235,11,112,775
9804403,207,5,202,2687,26,181,443
9311239,2,1,1,1,2,0,0
9502291,60,15,45,179,5,55,114
9401357,11,6,5,9,5,6,6
9601324,37,5,32,128,1,36,36
9310320,102,16,86,484,17,85,114
9409372,48,13,35,105,13,35,58
9607372,144,15,129,868,23,121,711
9807319,57,9,48,269,3,54,220
9906525,39,3,36,178,5,34,176
9910516,17,4,13,39,0,17,100
2064,76,7,69,279,17,59,174
9806294,40,4,36,242,3,37,117
9903435,40,7,33,138,0,40,242
9206228,7,4,3,4,7,0,0
9707505,12,5,7,12,0,12,66
9801368,71,12,59,311,37,34,92
9502263,21,4,17,46,0,21,47
9711416,5,1,4,6,4,1,1
9711294,7,3,4,6,1,6,20
9803440,59,6,53,191,5,54,225
9809315,35,5,30,138,0,35,266
9903203,13,3,10,31,0,13,145
9705391,18,2,16,42,2,16,65
9504244,9,3,6,15,3,6,10
9205234,50,9,41,228,50,0,0
9401208,20,4,16,32,10,10,11
9204234,21,9,12,26,21,0,0
9903302,12,3,9,23,0,12,78
9203220,29,11,18,52,29,0,0
9709395,49,9,40,114,6,43,214
9610431,15,4,11,26,0,15,56
9511444,10,3,7,14,0,10,34
9705229,8,3,5,6,0,8,28
7319,15,3,12,26,0,15,209
9806471,134,26,108,546,7,127,1349
9708209,8,2,6,22,2,6,10
9805235,6,2,4,7,1,5,20
9710335,89,5,84,500,11,78,590
9811335,16,1,15,45,0,16,212
9507378,347,20,327,3315,22,325,705
9612261,31,9,22,61,5,26,144
9706307,37,12,25,77,2,35,330
9912319,15,4,11,26,0,15,81
9608364,13,7,6,10,5,8,15
9701233,69,6,63,449,3,66,194
111392,5,3,2,2,0,5,37
9510313,18,2,16,56,3,15,29
9409215,69,8,61,228,57,12,12
9411422,21,5,16,52,1,20,38
9704287,54,8,46,210,10,44,110
9609530,27,6,21,41,3,24,67
9703330,30,13,17,33,12,18,60
9511205,46,13,33,120,46,0,0
9604284,23,3,20,55,0,23,42
9810336,43,4,39,136,0,43,165
9801222,30,7,23,59,4,26,114
9804398,545,6,539,6722,10,535,803
9606447,3,3,0,0,0,3,14
9308315,23,3,20,109,1,22,37
9504260,10,2,8,20,2,8,18
9711212,18,9,9,14,1,17,50
9701421,43,13,30,77,9,34,86
9305239,46,6,40,259,46,0,0
9409265,30,1,29,138,7,23,114
9707481,97,3,94,819,21,76,244
9512329,47,13,34,131,16,31,52
9604250,30,1,29,124,16,14,19
9403242,20,7,13,35,20,0,0
9503386,8,1,7,18,0,8,16
9309234,22,5,17,61,22,0,0
9802359,3,2,1,2,0,3,21
9811464,2,1,1,1,0,2,20
9312357,7,1,6,20,5,2,2
9605334,4,2,2,2,1,3,7
9209268,120,14,106,835,110,10,10
9712346,5,2,3,7,0,5,45
9902369,9,2,7,13,5,4,23
9308337,30,18,12,18,11,19,19
9507437,30,5,25,94,3,27,134
9410283,28,8,20,61,8,20,33
9801224,11,5,6,7,1,10,14
9710302,36,5,31,100,0,36,168
101168,2,1,1,1,0,2,8
9403320,27,5,22,81,27,0,0
9805271,5,2,3,7,0,5,11
9205235,13,5,8,15,13,0,0
9305241,42,4,38,149,42,0,0
9804255,51,7,44,207,1,50,414
9909229,29,12,17,27,4,25,75
9901385,2,1,1,1,0,2,9
9804425,33,3,30,74,1,32,158
9705347,71,9,62,358,1,70,254
9801444,26,4,22,62,5,21,38
9704258,34,3,31,155,7,27,42
9811340,6,3,3,6,0,6,13
9910253,8,3,5,10,1,7,46
9906483,1,1,0,0,1,0,0
9806404,93,35,58,145,77,16,17
108185,4,4,0,0,0,4,15
9810514,58,4,54,620,0,58,224
9306310,21,7,14,39,9,12,18
9910225,46,5,41,213,0,46,629
9905465,5,1,4,9,0,5,18
103269,3,1,2,2,0,3,25
204193,11,1,10,44,0,11,31
9810320,36,3,33,165,0,36,182
9209277,34,6,28,90,15,19,24
9504429,3,2,1,1,1,2,3
9611217,21,11,10,24,2,19,122
9312272,210,36,174,922,43,167,615
9903425,23,5,18,81,1,22,68
9205227,16,2,14,30,16,0,0
9705444,46,13,33,119,3,43,155
9405389,70,7,63,319,53,17,21
9710329,5,1,4,6,0,5,20
9707331,15,4,11,28,0,15,85
9501222,38,3,35,111,4,34,69
9503271,74,6,68,323,26,48,154
9601292,5,4,1,1,3,2,3
9305279,14,5,9,19,14,0,0
9808299,95,9,86,544,3,92,552
9906251,10,8,2,2,10,0,0
9311205,200,8,192,2264,200,0,0
9904369,7,4,3,4,6,1,1
9703317,37,4,33,111,5,32,115
9805448,14,5,9,18,3,11,42
10153,5,3,2,3,2,3,3
9412248,11,10,1,1,11,0,0
9403208,47,8,39,229,47,0,0
9305260,21,7,14,51,21,0,0
9604202,44,9,35,95,3,41,189
9707217,14,5,9,13,0,14,108
9704443,8,1,7,26,5,3,4
9511234,4,4,0,0,0,4,4
9507366,36,12,24,65,6,30,64
9912317,31,7,24,117,0,31,186
2186,29,7,22,40,0,29,139
7254,25,13,12,39,0,25,139
9610527,13,1,12,21,0,13,35
9904223,17,7,10,13,4,13,51
102145,107,3,104,1060,6,101,430
10244,12,3,9,19,2,10,45
9704403,54,11,43,167,0,54,389
9305309,69,12,57,218,69,0,0
9903238,25,2,23,82,5,20,57
106189,23,1,22,93,0,23,227
103054,27,1,26,127,1,26,242
102163,17,4,13,31,4,13,40
9904393,56,11,45,244,11,45,252
9612483,67,9,58,404,8,59,108
9904399,29,1,28,101,10,19,38
105080,8,2,6,9,0,8,46
9805242,12,6,6,11,3,9,22
9907352,12,3,9,27,0,12,19
2163,8,3,5,9,0,8,35
9506452,94,4,90,685,6,88,426
9503484,49,7,42,180,4,45,79
9508334,6,1,5,5,2,4,5
9907326,2,1,1,1,1,1,1
9412366,10,3,7,13,10,0,0
9902299,4,3,1,1,0,4,20
9303308,13,5,8,28,9,4,4
9902407,44,1,43,296,1,43,120
9908505,20,5,15,34,0,20,204
9508319,15,1,14,26,15,0,0
9710539,25,5,20,58,3,22,42
10212,44,2,42,347,0,44,545
202266,9,2,7,13,0,9,137
9806316,6,3,3,5,0,6,21
111164,13,1,12,25,0,13,97
11133,5,2,3,4,1,4,5
201228,19,2,17,70,0,19,259
103104,12,7,5,8,2,10,71
5286,20,2,18,80,0,20,135
9705264,37,3,34,149,0,37,93
9402332,15,4,11,32,9,6,6
111027,9,7,2,2,0,9,70
9908205,14,1,13,24,0,14,235
109121,3,1,2,2,0,3,11
9809250,23,6,17,42,1,22,108
9703320,21,5,16,49,2,19,120
9306226,29,11,18,47,12,17,31
6092,2,2,0,0,0,2,4
9403349,12,3,9,35,12,0,0
9209299,22,7,15,42,7,15,15
9912467,5,2,3,3,0,5,26
9910416,38,5,33,139,15,23,24
12118,3,3,0,0,0,3,11
2210,3,2,1,1,1,2,5
12222,15,5,10,20,0,15,54
9904321,8,3,5,8,1,7,58
9402299,16,6,10,18,2,14,104
9204219,12,7,5,8,12,0,0
9801262,73,9,64,333,0,73,379
9307248,15,4,11,20,12,3,3
9701208,12,8,4,5,0,12,141
9610364,13,5,8,20,0,13,103
9608294,11,2,9,16,0,11,40
9503337,6,3,3,6,5,1,2
9609487,29,4,25,71,1,28,49
9709470,5,2,3,5,2,3,3
9411285,36,5,31,139,36,0,0
9510207,16,3,13,27,4,12,20
102301,71,3,68,634,7,64,111
6223,9,6,3,4,1,8,67
9606324,28,8,20,59,2,26,464
9210218,33,7,26,103,33,0,0
107095,1,1,0,0,0,1,1
9503234,5,4,1,1,1,4,10
9305322,7,3,4,4,7,0,0
9403251,6,4,2,2,5,1,1
9703373,9,3,6,16,9,0,0
105008,15,3,12,24,0,15,181
9911461,7,3,4,10,1,6,23
9711324,7,5,2,2,0,7,12
9612356,0,0,0,0,0,0,0
9403319,5,5,0,0,1,4,4
7068,25,5,20,43,0,25,139
9708335,33,9,24,87,2,31,125
9702277,16,7,9,16,2,14,22
9707478,9,3,6,8,4,5,19
9706511,39,3,36,116,2,37,153
9401356,21,9,12,30,20,1,1
9512404,80,3,77,390,1,79,246
9404306,16,3,13,45,4,12,12
9501313,9,4,5,13,2,7,17
102074,13,5,8,23,1,12,28
9606220,4,3,1,1,0,4,8
9504263,7,6,1,1,0,7,34
9504357,8,2,6,16,2,6,7
9609345,8,1,7,15,0,8,36
9606246,11,6,5,10,4,7,14
9707348,4,2,2,2,1,3,19
9509259,4,2,2,2,2,2,3
9309219,38,8,30,100,38,0,0
9704319,14,3,11,19,1,13,26
9403213,2,2,0,0,2,0,0
9307268,18,5,13,33,2,16,29
9412270,3,2,1,1,1,2,3
9706298,20,4,16,40,1,19,252
9705266,3,3,0,0,0,3,7
9404311,14,6,8,15,9,5,5
4100,7,5,2,2,1,6,65
9706368,3,1,2,3,3,0,0
9909390,20,3,17,76,2,18,115
9310349,5,4,1,1,3,2,3
9408210,9,2,7,12,9,0,0
9903272,4,2,2,3,2,2,5
9901206,26,3,23,68,26,0,0
9807454,16,6,10,14,0,16,128
9901337,8,5,3,5,1,7,32
9606422,12,8,4,9,4,8,22
9909459,5,4,1,1,3,2,2
1249,23,4,19,94,1,22,109
9407368,5,4,1,2,0,5,24
9605229,26,3,23,102,0,26,172
9804313,1,1,0,0,0,1,7
5196,7,5,2,2,0,7,27
9911264,9,3,6,14,1,8,61
9901304,28,1,27,121,1,27,98
9502209,1,1,0,0,1,0,0
106195,14,3,11,38,0,14,107
9507220,8,1,7,20,2,6,14
9306262,2,2,0,0,2,0,0
6232,13,5,8,22,1,12,34
9811481,45,3,42,212,2,43,214
9705429,41,6,35,217,18,23,46
2253,9,2,7,15,1,8,45
9511284,12,3,9,19,0,12,25
9908516,24,1,23,108,1,23,161
9907206,9,4,5,9,0,9,48
106034,10,6,4,5,0,10,67
9804231,8,6,2,2,0,8,23
11105,4,1,3,4,0,4,4
9211314,12,5,7,13,12,0,0
101105,6,4,2,2,0,6,38
9208242,36,5,31,176,36,0,0
9508349,11,7,4,7,5,6,13
107001,24,1,23,119,0,24,79
205064,4,3,1,1,0,4,25
9511207,9,8,1,1,2,7,30
9907469,17,3,14,33,2,15,77
11096,10,5,5,7,0,10,29
9406217,4,3,1,1,4,0,0
8129,21,5,16,38,1,20,37
9807417,14,3,11,39,2,12,29
9707456,2,2,0,0,0,2,6
9504368,3,2,1,1,1,2,6
9901306,17,4,13,59,2,15,165
9806209,6,2,4,8,0,6,19
9310324,22,5,17,52,22,0,0
9401305,7,2,5,14,1,6,7
9510402,15,7,8,17,8,7,31
8160,2,2,0,0,0,2,4
9605297,25,1,24,97,5,20,28
9701277,9,3,6,14,1,8,82
9802369,3,2,1,1,0,3,6
207191,1,1,0,0,0,1,2
9703455,10,2,8,28,0,10,29
9605239,13,6,7,10,12,1,1
9912488,19,3,16,76,1,18,91
9308369,13,9,4,5,2,11,20
9607347,6,1,5,9,3,3,3
204145,5,2,3,3,0,5,41
9703430,1,1,0,0,1,0,0
105029,20,11,9,17,4,16,96
9211221,10,9,1,1,10,0,0
9402203,18,6,12,16,18,0,0
5064,16,6,10,26,2,14,98
106049,2,2,0,0,0,2,12
9608313,10,9,1,1,2,8,25
10308,10,5,5,10,1,9,35
9211269,1,1,0,0,1,0,0
9705451,19,10,9,16,11,8,17
9807324,17,12,5,7,8,9,24
9907431,11,4,7,16,0,11,53
111068,25,5,20,65,0,25,161
9709305,8,4,4,5,0,8,13
9507244,3,2,1,1,0,3,21
9412370,3,3,0,0,1,2,2
9908334,15,2,13,31,0,15,57
9502275,8,1,7,10,8,0,0
9509274,11,3,8,26,8,3,8
9509270,3,3,0,0,0,3,13
9606216,5,2,3,5,2,3,13
9405377,5,1,4,5,5,0,0
9310304,3,2,1,1,3,0,0
205032,8,3,5,7,0,8,58
9906411,10,1,9,29,7,3,3
5112,2,2,0,0,0,2,17
9307356,11,3,8,21,11,0,0
9812384,10,4,6,7,3,7,14
9603397,24,7,17,38,12,12,27
9611359,34,4,30,99,28,6,6
9601372,3,1,2,2,0,3,16
110146,4,3,1,1,3,1,1
7243,18,5,13,40,0,18,188
205234,3,2,1,1,0,3,36
203138,7,3,4,7,0,7,31
9912268,10,8,2,2,0,10,45
107233,8,6,2,4,0,8,59
7009,10,6,4,7,6,4,12
103213,2,1,1,1,0,2,10
112287,10,5,5,8,0,10,96
9702253,5,2,3,4,5,0,0
8334,23,10,13,23,13,10,29
9606214,7,4,3,4,1,6,16
9906476,6,4,2,2,0,6,42
9310302,3,1,2,2,3,0,0
9504252,5,3,2,2,1,4,6
9905330,5,5,0,0,0,5,72
9710377,1,1,0,0,0,1,1
9907281,15,4,11,24,0,15,130
9808455,12,4,8,11,3,9,28
9908261,6,5,1,2,0,6,20
9710425,0,0,0,0,0,0,0
9411245,4,2,2,2,4,0,0
9404214,4,2,2,2,0,4,5
9811289,2,2,0,0,0,2,5
9410318,8,4,4,9,7,1,1
2046,1,1,0,0,1,0,0
9712491,1,1,0,0,1,0,0
107162,4,3,1,1,0,4,23
9601326,13,2,11,16,2,11,20
9512299,4,4,0,0,2,2,2
9908216,2,1,1,1,1,1,3
212043,0,0,0,0,0,0,0
9709291,16,5,11,30,0,16,145
6134,4,2,2,3,0,4,9
205226,1,1,0,0,1,0,0
9910278,22,1,21,140,1,21,60
9705383,4,4,0,0,1,3,3
9804282,33,3,30,158,17,16,53
9504352,8,5,3,4,8,0,0
9908483,16,9,7,10,3,13,39
9905509,13,6,7,8,0,13,45
101180,12,8,4,4,5,7,32
211123,0,0,0,0,0,0,0
203088,0,0,0,0,0,0,0
9412307,1,1,0,0,0,1,6
9601268,3,2,1,1,2,1,1
9501360,5,3,2,3,3,2,5
9905219,5,2,3,6,0,5,61
9810325,3,2,1,1,1,2,6
9809510,15,3,12,29,0,15,63
9806390,16,1,15,37,0,16,35
3242,9,5,4,7,0,9,47
9906223,12,5,7,17,0,12,23
9611308,3,1,2,2,0,3,11
110405,7,2,5,9,2,5,13
9402206,11,3,8,17,3,8,22
9301249,2,1,1,1,2,0,0
9610384,8,2,6,10,4,4,8
9902226,5,3,2,4,1,4,35
9711466,0,0,0,0,0,0,0
9605279,3,1,2,2,3,0,0
9611322,8,3,5,16,0,8,9
9612384,5,2,3,4,1,4,11
9807289,1,1,0,0,0,1,2
9402250,8,3,5,8,6,2,2
9312203,6,4,2,2,6,0,0
9910425,8,2,6,15,0,8,17
9908417,9,2,7,9,0,9,60
9408243,8,4,4,8,7,1,1
9711353,3,1,2,2,1,2,3
108077,9,3,6,8,0,9,64
9912341,4,3,1,1,0,4,12
9905380,1,1,0,0,0,1,3
9604277,4,1,3,4,0,4,11
9711455,7,2,5,7,0,7,22
9812302,1,1,0,0,0,1,13
9803266,47,6,41,128,5,42,207
211069,7,4,3,6,0,7,51
9209253,3,1,2,3,3,0,0
108034,4,2,2,3,0,4,18
9402236,4,3,1,1,4,0,0
202177,4,2,2,2,0,4,45
9811443,2,2,0,0,0,2,15
9808290,7,3,4,5,0,7,49
205099,2,1,1,1,0,2,27
9702358,12,6,6,12,2,10,30
9709250,17,8,9,18,7,10,16
9412217,8,4,4,5,7,1,1
106337,2,1,1,1,0,2,7
9403365,5,3,2,4,5,0,0
9908455,10,5,5,8,1,9,30
107189,5,3,2,4,0,5,38
107212,10,4,6,14,0,10,47
3045,7,5,2,3,0,7,53
9305237,3,3,0,0,3,0,0
9709323,2,2,0,0,1,1,2
9812442,4,2,2,2,4,0,0
9805299,1,1,0,0,0,1,5
9901416,11,4,7,14,5,6,13
104103,12,1,11,27,0,12,59
104228,9,1,8,14,0,9,112
207351,1,1,0,0,0,1,3
9610315,8,3,5,13,1,7,18
9605309,2,1,1,1,0,2,4
9810376,6,1,5,10,0,6,12
9704241,3,1,2,2,0,3,14
9810551,2,2,0,0,0,2,20
9604235,5,1,4,4,0,5,13
9407231,2,2,0,0,1,1,5
9804239,13,9,4,4,0,13,49
9502372,11,7,4,5,11,0,0
9608382,7,3,4,4,0,7,21
108092,27,9,18,55,1,26,303
101017,2,2,0,0,1,1,5
9610369,7,7,0,0,0,7,23
9706419,7,3,4,6,6,1,2
9044,2,1,1,1,2,0,0
9710317,18,8,10,18,0,18,64
205295,7,4,3,10,0,7,89
3289,6,3,3,3,2,4,8
9505423,2,2,0,0,0,2,2
7223,27,12,15,40,3,24,106
9512251,5,1,4,5,5,0,0
9612222,4,3,1,1,0,4,4
209333,1,1,0,0,0,1,2
207260,4,3,1,1,0,4,11
208097,2,2,0,0,0,2,3
201129,0,0,0,0,0,0,0
12232,17,4,13,28,0,17,43
9805229,11,4,7,12,0,11,65
9408394,3,1,2,2,0,3,5
9612239,14,1,13,59,14,0,0
202010,17,7,10,15,2,15,69
209080,2,1,1,1,0,2,10
6288,5,4,1,1,2,3,7
7129,11,3,8,12,0,11,66
112190,1,1,0,0,0,1,6
109072,8,2,6,8,0,8,59
9303258,7,3,4,10,0,7,7
9604334,2,2,0,0,0,2,8
9904277,21,10,11,16,1,20,45
9506440,2,1,1,1,0,2,3
9806202,5,3,2,2,5,0,0
205113,2,1,1,1,0,2,5
102081,18,4,14,32,1,17,182
9406294,4,2,2,3,0,4,4
9610373,8,3,5,13,1,7,22
9409357,8,4,4,5,8,0,0
7023,3,1,2,2,0,3,8
9706543,6,3,3,5,1,5,10
211040,4,3,1,2,0,4,22
9907241,12,5,7,12,0,12,56
11229,12,4,8,15,1,11,72
110045,6,3,3,4,0,6,40
9406356,2,1,1,1,2,0,0
208012,10,5,5,9,0,10,131
7278,4,1,3,3,2,2,3
9710272,4,1,3,3,0,4,12
105168,2,2,0,0,0,2,7
9606278,3,2,1,1,3,0,0
102320,4,4,0,0,0,4,5
9503407,1,1,0,0,1,0,0
9910411,14,2,12,24,0,14,57
110075,18,2,16,41,0,18,90
205229,0,0,0,0,0,0,0
9407297,0,0,0,0,0,0,0
211366,5,3,2,5,0,5,68
9502292,4,3,1,1,4,0,0
9211284,16,6,10,24,16,0,0
111188,4,1,3,3,0,4,63
9905530,3,3,0,0,0,3,10
11275,8,4,4,9,0,8,59
9511318,7,4,3,6,0,7,7
110040,3,2,1,2,0,3,16
9602273,6,3,3,3,0,6,24
9411329,3,2,1,1,0,3,9
205265,1,1,0,0,0,1,17
9804349,2,2,0,0,0,2,11
9804466,1,1,0,0,0,1,3
9604205,2,1,1,1,2,0,0
9902206,4,1,3,3,0,4,7
208142,6,3,3,4,1,5,105
8108,0,0,0,0,0,0,0
9909423,13,3,10,26,1,12,68
103036,3,3,0,0,0,3,21
9706466,1,1,0,0,1,0,0
9901426,5,4,1,1,2,3,17
9705308,5,2,3,4,0,5,9
9612203,7,1,6,16,7,0,0
9401263,1,1,0,0,1,0,0
5029,8,2,6,15,8,0,0
9510285,2,2,0,0,0,2,4
111138,7,1,6,14,0,7,25
109016,1,1,0,0,0,1,2
9310256,7,5,2,5,7,0,0
9810424,19,6,13,44,0,19,60
9706378,11,3,8,26,0,11,30
109275,3,2,1,1,0,3,7
9601239,0,0,0,0,0,0,0
9706319,1,1,0,0,0,1,2
7015,4,1,3,4,0,4,27
9507467,5,4,1,1,2,3,3
9711399,3,3,0,0,0,3,16
9609438,1,1,0,0,0,1,3
209270,2,1,1,1,0,2,11
9701415,14,8,6,8,1,13,33
101239,3,3,0,0,3,0,0
9607287,3,2,1,1,0,3,6
110362,2,2,0,0,0,2,31
209265,2,1,1,1,0,2,11
9511416,0,0,0,0,0,0,0
9708259,6,5,1,1,3,3,5
9711282,1,1,0,0,0,1,15
109068,5,5,0,0,1,4,10
9903443,3,1,2,3,0,3,17
9706272,4,1,3,5,0,4,23
104115,10,7,3,3,1,9,62
9907567,13,2,11,24,1,12,33
9610228,7,4,3,8,5,2,2
201043,3,2,1,1,0,3,10
204240,2,2,0,0,0,2,18
8271,0,0,0,0,0,0,0
103076,6,2,4,5,1,5,29
103167,10,7,3,5,1,9,58
6253,3,3,0,0,0,3,25
9804280,1,1,0,0,0,1,8
9802226,6,4,2,4,0,6,18
8008,2,2,0,0,0,2,2
12188,0,0,0,0,0,0,0
9306284,3,3,0,0,0,3,3
209189,1,1,0,0,0,1,4
9901439,8,2,6,10,0,8,19
106218,1,1,0,0,0,1,4
9912376,8,1,7,14,0,8,33
110183,2,2,0,0,0,2,13
202138,3,1,2,2,0,3,19
9709293,6,1,5,7,1,5,17
9808249,1,1,0,0,0,1,4
9309247,0,0,0,0,0,0,0
9903234,14,4,10,18,2,12,22
9905455,1,1,0,0,0,1,1
9910330,1,1,0,0,0,1,2
9712327,3,3,0,0,0,3,6
9806284,2,1,1,1,0,2,5
9712232,6,4,2,2,0,6,12
205094,2,2,0,0,0,2,3
203181,6,1,5,10,1,5,15
9804449,4,3,1,1,0,4,10
201086,5,4,1,1,5,0,0
9407304,2,2,0,0,1,1,2
11076,6,1,5,7,0,6,9
9510306,0,0,0,0,0,0,0
109053,4,3,1,1,0,4,12
9905279,1,1,0,0,0,1,7
9803217,0,0,0,0,0,0,0
9505432,4,3,1,1,1,3,3
9102,26,4,22,55,2,24,112
203172,3,1,2,3,0,3,31
9410329,3,3,0,0,0,3,6
101128,5,4,1,1,0,5,26
9601257,1,1,0,0,0,1,7
9606451,3,1,2,2,0,3,6
9506240,1,1,0,0,1,0,0
9709279,0,0,0,0,0,0,0
9712534,7,2,5,14,0,7,23
9802403,3,2,1,1,0,3,13
9912245,7,4,3,3,7,0,0
2100,3,2,1,2,1,2,3
107171,5,4,1,1,1,4,18
9903209,7,3,4,6,2,5,9
206207,9,4,5,7,0,9,51
9710405,1,1,0,0,1,0,0
9904476,0,0,0,0,0,0,0
9807573,2,1,1,1,0,2,6
9703395,3,3,0,0,0,3,7
9607457,3,2,1,1,0,3,6
9607351,5,4,1,1,2,3,7
1106,5,4,1,1,0,5,17
9412351,1,1,0,0,1,0,0
203166,12,2,10,18,0,12,158
9611223,10,3,7,20,4,6,14
10250,1,1,0,0,0,1,6
210019,1,1,0,0,0,1,5
9812254,4,1,3,4,1,3,8
9801421,2,2,0,0,0,2,4
9210224,2,2,0,0,2,0,0
9711260,4,2,2,3,0,4,19
9709311,2,1,1,1,1,1,1
101080,0,0,0,0,0,0,0
2062,5,3,2,6,1,4,14
102005,0,0,0,0,0,0,0
103010,4,3,1,1,4,0,0
8166,1,1,0,0,0,1,6
205276,2,2,0,0,0,2,15
9407312,1,1,0,0,0,1,2
9904484,4,2,2,2,4,0,0
9609206,1,1,0,0,0,1,5
9410278,1,1,0,0,1,0,0
9911361,7,2,5,12,0,7,22
208057,1,1,0,0,0,1,1
9612487,2,1,1,1,0,2,6
211455,0,0,0,0,0,0,0
7063,1,1,0,0,0,1,6
103172,5,3,2,2,1,4,11
9908318,5,1,4,6,5,0,0
9705448,7,3,4,5,0,7,18
9014,3,1,2,2,0,3,32
207153,4,3,1,1,0,4,55
4122,3,3,0,0,0,3,8
205233,3,1,2,2,0,3,20
204161,0,0,0,0,0,0,0
9808309,7,1,6,13,1,6,10
208205,2,2,0,0,0,2,9
9906526,3,1,2,2,2,1,1
4033,4,4,0,0,0,4,35
9904494,6,3,3,3,1,5,6
212103,0,0,0,0,0,0,0
9805457,3,2,1,1,0,3,16
9907430,3,3,0,0,0,3,8
9804304,18,1,17,77,1,17,140
9910534,0,0,0,0,0,0,0
9706464,3,2,1,2,0,3,10
205037,8,3,5,10,0,8,160
2228,6,2,4,6,5,1,3
111013,5,3,2,3,2,3,6
9906360,0,0,0,0,0,0,0
204186,0,0,0,0,0,0,0
9802221,3,3,0,0,0,3,16
9026,1,1,0,0,0,1,1
110296,6,4,2,2,1,5,14
9808263,7,1,6,11,0,7,40
112130,0,0,0,0,0,0,0
2145,1,1,0,0,1,0,0
9809331,3,1,2,2,1,2,4
212283,2,1,1,1,0,2,12
9311310,1,1,0,0,1,0,0
9307361,1,1,0,0,0,1,1
301187,2,1,1,1,0,2,28
7250,4,1,3,4,0,4,12
9801316,3,3,0,0,1,2,2
9903374,2,1,1,1,0,2,7
9710442,4,1,3,5,1,3,7
2093,1,1,0,0,0,1,1
112022,4,3,1,2,0,4,49
9906429,4,3,1,1,0,4,22
212240,1,1,0,0,0,1,10
202231,7,2,5,10,0,7,36
9811207,1,1,0,0,1,0,0
109206,2,1,1,1,0,2,8
6358,2,2,0,0,0,2,6
9709263,0,0,0,0,0,0,0
9905499,7,2,5,9,0,7,14
10072,2,1,1,1,0,2,11
104061,1,1,0,0,1,0,0
9807323,4,3,1,1,0,4,13
9712261,4,4,0,0,1,3,3
302009,0,0,0,0,0,0,0
102100,0,0,0,0,0,0,0
9906220,1,1,0,0,0,1,2
208058,4,1,3,5,0,4,18
302049,1,1,0,0,0,1,10
9501259,5,3,2,3,3,2,2
9706527,1,1,0,0,1,0,0
9502344,0,0,0,0,0,0,0
9902316,1,1,0,0,0,1,17
9321,2,2,0,0,1,1,11
9708316,0,0,0,0,0,0,0
102177,1,1,0,0,0,1,4
209105,1,1,0,0,0,1,7
9910369,1,1,0,0,0,1,1
9503231,4,3,1,1,4,0,0
9506224,1,1,0,0,1,0,0
9701298,1,1,0,0,0,1,11
212298,2,2,0,0,0,2,12
1232,1,1,0,0,0,1,2
9602243,3,2,1,1,1,2,4
9211225,1,1,0,0,1,0,0
106053,2,2,0,0,0,2,28
9701215,9,1,8,15,5,4,10
11068,1,1,0,0,0,1,1
204257,1,1,0,0,0,1,1
201229,5,2,3,6,0,5,24
12153,2,1,1,1,0,2,13
12290,2,2,0,0,0,2,2
9412358,1,1,0,0,0,1,4
9512308,3,2,1,1,0,3,3
202063,6,3,3,5,0,6,25
209286,0,0,0,0,0,0,0
9703333,0,0,0,0,0,0,0
9609322,1,1,0,0,0,1,3
205192,0,0,0,0,0,0,0
9902367,0,0,0,0,0,0,0
111046,4,1,3,5,0,4,7
9409276,0,0,0,0,0,0,0
9710519,0,0,0,0,0,0,0
9708424,1,1,0,0,1,0,0
11377,5,2,3,5,2,3,3
210063,0,0,0,0,0,0,0
9509405,6,3,3,4,6,0,0
206062,1,1,0,0,0,1,2
211261,0,0,0,0,0,0,0
208181,0,0,0,0,0,0,0
9608218,1,1,0,0,0,1,7
9706403,3,3,0,0,3,0,0
111146,3,2,1,1,0,3,9
210373,0,0,0,0,0,0,0
9702338,3,3,0,0,3,0,0
9812247,1,1,0,0,0,1,6
6028,3,2,1,1,0,3,18
211059,2,2,0,0,0,2,16
103091,1,1,0,0,0,1,10
209091,3,3,0,0,0,3,34
9403211,0,0,0,0,0,0,0
110236,0,0,0,0,0,0,0
109134,0,0,0,0,0,0,0
204339,3,3,0,0,0,3,13
108025,0,0,0,0,0,0,0
10061,0,0,0,0,0,0,0
11194,0,0,0,0,0,0,0
212184,0,0,0,0,0,0,0
9410362,1,1,0,0,1,0,0
211197,2,2,0,0,0,2,29
9310278,0,0,0,0,0,0,0
111458,0,0,0,0,0,0,0
209041,0,0,0,0,0,0,0
9803252,3,1,2,3,3,0,0
9409322,0,0,0,0,0,0,0
101055,3,3,0,0,0,3,7
9211230,2,2,0,0,2,0,0
9902259,5,3,2,4,1,4,7
9907424,1,1,0,0,0,1,2
2029,1,1,0,0,0,1,1
9812299,1,1,0,0,1,0,0
111351,3,3,0,0,0,3,3
9707391,1,1,0,0,1,0,0
9512286,0,0,0,0,0,0,0
9905538,0,0,0,0,0,0,0
211393,3,3,0,0,0,3,6
302031,0,0,0,0,0,0,0
9604424,4,3,1,1,3,1,1
302240,0,0,0,0,0,0,0
210104,3,2,1,1,0,3,23
107247,1,1,0,0,0,1,5
206141,0,0,0,0,0,0,0
9607211,3,1,2,2,3,0,0
111122,0,0,0,0,0,0,0
9511293,2,1,1,1,2,0,0
9912246,1,1,0,0,0,1,3
1079,2,2,0,0,1,1,8
112214,2,1,1,1,0,2,10
9805237,1,1,0,0,0,1,5
9910276,4,2,2,3,1,3,6
9809246,0,0,0,0,0,0,0
205179,0,0,0,0,0,0,0
9611360,1,1,0,0,0,1,1
5305,0,0,0,0,0,0,0
9912339,0,0,0,0,0,0,0
9507273,1,1,0,0,0,1,2
6228,1,1,0,0,1,0,0
111363,0,0,0,0,0,0,0
9710459,0,0,0,0,0,0,0
9806285,1,1,0,0,0,1,3
208208,1,1,0,0,0,1,3
9908453,0,0,0,0,0,0,0
6176,1,1,0,0,1,0,0
301113,0,0,0,0,0,0,0
9912299,1,1,0,0,1,0,0
208118,1,1,0,0,0,1,2
101193,1,1,0,0,0,1,2
107322,0,0,0,0,0,0,0
9906535,1,1,0,0,0,1,1
204032,1,1,0,0,1,0,0
9211205,1,1,0,0,1,0,0
9910503,0,0,0,0,0,0,0
7116,0,0,0,0,0,0,0
7123,5,2,3,5,1,4,6
9505351,1,1,0,0,1,0,0
9209265,1,1,0,0,1,0,0
9501306,0,0,0,0,0,0,0
105115,2,1,1,1,0,2,9
201199,2,2,0,0,1,1,6
102160,1,1,0,0,0,1,2
112292,1,1,0,0,0,1,3
6273,5,1,4,10,0,5,21
9049,1,1,0,0,0,1,1
206016,0,0,0,0,0,0,0
9509227,4,2,2,2,4,0,0
9804452,3,3,0,0,3,0,0
110057,1,1,0,0,0,1,3
206219,0,0,0,0,0,0,0
12174,0,0,0,0,0,0,0
9707486,1,1,0,0,0,1,3
9701207,2,2,0,0,0,2,4
9909270,1,1,0,0,0,1,5
9805313,0,0,0,0,0,0,0
9812241,0,0,0,0,0,0,0
105307,0,0,0,0,0,0,0
209089,1,1,0,0,0,1,7
10184,1,1,0,0,0,1,1
8299,0,0,0,0,0,0,0
110297,1,1,0,0,0,1,2
9302301,4,3,1,1,4,0,0
212131,1,1,0,0,0,1,5
210418,0,0,0,0,0,0,0
4015,1,1,0,0,1,0,0
105249,0,0,0,0,0,0,0
9909426,2,1,1,1,0,2,2
9512283,0,0,0,0,0,0,0
107303,0,0,0,0,0,0,0
9512240,0,0,0,0,0,0,0
9902450,0,0,0,0,0,0,0
302057,0,0,0,0,0,0,0
9911201,0,0,0,0,0,0,0
105228,1,1,0,0,0,1,6
9411391,0,0,0,0,0,0,0
207311,0,0,0,0,0,0,0
9510337,0,0,0,0,0,0,0
207189,1,1,0,0,0,1,2
9308307,1,1,0,0,1,0,0
9803373,1,1,0,0,1,0,0
209138,0,0,0,0,0,0,0
207195,1,1,0,0,0,1,7
9411327,0,0,0,0,0,0,0
9901250,2,1,1,1,0,2,2
9805395,3,1,2,2,0,3,11
9709313,0,0,0,0,0,0,0
9207259,2,2,0,0,2,0,0
2200,3,3,0,0,0,3,4
9807343,1,1,0,0,1,0,0
9606285,0,0,0,0,0,0,0
105059,1,1,0,0,0,1,6
204041,1,1,0,0,0,1,4
112175,0,0,0,0,0,0,0
7225,0,0,0,0,0,0,0
104132,1,1,0,0,1,0,0
9505256,0,0,0,0,0,0,0
207142,2,1,1,1,0,2,19
108101,1,1,0,0,0,1,4
102267,1,1,0,0,0,1,2
108038,0,0,0,0,0,0,0
102123,0,0,0,0,0,0,0
9611290,1,1,0,0,0,1,4
9904239,0,0,0,0,0,0,0
112131,2,1,1,1,0,2,11
211376,0,0,0,0,0,0,0
11199,0,0,0,0,0,0,0
9705285,0,0,0,0,0,0,0
9707414,0,0,0,0,0,0,0
104078,0,0,0,0,0,0,0
212042,0,0,0,0,0,0,0
5290,0,0,0,0,0,0,0
9510388,0,0,0,0,0,0,0
201185,0,0,0,0,0,0,0
210358,0,0,0,0,0,0,0
9802343,1,1,0,0,0,1,3
108206,0,0,0,0,0,0,0
212225,2,1,1,1,0,2,9
9209293,1,1,0,0,1,0,0
9811319,0,0,0,0,0,0,0
205021,0,0,0,0,0,0,0
111300,0,0,0,0,0,0,0
9503257,0,0,0,0,0,0,0
208131,0,0,0,0,0,0,0
301065,0,0,0,0,0,0,0
9802318,0,0,0,0,0,0,0
9812420,1,1,0,0,1,0,0
9605416,1,1,0,0,1,0,0
9501321,0,0,0,0,0,0,0
9904430,4,1,3,5,0,4,8
9905325,2,1,1,1,2,0,0
9508256,0,0,0,0,0,0,0
9602219,0,0,0,0,0,0,0
209215,0,0,0,0,0,0,0
9909493,0,0,0,0,0,0,0
111102,0,0,0,0,0,0,0
9909520,1,1,0,0,0,1,4
9908484,0,0,0,0,0,0,0
101238,0,0,0,0,0,0,0
207021,0,0,0,0,0,0,0
9910564,0,0,0,0,0,0,0
9810326,0,0,0,0,0,0,0
9412207,0,0,0,0,0,0,0
102054,0,0,0,0,0,0,0
106249,1,1,0,0,0,1,1
205336,1,1,0,0,0,1,5
211086,0,0,0,0,0,0,0
9412230,1,1,0,0,1,0,0
9510445,0,0,0,0,0,0,0
210121,0,0,0,0,0,0,0
206031,0,0,0,0,0,0,0
9076,0,0,0,0,0,0,0
9406297,0,0,0,0,0,0,0
6002,0,0,0,0,0,0,0
204116,0,0,0,0,0,0,0
106146,2,2,0,0,0,2,13
9907541,0,0,0,0,0,0,0
9809570,1,1,0,0,1,0,0
9803353,0,0,0,0,0,0,0
9805236,0,0,0,0,0,0,0
208232,0,0,0,0,0,0,0
9411364,1,1,0,0,0,1,4
9812226,2,2,0,0,0,2,3
9912544,1,1,0,0,1,0,0
204189,1,1,0,0,0,1,4
7263,0,0,0,0,0,0,0
12312,0,0,0,0,0,0,0
2256,0,0,0,0,0,0,0
209140,1,1,0,0,0,1,5
9406221,0,0,0,0,0,0,0
9705461,0,0,0,0,0,0,0
9507345,0,0,0,0,0,0,0
9709375,0,0,0,0,0,0,0
9401355,0,0,0,0,0,0,0
10185,0,0,0,0,0,0,0
9611306,0,0,0,0,0,0,0
106016,0,0,0,0,0,0,0
9505363,0,0,0,0,0,0,0
9706301,1,1,0,0,0,1,1
209064,0,0,0,0,0,0,0
301203,0,0,0,0,0,0,0
9808208,1,1,0,0,0,1,3
9610353,1,1,0,0,0,1,8
209283,1,1,0,0,0,1,2
9511312,0,0,0,0,0,0,0
211362,0,0,0,0,0,0,0
110048,0,0,0,0,0,0,0
208220,1,1,0,0,0,1,4
211188,0,0,0,0,0,0,0
211401,0,0,0,0,0,0,0
9912332,0,0,0,0,0,0,0
302023,0,0,0,0,0,0,0
9907508,0,0,0,0,0,0,0
9711381,0,0,0,0,0,0,0
210401,0,0,0,0,0,0,0
9505375,0,0,0,0,0,0,0
9907405,0,0,0,0,0,0,0
8297,0,0,0,0,0,0,0
207267,0,0,0,0,0,0,0
204333,0,0,0,0,0,0,0
9807521,0,0,0,0,0,0,0
207250,0,0,0,0,0,0,0
11010,1,1,0,0,1,0,0
9811487,1,1,0,0,1,0,0
209198,0,0,0,0,0,0,0
202187,0,0,0,0,0,0,0
9609505,0,0,0,0,0,0,0
301136,0,0,0,0,0,0,0
1099,0,0,0,0,0,0,0
105339,0,0,0,0,0,0,0
7308,0,0,0,0,0,0,0
210234,0,0,0,0,0,0,0
5247,0,0,0,0,0,0,0
9906479,0,0,0,0,0,0,0
9606479,0,0,0,0,0,0,0
302050,0,0,0,0,0,0,0
9812343,0,0,0,0,0,0,0
9809536,0,0,0,0,0,0,0
2037,0,0,0,0,0,0,0
104171,0,0,0,0,0,0,0
9406358,0,0,0,0,0,0,0
212385,0,0,0,0,0,0,0
211319,0,0,0,0,0,0,0
9708479,1,1,0,0,0,1,4
211299,1,1,0,0,0,1,2
212372,0,0,0,0,0,0,0
9611335,0,0,0,0,0,0,0
9904359,0,0,0,0,0,0,0
301155,0,0,0,0,0,0,0
9705353,0,0,0,0,0,0,0
9804457,0,0,0,0,0,0,0
301236,0,0,0,0,0,0,0
9909525,0,0,0,0,0,0,0
208064,1,1,0,0,0,1,1
211295,0,0,0,0,0,0,0
301083,0,0,0,0,0,0,0
111242,0,0,0,0,0,0,0
5187,1,1,0,0,1,0,0
212217,0,0,0,0,0,0,0
205079,0,0,0,0,0,0,0
109273,0,0,0,0,0,0,0
211205,0,0,0,0,0,0,0
103268,0,0,0,0,0,0,0
212285,0,0,0,0,0,0,0
9611439,0,0,0,0,0,0,0
207371,0,0,0,0,0,0,0
211291,1,1,0,0,1,0,0
211055,0,0,0,0,0,0,0
9306303,0,0,0,0,0,0,0
9411374,0,0,0,0,0,0,0
9506209,1,1,0,0,1,0,0
9211239,16,6,10,22,16,0,0
9406263,21,7,14,40,8,13,39
12208,15,4,11,24,0,15,143
9810438,3,2,1,2,2,1,2
9310332,52,10,42,126,52,0,0
9411335,7,1,6,9,0,7,7
9409399,2,1,1,1,1,1,1
9909478,31,6,25,59,1,30,288
105306,10,7,3,5,0,10,46
103230,10,5,5,9,8,2,3
9602414,63,9,54,269,10,53,133
9609331,197,23,174,1301,16,181,704
9401258,71,20,51,161,71,0,0
104105,2,1,1,1,0,2,4
9504434,26,8,18,39,10,16,30
9704259,11,3,8,18,3,8,14
9811482,11,4,7,13,3,8,25
9905436,18,5,13,33,3,15,26
9311320,16,7,9,15,9,7,15
9805254,50,7,43,176,1,49,192
9712400,32,5,27,106,20,12,22
9507294,87,15,72,340,46,41,64
9905413,16,4,12,33,16,0,0
101342,14,5,9,19,3,11,23
9803297,83,1,82,753,65,18,28
9906242,2,2,0,0,0,2,5
9311291,2,1,1,1,2,0,0
9502298,154,26,128,824,134,20,27
9503434,7,2,5,7,1,6,13
9504393,2,1,1,1,2,0,0
9311214,136,30,106,426,102,34,42
9409464,28,10,18,55,7,21,40
9607437,75,6,69,606,31,44,57
9807325,132,6,126,1239,9,123,356
9907234,69,12,57,311,5,64,631
9305204,73,14,59,196,69,4,4
9809205,10,4,6,8,2,8,17
9807234,21,5,16,36,2,19,62
9903460,32,3,29,109,2,30,226
9608311,24,5,19,47,2,22,38
9710371,36,12,24,74,12,24,56
9802201,46,8,38,146,21,25,69
9502400,27,6,21,42,27,0,0
9805311,14,2,12,25,5,9,13
9609343,28,2,26,112,3,25,41
9805249,4,2,2,3,1,3,3
9809458,17,4,13,31,1,16,55
9903464,27,7,20,44,3,24,90
9801409,7,2,5,8,0,7,12
9509285,24,8,16,29,5,19,27
9208243,31,20,11,31,31,0,0
9704366,5,1,4,4,1,4,22
9307275,2,2,0,0,1,1,1
9903399,37,4,33,98,2,35,64
9604242,15,6,9,13,4,11,16
9209251,85,7,78,628,85,0,0
9604251,6,2,4,7,0,6,35
9511473,13,6,7,16,1,12,56
9705287,39,5,34,147,2,37,393
11337,14,7,7,7,1,13,92
9811471,54,3,51,265,2,52,225
9708326,35,4,31,135,5,30,64
9805260,10,4,6,10,1,9,29
9812229,37,6,31,113,2,35,152
9812278,15,3,12,38,2,13,95
9507386,99,4,95,911,17,82,155
9612396,8,3,5,7,2,6,15
9706382,10,3,7,14,1,9,125
2260,10,2,8,13,0,10,101
9609502,8,7,1,1,0,8,12
9812392,23,8,15,34,1,22,219
9204207,45,9,36,134,45,0,0
9706441,16,4,12,31,1,15,60
9509346,16,5,11,22,4,12,39
9605441,37,6,31,113,4,33,49
9602281,95,4,91,611,4,91,432
9612269,110,8,102,634,25,85,223
9704304,9,5,4,9,1,8,14
9707377,15,9,6,6,2,13,28
9604340,37,4,33,221,3,34,97
9905528,5,2,3,6,0,5,21
9802299,46,3,43,158,35,11,16
9807344,431,13,418,4835,9,422,1155
9512237,25,7,18,43,14,11,13
9403219,70,8,62,345,2,68,181
9505241,9,1,8,15,1,8,31
9711460,31,8,23,64,2,29,121
9903205,3,3,0,0,1,2,3
9306240,59,9,50,275,12,47,65
9503236,32,4,28,151,0,32,216
9711292,25,2,23,108,0,25,65
9603214,28,7,21,117,3,25,37
9605357,64,2,62,453,39,25,26
9504245,24,11,13,31,18,6,6
9604419,27,10,17,27,1,26,97
9901438,5,1,4,6,0,5,5
9802431,14,4,10,18,0,14,70
9710375,7,7,0,0,1,6,14
9206246,33,3,30,133,33,0,0
9303203,4,4,0,0,4,0,0
9311325,128,14,114,553,27,101,156
9804416,10,3,7,15,0,10,62
9903480,7,1,6,10,0,7,28
9312227,21,5,16,64,5,16,28
9508408,33,5,28,85,9,24,98
9503445,41,14,27,61,7,34,126
9803446,3,3,0,0,0,3,17
9601302,41,9,32,174,4,37,91
102020,4,1,3,5,1,3,8
9505372,7,3,4,5,4,3,4
9805292,12,2,10,27,0,12,53
9206239,15,4,11,35,15,0,0
9308257,13,8,5,8,8,5,5
9807351,12,6,6,14,7,5,12
9208232,1,1,0,0,1,0,0
9902268,12,5,7,10,5,7,23
9808404,44,3,41,283,0,44,244
9805209,24,9,15,32,0,24,150
9803393,36,4,32,155,15,21,36
9704447,26,4,22,66,6,20,31
9811382,30,2,28,107,1,29,113
9910412,3,3,0,0,0,3,11
9907310,6,3,3,4,0,6,42
9506233,33,8,25,95,3,30,110
109135,9,2,7,18,0,9,116
9903359,12,1,11,28,6,6,29
9307330,23,7,16,52,5,18,46
9910247,29,4,25,140,0,29,289
9905521,6,2,4,9,0,6,41
105009,25,5,20,49,1,24,231
9903451,58,4,54,341,16,42,65
9812296,30,4,26,72,7,23,39
9211216,18,6,12,32,17,1,1
9602372,15,2,13,54,15,0,0
9702333,19,2,17,61,0,19,43
9407251,69,16,53,206,5,64,246
9904444,13,3,10,23,1,12,66
9210241,28,4,24,66,28,0,0
9804359,6,2,4,7,1,5,12
9503402,9,6,3,6,9,0,0
9710347,8,5,3,5,0,8,55
9708443,4,3,1,2,0,4,18
9503362,19,4,15,23,14,5,10
9504300,8,7,1,1,8,0,0
101331,5,4,1,1,0,5,14
9311372,53,11,42,259,40,13,19
9810289,17,10,7,19,3,14,87
9906381,21,5,16,68,2,19,55
9605446,111,1,110,995,2,109,322
9802383,3,3,0,0,1,2,2
9704441,15,5,10,21,1,14,49
9903476,15,3,12,26,3,12,57
9803453,35,6,29,53,5,30,131
9909204,3,1,2,2,3,0,0
9406339,49,9,40,213,7,42,59
9408284,13,2,11,30,0,13,17
9609469,18,4,14,31,0,18,54
209056,1,1,0,0,0,1,1
9804430,12,3,9,33,3,9,13
9512215,8,3,5,6,2,6,12
9401311,22,7,15,36,13,9,13
9911272,14,10,4,7,2,12,50
3038,12,3,9,13,1,11,40
8056,23,5,18,37,7,16,27
9907540,3,2,1,1,3,0,0
9907516,18,8,10,21,1,17,159
102146,125,4,121,1526,36,89,310
11359,21,2,19,69,0,21,146
9909497,20,3,17,66,0,20,131
9307235,47,11,36,125,24,23,23
9904282,32,6,26,82,4,28,116
106334,38,8,30,84,1,37,338
103218,23,4,19,83,0,23,313
104258,15,5,10,25,0,15,221
9909325,25,4,21,63,4,21,151
9809438,27,9,18,38,4,23,58
9910286,37,4,33,113,5,32,97
7065,17,10,7,9,11,6,12
9612294,14,3,11,26,0,14,67
9504379,18,5,13,30,18,0,0
2190,5,4,1,1,0,5,25
9604388,81,5,76,412,23,58,197
9511405,21,4,17,72,9,12,13
9605310,4,3,1,1,2,2,3
9907434,10,5,5,11,0,10,25
9211255,7,2,5,11,7,0,0
103138,2,2,0,0,1,1,4
9505297,3,2,1,1,1,2,4
9903400,49,3,46,303,0,49,363
9908515,13,6,7,15,0,13,97
9607210,41,9,32,122,13,28,36
9807462,99,9,90,781,3,96,349
11056,22,1,21,77,0,22,228
206067,20,4,16,37,0,20,401
9907511,4,2,2,3,0,4,17
112191,4,4,0,0,1,3,21
103123,19,2,17,36,0,19,153
201248,23,4,19,96,0,23,299
111298,3,1,2,2,0,3,24
9904236,29,6,23,74,4,25,86
9706410,30,2,28,145,0,30,174
9501283,12,6,6,10,3,9,10
112236,1,1,0,0,0,1,5
9909248,34,7,27,98,23,11,11
111016,11,4,7,10,2,9,45
9902290,14,6,8,10,0,14,123
9703321,9,4,5,7,0,9,16
9506206,1,1,0,0,0,1,6
3149,17,5,12,26,4,13,54
9503327,5,4,1,1,4,1,2
9302290,12,2,10,20,2,10,10
9706508,2,1,1,1,0,2,8
9503423,0,0,0,0,0,0,0
9906232,10,1,9,12,0,10,73
2254,1,1,0,0,0,1,20
101045,6,3,3,3,0,6,30
9904413,25,6,19,61,0,25,279
9408345,11,4,7,15,0,11,29
9212250,21,7,14,19,21,0,0
9812448,178,6,172,1518,178,0,0
9501314,18,9,9,22,8,10,10
9703370,6,2,4,7,0,6,43
9612408,13,5,8,16,0,13,104
9707484,8,5,3,6,0,8,53
9509262,2,2,0,0,0,2,3
9611362,13,4,9,14,5,8,17
9905479,5,4,1,1,3,2,2
9608318,36,4,32,106,32,4,4
9510343,3,2,1,1,0,3,13
103151,18,3,15,62,0,18,74
9610421,10,4,6,10,10,0,0
9608449,10,4,6,12,0,10,55
6054,11,1,10,27,0,11,62
8204,21,3,18,72,2,19,61
9510270,1,1,0,0,0,1,3
9406212,46,19,27,71,14,32,52
9405323,7,5,2,3,1,6,7
9802357,98,35,63,241,13,85,345
107209,2,2,0,0,0,2,14
9505442,4,1,3,4,1,3,5
9711346,14,7,7,12,7,7,7
9304276,17,9,8,8,17,0,0
9603289,48,10,38,142,23,25,49
7218,41,17,24,53,2,39,314
9712410,19,9,10,21,0,19,108
9707276,3,2,1,1,0,3,19
9801205,11,5,6,8,5,6,7
9709496,4,2,2,2,2,2,6
9610445,37,10,27,74,14,23,50
9601285,17,3,14,48,1,16,75
9312284,17,3,14,44,17,0,0
9512204,8,4,4,4,3,5,9
7268,14,3,11,33,0,14,77
9609284,7,4,3,7,0,7,47
9504275,3,3,0,0,0,3,10
9512208,14,2,12,24,0,14,59
9610492,20,6,14,39,3,17,74
9607232,2,2,0,0,0,2,8
9707383,2,2,0,0,0,2,5
9602421,27,4,23,73,4,23,69
9503392,9,5,4,7,5,4,7
9707322,4,1,3,3,0,4,9
9711392,13,6,7,12,1,12,41
9308273,16,3,13,41,10,6,6
9501216,7,1,6,12,0,7,18
9706482,15,5,10,28,0,15,107
9512439,32,8,24,48,15,17,25
9407382,17,4,13,34,0,17,17
6171,9,3,6,15,0,9,48
9806318,1,1,0,0,1,0,0
9910246,9,6,3,3,4,5,21
9505340,32,14,18,47,13,19,27
9412219,14,5,9,20,4,10,10
9905324,3,1,2,2,0,3,16
9808377,26,1,25,163,0,26,83
9809529,4,3,1,1,0,4,47
9410384,35,8,27,76,30,5,5
9712502,15,6,9,12,11,4,4
9911305,5,1,4,5,3,2,2
4127,18,4,14,49,0,18,146
9305207,11,2,9,24,3,8,16
9608394,33,3,30,101,0,33,228
9904247,3,2,1,1,0,3,18
11092,16,4,12,32,2,14,24
108159,7,6,1,2,2,5,16
9903462,16,1,15,54,0,16,101
9506215,1,1,0,0,0,1,2
9805360,11,2,9,31,3,8,11
9507242,15,1,14,62,0,15,43
9307223,1,1,0,0,1,0,0
9003,7,4,3,7,0,7,29
9904472,43,7,36,156,2,41,217
9705430,8,4,4,5,5,3,4
3272,7,5,2,3,0,7,20
9601325,8,4,4,7,1,7,32
9909315,25,6,19,85,0,25,233
9910557,21,1,20,88,0,21,270
107062,2,2,0,0,1,1,3
9711357,15,4,11,23,6,9,21
9904419,1,1,0,0,0,1,2
9304245,20,6,14,35,17,3,3
112228,5,2,3,4,0,5,15
9404321,15,7,8,30,4,11,11
9511341,27,4,23,121,1,26,99
110078,13,9,4,5,0,13,75
9911281,0,0,0,0,0,0,0
7003,10,4,6,10,1,9,53
201174,3,3,0,0,0,3,13
9403348,4,2,2,2,4,0,0
9307230,10,5,5,8,6,4,4
9507234,8,6,2,2,1,7,17
9811434,4,3,1,1,0,4,26
6168,5,4,1,1,0,5,15
9605238,13,6,7,23,1,12,40
9206217,3,3,0,0,3,0,0
9808303,14,2,12,18,3,11,28
9312338,12,3,9,20,12,0,0
9806203,3,1,2,3,0,3,19
9512326,10,4,6,20,1,9,22
9603209,15,7,8,13,5,10,15
9608438,15,1,14,46,0,15,45
9507283,13,3,10,17,7,6,10
9304258,8,4,4,8,5,3,3
10089,12,3,9,14,9,3,3
9804462,28,2,26,138,1,27,121
9509242,23,9,14,30,10,13,16
106278,14,3,11,28,0,14,215
4233,3,3,0,0,0,3,22
9609337,2,1,1,1,0,2,17
9331,6,3,3,8,0,6,27
11264,5,2,3,4,4,1,1
4085,35,4,31,127,0,35,269
9409451,11,1,10,22,11,0,0
9502408,14,5,9,13,14,0,0
7066,7,4,3,4,0,7,50
110200,3,3,0,0,0,3,13
9311359,2,1,1,1,2,0,0
12017,39,9,30,142,0,39,353
9504228,6,4,2,3,6,0,0
9903472,11,7,4,5,7,4,8
9812316,24,5,19,28,2,22,63
9910223,6,2,4,5,0,6,49
202090,11,1,10,20,0,11,52
9909475,3,3,0,0,1,2,15
9609486,8,2,6,18,0,8,42
9411204,4,2,2,2,1,3,16
9403263,3,2,1,1,2,1,1
201133,2,1,1,1,0,2,11
9508278,7,3,4,11,2,5,6
9509392,2,2,0,0,1,1,1
9606244,4,3,1,2,0,4,25
9406357,15,4,11,31,15,0,0
9410205,4,2,2,2,4,0,0
206077,36,18,18,38,1,35,483
9907460,16,4,12,40,0,16,272
11222,7,4,3,3,1,6,15
9807316,2,2,0,0,0,2,4
9605400,5,1,4,8,0,5,7
9612318,23,7,16,25,3,20,43
9603428,18,6,12,44,13,5,5
9308215,9,6,3,7,9,0,0
101151,15,3,12,53,0,15,128
9087,1,1,0,0,0,1,5
9911212,7,2,5,7,0,7,50
204194,15,2,13,52,0,15,82
9607201,28,4,24,108,5,23,37
204062,2,2,0,0,0,2,12
7206,7,1,6,10,0,7,39
104230,6,1,5,10,0,6,37
203192,2,2,0,0,0,2,3
9512426,3,2,1,1,0,3,11
107313,12,3,9,33,0,12,12
9402213,6,2,4,9,1,5,5
9911283,8,4,4,6,5,3,8
9401202,23,3,20,71,23,0,0
9504404,17,5,12,19,1,16,37
9501347,7,4,3,4,4,3,3
9811514,5,2,3,4,4,1,2
9908317,57,2,55,421,0,57,617
9903265,11,4,7,7,1,10,31
9910537,27,5,22,77,3,24,112
9609393,1,1,0,0,0,1,6
9603284,7,3,4,7,7,0,0
9502248,4,3,1,1,0,4,21
9808295,3,1,2,2,1,2,2
9601334,5,2,3,6,2,3,5
9710395,2,2,0,0,0,2,3
9806331,3,3,0,0,1,2,10
110035,11,1,10,25,0,11,101
9805273,6,2,4,7,3,3,5
9610218,8,4,4,12,0,8,23
9710547,19,7,12,14,5,14,69
9504354,12,3,9,13,12,0,0
9207235,14,10,4,7,14,0,0
8083,5,4,1,1,1,4,8
9903371,6,1,5,13,0,6,33
7096,12,2,10,36,0,12,45
9804450,6,5,1,5,0,6,65
9909238,4,1,3,4,0,4,34
5263,13,2,11,28,0,13,39
201281,6,1,5,6,1,5,16
9902339,11,3,8,29,1,10,29
8097,0,0,0,0,0,0,0
112015,3,2,1,1,1,2,4
7298,20,13,7,12,0,20,156
9601208,2,2,0,0,0,2,66
9709318,9,6,3,4,3,6,13
9506340,5,5,0,0,3,2,8
9907380,10,2,8,15,0,10,40
9907205,5,3,2,4,0,5,21
9809513,11,1,10,24,0,11,65
9808449,12,2,10,41,0,12,69
9106,5,1,4,5,0,5,19
9601256,2,1,1,1,0,2,2
9601322,3,1,2,2,3,0,0
8161,4,3,1,1,2,2,11
9502227,41,6,35,176,4,37,313
9503363,7,3,4,6,7,0,0
9808438,7,2,5,11,3,4,8
1204,7,5,2,3,0,7,47
9504250,24,8,16,42,5,19,37
9612467,1,1,0,0,1,0,0
9612302,7,1,6,17,2,5,10
9612410,2,1,1,1,0,2,6
9702295,1,1,0,0,0,1,2
9512235,1,1,0,0,0,1,3
9803396,24,6,18,47,8,16,26
9803201,8,1,7,15,7,1,1
9909477,15,1,14,63,0,15,96
9409240,10,4,6,13,10,0,0
9803288,7,6,1,1,2,5,21
101192,10,2,8,10,1,9,64
1330,9,8,1,1,1,8,16
9905525,2,1,1,1,1,1,7
9510233,2,2,0,0,1,1,1
9807201,8,4,4,5,0,8,47
9812303,4,2,2,2,0,4,30
9805440,3,3,0,0,0,3,15
208202,12,3,9,11,0,12,125
9407283,7,2,5,7,6,1,1
9508305,3,2,1,2,2,1,1
3228,4,1,3,4,1,3,3
208043,3,2,1,1,0,3,43
9903309,0,0,0,0,0,0,0
9810343,5,3,2,3,0,5,22
207221,1,1,0,0,0,1,10
12085,11,3,8,19,0,11,144
9801395,3,3,0,0,1,2,4
1051,0,0,0,0,0,0,0
9502268,7,5,2,4,7,0,0
9404284,16,3,13,30,16,0,0
9911241,2,2,0,0,0,2,7
106159,17,5,12,31,0,17,97
111299,9,2,7,14,0,9,54
3190,3,3,0,0,0,3,6
9610322,1,1,0,0,0,1,5
9802418,8,4,4,6,3,5,9
9703331,2,1,1,1,2,0,0
9812304,4,2,2,2,0,4,30
9308225,2,2,0,0,1,1,1
2102,7,4,3,3,0,7,47
107215,4,2,2,2,0,4,14
207364,6,3,3,3,0,6,71
9705269,5,2,3,4,0,5,21
9605364,2,2,0,0,0,2,2
9808407,3,2,1,1,2,1,1
9706203,7,5,2,2,0,7,47
9812212,10,4,6,7,1,9,30
9304213,1,1,0,0,1,0,0
9901309,3,3,0,0,1,2,7
9805435,3,1,2,2,1,2,3
209255,1,1,0,0,0,1,1
9304235,5,4,1,2,3,2,5
9903527,12,5,7,13,5,7,14
12305,5,2,3,3,0,5,45
9806541,12,1,11,18,2,10,31
9709295,18,5,13,18,5,13,31
108204,5,2,3,4,2,3,8
9503424,1,1,0,0,1,0,0
206034,17,3,14,35,0,17,214
9908331,1,1,0,0,1,0,0
9311280,2,2,0,0,0,2,2
1075,16,2,14,31,0,16,22
9506411,5,3,2,3,0,5,13
9905515,25,5,20,71,7,18,37
210155,4,2,2,2,0,4,40
208218,8,5,3,4,1,7,23
5148,1,1,0,0,0,1,6
8223,2,1,1,1,0,2,17
5152,25,6,19,49,10,15,30
9908409,8,5,3,3,0,8,25
9508377,2,1,1,1,0,2,4
9904409,10,3,7,18,1,9,33
202092,2,1,1,1,0,2,8
209159,3,2,1,1,1,2,28
8066,6,2,4,6,1,5,11
12209,5,2,3,7,0,5,11
101046,2,2,0,0,0,2,14
7053,4,1,3,3,2,2,2
9306237,13,2,11,36,1,12,12
9509273,2,2,0,0,0,2,3
9904402,2,1,1,1,0,2,7
9507256,6,3,3,3,0,6,6
9904437,2,2,0,0,1,1,6
206064,1,1,0,0,0,1,7
9806250,3,1,2,2,0,3,14
9511310,3,1,2,3,0,3,8
9908507,2,2,0,0,0,2,5
9908295,7,2,5,8,0,7,40
11029,1,1,0,0,0,1,5
9712514,7,5,2,3,2,5,10
205015,2,2,0,0,0,2,11
9903244,11,6,5,7,3,8,12
110267,9,5,4,6,1,8,18
12141,0,0,0,0,0,0,0
9407207,2,1,1,1,0,2,3
208067,5,3,2,2,0,5,75
10131,10,6,4,4,1,9,20
9602285,6,5,1,1,1,5,11
102138,2,1,1,1,0,2,21
9402357,2,2,0,0,2,0,0
202212,5,4,1,1,1,4,7
9605430,5,4,1,1,5,0,0
9807515,8,2,6,14,0,8,29
111037,1,1,0,0,0,1,16
9708394,1,1,0,0,1,0,0
9803462,25,7,18,31,10,15,24
204251,2,2,0,0,0,2,6
9407263,1,1,0,0,1,0,0
9305278,18,9,9,23,18,0,0
111382,3,3,0,0,0,3,40
9808202,13,6,7,11,1,12,77
9409231,1,1,0,0,0,1,2
102073,0,0,0,0,0,0,0
201251,3,3,0,0,0,3,9
9702349,10,4,6,7,1,9,35
9501210,5,4,1,2,0,5,14
211231,1,1,0,0,1,0,0
9602423,9,4,5,5,0,9,130
9805261,9,5,4,4,0,9,58
9611260,4,3,1,1,0,4,7
111010,0,0,0,0,0,0,0
209207,2,1,1,1,0,2,11
9711507,3,3,0,0,1,2,4
9912424,16,2,14,50,0,16,141
102150,3,1,2,2,1,2,19
1003,6,3,3,3,0,6,16
9911210,1,1,0,0,0,1,1
9711509,4,2,2,2,0,4,11
9711333,11,3,8,19,4,7,12
1013,4,1,3,3,0,4,16
9401252,7,5,2,3,7,0,0
9510358,0,0,0,0,0,0,0
302072,0,0,0,0,0,0,0
9601301,2,2,0,0,0,2,7
9407333,1,1,0,0,0,1,1
9811263,9,5,4,10,0,9,34
9709494,17,1,16,75,0,17,46
9407379,3,3,0,0,1,2,3
206241,11,6,5,7,0,11,171
9907280,3,3,0,0,0,3,6
9605382,31,6,25,87,19,12,12
9505331,1,1,0,0,0,1,1
9209290,15,8,7,14,15,0,0
9711228,2,2,0,0,0,2,3
11154,1,1,0,0,0,1,1
102292,1,1,0,0,0,1,11
105061,13,8,5,12,0,13,108
11364,12,3,9,17,0,12,86
1025,11,1,10,30,1,10,43
209290,7,2,5,8,0,7,51
9405405,2,2,0,0,2,0,0
9702228,1,1,0,0,0,1,2
9803358,2,1,1,1,1,1,5
9708444,2,1,1,1,1,1,2
9711256,5,2,3,4,0,5,24
207234,0,0,0,0,0,0,0
9907377,5,1,4,5,0,5,12
9911322,3,2,1,1,0,3,11
111109,2,1,1,1,0,2,21
202157,3,1,2,2,1,2,3
110282,1,1,0,0,0,1,3
4184,7,3,4,8,0,7,36
7237,8,2,6,21,0,8,21
111012,4,2,2,4,0,4,24
9406403,1,1,0,0,0,1,1
9810265,2,2,0,0,0,2,8
9905488,3,2,1,1,0,3,12
2207,2,2,0,0,0,2,17
12185,1,1,0,0,0,1,2
9307377,6,4,2,2,6,0,0
8236,5,2,3,3,0,5,33
9902319,9,3,6,10,0,9,15
108213,10,2,8,14,0,10,74
9604397,1,1,0,0,0,1,4
203061,2,2,0,0,0,2,18
9907443,0,0,0,0,0,0,0
9903212,0,0,0,0,0,0,0
108039,5,1,4,5,0,5,11
9301279,1,1,0,0,1,0,0
9908329,2,2,0,0,0,2,6
9408338,1,1,0,0,0,1,1
110085,0,0,0,0,0,0,0
102184,9,5,4,4,4,5,18
9811279,7,3,4,4,0,7,20
211073,0,0,0,0,0,0,0
105136,4,2,2,3,0,4,21
205051,0,0,0,0,0,0,0
9808477,4,4,0,0,1,3,9
108057,2,1,1,1,0,2,14
9902322,4,2,2,2,0,4,46
9407267,9,1,8,24,9,0,0
9807304,0,0,0,0,0,0,0
205061,8,2,6,21,0,8,35
9404352,4,2,2,2,3,1,1
204097,0,0,0,0,0,0,0
9510272,0,0,0,0,0,0,0
204115,18,7,11,15,1,17,147
9506403,4,1,3,4,4,0,0
3112,2,2,0,0,2,0,0
102069,6,4,2,3,0,6,38
9501342,1,1,0,0,1,0,0
9207223,5,5,0,0,4,1,1
9901202,3,2,1,1,0,3,17
9605258,2,2,0,0,1,1,1
9909225,9,1,8,29,0,9,56
9501355,1,1,0,0,0,1,5
9706257,2,2,0,0,1,1,1
9911225,3,2,1,1,0,3,15
107230,3,2,1,1,0,3,12
9806282,6,5,1,1,0,6,18
208136,4,4,0,0,0,4,37
10125,0,0,0,0,0,0,0
9707206,1,1,0,0,0,1,1
9510255,1,1,0,0,0,1,1
110208,10,4,6,9,0,10,69
9604276,2,2,0,0,2,0,0
9706418,2,1,1,1,0,2,3
1313,4,2,2,3,0,4,4
106269,1,1,0,0,0,1,2
209340,2,2,0,0,0,2,17
9903204,9,4,5,15,0,9,14
9905245,5,2,3,3,3,2,6
112115,6,3,3,8,0,6,49
9507357,0,0,0,0,0,0,0
9803501,7,3,4,5,1,6,26
9211213,2,2,0,0,2,0,0
9403286,3,1,2,2,3,0,0
9503314,1,1,0,0,0,1,5
8168,5,4,1,1,0,5,35
9703292,4,1,3,5,0,4,12
9705211,1,1,0,0,1,0,0
9905318,8,5,3,3,2,6,6
107147,7,3,4,6,0,7,84
9711299,4,4,0,0,4,0,0
9503348,0,0,0,0,0,0,0
9908338,5,3,2,3,5,0,0
9606234,3,3,0,0,0,3,16
9911244,2,2,0,0,1,1,1
203094,0,0,0,0,0,0,0
9811246,2,2,0,0,0,2,6
9706318,2,2,0,0,0,2,3
208234,3,3,0,0,1,2,3
9512413,2,1,1,1,0,2,2
203167,6,3,3,3,0,6,19
105141,11,6,5,10,1,10,45
2073,3,3,0,0,1,2,5
9146,3,1,2,2,0,3,49
210150,3,1,2,2,0,3,61
8303,2,2,0,0,0,2,6
205235,1,1,0,0,0,1,12
9701203,0,0,0,0,0,0,0
9903325,5,2,3,5,0,5,11
207213,1,1,0,0,0,1,42
9402293,7,3,4,5,7,0,0
9808437,6,4,2,2,0,6,29
9712298,2,2,0,0,0,2,15
9607288,0,0,0,0,0,0,0
9707287,0,0,0,0,0,0,0
9911536,0,0,0,0,0,0,0
9808356,15,2,13,44,0,15,183
203227,0,0,0,0,0,0,0
9508252,5,3,2,3,3,2,2
208007,4,3,1,1,0,4,24
9904296,5,3,2,2,5,0,0
3209,2,1,1,1,0,2,6
9502389,0,0,0,0,0,0,0
3148,2,2,0,0,0,2,4
9804279,2,2,0,0,0,2,8
9902231,3,2,1,1,0,3,12
111314,2,2,0,0,0,2,24
9611419,0,0,0,0,0,0,0
9907293,7,3,4,8,2,5,23
7296,0,0,0,0,0,0,0
103340,1,1,0,0,1,0,0
301057,2,1,1,1,0,2,20
302034,2,2,0,0,0,2,7
9309334,1,1,0,0,0,1,1
301219,1,1,0,0,0,1,20
7340,7,2,5,9,0,7,48
9910268,4,4,0,0,2,2,5
9503239,4,1,3,6,3,1,1
9711474,2,1,1,1,0,2,6
11137,1,1,0,0,0,1,1
205133,1,1,0,0,0,1,4
9910251,10,8,2,5,3,7,15
9610378,0,0,0,0,0,0,0
206270,3,1,2,2,0,3,19
202099,0,0,0,0,0,0,0
9908380,6,5,1,1,0,6,25
9707494,0,0,0,0,0,0,0
9211243,3,1,2,3,3,0,0
9710250,3,3,0,0,3,0,0
9406209,0,0,0,0,0,0,0
9312244,4,3,1,1,4,0,0
9707272,5,1,4,9,1,4,6
9706416,3,1,2,2,2,1,2
212203,2,2,0,0,0,2,2
10254,5,3,2,2,0,5,18
9607395,2,1,1,1,1,1,1
208153,6,4,2,3,3,3,11
9608259,2,2,0,0,0,2,13
9511232,2,2,0,0,0,2,6
9602248,4,1,3,3,0,4,8
9310218,1,1,0,0,0,1,3
9904357,3,3,0,0,0,3,35
2176,0,0,0,0,0,0,0
3024,1,1,0,0,1,0,0
102178,2,1,1,1,0,2,18
9905541,0,0,0,0,0,0,0
9910232,0,0,0,0,0,0,0
9410227,2,2,0,0,2,0,0
9704309,1,1,0,0,0,1,2
9906522,0,0,0,0,0,0,0
102329,1,1,0,0,0,1,4
9401301,5,5,0,0,2,3,9
9603295,0,0,0,0,0,0,0
9206261,1,1,0,0,1,0,0
9901347,0,0,0,0,0,0,0
9810287,0,0,0,0,0,0,0
4188,0,0,0,0,0,0,0
9310265,0,0,0,0,0,0,0
205342,5,4,1,1,0,5,65
9705387,2,1,1,1,2,0,0
9605292,2,2,0,0,2,0,0
6297,0,0,0,0,0,0,0
9807441,1,1,0,0,0,1,3
202068,6,3,3,5,0,6,41
112197,3,3,0,0,0,3,16
9305328,1,1,0,0,1,0,0
9610547,4,2,2,2,4,0,0
7312,6,1,5,8,0,6,46
9603277,4,4,0,0,1,3,3
204048,3,1,2,2,0,3,8
207138,0,0,0,0,0,0,0
9606291,1,1,0,0,1,0,0
210243,0,0,0,0,0,0,0
301183,1,1,0,0,0,1,7
5174,2,1,1,1,0,2,10
9606425,3,2,1,1,0,3,5
10116,5,2,3,3,0,5,8
9909528,0,0,0,0,0,0,0
202069,4,1,3,3,0,4,23
9212223,2,1,1,1,2,0,0
9605268,2,2,0,0,0,2,16
206288,6,3,3,4,0,6,42
9302,4,3,1,2,2,2,2
9505264,2,2,0,0,2,0,0
4055,2,1,1,1,1,1,1
9808370,1,1,0,0,1,0,0
212028,5,4,1,1,0,5,42
103329,1,1,0,0,0,1,10
110398,0,0,0,0,0,0,0
9711505,0,0,0,0,0,0,0
9611384,0,0,0,0,0,0,0
105092,4,4,0,0,0,4,16
105179,3,2,1,1,0,3,15
9910525,0,0,0,0,0,0,0
2222,4,1,3,3,0,4,11
9606455,1,1,0,0,1,0,0
203134,4,2,2,3,0,4,17
105144,1,1,0,0,0,1,2
109232,5,4,1,1,0,5,24
9911336,0,0,0,0,0,0,0
9809328,2,1,1,1,0,2,6
111031,0,0,0,0,0,0,0
9904227,3,1,2,3,3,0,0
103021,0,0,0,0,0,0,0
104092,0,0,0,0,0,0,0
212312,1,1,0,0,0,1,11
9903409,1,1,0,0,1,0,0
9802210,0,0,0,0,0,0,0
110084,0,0,0,0,0,0,0
9904456,4,2,2,2,3,1,3
207322,0,0,0,0,0,0,0
9605248,1,1,0,0,0,1,1
9512226,1,1,0,0,0,1,1
301224,0,0,0,0,0,0,0
211404,2,1,1,1,0,2,69
206006,1,1,0,0,0,1,4
9805326,0,0,0,0,0,0,0
5059,3,2,1,1,1,2,4
209038,3,1,2,2,0,3,27
9810224,1,1,0,0,0,1,12
201299,4,4,0,0,0,4,18
112361,4,2,2,3,0,4,13
106208,4,3,1,1,0,4,32
9603367,0,0,0,0,0,0,0
9502282,6,1,5,7,6,0,0
1141,1,1,0,0,0,1,2
205029,3,2,1,1,0,3,6
11225,2,2,0,0,0,2,2
9709260,1,1,0,0,0,1,5
1153,0,0,0,0,0,0,0
11181,0,0,0,0,0,0,0
9512436,4,3,1,2,4,0,0
1065,1,1,0,0,0,1,11
9705369,0,0,0,0,0,0,0
204016,0,0,0,0,0,0,0
106196,1,1,0,0,0,1,1
110046,2,2,0,0,0,2,12
210233,1,1,0,0,0,1,2
9805492,0,0,0,0,0,0,0
210434,1,1,0,0,1,0,0
9610475,0,0,0,0,0,0,0
9807352,0,0,0,0,0,0,0
9904241,1,1,0,0,0,1,1
2023,3,1,2,3,0,3,12
211221,1,1,0,0,0,1,2
9910264,0,0,0,0,0,0,0
203057,1,1,0,0,0,1,1
9706202,0,0,0,0,0,0,0
111159,2,2,0,0,0,2,5
9903458,0,0,0,0,0,0,0
212098,0,0,0,0,0,0,0
9411313,0,0,0,0,0,0,0
8318,1,1,0,0,0,1,5
301194,0,0,0,0,0,0,0
2184,1,1,0,0,0,1,4
9909223,0,0,0,0,0,0,0
102049,1,1,0,0,0,1,6
9902387,0,0,0,0,0,0,0
12081,2,2,0,0,0,2,4
110268,0,0,0,0,0,0,0
107108,4,1,3,6,0,4,20
9604241,0,0,0,0,0,0,0
6189,0,0,0,0,0,0,0
9705434,1,1,0,0,0,1,1
207154,0,0,0,0,0,0,0
209354,2,2,0,0,2,0,0
205078,1,1,0,0,0,1,2
9709276,0,0,0,0,0,0,0
9707422,2,2,0,0,0,2,7
9704407,0,0,0,0,0,0,0
112209,1,1,0,0,0,1,6
105099,0,0,0,0,0,0,0
9805347,0,0,0,0,0,0,0
9704293,2,2,0,0,0,2,3
205341,0,0,0,0,0,0,0
212294,0,0,0,0,0,0,0
208042,0,0,0,0,0,0,0
5169,2,2,0,0,0,2,5
9808414,2,1,1,1,0,2,4
9412318,2,1,1,1,1,1,1
9901257,0,0,0,0,0,0,0
110011,1,1,0,0,0,1,2
9410202,0,0,0,0,0,0,0
201220,0,0,0,0,0,0,0
9812312,0,0,0,0,0,0,0
105133,0,0,0,0,0,0,0
9511229,0,0,0,0,0,0,0
104251,0,0,0,0,0,0,0
112067,1,1,0,0,0,1,8
9503378,0,0,0,0,0,0,0
9710504,0,0,0,0,0,0,0
9211295,1,1,0,0,1,0,0
211020,0,0,0,0,0,0,0
9602370,0,0,0,0,0,0,0
9906521,0,0,0,0,0,0,0
301004,0,0,0,0,0,0,0
9511271,1,1,0,0,0,1,2
209115,1,1,0,0,1,0,0
9702344,0,0,0,0,0,0,0
9407220,1,1,0,0,1,0,0
9705317,0,0,0,0,0,0,0
212350,1,1,0,0,0,1,16
112173,0,0,0,0,0,0,0
9507302,0,0,0,0,0,0,0
9712448,3,1,2,2,0,3,7
207091,0,0,0,0,0,0,0
9512431,0,0,0,0,0,0,0
9503343,0,0,0,0,0,0,0
9801267,0,0,0,0,0,0,0
211425,0,0,0,0,0,0,0
202070,0,0,0,0,0,0,0
10045,0,0,0,0,0,0,0
10258,0,0,0,0,0,0,0
208056,1,1,0,0,0,1,5
9901223,0,0,0,0,0,0,0
211208,0,0,0,0,0,0,0
9809240,0,0,0,0,0,0,0
9810226,0,0,0,0,0,0,0
9804440,0,0,0,0,0,0,0
9904238,2,2,0,0,0,2,24
204230,1,1,0,0,0,1,4
9606245,0,0,0,0,0,0,0
210068,0,0,0,0,0,0,0
9907242,0,0,0,0,0,0,0
9706340,1,1,0,0,0,1,5
9710536,0,0,0,0,0,0,0
210317,0,0,0,0,0,0,0
2299,1,1,0,0,0,1,2
9804259,0,0,0,0,0,0,0
9510265,0,0,0,0,0,0,0
9709304,0,0,0,0,0,0,0
210227,0,0,0,0,0,0,0
301120,0,0,0,0,0,0,0
210287,1,1,0,0,0,1,12
9808416,0,0,0,0,0,0,0
9811213,1,1,0,0,0,1,4
210361,0,0,0,0,0,0,0
9909311,1,1,0,0,0,1,3
9405427,2,2,0,0,2,0,0
302150,0,0,0,0,0,0,0
9903433,0,0,0,0,0,0,0
9510360,1,1,0,0,0,1,2
9910337,0,0,0,0,0,0,0
9806456,0,0,0,0,0,0,0
10313,0,0,0,0,0,0,0
9502234,0,0,0,0,0,0,0
9606338,0,0,0,0,0,0,0
9411208,1,1,0,0,0,1,3
212272,0,0,0,0,0,0,0
9605300,1,1,0,0,1,0,0
203202,0,0,0,0,0,0,0
212016,0,0,0,0,0,0,0
208244,0,0,0,0,0,0,0
9811293,1,1,0,0,0,1,1
210047,0,0,0,0,0,0,0
208258,0,0,0,0,0,0,0
9507301,0,0,0,0,0,0,0
102088,0,0,0,0,0,0,0
9501237,0,0,0,0,0,0,0
9604373,0,0,0,0,0,0,0
9904462,0,0,0,0,0,0,0
101096,0,0,0,0,0,0,0
205095,1,1,0,0,0,1,3
202225,0,0,0,0,0,0,0
9707538,0,0,0,0,0,0,0
9071,0,0,0,0,0,0,0
9708308,0,0,0,0,0,0,0
9124,0,0,0,0,0,0,0
9505269,1,1,0,0,0,1,13
9908272,0,0,0,0,0,0,0
212160,0,0,0,0,0,0,0
105185,2,2,0,0,1,1,1
111201,0,0,0,0,0,0,0
9706544,0,0,0,0,0,0,0
104012,0,0,0,0,0,0,0
9507333,0,0,0,0,0,0,0
9409292,0,0,0,0,0,0,0
9908468,2,1,1,1,0,2,6
107235,0,0,0,0,0,0,0
110372,0,0,0,0,0,0,0
9608323,0,0,0,0,0,0,0
12182,0,0,0,0,0,0,0
112183,0,0,0,0,0,0,0
211106,0,0,0,0,0,0,0
5117,0,0,0,0,0,0,0
9506460,0,0,0,0,0,0,0
301192,0,0,0,0,0,0,0
6169,0,0,0,0,0,0,0
9708269,0,0,0,0,0,0,0
9609278,1,1,0,0,0,1,4
5271,1,1,0,0,0,1,1
204177,0,0,0,0,0,0,0
9506363,0,0,0,0,0,0,0
111364,0,0,0,0,0,0,0
9610508,2,1,1,1,2,0,0
9603299,0,0,0,0,0,0,0
212266,0,0,0,0,0,0,0
12295,0,0,0,0,0,0,0
9908241,0,0,0,0,0,0,0
210432,0,0,0,0,0,0,0
9906453,0,0,0,0,0,0,0
302231,0,0,0,0,0,0,0
9808339,0,0,0,0,0,0,0
209195,0,0,0,0,0,0,0
211194,1,1,0,0,1,0,0
9701348,0,0,0,0,0,0,0
9505348,0,0,0,0,0,0,0
103282,1,1,0,0,1,0,0
9901238,1,1,0,0,0,1,6
9711341,1,1,0,0,0,1,2
202164,0,0,0,0,0,0,0
9710558,0,0,0,0,0,0,0
9810263,0,0,0,0,0,0,0
3037,1,1,0,0,0,1,5
11386,0,0,0,0,0,0,0
9608268,0,0,0,0,0,0,0
205275,0,0,0,0,0,0,0
9302218,0,0,0,0,0,0,0
9602371,0,0,0,0,0,0,0
111111,0,0,0,0,0,0,0
9901279,0,0,0,0,0,0,0
9611381,0,0,0,0,0,0,0
9405402,0,0,0,0,0,0,0
9504249,0,0,0,0,0,0,0
302218,0,0,0,0,0,0,0
112187,0,0,0,0,0,0,0
206256,0,0,0,0,0,0,0
9701280,0,0,0,0,0,0,0
208211,0,0,0,0,0,0,0
110151,0,0,0,0,0,0,0
9709384,1,1,0,0,0,1,2
9306312,0,0,0,0,0,0,0
9806464,1,1,0,0,0,1,2
211465,0,0,0,0,0,0,0
9603394,0,0,0,0,0,0,0
210386,0,0,0,0,0,0,0
201196,0,0,0,0,0,0,0
205175,1,1,0,0,0,1,2
206161,0,0,0,0,0,0,0
9812480,0,0,0,0,0,0,0
9506365,0,0,0,0,0,0,0
7322,0,0,0,0,0,0,0
207374,0,0,0,0,0,0,0
301276,0,0,0,0,0,0,0
205222,0,0,0,0,0,0,0
9502208,0,0,0,0,0,0,0
9310274,0,0,0,0,0,0,0
212027,1,1,0,0,0,1,10
4112,0,0,0,0,0,0,0
104249,0,0,0,0,0,0,0
105198,0,0,0,0,0,0,0
212327,1,1,0,0,1,0,0
9325,0,0,0,0,0,0,0
212207,0,0,0,0,0,0,0
9807436,0,0,0,0,0,0,0
209123,0,0,0,0,0,0,0
9411216,0,0,0,0,0,0,0
9909462,0,0,0,0,0,0,0
1289,0,0,0,0,0,0,0
11085,0,0,0,0,0,0,0
9405372,1,1,0,0,1,0,0
208150,0,0,0,0,0,0,0
204103,0,0,0,0,0,0,0
210365,1,1,0,0,0,1,1
111036,0,0,0,0,0,0,0
9402216,1,1,0,0,1,0,0
302242,0,0,0,0,0,0,0
9302217,49,10,39,165,49,0,0
1113,42,15,27,51,13,29,93
12271,25,6,19,34,0,25,142
9812396,73,13,60,341,0,73,711
9311243,45,12,33,106,10,35,56
9412324,42,11,31,125,28,14,28
9411367,21,4,17,56,19,2,2
9911263,12,5,7,8,0,12,67
106050,13,8,5,13,2,11,246
9206236,48,7,41,194,48,0,0
9603409,16,5,11,27,1,15,31
9701412,25,9,16,22,25,0,0
9504378,124,17,107,543,32,92,236
105318,3,1,2,2,0,3,18
9505212,1,1,0,0,0,1,2
9704305,16,3,13,34,0,16,67
9812298,6,4,2,2,0,6,17
105325,9,4,5,7,1,8,64
9312303,5,1,4,8,0,5,13
9805478,8,2,6,12,1,7,30
9804355,34,5,29,142,7,27,50
9509275,4,1,3,3,1,3,3
9907238,27,6,21,62,7,20,84
102023,10,3,7,9,2,8,28
9812275,23,10,13,30,2,21,112
9908480,12,3,9,33,1,11,121
9403285,7,3,4,8,2,5,5
9212285,58,14,44,160,32,26,26
9310358,40,3,37,147,14,26,29
9208210,8,2,6,12,8,0,0
9312217,6,5,1,2,6,0,0
9501219,1,1,0,0,1,0,0
9608253,27,6,21,77,3,24,24
9807353,128,9,119,880,6,122,430
9910554,15,2,13,38,0,15,80
9311204,86,22,64,392,75,11,13
9904465,18,4,14,24,6,12,19
9807308,7,2,5,10,0,7,55
9904303,17,3,14,35,1,16,61
9706228,9,6,3,5,0,9,22
9711311,13,6,7,8,3,10,50
9803415,44,5,39,155,1,43,104
9511323,8,1,7,12,4,4,5
9705392,45,10,35,145,7,38,84
9712291,29,3,26,110,0,29,89
9205214,28,2,26,114,28,0,0
9809481,10,6,4,5,1,9,48
9903499,12,2,10,29,0,12,33
9807479,14,1,13,36,1,13,54
9605214,45,13,32,98,29,16,21
9212267,9,3,6,16,8,1,1
9211325,10,1,9,20,2,8,8
9210260,17,10,7,14,15,2,2
9907435,12,3,9,28,1,11,63
9810398,3,2,1,1,0,3,9
9309310,88,10,78,575,78,10,10
9207234,208,28,180,1425,208,0,0
9602389,10,1,9,14,4,6,15
9706387,14,2,12,42,0,14,177
12099,16,6,10,23,0,16,58
9901278,34,3,31,89,3,31,78
9709369,10,2,8,22,0,10,19
9806347,4,1,3,4,0,4,16
9812369,29,8,21,65,2,27,128
112129,6,2,4,8,0,6,21
9510219,24,5,19,69,1,23,67
9612426,47,8,39,218,4,43,223
9706540,54,9,45,184,7,47,190
3119,27,3,24,91,0,27,321
9703435,1,1,0,0,1,0,0
9902239,41,6,35,111,2,39,168
9209271,26,7,19,60,26,0,0
9805337,14,3,11,29,7,7,28
9604438,40,12,28,74,3,37,134
9610478,10,2,8,12,6,4,4
9603404,128,5,123,1080,10,118,494
9704274,44,2,42,133,7,37,106
9801359,5,2,3,4,0,5,15
9811518,42,15,27,49,9,33,73
9608458,84,1,83,554,4,80,323
9304263,12,9,3,4,12,0,0
9305289,15,11,4,5,15,0,0
9905221,385,31,354,2481,74,311,1190
9603307,32,8,24,164,2,30,144
9404302,56,14,42,297,6,50,117
9306318,21,4,17,46,20,1,1
9803399,15,5,10,17,1,14,42
9406365,7,5,2,2,6,1,1
9405386,55,8,47,339,5,50,67
9511336,20,2,18,68,0,20,150
9711391,76,8,68,587,16,60,159
9604272,40,12,28,75,19,21,49
9606427,66,3,63,416,12,54,183
9509348,128,11,117,1073,75,53,77
9605231,40,7,33,82,5,35,113
9404338,10,4,6,10,10,0,0
105230,0,0,0,0,0,0,0
9602409,11,4,7,14,3,8,28
9302248,29,13,16,29,18,11,11
9404235,7,2,5,9,7,0,0
9402225,42,13,29,79,7,35,59
9805297,12,3,9,20,1,11,36
9903518,10,4,6,9,2,8,49
9403359,10,3,7,8,10,0,0
9511233,32,7,25,48,7,25,112
9511376,24,1,23,91,3,21,38
9804381,2,2,0,0,0,2,9
9605367,33,4,29,117,1,32,101
103219,7,1,6,16,0,7,16
9509313,44,13,31,96,8,36,86
9807247,8,2,6,8,2,6,12
9301236,74,6,68,351,74,0,0
9401210,17,8,9,17,4,13,13
9809215,8,2,6,20,0,8,33
9302298,16,8,8,26,16,0,0
9907342,10,5,5,10,4,6,25
9809490,38,2,36,205,2,36,159
9805211,12,5,7,11,2,10,52
9803445,123,17,106,432,42,81,291
9705234,57,2,55,371,5,52,280
9812348,12,3,9,21,0,12,82
9910563,7,4,3,4,0,7,33
9911467,2,1,1,1,0,2,4
202037,7,2,5,6,0,7,97
110285,1,1,0,0,1,0,0
9904353,106,11,95,864,1,105,723
9308283,13,4,9,11,0,13,43
9910313,46,3,43,275,0,46,475
9908290,10,2,8,31,0,10,107
9409246,8,1,7,11,8,0,0
4091,14,5,9,15,2,12,50
9812365,17,3,14,30,4,13,13
9211222,18,6,12,32,18,0,0
9604349,13,3,10,21,1,12,17
9702359,39,6,33,131,0,39,141
9412379,39,9,30,65,5,34,75
9812397,43,5,38,142,2,41,450
9307317,36,6,30,139,36,0,0
9903448,77,2,75,480,1,76,213
9404293,6,2,4,10,6,0,0
9801451,2,1,1,1,0,2,9
9611454,8,7,1,1,2,6,10
9506251,24,5,19,51,3,21,22
9505416,27,6,21,55,5,22,22
5151,6,3,3,3,4,2,4
9312201,33,10,23,145,29,4,5
9810504,12,4,8,20,1,11,11
9906509,8,5,3,4,3,5,12
9606280,63,10,53,231,14,49,108
9806311,25,6,19,59,3,22,24
9707451,18,4,14,34,4,14,76
9907524,13,2,11,21,5,8,8
9905568,15,2,13,31,2,13,23
9405238,26,4,22,54,25,1,1
9408242,30,2,28,113,0,30,97
9408287,19,3,16,65,1,18,26
9702375,28,14,14,22,2,26,131
8262,22,3,19,63,5,17,34
9805384,8,4,4,7,1,7,17
9512254,5,4,1,1,2,3,8
9403389,14,6,8,15,8,6,8
9405313,30,16,14,47,11,19,29
3163,20,5,15,53,4,16,52
8222,27,7,20,66,15,12,14
9401285,22,1,21,60,12,10,10
9511201,3,3,0,0,3,0,0
102147,96,4,92,895,11,85,239
12020,38,6,32,87,0,38,270
2126,16,12,4,4,1,15,55
9409254,111,19,92,422,105,6,6
9906233,35,6,29,88,2,33,190
107151,23,10,13,27,0,23,298
9801446,27,6,21,72,0,27,173
106345,18,3,15,37,0,18,186
9909485,34,3,31,131,1,33,359
9907427,10,2,8,19,0,10,38
9299,36,10,26,88,4,32,180
7154,4,2,2,2,1,3,17
9707512,5,2,3,6,1,4,5
9506270,12,5,7,17,9,3,4
6247,1,1,0,0,1,0,0
9605324,21,6,15,36,3,18,27
9511448,42,4,38,92,14,28,47
9310313,71,10,61,460,68,3,3
9908482,8,4,4,4,2,6,22
9402270,34,7,27,61,34,0,0
1084,7,4,3,3,4,3,14
9512246,17,4,13,43,2,15,33
9903479,48,6,42,255,0,48,694
9908530,12,4,8,17,0,12,79
9609234,1,1,0,0,1,0,0
9808257,53,17,36,103,10,43,125
11094,41,1,40,262,0,41,629
209100,13,3,10,14,2,11,61
9905237,37,3,34,168,24,13,13
201019,11,5,6,12,0,11,126
208050,2,1,1,1,0,2,16
202081,22,5,17,85,0,22,388
9912287,36,7,29,80,0,36,445
9906266,52,4,48,242,0,52,494
9711405,11,3,8,21,0,11,40
9511417,18,3,15,38,14,4,5
9912496,13,4,9,26,0,13,81
9904252,8,1,7,11,0,8,70
9909218,16,6,10,17,0,16,360
3086,24,4,20,50,0,24,227
9705206,15,1,14,37,0,15,44
9606215,17,2,15,31,3,14,43
4123,6,3,3,5,1,5,9
9506443,1,1,0,0,1,0,0
9307316,12,2,10,22,3,9,14
9708485,4,1,3,3,0,4,10
9019,0,0,0,0,0,0,0
9907432,34,7,27,66,8,26,208
4010,17,5,12,28,1,16,123
101066,4,3,1,1,0,4,24
9905478,7,2,5,11,0,7,18
9203210,4,3,1,1,3,1,2
9301233,10,8,2,3,10,0,0
9908337,27,5,22,84,0,27,199
9509303,28,8,20,61,27,1,2
9703429,41,9,32,98,0,41,379
9701210,14,1,13,24,0,14,51
9409211,7,4,3,5,7,0,0
9511301,8,5,3,6,8,0,0
9704224,17,7,10,22,0,17,42
5004,5,3,2,4,0,5,23
9708395,15,6,9,25,3,12,26
9512269,2,1,1,1,0,2,13
9909326,18,8,10,17,0,18,88
9610495,21,3,18,39,12,9,12
9706310,3,3,0,0,1,2,30
10106,8,1,7,17,0,8,90
11156,2,2,0,0,0,2,3
8089,0,0,0,0,0,0,0
9408292,3,3,0,0,2,1,2
9407374,14,7,7,8,14,0,0
9905294,6,3,3,3,0,6,19
9907240,67,6,61,423,1,66,582
9708448,7,3,4,6,0,7,29
9711349,24,6,18,58,24,0,0
9412381,14,1,13,42,5,9,17
9710270,67,5,62,450,2,65,312
7248,26,5,21,36,7,19,36
1046,51,10,41,112,5,46,255
9712473,12,2,10,23,0,12,86
9510304,34,7,27,97,21,13,15
9710300,23,8,15,41,0,23,114
9706435,2,2,0,0,2,0,0
9403390,60,7,53,322,26,34,55
9203216,32,17,15,35,32,0,0
9512244,11,5,6,16,1,10,34
9707300,1,1,0,0,0,1,3
9701361,10,4,6,8,0,10,62
9507398,33,5,28,69,0,33,145
9512410,13,2,11,47,2,11,22
9612300,32,4,28,101,0,32,240
9607256,9,1,8,11,1,8,8
9707488,18,4,14,33,2,16,74
9607205,7,1,6,9,0,7,7
9309277,10,5,5,9,6,4,6
9302306,1,1,0,0,1,0,0
9710401,66,5,61,456,1,65,734
9308310,16,6,10,24,16,0,0
9501317,15,1,14,49,0,15,57
9606438,10,1,9,20,0,10,129
9601296,2,2,0,0,0,2,2
9609457,19,7,12,25,10,9,29
9356,33,4,29,104,7,26,47
9807359,3,1,2,3,1,2,2
9909461,7,2,5,8,0,7,17
9905458,5,3,2,3,0,5,7
9501411,2,2,0,0,2,0,0
9907418,4,2,2,3,0,4,8
9704205,17,6,11,20,2,15,44
9810261,11,7,4,7,0,11,80
9811470,12,2,10,28,8,4,4
9807320,13,3,10,18,0,13,34
101160,1,1,0,0,0,1,4
5211,3,3,0,0,0,3,18
9305291,16,6,10,20,2,14,31
9701309,39,7,32,103,0,39,369
9912301,6,4,2,4,0,6,33
101086,15,2,13,33,0,15,140
1205,2,1,1,1,0,2,5
11227,4,1,3,3,0,4,9
9402290,1,1,0,0,1,0,0
9707351,21,2,19,61,0,21,106
9704330,0,0,0,0,0,0,0
9308276,39,8,31,119,34,5,5
9348,4,3,1,1,0,4,29
9912261,30,3,27,93,0,30,149
9711439,3,1,2,2,0,3,18
4181,8,3,5,8,0,8,33
9608214,14,3,11,22,0,14,49
9909345,2,1,1,1,0,2,3
9608225,1,1,0,0,0,1,3
107127,4,4,0,0,0,4,14
9712393,6,2,4,7,5,1,1
9710266,11,7,4,6,2,9,18
9304272,8,3,5,10,8,0,0
207160,1,1,0,0,0,1,1
9406235,18,7,11,45,1,17,82
9704354,6,1,5,13,0,6,30
9902251,12,6,6,8,1,11,37
9904470,1,1,0,0,0,1,2
9609371,7,5,2,5,0,7,11
104262,4,2,2,3,0,4,14
9801305,8,2,6,15,0,8,15
9311337,14,3,11,51,0,14,36
9907449,3,3,0,0,2,1,1
5074,1,1,0,0,0,1,7
11389,2,2,0,0,0,2,4
9802258,7,4,3,3,2,5,10
9210205,6,3,3,3,6,0,0
9905366,16,5,11,20,0,16,68
9406391,15,6,9,17,15,0,0
9907514,12,1,11,29,0,12,67
201031,4,4,0,0,1,3,11
9305220,2,1,1,1,2,0,0
9401269,19,7,12,40,19,0,0
9604418,3,1,2,3,0,3,6
9405202,6,1,5,5,2,4,4
104048,15,8,7,9,0,15,58
9909244,22,4,18,74,0,22,183
9504320,13,4,9,19,2,11,22
106308,12,2,10,18,1,11,65
3207,4,2,2,2,0,4,25
9711263,4,2,2,2,0,4,25
4146,1,1,0,0,0,1,4
5168,1,1,0,0,0,1,2
103024,3,1,2,3,0,3,29
9506347,12,1,11,23,10,2,2
9611303,2,1,1,1,2,0,0
11153,3,3,0,0,0,3,20
9709503,3,3,0,0,1,2,11
9605405,4,3,1,1,4,0,0
102046,19,4,15,54,0,19,199
9603223,2,2,0,0,0,2,2
9907222,5,3,2,2,0,5,30
9908221,3,2,1,1,1,2,7
9605386,4,4,0,0,0,4,17
12352,51,5,46,361,0,51,132
9705419,1,1,0,0,1,0,0
108079,2,2,0,0,0,2,8
9307241,78,6,72,602,71,7,17
9711229,21,4,17,60,4,17,21
103100,5,1,4,6,0,5,35
9409274,2,1,1,1,2,0,0
9702261,2,2,0,0,0,2,4
9410332,2,2,0,0,0,2,9
9602238,33,14,19,33,9,24,92
9603241,1,1,0,0,1,0,0
211315,1,1,0,0,0,1,8
9910535,5,2,3,4,0,5,35
102128,13,8,5,7,3,10,43
9606287,13,3,10,22,3,10,10
9412225,14,7,7,8,3,11,67
9410337,18,4,14,38,3,15,26
9711488,35,7,28,106,0,35,95
9502246,3,2,1,1,0,3,6
101307,25,4,21,72,0,25,67
10088,7,3,4,7,0,7,47
9605215,16,3,13,43,8,8,9
205261,39,3,36,117,1,38,165
9501269,35,2,33,163,35,0,0
107084,4,2,2,2,1,3,7
108097,2,2,0,0,0,2,6
105145,15,5,10,28,0,15,65
204021,5,3,2,2,0,5,16
9610441,1,1,0,0,0,1,5
201130,3,3,0,0,0,3,5
9502272,4,2,2,2,4,0,0
207003,9,2,7,17,0,9,140
9408252,1,1,0,0,0,1,2
9510425,6,1,5,8,0,6,32
205011,3,1,2,2,0,3,11
9903352,2,1,1,1,0,2,3
101042,22,3,19,70,0,22,279
9903341,52,7,45,160,1,51,126
9411382,11,1,10,19,11,0,0
9612436,13,2,11,40,0,13,61
9608378,2,2,0,0,0,2,3
9312353,1,1,0,0,0,1,1
9809435,6,3,3,6,6,0,0
9502352,11,3,8,14,1,10,39
9512306,5,5,0,0,3,2,5
9705471,3,3,0,0,0,3,17
110242,9,3,6,13,0,9,72
9809292,8,3,5,7,2,6,9
9612470,1,1,0,0,0,1,3
9712216,27,8,19,40,8,19,77
9512259,8,5,3,3,0,8,9
9411213,3,2,1,1,0,3,8
9612336,7,4,3,4,7,0,0
9810412,9,3,6,25,0,9,27
101213,4,3,1,1,0,4,37
9804420,8,1,7,9,5,3,9
9904443,8,3,5,6,8,0,0
112014,4,2,2,2,0,4,10
201191,0,0,0,0,0,0,0
210083,3,2,1,1,0,3,20
9610464,8,5,3,5,1,7,45
102061,1,1,0,0,0,1,11
107270,5,4,1,1,0,5,37
9605419,7,2,5,9,2,5,23
9704450,7,3,4,5,1,6,26
9204217,9,4,5,6,9,0,0
9907401,3,1,2,2,0,3,39
9704234,10,6,4,5,1,9,50
9902244,5,3,2,2,0,5,27
9901315,3,1,2,3,0,3,12
10070,5,1,4,5,0,5,24
204010,1,1,0,0,0,1,10
9608360,3,1,2,2,0,3,6
11035,3,2,1,1,3,0,0
9302274,8,3,5,18,1,7,7
9504309,5,3,2,2,3,2,2
9510326,5,1,4,7,2,3,3
9211246,1,1,0,0,1,0,0
9705255,4,2,2,2,1,3,4
9412222,6,2,4,7,6,0,0
9707307,10,2,8,19,1,9,19
9701359,1,1,0,0,0,1,3
9512389,8,7,1,1,2,6,12
9606373,5,2,3,4,5,0,0
9605262,2,2,0,0,2,0,0
9910532,2,2,0,0,0,2,13
9911315,23,6,17,53,1,22,81
2038,16,7,9,20,2,14,41
9901244,7,2,5,6,1,6,24
9501270,2,1,1,1,0,2,2
2218,7,4,3,5,0,7,24
9305308,10,4,6,8,10,0,0
9508244,1,1,0,0,1,0,0
9810273,7,2,5,10,0,7,55
9904309,2,1,1,1,0,2,4
9506204,21,5,16,46,8,13,14
9503341,1,1,0,0,0,1,3
9209273,4,2,2,3,4,0,0
9710346,2,2,0,0,2,0,0
9705359,1,1,0,0,0,1,1
201261,1,1,0,0,0,1,8
9607227,0,0,0,0,0,0,0
9901218,1,1,0,0,0,1,4
9210271,4,2,2,2,4,0,0
105160,18,4,14,36,0,18,237
9708451,1,1,0,0,0,1,1
9404287,7,3,4,6,7,0,0
9805419,6,3,3,5,1,5,11
9506381,8,3,5,11,1,7,16
202128,0,0,0,0,0,0,0
107165,35,6,29,111,1,34,380
204270,7,1,6,13,0,7,24
3270,9,3,6,14,0,9,63
9809562,12,5,7,9,0,12,44
9512367,26,6,20,72,0,26,78
9604265,0,0,0,0,0,0,0
9812446,9,3,6,7,2,7,25
9211224,3,2,1,1,3,0,0
9154,9,6,3,5,1,8,24
108064,1,1,0,0,0,1,18
1254,1,1,0,0,0,1,12
9708488,18,7,11,23,14,4,4
9605378,2,1,1,1,0,2,7
9606432,5,2,3,4,5,0,0
9704327,17,4,13,52,1,16,171
9812385,8,6,2,2,2,6,29
9207226,17,3,14,27,17,0,0
205148,6,1,5,8,1,5,42
9810393,9,2,7,10,5,4,9
105063,11,3,8,11,1,10,58
2231,0,0,0,0,0,0,0
2241,11,7,4,9,1,10,24
103307,2,2,0,0,0,2,13
9903388,18,5,13,23,0,18,32
9802206,12,7,5,9,0,12,80
203265,2,1,1,1,1,1,2
9503373,0,0,0,0,0,0,0
206038,12,2,10,22,0,12,125
9906359,8,3,5,5,1,7,12
9504281,6,6,0,0,5,1,1
3114,20,4,16,49,0,20,71
109046,1,1,0,0,0,1,1
107126,0,0,0,0,0,0,0
210181,2,2,0,0,1,1,5
10270,4,2,2,2,0,4,13
7135,1,1,0,0,0,1,4
107053,4,3,1,1,0,4,21
7182,23,7,16,45,2,21,41
207181,0,0,0,0,0,0,0
9809430,3,1,2,3,0,3,5
9807523,4,1,3,6,0,4,8
205092,3,2,1,2,0,3,3
210005,1,1,0,0,1,0,0
9701385,3,1,2,3,0,3,5
101260,5,3,2,2,0,5,52
9802422,8,5,3,3,0,8,56
9605457,8,5,3,3,1,7,15
9601216,8,3,5,13,1,7,16
9411376,1,1,0,0,1,0,0
7257,6,3,3,5,1,5,10
9507318,3,1,2,2,2,1,4
9712304,5,2,3,5,1,4,5
108144,10,4,6,14,0,10,46
9808229,2,2,0,0,1,1,2
9609202,15,4,11,25,3,12,16
9907417,5,4,1,1,0,5,17
9907359,3,2,1,1,0,3,5
9412285,8,1,7,19,8,0,0
9508348,1,1,0,0,1,0,0
205020,5,5,0,0,0,5,15
9911331,4,2,2,3,1,3,6
202098,5,2,3,6,0,5,17
7351,2,2,0,0,0,2,31
211310,1,1,0,0,0,1,9
208069,7,4,3,3,0,7,87
103037,4,2,2,3,2,2,2
9305240,3,3,0,0,3,0,0
9712333,4,3,1,1,2,2,2
9709280,5,3,2,3,0,5,7
106054,14,7,7,9,12,2,2
9312348,1,1,0,0,1,0,0
9607454,16,6,10,30,16,0,0
111472,10,4,6,7,0,10,116
103140,2,2,0,0,0,2,20
9809412,9,2,7,12,4,5,7
8190,5,3,2,2,2,3,7
9609499,1,1,0,0,0,1,1
9308223,16,10,6,16,4,12,18
111403,3,3,0,0,0,3,15
1159,1,1,0,0,0,1,1
302138,0,0,0,0,0,0,0
9812309,10,7,3,3,2,8,10
12103,19,8,11,23,0,19,167
9707284,3,2,1,1,0,3,17
9501366,4,2,2,2,0,4,18
211406,1,1,0,0,0,1,8
9703438,15,5,10,23,0,15,82
9806425,2,1,1,1,0,2,8
9902351,6,2,4,4,0,6,9
9511236,4,3,1,1,1,3,12
201049,3,3,0,0,1,2,8
9013,2,1,1,1,0,2,17
9901323,13,1,12,46,1,12,25
9602411,11,5,6,16,0,11,51
9502347,1,1,0,0,1,0,0
9904368,5,4,1,1,0,5,33
9609482,13,7,6,7,0,13,24
9901258,3,2,1,1,0,3,11
9403339,7,2,5,9,3,4,4
7276,4,2,2,3,0,4,42
9804219,4,3,1,1,1,3,6
205165,6,5,1,1,0,6,42
9706447,3,3,0,0,0,3,13
9412331,1,1,0,0,0,1,1
9204213,3,2,1,1,3,0,0
9802387,20,3,17,40,3,17,22
9806466,3,3,0,0,2,1,2
111092,5,4,1,1,0,5,67
9608481,7,1,6,8,1,6,8
9609401,11,5,6,15,3,8,27
9209288,3,1,2,3,3,0,0
9707508,2,2,0,0,1,1,4
9805205,3,3,0,0,3,0,0
9708336,7,2,5,6,7,0,0
8007,5,3,2,3,0,5,51
9903213,1,1,0,0,0,1,3
106198,11,3,8,13,0,11,38
5076,13,4,9,28,0,13,38
210183,3,2,1,1,0,3,11
9804383,2,2,0,0,0,2,6
9603320,3,1,2,3,3,0,0
9411445,6,3,3,5,0,6,12
205215,0,0,0,0,0,0,0
9907294,4,2,2,3,0,4,22
102113,5,4,1,1,0,5,36
9410220,2,1,1,1,2,0,0
5230,2,2,0,0,0,2,4
9812313,4,3,1,2,0,4,25
203129,2,1,1,1,0,2,13
202100,2,2,0,0,0,2,4
9707321,2,2,0,0,0,2,5
202214,2,2,0,0,0,2,3
112210,4,4,0,0,0,4,36
9904284,7,4,3,5,1,6,23
9610500,1,1,0,0,1,0,0
9909278,2,1,1,1,0,2,9
10122,3,2,1,1,0,3,10
12187,1,1,0,0,0,1,2
3311,2,1,1,1,2,0,0
8327,2,2,0,0,0,2,7
9907412,3,1,2,2,0,3,5
201076,2,2,0,0,1,1,5
9501367,1,1,0,0,1,0,0
204200,5,4,1,2,0,5,65
9809478,2,1,1,1,0,2,7
9911442,9,2,7,14,4,5,21
9603224,0,0,0,0,0,0,0
9805366,2,2,0,0,0,2,5
9909470,5,3,2,3,3,2,2
9602412,7,5,2,3,0,7,14
9601267,7,6,1,1,0,7,18
4160,1,1,0,0,0,1,6
9502386,5,2,3,5,5,0,0
205093,3,3,0,0,0,3,5
7017,1,1,0,0,0,1,17
12082,7,2,5,8,2,5,9
9310222,6,4,2,3,5,1,1
9612325,5,2,3,5,1,4,13
9902390,5,1,4,4,0,5,51
103102,17,9,8,15,2,15,80
9608482,4,3,1,2,4,0,0
4196,3,3,0,0,0,3,12
9408201,4,2,2,2,2,2,2
4031,9,5,4,5,1,8,20
9705331,0,0,0,0,0,0,0
206290,5,4,1,1,0,5,48
9912284,12,4,8,20,1,11,57
9507356,0,0,0,0,0,0,0
111395,1,1,0,0,0,1,2
9605284,0,0,0,0,0,0,0
9806497,0,0,0,0,0,0,0
9909536,5,3,2,5,1,4,21
9707382,3,3,0,0,0,3,6
208199,1,1,0,0,0,1,1
9406218,5,3,2,3,3,2,2
9605253,0,0,0,0,0,0,0
9313,3,1,2,2,0,3,13
9910352,8,3,5,14,0,8,31
9403377,0,0,0,0,0,0,0
209005,1,1,0,0,0,1,7
1042,3,2,1,1,1,2,4
9610287,0,0,0,0,0,0,0
9911399,3,3,0,0,2,1,1
103233,7,4,3,3,2,5,5
9906207,1,1,0,0,0,1,3
1279,1,1,0,0,0,1,6
9408283,4,2,2,3,4,0,0
102038,3,2,1,1,0,3,3
9324,5,2,3,6,0,5,125
9607429,2,1,1,1,0,2,5
9904390,2,2,0,0,0,2,3
203041,4,1,3,4,0,4,76
9503282,8,1,7,14,0,8,32
9812217,2,2,0,0,1,1,1
202049,2,2,0,0,0,2,13
9703368,2,2,0,0,0,2,3
9302205,0,0,0,0,0,0,0
9409370,0,0,0,0,0,0,0
112284,4,2,2,2,1,3,18
209271,0,0,0,0,0,0,0
111405,0,0,0,0,0,0,0
9908528,11,3,8,21,0,11,91
9812430,3,3,0,0,1,2,11
9401316,2,2,0,0,0,2,4
112009,1,1,0,0,0,1,2
9309323,7,4,3,5,7,0,0
111428,0,0,0,0,0,0,0
8198,1,1,0,0,0,1,2
9405349,3,2,1,1,1,2,2
9405260,0,0,0,0,0,0,0
207294,4,4,0,0,1,3,6
108119,1,1,0,0,0,1,3
209241,2,2,0,0,0,2,7
110033,5,2,3,4,0,5,17
109150,2,2,0,0,0,2,7
9909211,8,2,6,18,0,8,30
7014,2,2,0,0,0,2,13
11192,12,7,5,5,1,11,39
207067,1,1,0,0,0,1,10
111450,0,0,0,0,0,0,0
9911346,2,1,1,1,0,2,3
201045,1,1,0,0,0,1,10
9506396,2,1,1,1,0,2,2
6203,1,1,0,0,0,1,6
9707499,1,1,0,0,0,1,4
9804314,0,0,0,0,0,0,0
9702330,1,1,0,0,1,0,0
9908335,1,1,0,0,1,0,0
9509331,9,5,4,5,1,8,9
9909323,1,1,0,0,1,0,0
9608240,2,1,1,1,0,2,3
209269,6,3,3,4,0,6,96
9301257,4,1,3,4,4,0,0
10114,8,3,5,9,2,6,15
9302235,1,1,0,0,1,0,0
3273,2,2,0,0,1,1,1
9807347,2,2,0,0,0,2,28
9912505,5,3,2,4,0,5,31
111060,2,1,1,1,0,2,39
9707361,1,1,0,0,0,1,1
9709202,1,1,0,0,0,1,1
9807433,1,1,0,0,0,1,1
11335,2,2,0,0,1,1,2
301093,1,1,0,0,0,1,2
212242,1,1,0,0,0,1,5
9310353,2,2,0,0,1,1,1
9910272,3,2,1,1,3,0,0
8131,3,2,1,1,0,3,30
9405417,0,0,0,0,0,0,0
9507215,4,1,3,6,4,0,0
103084,4,1,3,3,0,4,36
9812464,3,2,1,2,3,0,0
209164,2,2,0,0,1,1,6
109155,0,0,0,0,0,0,0
8126,2,2,0,0,0,2,5
9904280,15,3,12,37,1,14,50
9806377,1,1,0,0,1,0,0
9710540,2,2,0,0,0,2,7
205177,1,1,0,0,0,1,12
9212256,5,1,4,7,5,0,0
9712204,5,3,2,2,4,1,1
9609411,4,3,1,1,1,3,12
9312305,8,7,1,1,8,0,0
9906554,1,1,0,0,0,1,6
9607479,2,2,0,0,0,2,7
212352,2,2,0,0,0,2,2
9912514,2,2,0,0,0,2,5
9410201,1,1,0,0,0,1,2
208249,5,5,0,0,0,5,29
9805441,1,1,0,0,0,1,10
9511369,2,1,1,1,0,2,3
9702250,1,1,0,0,0,1,2
9902422,1,1,0,0,0,1,2
9909246,8,2,6,12,1,7,17
9807276,2,1,1,1,0,2,3
9409241,2,2,0,0,0,2,4
112004,4,3,1,1,0,4,20
10098,0,0,0,0,0,0,0
9603256,0,0,0,0,0,0,0
9302241,1,1,0,0,1,0,0
9706393,2,2,0,0,0,2,8
8315,4,1,3,3,1,3,3
104031,5,2,3,4,2,3,5
301085,0,0,0,0,0,0,0
9804248,4,2,2,4,1,3,5
9203217,2,1,1,1,2,0,0
9510339,0,0,0,0,0,0,0
9501326,0,0,0,0,0,0,0
9906447,2,2,0,0,2,0,0
302142,0,0,0,0,0,0,0
103145,1,1,0,0,0,1,4
209073,9,6,3,3,0,9,50
9410241,1,1,0,0,1,0,0
9903445,5,3,2,3,0,5,7
9808369,1,1,0,0,0,1,8
205014,4,4,0,0,0,4,20
202059,1,1,0,0,0,1,1
9809327,0,0,0,0,0,0,0
9807342,3,3,0,0,1,2,2
9705291,5,1,4,6,5,0,0
110330,0,0,0,0,0,0,0
206166,2,2,0,0,0,2,7
9711278,0,0,0,0,0,0,0
302256,0,0,0,0,0,0,0
206199,3,3,0,0,0,3,17
9609531,0,0,0,0,0,0,0
9809585,2,1,1,1,1,1,1
9607358,1,1,0,0,0,1,2
101061,2,2,0,0,0,2,5
9806495,2,1,1,1,2,0,0
105107,6,4,2,3,0,6,15
9505303,2,1,1,1,2,0,0
9702328,0,0,0,0,0,0,0
9901338,3,1,2,2,0,3,6
5283,1,1,0,0,0,1,1
9807571,0,0,0,0,0,0,0
101156,1,1,0,0,0,1,1
9803482,0,0,0,0,0,0,0
212035,3,3,0,0,0,3,50
103344,1,1,0,0,0,1,1
7221,2,1,1,1,2,0,0
9701391,0,0,0,0,0,0,0
5184,0,0,0,0,0,0,0
11116,2,1,1,1,0,2,13
206250,0,0,0,0,0,0,0
106022,2,2,0,0,0,2,5
7309,6,5,1,1,0,6,12
9412321,0,0,0,0,0,0,0
206238,2,1,1,1,0,2,15
9405284,1,1,0,0,1,0,0
110316,1,1,0,0,0,1,16
207112,0,0,0,0,0,0,0
9412326,3,1,2,3,1,2,3
107032,1,1,0,0,0,1,3
209015,1,1,0,0,0,1,3
9501207,2,2,0,0,2,0,0
102079,2,2,0,0,0,2,10
5315,2,1,1,1,2,0,0
9904361,1,1,0,0,0,1,11
9904403,1,1,0,0,1,0,0
101114,2,2,0,0,0,2,6
9912456,0,0,0,0,0,0,0
9507466,3,3,0,0,2,1,3
9909330,0,0,0,0,0,0,0
9710201,1,1,0,0,1,0,0
9120,0,0,0,0,0,0,0
207373,3,2,1,1,0,3,31
301055,2,1,1,1,0,2,22
10039,1,1,0,0,0,1,1
109050,1,1,0,0,1,0,0
12360,4,2,2,3,0,4,27
9712207,1,1,0,0,1,0,0
211248,0,0,0,0,0,0,0
4132,0,0,0,0,0,0,0
211182,0,0,0,0,0,0,0
1179,0,0,0,0,0,0,0
9505273,5,3,2,2,0,5,5
205115,0,0,0,0,0,0,0
9809419,0,0,0,0,0,0,0
9602261,1,1,0,0,0,1,3
9605244,0,0,0,0,0,0,0
9238,0,0,0,0,0,0,0
210346,0,0,0,0,0,0,0
9505444,1,1,0,0,1,0,0
9804210,5,3,2,2,0,5,38
112321,0,0,0,0,0,0,0
9312208,0,0,0,0,0,0,0
109227,1,1,0,0,0,1,1
7040,0,0,0,0,0,0,0
110415,0,0,0,0,0,0,0
9805310,0,0,0,0,0,0,0
211050,1,1,0,0,0,1,1
211400,0,0,0,0,0,0,0
9401215,1,1,0,0,1,0,0
9601207,0,0,0,0,0,0,0
9802225,2,2,0,0,0,2,2
209046,1,1,0,0,0,1,2
9711431,1,1,0,0,1,0,0
9211334,9,4,5,6,9,0,0
9911409,0,0,0,0,0,0,0
110337,1,1,0,0,0,1,4
210153,0,0,0,0,0,0,0
112044,3,2,1,1,0,3,9
9308361,1,1,0,0,0,1,1
9609219,4,1,3,5,4,0,0
101282,0,0,0,0,0,0,0
9909363,2,2,0,0,0,2,6
207143,2,1,1,1,2,0,0
105114,1,1,0,0,0,1,5
203217,0,0,0,0,0,0,0
110099,0,0,0,0,0,0,0
107160,1,1,0,0,1,0,0
9910421,4,1,3,6,0,4,4
205200,0,0,0,0,0,0,0
9912529,0,0,0,0,0,0,0
206041,1,1,0,0,1,0,0
3109,1,1,0,0,0,1,2
9904326,2,2,0,0,1,1,1
9906239,3,1,2,3,3,0,0
211048,0,0,0,0,0,0,0
9807493,3,3,0,0,0,3,5
212053,0,0,0,0,0,0,0
9407403,1,1,0,0,1,0,0
101252,0,0,0,0,0,0,0
211350,0,0,0,0,0,0,0
9707534,2,2,0,0,0,2,3
111329,0,0,0,0,0,0,0
9803211,1,1,0,0,1,0,0
206130,2,2,0,0,0,2,6
9611226,1,1,0,0,1,0,0
5105,4,1,3,5,0,4,73
9806538,1,1,0,0,0,1,3
12252,1,1,0,0,1,0,0
3223,0,0,0,0,0,0,0
211166,0,0,0,0,0,0,0
9711404,1,1,0,0,1,0,0
9802295,0,0,0,0,0,0,0
9602430,0,0,0,0,0,0,0
301199,0,0,0,0,0,0,0
202051,0,0,0,0,0,0,0
201200,0,0,0,0,0,0,0
9612317,0,0,0,0,0,0,0
9410239,1,1,0,0,1,0,0
9706241,0,0,0,0,0,0,0
106340,2,1,1,1,2,0,0
201060,0,0,0,0,0,0,0
9806443,0,0,0,0,0,0,0
9610519,0,0,0,0,0,0,0
9807273,0,0,0,0,0,0,0
111163,0,0,0,0,0,0,0
9707527,0,0,0,0,0,0,0
12149,2,2,0,0,2,0,0
205036,0,0,0,0,0,0,0
204246,1,1,0,0,0,1,3
9912553,0,0,0,0,0,0,0
302190,0,0,0,0,0,0,0
210408,1,1,0,0,0,1,10
9303212,2,2,0,0,2,0,0
9412233,2,2,0,0,2,0,0
203219,0,0,0,0,0,0,0
210161,3,2,1,1,0,3,39
209205,1,1,0,0,0,1,6
112318,0,0,0,0,0,0,0
9608442,0,0,0,0,0,0,0
9911417,0,0,0,0,0,0,0
9501401,0,0,0,0,0,0,0
5091,1,1,0,0,0,1,4
106282,1,1,0,0,0,1,4
9905517,0,0,0,0,0,0,0
106074,0,0,0,0,0,0,0
1262,0,0,0,0,0,0,0
6298,0,0,0,0,0,0,0
104208,2,2,0,0,0,2,3
4261,0,0,0,0,0,0,0
9809350,0,0,0,0,0,0,0
9605380,0,0,0,0,0,0,0
302241,0,0,0,0,0,0,0
101356,0,0,0,0,0,0,0
209332,3,3,0,0,0,3,20
9305338,2,1,1,1,2,0,0
212094,0,0,0,0,0,0,0
209023,0,0,0,0,0,0,0
9605415,0,0,0,0,0,0,0
9312242,0,0,0,0,0,0,0
211345,1,1,0,0,0,1,2
208195,0,0,0,0,0,0,0
7124,0,0,0,0,0,0,0
11180,0,0,0,0,0,0,0
205304,1,1,0,0,0,1,2
9906382,1,1,0,0,0,1,3
207050,0,0,0,0,0,0,0
101107,1,1,0,0,0,1,2
201271,2,2,0,0,0,2,8
9412316,0,0,0,0,0,0,0
9404304,0,0,0,0,0,0,0
9805504,1,1,0,0,0,1,7
112122,0,0,0,0,0,0,0
9611424,1,1,0,0,0,1,1
11175,2,2,0,0,0,2,30
9507252,1,1,0,0,0,1,3
212260,0,0,0,0,0,0,0
11140,0,0,0,0,0,0,0
109044,1,1,0,0,0,1,1
10314,1,1,0,0,0,1,1
111110,2,1,1,1,0,2,2
12064,0,0,0,0,0,0,0
209075,0,0,0,0,0,0,0
12200,0,0,0,0,0,0,0
9908517,0,0,0,0,0,0,0
301214,0,0,0,0,0,0,0
10311,0,0,0,0,0,0,0
301275,0,0,0,0,0,0,0
9504303,0,0,0,0,0,0,0
9604291,0,0,0,0,0,0,0
9605390,0,0,0,0,0,0,0
104305,1,1,0,0,0,1,1
108209,0,0,0,0,0,0,0
9905238,0,0,0,0,0,0,0
210409,0,0,0,0,0,0,0
209030,1,1,0,0,0,1,2
9912203,1,1,0,0,0,1,1
9905234,1,1,0,0,1,0,0
103098,0,0,0,0,0,0,0
212276,0,0,0,0,0,0,0
204026,0,0,0,0,0,0,0
212176,0,0,0,0,0,0,0
9804256,0,0,0,0,0,0,0
207305,0,0,0,0,0,0,0
2201,0,0,0,0,0,0,0
9703237,4,1,3,4,4,0,0
9909280,1,1,0,0,0,1,5
9809515,0,0,0,0,0,0,0
207175,0,0,0,0,0,0,0
301025,0,0,0,0,0,0,0
106048,0,0,0,0,0,0,0
108269,1,1,0,0,1,0,0
206165,0,0,0,0,0,0,0
9803436,0,0,0,0,0,0,0
9810481,0,0,0,0,0,0,0
9123,0,0,0,0,0,0,0
210040,0,0,0,0,0,0,0
9605341,0,0,0,0,0,0,0
12245,0,0,0,0,0,0,0
206012,0,0,0,0,0,0,0
9503292,1,1,0,0,1,0,0
9605290,1,1,0,0,1,0,0
210142,0,0,0,0,0,0,0
9707315,1,1,0,0,0,1,4
210137,0,0,0,0,0,0,0
101214,0,0,0,0,0,0,0
9612350,0,0,0,0,0,0,0
212198,0,0,0,0,0,0,0
302063,0,0,0,0,0,0,0
112201,0,0,0,0,0,0,0
109196,0,0,0,0,0,0,0
202273,0,0,0,0,0,0,0
10268,0,0,0,0,0,0,0
9306249,0,0,0,0,0,0,0
9708293,0,0,0,0,0,0,0
9708251,1,1,0,0,0,1,3
9709456,0,0,0,0,0,0,0
301239,0,0,0,0,0,0,0
209170,0,0,0,0,0,0,0
112262,0,0,0,0,0,0,0
9712265,0,0,0,0,0,0,0
210246,0,0,0,0,0,0,0
212301,0,0,0,0,0,0,0
9296,0,0,0,0,0,0,0
9507272,0,0,0,0,0,0,0
211304,0,0,0,0,0,0,0
211133,0,0,0,0,0,0,0
9906472,0,0,0,0,0,0,0
9606283,1,1,0,0,1,0,0
9806527,0,0,0,0,0,0,0
9701414,0,0,0,0,0,0,0
9507295,0,0,0,0,0,0,0
9501264,0,0,0,0,0,0,0
9707528,1,1,0,0,1,0,0
9609421,1,1,0,0,0,1,4
9408347,0,0,0,0,0,0,0
301212,0,0,0,0,0,0,0
211391,0,0,0,0,0,0,0
9611295,2,1,1,1,2,0,0
9409328,0,0,0,0,0,0,0
9703416,2,1,1,1,0,2,2
211338,1,1,0,0,0,1,1
9710260,0,0,0,0,0,0,0
210252,1,1,0,0,1,0,0
9802203,0,0,0,0,0,0,0
209012,0,0,0,0,0,0,0
111456,0,0,0,0,0,0,0
9609519,0,0,0,0,0,0,0
301182,0,0,0,0,0,0,0
9707252,0,0,0,0,0,0,0
9801310,0,0,0,0,0,0,0
201169,0,0,0,0,0,0,0
9607346,0,0,0,0,0,0,0
104206,0,0,0,0,0,0,0
9409360,0,0,0,0,0,0,0
301116,0,0,0,0,0,0,0
9904381,0,0,0,0,0,0,0
302140,0,0,0,0,0,0,0
208051,0,0,0,0,0,0,0
204053,0,0,0,0,0,0,0
8142,0,0,0,0,0,0,0
9411291,0,0,0,0,0,0,0
108032,0,0,0,0,0,0,0
4057,1,1,0,0,0,1,2
9907396,0,0,0,0,0,0,0
9501243,0,0,0,0,0,0,0
9710535,0,0,0,0,0,0,0
9912233,0,0,0,0,0,0,0
106284,0,0,0,0,0,0,0
211427,0,0,0,0,0,0,0
9912346,0,0,0,0,0,0,0
6008,0,0,0,0,0,0,0
1277,1,1,0,0,1,0,0
208167,0,0,0,0,0,0,0
212287,0,0,0,0,0,0,0
9405341,68,6,62,325,40,28,32
1297,36,13,23,54,8,28,126
101118,15,4,11,24,0,15,117
9903456,65,9,56,301,6,59,608
9311339,91,17,74,499,33,58,127
9412375,24,4,20,46,16,8,12
9612262,19,6,13,22,0,19,88
9912288,4,3,1,1,1,3,6
107002,47,12,35,121,0,47,128
9306323,21,5,16,62,21,0,0
9801317,6,4,2,2,5,1,1
9704448,135,29,106,556,53,82,249
9608317,48,7,41,157,43,5,5
9512264,53,7,46,181,14,39,73
9505433,57,7,50,361,57,0,0
9705341,20,3,17,45,1,19,75
9812387,10,4,6,8,2,8,33
203056,27,16,11,22,0,27,479
9406375,5,4,1,1,2,3,4
9806287,33,9,24,91,0,33,234
9805373,103,5,98,908,14,89,191
9510308,25,1,24,138,2,23,47
9910366,20,5,15,28,1,19,51
102083,4,3,1,1,0,4,21
9901389,99,1,98,871,1,98,519
9507269,15,3,12,37,3,12,25
9408256,0,0,0,0,0,0,0
9308338,10,5,5,7,4,6,10
9406404,12,1,11,28,1,11,21
9304307,108,17,91,355,99,9,9
9406423,20,3,17,41,10,10,32
9212278,111,7,104,626,111,0,0
9609276,55,6,49,307,21,34,79
9808272,117,12,105,583,6,111,323
9912457,61,6,55,289,1,60,360
9402229,44,12,32,113,4,40,100
9906487,74,5,69,535,2,72,575
9807386,47,6,41,206,0,47,211
9904338,32,7,25,76,3,29,106
9706230,34,12,22,73,3,31,110
9711400,27,7,20,82,5,22,156
9804400,47,9,38,181,7,40,113
9702229,2,2,0,0,1,1,3
9710491,25,7,18,39,18,7,7
9802209,43,9,34,154,1,42,358
9208230,32,10,22,40,22,10,10
9810387,11,6,5,11,1,10,39
9702421,27,5,22,98,14,13,17
9808321,4,2,2,3,1,3,12
9411366,82,3,79,561,50,32,53
9303275,18,7,11,18,18,0,0
9207237,11,2,9,29,11,0,0
9507348,28,6,22,54,7,21,39
9612332,32,3,29,146,23,9,12
9811463,20,4,16,45,3,17,74
9403350,30,3,27,125,8,22,29
9209220,53,15,38,145,48,5,5
9603219,15,4,11,24,8,7,10
9706510,9,4,5,7,4,5,14
102017,23,2,21,79,1,22,182
9409244,92,10,82,635,30,62,235
9801298,26,5,21,40,0,26,76
9806348,68,12,56,412,1,67,732
9906286,49,8,41,139,1,48,315
7318,12,1,11,44,12,0,0
9512396,111,4,107,1184,23,88,156
9612464,51,11,40,125,1,50,371
9706554,28,6,22,67,0,28,192
7080,4,3,1,1,0,4,53
9704355,17,3,14,21,10,7,7
2161,37,6,31,89,1,36,343
9212266,21,6,15,33,16,5,5
9812444,5,3,2,3,0,5,13
9704272,35,8,27,77,6,29,79
9701396,66,11,55,349,1,65,289
9702318,60,6,54,253,1,59,264
9704300,14,5,9,15,11,3,5
9803422,2,2,0,0,0,2,6
9610280,39,20,19,35,14,25,53
9610396,30,5,25,91,2,28,142
9307369,9,2,7,10,9,0,0
9307310,7,4,3,4,7,0,0
9604238,0,0,0,0,0,0,0
9603443,7,3,4,4,1,6,11
9406289,57,16,41,255,7,50,127
9602299,55,4,51,352,18,37,79
9805476,4,1,3,3,0,4,18
9412323,2,2,0,0,0,2,2
9409393,64,8,56,442,1,63,234
9601359,20,3,17,58,2,18,110
9802365,36,3,33,222,0,36,219
9607290,50,8,42,139,16,34,71
9608229,41,1,40,239,24,17,17
9603285,44,11,33,87,11,33,68
9610215,1,1,0,0,0,1,3
9611432,2,2,0,0,0,2,2
1040,28,6,22,78,4,24,83
9603270,4,2,2,3,2,2,2
9902230,9,2,7,18,0,9,33
9506430,16,3,13,30,16,0,0
9403313,14,4,10,26,2,12,22
9907501,6,1,5,10,0,6,49
9907363,8,4,4,5,2,6,31
9405314,11,5,6,8,1,10,10
9511409,16,8,8,22,3,13,278
9511391,26,4,22,71,4,22,78
9302208,66,10,56,192,63,3,3
9601356,49,5,44,248,5,44,174
103314,11,6,5,7,2,9,19
9708412,16,3,13,33,7,9,12
9807396,7,2,5,12,0,7,31
9303276,10,4,6,8,2,8,11
9401211,35,8,27,95,11,24,48
9810216,61,5,56,347,2,59,234
9307363,21,9,12,38,13,8,9
9907502,18,3,15,43,4,14,26
9901319,28,4,24,138,0,28,344
9805473,32,8,24,67,3,29,86
9808474,8,4,4,7,0,8,8
9706206,30,4,26,132,2,28,142
9812363,16,2,14,41,4,12,27
9911340,23,5,18,58,2,21,130
9912484,4,2,2,3,0,4,10
1095,41,3,38,216,0,41,434
111178,5,1,4,9,0,5,43
9906551,52,4,48,413,1,51,514
9311256,8,2,6,10,7,1,1
9406210,21,7,14,40,2,19,55
9910295,14,5,9,22,0,14,81
101289,4,3,1,1,0,4,21
102307,17,5,12,30,6,11,25
9812483,59,5,54,327,6,53,490
9908363,43,9,34,151,43,0,0
9910506,10,8,2,2,1,9,30
9707249,30,10,20,67,1,29,169
9505304,39,6,33,110,11,28,33
9707434,7,2,5,6,7,0,0
9409266,3,1,2,2,0,3,3
108171,2,2,0,0,0,2,23
9705361,18,4,14,66,4,14,14
9802358,30,7,23,61,1,29,103
9204211,71,20,51,199,71,0,0
9508237,22,5,17,36,18,4,9
9508265,25,8,17,35,5,20,56
9201,7,4,3,4,0,7,37
9406431,27,7,20,85,27,0,0
9812236,53,8,45,175,2,51,175
9907458,7,6,1,2,1,6,28
9606337,167,5,162,1769,4,163,669
9901219,14,3,11,17,1,13,36
9804428,14,4,10,18,0,14,53
9910315,19,9,10,18,1,18,53
9902323,76,3,73,608,2,74,240
9410323,2,2,0,0,2,0,0
9501296,15,5,10,27,1,14,44
9406243,1,1,0,0,1,0,0
9704260,20,7,13,36,1,19,142
203075,5,3,2,3,1,4,10
9709242,5,4,1,1,0,5,11
9609430,9,5,4,4,1,8,80
9606269,10,2,8,18,1,9,15
9501298,19,9,10,10,4,15,42
5261,45,5,40,138,0,45,189
9205,21,4,17,31,0,21,81
9403381,13,4,9,26,3,10,16
9704358,7,2,5,15,0,7,49
102157,103,7,96,960,1,102,517
101020,12,2,10,19,0,12,62
3154,83,22,61,239,4,79,948
9411444,25,4,21,68,2,23,36
9906296,53,3,50,294,0,53,195
107316,33,7,26,60,0,33,522
9809223,34,10,24,40,3,31,99
9805378,17,8,9,12,5,12,35
9910465,22,4,18,46,0,22,57
9911245,36,11,25,91,2,34,325
11190,6,5,1,1,6,0,0
8245,16,5,11,27,1,15,122
9801437,20,7,13,17,5,15,27
9507250,12,3,9,25,12,0,0
7198,16,10,6,8,15,1,1
9606312,9,4,5,9,3,6,25
9605270,8,4,4,6,1,7,16
9407293,18,3,15,88,3,15,15
9910481,17,4,13,45,0,17,147
9405340,51,13,38,127,25,26,42
2077,13,4,9,21,2,11,21
9708452,8,2,6,11,0,8,34
9904504,36,5,31,131,0,36,454
9909240,4,1,3,4,0,4,28
9704372,7,6,1,2,7,0,0
9810206,15,8,7,19,1,14,40
12007,17,2,15,59,0,17,155
102033,21,5,16,49,3,18,27
9801261,3,3,0,0,3,0,0
201127,30,9,21,60,3,27,191
9210281,17,4,13,33,17,0,0
202124,14,3,11,43,0,14,234
9807264,66,12,54,241,36,30,41
9908299,19,1,18,50,0,19,151
9807358,97,10,87,387,3,94,635
9512390,6,2,4,5,1,5,10
3089,17,5,12,32,0,17,148
9904266,41,5,36,263,0,41,706
9909294,4,3,1,1,0,4,22
10037,10,4,6,9,8,2,2
9707425,14,1,13,26,0,14,119
9609480,29,11,18,34,11,18,45
5104,10,5,5,7,3,7,32
9508271,59,3,56,474,15,44,56
9412365,8,3,5,7,1,7,25
9902428,3,3,0,0,0,3,14
7244,2,1,1,1,0,2,13
9908435,14,4,10,14,1,13,50
4255,13,2,11,31,0,13,90
101081,3,2,1,1,0,3,47
9908283,23,7,16,42,1,22,85
9401338,6,5,1,2,1,5,5
9302268,6,4,2,3,6,0,0
9809232,2,2,0,0,1,1,3
9605428,17,5,12,19,11,6,6
9706541,5,3,2,3,0,5,45
9701324,10,2,8,24,2,8,13
9807413,6,3,3,3,4,2,2
9512333,4,2,2,2,2,2,4
9706279,9,6,3,4,0,9,38
9309232,10,1,9,35,10,0,0
9706231,4,3,1,1,0,4,22
9701305,10,6,4,8,2,8,33
103058,15,2,13,39,0,15,83
9612333,30,13,17,35,5,25,88
9710354,47,5,42,171,4,43,192
9408235,2,1,1,1,2,0,0
105348,4,4,0,0,0,4,21
7341,4,3,1,1,1,3,13
9508398,17,6,11,18,14,3,3
9409289,8,2,6,10,8,0,0
9908425,17,4,13,29,1,16,87
1312,24,5,19,61,2,22,193
9710451,38,11,27,70,6,32,99
9711350,4,1,3,6,4,0,0
9506355,4,4,0,0,1,3,6
9711227,74,7,67,371,1,73,413
11215,62,28,34,69,11,51,260
2182,10,1,9,21,0,10,66
9801281,12,7,5,12,1,11,31
9710224,20,8,12,26,2,18,70
9710465,16,7,9,16,0,16,109
9409416,12,3,9,22,4,8,23
9408346,70,12,58,290,21,49,93
9912504,6,3,3,4,0,6,72
9605417,8,1,7,15,2,6,8
9603360,5,3,2,3,3,2,2
9703280,16,3,13,34,0,16,133
9510208,12,4,8,16,0,12,78
9605207,10,4,6,30,0,10,23
9612489,3,2,1,1,0,3,12
9608355,4,1,3,3,2,2,3
9708302,7,4,3,5,2,5,11
9609417,3,1,2,2,1,2,2
9412237,9,5,4,8,0,9,30
9503450,1,1,0,0,1,0,0
9605266,55,1,54,374,3,52,195
9309242,6,1,5,9,1,5,5
9502245,6,2,4,4,1,5,9
9305248,12,3,9,32,12,0,0
9512278,7,2,5,7,0,7,23
9604417,26,4,22,116,0,26,81
10335,4,2,2,3,0,4,19
9807432,3,1,2,2,1,2,2
9709466,2,2,0,0,0,2,2
9912295,20,5,15,33,1,19,111
9503238,20,6,14,41,3,17,22
9907515,7,1,6,9,1,6,6
9704219,6,4,2,3,0,6,14
9811369,15,4,11,28,0,15,197
9810350,5,1,4,9,5,0,0
9812279,2,2,0,0,1,1,1
5220,2,1,1,1,2,0,0
6047,21,4,17,43,0,21,109
9307297,13,3,10,23,8,5,5
9704297,29,8,21,48,1,28,234
9306207,24,12,12,15,21,3,5
205257,4,3,1,1,0,4,26
11115,4,2,2,2,0,4,23
9912448,8,2,6,12,0,8,20
3105,18,1,17,77,3,15,46
4159,2,1,1,1,1,1,5
9303256,5,4,1,1,3,2,2
9810344,1,1,0,0,0,1,6
11083,8,6,2,2,1,7,94
6307,37,11,26,81,2,35,272
9805327,12,1,11,19,4,8,45
7222,23,6,17,34,0,23,122
9612405,5,2,3,5,0,5,21
9909418,24,4,20,89,0,24,329
2172,2,2,0,0,0,2,9
9209261,13,8,5,5,13,0,0
103126,8,4,4,16,0,8,47
9407347,25,4,21,67,12,13,26
9304234,17,3,14,27,17,0,0
9304211,32,3,29,112,32,0,0
9407317,25,7,18,87,1,24,73
9708211,15,3,12,25,0,15,85
9504239,28,11,17,42,10,18,81
107214,0,0,0,0,0,0,0
9701353,22,4,18,45,1,21,25
110194,5,2,3,4,0,5,34
9302219,12,3,9,18,12,0,0
9404296,11,6,5,10,2,9,35
3276,1,1,0,0,0,1,3
6309,5,3,2,2,0,5,35
9509281,3,3,0,0,1,2,2
9702334,14,7,7,11,0,14,28
9303224,7,3,4,8,7,0,0
9801270,16,10,6,7,6,10,53
9503278,20,2,18,53,0,20,39
9701400,23,4,19,47,2,21,55
108177,89,19,70,253,3,86,440
9412289,3,2,1,1,3,0,0
9509321,11,3,8,26,4,7,7
104236,10,4,6,17,0,10,110
9504238,22,3,19,28,9,13,30
9404331,6,3,3,5,4,2,2
108017,3,1,2,2,0,3,16
9604221,3,3,0,0,1,2,2
9712355,3,2,1,1,0,3,5
9909496,9,5,4,7,0,9,37
9609364,18,9,9,22,2,16,60
7093,5,5,0,0,0,5,12
9608320,8,3,5,6,0,8,14
103300,25,8,17,79,2,23,55
9509238,12,3,9,14,0,12,21
9305247,17,9,8,16,17,0,0
9910365,38,14,24,47,5,33,181
205158,1,1,0,0,1,0,0
9610504,6,2,4,7,0,6,16
9809524,22,5,17,65,1,21,56
9605354,3,3,0,0,0,3,14
9909217,20,6,14,26,1,19,206
9911334,2,2,0,0,0,2,4
9405329,9,6,3,3,3,6,11
106166,60,3,57,493,0,60,295
9708431,10,7,3,7,0,10,23
104278,5,2,3,3,0,5,120
9307242,64,6,58,483,64,0,0
9802404,7,2,5,6,0,7,14
103244,6,1,5,8,0,6,19
9412309,11,2,9,21,7,4,7
9703206,1,1,0,0,0,1,5
301232,0,0,0,0,0,0,0
9606300,2,2,0,0,0,2,2
9401329,6,4,2,3,6,0,0
211462,5,4,1,1,0,5,22
1087,14,5,9,18,0,14,242
102207,6,3,3,4,0,6,27
112300,26,10,16,27,2,24,160
9504337,17,6,11,21,15,2,4
9908466,9,1,8,12,0,9,31
9712351,23,7,16,29,1,22,87
210276,5,4,1,1,0,5,15
105278,5,3,2,2,0,5,10
10178,35,7,28,100,22,13,19
9608477,18,6,12,28,1,17,29
206162,44,8,36,103,1,43,253
9509370,9,3,6,14,0,9,9
12379,23,6,17,47,7,16,27
9907331,9,2,7,17,1,8,22
9701419,21,6,15,65,1,20,40
204360,16,8,8,14,1,15,95
1073,3,3,0,0,0,3,25
8020,17,4,13,23,0,17,73
9509345,2,2,0,0,0,2,6
112337,3,2,1,2,0,3,19
9903386,4,3,1,1,2,2,5
9510435,3,3,0,0,2,1,1
9806489,8,4,4,9,5,3,4
9904362,2,2,0,0,0,2,4
102009,46,4,42,237,0,46,666
9311294,11,5,6,16,11,0,0
9610217,26,5,21,109,16,10,10
101306,3,3,0,0,0,3,21
9712256,5,5,0,0,0,5,39
9411236,2,2,0,0,2,0,0
11055,13,3,10,19,0,13,263
9504217,10,3,7,16,0,10,89
9612377,11,2,9,23,0,11,60
9803222,11,8,3,4,3,8,11
110309,3,2,1,1,0,3,15
9810531,5,1,4,4,2,3,5
9408230,1,1,0,0,1,0,0
9807488,16,6,10,18,1,15,54
9606471,4,4,0,0,2,2,4
9610266,4,3,1,1,0,4,22
9802211,5,3,2,2,1,4,5
203254,5,2,3,4,0,5,105
103335,16,2,14,74,0,16,195
9803272,18,4,14,28,7,11,18
9906310,23,3,20,70,3,20,137
9908276,22,5,17,53,0,22,66
112150,3,2,1,1,2,1,5
5324,3,3,0,0,0,3,7
9803348,3,3,0,0,1,2,3
8107,7,5,2,4,0,7,47
9812263,7,2,5,9,0,7,19
9607343,2,2,0,0,0,2,14
9705382,5,4,1,1,3,2,9
9602256,5,3,2,2,0,5,21
9908469,2,2,0,0,0,2,26
9912325,2,2,0,0,2,0,0
9903431,1,1,0,0,0,1,4
9801388,8,2,6,10,1,7,72
102254,9,4,5,9,0,9,53
3168,24,1,23,70,24,0,0
9805369,0,0,0,0,0,0,0
106307,10,3,7,12,0,10,22
9405297,8,3,5,8,0,8,27
9604439,7,6,1,1,6,1,1
9703383,4,1,3,5,4,0,0
9401260,1,1,0,0,1,0,0
9707218,5,2,3,3,1,4,6
201236,1,1,0,0,0,1,3
9710445,6,2,4,7,0,6,18
9703263,2,2,0,0,0,2,5
9610460,3,1,2,2,0,3,23
9608282,1,1,0,0,1,0,0
9709274,15,8,7,13,0,15,31
9902380,4,4,0,0,0,4,11
9911422,9,5,4,7,0,9,90
5258,4,4,0,0,0,4,30
9807560,4,4,0,0,1,3,14
7047,2,2,0,0,0,2,2
5081,2,2,0,0,0,2,24
9509415,9,4,5,6,5,4,6
9706504,4,3,1,1,0,4,15
9811280,7,5,2,3,0,7,29
11296,5,2,3,5,0,5,27
9702394,16,4,12,30,3,13,35
9212236,17,5,12,23,17,0,0
9502414,7,3,4,5,0,7,46
9511383,2,2,0,0,0,2,3
9712354,1,1,0,0,1,0,0
9510206,6,2,4,5,5,1,1
9209255,15,3,12,16,15,0,0
9903335,4,4,0,0,0,4,23
9401242,7,2,5,8,7,0,0
105292,27,6,21,42,5,22,97
4235,18,4,14,45,5,13,44
9712505,1,1,0,0,0,1,1
1069,4,2,2,2,0,4,6
4203,2,1,1,1,0,2,21
102219,1,1,0,0,0,1,12
107206,16,5,11,41,0,16,155
206272,6,2,4,6,0,6,49
4035,8,2,6,11,0,8,46
9902416,3,2,1,2,0,3,21
9605401,10,2,8,18,0,10,28
9212275,2,2,0,0,2,0,0
9510330,1,1,0,0,0,1,1
9512443,0,0,0,0,0,0,0
12092,4,3,1,1,0,4,27
111089,7,2,5,9,0,7,39
103009,6,2,4,5,0,6,12
9802346,4,1,3,4,3,1,1
103185,1,1,0,0,1,0,0
9807384,9,4,5,7,1,8,21
9704343,14,5,9,35,0,14,91
9901376,22,4,18,59,3,19,72
9810210,0,0,0,0,0,0,0
103002,6,3,3,5,1,5,37
9902218,5,3,2,3,1,4,20
9812465,5,3,2,3,0,5,11
9411250,5,2,3,5,5,0,0
9912367,13,4,9,14,0,13,182
104308,2,1,1,1,0,2,19
9904376,9,8,1,1,0,9,14
9511374,7,2,5,6,2,5,10
8121,4,4,0,0,4,0,0
9301264,1,1,0,0,1,0,0
207080,17,8,9,20,2,15,140
9905527,1,1,0,0,0,1,1
9511333,28,11,17,22,4,24,31
9411345,1,1,0,0,1,0,0
103208,12,2,10,16,1,11,17
9802396,4,3,1,2,0,4,13
210260,2,2,0,0,0,2,8
108070,10,8,2,3,0,10,42
202147,4,3,1,1,0,4,19
107304,1,1,0,0,0,1,3
9267,3,3,0,0,0,3,3
111070,0,0,0,0,0,0,0
9610429,7,1,6,16,7,0,0
9809409,8,2,6,11,1,7,23
205163,4,3,1,1,1,3,3
210035,1,1,0,0,0,1,1
9508306,2,1,1,1,2,0,0
101299,4,1,3,4,1,3,8
12205,4,4,0,0,0,4,20
9609320,11,5,6,8,1,10,32
8313,1,1,0,0,0,1,2
9411352,0,0,0,0,0,0,0
10030,13,2,11,32,0,13,56
9508299,3,2,1,2,0,3,14
110155,5,3,2,2,0,5,97
208256,4,1,3,3,0,4,31
9503256,0,0,0,0,0,0,0
9408216,14,4,10,16,14,0,0
9601291,6,2,4,5,6,0,0
9903504,3,2,1,1,0,3,35
9710402,8,3,5,15,8,0,0
9509368,1,1,0,0,1,0,0
211039,2,1,1,1,0,2,9
9912547,37,15,22,44,1,36,145
103271,11,4,7,20,0,11,52
9906501,11,2,9,19,0,11,130
101026,1,1,0,0,0,1,2
110270,2,2,0,0,0,2,29
9801384,5,4,1,1,1,4,8
9710205,0,0,0,0,0,0,0
11397,3,3,0,0,1,2,2
301257,0,0,0,0,0,0,0
6029,5,4,1,1,0,5,18
9510228,1,1,0,0,0,1,2
9706225,12,4,8,28,2,10,27
9903488,5,4,1,1,0,5,32
6060,4,2,2,2,0,4,32
9810486,2,2,0,0,0,2,2
101237,3,1,2,2,0,3,8
204204,1,1,0,0,0,1,7
9310264,5,5,0,0,5,0,0
9508205,7,4,3,6,5,2,2
103267,7,3,4,6,3,4,21
103337,5,1,4,7,1,4,5
204341,7,3,4,7,0,7,66
105270,2,2,0,0,0,2,9
9710355,4,2,2,2,0,4,24
9503205,8,4,4,6,1,7,16
9704387,3,1,2,2,3,0,0
9710227,6,3,3,3,0,6,24
9809477,1,1,0,0,0,1,3
9902431,8,6,2,3,5,3,6
9903387,3,3,0,0,3,0,0
201244,2,2,0,0,1,1,7
9905480,8,1,7,17,0,8,58
9703336,4,2,2,2,2,2,4
9904471,5,3,2,4,0,5,23
9805456,1,1,0,0,1,0,0
9806384,5,3,2,3,3,2,5
9908488,2,1,1,1,0,2,6
9611426,3,1,2,2,0,3,15
9505283,2,2,0,0,1,1,3
107040,12,4,8,18,0,12,169
9901334,11,8,3,3,0,11,52
302067,2,2,0,0,1,1,1
9709281,1,1,0,0,0,1,1
9505394,3,2,1,1,1,2,2
9612201,3,3,0,0,0,3,5
9807442,18,4,14,50,0,18,84
104288,8,5,3,3,0,8,55
203137,23,7,16,44,0,23,407
9505230,3,1,2,2,0,3,4
9705204,6,2,4,9,0,6,28
9308256,3,2,1,2,1,2,2
6303,0,0,0,0,0,0,0
9806371,9,8,1,2,0,9,38
9807292,2,2,0,0,0,2,3
9810332,4,3,1,1,0,4,18
9709252,6,3,3,4,1,5,10
9912263,1,1,0,0,0,1,13
5246,3,2,1,1,0,3,14
107205,2,1,1,1,0,2,10
9609495,5,2,3,5,0,5,7
9701397,2,1,1,1,0,2,2
9508317,20,5,15,35,3,17,20
204353,4,2,2,2,0,4,8
9406416,15,5,10,15,1,14,21
205205,3,2,1,1,0,3,22
9403284,2,2,0,0,2,0,0
9511214,2,1,1,1,2,0,0
9511455,22,5,17,51,7,15,41
204012,2,2,0,0,2,0,0
9907318,3,2,1,1,1,2,6
9507222,13,2,11,29,3,10,10
203214,15,2,13,33,0,15,159
205103,1,1,0,0,0,1,9
9905450,3,1,2,2,0,3,18
9608357,5,2,3,6,1,4,16
9505335,6,5,1,2,0,6,11
101097,2,2,0,0,0,2,6
9402233,1,1,0,0,0,1,1
9506258,1,1,0,0,1,0,0
207258,0,0,0,0,0,0,0
9710520,0,0,0,0,0,0,0
206057,22,2,20,38,0,22,97
9807474,2,2,0,0,0,2,11
206086,1,1,0,0,0,1,5
9512381,8,3,5,8,8,0,0
9911479,10,2,8,13,0,10,32
9601245,1,1,0,0,1,0,0
9509323,0,0,0,0,0,0,0
10145,0,0,0,0,0,0,0
9701271,3,1,2,2,0,3,7
5163,2,1,1,1,0,2,12
9812351,5,5,0,0,2,3,3
209302,2,1,1,1,0,2,14
9809459,2,2,0,0,2,0,0
9155,3,2,1,1,0,3,26
112125,10,3,7,14,2,8,44
9809452,1,1,0,0,0,1,3
9603373,2,2,0,0,0,2,5
9706503,2,2,0,0,2,0,0
9404202,4,3,1,1,4,0,0
9812323,0,0,0,0,0,0,0
101341,0,0,0,0,0,0,0
9803376,1,1,0,0,1,0,0
107328,0,0,0,0,0,0,0
201064,0,0,0,0,0,0,0
112259,6,4,2,2,0,6,72
9910531,5,3,2,2,0,5,9
9412282,9,4,5,6,2,7,14
9905507,1,1,0,0,1,0,0
211122,0,0,0,0,0,0,0
9702203,2,2,0,0,0,2,6
3092,3,3,0,0,3,0,0
105130,0,0,0,0,0,0,0
9610469,0,0,0,0,0,0,0
9410288,5,2,3,4,1,4,17
9707533,2,2,0,0,1,1,2
102322,2,1,1,1,1,1,1
9804378,4,3,1,1,1,3,8
9404347,5,4,1,1,5,0,0
106148,2,2,0,0,0,2,13
1218,6,4,2,2,0,6,42
205172,2,1,1,1,0,2,4
9508399,12,3,9,22,2,10,14
112322,9,1,8,26,0,9,81
9612323,6,1,5,8,6,0,0
1281,3,1,2,2,3,0,0
9910404,4,2,2,3,3,1,3
12025,0,0,0,0,0,0,0
10159,9,5,4,10,0,9,65
9603426,3,1,2,2,0,3,6
9901450,1,1,0,0,0,1,5
9906502,9,2,7,20,0,9,49
9712373,0,0,0,0,0,0,0
9501350,3,2,1,1,0,3,4
12258,1,1,0,0,0,1,3
204238,0,0,0,0,0,0,0
9611444,4,2,2,3,0,4,6
9409445,2,1,1,1,0,2,5
105291,13,3,10,35,1,12,32
9902480,1,1,0,0,0,1,4
11127,2,2,0,0,0,2,6
5164,6,5,1,1,0,6,22
9909322,2,2,0,0,2,0,0
9028,0,0,0,0,0,0,0
1058,6,2,4,5,1,5,19
9708321,1,1,0,0,0,1,8
9912493,0,0,0,0,0,0,0
201292,1,1,0,0,1,0,0
9312238,3,3,0,0,0,3,3
4105,5,4,1,1,1,4,17
9411347,1,1,0,0,0,1,1
9811457,6,5,1,1,0,6,24
209336,1,1,0,0,0,1,5
204088,4,2,2,2,0,4,10
201258,4,3,1,1,0,4,7
9909440,3,2,1,2,0,3,24
103150,3,1,2,2,0,3,6
6332,6,6,0,0,6,0,0
208040,2,1,1,1,2,0,0
112250,1,1,0,0,0,1,1
110079,0,0,0,0,0,0,0
205238,0,0,0,0,0,0,0
9606298,1,1,0,0,1,0,0
9610533,0,0,0,0,0,0,0
9910414,2,1,1,1,0,2,3
9099,1,1,0,0,0,1,1
9608295,1,1,0,0,1,0,0
9708233,1,1,0,0,0,1,1
9901383,1,1,0,0,1,0,0
9910284,5,4,1,1,2,3,5
9608301,2,2,0,0,2,0,0
210332,5,4,1,1,0,5,61
9707332,4,1,3,4,3,1,1
11114,4,3,1,1,0,4,19
9502331,1,1,0,0,1,0,0
106197,1,1,0,0,0,1,2
9809484,1,1,0,0,0,1,21
9903324,2,1,1,1,0,2,8
9711320,0,0,0,0,0,0,0
9311242,2,2,0,0,2,0,0
102094,0,0,0,0,0,0,0
9711241,2,2,0,0,0,2,2
9902439,1,1,0,0,0,1,2
10028,2,1,1,1,0,2,8
6099,3,2,1,1,0,3,13
9403356,2,2,0,0,0,2,3
4252,4,2,2,2,0,4,4
10034,3,2,1,2,0,3,24
9707403,1,1,0,0,0,1,2
9708205,4,1,3,6,0,4,7
105077,3,2,1,1,0,3,92
202244,0,0,0,0,0,0,0
210028,1,1,0,0,0,1,16
9507275,8,8,0,0,7,1,2
202213,1,1,0,0,0,1,2
1149,5,4,1,1,1,4,5
9711495,2,1,1,1,2,0,0
9710327,5,4,1,1,0,5,36
202226,1,1,0,0,0,1,8
9308261,4,1,3,6,1,3,5
9810296,5,2,3,4,4,1,1
9509400,1,1,0,0,0,1,2
9612234,0,0,0,0,0,0,0
9301292,5,4,1,2,5,0,0
106327,2,1,1,1,0,2,29
112199,5,3,2,2,0,5,63
3300,9,2,7,20,0,9,36
9404232,3,1,2,2,0,3,3
205034,7,2,5,7,1,6,16
9811231,0,0,0,0,0,0,0
9609348,9,4,5,9,0,9,25
9611371,0,0,0,0,0,0,0
9607361,0,0,0,0,0,0,0
101155,1,1,0,0,1,0,0
9907376,1,1,0,0,0,1,1
9812461,3,1,2,2,0,3,9
9402246,1,1,0,0,1,0,0
9608428,0,0,0,0,0,0,0
9706490,2,1,1,1,1,1,2
9807419,0,0,0,0,0,0,0
9175,1,1,0,0,0,1,4
7345,2,1,1,1,1,1,3
207343,3,2,1,1,0,3,3
212381,0,0,0,0,0,0,0
112291,1,1,0,0,0,1,5
9208216,2,1,1,1,2,0,0
211091,0,0,0,0,0,0,0
102025,2,1,1,1,1,1,2
101148,3,2,1,1,0,3,12
105170,2,2,0,0,1,1,9
205328,1,1,0,0,0,1,3
12211,1,1,0,0,0,1,2
12131,1,1,0,0,0,1,6
9701297,1,1,0,0,1,0,0
9905304,3,2,1,1,1,2,10
208086,2,2,0,0,0,2,10
202071,3,3,0,0,0,3,6
3049,1,1,0,0,0,1,2
9808264,4,3,1,1,2,2,2
9512391,0,0,0,0,0,0,0
202193,0,0,0,0,0,0,0
209281,0,0,0,0,0,0,0
9702387,1,1,0,0,1,0,0
107232,1,1,0,0,1,0,0
209106,0,0,0,0,0,0,0
9310260,3,2,1,1,0,3,3
9311300,3,1,2,2,0,3,3
9811419,0,0,0,0,0,0,0
1156,0,0,0,0,0,0,0
9809420,1,1,0,0,0,1,1
9706424,0,0,0,0,0,0,0
9511268,2,1,1,1,1,1,1
9503421,1,1,0,0,0,1,1
9910565,3,2,1,1,0,3,13
207018,0,0,0,0,0,0,0
9317,0,0,0,0,0,0,0
10173,0,0,0,0,0,0,0
9712220,1,1,0,0,1,0,0
9406331,3,2,1,1,2,1,1
106274,1,1,0,0,0,1,12
9609506,0,0,0,0,0,0,0
203235,0,0,0,0,0,0,0
12207,0,0,0,0,0,0,0
9503324,1,1,0,0,0,1,1
210299,0,0,0,0,0,0,0
102190,1,1,0,0,0,1,3
7231,2,2,0,0,0,2,10
9704263,1,1,0,0,0,1,3
212121,1,1,0,0,0,1,4
9908434,0,0,0,0,0,0,0
9609456,0,0,0,0,0,0,0
9504223,0,0,0,0,0,0,0
9303298,1,1,0,0,1,0,0
9906537,0,0,0,0,0,0,0
105333,0,0,0,0,0,0,0
9611279,0,0,0,0,0,0,0
9905432,1,1,0,0,0,1,2
9901360,1,1,0,0,0,1,1
9908448,1,1,0,0,0,1,1
101314,0,0,0,0,0,0,0
9904268,2,1,1,1,0,2,4
9810340,6,1,5,9,0,6,58
9051,0,0,0,0,0,0,0
9909370,2,2,0,0,0,2,2
9806296,0,0,0,0,0,0,0
9207252,1,1,0,0,1,0,0
102215,2,2,0,0,0,2,11
301262,1,1,0,0,0,1,12
9701223,3,2,1,1,0,3,4
302129,1,1,0,0,0,1,2
106202,6,6,0,0,3,3,6
212085,0,0,0,0,0,0,0
210442,4,1,3,3,0,4,18
9901335,0,0,0,0,0,0,0
9708273,0,0,0,0,0,0,0
9310288,3,3,0,0,3,0,0
9810330,2,2,0,0,2,0,0
111041,0,0,0,0,0,0,0
9712474,0,0,0,0,0,0,0
9509431,2,1,1,1,0,2,5
9902209,0,0,0,0,0,0,0
9610472,0,0,0,0,0,0,0
2087,0,0,0,0,0,0,0
9906511,0,0,0,0,0,0,0
9904243,1,1,0,0,0,1,5
111014,1,1,0,0,0,1,9
9612280,0,0,0,0,0,0,0
9510316,5,3,2,2,5,0,0
4103,0,0,0,0,0,0,0
110412,2,2,0,0,0,2,10
2291,0,0,0,0,0,0,0
211155,2,2,0,0,0,2,7
210396,1,1,0,0,0,1,4
10235,0,0,0,0,0,0,0
9505305,1,1,0,0,1,0,0
9811449,1,1,0,0,0,1,3
9506293,2,1,1,1,2,0,0
7348,1,1,0,0,0,1,14
9504266,1,1,0,0,0,1,1
9806276,0,0,0,0,0,0,0
104250,1,1,0,0,0,1,9
4152,3,2,1,1,0,3,3
202217,1,1,0,0,0,1,8
9309222,0,0,0,0,0,0,0
9809325,1,1,0,0,1,0,0
107021,0,0,0,0,0,0,0
9510328,0,0,0,0,0,0,0
107058,1,1,0,0,1,0,0
9508345,0,0,0,0,0,0,0
301121,0,0,0,0,0,0,0
9908441,1,1,0,0,1,0,0
112107,0,0,0,0,0,0,0
9805291,1,1,0,0,0,1,6
107109,1,1,0,0,1,0,0
9802301,1,1,0,0,0,1,2
9807271,0,0,0,0,0,0,0
209375,0,0,0,0,0,0,0
9902300,1,1,0,0,1,0,0
210084,0,0,0,0,0,0,0
9307333,1,1,0,0,1,0,0
9803270,2,1,1,1,0,2,9
9903312,0,0,0,0,0,0,0
9709385,0,0,0,0,0,0,0
9410290,0,0,0,0,0,0,0
9311252,0,0,0,0,0,0,0
201024,0,0,0,0,0,0,0
9902468,0,0,0,0,0,0,0
9911450,0,0,0,0,0,0,0
207161,1,1,0,0,0,1,2
9705436,0,0,0,0,0,0,0
9510458,0,0,0,0,0,0,0
204301,1,1,0,0,0,1,5
9801426,1,1,0,0,1,0,0
9407201,0,0,0,0,0,0,0
102345,1,1,0,0,1,0,0
212354,0,0,0,0,0,0,0
9712454,1,1,0,0,0,1,4
211353,2,1,1,1,0,2,21
9809586,0,0,0,0,0,0,0
9511472,0,0,0,0,0,0,0
9903466,2,2,0,0,2,0,0
9405268,3,3,0,0,0,3,3
9506244,0,0,0,0,0,0,0
302127,0,0,0,0,0,0,0
210090,1,1,0,0,0,1,1
9911398,2,2,0,0,0,2,5
201252,0,0,0,0,0,0,0
9507369,1,1,0,0,0,1,3
9504243,0,0,0,0,0,0,0
9130,2,2,0,0,0,2,4
109116,0,0,0,0,0,0,0
5165,1,1,0,0,1,0,0
202169,1,1,0,0,0,1,3
1060,1,1,0,0,1,0,0
112066,1,1,0,0,1,0,0
10186,1,1,0,0,1,0,0
9810377,0,0,0,0,0,0,0
108230,0,0,0,0,0,0,0
9608427,0,0,0,0,0,0,0
9128,2,2,0,0,1,1,6
9612255,0,0,0,0,0,0,0
107326,0,0,0,0,0,0,0
9511365,0,0,0,0,0,0,0
207207,1,1,0,0,0,1,2
9801378,2,2,0,0,2,0,0
9806463,0,0,0,0,0,0,0
9604377,0,0,0,0,0,0,0
9508375,1,1,0,0,1,0,0
105118,0,0,0,0,0,0,0
9803332,0,0,0,0,0,0,0
9612214,3,2,1,1,3,0,0
6055,0,0,0,0,0,0,0
202119,0,0,0,0,0,0,0
9912256,0,0,0,0,0,0,0
206312,1,1,0,0,0,1,1
9907230,0,0,0,0,0,0,0
211382,1,1,0,0,0,1,11
111301,1,1,0,0,0,1,5
9412223,0,0,0,0,0,0,0
9810339,0,0,0,0,0,0,0
211303,1,1,0,0,0,1,9
212058,0,0,0,0,0,0,0
9705262,0,0,0,0,0,0,0
208278,1,1,0,0,0,1,2
111083,0,0,0,0,0,0,0
9302257,4,2,2,3,4,0,0
210384,0,0,0,0,0,0,0
111274,0,0,0,0,0,0,0
209079,1,1,0,0,0,1,8
106103,0,0,0,0,0,0,0
9701349,0,0,0,0,0,0,0
9409242,0,0,0,0,0,0,0
9407361,0,0,0,0,0,0,0
9807288,0,0,0,0,0,0,0
212051,0,0,0,0,0,0,0
9801302,1,1,0,0,0,1,2
11369,0,0,0,0,0,0,0
10300,0,0,0,0,0,0,0
112079,0,0,0,0,0,0,0
112357,0,0,0,0,0,0,0
212123,1,1,0,0,0,1,27
11024,1,1,0,0,0,1,6
9702204,0,0,0,0,0,0,0
301248,0,0,0,0,0,0,0
203145,2,2,0,0,0,2,4
106011,0,0,0,0,0,0,0
9910401,0,0,0,0,0,0,0
12173,1,1,0,0,1,0,0
302056,0,0,0,0,0,0,0
9908406,0,0,0,0,0,0,0
210163,0,0,0,0,0,0,0
9605320,0,0,0,0,0,0,0
208094,0,0,0,0,0,0,0
301254,0,0,0,0,0,0,0
212192,0,0,0,0,0,0,0
205140,0,0,0,0,0,0,0
9810324,0,0,0,0,0,0,0
9702347,1,1,0,0,0,1,1
209300,2,2,0,0,0,2,8
109059,1,1,0,0,0,1,9
210419,0,0,0,0,0,0,0
202126,0,0,0,0,0,0,0
9612414,0,0,0,0,0,0,0
9501288,0,0,0,0,0,0,0
10279,0,0,0,0,0,0,0
207045,2,2,0,0,0,2,12
9508328,0,0,0,0,0,0,0
210111,1,1,0,0,0,1,2
202085,1,1,0,0,0,1,5
9705456,5,1,4,5,5,0,0
8203,0,0,0,0,0,0,0
112196,0,0,0,0,0,0,0
204256,1,1,0,0,0,1,5
103139,0,0,0,0,0,0,0
9607415,0,0,0,0,0,0,0
209162,0,0,0,0,0,0,0
302112,0,0,0,0,0,0,0
111464,0,0,0,0,0,0,0
9808363,0,0,0,0,0,0,0
9607483,0,0,0,0,0,0,0
9907220,0,0,0,0,0,0,0
112311,0,0,0,0,0,0,0
1198,0,0,0,0,0,0,0
3245,1,1,0,0,0,1,13
9309250,0,0,0,0,0,0,0
9504322,1,1,0,0,1,0,0
9909346,0,0,0,0,0,0,0
212090,0,0,0,0,0,0,0
9903434,1,1,0,0,0,1,1
9412330,0,0,0,0,0,0,0
9405221,1,1,0,0,1,0,0
111170,0,0,0,0,0,0,0
9807372,0,0,0,0,0,0,0
302226,0,0,0,0,0,0,0
111463,2,2,0,0,0,2,10
9712312,0,0,0,0,0,0,0
209090,0,0,0,0,0,0,0
212224,0,0,0,0,0,0,0
9901441,0,0,0,0,0,0,0
301273,0,0,0,0,0,0,0
9708324,0,0,0,0,0,0,0
111400,0,0,0,0,0,0,0
204013,2,1,1,1,1,1,2
108007,0,0,0,0,0,0,0
9608356,0,0,0,0,0,0,0
301133,0,0,0,0,0,0,0
205311,0,0,0,0,0,0,0
206142,0,0,0,0,0,0,0
204130,0,0,0,0,0,0,0
207369,1,1,0,0,0,1,5
9903320,1,1,0,0,1,0,0
9505349,0,0,0,0,0,0,0
9807365,0,0,0,0,0,0,0
9607257,2,1,1,1,0,2,4
9507383,0,0,0,0,0,0,0
206082,0,0,0,0,0,0,0
9801231,0,0,0,0,0,0,0
9803293,0,0,0,0,0,0,0
1014,0,0,0,0,0,0,0
102210,0,0,0,0,0,0,0
302096,0,0,0,0,0,0,0
9805381,0,0,0,0,0,0,0
11066,0,0,0,0,0,0,0
212158,0,0,0,0,0,0,0
111228,0,0,0,0,0,0,0
9907288,0,0,0,0,0,0,0
9711465,0,0,0,0,0,0,0
101120,0,0,0,0,0,0,0
210001,1,1,0,0,0,1,1
302262,0,0,0,0,0,0,0
9912316,0,0,0,0,0,0,0
108019,0,0,0,0,0,0,0
207190,0,0,0,0,0,0,0
9509425,0,0,0,0,0,0,0
101164,0,0,0,0,0,0,0
6058,0,0,0,0,0,0,0
109002,1,1,0,0,0,1,1
104157,0,0,0,0,0,0,0
9606352,0,0,0,0,0,0,0
9710378,0,0,0,0,0,0,0
106032,0,0,0,0,0,0,0
207166,0,0,0,0,0,0,0
9084,0,0,0,0,0,0,0
9907534,0,0,0,0,0,0,0
9909450,0,0,0,0,0,0,0
211383,0,0,0,0,0,0,0
11106,0,0,0,0,0,0,0
5201,0,0,0,0,0,0,0
210293,0,0,0,0,0,0,0
11207,0,0,0,0,0,0,0
207089,0,0,0,0,0,0,0
109218,0,0,0,0,0,0,0
211238,0,0,0,0,0,0,0
301052,0,0,0,0,0,0,0
212170,0,0,0,0,0,0,0
201312,0,0,0,0,0,0,0
9711420,0,0,0,0,0,0,0
204241,0,0,0,0,0,0,0
301164,0,0,0,0,0,0,0
9508393,30,5,25,71,4,26,46
2227,7,1,6,10,0,7,58
101190,6,1,5,8,0,6,14
9903535,85,16,69,381,15,70,357
9311345,145,21,124,977,129,16,16
9501281,180,8,172,1401,55,125,380
9612313,184,10,174,1525,41,143,683
9512356,46,6,40,246,1,45,211
107074,22,14,8,17,1,21,169
9310355,12,4,8,31,0,12,12
9903229,43,9,34,135,5,38,178
9705442,158,29,129,533,84,74,190
9705337,86,26,60,204,15,71,288
9606419,50,7,43,115,8,42,75
9510300,11,2,9,23,4,7,11
9705388,10,2,8,31,0,10,10
9812518,6,3,3,3,0,6,43
203079,13,9,4,4,1,12,92
9406401,8,5,3,5,2,6,22
9806289,8,3,5,6,0,8,29
9808433,33,9,24,72,7,26,43
9512401,32,2,30,185,5,27,52
2205,1,1,0,0,0,1,6
102144,8,3,5,5,1,7,12
9901427,1,1,0,0,0,1,3
9304266,13,3,10,30,13,0,0
9209204,12,4,8,16,12,0,0
9405418,48,3,45,243,15,33,44
9409388,43,3,40,190,27,16,16
9211266,58,12,46,193,58,0,0
9408315,28,5,23,95,6,22,50
9308333,85,20,65,213,57,28,36
9612444,31,1,30,182,0,31,83
9808293,160,6,154,1235,12,148,330
9304271,16,4,12,39,16,0,0
9402231,74,12,62,200,70,4,4
9906516,35,4,31,175,0,35,219
9807449,11,5,6,17,5,6,12
9904366,18,6,12,22,8,10,25
9803309,26,7,19,58,5,21,51
9408277,2,2,0,0,2,0,0
9805343,32,2,30,94,0,32,48
9702372,18,12,6,7,5,13,71
9503316,25,7,18,38,7,18,29
9809540,11,5,6,10,11,0,0
9408386,7,3,4,4,0,7,7
9810493,4,3,1,1,0,4,27
9807568,3,1,2,3,1,2,17
9809537,5,1,4,6,5,0,0
9502304,21,9,12,22,10,11,14
9311360,9,2,7,14,3,6,16
9304205,67,14,53,145,66,1,1
9511221,32,6,26,106,0,32,120
3301,14,4,10,32,1,13,65
9803335,2,1,1,1,2,0,0
9412208,56,2,54,280,14,42,73
9211256,73,22,51,295,73,0,0
9604343,13,5,8,8,1,12,46
9706519,6,4,2,3,0,6,53
103299,17,3,14,46,0,17,121
9409290,32,3,29,172,3,29,110
9802405,88,7,81,646,10,78,491
6345,13,5,8,11,0,13,57
9907572,31,6,25,83,0,31,111
8023,23,3,20,92,10,13,26
9601367,151,4,147,1443,38,113,256
9612468,24,1,23,100,0,24,118
9707302,13,1,12,27,0,13,94
9403266,125,17,108,583,100,25,30
9705245,16,4,12,30,1,15,56
5089,22,4,18,31,6,16,37
9305304,29,10,19,44,4,25,49
9812508,7,3,4,8,0,7,40
9808431,36,6,30,131,4,32,67
9707368,13,6,7,11,2,11,25
9702322,54,4,50,311,0,54,376
9708305,28,8,20,57,1,27,94
9806307,8,3,5,8,1,7,30
9802286,5,4,1,1,1,4,6
9702244,36,2,34,206,1,35,270
9505352,43,7,36,145,7,36,67
9508213,23,7,16,40,23,0,0
9208260,8,5,3,4,8,0,0
9605301,27,3,24,78,12,15,25
9409295,23,1,22,62,9,14,31
9604211,6,4,2,3,3,3,6
9806512,4,2,2,2,1,3,9
9503494,9,2,7,15,8,1,1
9507442,12,5,7,20,1,11,23
9607309,11,3,8,16,2,9,42
9809341,21,2,19,43,3,18,31
9608203,52,11,41,197,16,36,81
9612235,35,4,31,140,9,26,83
9606443,55,16,39,119,26,29,43
9209230,7,7,0,0,7,0,0
9706201,15,5,10,38,1,14,56
9809451,30,5,25,89,3,27,42
9609468,7,2,5,5,6,1,3
9312228,17,8,9,28,17,0,0
9205209,17,6,11,22,17,0,0
9407344,61,9,52,220,10,51,145
9205228,88,21,67,278,88,0,0
9907517,11,2,9,21,0,11,83
9408215,41,17,24,55,35,6,6
9512395,10,3,7,10,2,8,54
9412247,3,1,2,3,0,3,9
9405290,29,2,27,148,22,7,7
9703356,11,5,6,12,0,11,36
105183,3,2,1,1,0,3,32
9712280,13,4,9,19,1,12,21
9807540,35,8,27,104,6,29,134
9306219,24,8,16,83,18,6,6
9401309,21,5,16,51,21,0,0
9810313,30,5,25,151,0,30,191
9312245,12,7,5,7,8,4,4
9908269,19,1,18,42,10,9,19
9906287,23,1,22,107,0,23,95
9703354,19,3,16,53,1,18,115
9903282,144,32,112,342,44,100,348
9706526,35,6,29,136,5,30,57
9812455,29,3,26,105,3,26,49
9911342,19,6,13,29,0,19,62
9912543,3,2,1,1,2,1,1
1104,31,4,27,118,0,31,589
201059,9,3,6,17,0,9,85
9906555,11,5,6,14,4,7,31
9312325,16,10,6,9,11,5,5
9610451,110,28,82,212,48,62,133
9910541,8,2,6,9,0,8,91
107223,3,3,0,0,0,3,10
107331,27,4,23,112,0,27,140
9902381,18,2,16,37,1,17,54
9908364,32,6,26,101,24,8,8
9303291,65,13,52,234,57,8,8
9708364,20,4,16,47,0,20,93
9505308,35,12,23,73,35,0,0
9807522,34,5,29,106,0,34,179
9505244,39,12,27,95,11,28,28
5031,12,4,8,16,0,12,58
5103,7,1,6,8,0,7,41
9802443,6,2,4,4,1,5,5
9303316,8,5,3,8,8,0,0
9510372,44,8,36,120,7,37,151
9512383,69,10,59,216,2,67,211
101208,13,6,7,15,2,11,72
9412276,17,1,16,62,11,6,6
9901246,36,10,26,81,6,30,236
9908450,20,12,8,15,14,6,6
9704369,29,8,21,79,0,29,175
9901350,49,3,46,195,8,41,209
9903207,4,4,0,0,0,4,23
9206219,9,8,1,2,9,0,0
9902467,111,3,108,891,3,108,516
9411301,49,1,48,169,49,0,0
9503356,60,12,48,132,35,25,76
9505238,14,8,6,18,3,11,85
9705363,4,2,2,4,0,4,18
208177,19,8,11,19,3,16,105
9601383,6,2,4,6,6,0,0
9207225,14,1,13,34,14,0,0
9505337,8,3,5,8,4,4,7
9508293,10,9,1,1,0,10,58
7227,28,6,22,49,3,25,140
9911459,56,11,45,208,2,54,478
9509337,18,4,14,25,4,14,43
9208221,46,6,40,197,46,0,0
102181,50,4,46,184,2,48,405
102122,117,9,108,1192,50,67,291
6049,41,3,38,256,1,40,337
9504220,29,10,19,69,1,28,52
9907505,27,7,20,55,1,26,127
108104,24,11,13,20,6,18,34
9903333,12,4,8,14,2,10,105
9205237,43,11,32,98,43,0,0
9910553,46,8,38,175,0,46,636
9508374,3,2,1,1,3,0,0
4193,8,1,7,15,2,6,10
8258,12,3,9,18,0,12,78
9207212,34,18,16,32,34,0,0
9606333,1,1,0,0,1,0,0
7215,9,7,2,2,3,6,9
9610413,3,3,0,0,1,2,11
9609521,6,3,3,4,0,6,24
9408366,14,7,7,8,12,2,2
9310206,5,3,2,4,1,4,4
9407250,10,8,2,4,1,9,14
8283,12,3,9,24,3,9,28
9503464,38,9,29,109,19,19,47
9905423,23,3,20,88,0,23,506
9910277,11,4,7,8,0,11,87
9712301,45,22,23,45,7,38,193
9812523,24,6,18,64,0,24,107
101124,33,7,26,106,0,33,412
107173,11,2,9,22,0,11,32
9193,4,1,3,3,0,4,17
201146,6,3,3,4,1,5,102
9801380,12,3,9,24,2,10,14
203154,13,1,12,36,0,13,182
9807282,41,7,34,140,26,15,17
9909373,16,6,10,22,0,16,138
9903520,26,8,18,41,3,23,84
9512428,13,2,11,29,13,0,0
4200,28,5,23,58,0,28,99
9904433,31,6,25,70,5,26,246
2229,15,3,12,25,0,15,126
11200,5,4,1,1,0,5,25
9710453,8,2,6,10,1,7,35
9707462,12,7,5,7,2,10,42
5135,4,3,1,1,0,4,6
9508320,7,3,4,10,0,7,36
9309292,5,5,0,0,5,0,0
1175,23,4,19,52,0,23,134
5101,4,3,1,1,2,2,9
9911395,53,7,46,237,0,53,388
4262,17,5,12,24,1,16,164
101121,3,1,2,2,0,3,43
9909236,7,2,5,6,2,5,24
9407246,12,4,8,27,9,3,5
9305224,3,2,1,1,3,0,0
9907209,3,2,1,1,0,3,44
9706347,43,6,37,147,5,38,73
9707223,38,7,31,91,0,38,312
9702385,1,1,0,0,0,1,16
9801206,7,2,5,10,1,6,13
9512339,7,4,3,5,7,0,0
9905406,14,4,10,20,0,14,34
9408396,13,2,11,42,5,8,8
9505224,65,9,56,219,1,64,198
9411312,12,2,10,24,12,0,0
12125,73,2,71,778,43,30,45
103041,0,0,0,0,0,0,0
9712498,1,1,0,0,0,1,2
9502329,43,10,33,225,35,8,10
106123,6,2,4,6,1,5,14
9210239,7,4,3,5,7,0,0
9602229,3,2,1,1,2,1,1
9508246,23,5,18,48,17,6,6
112328,1,1,0,0,0,1,22
2075,20,6,14,36,0,20,133
9609419,36,4,32,151,8,28,67
9711351,12,5,7,13,12,0,0
9509258,22,6,16,57,2,20,35
9711371,35,5,30,130,0,35,179
105050,3,1,2,3,0,3,3
4251,6,1,5,10,0,6,58
9803237,47,12,35,111,3,44,225
9311255,45,4,41,136,23,22,22
9710561,32,6,26,80,1,31,83
9306334,3,3,0,0,3,0,0
9502285,18,3,15,66,2,16,34
9906256,14,2,12,24,0,14,53
9607246,2,1,1,1,0,2,6
6326,5,2,3,3,0,5,32
9705446,2,2,0,0,1,1,3
9510457,12,4,8,10,0,12,62
9609203,3,2,1,1,2,1,1
9701378,9,3,6,11,0,9,37
9608425,2,2,0,0,0,2,3
9708474,1,1,0,0,0,1,1
9610269,25,3,22,91,2,23,113
9411350,2,2,0,0,1,1,1
9511457,4,2,2,3,0,4,7
9605283,76,10,66,562,0,76,599
9311296,13,7,6,9,10,3,4
9502313,18,4,14,33,2,16,54
9607326,3,3,0,0,0,3,15
9512345,6,2,4,8,0,6,15
9609286,4,1,3,4,1,3,12
12354,12,1,11,29,0,12,32
9610542,6,3,3,6,3,3,3
9066,12,3,9,20,0,12,109
9607226,4,2,2,2,2,2,6
9506314,11,5,6,13,9,2,2
9912452,8,4,4,10,0,8,38
9707379,6,4,2,3,2,4,10
9711208,3,2,1,1,1,2,5
9810400,3,2,1,1,1,2,24
9902313,13,4,9,14,1,12,28
10108,3,2,1,1,0,3,14
8103,6,4,2,2,0,6,37
9211282,32,1,31,96,32,0,0
9708346,26,7,19,77,2,24,99
9912302,5,5,0,0,0,5,32
9711307,26,4,22,65,14,12,32
12346,15,2,13,30,1,14,71
9912483,12,7,5,5,1,11,42
9907533,10,3,7,21,1,9,19
1284,1,1,0,0,1,0,0
9310338,17,5,12,17,13,4,4
9607463,17,7,10,20,1,16,59
9601282,60,9,51,212,2,58,89
108114,2,2,0,0,0,2,9
9805355,3,2,1,1,0,3,15
12364,7,5,2,2,1,6,29
9702237,17,1,16,47,15,2,2
9910267,3,2,1,1,0,3,21
9910456,10,3,7,12,0,10,32
9501318,35,5,30,129,12,23,39
9907519,10,6,4,4,5,5,7
9411384,34,4,30,141,8,26,30
9311353,8,5,3,5,0,8,12
9309266,61,12,49,301,7,54,139
9407324,1,1,0,0,0,1,2
9801420,4,2,2,2,0,4,22
9610271,13,6,7,9,0,13,71
4208,32,8,24,93,0,32,266
9306227,3,3,0,0,3,0,0
9504333,30,4,26,115,24,6,8
9305332,20,5,15,31,20,0,0
9412398,11,5,6,12,1,10,58
10233,2,2,0,0,0,2,5
210050,0,0,0,0,0,0,0
9506265,5,3,2,2,5,0,0
9803480,4,4,0,0,1,3,4
9304280,2,1,1,1,2,0,0
9808376,3,3,0,0,0,3,12
9508411,8,6,2,2,2,6,6
9506448,25,3,22,72,1,24,36
107186,31,6,25,75,3,28,163
9505203,13,4,9,30,3,10,13
9602418,10,2,8,22,0,10,14
106333,6,2,4,9,0,6,56
9510396,19,1,18,38,7,12,21
7082,21,6,15,29,3,18,65
9029,7,4,3,4,2,5,9
9210255,11,7,4,7,11,0,0
9901332,13,2,11,32,13,0,0
2009,5,4,1,2,0,5,19
9703414,9,6,3,3,1,8,22
8074,9,1,8,13,0,9,9
9309210,5,2,3,5,5,0,0
8016,12,5,7,15,0,12,75
9511382,6,2,4,6,0,6,15
9211305,8,3,5,10,8,0,0
3121,4,3,1,1,0,4,24
9709447,6,2,4,6,2,4,5
9712249,18,9,9,13,0,18,112
9906530,8,2,6,7,2,6,15
9612227,9,4,5,10,2,7,25
4107,20,5,15,55,2,18,106
9610387,0,0,0,0,0,0,0
9604236,9,5,4,4,3,6,8
110346,8,3,5,6,0,8,86
9710240,3,2,1,1,1,2,10
9704439,4,3,1,1,0,4,9
9307244,59,4,55,477,55,4,11
9804390,2,1,1,1,0,2,3
110246,4,2,2,2,0,4,28
9610404,3,1,2,2,0,3,10
9703285,17,4,13,54,16,1,2
5236,11,8,3,5,0,11,60
9231,4,3,1,2,0,4,45
9901241,8,3,5,9,1,7,77
212126,26,8,18,54,12,14,14
9810267,6,2,4,11,0,6,40
109246,2,2,0,0,0,2,9
9408219,18,3,15,50,18,0,0
9508290,15,1,14,53,2,13,35
1096,1,1,0,0,0,1,3
9804323,6,3,3,3,2,4,5
108216,35,10,25,88,5,30,97
107014,23,3,20,87,0,23,186
12236,3,3,0,0,0,3,7
9609204,20,3,17,51,0,20,68
206193,5,4,1,1,0,5,21
9604357,17,2,15,43,1,16,29
102323,44,6,38,264,0,44,227
9909448,11,6,5,13,0,11,89
9902294,24,12,12,39,4,20,72
206258,4,3,1,1,0,4,79
9705315,10,5,5,13,7,3,12
9411249,3,2,1,1,0,3,9
9509380,7,2,5,7,4,3,6
203223,11,2,9,22,0,11,226
9506287,12,6,6,6,8,4,5
9604375,2,1,1,1,0,2,15
9407261,13,3,10,17,5,8,10
5326,2,1,1,1,0,2,3
103210,12,7,5,6,0,12,86
9808486,9,6,3,3,2,7,25
9801215,16,2,14,48,2,14,16
3011,8,3,5,10,1,7,18
9802449,2,1,1,1,0,2,4
9412314,2,2,0,0,2,0,0
3111,5,2,3,4,0,5,88
9403371,28,7,21,70,23,5,5
9404355,8,2,6,13,0,8,18
9303279,18,9,9,16,18,0,0
111465,10,3,7,10,0,10,83
9807222,8,3,5,9,1,7,39
9607207,10,3,7,9,0,10,33
207341,0,0,0,0,0,0,0
9306231,9,4,5,7,9,0,0
9612327,5,3,2,2,0,5,37
9404325,6,6,0,0,4,2,2
4056,31,2,29,235,0,31,91
2101,2,1,1,1,0,2,9
9707413,1,1,0,0,0,1,10
9908258,5,2,3,6,1,4,11
4019,2,2,0,0,0,2,2
9304201,1,1,0,0,1,0,0
102271,6,6,0,0,3,3,4
9811271,4,4,0,0,0,4,6
9704223,16,4,12,28,0,16,16
9611236,1,1,0,0,0,1,4
9611302,8,3,5,10,6,2,2
9609210,6,4,2,3,1,5,10
9409283,3,2,1,1,3,0,0
9910202,0,0,0,0,0,0,0
8290,11,5,6,12,1,10,45
9906304,2,1,1,1,0,2,7
9806267,14,4,10,31,0,14,124
9501344,14,3,11,36,11,3,3
3169,21,7,14,31,1,20,26
9706552,2,1,1,1,1,1,1
110256,5,4,1,1,0,5,22
9406338,5,2,3,6,0,5,8
9703251,4,3,1,1,1,3,5
10013,2,2,0,0,0,2,2
201143,4,1,3,3,4,0,0
9501386,4,1,3,5,4,0,0
109061,2,2,0,0,0,2,14
9806275,4,2,2,3,0,4,11
9704291,4,3,1,1,0,4,21
9808350,0,0,0,0,0,0,0
9611233,1,1,0,0,0,1,1
9712230,5,3,2,2,2,3,5
9611280,6,1,5,8,0,6,19
3072,5,2,3,3,0,5,38
8084,7,2,5,9,0,7,11
9905497,3,2,1,1,0,3,5
9808368,20,8,12,32,2,18,66
9610295,4,1,3,3,1,3,4
9804375,8,4,4,10,6,2,2
9507404,0,0,0,0,0,0,0
9903251,9,4,5,11,0,9,29
103096,5,3,2,3,0,5,25
9706367,3,2,1,1,0,3,9
9310247,10,6,4,4,3,7,7
9510216,5,2,3,4,0,5,7
9808424,4,2,2,2,1,3,28
9807312,3,2,1,1,0,3,10
9801221,6,3,3,4,4,2,2
9211223,3,3,0,0,0,3,5
9507459,0,0,0,0,0,0,0
9505274,2,2,0,0,0,2,2
9906221,12,1,11,33,0,12,136
102076,0,0,0,0,0,0,0
9610535,2,1,1,1,0,2,3
1128,2,1,1,1,0,2,5
10112,2,1,1,1,0,2,8
9710503,1,1,0,0,0,1,1
9704437,0,0,0,0,0,0,0
208268,4,2,2,2,0,4,69
5162,8,4,4,9,0,8,51
9905208,2,2,0,0,0,2,10
9704344,1,1,0,0,0,1,2
9610485,4,3,1,1,0,4,11
9602275,6,4,2,2,3,3,6
9402245,1,1,0,0,1,0,0
9908305,8,5,3,4,1,7,36
111176,10,5,5,9,1,9,34
203031,11,6,5,6,3,8,120
9803225,33,6,27,148,5,28,107
9803372,5,2,3,3,1,4,4
9707341,10,3,7,21,0,10,28
9807483,2,1,1,1,0,2,2
9605208,1,1,0,0,1,0,0
9809343,2,2,0,0,0,2,11
9904475,5,4,1,1,0,5,31
9508330,2,1,1,1,0,2,3
10133,2,1,1,1,0,2,22
9609470,5,3,2,2,0,5,6
104058,4,4,0,0,0,4,17
9603391,7,5,2,2,2,5,20
9906423,18,10,8,12,4,14,21
9708370,13,10,3,3,6,7,13
110245,1,1,0,0,0,1,1
104227,2,2,0,0,0,2,2
108090,12,2,10,21,1,11,35
102070,7,3,4,5,0,7,31
9604391,5,5,0,0,5,0,0
9509404,5,3,2,2,4,1,1
103238,1,1,0,0,0,1,5
9902260,19,11,8,12,4,15,49
210342,6,6,0,0,0,6,27
10026,7,3,4,5,2,5,18
206078,12,5,7,15,1,11,63
109162,1,1,0,0,0,1,8
103173,6,5,1,1,1,5,8
9610210,7,2,5,8,1,6,17
9801414,7,2,5,14,1,6,8
207064,0,0,0,0,0,0,0
206045,6,3,3,3,0,6,27
106083,2,1,1,1,0,2,22
9601329,3,1,2,3,3,0,0
3115,2,2,0,0,0,2,15
105280,3,2,1,2,3,0,0
9612479,5,4,1,1,5,0,0
6338,9,1,8,13,0,9,17
301102,0,0,0,0,0,0,0
102229,13,4,9,20,0,13,59
9509283,16,4,12,23,3,13,37
103315,7,2,5,10,1,6,10
204166,11,1,10,30,0,11,147
9401304,2,2,0,0,2,0,0
9903322,8,3,5,11,0,8,68
9807369,0,0,0,0,0,0,0
9711435,11,2,9,16,1,10,83
9810516,9,2,7,24,2,7,15
9510245,8,5,3,3,5,3,3
112082,4,3,1,1,3,1,1
9503449,0,0,0,0,0,0,0
108040,9,3,6,14,0,9,49
8042,5,2,3,5,0,5,16
111332,8,3,5,8,1,7,103
205325,9,7,2,3,0,9,101
202203,0,0,0,0,0,0,0
201085,0,0,0,0,0,0,0
9809380,1,1,0,0,0,1,3
210140,2,2,0,0,0,2,8
106125,5,3,2,2,0,5,44
9611394,2,1,1,1,2,0,0
9409291,7,2,5,12,5,2,5
9910460,1,1,0,0,0,1,11
10091,1,1,0,0,0,1,5
9409343,2,2,0,0,2,0,0
103341,2,2,0,0,0,2,13
204089,3,1,2,2,0,3,6
9208245,10,6,4,9,10,0,0
9610487,2,2,0,0,2,0,0
106055,13,6,7,7,1,12,44
107136,4,2,2,3,0,4,16
5069,16,8,8,20,1,15,85
9311257,12,5,7,14,8,4,6
9710358,13,3,10,37,1,12,40
9509296,2,2,0,0,1,1,2
9810384,5,2,3,5,5,0,0
9710488,2,2,0,0,0,2,13
9311324,3,1,2,3,3,0,0
6299,5,3,2,2,0,5,18
9609518,8,2,6,7,1,7,33
208226,8,2,6,8,0,8,45
9910240,4,2,2,3,0,4,40
9503273,16,5,11,27,11,5,10
9909406,8,2,6,13,1,7,27
9503286,2,2,0,0,0,2,4
9905352,6,5,1,1,0,6,9
9909383,3,3,0,0,0,3,3
9407266,20,3,17,42,20,0,0
9607459,20,9,11,16,9,11,17
9801336,0,0,0,0,0,0,0
9510357,8,3,5,5,1,7,9
302070,2,1,1,1,1,1,1
9709282,2,2,0,0,0,2,10
9704425,0,0,0,0,0,0,0
9603300,1,1,0,0,1,0,0
9809503,10,2,8,17,0,10,70
11177,5,5,0,0,0,5,24
204277,9,2,7,14,0,9,96
9505406,3,1,2,3,0,3,5
9901370,3,1,2,2,0,3,4
9403337,4,2,2,3,3,1,1
9609367,2,2,0,0,0,2,3
9704204,2,1,1,1,0,2,6
9803381,2,2,0,0,0,2,4
9506469,4,3,1,1,1,3,8
6182,3,1,2,2,0,3,10
1267,2,1,1,1,0,2,7
6036,7,1,6,17,0,7,42
5141,2,2,0,0,0,2,7
9412354,7,2,5,8,7,0,0
9807534,0,0,0,0,0,0,0
9611353,9,4,5,9,2,7,7
205027,1,1,0,0,0,1,1
9610279,2,1,1,1,0,2,9
5171,1,1,0,0,0,1,1
9306257,2,2,0,0,2,0,0
9909544,3,3,0,0,2,1,2
9710422,9,3,6,10,1,8,21
204205,19,13,6,8,1,18,69
9705202,3,1,2,2,0,3,9
9601313,11,3,8,18,2,9,20
9511435,2,2,0,0,2,0,0
208214,2,1,1,1,0,2,40
101009,9,6,3,4,1,8,25
9601241,0,0,0,0,0,0,0
9707507,5,3,2,3,0,5,6
105006,4,4,0,0,0,4,11
9506369,6,5,1,1,6,0,0
9302213,13,9,4,5,13,0,0
201170,6,5,1,1,2,4,13
9608363,1,1,0,0,0,1,5
206309,2,2,0,0,0,2,8
105043,6,4,2,4,2,4,4
9407225,1,1,0,0,0,1,3
9806211,2,2,0,0,1,1,2
9811430,1,1,0,0,1,0,0
9609270,2,1,1,1,1,1,1
9402217,3,3,0,0,3,0,0
9810299,3,1,2,3,0,3,4
9701363,3,3,0,0,1,2,2
9412394,4,1,3,5,2,2,2
103146,0,0,0,0,0,0,0
203140,2,1,1,1,0,2,15
9901290,1,1,0,0,0,1,4
9607312,2,2,0,0,1,1,5
205035,5,3,2,2,0,5,16
201042,1,1,0,0,0,1,5
9609249,1,1,0,0,1,0,0
9405267,4,2,2,3,4,0,0
9204239,3,2,1,2,3,0,0
6027,5,4,1,1,1,4,44
9804340,6,4,2,5,4,2,2
9509349,6,5,1,1,6,0,0
212211,0,0,0,0,0,0,0
106316,3,2,1,1,0,3,18
104044,5,2,3,3,0,5,43
106152,0,0,0,0,0,0,0
9408323,3,3,0,0,0,3,3
301260,0,0,0,0,0,0,0
206307,5,1,4,6,0,5,48
12367,9,3,6,14,1,8,60
301240,0,0,0,0,0,0,0
9406265,0,0,0,0,0,0,0
9605403,2,2,0,0,2,0,0
9311313,6,1,5,5,0,6,6
9508248,5,4,1,3,1,4,4
9811393,7,3,4,5,3,4,5
9806480,2,2,0,0,0,2,4
9408320,4,2,2,2,1,3,3
206266,9,3,6,9,0,9,89
5038,7,6,1,2,0,7,35
101197,1,1,0,0,1,0,0
9403322,14,4,10,21,14,0,0
201030,11,1,10,33,0,11,88
9802427,1,1,0,0,0,1,3
4157,1,1,0,0,0,1,1
206306,8,6,2,3,0,8,70
9908244,6,4,2,4,0,6,20
104169,1,1,0,0,0,1,9
9804387,3,2,1,1,1,2,10
9604403,5,3,2,3,1,4,4
9507221,0,0,0,0,0,0,0
9806355,3,2,1,1,0,3,7
11373,3,1,2,2,0,3,14
12288,5,3,2,2,1,4,23
8248,1,1,0,0,0,1,1
9803296,4,3,1,1,0,4,12
9204223,1,1,0,0,1,0,0
9809203,5,5,0,0,1,4,11
9609297,6,4,2,2,0,6,34
107106,3,2,1,1,0,3,13
8188,12,5,7,15,0,12,45
6080,5,5,0,0,0,5,10
9608463,4,2,2,2,2,2,4
10347,1,1,0,0,0,1,2
8235,0,0,0,0,0,0,0
9607316,0,0,0,0,0,0,0
101354,7,4,3,5,1,6,22
9604354,1,1,0,0,1,0,0
6277,4,1,3,3,2,2,7
9804438,6,4,2,4,6,0,0
110125,3,1,2,3,3,0,0
9803347,8,3,5,7,3,5,9
9906247,5,1,4,7,3,2,2
9910407,6,4,2,2,0,6,33
9710429,1,1,0,0,1,0,0
107302,3,3,0,0,0,3,9
101340,4,3,1,2,0,4,34
107059,4,1,3,4,0,4,4
203072,2,2,0,0,0,2,10
9602408,1,1,0,0,1,0,0
105285,2,2,0,0,1,1,6
11286,0,0,0,0,0,0,0
9609314,1,1,0,0,0,1,12
7151,1,1,0,0,0,1,4
3079,1,1,0,0,0,1,3
9906332,3,2,1,1,2,1,1
9912232,3,1,2,2,0,3,8
302274,0,0,0,0,0,0,0
9805362,1,1,0,0,1,0,0
9905502,2,2,0,0,0,2,7
9248,8,4,4,4,0,8,47
9708323,2,1,1,1,0,2,4
104135,8,7,1,3,0,8,33
9710359,2,1,1,1,0,2,2
9608258,1,1,0,0,0,1,1
9909443,1,1,0,0,0,1,1
9809340,1,1,0,0,0,1,6
9610453,0,0,0,0,0,0,0
206128,2,1,1,1,0,2,44
9704292,3,1,2,3,2,1,2
207298,0,0,0,0,0,0,0
9606249,2,1,1,1,2,0,0
203008,3,2,1,1,0,3,7
4037,1,1,0,0,0,1,1
108231,0,0,0,0,0,0,0
204044,3,2,1,1,0,3,61
12224,1,1,0,0,0,1,9
108201,2,2,0,0,0,2,6
9805339,3,1,2,3,0,3,10
9501248,4,4,0,0,1,3,3
10032,2,2,0,0,2,0,0
208185,3,2,1,1,0,3,20
102175,0,0,0,0,0,0,0
6150,3,2,1,1,0,3,13
107225,4,2,2,2,0,4,11
101013,1,1,0,0,0,1,1
9601210,1,1,0,0,0,1,2
107087,3,2,1,1,1,2,4
9407318,2,1,1,1,0,2,3
9810472,1,1,0,0,1,0,0
9604255,5,1,4,9,0,5,8
9911470,4,4,0,0,2,2,11
9507435,0,0,0,0,0,0,0
9910325,2,2,0,0,1,1,7
212181,2,2,0,0,0,2,7
9905444,6,1,5,10,0,6,17
206212,0,0,0,0,0,0,0
201216,6,3,3,6,0,6,25
205136,1,1,0,0,0,1,5
9710528,4,2,2,2,0,4,19
9612330,0,0,0,0,0,0,0
107023,0,0,0,0,0,0,0
108254,1,1,0,0,1,0,0
102018,0,0,0,0,0,0,0
205041,2,1,1,1,0,2,22
9501346,1,1,0,0,1,0,0
9510264,2,2,0,0,0,2,4
212406,1,1,0,0,0,1,8
9608395,1,1,0,0,0,1,1
9510349,2,2,0,0,1,1,1
9812204,3,2,1,1,3,0,0
9138,1,1,0,0,0,1,2
101267,2,1,1,1,0,2,13
211115,0,0,0,0,0,0,0
9209286,2,1,1,1,2,0,0
2121,0,0,0,0,0,0,0
102151,1,1,0,0,0,1,1
9401247,5,5,0,0,3,2,4
205201,11,6,5,8,0,11,86
205345,5,2,3,3,0,5,37
9060,3,3,0,0,1,2,3
9901340,4,2,2,5,4,0,0
208231,1,1,0,0,0,1,2
9910350,2,2,0,0,1,1,6
9508236,0,0,0,0,0,0,0
206145,1,1,0,0,0,1,2
9906484,1,1,0,0,0,1,2
9911405,1,1,0,0,0,1,5
9910509,6,4,2,4,0,6,27
208174,0,0,0,0,0,0,0
207196,3,3,0,0,0,3,16
9808381,0,0,0,0,0,0,0
9805322,1,1,0,0,0,1,2
9905354,2,2,0,0,2,0,0
9016,1,1,0,0,0,1,6
9404261,2,2,0,0,0,2,3
5153,0,0,0,0,0,0,0
9812321,2,2,0,0,0,2,2
9810420,3,2,1,1,0,3,4
205042,0,0,0,0,0,0,0
9609304,0,0,0,0,0,0,0
9604353,11,6,5,9,0,11,26
107091,1,1,0,0,0,1,3
111056,1,1,0,0,1,0,0
9912298,0,0,0,0,0,0,0
101056,0,0,0,0,0,0,0
9907258,0,0,0,0,0,0,0
9712374,0,0,0,0,0,0,0
112231,1,1,0,0,0,1,14
301125,0,0,0,0,0,0,0
107093,1,1,0,0,0,1,2
7002,4,4,0,0,1,3,3
9612430,0,0,0,0,0,0,0
109029,1,1,0,0,0,1,2
9511240,2,2,0,0,0,2,2
9910203,7,2,5,7,0,7,8
208070,7,5,2,5,0,7,38
204163,3,2,1,1,0,3,3
9403206,0,0,0,0,0,0,0
109269,0,0,0,0,0,0,0
9708376,0,0,0,0,0,0,0
9805256,1,1,0,0,0,1,3
9804226,1,1,0,0,0,1,1
9911343,0,0,0,0,0,0,0
9405213,1,1,0,0,1,0,0
9907538,1,1,0,0,0,1,1
102072,0,0,0,0,0,0,0
9909237,2,1,1,1,0,2,3
9611298,1,1,0,0,0,1,1
7097,2,1,1,1,0,2,4
9707384,6,1,5,12,6,0,0
9405364,0,0,0,0,0,0,0
9808428,0,0,0,0,0,0,0
9610286,1,1,0,0,1,0,0
9505236,1,1,0,0,0,1,1
9710307,1,1,0,0,0,1,7
9809265,1,1,0,0,0,1,3
9708491,2,2,0,0,1,1,6
111308,1,1,0,0,0,1,6
9807546,2,2,0,0,1,1,3
211190,1,1,0,0,0,1,5
211007,3,3,0,0,0,3,19
207077,1,1,0,0,0,1,1
6347,0,0,0,0,0,0,0
9403332,3,3,0,0,1,2,5
9306305,3,3,0,0,2,1,1
9311241,0,0,0,0,0,0,0
111006,1,1,0,0,0,1,4
104069,0,0,0,0,0,0,0
9809225,1,1,0,0,0,1,3
9905401,0,0,0,0,0,0,0
9807388,1,1,0,0,0,1,3
9705301,0,0,0,0,0,0,0
9608436,1,1,0,0,0,1,3
9707455,0,0,0,0,0,0,0
212250,1,1,0,0,0,1,4
9808390,2,1,1,1,1,1,2
111416,0,0,0,0,0,0,0
9605202,0,0,0,0,0,0,0
5266,1,1,0,0,0,1,5
211198,1,1,0,0,1,0,0
9906302,0,0,0,0,0,0,0
12111,0,0,0,0,0,0,0
105208,1,1,0,0,0,1,4
9912502,0,0,0,0,0,0,0
9404242,1,1,0,0,1,0,0
9910538,1,1,0,0,0,1,8
9307335,2,2,0,0,2,0,0
9801405,0,0,0,0,0,0,0
9910302,0,0,0,0,0,0,0
9194,0,0,0,0,0,0,0
9411325,1,1,0,0,0,1,2
106270,0,0,0,0,0,0,0
9903330,1,1,0,0,1,0,0
106018,1,1,0,0,1,0,0
9506331,2,2,0,0,2,0,0
9609407,0,0,0,0,0,0,0
9709426,0,0,0,0,0,0,0
203078,1,1,0,0,0,1,6
9902388,0,0,0,0,0,0,0
3206,1,1,0,0,1,0,0
9708391,2,1,1,1,0,2,10
9909491,0,0,0,0,0,0,0
211386,1,1,0,0,0,1,7
105181,2,1,1,1,0,2,7
111412,0,0,0,0,0,0,0
9608380,0,0,0,0,0,0,0
108218,1,1,0,0,0,1,1
9411262,1,1,0,0,0,1,2
9503393,4,2,2,3,4,0,0
206267,1,1,0,0,0,1,10
210437,0,0,0,0,0,0,0
1235,1,1,0,0,0,1,3
204293,1,1,0,0,0,1,6
12180,1,1,0,0,0,1,1
9809358,1,1,0,0,0,1,7
9905285,1,1,0,0,0,1,1
207239,1,1,0,0,0,1,1
9512349,2,2,0,0,0,2,2
9504214,0,0,0,0,0,0,0
9403404,1,1,0,0,1,0,0
1032,0,0,0,0,0,0,0
9309259,1,1,0,0,1,0,0
207170,1,1,0,0,1,0,0
9220,0,0,0,0,0,0,0
9910322,0,0,0,0,0,0,0
9808282,0,0,0,0,0,0,0
102285,0,0,0,0,0,0,0
9802434,0,0,0,0,0,0,0
9906367,1,1,0,0,1,0,0
9707261,0,0,0,0,0,0,0
212093,2,2,0,0,0,2,8
107238,1,1,0,0,0,1,4
10281,2,2,0,0,2,0,0
203231,1,1,0,0,0,1,1
9604449,0,0,0,0,0,0,0
8291,1,1,0,0,0,1,17
9905422,1,1,0,0,0,1,17
9164,1,1,0,0,0,1,2
105012,0,0,0,0,0,0,0
3120,0,0,0,0,0,0,0
9810317,0,0,0,0,0,0,0
9912462,0,0,0,0,0,0,0
102282,1,1,0,0,1,0,0
9905333,1,1,0,0,1,0,0
9508318,0,0,0,0,0,0,0
201079,0,0,0,0,0,0,0
211311,0,0,0,0,0,0,0
9908491,0,0,0,0,0,0,0
9007,1,1,0,0,0,1,1
111282,0,0,0,0,0,0,0
209175,1,1,0,0,0,1,8
9607283,0,0,0,0,0,0,0
101284,1,1,0,0,0,1,1
9903232,0,0,0,0,0,0,0
9802444,0,0,0,0,0,0,0
107314,0,0,0,0,0,0,0
209289,0,0,0,0,0,0,0
207063,0,0,0,0,0,0,0
9912237,3,2,1,1,2,1,2
212252,1,1,0,0,0,1,7
302119,0,0,0,0,0,0,0
9604324,0,0,0,0,0,0,0
302249,0,0,0,0,0,0,0
212138,1,1,0,0,0,1,4
211360,1,1,0,0,0,1,11
109234,1,1,0,0,0,1,5
110030,0,0,0,0,0,0,0
9912537,0,0,0,0,0,0,0
106262,1,1,0,0,0,1,4
110131,0,0,0,0,0,0,0
5048,0,0,0,0,0,0,0
9907459,0,0,0,0,0,0,0
9406240,0,0,0,0,0,0,0
9505243,0,0,0,0,0,0,0
9709326,0,0,0,0,0,0,0
9811468,0,0,0,0,0,0,0
301088,0,0,0,0,0,0,0
210143,0,0,0,0,0,0,0
11045,0,0,0,0,0,0,0
9502231,0,0,0,0,0,0,0
204261,3,3,0,0,2,1,8
4102,0,0,0,0,0,0,0
104066,2,2,0,0,2,0,0
9803423,1,1,0,0,0,1,7
9311240,0,0,0,0,0,0,0
211424,0,0,0,0,0,0,0
107319,1,1,0,0,0,1,1
9403222,0,0,0,0,0,0,0
206279,3,2,1,1,0,3,86
11025,2,2,0,0,0,2,15
302250,0,0,0,0,0,0,0
5195,0,0,0,0,0,0,0
9610366,0,0,0,0,0,0,0
210395,0,0,0,0,0,0,0
208035,1,1,0,0,0,1,5
9805350,0,0,0,0,0,0,0
101355,1,1,0,0,1,0,0
301106,0,0,0,0,0,0,0
9511452,1,1,0,0,0,1,3
3126,0,0,0,0,0,0,0
9710262,0,0,0,0,0,0,0
9511291,0,0,0,0,0,0,0
205187,2,2,0,0,0,2,15
9502354,0,0,0,0,0,0,0
9312331,0,0,0,0,0,0,0
7324,0,0,0,0,0,0,0
12121,0,0,0,0,0,0,0
208171,1,1,0,0,0,1,6
9307257,0,0,0,0,0,0,0
9906474,0,0,0,0,0,0,0
111207,3,2,1,1,0,3,3
103075,1,1,0,0,0,1,4
9501413,0,0,0,0,0,0,0
9407366,1,1,0,0,1,0,0
302200,0,0,0,0,0,0,0
9906228,0,0,0,0,0,0,0
101270,0,0,0,0,0,0,0
9804369,5,1,4,7,0,5,11
201016,0,0,0,0,0,0,0
2298,1,1,0,0,1,0,0
12342,0,0,0,0,0,0,0
8075,0,0,0,0,0,0,0
212179,0,0,0,0,0,0,0
211417,0,0,0,0,0,0,0
9411407,0,0,0,0,0,0,0
210055,3,3,0,0,0,3,23
9404260,1,1,0,0,1,0,0
104286,0,0,0,0,0,0,0
205145,0,0,0,0,0,0,0
5130,0,0,0,0,0,0,0
9711225,1,1,0,0,1,0,0
2125,0,0,0,0,0,0,0
9708470,0,0,0,0,0,0,0
110086,0,0,0,0,0,0,0
103232,0,0,0,0,0,0,0
112171,1,1,0,0,0,1,5
9902224,2,1,1,1,2,0,0
9910340,0,0,0,0,0,0,0
9405222,1,1,0,0,1,0,0
109112,1,1,0,0,0,1,2
5240,1,1,0,0,0,1,3
211043,1,1,0,0,0,1,8
212118,0,0,0,0,0,0,0
12132,0,0,0,0,0,0,0
9410301,0,0,0,0,0,0,0
9910547,0,0,0,0,0,0,0
6207,0,0,0,0,0,0,0
211107,0,0,0,0,0,0,0
9407377,0,0,0,0,0,0,0
9810274,0,0,0,0,0,0,0
205025,1,1,0,0,0,1,1
107207,0,0,0,0,0,0,0
110054,0,0,0,0,0,0,0
210307,0,0,0,0,0,0,0
9611413,0,0,0,0,0,0,0
202267,0,0,0,0,0,0,0
9401248,0,0,0,0,0,0,0
9808473,0,0,0,0,0,0,0
9902248,0,0,0,0,0,0,0
301144,0,0,0,0,0,0,0
211361,0,0,0,0,0,0,0
9705473,1,1,0,0,0,1,3
9911483,0,0,0,0,0,0,0
212155,0,0,0,0,0,0,0
9609328,0,0,0,0,0,0,0
103250,0,0,0,0,0,0,0
9705268,0,0,0,0,0,0,0
9510314,0,0,0,0,0,0,0
210220,0,0,0,0,0,0,0
9907374,0,0,0,0,0,0,0
105122,0,0,0,0,0,0,0
102109,0,0,0,0,0,0,0
9606446,0,0,0,0,0,0,0
210056,0,0,0,0,0,0,0
105047,0,0,0,0,0,0,0
111369,0,0,0,0,0,0,0
212050,0,0,0,0,0,0,0
105342,0,0,0,0,0,0,0
108151,0,0,0,0,0,0,0
104045,0,0,0,0,0,0,0
9310220,0,0,0,0,0,0,0
205171,0,0,0,0,0,0,0
301069,1,1,0,0,0,1,8
9702234,0,0,0,0,0,0,0
9706360,0,0,0,0,0,0,0
9611447,0,0,0,0,0,0,0
9601251,0,0,0,0,0,0,0
9408335,0,0,0,0,0,0,0
203026,0,0,0,0,0,0,0
5002,0,0,0,0,0,0,0
210228,0,0,0,0,0,0,0
9906519,1,1,0,0,1,0,0
111410,0,0,0,0,0,0,0
111121,0,0,0,0,0,0,0
9611267,0,0,0,0,0,0,0
9812496,0,0,0,0,0,0,0
210413,0,0,0,0,0,0,0
9239,0,0,0,0,0,0,0
301174,0,0,0,0,0,0,0
9805359,0,0,0,0,0,0,0
302024,0,0,0,0,0,0,0
9412387,0,0,0,0,0,0,0
210136,0,0,0,0,0,0,0
9811343,0,0,0,0,0,0,0
209342,0,0,0,0,0,0,0
9710369,0,0,0,0,0,0,0
211373,0,0,0,0,0,0,0
9602366,36,18,18,34,9,27,105
3323,31,8,23,113,1,30,363
102012,7,3,4,9,0,7,62
9905312,257,18,239,1826,147,110,130
9311357,72,13,59,263,10,62,62
9501389,8,4,4,11,3,5,5
9703290,105,27,78,289,6,99,646
9604240,13,6,7,13,11,2,2
108195,6,5,1,1,3,3,3
9403233,9,4,5,16,0,9,17
9908236,6,3,3,6,1,5,20
9805244,23,4,19,66,3,20,95
9808468,42,6,36,163,8,34,101
9702305,33,6,27,62,4,29,123
9511260,27,4,23,54,0,27,55
9705398,37,8,29,148,4,33,147
9903215,14,6,8,14,1,13,97
1056,7,2,5,11,0,7,47
9410233,10,5,5,9,0,10,44
9807469,4,3,1,2,0,4,27
9808443,28,5,23,79,8,20,23
9601357,31,4,27,121,1,30,95
104016,11,9,2,4,7,4,10
103090,14,7,7,13,1,13,62
9903365,20,10,10,19,7,13,29
9402259,12,6,6,8,12,0,0
9301295,23,5,18,34,13,10,10
9405423,23,4,19,55,6,17,30
9305273,14,11,3,4,2,12,12
9210211,13,7,6,8,13,0,0
9409369,58,6,52,282,8,50,105
9505248,114,6,108,1070,86,28,57
9703351,80,3,77,701,22,58,128
9808296,87,7,80,531,0,87,616
9602342,18,4,14,37,8,10,63
9402333,69,8,61,313,44,25,33
9909304,37,5,32,86,2,35,149
9807552,36,4,32,119,0,36,195
9905202,22,4,18,54,0,22,158
9702343,54,5,49,234,26,28,45
9805281,39,7,32,70,6,33,97
9806218,30,7,23,56,2,28,56
9707282,28,2,26,72,1,27,101
9505334,37,5,32,97,37,0,0
9812361,26,2,24,100,6,20,32
9503436,6,3,3,5,5,1,1
9811267,35,13,22,47,20,15,35
104091,13,3,10,17,0,13,66
9811355,13,2,11,25,0,13,48
9509205,17,2,15,32,2,15,38
9405256,23,8,15,37,6,17,40
9503318,21,5,16,49,1,20,20
9512388,47,7,40,149,13,34,71
4075,6,2,4,6,1,5,38
9209232,227,43,184,1073,218,9,9
9502385,36,5,31,168,6,30,48
9211260,69,21,48,249,69,0,0
9608415,13,6,7,10,1,12,39
9707214,17,4,13,27,1,16,25
104090,13,8,5,7,0,13,51
9410406,87,8,79,489,86,1,1
9905397,20,4,16,52,1,19,80
11317,7,3,4,4,0,7,72
9910221,90,13,77,294,2,88,596
12001,25,6,19,89,4,21,59
9602207,15,8,7,8,8,7,14
9612490,15,6,9,20,1,14,53
9707386,24,3,21,64,0,24,174
9412393,27,4,23,60,6,21,44
9711322,10,5,5,5,1,9,31
5124,19,7,12,35,1,18,125
9411296,41,6,35,117,7,34,128
9901342,12,5,7,9,0,12,77
9809282,24,5,19,33,3,21,40
9708396,31,8,23,65,17,14,22
9702380,54,4,50,329,0,54,138
8226,13,2,11,22,0,13,98
9307259,23,11,12,33,21,2,2
9504372,115,14,101,461,68,47,55
9703327,53,3,50,196,1,52,309
9608361,38,8,30,96,2,36,95
9607284,14,5,9,20,4,10,10
9209259,13,7,6,8,13,0,0
9607386,6,3,3,4,5,1,1
9506477,80,7,73,632,11,69,413
9607383,97,7,90,477,34,63,99
9809530,10,7,3,3,0,10,28
9811338,1,1,0,0,1,0,0
9602280,59,5,54,309,6,53,320
9610553,25,5,20,75,1,24,142
9907489,48,3,45,294,0,48,544
9611225,25,1,24,102,17,8,10
9701303,55,7,48,274,0,55,276
9612415,15,5,10,22,0,15,56
9209218,9,5,4,4,9,0,0
2103,0,0,0,0,0,0,0
9904274,3,1,2,3,0,3,16
9706339,34,1,33,187,6,28,105
9405359,10,5,5,12,2,8,19
9305287,14,6,8,15,11,3,3
9409418,13,5,8,13,0,13,64
9302269,18,11,7,13,3,15,26
9911404,11,1,10,20,0,11,126
9410297,7,5,2,2,2,5,8
9602265,40,3,37,123,25,15,15
9501320,16,8,8,12,11,5,9
9406315,60,24,36,97,40,20,24
9211319,4,3,1,1,4,0,0
105242,10,5,5,5,2,8,42
9801430,88,7,81,512,13,75,343
9808214,7,3,4,7,5,2,8
9306294,78,12,66,343,33,45,48
9401317,21,7,14,54,21,0,0
9812504,16,1,15,33,0,16,68
9405371,10,5,5,12,5,5,5
9409430,6,4,2,3,3,3,3
9909482,19,6,13,51,0,19,108
9708313,4,2,2,3,0,4,30
9907231,56,13,43,118,18,38,63
9706534,57,10,47,230,4,53,217
9901201,24,2,22,163,0,24,141
9911379,12,2,10,19,1,11,56
101051,25,5,20,57,0,25,103
2123,25,1,24,85,0,25,363
9512365,16,4,12,24,9,7,7
9908212,27,2,25,105,0,27,192
9401303,15,4,11,15,8,7,15
9807219,17,9,8,17,1,16,43
9911223,13,2,11,40,0,13,291
3215,2,2,0,0,0,2,33
111327,7,2,5,14,0,7,22
9903319,17,4,13,40,0,17,67
9212277,12,2,10,29,12,0,0
9407291,78,10,68,269,60,18,18
9710473,38,7,31,135,5,33,152
9508258,85,13,72,251,7,78,153
9809582,59,2,57,289,0,59,286
9507441,4,2,2,2,2,2,3
6128,16,4,12,23,0,16,104
9712212,35,2,33,148,0,35,121
9804214,14,2,12,23,0,14,70
9304206,14,8,6,9,14,0,0
9512288,32,5,27,72,0,32,166
9606325,36,11,25,64,4,32,184
9608321,25,5,20,80,9,16,23
9506455,15,2,13,27,0,15,40
9901351,10,6,4,5,1,9,21
9908504,37,2,35,172,0,37,416
9710531,29,5,24,82,3,26,59
9903261,13,6,7,12,0,13,93
9802238,45,2,43,192,14,31,131
9206221,10,7,3,6,10,0,0
11077,0,0,0,0,0,0,0
9412301,27,7,20,71,3,24,24
9504302,17,2,15,27,2,15,39
9405348,37,10,27,85,1,36,76
9705402,3,1,2,3,0,3,21
9410260,9,1,8,18,9,0,0
9403255,3,3,0,0,2,1,1
9211244,8,5,3,3,6,2,2
9501408,0,0,0,0,0,0,0
9511218,12,5,7,13,0,12,34
7270,15,6,9,16,0,15,103
9810513,4,3,1,1,4,0,0
9603234,7,2,5,7,1,6,25
9208238,25,9,16,73,25,0,0
102204,98,6,92,996,2,96,317
9811300,5,1,4,6,2,3,27
102131,27,2,25,179,20,7,7
9510301,120,13,107,542,19,101,246
9909499,9,6,3,4,2,7,24
112013,11,5,6,9,1,10,74
9903370,24,5,19,55,5,19,83
9208255,10,2,8,19,10,0,0
9911337,20,5,15,33,0,20,117
9405228,19,10,9,19,14,5,7
5259,29,5,24,79,2,27,61
9162,1,1,0,0,0,1,2
9211281,4,1,3,4,4,0,0
9246,20,8,12,33,3,17,51
7236,3,3,0,0,1,2,6
9703302,36,7,29,100,5,31,132
9611450,23,5,18,53,3,20,49
9411294,12,2,10,48,2,10,10
9803250,8,3,5,7,4,4,11
9503476,17,6,11,24,6,11,25
9412327,53,12,41,122,45,8,8
9504285,7,6,1,1,6,1,2
9906327,33,5,28,118,0,33,321
9912455,8,7,1,1,1,7,61
1080,11,6,5,7,1,10,50
9901281,125,9,116,1000,6,119,913
101304,38,2,36,196,0,38,552
111255,8,2,6,12,0,8,33
9412338,10,5,5,7,6,4,6
202271,6,3,3,6,0,6,114
207167,2,1,1,1,0,2,22
204218,13,5,8,15,0,13,199
9902383,24,5,19,59,2,22,45
9909523,9,1,8,21,0,9,68
4238,0,0,0,0,0,0,0
9605250,15,6,9,16,5,10,28
6114,8,6,2,4,0,8,37
9903475,43,3,40,366,0,43,660
3306,13,9,4,5,0,13,154
12031,4,3,1,1,1,3,14
9608441,24,6,18,50,2,22,55
9806309,1,1,0,0,0,1,2
9211214,40,4,36,186,40,0,0
9602369,5,5,0,0,1,4,10
9408367,6,5,1,2,3,3,3
2055,3,3,0,0,0,3,30
6160,34,3,31,174,4,30,134
9302299,8,4,4,8,6,2,2
5188,2,1,1,1,0,2,16
101145,3,1,2,3,0,3,32
9909476,34,2,32,184,34,0,0
9406374,14,8,6,16,4,10,40
9305283,6,3,3,5,6,0,0
9501324,44,4,40,252,0,44,116
9707447,15,5,10,26,5,10,13
9411365,185,13,172,1510,4,181,687
9301204,12,5,7,18,12,0,0
9505313,10,3,7,11,0,10,10
9605433,3,1,2,2,1,2,5
9905421,3,1,2,2,3,0,0
9410372,10,3,7,11,6,4,7
9509432,29,8,21,61,0,29,135
9412273,14,7,7,13,5,9,15
209372,0,0,0,0,0,0,0
12113,6,5,1,1,4,2,2
9801201,8,7,1,1,2,6,48
9509361,10,1,9,36,0,10,23
9902354,22,3,19,86,2,20,32
9410345,61,13,48,228,25,36,55
9306289,93,10,83,394,71,22,22
9511299,1,1,0,0,1,0,0
1295,14,3,11,23,3,11,57
5020,9,5,4,9,0,9,97
9610313,31,6,25,88,2,29,114
9412362,9,3,6,9,9,0,0
9511252,21,2,19,55,12,9,11
9803316,83,13,70,277,11,72,379
105172,2,1,1,1,0,2,10
5120,3,2,1,2,3,0,0
9502262,24,4,20,53,24,0,0
9405326,24,3,21,45,20,4,4
9711387,53,8,45,221,10,43,174
9708484,2,2,0,0,0,2,13
9402318,17,5,12,30,3,14,18
9907204,11,1,10,20,1,10,35
9609361,3,1,2,3,0,3,14
9234,4,1,3,4,0,4,6
9706270,36,4,32,86,0,36,185
9511410,1,1,0,0,0,1,8
9609263,21,10,11,18,4,17,80
9705290,43,4,39,162,2,41,202
9609231,11,5,6,15,0,11,14
9709236,4,3,1,1,0,4,20
9703448,26,4,22,78,2,24,106
9508254,22,8,14,25,7,15,28
9604410,15,2,13,26,2,13,13
9612337,11,1,10,31,0,11,81
9311346,14,9,5,7,3,11,21
9502327,2,2,0,0,0,2,17
9608273,2,2,0,0,0,2,2
9606383,17,8,9,13,0,17,88
9809498,25,4,21,68,2,23,133
101093,9,6,3,6,1,8,41
5007,37,7,30,118,1,36,262
11141,9,5,4,5,2,7,24
2168,9,6,3,5,0,9,72
9507231,3,1,2,3,0,3,3
9404243,11,2,9,19,2,9,12
9805474,4,1,3,6,0,4,11
9406271,35,3,32,195,15,20,20
9605385,21,4,17,65,0,21,137
9908237,13,4,9,14,2,11,22
10276,1,1,0,0,0,1,2
9909376,18,3,15,61,0,18,156
9307336,20,8,12,42,20,0,0
9708467,12,6,6,14,0,12,24
9909251,4,1,3,5,0,4,7
9712464,29,11,18,36,2,27,182
102152,7,3,4,7,2,5,17
9212279,11,2,9,19,11,0,0
9411342,39,15,24,43,19,20,30
4039,1,1,0,0,0,1,2
9207241,7,3,4,7,7,0,0
110014,3,2,1,1,0,3,23
9810253,12,7,5,12,2,10,10
104150,2,1,1,1,0,2,15
9807465,14,4,10,23,4,10,23
106155,9,7,2,4,1,8,22
9704247,20,7,13,60,5,15,20
9910408,17,2,15,38,0,17,107
103012,19,2,17,76,1,18,221
9506356,23,7,16,37,23,0,0
9705309,3,3,0,0,2,1,2
9502280,5,1,4,7,0,5,10
9812490,3,2,1,1,0,3,18
9312341,37,9,28,103,11,26,56
9408250,16,6,10,38,2,14,23
9805388,2,1,1,1,0,2,4
9703374,3,3,0,0,0,3,11
8155,10,6,4,5,2,8,30
9807542,1,1,0,0,1,0,0
9709215,15,7,8,24,0,15,56
6045,14,6,8,13,2,12,60
9506216,4,1,3,4,1,3,3
9606359,12,5,7,12,4,8,26
11159,12,2,10,22,0,12,49
9312269,3,2,1,1,1,2,3
9612279,21,9,12,19,7,14,23
9309306,3,3,0,0,1,2,2
9610222,5,5,0,0,2,3,36
9509272,5,2,3,4,2,3,6
9902235,2,2,0,0,0,2,11
108228,0,0,0,0,0,0,0
9711345,8,3,5,7,5,3,3
9610489,7,3,4,7,0,7,24
9612495,10,3,7,20,0,10,18
9601236,16,3,13,27,8,8,16
11049,5,3,2,2,0,5,27
12002,5,1,4,7,1,4,26
9409444,10,3,7,19,10,0,0
9902341,37,4,33,141,2,35,264
9912453,8,3,5,10,0,8,36
9405208,5,4,1,2,3,2,3
9215,5,3,2,3,0,5,20
9509257,4,3,1,1,1,3,3
8134,4,2,2,3,0,4,35
9604359,4,2,2,2,0,4,14
9502412,4,2,2,4,4,0,0
9808331,6,3,3,6,1,5,6
9401346,2,2,0,0,2,0,0
9712321,2,2,0,0,0,2,5
209263,1,1,0,0,0,1,6
9612340,3,2,1,2,1,2,7
5262,22,4,18,35,2,20,138
9506437,10,5,5,10,1,9,36
9311249,6,4,2,2,3,3,6
108071,42,6,36,228,0,42,422
9908495,1,1,0,0,1,0,0
106237,1,1,0,0,0,1,2
9310365,64,1,63,425,12,52,194
9805294,6,2,4,10,0,6,6
9402243,42,5,37,147,0,42,136
9311263,5,3,2,2,5,0,0
9604335,25,7,18,40,8,17,23
9703401,10,3,7,22,0,10,10
9910466,9,4,5,6,0,9,130
9903484,3,3,0,0,0,3,5
212127,26,9,17,53,8,18,74
9810499,17,3,14,43,0,17,150
9612236,5,5,0,0,1,4,13
103087,24,5,19,52,1,23,149
9511334,4,1,3,6,0,4,18
9905548,4,4,0,0,1,3,10
9805324,9,4,5,8,3,6,7
110119,1,1,0,0,0,1,3
108172,17,2,15,64,0,17,156
12357,18,3,15,43,1,17,72
9707445,13,3,10,28,1,12,19
207326,9,3,6,9,0,9,86
9512444,1,1,0,0,0,1,1
107190,20,3,17,97,0,20,127
9410236,11,4,7,9,2,9,26
9902410,24,7,17,33,17,7,7
9306332,8,2,6,14,8,0,0
9905252,12,4,8,16,0,12,63
9412372,6,1,5,10,0,6,14
9404361,7,3,4,6,7,0,0
205033,15,2,13,38,0,15,295
9702374,0,0,0,0,0,0,0
9706262,5,4,1,1,1,4,13
9511407,14,2,12,34,0,14,71
9812474,4,2,2,5,3,1,1
104038,26,3,23,104,0,26,275
9809474,6,3,3,4,0,6,38
9804201,20,2,18,78,2,18,39
8035,1,1,0,0,0,1,11
9308295,27,10,17,36,27,0,0
9406400,2,1,1,1,1,1,1
9903274,6,4,2,3,1,5,111
207332,1,1,0,0,1,0,0
9507451,5,2,3,4,0,5,19
9702371,1,1,0,0,1,0,0
9908327,16,8,8,11,10,6,19
204134,4,2,2,3,0,4,9
9608274,3,3,0,0,1,2,2
206201,1,1,0,0,0,1,3
9501319,9,4,5,6,9,0,0
9701377,1,1,0,0,1,0,0
302087,0,0,0,0,0,0,0
5316,33,2,31,234,1,32,106
9609520,8,2,6,10,0,8,15
9712315,11,5,6,13,1,10,23
3212,10,6,4,6,2,8,57
7246,6,3,3,3,2,4,16
9505232,11,1,10,20,7,4,10
201306,1,1,0,0,0,1,2
9503401,9,1,8,13,6,3,6
9705222,9,6,3,3,1,8,53
9703408,0,0,0,0,0,0,0
9706218,8,3,5,6,1,7,14
9509430,4,4,0,0,1,3,8
109069,1,1,0,0,1,0,0
9709214,14,3,11,30,9,5,5
9910201,10,4,6,12,0,10,29
9906324,7,5,2,3,1,6,10
9901420,18,9,9,13,1,17,43
9907228,16,4,12,29,6,10,15
6023,10,3,7,24,0,10,18
9503340,10,3,7,20,9,1,1
9608384,6,2,4,9,2,4,7
9408360,4,3,1,1,4,0,0
9511306,0,0,0,0,0,0,0
9411403,1,1,0,0,0,1,5
9709477,0,0,0,0,0,0,0
206003,5,4,1,1,3,2,4
9812498,17,3,14,31,0,17,72
9910375,2,1,1,1,0,2,10
9708436,4,2,2,2,2,2,5
9807481,0,0,0,0,0,0,0
9604261,1,1,0,0,0,1,2
9805382,1,1,0,0,0,1,1
9710337,24,4,20,77,6,18,18
5125,4,1,3,6,0,4,26
9909298,8,4,4,4,2,6,16
9905531,2,2,0,0,0,2,6
109194,0,0,0,0,0,0,0
9701213,6,4,2,2,1,5,13
9806417,4,2,2,2,2,2,2
9312226,12,4,8,14,12,0,0
9906383,12,5,7,16,0,12,100
9304312,5,2,3,3,5,0,0
9606277,16,6,10,20,3,13,23
9407309,1,1,0,0,0,1,2
9510392,2,1,1,1,0,2,4
9610447,4,2,2,2,0,4,7
9905576,4,3,1,1,0,4,29
9901312,5,3,2,3,0,5,50
9409298,0,0,0,0,0,0,0
9410254,4,3,1,1,3,1,1
9511297,3,2,1,1,3,0,0
9911362,4,1,3,6,4,0,0
12040,1,1,0,0,1,0,0
9612206,1,1,0,0,0,1,3
9405296,36,10,26,95,36,0,0
9801328,3,1,2,2,0,3,13
9705404,7,2,5,8,0,7,29
9506225,2,1,1,1,2,0,0
209244,5,2,3,4,0,5,62
8041,16,3,13,43,0,16,92
9909420,1,1,0,0,0,1,1
3176,1,1,0,0,0,1,2
9912293,2,2,0,0,1,1,2
9903439,14,9,5,8,2,12,64
9410217,1,1,0,0,1,0,0
1219,5,2,3,6,5,0,0
111326,4,2,2,2,2,2,24
205281,11,6,5,8,2,9,36
9808305,8,5,3,4,0,8,34
9809227,8,2,6,6,4,4,4
9710468,1,1,0,0,1,0,0
9911292,2,2,0,0,0,2,8
9706343,6,4,2,2,0,6,25
9712349,10,7,3,4,0,10,54
101134,2,1,1,1,0,2,2
9609240,4,3,1,1,0,4,33
5013,6,1,5,11,0,6,31
9711289,9,3,6,9,4,5,9
9604369,3,3,0,0,1,2,2
9804238,4,4,0,0,1,3,3
9907214,24,11,13,37,0,24,52
9701321,4,2,2,3,0,4,12
201026,4,2,2,2,1,3,5
5280,4,4,0,0,1,3,30
111030,9,5,4,6,0,9,54
9241,10,6,4,6,3,7,21
9608252,3,2,1,1,1,2,3
9704301,33,3,30,110,24,9,10
9408336,8,4,4,7,0,8,13
9905259,1,1,0,0,0,1,2
210359,3,3,0,0,0,3,7
104116,6,3,3,4,4,2,3
9612465,0,0,0,0,0,0,0
7094,1,1,0,0,1,0,0
112025,1,1,0,0,1,0,0
9701279,4,4,0,0,4,0,0
9610316,4,2,2,3,4,0,0
109268,10,7,3,3,5,5,10
207002,5,4,1,1,0,5,23
106250,1,1,0,0,0,1,9
9609324,8,6,2,2,0,8,77
107294,5,3,2,4,5,0,0
4072,2,2,0,0,0,2,7
9811437,9,2,7,13,0,9,57
7004,8,4,4,5,0,8,19
207185,1,1,0,0,0,1,4
9911433,9,7,2,2,0,9,39
9509366,3,2,1,1,0,3,3
110114,5,1,4,5,0,5,51
111094,8,6,2,2,0,8,54
9909416,1,1,0,0,0,1,6
1236,1,1,0,0,0,1,7
9805353,6,3,3,6,0,6,19
9801348,10,2,8,11,10,0,0
9902279,12,8,4,9,7,5,5
9901367,4,4,0,0,4,0,0
110108,7,1,6,12,0,7,23
9802393,3,1,2,2,0,3,24
12041,11,4,7,25,0,11,52
9245,10,3,7,15,0,10,72
203182,3,2,1,1,0,3,19
201121,7,1,6,10,0,7,38
301117,0,0,0,0,0,0,0
9911278,1,1,0,0,0,1,3
1291,1,1,0,0,0,1,5
210192,8,6,2,2,1,7,51
201152,13,7,6,11,0,13,72
210374,1,1,0,0,0,1,8
9603383,2,1,1,1,2,0,0
9912379,23,3,20,72,1,22,160
12062,12,4,8,16,0,12,121
9511203,4,2,2,3,4,0,0
105182,12,7,5,8,0,12,107
9312209,8,4,4,7,8,0,0
4185,4,2,2,3,1,3,5
9709259,5,1,4,7,0,5,21
109186,12,8,4,4,0,12,56
108253,2,2,0,0,0,2,12
12218,1,1,0,0,1,0,0
9409224,7,2,5,9,7,0,0
9801294,6,2,4,7,0,6,36
9802262,8,3,5,10,1,7,30
9905248,1,1,0,0,0,1,1
9605362,4,3,1,1,1,3,4
9610202,4,2,2,4,0,4,31
9159,4,2,2,3,0,4,14
9702355,7,1,6,8,0,7,40
105260,12,4,8,18,0,12,123
9806509,4,2,2,3,2,2,7
9809262,11,5,6,12,1,10,53
9512217,2,1,1,1,2,0,0
9503289,2,2,0,0,0,2,7
9810465,2,1,1,1,0,2,4
9305347,3,3,0,0,3,0,0
9504423,5,1,4,4,0,5,10
9703218,9,5,4,6,1,8,20
9701235,5,5,0,0,0,5,18
9709231,14,5,9,20,6,8,21
204250,3,1,2,2,0,3,20
9806445,1,1,0,0,0,1,5
9509339,2,2,0,0,0,2,3
9308320,2,1,1,1,2,0,0
9904291,11,5,6,14,3,8,34
9702219,3,2,1,1,0,3,16
205167,11,5,6,13,0,11,143
9709345,3,2,1,1,0,3,15
9910560,10,3,7,8,0,10,14
9403352,2,1,1,1,1,1,2
9707289,2,2,0,0,0,2,3
9707470,1,1,0,0,0,1,6
9804446,1,1,0,0,0,1,3
9706355,1,1,0,0,1,0,0
3316,2,2,0,0,0,2,5
3267,2,1,1,1,2,0,0
7325,7,1,6,13,0,7,39
9705423,11,4,7,22,0,11,11
9601299,3,2,1,2,0,3,4
9903482,1,1,0,0,0,1,17
1033,5,2,3,6,0,5,81
105079,8,2,6,8,0,8,51
9612383,1,1,0,0,0,1,7
8320,3,2,1,1,0,3,7
9408343,4,1,3,4,2,2,3
9709210,3,3,0,0,1,2,3
9808238,3,2,1,1,1,2,3
204328,5,3,2,2,0,5,40
12076,4,2,2,2,1,3,7
9706444,11,1,10,22,0,11,44
11342,1,1,0,0,0,1,1
102179,3,2,1,1,1,2,10
9707405,5,4,1,1,0,5,7
9608426,2,1,1,1,0,2,4
9909444,1,1,0,0,0,1,4
109025,2,2,0,0,0,2,6
9507266,1,1,0,0,0,1,1
205125,5,3,2,4,0,5,41
207141,1,1,0,0,1,0,0
9509265,0,0,0,0,0,0,0
9601255,1,1,0,0,0,1,2
9902284,1,1,0,0,1,0,0
9310202,2,2,0,0,2,0,0
9712427,0,0,0,0,0,0,0
9804258,4,2,2,3,0,4,14
9305337,7,5,2,3,7,0,0
9408211,3,3,0,0,0,3,3
9811474,11,2,9,11,2,9,15
9902441,10,7,3,6,3,7,10
9312241,3,1,2,3,1,2,2
9611466,1,1,0,0,1,0,0
9910355,6,3,3,4,0,6,18
9507230,28,2,26,123,11,17,17
105287,0,0,0,0,0,0,0
205220,5,5,0,0,2,3,8
2174,5,4,1,1,0,5,5
110122,4,2,2,2,4,0,0
9406383,8,2,6,13,8,0,0
9208211,5,2,3,5,5,0,0
3278,6,1,5,10,0,6,46
9804341,7,5,2,7,7,0,0
9704418,1,1,0,0,1,0,0
106213,1,1,0,0,0,1,3
102336,4,2,2,2,0,4,21
112050,4,1,3,4,4,0,0
9710322,6,3,3,4,2,4,8
9710220,4,3,1,1,2,2,5
3157,2,2,0,0,1,1,2
210320,4,2,2,2,0,4,58
203074,1,1,0,0,0,1,2
9508396,0,0,0,0,0,0,0
9307250,8,3,5,9,8,0,0
9606396,1,1,0,0,0,1,3
9312293,0,0,0,0,0,0,0
9505373,3,3,0,0,2,1,1
9912248,2,1,1,1,0,2,6
9712341,1,1,0,0,1,0,0
9212211,1,1,0,0,1,0,0
203110,0,0,0,0,0,0,0
9802419,15,7,8,21,0,15,129
110319,2,2,0,0,0,2,8
9601277,11,2,9,17,2,9,18
205315,7,3,4,5,0,7,78
9805385,2,2,0,0,0,2,4
6302,1,1,0,0,0,1,3
205208,20,4,16,35,0,20,118
9341,5,1,4,7,4,1,2
204213,3,1,2,2,0,3,25
9901454,1,1,0,0,0,1,4
9703265,3,1,2,3,0,3,3
9402302,13,5,8,12,13,0,0
9908496,0,0,0,0,0,0,0
103038,0,0,0,0,0,0,0
9902347,2,2,0,0,0,2,4
9607488,3,3,0,0,1,2,2
9701287,0,0,0,0,0,0,0
9403216,3,1,2,3,0,3,3
9802354,0,0,0,0,0,0,0
209082,0,0,0,0,0,0,0
203260,1,1,0,0,0,1,1
109191,3,3,0,0,3,0,0
7274,6,4,2,2,0,6,118
9512266,0,0,0,0,0,0,0
106127,4,3,1,1,0,4,15
9709412,5,3,2,2,0,5,24
9501218,0,0,0,0,0,0,0
205105,4,2,2,3,0,4,22
9412297,2,2,0,0,1,1,2
6339,3,3,0,0,1,2,20
11193,0,0,0,0,0,0,0
108262,8,2,6,13,5,3,6
9904290,9,5,4,7,3,6,20
12235,4,4,0,0,3,1,1
9912465,0,0,0,0,0,0,0
7333,5,3,2,2,0,5,26
203264,1,1,0,0,0,1,10
7321,1,1,0,0,0,1,6
9906544,1,1,0,0,1,0,0
9811506,1,1,0,0,0,1,2
9605255,0,0,0,0,0,0,0
204359,4,3,1,1,0,4,16
8307,1,1,0,0,0,1,2
104180,2,1,1,1,0,2,9
5212,5,4,1,1,1,4,10
9910333,8,5,3,3,4,4,6
301179,0,0,0,0,0,0,0
206075,0,0,0,0,0,0,0
207174,3,2,1,1,0,3,20
9905291,13,5,8,14,0,13,58
9612459,9,3,6,10,0,9,23
106313,3,2,1,1,0,3,28
9191,0,0,0,0,0,0,0
4177,7,1,6,13,1,6,12
9308355,3,2,1,1,0,3,6
204185,5,2,3,4,0,5,24
204347,0,0,0,0,0,0,0
9607337,0,0,0,0,0,0,0
208151,0,0,0,0,0,0,0
201055,4,2,2,3,0,4,38
9907571,3,2,1,2,1,2,3
9809276,0,0,0,0,0,0,0
10187,2,2,0,0,0,2,2
206196,2,2,0,0,0,2,13
11388,1,1,0,0,0,1,4
105131,2,2,0,0,1,1,2
212108,1,1,0,0,0,1,1
104183,3,2,1,2,0,3,7
3056,0,0,0,0,0,0,0
301056,0,0,0,0,0,0,0
102305,0,0,0,0,0,0,0
209277,0,0,0,0,0,0,0
207061,1,1,0,0,1,0,0
9909546,2,2,0,0,0,2,5
9801357,5,1,4,7,0,5,15
9805394,6,3,3,3,2,4,10
9504271,0,0,0,0,0,0,0
9902403,6,2,4,4,0,6,9
9612481,0,0,0,0,0,0,0
9407390,9,2,7,12,1,8,23
9810363,8,1,7,15,8,0,0
9506290,7,0,7,19,7,0,0
9503359,3,1,2,2,0,3,11
210159,0,0,0,0,0,0,0
9412290,0,0,0,0,0,0,0
202206,3,2,1,1,0,3,14
9906552,3,1,2,2,0,3,11
9903522,0,0,0,0,0,0,0
204358,4,3,1,1,0,4,23
9710448,1,1,0,0,1,0,0
101272,2,1,1,1,0,2,22
9407335,2,2,0,0,2,0,0
9802321,1,1,0,0,1,0,0
9709337,2,2,0,0,2,0,0
9810212,0,0,0,0,0,0,0
203189,3,2,1,1,0,3,25
9808243,3,2,1,1,0,3,14
9903391,0,0,0,0,0,0,0
204113,3,2,1,2,0,3,5
9610484,2,2,0,0,0,2,4
9504385,0,0,0,0,0,0,0
4051,6,1,5,9,4,2,5
9905485,3,1,2,2,0,3,4
104197,1,1,0,0,0,1,5
205044,1,1,0,0,0,1,3
9411386,4,1,3,6,4,0,0
9801340,0,0,0,0,0,0,0
9605466,3,1,2,3,0,3,11
9410407,5,1,4,6,0,5,8
207008,2,2,0,0,0,2,6
109104,0,0,0,0,0,0,0
10191,3,1,2,2,0,3,52
9909205,3,2,1,1,1,2,2
9912334,0,0,0,0,0,0,0
9911215,2,1,1,1,0,2,27
102260,0,0,0,0,0,0,0
209235,1,1,0,0,0,1,1
104272,0,0,0,0,0,0,0
9404265,0,0,0,0,0,0,0
9507469,3,1,2,2,3,0,0
104084,3,3,0,0,2,1,3
2013,0,0,0,0,0,0,0
9306,0,0,0,0,0,0,0
9409306,0,0,0,0,0,0,0
9308296,3,1,2,3,3,0,0
9710464,2,1,1,1,0,2,2
10251,2,1,1,1,0,2,13
9509221,0,0,0,0,0,0,0
9707411,2,2,0,0,1,1,2
9307359,1,1,0,0,1,0,0
201102,1,1,0,0,0,1,1
10027,0,0,0,0,0,0,0
9801325,1,1,0,0,0,1,4
107208,1,1,0,0,0,1,1
107098,0,0,0,0,0,0,0
203096,0,0,0,0,0,0,0
9706278,5,2,3,4,4,1,3
9812218,0,0,0,0,0,0,0
9708206,1,1,0,0,1,0,0
205069,2,2,0,0,0,2,7
202236,4,3,1,1,0,4,20
108078,2,2,0,0,0,2,6
9708471,1,1,0,0,0,1,1
9510266,2,2,0,0,2,0,0
203065,2,2,0,0,0,2,11
9312340,1,1,0,0,1,0,0
9611330,2,1,1,1,2,0,0
204148,0,0,0,0,0,0,0
9503329,2,1,1,1,0,2,6
212104,0,0,0,0,0,0,0
209013,0,0,0,0,0,0,0
9703421,1,1,0,0,0,1,5
9612213,6,4,2,2,4,2,4
9407233,0,0,0,0,0,0,0
9909518,3,3,0,0,1,2,2
9910222,0,0,0,0,0,0,0
9808442,2,1,1,1,1,1,3
9508392,2,2,0,0,0,2,2
110162,1,1,0,0,0,1,1
9907253,0,0,0,0,0,0,0
101078,2,2,0,0,0,2,3
9811285,5,2,3,4,0,5,53
9611329,2,2,0,0,0,2,7
12373,0,0,0,0,0,0,0
9709335,3,3,0,0,2,1,3
9703306,0,0,0,0,0,0,0
209139,0,0,0,0,0,0,0
7019,0,0,0,0,0,0,0
9711372,1,1,0,0,1,0,0
2189,1,1,0,0,0,1,4
212402,0,0,0,0,0,0,0
9504315,0,0,0,0,0,0,0
8149,0,0,0,0,0,0,0
9902222,0,0,0,0,0,0,0
9911376,2,1,1,1,1,1,2
210407,0,0,0,0,0,0,0
101290,0,0,0,0,0,0,0
6305,0,0,0,0,0,0,0
9908287,3,2,1,1,3,0,0
11011,1,1,0,0,0,1,4
9801258,0,0,0,0,0,0,0
9410211,3,3,0,0,0,3,3
9806478,1,1,0,0,0,1,2
9510355,0,0,0,0,0,0,0
9711233,1,1,0,0,0,1,6
106260,3,2,1,1,0,3,10
203046,3,2,1,1,1,2,5
9902442,1,1,0,0,1,0,0
5273,2,2,0,0,0,2,7
208005,1,1,0,0,0,1,1
9310299,3,2,1,1,1,2,2
211232,1,1,0,0,0,1,1
101198,0,0,0,0,0,0,0
9709475,0,0,0,0,0,0,0
302163,0,0,0,0,0,0,0
9909360,0,0,0,0,0,0,0
9608331,2,2,0,0,2,0,0
9605322,0,0,0,0,0,0,0
9404262,1,1,0,0,0,1,1
9907329,0,0,0,0,0,0,0
3009,1,1,0,0,0,1,21
9905288,1,1,0,0,1,0,0
204235,0,0,0,0,0,0,0
101137,0,0,0,0,0,0,0
3322,2,2,0,0,1,1,6
106231,0,0,0,0,0,0,0
9608278,0,0,0,0,0,0,0
2083,0,0,0,0,0,0,0
111286,1,1,0,0,0,1,1
9711270,1,1,0,0,0,1,6
9612427,1,1,0,0,1,0,0
111277,0,0,0,0,0,0,0
9407346,0,0,0,0,0,0,0
107049,2,1,1,1,1,1,1
206159,1,1,0,0,0,1,15
5233,0,0,0,0,0,0,0
104292,1,1,0,0,0,1,6
110090,1,1,0,0,0,1,1
9406225,0,0,0,0,0,0,0
9606478,1,1,0,0,0,1,5
9905522,0,0,0,0,0,0,0
112166,3,3,0,0,0,3,31
105209,3,3,0,0,0,3,12
110342,1,1,0,0,0,1,2
9807450,0,0,0,0,0,0,0
9211331,1,1,0,0,1,0,0
212017,0,0,0,0,0,0,0
207001,0,0,0,0,0,0,0
206050,0,0,0,0,0,0,0
201109,0,0,0,0,0,0,0
9706414,0,0,0,0,0,0,0
302036,0,0,0,0,0,0,0
9803437,0,0,0,0,0,0,0
9912286,0,0,0,0,0,0,0
212226,0,0,0,0,0,0,0
211152,0,0,0,0,0,0,0
206275,0,0,0,0,0,0,0
9510414,0,0,0,0,0,0,0
9507370,0,0,0,0,0,0,0
9510416,1,1,0,0,1,0,0
208175,1,1,0,0,0,1,4
105098,0,0,0,0,0,0,0
211241,3,2,1,1,1,2,5
10293,0,0,0,0,0,0,0
101079,0,0,0,0,0,0,0
9903210,0,0,0,0,0,0,0
9403228,2,2,0,0,0,2,2
9601314,0,0,0,0,0,0,0
207100,0,0,0,0,0,0,0
9908210,1,1,0,0,1,0,0
108053,1,1,0,0,1,0,0
9912387,1,1,0,0,0,1,3
9610428,0,0,0,0,0,0,0
2084,0,0,0,0,0,0,0
9711389,1,1,0,0,1,0,0
9409397,0,0,0,0,0,0,0
211143,0,0,0,0,0,0,0
111261,2,2,0,0,0,2,5
301229,0,0,0,0,0,0,0
207368,0,0,0,0,0,0,0
9508376,0,0,0,0,0,0,0
107228,1,1,0,0,1,0,0
9905563,0,0,0,0,0,0,0
9709512,1,1,0,0,0,1,3
101216,2,2,0,0,0,2,3
9806247,0,0,0,0,0,0,0
9712412,1,1,0,0,1,0,0
211428,1,1,0,0,0,1,6
9701318,0,0,0,0,0,0,0
105223,1,1,0,0,0,1,6
9909320,0,0,0,0,0,0,0
9807435,0,0,0,0,0,0,0
9909483,0,0,0,0,0,0,0
9402267,0,0,0,0,0,0,0
211042,1,1,0,0,0,1,7
209243,1,1,0,0,1,0,0
105138,0,0,0,0,0,0,0
208149,1,1,0,0,0,1,6
110290,1,1,0,0,0,1,1
204197,0,0,0,0,0,0,0
9706293,0,0,0,0,0,0,0
105286,0,0,0,0,0,0,0
9712396,0,0,0,0,0,0,0
9812453,1,1,0,0,0,1,4
9910504,0,0,0,0,0,0,0
9403202,1,1,0,0,1,0,0
9612309,3,3,0,0,1,2,2
212135,0,0,0,0,0,0,0
208106,1,1,0,0,1,0,0
9907309,0,0,0,0,0,0,0
212383,0,0,0,0,0,0,0
11001,0,0,0,0,0,0,0
211120,0,0,0,0,0,0,0
206291,1,1,0,0,0,1,2
9808398,0,0,0,0,0,0,0
9712548,0,0,0,0,0,0,0
206007,0,0,0,0,0,0,0
9405206,0,0,0,0,0,0,0
105231,1,1,0,0,0,1,6
301245,0,0,0,0,0,0,0
210236,4,4,0,0,0,4,89
9512408,0,0,0,0,0,0,0
111380,0,0,0,0,0,0,0
12298,0,0,0,0,0,0,0
211222,0,0,0,0,0,0,0
1067,0,0,0,0,0,0,0
102197,1,1,0,0,0,1,9
9902415,0,0,0,0,0,0,0
206091,0,0,0,0,0,0,0
208178,2,2,0,0,0,2,23
302110,0,0,0,0,0,0,0
9707294,0,0,0,0,0,0,0
209334,0,0,0,0,0,0,0
9509202,1,1,0,0,1,0,0
301181,0,0,0,0,0,0,0
9407219,0,0,0,0,0,0,0
10182,1,1,0,0,0,1,2
9907413,0,0,0,0,0,0,0
9707479,1,1,0,0,0,1,1
103033,1,1,0,0,0,1,3
210355,0,0,0,0,0,0,0
9705427,0,0,0,0,0,0,0
7042,0,0,0,0,0,0,0
212075,0,0,0,0,0,0,0
301202,0,0,0,0,0,0,0
9809326,0,0,0,0,0,0,0
9911239,1,1,0,0,1,0,0
4036,0,0,0,0,0,0,0
9602402,0,0,0,0,0,0,0
9901396,4,2,2,3,0,4,10
105102,1,1,0,0,0,1,1
9503305,0,0,0,0,0,0,0
9702329,0,0,0,0,0,0,0
9605338,0,0,0,0,0,0,0
8027,0,0,0,0,0,0,0
9309226,0,0,0,0,0,0,0
3175,2,2,0,0,0,2,3
9250,0,0,0,0,0,0,0
202044,0,0,0,0,0,0,0
6258,1,1,0,0,0,1,2
109152,0,0,0,0,0,0,0
210087,0,0,0,0,0,0,0
210188,0,0,0,0,0,0,0
9507408,0,0,0,0,0,0,0
9806261,0,0,0,0,0,0,0
9709489,0,0,0,0,0,0,0
3214,1,1,0,0,0,1,5
110190,0,0,0,0,0,0,0
6356,0,0,0,0,0,0,0
2027,1,1,0,0,0,1,3
9505376,0,0,0,0,0,0,0
205189,0,0,0,0,0,0,0
9607260,0,0,0,0,0,0,0
212342,1,1,0,0,0,1,11
9809432,0,0,0,0,0,0,0
9706460,0,0,0,0,0,0,0
212054,0,0,0,0,0,0,0
106276,0,0,0,0,0,0,0
109255,0,0,0,0,0,0,0
211167,0,0,0,0,0,0,0
9404215,1,1,0,0,1,0,0
10168,0,0,0,0,0,0,0
9908367,0,0,0,0,0,0,0
9812524,0,0,0,0,0,0,0
9401334,0,0,0,0,0,0,0
103203,0,0,0,0,0,0,0
9707277,0,0,0,0,0,0,0
210268,0,0,0,0,0,0,0
9301251,2,2,0,0,2,0,0
8162,1,1,0,0,0,1,2
9407276,0,0,0,0,0,0,0
9707339,0,0,0,0,0,0,0
9701395,0,0,0,0,0,0,0
212204,0,0,0,0,0,0,0
212177,0,0,0,0,0,0,0
9812507,0,0,0,0,0,0,0
9609299,1,1,0,0,1,0,0
207206,0,0,0,0,0,0,0
211102,0,0,0,0,0,0,0
10076,0,0,0,0,0,0,0
108153,1,1,0,0,0,1,1
203019,0,0,0,0,0,0,0
2185,0,0,0,0,0,0,0
9310356,0,0,0,0,0,0,0
301193,0,0,0,0,0,0,0
9602427,0,0,0,0,0,0,0
201126,0,0,0,0,0,0,0
204219,0,0,0,0,0,0,0
301006,0,0,0,0,0,0,0
4026,0,0,0,0,0,0,0
9811452,0,0,0,0,0,0,0
9905207,0,0,0,0,0,0,0
110024,0,0,0,0,0,0,0
4088,1,1,0,0,1,0,0
205303,1,1,0,0,0,1,7
9709253,0,0,0,0,0,0,0
9310249,0,0,0,0,0,0,0
9610201,0,0,0,0,0,0,0
301215,0,0,0,0,0,0,0
207017,0,0,0,0,0,0,0
301175,0,0,0,0,0,0,0
9904424,0,0,0,0,0,0,0
209237,0,0,0,0,0,0,0
109270,0,0,0,0,0,0,0
301010,0,0,0,0,0,0,0
102035,0,0,0,0,0,0,0
301017,0,0,0,0,0,0,0
212010,0,0,0,0,0,0,0
210008,0,0,0,0,0,0,0
9505436,0,0,0,0,0,0,0
210036,0,0,0,0,0,0,0
1139,0,0,0,0,0,0,0
110044,0,0,0,0,0,0,0
1294,0,0,0,0,0,0,0
9908234,0,0,0,0,0,0,0
102326,0,0,0,0,0,0,0
9809516,0,0,0,0,0,0,0
209022,0,0,0,0,0,0,0
9910430,0,0,0,0,0,0,0
9610360,30,5,25,66,1,29,109
4004,123,3,120,951,52,71,162
102077,11,1,10,32,0,11,57
9909564,9,5,4,7,0,9,64
9312311,140,14,126,731,33,107,223
9502338,71,9,62,283,1,70,296
9704376,94,21,73,320,5,89,1002
9604330,67,11,56,317,6,61,176
110253,17,7,10,16,2,15,56
9409255,22,3,19,99,10,12,28
9609437,26,2,24,59,4,22,67
9806351,27,3,24,117,2,25,91
9902434,25,7,18,44,0,25,92
9704312,23,5,18,55,6,17,39
9512417,14,4,10,27,13,1,1
9706379,8,4,4,5,4,4,4
9903394,13,5,8,21,5,8,18
1133,13,6,7,14,0,13,68
9410242,13,7,6,12,0,13,46
9809470,57,10,47,168,4,53,142
9902214,12,5,7,9,2,10,29
1002,106,22,84,502,10,96,814
9307342,49,13,36,90,49,0,0
104047,23,4,19,63,0,23,249
9903404,77,20,57,252,5,72,630
9502284,12,2,10,26,6,6,6
9303311,47,9,38,132,43,4,4
9410330,17,11,6,9,2,15,54
9304303,50,6,44,180,27,23,29
9311281,49,12,37,174,18,31,51
9304299,67,13,54,179,58,9,9
9812460,0,0,0,0,0,0,0
9705208,63,2,61,464,3,60,178
9808301,101,3,98,852,0,101,389
9605413,45,1,44,284,32,13,25
9403201,52,7,45,142,40,12,12
9909425,49,2,47,302,3,46,275
9808232,46,4,42,205,3,43,269
9905340,7,2,5,10,7,0,0
9805272,66,7,59,282,23,43,124
105344,14,2,12,49,14,0,0
9806339,18,3,15,68,13,5,9
9709483,18,2,16,50,1,17,68
9601342,10,4,6,13,10,0,0
9812381,20,6,14,57,0,20,172
9504287,36,7,29,125,27,9,11
9211293,10,4,6,14,10,0,0
2060,19,3,16,56,0,19,74
9301268,23,4,19,59,23,0,0
9604229,67,1,66,527,48,19,22
9503313,13,6,7,7,1,12,59
9506416,81,5,76,560,81,0,0
9602325,15,6,9,22,2,13,84
4151,5,2,3,4,0,5,21
9210240,49,19,30,97,45,4,4
9503263,41,1,40,193,7,34,48
9301267,60,15,45,150,55,5,5
9702392,91,2,89,1103,43,48,172
9707274,13,5,8,17,0,13,273
104122,5,4,1,1,1,4,9
9504326,83,3,80,528,8,75,262
9908296,13,1,12,26,1,12,38
12212,10,6,4,5,0,10,82
1088,14,1,13,35,0,14,215
111144,16,2,14,55,0,16,43
9602239,125,10,115,914,10,115,267
9701244,48,7,41,185,3,45,250
9707537,30,7,23,64,0,30,250
9707259,62,7,55,186,3,59,252
9802352,15,2,13,44,0,15,87
5181,36,10,26,60,4,32,78
9504235,42,10,32,118,16,26,56
9902205,12,2,10,27,0,12,54
1253,25,5,20,77,0,25,297
9709243,57,7,50,222,11,46,126
9703349,80,7,73,520,0,80,647
111073,0,0,0,0,0,0,0
9406428,22,4,18,90,4,18,26
9507326,62,13,49,133,19,43,57
9706207,22,5,17,46,0,22,114
9609449,64,11,53,284,5,59,520
9704268,20,6,14,37,1,19,120
9803466,277,2,275,3574,41,236,352
9605288,91,13,78,323,20,71,191
9601382,3,2,1,2,1,2,6
9611273,36,8,28,106,2,34,140
9810492,1,1,0,0,0,1,7
9808429,5,2,3,4,0,5,29
9606378,13,1,12,42,2,11,47
9702424,28,5,23,103,1,27,224
9911410,4,2,2,3,0,4,14
9702373,28,5,23,69,3,25,82
9704267,32,6,26,86,1,31,67
9701252,9,2,7,9,0,9,38
9310298,14,8,6,8,9,5,5
9211322,45,6,39,156,45,0,0
9906316,21,5,16,62,7,14,45
9707260,1,1,0,0,1,0,0
9507233,1,1,0,0,0,1,1
9310327,10,10,0,0,3,7,7
9412299,3,3,0,0,0,3,13
9405410,125,11,114,716,25,100,404
9204229,59,20,39,207,49,10,10
9507342,18,4,14,40,10,8,13
9604425,39,5,34,102,8,31,63
111061,0,0,0,0,0,0,0
9409405,4,3,1,1,4,0,0
9308274,47,8,39,155,34,13,14
106141,6,1,5,10,0,6,26
9808344,9,4,5,9,0,9,60
9811401,2,2,0,0,0,2,6
9306298,29,10,19,69,18,11,16
9401323,14,5,9,13,3,11,11
9902327,49,4,45,262,5,44,218
9408266,14,5,9,18,8,6,6
9705474,21,9,12,26,6,15,64
9912473,15,2,13,44,0,15,78
9801306,40,5,35,100,2,38,151
9912439,25,5,20,92,11,14,27
9706545,29,7,22,55,1,28,119
9902471,19,2,17,56,2,17,45
9911460,12,1,11,34,0,12,116
6148,2,1,1,1,0,2,9
2209,54,4,50,276,0,54,837
9808444,69,2,67,877,0,69,239
9908248,63,2,61,400,0,63,380
9402340,28,10,18,56,7,21,48
9910347,22,4,18,65,0,22,483
9912419,5,3,2,3,0,5,27
10049,1,1,0,0,1,0,0
201148,15,4,11,33,3,12,20
9903524,15,2,13,31,2,13,54
9304309,2,2,0,0,0,2,4
9409419,62,7,55,212,62,0,0
9805275,14,4,10,18,2,12,72
9608329,18,8,10,20,9,9,17
9810280,52,3,49,261,2,50,133
9511350,13,6,7,13,1,12,22
8058,26,3,23,70,0,26,67
9807269,28,6,22,85,0,28,140
9806281,5,1,4,5,0,5,23
9312308,12,4,8,13,7,5,5
9512446,7,5,2,2,1,6,56
9606370,83,11,72,298,14,69,114
9612460,7,7,0,0,3,4,5
9507461,32,4,28,138,8,24,133
9902270,9,1,8,23,0,9,49
9501341,69,4,65,621,66,3,3
9712517,40,3,37,127,4,36,100
9607433,41,8,33,133,18,23,32
9802304,32,1,31,113,3,29,86
9207216,19,7,12,33,19,0,0
9607376,4,3,1,1,4,0,0
9607475,4,3,1,1,0,4,9
9504313,17,3,14,58,2,15,31
9412249,16,6,10,27,0,16,34
9705447,9,5,4,5,1,8,24
9812399,5,1,4,6,4,1,1
9411286,47,16,31,92,34,13,14
9502318,15,12,3,3,1,14,59
9403354,1,1,0,0,1,0,0
9604445,36,7,29,103,9,27,74
9041,46,13,33,80,17,29,86
9903506,2,2,0,0,2,0,0
9806216,3,2,1,1,0,3,13
9208248,38,7,31,135,38,0,0
102331,94,4,90,683,0,94,1212
9811489,41,3,38,176,2,39,273
102176,15,2,13,74,1,14,14
9602236,52,17,35,92,32,20,49
9910275,17,7,10,17,1,16,128
9708416,13,10,3,5,7,6,9
9911255,34,6,28,76,2,32,198
9305208,8,4,4,4,5,3,3
9711461,1,1,0,0,0,1,3
9402342,26,3,23,67,14,12,15
9339,6,3,3,3,0,6,31
9269,14,12,2,2,2,12,52
9610514,24,6,18,48,14,10,18
2008,11,3,8,17,1,10,10
9602230,2,2,0,0,2,0,0
9704239,22,4,18,59,6,16,27
9702287,38,14,24,48,2,36,138
9502341,24,4,20,126,5,19,28
9907494,14,4,10,45,1,13,16
9511270,19,5,14,28,17,2,2
9506338,14,2,12,36,14,0,0
10117,14,5,9,14,0,14,163
9906431,24,4,20,52,0,24,516
9904380,34,4,30,209,0,34,656
1120,5,3,2,3,0,5,19
9903246,42,4,38,167,4,38,341
102201,38,8,30,179,0,38,657
112081,28,3,25,93,1,27,560
9610499,12,5,7,11,1,11,43
203064,5,2,3,3,0,5,17
210009,4,4,0,0,0,4,67
1031,37,4,33,184,2,35,186
8153,2,1,1,1,0,2,7
9910255,20,11,9,13,0,20,259
1302,10,7,3,4,0,10,31
9606428,30,8,22,51,16,14,22
10141,4,1,3,6,0,4,17
9903538,27,2,25,245,0,27,317
8158,8,4,4,6,0,8,92
103031,11,2,9,16,0,11,130
9808401,8,6,2,2,2,6,30
9506359,32,9,23,77,4,28,165
9211328,23,2,21,89,23,0,0
9209296,27,7,20,100,26,1,1
9512285,4,4,0,0,4,0,0
4069,5,3,2,3,0,5,22
6254,16,2,14,63,0,16,95
9206247,6,2,4,6,6,0,0
5227,8,4,4,6,0,8,58
101154,7,4,3,4,0,7,50
9909479,15,6,9,14,6,9,22
9411435,12,4,8,25,7,5,5
9305293,10,6,4,5,1,9,9
9508302,80,5,75,443,1,79,222
9806212,21,9,12,31,6,15,18
9503465,13,6,7,13,4,9,22
9411372,37,7,30,129,23,14,27
9507289,12,6,6,12,0,12,43
9607331,5,4,1,1,3,2,5
9810235,7,4,3,5,0,7,65
9611311,8,2,6,15,0,8,14
9510437,10,5,5,13,0,10,16
9412295,15,3,12,24,6,9,12
106027,17,3,14,35,1,16,183
12116,10,4,6,17,0,10,53
9803460,36,6,30,125,5,31,172
9603417,30,4,26,140,1,29,62
5256,13,5,8,24,2,11,29
9508243,7,2,5,8,7,0,0
9308322,9,6,3,3,9,0,0
9603405,1,1,0,0,0,1,1
7251,16,3,13,37,0,16,148
9810496,25,1,24,105,1,24,139
9611232,12,2,10,13,2,10,23
9602286,1,1,0,0,0,1,1
9607258,1,1,0,0,1,0,0
9804284,28,3,25,107,0,28,210
106100,1,1,0,0,0,1,6
9412255,17,3,14,40,11,6,8
9507271,67,13,54,193,48,19,35
9401342,12,7,5,8,12,0,0
9801300,19,7,12,23,2,17,70
9806345,18,9,9,15,8,10,38
9409423,2,2,0,0,1,1,1
9709465,11,2,9,17,0,11,43
9611203,2,2,0,0,0,2,5
11252,24,9,15,63,0,24,372
9708349,20,7,13,37,0,20,154
9601333,4,2,2,2,0,4,38
9610380,18,6,12,23,16,2,3
9705318,25,4,21,86,2,23,70
9609378,11,2,9,19,1,10,27
9709424,23,8,15,36,17,6,9
9906337,4,4,0,0,1,3,7
4215,21,17,4,4,0,21,105
9610204,20,3,17,44,5,15,27
9612346,35,2,33,227,0,35,247
9312221,34,15,19,41,6,28,79
9502387,2,1,1,1,0,2,5
9705248,12,5,7,15,0,12,72
104246,5,3,2,2,1,4,19
9512361,0,0,0,0,0,0,0
103074,23,10,13,24,10,13,44
105023,0,0,0,0,0,0,0
104218,27,6,21,53,0,27,233
9809491,4,1,3,5,0,4,13
9508323,15,8,7,8,12,3,3
9511419,16,4,12,38,7,9,13
9511464,13,2,11,17,13,0,0
9410385,22,1,21,103,22,0,0
9507287,8,4,4,7,1,7,31
9912242,15,6,9,23,3,12,32
103239,1,1,0,0,0,1,6
9912390,33,5,28,129,0,33,249
9306260,15,6,9,29,15,0,0
9709349,8,2,6,17,0,8,59
9501349,7,6,1,1,2,5,20
9807244,1,1,0,0,0,1,2
103049,23,3,20,59,3,20,56
9307203,10,4,6,11,7,3,3
9206229,7,3,4,10,7,0,0
9603217,23,9,14,37,11,12,21
209039,0,0,0,0,0,0,0
7055,7,2,5,8,0,7,27
9903337,29,10,19,52,3,26,116
9206242,115,10,105,814,115,0,0
9810416,11,2,9,29,1,10,45
108117,31,16,15,35,1,30,142
9609511,31,2,29,158,10,21,47
9910477,15,6,9,28,0,15,119
103064,19,3,16,70,0,19,243
9509374,21,2,19,46,10,11,17
104304,27,5,22,63,3,24,77
9301221,2,1,1,1,2,0,0
9802411,22,3,19,63,2,20,102
9411278,4,4,0,0,1,3,4
9206208,1,1,0,0,1,0,0
1224,10,2,8,17,0,10,33
9610408,28,3,25,113,2,26,137
11375,7,2,5,11,0,7,37
9911455,1,1,0,0,0,1,2
202200,0,0,0,0,0,0,0
8034,7,2,5,6,1,6,25
9507322,3,2,1,1,0,3,13
9608209,4,2,2,2,0,4,19
12097,12,4,8,19,0,12,42
9303271,5,5,0,0,5,0,0
9711232,3,3,0,0,0,3,6
9410331,8,2,6,15,5,3,3
9709223,20,5,15,31,0,20,175
9510267,12,3,9,20,12,0,0
302225,0,0,0,0,0,0,0
8265,0,0,0,0,0,0,0
9806481,0,0,0,0,0,0,0
9706437,7,2,5,6,1,6,13
9703335,12,3,9,23,2,10,19
9602255,5,3,2,2,0,5,42
12221,17,6,11,25,0,17,109
102266,2,1,1,1,0,2,22
9311207,8,5,3,7,2,6,18
9310279,15,1,14,58,15,0,0
9810477,1,1,0,0,0,1,1
9612291,14,5,9,11,0,14,64
10164,1,1,0,0,0,1,1
9608309,3,2,1,1,2,1,2
11136,10,5,5,8,5,5,8
9610342,1,1,0,0,0,1,3
9404305,4,2,2,2,0,4,8
9903497,4,2,2,5,0,4,28
9410347,6,3,3,4,6,0,0
9802323,3,3,0,0,0,3,8
8143,19,5,14,52,0,19,173
9703215,6,2,4,6,0,6,17
5276,14,5,9,20,0,14,180
212345,2,2,0,0,0,2,11
9402289,8,4,4,5,3,5,11
108102,22,4,18,82,0,22,136
9902217,15,5,10,17,1,14,41
103050,18,2,16,63,2,16,37
9310379,93,9,84,493,16,77,364
9603340,22,6,16,47,1,21,63
9504274,18,2,16,38,0,18,70
9606201,12,4,8,14,4,8,10
9610515,11,9,2,2,0,11,59
108115,11,8,3,5,1,10,32
9902368,9,2,7,18,0,9,49
9508402,7,2,5,7,1,6,28
212129,23,10,13,39,6,17,73
9901326,3,1,2,3,0,3,30
9805414,7,4,3,4,7,0,0
105302,30,3,27,88,0,30,155
9308211,2,1,1,1,1,1,1
9907350,5,3,2,2,0,5,10
9907265,3,1,2,3,1,2,13
206245,8,5,3,6,0,8,83
110001,14,3,11,25,0,14,125
101181,4,3,1,1,0,4,17
9806518,16,3,13,29,1,15,28
208026,23,6,17,36,3,20,119
9801303,2,2,0,0,0,2,5
108152,15,4,11,29,0,15,144
7310,4,3,1,2,0,4,22
9910405,8,3,5,12,1,7,21
9610389,7,2,5,8,7,0,0
110366,18,7,11,23,0,18,33
9810315,11,3,8,21,0,11,51
6192,10,4,6,19,1,9,22
205284,7,1,6,13,0,7,119
3097,0,0,0,0,0,0,0
9508225,23,13,10,14,2,21,29
9708311,41,11,30,72,4,37,99
204060,3,3,0,0,0,3,23
104108,24,3,21,74,0,24,385
9810359,1,1,0,0,0,1,1
9805356,25,4,21,90,0,25,97
9902456,6,1,5,10,0,6,6
302124,0,0,0,0,0,0,0
9409401,6,1,5,7,2,4,5
9907279,7,3,4,7,0,7,45
9511311,11,3,8,15,5,6,7
9508291,16,6,10,25,2,14,37
9702390,5,2,3,3,0,5,53
9604390,5,3,2,4,0,5,25
110262,10,3,7,15,2,8,11
9609248,10,4,6,17,1,9,25
9510283,4,3,1,3,0,4,15
9306288,1,1,0,0,1,0,0
9712540,1,1,0,0,0,1,2
4182,1,1,0,0,1,0,0
6077,29,2,27,179,0,29,136
9708351,8,4,4,6,2,6,17
9502381,5,4,1,1,5,0,0
9511343,10,2,8,11,1,9,55
201287,13,2,11,20,3,10,30
9602309,20,6,14,26,2,18,51
203163,2,2,0,0,0,2,3
9506334,2,1,1,1,0,2,8
9912327,1,1,0,0,0,1,1
9406201,1,1,0,0,1,0,0
9708254,11,4,7,9,4,7,62
9510215,1,1,0,0,0,1,1
8064,1,1,0,0,0,1,5
9712524,6,2,4,8,0,6,8
9911429,3,3,0,0,0,3,41
9906495,6,4,2,4,1,5,29
111156,2,1,1,1,0,2,10
9906406,6,3,3,4,2,4,6
6201,11,2,9,16,0,11,17
9507259,1,1,0,0,0,1,3
9812458,7,2,5,10,3,4,6
9405271,21,3,18,60,0,21,102
9602220,2,2,0,0,0,2,6
211065,0,0,0,0,0,0,0
9303313,13,6,7,16,13,0,0
9210208,23,3,20,103,23,0,0
9910551,10,5,5,10,0,10,50
9812331,0,0,0,0,0,0,0
9710229,3,3,0,0,1,2,8
9804459,5,3,2,2,1,4,11
9810228,1,1,0,0,0,1,1
9408299,55,9,46,204,0,55,160
1100,2,2,0,0,0,2,10
9906354,2,1,1,1,0,2,2
7275,1,1,0,0,0,1,2
6292,1,1,0,0,0,1,4
109094,2,2,0,0,0,2,14
4172,7,6,1,1,3,4,10
9909500,6,3,3,3,2,4,11
9404216,3,2,1,2,0,3,3
9909302,5,1,4,4,0,5,35
9902406,1,1,0,0,0,1,6
9606456,28,8,20,59,28,0,0
9309301,2,2,0,0,0,2,5
9404234,12,6,6,8,1,11,44
9610448,4,1,3,5,4,0,0
9912413,1,1,0,0,1,0,0
205202,0,0,0,0,0,0,0
9209272,5,1,4,7,5,0,0
9502405,6,5,1,1,5,1,1
9806214,3,2,1,1,0,3,8
9703334,2,2,0,0,0,2,4
3063,2,2,0,0,0,2,9
9709255,1,1,0,0,0,1,13
9806408,2,1,1,1,0,2,6
9803424,8,1,7,13,0,8,78
9197,5,5,0,0,2,3,8
9605442,3,2,1,1,2,1,1
210241,1,1,0,0,0,1,6
12369,3,1,2,3,0,3,39
9909467,10,1,9,21,2,8,31
9807272,2,1,1,1,1,1,1
9912315,1,1,0,0,1,0,0
9904255,2,2,0,0,0,2,8
9608245,8,3,5,6,5,3,5
211307,0,0,0,0,0,0,0
112158,2,1,1,1,0,2,17
9603441,12,1,11,22,3,9,65
9902393,9,3,6,13,1,8,13
9810452,7,6,1,1,0,7,11
9710560,6,5,1,1,0,6,57
9405235,4,4,0,0,0,4,8
9803434,1,1,0,0,1,0,0
9611304,5,4,1,1,1,4,17
9910462,8,3,5,10,8,0,0
9309213,8,4,4,4,8,0,0
103008,9,3,6,12,0,9,81
207140,0,0,0,0,0,0,0
9902424,2,2,0,0,0,2,4
9704435,3,3,0,0,0,3,3
9903489,19,7,12,33,0,19,58
9906339,3,2,1,1,0,3,17
8286,5,2,3,3,1,4,13
12381,7,2,5,5,0,7,56
111254,13,7,6,7,0,13,68
9708253,11,4,7,9,11,0,0
205282,1,1,0,0,0,1,1
9709419,8,3,5,9,8,0,0
9301262,9,4,5,11,9,0,0
9910248,2,2,0,0,0,2,4
211074,5,3,2,4,0,5,34
202189,4,2,2,3,0,4,9
107227,12,3,9,13,1,11,56
9703235,2,2,0,0,0,2,11
201171,6,1,5,5,1,5,20
9711213,4,1,3,3,0,4,16
9806325,3,3,0,0,0,3,6
104173,0,0,0,0,0,0,0
207228,10,5,5,8,2,8,28
108031,2,1,1,1,0,2,2
9804395,0,0,0,0,0,0,0
9805344,10,2,8,11,2,8,32
9905466,11,7,4,5,2,9,42
9602352,17,7,10,18,6,11,14
9901440,14,2,12,24,4,10,17
9803431,7,2,5,8,0,7,23
9309285,3,1,2,2,1,2,2
9509393,28,3,25,101,1,27,57
9711302,4,2,2,2,0,4,8
104172,1,1,0,0,0,1,6
9510296,4,2,2,3,4,0,0
9903245,8,1,7,15,0,8,83
9805370,4,2,2,3,1,3,9
9706221,2,2,0,0,1,1,1
9811217,2,2,0,0,2,0,0
9906282,5,5,0,0,1,4,7
204123,9,4,5,8,0,9,40
9604443,15,3,12,43,1,14,29
1211,4,3,1,1,0,4,68
12043,9,3,6,23,0,9,49
206030,3,2,1,1,0,3,31
202047,1,1,0,0,0,1,1
203133,1,1,0,0,0,1,3
6158,5,4,1,1,5,0,0
202056,1,1,0,0,0,1,6
211300,4,4,0,0,0,4,39
9502395,13,7,6,8,0,13,37
208209,14,11,3,3,1,13,304
9604326,5,3,2,2,0,5,31
105197,3,3,0,0,0,3,4
9502359,19,8,11,33,3,16,20
10221,2,2,0,0,1,1,2
112278,21,4,17,37,0,21,206
9804335,4,3,1,1,2,2,7
7137,4,3,1,1,0,4,49
9809593,1,1,0,0,0,1,3
9707491,4,2,2,3,0,4,5
9811214,4,1,3,5,3,1,1
101201,6,2,4,7,0,6,17
9603240,10,3,7,16,10,0,0
9802305,1,1,0,0,0,1,4
9711254,2,2,0,0,1,1,2
9605260,3,3,0,0,2,1,1
9307340,2,1,1,1,2,0,0
9612476,1,1,0,0,0,1,1
9712492,11,3,8,13,0,11,24
9710258,6,4,2,2,0,6,37
109151,4,3,1,1,1,3,3
9310325,4,4,0,0,4,0,0
9809372,11,3,8,12,4,7,19
9502337,6,3,3,3,4,2,6
9504276,8,4,4,5,4,4,4
9811306,2,1,1,1,0,2,3
2113,1,1,0,0,1,0,0
9511434,16,7,9,18,3,13,25
9912512,8,2,6,15,0,8,50
9701250,3,3,0,0,0,3,19
9712388,9,4,5,8,2,7,13
205334,6,6,0,0,0,6,36
9810292,5,3,2,2,0,5,105
9205218,1,1,0,0,1,0,0
9401333,1,1,0,0,0,1,1
4133,2,1,1,1,0,2,2
9608290,1,1,0,0,1,0,0
3042,25,7,18,41,4,21,42
9811260,5,2,3,3,0,5,37
9912356,6,3,3,6,0,6,14
9410350,1,1,0,0,1,0,0
301005,0,0,0,0,0,0,0
9305341,4,2,2,2,4,0,0
9404360,1,1,0,0,0,1,5
9609317,0,0,0,0,0,0,0
9609472,7,2,5,9,1,6,27
104086,5,1,4,8,0,5,56
12033,5,1,4,6,0,5,31
9903446,8,4,4,6,0,8,21
8141,4,3,1,2,3,1,3
9804236,2,2,0,0,0,2,6
3174,4,2,2,2,0,4,33
204079,15,5,10,20,0,15,153
9812437,2,1,1,1,0,2,9
10036,3,3,0,0,0,3,6
9208256,4,2,2,2,4,0,0
9603259,3,2,1,1,2,1,1
9401327,4,3,1,1,3,1,2
204330,2,1,1,1,0,2,16
111333,2,2,0,0,0,2,14
9708367,10,4,6,11,1,9,21
9409413,5,3,2,2,5,0,0
109288,6,5,1,2,2,4,16
111229,6,4,2,2,0,6,26
9610516,2,1,1,1,0,2,2
9711201,20,5,15,60,0,20,78
109280,2,2,0,0,0,2,14
9210237,3,2,1,1,3,0,0
9219,3,1,2,3,0,3,17
108010,3,2,1,1,2,1,3
204227,2,1,1,1,0,2,4
9607334,2,2,0,0,0,2,6
9910524,2,1,1,1,0,2,15
9404292,3,2,1,1,0,3,4
9710398,4,2,2,3,1,3,6
111430,2,1,1,1,0,2,5
9206202,2,2,0,0,2,0,0
11289,6,3,3,5,0,6,50
9903420,5,3,2,2,1,4,11
302094,1,1,0,0,0,1,7
9312267,7,5,2,3,7,0,0
9204212,13,8,5,13,13,0,0
9805421,10,1,9,20,10,0,0
9803438,6,4,2,5,0,6,23
3239,7,3,4,7,2,5,17
110187,3,1,2,3,0,3,4
101207,2,2,0,0,0,2,5
8115,5,2,3,3,1,4,6
9506227,4,1,3,5,2,2,3
9710534,2,2,0,0,1,1,1
5238,3,2,1,1,0,3,28
9603255,3,1,2,3,3,0,0
9607434,2,2,0,0,0,2,3
9509412,3,3,0,0,1,2,7
111024,1,1,0,0,0,1,3
9707480,8,1,7,17,0,8,40
9907392,0,0,0,0,0,0,0
9307232,13,10,3,5,13,0,0
202140,3,2,1,1,3,0,0
205269,4,3,1,1,0,4,36
6118,2,2,0,0,0,2,3
204183,0,0,0,0,0,0,0
3263,0,0,0,0,0,0,0
111128,0,0,0,0,0,0,0
9904415,0,0,0,0,0,0,0
9403369,2,2,0,0,2,0,0
6341,10,3,7,13,1,9,55
9807374,5,2,3,4,5,0,0
2110,1,1,0,0,0,1,1
102101,2,2,0,0,0,2,4
9506410,0,0,0,0,0,0,0
206036,1,1,0,0,0,1,4
9801255,4,3,1,1,0,4,7
208275,3,2,1,1,0,3,14
9808386,3,2,1,1,0,3,16
9803472,3,2,1,1,0,3,4
204337,7,1,6,18,0,7,74
6043,7,3,4,9,0,7,48
207315,2,2,0,0,1,1,5
9512352,3,2,1,1,3,0,0
9703362,2,2,0,0,0,2,3
9503372,7,2,5,8,7,0,0
9603354,0,0,0,0,0,0,0
111331,0,0,0,0,0,0,0
9804423,0,0,0,0,0,0,0
9402354,0,0,0,0,0,0,0
9508382,1,1,0,0,1,0,0
109109,1,1,0,0,0,1,5
9709221,8,4,4,8,2,6,27
10147,2,1,1,1,0,2,6
106118,1,1,0,0,0,1,1
9706363,9,7,2,3,0,9,30
8260,12,10,2,4,0,12,63
9412325,1,1,0,0,1,0,0
111200,1,1,0,0,0,1,4
9711207,4,3,1,1,0,4,4
9412292,1,1,0,0,1,0,0
206208,5,2,3,4,0,5,55
207032,0,0,0,0,0,0,0
8013,1,1,0,0,0,1,1
9304228,0,0,0,0,0,0,0
9607341,4,3,1,2,0,4,6
9910427,2,2,0,0,0,2,7
11044,1,1,0,0,0,1,2
1160,1,1,0,0,0,1,2
9703378,6,4,2,4,0,6,13
212144,0,0,0,0,0,0,0
9610521,0,0,0,0,0,0,0
9504229,8,3,5,6,5,3,5
210196,0,0,0,0,0,0,0
9609255,0,0,0,0,0,0,0
205084,5,4,1,1,0,5,21
210117,0,0,0,0,0,0,0
12195,2,2,0,0,2,0,0
9511404,6,3,3,6,0,6,21
4041,2,1,1,1,0,2,4
110363,5,5,0,0,0,5,92
106257,3,3,0,0,0,3,18
209127,2,2,0,0,0,2,16
9812350,2,2,0,0,0,2,7
9604227,7,2,5,9,0,7,7
205048,8,5,3,5,0,8,24
3151,5,3,2,4,2,3,5
11165,6,2,4,7,0,6,17
9904269,3,2,1,1,0,3,11
112294,2,1,1,1,0,2,7
102261,3,2,1,1,3,0,0
9806238,2,2,0,0,0,2,4
7119,13,4,9,15,13,0,0
9807256,5,1,4,7,0,5,34
9909422,3,2,1,2,1,2,3
9603316,2,2,0,0,1,1,1
209135,0,0,0,0,0,0,0
211088,3,2,1,1,0,3,13
2181,2,1,1,1,0,2,5
9607277,0,0,0,0,0,0,0
207092,5,1,4,6,0,5,26
107115,2,1,1,1,0,2,3
9909437,2,2,0,0,1,1,1
212162,2,2,0,0,0,2,19
1239,5,1,4,9,0,5,27
206151,2,2,0,0,0,2,2
9606205,1,1,0,0,1,0,0
110064,5,1,4,5,1,4,21
9804345,7,2,5,14,0,7,7
9908304,4,3,1,1,0,4,11
9409338,1,1,0,0,1,0,0
9711459,0,0,0,0,0,0,0
9906392,2,2,0,0,1,1,18
9504412,2,1,1,1,0,2,3
9903222,8,3,5,8,1,7,7
9807206,4,1,3,6,0,4,7
209142,1,1,0,0,0,1,2
9208262,0,0,0,0,0,0,0
302272,0,0,0,0,0,0,0
204069,5,3,2,3,0,5,33
302006,0,0,0,0,0,0,0
9507456,4,4,0,0,4,0,0
205344,2,2,0,0,0,2,6
9607486,4,1,3,5,0,4,4
9809253,5,3,2,3,1,4,8
9303314,2,2,0,0,2,0,0
9503315,2,2,0,0,2,0,0
210016,0,0,0,0,0,0,0
9808391,2,2,0,0,2,0,0
204151,1,1,0,0,0,1,1
9904256,10,3,7,16,2,8,13
9804366,3,2,1,1,1,2,2
207201,2,2,0,0,0,2,3
9509396,2,2,0,0,0,2,6
9706506,0,0,0,0,0,0,0
9708320,4,1,3,5,0,4,4
7297,2,1,1,1,2,0,0
9804382,4,2,2,3,0,4,17
202038,2,2,0,0,0,2,11
9809411,5,2,3,4,0,5,9
9510260,2,2,0,0,0,2,4
9710421,3,2,1,1,0,3,38
9410408,4,1,3,5,0,4,4
210078,4,4,0,0,0,4,26
9703203,3,3,0,0,3,0,0
9807460,4,3,1,1,2,2,2
9607274,2,1,1,1,0,2,2
302118,0,0,0,0,0,0,0
9911389,1,1,0,0,0,1,9
9702240,1,1,0,0,1,0,0
206230,1,1,0,0,0,1,2
9907442,0,0,0,0,0,0,0
206106,0,0,0,0,0,0,0
105109,7,4,3,3,0,7,26
202249,0,0,0,0,0,0,0
11351,0,0,0,0,0,0,0
9606368,7,6,1,1,4,3,3
9705385,1,1,0,0,0,1,3
102037,1,1,0,0,0,1,6
9809447,2,1,1,1,0,2,4
9214,2,2,0,0,0,2,12
101202,0,0,0,0,0,0,0
9506413,1,1,0,0,1,0,0
9408387,7,3,4,7,7,0,0
9905383,2,1,1,1,2,0,0
9812220,1,1,0,0,0,1,5
9401230,1,1,0,0,1,0,0
106114,1,1,0,0,0,1,5
9502361,3,3,0,0,0,3,3
11119,1,1,0,0,1,0,0
9711482,2,2,0,0,2,0,0
9610539,0,0,0,0,0,0,0
9809219,0,0,0,0,0,0,0
9605275,2,1,1,1,1,1,1
9511269,0,0,0,0,0,0,0
206283,0,0,0,0,0,0,0
9607387,1,1,0,0,0,1,5
9708286,0,0,0,0,0,0,0
9907201,1,1,0,0,0,1,12
9405387,2,1,1,1,2,0,0
9511316,1,1,0,0,1,0,0
203073,1,1,0,0,0,1,3
9910319,0,0,0,0,0,0,0
201173,2,2,0,0,0,2,4
207120,2,2,0,0,0,2,5
9703457,1,1,0,0,0,1,1
9704391,0,0,0,0,0,0,0
212253,0,0,0,0,0,0,0
9706361,1,1,0,0,1,0,0
9902278,0,0,0,0,0,0,0
3283,0,0,0,0,0,0,0
9503298,0,0,0,0,0,0,0
111221,5,1,4,4,0,5,14
9612344,1,1,0,0,0,1,1
8337,2,2,0,0,1,1,2
9710455,0,0,0,0,0,0,0
9610444,1,1,0,0,0,1,3
104107,1,1,0,0,0,1,2
9708361,2,2,0,0,0,2,6
9511224,1,1,0,0,0,1,6
9274,1,1,0,0,0,1,6
102249,0,0,0,0,0,0,0
9908400,2,2,0,0,1,1,2
208105,0,0,0,0,0,0,0
6204,1,1,0,0,0,1,1
302237,0,0,0,0,0,0,0
104314,0,0,0,0,0,0,0
302137,0,0,0,0,0,0,0
9705426,0,0,0,0,0,0,0
9503369,1,1,0,0,0,1,1
103085,0,0,0,0,0,0,0
9507209,0,0,0,0,0,0,0
202163,1,1,0,0,0,1,1
107167,0,0,0,0,0,0,0
1111,0,0,0,0,0,0,0
9505386,2,2,0,0,2,0,0
9910305,4,1,3,5,3,1,1
206294,3,1,2,2,3,0,0
9707469,1,1,0,0,0,1,5
1137,0,0,0,0,0,0,0
212086,1,1,0,0,0,1,2
101256,1,1,0,0,0,1,1
302059,0,0,0,0,0,0,0
206177,1,1,0,0,1,0,0
3235,0,0,0,0,0,0,0
210371,2,2,0,0,0,2,27
9809332,0,0,0,0,0,0,0
201234,2,2,0,0,0,2,33
301160,0,0,0,0,0,0,0
9607299,0,0,0,0,0,0,0
101188,1,1,0,0,0,1,4
9603323,0,0,0,0,0,0,0
9411440,3,2,1,1,0,3,3
9510307,0,0,0,0,0,0,0
9808496,2,1,1,1,0,2,26
9905570,1,1,0,0,1,0,0
108015,1,1,0,0,1,0,0
8296,1,1,0,0,1,0,0
3005,3,2,1,1,1,2,4
104181,3,1,2,2,0,3,3
9511246,1,1,0,0,0,1,2
9811220,0,0,0,0,0,0,0
211463,0,0,0,0,0,0,0
9607460,0,0,0,0,0,0,0
111408,0,0,0,0,0,0,0
107112,5,3,2,4,0,5,41
9307360,2,1,1,1,0,2,2
9609416,0,0,0,0,0,0,0
9811490,1,1,0,0,0,1,6
201208,0,0,0,0,0,0,0
9807357,1,1,0,0,0,1,9
9901364,1,1,0,0,0,1,1
302159,0,0,0,0,0,0,0
9807561,1,1,0,0,0,1,3
9808460,2,2,0,0,0,2,2
204056,3,3,0,0,0,3,20
208054,0,0,0,0,0,0,0
204223,1,1,0,0,0,1,3
9603319,0,0,0,0,0,0,0
9911205,0,0,0,0,0,0,0
201265,3,3,0,0,0,3,31
9703371,0,0,0,0,0,0,0
210347,0,0,0,0,0,0,0
9508223,1,1,0,0,1,0,0
9712419,1,1,0,0,0,1,1
301038,0,0,0,0,0,0,0
8332,0,0,0,0,0,0,0
9904289,0,0,0,0,0,0,0
208261,4,1,3,6,0,4,23
9709463,0,0,0,0,0,0,0
301115,0,0,0,0,0,0,0
9908461,3,1,2,2,0,3,6
111243,1,1,0,0,0,1,5
211183,0,0,0,0,0,0,0
9703382,1,1,0,0,0,1,3
9412291,1,1,0,0,0,1,1
9907551,1,1,0,0,0,1,6
204268,0,0,0,0,0,0,0
302032,0,0,0,0,0,0,0
9810342,1,1,0,0,1,0,0
302179,0,0,0,0,0,0,0
212249,0,0,0,0,0,0,0
201272,1,1,0,0,0,1,8
9612315,0,0,0,0,0,0,0
1240,2,2,0,0,2,0,0
10290,0,0,0,0,0,0,0
9508240,1,1,0,0,1,0,0
204082,0,0,0,0,0,0,0
302107,0,0,0,0,0,0,0
211066,0,0,0,0,0,0,0
9805312,0,0,0,0,0,0,0
6236,1,1,0,0,0,1,1
204174,2,1,1,1,0,2,13
209321,0,0,0,0,0,0,0
11328,1,1,0,0,1,0,0
9902433,0,0,0,0,0,0,0
9903290,0,0,0,0,0,0,0
9293,0,0,0,0,0,0,0
9712420,0,0,0,0,0,0,0
3314,0,0,0,0,0,0,0
9909309,0,0,0,0,0,0,0
211335,1,1,0,0,0,1,6
9505365,0,0,0,0,0,0,0
101189,0,0,0,0,0,0,0
9804373,1,1,0,0,0,1,7
9610436,0,0,0,0,0,0,0
9909379,1,1,0,0,0,1,6
12315,1,1,0,0,0,1,1
9611379,0,0,0,0,0,0,0
107285,0,0,0,0,0,0,0
9607221,0,0,0,0,0,0,0
204078,1,1,0,0,1,0,0
9904384,2,1,1,1,2,0,0
202141,1,1,0,0,0,1,2
9601331,0,0,0,0,0,0,0
302212,0,0,0,0,0,0,0
5320,0,0,0,0,0,0,0
9511222,0,0,0,0,0,0,0
9612228,0,0,0,0,0,0,0
209299,0,0,0,0,0,0,0
210273,0,0,0,0,0,0,0
9200,1,1,0,0,0,1,3
210026,1,1,0,0,0,1,12
9612281,1,1,0,0,1,0,0
211078,1,1,0,0,0,1,2
111401,0,0,0,0,0,0,0
101129,1,1,0,0,0,1,1
9401268,1,1,0,0,1,0,0
9412211,0,0,0,0,0,0,0
9911487,0,0,0,0,0,0,0
9912518,0,0,0,0,0,0,0
9507207,0,0,0,0,0,0,0
9811459,1,1,0,0,1,0,0
9276,0,0,0,0,0,0,0
211324,0,0,0,0,0,0,0
9709256,0,0,0,0,0,0,0
111264,1,1,0,0,0,1,8
9808395,0,0,0,0,0,0,0
201041,0,0,0,0,0,0,0
9908206,1,1,0,0,1,0,0
9904273,2,2,0,0,0,2,4
9912549,0,0,0,0,0,0,0
9607468,0,0,0,0,0,0,0
205026,2,2,0,0,0,2,22
212274,2,1,1,1,0,2,3
9710524,0,0,0,0,0,0,0
203024,1,1,0,0,0,1,1
201260,0,0,0,0,0,0,0
108086,2,1,1,1,1,1,2
9307289,1,1,0,0,1,0,0
9905532,0,0,0,0,0,0,0
9910450,1,1,0,0,0,1,2
102043,0,0,0,0,0,0,0
209185,1,1,0,0,0,1,1
9401289,0,0,0,0,0,0,0
302247,0,0,0,0,0,0,0
9807520,0,0,0,0,0,0,0
210406,1,1,0,0,0,1,3
3094,0,0,0,0,0,0,0
112033,0,0,0,0,0,0,0
209019,0,0,0,0,0,0,0
9712424,0,0,0,0,0,0,0
204298,0,0,0,0,0,0,0
9803374,4,2,2,3,0,4,7
5268,0,0,0,0,0,0,0
201100,0,0,0,0,0,0,0
9911356,0,0,0,0,0,0,0
9402343,0,0,0,0,0,0,0
9709482,0,0,0,0,0,0,0
11042,1,1,0,0,0,1,3
9806498,0,0,0,0,0,0,0
9811408,2,2,0,0,2,0,0
9904217,0,0,0,0,0,0,0
9702268,0,0,0,0,0,0,0
9704271,0,0,0,0,0,0,0
212141,0,0,0,0,0,0,0
207152,0,0,0,0,0,0,0
209285,0,0,0,0,0,0,0
9507399,0,0,0,0,0,0,0
104295,0,0,0,0,0,0,0
9002,0,0,0,0,0,0,0
9604409,0,0,0,0,0,0,0
212065,0,0,0,0,0,0,0
9610473,0,0,0,0,0,0,0
9608391,0,0,0,0,0,0,0
9307332,0,0,0,0,0,0,0
9511328,0,0,0,0,0,0,0
208250,0,0,0,0,0,0,0
9806399,0,0,0,0,0,0,0
9611205,1,1,0,0,0,1,1
7044,0,0,0,0,0,0,0
9512331,0,0,0,0,0,0,0
109229,0,0,0,0,0,0,0
107321,1,1,0,0,0,1,2
9706495,0,0,0,0,0,0,0
9911259,1,1,0,0,1,0,0
9807471,0,0,0,0,0,0,0
9609492,1,1,0,0,0,1,1
9701339,0,0,0,0,0,0,0
209155,0,0,0,0,0,0,0
205005,0,0,0,0,0,0,0
9809488,0,0,0,0,0,0,0
210270,0,0,0,0,0,0,0
9505370,0,0,0,0,0,0,0
212355,0,0,0,0,0,0,0
9812482,0,0,0,0,0,0,0
211104,1,1,0,0,0,1,20
111349,0,0,0,0,0,0,0
101117,0,0,0,0,0,0,0
9501393,0,0,0,0,0,0,0
212320,0,0,0,0,0,0,0
9805444,0,0,0,0,0,0,0
206102,1,1,0,0,0,1,9
6140,0,0,0,0,0,0,0
9609461,0,0,0,0,0,0,0
3288,0,0,0,0,0,0,0
9305317,0,0,0,0,0,0,0
212070,1,1,0,0,0,1,10
301142,0,0,0,0,0,0,0
205193,0,0,0,0,0,0,0
111065,0,0,0,0,0,0,0
9605370,0,0,0,0,0,0,0
212029,1,1,0,0,1,0,0
106325,0,0,0,0,0,0,0
12248,0,0,0,0,0,0,0
9905225,0,0,0,0,0,0,0
109143,1,1,0,0,0,1,5
212230,0,0,0,0,0,0,0
9905297,0,0,0,0,0,0,0
209213,0,0,0,0,0,0,0
107323,0,0,0,0,0,0,0
209317,0,0,0,0,0,0,0
107210,0,0,0,0,0,0,0
12380,0,0,0,0,0,0,0
2244,0,0,0,0,0,0,0
9701265,1,1,0,0,1,0,0
211365,0,0,0,0,0,0,0
1187,0,0,0,0,0,0,0
210065,0,0,0,0,0,0,0
210275,0,0,0,0,0,0,0
107273,0,0,0,0,0,0,0
211100,0,0,0,0,0,0,0
9906294,0,0,0,0,0,0,0
209348,0,0,0,0,0,0,0
9911531,0,0,0,0,0,0,0
302043,0,0,0,0,0,0,0
9801275,0,0,0,0,0,0,0
9608454,0,0,0,0,0,0,0
210309,0,0,0,0,0,0,0
10242,0,0,0,0,0,0,0
302208,0,0,0,0,0,0,0
9911320,0,0,0,0,0,0,0
111444,0,0,0,0,0,0,0
9903217,18,6,12,35,4,14,27
4173,146,5,141,958,4,142,860
103020,16,4,12,29,1,15,35
9910291,42,6,36,121,2,40,214
9312359,184,20,164,1087,44,140,244
9502363,49,5,44,264,10,39,84
9709288,42,3,39,194,6,36,122
9607392,34,10,24,59,8,26,108
110260,1,1,0,0,0,1,6
9412243,5,4,1,1,5,0,0
9407408,46,7,39,148,30,16,16
9809486,4,1,3,6,1,3,3
9904287,26,9,17,43,4,22,107
9706304,36,19,17,39,6,30,99
9603333,19,8,11,28,1,18,45
9706412,9,4,5,11,0,9,33
9906268,14,3,11,33,1,13,51
6050,4,4,0,0,0,4,12
9503203,58,7,51,318,38,20,20
9809472,13,4,9,13,0,13,51
9902308,62,5,57,285,14,48,125
12109,9,3,6,15,2,7,12
9504241,35,8,27,61,1,34,74
105096,42,8,34,114,0,42,392
9907422,59,12,47,275,6,53,430
9503228,22,5,17,46,3,19,27
9309211,25,7,18,48,12,13,16
9501201,31,5,26,96,0,31,106
9307371,41,9,32,203,30,11,11
9403338,189,19,170,1318,81,108,166
9208205,30,5,25,71,10,20,20
9809266,6,4,2,2,3,3,4
9705339,152,26,126,509,89,63,103
9808333,72,5,67,410,1,71,320
9607251,66,14,52,217,10,56,150
9404354,28,8,20,55,22,6,7
9909469,57,4,53,417,4,53,381
9808241,25,7,18,46,12,13,22
9905440,16,4,12,21,4,12,29
9808270,64,15,49,230,5,59,323
9402241,54,1,53,362,44,10,10
9806534,38,4,34,125,24,14,23
9803244,21,2,19,62,2,19,85
9602216,52,3,49,226,7,45,182
9901215,24,7,17,49,12,12,22
9602295,12,2,10,41,8,4,4
9301239,23,8,15,34,22,1,1
3208,3,1,2,3,0,3,16
9807321,5,1,4,6,5,0,0
9607310,69,9,60,367,9,60,138
9504208,9,3,6,8,0,9,37
9511288,126,6,120,1290,52,74,76
9602326,25,5,20,66,0,25,119
12313,18,5,13,32,2,16,76
9306309,224,25,199,1148,155,69,77
9503264,53,5,48,256,7,46,89
9302234,29,16,13,44,17,12,17
9703276,114,2,112,1249,28,86,217
9707275,14,4,10,20,0,14,128
104238,22,3,19,48,0,22,274
9504327,130,9,121,1132,10,120,438
9910237,38,5,33,192,1,37,252
105246,6,4,2,2,0,6,40
2234,53,7,46,262,0,53,646
6146,28,2,26,96,0,28,187
9603238,104,7,97,755,11,93,121
9701286,63,4,59,358,0,63,414
9707546,36,6,30,127,1,35,177
9903453,73,14,59,189,1,72,475
9403225,22,12,10,26,22,0,0
5275,37,4,33,167,6,31,162
9507284,70,6,64,279,6,64,482
9902482,34,13,21,49,0,34,427
1266,8,2,6,21,0,8,23
9803328,19,6,13,30,8,11,44
9705253,77,3,74,452,0,77,600
5323,6,6,0,0,0,6,22
9601384,34,5,29,134,2,32,68
9510229,1,1,0,0,1,0,0
9707516,16,4,12,24,0,16,41
9804456,5,2,3,4,0,5,20
9511363,70,14,56,247,33,37,50
9804223,8,2,6,20,8,0,0
9605235,77,1,76,656,5,72,405
9406354,19,3,16,43,4,15,34
9702292,4,2,2,3,1,3,4
9212255,4,2,2,3,4,0,0
9212246,30,5,25,121,30,0,0
9602277,95,7,88,478,47,48,78
9704308,6,2,4,8,1,5,10
9911414,37,4,33,169,0,37,513
9703314,16,8,8,10,3,13,58
9707390,72,5,67,391,18,54,225
9311290,51,10,41,135,51,0,0
9405320,79,11,68,314,79,0,0
9303273,45,9,36,115,12,33,34
9509282,3,1,2,3,1,2,2
9707326,37,3,34,165,1,36,141
9703446,16,6,10,28,2,14,35
9406395,7,5,2,3,1,6,19
9512303,32,6,26,112,0,32,129
9601307,23,8,15,51,4,19,45
9405246,24,4,20,72,7,17,53
9507425,20,4,16,41,4,16,36
9312257,13,9,4,6,1,12,12
7071,2,1,1,1,1,1,3
9402276,18,3,15,34,5,13,20
105340,0,0,0,0,0,0,0
9408273,23,9,14,40,23,0,0
9903478,41,2,39,151,0,41,307
9904418,2,1,1,1,0,2,15
9307326,25,3,22,64,25,0,0
9403335,20,5,15,54,7,13,20
9902430,41,2,39,176,2,39,153
9411358,5,4,1,1,2,3,3
9410403,1,1,0,0,0,1,1
9807278,109,37,72,224,19,90,456
9805485,7,2,5,8,2,5,6
9501230,44,9,35,217,44,0,0
9708464,6,4,2,2,2,4,10
9902483,26,4,22,81,6,20,74
9912251,43,2,41,381,2,41,101
9411431,32,9,23,69,9,23,32
3140,20,2,18,55,1,19,209
9810509,61,4,57,603,0,61,242
9908310,59,3,56,419,0,59,576
9403370,43,15,28,70,19,24,37
9906346,42,8,34,165,7,35,157
9912475,8,7,1,1,1,7,21
10225,3,2,1,1,0,3,12
202093,13,2,11,31,0,13,19
9904221,23,6,17,58,1,22,222
9602242,20,3,17,47,4,16,25
9411233,69,15,54,152,12,57,142
9806430,18,3,15,46,2,16,59
9609209,29,11,18,45,6,23,111
9810410,94,3,91,588,5,89,421
9705417,38,4,34,185,24,14,24
106119,16,7,9,18,0,16,133
9304247,10,4,6,11,10,0,0
9806426,4,2,2,3,0,4,14
9401306,8,3,5,6,3,5,6
9602267,6,4,2,4,0,6,15
9608221,20,9,11,19,5,15,41
9701257,18,6,12,26,15,3,4
9508283,12,4,8,26,9,3,5
9903301,7,2,5,8,0,7,32
9501372,63,2,61,630,58,5,5
9807513,200,8,192,1238,99,101,181
9903303,9,5,4,8,0,9,41
9803333,19,4,15,48,2,17,51
9209207,8,3,5,8,8,0,0
9807213,5,4,1,1,2,3,4
9607476,4,2,2,3,0,4,11
9504319,40,10,30,149,13,27,37
9503491,10,2,8,12,1,9,19
9710512,10,4,6,9,0,10,60
8078,18,7,11,20,2,16,78
9601265,14,3,11,23,14,0,0
9503383,14,3,11,18,1,13,20
9501299,1,1,0,0,1,0,0
9609458,11,3,8,11,0,11,28
9304218,12,10,2,3,12,0,0
8276,8,4,4,5,1,7,42
9807215,3,2,1,1,0,3,13
9209256,18,4,14,81,18,0,0
102344,87,5,82,650,0,87,677
9908443,41,4,37,230,0,41,464
102180,29,2,27,263,0,29,168
9702281,28,6,22,87,1,27,95
9911293,69,3,66,212,7,62,303
9810297,26,6,20,57,0,26,172
9912494,10,3,7,22,0,10,85
9305254,28,13,15,29,9,19,36
9801238,32,16,16,25,6,26,143
9209213,29,10,19,74,29,0,0
12089,9,4,5,12,2,7,16
9806441,22,5,17,67,2,20,64
9603353,9,4,5,6,2,7,11
7108,53,5,48,259,0,53,475
9602296,4,2,2,3,4,0,0
9704333,81,6,75,376,40,41,69
9704324,24,4,20,64,2,22,50
9604234,15,2,13,40,0,15,74
12140,26,5,21,96,0,26,144
9406267,16,7,9,15,16,0,0
9907507,9,2,7,20,2,7,18
2199,56,7,49,272,1,55,306
9906514,16,3,13,27,0,16,279
9904425,30,2,28,156,0,30,531
4014,58,6,52,340,0,58,731
9903358,171,19,152,833,9,162,477
104178,9,3,6,13,0,9,189
201206,28,7,21,77,2,26,135
9910292,8,4,4,8,2,6,6
9205205,22,7,15,48,22,0,0
209248,4,2,2,2,0,4,34
2257,34,4,30,159,0,34,228
102065,21,6,15,53,2,19,96
9910498,20,2,18,58,0,20,100
9307345,9,6,3,5,9,0,0
9701311,15,6,9,13,6,9,19
11295,23,6,17,37,0,23,243
9906400,15,4,11,44,0,15,322
9909481,30,3,27,106,0,30,201
103256,29,4,25,83,1,28,327
9903423,2,1,1,1,0,2,15
10035,1,1,0,0,1,0,0
9507344,12,3,9,29,9,3,6
9604244,19,3,16,58,1,18,53
9603213,14,6,8,11,2,12,17
5313,16,9,7,18,2,14,77
9906538,22,7,15,54,2,20,88
205134,9,3,6,10,0,9,24
6240,15,2,13,32,0,15,62
101212,8,3,5,8,0,8,131
9910220,39,7,32,131,2,37,233
9304298,17,9,8,23,11,6,13
9310330,18,5,13,25,18,0,0
9610423,13,7,6,9,6,7,13
9806367,9,5,4,10,1,8,16
9505329,164,11,153,1147,5,159,502
9503346,18,8,10,22,0,18,76
9602332,3,1,2,2,2,1,2
9609298,8,5,3,4,1,7,31
9702225,8,5,3,3,0,8,39
9902458,6,2,4,9,0,6,23
9606392,15,3,12,14,2,13,80
9412236,14,5,9,17,4,10,12
203121,10,6,4,7,1,9,76
9612387,11,3,8,18,1,10,48
9806206,1,1,0,0,0,1,3
9801279,21,2,19,94,0,21,108
6328,12,3,9,16,4,8,11
9510235,17,5,12,24,2,15,21
9806255,28,7,21,48,4,24,53
9604210,4,4,0,0,1,3,32
101305,21,5,16,55,1,20,195
9904278,34,4,30,116,0,34,412
9602378,22,7,15,59,3,19,29
9608304,1,1,0,0,1,0,0
9609448,37,13,24,59,6,31,58
9805342,75,6,69,331,2,73,445
9405250,35,9,26,73,29,6,6
9510262,24,2,22,62,8,16,20
9510418,9,4,5,7,2,7,13
9507354,31,10,21,56,15,16,46
9802362,16,1,15,42,6,10,23
9908500,1,1,0,0,0,1,1
9411253,19,5,14,35,9,10,20
9606323,20,4,16,46,2,18,26
9611221,2,1,1,1,0,2,7
104060,2,1,1,1,0,2,4
3142,8,4,4,9,0,8,124
9409371,28,4,24,91,22,6,6
9612297,11,2,9,24,0,11,36
9311376,22,9,13,25,21,1,1
9609439,5,2,3,8,0,5,12
9709433,6,5,1,2,1,5,20
9506333,15,8,7,12,9,6,7
9406231,19,8,11,30,19,0,0
9610348,5,3,2,4,0,5,17
9612364,68,6,62,521,1,67,527
9312355,38,2,36,141,7,31,57
9503296,27,6,21,66,2,25,67
9706287,15,9,6,17,4,11,38
9910262,25,6,19,34,6,19,24
9212298,10,2,8,13,10,0,0
106149,23,7,16,46,0,23,104
9311309,5,2,3,5,5,0,0
105105,20,8,12,26,1,19,104
9904349,11,1,10,22,1,10,20
9509382,3,2,1,1,3,0,0
9712389,15,8,7,14,1,14,90
9904203,13,3,10,24,0,13,60
9805377,6,2,4,6,6,0,0
9502283,11,4,7,14,0,11,46
9601218,4,2,2,2,4,0,0
9610301,12,2,10,37,12,0,0
7001,6,3,3,6,1,5,5
9903236,3,2,1,1,0,3,10
9710256,7,2,5,13,0,7,28
9205240,15,7,8,18,15,0,0
9807427,3,3,0,0,0,3,11
107129,15,5,10,26,1,14,85
9802423,1,1,0,0,0,1,1
9206232,5,3,2,2,5,0,0
9705452,20,3,17,40,0,20,54
10190,2,2,0,0,0,2,2
102014,6,1,5,8,0,6,7
9907394,3,2,1,1,0,3,6
9212284,51,7,44,209,0,51,51
9810522,2,2,0,0,1,1,2
9904209,10,2,8,22,1,9,47
9705272,2,2,0,0,0,2,13
110192,1,1,0,0,0,1,47
103183,35,6,29,126,4,31,319
9512338,11,5,6,10,11,0,0
9510210,3,2,1,1,1,2,4
9309336,7,4,3,3,7,0,0
9804379,38,6,32,134,1,37,228
9510443,8,3,5,11,0,8,36
9812481,3,2,1,1,0,3,3
2130,6,3,3,6,0,6,9
9712245,13,6,7,12,0,13,110
103122,1,1,0,0,0,1,8
9506205,5,2,3,3,2,3,8
3165,18,5,13,47,0,18,158
103042,6,1,5,9,2,4,7
9508227,9,4,5,10,8,1,3
9610221,3,3,0,0,1,2,14
12142,31,16,15,47,6,25,105
9304314,8,2,6,9,8,0,0
9801373,4,4,0,0,0,4,4
9503431,11,4,7,14,4,7,11
9709407,6,5,1,2,2,4,14
9511352,14,3,11,22,10,4,6
1237,2,1,1,1,1,1,1
3017,10,8,2,2,3,7,29
9511449,10,4,6,7,0,10,23
9707319,13,4,9,17,1,12,70
9802291,19,9,10,26,2,17,48
204299,8,5,3,4,0,8,89
9607432,44,9,35,89,10,34,108
9511430,39,2,37,164,10,29,73
9501258,8,3,5,13,0,8,14
9409446,12,1,11,37,0,12,12
9806511,2,1,1,1,2,0,0
9702255,8,5,3,3,1,7,30
9301218,13,4,9,17,13,0,0
9801254,7,6,1,1,0,7,16
103252,5,3,2,3,0,5,27
9510462,2,1,1,1,0,2,5
9307307,3,3,0,0,0,3,4
9905416,3,2,1,1,1,2,10
9507225,8,3,5,12,5,3,3
9611285,8,2,6,12,7,1,1
10195,26,6,20,48,0,26,166
9812525,11,3,8,13,4,7,20
7041,8,2,6,12,0,8,178
207135,5,1,4,8,0,5,19
9607470,8,1,7,14,1,7,15
108161,22,2,20,81,1,21,218
9809538,5,2,3,4,0,5,26
103069,7,3,4,12,0,7,106
9405431,28,3,25,126,1,27,194
9608297,19,3,16,44,1,18,65
11078,3,2,1,1,3,0,0
9608328,2,1,1,1,2,0,0
9611259,4,4,0,0,0,4,63
9611343,12,3,9,27,1,11,21
4155,0,0,0,0,0,0,0
9803303,0,0,0,0,0,0,0
108176,1,1,0,0,0,1,5
9902220,25,2,23,80,0,25,169
9810489,11,5,6,10,5,6,18
112126,12,5,7,10,0,12,70
9710551,4,3,1,1,0,4,23
3177,12,2,10,26,1,11,55
9801341,10,5,5,8,1,9,61
209131,10,5,5,5,4,6,28
201052,11,1,10,23,0,11,76
101350,12,5,7,10,0,12,149
9806523,5,3,2,2,1,4,15
208132,5,3,2,2,0,5,49
9806223,14,4,10,18,1,13,83
210058,8,6,2,5,0,8,96
12229,3,2,1,1,0,3,8
9608443,2,2,0,0,0,2,3
9808458,15,2,13,32,0,15,52
203027,7,3,4,7,0,7,32
2262,1,1,0,0,0,1,13
1243,15,3,12,33,5,10,22
206055,4,3,1,1,0,4,36
9602335,8,5,3,4,1,7,24
9410286,9,2,7,15,1,8,8
9711492,1,1,0,0,0,1,1
103113,11,5,6,9,1,10,44
105334,16,2,14,34,0,16,231
9709226,5,2,3,4,2,3,4
9805371,4,2,2,3,0,4,6
9906240,1,1,0,0,1,0,0
8220,6,2,4,10,2,4,6
9611440,0,0,0,0,0,0,0
9712428,8,3,5,7,4,4,8
9701364,8,2,6,18,0,8,18
9605463,15,2,13,44,0,15,60
2070,0,0,0,0,0,0,0
12231,13,3,10,17,1,12,42
1146,0,0,0,0,0,0,0
11291,0,0,0,0,0,0,0
9512370,17,4,13,34,3,14,14
9405331,3,3,0,0,3,0,0
9804434,10,1,9,11,0,10,28
210402,2,1,1,1,0,2,4
7224,20,2,18,90,1,19,70
9911372,2,1,1,1,0,2,11
9607342,4,3,1,1,2,2,2
9907466,7,2,5,12,0,7,39
12056,8,3,5,9,2,6,16
9610255,8,3,5,6,1,7,16
9911475,2,2,0,0,0,2,4
9511389,2,1,1,1,0,2,4
9605210,6,5,1,1,3,3,4
9810407,1,1,0,0,0,1,1
9708374,9,5,4,6,0,9,49
9511421,6,4,2,3,2,4,12
10016,1,1,0,0,0,1,3
9805231,6,1,5,7,0,6,10
9505272,6,2,4,8,1,5,11
9706249,15,1,14,31,3,12,18
102021,11,2,9,17,0,11,47
3030,8,1,7,13,0,8,51
9327,4,1,3,5,0,4,15
10151,7,1,6,8,0,7,48
4066,20,6,14,30,6,14,30
9405366,7,3,4,7,0,7,41
9501267,8,5,3,4,8,0,0
101010,3,2,1,1,2,1,1
9309216,23,8,15,41,23,0,0
9303257,14,4,10,28,1,13,13
3006,7,4,3,3,2,5,17
9508387,9,3,6,11,5,4,5
9712215,5,2,3,5,1,4,6
9411314,9,8,1,1,3,6,15
11366,7,5,2,3,0,7,22
9605223,39,5,34,97,0,39,232
9706232,8,1,7,12,0,8,34
9807293,7,5,2,3,0,7,41
5208,20,9,11,25,2,18,44
9704295,11,6,5,5,6,5,9
9807487,3,1,2,2,0,3,20
106214,1,1,0,0,0,1,2
11236,1,1,0,0,0,1,3
9412204,1,1,0,0,0,1,2
9603258,1,1,0,0,0,1,3
9302287,2,1,1,1,0,2,3
9609459,5,2,3,5,3,2,4
9811228,1,1,0,0,0,1,1
9910429,0,0,0,0,0,0,0
9611201,2,2,0,0,0,2,4
9606256,9,1,8,20,0,9,42
12304,5,4,1,2,0,5,49
9708262,8,5,3,6,2,6,10
9401341,3,2,1,2,2,1,1
204243,1,1,0,0,0,1,5
9707428,6,5,1,1,0,6,6
101291,0,0,0,0,0,0,0
9604281,9,3,6,9,1,8,21
9811221,7,3,4,10,0,7,13
9902338,4,1,3,4,0,4,40
9905425,6,3,3,3,1,5,18
9611410,1,1,0,0,0,1,1
211147,5,4,1,1,0,5,16
104186,10,3,7,22,0,10,94
9912478,6,3,3,6,0,6,42
9902386,0,0,0,0,0,0,0
9701357,5,3,2,2,0,5,18
9908374,2,2,0,0,0,2,3
9703431,1,1,0,0,0,1,1
202122,15,10,5,8,1,14,101
201107,3,1,2,2,1,2,13
9606290,1,1,0,0,1,0,0
9905410,4,2,2,2,2,2,6
9301284,4,2,2,3,4,0,0
9711361,13,7,6,9,13,0,0
9512222,0,0,0,0,0,0,0
9707465,8,4,4,5,4,4,6
9401331,0,0,0,0,0,0,0
9810204,0,0,0,0,0,0,0
9509334,1,1,0,0,1,0,0
9911304,5,2,3,6,0,5,48
107261,5,5,0,0,1,4,6
9511231,0,0,0,0,0,0,0
9801345,3,3,0,0,0,3,5
9907498,11,5,6,7,2,9,20
9701272,6,5,1,1,0,6,12
4005,2,1,1,1,0,2,11
101087,2,2,0,0,0,2,6
106232,4,3,1,1,0,4,13
9607349,16,9,7,10,9,7,9
9904311,5,1,4,4,1,4,13
9712248,10,5,5,9,2,8,11
9605272,1,1,0,0,0,1,6
1112,9,4,5,11,0,9,13
211236,1,1,0,0,0,1,4
205066,5,4,1,1,0,5,19
3136,14,3,11,37,1,13,44
9907481,3,2,1,1,2,1,1
203149,7,2,5,5,0,7,15
9711477,6,2,4,4,0,6,18
9606426,8,4,4,6,0,8,18
9402309,7,5,2,2,7,0,0
207324,1,1,0,0,0,1,23
111313,1,1,0,0,0,1,2
9402251,9,1,8,14,9,0,0
9911393,5,2,3,4,5,0,0
9607409,2,2,0,0,1,1,1
4047,7,4,3,4,4,3,3
4153,4,1,3,3,4,0,0
9911438,5,4,1,3,0,5,18
9805204,0,0,0,0,0,0,0
9512319,23,5,18,54,5,18,48
2138,5,4,1,1,1,4,11
207106,1,1,0,0,0,1,4
9303239,4,3,1,1,4,0,0
9903418,13,2,11,35,0,13,198
9806458,3,3,0,0,1,2,4
9802275,2,1,1,1,0,2,17
9607216,3,1,2,2,0,3,17
9609479,5,3,2,2,3,2,2
205259,5,2,3,5,0,5,44
9605423,12,3,9,37,0,12,21
9608333,0,0,0,0,0,0,0
103187,3,1,2,2,0,3,23
208009,2,2,0,0,0,2,11
203243,2,1,1,1,2,0,0
210349,1,1,0,0,0,1,2
107073,4,3,1,1,0,4,17
106223,3,3,0,0,0,3,36
209094,2,1,1,1,0,2,18
101334,6,4,2,3,1,5,56
5050,2,2,0,0,0,2,14
9611248,2,2,0,0,0,2,13
5043,8,5,3,3,3,5,12
9612210,3,1,2,3,0,3,4
209021,0,0,0,0,0,0,0
112353,1,1,0,0,0,1,5
2237,8,3,5,10,0,8,41
9906403,5,3,2,2,0,5,26
9906424,21,3,18,85,0,21,124
9711226,5,4,1,1,2,3,7
9803379,1,1,0,0,1,0,0
107254,8,3,5,10,3,5,42
9208228,11,5,6,10,11,0,0
9804328,1,1,0,0,0,1,1
9904258,15,3,12,33,9,6,18
9510406,6,2,4,4,6,0,0
9905554,8,3,5,12,2,6,17
9702403,5,3,2,2,3,2,8
105289,0,0,0,0,0,0,0
9711218,4,2,2,2,2,2,2
9807400,11,4,7,8,2,9,13
9805463,2,2,0,0,0,2,7
9901264,6,4,2,5,0,6,40
9311308,2,1,1,1,0,2,11
109190,2,1,1,1,0,2,5
9804443,1,1,0,0,0,1,5
9804302,3,3,0,0,0,3,8
9609399,4,1,3,5,0,4,13
9311254,2,1,1,1,2,0,0
9608457,1,1,0,0,0,1,4
9806233,4,3,1,2,0,4,8
203128,3,3,0,0,0,3,20
9711211,9,2,7,8,1,8,31
9302253,2,2,0,0,2,0,0
9607357,0,0,0,0,0,0,0
9810543,13,2,11,27,0,13,109
9608335,0,0,0,0,0,0,0
8280,8,3,5,7,0,8,134
9808223,4,1,3,5,0,4,7
9504411,4,3,1,1,2,2,3
9407239,4,3,1,1,4,0,0
9601252,7,1,6,10,6,1,1
9407299,2,2,0,0,2,0,0
302060,0,0,0,0,0,0,0
112185,1,1,0,0,0,1,7
9906517,1,1,0,0,0,1,7
104217,12,7,5,10,0,12,127
12150,4,2,2,2,0,4,24
9506307,3,3,0,0,0,3,22
9805376,5,3,2,2,0,5,13
9802280,1,1,0,0,0,1,1
9710233,2,2,0,0,0,2,18
204275,8,5,3,4,0,8,41
9802285,3,2,1,1,2,1,2
9608241,6,3,3,5,0,6,42
9208257,2,2,0,0,2,0,0
10144,2,2,0,0,0,2,10
9612276,2,1,1,1,0,2,6
9503473,12,1,11,31,12,0,0
204080,9,4,5,13,0,9,130
9801346,9,4,5,12,1,8,9
1163,3,2,1,1,0,3,9
3236,1,1,0,0,0,1,5
9708284,0,0,0,0,0,0,0
9611417,1,1,0,0,1,0,0
9805487,1,1,0,0,0,1,5
110023,5,2,3,4,1,4,41
9304207,4,2,2,2,4,0,0
102332,10,3,7,23,0,10,36
8206,2,1,1,1,2,0,0
102192,2,1,1,1,0,2,5
9902314,2,1,1,1,0,2,4
9903395,3,1,2,3,0,3,16
108004,2,2,0,0,0,2,5
9312300,2,2,0,0,1,1,1
111466,2,1,1,1,0,2,12
9707366,4,4,0,0,0,4,12
9503457,2,1,1,1,1,1,1
9904346,3,2,1,1,0,3,13
212023,6,1,5,9,0,6,52
9406226,2,1,1,1,0,2,6
9807224,6,1,5,5,5,1,1
9904213,3,2,1,1,0,3,6
9811298,7,2,5,9,1,6,35
104063,0,0,0,0,0,0,0
12080,12,3,9,29,2,10,17
112104,7,2,5,9,0,7,27
9912394,3,3,0,0,2,1,2
9506308,3,2,1,1,1,2,2
11036,5,2,3,3,2,3,8
301242,0,0,0,0,0,0,0
9909471,5,2,3,3,1,4,8
7072,1,1,0,0,1,0,0
9812325,1,1,0,0,0,1,6
101183,2,2,0,0,0,2,9
9803447,6,1,5,10,0,6,29
206209,1,1,0,0,0,1,5
206063,4,3,1,1,0,4,12
204289,1,1,0,0,0,1,1
201303,8,3,5,8,0,8,33
107015,2,2,0,0,1,1,8
6110,6,3,3,4,0,6,24
210445,0,0,0,0,0,0,0
110152,1,1,0,0,0,1,1
9707439,2,1,1,1,0,2,17
9501348,4,3,1,1,4,0,0
10059,5,1,4,5,1,4,19
9808326,6,1,5,10,4,2,4
9811483,3,3,0,0,1,2,2
9711419,1,1,0,0,1,0,0
9302293,3,2,1,1,3,0,0
1168,3,3,0,0,1,2,3
212373,0,0,0,0,0,0,0
204321,1,1,0,0,0,1,12
9706349,0,0,0,0,0,0,0
9809476,2,2,0,0,0,2,3
106192,9,2,7,15,0,9,58
101011,3,1,2,2,0,3,7
9511366,0,0,0,0,0,0,0
109222,3,1,2,3,0,3,3
9806392,2,1,1,1,0,2,6
302145,0,0,0,0,0,0,0
103193,0,0,0,0,0,0,0
9273,5,1,4,6,1,4,4
9712453,2,1,1,1,0,2,3
9407385,1,1,0,0,0,1,1
9506394,3,3,0,0,1,2,2
9803369,4,4,0,0,0,4,23
9609222,1,1,0,0,0,1,3
109023,1,1,0,0,0,1,4
9801392,9,2,7,10,9,0,0
208176,2,2,0,0,0,2,6
9809226,1,1,0,0,0,1,4
9602311,0,0,0,0,0,0,0
6115,3,3,0,0,0,3,6
9805239,5,3,2,2,2,3,3
107116,3,1,2,3,0,3,32
9501300,2,1,1,1,0,2,2
301255,1,1,0,0,0,1,27
9906498,12,4,8,35,2,10,60
9205212,5,5,0,0,5,0,0
104161,3,1,2,3,0,3,6
10218,1,1,0,0,0,1,1
9608254,1,1,0,0,0,1,3
9910402,1,1,0,0,0,1,3
3194,0,0,0,0,0,0,0
10280,5,5,0,0,1,4,13
10269,0,0,0,0,0,0,0
9501206,4,1,3,4,4,0,0
107308,2,2,0,0,0,2,6
9502325,2,2,0,0,1,1,2
9509293,1,1,0,0,0,1,1
109110,3,1,2,2,0,3,6
102342,3,3,0,0,1,2,2
9612216,1,1,0,0,0,1,5
9902342,5,3,2,3,5,0,0
9511415,6,3,3,3,0,6,31
201166,5,2,3,6,1,4,16
210043,0,0,0,0,0,0,0
4109,1,1,0,0,1,0,0
9607411,8,1,7,15,0,8,8
203208,5,1,4,6,1,4,52
9710249,2,2,0,0,2,0,0
103162,4,2,2,3,0,4,14
104289,9,3,6,9,1,8,22
206061,1,1,0,0,0,1,4
104296,1,1,0,0,0,1,1
9512382,1,1,0,0,0,1,2
207296,3,1,2,2,0,3,50
9909258,2,1,1,1,0,2,14
9505357,9,3,6,11,0,9,10
9906371,5,5,0,0,3,2,10
208238,1,1,0,0,0,1,10
301011,1,1,0,0,0,1,5
9406277,0,0,0,0,0,0,0
9901273,3,3,0,0,2,1,2
207358,4,3,1,2,0,4,11
9910479,2,1,1,1,0,2,5
9604421,1,1,0,0,0,1,7
206105,1,1,0,0,0,1,9
6087,6,2,4,6,2,4,12
206249,3,3,0,0,1,2,5
209233,5,4,1,1,0,5,59
109014,2,1,1,1,2,0,0
9804413,4,3,1,1,0,4,11
111173,1,1,0,0,0,1,1
9410212,1,1,0,0,1,0,0
9604297,0,0,0,0,0,0,0
9912443,0,0,0,0,0,0,0
9811223,0,0,0,0,0,0,0
104070,0,0,0,0,0,0,0
9704216,4,1,3,6,0,4,7
2016,5,1,4,5,0,5,12
9203202,1,1,0,0,1,0,0
211024,1,1,0,0,0,1,4
205327,4,4,0,0,0,4,32
101280,4,4,0,0,2,2,4
9708267,0,0,0,0,0,0,0
9708238,3,2,1,1,3,0,0
9603427,0,0,0,0,0,0,0
9910323,1,1,0,0,0,1,11
9501337,0,0,0,0,0,0,0
9312289,1,1,0,0,1,0,0
110323,4,1,3,5,0,4,8
9912277,0,0,0,0,0,0,0
9712414,4,2,2,3,4,0,0
9705397,5,3,2,2,1,4,22
9804464,1,1,0,0,0,1,1
208143,3,2,1,1,0,3,17
9607367,2,1,1,1,0,2,2
9612275,1,1,0,0,1,0,0
9803412,11,5,6,11,2,9,20
106143,2,1,1,1,2,0,0
9702272,1,1,0,0,0,1,3
102325,0,0,0,0,0,0,0
9812492,3,1,2,3,3,0,0
9408314,0,0,0,0,0,0,0
9710454,3,1,2,2,0,3,21
9502342,4,2,2,2,0,4,12
210106,2,2,0,0,0,2,25
104087,3,2,1,2,0,3,13
9807458,1,1,0,0,1,0,0
9610466,1,1,0,0,0,1,2
4121,0,0,0,0,0,0,0
204018,0,0,0,0,0,0,0
107070,0,0,0,0,0,0,0
112017,1,1,0,0,1,0,0
9711458,5,5,0,0,3,2,2
1066,0,0,0,0,0,0,0
105221,2,2,0,0,0,2,7
110101,1,1,0,0,0,1,1
201068,0,0,0,0,0,0,0
9606369,9,8,1,1,3,6,6
9812428,3,3,0,0,0,3,6
9911539,2,2,0,0,0,2,3
201058,0,0,0,0,0,0,0
9805253,0,0,0,0,0,0,0
212264,0,0,0,0,0,0,0
9608303,2,2,0,0,0,2,2
9607396,2,1,1,1,0,2,2
9803249,0,0,0,0,0,0,0
9206249,5,5,0,0,5,0,0
105275,0,0,0,0,0,0,0
211072,0,0,0,0,0,0,0
9405282,0,0,0,0,0,0,0
210394,0,0,0,0,0,0,0
9803209,3,2,1,1,2,1,1
9503269,3,2,1,1,2,1,1
9908278,0,0,0,0,0,0,0
9606453,2,2,0,0,0,2,3
9411205,3,1,2,2,0,3,6
111256,1,1,0,0,0,1,2
210364,0,0,0,0,0,0,0
9208229,1,1,0,0,1,0,0
6143,2,2,0,0,0,2,2
9503460,2,2,0,0,1,1,2
110384,0,0,0,0,0,0,0
112092,2,2,0,0,0,2,2
9705322,1,1,0,0,1,0,0
111225,1,1,0,0,0,1,5
9810365,0,0,0,0,0,0,0
9402296,0,0,0,0,0,0,0
9309265,4,2,2,2,4,0,0
9908419,0,0,0,0,0,0,0
9301215,1,1,0,0,1,0,0
9409262,1,1,0,0,0,1,3
205075,0,0,0,0,0,0,0
9406322,1,1,0,0,0,1,2
204175,4,3,1,2,0,4,14
9410215,0,0,0,0,0,0,0
207075,0,0,0,0,0,0,0
9911271,1,1,0,0,0,1,1
9707232,0,0,0,0,0,0,0
6335,2,1,1,1,0,2,5
9803410,2,2,0,0,0,2,4
9912400,1,1,0,0,1,0,0
9308352,1,1,0,0,1,0,0
11041,1,1,0,0,1,0,0
205301,1,1,0,0,0,1,4
9507300,2,2,0,0,2,0,0
9510322,1,1,0,0,1,0,0
302248,2,2,0,0,1,1,45
108044,1,1,0,0,1,0,0
212117,4,3,1,1,1,3,11
207159,0,0,0,0,0,0,0
301205,0,0,0,0,0,0,0
9810463,2,2,0,0,0,2,4
9901425,0,0,0,0,0,0,0
9910548,0,0,0,0,0,0,0
107027,2,2,0,0,2,0,0
9211289,2,2,0,0,2,0,0
108184,0,0,0,0,0,0,0
204055,1,1,0,0,0,1,3
9811394,0,0,0,0,0,0,0
9704429,3,1,2,3,0,3,3
102330,0,0,0,0,0,0,0
208127,0,0,0,0,0,0,0
106302,1,1,0,0,0,1,1
9810217,1,1,0,0,0,1,3
9512351,0,0,0,0,0,0,0
10154,1,1,0,0,0,1,13
106129,0,0,0,0,0,0,0
207098,0,0,0,0,0,0,0
9910446,0,0,0,0,0,0,0
6195,0,0,0,0,0,0,0
101206,0,0,0,0,0,0,0
111433,1,1,0,0,0,1,1
9903297,0,0,0,0,0,0,0
9604249,0,0,0,0,0,0,0
9502402,0,0,0,0,0,0,0
211450,0,0,0,0,0,0,0
9905574,2,2,0,0,1,1,2
9609450,0,0,0,0,0,0,0
9808297,3,2,1,1,0,3,7
9905289,2,1,1,1,1,1,1
9503265,0,0,0,0,0,0,0
9912359,1,1,0,0,0,1,3
5119,0,0,0,0,0,0,0
9909215,2,2,0,0,1,1,1
9603269,1,1,0,0,0,1,1
205056,0,0,0,0,0,0,0
111358,2,2,0,0,0,2,4
9404341,1,1,0,0,1,0,0
211355,0,0,0,0,0,0,0
9242,0,0,0,0,0,0,0
103349,1,1,0,0,1,0,0
9312344,2,1,1,1,2,0,0
301032,0,0,0,0,0,0,0
302013,0,0,0,0,0,0,0
111345,0,0,0,0,0,0,0
107133,2,2,0,0,0,2,20
9409389,1,1,0,0,0,1,1
5018,1,1,0,0,1,0,0
207291,2,2,0,0,0,2,14
3043,2,2,0,0,0,2,4
9510297,0,0,0,0,0,0,0
208160,1,1,0,0,0,1,21
9412220,1,1,0,0,0,1,1
9503426,0,0,0,0,0,0,0
203230,2,2,0,0,0,2,2
9802377,0,0,0,0,0,0,0
212077,0,0,0,0,0,0,0
3004,0,0,0,0,0,0,0
9909274,1,1,0,0,0,1,2
9905299,0,0,0,0,0,0,0
9612368,0,0,0,0,0,0,0
7024,2,2,0,0,2,0,0
9812214,0,0,0,0,0,0,0
103055,1,1,0,0,0,1,7
211129,1,1,0,0,1,0,0
8247,1,1,0,0,0,1,13
9408221,1,1,0,0,0,1,1
9507338,1,1,0,0,0,1,5
109271,1,1,0,0,0,1,1
212171,0,0,0,0,0,0,0
9905378,2,2,0,0,0,2,8
206073,1,1,0,0,0,1,14
9602312,1,1,0,0,1,0,0
202253,2,2,0,0,2,0,0
3259,0,0,0,0,0,0,0
102171,2,2,0,0,2,0,0
9911374,1,1,0,0,0,1,5
9605299,1,1,0,0,0,1,2
9905476,0,0,0,0,0,0,0
210335,1,1,0,0,0,1,5
9406333,0,0,0,0,0,0,0
9504207,0,0,0,0,0,0,0
9812425,0,0,0,0,0,0,0
206181,1,1,0,0,0,1,4
102008,1,1,0,0,0,1,1
11345,1,1,0,0,0,1,1
9905384,0,0,0,0,0,0,0
9603246,1,1,0,0,0,1,1
9109,0,0,0,0,0,0,0
205346,0,0,0,0,0,0,0
211082,1,1,0,0,0,1,1
9810225,0,0,0,0,0,0,0
9704340,0,0,0,0,0,0,0
9406207,3,3,0,0,0,3,3
111462,0,0,0,0,0,0,0
202272,0,0,0,0,0,0,0
211327,0,0,0,0,0,0,0
9709437,0,0,0,0,0,0,0
9904499,3,2,1,1,3,0,0
9701337,0,0,0,0,0,0,0
102140,0,0,0,0,0,0,0
9905556,0,0,0,0,0,0,0
212356,0,0,0,0,0,0,0
9407300,0,0,0,0,0,0,0
9907395,0,0,0,0,0,0,0
11022,0,0,0,0,0,0,0
9701407,2,2,0,0,1,1,3
9607323,0,0,0,0,0,0,0
110012,1,1,0,0,0,1,1
2045,0,0,0,0,0,0,0
207024,1,1,0,0,0,1,6
9910382,0,0,0,0,0,0,0
9505439,0,0,0,0,0,0,0
9906556,1,1,0,0,1,0,0
9411443,1,1,0,0,0,1,3
9902330,0,0,0,0,0,0,0
9712460,0,0,0,0,0,0,0
9607339,0,0,0,0,0,0,0
9401293,1,1,0,0,1,0,0
9611377,0,0,0,0,0,0,0
9802281,1,1,0,0,1,0,0
9505215,0,0,0,0,0,0,0
9411292,1,1,0,0,1,0,0
9710457,0,0,0,0,0,0,0
9602228,0,0,0,0,0,0,0
12355,0,0,0,0,0,0,0
301104,0,0,0,0,0,0,0
302080,0,0,0,0,0,0,0
201027,1,1,0,0,0,1,6
101044,1,1,0,0,0,1,3
9912533,2,2,0,0,2,0,0
9512294,1,1,0,0,0,1,10
201167,0,0,0,0,0,0,0
9803409,1,1,0,0,0,1,4
9308202,0,0,0,0,0,0,0
301024,1,1,0,0,0,1,1
9808222,1,1,0,0,0,1,6
202005,0,0,0,0,0,0,0
9506223,0,0,0,0,0,0,0
204262,1,1,0,0,0,1,2
9509335,1,1,0,0,0,1,1
9810449,1,1,0,0,0,1,9
11046,0,0,0,0,0,0,0
9089,1,1,0,0,1,0,0
9804447,0,0,0,0,0,0,0
9501261,0,0,0,0,0,0,0
302088,0,0,0,0,0,0,0
9705455,0,0,0,0,0,0,0
9611211,0,0,0,0,0,0,0
9911279,1,1,0,0,0,1,2
207308,0,0,0,0,0,0,0
208166,0,0,0,0,0,0,0
212303,0,0,0,0,0,0,0
211052,0,0,0,0,0,0,0
11367,0,0,0,0,0,0,0
9311334,0,0,0,0,0,0,0
301048,0,0,0,0,0,0,0
302042,0,0,0,0,0,0,0
9203221,1,1,0,0,1,0,0
201279,0,0,0,0,0,0,0
210269,0,0,0,0,0,0,0
209026,1,1,0,0,0,1,9
203216,0,0,0,0,0,0,0
103266,0,0,0,0,0,0,0
4163,1,1,0,0,0,1,2
9906364,0,0,0,0,0,0,0
107090,0,0,0,0,0,0,0
212032,0,0,0,0,0,0,0
301027,0,0,0,0,0,0,0
9312354,0,0,0,0,0,0,0
9408327,0,0,0,0,0,0,0
6144,0,0,0,0,0,0,0
9903430,0,0,0,0,0,0,0
210388,1,1,0,0,0,1,2
9601312,0,0,0,0,0,0,0
111371,0,0,0,0,0,0,0
8045,0,0,0,0,0,0,0
9506342,0,0,0,0,0,0,0
8278,0,0,0,0,0,0,0
9609435,0,0,0,0,0,0,0
3290,0,0,0,0,0,0,0
112221,0,0,0,0,0,0,0
9402300,0,0,0,0,0,0,0
202057,0,0,0,0,0,0,0
9705421,1,1,0,0,1,0,0
9411385,0,0,0,0,0,0,0
208062,0,0,0,0,0,0,0
111378,0,0,0,0,0,0,0
9410210,0,0,0,0,0,0,0
9403214,0,0,0,0,0,0,0
110234,0,0,0,0,0,0,0
212106,0,0,0,0,0,0,0
212267,0,0,0,0,0,0,0
9907448,0,0,0,0,0,0,0
210356,0,0,0,0,0,0,0
204169,0,0,0,0,0,0,0
211070,0,0,0,0,0,0,0
210283,2,1,1,1,0,2,37
105201,0,0,0,0,0,0,0
112170,0,0,0,0,0,0,0
9604346,0,0,0,0,0,0,0
9602376,0,0,0,0,0,0,0
205045,0,0,0,0,0,0,0
9910398,0,0,0,0,0,0,0
102024,0,0,0,0,0,0,0
12171,0,0,0,0,0,0,0
212328,0,0,0,0,0,0,0
9904340,0,0,0,0,0,0,0
107293,0,0,0,0,0,0,0
107092,0,0,0,0,0,0,0
9612370,0,0,0,0,0,0,0
210067,0,0,0,0,0,0,0
9708341,0,0,0,0,0,0,0
9301,0,0,0,0,0,0,0
301152,0,0,0,0,0,0,0
9512273,0,0,0,0,0,0,0
203020,0,0,0,0,0,0,0
9909328,0,0,0,0,0,0,0
9505223,0,0,0,0,0,0,0
104118,0,0,0,0,0,0,0
9509298,0,0,0,0,0,0,0
212387,0,0,0,0,0,0,0
9812374,0,0,0,0,0,0,0
209318,0,0,0,0,0,0,0
9806237,0,0,0,0,0,0,0
6013,0,0,0,0,0,0,0
9608372,0,0,0,0,0,0,0
205174,1,1,0,0,0,1,2
9803495,0,0,0,0,0,0,0
112136,0,0,0,0,0,0,0
9607338,0,0,0,0,0,0,0
212128,0,0,0,0,0,0,0
4025,0,0,0,0,0,0,0
9812271,1,1,0,0,0,1,6
9904308,0,0,0,0,0,0,0
302045,0,0,0,0,0,0,0
112204,0,0,0,0,0,0,0
9907546,0,0,0,0,0,0,0
111320,0,0,0,0,0,0,0
6220,0,0,0,0,0,0,0
1265,1,1,0,0,1,0,0
9608353,0,0,0,0,0,0,0
302215,0,0,0,0,0,0,0
12083,0,0,0,0,0,0,0
9605245,19,1,18,46,3,16,16
4213,68,8,60,407,3,65,366
103211,17,2,15,32,0,17,211
9911250,10,5,5,11,2,8,58
9401204,42,5,37,204,42,0,0
9503414,32,15,17,26,12,20,69
9711217,26,9,17,32,1,25,191
9701278,30,4,26,121,6,24,136
111167,3,2,1,1,0,3,22
9502254,16,3,13,32,6,10,36
9409315,31,4,27,62,14,17,35
9812246,8,3,5,9,1,7,41
9906218,33,1,32,126,3,30,119
9807209,16,6,10,23,3,13,56
9603435,4,3,1,3,2,2,2
9706489,13,5,8,22,6,7,36
9906462,14,1,13,32,1,13,64
7020,4,4,0,0,2,2,6
9504399,6,2,4,6,0,6,26
9809523,6,5,1,2,0,6,20
9902371,114,13,101,869,2,112,840
101083,23,7,16,46,6,17,99
9511340,7,2,5,9,0,7,7
106029,22,14,8,10,8,14,25
9910301,25,10,15,33,3,22,37
9403398,33,7,26,50,28,5,5
9309268,26,8,18,58,23,3,3
9509248,39,10,29,123,7,32,32
9310229,17,10,7,9,17,0,0
9409324,14,4,10,27,6,8,8
9507453,99,12,87,566,38,61,110
9403270,9,3,6,9,9,0,0
9706281,57,3,54,411,0,57,209
9808367,23,14,9,21,15,8,19
9505402,35,2,33,215,8,27,118
9411274,33,5,28,62,17,16,35
9911440,1,1,0,0,0,1,14
9808261,24,4,20,82,3,21,115
9905470,17,2,15,24,0,17,174
9810501,31,5,26,118,2,29,59
9411390,6,1,5,10,0,6,6
9807305,92,7,85,460,24,68,282
9803305,16,4,12,35,2,14,32
9602386,14,7,7,11,4,10,44
9903454,65,8,57,306,9,56,313
9602307,33,7,26,85,16,17,62
9208241,17,9,8,13,17,0,0
6331,11,3,8,22,0,11,57
9311312,24,6,18,59,9,15,32
9608308,83,8,75,484,16,67,171
9504323,2,1,1,1,0,2,6
9602381,58,6,52,410,6,52,90
9605224,30,2,28,93,9,21,68
9809587,6,2,4,5,0,6,26
9311340,164,30,134,567,89,75,139
9504314,59,9,50,251,9,50,106
9302317,57,14,43,169,46,11,11
9703279,89,2,87,980,6,83,246
9707355,20,4,16,39,0,20,158
105011,24,7,17,26,0,24,357
9505369,46,4,42,208,2,44,128
9911233,61,3,58,325,4,57,594
9307291,144,22,122,793,29,115,245
2235,19,4,15,43,0,19,194
7196,22,7,15,59,1,21,177
9604339,22,11,11,24,2,20,101
9701341,41,2,39,189,0,41,420
9708264,18,8,10,12,0,18,102
9905296,27,3,24,101,1,26,258
9908386,9,5,4,5,4,5,11
7054,7,3,4,7,0,7,112
9508211,38,7,31,102,8,30,79
9912372,7,4,3,4,1,6,19
9244,14,2,12,31,0,14,49
9803485,12,3,9,19,12,0,0
9707482,39,7,32,154,0,39,351
9710348,11,4,7,18,11,0,0
9807332,20,2,18,65,0,20,61
9510256,5,5,0,0,4,1,1
9709232,30,6,24,56,2,28,138
9707371,14,6,8,13,2,12,38
9608314,4,1,3,3,1,3,11
9805217,88,3,85,672,10,78,124
9206266,55,9,46,517,55,0,0
9405215,5,4,1,1,1,4,7
9707409,101,1,100,1048,55,46,62
9308245,3,2,1,1,3,0,0
9503354,4,1,3,4,1,3,3
9605323,165,30,135,804,36,129,331
9706538,1,1,0,0,0,1,7
9411220,9,5,4,6,9,0,0
9705278,11,4,7,16,1,10,16
9711309,18,3,15,47,1,17,83
9401266,46,15,31,113,46,0,0
9508386,52,14,38,123,25,27,40
9401297,8,5,3,5,5,3,5
9303236,33,6,27,84,33,0,0
9911216,1,1,0,0,0,1,1
9812378,10,1,9,27,2,8,14
6083,4,1,3,4,0,4,24
9608247,23,3,20,66,0,23,155
9602262,41,4,37,143,0,41,287
9610543,19,4,15,64,0,19,111
9509230,7,1,6,14,0,7,25
9406251,11,4,7,21,11,0,0
7343,1,1,0,0,0,1,2
9410240,46,5,41,171,31,15,16
9609423,8,3,5,7,4,4,4
9408276,75,3,72,477,57,18,18
9905239,37,6,31,103,0,37,276
9906257,22,5,17,70,0,22,134
9402361,7,2,5,5,0,7,7
9403403,45,6,39,135,10,35,52
9903307,11,9,2,4,3,8,18
9412349,6,1,5,6,6,0,0
9205231,18,4,14,37,18,0,0
9410346,14,5,9,15,12,2,2
9409202,7,1,6,11,7,0,0
9606345,51,21,30,61,29,22,36
9710213,9,2,7,20,0,9,21
9903436,43,10,33,136,3,40,202
9912283,10,8,2,2,1,9,41
9308370,6,2,4,5,1,5,5
4095,45,6,39,185,0,45,133
9811473,110,5,105,1288,4,106,434
9908314,13,1,12,51,0,13,81
9405209,21,7,14,38,2,19,29
9908235,25,3,22,120,0,25,166
9912519,6,2,4,6,1,5,14
12013,7,1,6,11,0,7,46
203034,14,3,11,19,4,10,84
9904383,14,4,10,15,2,12,21
9403253,20,9,11,20,7,13,23
9412322,66,18,48,204,21,45,64
9810411,30,4,26,85,0,30,119
9611319,4,3,1,1,2,2,4
9810535,44,9,35,148,0,44,247
9706429,1,1,0,0,0,1,2
9707423,44,1,43,299,17,27,38
9405337,26,5,21,64,23,3,3
9806477,13,1,12,20,1,12,48
9402282,12,3,9,19,4,8,18
9603336,27,8,19,35,1,26,112
9608472,21,4,17,63,7,14,14
9811256,22,4,18,48,6,16,33
9511292,52,4,48,255,25,27,76
9905266,10,3,7,12,1,9,68
9510365,59,1,58,561,0,59,116
9502315,17,1,16,42,17,0,0
9903329,20,3,17,32,5,15,40
9805346,17,1,16,32,3,14,39
9212259,9,5,4,9,9,0,0
9710441,22,6,16,38,6,16,25
9608487,16,2,14,37,6,10,17
9505298,27,8,19,72,1,26,100
9510238,9,2,7,24,0,9,41
9712350,8,1,7,9,0,8,22
104267,9,2,7,8,1,8,23
9601343,32,16,16,34,7,25,49
9602211,18,5,13,31,11,7,7
9309330,6,2,4,6,6,0,0
9610341,7,4,3,3,3,4,11
9512354,3,1,2,3,0,3,8
10086,13,3,10,24,1,12,39
1303,5,2,3,5,1,4,14
9209275,9,1,8,22,9,0,0
103067,96,8,88,499,0,96,1093
9908499,8,1,7,17,0,8,40
102193,32,5,27,269,0,32,189
9704335,40,17,23,52,7,33,62
9911323,70,13,57,169,1,69,295
1309,18,4,14,33,1,17,116
3186,39,6,33,133,0,39,356
9306325,15,6,9,39,8,7,7
9308324,10,5,5,9,0,10,14
9212257,13,5,8,27,13,0,0
12168,2,1,1,1,2,0,0
9906450,16,6,10,20,5,11,55
9305230,14,3,11,25,14,0,0
9906322,65,6,59,313,3,62,223
9603279,28,7,21,73,28,0,0
9706213,6,3,3,4,1,5,12
9605375,4,3,1,1,0,4,35
9608343,22,2,20,120,1,21,97
9802204,21,6,15,32,6,15,37
9603444,3,2,1,1,1,2,2
9910210,5,2,3,4,2,3,8
4129,3,2,1,1,0,3,40
9909389,6,2,4,5,2,4,40
9904432,8,2,6,11,0,8,140
4029,11,1,10,20,0,11,92
9904464,11,2,9,18,1,10,86
201274,17,4,13,45,1,16,386
207020,6,3,3,3,0,6,110
6304,7,4,3,3,0,7,29
9306280,2,2,0,0,0,2,2
210135,4,3,1,1,0,4,42
11014,73,40,33,70,5,68,86
109184,6,2,4,7,0,6,58
9911252,63,12,51,216,2,61,490
9503204,24,8,16,41,22,2,3
9701420,17,6,11,15,2,15,58
12100,55,10,45,194,6,49,202
9908328,7,1,6,9,0,7,90
9912265,41,8,33,110,0,41,99
9606237,34,8,26,94,9,25,44
9906341,9,7,2,2,0,9,139
9404217,24,11,13,20,0,24,104
9707407,12,5,7,11,0,12,63
9302292,32,9,23,67,32,0,0
9709350,7,2,5,11,0,7,24
9603431,26,3,23,63,15,11,11
9308237,1,1,0,0,1,0,0
201094,2,2,0,0,0,2,3
6250,35,3,32,136,0,35,103
9405288,8,2,6,11,3,5,5
9910257,8,2,6,11,0,8,109
9308266,32,12,20,55,1,31,87
9412221,1,1,0,0,0,1,5
9704201,40,4,36,217,0,40,189
9807448,24,9,15,63,0,24,161
9511315,165,8,157,1148,3,162,570
9508373,53,4,49,201,0,53,252
9603247,33,5,28,119,4,29,74
9610376,3,1,2,2,1,2,2
9708306,18,2,16,76,5,13,13
9610426,6,5,1,1,0,6,18
9701418,12,3,9,20,0,12,32
9511392,17,7,10,14,5,12,53
204292,6,6,0,0,1,5,21
9704385,18,2,16,47,7,11,32
9810366,4,3,1,1,1,3,8
9901252,16,6,10,33,1,15,72
9803500,17,3,14,57,14,3,3
9606314,73,6,67,340,20,53,98
9404322,4,3,1,1,4,0,0
9604230,4,4,0,0,0,4,14
102257,18,8,10,33,0,18,222
9904468,47,4,43,184,1,46,551
9603206,47,6,41,220,28,19,29
9708248,11,6,5,9,11,0,0
9212212,58,9,49,187,49,9,9
9807212,7,5,2,3,3,4,10
9410375,13,6,7,15,13,0,0
9603302,15,5,10,18,2,13,30
9510449,100,21,79,416,11,89,281
9710379,21,5,16,31,4,17,86
9802406,17,4,13,31,2,15,26
9912345,2,2,0,0,0,2,17
9412392,2,2,0,0,2,0,0
9407202,6,4,2,3,5,1,1
9705250,23,12,11,22,5,18,29
9711453,19,3,16,48,17,2,2
9911384,4,4,0,0,0,4,27
9208201,7,2,5,11,7,0,0
9706330,3,2,1,1,2,1,5
9409374,2,1,1,1,0,2,4
9610334,19,6,13,40,4,15,75
9710252,2,1,1,1,0,2,9
9307311,34,9,25,99,34,0,0
9410340,18,6,12,25,17,1,1
9612351,8,1,7,14,8,0,0
9702409,75,5,70,507,0,75,873
9401265,18,4,14,37,3,15,37
9503335,2,2,0,0,0,2,5
9406369,11,3,8,28,0,11,57
9912312,19,7,12,17,9,10,19
9508221,22,11,11,33,2,20,72
107150,23,10,13,35,1,22,203
9801309,1,1,0,0,1,0,0
9909512,9,3,6,9,1,8,18
9707372,2,2,0,0,0,2,15
9510284,16,5,11,51,6,10,12
9801376,7,4,3,3,0,7,57
9812349,23,2,21,74,2,21,112
9602404,10,1,9,28,0,10,66
9303294,13,1,12,37,13,0,0
9801386,21,3,18,41,0,21,59
9709249,7,1,6,13,0,7,7
3303,4,3,1,1,0,4,5
9211250,20,8,12,32,20,0,0
9802381,50,6,44,266,0,50,357
9210251,23,10,13,20,23,0,0
9903237,2,2,0,0,0,2,3
9208233,21,8,13,36,21,0,0
9511295,6,2,4,5,6,0,0
9206233,5,4,1,1,5,0,0
9804351,9,1,8,12,0,9,34
9910489,4,2,2,2,2,2,5
103137,5,3,2,3,0,5,23
9911413,11,3,8,11,3,8,16
9302271,12,2,10,26,12,0,0
9902343,14,2,12,39,2,12,51
9709361,1,1,0,0,0,1,1
9803274,16,4,12,65,1,15,39
104146,25,6,19,48,0,25,300
103224,8,1,7,22,0,8,198
9601237,22,6,16,28,1,21,63
9302289,3,3,0,0,3,0,0
9310306,12,8,4,4,6,6,10
9406237,12,5,7,13,12,0,0
9602305,6,4,2,2,4,2,9
9906209,40,8,32,85,5,35,125
3012,17,5,12,27,1,16,96
9906385,4,2,2,3,0,4,14
9905475,16,2,14,27,0,16,37
9302203,35,8,27,79,35,0,0
105253,11,2,9,24,0,11,108
107188,3,2,1,1,0,3,8
9512419,6,4,2,3,0,6,68
9808484,10,2,8,13,3,7,11
103231,8,3,5,6,0,8,40
9406328,24,8,16,32,3,21,29
9801407,3,3,0,0,0,3,6
9605432,8,3,5,6,2,6,20
9705396,2,1,1,1,0,2,4
9602218,16,5,11,15,1,15,92
5110,8,3,5,6,5,3,6
9212276,1,1,0,0,1,0,0
9602288,3,1,2,2,3,0,0
9708478,3,2,1,1,0,3,4
9804300,15,3,12,31,3,12,22
5127,4,2,2,3,0,4,47
9712438,19,4,15,30,2,17,69
9705254,29,6,23,66,2,27,132
9611389,6,3,3,8,1,5,9
9606275,16,2,14,88,0,16,56
4179,4,3,1,1,0,4,14
9504278,11,4,7,8,9,2,2
9410309,11,3,8,26,11,0,0
9802252,15,7,8,12,1,14,87
105293,7,2,5,10,1,6,37
9709341,1,1,0,0,0,1,8
3297,7,2,5,9,0,7,17
2177,20,6,14,41,0,20,169
9809352,10,5,5,5,0,10,74
9501379,21,3,18,58,1,20,34
11143,7,2,5,10,0,7,59
7157,10,2,8,16,0,10,184
7334,8,3,5,20,0,8,107
209028,4,1,3,4,4,0,0
9701371,7,4,3,4,2,5,15
108170,23,3,20,80,0,23,305
9507449,22,6,16,29,12,10,10
103072,15,3,12,50,0,15,116
9701409,4,3,1,1,1,3,4
9501246,7,5,2,3,4,3,3
9207264,78,5,73,404,1,77,77
9510455,11,5,6,12,1,10,18
9401255,35,12,23,75,7,28,28
9611387,8,3,5,9,0,8,40
9912528,2,2,0,0,1,1,2
9512211,3,2,1,1,1,2,4
12101,6,3,3,4,0,6,28
9902325,5,1,4,8,0,5,11
9905276,13,8,5,5,0,13,65
9301237,16,1,15,54,16,0,0
9806360,11,4,7,13,3,8,29
3100,5,3,2,2,0,5,14
9412235,30,6,24,90,18,12,18
9904286,27,7,20,54,3,24,136
202030,34,7,27,126,1,33,235
102136,12,1,11,43,0,12,91
9807457,5,3,2,3,0,5,10
105199,4,3,1,1,1,3,24
9806442,5,3,2,2,0,5,45
11081,16,6,10,18,1,15,33
104109,21,6,15,28,4,17,97
9805268,46,10,36,71,14,32,79
9911314,3,2,1,1,0,3,15
206171,1,1,0,0,1,0,0
9812290,5,4,1,1,0,5,38
1244,20,1,19,67,11,9,11
206060,9,2,7,23,0,9,109
9701218,11,5,6,14,0,11,29
9411269,3,2,1,1,3,0,0
9803313,22,7,15,24,8,14,23
110097,7,4,3,3,0,7,51
106112,21,5,16,55,0,21,286
9408280,3,3,0,0,2,1,1
9808387,3,1,2,3,1,2,2
9211301,18,1,17,66,18,0,0
8221,14,6,8,17,4,10,33
9609290,2,2,0,0,0,2,3
4205,10,5,5,8,0,10,26
9706496,7,1,6,10,0,7,10
9702301,8,1,7,15,1,7,35
9803253,11,2,9,25,1,10,15
9812215,3,3,0,0,0,3,7
9604446,7,4,3,6,0,7,9
9503235,9,9,0,0,7,2,2
9610207,2,1,1,1,0,2,10
9411428,4,3,1,1,1,3,4
9506352,4,3,1,2,4,0,0
210427,2,2,0,0,1,1,4
7329,34,2,32,227,0,34,201
1142,22,3,19,101,1,21,64
9609221,4,4,0,0,0,4,9
9802390,6,1,5,11,1,5,9
108182,9,4,5,9,1,8,66
9901363,1,1,0,0,0,1,1
9911529,2,2,0,0,0,2,4
9602355,4,3,1,1,0,4,32
9508351,6,3,3,4,5,1,2
9509408,15,8,7,19,0,15,30
9804229,10,3,7,18,2,8,16
9801377,7,2,5,7,1,6,10
9602301,7,6,1,2,6,1,1
9811302,4,2,2,2,0,4,6
9703458,1,1,0,0,1,0,0
9711487,8,1,7,17,0,8,71
9294,16,3,13,31,1,15,77
9912410,6,3,3,7,0,6,27
101258,4,1,3,4,0,4,19
9401271,15,4,11,37,15,0,0
6141,4,3,1,2,0,4,9
9604337,11,2,9,17,8,3,23
9304282,3,2,1,1,3,0,0
110129,2,1,1,1,1,1,3
9411247,5,4,1,1,0,5,12
9401218,5,3,2,2,5,0,0
9705314,4,2,2,2,0,4,32
9601235,10,6,4,9,5,5,6
9804389,1,1,0,0,0,1,10
9609370,9,5,4,4,0,9,28
9607360,8,5,3,9,8,0,0
9606263,22,4,18,40,0,22,167
9707333,6,3,3,3,0,6,17
9903249,6,2,4,7,0,6,26
9501391,2,2,0,0,2,0,0
9709363,20,2,18,32,1,19,119
9703228,5,5,0,0,1,4,4
105155,10,10,0,0,0,10,70
5142,11,8,3,4,2,9,114
9503459,1,1,0,0,0,1,2
3284,4,1,3,4,0,4,17
9804422,2,2,0,0,0,2,10
9711365,11,5,6,11,0,11,81
1332,3,2,1,1,0,3,17
9708430,2,2,0,0,0,2,6
9405263,2,2,0,0,2,0,0
9308233,2,1,1,1,1,1,2
9501223,15,1,14,44,7,8,15
203242,8,6,2,2,1,7,48
9404319,3,3,0,0,2,1,1
110339,4,3,1,1,0,4,13
9711316,13,7,6,6,5,8,15
9607240,4,3,1,1,1,3,4
9609266,9,3,6,10,1,8,34
9912417,4,2,2,5,0,4,8
9911332,7,2,5,10,0,7,48
9809479,2,2,0,0,0,2,5
9507391,1,1,0,0,1,0,0
9078,13,4,9,17,1,12,43
105054,3,2,1,1,0,3,24
12279,15,7,8,16,3,12,19
9809270,1,1,0,0,0,1,1
9708332,3,2,1,1,0,3,12
9908519,3,3,0,0,0,3,7
9703230,1,1,0,0,1,0,0
203180,8,6,2,2,0,8,19
9211231,5,1,4,10,5,0,0
9607345,2,1,1,1,1,1,2
9908260,20,4,16,58,2,18,177
9402256,7,2,5,10,7,0,0
9809333,2,2,0,0,0,2,4
9506202,1,1,0,0,0,1,1
9712339,17,5,12,28,10,7,12
9212234,2,2,0,0,2,0,0
210362,0,0,0,0,0,0,0
9711321,6,6,0,0,6,0,0
9912420,3,1,2,3,0,3,29
5255,4,2,2,3,3,1,1
9403271,4,3,1,2,0,4,4
9311343,0,0,0,0,0,0,0
9912364,6,3,3,4,0,6,38
9609429,8,2,6,8,5,3,4
9501315,6,2,4,5,6,0,0
104120,17,3,14,50,0,17,291
110089,20,12,8,9,14,6,9
9511314,11,5,6,13,11,0,0
105017,2,2,0,0,1,1,1
9712344,7,2,5,8,7,0,0
9404246,1,1,0,0,1,0,0
1008,4,4,0,0,1,3,4
7011,14,3,11,16,4,10,60
206243,2,2,0,0,0,2,11
104256,9,4,5,13,0,9,54
106326,7,2,5,10,5,2,2
204215,1,1,0,0,0,1,3
9907544,4,2,2,2,1,3,11
9711221,4,3,1,1,2,2,8
9407376,4,4,0,0,2,2,2
207327,10,6,4,5,1,9,64
205073,3,3,0,0,0,3,13
9609496,11,4,7,10,3,8,8
9708423,3,1,2,2,0,3,7
8277,0,0,0,0,0,0,0
11031,7,3,4,5,0,7,33
9909321,3,1,2,2,0,3,10
212161,1,1,0,0,0,1,19
9803263,2,2,0,0,0,2,3
9506279,0,0,0,0,0,0,0
11080,1,1,0,0,0,1,2
9903267,0,0,0,0,0,0,0
9810528,3,3,0,0,1,2,6
9903233,1,1,0,0,1,0,0
207044,5,3,2,2,0,5,19
9902396,1,1,0,0,0,1,10
9404314,1,1,0,0,0,1,1
9610411,12,5,7,11,9,3,3
206101,19,8,11,28,0,19,136
9606250,3,1,2,2,3,0,0
9312350,39,14,25,50,39,0,0
103248,4,4,0,0,0,4,16
210182,3,2,1,1,0,3,42
211293,0,0,0,0,0,0,0
105332,1,1,0,0,0,1,1
102003,4,2,2,2,0,4,6
110284,5,2,3,4,0,5,38
3210,3,3,0,0,0,3,10
111203,8,1,7,15,1,7,72
11271,8,1,7,11,0,8,61
9712330,2,1,1,1,0,2,23
9707504,7,3,4,6,0,7,15
9810549,2,1,1,1,0,2,13
206071,12,4,8,22,0,12,72
201018,8,5,3,3,4,4,4
9505387,13,3,10,31,6,7,14
9909245,11,2,9,18,1,10,57
9909235,7,3,4,6,0,7,15
9906289,2,2,0,0,1,1,8
9206213,3,1,2,3,3,0,0
9401299,9,5,4,4,3,6,9
9211240,5,4,1,1,5,0,0
9809290,6,4,2,4,0,6,46
9905379,5,2,3,6,0,5,20
12277,2,2,0,0,1,1,2
9907415,4,4,0,0,3,1,1
9605346,3,1,2,2,3,0,0
5083,4,2,2,2,0,4,12
9712338,3,3,0,0,2,1,6
9207251,7,6,1,2,7,0,0
9809413,4,2,2,2,0,4,39
9903206,11,4,7,8,1,10,32
10137,4,4,0,0,0,4,12
9409318,6,4,2,2,0,6,28
9807383,5,1,4,8,3,2,3
9807274,1,1,0,0,0,1,2
9512344,15,6,9,15,15,0,0
9904452,10,4,6,10,0,10,55
9610505,1,1,0,0,0,1,5
9808225,12,4,8,14,2,10,34
6237,9,5,4,7,0,9,37
9612412,2,1,1,1,0,2,8
9701317,0,0,0,0,0,0,0
9603248,11,4,7,13,8,3,3
9509386,2,1,1,1,2,0,0
9705450,1,1,0,0,0,1,1
7240,12,4,8,21,2,10,32
9909313,1,1,0,0,0,1,1
9506433,6,3,3,4,3,3,3
9702377,0,0,0,0,0,0,0
9610328,6,3,3,4,0,6,15
9509276,2,1,1,1,0,2,2
212146,17,5,12,36,2,15,86
6200,14,3,11,20,13,1,2
9809269,3,3,0,0,0,3,6
107255,2,2,0,0,0,2,11
108236,4,4,0,0,0,4,51
9805454,1,1,0,0,0,1,2
6159,7,4,3,5,1,6,16
9612324,2,2,0,0,0,2,2
9911274,1,1,0,0,0,1,6
9506436,31,8,23,54,11,20,23
9709310,0,0,0,0,0,0,0
9710238,4,1,3,4,0,4,19
9709203,7,3,4,4,3,4,16
101014,4,2,2,2,1,3,8
9612458,7,2,5,6,1,6,20
9711478,6,4,2,6,1,5,9
202178,8,2,6,11,2,6,55
4178,0,0,0,0,0,0,0
9806469,0,0,0,0,0,0,0
9809421,4,1,3,4,0,4,13
9709309,0,0,0,0,0,0,0
9410355,3,3,0,0,3,0,0
9911448,2,1,1,1,1,1,1
110313,4,3,1,1,0,4,18
9410356,13,3,10,33,1,12,32
105142,6,2,4,10,0,6,31
10099,4,3,1,1,4,0,0
202134,4,1,3,4,1,3,7
7272,9,3,6,8,0,9,27
9712397,3,2,1,2,0,3,17
11228,3,3,0,0,1,2,4
9712512,4,2,2,3,0,4,9
201282,5,4,1,2,0,5,29
9612345,1,1,0,0,0,1,3
111336,3,2,1,1,0,3,9
9701332,1,1,0,0,0,1,2
212092,4,1,3,4,0,4,47
9907226,5,5,0,0,0,5,10
9027,2,1,1,1,0,2,5
9906442,8,1,7,12,1,7,16
9403277,5,3,2,3,1,4,5
9509277,1,1,0,0,1,0,0
7046,1,1,0,0,0,1,1
204305,3,2,1,1,0,3,7
4094,4,3,1,1,0,4,13
9506464,4,2,2,2,2,2,3
4136,8,3,5,13,0,8,8
203124,2,2,0,0,0,2,4
9711516,11,2,9,30,2,9,56
202221,1,1,0,0,1,0,0
9806487,3,2,1,1,0,3,5
11067,2,1,1,1,0,2,3
3082,2,1,1,1,0,2,14
1164,3,3,0,0,0,3,6
9212243,3,2,1,2,3,0,0
9509343,6,5,1,1,6,0,0
203006,6,1,5,7,0,6,20
109010,3,3,0,0,0,3,24
12135,5,4,1,1,0,5,24
206011,1,1,0,0,0,1,11
9603232,5,4,1,1,5,0,0
9406325,2,2,0,0,1,1,1
9803311,2,1,1,1,0,2,7
101179,3,3,0,0,0,3,6
9808336,2,1,1,1,1,1,2
9809258,1,1,0,0,0,1,1
9811211,0,0,0,0,0,0,0
9907246,0,0,0,0,0,0,0
10197,1,1,0,0,0,1,1
102168,7,4,3,4,0,7,29
3026,1,1,0,0,0,1,2
9611337,2,2,0,0,2,0,0
9906285,1,1,0,0,0,1,1
106115,10,1,9,25,0,10,108
102161,2,2,0,0,0,2,6
209081,0,0,0,0,0,0,0
4062,4,1,3,6,3,1,1
9308231,0,0,0,0,0,0,0
9410348,6,3,3,4,4,2,2
9308280,1,1,0,0,1,0,0
102086,5,2,3,4,0,5,21
9602359,21,7,14,33,18,3,3
9809310,13,2,11,26,0,13,49
9904371,2,2,0,0,0,2,7
9709478,1,1,0,0,0,1,5
9401239,2,1,1,1,0,2,2
201009,1,1,0,0,1,0,0
9712337,0,0,0,0,0,0,0
204106,0,0,0,0,0,0,0
9801436,3,2,1,2,0,3,15
106296,0,0,0,0,0,0,0
10224,1,1,0,0,0,1,3
9608348,2,2,0,0,1,1,2
9902236,8,1,7,11,0,8,23
9906330,2,2,0,0,0,2,3
209194,4,1,3,5,0,4,11
9704211,1,1,0,0,1,0,0
9208217,4,4,0,0,4,0,0
9152,2,2,0,0,0,2,2
9509211,3,2,1,1,1,2,3
9710396,0,0,0,0,0,0,0
9503447,2,2,0,0,1,1,1
9901249,0,0,0,0,0,0,0
101049,9,5,4,5,1,8,27
4259,5,3,2,3,1,4,4
9902346,1,1,0,0,0,1,2
9411224,4,2,2,4,4,0,0
9302319,2,2,0,0,2,0,0
9506267,2,2,0,0,2,0,0
109228,4,3,1,1,0,4,8
9303297,1,1,0,0,1,0,0
9804388,7,3,4,6,0,7,40
6348,5,1,4,7,0,5,5
9904412,2,2,0,0,0,2,10
5264,1,1,0,0,0,1,1
207084,2,2,0,0,2,0,0
6164,0,0,0,0,0,0,0
9610336,3,1,2,3,0,3,19
203213,6,2,4,4,0,6,59
204127,5,1,4,4,0,5,25
9704282,2,2,0,0,1,1,1
8136,4,2,2,3,0,4,6
104306,5,1,4,7,0,5,13
9509427,9,3,6,11,3,6,6
9409272,3,2,1,1,0,3,3
207297,4,4,0,0,0,4,43
106136,1,1,0,0,0,1,10
9207256,6,4,2,2,6,0,0
9904226,5,3,2,3,0,5,18
9603263,6,2,4,5,0,6,48
106090,3,2,1,1,0,3,22
9402356,0,0,0,0,0,0,0
105124,2,1,1,1,0,2,10
109274,3,1,2,2,0,3,6
301265,0,0,0,0,0,0,0
6315,1,1,0,0,0,1,14
103154,4,1,3,6,0,4,35
9903304,7,1,6,18,0,7,13
207125,8,3,5,13,1,7,25
210102,1,1,0,0,0,1,3
109119,10,3,7,14,0,10,101
9712475,0,0,0,0,0,0,0
9712336,0,0,0,0,0,0,0
9412279,2,2,0,0,1,1,1
9503405,1,1,0,0,1,0,0
9810314,0,0,0,0,0,0,0
9904254,2,2,0,0,0,2,3
1209,4,3,1,2,0,4,9
9502244,2,2,0,0,2,0,0
106024,5,2,3,5,0,5,54
9601347,4,1,3,6,4,0,0
9907451,4,4,0,0,2,2,3
205331,5,3,2,3,0,5,49
201150,7,5,2,2,0,7,38
9709218,0,0,0,0,0,0,0
1252,0,0,0,0,0,0,0
9409332,3,3,0,0,3,0,0
206248,0,0,0,0,0,0,0
7064,0,0,0,0,0,0,0
9405287,5,3,2,2,5,0,0
201247,5,3,2,2,0,5,36
9405403,1,1,0,0,0,1,2
9303310,2,2,0,0,2,0,0
202066,2,2,0,0,0,2,19
9601378,1,1,0,0,0,1,2
210109,2,2,0,0,0,2,9
9812213,0,0,0,0,0,0,0
9405300,4,2,2,3,4,0,0
9903318,2,2,0,0,0,2,4
111344,2,2,0,0,0,2,13
211256,0,0,0,0,0,0,0
9801296,0,0,0,0,0,0,0
9609315,1,1,0,0,1,0,0
302039,0,0,0,0,0,0,0
9710530,1,1,0,0,0,1,6
9608476,1,1,0,0,0,1,1
112124,5,2,3,3,0,5,29
5327,0,0,0,0,0,0,0
9709239,3,2,1,1,0,3,15
9812326,7,6,1,1,6,1,1
9609452,1,1,0,0,1,0,0
210199,0,0,0,0,0,0,0
7285,2,2,0,0,2,0,0
106342,5,3,2,3,0,5,27
9903286,0,0,0,0,0,0,0
9503261,0,0,0,0,0,0,0
111040,3,2,1,1,1,2,2
9903551,1,1,0,0,1,0,0
9906533,1,1,0,0,1,0,0
9911415,3,3,0,0,0,3,6
9812438,0,0,0,0,0,0,0
102078,4,3,1,1,0,4,6
9310292,3,3,0,0,0,3,9
9905344,0,0,0,0,0,0,0
106304,2,1,1,1,0,2,2
6151,0,0,0,0,0,0,0
108063,0,0,0,0,0,0,0
9705420,0,0,0,0,0,0,0
1316,0,0,0,0,0,0,0
112152,1,1,0,0,0,1,10
2017,1,1,0,0,1,0,0
9303266,1,1,0,0,1,0,0
203253,1,1,0,0,0,1,5
9606441,2,2,0,0,2,0,0
9503270,2,1,1,1,1,1,1
212076,1,1,0,0,0,1,12
9706292,2,1,1,1,0,2,13
9406344,2,2,0,0,0,2,4
9802388,1,1,0,0,0,1,5
9805277,0,0,0,0,0,0,0
9301245,3,3,0,0,3,0,0
103160,1,1,0,0,0,1,3
9509354,1,1,0,0,0,1,2
9812297,0,0,0,0,0,0,0
9511427,1,1,0,0,1,0,0
212078,2,2,0,0,0,2,13
112032,1,1,0,0,1,0,0
9806229,1,1,0,0,0,1,8
9303232,1,1,0,0,0,1,1
9708331,0,0,0,0,0,0,0
9307211,0,0,0,0,0,0,0
9612386,0,0,0,0,0,0,0
208270,0,0,0,0,0,0,0
9805302,0,0,0,0,0,0,0
9409230,1,1,0,0,0,1,1
207359,1,1,0,0,0,1,3
9608416,5,2,3,4,0,5,8
106042,1,1,0,0,0,1,1
110416,1,1,0,0,0,1,5
9508203,0,0,0,0,0,0,0
104043,0,0,0,0,0,0,0
9503451,0,0,0,0,0,0,0
207244,0,0,0,0,0,0,0
6199,0,0,0,0,0,0,0
302271,0,0,0,0,0,0,0
110292,1,1,0,0,0,1,13
9910290,6,1,5,12,2,4,4
101071,1,1,0,0,1,0,0
205294,0,0,0,0,0,0,0
9604274,2,2,0,0,2,0,0
207022,1,1,0,0,0,1,2
205260,2,2,0,0,0,2,2
201255,2,1,1,1,1,1,1
9903546,0,0,0,0,0,0,0
9902454,0,0,0,0,0,0,0
9811486,1,1,0,0,1,0,0
212323,0,0,0,0,0,0,0
9711269,1,1,0,0,0,1,2
9810227,1,1,0,0,0,1,3
202182,0,0,0,0,0,0,0
9706291,0,0,0,0,0,0,0
9706536,2,1,1,1,0,2,4
101333,4,1,3,4,0,4,31
107224,5,2,3,3,0,5,44
9702283,3,2,1,1,3,0,0
101119,3,2,1,1,0,3,30
9704373,0,0,0,0,0,0,0
1234,4,3,1,1,0,4,24
103291,1,1,0,0,0,1,8
12165,1,1,0,0,0,1,2
109063,0,0,0,0,0,0,0
9610248,0,0,0,0,0,0,0
210306,0,0,0,0,0,0,0
9603334,0,0,0,0,0,0,0
9612341,1,1,0,0,0,1,2
9807516,1,1,0,0,1,0,0
301156,0,0,0,0,0,0,0
9326,0,0,0,0,0,0,0
9905575,1,1,0,0,1,0,0
301237,0,0,0,0,0,0,0
9906328,2,2,0,0,0,2,4
212295,1,1,0,0,0,1,4
12276,1,1,0,0,0,1,5
9911360,0,0,0,0,0,0,0
302267,0,0,0,0,0,0,0
201033,1,1,0,0,0,1,6
206002,1,1,0,0,0,1,1
9607456,0,0,0,0,0,0,0
110378,2,1,1,1,0,2,5
206190,3,3,0,0,0,3,9
9502239,1,1,0,0,1,0,0
9710552,0,0,0,0,0,0,0
6180,1,1,0,0,1,0,0
208216,0,0,0,0,0,0,0
105083,0,0,0,0,0,0,0
9804356,3,3,0,0,2,1,1
9905284,0,0,0,0,0,0,0
1315,0,0,0,0,0,0,0
9806322,0,0,0,0,0,0,0
9709508,4,2,2,3,0,4,7
112306,1,1,0,0,1,0,0
106069,2,2,0,0,0,2,9
9607219,0,0,0,0,0,0,0
9501328,0,0,0,0,0,0,0
211246,0,0,0,0,0,0,0
9303222,1,1,0,0,1,0,0
9910317,3,1,2,2,3,0,0
9710315,1,1,0,0,0,1,4
210200,1,1,0,0,0,1,2
9609225,0,0,0,0,0,0,0
9808285,1,1,0,0,0,1,3
9708442,2,2,0,0,0,2,16
9702425,1,1,0,0,1,0,0
6012,3,1,2,2,1,2,9
9908518,0,0,0,0,0,0,0
110176,1,1,0,0,0,1,4
9608235,0,0,0,0,0,0,0
104140,0,0,0,0,0,0,0
105315,0,0,0,0,0,0,0
9411359,0,0,0,0,0,0,0
9611318,1,1,0,0,0,1,1
209260,1,1,0,0,0,1,4
9811400,2,1,1,1,0,2,7
109236,0,0,0,0,0,0,0
107292,0,0,0,0,0,0,0
9307215,1,1,0,0,1,0,0
207048,0,0,0,0,0,0,0
11028,0,0,0,0,0,0,0
9905269,2,2,0,0,0,2,16
212365,0,0,0,0,0,0,0
9807473,0,0,0,0,0,0,0
9609275,0,0,0,0,0,0,0
105346,0,0,0,0,0,0,0
9402257,1,1,0,0,1,0,0
9805400,0,0,0,0,0,0,0
112282,1,1,0,0,1,0,0
101185,1,1,0,0,0,1,2
9905209,1,1,0,0,1,0,0
9610465,0,0,0,0,0,0,0
9902249,0,0,0,0,0,0,0
9804204,1,1,0,0,1,0,0
9506272,1,1,0,0,1,0,0
107019,0,0,0,0,0,0,0
9805348,0,0,0,0,0,0,0
301110,0,0,0,0,0,0,0
210420,0,0,0,0,0,0,0
2140,1,1,0,0,0,1,2
9912411,0,0,0,0,0,0,0
111283,2,1,1,1,0,2,8
9309295,1,1,0,0,1,0,0
9802208,0,0,0,0,0,0,0
11110,0,0,0,0,0,0,0
9505332,0,0,0,0,0,0,0
9410221,2,2,0,0,2,0,0
9309278,0,0,0,0,0,0,0
207105,0,0,0,0,0,0,0
202234,0,0,0,0,0,0,0
9808476,0,0,0,0,0,0,0
209257,0,0,0,0,0,0,0
9709441,0,0,0,0,0,0,0
110293,4,2,2,5,0,4,17
1052,1,1,0,0,0,1,2
9905514,0,0,0,0,0,0,0
209228,0,0,0,0,0,0,0
101310,0,0,0,0,0,0,0
207331,0,0,0,0,0,0,0
9609305,1,1,0,0,0,1,4
9910326,2,1,1,1,2,0,0
302255,0,0,0,0,0,0,0
9511423,3,2,1,1,3,0,0
9810487,0,0,0,0,0,0,0
9608485,0,0,0,0,0,0,0
9228,0,0,0,0,0,0,0
9412378,1,1,0,0,1,0,0
208255,0,0,0,0,0,0,0
9701408,0,0,0,0,0,0,0
9305210,0,0,0,0,0,0,0
7271,1,1,0,0,1,0,0
9911412,0,0,0,0,0,0,0
2090,1,1,0,0,0,1,3
9511451,0,0,0,0,0,0,0
302103,0,0,0,0,0,0,0
107179,0,0,0,0,0,0,0
9706226,0,0,0,0,0,0,0
6316,0,0,0,0,0,0,0
11304,0,0,0,0,0,0,0
204030,0,0,0,0,0,0,0
212358,0,0,0,0,0,0,0
301170,0,0,0,0,0,0,0
7060,2,2,0,0,0,2,2
9602257,0,0,0,0,0,0,0
104017,0,0,0,0,0,0,0
204239,0,0,0,0,0,0,0
302046,0,0,0,0,0,0,0
9511230,0,0,0,0,0,0,0
210128,0,0,0,0,0,0,0
9904482,0,0,0,0,0,0,0
6294,0,0,0,0,0,0,0
9117,1,1,0,0,0,1,5
9705355,1,1,0,0,0,1,4
103143,0,0,0,0,0,0,0
9608334,0,0,0,0,0,0,0
5289,0,0,0,0,0,0,0
105303,1,1,0,0,0,1,3
9407305,0,0,0,0,0,0,0
107202,3,3,0,0,0,3,36
9186,1,1,0,0,0,1,5
9909545,0,0,0,0,0,0,0
9909227,0,0,0,0,0,0,0
111129,1,1,0,0,0,1,12
9808266,0,0,0,0,0,0,0
9401261,1,1,0,0,1,0,0
102058,0,0,0,0,0,0,0
3243,0,0,0,0,0,0,0
9306202,0,0,0,0,0,0,0
9804374,0,0,0,0,0,0,0
302022,0,0,0,0,0,0,0
9902457,0,0,0,0,0,0,0
207137,0,0,0,0,0,0,0
106281,1,1,0,0,1,0,0
9712375,2,1,1,1,2,0,0
9812466,0,0,0,0,0,0,0
10119,0,0,0,0,0,0,0
1275,0,0,0,0,0,0,0
9711490,0,0,0,0,0,0,0
9608390,0,0,0,0,0,0,0
9908313,1,1,0,0,0,1,3
9911472,0,0,0,0,0,0,0
9910455,1,1,0,0,0,1,2
9809305,0,0,0,0,0,0,0
9512245,0,0,0,0,0,0,0
9507464,0,0,0,0,0,0,0
9505389,0,0,0,0,0,0,0
1089,0,0,0,0,0,0,0
9809534,0,0,0,0,0,0,0
212190,0,0,0,0,0,0,0
9310360,0,0,0,0,0,0,0
210274,0,0,0,0,0,0,0
301195,0,0,0,0,0,0,0
201082,1,1,0,0,0,1,5
112099,0,0,0,0,0,0,0
6282,0,0,0,0,0,0,0
202060,0,0,0,0,0,0,0
9708333,0,0,0,0,0,0,0
9909535,0,0,0,0,0,0,0
207268,0,0,0,0,0,0,0
202108,0,0,0,0,0,0,0
9502228,0,0,0,0,0,0,0
9507458,0,0,0,0,0,0,0
212018,0,0,0,0,0,0,0
9512249,0,0,0,0,0,0,0
9604350,0,0,0,0,0,0,0
9808441,0,0,0,0,0,0,0
9508218,0,0,0,0,0,0,0
112240,0,0,0,0,0,0,0
3062,0,0,0,0,0,0,0
9411421,3,3,0,0,3,0,0
12198,0,0,0,0,0,0,0
201270,1,1,0,0,1,0,0
210294,0,0,0,0,0,0,0
9903316,0,0,0,0,0,0,0
112327,0,0,0,0,0,0,0
202165,0,0,0,0,0,0,0
105068,0,0,0,0,0,0,0
204302,0,0,0,0,0,0,0
9310,0,0,0,0,0,0,0
9605374,0,0,0,0,0,0,0
9505202,0,0,0,0,0,0,0
9701259,0,0,0,0,0,0,0
106117,0,0,0,0,0,0,0
301271,0,0,0,0,0,0,0
12201,0,0,0,0,0,0,0
212185,0,0,0,0,0,0,0
301043,0,0,0,0,0,0,0
9806500,0,0,0,0,0,0,0
301225,0,0,0,0,0,0,0
9809581,0,0,0,0,0,0,0
6126,0,0,0,0,0,0,0
9809271,0,0,0,0,0,0,0
9908348,1,1,0,0,0,1,7
101135,0,0,0,0,0,0,0
9804269,0,0,0,0,0,0,0
9602290,0,0,0,0,0,0,0
110294,0,0,0,0,0,0,0
112031,0,0,0,0,0,0,0
112128,0,0,0,0,0,0,0
210191,0,0,0,0,0,0,0
207262,0,0,0,0,0,0,0
110223,0,0,0,0,0,0,0
12327,0,0,0,0,0,0,0
111072,0,0,0,0,0,0,0
9712403,0,0,0,0,0,0,0
10216,0,0,0,0,0,0,0
203156,0,0,0,0,0,0,0
9911519,0,0,0,0,0,0,0
212214,0,0,0,0,0,0,0
9610282,9,2,7,17,0,9,16
5006,39,3,36,147,0,39,198
104018,3,2,1,1,0,3,10
9911427,45,5,40,172,4,41,131
9401254,97,13,84,506,28,69,88
9503492,73,13,60,239,5,68,389
9802289,41,12,29,60,12,29,100
9706260,70,4,66,467,3,67,399
9403341,49,8,41,143,49,0,0
9502335,44,6,38,216,14,30,63
9409460,11,5,6,8,4,7,17
9812472,151,17,134,783,16,135,787
9906395,15,8,7,13,0,15,58
9906208,2,1,1,1,0,2,4
9603442,8,6,2,4,4,4,4
9707229,10,2,8,21,0,10,19
9907375,1,1,0,0,0,1,6
7286,12,8,4,6,1,11,84
9505336,15,4,11,29,7,8,14
9810252,7,4,3,4,2,5,24
9906419,24,4,20,45,6,18,51
9210242,112,20,92,373,112,0,0
9512313,14,4,10,17,2,12,37
106116,27,7,20,43,1,26,364
9912236,76,4,72,396,12,64,507
9209285,18,10,8,17,7,11,13
9209257,26,4,22,47,26,0,0
9606230,56,10,46,203,8,48,145
9310378,28,15,13,22,25,3,5
9409330,8,2,6,15,1,7,7
9403364,82,10,72,341,82,0,0
9512300,15,3,12,28,7,8,11
9707203,15,2,13,44,0,15,43
9808451,36,8,28,93,0,36,324
9507393,36,14,22,56,17,19,58
9610481,65,12,53,340,8,57,253
9206209,7,6,1,1,7,0,0
9808265,67,4,63,401,3,64,477
9906368,12,5,7,15,0,12,104
9903424,31,5,26,79,0,31,106
9705270,16,3,13,23,4,12,36
9807306,4,3,1,1,2,2,3
9804367,16,3,13,28,0,16,33
9305257,15,5,10,19,15,0,0
9904328,15,1,14,41,1,14,36
9606295,27,5,22,58,4,23,26
9411219,27,4,23,76,21,6,12
9338,3,1,2,3,0,3,19
9711476,2,1,1,1,2,0,0
9611425,26,2,24,116,0,26,126
9704231,39,3,36,206,2,37,148
9606388,110,9,101,857,5,105,401
9607363,7,3,4,8,0,7,35
9811205,8,4,4,5,0,8,30
9402253,236,29,207,1229,119,117,259
9506328,42,3,39,126,4,38,108
9302318,97,19,78,548,97,0,0
9703288,108,6,102,998,10,98,437
9707458,15,8,7,13,0,15,171
105200,21,7,14,24,0,21,142
9611373,6,3,3,7,4,2,11
9911309,39,3,36,203,20,19,19
9704357,98,2,96,659,57,41,51
6172,13,2,11,29,0,13,58
7338,11,3,8,19,3,8,13
9604387,166,24,142,647,48,118,352
9701394,22,5,17,64,1,21,85
9708377,19,5,14,40,0,19,301
10074,2,2,0,0,2,0,0
9406262,55,9,46,172,36,19,24
11124,13,4,9,14,6,7,24
9511454,69,5,64,298,5,64,494
10073,3,3,0,0,1,2,8
10024,6,5,1,1,0,6,31
9805241,32,10,22,58,5,27,77
9710312,25,2,23,77,3,22,105
9807430,6,1,5,8,0,6,6
9901365,9,8,1,1,2,7,25
9511210,128,20,108,451,64,64,64
9709267,12,3,9,19,0,12,44
9708447,8,4,4,6,3,5,15
9609503,14,3,11,19,1,13,37
9805471,78,3,75,684,4,74,149
9302210,183,33,150,1161,83,100,222
9304321,16,3,13,32,16,0,0
6290,3,2,1,1,1,2,5
9311230,2,1,1,1,2,0,0
9609460,45,2,43,292,8,37,76
9708342,12,2,10,25,0,12,98
9311303,10,5,5,11,10,0,0
9707337,24,9,15,37,11,13,30
9706354,17,11,6,11,1,16,64
9711427,48,5,43,220,0,48,216
9407337,17,6,11,18,11,6,6
109180,0,0,0,0,0,0,0
9412209,43,10,33,191,31,12,14
9403244,30,11,19,45,30,0,0
9808430,2,2,0,0,0,2,11
9206262,51,13,38,159,51,0,0
9610414,34,6,28,115,21,13,20
9703291,23,5,18,46,0,23,79
9605206,11,4,7,14,2,9,11
9704245,24,2,22,68,1,23,187
9601321,13,6,7,16,1,12,25
9502346,16,3,13,22,8,8,24
9909350,2,1,1,1,2,0,0
9803439,3,3,0,0,2,1,4
12303,5,3,2,3,0,5,11
9409434,47,4,43,183,32,15,18
9906485,22,7,15,39,0,22,257
9906369,1,1,0,0,0,1,8
9403301,43,8,35,116,15,28,61
9404318,10,2,8,22,1,9,9
9903389,48,7,41,166,7,41,323
9501364,6,4,2,4,1,5,9
9503400,5,4,1,1,2,3,6
9507414,68,5,63,346,2,66,152
9507306,7,1,6,8,1,6,6
9704338,21,10,11,25,7,14,23
9710255,50,2,48,465,6,44,246
9903515,41,3,38,280,4,37,191
9912329,53,4,49,517,1,52,183
9312318,42,4,38,131,36,6,6
4207,23,1,22,81,0,23,305
9812287,144,7,137,1655,4,140,676
9909296,17,4,13,44,0,17,110
9405425,19,3,16,59,16,3,6
9908360,21,10,11,22,5,16,198
7102,5,2,3,4,0,5,6
12311,7,2,5,7,0,7,41
204109,3,2,1,1,0,3,11
9904485,20,6,14,44,0,20,112
9307216,15,9,6,11,3,12,36
9412332,17,8,9,25,9,8,19
9810500,36,3,33,138,2,34,297
9707497,18,5,13,20,1,17,102
9811323,108,7,101,832,4,104,505
9803290,44,4,40,198,1,43,230
9709492,73,4,69,486,9,64,147
9411206,15,6,9,13,15,0,0
4050,15,3,12,34,0,15,111
9403358,14,6,8,13,0,14,19
9606408,2,1,1,1,0,2,7
9609373,4,2,2,2,2,2,5
9609420,29,6,23,59,7,22,60
9511319,13,2,11,25,6,7,8
9905542,30,5,25,122,4,26,120
9607449,67,4,63,531,1,66,195
9602306,18,5,13,23,18,0,0
9903473,17,2,15,35,3,14,62
9809426,9,3,6,6,0,9,29
9303286,9,2,7,11,4,5,9
9805447,8,1,7,14,0,8,29
9609339,34,12,22,61,5,29,82
9507228,8,5,3,12,0,8,20
9501354,1,1,0,0,1,0,0
9805222,15,6,9,17,0,15,124
106025,18,4,14,30,1,17,68
9610525,13,4,9,13,2,11,18
9602201,11,5,6,8,0,11,52
9305214,1,1,0,0,1,0,0
9703259,50,9,41,139,6,44,211
5159,4,3,1,1,0,4,66
9904245,15,7,8,12,0,15,49
9804273,27,5,22,58,2,25,119
9301242,16,1,15,80,16,0,0
103280,77,12,65,306,0,77,1167
9912460,19,1,18,108,0,19,78
102199,32,3,29,264,0,32,229
9709322,69,7,62,265,2,67,151
11233,19,9,10,24,0,19,187
3138,6,2,4,8,2,4,13
6266,27,2,25,89,0,27,220
9309218,42,5,37,210,15,27,48
9601330,2,2,0,0,1,1,4
9307303,9,5,4,7,9,0,0
101273,13,3,10,26,1,12,28
9908525,8,2,6,10,1,7,48
9408244,7,3,4,9,0,7,7
9909203,64,3,61,397,1,63,599
9705257,10,4,6,8,1,9,24
9708392,8,7,1,2,0,8,19
9810241,22,4,18,56,1,21,35
2213,54,15,39,140,9,45,261
9306259,73,22,51,201,73,0,0
9608305,3,3,0,0,0,3,8
9301254,22,5,17,67,22,0,0
4130,11,2,9,27,0,11,68
9905474,92,13,79,362,0,92,799
9905417,22,2,20,41,1,21,46
4044,56,6,50,375,2,54,562
9905567,16,6,10,15,3,13,75
204316,24,12,12,20,0,24,320
207043,10,5,5,6,0,10,102
10002,13,2,11,24,0,13,105
9408222,95,5,90,933,95,0,0
210369,2,1,1,1,0,2,20
11097,16,3,13,53,0,16,152
9710431,62,6,56,310,54,8,9
9912498,42,4,38,191,0,42,273
9703233,9,3,6,8,1,8,47
9408255,15,4,11,24,15,0,0
12378,18,7,11,16,0,18,94
9909392,6,3,3,6,0,6,95
9912266,26,5,21,59,0,26,221
9608251,55,11,44,223,18,37,80
9906508,9,5,4,6,0,9,69
9512435,18,3,15,45,0,18,74
9809396,12,2,10,18,4,8,54
9602233,21,5,16,46,3,18,62
9804307,5,1,4,6,0,5,28
9612380,5,4,1,1,0,5,20
9402208,14,3,11,26,14,0,0
202170,25,4,21,69,1,24,127
8029,4,2,2,3,0,4,48
9602322,21,2,19,69,0,21,70
9911206,15,8,7,11,2,13,99
9311277,9,5,4,8,1,8,23
9502214,4,2,2,3,4,0,0
9706329,16,1,15,69,0,16,147
9601242,17,2,15,39,17,0,0
9512320,26,1,25,113,0,26,57
9509308,49,6,43,110,0,49,350
9606271,8,7,1,1,5,3,3
9610463,4,4,0,0,0,4,32
9712467,23,3,20,76,0,23,128
9204236,9,6,3,4,9,0,0
9703389,21,5,16,37,5,16,31
9602245,14,4,10,24,0,14,37
101311,7,3,4,6,6,1,1
9705345,22,5,17,57,5,17,82
9812372,3,3,0,0,3,0,0
9612425,5,2,3,4,0,5,17
9912326,12,4,8,31,12,0,0
9609498,13,2,11,29,11,2,2
9501369,134,32,102,369,80,54,98
9606389,5,2,3,4,0,5,19
104259,10,1,9,25,0,10,110
9406329,7,3,4,7,7,0,0
9605340,19,4,15,49,2,17,34
9710310,6,1,5,8,1,5,10
9406255,27,16,11,20,9,18,25
9807397,4,2,2,2,0,4,4
9502261,50,12,38,80,24,26,34
9807405,14,6,8,18,0,14,74
9511330,12,4,8,22,0,12,59
9808248,26,6,20,57,0,26,186
9802432,25,3,22,83,2,23,70
9910388,15,5,10,31,0,15,60
9509217,12,5,7,12,5,7,11
9601374,6,2,4,9,0,6,59
5044,17,3,14,23,2,15,57
9804234,17,3,14,34,4,13,14
9501231,51,10,41,212,21,30,49
9805232,28,6,22,107,17,11,11
9706341,3,1,2,3,2,1,13
9607291,17,4,13,32,3,14,88
9612454,32,3,29,71,8,24,76
9710541,12,8,4,6,2,10,45
9207228,21,4,17,42,21,0,0
9412384,21,6,15,33,3,18,21
9606202,6,4,2,3,0,6,9
9702423,17,1,16,73,0,17,165
9401352,35,4,31,128,13,22,34
9503350,10,7,3,4,1,9,23
9505221,2,2,0,0,0,2,9
102087,5,5,0,0,0,5,45
9707211,7,2,5,14,5,2,2
108043,23,9,14,63,1,22,188
3084,28,13,15,29,1,27,160
9711310,2,1,1,1,1,1,3
9903552,2,1,1,1,0,2,6
9604402,9,2,7,13,1,8,32
9802446,3,2,1,2,0,3,20
9905295,21,3,18,104,0,21,458
9510311,11,1,10,25,0,11,110
9402358,17,4,13,40,1,16,35
10115,8,3,5,5,1,7,11
9710236,10,2,8,22,1,9,15
5321,25,3,22,71,2,23,75
9412205,3,2,1,2,0,3,4
9803342,17,3,14,30,0,17,138
9805215,13,1,12,29,1,12,25
9906298,22,12,10,13,9,13,41
9603413,5,1,4,5,2,3,4
9701416,4,2,2,2,0,4,6
9208247,8,3,5,6,8,0,0
9901224,11,1,10,43,0,11,71
9803268,3,2,1,1,0,3,6
104176,4,3,1,1,0,4,21
9907470,3,3,0,0,0,3,11
9401228,30,8,22,87,0,30,120
9903357,6,4,2,6,4,2,2
9912447,19,8,11,20,0,19,123
9804243,6,6,0,0,0,6,8
2115,11,4,7,10,0,11,33
102308,13,3,10,25,0,13,71
9701422,20,6,14,43,4,16,26
9501274,4,2,2,2,4,0,0
9410222,4,3,1,2,2,2,11
9707367,7,3,4,4,0,7,15
9610232,5,2,3,5,0,5,9
9809525,13,3,10,28,0,13,59
7288,4,1,3,4,0,4,42
9810536,35,6,29,138,3,32,249
204066,0,0,0,0,0,0,0
9307263,4,2,2,3,4,0,0
107124,3,3,0,0,1,2,7
9601234,39,5,34,93,30,9,30
9604376,17,4,13,34,0,17,106
9810211,4,3,1,1,0,4,35
104037,4,1,3,5,0,4,9
9712530,1,1,0,0,0,1,1
9801410,8,5,3,5,0,8,48
9612321,14,3,11,22,1,13,102
10171,5,3,2,3,2,3,4
9605336,13,10,3,3,3,10,41
6152,3,2,1,1,0,3,4
9509369,14,2,12,20,14,0,0
9604436,19,3,16,46,19,0,0
9709240,6,1,5,8,0,6,25
9805461,16,1,15,54,0,16,98
8156,10,6,4,7,0,10,144
9902463,5,2,3,5,1,4,4
9801432,7,2,5,10,0,7,34
9412382,21,3,18,46,18,3,4
9606474,13,1,12,64,1,12,75
9912320,4,1,3,3,1,3,6
9705376,1,1,0,0,0,1,1
9411336,6,4,2,3,6,0,0
112241,1,1,0,0,0,1,7
109003,2,1,1,1,0,2,12
9610430,8,3,5,10,0,8,34
9412305,11,3,8,14,9,2,2
5267,4,1,3,3,1,3,14
9411394,4,3,1,1,4,0,0
104164,4,1,3,4,4,0,0
12289,24,5,19,59,4,20,81
7266,19,7,12,28,0,19,112
9280,3,2,1,1,1,2,10
209136,5,1,4,7,0,5,20
9707250,6,4,2,3,1,5,24
106097,9,2,7,13,3,6,19
9703273,1,1,0,0,0,1,4
103083,6,1,5,14,0,6,131
9407223,11,5,6,9,11,0,0
9505229,0,0,0,0,0,0,0
9212271,38,4,34,134,1,37,37
9608418,1,1,0,0,0,1,2
9507364,3,3,0,0,0,3,11
9701370,8,4,4,10,0,8,36
9912542,27,8,19,73,0,27,359
9710533,2,2,0,0,0,2,5
103278,2,1,1,1,0,2,5
9902328,4,3,1,1,0,4,35
9905424,5,3,2,2,0,5,14
9705389,12,5,7,21,4,8,14
9502233,1,1,0,0,1,0,0
9601278,10,4,6,10,4,6,32
9604442,17,4,13,22,4,13,23
107123,12,3,9,19,0,12,50
204049,5,3,2,4,0,5,24
105297,19,8,11,38,3,16,55
9807549,9,5,4,9,0,9,39
102091,1,1,0,0,0,1,10
9807569,5,1,4,4,1,4,7
111057,6,4,2,3,0,6,27
105178,1,1,0,0,0,1,1
9806340,15,9,6,8,1,14,30
3102,1,1,0,0,0,1,1
111319,3,1,2,2,0,3,28
9909281,2,1,1,1,0,2,32
1299,31,7,24,90,6,25,45
203244,11,6,5,9,0,11,100
9712445,22,4,18,39,1,21,77
9707369,3,2,1,2,1,2,4
9808219,2,2,0,0,0,2,11
10262,1,1,0,0,0,1,4
106240,16,3,13,30,0,16,243
9308258,1,1,0,0,0,1,1
9510318,9,3,6,13,2,7,11
9603396,21,2,19,84,5,16,16
103287,6,1,5,7,2,4,7
9307328,2,2,0,0,0,2,4
5109,6,4,2,2,0,6,124
9708212,7,2,5,7,0,7,29
9703318,8,2,6,11,0,8,25
207123,3,1,2,2,0,3,10
9206204,2,1,1,1,2,0,0
9707226,9,7,2,2,2,7,17
9503295,11,6,5,9,7,4,4
9710349,6,3,3,6,0,6,6
9710458,0,0,0,0,0,0,0
9507359,7,1,6,6,0,7,24
9811375,21,6,15,41,7,14,14
10201,29,2,27,174,0,29,265
4071,17,3,14,58,1,16,74
9811248,13,4,9,15,0,13,146
9806382,15,3,12,54,0,15,131
109035,8,2,6,13,4,4,12
9604394,2,1,1,1,2,0,0
9801304,14,4,10,13,0,14,52
9701285,10,4,6,16,3,7,12
9349,0,0,0,0,0,0,0
9510415,7,3,4,9,2,5,11
9804242,9,1,8,13,0,9,62
9610454,1,1,0,0,0,1,1
9501282,13,9,4,5,9,4,9
9902436,4,2,2,2,0,4,9
9805307,2,1,1,1,0,2,4
9602382,1,1,0,0,1,0,0
10065,3,3,0,0,1,2,3
3031,3,2,1,2,0,3,12
105192,4,2,2,3,0,4,22
9612451,30,12,18,72,5,25,47
6244,11,4,7,12,1,10,20
9604429,10,1,9,13,2,8,8
9502307,8,2,6,8,0,8,19
203029,5,1,4,5,0,5,8
9411201,10,6,4,5,4,6,7
9503330,13,2,11,22,5,8,8
9804263,5,2,3,4,0,5,18
9609243,2,2,0,0,1,1,1
9604253,6,3,3,3,1,5,9
9610410,4,4,0,0,3,1,2
9706338,4,3,1,1,2,2,2
9612453,26,5,21,48,0,26,150
9709292,26,3,23,114,3,23,78
9709389,4,1,3,4,0,4,4
9610326,16,4,12,16,0,16,26
9902440,15,8,7,12,0,15,85
9709213,10,8,2,3,1,9,28
9812383,4,1,3,5,0,4,27
9711473,6,3,3,4,2,4,15
9409316,6,2,4,5,1,5,19
7010,8,5,3,3,0,8,64
9805407,6,4,2,2,0,6,28
9801297,17,4,13,24,2,15,58
9610302,1,1,0,0,1,0,0
9612274,4,2,2,2,0,4,8
103234,11,6,5,7,0,11,41
9801331,2,2,0,0,0,2,11
9902464,4,3,1,1,1,3,12
6183,9,3,6,8,0,9,24
9308236,9,7,2,4,9,0,0
212343,1,1,0,0,0,1,1
9806380,4,4,0,0,0,4,14
9804392,1,1,0,0,0,1,1
9609274,2,2,0,0,0,2,7
9811268,5,1,4,5,0,5,11
9224,6,4,2,2,0,6,31
9601204,3,2,1,1,1,2,14
9601275,4,2,2,3,1,3,5
12052,10,3,7,16,0,10,23
105134,2,1,1,1,0,2,8
103272,4,2,2,3,1,3,3
211433,0,0,0,0,0,0,0
9709225,9,6,3,8,0,9,59
9411379,13,7,6,6,7,6,6
9710439,1,1,0,0,0,1,8
204265,12,6,6,16,8,4,15
9604341,6,2,4,8,6,0,0
8117,8,4,4,6,0,8,66
9908275,1,1,0,0,0,1,2
9809233,1,1,0,0,0,1,2
9601369,23,5,18,38,7,16,29
9411404,2,2,0,0,0,2,2
9807268,5,3,2,2,2,3,5
12034,0,0,0,0,0,0,0
12021,4,3,1,1,1,3,6
102120,1,1,0,0,0,1,7
9912229,0,0,0,0,0,0,0
10092,4,4,0,0,1,3,12
207087,1,1,0,0,0,1,23
12345,11,4,7,17,11,0,0
9801330,12,4,8,12,1,11,37
9612288,2,2,0,0,2,0,0
9808317,12,5,7,10,4,8,23
9704264,4,2,2,5,0,4,19
111131,6,4,2,5,0,6,45
9908230,12,9,3,3,2,10,46
301280,0,0,0,0,0,0,0
9802274,3,1,2,3,0,3,3
210265,0,0,0,0,0,0,0
9603421,1,1,0,0,0,1,2
111373,2,2,0,0,0,2,18
107054,1,1,0,0,0,1,2
9610371,3,1,2,3,0,3,4
9227,5,1,4,5,5,0,0
206104,3,3,0,0,1,2,3
9805252,1,1,0,0,0,1,3
9307362,6,5,1,1,6,0,0
12324,3,3,0,0,0,3,6
207356,18,3,15,68,0,18,71
206133,1,1,0,0,0,1,8
9803416,4,3,1,1,0,4,7
9809589,4,2,2,2,1,3,14
9803276,3,2,1,1,3,0,0
9609509,3,3,0,0,1,2,2
9702382,0,0,0,0,0,0,0
4206,10,3,7,9,1,9,66
107044,1,1,0,0,0,1,3
209078,0,0,0,0,0,0,0
108274,6,3,3,4,0,6,21
9803202,1,1,0,0,0,1,1
9404225,8,5,3,4,7,1,1
9506330,1,1,0,0,1,0,0
107118,8,2,6,10,0,8,52
9901220,6,4,2,3,0,6,70
9406334,11,5,6,9,7,4,4
9703274,2,2,0,0,0,2,2
12353,2,1,1,1,0,2,6
9709334,6,1,5,14,0,6,16
9502278,14,9,5,9,14,0,0
12259,17,2,15,40,3,14,204
107204,1,1,0,0,0,1,23
210014,2,1,1,1,0,2,3
9809390,3,3,0,0,0,3,9
9703432,12,4,8,15,1,11,42
106354,7,2,5,7,0,7,47
104054,1,1,0,0,0,1,5
202055,1,1,0,0,0,1,3
12030,18,3,15,45,1,17,119
9406432,12,2,10,40,12,0,0
9711484,3,2,1,1,0,3,14
4228,7,3,4,6,0,7,45
204342,22,4,18,58,0,22,75
203186,5,2,3,3,1,4,36
9507311,11,6,5,6,4,7,13
9909366,6,2,4,7,1,5,23
2144,2,1,1,1,0,2,8
9510319,11,6,5,6,11,0,0
9308358,3,1,2,2,0,3,3
9411306,3,2,1,1,2,1,1
9210278,3,2,1,1,0,3,5
9811219,4,2,2,2,1,3,8
9609379,10,6,4,5,1,9,18
9801454,1,1,0,0,0,1,5
106120,12,7,5,11,0,12,124
9903285,5,1,4,6,1,4,5
1256,4,2,2,2,1,3,23
9606318,5,1,4,7,0,5,6
9502409,3,2,1,1,3,0,0
9401224,1,1,0,0,1,0,0
9909371,2,2,0,0,1,1,5
9810547,1,1,0,0,0,1,6
9502293,23,7,16,31,14,9,23
9903495,8,2,6,12,4,4,4
9808201,5,2,3,3,0,5,20
202102,3,2,1,1,0,3,10
9906489,6,1,5,7,0,6,34
102172,7,2,5,8,1,6,16
9509245,2,2,0,0,1,1,1
201005,4,3,1,2,0,4,9
9612429,2,2,0,0,0,2,12
9610503,2,2,0,0,0,2,4
9304212,5,4,1,1,5,0,0
9511294,3,1,2,2,2,1,1
109111,0,0,0,0,0,0,0
10273,3,1,2,2,0,3,17
4170,0,0,0,0,0,0,0
9510434,1,1,0,0,0,1,2
9312254,2,1,1,1,1,1,1
9611276,1,1,0,0,0,1,2
9810548,3,3,0,0,0,3,3
212147,26,9,17,55,9,17,89
12102,9,4,5,8,0,9,10
9910459,1,1,0,0,0,1,2
108246,5,2,3,3,0,5,45
111291,3,3,0,0,0,3,28
9904363,7,2,5,11,0,7,40
5113,3,1,2,3,2,1,1
9605455,4,2,2,2,3,1,1
9712484,2,1,1,1,0,2,2
9810529,13,5,8,10,1,12,38
9909316,0,0,0,0,0,0,0
9802344,2,2,0,0,0,2,11
9309257,23,5,18,67,14,9,14
102016,3,2,1,1,0,3,10
9211261,7,3,4,9,7,0,0
9910321,2,1,1,1,0,2,2
202191,13,5,8,12,1,12,176
9711463,5,2,3,3,4,1,1
9906231,6,4,2,3,0,6,12
9911491,7,1,6,10,0,7,51
9207203,2,1,1,1,2,0,0
9506449,2,2,0,0,2,0,0
9606472,2,2,0,0,0,2,14
9702278,6,4,2,2,0,6,12
9405294,2,1,1,1,2,0,0
202194,10,1,9,25,10,0,0
103101,5,4,1,1,4,1,3
9906443,4,3,1,1,2,2,2
10261,11,6,5,6,0,11,101
9905223,1,1,0,0,1,0,0
9808329,6,3,3,6,0,6,10
12086,1,1,0,0,0,1,2
204354,1,1,0,0,0,1,3
9506358,7,4,3,4,0,7,13
9506479,1,1,0,0,1,0,0
9701329,3,2,1,2,3,0,0
301269,1,1,0,0,0,1,8
9406280,0,0,0,0,0,0,0
9607424,5,2,3,4,1,4,4
9908459,1,1,0,0,1,0,0
9602336,18,3,15,73,0,18,43
204303,1,1,0,0,0,1,9
9603398,4,2,2,2,4,0,0
109174,9,4,5,9,0,9,72
12331,1,1,0,0,0,1,8
9509244,5,3,2,2,3,2,2
11324,1,1,0,0,0,1,2
8312,4,2,2,2,4,0,0
9801329,14,3,11,31,2,12,48
6226,1,1,0,0,1,0,0
10105,1,1,0,0,0,1,1
9907426,7,1,6,13,5,2,2
10140,4,2,2,3,0,4,7
111113,2,1,1,1,0,2,10
212099,1,1,0,0,0,1,16
9509344,11,6,5,7,11,0,0
204142,8,2,6,12,0,8,38
110149,6,4,2,2,0,6,21
9405416,7,1,6,13,7,0,0
210322,1,1,0,0,0,1,2
9904435,1,1,0,0,0,1,2
9801295,9,4,5,7,1,8,24
9706259,1,1,0,0,0,1,2
103245,4,3,1,1,0,4,33
9207244,4,3,1,1,4,0,0
9807356,0,0,0,0,0,0,0
9806235,2,2,0,0,1,1,2
9312304,14,8,6,8,0,14,39
103346,1,1,0,0,0,1,2
112127,3,2,1,1,0,3,30
9903366,1,1,0,0,0,1,13
9501225,2,1,1,1,2,0,0
9908481,3,3,0,0,0,3,7
11274,4,1,3,4,0,4,16
9806460,2,2,0,0,0,2,7
12051,0,0,0,0,0,0,0
210425,0,0,0,0,0,0,0
9305221,4,4,0,0,4,0,0
9401290,1,1,0,0,1,0,0
9208212,1,1,0,0,1,0,0
105328,3,2,1,1,0,3,8
9710232,11,2,9,25,2,9,9
9176,2,1,1,1,0,2,11
9812234,2,2,0,0,0,2,11
2068,0,0,0,0,0,0,0
9904427,2,2,0,0,0,2,2
205170,4,3,1,1,1,3,8
210154,0,0,0,0,0,0,0
101286,6,3,3,6,6,0,0
205081,0,0,0,0,0,0,0
105116,1,1,0,0,0,1,12
9912499,3,3,0,0,0,3,19
9408303,5,4,1,1,1,4,5
3098,1,1,0,0,0,1,9
104179,4,2,2,4,0,4,13
210433,5,2,3,5,0,5,24
5167,5,2,3,3,1,4,80
9907271,4,2,2,3,0,4,17
9905307,1,1,0,0,0,1,1
9704381,3,3,0,0,2,1,1
9506439,3,2,1,1,2,1,2
9807566,1,1,0,0,1,0,0
9905298,1,1,0,0,1,0,0
204184,3,3,0,0,0,3,7
9605242,0,0,0,0,0,0,0
9803390,4,3,1,1,0,4,5
9509390,1,1,0,0,0,1,1
9409395,5,3,2,2,5,0,0
9812319,3,1,2,3,0,3,7
204085,3,3,0,0,0,3,18
8167,1,1,0,0,0,1,1
9805499,5,2,3,3,0,5,28
9812354,8,2,6,18,2,6,8
9705415,0,0,0,0,0,0,0
11003,4,2,2,2,0,4,39
9812470,0,0,0,0,0,0,0
9704315,1,1,0,0,1,0,0
9702309,5,2,3,4,1,4,5
204361,3,3,0,0,0,3,45
110113,9,2,7,21,0,9,43
211127,0,0,0,0,0,0,0
9265,9,5,4,7,0,9,25
9908225,5,1,4,9,3,2,2
9709374,4,3,1,1,4,0,0
9212316,2,2,0,0,2,0,0
208130,5,4,1,1,0,5,18
110017,3,1,2,2,0,3,26
10210,1,1,0,0,0,1,2
9608448,0,0,0,0,0,0,0
9709400,1,1,0,0,0,1,6
212292,0,0,0,0,0,0,0
112280,2,2,0,0,0,2,13
9810233,4,3,1,1,2,2,6
202153,2,2,0,0,0,2,6
9407230,1,1,0,0,1,0,0
9906528,4,2,2,2,0,4,8
109248,3,2,1,1,0,3,46
9906468,6,2,4,8,1,5,10
206035,1,1,0,0,0,1,6
9812356,0,0,0,0,0,0,0
12272,1,1,0,0,0,1,4
9604305,3,2,1,1,1,2,2
211211,0,0,0,0,0,0,0
9303305,6,5,1,1,6,0,0
9607441,1,1,0,0,0,1,3
9710394,4,3,1,1,4,0,0
9901380,3,3,0,0,3,0,0
9807367,4,3,1,2,1,3,3
9503462,6,2,4,9,6,0,0
110344,2,1,1,1,0,2,6
9607455,3,1,2,3,0,3,13
111366,0,0,0,0,0,0,0
9308206,1,1,0,0,0,1,1
206042,1,1,0,0,1,0,0
9506316,0,0,0,0,0,0,0
11330,0,0,0,0,0,0,0
9910345,1,1,0,0,0,1,4
9912204,3,2,1,1,0,3,7
2088,4,3,1,1,2,2,3
9407354,4,3,1,1,4,0,0
7291,6,2,4,7,0,6,59
9911319,0,0,0,0,0,0,0
9909527,0,0,0,0,0,0,0
11272,3,2,1,1,2,1,17
9704444,2,1,1,1,0,2,15
211434,1,1,0,0,0,1,33
6219,1,1,0,0,0,1,5
1077,1,1,0,0,0,1,2
9807477,1,1,0,0,0,1,1
202277,5,2,3,4,0,5,15
4198,3,2,1,1,3,0,0
9907440,0,0,0,0,0,0,0
210013,0,0,0,0,0,0,0
209103,4,4,0,0,1,3,12
9805460,4,1,3,3,0,4,15
211215,0,0,0,0,0,0,0
205007,3,3,0,0,0,3,32
9905357,1,1,0,0,1,0,0
9508383,4,1,3,3,3,1,1
11162,1,1,0,0,1,0,0
9504227,0,0,0,0,0,0,0
206070,2,2,0,0,0,2,17
206268,2,2,0,0,0,2,9
9901268,0,0,0,0,0,0,0
9209227,2,1,1,1,2,0,0
9412350,2,2,0,0,0,2,4
9810298,1,1,0,0,1,0,0
9909303,1,1,0,0,0,1,6
9809336,1,1,0,0,1,0,0
9901379,0,0,0,0,0,0,0
211150,0,0,0,0,0,0,0
206127,0,0,0,0,0,0,0
9712324,2,2,0,0,2,0,0
9611431,0,0,0,0,0,0,0
108207,2,1,1,1,0,2,3
205268,0,0,0,0,0,0,0
212136,0,0,0,0,0,0,0
9601222,2,2,0,0,0,2,4
9711329,3,1,2,2,0,3,8
212284,1,1,0,0,0,1,6
9609340,1,1,0,0,1,0,0
9309204,1,1,0,0,1,0,0
4147,2,2,0,0,2,0,0
11349,0,0,0,0,0,0,0
9610435,1,1,0,0,0,1,2
201188,2,1,1,1,0,2,12
9711355,4,3,1,2,1,3,6
111445,0,0,0,0,0,0,0
8111,1,1,0,0,0,1,3
9812408,0,0,0,0,0,0,0
9135,0,0,0,0,0,0,0
106005,1,1,0,0,0,1,1
9204235,2,1,1,1,2,0,0
210333,0,0,0,0,0,0,0
9502267,0,0,0,0,0,0,0
101248,1,1,0,0,0,1,9
7126,0,0,0,0,0,0,0
9903463,0,0,0,0,0,0,0
9507384,1,1,0,0,0,1,7
203203,1,1,0,0,1,0,0
9709206,0,0,0,0,0,0,0
302234,1,1,0,0,0,1,1
9811327,0,0,0,0,0,0,0
212379,0,0,0,0,0,0,0
209259,1,1,0,0,0,1,3
207299,1,1,0,0,0,1,9
208262,1,1,0,0,0,1,9
205221,0,0,0,0,0,0,0
9603268,1,1,0,0,0,1,4
9505263,1,1,0,0,0,1,2
104042,1,1,0,0,0,1,3
9304284,1,1,0,0,0,1,2
111328,2,2,0,0,0,2,23
9912222,1,1,0,0,0,1,1
109020,1,1,0,0,0,1,1
9812281,3,1,2,3,3,0,0
211284,1,1,0,0,0,1,5
9812400,1,1,0,0,1,0,0
111095,0,0,0,0,0,0,0
9803206,0,0,0,0,0,0,0
101247,2,2,0,0,2,0,0
9707526,0,0,0,0,0,0,0
212208,1,1,0,0,0,1,1
9810205,1,1,0,0,1,0,0
210095,1,1,0,0,0,1,1
9402263,2,2,0,0,2,0,0
210334,1,1,0,0,0,1,3
9709238,1,1,0,0,0,1,4
9506255,4,2,2,4,4,0,0
107008,0,0,0,0,0,0,0
9508251,1,1,0,0,1,0,0
9505206,0,0,0,0,0,0,0
203160,1,1,0,0,0,1,7
10346,0,0,0,0,0,0,0
9801423,0,0,0,0,0,0,0
212003,1,1,0,0,0,1,16
7205,3,3,0,0,1,2,3
1251,4,3,1,1,0,4,27
9609477,0,0,0,0,0,0,0
9710338,2,2,0,0,0,2,2
9704302,0,0,0,0,0,0,0
9504359,0,0,0,0,0,0,0
203170,0,0,0,0,0,0,0
9708418,1,1,0,0,0,1,4
9509385,0,0,0,0,0,0,0
9902478,0,0,0,0,0,0,0
203028,4,2,2,5,0,4,16
9607356,0,0,0,0,0,0,0
212009,0,0,0,0,0,0,0
209358,0,0,0,0,0,0,0
212390,0,0,0,0,0,0,0
211223,0,0,0,0,0,0,0
210447,1,1,0,0,0,1,10
106171,0,0,0,0,0,0,0
211466,0,0,0,0,0,0,0
9808490,0,0,0,0,0,0,0
9510251,2,1,1,1,0,2,2
9510250,1,1,0,0,0,1,2
208146,1,1,0,0,0,1,1
111391,2,2,0,0,1,1,7
9404297,0,0,0,0,0,0,0
9803224,0,0,0,0,0,0,0
9702232,0,0,0,0,0,0,0
111118,0,0,0,0,0,0,0
9511304,0,0,0,0,0,0,0
9306258,0,0,0,0,0,0,0
202027,2,1,1,1,0,2,9
202219,2,2,0,0,0,2,19
9911261,1,1,0,0,1,0,0
104281,1,1,0,0,0,1,3
9345,0,0,0,0,0,0,0
212382,0,0,0,0,0,0,0
12071,1,1,0,0,1,0,0
210327,0,0,0,0,0,0,0
9707530,0,0,0,0,0,0,0
9907306,0,0,0,0,0,0,0
9903392,0,0,0,0,0,0,0
107146,0,0,0,0,0,0,0
107251,1,1,0,0,0,1,10
9812362,0,0,0,0,0,0,0
211416,0,0,0,0,0,0,0
9407316,0,0,0,0,0,0,0
9402247,0,0,0,0,0,0,0
9810385,4,2,2,3,0,4,10
9910265,0,0,0,0,0,0,0
204124,3,3,0,0,0,3,10
9904364,0,0,0,0,0,0,0
102205,1,1,0,0,0,1,2
301268,0,0,0,0,0,0,0
9512210,0,0,0,0,0,0,0
110238,4,1,3,4,0,4,28
9709359,0,0,0,0,0,0,0
107130,0,0,0,0,0,0,0
207069,3,2,1,1,0,3,9
301124,0,0,0,0,0,0,0
9508216,0,0,0,0,0,0,0
210288,1,1,0,0,0,1,10
111451,0,0,0,0,0,0,0
8011,0,0,0,0,0,0,0
202168,1,1,0,0,0,1,7
9911303,0,0,0,0,0,0,0
8028,0,0,0,0,0,0,0
9015,0,0,0,0,0,0,0
212410,0,0,0,0,0,0,0
112254,0,0,0,0,0,0,0
202248,2,1,1,1,0,2,31
12273,0,0,0,0,0,0,0
209221,0,0,0,0,0,0,0
108194,1,1,0,0,0,1,3
212334,0,0,0,0,0,0,0
101015,2,2,0,0,0,2,3
9908279,0,0,0,0,0,0,0
9322,2,2,0,0,0,2,6
112253,0,0,0,0,0,0,0
206039,0,0,0,0,0,0,0
8082,1,1,0,0,1,0,0
9807252,3,2,1,2,3,0,0
112314,1,1,0,0,0,1,2
207273,3,3,0,0,0,3,76
9407278,1,1,0,0,1,0,0
9104,0,0,0,0,0,0,0
302199,0,0,0,0,0,0,0
9707440,1,1,0,0,0,1,3
9411275,1,1,0,0,1,0,0
101101,0,0,0,0,0,0,0
212282,0,0,0,0,0,0,0
9408362,0,0,0,0,0,0,0
9410229,1,1,0,0,1,0,0
206253,2,2,0,0,0,2,10
9609312,0,0,0,0,0,0,0
111220,4,3,1,1,1,3,22
112019,0,0,0,0,0,0,0
9610256,0,0,0,0,0,0,0
209024,1,1,0,0,0,1,8
204096,0,0,0,0,0,0,0
1082,0,0,0,0,0,0,0
9712247,0,0,0,0,0,0,0
9906430,0,0,0,0,0,0,0
101058,0,0,0,0,0,0,0
202091,0,0,0,0,0,0,0
203146,0,0,0,0,0,0,0
205249,0,0,0,0,0,0,0
9503345,0,0,0,0,0,0,0
9711467,0,0,0,0,0,0,0
9906295,0,0,0,0,0,0,0
9611291,0,0,0,0,0,0,0
9706290,0,0,0,0,0,0,0
3158,1,1,0,0,0,1,1
11093,1,1,0,0,0,1,9
108045,2,1,1,1,2,0,0
9411414,1,1,0,0,1,0,0
101296,0,0,0,0,0,0,0
9405353,0,0,0,0,0,0,0
109057,1,1,0,0,0,1,2
4079,1,1,0,0,1,0,0
9908430,0,0,0,0,0,0,0
112149,0,0,0,0,0,0,0
209044,1,1,0,0,0,1,2
9609440,0,0,0,0,0,0,0
9401201,0,0,0,0,0,0,0
9509307,1,1,0,0,1,0,0
101187,0,0,0,0,0,0,0
111251,1,1,0,0,1,0,0
9912432,0,0,0,0,0,0,0
11007,0,0,0,0,0,0,0
9504317,0,0,0,0,0,0,0
9805491,0,0,0,0,0,0,0
210439,0,0,0,0,0,0,0
5252,0,0,0,0,0,0,0
106261,0,0,0,0,0,0,0
9709248,0,0,0,0,0,0,0
204094,2,2,0,0,1,1,1
9812439,0,0,0,0,0,0,0
110336,0,0,0,0,0,0,0
9804218,2,2,0,0,2,0,0
209315,0,0,0,0,0,0,0
9407360,0,0,0,0,0,0,0
9912347,0,0,0,0,0,0,0
7057,0,0,0,0,0,0,0
11338,0,0,0,0,0,0,0
9805483,1,1,0,0,0,1,1
9408355,1,1,0,0,1,0,0
9710479,0,0,0,0,0,0,0
107096,0,0,0,0,0,0,0
9305301,1,1,0,0,0,1,2
9706381,0,0,0,0,0,0,0
9704341,0,0,0,0,0,0,0
206032,0,0,0,0,0,0,0
9909457,0,0,0,0,0,0,0
206147,0,0,0,0,0,0,0
301138,0,0,0,0,0,0,0
7164,0,0,0,0,0,0,0
6131,0,0,0,0,0,0,0
108183,0,0,0,0,0,0,0
6323,0,0,0,0,0,0,0
9509417,1,1,0,0,1,0,0
110230,0,0,0,0,0,0,0
9506300,0,0,0,0,0,0,0
9810254,0,0,0,0,0,0,0
109129,0,0,0,0,0,0,0
9501352,0,0,0,0,0,0,0
106046,0,0,0,0,0,0,0
209308,0,0,0,0,0,0,0
207068,0,0,0,0,0,0,0
9610550,0,0,0,0,0,0,0
9605396,0,0,0,0,0,0,0
9507247,0,0,0,0,0,0,0
9812264,0,0,0,0,0,0,0
111293,0,0,0,0,0,0,0
110010,0,0,0,0,0,0,0
211009,0,0,0,0,0,0,0
9354,0,0,0,0,0,0,0
9912477,0,0,0,0,0,0,0
9611392,0,0,0,0,0,0,0
9606367,0,0,0,0,0,0,0
12048,0,0,0,0,0,0,0
10183,0,0,0,0,0,0,0
9304278,1,1,0,0,1,0,0
209310,0,0,0,0,0,0,0
9609294,0,0,0,0,0,0,0
9805276,0,0,0,0,0,0,0
9905526,0,0,0,0,0,0,0
4224,0,0,0,0,0,0,0
9604318,0,0,0,0,0,0,0
9046,0,0,0,0,0,0,0
9912314,1,1,0,0,1,0,0
209172,0,0,0,0,0,0,0
9506297,0,0,0,0,0,0,0
109216,0,0,0,0,0,0,0
110009,1,1,0,0,0,1,4
9710419,1,1,0,0,0,1,1
212380,0,0,0,0,0,0,0
7147,0,0,0,0,0,0,0
9607444,0,0,0,0,0,0,0
9801452,0,0,0,0,0,0,0
9907416,0,0,0,0,0,0,0
9901325,0,0,0,0,0,0,0
206107,0,0,0,0,0,0,0
10318,0,0,0,0,0,0,0
106078,0,0,0,0,0,0,0
2080,0,0,0,0,0,0,0
5145,0,0,0,0,0,0,0
9610459,0,0,0,0,0,0,0
9801393,0,0,0,0,0,0,0
9809578,0,0,0,0,0,0,0
9803499,0,0,0,0,0,0,0
210079,0,0,0,0,0,0,0
9907364,0,0,0,0,0,0,0
9909488,0,0,0,0,0,0,0
9803392,0,0,0,0,0,0,0
9501239,0,0,0,0,0,0,0
9707255,0,0,0,0,0,0,0
9502265,0,0,0,0,0,0,0
9812452,0,0,0,0,0,0,0
301249,0,0,0,0,0,0,0
110302,0,0,0,0,0,0,0
9509219,0,0,0,0,0,0,0
9911469,0,0,0,0,0,0,0
9502355,0,0,0,0,0,0,0
12059,0,0,0,0,0,0,0
9609446,0,0,0,0,0,0,0
9305285,0,0,0,0,0,0,0
106003,0,0,0,0,0,0,0
9309233,0,0,0,0,0,0,0
11061,0,0,0,0,0,0,0
211423,0,0,0,0,0,0,0
112133,3,3,0,0,0,3,11
6001,65,6,59,292,2,63,375
9309283,82,6,76,606,82,0,0
9911528,18,3,15,41,2,16,58
9402347,46,6,40,151,10,36,133
9505397,55,7,48,237,1,54,443
9803368,71,9,62,270,10,61,389
9708222,62,7,55,253,1,61,235
9407406,17,5,12,23,17,0,0
9307274,16,6,10,19,16,0,0
9410307,17,1,16,48,17,0,0
9704288,8,5,3,5,2,6,14
9911385,36,6,30,101,1,35,180
9906252,2,2,0,0,0,2,9
9605345,30,8,22,95,3,27,57
9708357,20,7,13,35,4,16,28
9907462,10,2,8,18,0,10,114
11112,8,2,6,9,0,8,44
9506305,34,4,30,153,1,33,62
9810367,31,5,26,88,3,28,111
9406205,34,14,20,34,11,23,41
9402278,53,12,41,130,18,35,77
9603227,39,9,30,51,1,38,102
107081,31,7,24,89,8,23,48
208036,2,1,1,1,0,2,2
9302221,16,5,11,26,16,0,0
9210265,6,3,3,4,6,0,0
9609432,1,1,0,0,0,1,4
9312223,13,3,10,28,4,9,14
9502417,61,8,53,187,22,39,67
9408302,3,3,0,0,1,2,2
9710476,3,2,1,1,3,0,0
9708403,27,6,21,75,13,14,23
9808470,41,13,28,95,17,24,24
9712392,72,5,67,442,59,13,13
9611423,55,11,44,173,28,27,40
9207213,57,26,31,104,57,0,0
9808269,34,4,30,118,3,31,104
9906375,67,10,57,270,11,56,104
9903481,27,3,24,112,10,17,54
9712239,7,2,5,7,0,7,46
9807327,81,3,78,644,6,75,297
9804421,48,7,41,195,2,46,416
9310307,10,3,7,12,9,1,1
9905320,21,6,15,56,0,21,323
9606353,10,3,7,12,7,3,3
9506228,20,10,10,16,4,16,50
9210256,19,2,17,43,19,0,0
9807341,1,1,0,0,0,1,1
9707235,57,5,52,267,2,55,258
9710460,69,7,62,297,2,67,320
9707457,11,7,4,6,0,11,20
9609342,21,4,17,43,2,19,79
9902312,22,9,13,31,1,21,108
9402266,36,23,13,31,7,29,120
9506354,37,4,33,137,37,0,0
9303280,39,12,27,91,39,0,0
9703444,23,1,22,65,7,16,48
9707477,24,2,22,93,1,23,187
105213,9,4,5,5,0,9,24
9903447,20,6,14,51,0,20,206
9911392,21,1,20,67,0,21,243
9705304,97,6,91,514,6,91,197
7208,38,8,30,107,0,38,730
10111,2,1,1,1,0,2,23
9604452,92,6,86,683,2,90,308
9702291,26,5,21,69,4,22,253
9709306,15,5,10,22,0,15,143
101023,13,4,9,13,2,11,32
9610283,40,4,36,139,1,39,80
11266,20,4,16,47,0,20,78
9603314,103,6,97,518,13,90,699
10181,8,4,4,8,1,7,162
10175,24,10,14,22,1,23,129
9806270,5,4,1,2,0,5,34
9710336,45,5,40,192,1,44,381
9908353,6,2,4,4,0,6,11
9811234,11,8,3,5,8,3,5
9512206,23,7,16,65,23,0,0
6107,0,0,0,0,0,0,0
9902355,13,4,9,21,0,13,92
9706247,21,8,13,34,0,21,97
9807348,49,2,47,256,1,48,181
9303317,75,7,68,804,12,63,124
9306296,24,13,11,39,9,15,18
9409327,20,5,15,43,20,0,0
9311267,3,1,2,2,3,0,0
9609474,50,1,49,322,10,40,132
9708344,12,4,8,20,0,12,105
9506425,50,8,42,197,49,1,1
9709387,17,2,15,41,16,1,1
9707264,37,3,34,156,8,29,63
9801322,31,2,29,118,10,21,94
9407359,27,12,15,37,7,20,20
4270,9,3,6,13,1,8,19
9603271,21,8,13,33,3,18,32
9404313,64,7,57,252,54,10,11
9504219,129,7,122,931,35,94,214
9302284,20,3,17,35,20,0,0
9702339,23,6,17,70,2,21,52
9703437,47,1,46,166,6,41,225
9610425,20,3,17,63,0,20,135
9708372,16,2,14,38,0,16,82
9603287,8,3,5,8,0,8,10
9506476,12,3,9,18,3,9,22
9501388,11,4,7,14,2,9,47
9403231,7,3,4,6,7,0,0
6329,12,3,9,20,3,9,59
9410218,16,2,14,39,14,2,2
9171,8,4,4,5,5,3,3
9906373,4,1,3,4,1,3,22
9406276,6,5,1,1,2,4,4
9405240,27,7,20,57,11,16,16
9904270,13,4,9,20,0,13,69
9503328,10,4,6,10,2,8,20
9809379,10,3,7,21,2,8,17
9606431,6,2,4,6,0,6,41
9510204,58,12,46,139,11,47,119
1103,20,2,18,60,0,20,109
9711223,43,6,37,134,1,42,203
9903516,46,4,42,307,2,44,390
9912355,30,5,25,81,3,27,104
9503213,14,7,7,18,7,7,11
5094,18,1,17,57,2,16,88
9812445,67,3,64,479,1,66,213
9909419,25,2,23,130,2,23,463
9406220,26,3,23,99,7,19,42
2148,4,1,3,3,0,4,13
12294,4,3,1,1,1,3,3
8217,8,3,5,5,3,5,6
206023,8,2,6,15,0,8,47
9904495,22,4,18,61,1,21,116
9311232,37,5,32,125,6,31,70
9507282,155,16,139,802,98,57,117
9811386,11,6,5,13,0,11,75
9711470,7,1,6,12,0,7,40
9811428,135,2,133,1014,8,127,863
9503358,31,8,23,44,0,31,127
9711514,61,1,60,384,1,60,185
9503331,4,1,3,4,0,4,5
102187,15,3,12,36,0,15,82
9404335,8,1,7,12,2,6,9
9607220,14,1,13,23,0,14,63
9610490,50,16,34,97,26,24,53
2035,17,11,6,18,0,17,93
9511385,36,3,33,127,2,34,61
9906206,73,8,65,442,5,68,431
9612437,53,3,50,408,6,47,185
9612357,22,6,16,51,12,10,13
9904225,17,7,10,13,2,15,54
9809547,21,4,17,43,0,21,131
9303299,15,6,9,25,6,9,9
9805494,29,10,19,43,8,21,51
9610250,6,4,2,2,2,4,17
9510325,24,3,21,116,3,21,21
9502250,11,6,5,6,0,11,88
9805452,9,5,4,5,2,7,18
107154,14,3,11,27,0,14,85
9306292,24,5,19,43,18,6,6
9610367,8,5,3,5,2,6,17
103065,50,8,42,213,7,43,288
9703434,25,3,22,86,3,22,47
2117,2,2,0,0,2,0,0
9908429,32,8,24,109,0,32,256
9501417,22,2,20,80,14,8,8
9303207,20,4,16,93,1,19,65
104028,12,2,10,18,6,6,11
9209292,20,3,17,44,20,0,0
102211,11,3,8,42,0,11,21
9906471,7,5,2,2,6,1,2
103079,3,2,1,1,1,2,4
9210272,33,2,31,104,33,0,0
9406390,69,9,60,338,20,49,100
9402215,11,2,9,17,7,4,4
9405252,8,3,5,9,3,5,7
108191,32,7,25,57,1,31,161
103318,17,2,15,45,5,12,46
9909395,3,2,1,1,0,3,19
9407229,12,4,8,13,4,8,15
9909456,54,8,46,154,8,46,148
9707363,9,1,8,11,3,6,8
9801268,42,2,40,256,4,38,181
9712283,14,9,5,11,14,0,0
3022,33,7,26,88,0,33,345
9411338,40,2,38,139,16,24,25
9508359,36,6,30,103,32,4,4
9304311,16,3,13,52,16,0,0
6122,6,2,4,5,1,5,49
9904262,45,5,40,216,0,45,797
9906542,20,7,13,33,1,19,89
6233,23,10,13,32,1,22,227
9908413,18,2,16,38,2,16,89
205184,2,2,0,0,0,2,25
7172,18,3,15,64,4,14,63
10017,27,14,13,35,9,18,41
9411229,101,4,97,617,80,21,21
9807241,10,5,5,11,1,9,15
11374,3,2,1,1,0,3,7
9319,4,1,3,4,0,4,33
9912552,17,6,11,22,0,17,121
9707452,3,2,1,1,0,3,13
9505210,11,2,9,13,3,8,21
101131,18,4,14,21,0,18,58
9909454,3,2,1,1,0,3,18
9912464,14,9,5,10,0,14,60
9903544,29,2,27,130,0,29,116
202185,4,3,1,1,2,2,2
9408322,47,4,43,179,0,47,127
9811215,3,3,0,0,0,3,13
9603201,14,4,10,29,1,13,17
9810382,9,2,7,9,3,6,8
9706438,47,3,44,153,2,45,244
201207,0,0,0,0,0,0,0
203004,1,1,0,0,0,1,2
8046,26,4,22,101,0,26,114
9604228,11,1,10,26,0,11,22
9911348,11,2,9,21,1,10,77
8147,8,5,3,3,0,8,39
9505259,30,8,22,56,14,16,25
9808332,14,2,12,41,0,14,182
9804217,22,2,20,64,2,20,122
9601276,106,4,102,618,1,105,349
9509355,37,6,31,78,0,37,175
9606382,4,2,2,2,2,2,3
9612292,5,4,1,1,2,3,19
9809230,14,4,10,35,0,14,57
9302238,20,13,7,14,20,0,0
9704351,17,6,11,25,1,16,79
9808425,14,1,13,48,1,13,75
202007,4,2,2,2,0,4,10
9706253,23,5,18,45,6,17,84
9902382,4,4,0,0,1,3,13
9311349,6,2,4,10,6,0,0
7178,6,5,1,1,0,6,46
9702367,85,20,65,218,40,45,96
9503221,10,6,4,8,10,0,0
9607252,6,3,3,6,1,5,28
108084,14,4,10,20,0,14,173
9707525,1,1,0,0,0,1,2
9501292,21,8,13,35,21,0,0
9710340,4,2,2,2,1,3,3
9301216,3,2,1,1,3,0,0
9810466,41,7,34,138,0,41,290
9604423,30,7,23,91,0,30,91
9808262,14,4,10,22,2,12,56
9601280,34,12,22,48,7,27,93
9905512,36,12,24,50,15,21,62
9804353,15,3,12,27,3,12,47
9806433,2,2,0,0,0,2,6
9307262,20,4,16,41,20,0,0
9306268,13,7,6,9,13,0,0
5129,28,5,23,67,0,28,184
9808479,16,5,11,19,0,16,78
9501307,63,23,40,237,11,52,70
9901214,4,3,1,1,1,3,9
9802366,7,2,5,9,2,5,5
9608310,13,3,10,19,6,7,49
9612469,1,1,0,0,0,1,2
9710546,9,6,3,3,9,0,0
9510410,28,8,20,55,24,4,4
9501345,7,7,0,0,6,1,1
9712311,1,1,0,0,1,0,0
9703212,61,9,52,358,0,61,731
9402204,21,3,18,58,21,0,0
9504389,3,3,0,0,2,1,2
9510230,3,3,0,0,0,3,18
9607289,9,3,6,10,0,9,31
9301265,13,7,6,9,13,0,0
108073,34,13,21,55,2,32,242
104088,16,8,8,15,3,13,38
9807511,4,3,1,1,3,1,1
3139,9,5,4,4,1,8,41
9604430,12,3,9,35,12,0,0
7134,7,3,4,12,2,5,7
9901362,21,10,11,16,1,20,195
9510393,16,5,11,42,0,16,81
9408316,7,2,5,10,0,7,25
203266,6,2,4,10,0,6,32
9711240,11,4,7,15,5,6,11
6014,18,5,13,17,0,18,197
9601386,1,1,0,0,0,1,2
9803382,14,5,9,23,0,14,238
9402212,2,2,0,0,1,1,1
111209,8,2,6,14,0,8,76
9605277,5,2,3,4,0,5,9
9709498,3,3,0,0,0,3,4
9209210,8,7,1,1,8,0,0
9502251,22,3,19,102,4,18,28
9711430,4,4,0,0,0,4,4
9606346,28,7,21,68,8,20,36
209229,0,0,0,0,0,0,0
9711281,10,3,7,9,5,5,7
9904385,3,3,0,0,2,1,6
103068,17,3,14,52,0,17,42
9810266,23,5,18,64,0,23,185
106245,41,9,32,121,0,41,274
104145,21,8,13,41,0,21,83
9704212,17,6,11,24,4,13,21
9507436,15,4,11,25,15,0,0
9503419,4,4,0,0,2,2,2
9706326,7,2,5,8,3,4,10
9706454,12,4,8,15,1,11,115
2089,10,3,7,12,0,10,119
9310291,12,6,6,14,12,0,0
9903250,1,1,0,0,1,0,0
105111,5,3,2,3,2,3,7
9306224,10,3,7,11,10,0,0
108227,7,1,6,7,0,7,78
9809337,32,10,22,58,6,26,121
9607233,8,4,4,6,0,8,31
9812276,14,4,10,28,0,14,76
109230,13,6,7,11,2,11,71
9804305,2,2,0,0,0,2,11
9803427,2,2,0,0,1,1,2
9607273,3,1,2,3,0,3,19
10238,2,1,1,1,0,2,5
9605337,10,3,7,16,10,0,0
6259,5,3,2,3,1,4,12
9602225,13,4,9,23,13,0,0
9701247,14,6,8,16,5,9,13
9711224,7,3,4,8,0,7,27
9702209,22,5,17,39,1,21,82
10130,9,5,4,4,1,8,11
9907539,7,5,2,2,0,7,60
9812357,20,10,10,20,3,17,125
9607261,0,0,0,0,0,0,0
9708353,5,1,4,10,0,5,38
9707459,6,4,2,2,0,6,15
9510305,3,2,1,1,0,3,7
9507444,13,2,11,27,0,13,21
11234,27,9,18,63,2,25,191
110071,6,5,1,1,0,6,21
9808322,8,2,6,8,3,5,12
9703208,18,1,17,73,1,17,33
9903273,9,3,6,10,1,8,71
9707510,27,11,16,48,0,27,167
9605429,2,1,1,1,2,0,0
104293,10,4,6,9,0,10,65
10299,8,5,3,4,1,7,25
10245,13,6,7,11,0,13,54
209258,3,0,3,3,0,3,8
9502349,21,3,18,79,21,0,0
9802260,0,0,0,0,0,0,0
9708498,4,3,1,2,2,2,4
103105,12,3,9,32,2,10,120
9407308,5,5,0,0,5,0,0
9309258,1,1,0,0,1,0,0
9301232,24,4,20,62,0,24,24
9611224,6,3,3,6,0,6,18
9303233,36,6,30,184,36,0,0
9704329,5,2,3,6,0,5,15
9901368,6,2,4,7,0,6,35
9501275,6,2,4,7,6,0,0
105281,5,4,1,1,0,5,35
9903276,10,2,8,13,0,10,65
101232,11,6,5,10,3,8,9
9709458,2,1,1,1,0,2,4
11299,7,4,3,3,0,7,29
9707269,7,3,4,8,0,7,55
9607408,17,6,11,25,2,15,15
202210,18,5,13,39,0,18,73
205241,80,10,70,279,3,77,371
107161,5,1,4,7,0,5,35
9812499,21,5,16,43,2,19,60
9803294,1,1,0,0,0,1,3
9812216,4,3,1,1,1,3,4
207186,7,5,2,4,0,7,75
106089,13,8,5,6,0,13,146
9909362,10,8,2,3,0,10,52
3224,10,5,5,5,0,10,56
112123,5,5,0,0,0,5,34
8177,1,1,0,0,0,1,3
9709344,36,11,25,64,24,12,13
205024,7,3,4,6,0,7,152
9802205,1,1,0,0,0,1,1
9605234,19,4,15,58,7,12,15
9410391,2,2,0,0,0,2,4
9902372,21,6,15,48,1,20,40
107114,11,2,9,21,0,11,127
9301272,2,2,0,0,2,0,0
9612417,3,2,1,1,0,3,7
9805477,8,3,5,15,2,6,6
103289,6,4,2,2,2,4,7
9402240,2,1,1,1,2,0,0
8022,15,5,10,22,0,15,69
9701334,3,1,2,3,3,0,0
9708405,8,6,2,3,0,8,41
104024,10,4,6,16,7,3,5
9311336,21,5,16,37,21,0,0
9708459,7,4,3,5,1,6,21
9604432,3,1,2,2,0,3,4
9803254,10,4,6,10,1,9,49
9602422,10,3,7,11,0,10,31
9607359,4,4,0,0,2,2,3
9811509,12,2,10,22,11,1,1
10205,19,1,18,111,0,19,132
5301,6,4,2,5,0,6,29
9310329,16,5,11,27,9,7,7
9811203,5,4,1,1,0,5,16
9703315,17,2,15,44,17,0,0
7252,10,4,6,15,0,10,56
9804431,5,3,2,2,1,4,10
9710432,6,1,5,11,2,4,14
9605228,1,1,0,0,0,1,1
9604267,8,3,5,8,0,8,11
9804437,5,4,1,1,2,3,9
9711277,17,5,12,23,4,13,34
9504377,7,6,1,1,7,0,0
9908449,1,1,0,0,0,1,4
9908268,10,2,8,21,1,9,17
9703281,3,3,0,0,0,3,22
101163,3,2,1,1,3,0,0
12283,8,3,5,9,0,8,60
203047,3,2,1,1,0,3,12
9701205,8,2,6,21,0,8,43
9910552,2,1,1,1,1,1,2
9606351,8,5,3,4,0,8,14
9505358,16,3,13,44,2,14,27
207158,6,2,4,8,6,0,0
9905505,11,6,5,8,3,8,16
9406273,3,2,1,1,3,0,0
9903410,4,2,2,2,0,4,20
9611208,7,6,1,1,2,5,10
9606329,9,3,6,8,3,6,6
9702386,3,2,1,1,1,2,3
9907473,2,1,1,1,0,2,26
9802303,1,1,0,0,0,1,10
9812283,9,2,7,21,0,9,46
9812270,0,0,0,0,0,0,0
1123,4,3,1,1,1,3,3
9907467,3,3,0,0,1,2,8
9711382,3,2,1,1,1,2,3
9910485,3,1,2,3,0,3,15
9205201,5,5,0,0,5,0,0
101170,9,5,4,7,1,8,65
8196,4,3,1,1,0,4,24
4064,2,2,0,0,0,2,2
9607436,11,1,10,24,9,2,2
9910310,12,3,9,15,0,12,96
203271,2,2,0,0,0,2,12
6129,14,1,13,34,3,11,17
9512201,0,0,0,0,0,0,0
9406242,7,5,2,2,7,0,0
105180,9,4,5,8,0,9,80
9504421,1,1,0,0,0,1,1
201192,3,2,1,1,3,0,0
103061,0,0,0,0,0,0,0
9504321,2,2,0,0,0,2,8
205008,0,0,0,0,0,0,0
9053,14,2,12,38,3,11,20
7292,16,7,9,28,0,16,129
9709327,11,7,4,6,0,11,33
9405357,1,1,0,0,0,1,3
102264,19,8,11,22,2,17,56
109080,2,1,1,1,1,1,10
104100,4,3,1,1,1,3,13
9206,13,5,8,16,3,10,53
9611241,1,1,0,0,0,1,3
9807527,8,6,2,3,0,8,39
9711356,3,3,0,0,1,2,12
1296,6,3,3,5,0,6,26
9604400,3,3,0,0,0,3,4
9711489,5,4,1,1,0,5,15
9908355,16,3,13,52,0,16,68
9612407,0,0,0,0,0,0,0
9706417,16,6,10,26,2,14,84
5234,11,2,9,20,0,11,137
9811349,12,3,9,21,0,12,88
9300,1,1,0,0,0,1,7
9806265,3,2,1,2,0,3,6
103025,3,2,1,1,0,3,17
9704250,18,6,12,31,1,17,72
6300,4,4,0,0,0,4,16
103081,4,2,2,3,0,4,27
4096,1,1,0,0,0,1,3
9506322,6,4,2,2,1,5,6
9810247,0,0,0,0,0,0,0
9901221,23,2,21,91,5,18,24
9810239,2,1,1,1,0,2,22
203169,4,2,2,2,1,3,18
9303306,20,6,14,38,20,0,0
8043,16,2,14,40,0,16,60
9803377,5,4,1,1,1,4,9
2047,4,1,3,6,0,4,5
9404255,5,4,1,2,2,3,11
204070,3,2,1,1,0,3,6
110175,2,2,0,0,0,2,2
9806379,3,2,1,1,2,1,1
102164,4,2,2,3,1,3,3
9804432,8,2,6,8,2,6,6
9509359,3,3,0,0,1,2,6
9402325,9,1,8,21,2,7,7
201125,1,1,0,0,0,1,8
208016,15,2,13,51,0,15,45
9309220,4,1,3,4,4,0,0
9406324,7,4,3,5,0,7,11
9311365,3,3,0,0,3,0,0
9912434,13,5,8,14,2,11,15
111226,0,0,0,0,0,0,0
9702412,13,3,10,20,0,13,47
11281,5,3,2,2,0,5,19
9903441,6,3,3,3,1,5,23
2192,5,1,4,9,5,0,0
109062,6,3,3,4,0,6,48
9907388,1,1,0,0,0,1,5
9502205,3,1,2,2,3,0,0
9811493,2,2,0,0,2,0,0
107200,13,2,11,21,0,13,24
9505260,5,1,4,7,2,3,3
9503422,2,1,1,1,2,0,0
9708314,4,3,1,1,1,3,5
112202,4,2,2,2,2,2,10
9712266,5,1,4,9,0,5,15
9502279,12,8,4,8,0,12,12
102019,6,2,4,4,0,6,54
9502229,7,1,6,11,7,0,0
211290,2,1,1,1,0,2,3
9907506,7,1,6,16,0,7,18
9908479,1,1,0,0,0,1,1
110087,2,2,0,0,0,2,20
109217,10,4,6,16,1,9,68
202145,4,2,2,2,1,3,13
102218,11,3,8,25,0,11,188
9410319,17,4,13,53,2,15,41
9712483,22,4,18,36,2,20,69
10217,9,4,5,8,0,9,37
205314,13,3,10,27,0,13,68
204108,4,2,2,2,2,2,14
9709247,3,2,1,1,0,3,6
9809417,1,1,0,0,1,0,0
5172,12,3,9,21,0,12,49
207108,12,6,6,9,0,12,274
3003,2,1,1,1,0,2,11
112312,0,0,0,0,0,0,0
111237,2,1,1,1,0,2,2
9904228,1,1,0,0,0,1,3
9904350,1,1,0,0,0,1,4
12254,2,1,1,1,0,2,12
4234,7,4,3,4,0,7,37
9806226,12,3,9,17,1,11,38
103177,0,0,0,0,0,0,0
9708409,1,1,0,0,0,1,2
209304,0,0,0,0,0,0,0
9711290,2,1,1,1,0,2,21
8017,0,0,0,0,0,0,0
9711265,3,1,2,2,0,3,21
9901261,3,1,2,2,0,3,7
9906284,13,7,6,8,0,13,85
9810474,2,1,1,1,0,2,10
11221,5,1,4,6,0,5,15
9712370,4,2,2,2,4,0,0
108006,2,2,0,0,1,1,2
9904407,3,2,1,1,3,0,0
9311216,9,3,6,8,9,0,0
9705246,5,3,2,4,0,5,9
9502235,4,2,2,4,4,0,0
9804308,2,1,1,1,0,2,3
9601354,4,4,0,0,0,4,6
104211,1,1,0,0,1,0,0
102127,2,2,0,0,2,0,0
9811314,2,2,0,0,1,1,2
9503408,3,2,1,1,1,2,2
9701351,3,3,0,0,1,2,3
9702302,3,3,0,0,0,3,9
9804240,7,6,1,2,2,5,10
212202,14,3,11,21,1,13,87
112027,5,4,1,1,0,5,14
9712466,11,4,7,11,4,7,10
111003,2,1,1,1,0,2,9
112039,5,3,2,2,0,5,57
205287,3,3,0,0,0,3,40
9910233,6,1,5,10,1,5,13
9408301,1,1,0,0,0,1,1
7174,7,1,6,12,0,7,45
204274,0,0,0,0,0,0,0
9503395,0,0,0,0,0,0,0
9803295,4,3,1,1,0,4,7
9312252,5,2,3,5,5,0,0
109067,3,2,1,1,0,3,9
9301271,15,6,9,23,11,4,4
9911500,0,0,0,0,0,0,0
12255,0,0,0,0,0,0,0
205185,2,2,0,0,0,2,13
9711276,6,4,2,3,3,3,5
9908240,5,2,3,3,0,5,32
9210258,3,3,0,0,3,0,0
9906288,2,2,0,0,0,2,2
9902378,1,1,0,0,0,1,1
9909357,3,2,1,1,1,2,2
9506370,11,2,9,24,11,0,0
202195,7,2,5,14,0,7,57
9601344,8,4,4,8,8,0,0
1242,1,1,0,0,0,1,1
11069,1,1,0,0,0,1,13
9504299,0,0,0,0,0,0,0
6322,2,1,1,1,1,1,4
9401326,2,2,0,0,1,1,1
210212,1,1,0,0,0,1,5
9701237,2,1,1,1,2,0,0
9409307,2,2,0,0,2,0,0
9701333,3,2,1,2,3,0,0
206297,3,3,0,0,0,3,27
9912350,0,0,0,0,0,0,0
9907483,3,1,2,3,1,2,2
9905255,9,3,6,13,9,0,0
9607242,18,3,15,65,1,17,53
9809298,4,4,0,0,2,2,4
202112,4,1,3,5,0,4,20
9911509,0,0,0,0,0,0,0
9812449,11,4,7,13,1,10,90
202154,2,1,1,1,0,2,28
9611289,2,1,1,1,0,2,4
104036,2,2,0,0,0,2,6
9805282,6,2,4,9,0,6,36
8326,9,7,2,3,7,2,4
8324,1,1,0,0,0,1,2
1206,8,6,2,3,1,7,8
10309,2,1,1,1,0,2,4
9811272,2,2,0,0,1,1,2
12241,8,2,6,16,0,8,37
210042,0,0,0,0,0,0,0
204258,9,3,6,11,0,9,39
111360,1,1,0,0,0,1,2
9609376,2,1,1,1,0,2,4
6272,1,1,0,0,0,1,4
9509319,4,2,2,2,1,3,6
9606440,6,5,1,2,0,6,28
9410224,5,3,2,4,1,4,6
9807263,17,2,15,33,0,17,62
9810526,2,2,0,0,1,1,1
9211264,1,1,0,0,1,0,0
112145,0,0,0,0,0,0,0
9910358,0,0,0,0,0,0,0
5116,4,2,2,2,0,4,13
112174,5,2,3,5,0,5,39
9908306,2,2,0,0,0,2,12
9511432,1,1,0,0,0,1,1
9912335,1,1,0,0,0,1,4
103005,2,1,1,1,0,2,8
9902207,4,4,0,0,2,2,2
9903313,1,1,0,0,1,0,0
2220,2,2,0,0,0,2,2
9701368,2,2,0,0,0,2,6
9512216,4,1,3,4,1,3,11
9509364,1,1,0,0,0,1,1
9612435,10,6,4,5,0,10,31
9603273,2,2,0,0,1,1,2
9904500,4,3,1,1,0,4,11
9210245,6,4,2,2,6,0,0
9704386,3,3,0,0,3,0,0
9909433,1,1,0,0,1,0,0
9901346,5,1,4,7,0,5,5
10215,2,2,0,0,0,2,7
104239,5,2,3,6,0,5,9
9906245,1,1,0,0,0,1,4
9809354,3,1,2,3,1,2,3
9609493,1,1,0,0,0,1,2
9705225,1,1,0,0,0,1,4
9709418,3,3,0,0,0,3,17
104243,9,4,5,8,0,9,53
211282,4,3,1,2,0,4,23
5285,3,3,0,0,0,3,3
9801347,8,1,7,15,5,3,3
102057,0,0,0,0,0,0,0
9904442,5,2,3,4,1,4,9
101200,2,2,0,0,2,0,0
9502353,1,1,0,0,0,1,4
9906278,0,0,0,0,0,0,0
207208,1,1,0,0,0,1,1
9810356,1,1,0,0,0,1,4
9709351,2,1,1,1,0,2,15
9701251,5,2,3,4,2,3,3
9504206,3,2,1,1,1,2,2
204091,6,5,1,1,0,6,45
9711279,3,2,1,1,2,1,1
12175,3,1,2,2,0,3,7
9809571,4,1,3,4,0,4,19
208128,0,0,0,0,0,0,0
9801227,0,0,0,0,0,0,0
105013,1,1,0,0,0,1,7
9409422,2,2,0,0,2,0,0
9512324,1,1,0,0,0,1,2
9704345,6,1,5,6,0,6,25
206216,2,1,1,1,0,2,26
11206,6,2,4,8,3,3,9
12115,5,3,2,2,0,5,44
8246,4,2,2,3,0,4,24
104022,5,2,3,4,1,4,9
9512400,2,1,1,1,2,0,0
9301219,3,2,1,1,3,0,0
101075,3,3,0,0,1,2,10
9902223,7,4,3,5,0,7,47
9706266,7,2,5,8,7,0,0
9608319,7,5,2,2,1,6,9
9501209,0,0,0,0,0,0,0
205214,1,1,0,0,0,1,4
206178,4,3,1,1,2,2,8
104147,6,5,1,1,6,0,0
204005,2,1,1,1,0,2,6
206094,0,0,0,0,0,0,0
209267,0,0,0,0,0,0,0
203055,2,1,1,1,0,2,10
9907274,5,2,3,6,1,4,4
9502384,6,2,4,7,0,6,6
9711393,4,2,2,3,1,3,4
9222,4,1,3,4,0,4,9
203151,1,1,0,0,0,1,2
207009,2,1,1,1,0,2,8
102149,0,0,0,0,0,0,0
9503242,0,0,0,0,0,0,0
9211263,1,1,0,0,1,0,0
5215,3,2,1,1,0,3,7
1081,0,0,0,0,0,0,0
204269,0,0,0,0,0,0,0
203201,5,3,2,2,0,5,38
207293,0,0,0,0,0,0,0
9504347,0,0,0,0,0,0,0
12005,0,0,0,0,0,0,0
206204,1,1,0,0,0,1,1
204313,0,0,0,0,0,0,0
8254,0,0,0,0,0,0,0
302162,0,0,0,0,0,0,0
107111,1,1,0,0,0,1,7
9405369,2,1,1,1,0,2,2
5100,1,1,0,0,0,1,1
10301,3,2,1,2,0,3,10
9606403,11,3,8,14,9,2,2
9901343,1,1,0,0,0,1,5
9909449,1,1,0,0,0,1,5
9812262,0,0,0,0,0,0,0
209146,0,0,0,0,0,0,0
212366,0,0,0,0,0,0,0
9711206,6,2,4,8,5,1,1
9404266,3,3,0,0,3,0,0
203059,3,1,2,2,0,3,25
11202,2,2,0,0,2,0,0
9404221,2,2,0,0,2,0,0
9911310,2,1,1,1,0,2,20
211054,3,3,0,0,2,1,2
9506383,1,1,0,0,0,1,3
7118,2,2,0,0,2,0,0
206033,3,3,0,0,0,3,25
6230,1,1,0,0,0,1,5
9311202,4,2,2,2,4,0,0
9809560,1,1,0,0,0,1,2
9310241,4,4,0,0,4,0,0
9905271,9,5,4,6,1,8,52
9601304,2,2,0,0,2,0,0
204300,0,0,0,0,0,0,0
211409,0,0,0,0,0,0,0
9904216,5,3,2,3,4,1,1
110008,0,0,0,0,0,0,0
7188,0,0,0,0,0,0,0
9905429,5,4,1,1,5,0,0
101016,0,0,0,0,0,0,0
111270,0,0,0,0,0,0,0
201205,0,0,0,0,0,0,0
109267,2,2,0,0,1,1,10
107137,2,1,1,1,1,1,1
110137,1,1,0,0,0,1,2
9704411,0,0,0,0,0,0,0
211461,1,1,0,0,0,1,4
9309329,0,0,0,0,0,0,0
9805213,2,2,0,0,0,2,9
207335,4,2,2,2,0,4,18
8088,2,2,0,0,0,2,6
11020,1,1,0,0,0,1,6
112040,0,0,0,0,0,0,0
9510394,0,0,0,0,0,0,0
9403303,3,3,0,0,3,0,0
9709336,3,3,0,0,2,1,2
9711397,1,1,0,0,0,1,1
11129,1,1,0,0,0,1,1
302245,0,0,0,0,0,0,0
302047,0,0,0,0,0,0,0
9310287,1,1,0,0,1,0,0
211385,0,0,0,0,0,0,0
9310275,3,2,1,1,3,0,0
9330,2,1,1,1,0,2,2
109225,1,1,0,0,0,1,2
107300,1,1,0,0,0,1,5
101169,1,1,0,0,0,1,1
9307354,0,0,0,0,0,0,0
210223,0,0,0,0,0,0,0
12287,1,1,0,0,1,0,0
211103,1,1,0,0,0,1,26
212199,3,2,1,1,0,3,60
9405266,0,0,0,0,0,0,0
105233,7,4,3,3,0,7,113
7027,2,2,0,0,1,1,1
208155,2,1,1,1,0,2,17
106179,1,1,0,0,0,1,9
12382,3,1,2,2,0,3,9
9807438,1,1,0,0,0,1,2
9505265,0,0,0,0,0,0,0
103296,1,1,0,0,1,0,0
1050,2,1,1,1,0,2,8
204312,0,0,0,0,0,0,0
9807559,4,2,2,3,1,3,5
9510353,0,0,0,0,0,0,0
6285,0,0,0,0,0,0,0
6283,1,1,0,0,0,1,7
112237,0,0,0,0,0,0,0
9706383,1,1,0,0,1,0,0
9510354,0,0,0,0,0,0,0
3229,0,0,0,0,0,0,0
206263,3,3,0,0,1,2,2
12105,0,0,0,0,0,0,0
9710440,1,1,0,0,0,1,2
109252,1,1,0,0,0,1,1
6287,0,0,0,0,0,0,0
9910513,1,1,0,0,0,1,3
9512416,0,0,0,0,0,0,0
9709404,2,2,0,0,0,2,2
12022,1,1,0,0,0,1,1
11399,1,1,0,0,0,1,1
210215,0,0,0,0,0,0,0
106318,2,1,1,1,0,2,8
302126,0,0,0,0,0,0,0
9711235,1,1,0,0,1,0,0
9808235,0,0,0,0,0,0,0
104003,0,0,0,0,0,0,0
9606227,1,1,0,0,0,1,5
9289,0,0,0,0,0,0,0
9610412,3,2,1,1,0,3,4
1193,3,3,0,0,0,3,3
301210,0,0,0,0,0,0,0
9507457,1,1,0,0,1,0,0
9506315,0,0,0,0,0,0,0
9710203,0,0,0,0,0,0,0
8101,0,0,0,0,0,0,0
206246,2,1,1,1,0,2,18
106288,0,0,0,0,0,0,0
103246,4,3,1,1,0,4,8
9901294,0,0,0,0,0,0,0
211229,1,1,0,0,0,1,1
210190,1,1,0,0,0,1,5
9508341,0,0,0,0,0,0,0
8170,1,1,0,0,1,0,0
110094,1,1,0,0,0,1,1
1181,0,0,0,0,0,0,0
9506424,4,2,2,3,4,0,0
212391,0,0,0,0,0,0,0
9706401,0,0,0,0,0,0,0
103236,2,2,0,0,2,0,0
9709362,1,1,0,0,1,0,0
209247,0,0,0,0,0,0,0
207078,1,1,0,0,0,1,1
9907479,1,1,0,0,0,1,3
207119,0,0,0,0,0,0,0
7051,1,1,0,0,0,1,1
106019,7,3,4,10,1,6,13
9611428,0,0,0,0,0,0,0
209272,3,3,0,0,0,3,11
9612466,2,2,0,0,1,1,1
1026,1,1,0,0,0,1,2
109192,1,1,0,0,1,0,0
7210,3,2,1,1,0,3,4
208011,1,1,0,0,0,1,1
9502392,1,1,0,0,1,0,0
9805458,2,1,1,1,0,2,4
5277,0,0,0,0,0,0,0
9704397,0,0,0,0,0,0,0
9610538,2,2,0,0,2,0,0
9508356,3,2,1,1,0,3,3
203240,2,2,0,0,0,2,7
12190,0,0,0,0,0,0,0
9509253,0,0,0,0,0,0,0
9903533,2,1,1,1,0,2,12
208180,0,0,0,0,0,0,0
9504254,1,1,0,0,0,1,1
203115,0,0,0,0,0,0,0
9905561,2,2,0,0,2,0,0
9167,1,1,0,0,0,1,3
207215,1,1,0,0,1,0,0
103292,6,2,4,4,0,6,27
9707219,1,1,0,0,1,0,0
9710219,2,1,1,1,0,2,2
9802255,0,0,0,0,0,0,0
111323,1,1,0,0,0,1,1
208206,0,0,0,0,0,0,0
205161,2,2,0,0,0,2,17
104119,1,1,0,0,1,0,0
4042,1,1,0,0,0,1,3
9610263,0,0,0,0,0,0,0
9510459,0,0,0,0,0,0,0
9408324,0,0,0,0,0,0,0
210363,0,0,0,0,0,0,0
301189,1,1,0,0,0,1,11
206224,0,0,0,0,0,0,0
112029,1,1,0,0,0,1,13
1117,0,0,0,0,0,0,0
201095,1,1,0,0,0,1,3
209104,0,0,0,0,0,0,0
208098,1,1,0,0,0,1,2
9810404,1,1,0,0,1,0,0
7092,2,2,0,0,0,2,18
9509206,0,0,0,0,0,0,0
9810428,2,2,0,0,1,1,4
10256,0,0,0,0,0,0,0
102026,0,0,0,0,0,0,0
9909209,3,2,1,1,2,1,3
9706286,2,1,1,1,1,1,1
9216,0,0,0,0,0,0,0
9903485,0,0,0,0,0,0,0
110222,0,0,0,0,0,0,0
9708400,0,0,0,0,0,0,0
212346,0,0,0,0,0,0,0
109237,0,0,0,0,0,0,0
9608271,1,1,0,0,1,0,0
210398,1,1,0,0,0,1,8
6214,0,0,0,0,0,0,0
207304,0,0,0,0,0,0,0
5111,0,0,0,0,0,0,0
105240,1,1,0,0,0,1,7
208152,3,2,1,1,0,3,21
11362,3,3,0,0,0,3,5
10226,0,0,0,0,0,0,0
201046,1,1,0,0,0,1,2
9407232,0,0,0,0,0,0,0
10019,3,3,0,0,2,1,2
301123,0,0,0,0,0,0,0
9904339,0,0,0,0,0,0,0
206228,0,0,0,0,0,0,0
111085,1,1,0,0,0,1,11
9311348,1,1,0,0,1,0,0
9611338,0,0,0,0,0,0,0
9708428,0,0,0,0,0,0,0
211442,0,0,0,0,0,0,0
2265,0,0,0,0,0,0,0
203106,0,0,0,0,0,0,0
211389,0,0,0,0,0,0,0
211037,0,0,0,0,0,0,0
106300,0,0,0,0,0,0,0
9509301,0,0,0,0,0,0,0
9411284,0,0,0,0,0,0,0
211368,0,0,0,0,0,0,0
210168,0,0,0,0,0,0,0
302154,0,0,0,0,0,0,0
4080,1,1,0,0,1,0,0
9802399,0,0,0,0,0,0,0
9709380,0,0,0,0,0,0,0
9603415,1,1,0,0,0,1,1
9808352,1,1,0,0,1,0,0
10285,0,0,0,0,0,0,0
203120,0,0,0,0,0,0,0
204170,0,0,0,0,0,0,0
201138,1,1,0,0,0,1,1
104082,1,1,0,0,0,1,3
8015,0,0,0,0,0,0,0
206173,0,0,0,0,0,0,0
302259,0,0,0,0,0,0,0
11152,0,0,0,0,0,0,0
301247,0,0,0,0,0,0,0
9910362,0,0,0,0,0,0,0
101352,0,0,0,0,0,0,0
9911540,0,0,0,0,0,0,0
9807416,1,1,0,0,0,1,1
5239,0,0,0,0,0,0,0
9812405,0,0,0,0,0,0,0
101062,1,1,0,0,0,1,1
9710318,0,0,0,0,0,0,0
203086,0,0,0,0,0,0,0
9612455,0,0,0,0,0,0,0
207220,0,0,0,0,0,0,0
9803231,0,0,0,0,0,0,0
9912440,0,0,0,0,0,0,0
210366,0,0,0,0,0,0,0
209113,0,0,0,0,0,0,0
107246,0,0,0,0,0,0,0
9406314,0,0,0,0,0,0,0
210254,0,0,0,0,0,0,0
203005,0,0,0,0,0,0,0
101261,0,0,0,0,0,0,0
9912480,0,0,0,0,0,0,0
112194,0,0,0,0,0,0,0
9908270,0,0,0,0,0,0,0
212196,0,0,0,0,0,0,0
9606276,0,0,0,0,0,0,0
9907492,0,0,0,0,0,0,0
106065,0,0,0,0,0,0,0
2015,0,0,0,0,0,0,0
108229,0,0,0,0,0,0,0
9809359,0,0,0,0,0,0,0
210059,0,0,0,0,0,0,0
109089,0,0,0,0,0,0,0
9710365,0,0,0,0,0,0,0
10139,0,0,0,0,0,0,0
9802212,0,0,0,0,0,0,0
106079,0,0,0,0,0,0,0
211317,0,0,0,0,0,0,0
302169,0,0,0,0,0,0,0
11344,0,0,0,0,0,0,0
9507286,0,0,0,0,0,0,0
106271,0,0,0,0,0,0,0
7260,0,0,0,0,0,0,0
106041,0,0,0,0,0,0,0
9809378,0,0,0,0,0,0,0
109209,0,0,0,0,0,0,0
201013,0,0,0,0,0,0,0
205091,0,0,0,0,0,0,0
9910354,0,0,0,0,0,0,0
6075,0,0,0,0,0,0,0
212349,0,0,0,0,0,0,0
9712206,0,0,0,0,0,0,0
9604428,0,0,0,0,0,0,0
9707340,0,0,0,0,0,0,0
206097,1,1,0,0,0,1,1
102272,0,0,0,0,0,0,0
9912541,0,0,0,0,0,0,0
203017,0,0,0,0,0,0,0
7089,0,0,0,0,0,0,0
301034,0,0,0,0,0,0,0
110058,0,0,0,0,0,0,0
6252,0,0,0,0,0,0,0
9810502,0,0,0,0,0,0,0
206046,0,0,0,0,0,0,0
212359,0,0,0,0,0,0,0
9408268,0,0,0,0,0,0,0
9705431,0,0,0,0,0,0,0
210030,0,0,0,0,0,0,0
9703329,0,0,0,0,0,0,0
210341,1,1,0,0,0,1,4
104219,0,0,0,0,0,0,0
9511390,0,0,0,0,0,0,0
105210,0,0,0,0,0,0,0
5097,0,0,0,0,0,0,0
101073,0,0,0,0,0,0,0
9801259,0,0,0,0,0,0,0
212044,0,0,0,0,0,0,0
9509264,0,0,0,0,0,0,0
9608284,0,0,0,0,0,0,0
12146,0,0,0,0,0,0,0
208060,0,0,0,0,0,0,0
112093,0,0,0,0,0,0,0
9408385,0,0,0,0,0,0,0
112348,0,0,0,0,0,0,0
9312310,0,0,0,0,0,0,0
210169,0,0,0,0,0,0,0
9510379,0,0,0,0,0,0,0
210370,0,0,0,0,0,0,0
9904264,0,0,0,0,0,0,0
211437,0,0,0,0,0,0,0
210138,0,0,0,0,0,0,0
209196,0,0,0,0,0,0,0
9503250,0,0,0,0,0,0,0
9402355,0,0,0,0,0,0,0
9911234,0,0,0,0,0,0,0
9506429,0,0,0,0,0,0,0
9909548,0,0,0,0,0,0,0
9901240,0,0,0,0,0,0,0
2171,38,15,23,72,23,15,25
6022,45,7,38,125,1,44,259
9404282,148,18,130,1183,97,51,78
9704402,40,12,28,89,3,37,174
9402363,30,5,25,156,5,25,82
9506201,42,4,38,187,1,41,144
9805303,111,22,89,428,1,110,954
9710245,25,4,21,100,3,22,24
9410253,46,11,35,98,38,8,8
9401354,5,2,3,3,3,2,2
9410369,5,3,2,2,5,0,0
9211272,27,10,17,51,27,0,0
112313,1,1,0,0,0,1,3
9912281,3,2,1,1,2,1,3
9605369,2,2,0,0,0,2,4
9708358,19,8,11,31,2,17,84
9909222,12,3,9,16,0,12,82
11144,8,5,3,5,2,6,41
9506427,29,9,20,57,1,28,90
9811216,6,3,3,3,2,4,23
9203215,9,4,5,7,9,0,0
9409263,21,7,14,31,12,9,9
9705340,3,2,1,1,0,3,10
107101,26,6,20,49,5,21,40
9606317,0,0,0,0,0,0,0
9303320,172,28,144,705,119,53,66
9301276,49,8,41,204,49,0,0
9411377,54,9,45,200,54,0,0
9312323,21,13,8,8,21,0,0
9207245,36,7,29,96,36,0,0
9308363,27,3,24,89,8,19,19
9711354,9,6,3,5,3,6,13
9708483,111,11,100,579,49,62,130
9809508,13,3,10,17,1,12,28
9712493,96,5,91,479,27,69,223
9611465,30,19,11,16,13,17,84
9212204,31,8,23,72,31,0,0
9808304,56,5,51,263,2,54,271
9906469,169,17,152,807,55,114,257
9908513,37,6,31,122,2,35,442
9210221,23,4,19,48,22,1,1
9808224,42,5,37,202,2,40,266
9805429,35,6,29,93,1,34,266
9311307,6,2,4,5,0,6,7
9906275,32,5,27,118,0,32,509
9707542,18,5,13,23,0,18,47
9612259,5,5,0,0,4,1,2
9301261,14,3,11,20,14,0,0
9907476,1,1,0,0,0,1,1
9804261,11,2,9,23,0,11,65
9712468,20,4,16,37,0,20,115
9802287,30,4,26,77,1,29,100
9706497,5,4,1,1,1,4,23
9811296,7,5,2,2,0,7,32
9411298,23,12,11,13,0,23,37
9510439,70,6,64,403,19,51,101
9304216,39,9,30,72,1,38,83
9704339,23,3,20,66,0,23,131
9708272,28,5,23,99,3,25,118
105308,16,9,7,12,0,16,54
9907341,27,3,24,164,27,0,0
9209279,73,12,61,402,73,0,0
9705320,28,8,20,50,11,17,65
7313,44,9,35,111,0,44,490
10162,3,2,1,1,0,3,23
9605222,31,5,26,88,7,24,77
9702299,43,12,31,95,11,32,151
9709383,14,3,11,23,0,14,168
9808453,3,1,2,2,1,2,22
9803457,64,5,59,243,1,63,487
11336,51,12,39,208,0,51,187
9603448,51,7,44,216,0,51,313
10229,1,1,0,0,0,1,19
11179,19,8,11,24,1,18,92
9806278,33,6,27,84,3,30,230
9802391,69,8,61,336,2,67,623
9507303,37,6,31,137,1,36,235
9901398,2,2,0,0,2,0,0
6246,1,1,0,0,0,1,7
9409229,19,4,15,29,18,1,1
9905463,14,4,10,14,0,14,106
9707416,2,2,0,0,0,2,6
9811291,259,4,255,3125,6,253,1208
9305274,75,12,63,463,75,0,0
9404201,112,6,106,702,33,79,201
9409349,24,4,20,68,4,20,25
9405232,5,5,0,0,3,2,2
9610370,59,7,52,308,2,57,288
9703227,5,3,2,4,1,4,7
9607393,15,13,2,5,15,0,0
9712222,77,5,72,623,10,67,195
9707362,21,3,18,65,0,21,24
9502308,32,8,24,74,28,4,4
9410411,7,3,4,7,7,0,0
5035,7,5,2,2,1,6,20
9609235,3,3,0,0,0,3,6
9405398,40,9,31,104,40,0,0
9606470,7,5,2,3,3,4,6
9305335,36,9,27,99,36,0,0
9705230,16,9,7,14,1,15,47
9704278,8,2,6,8,6,2,3
9610518,19,6,13,30,2,17,121
9804275,13,5,8,29,1,12,178
9605349,27,6,21,56,6,21,44
9708486,5,2,3,3,0,5,44
9511216,6,4,2,3,0,6,19
9403383,69,11,58,177,25,44,69
12087,18,4,14,40,4,14,36
9410360,79,2,77,629,79,0,0
9405343,19,1,18,84,14,5,5
9906536,14,1,13,34,1,13,60
9406285,42,12,30,122,2,40,108
9405309,9,5,4,8,4,5,11
9905337,50,5,45,232,7,43,234
9503357,3,2,1,1,0,3,3
9811364,9,2,7,16,7,2,2
9610400,75,3,72,518,2,73,208
9608341,4,3,1,2,0,4,29
2032,16,9,7,15,1,15,74
9712442,11,6,5,9,0,11,95
9904332,3,3,0,0,0,3,7
9912388,31,8,23,79,0,31,238
9506423,13,4,9,12,6,7,11
5225,29,4,25,85,3,26,134
9812510,67,1,66,670,1,66,272
9909574,63,3,60,482,1,62,654
9406295,50,10,40,163,12,38,104
10223,5,4,1,1,0,5,11
9506309,6,3,3,4,4,2,2
9302270,18,2,16,26,18,0,0
206029,5,1,4,8,0,5,28
9905204,23,7,16,51,2,21,120
9504231,19,5,14,32,4,15,39
9507462,93,5,88,436,36,57,98
9905292,42,5,37,119,0,42,295
9712255,2,2,0,0,0,2,3
9210228,33,7,26,100,33,0,0
9605351,16,5,11,16,1,15,50
9803380,58,2,56,316,5,53,187
9510275,7,4,3,5,3,4,4
9503210,19,5,14,34,7,12,15
9405212,9,5,4,6,7,2,3
9607234,8,3,5,6,0,8,31
9610544,108,23,85,314,55,53,93
2043,15,6,9,19,5,10,20
9511402,52,3,49,232,4,48,154
9906422,1,1,0,0,0,1,16
9703464,82,5,77,561,22,60,266
9701253,38,3,35,86,36,2,2
9812239,14,5,9,14,6,8,14
9804285,38,9,29,148,11,27,39
9308251,2,1,1,1,0,2,4
9805486,6,3,3,5,0,6,17
9611310,17,7,10,16,10,7,12
9511267,5,3,2,2,0,5,8
9405204,24,3,21,56,24,0,0
9809294,2,2,0,0,1,1,6
205102,7,2,5,10,0,7,47
9506311,15,2,13,30,15,0,0
9611364,18,5,13,35,0,18,109
9350,160,38,122,539,86,74,319
9707256,25,2,23,55,1,24,107
2245,25,9,16,28,1,24,160
9910231,50,4,46,173,2,48,388
9506473,9,3,6,18,8,1,1
9310309,10,3,7,23,1,9,17
107329,14,8,6,9,0,14,160
9301205,17,10,7,16,17,0,0
102222,18,2,16,101,0,18,136
9907475,21,3,18,47,1,20,101
103082,5,5,0,0,2,3,7
9307208,67,10,57,327,12,55,91
9809239,17,3,14,34,2,15,55
9403239,9,1,8,18,5,4,4
9503488,10,6,4,8,2,8,49
7155,11,3,8,14,3,8,33
104095,9,4,5,8,1,8,60
9909408,13,4,9,22,0,13,72
9503323,9,2,7,12,1,8,41
9707308,7,4,3,6,0,7,16
9810530,11,2,9,18,2,9,12
9803387,11,2,9,16,1,10,27
9508337,23,7,16,64,9,14,27
5308,5,3,2,3,2,3,7
9511272,25,9,16,37,20,5,6
9602315,11,2,9,12,7,4,7
9404228,17,4,13,41,0,17,32
6278,32,5,27,114,0,32,315
6190,4,4,0,0,0,4,63
9907223,5,3,2,2,0,5,32
9035,1,1,0,0,0,1,5
9908454,16,4,12,18,0,16,127
209107,7,4,3,5,1,6,17
12191,10,3,7,15,1,9,11
10289,14,7,7,11,3,11,40
9502300,112,7,105,630,18,94,234
210171,2,2,0,0,2,0,0
12350,16,4,12,27,3,13,38
11176,10,3,7,11,0,10,48
108098,23,5,18,55,0,23,133
9501249,4,4,0,0,2,2,2
9509254,15,3,12,27,7,8,15
103127,8,3,5,5,2,6,47
9911231,4,3,1,1,0,4,91
9909494,3,1,2,3,0,3,15
9904283,22,4,18,48,2,20,100
9511326,12,6,6,10,0,12,28
9504371,9,4,5,12,4,5,9
9904298,4,2,2,2,0,4,21
9606452,3,1,2,2,0,3,9
9811500,42,2,40,216,2,40,140
9706476,42,8,34,129,1,41,251
112034,8,4,4,8,0,8,58
204101,17,3,14,49,0,17,366
8071,12,3,9,14,1,11,131
9610243,12,5,7,10,0,12,49
9912230,19,4,15,60,1,18,101
9254,48,13,35,102,0,48,395
9511443,17,3,14,31,17,0,0
9809427,55,7,48,192,0,55,513
9805208,50,6,44,204,2,48,114
9601298,58,4,54,273,0,58,174
9510202,40,4,36,118,0,40,118
9703428,3,3,0,0,1,2,3
9609316,5,4,1,1,0,5,9
9702331,17,1,16,58,2,15,32
9302239,34,12,22,71,34,0,0
302003,42,7,35,117,42,0,0
9705239,0,0,0,0,0,0,0
3178,9,3,6,11,0,9,100
9708382,17,4,13,29,3,14,72
9903385,13,5,8,25,0,13,149
9401278,16,6,10,18,8,8,8
11138,3,1,2,2,0,3,5
9703420,66,5,61,248,3,63,165
9702263,20,5,15,25,2,18,66
9608461,1,1,0,0,1,0,0
109122,6,1,5,7,0,6,68
9805216,10,2,8,22,1,9,18
9606449,9,3,6,9,2,7,17
9711285,3,2,1,1,3,0,0
9306253,19,4,15,48,19,0,0
5028,17,2,15,53,0,17,130
9607315,16,2,14,31,14,2,2
9810270,51,22,29,65,4,47,325
9603204,57,11,46,142,32,25,37
1021,13,6,7,9,0,13,44
9804397,19,6,13,23,3,16,44
9810230,8,4,4,8,0,8,35
9401206,64,15,49,276,27,37,73
9303215,12,5,7,10,12,0,0
102230,9,6,3,5,0,9,42
9707254,21,1,20,92,0,21,189
9503266,30,12,18,61,18,12,21
9208209,4,2,2,3,4,0,0
9401270,20,4,16,42,20,0,0
9609237,5,3,2,2,0,5,11
9701201,2,2,0,0,2,0,0
9710559,2,2,0,0,1,1,1
9502383,2,1,1,1,0,2,4
9602407,18,6,12,18,10,8,8
9807541,5,3,2,2,5,0,0
9704347,11,5,6,19,0,11,228
9403215,24,9,15,44,7,17,23
9505435,3,3,0,0,0,3,19
9506285,9,3,6,13,0,9,31
9805315,21,3,18,60,0,21,108
9608306,24,4,20,62,2,22,116
108112,22,7,15,35,6,16,53
105261,7,5,2,3,0,7,72
10240,47,5,42,157,7,40,86
5179,1,1,0,0,0,1,10
9608292,8,3,5,10,0,8,36
9907393,8,2,6,20,5,3,5
9308279,14,3,11,19,14,0,0
9512434,13,5,8,30,0,13,128
9409396,8,3,5,10,0,8,30
8205,6,4,2,3,6,0,0
9902427,6,4,2,4,1,5,18
6040,10,4,6,9,0,10,166
9610265,20,4,16,34,8,12,25
9608239,2,2,0,0,1,1,2
9701308,20,8,12,46,13,7,12
112251,7,3,4,5,0,7,49
9705243,21,3,18,57,8,13,19
9607382,14,5,9,21,2,12,57
9211206,5,3,2,2,5,0,0
9607314,24,4,20,108,9,15,16
9409260,5,5,0,0,0,5,8
9709481,7,4,3,3,5,2,2
2058,2,1,1,1,0,2,7
9810534,9,3,6,9,0,9,38
9904440,14,2,12,30,11,3,3
11332,17,2,15,48,1,16,50
9904201,9,1,8,20,0,9,63
104076,19,2,17,58,0,19,56
108111,0,0,0,0,0,0,0
9707347,22,3,19,62,3,19,44
8288,3,2,1,1,1,2,8
9508277,16,6,10,21,2,14,42
9309217,10,6,4,10,10,0,0
9710350,3,3,0,0,0,3,19
4139,24,2,22,75,1,23,59
9511357,9,3,6,11,5,4,9
9711414,18,6,12,39,1,17,40
105187,2,2,0,0,0,2,3
9308351,10,3,7,15,10,0,0
108232,1,1,0,0,0,1,2
9909556,4,3,1,2,0,4,22
9608392,14,8,6,9,0,14,162
9906307,5,4,1,1,2,3,25
202031,10,4,6,7,0,10,41
9608270,27,1,26,157,2,25,27
9301258,18,6,12,22,10,8,9
9510424,5,3,2,3,0,5,14
9211311,24,7,17,46,24,0,0
9606217,21,3,18,51,2,19,53
7314,6,3,3,5,0,6,23
9603308,11,2,9,16,3,8,15
9705384,6,3,3,3,0,6,13
9712299,13,5,8,16,1,12,33
9806277,5,4,1,1,2,3,13
12053,6,5,1,1,1,5,10
9909284,18,10,8,11,0,18,84
1200,3,2,1,2,0,3,28
9402268,5,5,0,0,0,5,14
9708439,13,1,12,66,0,13,96
9711337,5,1,4,4,0,5,14
9702340,2,2,0,0,2,0,0
9608424,4,3,1,1,4,0,0
102111,16,5,11,34,0,16,76
110105,11,2,9,24,0,11,63
9508324,7,2,5,15,6,1,1
9703226,15,5,10,15,2,13,30
3066,5,3,2,3,2,3,15
9709229,14,7,7,17,3,11,58
209129,0,0,0,0,0,0,0
104312,13,2,11,28,0,13,95
11150,19,6,13,25,1,18,72
12018,8,1,7,14,7,1,1
211318,1,1,0,0,0,1,5
9508297,18,2,16,72,0,18,28
9503413,4,2,2,2,0,4,5
9608347,13,5,8,24,12,1,1
103223,13,4,9,33,1,12,157
9410266,20,8,12,27,1,19,64
9912399,0,0,0,0,0,0,0
9302201,17,2,15,46,0,17,17
9607413,4,2,2,2,0,4,8
9405394,40,3,37,202,14,26,38
9705411,11,4,7,20,0,11,55
9905500,12,3,9,29,0,12,333
9708427,14,6,8,24,3,11,12
107177,3,3,0,0,0,3,5
9907365,7,1,6,11,0,7,65
9408337,0,0,0,0,0,0,0
9812201,18,4,14,43,3,15,53
1130,9,5,4,8,3,6,23
9909331,2,2,0,0,0,2,20
9709394,10,4,6,12,0,10,35
203237,17,7,10,19,0,17,125
205349,12,4,8,17,1,11,71
108020,4,3,1,1,1,3,5
9902240,12,3,9,15,3,9,37
9304308,7,3,4,8,7,0,0
9907548,30,6,24,94,1,29,165
9709234,7,2,5,7,0,7,8
107249,2,2,0,0,0,2,8
106246,10,5,5,8,0,10,37
7233,10,4,6,10,3,7,22
201224,22,4,18,89,8,14,40
11353,6,6,0,0,0,6,15
9311247,37,9,28,119,37,0,0
205122,3,1,2,2,0,3,39
9807497,17,2,15,41,0,17,106
9603251,3,2,1,1,1,2,8
9311323,3,3,0,0,3,0,0
9801358,2,2,0,0,0,2,2
108239,9,3,6,10,0,9,92
9301289,13,4,9,20,13,0,0
9701327,1,1,0,0,0,1,1
9605368,3,1,2,2,3,0,0
103290,5,3,2,2,0,5,11
9310267,5,2,3,6,5,0,0
9606316,5,5,0,0,1,4,11
9708362,7,6,1,1,0,7,17
9712547,2,2,0,0,0,2,6
110177,1,1,0,0,1,0,0
9412275,11,8,3,5,3,8,13
9907297,3,3,0,0,0,3,12
9512325,5,2,3,4,5,0,0
9805392,2,1,1,1,0,2,3
9212227,5,2,3,4,2,3,3
9607461,10,6,4,9,8,2,3
9902292,11,1,10,20,0,11,27
12157,25,6,19,133,0,25,200
6009,6,1,5,11,0,6,24
9304204,10,4,6,14,10,0,0
9905301,2,2,0,0,1,1,3
9809363,28,4,24,108,1,27,172
9710304,12,3,9,31,0,12,42
206081,0,0,0,0,0,0,0
9406321,5,3,2,5,4,1,2
9908460,2,2,0,0,0,2,8
9608389,12,6,6,8,0,12,31
9804451,21,4,17,66,0,21,116
9308294,8,5,3,4,8,0,0
9903508,1,1,0,0,0,1,2
9906480,4,4,0,0,0,4,49
9905404,14,10,4,4,1,13,38
9605241,0,0,0,0,0,0,0
104220,12,2,10,20,10,2,2
9812521,9,5,4,9,7,2,3
11339,2,2,0,0,0,2,3
9802253,6,2,4,10,0,6,46
9507394,11,8,3,6,1,10,18
9607484,4,3,1,1,1,3,33
9610456,11,2,9,24,0,11,85
209200,4,2,2,2,0,4,9
9808462,6,4,2,4,1,5,9
9406340,9,5,4,5,9,0,0
9910389,2,1,1,1,0,2,7
9507292,1,1,0,0,1,0,0
101029,1,1,0,0,1,0,0
9912441,0,0,0,0,0,0,0
9801417,8,7,1,1,3,5,25
9804344,4,4,0,0,3,1,1
9904481,6,4,2,2,1,5,8
9601385,3,2,1,1,0,3,7
9703257,20,8,12,22,1,19,41
9907569,5,5,0,0,0,5,25
9505441,6,4,2,3,6,0,0
111411,0,0,0,0,0,0,0
9707376,5,1,4,6,5,0,0
10079,10,3,7,23,1,9,109
10204,3,3,0,0,0,3,14
9805397,6,4,2,3,0,6,18
9702226,11,6,5,6,0,11,37
9810527,0,0,0,0,0,0,0
2048,8,4,4,5,1,7,42
6257,16,3,13,25,0,16,61
9910542,2,1,1,1,0,2,4
10275,2,2,0,0,0,2,8
9403282,8,4,4,8,1,7,11
9403380,4,4,0,0,2,2,2
206076,3,2,1,2,0,3,21
9039,6,3,3,3,0,6,31
9801265,2,2,0,0,1,1,9
12348,18,6,12,22,1,17,47
104275,4,4,0,0,0,4,17
102032,7,5,2,3,0,7,7
9710298,6,4,2,2,1,5,12
9906370,3,3,0,0,0,3,21
103243,5,4,1,1,2,3,4
109154,7,2,5,8,0,7,63
110096,17,4,13,28,0,17,37
9312,3,3,0,0,1,2,3
9609410,13,5,8,13,6,7,9
9812382,2,2,0,0,0,2,25
9403297,8,2,6,17,1,7,20
2002,1,1,0,0,0,1,6
9608354,2,2,0,0,0,2,8
202039,11,8,3,3,1,10,55
9909253,4,3,1,2,3,1,1
9604245,2,2,0,0,2,0,0
9505356,4,2,2,2,0,4,11
9908373,2,2,0,0,0,2,26
209346,0,0,0,0,0,0,0
9604259,11,3,8,15,7,4,7
9810258,1,1,0,0,1,0,0
9309225,4,3,1,1,4,0,0
9602343,27,2,25,59,0,27,128
9408325,2,1,1,1,1,1,1
106277,4,2,2,3,0,4,34
9706277,8,3,5,7,0,8,33
9508274,6,2,4,6,0,6,11
210244,1,1,0,0,0,1,8
9910287,6,2,4,5,0,6,45
9909542,26,3,23,116,0,26,340
106139,13,9,4,5,0,13,122
9807211,15,1,14,57,10,5,8
10057,7,1,6,7,7,0,0
9912383,7,3,4,11,0,7,13
10148,23,5,18,52,8,15,34
9211329,9,2,7,9,9,0,0
207347,2,1,1,1,0,2,14
112189,7,1,6,11,0,7,22
9511215,1,1,0,0,0,1,2
106320,6,1,5,7,2,4,4
209153,1,1,0,0,1,0,0
9802335,2,2,0,0,0,2,7
9702420,1,1,0,0,0,1,5
105326,3,2,1,1,0,3,25
208048,4,2,2,2,0,4,20
9406313,6,3,3,3,4,2,2
9506407,5,5,0,0,2,3,6
9409204,8,2,6,17,0,8,10
9311344,19,5,14,46,19,0,0
105226,1,1,0,0,1,0,0
9709365,6,6,0,0,2,4,41
111244,21,4,17,34,0,21,222
9604289,9,3,6,9,9,0,0
9074,2,1,1,1,0,2,10
9907305,4,1,3,4,0,4,13
9903426,9,6,3,4,0,9,42
9607474,1,1,0,0,0,1,2
9903427,7,4,3,6,0,7,19
111193,10,5,5,10,0,10,25
9811510,2,1,1,1,0,2,2
9703381,5,4,1,1,0,5,14
9709461,3,2,1,1,2,1,1
112356,1,1,0,0,0,1,5
9712363,6,1,5,14,0,6,20
9401284,3,1,2,3,3,0,0
110275,6,2,4,8,0,6,117
10124,3,2,1,1,3,0,0
211292,1,1,0,0,0,1,3
9508301,4,1,3,6,4,0,0
12226,3,1,2,3,0,3,5
9810451,4,1,3,6,0,4,12
111324,10,2,8,14,0,10,74
205047,2,1,1,1,0,2,13
103018,4,2,2,2,0,4,22
9501392,10,3,7,28,0,10,41
9910306,1,1,0,0,0,1,1
9710357,9,2,7,14,0,9,20
9805480,1,1,0,0,0,1,4
204135,5,2,3,4,0,5,23
9912357,7,5,2,2,0,7,32
9907307,8,1,7,17,0,8,71
8295,18,6,12,40,0,18,165
2122,1,1,0,0,0,1,8
9909529,5,4,1,1,0,5,31
101138,3,2,1,1,1,2,2
9704420,8,4,4,4,3,5,5
9910543,2,2,0,0,0,2,12
9904460,4,4,0,0,0,4,74
11082,4,2,2,3,0,4,27
8301,4,2,2,2,0,4,52
9705409,12,3,9,26,2,10,25
9803336,2,2,0,0,0,2,4
9406378,10,3,7,16,1,9,16
203255,3,3,0,0,1,2,4
9806333,3,1,2,3,3,0,0
9511285,1,1,0,0,0,1,2
9910457,0,0,0,0,0,0,0
9505431,2,2,0,0,0,2,2
9906518,2,2,0,0,0,2,3
9912500,8,6,2,2,0,8,39
110047,4,1,3,4,1,3,5
9508245,2,1,1,1,2,0,0
211163,1,1,0,0,0,1,5
9908356,4,2,2,2,0,4,5
9408212,6,3,3,4,3,3,4
9209246,4,1,3,5,3,1,1
9509234,2,2,0,0,0,2,2
9804358,1,1,0,0,0,1,3
9605335,9,4,5,12,2,7,11
104247,1,1,0,0,1,0,0
103260,2,2,0,0,1,1,7
9811315,3,3,0,0,0,3,4
9710301,15,7,8,13,7,8,8
9045,1,1,0,0,1,0,0
9512296,7,3,4,6,1,6,10
9805351,1,1,0,0,0,1,4
301042,1,1,0,0,0,1,3
112151,3,3,0,0,2,1,1
9906352,1,1,0,0,0,1,2
111155,3,2,1,1,0,3,40
9712343,10,2,8,24,0,10,34
3188,11,4,7,17,0,11,93
9607453,0,0,0,0,0,0,0
9305252,2,1,1,1,2,0,0
9903214,8,4,4,10,1,7,24
7311,1,1,0,0,0,1,2
9307302,4,3,1,1,4,0,0
9802270,6,3,3,6,0,6,34
106013,2,2,0,0,2,0,0
9908208,5,3,2,3,0,5,35
9308265,15,3,12,29,15,0,0
9711518,3,2,1,1,0,3,22
12227,4,3,1,1,0,4,33
110276,7,1,6,10,0,7,51
9502413,6,3,3,3,6,0,0
109071,2,1,1,1,0,2,9
9406290,1,1,0,0,0,1,1
9507288,3,2,1,1,3,0,0
9603239,8,5,3,4,1,7,14
9604231,8,3,5,6,0,8,15
9607247,2,1,1,1,0,2,5
202202,7,2,5,9,0,7,51
202186,0,0,0,0,0,0,0
9802378,3,3,0,0,1,2,3
9301296,2,1,1,1,2,0,0
9901349,2,1,1,1,0,2,16
12008,1,1,0,0,0,1,5
9908410,0,0,0,0,0,0,0
211105,2,1,1,1,0,2,20
9502314,2,2,0,0,1,1,3
9611299,8,1,7,12,8,0,0
9602360,2,2,0,0,1,1,3
207070,5,1,4,8,1,4,10
9605358,2,2,0,0,0,2,5
9503468,0,0,0,0,0,0,0
9906500,5,3,2,3,1,4,4
9610352,4,2,2,3,0,4,17
9910394,1,1,0,0,0,1,6
12189,7,2,5,8,2,5,5
9802234,3,1,2,3,0,3,3
9310234,7,2,5,6,7,0,0
9309241,5,2,3,3,0,5,17
5060,4,2,2,2,0,4,13
212156,2,1,1,1,0,2,13
9404204,1,1,0,0,1,0,0
9170,7,4,3,3,1,6,12
106287,1,1,0,0,0,1,2
9907254,22,8,14,38,1,21,49
9606457,3,2,1,1,3,0,0
302092,0,0,0,0,0,0,0
109032,6,1,5,10,0,6,29
101031,3,2,1,2,0,3,6
209134,1,1,0,0,0,1,4
111396,1,1,0,0,0,1,2
9908447,5,2,3,3,2,3,4
9709405,2,2,0,0,0,2,12
9710478,3,2,1,1,2,1,3
9706531,9,3,6,11,2,7,21
201254,0,0,0,0,0,0,0
9809283,2,2,0,0,1,1,1
9806327,4,2,2,2,4,0,0
9806349,0,0,0,0,0,0,0
9802326,2,1,1,1,0,2,4
9906356,4,2,2,3,0,4,9
9710276,1,1,0,0,0,1,5
210206,2,2,0,0,0,2,30
206295,2,2,0,0,0,2,7
9708415,1,1,0,0,0,1,10
208235,3,2,1,1,1,2,11
103270,2,2,0,0,0,2,6
1308,8,3,5,6,1,7,28
9709332,2,2,0,0,2,0,0
108244,4,2,2,2,0,4,33
9603220,2,2,0,0,2,0,0
9701225,4,3,1,1,2,2,8
9710544,9,4,5,7,9,0,0
9804361,5,3,2,2,1,4,9
9509421,1,1,0,0,1,0,0
101173,0,0,0,0,0,0,0
9305297,1,1,0,0,1,0,0
9708242,0,0,0,0,0,0,0
9702202,3,3,0,0,1,2,6
9906283,4,2,2,3,0,4,8
9707253,1,1,0,0,0,1,1
109204,4,2,2,2,0,4,11
9511463,2,1,1,1,2,0,0
9910413,1,1,0,0,1,0,0
9709353,21,5,16,35,3,18,62
9902298,0,0,0,0,0,0,0
6212,4,4,0,0,0,4,21
110289,3,1,2,2,0,3,8
9809285,0,0,0,0,0,0,0
10341,1,1,0,0,0,1,21
9805340,10,4,6,17,0,10,16
101001,2,1,1,1,2,0,0
203155,16,12,4,4,1,15,67
207037,2,1,1,1,0,2,8
3085,3,2,1,1,0,3,8
9904244,6,3,3,3,1,5,18
9907337,5,4,1,1,0,5,28
111269,10,3,7,21,0,10,120
9712285,2,1,1,1,0,2,11
9809592,1,1,0,0,1,0,0
9504409,2,1,1,1,1,1,3
9901387,6,4,2,3,0,6,28
9811467,2,1,1,1,2,0,0
9511364,1,1,0,0,1,0,0
9810341,5,2,3,5,0,5,21
102082,1,1,0,0,0,1,5
9706390,1,1,0,0,0,1,1
9808349,4,2,2,3,0,4,17
112252,0,0,0,0,0,0,0
9305329,5,2,3,5,5,0,0
9611461,3,2,1,1,0,3,23
205198,3,2,1,1,1,2,5
207257,0,0,0,0,0,0,0
208134,2,2,0,0,0,2,21
205251,1,1,0,0,0,1,2
102067,7,3,4,7,2,5,6
9510279,3,3,0,0,0,3,14
9908238,0,0,0,0,0,0,0
8309,1,1,0,0,0,1,1
9903202,5,4,1,1,0,5,26
9804326,2,1,1,1,0,2,2
9303250,2,1,1,1,2,0,0
9312336,1,1,0,0,1,0,0
109012,3,1,2,3,0,3,8
9509252,0,0,0,0,0,0,0
301040,5,4,1,1,0,5,33
9512430,3,1,2,3,0,3,3
1022,2,2,0,0,0,2,3
111473,5,3,2,2,0,5,29
9905504,8,3,5,12,0,8,12
9908284,7,1,6,18,1,6,6
5096,2,1,1,1,0,2,37
9310342,2,2,0,0,2,0,0
4162,1,1,0,0,0,1,9
105244,2,2,0,0,0,2,13
209126,1,1,0,0,0,1,2
9912338,8,3,5,13,0,8,82
9408237,0,0,0,0,0,0,0
9707295,2,2,0,0,1,1,1
2097,5,2,3,4,0,5,10
9612311,0,0,0,0,0,0,0
9509300,1,1,0,0,0,1,1
204150,1,1,0,0,0,1,4
9804295,7,1,6,15,0,7,13
6261,0,0,0,0,0,0,0
209253,0,0,0,0,0,0,0
111343,4,3,1,2,1,3,10
9408403,2,2,0,0,2,0,0
9902365,1,1,0,0,0,1,1
110331,4,3,1,1,1,3,26
106183,1,1,0,0,0,1,4
9401343,3,2,1,1,3,0,0
9712413,0,0,0,0,0,0,0
110144,2,2,0,0,0,2,10
9906211,8,4,4,6,1,7,10
9812259,1,1,0,0,0,1,3
110388,0,0,0,0,0,0,0
9808488,2,1,1,1,0,2,7
208251,2,2,0,0,0,2,3
201144,2,1,1,1,0,2,11
9911498,3,1,2,2,0,3,3
9506239,3,3,0,0,1,2,5
201217,5,2,3,5,0,5,15
101211,4,2,2,2,4,0,0
4264,2,2,0,0,0,2,12
9404233,1,1,0,0,0,1,3
201038,1,1,0,0,0,1,4
9710253,4,2,2,2,0,4,12
9909487,1,1,0,0,0,1,2
106324,5,3,2,2,0,5,20
3029,4,4,0,0,0,4,31
9311203,1,1,0,0,1,0,0
103176,1,1,0,0,1,0,0
104129,8,3,5,9,0,8,98
9807279,5,2,3,6,0,5,17
9808212,0,0,0,0,0,0,0
111139,2,2,0,0,0,2,9
209325,3,3,0,0,0,3,5
9803215,2,2,0,0,0,2,10
203036,0,0,0,0,0,0,0
9905331,1,1,0,0,0,1,6
205298,0,0,0,0,0,0,0
9808497,2,1,1,1,0,2,38
106178,3,3,0,0,0,3,21
111434,4,4,0,0,1,3,5
302173,3,2,1,1,0,3,5
9507358,6,3,3,4,4,2,2
209199,1,1,0,0,0,1,2
9610392,1,1,0,0,0,1,2
1030,2,2,0,0,0,2,11
9305333,3,3,0,0,3,0,0
12361,1,1,0,0,0,1,2
208265,2,2,0,0,0,2,9
9604268,2,1,1,1,0,2,2
9708449,0,0,0,0,0,0,0
5057,0,0,0,0,0,0,0
9506447,1,1,0,0,1,0,0
9809395,0,0,0,0,0,0,0
9812450,2,2,0,0,2,0,0
9903470,2,1,1,1,0,2,22
109158,7,3,4,4,1,6,19
103066,1,1,0,0,1,0,0
9911268,0,0,0,0,0,0,0
9802213,2,2,0,0,1,1,3
9504416,0,0,0,0,0,0,0
9410276,1,1,0,0,0,1,4
210316,1,1,0,0,0,1,6
5217,2,1,1,1,2,0,0
204036,1,1,0,0,0,1,2
104007,0,0,0,0,0,0,0
301177,1,1,0,0,0,1,8
110258,1,1,0,0,0,1,17
209184,0,0,0,0,0,0,0
204263,1,1,0,0,0,1,7
209214,3,2,1,1,0,3,40
9901270,0,0,0,0,0,0,0
210175,0,0,0,0,0,0,0
107259,3,2,1,2,0,3,11
9904400,0,0,0,0,0,0,0
205023,2,2,0,0,0,2,7
101220,2,2,0,0,0,2,4
9605328,4,1,3,4,2,2,5
202065,0,0,0,0,0,0,0
9903539,1,1,0,0,0,1,3
9910329,1,1,0,0,0,1,6
12293,0,0,0,0,0,0,0
9504233,5,1,4,9,5,0,0
111199,6,1,5,7,0,6,49
9907299,2,2,0,0,0,2,8
203085,3,2,1,1,0,3,7
106194,2,2,0,0,0,2,14
9605217,1,1,0,0,1,0,0
9332,0,0,0,0,0,0,0
9811450,0,0,0,0,0,0,0
110418,1,1,0,0,1,0,0
9803318,0,0,0,0,0,0,0
9806504,1,1,0,0,0,1,2
301049,0,0,0,0,0,0,0
205195,0,0,0,0,0,0,0
9511425,0,0,0,0,0,0,0
9812479,7,1,6,19,7,0,0
9709233,1,1,0,0,1,0,0
205217,2,1,1,1,2,0,0
9911218,2,1,1,1,2,0,0
9808397,1,1,0,0,1,0,0
203093,2,2,0,0,0,2,6
9012,2,1,1,1,0,2,2
9701355,1,1,0,0,1,0,0
9508371,0,0,0,0,0,0,0
9502241,0,0,0,0,0,0,0
9606232,0,0,0,0,0,0,0
9709472,0,0,0,0,0,0,0
9708411,3,2,1,1,1,2,5
112070,1,1,0,0,0,1,3
208066,1,1,0,0,0,1,4
9509215,0,0,0,0,0,0,0
9308350,1,1,0,0,1,0,0
9712405,0,0,0,0,0,0,0
208119,1,1,0,0,0,1,4
206262,2,1,1,1,0,2,20
9812294,1,1,0,0,0,1,2
104255,5,4,1,1,0,5,16
9711375,0,0,0,0,0,0,0
11347,1,1,0,0,1,0,0
11117,0,0,0,0,0,0,0
9407298,2,2,0,0,2,0,0
9910400,1,1,0,0,0,1,1
9807366,0,0,0,0,0,0,0
302007,0,0,0,0,0,0,0
9803388,0,0,0,0,0,0,0
203032,2,2,0,0,0,2,18
111097,0,0,0,0,0,0,0
109055,0,0,0,0,0,0,0
301031,0,0,0,0,0,0,0
8185,2,1,1,1,2,0,0
201122,0,0,0,0,0,0,0
9809317,0,0,0,0,0,0,0
9911515,1,1,0,0,1,0,0
11158,0,0,0,0,0,0,0
108062,4,1,3,6,0,4,17
6155,0,0,0,0,0,0,0
110394,3,2,1,1,0,3,10
9607209,3,2,1,1,3,0,0
9901390,2,2,0,0,1,1,1
9609254,1,1,0,0,1,0,0
9502253,3,1,2,2,3,0,0
9710285,0,0,0,0,0,0,0
301037,0,0,0,0,0,0,0
9904327,1,1,0,0,0,1,2
110231,0,0,0,0,0,0,0
201078,1,1,0,0,0,1,2
102183,1,1,0,0,0,1,5
9412271,5,1,4,5,5,0,0
209077,4,4,0,0,0,4,29
206040,1,1,0,0,0,1,1
7139,0,0,0,0,0,0,0
202146,0,0,0,0,0,0,0
205348,1,1,0,0,0,1,9
9607445,0,0,0,0,0,0,0
9911538,1,1,0,0,1,0,0
212309,0,0,0,0,0,0,0
9708383,1,1,0,0,1,0,0
102284,0,0,0,0,0,0,0
103247,0,0,0,0,0,0,0
9407275,2,2,0,0,2,0,0
212339,0,0,0,0,0,0,0
9501370,0,0,0,0,0,0,0
9506373,0,0,0,0,0,0,0
109203,1,1,0,0,1,0,0
9405319,0,0,0,0,0,0,0
212174,0,0,0,0,0,0,0
12042,0,0,0,0,0,0,0
207328,1,1,0,0,0,1,5
9509395,0,0,0,0,0,0,0
9809231,0,0,0,0,0,0,0
208182,0,0,0,0,0,0,0
210330,2,1,1,1,0,2,7
210158,0,0,0,0,0,0,0
9610234,0,0,0,0,0,0,0
211149,0,0,0,0,0,0,0
207094,1,1,0,0,0,1,1
102114,1,1,0,0,0,1,2
110306,0,0,0,0,0,0,0
9706492,0,0,0,0,0,0,0
8031,0,0,0,0,0,0,0
301054,0,0,0,0,0,0,0
1182,2,1,1,1,0,2,6
10120,1,1,0,0,1,0,0
11038,0,0,0,0,0,0,0
12323,1,1,0,0,0,1,1
212319,0,0,0,0,0,0,0
9701202,0,0,0,0,0,0,0
211139,0,0,0,0,0,0,0
105248,1,1,0,0,0,1,6
211045,0,0,0,0,0,0,0
9803278,0,0,0,0,0,0,0
205139,0,0,0,0,0,0,0
9303261,2,2,0,0,2,0,0
11079,2,2,0,0,1,1,5
9508238,0,0,0,0,0,0,0
203011,1,1,0,0,0,1,1
9712274,1,1,0,0,0,1,1
9323,0,0,0,0,0,0,0
102239,1,1,0,0,0,1,3
9912310,4,1,3,3,1,3,5
9609372,4,1,3,5,4,0,0
9901328,0,0,0,0,0,0,0
210440,0,0,0,0,0,0,0
207232,0,0,0,0,0,0,0
110120,1,1,0,0,1,0,0
111204,0,0,0,0,0,0,0
301035,0,0,0,0,0,0,0
211097,0,0,0,0,0,0,0
204057,0,0,0,0,0,0,0
9909553,0,0,0,0,0,0,0
301153,0,0,0,0,0,0,0
9402344,0,0,0,0,0,0,0
212403,0,0,0,0,0,0,0
9605333,1,1,0,0,1,0,0
111459,0,0,0,0,0,0,0
9811409,0,0,0,0,0,0,0
206146,0,0,0,0,0,0,0
9404350,0,0,0,0,0,0,0
104257,0,0,0,0,0,0,0
106200,0,0,0,0,0,0,0
9509235,0,0,0,0,0,0,0
9701258,0,0,0,0,0,0,0
302177,0,0,0,0,0,0,0
9508331,0,0,0,0,0,0,0
211397,0,0,0,0,0,0,0
9912495,0,0,0,0,0,0,0
9303318,0,0,0,0,0,0,0
107315,0,0,0,0,0,0,0
9808482,0,0,0,0,0,0,0
204306,3,3,0,0,0,3,40
9507360,1,1,0,0,1,0,0
9709434,0,0,0,0,0,0,0
1186,1,1,0,0,1,0,0
9605205,1,1,0,0,0,1,1
9068,1,1,0,0,0,1,2
9905492,1,1,0,0,0,1,11
9810414,1,1,0,0,0,1,4
9602413,0,0,0,0,0,0,0
9512422,0,0,0,0,0,0,0
9901301,1,1,0,0,0,1,3
9805453,3,1,2,2,3,0,0
301169,0,0,0,0,0,0,0
9912239,0,0,0,0,0,0,0
12126,2,1,1,1,2,0,0
9804405,0,0,0,0,0,0,0
9903545,0,0,0,0,0,0,0
12144,0,0,0,0,0,0,0
9601318,0,0,0,0,0,0,0
9802249,0,0,0,0,0,0,0
205120,0,0,0,0,0,0,0
210298,1,1,0,0,0,1,6
212189,0,0,0,0,0,0,0
211151,0,0,0,0,0,0,0
302210,0,0,0,0,0,0,0
112335,0,0,0,0,0,0,0
105337,0,0,0,0,0,0,0
9218,0,0,0,0,0,0,0
103071,0,0,0,0,0,0,0
110082,1,1,0,0,0,1,4
211010,0,0,0,0,0,0,0
206261,0,0,0,0,0,0,0
9810380,0,0,0,0,0,0,0
212357,0,0,0,0,0,0,0
203257,0,0,0,0,0,0,0
9811462,1,1,0,0,0,1,3
302106,0,0,0,0,0,0,0
104194,0,0,0,0,0,0,0
6112,0,0,0,0,0,0,0
106039,1,1,0,0,0,1,1
205285,0,0,0,0,0,0,0
302020,0,0,0,0,0,0,0
9804245,0,0,0,0,0,0,0
9904392,0,0,0,0,0,0,0
3265,0,0,0,0,0,0,0
210277,1,1,0,0,0,1,5
9911495,0,0,0,0,0,0,0
9905419,0,0,0,0,0,0,0
9505323,0,0,0,0,0,0,0
9909277,0,0,0,0,0,0,0
9511438,0,0,0,0,0,0,0
9905385,0,0,0,0,0,0,0
12234,0,0,0,0,0,0,0
106303,0,0,0,0,0,0,0
104231,1,1,0,0,1,0,0
102066,0,0,0,0,0,0,0
9907244,0,0,0,0,0,0,0
207325,0,0,0,0,0,0,0
104209,0,0,0,0,0,0,0
9711366,0,0,0,0,0,0,0
5143,0,0,0,0,0,0,0
9910218,0,0,0,0,0,0,0
8172,0,0,0,0,0,0,0
3046,0,0,0,0,0,0,0
204065,0,0,0,0,0,0,0
9809389,0,0,0,0,0,0,0
9410314,0,0,0,0,0,0,0
9509397,0,0,0,0,0,0,0
9809528,0,0,0,0,0,0,0
210029,0,0,0,0,0,0,0
11279,1,1,0,0,1,0,0
110410,0,0,0,0,0,0,0
204133,0,0,0,0,0,0,0
9704356,0,0,0,0,0,0,0
9611252,0,0,0,0,0,0,0
301207,0,0,0,0,0,0,0
9802398,0,0,0,0,0,0,0
102302,0,0,0,0,0,0,0
9405210,0,0,0,0,0,0,0
9809345,0,0,0,0,0,0,0
212036,0,0,0,0,0,0,0
9301256,1,1,0,0,1,0,0
207019,0,0,0,0,0,0,0
208124,1,1,0,0,0,1,16
9308305,0,0,0,0,0,0,0
9501309,0,0,0,0,0,0,0
9305,0,0,0,0,0,0,0
9811424,0,0,0,0,0,0,0
211298,0,0,0,0,0,0,0
203142,0,0,0,0,0,0,0
9809201,0,0,0,0,0,0,0
9307246,1,1,0,0,1,0,0
111350,0,0,0,0,0,0,0
102244,0,0,0,0,0,0,0
205197,0,0,0,0,0,0,0
211325,0,0,0,0,0,0,0
10336,0,0,0,0,0,0,0
9609483,0,0,0,0,0,0,0
111088,0,0,0,0,0,0,0
11169,0,0,0,0,0,0,0
9608316,0,0,0,0,0,0,0
12341,0,0,0,0,0,0,0
9505228,0,0,0,0,0,0,0
9508214,0,0,0,0,0,0,0
210156,0,0,0,0,0,0,0
