fp_int_id,cp_level,cp_r_citing_zero,cp_r_citing_nonzero,tr_citing,cp_r_cited_zero,cp_r_cited_nonzero,tr_cited
9907233,1,1,0,0,0,1,5
9304257,82,4,78,919,39,43,43
9502363,29,2,27,182,6,23,55
9301212,22,6,16,40,1,21,21
9702321,9,1,8,11,2,7,16
9608317,18,3,15,65,18,0,0
9612402,18,2,16,70,1,17,44
105325,6,3,3,3,0,6,29
9702265,24,4,20,67,0,24,68
9808443,15,2,13,35,8,7,7
9307342,22,4,18,39,22,0,0
9904287,10,4,6,12,1,9,25
9409320,7,1,6,9,7,0,0
9611363,38,3,35,146,2,36,143
9307371,30,3,27,154,22,8,8
9407248,17,3,14,34,2,15,29
9809266,8,2,6,12,7,1,2
9904210,31,2,29,117,0,31,446
9710209,37,3,34,154,0,37,310
9906516,31,2,29,160,0,31,165
9903460,22,2,20,71,0,22,167
9505395,11,2,9,19,8,3,5
9212204,19,6,13,40,19,0,0
9503439,30,8,22,76,30,0,0
9312214,3,2,1,1,1,2,7
9407247,97,3,94,1038,97,0,0
9211325,5,2,3,3,1,4,4
9606467,7,2,5,14,1,6,11
9708213,6,2,4,6,0,6,12
9306205,46,16,30,102,17,29,29
9511288,104,3,101,1242,44,60,60
9803308,6,2,4,4,0,6,19
9509204,84,3,81,787,4,80,404
9705356,31,7,24,161,1,30,139
8004,16,1,15,48,4,12,14
9910237,31,2,29,179,1,30,236
9801271,36,20,16,42,0,36,568
9612490,13,4,9,20,0,13,49
9709306,12,4,8,18,0,12,126
9412393,21,3,18,47,3,18,22
9607214,38,2,36,241,19,19,26
9412340,24,1,23,126,24,0,0
104122,0,0,0,0,0,0,0
9603404,86,3,83,805,2,84,317
108226,1,1,0,0,0,1,5
9406428,18,2,16,76,3,15,15
9311209,3,1,2,2,3,0,0
9707222,7,3,4,12,0,7,16
9801443,26,6,20,62,1,25,100
9603412,12,4,8,22,1,11,43
9308315,22,3,19,103,1,21,36
9310276,24,8,16,76,17,7,7
9407405,12,4,8,22,12,0,0
9708239,22,2,20,79,1,21,140
9411220,6,3,3,5,6,0,0
9702201,12,3,9,15,6,6,6
9407337,4,1,3,4,4,0,0
9908388,15,6,9,44,0,15,46
4270,5,2,3,7,0,5,8
9507237,17,4,13,36,7,10,26
6083,4,1,3,4,0,4,21
9703437,29,1,28,93,1,28,175
9703213,15,2,13,49,15,0,0
9907517,7,1,6,14,0,7,59
9607293,8,2,6,14,8,0,0
9402219,18,3,15,38,18,0,0
9904267,63,7,56,309,0,63,454
9608364,3,2,1,1,1,2,2
9409269,18,1,17,54,1,17,28
9410218,6,1,5,7,6,0,0
9306294,44,3,41,257,22,22,22
9910299,5,2,3,5,0,5,66
9702210,21,4,17,57,10,11,22
9801453,3,3,0,0,0,3,22
9705347,57,5,52,324,0,57,221
2032,7,3,4,9,0,7,25
9912251,42,2,40,376,2,40,99
1095,40,3,37,212,0,40,429
9811473,90,2,88,1207,3,87,389
9909574,60,3,57,475,1,59,635
9910313,44,2,42,272,0,44,465
3150,15,3,12,22,0,15,78
206020,16,2,14,60,2,14,45
9209269,27,6,21,103,27,0,0
9910506,2,2,0,0,0,2,8
9605447,13,6,7,9,0,13,65
9411281,2,1,1,1,2,0,0
9404293,6,2,4,10,6,0,0
9510370,13,3,10,34,1,12,16
9706268,11,1,10,33,0,11,27
9905436,7,2,5,12,0,7,7
9501341,58,1,57,602,58,0,0
9707207,4,1,3,4,4,0,0
9903207,8,4,4,6,0,8,35
9703379,32,2,30,175,0,32,115
9411301,35,1,34,134,35,0,0
9408242,25,2,23,92,3,22,41
9605440,8,1,7,11,3,5,5
208177,19,6,13,21,0,19,149
9701231,25,3,22,104,3,22,56
9501334,69,6,63,566,15,54,54
9041,15,2,13,33,1,14,41
9706238,9,3,6,17,0,9,15
9209256,18,4,14,81,18,0,0
202110,11,6,5,9,0,11,188
101020,7,3,4,6,0,7,35
9908531,27,1,26,163,1,26,100
9808459,38,2,36,238,2,36,102
9406390,31,3,28,145,6,25,49
12123,8,2,6,18,0,8,109
9308274,19,3,16,60,14,5,5
5259,14,1,13,39,4,10,17
9901256,3,2,1,1,0,3,11
9411255,10,3,7,10,0,10,10
9701284,87,2,85,997,1,86,295
9503415,10,2,8,19,0,10,30
9610456,13,4,9,22,1,12,88
9603408,21,2,19,57,10,11,11
9910250,18,4,14,28,0,18,127
9702408,14,2,12,20,2,12,29
9905395,20,3,17,80,0,20,511
9909240,4,1,3,4,0,4,28
9604383,53,2,51,338,37,16,16
10075,37,1,36,330,0,37,496
207043,10,5,5,6,0,10,85
210009,4,4,0,0,0,4,62
107287,4,2,2,3,0,4,18
9706344,64,1,63,428,4,60,177
9701311,7,1,6,9,0,7,17
9904262,39,3,36,202,0,39,728
9910498,16,4,12,33,0,16,49
9709364,32,2,30,182,0,32,77
106166,62,2,60,516,0,62,331
9611310,6,3,3,4,1,5,9
9405296,29,3,26,116,29,0,0
9604244,18,3,15,57,0,18,47
9811444,4,1,3,3,4,0,0
9612232,6,2,4,5,0,6,30
203158,3,1,2,3,0,3,24
110317,7,4,3,3,0,7,38
9906225,3,2,1,1,0,3,9
9809427,51,5,46,190,0,51,442
9411365,144,9,135,1359,0,144,571
9510333,15,2,13,25,0,15,48
9510350,15,2,13,35,15,0,0
9212268,10,2,8,20,10,0,0
9509432,11,4,7,11,5,6,6
103151,15,2,13,49,0,15,23
2134,16,3,13,41,0,16,84
9709244,0,0,0,0,0,0,0
9801391,38,5,33,232,0,38,336
9605226,2,1,1,1,0,2,6
9707239,10,1,9,21,0,10,134
9501402,2,1,1,1,0,2,8
9312279,20,2,18,71,20,0,0
9907489,46,3,43,276,0,46,533
6096,11,3,8,18,0,11,107
9809456,3,3,0,0,3,0,0
9412381,13,1,12,41,9,4,5
9710270,57,2,55,400,0,57,285
9705475,0,0,0,0,0,0,0
9306289,39,1,38,185,39,0,0
9903411,7,3,4,9,0,7,70
9512404,48,2,46,225,0,48,172
9812513,9,4,5,8,0,9,38
204221,8,5,3,6,0,8,61
9803256,35,7,28,102,0,35,339
9406236,3,1,2,3,3,0,0
9501231,31,8,23,91,15,16,28
9605276,2,1,1,1,0,2,5
9707249,10,3,7,23,0,10,43
9904344,19,4,15,63,2,17,17
9806493,9,1,8,14,2,7,7
9504248,69,1,68,518,3,66,131
9702423,17,1,16,73,0,17,149
9601338,5,1,4,6,2,3,8
9407372,10,3,7,10,10,0,0
9805275,4,2,2,3,0,4,17
101263,0,0,0,0,0,0,0
9904245,2,1,1,1,0,2,2
9205214,20,2,18,85,20,0,0
9706230,10,6,4,9,0,10,26
9707372,1,1,0,0,0,1,11
9805358,6,4,2,3,0,6,14
9406271,36,2,34,220,17,19,19
9812447,2,2,0,0,0,2,8
9903455,22,6,16,47,0,22,135
9811406,7,1,6,13,2,5,11
9805286,0,0,0,0,0,0,0
9807298,5,2,3,5,0,5,19
9912301,3,2,1,2,0,3,15
9904247,1,1,0,0,0,1,7
9711411,3,1,2,2,1,2,2
9411380,2,1,1,1,2,0,0
106195,14,3,11,38,0,14,82
9207241,6,2,4,7,6,0,0
9805316,13,3,10,27,1,12,19
9710521,41,2,39,194,1,40,184
9906277,14,3,11,30,2,12,29
9905227,19,1,18,90,0,19,264
9802401,5,1,4,5,0,5,47
2287,33,3,30,162,0,33,253
101264,1,1,0,0,0,1,8
9507436,11,2,9,19,11,0,0
9512267,4,1,3,4,0,4,22
2267,17,5,12,26,8,9,10
207036,7,1,6,13,0,7,36
9905528,2,1,1,1,1,1,1
9703427,44,3,41,271,0,44,222
9801251,15,4,11,17,0,15,93
9807469,1,1,0,0,0,1,4
9806416,5,1,4,5,0,5,18
9809338,5,4,1,1,1,4,15
9608406,11,7,4,6,0,11,109
9705294,5,2,3,4,0,5,10
9405374,4,1,3,5,1,3,3
9409361,11,2,9,30,2,9,9
9906417,5,3,2,2,0,5,47
9701373,4,2,2,3,4,0,0
9605337,5,2,3,6,5,0,0
9710280,12,2,10,28,4,8,8
9905231,1,1,0,0,0,1,1
9709420,14,3,11,27,0,14,21
9708432,3,3,0,0,0,3,3
104137,22,3,19,85,5,17,17
9610223,16,4,12,24,9,7,7
9807495,4,1,3,5,0,4,6
9502388,1,1,0,0,0,1,6
104277,11,3,8,23,1,10,47
9809247,18,3,15,59,0,18,183
9412294,11,2,9,15,7,4,6
101251,3,2,1,1,0,3,9
8056,17,3,14,33,5,12,16
9710293,1,1,0,0,1,0,0
9711231,32,2,30,140,4,28,57
9802376,2,2,0,0,2,0,0
9609441,9,1,8,31,9,0,0
9807452,3,2,1,2,0,3,3
9501379,22,3,19,61,1,21,37
5270,6,3,3,4,0,6,30
9409356,8,1,7,13,0,8,15
9803493,4,1,3,6,0,4,15
9702352,2,2,0,0,0,2,6
9304275,17,1,16,55,17,0,0
9507449,9,2,7,12,9,0,0
103072,16,3,13,60,0,16,117
9411204,3,2,1,1,1,2,15
9405209,8,1,7,18,0,8,8
9601343,8,4,4,8,0,8,19
1059,6,3,3,5,0,6,60
9610510,2,1,1,1,0,2,15
9806487,4,1,3,3,4,0,0
9905266,4,1,3,3,0,4,9
9603241,1,1,0,0,1,0,0
211446,0,0,0,0,0,0,0
9907365,7,1,6,11,0,7,65
9301255,5,2,3,6,0,5,5
9160,4,1,3,5,0,4,25
9410269,7,2,5,12,0,7,47
9707269,5,2,3,4,0,5,32
9603428,12,3,9,32,12,0,0
9312251,10,6,4,5,10,0,0
202210,15,3,12,33,0,15,87
9804433,2,2,0,0,0,2,11
206193,4,4,0,0,0,4,13
112230,7,3,4,10,1,6,80
9503445,4,2,2,3,0,4,14
9702286,6,1,5,10,0,6,17
9905316,5,3,2,2,0,5,23
203237,5,3,2,4,0,5,48
9510287,3,3,0,0,0,3,23
207003,8,1,7,17,0,8,113
9903386,4,2,2,2,4,0,0
9510425,9,1,8,16,0,9,35
9205203,12,3,9,14,12,0,0
9507293,6,5,1,1,6,0,0
104108,22,3,19,69,0,22,360
7112,16,7,9,27,0,16,110
9602395,3,3,0,0,0,3,7
9806291,2,1,1,1,1,1,13
9211314,6,3,3,6,6,0,0
101249,7,3,4,6,0,7,111
9705445,7,3,4,6,0,7,29
9612355,4,3,1,2,0,4,17
111028,6,3,3,4,0,6,19
9812215,1,1,0,0,0,1,3
9601326,11,3,8,10,0,11,21
9701343,4,2,2,2,0,4,11
9712243,1,1,0,0,0,1,6
10328,6,2,4,9,0,6,78
9805393,0,0,0,0,0,0,0
9706525,6,1,5,7,6,0,0
4056,31,2,29,235,0,31,87
4071,17,3,14,58,1,16,78
9303311,20,2,18,47,20,0,0
9907432,18,4,14,38,0,18,186
108182,6,3,3,6,0,6,37
7252,7,2,5,12,0,7,34
9812403,1,1,0,0,0,1,1
9704353,12,3,9,19,0,12,43
9709319,5,2,3,5,0,5,73
9908527,1,1,0,0,1,0,0
9901445,10,1,9,24,1,9,12
9701344,2,1,1,1,2,0,0
9908230,4,4,0,0,0,4,13
9206240,4,2,2,3,4,0,0
9807505,5,5,0,0,5,0,0
101034,5,2,3,4,0,5,55
105154,6,2,4,6,1,5,28
9810246,1,1,0,0,0,1,2
9603279,18,3,15,53,18,0,0
9612451,14,4,10,40,1,13,27
6244,11,4,7,12,1,10,20
9607484,3,2,1,1,0,3,33
9602220,2,2,0,0,0,2,7
111019,3,1,2,3,0,3,7
9703447,6,3,3,6,6,0,0
7125,1,1,0,0,1,0,0
111150,21,8,13,41,0,21,166
9610513,3,1,2,3,0,3,6
9805207,6,3,3,3,0,6,14
9603449,12,5,7,12,0,12,92
9310336,9,1,8,23,9,0,0
5158,5,3,2,3,0,5,15
9708295,2,2,0,0,2,0,0
9609520,6,2,4,6,0,6,12
111377,2,1,1,1,0,2,14
9802386,3,2,1,1,0,3,17
9704204,5,2,3,6,0,5,9
3144,2,2,0,0,0,2,7
9604277,6,1,5,13,0,6,16
206019,1,1,0,0,0,1,18
9904483,11,2,9,15,4,7,9
9411287,25,6,19,60,12,13,15
207253,1,1,0,0,0,1,9
9306252,5,4,1,1,0,5,10
9405324,3,1,2,3,3,0,0
6044,0,0,0,0,0,0,0
9807373,2,2,0,0,0,2,7
9902464,2,1,1,1,0,2,9
9507285,1,1,0,0,1,0,0
9410254,3,2,1,1,3,0,0
7005,15,3,12,49,0,15,143
105292,16,5,11,26,1,15,95
9812290,2,2,0,0,0,2,14
9908445,1,1,0,0,1,0,0
9706211,2,1,1,1,2,0,0
9912449,0,0,0,0,0,0,0
9903490,1,1,0,0,0,1,7
9904421,10,3,7,16,0,10,60
104186,9,2,7,23,0,9,87
9703325,1,1,0,0,1,0,0
9610467,10,1,9,21,2,8,19
9403282,4,3,1,3,4,0,0
9410217,1,1,0,0,1,0,0
11006,2,2,0,0,0,2,22
9911366,12,1,11,33,0,12,76
9701230,2,1,1,1,1,1,1
11053,16,1,15,64,1,15,115
9612374,7,3,4,9,0,7,14
9911527,1,1,0,0,0,1,2
9903528,0,0,0,0,0,0,0
106067,18,2,16,29,2,16,38
9712394,7,2,5,10,0,7,15
9801379,14,2,12,31,0,14,66
9712315,7,3,4,7,0,7,9
10177,8,3,5,12,0,8,38
9910562,6,3,3,5,0,6,41
9304298,13,7,6,18,8,5,12
9511231,1,1,0,0,1,0,0
9708358,13,7,6,14,0,13,68
9803464,6,4,2,3,0,6,31
9403379,6,2,4,9,6,0,0
103023,9,7,2,2,0,9,46
9602302,19,5,14,42,0,19,101
112345,11,1,10,28,0,11,92
102070,5,2,3,4,3,2,5
9504273,5,2,3,5,5,0,0
9901285,0,0,0,0,0,0,0
2047,3,1,2,3,3,0,0
9707258,1,1,0,0,0,1,1
207110,7,4,3,4,0,7,47
110366,7,3,4,8,7,0,0
107053,3,3,0,0,0,3,20
1189,9,1,8,23,1,8,8
9308229,6,1,5,13,6,0,0
9809430,3,1,2,3,0,3,5
9903480,2,1,1,1,1,1,2
207327,7,3,4,5,0,7,26
110304,1,1,0,0,0,1,2
9204237,2,2,0,0,2,0,0
9403268,2,1,1,1,0,2,6
9906508,4,3,1,1,0,4,37
9807465,6,2,4,8,3,3,4
9305279,5,4,1,1,5,0,0
9702412,11,1,10,18,0,11,42
301102,0,0,0,0,0,0,0
9905562,2,2,0,0,0,2,9
4035,3,1,2,2,0,3,6
9803202,1,1,0,0,0,1,3
9804389,0,0,0,0,0,0,0
9603222,2,2,0,0,2,0,0
9907417,5,4,1,1,0,5,17
9901220,2,1,1,1,0,2,21
9409412,6,4,2,4,6,0,0
9712379,2,1,1,1,0,2,2
207026,0,0,0,0,0,0,0
9217,4,3,1,1,0,4,53
9502278,14,9,5,9,14,0,0
10147,3,2,1,1,0,3,10
9607480,0,0,0,0,0,0,0
208112,2,2,0,0,0,2,23
106311,8,4,4,11,0,8,82
9907498,10,6,4,5,1,9,20
9808231,3,1,2,2,0,3,5
9702427,0,0,0,0,0,0,0
9801235,7,3,4,7,0,7,46
105288,5,5,0,0,0,5,32
205248,1,1,0,0,0,1,17
103343,16,5,11,37,0,16,122
302076,1,1,0,0,0,1,2
1334,0,0,0,0,0,0,0
9712421,2,2,0,0,2,0,0
9502220,1,1,0,0,1,0,0
9310229,5,5,0,0,5,0,0
9909530,0,0,0,0,0,0,0
9908260,15,4,11,45,0,15,136
9510319,4,4,0,0,4,0,0
9711442,11,7,4,8,0,11,42
105182,1,1,0,0,0,1,15
111237,1,1,0,0,0,1,1
9504310,2,1,1,1,0,2,21
11082,2,2,0,0,0,2,19
4234,5,2,3,4,0,5,37
9211302,12,3,9,21,6,6,6
9409289,4,3,1,1,4,0,0
9503478,9,2,7,21,9,0,0
9311277,6,3,3,5,0,6,16
9809413,4,2,2,2,0,4,39
9909337,11,1,10,38,1,10,102
6271,5,1,4,10,0,5,70
9510227,3,2,1,1,2,1,1
9705407,3,2,1,1,3,0,0
9906284,8,5,3,4,0,8,40
9803403,8,1,7,13,1,7,19
9712415,7,3,4,8,7,0,0
9908482,1,1,0,0,1,0,0
9506356,8,2,6,11,8,0,0
110339,0,0,0,0,0,0,0
9604411,0,0,0,0,0,0,0
107264,2,2,0,0,0,2,21
9805433,5,1,4,6,2,3,3
9402226,1,1,0,0,0,1,4
9209207,3,2,1,1,3,0,0
9909324,9,3,6,11,0,9,62
108069,6,1,5,8,0,6,38
9807266,15,3,12,49,0,15,35
9902264,1,1,0,0,1,0,0
9610535,2,2,0,0,0,2,4
7015,4,1,3,4,0,4,26
9209288,3,1,2,3,3,0,0
9502264,2,2,0,0,0,2,2
9510284,16,5,11,46,8,8,8
107099,8,1,7,16,0,8,50
209222,3,1,2,2,0,3,23
112185,1,1,0,0,0,1,6
9512232,3,3,0,0,0,3,14
9803452,1,1,0,0,1,0,0
9806444,2,1,1,1,0,2,4
9805376,3,2,1,1,0,3,9
9708259,1,1,0,0,0,1,2
9711448,0,0,0,0,0,0,0
201302,3,1,2,3,2,1,1
9709310,0,0,0,0,0,0,0
9501390,3,2,1,1,0,3,6
9902401,3,1,2,3,0,3,43
7170,1,1,0,0,0,1,1
9908208,4,3,1,1,0,4,12
9710422,6,2,4,6,6,0,0
8163,3,3,0,0,0,3,19
204240,1,1,0,0,0,1,6
9902304,3,2,1,2,0,3,18
102276,3,1,2,3,1,2,2
204178,0,0,0,0,0,0,0
9702308,1,1,0,0,1,0,0
2151,8,2,6,18,1,7,33
2078,15,6,9,15,0,15,126
9906288,2,2,0,0,0,2,2
9905488,2,1,1,1,0,2,8
203087,1,1,0,0,0,1,6
9310375,0,0,0,0,0,0,0
6291,1,1,0,0,1,0,0
202195,6,1,5,12,0,6,52
9610530,1,1,0,0,0,1,1
9512440,0,0,0,0,0,0,0
109186,8,4,4,4,0,8,42
101030,4,4,0,0,2,2,7
211017,0,0,0,0,0,0,0
202138,3,1,2,2,0,3,19
9512304,1,1,0,0,0,1,4
9808217,2,2,0,0,0,2,12
9609270,0,0,0,0,0,0,0
9409227,3,3,0,0,1,2,2
9704442,1,1,0,0,0,1,1
9903201,6,2,4,6,3,3,3
208048,2,1,1,1,2,0,0
9601267,6,5,1,1,0,6,17
9904447,2,1,1,1,2,0,0
209145,1,1,0,0,0,1,3
9905255,8,2,6,12,8,0,0
9610262,11,1,10,30,1,10,24
9606302,5,2,3,3,1,4,4
112160,7,3,4,5,0,7,46
9803386,0,0,0,0,0,0,0
4053,2,2,0,0,0,2,14
9612250,8,3,5,11,4,4,9
9902390,5,1,4,4,0,5,49
11076,5,1,4,5,0,5,8
9807304,0,0,0,0,0,0,0
9906390,0,0,0,0,0,0,0
9704439,3,2,1,1,1,2,3
11322,3,2,1,1,3,0,0
204097,0,0,0,0,0,0,0
9812526,6,3,3,5,0,6,11
9702346,0,0,0,0,0,0,0
112114,3,1,2,2,0,3,16
9710220,0,0,0,0,0,0,0
111395,1,1,0,0,0,1,2
9601257,1,1,0,0,0,1,3
9802227,1,1,0,0,0,1,2
212001,0,0,0,0,0,0,0
9710376,5,3,2,2,1,4,7
208199,0,0,0,0,0,0,0
9607345,0,0,0,0,0,0,0
9608342,1,1,0,0,1,0,0
9710502,1,1,0,0,1,0,0
9603364,1,1,0,0,0,1,1
9604382,4,2,2,3,0,4,7
9411201,5,3,2,2,1,4,4
209309,0,0,0,0,0,0,0
9803402,2,1,1,1,2,0,0
9810201,2,2,0,0,0,2,3
9508402,6,1,5,9,0,6,19
112322,9,1,8,26,0,9,81
9810520,1,1,0,0,0,1,13
9607351,2,2,0,0,0,2,5
205208,19,3,16,34,0,19,114
9910256,6,1,5,9,1,5,9
4047,4,1,3,4,2,2,2
110050,1,1,0,0,1,0,0
9204220,2,1,1,1,2,0,0
9308231,0,0,0,0,0,0,0
105279,6,2,4,5,0,6,19
12345,3,3,0,0,3,0,0
201204,1,1,0,0,0,1,6
9610417,1,1,0,0,1,0,0
9401341,2,1,1,1,1,1,1
9802367,6,2,4,10,0,6,57
10062,4,1,3,3,0,4,9
9611435,0,0,0,0,0,0,0
9312218,2,2,0,0,0,2,4
9704386,3,3,0,0,3,0,0
7172,13,3,10,39,2,11,43
8335,1,1,0,0,0,1,3
9508307,0,0,0,0,0,0,0
9805512,2,2,0,0,0,2,4
9802364,5,1,4,8,5,0,0
9301293,3,2,1,1,3,0,0
9405330,0,0,0,0,0,0,0
7053,2,2,0,0,2,0,0
9606264,13,3,10,21,13,0,0
10030,11,1,10,31,3,8,24
9804291,3,3,0,0,1,2,2
9503381,4,2,2,3,4,0,0
203090,5,1,4,8,0,5,21
9708401,0,0,0,0,0,0,0
9412277,5,1,4,5,5,0,0
104011,1,1,0,0,0,1,3
9906432,5,1,4,7,0,5,22
110125,0,0,0,0,0,0,0
209336,1,1,0,0,0,1,3
9907259,1,1,0,0,0,1,6
9910407,5,3,2,2,0,5,29
9710542,1,1,0,0,1,0,0
211034,0,0,0,0,0,0,0
9410224,4,2,2,4,2,2,2
9909431,1,1,0,0,0,1,1
205235,1,1,0,0,0,1,12
9510347,1,1,0,0,0,1,1
9605255,1,1,0,0,1,0,0
207213,1,1,0,0,0,1,40
9809288,1,1,0,0,0,1,2
9803413,0,0,0,0,0,0,0
7020,1,1,0,0,0,1,3
9809571,4,1,3,4,0,4,19
9804314,0,0,0,0,0,0,0
9809421,2,1,1,1,0,2,4
8276,0,0,0,0,0,0,0
3167,9,2,7,16,1,8,63
10306,4,1,3,3,0,4,22
205040,8,4,4,5,0,8,43
10152,0,0,0,0,0,0,0
9809372,3,1,2,3,3,0,0
2074,5,4,1,1,0,5,15
9903401,0,0,0,0,0,0,0
9403305,3,3,0,0,0,3,4
104306,5,1,4,7,0,5,11
9507309,2,2,0,0,2,0,0
9907465,2,2,0,0,0,2,10
9903410,2,1,1,1,0,2,5
9512238,0,0,0,0,0,0,0
9311242,2,2,0,0,2,0,0
1025,9,1,8,24,0,9,36
9902223,4,3,1,2,0,4,24
9608319,3,3,0,0,1,2,3
9401252,5,3,2,3,5,0,0
108158,2,2,0,0,0,2,23
5071,1,1,0,0,0,1,14
9509252,0,0,0,0,0,0,0
210286,0,0,0,0,0,0,0
206305,1,1,0,0,0,1,3
9804257,6,2,4,5,1,5,5
111180,2,2,0,0,0,2,7
9807226,0,0,0,0,0,0,0
9203207,5,1,4,10,5,0,0
9309284,2,2,0,0,2,0,0
210102,1,1,0,0,0,1,2
9601342,3,3,0,0,3,0,0
9806442,3,1,2,2,0,3,31
108167,1,1,0,0,0,1,1
9806536,0,0,0,0,0,0,0
9710432,6,1,5,11,6,0,0
9910275,1,1,0,0,0,1,5
9503242,0,0,0,0,0,0,0
107087,3,2,1,1,1,2,4
204322,0,0,0,0,0,0,0
9801213,0,0,0,0,0,0,0
9807457,0,0,0,0,0,0,0
9903265,2,2,0,0,0,2,2
110344,2,1,1,1,0,2,5
9507435,0,0,0,0,0,0,0
9707493,0,0,0,0,0,0,0
9905262,1,1,0,0,0,1,1
12005,0,0,0,0,0,0,0
9906552,3,1,2,2,0,3,11
9708267,0,0,0,0,0,0,0
205034,6,2,4,6,2,4,5
9907217,0,0,0,0,0,0,0
9603427,0,0,0,0,0,0,0
9702238,6,1,5,15,6,0,0
9706527,1,1,0,0,1,0,0
9310218,1,1,0,0,1,0,0
5122,9,4,5,9,0,9,48
9911311,7,1,6,15,0,7,38
103144,1,1,0,0,0,1,6
302203,0,0,0,0,0,0,0
202066,1,1,0,0,0,1,17
9801426,1,1,0,0,1,0,0
9501283,2,2,0,0,2,0,0
209146,0,0,0,0,0,0,0
101057,5,5,0,0,0,5,18
9042,3,1,2,2,0,3,15
9410248,1,1,0,0,1,0,0
9807477,1,1,0,0,0,1,1
9509255,6,6,0,0,5,1,2
9806474,0,0,0,0,0,0,0
9809580,1,1,0,0,1,0,0
112298,0,0,0,0,0,0,0
9812492,1,1,0,0,1,0,0
203200,0,0,0,0,0,0,0
9907213,1,1,0,0,1,0,0
9706533,2,1,1,1,0,2,4
9302258,1,1,0,0,1,0,0
206218,0,0,0,0,0,0,0
9910285,1,1,0,0,1,0,0
9811348,0,0,0,0,0,0,0
9611236,0,0,0,0,0,0,0
9812436,4,1,3,6,1,3,8
9809365,6,1,5,7,0,6,16
111379,3,2,1,1,0,3,16
110063,4,1,3,4,0,4,8
9506272,1,1,0,0,1,0,0
206145,0,0,0,0,0,0,0
10113,0,0,0,0,0,0,0
9707290,0,0,0,0,0,0,0
108027,1,1,0,0,0,1,13
4241,2,2,0,0,0,2,4
9304301,1,1,0,0,1,0,0
302146,0,0,0,0,0,0,0
9505209,5,2,3,6,5,0,0
105007,0,0,0,0,0,0,0
6255,2,1,1,1,2,0,0
9705241,3,1,2,3,1,2,4
203212,2,1,1,1,0,2,14
106059,1,1,0,0,0,1,9
10251,2,1,1,1,1,1,1
9509221,0,0,0,0,0,0,0
9701270,1,1,0,0,0,1,1
9406384,1,1,0,0,1,0,0
108063,0,0,0,0,0,0,0
9406254,1,1,0,0,0,1,1
210431,1,1,0,0,0,1,12
9807374,4,2,2,2,4,0,0
9511244,1,1,0,0,1,0,0
204002,6,6,0,0,0,6,40
110358,1,1,0,0,1,0,0
9807511,0,0,0,0,0,0,0
5057,0,0,0,0,0,0,0
9305256,1,1,0,0,1,0,0
205293,2,2,0,0,0,2,3
209124,2,1,1,1,0,2,8
206169,0,0,0,0,0,0,0
202236,1,1,0,0,0,1,1
9606269,2,2,0,0,2,0,0
9504351,5,2,3,5,5,0,0
9311267,2,1,1,1,2,0,0
9903228,2,2,0,0,0,2,4
9501256,1,1,0,0,1,0,0
9410276,1,1,0,0,0,1,3
10061,0,0,0,0,0,0,0
9410285,0,0,0,0,0,0,0
9805501,1,1,0,0,1,0,0
109291,1,1,0,0,0,1,13
9702269,0,0,0,0,0,0,0
9706205,0,0,0,0,0,0,0
5127,1,1,0,0,0,1,13
9501368,2,1,1,1,0,2,2
102006,1,1,0,0,0,1,1
9804226,1,1,0,0,0,1,1
209015,1,1,0,0,0,1,2
9405213,1,1,0,0,1,0,0
9808249,0,0,0,0,0,0,0
103114,2,1,1,1,2,0,0
209259,1,1,0,0,0,1,3
9611346,0,0,0,0,0,0,0
9410215,0,0,0,0,0,0,0
205072,3,2,1,1,0,3,12
109010,1,1,0,0,0,1,18
9404221,2,2,0,0,2,0,0
9505265,0,0,0,0,0,0,0
205007,2,2,0,0,0,2,26
9708361,2,2,0,0,0,2,4
9712503,3,3,0,0,2,1,1
212263,2,1,1,1,0,2,25
9902300,3,1,2,3,3,0,0
111247,0,0,0,0,0,0,0
6285,1,1,0,0,0,1,3
11165,5,2,3,5,0,5,13
210104,3,2,1,1,0,3,22
9810224,1,1,0,0,0,1,10
204020,2,2,0,0,0,2,8
5299,0,0,0,0,0,0,0
9403298,3,2,1,2,0,3,7
9901373,0,0,0,0,0,0,0
9511293,2,1,1,1,2,0,0
102246,0,0,0,0,0,0,0
9810522,1,1,0,0,1,0,0
205115,0,0,0,0,0,0,0
201140,0,0,0,0,0,0,0
9801439,3,2,1,1,2,1,1
2042,0,0,0,0,0,0,0
9504400,2,1,1,1,0,2,2
9610472,0,0,0,0,0,0,0
9709487,1,1,0,0,0,1,2
11090,0,0,0,0,0,0,0
9611456,6,2,4,5,2,4,4
101130,0,0,0,0,0,0,0
203093,1,1,0,0,1,0,0
9506360,1,1,0,0,0,1,2
9902442,1,1,0,0,1,0,0
111155,1,1,0,0,0,1,22
9407321,0,0,0,0,0,0,0
206177,0,0,0,0,0,0,0
106017,4,4,0,0,0,4,4
9703205,3,1,2,2,3,0,0
9710433,0,0,0,0,0,0,0
9411361,0,0,0,0,0,0,0
111005,0,0,0,0,0,0,0
301160,0,0,0,0,0,0,0
9706503,1,1,0,0,1,0,0
211275,0,0,0,0,0,0,0
108107,1,1,0,0,1,0,0
104049,6,2,4,7,0,6,32
201184,3,1,2,2,0,3,3
8123,3,2,1,1,0,3,10
9812219,0,0,0,0,0,0,0
210429,1,1,0,0,0,1,12
9802402,0,0,0,0,0,0,0
9712513,1,1,0,0,0,1,3
9709496,1,1,0,0,0,1,2
212091,0,0,0,0,0,0,0
9509394,0,0,0,0,0,0,0
9506377,2,1,1,1,2,0,0
9807366,0,0,0,0,0,0,0
11316,1,1,0,0,0,1,3
12033,4,1,3,4,0,4,20
9803302,0,0,0,0,0,0,0
9910367,2,2,0,0,1,1,1
302040,0,0,0,0,0,0,0
9307360,2,1,1,1,0,2,2
107049,3,2,1,1,1,2,3
9912529,1,1,0,0,1,0,0
9810430,0,0,0,0,0,0,0
6109,0,0,0,0,0,0,0
110090,1,1,0,0,0,1,1
107089,0,0,0,0,0,0,0
9906436,0,0,0,0,0,0,0
204176,0,0,0,0,0,0,0
9503393,4,2,2,3,4,0,0
9504253,1,1,0,0,1,0,0
9909270,1,1,0,0,0,1,4
111272,0,0,0,0,0,0,0
9710510,1,1,0,0,0,1,2
212382,0,0,0,0,0,0,0
9911205,0,0,0,0,0,0,0
212017,0,0,0,0,0,0,0
104013,0,0,0,0,0,0,0
206005,4,1,3,3,0,4,20
9708420,0,0,0,0,0,0,0
212069,0,0,0,0,0,0,0
104139,1,1,0,0,1,0,0
209374,0,0,0,0,0,0,0
9609225,0,0,0,0,0,0,0
9912286,0,0,0,0,0,0,0
9507324,0,0,0,0,0,0,0
9606374,1,1,0,0,0,1,4
9503245,0,0,0,0,0,0,0
3296,1,1,0,0,1,0,0
9812214,0,0,0,0,0,0,0
107234,2,1,1,1,0,2,7
210197,1,1,0,0,0,1,5
9707212,0,0,0,0,0,0,0
9909468,0,0,0,0,0,0,0
204068,1,1,0,0,0,1,37
9709458,0,0,0,0,0,0,0
9229,0,0,0,0,0,0,0
110279,2,1,1,1,0,2,7
9908359,0,0,0,0,0,0,0
201060,0,0,0,0,0,0,0
101196,0,0,0,0,0,0,0
106181,1,1,0,0,0,1,13
3041,1,1,0,0,1,0,0
9307215,1,1,0,0,1,0,0
9612315,0,0,0,0,0,0,0
207195,1,1,0,0,0,1,5
9404215,2,2,0,0,2,0,0
212233,0,0,0,0,0,0,0
9912486,1,1,0,0,0,1,3
210099,1,1,0,0,0,1,1
8028,0,0,0,0,0,0,0
105346,0,0,0,0,0,0,0
210408,1,1,0,0,0,1,10
112254,0,0,0,0,0,0,0
204174,2,1,1,1,0,2,12
105059,1,1,0,0,0,1,3
9805243,0,0,0,0,0,0,0
110212,1,1,0,0,0,1,1
9610465,0,0,0,0,0,0,0
209175,0,0,0,0,0,0,0
110408,0,0,0,0,0,0,0
208186,0,0,0,0,0,0,0
212173,0,0,0,0,0,0,0
9707498,0,0,0,0,0,0,0
301234,1,1,0,0,0,1,12
9704226,1,1,0,0,1,0,0
205094,0,0,0,0,0,0,0
9710381,0,0,0,0,0,0,0
202272,0,0,0,0,0,0,0
9807435,0,0,0,0,0,0,0
104208,2,2,0,0,0,2,3
9509330,0,0,0,0,0,0,0
9808362,1,1,0,0,1,0,0
5205,0,0,0,0,0,0,0
9909463,1,1,0,0,0,1,5
9119,0,0,0,0,0,0,0
112064,0,0,0,0,0,0,0
209332,3,3,0,0,0,3,20
5290,0,0,0,0,0,0,0
2173,0,0,0,0,0,0,0
10005,0,0,0,0,0,0,0
106225,0,0,0,0,0,0,0
11197,1,1,0,0,0,1,2
11305,1,1,0,0,0,1,1
9506230,0,0,0,0,0,0,0
210287,1,1,0,0,0,1,10
9807322,0,0,0,0,0,0,0
111358,1,1,0,0,1,0,0
9907357,0,0,0,0,0,0,0
9907464,2,1,1,1,1,1,1
9503257,0,0,0,0,0,0,0
9809309,2,1,1,1,0,2,4
2197,2,2,0,0,0,2,4
9603296,0,0,0,0,0,0,0
109153,0,0,0,0,0,0,0
9612230,1,1,0,0,1,0,0
201090,0,0,0,0,0,0,0
204247,0,0,0,0,0,0,0
212403,0,0,0,0,0,0,0
9611291,0,0,0,0,0,0,0
9507252,1,1,0,0,0,1,3
212272,0,0,0,0,0,0,0
212360,1,1,0,0,0,1,3
9906227,0,0,0,0,0,0,0
203117,0,0,0,0,0,0,0
104257,0,0,0,0,0,0,0
101044,1,1,0,0,1,0,0
9908484,0,0,0,0,0,0,0
9511475,0,0,0,0,0,0,0
105169,0,0,0,0,0,0,0
9510374,0,0,0,0,0,0,0
9804272,1,1,0,0,1,0,0
210088,0,0,0,0,0,0,0
4167,0,0,0,0,0,0,0
211217,0,0,0,0,0,0,0
9808403,0,0,0,0,0,0,0
9087,0,0,0,0,0,0,0
204306,3,3,0,0,0,3,31
9307289,1,1,0,0,1,0,0
9901305,1,1,0,0,1,0,0
9702347,1,1,0,0,0,1,1
209300,2,2,0,0,0,2,8
9124,0,0,0,0,0,0,0
9908392,0,0,0,0,0,0,0
6002,0,0,0,0,0,0,0
9606343,0,0,0,0,0,0,0
211101,0,0,0,0,0,0,0
111407,0,0,0,0,0,0,0
9605371,0,0,0,0,0,0,0
108180,0,0,0,0,0,0,0
9907463,0,0,0,0,0,0,0
105114,0,0,0,0,0,0,0
204298,0,0,0,0,0,0,0
9703237,4,1,3,4,4,0,0
9909279,0,0,0,0,0,0,0
9904391,2,2,0,0,0,2,4
204189,1,1,0,0,0,1,3
11371,0,0,0,0,0,0,0
205135,0,0,0,0,0,0,0
9018,3,2,1,1,2,1,1
103029,1,1,0,0,0,1,3
5068,0,0,0,0,0,0,0
8154,0,0,0,0,0,0,0
9601223,0,0,0,0,0,0,0
210254,0,0,0,0,0,0,0
9906364,0,0,0,0,0,0,0
9808418,0,0,0,0,0,0,0
206147,0,0,0,0,0,0,0
112194,0,0,0,0,0,0,0
9709464,0,0,0,0,0,0,0
209114,1,1,0,0,0,1,7
9311308,1,1,0,0,1,0,0
6323,0,0,0,0,0,0,0
6356,0,0,0,0,0,0,0
9610473,0,0,0,0,0,0,0
9911472,0,0,0,0,0,0,0
101015,2,2,0,0,2,0,0
212163,0,0,0,0,0,0,0
202224,0,0,0,0,0,0,0
209344,0,0,0,0,0,0,0
201163,0,0,0,0,0,0,0
208005,1,1,0,0,1,0,0
2014,0,0,0,0,0,0,0
106079,0,0,0,0,0,0,0
109255,0,0,0,0,0,0,0
9810256,0,0,0,0,0,0,0
9609223,0,0,0,0,0,0,0
209331,1,1,0,0,0,1,16
9804286,1,1,0,0,0,1,1
9801389,1,1,0,0,1,0,0
9610253,0,0,0,0,0,0,0
3037,1,1,0,0,0,1,5
212301,0,0,0,0,0,0,0
9905273,0,0,0,0,0,0,0
207081,3,1,2,2,1,2,6
9707501,1,1,0,0,1,0,0
211392,0,0,0,0,0,0,0
9602294,0,0,0,0,0,0,0
9812300,1,1,0,0,1,0,0
9908477,0,0,0,0,0,0,0
9611370,0,0,0,0,0,0,0
101117,0,0,0,0,0,0,0
206082,0,0,0,0,0,0,0
1099,0,0,0,0,0,0,0
9702288,0,0,0,0,0,0,0
301013,0,0,0,0,0,0,0
105282,0,0,0,0,0,0,0
10351,0,0,0,0,0,0,0
102155,0,0,0,0,0,0,0
9612494,0,0,0,0,0,0,0
203102,0,0,0,0,0,0,0
9807455,0,0,0,0,0,0,0
211465,0,0,0,0,0,0,0
9803417,0,0,0,0,0,0,0
201259,0,0,0,0,0,0,0
9505360,1,1,0,0,0,1,1
204195,0,0,0,0,0,0,0
9912381,0,0,0,0,0,0,0
9812480,0,0,0,0,0,0,0
2269,0,0,0,0,0,0,0
207058,0,0,0,0,0,0,0
9612484,0,0,0,0,0,0,0
301276,0,0,0,0,0,0,0
205222,0,0,0,0,0,0,0
9605372,0,0,0,0,0,0,0
9804457,0,0,0,0,0,0,0
301236,0,0,0,0,0,0,0
4112,0,0,0,0,0,0,0
208064,1,1,0,0,0,1,1
201276,0,0,0,0,0,0,0
9303242,0,0,0,0,0,0,0
111242,0,0,0,0,0,0,0
9711285,1,1,0,0,1,0,0
212217,0,0,0,0,0,0,0
5201,0,0,0,0,0,0,0
110302,0,0,0,0,0,0,0
210191,0,0,0,0,0,0,0
10336,0,0,0,0,0,0,0
9805437,0,0,0,0,0,0,0
9902285,0,0,0,0,0,0,0
9907529,1,1,0,0,1,0,0
210020,0,0,0,0,0,0,0
9909263,0,0,0,0,0,0,0
9512214,0,0,0,0,0,0,0
9404275,1,1,0,0,1,0,0
203218,0,0,0,0,0,0,0
9504304,25,4,21,56,25,0,0
104110,37,7,30,97,0,37,285
9507262,25,2,23,150,0,25,52
9505393,8,4,4,4,1,7,13
9703412,9,7,2,2,0,9,25
9808468,24,3,21,88,2,22,62
9612424,35,5,30,159,0,35,192
203079,5,5,0,0,0,5,65
9702381,18,6,12,34,1,17,79
9902214,8,4,4,5,0,8,21
9409458,38,5,33,106,22,16,24
9606317,0,0,0,0,0,0,0
9603434,1,1,0,0,0,1,1
9611445,12,1,11,19,0,12,39
9312223,10,2,8,22,1,9,14
9503367,2,1,1,1,0,2,5
9710476,4,2,2,3,4,0,0
9904279,80,4,76,596,0,80,892
9712495,48,2,46,308,20,28,40
9909254,43,1,42,305,1,42,150
9904338,22,4,18,55,2,20,89
9808251,59,1,58,397,0,59,390
9305205,14,8,6,12,1,13,25
9506228,7,3,4,5,0,7,20
9403312,19,3,16,59,10,9,9
9408214,57,3,54,452,57,0,0
9207237,9,4,5,7,9,0,0
9712307,5,1,4,8,1,4,9
9709439,9,2,7,19,5,4,8
9308329,14,3,11,35,1,13,13
9606388,91,2,89,845,1,90,345
9806494,5,1,4,5,0,5,25
9607392,15,3,12,38,2,13,29
9708222,25,3,22,119,0,25,77
8009,17,2,15,52,4,13,31
9911202,18,2,16,78,0,18,93
9303230,106,1,105,1122,106,0,0
9701244,31,3,28,119,0,31,190
9709383,13,3,10,22,0,13,153
9905296,21,1,20,85,0,21,214
9701233,50,2,48,363,6,44,117
9510313,15,2,13,52,2,13,20
9409215,17,4,13,29,17,0,0
9612313,109,5,104,1042,8,101,501
9710245,5,2,3,6,5,0,0
9601384,27,3,24,106,0,27,44
9707377,12,7,5,5,1,11,11
9708299,13,4,9,26,2,11,17
9710550,8,2,6,9,0,8,27
9511444,9,3,6,12,0,9,28
9403219,44,3,41,277,1,43,111
9508332,4,1,3,3,0,4,8
9808429,6,3,3,5,0,6,21
9302280,47,4,43,373,47,0,0
9707337,10,3,7,14,10,0,0
9803389,85,6,79,646,0,85,383
9407359,19,9,10,26,4,15,15
9507422,11,3,8,33,8,3,4
9906316,15,4,11,51,4,11,36
9507277,7,1,6,8,7,0,0
9610414,26,3,23,101,14,12,19
9804215,9,4,5,11,0,9,64
9308287,44,6,38,195,3,41,189
9911404,8,1,7,13,0,8,79
9607300,5,3,2,4,5,0,0
9511376,18,1,17,73,1,17,28
9401220,15,9,6,17,5,10,10
9307269,7,3,4,5,7,0,0
9409434,18,1,17,71,18,0,0
9508280,14,1,13,25,3,11,14
9307326,22,3,19,60,22,0,0
9910334,6,3,3,5,0,6,23
9704414,8,2,6,13,0,8,32
9804425,23,2,21,54,0,23,135
9805209,16,5,11,25,0,16,116
9302225,36,2,34,281,36,0,0
9912329,50,4,46,501,1,49,178
1104,29,4,25,112,0,29,555
9812287,124,3,121,1575,1,123,611
6106,7,5,2,3,0,7,44
9910347,22,4,18,65,0,22,467
3199,23,5,18,45,0,23,177
206021,14,2,12,46,0,14,46
9412324,17,4,13,46,8,9,19
9303291,13,2,11,56,13,0,0
9905215,55,3,52,356,0,55,197
9411233,21,5,16,40,2,19,67
9705361,15,1,14,63,2,13,13
9808276,2,2,0,0,0,2,18
9706307,8,3,5,9,0,8,45
9609420,16,6,10,20,1,15,15
9501372,56,1,55,610,56,0,0
9210202,1,1,0,0,1,0,0
9802238,34,1,33,158,34,0,0
9704221,50,3,47,362,0,50,527
9412301,21,3,18,65,2,19,19
9501296,11,3,8,23,4,7,20
11145,0,0,0,0,0,0,0
8262,17,2,15,54,4,13,18
9704287,18,2,16,51,2,16,34
9507377,7,2,5,10,2,5,5
9605273,33,2,31,152,28,5,5
9806409,7,1,6,9,0,7,23
9209275,9,1,8,22,9,0,0
204192,7,3,4,5,0,7,112
101217,1,1,0,0,0,1,4
206271,0,0,0,0,0,0,0
9902237,24,2,22,92,0,24,100
9809239,11,2,9,23,1,10,33
101106,12,3,9,25,0,12,111
9209213,12,5,7,18,12,0,0
103318,13,2,11,38,4,9,24
9912275,2,2,0,0,0,2,7
9506393,9,5,4,4,0,9,53
9706377,82,1,81,906,1,81,329
9607379,18,4,14,53,2,16,19
9611397,4,2,2,3,0,4,9
9702417,11,2,9,26,6,5,12
103138,2,2,0,0,1,1,4
9501233,0,0,0,0,0,0,0
9907520,13,4,9,13,0,13,238
9910277,7,3,4,4,0,7,77
9708275,17,2,15,38,12,5,5
10212,41,2,39,332,0,41,536
110083,14,2,12,31,0,14,164
209248,3,1,2,2,0,3,26
109085,24,2,22,155,0,24,91
9603249,124,1,123,1464,124,0,0
9701420,7,3,4,9,0,7,18
9906549,24,5,19,44,0,24,271
9902381,10,1,9,16,0,10,34
9709397,31,3,28,156,2,29,79
107039,48,3,45,318,2,46,308
9501323,7,4,3,4,5,2,2
9411432,8,2,6,10,8,0,0
9304255,18,6,12,34,2,16,16
103062,15,2,13,35,10,5,8
9904249,5,4,1,1,0,5,28
204029,8,1,7,12,0,8,90
9511324,5,3,2,4,0,5,14
9303264,7,1,6,13,7,0,0
9809433,32,3,29,135,0,32,353
9505329,132,8,124,1033,1,131,455
9511433,28,2,26,94,0,28,155
9610237,8,3,5,5,1,7,8
9304230,7,2,5,9,7,0,0
9501240,10,3,7,11,10,0,0
11311,30,3,27,171,23,7,7
12260,14,2,12,24,14,0,0
9303270,39,10,29,132,39,0,0
9808224,33,3,30,178,0,33,242
9403261,4,2,2,3,4,0,0
9709431,1,1,0,0,0,1,7
9503234,3,1,2,2,0,3,10
9510232,13,2,11,33,11,2,2
9910238,48,6,42,258,0,48,527
7197,20,5,15,47,0,20,212
9904501,4,2,2,2,0,4,4
9503394,15,3,12,53,15,0,0
10082,1,1,0,0,0,1,1
9410375,7,3,4,7,7,0,0
9411267,10,2,8,15,3,7,12
9905512,12,5,7,15,1,11,36
9601285,16,2,14,48,0,16,75
9709465,6,2,4,7,0,6,18
8241,19,5,14,29,0,19,111
9609284,5,3,2,4,0,5,44
9706379,3,2,1,1,0,3,3
9501307,40,11,29,132,2,38,53
9606293,2,2,0,0,0,2,9
9801416,15,3,12,28,0,15,84
9506333,6,4,2,2,0,6,6
9808481,4,1,3,5,0,4,7
9505391,44,2,42,270,0,44,150
9703212,55,6,49,352,0,55,686
9702378,14,1,13,48,14,0,0
9705348,7,2,5,7,0,7,34
9609286,3,1,2,3,3,0,0
9811308,15,1,14,51,2,13,28
9904465,3,2,1,1,1,2,3
9402241,30,1,29,189,30,0,0
9806534,13,4,9,22,8,5,9
9809501,3,2,1,1,0,3,8
9911526,3,1,2,2,1,2,2
9410385,23,1,22,109,23,0,0
9903511,8,1,7,19,0,8,40
112295,2,1,1,1,0,2,2
9812353,2,1,1,1,0,2,4
9605459,6,4,2,3,6,0,0
9811225,8,3,5,11,1,7,18
7213,6,2,4,4,2,4,7
106280,1,1,0,0,0,1,18
9801223,10,3,7,20,3,7,8
11115,3,1,2,2,0,3,7
9805360,11,2,9,31,3,8,11
9504330,21,2,19,59,17,4,4
9812520,13,1,12,34,1,12,33
9803306,28,2,26,97,0,28,119
9907229,7,1,6,11,0,7,10
5191,24,1,23,106,24,0,0
9211256,42,7,35,189,42,0,0
3198,14,6,8,19,0,14,69
102213,2,2,0,0,0,2,25
8288,1,1,0,0,0,1,4
9601294,8,3,5,6,1,7,20
9905247,23,8,15,44,13,10,10
207241,5,1,4,6,0,5,42
9908371,11,5,6,7,0,11,66
9704336,15,3,12,46,0,15,126
9801348,10,2,8,12,10,0,0
9403318,23,4,19,59,1,22,43
11164,2,2,0,0,0,2,11
9904370,14,2,12,30,0,14,133
9610363,5,4,1,1,0,5,94
9811434,4,3,1,1,0,4,20
9505318,2,1,1,1,2,0,0
9504368,3,1,2,2,1,2,6
9606208,6,3,3,6,0,6,12
111053,0,0,0,0,0,0,0
9710268,16,3,13,37,0,16,35
9609239,3,3,0,0,0,3,6
1173,0,0,0,0,0,0,0
9907384,9,5,4,5,1,8,19
9307261,1,1,0,0,1,0,0
104260,12,2,10,29,1,11,33
109084,5,3,2,3,0,5,18
9901395,1,1,0,0,0,1,5
9608273,1,1,0,0,0,1,2
9801324,28,2,26,137,9,19,23
9912297,0,0,0,0,0,0,0
9505282,8,6,2,4,0,8,11
103203,3,2,1,1,0,3,12
11387,19,3,16,82,0,19,229
9409451,13,1,12,24,13,0,0
9610283,17,1,16,51,17,0,0
9712347,4,4,0,0,3,1,1
9904206,23,2,21,70,5,18,30
9903284,5,1,4,7,0,5,9
9204211,28,5,23,83,28,0,0
9602306,8,6,2,4,3,5,5
9503290,62,3,59,343,12,50,50
9905249,10,3,7,16,0,10,69
9603372,10,3,7,14,0,10,43
9507418,24,7,17,60,3,21,37
9601246,7,4,3,5,0,7,7
103083,6,1,5,14,0,6,131
9307241,69,3,66,583,69,0,0
9502378,19,1,18,80,8,11,18
9909391,6,2,4,7,0,6,12
9509208,10,2,8,20,2,8,10
9702266,6,2,4,10,1,5,22
9807483,2,1,1,1,2,0,0
9909218,13,2,11,21,0,13,335
9901241,6,2,4,7,0,6,68
210251,3,3,0,0,0,3,56
9911243,7,1,6,9,0,7,120
9303321,11,5,6,16,11,0,0
103110,5,2,3,5,0,5,16
9601374,5,1,4,9,0,5,48
9401264,7,2,5,10,7,0,0
9711488,30,6,24,88,0,30,84
9403240,15,9,6,7,15,0,0
204288,4,4,0,0,0,4,27
9806518,9,4,5,8,0,9,21
207227,21,7,14,44,0,21,173
202136,6,5,1,1,0,6,25
207186,3,3,0,0,0,3,46
9912403,11,1,10,37,1,10,26
9907314,9,1,8,16,0,9,19
202143,10,3,7,23,0,10,19
9612359,2,1,1,1,0,2,8
203223,11,2,9,22,0,11,180
9612247,1,1,0,0,1,0,0
9510435,2,2,0,0,1,1,1
9206225,17,3,14,22,17,0,0
9812474,1,1,0,0,0,1,1
105334,13,2,11,30,0,13,183
9809455,4,2,2,2,0,4,18
9710425,0,0,0,0,0,0,0
9607370,8,3,5,8,0,8,25
9308273,8,3,5,12,8,0,0
11019,1,1,0,0,0,1,15
9806253,19,11,8,17,0,19,171
9704310,1,1,0,0,0,1,3
203132,4,3,1,1,1,3,10
9206204,2,1,1,1,2,0,0
9805273,1,1,0,0,0,1,2
9411239,18,4,14,51,18,0,0
9606449,6,2,4,7,0,6,15
9809279,2,2,0,0,0,2,21
9502217,7,2,5,7,3,4,4
302087,0,0,0,0,0,0,0
5316,32,2,30,229,0,32,114
5301,6,4,2,5,0,6,29
9310329,9,3,6,17,9,0,0
9907466,7,2,5,12,0,7,39
9703315,11,1,10,26,11,0,0
9710304,8,2,6,18,0,8,17
9705450,3,3,0,0,0,3,5
9608407,8,3,5,14,1,7,23
9608483,3,1,2,3,0,3,8
9237,18,4,14,43,0,18,101
9604335,11,3,8,16,11,0,0
9704450,4,2,2,2,4,0,0
9810331,5,1,4,6,2,3,7
102159,1,1,0,0,0,1,8
9503427,0,0,0,0,0,0,0
3222,14,2,12,35,0,14,115
101023,3,2,1,1,0,3,4
210399,0,0,0,0,0,0,0
9606485,2,1,1,1,2,0,0
9811300,2,1,1,1,0,2,10
9910552,2,1,1,1,1,1,2
9609404,8,2,6,9,8,0,0
9501267,9,5,4,7,9,0,0
205012,2,1,1,1,0,2,6
9805434,3,1,2,3,0,3,9
9611239,0,0,0,0,0,0,0
12075,24,2,22,85,1,23,31
9611336,3,2,1,2,0,3,7
9812485,2,1,1,1,2,0,0
9611402,1,1,0,0,0,1,7
9401282,7,1,6,12,0,7,7
9606266,3,2,1,1,1,2,8
9703245,3,3,0,0,3,0,0
9708351,5,2,3,4,0,5,14
107317,1,1,0,0,0,1,2
9710423,2,2,0,0,0,2,7
9812355,6,2,4,7,0,6,13
9342,2,1,1,1,0,2,7
9604282,6,2,4,8,0,6,21
9307265,3,1,2,3,0,3,8
9908508,7,3,4,5,0,7,16
9607245,21,6,15,45,1,20,33
209216,6,1,5,9,0,6,23
9408367,2,2,0,0,0,2,2
9406264,2,2,0,0,1,1,2
9807294,6,3,3,3,0,6,7
9809493,2,1,1,1,0,2,5
103142,0,0,0,0,0,0,0
203242,4,3,1,1,1,3,33
9502405,3,2,1,1,3,0,0
101323,9,3,6,19,0,9,71
9906221,11,1,10,28,0,11,111
9606391,4,1,3,5,0,4,4
9409450,0,0,0,0,0,0,0
9709300,2,2,0,0,2,0,0
9810524,3,3,0,0,3,0,0
109090,3,3,0,0,0,3,16
211233,0,0,0,0,0,0,0
105054,2,2,0,0,0,2,9
11033,0,0,0,0,0,0,0
9907383,4,2,2,4,1,3,3
9803426,11,3,8,26,0,11,47
9912302,2,2,0,0,0,2,24
106060,7,4,3,4,0,7,42
9912215,21,6,15,60,0,21,176
9801273,3,3,0,0,1,2,2
9906486,10,1,9,35,1,9,36
9712496,10,1,9,16,2,8,30
9508246,10,2,8,9,0,10,32
9703239,4,2,2,2,0,4,47
106081,16,5,11,15,0,16,57
9809343,1,1,0,0,0,1,5
9305215,8,3,5,11,8,0,0
9902350,6,2,4,6,1,5,14
102256,3,2,1,1,0,3,21
9511387,9,4,5,7,0,9,39
2231,0,0,0,0,0,0,0
9403271,4,3,1,2,0,4,4
9809590,2,1,1,1,0,2,7
9507298,13,8,5,9,0,13,25
9808291,6,2,4,5,6,0,0
201273,14,2,12,18,0,14,63
9911452,5,3,2,4,0,5,10
203099,8,1,7,18,0,8,123
9241,6,2,4,5,2,4,4
9706209,12,1,11,33,6,6,10
9802284,5,3,2,3,5,0,0
112354,2,1,1,1,0,2,2
9209218,4,3,1,1,4,0,0
211236,0,0,0,0,0,0,0
202147,1,1,0,0,0,1,1
109162,1,1,0,0,0,1,8
5152,18,1,17,53,6,12,17
9403236,5,1,4,8,0,5,5
9610429,7,1,6,16,7,0,0
9904410,3,3,0,0,0,3,15
208083,2,2,0,0,0,2,44
206058,1,1,0,0,0,1,4
4242,0,0,0,0,0,0,0
9411396,0,0,0,0,0,0,0
1172,6,3,3,4,6,0,0
9406317,6,2,4,7,0,6,6
102116,2,1,1,1,0,2,29
9811326,6,1,5,8,0,6,21
207185,1,1,0,0,0,1,3
9911433,8,6,2,2,0,8,29
106153,6,2,4,7,6,0,0
9907388,0,0,0,0,0,0,0
9810528,2,2,0,0,1,1,2
9811451,1,1,0,0,0,1,2
9807369,0,0,0,0,0,0,0
9901345,1,1,0,0,0,1,6
9802296,1,1,0,0,0,1,3
9802279,1,1,0,0,0,1,3
205015,1,1,0,0,0,1,6
9503449,0,0,0,0,0,0,0
9502279,12,8,4,8,0,12,12
110126,6,2,4,8,0,6,19
9401237,4,4,0,0,4,0,0
108122,15,3,12,27,1,14,187
107069,6,1,5,10,0,6,103
9902286,3,1,2,2,0,3,15
9512262,3,2,1,1,3,0,0
9303288,5,3,2,4,5,0,0
4266,2,1,1,1,0,2,3
201128,6,5,1,1,0,6,24
206101,15,5,10,24,0,15,114
106012,40,8,32,86,0,40,513
207235,2,1,1,1,0,2,12
1255,5,2,3,4,0,5,11
9802444,1,1,0,0,1,0,0
9606261,6,2,4,7,0,6,19
9310378,6,6,0,0,6,0,0
9801420,1,1,0,0,1,0,0
9908355,14,3,11,44,0,14,57
10199,2,2,0,0,0,2,10
9711486,8,3,5,12,1,7,16
107182,4,3,1,2,0,4,22
9705446,2,1,1,1,2,0,0
9310245,14,2,12,18,1,13,13
9508322,4,3,1,1,0,4,16
8301,3,2,1,1,0,3,43
9212230,4,3,1,2,1,3,3
9609478,1,1,0,0,0,1,3
9509207,7,2,5,13,7,0,0
203255,0,0,0,0,0,0,0
9711290,2,1,1,1,0,2,21
9703336,5,2,3,3,4,1,2
9908321,8,1,7,19,4,4,4
9505217,8,2,6,19,8,0,0
9404222,0,0,0,0,0,0,0
9906518,3,3,0,0,0,3,5
9810474,3,1,2,2,0,3,18
9805384,7,2,5,11,0,7,22
9903548,1,1,0,0,1,0,0
9607462,4,1,3,4,1,3,4
211163,0,0,0,0,0,0,0
9406332,4,1,3,4,4,0,0
204236,0,0,0,0,0,0,0
9807408,11,3,8,20,7,4,4
9412237,2,2,0,0,0,2,7
9303286,3,1,2,2,2,1,1
11132,9,5,4,10,1,8,13
103174,10,2,8,23,0,10,46
9810329,6,1,5,11,0,6,20
9802236,5,4,1,1,5,0,0
9609274,1,1,0,0,0,1,4
9605382,25,5,20,75,15,10,10
9308256,3,2,1,2,1,2,2
9902472,1,1,0,0,0,1,16
9707271,1,1,0,0,0,1,6
107017,10,6,4,11,0,10,84
111021,0,0,0,0,0,0,0
6200,12,2,10,19,11,1,2
103009,3,1,2,2,0,3,6
202101,2,2,0,0,0,2,26
9904363,7,2,5,11,0,7,37
5113,3,1,2,3,3,0,0
9810416,7,2,5,15,0,7,26
9703255,8,4,4,4,6,2,2
203148,2,1,1,1,0,2,2
9609261,2,2,0,0,2,0,0
9212259,6,5,1,2,6,0,0
9802344,0,0,0,0,0,0,0
109151,0,0,0,0,0,0,0
105015,0,0,0,0,0,0,0
9804222,4,2,2,2,1,3,3
104005,2,1,1,1,0,2,11
9512429,6,1,5,10,6,0,0
9811482,2,1,1,1,1,1,8
212270,5,2,3,4,0,5,39
109285,1,1,0,0,0,1,2
9504343,2,1,1,1,2,0,0
11130,5,1,4,7,0,5,28
9910252,8,1,7,11,0,8,50
9308362,9,6,3,3,9,0,0
9311309,5,1,4,8,5,0,0
9808289,10,8,2,2,1,9,21
3067,2,2,0,0,0,2,8
106101,6,1,5,7,0,6,16
202202,7,2,5,9,0,7,51
207141,0,0,0,0,0,0,0
9709222,0,0,0,0,0,0,0
110324,6,4,2,3,0,6,65
8181,3,1,2,2,0,3,12
6276,2,2,0,0,2,0,0
9907443,1,1,0,0,0,1,1
9503400,0,0,0,0,0,0,0
9810485,0,0,0,0,0,0,0
9501249,3,3,0,0,1,2,2
103178,2,2,0,0,0,2,5
212019,0,0,0,0,0,0,0
9411412,1,1,0,0,1,0,0
212180,2,1,1,1,0,2,9
5163,2,1,1,1,0,2,13
3179,8,2,6,17,0,8,68
9703400,5,2,3,4,5,0,0
9906500,4,2,2,3,0,4,4
9611398,10,2,8,20,0,10,28
9902478,3,1,2,3,1,2,3
205035,4,3,1,1,0,4,15
9811243,0,0,0,0,0,0,0
9808488,3,3,0,0,0,3,13
9606272,3,1,2,3,2,1,1
9606248,0,0,0,0,0,0,0
9407267,9,1,8,24,9,0,0
9608482,4,3,1,2,4,0,0
9811204,4,1,3,4,4,0,0
9711516,12,2,10,31,2,10,47
106320,5,3,2,2,0,5,15
4031,2,1,1,1,0,2,6
9406312,9,2,7,19,9,0,0
212293,0,0,0,0,0,0,0
203025,6,3,3,4,0,6,37
9607301,4,4,0,0,3,1,2
9810370,3,1,2,3,1,2,5
9509292,2,1,1,1,2,0,0
9802308,16,3,13,34,0,16,68
9506240,1,1,0,0,1,0,0
9903381,0,0,0,0,0,0,0
9610469,0,0,0,0,0,0,0
9405327,2,1,1,1,1,1,1
9501373,1,1,0,0,1,0,0
211057,0,0,0,0,0,0,0
9603232,4,3,1,1,4,0,0
9610205,2,1,1,1,0,2,8
9807356,0,0,0,0,0,0,0
104258,7,3,4,7,0,7,91
9909340,1,1,0,0,0,1,2
9809228,2,1,1,1,2,0,0
9511327,6,1,5,5,1,5,25
201030,11,1,10,33,0,11,88
9706349,0,0,0,0,0,0,0
1256,3,1,2,2,0,3,21
204337,7,1,6,18,0,7,74
9905410,5,1,4,8,2,3,3
6133,1,1,0,0,0,1,1
9807368,0,0,0,0,0,0,0
204014,0,0,0,0,0,0,0
9305221,3,3,0,0,3,0,0
205076,2,2,0,0,0,2,8
203173,0,0,0,0,0,0,0
11283,4,3,1,1,1,3,8
9607360,2,2,0,0,2,0,0
9403221,2,1,1,1,2,0,0
9704299,9,3,6,19,0,9,69
9803450,3,2,1,2,0,3,3
9203213,2,1,1,1,2,0,0
9909438,6,3,3,7,0,6,24
9607359,5,2,3,3,0,5,5
109231,7,3,4,10,0,7,80
9710549,4,1,3,6,2,2,4
9506341,1,1,0,0,1,0,0
211131,0,0,0,0,0,0,0
9906276,4,2,2,3,0,4,14
9511463,1,1,0,0,1,0,0
9503348,1,1,0,0,0,1,1
9407308,1,1,0,0,1,0,0
9802206,9,4,5,9,0,9,61
102229,10,1,9,20,0,10,34
9306216,4,3,1,2,4,0,0
9812459,6,3,3,7,0,6,20
203094,1,1,0,0,1,0,0
9506418,1,1,0,0,0,1,1
9505364,3,2,1,1,0,3,3
11271,4,2,2,2,0,4,18
9406383,7,1,6,11,7,0,0
108262,6,2,4,6,4,2,5
9402248,3,1,2,3,3,0,0
9908318,5,1,4,6,5,0,0
2073,0,0,0,0,0,0,0
9603422,3,3,0,0,3,0,0
209217,1,1,0,0,0,1,9
9503483,2,2,0,0,0,2,5
202064,4,2,2,3,0,4,19
207067,2,2,0,0,0,2,9
9310206,2,1,1,1,2,0,0
9609255,0,0,0,0,0,0,0
201045,1,1,0,0,0,1,10
9910281,0,0,0,0,0,0,0
209296,0,0,0,0,0,0,0
9811219,3,3,0,0,1,2,6
9810341,5,2,3,5,0,5,21
9099,0,0,0,0,0,0,0
9805457,1,1,0,0,0,1,13
8334,1,1,0,0,0,1,14
9804304,18,1,17,77,1,17,140
104039,3,3,0,0,0,3,16
201275,2,2,0,0,1,1,2
6210,3,2,1,1,3,0,0
11065,0,0,0,0,0,0,0
8146,1,1,0,0,0,1,1
9702284,4,2,2,2,1,3,8
9209290,7,6,1,2,7,0,0
101297,8,2,6,15,1,7,34
9406269,1,1,0,0,1,0,0
9223,0,0,0,0,0,0,0
10050,0,0,0,0,0,0,0
9311212,1,1,0,0,0,1,1
9607280,11,6,5,5,3,8,9
9907293,4,1,3,6,0,4,16
205173,0,0,0,0,0,0,0
9303250,2,1,1,1,2,0,0
6072,0,0,0,0,0,0,0
206207,7,3,4,6,1,6,33
9405306,0,0,0,0,0,0,0
107250,1,1,0,0,0,1,1
202092,0,0,0,0,0,0,0
9502236,0,0,0,0,0,0,0
11317,2,2,0,0,0,2,15
106080,1,1,0,0,0,1,1
9808204,0,0,0,0,0,0,0
9206252,4,1,3,6,0,4,4
209277,2,1,1,1,0,2,2
104240,0,0,0,0,0,0,0
9910251,6,4,2,5,3,3,3
302017,0,0,0,0,0,0,0
207221,0,0,0,0,0,0,0
9702236,1,1,0,0,1,0,0
9910259,8,2,6,14,2,6,12
12192,0,0,0,0,0,0,0
9605305,0,0,0,0,0,0,0
9907377,2,2,0,0,0,2,4
1329,1,1,0,0,0,1,2
9709505,1,1,0,0,1,0,0
110111,0,0,0,0,0,0,0
9601277,5,3,2,2,1,4,9
203201,3,2,1,1,0,3,15
207106,0,0,0,0,0,0,0
9511468,0,0,0,0,0,0,0
9606331,0,0,0,0,0,0,0
7272,5,2,3,4,5,0,0
302006,0,0,0,0,0,0,0
9506316,0,0,0,0,0,0,0
208249,3,3,0,0,0,3,24
107174,1,1,0,0,0,1,2
9409332,3,3,0,0,3,0,0
9506330,1,1,0,0,1,0,0
9602248,3,1,2,2,0,3,4
9406366,1,1,0,0,1,0,0
2153,1,1,0,0,0,1,5
9810424,10,2,8,24,1,9,17
3205,3,3,0,0,0,3,9
112242,5,2,3,4,0,5,18
11272,1,1,0,0,0,1,17
9805249,1,1,0,0,1,0,0
202003,2,1,1,1,0,2,39
208251,3,2,1,1,0,3,16
301230,0,0,0,0,0,0,0
9805332,5,1,4,9,0,5,10
9708298,0,0,0,0,0,0,0
9611414,0,0,0,0,0,0,0
9712481,0,0,0,0,0,0,0
9909256,1,1,0,0,0,1,5
9601301,0,0,0,0,0,0,0
209324,0,0,0,0,0,0,0
9810258,0,0,0,0,0,0,0
5295,2,1,1,1,0,2,20
110238,5,2,3,6,0,5,32
9701274,1,1,0,0,0,1,3
9309242,2,1,1,1,2,0,0
204095,3,2,1,1,0,3,15
9910533,0,0,0,0,0,0,0
9806502,1,1,0,0,0,1,2
9512334,4,4,0,0,4,0,0
9709415,4,1,3,3,4,0,0
9901242,5,2,3,4,0,5,13
1016,4,1,3,4,0,4,15
206070,5,3,2,2,0,5,20
206268,2,2,0,0,0,2,8
206230,1,1,0,0,0,1,2
102196,0,0,0,0,0,0,0
209095,0,0,0,0,0,0,0
211030,0,0,0,0,0,0,0
1107,1,1,0,0,0,1,2
206084,0,0,0,0,0,0,0
111046,4,1,3,5,0,4,7
210073,0,0,0,0,0,0,0
9412216,1,1,0,0,1,0,0
8311,1,1,0,0,0,1,1
202255,0,0,0,0,0,0,0
212113,0,0,0,0,0,0,0
12347,0,0,0,0,0,0,0
9214,2,2,0,0,0,2,5
101202,0,0,0,0,0,0,0
212229,1,1,0,0,0,1,6
9506440,1,1,0,0,1,0,0
212136,0,0,0,0,0,0,0
202069,2,1,1,1,0,2,6
203042,2,2,0,0,0,2,5
9812288,1,1,0,0,0,1,2
9401230,1,1,0,0,1,0,0
207118,1,1,0,0,0,1,1
9804279,0,0,0,0,0,0,0
9610311,3,3,0,0,2,1,1
9901271,0,0,0,0,0,0,0
9504380,1,1,0,0,1,0,0
9809395,0,0,0,0,0,0,0
206121,2,2,0,0,0,2,10
101333,5,1,4,5,0,5,42
9511269,0,0,0,0,0,0,0
203235,0,0,0,0,0,0,0
7002,0,0,0,0,0,0,0
9604323,0,0,0,0,0,0,0
205141,3,2,1,1,0,3,41
207287,5,2,3,4,0,5,63
211160,1,1,0,0,0,1,10
2222,4,1,3,3,4,0,0
12246,0,0,0,0,0,0,0
112218,0,0,0,0,0,0,0
9905363,0,0,0,0,0,0,0
212209,0,0,0,0,0,0,0
110077,1,1,0,0,0,1,5
9911336,0,0,0,0,0,0,0
9604422,0,0,0,0,0,0,0
106144,0,0,0,0,0,0,0
9908419,0,0,0,0,0,0,0
105333,0,0,0,0,0,0,0
9910222,0,0,0,0,0,0,0
11123,0,0,0,0,0,0,0
103273,2,1,1,1,0,2,6
7027,2,2,0,0,0,2,3
9609324,0,0,0,0,0,0,0
201290,0,0,0,0,0,0,0
210216,1,1,0,0,0,1,5
5170,0,0,0,0,0,0,0
9503432,3,1,2,2,1,2,3
202065,0,0,0,0,0,0,0
104043,0,0,0,0,0,0,0
9801255,3,3,0,0,0,3,5
9810447,1,1,0,0,0,1,1
208136,2,2,0,0,0,2,18
9903342,2,1,1,1,2,0,0
9902206,1,1,0,0,1,0,0
9903470,1,1,0,0,0,1,10
9910290,6,1,5,12,2,4,4
209038,3,1,2,2,0,3,27
107247,0,0,0,0,0,0,0
206141,0,0,0,0,0,0,0
11021,0,0,0,0,0,0,0
202179,0,0,0,0,0,0,0
111066,0,0,0,0,0,0,0
9603367,0,0,0,0,0,0,0
12317,2,2,0,0,2,0,0
9806504,0,0,0,0,0,0,0
9504411,1,1,0,0,0,1,1
102309,1,1,0,0,1,0,0
9410294,2,1,1,1,2,0,0
2180,0,0,0,0,0,0,0
9512416,0,0,0,0,0,0,0
9905401,0,0,0,0,0,0,0
9503347,1,1,0,0,0,1,1
8240,3,2,1,1,3,0,0
9709422,1,1,0,0,0,1,1
9910312,0,0,0,0,0,0,0
101301,1,1,0,0,0,1,2
108155,0,0,0,0,0,0,0
203055,0,0,0,0,0,0,0
111003,0,0,0,0,0,0,0
9808235,0,0,0,0,0,0,0
9512351,0,0,0,0,0,0,0
204294,0,0,0,0,0,0,0
9910510,2,2,0,0,0,2,2
9707468,1,1,0,0,1,0,0
9710440,0,0,0,0,0,0,0
9806533,0,0,0,0,0,0,0
6195,0,0,0,0,0,0,0
9909360,0,0,0,0,0,0,0
9506293,1,1,0,0,1,0,0
9209221,2,1,1,1,2,0,0
101139,0,0,0,0,0,0,0
5241,1,1,0,0,0,1,3
9901400,0,0,0,0,0,0,0
9706406,1,1,0,0,0,1,2
207362,0,0,0,0,0,0,0
9503391,0,0,0,0,0,0,0
2274,0,0,0,0,0,0,0
11117,0,0,0,0,0,0,0
109036,1,1,0,0,1,0,0
110349,0,0,0,0,0,0,0
9709377,0,0,0,0,0,0,0
9704420,7,3,4,4,2,5,5
9709426,0,0,0,0,0,0,0
12150,3,2,1,1,0,3,16
9706402,1,1,0,0,1,0,0
2099,0,0,0,0,0,0,0
6267,1,1,0,0,0,1,10
206190,0,0,0,0,0,0,0
9609416,0,0,0,0,0,0,0
9802301,0,0,0,0,0,0,0
110361,0,0,0,0,0,0,0
205077,0,0,0,0,0,0,0
9509382,2,1,1,1,2,0,0
10272,0,0,0,0,0,0,0
9605360,1,1,0,0,0,1,1
109288,2,2,0,0,2,0,0
9905522,0,0,0,0,0,0,0
212053,0,0,0,0,0,0,0
112209,1,1,0,0,0,1,6
9802234,0,0,0,0,0,0,0
9909261,0,0,0,0,0,0,0
109192,1,1,0,0,1,0,0
9510297,0,0,0,0,0,0,0
201265,3,3,0,0,0,3,31
201146,3,2,1,1,0,3,31
206022,3,3,0,0,0,3,17
9609409,0,0,0,0,0,0,0
9705238,0,0,0,0,0,0,0
205110,0,0,0,0,0,0,0
9902281,0,0,0,0,0,0,0
9812362,0,0,0,0,0,0,0
9904289,0,0,0,0,0,0,0
9511411,1,1,0,0,1,0,0
112336,0,0,0,0,0,0,0
9408379,1,1,0,0,1,0,0
7163,3,2,1,1,0,3,34
9908518,0,0,0,0,0,0,0
108039,4,2,2,2,0,4,9
9902450,0,0,0,0,0,0,0
9705335,1,1,0,0,0,1,1
5055,0,0,0,0,0,0,0
9906263,0,0,0,0,0,0,0
9507338,2,2,0,0,0,2,3
207252,0,0,0,0,0,0,0
7098,3,2,1,1,0,3,10
301118,0,0,0,0,0,0,0
9911398,2,2,0,0,0,2,5
211454,0,0,0,0,0,0,0
9705336,0,0,0,0,0,0,0
111177,1,1,0,0,1,0,0
9508216,0,0,0,0,0,0,0
3259,0,0,0,0,0,0,0
9702344,0,0,0,0,0,0,0
302197,0,0,0,0,0,0,0
11331,0,0,0,0,0,0,0
302172,0,0,0,0,0,0,0
103135,0,0,0,0,0,0,0
9408324,0,0,0,0,0,0,0
9015,0,0,0,0,0,0,0
9906517,0,0,0,0,0,0,0
206224,0,0,0,0,0,0,0
206181,1,1,0,0,0,1,4
9503343,0,0,0,0,0,0,0
205105,1,1,0,0,0,1,6
206175,0,0,0,0,0,0,0
9604276,2,2,0,0,2,0,0
9710288,0,0,0,0,0,0,0
210285,0,0,0,0,0,0,0
9808323,0,0,0,0,0,0,0
207142,1,1,0,0,0,1,14
9709268,0,0,0,0,0,0,0
302191,0,0,0,0,0,0,0
9606224,1,1,0,0,0,1,1
205204,0,0,0,0,0,0,0
9612278,1,1,0,0,1,0,0
9912411,0,0,0,0,0,0,0
9610436,0,0,0,0,0,0,0
9707544,0,0,0,0,0,0,0
9703426,0,0,0,0,0,0,0
212248,0,0,0,0,0,0,0
1258,1,1,0,0,0,1,6
9610548,0,0,0,0,0,0,0
9711408,1,1,0,0,0,1,1
11320,3,2,1,1,0,3,14
110030,0,0,0,0,0,0,0
2299,1,1,0,0,0,1,2
211196,0,0,0,0,0,0,0
9708317,0,0,0,0,0,0,0
112265,0,0,0,0,0,0,0
209367,0,0,0,0,0,0,0
104233,0,0,0,0,0,0,0
112019,0,0,0,0,0,0,0
208195,0,0,0,0,0,0,0
9808416,0,0,0,0,0,0,0
9511296,0,0,0,0,0,0,0
8249,0,0,0,0,0,0,0
9612273,1,1,0,0,0,1,1
9405427,2,2,0,0,2,0,0
1068,0,0,0,0,0,0,0
102062,0,0,0,0,0,0,0
207172,0,0,0,0,0,0,0
9901391,1,1,0,0,0,1,2
106170,0,0,0,0,0,0,0
9509243,1,1,0,0,0,1,1
110188,1,1,0,0,0,1,14
211119,0,0,0,0,0,0,0
9605333,0,0,0,0,0,0,0
112357,0,0,0,0,0,0,0
211345,1,1,0,0,1,0,0
111056,0,0,0,0,0,0,0
109164,0,0,0,0,0,0,0
11099,0,0,0,0,0,0,0
104032,0,0,0,0,0,0,0
302103,0,0,0,0,0,0,0
9811293,1,1,0,0,0,1,2
103249,0,0,0,0,0,0,0
10047,1,1,0,0,0,1,2
102045,0,0,0,0,0,0,0
11087,0,0,0,0,0,0,0
111468,1,1,0,0,1,0,0
109243,0,0,0,0,0,0,0
9608237,0,0,0,0,0,0,0
6209,0,0,0,0,0,0,0
9801256,0,0,0,0,0,0,0
9906309,0,0,0,0,0,0,0
9603405,0,0,0,0,0,0,0
9810324,0,0,0,0,0,0,0
7324,0,0,0,0,0,0,0
12121,0,0,0,0,0,0,0
209030,0,0,0,0,0,0,0
9904222,2,2,0,0,2,0,0
9810458,0,0,0,0,0,0,0
9504289,0,0,0,0,0,0,0
112272,1,1,0,0,0,1,2
204323,1,1,0,0,0,1,1
210202,1,1,0,0,0,1,21
211022,0,0,0,0,0,0,0
11315,0,0,0,0,0,0,0
9912239,0,0,0,0,0,0,0
211052,0,0,0,0,0,0,0
9705456,5,1,4,5,5,0,0
201016,0,0,0,0,0,0,0
302114,0,0,0,0,0,0,0
207175,0,0,0,0,0,0,0
12182,0,0,0,0,0,0,0
112239,0,0,0,0,0,0,0
111424,1,1,0,0,1,0,0
9909252,2,1,1,1,0,2,8
9712323,0,0,0,0,0,0,0
6166,1,1,0,0,1,0,0
209202,0,0,0,0,0,0,0
112335,0,0,0,0,0,0,0
9902457,0,0,0,0,0,0,0
103302,0,0,0,0,0,0,0
9912480,0,0,0,0,0,0,0
110082,1,1,0,0,1,0,0
9709391,1,1,0,0,1,0,0
9906279,0,0,0,0,0,0,0
9810380,0,0,0,0,0,0,0
9907492,0,0,0,0,0,0,0
212065,0,0,0,0,0,0,0
9601312,0,0,0,0,0,0,0
9309323,2,2,0,0,2,0,0
210279,0,0,0,0,0,0,0
6111,0,0,0,0,0,0,0
110352,0,0,0,0,0,0,0
112097,0,0,0,0,0,0,0
108087,1,1,0,0,1,0,0
209088,0,0,0,0,0,0,0
207354,0,0,0,0,0,0,0
9904392,0,0,0,0,0,0,0
109229,0,0,0,0,0,0,0
3101,0,0,0,0,0,0,0
11204,0,0,0,0,0,0,0
107169,0,0,0,0,0,0,0
104093,0,0,0,0,0,0,0
9806330,0,0,0,0,0,0,0
9907405,0,0,0,0,0,0,0
210246,0,0,0,0,0,0,0
205311,0,0,0,0,0,0,0
204333,0,0,0,0,0,0,0
206294,3,1,2,2,3,0,0
5070,0,0,0,0,0,0,0
11039,0,0,0,0,0,0,0
9308357,0,0,0,0,0,0,0
9808252,0,0,0,0,0,0,0
212182,0,0,0,0,0,0,0
112105,1,1,0,0,0,1,11
9410305,1,1,0,0,1,0,0
212155,0,0,0,0,0,0,0
302218,0,0,0,0,0,0,0
9603356,1,1,0,0,1,0,0
107253,0,0,0,0,0,0,0
9610442,0,0,0,0,0,0,0
9910486,0,0,0,0,0,0,0
9701211,0,0,0,0,0,0,0
9711497,0,0,0,0,0,0,0
9508235,1,1,0,0,1,0,0
209110,0,0,0,0,0,0,0
211338,0,0,0,0,0,0,0
2037,0,0,0,0,0,0,0
101054,1,1,0,0,1,0,0
9503287,0,0,0,0,0,0,0
209293,0,0,0,0,0,0,0
207355,0,0,0,0,0,0,0
9609519,0,0,0,0,0,0,0
9604408,0,0,0,0,0,0,0
9906407,0,0,0,0,0,0,0
9702439,0,0,0,0,0,0,0
201169,0,0,0,0,0,0,0
9607346,0,0,0,0,0,0,0
104206,0,0,0,0,0,0,0
9409360,0,0,0,0,0,0,0
212027,1,1,0,0,0,1,10
9904381,0,0,0,0,0,0,0
104249,0,0,0,0,0,0,0
107028,0,0,0,0,0,0,0
9702259,0,0,0,0,0,0,0
9325,0,0,0,0,0,0,0
206139,0,0,0,0,0,0,0
11106,0,0,0,0,0,0,0
9812496,0,0,0,0,0,0,0
210370,0,0,0,0,0,0,0
9509219,0,0,0,0,0,0,0
2119,0,0,0,0,0,0,0
204009,0,0,0,0,0,0,0
302062,0,0,0,0,0,0,0
5291,0,0,0,0,0,0,0
9709362,1,1,0,0,1,0,0
212030,0,0,0,0,0,0,0
9404286,0,0,0,0,0,0,0
9706208,0,0,0,0,0,0,0
9912461,0,0,0,0,0,0,0
9505235,20,4,16,48,20,0,0
4004,75,1,74,638,20,55,142
7085,18,1,17,57,1,17,37
9206236,24,3,21,119,24,0,0
9603205,17,2,15,54,17,0,0
9902434,10,2,8,15,0,10,20
9702305,18,3,15,44,8,10,21
1056,7,2,5,11,0,7,37
9704455,19,4,15,43,0,19,101
9906419,11,3,8,13,3,8,23
9504241,13,4,9,23,0,13,33
9504417,1,1,0,0,1,0,0
9403353,6,4,2,2,4,2,6
9205238,44,5,39,252,44,0,0
9403230,35,4,31,176,8,27,36
9212245,8,2,6,17,8,0,0
9803449,2,1,1,1,0,2,2
9906297,34,7,27,98,0,34,232
9712537,30,2,28,127,0,30,300
9909425,39,2,37,252,0,39,215
9905470,13,2,11,19,0,13,133
9901208,14,5,9,20,1,13,91
9306212,23,8,15,58,12,11,14
9804262,20,2,18,91,4,16,17
9711339,14,1,13,41,6,8,16
9511381,18,2,16,70,0,18,46
9606416,24,2,22,83,0,24,88
9811282,2,1,1,1,0,2,4
9711421,8,3,5,11,0,8,20
9403306,23,9,14,39,1,22,87
9609443,49,4,45,260,5,44,77
9611277,9,2,7,13,0,9,43
9703353,50,2,48,364,8,42,159
9708356,10,3,7,12,0,10,55
12155,7,1,6,12,0,7,15
9911233,46,2,44,275,0,46,533
9309299,13,3,10,43,6,7,7
9701286,53,4,49,318,0,53,362
9710217,17,3,14,39,0,17,222
9909478,17,5,12,25,0,17,206
9902239,16,2,14,43,1,15,31
9706441,10,4,6,22,2,8,21
9604438,13,4,9,15,2,11,12
9702318,34,2,32,171,0,34,135
9605441,17,3,14,48,1,16,16
9807332,18,2,16,54,0,18,55
9802286,3,3,0,0,1,2,2
9710428,3,2,1,1,0,3,12
9311357,30,3,27,119,5,25,25
9609497,1,1,0,0,0,1,2
9404302,42,5,37,281,2,40,104
9511321,16,1,15,36,6,10,20
9503354,6,2,4,6,6,0,0
9305239,31,2,29,207,31,0,0
9709387,16,2,14,37,15,1,1
9310252,28,3,25,122,28,0,0
9708296,2,1,1,1,0,2,3
9302311,17,2,15,82,17,0,0
107071,10,2,8,18,0,10,12
9509341,17,3,14,35,0,17,80
9702339,19,4,15,67,1,18,48
9903226,14,6,8,17,0,14,86
9401246,26,6,20,75,0,26,139
9204229,29,7,22,149,29,0,0
9207236,48,6,42,263,48,0,0
9511391,17,2,15,52,0,17,64
9402218,14,5,9,30,2,12,16
9403346,4,2,2,2,4,0,0
9410360,62,1,61,519,62,0,0
9612286,9,7,2,3,1,8,19
9401211,23,4,19,64,9,14,32
9911463,5,1,4,5,0,5,61
9709343,6,1,5,7,1,5,8
9808404,40,1,39,272,0,40,232
9805211,8,4,4,5,0,8,44
9401294,19,2,17,92,9,10,10
9609400,6,3,3,5,6,0,0
2123,21,1,20,72,0,21,338
9812445,50,1,49,441,1,49,150
9912409,41,5,36,172,0,41,547
9906346,32,5,27,140,3,29,142
6105,12,3,9,24,0,12,155
211124,7,1,6,16,0,7,39
9310216,5,2,3,3,1,4,8
9409419,19,1,18,89,19,0,0
9504415,12,1,11,26,12,0,0
9311222,41,13,28,124,12,29,63
5103,7,1,6,8,0,7,41
9801212,24,4,20,71,0,24,109
9305342,12,3,9,28,12,0,0
5151,1,1,0,0,1,0,0
9510365,55,1,54,555,0,55,109
9907458,1,1,0,0,0,1,17
9802304,22,1,21,74,0,22,22
9704317,26,4,22,106,0,26,117
9607475,4,3,1,1,0,4,9
9504302,11,1,10,18,1,10,13
6135,9,5,4,8,0,9,20
103199,26,4,22,88,0,26,130
9610252,14,2,12,37,0,14,27
9507379,28,2,26,160,6,22,22
9608311,14,3,11,27,2,12,14
9806472,6,3,3,3,0,6,21
9301242,16,1,15,80,16,0,0
9207234,80,4,76,726,80,0,0
9208251,55,3,52,407,55,0,0
7120,9,7,2,4,0,9,48
9904469,8,1,7,15,0,8,68
9810512,18,1,17,70,3,15,60
103320,19,5,14,37,0,19,190
9210255,6,3,3,6,6,0,0
104095,5,2,3,6,0,5,46
9504353,16,2,14,29,16,0,0
9710447,13,3,10,37,1,12,19
9905214,79,4,75,647,0,79,787
9711328,7,2,5,9,0,7,38
9705240,12,2,10,25,2,10,19
9702443,22,8,14,42,0,22,69
2077,15,3,12,35,2,13,24
9309335,8,5,3,9,8,0,0
9809217,55,4,51,512,1,54,115
9912455,4,3,1,1,0,4,43
9709432,89,2,87,894,0,89,577
11056,22,1,21,77,0,22,228
110315,4,2,2,2,0,4,19
210135,2,2,0,0,0,2,18
110067,13,2,11,51,3,10,10
9604317,84,1,83,846,12,72,72
9305308,7,2,5,10,7,0,0
9904252,8,1,7,11,0,8,70
9909494,2,1,1,1,0,2,6
9712542,23,1,22,89,0,23,86
9808255,12,2,10,29,12,0,0
9410405,6,2,4,5,6,0,0
9512364,24,7,17,52,18,6,6
9207269,28,5,23,108,28,0,0
8145,7,2,5,13,7,0,0
9702359,14,6,8,12,0,14,95
9706261,18,2,16,65,0,18,98
9512227,6,2,4,5,0,6,37
9502360,9,3,6,14,5,4,4
9812257,14,2,12,32,0,14,97
9511315,135,3,132,1044,0,135,514
9602223,68,2,66,322,0,68,267
9611362,15,3,12,30,3,12,24
9306321,3,2,1,1,0,3,8
9511258,7,3,4,10,7,0,0
103058,10,1,9,23,0,10,10
102117,6,3,3,7,0,6,53
9303280,20,9,11,27,20,0,0
9808292,33,7,26,168,0,33,364
9311237,24,3,21,63,5,19,19
9709511,7,1,6,18,0,7,124
9510270,1,1,0,0,0,1,3
9609226,18,5,13,48,0,18,52
9910424,5,5,0,0,0,5,62
11254,15,3,12,39,0,15,161
9906398,2,2,0,0,2,0,0
9306253,15,3,12,43,15,0,0
5209,2,1,1,1,2,0,0
9510430,2,1,1,1,0,2,2
9504277,20,4,16,52,3,17,38
9706435,1,1,0,0,1,0,0
9403390,36,4,32,204,22,14,17
9606323,10,1,9,19,1,9,14
105062,3,2,1,1,0,3,4
9701361,8,3,5,7,0,8,58
9605326,12,6,6,15,2,10,24
9504336,31,14,17,62,3,28,51
9607232,2,2,0,0,0,2,10
9801446,17,3,14,40,0,17,41
9307311,15,3,12,38,15,0,0
9904455,9,5,4,4,0,9,9
9506317,59,1,58,475,7,52,107
9704347,10,4,6,19,0,10,218
9703276,83,2,81,1045,14,69,143
9512439,11,1,10,14,2,9,14
9407404,15,5,10,44,0,15,32
9909540,21,3,18,67,0,21,234
9906450,4,2,2,4,0,4,16
9610229,52,4,48,382,1,51,146
107150,6,2,4,9,0,6,69
4100,3,2,1,1,0,3,8
9506417,35,2,33,215,5,30,100
9510393,16,4,12,47,0,16,82
9611465,9,2,7,15,9,0,0
203266,6,2,4,10,0,6,30
10108,2,2,0,0,0,2,10
9608291,10,5,5,12,10,0,0
9805484,6,5,1,1,0,6,107
9410326,20,8,12,34,5,15,31
104254,6,1,5,8,0,6,55
9802423,2,2,0,0,1,1,1
5224,4,1,3,5,0,4,13
9508383,5,3,2,2,5,0,0
9503258,5,1,4,8,5,0,0
9911424,8,4,4,5,0,8,20
9811481,41,4,37,195,2,39,187
9907436,27,2,25,105,0,27,134
9909567,9,3,6,14,0,9,247
9211260,39,7,32,165,39,0,0
9907496,28,2,26,159,0,28,257
103063,9,1,8,9,0,9,59
1231,1,1,0,0,0,1,2
9607223,2,1,1,1,0,2,8
9207204,6,1,5,7,6,0,0
207242,3,1,2,3,0,3,22
9411278,2,2,0,0,0,2,3
9704428,23,4,19,116,0,23,273
9607423,3,2,1,1,3,0,0
9204214,40,3,37,169,40,0,0
9607266,8,2,6,15,0,8,13
9905264,13,4,9,18,0,13,63
9612349,3,1,2,2,0,3,84
5074,1,1,0,0,0,1,7
9509323,2,1,1,1,0,2,2
9605238,9,3,6,21,0,9,22
9210228,16,1,15,48,16,0,0
9711217,9,2,7,16,0,9,59
9310337,8,2,6,21,8,0,0
9605356,8,3,5,9,8,0,0
9811371,4,4,0,0,0,4,28
9703210,22,2,20,73,6,16,16
9610532,5,2,3,5,5,0,0
209166,0,0,0,0,0,0,0
4189,5,2,3,3,5,0,0
9911206,3,2,1,1,0,3,30
9406374,5,2,3,7,1,4,10
9912488,16,1,15,74,0,16,70
9403394,7,5,2,2,0,7,9
9804317,3,2,1,1,3,0,0
9802378,8,2,6,21,8,0,0
103258,39,2,37,222,0,39,242
9805338,7,3,4,5,7,0,0
9706316,22,2,20,85,1,21,32
9608462,2,1,1,1,2,0,0
9610335,3,3,0,0,0,3,14
9407254,0,0,0,0,0,0,0
9607309,6,1,5,12,0,6,14
9605354,3,3,0,0,0,3,13
212345,2,2,0,0,0,2,7
9907431,5,3,2,4,0,5,29
9702430,11,4,7,13,0,11,40
9611253,27,7,20,73,3,24,60
9703271,4,1,3,6,3,1,2
103105,10,2,8,31,0,10,120
9307242,58,4,54,470,58,0,0
9505321,10,1,9,21,2,8,8
9404207,11,2,9,27,11,0,0
9603265,10,1,9,20,8,2,2
9303233,27,4,23,158,27,0,0
9911479,6,3,3,5,1,5,12
9905500,12,3,9,29,0,12,325
9803303,0,0,0,0,0,0,0
9912429,1,1,0,0,0,1,9
9805264,11,3,8,15,0,11,73
9303322,7,4,3,8,2,5,5
9908237,6,2,4,6,1,5,10
11299,1,1,0,0,0,1,12
9605286,13,4,9,19,1,12,12
7303,3,2,1,1,0,3,6
9809232,1,1,0,0,0,1,3
205349,13,5,8,19,0,13,82
9806523,4,2,2,2,0,4,14
207326,8,3,5,7,0,8,68
107266,19,1,18,82,0,19,151
8073,3,2,1,1,0,3,25
5311,6,1,5,12,0,6,27
9907521,7,2,5,9,0,7,29
202262,7,2,5,8,0,7,61
9710328,2,2,0,0,0,2,5
205033,15,2,13,38,0,15,262
9506287,6,3,3,3,3,3,4
9604375,5,1,4,6,0,5,24
9209255,16,3,13,17,16,0,0
204060,3,3,0,0,0,3,15
106112,17,2,15,52,0,17,271
9906437,3,1,2,2,0,3,13
9609393,1,1,0,0,0,1,6
9712256,2,2,0,0,0,2,15
9611440,0,0,0,0,0,0,0
12077,3,1,2,2,0,3,19
9811361,3,3,0,0,0,3,27
9808213,6,5,1,1,1,5,12
101342,2,2,0,0,0,2,8
9412275,5,3,2,4,5,0,0
204134,5,1,4,4,1,4,10
9610218,5,2,3,7,0,5,17
9306244,15,6,9,24,0,15,26
9908432,2,1,1,1,0,2,16
9509284,6,2,4,5,2,4,8
5222,4,3,1,1,0,4,16
6077,28,2,26,176,0,28,135
6009,6,1,5,11,0,6,27
9404236,7,2,5,14,3,4,4
9911511,4,2,2,3,0,4,38
9809363,25,4,21,102,1,24,146
9905420,1,1,0,0,1,0,0
9810448,1,1,0,0,1,0,0
106052,1,1,0,0,0,1,1
9609267,6,2,4,8,0,6,11
8294,10,1,9,17,0,10,134
9704445,9,2,7,19,4,5,5
9705382,2,2,0,0,1,1,2
9902372,14,3,11,41,1,13,18
9911250,1,1,0,0,1,0,0
9503328,5,4,1,1,0,5,9
9808423,0,0,0,0,0,0,0
9905232,1,1,0,0,0,1,2
104253,4,1,3,5,4,0,0
9902232,10,2,8,22,0,10,19
9908499,0,0,0,0,0,0,0
9507394,5,2,3,6,1,4,4
9612422,3,2,1,1,0,3,22
9608480,16,3,13,51,3,13,38
206124,5,2,3,5,0,5,17
9808230,4,2,2,3,4,0,0
9408326,22,6,16,66,5,17,17
109172,12,2,10,21,0,12,90
9612304,2,2,0,0,0,2,8
201104,0,0,0,0,0,0,0
9506275,2,2,0,0,0,2,11
9510375,2,1,1,1,0,2,4
9302292,10,4,6,19,10,0,0
9704285,2,2,0,0,2,0,0
9709389,4,1,3,4,0,4,4
110367,1,1,0,0,0,1,2
111218,2,1,1,1,0,2,14
111054,0,0,0,0,0,0,0
9806383,8,2,6,13,0,8,15
9604224,1,1,0,0,0,1,3
9411406,22,7,15,39,0,22,62
6040,8,2,6,9,0,8,107
9610275,9,5,4,8,0,9,39
211018,4,1,3,3,0,4,29
9802319,2,1,1,1,0,2,4
9411304,4,2,2,2,2,2,2
9809539,1,1,0,0,0,1,4
9903471,2,2,0,0,0,2,11
9308368,1,1,0,0,1,0,0
6183,5,1,4,5,0,5,14
9504421,0,0,0,0,0,0,0
102343,11,2,9,19,0,11,93
9911362,1,1,0,0,1,0,0
9507420,10,3,7,16,10,0,0
9904333,1,1,0,0,0,1,3
9801342,3,2,1,2,0,3,10
105235,2,1,1,1,0,2,8
105028,2,1,1,1,0,2,18
2004,4,3,1,1,0,4,16
109080,1,1,0,0,0,1,10
9812516,2,2,0,0,2,0,0
9901289,5,2,3,7,2,3,4
9307298,18,3,15,51,18,0,0
9703452,0,0,0,0,0,0,0
9404210,1,1,0,0,0,1,2
109035,3,2,1,1,2,1,4
9712486,4,2,2,3,2,2,8
9509242,6,1,5,9,6,0,0
9808280,7,3,4,8,0,7,48
9301262,9,2,7,15,9,0,0
9706479,2,2,0,0,0,2,17
111249,1,1,0,0,1,0,0
9811251,7,2,5,10,0,7,52
9502328,1,1,0,0,0,1,1
9906298,5,2,3,3,1,4,14
104121,2,1,1,1,0,2,8
9602405,10,5,5,8,0,10,14
9711289,1,1,0,0,0,1,3
207087,1,1,0,0,0,1,21
9811237,17,3,14,31,0,17,122
9310227,19,4,15,39,19,0,0
9909489,18,2,16,45,0,18,139
9811268,6,2,4,7,0,6,11
4005,0,0,0,0,0,0,0
204171,7,2,5,10,0,7,66
9708253,9,3,6,8,9,0,0
9902233,8,3,5,12,1,7,26
3100,2,1,1,1,0,2,6
112362,1,1,0,0,0,1,2
9404307,2,2,0,0,2,0,0
209333,0,0,0,0,0,0,0
206078,2,2,0,0,0,2,4
9907331,1,1,0,0,0,1,7
7182,22,2,20,70,0,22,48
9505343,3,1,2,2,0,3,6
9801414,7,2,5,14,1,6,8
9612239,15,1,14,62,6,9,9
211245,1,1,0,0,0,1,3
9412228,1,1,0,0,0,1,3
3291,2,2,0,0,0,2,3
9207235,6,6,0,0,6,0,0
4210,4,3,1,1,1,3,3
9306306,10,2,8,20,10,0,0
9709506,8,1,7,17,1,7,28
9909238,0,0,0,0,0,0,0
9706262,3,3,0,0,0,3,9
9803263,2,1,1,1,0,2,6
9904437,0,0,0,0,0,0,0
9404325,4,1,3,3,3,1,1
9607474,0,0,0,0,0,0,0
9609202,9,1,8,19,1,8,12
207044,3,3,0,0,0,3,7
9166,0,0,0,0,0,0,0
9801419,3,3,0,0,3,0,0
9802215,0,0,0,0,0,0,0
9901231,2,1,1,1,0,2,6
9604443,15,3,12,43,1,14,29
9511383,0,0,0,0,0,0,0
7350,6,3,3,7,6,0,0
9811254,0,0,0,0,0,0,0
112163,3,1,2,2,0,3,36
108250,4,1,3,5,0,4,96
9901233,2,1,1,1,2,0,0
4217,10,5,5,6,0,10,36
9511460,2,1,1,1,0,2,2
9610389,2,1,1,1,2,0,0
3212,3,2,1,1,0,3,27
12063,0,0,0,0,0,0,0
106124,11,2,9,19,0,11,132
105147,12,3,9,29,0,12,31
9501376,17,2,15,47,17,0,0
8003,1,1,0,0,0,1,3
9912511,0,0,0,0,0,0,0
9312323,6,6,0,0,6,0,0
9810271,1,1,0,0,1,0,0
9512379,7,1,6,17,2,5,5
205323,6,3,3,4,0,6,39
9509303,15,3,12,44,15,0,0
107279,3,2,1,1,0,3,31
9206217,2,2,0,0,2,0,0
9403300,13,7,6,12,5,8,8
9510424,1,1,0,0,1,0,0
9279,1,1,0,0,0,1,5
9406300,12,1,11,27,1,11,11
9606236,1,1,0,0,0,1,1
9510269,9,1,8,18,0,9,56
9805336,0,0,0,0,0,0,0
9810425,8,1,7,7,6,2,3
2038,7,3,4,10,2,5,8
9912425,11,2,9,18,0,11,114
9511461,8,2,6,19,1,7,15
9303271,5,5,0,0,5,0,0
9912547,5,1,4,5,0,5,15
9901324,3,3,0,0,0,3,15
9901258,4,2,2,3,0,4,18
9812407,0,0,0,0,0,0,0
9704212,4,2,2,3,0,4,6
7021,5,1,4,7,0,5,8
9506269,8,4,4,5,5,3,3
9909355,6,1,5,11,1,5,13
9910305,5,2,3,6,5,0,0
9501258,1,1,0,0,0,1,4
9701317,0,0,0,0,0,0,0
1083,10,2,8,17,10,0,0
104237,4,1,3,4,4,0,0
103131,0,0,0,0,0,0,0
9703216,3,1,2,2,0,3,9
9905348,5,4,1,1,0,5,18
9608206,8,3,5,8,0,8,8
9403337,1,1,0,0,0,1,1
9410330,4,3,1,1,1,3,11
9606404,3,1,2,2,0,3,8
10225,0,0,0,0,0,0,0
108220,6,4,2,3,0,6,22
12102,9,4,5,8,0,9,10
9709252,3,2,1,1,0,3,7
12103,13,5,8,18,0,13,95
205287,1,1,0,0,0,1,4
9910233,7,1,6,12,3,4,4
9702228,1,1,0,0,0,1,2
9711282,1,1,0,0,0,1,14
9903259,0,0,0,0,0,0,0
9909316,0,0,0,0,0,0,0
9303299,9,6,3,6,3,6,6
9704232,6,4,2,4,0,6,21
106013,0,0,0,0,0,0,0
9812251,1,1,0,0,0,1,11
9712202,0,0,0,0,0,0,0
107243,2,1,1,1,0,2,4
9705202,4,1,3,4,0,4,9
9507222,10,2,8,14,0,10,10
12357,8,2,6,19,0,8,54
110060,0,0,0,0,0,0,0
9610494,4,1,3,4,2,2,2
103229,4,2,2,4,0,4,27
9811340,0,0,0,0,0,0,0
5123,8,3,5,11,1,7,15
9707507,4,3,1,1,0,4,4
9903275,3,2,1,1,0,3,14
9706516,13,6,7,27,10,3,3
202113,1,1,0,0,0,1,3
106031,5,3,2,2,0,5,17
1227,2,1,1,1,1,1,1
108130,0,0,0,0,0,0,0
201076,2,2,0,0,1,1,5
109213,1,1,0,0,0,1,1
102173,3,3,0,0,2,1,1
9902429,3,3,0,0,0,3,9
9912452,8,4,4,8,0,8,38
211108,1,1,0,0,0,1,6
9401324,3,2,1,2,0,3,5
9705265,0,0,0,0,0,0,0
107062,1,1,0,0,0,1,1
9702431,0,0,0,0,0,0,0
212397,1,1,0,0,0,1,6
9705226,8,4,4,7,4,4,7
106308,6,1,5,10,0,6,37
7217,3,3,0,0,1,2,2
9907273,4,3,1,1,4,0,0
9612205,7,3,4,12,0,7,39
103086,1,1,0,0,0,1,10
205220,3,3,0,0,1,2,6
9809452,1,1,0,0,0,1,3
6202,3,1,2,2,0,3,9
9607384,5,1,4,8,1,4,6
9407304,1,1,0,0,1,0,0
103102,9,3,6,12,0,9,47
9812323,0,0,0,0,0,0,0
9903444,3,2,1,1,0,3,4
9712343,9,2,7,20,0,9,31
9804380,0,0,0,0,0,0,0
103165,1,1,0,0,0,1,2
9607249,7,4,3,8,2,5,5
9907334,2,2,0,0,1,1,1
203172,3,1,2,3,0,3,22
206063,2,2,0,0,0,2,3
9711291,3,2,1,1,0,3,4
9710507,0,0,0,0,0,0,0
9809393,3,1,2,3,0,3,16
9610206,1,1,0,0,1,0,0
9211252,4,2,2,2,4,0,0
9607467,0,0,0,0,0,0,0
9507257,0,0,0,0,0,0,0
9503322,1,1,0,0,0,1,1
9011,5,1,4,9,4,1,1
9603236,1,1,0,0,1,0,0
9611326,1,1,0,0,0,1,5
9211264,1,1,0,0,1,0,0
106089,6,3,3,4,0,6,64
9810403,2,2,0,0,0,2,2
9904476,0,0,0,0,0,0,0
9701356,0,0,0,0,0,0,0
205315,3,1,2,3,0,3,49
9611337,2,2,0,0,2,0,0
9912335,1,1,0,0,0,1,4
106192,8,2,6,14,0,8,56
9508285,0,0,0,0,0,0,0
8068,3,2,1,1,0,3,4
9405375,2,2,0,0,2,0,0
9801372,2,1,1,1,2,0,0
9612226,1,1,0,0,1,0,0
210019,1,1,0,0,0,1,3
107102,2,2,0,0,0,2,4
109170,1,1,0,0,0,1,6
9609453,1,1,0,0,0,1,2
9406410,1,1,0,0,1,0,0
9511414,9,1,8,24,0,9,35
9707483,2,1,1,1,2,0,0
9905208,0,0,0,0,0,0,0
9407336,15,1,14,48,15,0,0
9404278,6,1,5,8,6,0,0
9809203,5,3,2,2,2,3,9
204123,4,3,1,1,0,4,18
202188,0,0,0,0,0,0,0
11089,6,2,4,5,0,6,26
9803448,0,0,0,0,0,0,0
9902473,3,3,0,0,0,3,6
9209219,2,2,0,0,2,0,0
9907406,1,1,0,0,1,0,0
9512233,0,0,0,0,0,0,0
107178,6,3,3,5,0,6,25
9502398,1,1,0,0,0,1,3
9706448,1,1,0,0,1,0,0
203270,9,2,7,16,0,9,50
9809435,0,0,0,0,0,0,0
9505371,3,2,1,1,3,0,0
9907206,4,2,2,2,0,4,6
9508279,7,2,5,8,1,6,6
9607341,4,3,1,2,0,4,6
9803347,6,3,3,5,6,0,0
105141,8,4,4,8,0,8,43
9907478,6,5,1,1,0,6,30
9207274,1,1,0,0,1,0,0
9507376,1,1,0,0,0,1,7
9505440,4,3,1,1,1,3,3
203188,6,3,3,7,0,6,35
109062,4,2,2,3,0,4,25
210103,0,0,0,0,0,0,0
9511298,2,2,0,0,1,1,1
205238,0,0,0,0,0,0,0
9803398,1,1,0,0,1,0,0
205057,0,0,0,0,0,0,0
7058,2,2,0,0,0,2,6
9811283,3,2,1,2,0,3,7
3079,1,1,0,0,0,1,3
9402327,0,0,0,0,0,0,0
9903323,1,1,0,0,1,0,0
9807334,20,1,19,73,0,20,225
106015,1,1,0,0,0,1,1
9311378,0,0,0,0,0,0,0
211439,0,0,0,0,0,0,0
9905355,4,2,2,3,0,4,26
9711453,14,3,11,32,14,0,0
9702326,5,3,2,2,3,2,5
9303201,8,5,3,4,8,0,0
9908225,5,1,4,9,4,1,1
9802390,0,0,0,0,0,0,0
108128,1,1,0,0,0,1,7
9711243,2,2,0,0,2,0,0
9212289,2,1,1,1,2,0,0
9306278,1,1,0,0,0,1,1
102342,1,1,0,0,1,0,0
110142,5,3,2,2,0,5,28
9605332,3,1,2,2,3,0,0
9812430,2,2,0,0,0,2,11
9901455,0,0,0,0,0,0,0
9211330,1,1,0,0,1,0,0
12223,3,2,1,1,0,3,4
9401298,3,3,0,0,3,0,0
110196,1,1,0,0,0,1,7
109026,0,0,0,0,0,0,0
9801316,3,3,0,0,1,2,2
9903374,4,1,3,4,0,4,17
103084,4,1,3,3,0,4,36
206035,2,2,0,0,1,1,4
9812356,0,0,0,0,0,0,0
9904277,4,3,1,1,3,1,1
301061,2,2,0,0,0,2,7
6114,4,2,2,3,4,0,0
202028,0,0,0,0,0,0,0
202099,0,0,0,0,0,0,0
302264,0,0,0,0,0,0,0
9508277,6,3,3,5,5,1,1
9612481,0,0,0,0,0,0,0
204318,1,1,0,0,0,1,10
9708399,0,0,0,0,0,0,0
202159,2,1,1,1,0,2,4
9509300,1,1,0,0,0,1,1
204150,1,1,0,0,0,1,4
210159,0,0,0,0,0,0,0
9911444,0,0,0,0,0,0,0
9909358,0,0,0,0,0,0,0
210376,1,1,0,0,0,1,3
201150,6,4,2,2,0,6,34
9411213,1,1,0,0,0,1,3
205143,7,4,3,3,0,7,73
101343,2,1,1,1,0,2,3
9910345,1,1,0,0,0,1,4
101272,0,0,0,0,0,0,0
9702250,1,1,0,0,0,1,2
7247,1,1,0,0,0,1,2
9710326,3,1,2,3,0,3,12
9905435,3,1,2,3,0,3,8
9708413,2,1,1,1,0,2,5
302195,1,1,0,0,0,1,2
9705394,0,0,0,0,0,0,0
112182,1,1,0,0,0,1,5
212367,0,0,0,0,0,0,0
9910292,3,2,1,1,0,3,3
9503231,4,3,1,1,4,0,0
9907370,4,1,3,5,0,4,12
9307278,5,3,2,2,5,0,0
9404266,3,3,0,0,3,0,0
9507255,0,0,0,0,0,0,0
9402294,0,0,0,0,0,0,0
208197,0,0,0,0,0,0,0
4165,2,2,0,0,0,2,3
106212,0,0,0,0,0,0,0
106053,2,2,0,0,0,2,30
9909466,0,0,0,0,0,0,0
9707265,1,1,0,0,0,1,3
9501216,1,1,0,0,0,1,2
9805255,2,2,0,0,1,1,1
9811433,3,2,1,1,0,3,8
205212,1,1,0,0,0,1,4
105089,3,2,1,1,0,3,5
9504369,1,1,0,0,0,1,7
9804276,0,0,0,0,0,0,0
12163,0,0,0,0,0,0,0
9905271,8,4,4,8,0,8,23
201018,3,1,2,2,3,0,0
202059,0,0,0,0,0,0,0
106177,0,0,0,0,0,0,0
9310225,2,2,0,0,2,0,0
104303,2,2,0,0,2,0,0
9904461,4,1,3,3,4,0,0
9181,2,2,0,0,0,2,2
204048,3,1,2,2,0,3,8
110040,0,0,0,0,0,0,0
9808408,2,2,0,0,0,2,14
9812428,3,3,0,0,0,3,6
106279,1,1,0,0,0,1,18
209059,2,2,0,0,0,2,37
9411348,0,0,0,0,0,0,0
9805253,0,0,0,0,0,0,0
212264,0,0,0,0,0,0,0
9707502,2,2,0,0,0,2,9
9912489,0,0,0,0,0,0,0
211461,0,0,0,0,0,0,0
106108,3,1,2,3,0,3,4
302202,0,0,0,0,0,0,0
9712425,4,3,1,1,3,1,1
111154,0,0,0,0,0,0,0
206288,5,3,2,3,0,5,21
9602270,2,1,1,1,2,0,0
9908488,0,0,0,0,0,0,0
9810349,5,2,3,5,0,5,9
9506447,1,1,0,0,1,0,0
9605366,0,0,0,0,0,0,0
1030,1,1,0,0,0,1,6
9901238,2,2,0,0,0,2,16
9411205,3,1,2,2,0,3,5
107093,0,0,0,0,0,0,0
9810531,3,2,1,1,3,0,0
9511406,3,3,0,0,0,3,3
204317,0,0,0,0,0,0,0
202012,8,2,6,17,0,8,96
9608264,0,0,0,0,0,0,0
7309,2,2,0,0,1,1,2
9911484,0,0,0,0,0,0,0
9712241,0,0,0,0,0,0,0
9607378,6,3,3,5,6,0,0
207156,4,2,2,2,0,4,17
104216,2,2,0,0,0,2,4
9910339,0,0,0,0,0,0,0
9511264,0,0,0,0,0,0,0
8026,2,2,0,0,2,0,0
9307211,0,0,0,0,0,0,0
9911343,0,0,0,0,0,0,0
9902278,0,0,0,0,0,0,0
106285,0,0,0,0,0,0,0
108215,3,1,2,2,1,2,8
107259,3,2,1,2,0,3,10
9708494,0,0,0,0,0,0,0
9803375,3,2,1,1,2,1,1
9809557,0,0,0,0,0,0,0
212232,0,0,0,0,0,0,0
9505252,1,1,0,0,0,1,2
10322,7,1,6,7,3,4,6
104042,1,1,0,0,0,1,1
9503451,0,0,0,0,0,0,0
9905334,0,0,0,0,0,0,0
211378,3,1,2,3,0,3,94
9605278,0,0,0,0,0,0,0
9409433,4,3,1,1,4,0,0
9907299,2,2,0,0,0,2,7
211284,1,1,0,0,1,0,0
12360,4,2,2,3,0,4,27
212085,0,0,0,0,0,0,0
201299,4,4,0,0,1,3,13
6178,0,0,0,0,0,0,0
103107,2,2,0,0,2,0,0
9081,1,1,0,0,1,0,0
9308264,2,2,0,0,2,0,0
101244,1,1,0,0,1,0,0
210232,0,0,0,0,0,0,0
9212299,1,1,0,0,1,0,0
209031,0,0,0,0,0,0,0
9803494,0,0,0,0,0,0,0
9702224,0,0,0,0,0,0,0
9812479,7,1,6,19,7,0,0
9405222,2,2,0,0,2,0,0
9807388,1,1,0,0,0,1,3
9911384,3,3,0,0,0,3,24
9504236,1,1,0,0,1,0,0
9906201,0,0,0,0,0,0,0
212148,0,0,0,0,0,0,0
302126,0,0,0,0,0,0,0
12095,1,1,0,0,1,0,0
111231,0,0,0,0,0,0,0
9809284,0,0,0,0,0,0,0
9704373,0,0,0,0,0,0,0
9511232,1,1,0,0,0,1,4
9607410,1,1,0,0,0,1,3
9605424,0,0,0,0,0,0,0
9707525,0,0,0,0,0,0,0
9712539,0,0,0,0,0,0,0
9610248,0,0,0,0,0,0,0
9607299,0,0,0,0,0,0,0
101247,0,0,0,0,0,0,0
9811341,1,1,0,0,1,0,0
108255,0,0,0,0,0,0,0
9708260,1,1,0,0,1,0,0
9705464,4,1,3,3,0,4,8
211207,0,0,0,0,0,0,0
9811502,0,0,0,0,0,0,0
101153,0,0,0,0,0,0,0
9910360,0,0,0,0,0,0,0
302207,0,0,0,0,0,0,0
301194,0,0,0,0,0,0,0
109118,2,2,0,0,0,2,10
9810379,0,0,0,0,0,0,0
9805234,3,3,0,0,0,3,3
111286,1,1,0,0,1,0,0
203078,1,1,0,0,0,1,5
9708381,0,0,0,0,0,0,0
9910384,1,1,0,0,0,1,9
9809576,2,1,1,1,0,2,22
111391,1,1,0,0,0,1,5
9608378,0,0,0,0,0,0,0
9509222,2,2,0,0,2,0,0
9705434,1,1,0,0,0,1,1
9608250,0,0,0,0,0,0,0
9705298,3,2,1,1,1,2,2
207035,1,1,0,0,0,1,5
9606265,1,1,0,0,0,1,1
202027,2,1,1,1,0,2,7
9602319,0,0,0,0,0,0,0
206267,0,0,0,0,0,0,0
9709385,0,0,0,0,0,0,0
1285,0,0,0,0,0,0,0
302002,1,1,0,0,0,1,3
9609254,1,1,0,0,1,0,0
9607219,0,0,0,0,0,0,0
208160,1,1,0,0,0,1,21
10184,1,1,0,0,0,1,1
9905265,0,0,0,0,0,0,0
9811398,1,1,0,0,1,0,0
9509326,1,1,0,0,1,0,0
9812268,1,1,0,0,0,1,3
9505403,0,0,0,0,0,0,0
9502393,1,1,0,0,1,0,0
9909274,0,0,0,0,0,0,0
9406394,1,1,0,0,1,0,0
302178,0,0,0,0,0,0,0
9908487,0,0,0,0,0,0,0
1292,3,2,1,1,0,3,4
9910265,1,1,0,0,0,1,5
103055,1,1,0,0,0,1,4
104251,0,0,0,0,0,0,0
9512339,3,2,1,1,3,0,0
201073,1,1,0,0,1,0,0
9510397,1,1,0,0,1,0,0
9412396,0,0,0,0,0,0,0
209144,1,1,0,0,0,1,1
110417,1,1,0,0,0,1,9
206158,1,1,0,0,0,1,8
103341,1,1,0,0,0,1,3
9810276,0,0,0,0,0,0,0
9608456,0,0,0,0,0,0,0
104136,1,1,0,0,1,0,0
1321,0,0,0,0,0,0,0
210288,1,1,0,0,0,1,10
109116,0,0,0,0,0,0,0
301274,1,1,0,0,1,0,0
9610361,1,1,0,0,0,1,1
204310,1,1,0,0,1,0,0
9702324,0,0,0,0,0,0,0
9405432,1,1,0,0,1,0,0
210363,0,0,0,0,0,0,0
9508318,0,0,0,0,0,0,0
9807295,0,0,0,0,0,0,0
112282,1,1,0,0,1,0,0
203219,0,0,0,0,0,0,0
110228,0,0,0,0,0,0,0
101007,2,1,1,1,2,0,0
108194,1,1,0,0,0,1,3
9905563,0,0,0,0,0,0,0
112090,0,0,0,0,0,0,0
108266,0,0,0,0,0,0,0
208056,0,0,0,0,0,0,0
112162,1,1,0,0,0,1,20
207180,0,0,0,0,0,0,0
9812462,0,0,0,0,0,0,0
210015,0,0,0,0,0,0,0
9809388,1,1,0,0,0,1,1
9701386,0,0,0,0,0,0,0
9306334,1,1,0,0,1,0,0
9905534,0,0,0,0,0,0,0
211376,0,0,0,0,0,0,0
101174,1,1,0,0,0,1,6
6081,1,1,0,0,1,0,0
9505412,1,1,0,0,1,0,0
9909402,0,0,0,0,0,0,0
111139,1,1,0,0,0,1,4
110290,1,1,0,0,0,1,1
9906251,2,1,1,1,2,0,0
9804259,0,0,0,0,0,0,0
212254,0,0,0,0,0,0,0
106161,1,1,0,0,0,1,8
9712208,0,0,0,0,0,0,0
7177,1,1,0,0,1,0,0
11362,3,3,0,0,0,3,5
9710483,0,0,0,0,0,0,0
7124,0,0,0,0,0,0,0
9912497,0,0,0,0,0,0,0
9711247,0,0,0,0,0,0,0
9601315,3,2,1,1,3,0,0
207050,0,0,0,0,0,0,0
9501412,0,0,0,0,0,0,0
10329,1,1,0,0,1,0,0
108099,0,0,0,0,0,0,0
202080,0,0,0,0,0,0,0
209004,0,0,0,0,0,0,0
9902398,0,0,0,0,0,0,0
106222,3,2,1,1,0,3,3
3166,0,0,0,0,0,0,0
9404262,0,0,0,0,0,0,0
301245,0,0,0,0,0,0,0
9407215,0,0,0,0,0,0,0
110397,0,0,0,0,0,0,0
208099,0,0,0,0,0,0,0
112325,0,0,0,0,0,0,0
9901269,0,0,0,0,0,0,0
101296,0,0,0,0,0,0,0
9905411,0,0,0,0,0,0,0
110183,0,0,0,0,0,0,0
9702425,1,1,0,0,1,0,0
9806492,0,0,0,0,0,0,0
9803471,0,0,0,0,0,0,0
9710490,1,1,0,0,1,0,0
9908437,0,0,0,0,0,0,0
6030,0,0,0,0,0,0,0
9711209,0,0,0,0,0,0,0
9912258,0,0,0,0,0,0,0
203127,0,0,0,0,0,0,0
9509335,1,1,0,0,0,1,1
9312331,0,0,0,0,0,0,0
9907413,0,0,0,0,0,0,0
9707479,1,1,0,0,0,1,1
109059,1,1,0,0,0,1,7
9406297,0,0,0,0,0,0,0
9908272,0,0,0,0,0,0,0
9512371,0,0,0,0,0,0,0
9710562,0,0,0,0,0,0,0
209266,0,0,0,0,0,0,0
12375,2,1,1,1,0,2,8
9402222,0,0,0,0,0,0,0
9510292,0,0,0,0,0,0,0
112323,0,0,0,0,0,0,0
107202,2,2,0,0,0,2,35
9804369,5,1,4,7,0,5,11
105102,1,1,0,0,0,1,1
9912544,1,1,0,0,1,0,0
204256,1,1,0,0,0,1,5
112083,0,0,0,0,0,0,0
103222,1,1,0,0,0,1,1
9810544,0,0,0,0,0,0,0
208161,0,0,0,0,0,0,0
9610241,0,0,0,0,0,0,0
6176,1,1,0,0,1,0,0
102328,0,0,0,0,0,0,0
206257,1,1,0,0,0,1,4
203005,0,0,0,0,0,0,0
9812533,0,0,0,0,0,0,0
103071,0,0,0,0,0,0,0
203112,0,0,0,0,0,0,0
205152,0,0,0,0,0,0,0
111011,0,0,0,0,0,0,0
11261,0,0,0,0,0,0,0
212357,0,0,0,0,0,0,0
210388,1,1,0,0,0,1,2
9908313,1,1,0,0,0,1,2
11149,0,0,0,0,0,0,0
110211,2,1,1,1,2,0,0
3001,2,1,1,1,0,2,5
105074,0,0,0,0,0,0,0
101116,0,0,0,0,0,0,0
9505400,0,0,0,0,0,0,0
301135,0,0,0,0,0,0,0
104006,0,0,0,0,0,0,0
11073,0,0,0,0,0,0,0
202057,0,0,0,0,0,0,0
302023,0,0,0,0,0,0,0
9907508,0,0,0,0,0,0,0
4154,0,0,0,0,0,0,0
11343,0,0,0,0,0,0,0
9606242,0,0,0,0,0,0,0
9810263,0,0,0,0,0,0,0
301133,0,0,0,0,0,0,0
9705385,0,0,0,0,0,0,0
9608268,0,0,0,0,0,0,0
9904402,0,0,0,0,0,0,0
10064,0,0,0,0,0,0,0
9611404,0,0,0,0,0,0,0
103220,0,0,0,0,0,0,0
9412303,1,1,0,0,1,0,0
210151,1,1,0,0,0,1,1
9808221,2,1,1,1,0,2,4
9901383,1,1,0,0,1,0,0
9812507,0,0,0,0,0,0,0
108181,1,1,0,0,1,0,0
12124,0,0,0,0,0,0,0
7308,0,0,0,0,0,0,0
9411376,1,1,0,0,1,0,0
9712365,0,0,0,0,0,0,0
210400,0,0,0,0,0,0,0
9907563,0,0,0,0,0,0,0
211323,0,0,0,0,0,0,0
301211,0,0,0,0,0,0,0
9907288,0,0,0,0,0,0,0
9603394,0,0,0,0,0,0,0
9911462,1,1,0,0,1,0,0
9306215,1,1,0,0,1,0,0
202215,0,0,0,0,0,0,0
211319,0,0,0,0,0,0,0
108019,0,0,0,0,0,0,0
211299,0,0,0,0,0,0,0
212372,0,0,0,0,0,0,0
9702440,1,1,0,0,0,1,1
6058,0,0,0,0,0,0,0
109002,1,1,0,0,0,1,1
104157,0,0,0,0,0,0,0
9302314,1,1,0,0,1,0,0
9212231,0,0,0,0,0,0,0
106032,0,0,0,0,0,0,0
302140,0,0,0,0,0,0,0
9604433,0,0,0,0,0,0,0
301083,0,0,0,0,0,0,0
8142,0,0,0,0,0,0,0
5187,1,1,0,0,1,0,0
9611267,0,0,0,0,0,0,0
212010,0,0,0,0,0,0,0
205197,0,0,0,0,0,0,0
9904264,0,0,0,0,0,0,0
204336,0,0,0,0,0,0,0
206048,0,0,0,0,0,0,0
9609406,0,0,0,0,0,0,0
9806393,1,1,0,0,1,0,0
110135,0,0,0,0,0,0,0
210341,1,1,0,0,1,0,0
9305246,1,1,0,0,1,0,0
9702231,0,0,0,0,0,0,0
9405397,0,0,0,0,0,0,0
9606402,15,2,13,32,3,12,12
4173,85,4,81,654,0,85,430
8273,20,7,13,38,1,19,109
9409255,19,2,17,97,9,10,10
9805244,11,2,9,19,1,10,19
9906218,24,1,23,89,0,24,90
9703463,9,4,5,8,0,9,28
1133,9,5,4,9,0,9,53
9706267,8,2,6,10,0,8,40
9406205,10,5,5,8,6,4,4
9511340,6,2,4,7,0,6,6
9606306,1,1,0,0,1,0,0
9502276,4,1,3,3,2,2,2
9502291,30,9,21,79,1,29,61
9405423,15,4,11,33,4,11,23
9306242,14,2,12,31,14,0,0
6235,1,1,0,0,0,1,13
9703351,60,1,59,551,16,44,94
9806328,52,9,43,283,2,50,457
9909469,51,3,48,398,2,49,328
9906368,10,4,6,14,0,10,94
9902261,1,1,0,0,0,1,3
9404308,13,7,6,7,7,6,6
3184,36,4,32,199,1,35,325
9501361,10,3,7,17,4,6,15
9603378,94,1,93,891,21,73,79
9812256,48,6,42,266,3,45,293
9401337,5,1,4,8,5,0,0
9801276,12,5,7,13,10,2,2
9709395,26,5,21,42,4,22,121
9612447,68,3,65,544,9,59,99
9610431,5,1,4,7,0,5,22
9704376,27,3,24,101,0,27,319
9711262,61,2,59,616,1,60,330
104238,6,2,4,7,0,6,54
9911309,33,1,32,184,15,18,18
9405345,23,2,21,122,1,22,28
9701341,36,1,35,178,0,36,386
9711216,11,1,10,28,0,11,183
111376,0,0,0,0,0,0,0
112089,1,1,0,0,0,1,27
9805337,12,1,11,29,6,6,20
9809282,6,5,1,1,3,3,3
9702322,42,2,40,269,0,42,257
9612269,40,6,34,215,5,35,106
9810432,16,2,14,38,0,16,64
6246,1,1,0,0,0,1,5
9505352,29,3,26,99,2,27,27
9610323,27,3,24,95,2,25,92
9507426,9,5,4,9,1,8,16
9406289,41,6,35,235,3,38,105
9703348,18,2,16,31,5,13,24
9609460,26,1,25,147,26,0,0
9312333,19,3,16,107,6,13,13
9809341,14,1,13,22,2,12,18
9601211,23,2,21,106,14,9,10
9410411,6,3,3,5,6,0,0
9309234,16,2,14,50,16,0,0
1086,9,5,4,8,9,0,0
9707474,2,1,1,1,1,1,1
9705230,4,1,3,5,0,4,14
9905550,33,2,31,158,0,33,261
9403249,36,4,32,117,1,35,53
9402360,72,11,61,480,9,63,194
9306320,66,10,56,285,29,37,68
9302224,43,5,38,258,21,22,22
9411375,4,1,3,4,0,4,9
9411235,1,1,0,0,0,1,2
9501375,31,1,30,132,3,28,85
9704416,15,5,10,15,3,12,20
9401309,14,1,13,42,14,0,0
9912305,10,1,9,23,0,10,116
9806391,5,2,3,6,0,5,19
9809490,35,2,33,198,1,34,155
9703354,15,2,13,46,0,15,102
9504378,37,1,36,218,37,0,0
9808371,4,2,2,3,2,2,2
2209,52,4,48,269,0,52,817
9812510,63,1,62,650,0,63,261
9605342,24,3,21,74,0,24,122
9908235,24,2,22,120,0,24,164
7034,11,5,6,14,0,11,90
211218,6,1,5,10,0,6,33
9211226,7,1,6,10,0,7,7
9412322,20,4,16,81,5,15,15
9510220,30,4,26,117,24,6,6
9904378,35,2,33,250,0,35,109
9712212,35,2,33,148,0,35,116
9806213,21,3,18,47,0,21,127
9306204,16,3,13,37,16,0,0
9712271,19,2,17,68,9,10,38
9607449,55,2,53,508,1,54,161
9810471,27,4,23,122,0,27,97
9803333,23,4,19,73,3,20,35
9705414,25,4,21,58,0,25,376
9607476,4,2,2,3,0,4,11
9504313,14,2,12,47,7,7,7
9501224,6,1,5,9,6,0,0
104267,12,1,11,26,1,11,36
9607383,32,2,30,167,32,0,0
9510309,74,3,71,555,6,68,192
9702343,23,3,20,94,14,9,12
9609428,24,5,19,77,0,24,40
9303207,20,4,16,93,1,19,65
9409270,19,2,17,50,19,0,0
9302318,44,2,42,315,44,0,0
9343,4,4,0,0,0,4,25
9904497,9,2,7,15,1,8,67
9210241,18,5,13,42,18,0,0
103324,8,3,5,8,0,8,134
9405228,6,3,3,6,3,3,4
106168,7,1,6,14,0,7,48
9510422,7,2,5,8,0,7,8
9503251,16,2,14,61,16,0,0
101115,3,1,2,3,0,3,3
9801229,8,1,7,23,1,7,7
2213,29,6,23,91,0,29,214
9706518,4,2,2,3,0,4,4
4263,11,2,9,20,1,10,18
10117,14,5,9,14,0,14,97
9811501,56,2,54,660,0,56,382
9903417,44,2,42,176,2,42,239
9807462,76,6,70,691,0,76,272
11094,38,1,37,251,0,38,538
201114,10,4,6,13,0,10,71
210369,2,1,1,1,0,2,17
110163,29,1,28,207,0,29,166
9605431,84,1,83,814,8,76,132
9312204,4,1,3,5,4,0,0
9904266,34,3,31,249,0,34,664
9812365,8,2,6,10,1,7,7
9802267,18,2,16,70,0,18,96
9911323,19,2,17,80,0,19,25
9302307,51,5,46,350,41,10,10
9804354,23,3,20,69,4,19,22
9610507,4,3,1,1,0,4,21
102319,7,2,5,14,2,5,5
9609279,34,4,30,92,6,28,92
9903447,17,4,13,45,0,17,192
9308277,9,5,4,5,9,0,0
9505420,4,1,3,4,4,0,0
9906322,49,5,44,226,0,49,193
9512320,24,1,23,104,0,24,53
9610401,13,5,8,15,0,13,55
9704224,15,3,12,29,4,11,26
9304310,4,1,3,3,0,4,12
9701418,7,1,6,13,0,7,15
204292,4,4,0,0,0,4,12
105097,9,1,8,24,0,9,59
9307249,31,9,22,74,7,24,47
9808412,26,1,25,126,0,26,211
9305225,25,4,21,100,25,0,0
9902354,23,1,22,103,1,22,33
8089,0,0,0,0,0,0,0
9602213,9,2,7,12,7,2,2
9911414,35,4,31,155,0,35,480
9406287,16,2,14,53,16,0,0
9806386,8,1,7,12,3,5,17
9407206,12,3,9,30,12,0,0
8051,2,1,1,1,1,1,1
9604204,4,1,3,3,2,2,3
9510449,55,10,45,263,3,52,199
9710379,9,2,7,12,0,9,59
9408346,39,4,35,206,13,26,38
9404217,10,5,5,6,0,10,50
106347,10,4,6,12,0,10,80
9703280,15,2,13,39,0,15,142
9501339,16,6,10,22,1,15,60
9506357,17,4,13,42,1,16,63
9609378,5,2,3,5,1,4,17
9803210,10,4,6,19,0,10,59
9510410,16,3,13,41,1,15,29
9905477,10,1,9,18,10,0,0
9506452,64,3,61,516,1,63,291
9705201,27,5,22,118,0,27,252
9703279,68,2,66,828,5,63,156
9511317,4,3,1,1,0,4,23
9308208,18,3,15,69,10,8,8
10006,1,1,0,0,0,1,5
9206228,7,4,3,4,7,0,0
9612245,20,2,18,77,0,20,86
104218,11,3,8,16,0,11,126
9903552,1,1,0,0,0,1,2
9305321,8,1,7,21,8,0,0
9605385,23,5,18,80,0,23,145
9905242,25,2,23,94,0,25,137
108217,12,2,10,26,12,0,0
9912545,0,0,0,0,0,0,0
9804465,2,1,1,1,0,2,3
9506425,27,2,25,135,27,0,0
9808447,2,1,1,1,0,2,2
104317,13,6,7,18,0,13,177
9803367,4,2,2,3,1,3,5
9132,2,2,0,0,0,2,13
9705248,5,3,2,3,0,5,25
209039,0,0,0,0,0,0,0
9310246,3,1,2,2,3,0,0
9904472,29,3,26,97,2,27,127
9908486,17,5,12,40,0,17,85
9906266,38,4,34,158,0,38,387
9804355,22,2,20,103,1,21,31
9912253,8,4,4,11,0,8,133
103088,11,5,6,10,0,11,76
9809547,8,4,4,5,0,8,46
9602282,2,2,0,0,0,2,5
9504225,1,1,0,0,0,1,2
208159,4,3,1,1,0,4,37
9406347,12,5,7,15,12,0,0
9705236,23,5,18,81,0,23,282
9608415,6,5,1,2,1,5,12
9305232,31,3,28,97,1,30,30
9611307,7,1,6,12,2,5,9
9909559,4,2,2,2,0,4,11
9702310,5,3,2,3,0,5,116
6309,4,2,2,2,0,4,24
9511426,3,2,1,1,0,3,7
9802258,3,3,0,0,0,3,8
3317,7,4,3,5,0,7,43
102186,1,1,0,0,0,1,2
9312239,4,1,3,6,0,4,4
9603285,20,4,16,30,0,20,46
9811420,4,4,0,0,0,4,24
9806499,14,1,13,28,0,14,34
9708355,1,1,0,0,1,0,0
10175,7,1,6,9,0,7,49
5139,6,2,4,4,0,6,34
9510404,1,1,0,0,0,1,3
9610224,5,4,1,1,0,5,43
110004,2,2,0,0,0,2,10
9608344,5,1,4,5,0,5,9
9511358,4,1,3,4,2,2,2
108008,1,1,0,0,0,1,2
105087,21,7,14,61,0,21,237
9809577,1,1,0,0,0,1,2
9712372,42,7,35,150,0,42,285
9508284,1,1,0,0,1,0,0
9904428,5,1,4,8,0,5,25
111020,2,2,0,0,0,2,16
9212308,18,2,16,58,18,0,0
9612227,9,5,4,9,1,8,27
207135,5,1,4,8,5,0,0
9910223,2,1,1,1,0,2,18
9811299,5,2,3,3,0,5,27
9704415,25,5,20,77,4,21,64
9703273,1,1,0,0,0,1,2
103126,7,3,4,13,0,7,46
9307243,42,3,39,282,42,0,0
9506398,13,2,11,24,0,13,33
9408270,2,2,0,0,1,1,1
9701406,6,1,5,9,0,6,30
9405394,34,2,32,186,9,25,37
2115,0,0,0,0,0,0,0
7161,0,0,0,0,0,0,0
9409302,1,1,0,0,1,0,0
9604258,0,0,0,0,0,0,0
9802276,12,3,9,30,0,12,42
9305219,11,3,8,27,0,11,19
9911369,15,2,13,40,2,13,53
2120,18,5,13,32,0,18,99
9508386,21,2,19,72,21,0,0
9406274,12,2,10,21,12,0,0
9702311,1,1,0,0,0,1,1
206174,16,2,14,57,0,16,144
9807234,5,1,4,4,0,5,21
208026,10,3,7,12,0,10,73
107268,10,2,8,26,0,10,84
103284,5,3,2,3,0,5,66
7083,6,1,5,9,0,6,25
8269,5,3,2,2,0,5,24
202264,4,2,2,5,0,4,6
9402289,3,1,2,2,0,3,6
205284,7,1,6,13,0,7,100
9702374,0,0,0,0,0,0,0
9508225,13,6,7,11,2,11,14
9305258,33,13,20,55,17,16,35
103113,7,2,5,8,0,7,29
106240,14,2,12,28,0,14,209
103157,10,4,6,10,0,10,81
9612436,12,1,11,38,0,12,58
9308295,14,3,11,23,14,0,0
9609290,2,2,0,0,0,2,3
9908246,12,3,9,26,0,12,91
9901286,1,1,0,0,0,1,8
9403270,8,3,5,7,8,0,0
2022,5,1,4,7,0,5,5
9512358,4,1,3,4,2,2,2
110262,11,3,8,18,2,9,9
9405252,2,1,1,1,2,0,0
9309246,8,5,3,6,1,7,15
202106,1,1,0,0,0,1,3
9705267,7,2,5,11,4,3,5
210402,2,1,1,1,0,2,4
7224,20,2,18,90,1,19,65
104127,14,4,10,31,0,14,125
9602394,1,1,0,0,1,0,0
5262,11,3,8,13,0,11,89
9903542,2,2,0,0,0,2,6
9507337,1,1,0,0,0,1,1
9712278,2,2,0,0,0,2,5
9512344,4,1,3,5,4,0,0
9612254,6,2,4,6,0,6,30
9909388,13,4,9,22,0,13,57
9705363,0,0,0,0,0,0,0
9604264,5,3,2,3,4,1,1
9610304,16,2,14,75,16,0,0
9904480,3,3,0,0,1,2,3
9408266,9,2,7,9,5,4,4
9609413,4,1,3,4,0,4,12
9906376,6,4,2,3,2,4,4
105273,5,3,2,2,2,3,3
9903414,7,2,5,7,0,7,22
9601368,1,1,0,0,0,1,15
110256,1,1,0,0,0,1,9
9701291,12,4,8,25,2,10,17
9704436,11,1,10,27,2,9,12
9707381,4,1,3,4,4,0,0
9402323,1,1,0,0,1,0,0
9308374,21,1,20,86,21,0,0
201147,0,0,0,0,0,0,0
9612384,4,1,3,3,1,3,8
9602365,1,1,0,0,1,0,0
9712262,0,0,0,0,0,0,0
9803396,16,4,12,23,1,15,23
9512321,10,1,9,16,1,9,19
107281,1,1,0,0,0,1,6
9812270,0,0,0,0,0,0,0
111267,5,2,3,4,0,5,33
108077,7,3,4,6,0,7,57
1259,19,4,15,65,0,19,156
9808211,4,1,3,4,0,4,11
9412349,4,2,2,5,4,0,0
9603440,13,4,9,25,0,13,50
9401272,11,3,8,20,0,11,34
9705216,13,5,8,20,0,13,34
211069,5,3,2,3,0,5,29
9209253,3,1,2,3,3,0,0
9612347,2,2,0,0,0,2,5
9808432,3,2,1,1,0,3,8
9807312,0,0,0,0,0,0,0
9712322,0,0,0,0,0,0,0
102270,6,1,5,9,0,6,43
9403380,2,2,0,0,0,2,2
103217,18,2,16,52,0,18,204
9605405,2,2,0,0,2,0,0
9706478,7,4,3,4,0,7,26
9806335,7,2,5,9,2,5,5
9704266,1,1,0,0,1,0,0
9911436,29,9,20,71,0,29,220
109001,4,3,1,3,0,4,37
12057,5,3,2,3,0,5,12
109154,7,2,5,9,0,7,60
205333,0,0,0,0,0,0,0
9904379,1,1,0,0,0,1,4
9507445,19,2,17,56,0,19,62
9811334,8,1,7,18,0,8,27
9611219,3,2,1,1,0,3,11
9910335,1,1,0,0,1,0,0
9411310,4,2,2,5,4,0,0
9809207,6,1,5,11,0,6,14
9810426,2,1,1,1,0,2,12
9303306,16,2,14,45,16,0,0
9903370,3,3,0,0,0,3,18
206242,3,3,0,0,0,3,11
9903385,9,2,7,22,0,9,104
9507231,1,1,0,0,0,1,1
9603305,3,1,2,3,3,0,0
106292,2,1,1,1,0,2,7
9609375,12,1,11,18,3,9,18
207140,0,0,0,0,0,0,0
106277,4,2,2,3,0,4,34
9904365,2,1,1,1,1,1,5
9807212,0,0,0,0,0,0,0
10343,3,3,0,0,2,1,1
9505417,18,2,16,61,13,5,5
9707379,1,1,0,0,0,1,3
204352,12,2,10,32,0,12,84
9710342,5,3,2,3,3,2,2
9903532,3,2,1,1,0,3,10
9609351,2,2,0,0,0,2,7
205305,3,1,2,2,0,3,14
9512405,3,2,1,2,2,1,1
10026,6,2,4,5,1,5,13
107227,9,1,8,11,0,9,28
107304,1,1,0,0,0,1,1
9806528,24,6,18,62,0,24,81
9506420,3,1,2,2,0,3,8
9610316,4,2,2,3,4,0,0
9803394,19,6,13,54,0,19,32
208204,1,1,0,0,0,1,3
209225,0,0,0,0,0,0,0
3292,2,1,1,1,2,0,0
9308308,10,9,1,1,1,9,9
105280,2,1,1,1,2,0,0
9908254,6,2,4,4,0,6,15
203204,1,1,0,0,0,1,4
9806505,7,3,4,10,0,7,46
9803431,7,2,5,8,0,7,23
107044,1,1,0,0,0,1,3
9903464,2,2,0,0,0,2,6
9208206,9,4,5,8,9,0,0
9601220,5,1,4,5,0,5,19
9805344,6,1,5,7,0,6,27
107200,9,1,8,13,4,5,7
9501329,3,3,0,0,3,0,0
9406250,5,2,3,5,0,5,9
9406407,5,2,3,5,5,0,0
9801254,1,1,0,0,0,1,3
9606250,3,1,2,2,3,0,0
9204236,8,4,4,8,8,0,0
11095,3,1,2,2,0,3,6
9808288,1,1,0,0,0,1,8
203251,3,1,2,2,0,3,43
110341,5,2,3,3,0,5,112
9901315,2,1,1,1,1,1,1
8186,16,4,12,21,0,16,92
9512241,1,1,0,0,0,1,2
9710279,3,1,2,3,3,0,0
9909268,2,2,0,0,0,2,11
3073,6,2,4,6,0,6,25
106228,2,1,1,1,0,2,14
203092,8,1,7,14,0,8,48
9508319,7,1,6,13,7,0,0
11209,3,1,2,2,1,2,5
9508365,5,4,1,1,0,5,11
9401338,2,2,0,0,2,0,0
9909245,10,1,9,18,0,10,52
2144,2,1,1,1,0,2,8
207108,6,4,2,4,0,6,131
1260,2,2,0,0,0,2,18
110157,1,1,0,0,0,1,7
9405217,2,2,0,0,2,0,0
9405244,3,3,0,0,0,3,11
9205227,5,5,0,0,5,0,0
12244,4,2,2,2,0,4,33
9409364,3,2,1,2,1,2,2
9506421,2,1,1,1,1,1,2
9602436,5,2,3,5,0,5,40
9703320,5,2,3,7,0,5,34
9711323,2,1,1,1,2,0,0
9503273,12,2,10,25,12,0,0
9707427,0,0,0,0,0,0,0
9508255,7,2,5,8,0,7,10
9411383,5,2,3,4,1,4,11
9906308,4,2,2,5,1,3,6
9808202,4,3,1,1,0,4,21
9611426,2,1,1,1,0,2,7
9312264,4,1,3,3,0,4,4
9708232,3,2,1,1,0,3,6
103045,4,1,3,3,0,4,13
9510282,1,1,0,0,0,1,2
11141,2,2,0,0,1,1,6
109013,2,2,0,0,0,2,18
109042,0,0,0,0,0,0,0
9610503,2,2,0,0,0,2,5
1143,4,2,2,3,4,0,0
105146,3,3,0,0,0,3,16
5126,2,1,1,1,0,2,6
9603331,4,2,2,5,0,4,4
9808223,3,1,2,2,1,2,2
9609401,8,2,6,15,0,8,27
9403352,2,1,1,1,1,1,2
9508351,2,1,1,1,2,0,0
9612262,1,1,0,0,0,1,13
9603234,4,4,0,0,0,4,11
5218,6,1,5,9,0,6,27
112027,4,3,1,1,0,4,9
9609472,6,2,4,8,0,6,24
104086,5,1,4,8,0,5,48
3188,9,2,7,17,0,9,75
9509430,0,0,0,0,0,0,0
9603320,3,1,2,3,3,0,0
9803358,2,1,1,1,1,1,5
9708444,1,1,0,0,0,1,2
9503395,0,0,0,0,0,0,0
9312329,3,1,2,3,1,2,4
9709262,3,3,0,0,0,3,23
5015,3,2,1,1,3,0,0
9606274,6,1,5,8,0,6,80
9401347,9,1,8,13,9,0,0
108186,4,1,3,4,0,4,12
9811442,4,2,2,2,0,4,28
9601313,10,3,7,15,2,8,17
3055,15,2,13,63,2,13,22
1239,6,1,5,11,0,6,26
9611231,3,2,1,1,0,3,4
9501275,2,1,1,1,2,0,0
9807392,1,1,0,0,0,1,3
9810361,9,2,7,10,0,9,31
9805487,1,1,0,0,0,1,6
10122,2,1,1,1,0,2,9
9712382,5,2,3,4,5,0,0
202276,2,2,0,0,0,2,6
4141,1,1,0,0,0,1,5
106026,2,2,0,0,0,2,2
106054,5,5,0,0,5,0,0
206057,21,2,19,34,0,21,98
105043,5,3,2,4,1,4,4
209137,1,1,0,0,0,1,5
9512381,7,1,6,12,7,0,0
9512338,6,1,5,11,6,0,0
111430,2,1,1,1,0,2,4
9212317,1,1,0,0,1,0,0
5249,0,0,0,0,0,0,0
7338,5,4,1,1,2,3,6
3044,0,0,0,0,0,0,0
302123,0,0,0,0,0,0,0
9412244,6,1,5,9,6,0,0
108222,7,2,5,12,0,7,87
105252,3,3,0,0,1,2,2
9904213,1,1,0,0,0,1,1
9409352,1,1,0,0,0,1,1
105287,0,0,0,0,0,0,0
201099,5,2,3,4,0,5,35
9502409,1,1,0,0,1,0,0
9902466,0,0,0,0,0,0,0
9610362,5,1,4,5,1,4,8
9304314,3,2,1,1,3,0,0
105335,6,3,3,4,0,6,35
6027,3,2,1,1,0,3,23
9904486,0,0,0,0,0,0,0
9801329,11,4,7,23,0,11,35
9601300,0,0,0,0,0,0,0
9907256,2,1,1,1,2,0,0
9812368,7,1,6,11,3,4,7
9503300,6,2,4,4,6,0,0
4029,10,1,9,18,0,10,66
9212243,3,2,1,2,3,0,0
9806353,5,2,3,6,0,5,9
9605284,0,0,0,0,0,0,0
9811259,7,1,6,14,0,7,36
9901202,3,2,1,1,0,3,17
9605252,4,2,2,3,0,4,6
9512299,4,4,0,0,4,0,0
9606290,0,0,0,0,0,0,0
107294,3,2,1,1,1,2,2
10160,6,3,3,5,1,5,7
9909381,5,2,3,5,1,4,7
204296,0,0,0,0,0,0,0
9806349,0,0,0,0,0,0,0
106275,3,2,1,1,0,3,29
9710405,1,1,0,0,1,0,0
9707206,2,2,0,0,2,0,0
9408261,4,2,2,2,4,0,0
208275,3,2,1,1,0,3,14
9501225,2,1,1,1,2,0,0
208235,2,1,1,1,0,2,11
106115,10,1,9,25,0,10,108
9410376,3,3,0,0,3,0,0
110225,2,2,0,0,1,1,1
7190,2,2,0,0,0,2,12
9512352,3,2,1,1,3,0,0
9701368,1,1,0,0,0,1,2
112115,3,2,1,1,0,3,17
9312352,1,1,0,0,1,0,0
109137,4,3,1,1,0,4,39
101260,3,2,1,1,0,3,39
9501400,2,1,1,1,1,1,1
9611357,8,2,6,15,0,8,57
9709265,1,1,0,0,0,1,1
9803498,4,2,2,3,0,4,29
9509363,8,1,7,18,8,0,0
9410206,1,1,0,0,1,0,0
9802354,0,0,0,0,0,0,0
110108,6,1,5,9,0,6,15
9606424,0,0,0,0,0,0,0
110332,3,1,2,3,0,3,3
9701365,4,3,1,1,0,4,24
1191,3,1,2,3,0,3,13
9211262,4,4,0,0,4,0,0
9706250,1,1,0,0,0,1,2
9705300,2,2,0,0,0,2,27
6153,7,1,6,18,1,6,11
9502259,2,1,1,1,0,2,5
3098,1,1,0,0,0,1,5
209210,2,1,1,1,0,2,19
9809293,2,2,0,0,2,0,0
9510249,3,1,2,2,2,1,2
9902247,0,0,0,0,0,0,0
9805296,4,2,2,3,0,4,19
104161,2,1,1,1,0,2,4
9904290,7,3,4,7,3,4,5
110033,5,2,3,4,0,5,17
9912465,1,1,0,0,0,1,5
9143,1,1,0,0,0,1,27
9505383,2,2,0,0,0,2,7
9510241,0,0,0,0,0,0,0
204144,6,3,3,7,0,6,11
9906544,1,1,0,0,1,0,0
102124,7,3,4,5,0,7,23
9511204,0,0,0,0,0,0,0
105285,2,1,1,1,0,2,3
9311327,1,1,0,0,1,0,0
110117,2,2,0,0,0,2,5
9504433,4,3,1,1,3,1,1
9812422,3,1,2,2,0,3,13
4041,2,1,1,1,0,2,2
9707287,0,0,0,0,0,0,0
3252,0,0,0,0,0,0,0
9808356,15,2,13,44,0,15,183
9904457,9,2,7,19,0,9,19
9302279,3,3,0,0,3,0,0
102053,4,3,1,1,1,3,21
8195,7,2,5,9,0,7,8
9804234,13,4,9,23,3,10,10
9801402,2,2,0,0,0,2,2
9901414,1,1,0,0,1,0,0
104022,7,3,4,8,1,6,10
9802221,1,1,0,0,0,1,11
110146,0,0,0,0,0,0,0
105063,11,3,8,13,0,11,57
201004,5,2,3,4,1,4,9
206128,2,1,1,1,0,2,26
9908223,8,1,7,19,0,8,10
110161,1,1,0,0,0,1,7
101052,0,0,0,0,0,0,0
9809331,3,1,2,2,1,2,4
301130,2,2,0,0,0,2,20
209083,0,0,0,0,0,0,0
5298,0,0,0,0,0,0,0
205163,0,0,0,0,0,0,0
207177,0,0,0,0,0,0,0
9199,1,1,0,0,0,1,6
9910268,2,2,0,0,1,1,3
9503239,4,1,3,6,3,1,1
105077,3,2,1,1,0,3,87
207125,9,3,6,20,1,8,29
9711325,3,2,1,1,1,2,5
109155,0,0,0,0,0,0,0
9606451,0,0,0,0,0,0,0
101316,2,1,1,1,0,2,2
106040,3,2,1,1,3,0,0
9806377,1,1,0,0,1,0,0
6017,2,2,0,0,0,2,2
9409293,2,1,1,1,2,0,0
9209244,4,3,1,1,4,0,0
5054,2,1,1,1,0,2,7
9706305,1,1,0,0,1,0,0
108136,5,2,3,5,0,5,20
202135,0,0,0,0,0,0,0
206098,1,1,0,0,0,1,3
9208262,0,0,0,0,0,0,0
9705457,2,2,0,0,0,2,6
9406222,3,2,1,1,3,0,0
205176,0,0,0,0,0,0,0
206042,0,0,0,0,0,0,0
204313,0,0,0,0,0,0,0
201216,1,1,0,0,0,1,11
9911488,1,1,0,0,0,1,2
9906273,3,3,0,0,0,3,4
3316,1,1,0,0,0,1,1
9704427,1,1,0,0,1,0,0
9803346,1,1,0,0,1,0,0
9807380,2,1,1,1,0,2,10
9909225,8,1,7,22,0,8,44
9808409,1,1,0,0,0,1,7
211430,1,1,0,0,0,1,4
9909449,1,1,0,0,0,1,5
105108,2,1,1,1,0,2,10
211258,2,1,1,1,0,2,5
9804454,5,2,3,4,5,0,0
9302241,0,0,0,0,0,0,0
7136,0,0,0,0,0,0,0
9406305,2,2,0,0,0,2,2
9406400,1,1,0,0,1,0,0
9401283,3,3,0,0,3,0,0
9302222,2,2,0,0,2,0,0
205188,1,1,0,0,1,0,0
9905272,3,2,1,1,0,3,5
9904354,2,1,1,1,2,0,0
211091,0,0,0,0,0,0,0
9606382,2,2,0,0,2,0,0
9801401,0,0,0,0,0,0,0
9612450,3,2,1,1,0,3,4
9307205,4,2,2,2,4,0,0
207097,0,0,0,0,0,0,0
3029,5,4,1,2,0,5,34
7076,3,1,2,3,3,0,0
112329,1,1,0,0,0,1,4
9506320,2,2,0,0,2,0,0
9811484,4,3,1,1,2,2,2
9807279,4,2,2,3,1,3,8
9804325,1,1,0,0,0,1,2
112017,1,1,0,0,1,0,0
9906254,0,0,0,0,0,0,0
9412242,2,1,1,1,0,2,7
205322,2,2,0,0,0,2,2
9810221,4,1,3,4,0,4,9
9811480,4,4,0,0,2,2,2
206166,2,2,0,0,0,2,7
9911473,0,0,0,0,0,0,0
9804328,0,0,0,0,0,0,0
9812438,0,0,0,0,0,0,0
106328,2,2,0,0,0,2,29
9907324,0,0,0,0,0,0,0
106286,0,0,0,0,0,0,0
9802254,0,0,0,0,0,0,0
106304,1,1,0,0,1,0,0
9309201,0,0,0,0,0,0,0
210382,0,0,0,0,0,0,0
9321,1,1,0,0,0,1,11
9307365,2,1,1,1,2,0,0
208017,0,0,0,0,0,0,0
9402201,3,2,1,1,3,0,0
2215,0,0,0,0,0,0,0
9910565,2,2,0,0,0,2,3
9812327,0,0,0,0,0,0,0
9709321,0,0,0,0,0,0,0
9710430,0,0,0,0,0,0,0
9507205,1,1,0,0,1,0,0
9207262,1,1,0,0,1,0,0
9908278,0,0,0,0,0,0,0
205074,0,0,0,0,0,0,0
9504403,2,2,0,0,0,2,6
108078,0,0,0,0,0,0,0
9309262,1,1,0,0,1,0,0
9502396,3,2,1,1,1,2,2
203113,1,1,0,0,0,1,4
205343,5,1,4,8,0,5,20
9910410,2,1,1,1,0,2,20
9909471,5,2,3,3,5,0,0
101321,2,2,0,0,0,2,10
9509314,5,1,4,6,5,0,0
9506384,1,1,0,0,1,0,0
209297,1,1,0,0,0,1,5
9601259,2,1,1,1,1,1,2
9909495,0,0,0,0,0,0,0
9408291,2,2,0,0,2,0,0
109157,0,0,0,0,0,0,0
9709206,0,0,0,0,0,0,0
9612314,7,1,6,15,7,0,0
9512242,1,1,0,0,0,1,3
9608419,0,0,0,0,0,0,0
206157,3,3,0,0,0,3,4
9905206,6,3,3,5,1,5,5
107041,0,0,0,0,0,0,0
9407223,3,2,1,1,3,0,0
9511373,0,0,0,0,0,0,0
208125,0,0,0,0,0,0,0
9310353,1,1,0,0,1,0,0
12032,5,5,0,0,0,5,9
103296,0,0,0,0,0,0,0
9305216,0,0,0,0,0,0,0
9404272,1,1,0,0,0,1,1
211404,2,1,1,1,0,2,55
9509388,1,1,0,0,1,0,0
111199,5,2,3,4,0,5,37
110292,0,0,0,0,0,0,0
208264,3,1,2,2,3,0,0
106202,4,4,0,0,2,2,4
9504315,1,1,0,0,1,0,0
211007,2,2,0,0,0,2,13
12216,0,0,0,0,0,0,0
111039,2,2,0,0,2,0,0
9708281,2,2,0,0,1,1,1
1179,0,0,0,0,0,0,0
202104,0,0,0,0,0,0,0
105305,1,1,0,0,0,1,1
111041,0,0,0,0,0,0,0
205207,0,0,0,0,0,0,0
9505216,1,1,0,0,1,0,0
9302321,2,2,0,0,2,0,0
9808462,1,1,0,0,1,0,0
9608263,3,1,2,2,0,3,11
9806478,1,1,0,0,0,1,2
9909498,1,1,0,0,0,1,4
9602420,1,1,0,0,1,0,0
9911354,0,0,0,0,0,0,0
211239,2,1,1,1,2,0,0
9012,2,1,1,1,0,2,2
9908439,1,1,0,0,1,0,0
6066,2,2,0,0,2,0,0
9810369,1,1,0,0,0,1,3
210377,0,0,0,0,0,0,0
9806517,0,0,0,0,0,0,0
9810399,0,0,0,0,0,0,0
9501338,2,2,0,0,2,0,0
9402350,0,0,0,0,0,0,0
9804287,0,0,0,0,0,0,0
9504359,0,0,0,0,0,0,0
101206,0,0,0,0,0,0,0
9404242,1,1,0,0,1,0,0
9801312,0,0,0,0,0,0,0
9903379,1,1,0,0,0,1,2
9812512,1,1,0,0,0,1,1
205320,0,0,0,0,0,0,0
112286,0,0,0,0,0,0,0
102231,0,0,0,0,0,0,0
1055,0,0,0,0,0,0,0
9811210,1,1,0,0,1,0,0
9903216,2,1,1,1,0,2,2
207214,0,0,0,0,0,0,0
9907344,0,0,0,0,0,0,0
9810372,1,1,0,0,1,0,0
9310234,6,1,5,6,6,0,0
9710263,1,1,0,0,1,0,0
9711270,1,1,0,0,0,1,6
9910289,0,0,0,0,0,0,0
9411418,0,0,0,0,0,0,0
9405370,0,0,0,0,0,0,0
109055,0,0,0,0,0,0,0
9606453,1,1,0,0,1,0,0
211386,0,0,0,0,0,0,0
9807271,0,0,0,0,0,0,0
207154,0,0,0,0,0,0,0
9901364,1,1,0,0,0,1,1
208200,0,0,0,0,0,0,0
9712519,2,2,0,0,1,1,1
106019,6,2,4,10,2,4,6
9808460,2,2,0,0,0,2,2
112166,3,3,0,0,0,3,26
9609405,1,1,0,0,0,1,2
9608453,0,0,0,0,0,0,0
9612491,0,0,0,0,0,0,0
9802428,0,0,0,0,0,0,0
9303212,3,3,0,0,3,0,0
201230,0,0,0,0,0,0,0
212294,0,0,0,0,0,0,0
212038,0,0,0,0,0,0,0
204315,1,1,0,0,0,1,7
209343,0,0,0,0,0,0,0
104248,0,0,0,0,0,0,0
9910431,1,1,0,0,0,1,4
9508356,3,2,1,1,0,3,3
9808285,1,1,0,0,0,1,2
9605369,1,1,0,0,0,1,2
208187,0,0,0,0,0,0,0
9803208,0,0,0,0,0,0,0
9809273,2,2,0,0,0,2,8
208180,0,0,0,0,0,0,0
110176,1,1,0,0,0,1,1
202051,0,0,0,0,0,0,0
9611237,0,0,0,0,0,0,0
111076,1,1,0,0,0,1,2
9165,1,1,0,0,0,1,1
9411359,0,0,0,0,0,0,0
9807291,0,0,0,0,0,0,0
107140,1,1,0,0,0,1,4
211271,1,1,0,0,0,1,4
203231,0,0,0,0,0,0,0
9901398,0,0,0,0,0,0,0
9307264,1,1,0,0,1,0,0
9606259,0,0,0,0,0,0,0
9805235,1,1,0,0,1,0,0
207147,0,0,0,0,0,0,0
9611241,0,0,0,0,0,0,0
9411327,0,0,0,0,0,0,0
9278,0,0,0,0,0,0,0
208053,1,1,0,0,1,0,0
9908506,0,0,0,0,0,0,0
9809231,0,0,0,0,0,0,0
111285,1,1,0,0,0,1,6
211143,0,0,0,0,0,0,0
301066,0,0,0,0,0,0,0
202248,2,1,1,1,0,2,30
9128,1,1,0,0,0,1,6
205138,2,2,0,0,0,2,3
105232,1,1,0,0,0,1,1
10221,2,1,1,1,2,0,0
3210,1,1,0,0,0,1,1
9602403,0,0,0,0,0,0,0
207270,0,0,0,0,0,0,0
2270,0,0,0,0,0,0,0
9412395,0,0,0,0,0,0,0
210239,1,1,0,0,0,1,1
105258,1,1,0,0,1,0,0
9511467,0,0,0,0,0,0,0
9408220,0,0,0,0,0,0,0
112314,0,0,0,0,0,0,0
9310204,1,1,0,0,1,0,0
202119,0,0,0,0,0,0,0
4261,0,0,0,0,0,0,0
9909300,1,1,0,0,0,1,7
301150,0,0,0,0,0,0,0
101256,0,0,0,0,0,0,0
9307367,0,0,0,0,0,0,0
9803465,0,0,0,0,0,0,0
9904384,3,2,1,1,3,0,0
9509390,0,0,0,0,0,0,0
212094,0,0,0,0,0,0,0
9705256,0,0,0,0,0,0,0
204214,2,1,1,1,1,1,1
9611403,0,0,0,0,0,0,0
8148,0,0,0,0,0,0,0
9912310,4,1,3,3,1,3,3
9505243,0,0,0,0,0,0,0
210384,0,0,0,0,0,0,0
9604435,1,1,0,0,1,0,0
9602308,0,0,0,0,0,0,0
111300,0,0,0,0,0,0,0
11045,0,0,0,0,0,0,0
208131,0,0,0,0,0,0,0
9606243,0,0,0,0,0,0,0
8198,0,0,0,0,0,0,0
9712540,0,0,0,0,0,0,0
3239,4,1,3,6,0,4,16
207027,1,1,0,0,0,1,4
9512376,1,1,0,0,1,0,0
112002,0,0,0,0,0,0,0
9307362,2,2,0,0,2,0,0
9276,0,0,0,0,0,0,0
212260,0,0,0,0,0,0,0
9407378,1,1,0,0,1,0,0
109011,1,1,0,0,0,1,1
8299,1,1,0,0,1,0,0
106142,0,0,0,0,0,0,0
211368,0,0,0,0,0,0,0
12064,0,0,0,0,0,0,0
3248,0,0,0,0,0,0,0
205144,0,0,0,0,0,0,0
9807296,0,0,0,0,0,0,0
9711432,1,1,0,0,1,0,0
10248,0,0,0,0,0,0,0
211209,0,0,0,0,0,0,0
9907530,1,1,0,0,0,1,5
9911312,0,0,0,0,0,0,0
9903243,1,1,0,0,0,1,3
9507390,0,0,0,0,0,0,0
204239,0,0,0,0,0,0,0
10182,0,0,0,0,0,0,0
9910450,1,1,0,0,0,1,2
9801302,0,0,0,0,0,0,0
208171,1,1,0,0,0,1,4
9505269,1,1,0,0,0,1,13
9608425,0,0,0,0,0,0,0
9610343,0,0,0,0,0,0,0
9605443,1,1,0,0,1,0,0
1070,1,1,0,0,1,0,0
110244,2,1,1,1,0,2,12
109261,0,0,0,0,0,0,0
207072,0,0,0,0,0,0,0
9501414,1,1,0,0,1,0,0
209315,0,0,0,0,0,0,0
9901396,4,2,2,3,0,4,10
9712526,4,3,1,1,4,0,0
110372,0,0,0,0,0,0,0
12342,0,0,0,0,0,0,0
301025,0,0,0,0,0,0,0
12312,0,0,0,0,0,0,0
9704279,0,0,0,0,0,0,0
204022,0,0,0,0,0,0,0
4009,0,0,0,0,0,0,0
6194,1,1,0,0,1,0,0
9903278,0,0,0,0,0,0,0
8187,0,0,0,0,0,0,0
210404,0,0,0,0,0,0,0
302068,0,0,0,0,0,0,0
9303285,0,0,0,0,0,0,0
211242,0,0,0,0,0,0,0
9606252,0,0,0,0,0,0,0
2090,0,0,0,0,0,0,0
9805330,0,0,0,0,0,0,0
107170,0,0,0,0,0,0,0
9608390,0,0,0,0,0,0,0
2015,0,0,0,0,0,0,0
4037,0,0,0,0,0,0,0
209283,1,1,0,0,0,1,2
3060,1,1,0,0,0,1,2
301198,0,0,0,0,0,0,0
112006,1,1,0,0,0,1,2
110026,0,0,0,0,0,0,0
9907456,0,0,0,0,0,0,0
203176,0,0,0,0,0,0,0
102104,0,0,0,0,0,0,0
212190,0,0,0,0,0,0,0
103282,1,1,0,0,1,0,0
9708324,0,0,0,0,0,0,0
9807381,0,0,0,0,0,0,0
210401,0,0,0,0,0,0,0
9411356,0,0,0,0,0,0,0
9804401,1,1,0,0,1,0,0
210307,0,0,0,0,0,0,0
205005,0,0,0,0,0,0,0
9296,0,0,0,0,0,0,0
9807521,0,0,0,0,0,0,0
9710250,1,1,0,0,1,0,0
207333,0,0,0,0,0,0,0
210097,0,0,0,0,0,0,0
9705343,0,0,0,0,0,0,0
111266,0,0,0,0,0,0,0
205016,0,0,0,0,0,0,0
9911439,0,0,0,0,0,0,0
9506252,0,0,0,0,0,0,0
209147,1,1,0,0,1,0,0
9801434,0,0,0,0,0,0,0
206256,0,0,0,0,0,0,0
110168,0,0,0,0,0,0,0
2296,0,0,0,0,0,0,0
9611269,0,0,0,0,0,0,0
12133,0,0,0,0,0,0,0
9506249,0,0,0,0,0,0,0
207240,0,0,0,0,0,0,0
210056,0,0,0,0,0,0,0
9710260,0,0,0,0,0,0,0
9912533,1,1,0,0,1,0,0
9903525,0,0,0,0,0,0,0
112010,0,0,0,0,0,0,0
206161,0,0,0,0,0,0,0
1092,1,1,0,0,1,0,0
301182,0,0,0,0,0,0,0
7322,0,0,0,0,0,0,0
9611335,0,0,0,0,0,0,0
9702234,0,0,0,0,0,0,0
9706360,0,0,0,0,0,0,0
101141,0,0,0,0,0,0,0
9308234,1,1,0,0,1,0,0
301116,0,0,0,0,0,0,0
203026,0,0,0,0,0,0,0
207166,0,0,0,0,0,0,0
9911443,0,0,0,0,0,0,0
212327,1,1,0,0,1,0,0
9909450,0,0,0,0,0,0,0
212207,0,0,0,0,0,0,0
301017,0,0,0,0,0,0,0
112031,0,0,0,0,0,0,0
9601232,0,0,0,0,0,0,0
211325,0,0,0,0,0,0,0
111455,0,0,0,0,0,0,0
104089,0,0,0,0,0,0,0
208253,0,0,0,0,0,0,0
112011,0,0,0,0,0,0,0
106091,0,0,0,0,0,0,0
211093,0,0,0,0,0,0,0
9508385,0,0,0,0,0,0,0
9405415,0,0,0,0,0,0,0
9607354,16,5,11,27,0,16,39
4213,55,3,52,373,0,55,264
101259,1,1,0,0,0,1,5
9502254,15,2,13,32,6,9,21
9806351,13,1,12,37,1,12,21
9911385,21,3,18,55,0,21,93
9704257,13,2,11,31,0,13,85
6050,4,3,1,1,0,4,12
9712319,43,3,40,195,7,36,141
9207258,5,1,4,7,5,0,0
9512313,10,1,9,15,0,10,31
9405264,1,1,0,0,1,0,0
9601260,3,3,0,0,0,3,5
9212285,25,5,20,68,9,16,16
9409388,22,2,20,94,10,12,12
9407264,5,3,2,6,0,5,8
3058,37,11,26,76,1,36,421
9304271,11,1,10,34,11,0,0
9901388,27,2,25,107,0,27,330
9910554,10,1,9,29,0,10,40
9907390,35,4,31,155,0,35,186
9808485,10,1,9,27,1,9,9
9801327,1,1,0,0,0,1,3
2149,22,3,19,71,0,22,184
9601332,10,3,7,17,0,10,20
9604444,18,2,16,63,0,18,74
9508316,8,1,7,15,2,6,6
9404334,5,1,4,8,5,0,0
9804400,8,3,5,10,2,6,24
9209251,51,3,48,317,51,0,0
9707435,39,5,34,208,3,36,155
9611273,15,1,14,29,1,14,35
105306,5,2,3,5,0,5,19
9711469,57,2,55,500,0,57,161
9707336,4,1,3,5,4,0,0
9912254,26,2,24,141,0,26,129
9408384,145,2,143,2071,136,9,9
9701394,16,3,13,49,0,16,72
9711220,6,1,5,8,0,6,81
10074,1,1,0,0,1,0,0
2161,14,7,7,20,0,14,192
9812508,6,2,4,8,0,6,28
1266,8,2,6,21,0,8,9
9702380,42,2,40,287,0,42,108
9704274,13,1,12,27,1,12,43
9405401,23,2,21,99,23,0,0
1177,11,4,7,19,0,11,43
9512225,13,1,12,26,1,12,12
9608314,3,1,2,2,0,3,9
9512277,2,2,0,0,0,2,5
9506477,68,5,63,587,7,61,384
9704383,21,4,17,61,21,0,0
9609474,24,2,22,111,3,21,21
9403226,54,1,53,597,13,41,69
9805424,37,2,35,216,0,37,208
9602287,45,1,44,320,41,4,4
9706354,8,7,1,2,0,8,36
9901438,0,0,0,0,0,0,0
9501214,22,3,19,90,16,6,6
9905495,2,2,0,0,0,2,8
9705401,18,3,15,50,0,18,57
9502224,31,2,29,217,31,0,0
9405410,82,7,75,498,6,76,338
9405246,11,2,9,22,1,10,32
9311215,17,2,15,45,1,16,45
9212305,26,2,24,127,26,0,0
9411411,7,1,6,7,0,7,19
9609423,11,2,9,17,7,4,4
2198,15,4,11,18,0,15,121
9708207,9,7,2,2,0,9,20
9401317,14,1,13,51,14,0,0
9912306,15,4,11,26,1,14,107
9809440,6,1,5,10,1,5,7
9901319,27,4,23,132,0,27,333
9708313,4,2,2,3,0,4,30
9507442,9,2,7,17,1,8,18
9610231,22,3,19,64,22,0,0
3140,19,2,17,50,1,18,206
9902335,18,1,17,103,0,18,69
9204207,27,4,23,85,27,0,0
9908360,11,3,8,18,0,11,171
9129,10,2,8,17,0,10,189
105239,18,2,16,99,18,0,0
9212277,9,2,7,19,9,0,0
9509212,13,2,11,40,0,13,24
9803391,25,1,24,101,2,23,44
9903448,43,1,42,314,2,41,50
9807269,27,5,22,84,0,27,123
9506235,0,0,0,0,0,0,0
9306248,18,5,13,54,18,0,0
9907291,8,1,7,15,8,0,0
9612437,51,1,50,407,4,47,185
9904292,18,1,17,57,0,18,42
9805346,19,1,18,50,0,19,53
9705435,12,3,9,14,1,11,51
9608487,15,1,14,36,5,10,17
9504319,25,6,19,71,6,19,23
9605259,20,2,18,52,11,9,12
106025,22,1,21,55,1,21,118
9607394,33,4,29,139,10,23,23
9604296,13,1,12,35,0,13,44
9906469,34,2,32,134,23,11,14
9511335,45,10,35,116,17,28,38
9306277,3,1,2,3,3,0,0
9506380,82,3,79,571,8,74,208
9312272,45,5,40,228,4,41,84
104271,11,6,5,8,0,11,69
9909228,23,4,19,93,0,23,88
9809504,4,3,1,1,0,4,14
9806236,65,4,61,659,0,65,173
9212257,9,2,7,19,9,0,0
9909453,9,3,6,18,9,0,0
9604451,12,4,8,9,0,12,17
9507388,18,2,16,64,18,0,0
2163,7,2,5,9,0,7,26
9802294,12,2,10,25,0,12,20
3022,31,6,25,87,0,31,322
9512432,10,3,7,17,5,5,5
8283,11,2,9,22,3,8,12
2199,43,3,40,241,3,40,66
9902407,37,1,36,260,1,36,103
9904380,33,4,29,207,0,33,644
9808257,28,7,21,59,5,23,70
12007,17,2,15,59,0,17,155
206194,9,3,6,6,0,9,82
9405318,2,2,0,0,0,2,2
110382,27,1,26,186,0,27,177
9609381,143,1,142,1719,30,113,253
9603443,0,0,0,0,0,0,0
9904433,14,3,11,36,0,14,182
9812296,8,1,7,16,8,0,0
9803405,21,6,15,56,0,21,111
9506467,5,2,3,3,0,5,12
9208254,35,2,33,182,35,0,0
9807264,25,4,21,56,17,8,10
9205220,10,2,8,12,10,0,0
101083,4,3,1,1,1,3,26
9206205,19,3,16,65,19,0,0
9906274,23,4,19,94,0,23,310
9411203,14,1,13,32,14,0,0
9801433,2,1,1,1,0,2,2
9701229,64,3,61,443,0,64,331
9601276,93,2,91,591,0,93,320
9705286,43,6,37,143,0,43,258
9706279,8,6,2,2,0,8,28
106158,0,0,0,0,0,0,0
9404248,12,1,11,33,12,0,0
2043,6,2,4,8,0,6,12
105349,11,5,6,6,0,11,52
9307301,32,8,24,85,8,24,46
9812463,19,6,13,38,0,19,173
9611433,117,2,115,1081,12,105,289
9903459,8,1,7,15,0,8,24
9210239,4,2,2,3,4,0,0
9606345,10,6,4,13,0,10,17
1286,28,8,20,50,0,28,348
9912226,24,4,20,106,0,24,244
9212210,11,3,8,21,2,9,9
9604419,10,4,6,9,0,10,46
109160,2,2,0,0,0,2,15
9604230,3,3,0,0,0,3,8
9511330,10,4,6,15,0,10,42
9507354,8,2,6,12,1,7,30
9502285,17,2,15,64,3,14,29
9412379,11,4,7,9,7,4,4
201066,5,2,3,3,0,5,10
9706270,29,4,25,75,0,29,167
9505233,11,4,7,10,7,4,5
9507211,6,1,5,12,0,6,30
9610334,12,5,7,23,2,10,58
9806430,9,1,8,18,1,8,17
9905310,15,7,8,26,1,14,61
9907487,8,1,7,11,1,7,9
9507253,57,1,56,374,0,57,186
9705469,10,3,7,32,0,10,141
9703288,71,4,67,782,3,68,228
105088,6,1,5,10,2,4,4
9403330,16,4,12,71,2,14,22
7110,3,2,1,1,0,3,13
105023,0,0,0,0,0,0,0
9702429,7,1,6,14,0,7,33
105105,6,3,3,6,0,6,39
9610542,2,1,1,1,2,0,0
9310210,34,4,30,261,34,0,0
9607451,10,2,8,26,0,10,44
9904310,20,4,16,62,1,19,91
110377,7,2,5,13,0,7,27
9312297,1,1,0,0,1,0,0
9805220,1,1,0,0,0,1,2
9512203,14,2,12,43,1,13,13
9203220,15,1,14,40,15,0,0
201081,2,2,0,0,0,2,12
9804206,5,3,2,3,0,5,7
9608350,22,2,20,102,2,20,35
9707351,16,2,14,40,0,16,84
10190,2,2,0,0,0,2,2
104176,3,2,1,1,0,3,17
9912261,24,5,19,72,0,24,136
9603362,1,1,0,0,0,1,7
9908205,9,1,8,16,0,9,209
9811362,17,3,14,77,0,17,94
9708416,1,1,0,0,0,1,3
103221,4,1,3,3,0,4,11
4269,8,2,6,18,1,7,50
9308279,6,2,4,6,6,0,0
9711351,4,2,2,2,4,0,0
210031,1,1,0,0,0,1,9
9409201,6,2,4,7,0,6,6
207160,0,0,0,0,0,0,0
207136,0,0,0,0,0,0,0
210114,0,0,0,0,0,0,0
9701389,12,1,11,24,2,10,18
9911454,3,3,0,0,0,3,23
9703269,1,1,0,0,0,1,14
210050,0,0,0,0,0,0,0
9601391,2,2,0,0,1,1,5
9602415,21,5,16,40,3,18,20
1178,5,1,4,5,0,5,24
9054,2,1,1,1,0,2,4
9703313,22,2,20,93,4,18,22
9403242,12,2,10,30,12,0,0
9902272,1,1,0,0,0,1,2
9808294,9,2,7,10,0,9,31
9701243,3,2,1,2,1,2,4
12271,9,4,5,6,0,9,45
105222,2,1,1,1,0,2,3
9610367,6,3,3,5,0,6,15
9406302,1,1,0,0,0,1,6
105041,8,4,4,7,0,8,75
9804202,12,8,4,5,0,12,70
9605209,4,2,2,3,0,4,14
3172,16,3,13,32,0,16,152
108109,3,3,0,0,0,3,16
9811450,1,1,0,0,0,1,3
9712478,8,2,6,13,0,8,67
2106,6,1,5,13,1,5,6
9802415,7,3,4,12,0,7,35
107168,2,1,1,1,0,2,17
9306240,19,2,17,54,6,13,13
9612340,3,2,1,2,1,2,7
209028,4,1,3,4,4,0,0
9605386,4,4,0,0,0,4,13
9905275,4,1,3,6,0,4,32
107241,2,2,0,0,0,2,8
9708498,4,3,1,2,2,2,4
103127,13,2,11,46,1,12,131
9307244,57,3,54,470,57,0,0
9509268,30,3,27,126,17,13,13
9703335,10,2,8,21,1,9,17
9908288,14,7,7,8,10,4,4
9405418,27,2,25,151,9,18,24
9501292,10,2,8,19,10,0,0
6090,7,2,5,7,0,7,26
9710533,2,2,0,0,0,2,3
9510212,8,4,4,9,0,8,8
9707540,12,4,8,26,0,12,144
9307213,5,2,3,7,0,5,10
111047,5,1,4,5,0,5,26
2268,14,5,9,17,0,14,86
9307329,30,2,28,89,27,3,3
9510262,9,2,7,9,1,8,8
9806365,3,2,1,1,0,3,3
210007,2,2,0,0,0,2,11
9902240,7,3,4,6,0,7,23
208132,4,2,2,2,0,4,35
108003,17,2,15,75,0,17,146
107325,4,2,2,2,0,4,67
7359,15,2,13,47,1,14,21
10087,10,4,6,17,0,10,146
203051,7,1,6,12,0,7,40
2245,3,3,0,0,0,3,13
206055,4,3,1,1,0,4,23
9401354,3,3,0,0,3,0,0
9506473,4,2,2,2,3,1,1
9306267,13,8,5,8,13,0,0
110097,5,2,3,3,0,5,33
107114,11,2,9,21,0,11,121
9908261,4,3,1,2,0,4,11
101306,2,2,0,0,0,2,8
9507334,1,1,0,0,1,0,0
9307328,2,2,0,0,0,2,4
9710426,14,4,10,25,0,14,119
12261,2,1,1,1,0,2,14
9405236,11,5,6,13,11,0,0
3170,4,1,3,3,0,4,8
9608324,3,2,1,1,0,3,4
1146,0,0,0,0,0,0,0
9612470,0,0,0,0,0,0,0
9401291,18,7,11,22,2,16,35
110124,4,2,2,2,0,4,11
9706551,6,3,3,5,1,5,5
210427,2,2,0,0,1,1,4
7329,33,2,31,224,0,33,199
103316,7,2,5,15,0,7,52
9302203,10,4,6,16,10,0,0
9806382,15,3,12,54,0,15,126
9808245,1,1,0,0,0,1,3
9211251,6,5,1,2,6,0,0
9411341,11,5,6,10,11,0,0
9702262,6,2,4,6,2,4,5
9612385,3,1,2,2,0,3,15
9909456,19,5,14,41,0,19,69
9809294,1,1,0,0,1,0,0
9801377,6,2,4,6,0,6,10
9508398,0,0,0,0,0,0,0
9506311,3,1,2,2,3,0,0
9501364,4,3,1,2,0,4,7
9801242,3,2,1,1,0,3,15
202018,6,3,3,8,0,6,62
205255,3,3,0,0,1,2,5
9910219,3,1,2,3,0,3,8
9811489,13,2,11,32,0,13,78
10198,8,5,3,6,0,8,119
9401276,11,3,8,31,11,0,0
9710413,9,5,4,14,0,9,37
207114,1,1,0,0,0,1,3
9307254,4,4,0,0,4,0,0
9703377,8,1,7,14,1,7,18
109200,3,1,2,2,0,3,10
9612410,1,1,0,0,0,1,3
9502412,1,1,0,0,1,0,0
9602392,6,6,0,0,3,3,5
9709274,9,6,3,7,0,9,24
9602233,8,4,4,5,0,8,21
8105,10,5,5,10,0,10,42
9711337,0,0,0,0,0,0,0
9901244,3,1,2,3,0,3,10
101192,5,2,3,3,0,5,46
2081,10,2,8,15,0,10,65
9808246,4,2,2,3,0,4,6
9501218,2,1,1,1,0,2,2
9605230,17,5,12,32,0,17,73
9509315,2,2,0,0,0,2,8
9709453,17,3,14,48,3,14,54
9503341,1,1,0,0,0,1,3
9407283,7,2,5,7,6,1,1
9604367,1,1,0,0,0,1,2
9809444,3,3,0,0,0,3,16
9802251,8,3,5,10,0,8,32
9503215,6,2,4,4,0,6,11
105180,6,3,3,5,0,6,50
9511241,1,1,0,0,0,1,3
106278,12,2,10,23,0,12,192
9404249,8,1,7,23,8,0,0
9803222,4,3,1,1,0,4,8
9806403,19,5,14,32,0,19,31
9610427,3,1,2,2,0,3,13
9909517,1,1,0,0,0,1,5
106159,13,3,10,27,0,13,59
107212,5,5,0,0,0,5,9
110072,8,2,6,16,0,8,60
7069,13,4,9,15,5,8,8
9912445,0,0,0,0,0,0,0
9511256,17,3,14,45,0,17,58
9608245,5,2,3,6,3,2,2
104103,8,1,7,16,0,8,32
7065,5,3,2,2,3,2,4
9508209,8,4,4,5,3,5,9
9903428,8,4,4,11,2,6,9
9901235,3,1,2,2,0,3,13
9407330,1,1,0,0,1,0,0
9904282,9,1,8,16,0,9,57
2216,14,1,13,31,0,14,47
9410253,6,4,2,3,2,4,5
9603226,2,1,1,1,0,2,4
12021,2,1,1,1,0,2,4
204334,3,1,2,3,0,3,18
9706530,20,5,15,27,0,20,110
107261,1,1,0,0,0,1,2
107270,2,1,1,1,0,2,13
9905407,7,3,4,6,0,7,46
9305228,31,4,27,85,31,0,0
3213,7,3,4,6,7,0,0
9806428,16,3,13,46,0,16,26
9712270,2,2,0,0,0,2,4
205295,6,3,3,10,0,6,88
9607349,4,2,2,2,4,0,0
9905387,6,2,4,8,0,6,18
7268,12,2,10,32,0,12,82
7323,16,4,12,37,6,10,11
9704404,4,3,1,1,4,0,0
205066,3,3,0,0,0,3,7
2241,7,3,4,9,0,7,11
106326,3,2,1,1,1,2,2
208120,0,0,0,0,0,0,0
9601385,2,2,0,0,0,2,6
9806325,2,2,0,0,0,2,4
9809583,13,1,12,36,0,13,31
9606273,5,1,4,10,4,1,1
108188,6,3,3,4,0,6,31
203256,3,3,0,0,0,3,13
9308371,11,10,1,1,2,9,9
9808345,1,1,0,0,1,0,0
9903315,7,1,6,10,2,5,8
6239,5,3,2,3,5,0,0
9802407,8,2,6,14,0,8,94
9911438,5,4,1,3,0,5,18
9903441,4,3,1,1,1,3,15
9904225,3,3,0,0,0,3,10
9602271,9,3,6,14,0,9,14
9605302,14,7,7,12,0,14,43
9903322,7,3,4,10,0,7,40
111193,8,5,3,5,0,8,13
9607206,2,2,0,0,0,2,5
9306295,4,3,1,1,0,4,4
9707496,8,3,5,5,0,8,52
207010,4,1,3,3,0,4,40
9709334,6,1,5,14,0,6,16
9401284,3,1,2,3,0,3,3
11188,2,1,1,1,2,0,0
9505324,5,4,1,1,0,5,8
208012,6,2,4,6,0,6,64
107327,3,3,0,0,0,3,14
9906261,1,1,0,0,0,1,2
9907504,14,5,9,22,0,14,44
9511458,1,1,0,0,0,1,1
108131,4,1,3,5,0,4,35
106335,2,2,0,0,1,1,1
10326,4,3,1,1,0,4,37
106319,13,2,11,33,0,13,166
205013,9,1,8,16,0,9,36
9601201,14,3,11,26,2,12,18
9610270,6,1,5,11,5,1,2
9909454,1,1,0,0,0,1,1
9309217,3,3,0,0,3,0,0
9907307,7,1,6,15,0,7,65
5172,11,2,9,21,0,11,48
104050,1,1,0,0,0,1,22
3070,2,1,1,1,0,2,27
110383,4,2,2,2,0,4,76
9701246,4,3,1,1,3,1,2
9407252,21,9,12,20,0,21,89
108212,0,0,0,0,0,0,0
12296,1,1,0,0,0,1,14
9207217,12,4,8,16,12,0,0
9508260,1,1,0,0,0,1,2
9604344,3,1,2,2,3,0,0
9707425,3,1,2,3,0,3,21
9806333,3,1,2,3,3,0,0
9809262,7,3,4,9,0,7,12
9706283,3,3,0,0,0,3,3
9208207,9,2,7,18,9,0,0
9502395,5,1,4,6,0,5,8
9907221,2,1,1,1,0,2,8
9301233,8,7,1,1,8,0,0
9403342,11,2,9,22,11,0,0
6120,1,1,0,0,0,1,5
9807395,1,1,0,0,1,0,0
105001,3,3,0,0,0,3,9
9510285,2,2,0,0,0,2,2
12089,5,2,3,6,0,5,12
9709339,2,2,0,0,0,2,8
108126,1,1,0,0,1,0,0
9609389,1,1,0,0,0,1,1
4214,8,3,5,9,3,5,5
9408239,5,3,2,3,0,5,13
9812506,5,5,0,0,0,5,16
9611430,3,1,2,3,0,3,5
9909313,0,0,0,0,0,0,0
9705204,6,2,4,9,0,6,28
9410350,1,1,0,0,1,0,0
9211327,1,1,0,0,1,0,0
9606324,2,2,0,0,0,2,32
9806216,1,1,0,0,0,1,1
103119,13,4,9,18,0,13,42
9909417,3,2,1,1,3,0,0
1254,0,0,0,0,0,0,0
104217,10,5,5,10,0,10,108
9133,13,3,10,16,0,13,90
9311352,2,2,0,0,2,0,0
9701397,2,1,1,1,0,2,2
9411445,6,3,3,5,0,6,10
205215,0,0,0,0,0,0,0
9307302,3,2,1,1,3,0,0
9404323,3,1,2,3,1,2,4
8320,0,0,0,0,0,0,0
103094,1,1,0,0,0,1,1
9611341,5,1,4,6,0,5,52
9406391,8,1,7,12,8,0,0
203129,2,1,1,1,0,2,13
202100,1,1,0,0,0,1,1
9706444,8,1,7,13,0,8,30
3219,23,4,19,106,0,23,231
3201,10,2,8,21,0,10,33
9612471,2,2,0,0,1,1,3
9904502,5,1,4,9,0,5,8
9906422,0,0,0,0,0,0,0
3034,0,0,0,0,0,0,0
9911448,2,1,1,1,1,1,1
101097,1,1,0,0,0,1,4
9906408,4,2,2,3,0,4,4
9902447,10,1,9,28,10,0,0
9608471,1,1,0,0,0,1,1
9302300,2,2,0,0,2,0,0
9901351,2,2,0,0,0,2,12
10261,10,5,5,6,0,10,88
9910524,2,1,1,1,0,2,11
202032,3,2,1,1,0,3,25
9805210,1,1,0,0,0,1,4
9710206,13,2,11,42,2,11,49
111466,2,1,1,1,0,2,5
9707366,0,0,0,0,0,0,0
9812338,2,2,0,0,0,2,7
101098,6,3,3,5,1,5,10
9611294,1,1,0,0,1,0,0
212059,1,1,0,0,0,1,4
9412394,4,1,3,5,4,0,0
9908458,13,1,12,44,1,12,96
105213,4,2,2,2,4,0,0
302268,0,0,0,0,0,0,0
9910391,2,2,0,0,0,2,28
104199,1,1,0,0,0,1,11
110187,3,1,2,3,0,3,3
9312205,4,2,2,3,4,0,0
205090,0,0,0,0,0,0,0
9902384,0,0,0,0,0,0,0
202154,2,1,1,1,0,2,25
9710534,0,0,0,0,0,0,0
3278,5,1,4,8,0,5,23
9303276,4,2,2,2,0,4,4
9805282,5,1,4,9,0,5,30
9510320,1,1,0,0,1,0,0
107328,0,0,0,0,0,0,0
9412355,5,2,3,4,5,0,0
9807210,1,1,0,0,1,0,0
9312221,6,5,1,1,1,5,5
9305250,5,2,3,6,5,0,0
301260,0,0,0,0,0,0,0
211122,0,0,0,0,0,0,0
9608351,1,1,0,0,0,1,3
9809509,4,2,2,3,4,0,0
9808357,3,2,1,1,1,2,8
9606408,1,1,0,0,1,0,0
11205,2,2,0,0,0,2,8
9707346,1,1,0,0,1,0,0
104192,2,1,1,1,0,2,7
9809417,2,2,0,0,0,2,3
105347,3,3,0,0,0,3,20
9712282,1,1,0,0,0,1,6
9709284,3,1,2,2,0,3,12
10125,0,0,0,0,0,0,0
9610287,0,0,0,0,0,0,0
9504356,2,1,1,1,0,2,2
204321,1,1,0,0,0,1,9
9511432,1,1,0,0,0,1,1
210240,1,1,0,0,0,1,5
112353,0,0,0,0,0,0,0
112042,1,1,0,0,0,1,1
212265,0,0,0,0,0,0,0
9602275,3,2,1,1,0,3,3
109222,3,1,2,3,0,3,3
9604303,3,1,2,3,3,0,0
203041,2,1,1,1,0,2,12
9812254,4,1,3,4,3,1,1
9312298,1,1,0,0,1,0,0
11373,3,1,2,2,0,3,11
9601345,1,1,0,0,0,1,3
9512224,1,1,0,0,0,1,6
9802313,4,1,3,5,2,2,4
9609442,1,1,0,0,0,1,1
9605315,7,1,6,11,1,6,6
9708242,0,0,0,0,0,0,0
9308284,15,3,12,25,15,0,0
201201,6,3,3,4,0,6,15
9409239,1,1,0,0,1,0,0
210314,3,3,0,0,0,3,33
9711260,1,1,0,0,0,1,6
9910483,3,2,1,1,1,2,8
9301252,3,2,1,1,0,3,3
9410313,3,1,2,3,3,0,0
11210,1,1,0,0,0,1,1
10305,6,1,5,13,0,6,18
9347,0,0,0,0,0,0,0
9709418,1,1,0,0,0,1,3
103095,0,0,0,0,0,0,0
9810486,0,0,0,0,0,0,0
9511403,2,2,0,0,0,2,5
101043,2,2,0,0,0,2,13
9810236,0,0,0,0,0,0,0
11176,1,1,0,0,0,1,4
9910427,2,2,0,0,0,2,4
204088,4,2,2,2,0,4,10
9804364,6,3,3,7,6,0,0
8279,2,1,1,1,0,2,39
9610526,1,1,0,0,0,1,2
9312225,3,3,0,0,3,0,0
205022,4,1,3,5,0,4,61
9502413,3,3,0,0,3,0,0
102203,8,1,7,12,0,8,21
9510324,1,1,0,0,0,1,6
204017,3,2,1,1,0,3,6
9803291,0,0,0,0,0,0,0
203033,1,1,0,0,0,1,6
9211205,2,1,1,1,2,0,0
9901272,4,1,3,5,0,4,22
9902342,3,1,2,3,3,0,0
9912459,0,0,0,0,0,0,0
9410341,2,2,0,0,0,2,4
9812440,16,3,13,41,0,16,196
9905377,9,2,7,15,0,9,22
302098,0,0,0,0,0,0,0
107185,4,3,1,1,1,3,13
12015,13,2,11,25,1,12,40
9907567,8,2,6,12,0,8,15
9803486,5,5,0,0,5,0,0
9805317,0,0,0,0,0,0,0
102067,6,1,5,11,0,6,7
9806273,1,1,0,0,0,1,17
10118,1,1,0,0,0,1,5
8094,6,2,4,7,0,6,22
106350,3,1,2,3,3,0,0
201055,4,2,2,3,0,4,28
102094,0,0,0,0,0,0,0
9906499,1,1,0,0,0,1,3
8025,3,3,0,0,3,0,0
103340,1,1,0,0,0,1,2
205085,10,4,6,11,0,10,118
203233,2,1,1,1,0,2,4
1109,1,1,0,0,0,1,3
7339,3,3,0,0,0,3,27
201244,1,1,0,0,0,1,4
101245,3,2,1,1,0,3,18
9405417,0,0,0,0,0,0,0
9708205,6,1,5,13,1,5,11
9501248,1,1,0,0,1,0,0
206249,0,0,0,0,0,0,0
9804322,3,2,1,1,1,2,3
9507275,6,6,0,0,5,1,2
9610378,0,0,0,0,0,0,0
108029,1,1,0,0,0,1,2
111167,1,1,0,0,0,1,1
9711495,0,0,0,0,0,0,0
9912365,3,1,2,2,3,0,0
9406218,3,2,1,1,3,0,0
9601217,1,1,0,0,0,1,1
9907556,5,2,3,4,0,5,25
9603288,0,0,0,0,0,0,0
110148,4,2,2,2,0,4,8
103078,2,1,1,1,0,2,2
103164,1,1,0,0,0,1,5
9601347,4,1,3,6,4,0,0
9509391,1,1,0,0,1,0,0
9710461,1,1,0,0,0,1,1
109091,0,0,0,0,0,0,0
101280,1,1,0,0,1,0,0
9408403,2,2,0,0,2,0,0
204358,3,2,1,1,0,3,21
9601327,1,1,0,0,0,1,4
206297,2,2,0,0,0,2,2
9910323,1,1,0,0,0,1,10
9612330,0,0,0,0,0,0,0
9902422,0,0,0,0,0,0,0
9902316,1,1,0,0,0,1,17
9711464,0,0,0,0,0,0,0
9705412,2,2,0,0,0,2,10
301112,1,1,0,0,0,1,2
9506446,0,0,0,0,0,0,0
9903214,1,1,0,0,0,1,6
211301,1,1,0,0,0,1,3
6053,1,1,0,0,0,1,7
9611387,4,1,3,4,0,4,12
9907455,3,3,0,0,0,3,9
7212,2,1,1,1,0,2,4
106226,0,0,0,0,0,0,0
211406,0,0,0,0,0,0,0
10020,0,0,0,0,0,0,0
3019,0,0,0,0,0,0,0
104308,1,1,0,0,0,1,8
9609315,1,1,0,0,1,0,0
9811342,1,1,0,0,0,1,1
9712509,0,0,0,0,0,0,0
9708414,1,1,0,0,1,0,0
211215,0,0,0,0,0,0,0
9408241,1,1,0,0,1,0,0
205313,1,1,0,0,1,0,0
9908421,1,1,0,0,0,1,3
7281,5,1,4,6,5,0,0
9092,1,1,0,0,0,1,5
101203,0,0,0,0,0,0,0
10110,0,0,0,0,0,0,0
9811437,7,1,6,7,0,7,24
6265,0,0,0,0,0,0,0
112250,1,1,0,0,1,0,0
9808347,1,1,0,0,1,0,0
109025,1,1,0,0,0,1,1
205192,0,0,0,0,0,0,0
9811222,2,2,0,0,0,2,5
9807541,3,1,2,2,3,0,0
209281,0,0,0,0,0,0,0
9607386,2,2,0,0,2,0,0
9804348,8,3,5,9,3,5,21
9711493,0,0,0,0,0,0,0
9510231,3,1,2,3,3,0,0
9510273,0,0,0,0,0,0,0
11385,1,1,0,0,0,1,14
9905344,0,0,0,0,0,0,0
9503472,1,1,0,0,1,0,0
112198,0,0,0,0,0,0,0
202235,2,1,1,1,0,2,3
9808329,0,0,0,0,0,0,0
9307366,2,1,1,1,2,0,0
9611245,0,0,0,0,0,0,0
9501396,1,1,0,0,1,0,0
9301270,1,1,0,0,1,0,0
9901338,1,1,0,0,0,1,4
9808477,1,1,0,0,0,1,1
102041,0,0,0,0,0,0,0
9712226,0,0,0,0,0,0,0
102214,0,0,0,0,0,0,0
9208241,3,1,2,2,3,0,0
9301208,1,1,0,0,1,0,0
103175,1,1,0,0,0,1,1
9509245,0,0,0,0,0,0,0
111256,0,0,0,0,0,0,0
6322,0,0,0,0,0,0,0
9507421,3,1,2,2,2,1,2
212105,0,0,0,0,0,0,0
211287,4,3,1,1,0,4,60
9808243,1,1,0,0,0,1,5
7231,2,2,0,0,0,2,4
3226,2,2,0,0,0,2,2
9601290,4,3,1,2,0,4,4
207339,0,0,0,0,0,0,0
203220,5,2,3,4,0,5,13
9407356,1,1,0,0,1,0,0
207112,0,0,0,0,0,0,0
9610203,0,0,0,0,0,0,0
9909570,1,1,0,0,0,1,6
211103,1,1,0,0,0,1,16
9908262,0,0,0,0,0,0,0
109244,1,1,0,0,0,1,2
9912475,0,0,0,0,0,0,0
111135,2,1,1,1,2,0,0
9608362,0,0,0,0,0,0,0
104084,3,3,0,0,3,0,0
208262,1,1,0,0,0,1,8
9310325,2,2,0,0,2,0,0
203190,0,0,0,0,0,0,0
9405404,0,0,0,0,0,0,0
9705408,7,1,6,12,7,0,0
9903539,3,2,1,1,2,1,2
1050,0,0,0,0,0,0,0
9208227,2,1,1,1,2,0,0
207373,2,1,1,1,0,2,21
9409390,0,0,0,0,0,0,0
9903321,0,0,0,0,0,0,0
9907251,1,1,0,0,0,1,3
209322,2,2,0,0,0,2,2
9807546,1,1,0,0,0,1,1
9210215,1,1,0,0,1,0,0
210442,3,1,2,2,0,3,16
11391,0,0,0,0,0,0,0
111136,1,1,0,0,1,0,0
9506295,2,1,1,1,2,0,0
9310288,3,3,0,0,3,0,0
111080,0,0,0,0,0,0,0
9305338,4,2,2,2,4,0,0
9311241,0,0,0,0,0,0,0
112214,2,1,1,1,0,2,9
9509224,1,1,0,0,1,0,0
9506415,0,0,0,0,0,0,0
9903467,0,0,0,0,0,0,0
9410211,2,2,0,0,0,2,2
204055,1,1,0,0,0,1,2
11004,0,0,0,0,0,0,0
9506234,0,0,0,0,0,0,0
208052,0,0,0,0,0,0,0
212109,1,1,0,0,0,1,5
107166,1,1,0,0,0,1,4
106196,0,0,0,0,0,0,0
6074,2,2,0,0,0,2,3
9601209,2,1,1,1,2,0,0
3273,1,1,0,0,1,0,0
9708404,1,1,0,0,1,0,0
9705299,1,1,0,0,0,1,1
9905471,0,0,0,0,0,0,0
107132,3,1,2,3,0,3,20
9712480,0,0,0,0,0,0,0
301210,0,0,0,0,0,0,0
9909397,0,0,0,0,0,0,0
209046,0,0,0,0,0,0,0
101193,1,1,0,0,0,1,2
9711267,0,0,0,0,0,0,0
203181,2,1,1,1,0,2,4
2143,4,4,0,0,0,4,13
9606299,0,0,0,0,0,0,0
109235,0,0,0,0,0,0,0
9710210,0,0,0,0,0,0,0
9907280,1,1,0,0,1,0,0
209284,0,0,0,0,0,0,0
101282,0,0,0,0,0,0,0
9701380,0,0,0,0,0,0,0
9905460,0,0,0,0,0,0,0
5207,0,0,0,0,0,0,0
211463,0,0,0,0,0,0,0
111291,2,2,0,0,0,2,13
103091,0,0,0,0,0,0,0
9809482,0,0,0,0,0,0,0
9312286,1,1,0,0,1,0,0
103225,1,1,0,0,0,1,2
211355,0,0,0,0,0,0,0
206159,1,1,0,0,0,1,4
9803377,2,2,0,0,0,2,2
3109,1,1,0,0,0,1,2
4120,0,0,0,0,0,0,0
206219,0,0,0,0,0,0,0
9712235,0,0,0,0,0,0,0
108062,4,1,3,6,0,4,9
107133,1,1,0,0,0,1,13
204056,3,3,0,0,0,3,16
210437,0,0,0,0,0,0,0
9609522,0,0,0,0,0,0,0
9507322,0,0,0,0,0,0,0
302243,0,0,0,0,0,0,0
12071,1,1,0,0,1,0,0
9501328,0,0,0,0,0,0,0
9803211,0,0,0,0,0,0,0
209254,0,0,0,0,0,0,0
9710215,0,0,0,0,0,0,0
208084,1,1,0,0,0,1,2
9908204,0,0,0,0,0,0,0
9809297,0,0,0,0,0,0,0
9412271,4,1,3,4,4,0,0
211416,0,0,0,0,0,0,0
105249,0,0,0,0,0,0,0
12117,0,0,0,0,0,0,0
7140,0,0,0,0,0,0,0
2233,0,0,0,0,0,0,0
205348,1,1,0,0,0,1,9
204124,2,2,0,0,0,2,6
9511472,0,0,0,0,0,0,0
9910368,0,0,0,0,0,0,0
9907565,0,0,0,0,0,0,0
212244,0,0,0,0,0,0,0
9208208,2,2,0,0,2,0,0
9806248,0,0,0,0,0,0,0
9902275,1,1,0,0,0,1,2
109201,2,2,0,0,0,2,23
9903210,0,0,0,0,0,0,0
301159,0,0,0,0,0,0,0
210124,0,0,0,0,0,0,0
11098,0,0,0,0,0,0,0
208206,0,0,0,0,0,0,0
205161,2,2,0,0,0,2,15
105012,0,0,0,0,0,0,0
9407220,1,1,0,0,1,0,0
9901250,1,1,0,0,0,1,1
9808216,2,2,0,0,2,0,0
9611436,0,0,0,0,0,0,0
211274,0,0,0,0,0,0,0
208182,0,0,0,0,0,0,0
9805312,0,0,0,0,0,0,0
109208,1,1,0,0,1,0,0
112029,1,1,0,0,0,1,12
10035,0,0,0,0,0,0,0
9508224,0,0,0,0,0,0,0
9712340,0,0,0,0,0,0,0
101319,3,2,1,1,1,2,5
9803418,1,1,0,0,1,0,0
208122,1,1,0,0,0,1,5
9910303,2,2,0,0,0,2,2
9806425,1,1,0,0,0,1,5
9410379,0,0,0,0,0,0,0
102267,1,1,0,0,0,1,1
106136,0,0,0,0,0,0,0
212290,0,0,0,0,0,0,0
110025,1,1,0,0,0,1,2
9706286,0,0,0,0,0,0,0
211327,0,0,0,0,0,0,0
9410312,0,0,0,0,0,0,0
9807391,2,2,0,0,2,0,0
9712456,1,1,0,0,1,0,0
205279,0,0,0,0,0,0,0
9608411,0,0,0,0,0,0,0
208236,0,0,0,0,0,0,0
9605383,0,0,0,0,0,0,0
9407300,0,0,0,0,0,0,0
9912537,0,0,0,0,0,0,0
211303,1,1,0,0,0,1,6
9612266,0,0,0,0,0,0,0
109054,2,1,1,1,2,0,0
9906454,0,0,0,0,0,0,0
9602217,0,0,0,0,0,0,0
9604347,4,1,3,5,4,0,0
9403202,1,1,0,0,1,0,0
9709326,0,0,0,0,0,0,0
112159,0,0,0,0,0,0,0
205021,0,0,0,0,0,0,0
9909311,1,1,0,0,0,1,3
9910414,0,0,0,0,0,0,0
101107,1,1,0,0,0,1,2
9407327,1,1,0,0,1,0,0
9712321,0,0,0,0,0,0,0
9311224,1,1,0,0,0,1,1
9077,3,1,2,3,0,3,21
11208,0,0,0,0,0,0,0
9412238,1,1,0,0,1,0,0
301140,0,0,0,0,0,0,0
9310339,1,1,0,0,0,1,1
9602228,0,0,0,0,0,0,0
212123,1,1,0,0,0,1,27
109205,0,0,0,0,0,0,0
208033,1,1,0,0,0,1,1
9510395,0,0,0,0,0,0,0
9904487,0,0,0,0,0,0,0
106200,0,0,0,0,0,0,0
106011,0,0,0,0,0,0,0
205182,0,0,0,0,0,0,0
9807217,0,0,0,0,0,0,0
302171,0,0,0,0,0,0,0
9908379,0,0,0,0,0,0,0
9707350,0,0,0,0,0,0,0
9606205,0,0,0,0,0,0,0
211420,0,0,0,0,0,0,0
101177,1,1,0,0,0,1,2
302217,0,0,0,0,0,0,0
1167,0,0,0,0,0,0,0
111251,1,1,0,0,1,0,0
9905532,0,0,0,0,0,0,0
11046,0,0,0,0,0,0,0
102043,0,0,0,0,0,0,0
103033,1,1,0,0,0,1,3
9912203,0,0,0,0,0,0,0
9512297,1,1,0,0,1,0,0
4168,0,0,0,0,0,0,0
9706245,0,0,0,0,0,0,0
210259,0,0,0,0,0,0,0
107143,2,2,0,0,0,2,12
9511251,0,0,0,0,0,0,0
9208261,1,1,0,0,1,0,0
105125,0,0,0,0,0,0,0
101062,1,1,0,0,0,1,1
9803374,4,2,2,3,0,4,7
5268,0,0,0,0,0,0,0
9809515,0,0,0,0,0,0,0
9505246,2,2,0,0,2,0,0
103139,0,0,0,0,0,0,0
1186,1,1,0,0,1,0,0
2256,0,0,0,0,0,0,0
9906451,1,1,0,0,1,0,0
9510278,0,0,0,0,0,0,0
105270,0,0,0,0,0,0,0
212268,0,0,0,0,0,0,0
9706222,0,0,0,0,0,0,0
9509295,0,0,0,0,0,0,0
106183,0,0,0,0,0,0,0
102126,1,1,0,0,0,1,4
210255,0,0,0,0,0,0,0
302141,0,0,0,0,0,0,0
109038,0,0,0,0,0,0,0
1131,0,0,0,0,0,0,0
11232,0,0,0,0,0,0,0
9509417,1,1,0,0,1,0,0
9811462,1,1,0,0,0,1,3
9506300,0,0,0,0,0,0,0
210432,0,0,0,0,0,0,0
206282,0,0,0,0,0,0,0
1094,0,0,0,0,0,0,0
103019,1,1,0,0,0,1,3
201035,0,0,0,0,0,0,0
9808472,0,0,0,0,0,0,0
9809303,0,0,0,0,0,0,0
9311369,1,1,0,0,1,0,0
9605396,0,0,0,0,0,0,0
9708251,1,1,0,0,0,1,1
7311,0,0,0,0,0,0,0
9711381,0,0,0,0,0,0,0
202164,0,0,0,0,0,0,0
103276,0,0,0,0,0,0,0
9608356,0,0,0,0,0,0,0
209155,0,0,0,0,0,0,0
9709512,0,0,0,0,0,0,0
206142,0,0,0,0,0,0,0
205275,0,0,0,0,0,0,0
207250,0,0,0,0,0,0,0
302019,0,0,0,0,0,0,0
9309279,0,0,0,0,0,0,0
9808210,0,0,0,0,0,0,0
9811521,0,0,0,0,0,0,0
9503361,0,0,0,0,0,0,0
112170,0,0,0,0,0,0,0
9501393,0,0,0,0,0,0,0
209240,1,1,0,0,1,0,0
105339,0,0,0,0,0,0,0
9609421,1,1,0,0,0,1,4
9810335,0,0,0,0,0,0,0
9504339,0,0,0,0,0,0,0
9811317,0,0,0,0,0,0,0
111232,0,0,0,0,0,0,0
9912389,0,0,0,0,0,0,0
9812343,0,0,0,0,0,0,0
9602427,0,0,0,0,0,0,0
9411350,0,0,0,0,0,0,0
9603280,0,0,0,0,0,0,0
9406358,0,0,0,0,0,0,0
11390,0,0,0,0,0,0,0
5095,0,0,0,0,0,0,0
104045,0,0,0,0,0,0,0
9310220,0,0,0,0,0,0,0
9707252,0,0,0,0,0,0,0
207374,0,0,0,0,0,0,0
9607406,1,1,0,0,1,0,0
9310249,0,0,0,0,0,0,0
9711513,0,0,0,0,0,0,0
9606352,0,0,0,0,0,0,0
9710378,0,0,0,0,0,0,0
301175,0,0,0,0,0,0,0
110217,1,1,0,0,1,0,0
9506362,0,0,0,0,0,0,0
204053,0,0,0,0,0,0,0
111410,0,0,0,0,0,0,0
9411291,0,0,0,0,0,0,0
107273,0,0,0,0,0,0,0
301249,0,0,0,0,0,0,0
211254,0,0,0,0,0,0,0
9806362,0,0,0,0,0,0,0
112053,0,0,0,0,0,0,0
9708318,0,0,0,0,0,0,0
106010,0,0,0,0,0,0,0
203013,0,0,0,0,0,0,0
9712268,0,0,0,0,0,0,0
9512317,0,0,0,0,0,0,0
9512289,0,0,0,0,0,0,0
110373,0,0,0,0,0,0,0
9611297,14,3,11,18,2,12,21
5006,29,1,28,114,0,29,99
102274,1,1,0,0,0,1,4
9502335,30,4,26,167,8,22,31
9809486,3,1,2,3,3,0,0
112313,1,1,0,0,0,1,2
9704259,8,2,6,11,2,6,6
7286,6,4,2,4,0,6,46
9802368,13,3,10,21,0,13,57
9308343,1,1,0,0,1,0,0
9603227,25,7,18,34,0,25,74
9405265,1,1,0,0,1,0,0
9410365,9,2,7,19,6,3,3
9609432,1,1,0,0,0,1,4
9410232,20,3,17,72,0,20,68
9504307,12,1,11,21,6,6,7
9509389,64,1,63,445,64,0,0
9605413,25,1,24,160,18,7,7
9909301,7,2,5,9,0,7,101
9911440,1,1,0,0,0,1,12
9907532,37,8,29,130,0,37,320
9809252,10,2,8,21,0,10,18
9310307,7,1,6,11,7,0,0
9910546,13,0,13,31,4,9,11
9801409,8,2,6,13,0,8,20
9605246,17,2,15,68,0,17,54
9802445,25,4,21,67,3,22,37
9807502,4,1,3,4,1,3,17
9805386,8,5,3,4,1,7,13
9403350,24,1,23,93,6,18,24
9712392,35,1,34,207,35,0,0
9501277,29,5,24,68,10,19,31
5133,7,1,6,12,0,7,12
9712224,60,2,58,459,1,59,405
111262,0,0,0,0,0,0,0
9912264,30,3,27,145,2,28,98
9410203,16,1,15,57,12,4,4
9702291,16,4,12,49,0,16,198
9711264,11,4,7,18,0,11,155
9808453,2,1,1,1,0,2,10
6068,6,2,4,10,0,6,86
9902205,12,2,10,27,0,12,45
9244,12,1,11,28,0,12,48
9703349,64,4,60,428,0,64,515
9704402,12,3,9,16,0,12,51
9703402,17,2,15,48,1,16,43
9310319,27,2,25,80,27,0,0
9608361,26,7,19,63,3,23,47
9706247,13,4,9,22,0,13,43
9604343,8,4,4,4,1,7,31
9405215,5,5,0,0,0,5,10
9709283,5,4,1,1,0,5,11
9705218,11,1,10,29,0,11,22
9405386,39,5,34,264,1,38,54
9608491,35,2,33,279,35,0,0
9604250,23,2,21,100,14,9,9
9407399,14,3,11,36,14,0,0
9404338,8,5,3,6,8,0,0
9812433,1,1,0,0,0,1,12
9312357,7,1,6,20,5,2,2
9711319,10,4,6,12,0,10,40
9702276,23,3,20,114,3,20,49
9409287,56,8,48,278,5,51,141
9503492,47,8,39,159,1,46,303
9311339,39,7,32,226,4,35,82
9402278,17,3,14,35,2,15,41
9808380,0,0,0,0,0,0,0
9403304,6,2,4,10,6,0,0
9604327,12,2,10,22,5,7,7
7175,3,1,2,3,3,0,0
9403403,25,1,24,99,6,19,30
9912307,6,1,5,7,0,6,39
9901385,3,1,2,3,0,3,14
9906287,22,1,21,102,0,22,92
9801306,21,4,17,35,0,21,93
9512328,34,2,32,184,6,28,88
9411214,4,1,3,5,4,0,0
4095,41,6,35,173,0,41,127
9903502,86,1,85,1046,0,86,570
9206230,25,7,18,57,25,0,0
9908480,10,1,9,33,0,10,120
9172,2,2,0,0,0,2,30
202089,15,1,14,71,0,15,18
9304309,2,2,0,0,0,2,4
9609463,3,3,0,0,0,3,9
9810457,103,7,96,1153,3,100,421
108171,2,2,0,0,0,2,17
9807278,20,11,9,13,0,20,125
9211332,5,4,1,1,5,0,0
9307347,31,6,25,155,31,0,0
9908378,13,2,11,25,1,12,63
9703464,71,3,68,543,12,59,257
9904395,53,5,48,392,1,52,427
9805473,20,5,15,42,1,19,51
9708419,8,5,3,3,0,8,134
9609339,18,5,13,35,1,17,51
9505298,21,4,17,60,1,20,53
9808385,21,4,17,43,1,20,29
107154,14,2,12,29,0,14,103
9608441,9,2,7,16,0,9,9
9605296,50,7,43,239,0,50,196
9912231,33,2,31,155,2,31,79
9610527,10,1,9,16,0,10,31
9310309,8,2,6,21,1,7,14
9508321,57,5,52,401,2,55,109
9509260,31,3,28,142,2,29,94
104283,21,7,14,25,0,21,197
9301267,20,2,18,69,20,0,0
9812235,0,0,0,0,0,0,0
9807501,80,1,79,862,8,72,235
9307303,3,2,1,1,3,0,0
9911248,18,1,17,63,8,10,25
9808399,4,2,2,3,1,3,3
9604243,7,2,5,11,0,7,40
9602296,3,1,2,3,3,0,0
9807349,12,2,10,17,1,11,45
7006,21,3,18,71,0,21,301
9412366,6,1,5,9,6,0,0
8302,8,2,6,12,0,8,17
4130,9,1,8,24,0,9,18
9902467,82,1,81,649,0,82,426
9904425,26,1,25,150,0,26,501
9901281,93,4,89,878,5,88,663
101124,29,6,23,100,0,29,392
207004,19,4,15,33,0,19,106
9205221,17,3,14,42,17,0,0
111052,11,1,10,36,0,11,32
9702379,41,2,39,223,0,41,183
9211293,7,3,4,9,7,0,0
9912496,1,1,0,0,0,1,10
9401313,0,0,0,0,0,0,0
9809250,11,5,6,11,0,11,60
9405233,16,1,15,26,6,10,10
6092,3,3,0,0,0,3,3
9912240,6,1,5,7,0,6,13
9301231,10,6,4,6,2,8,8
4068,6,2,4,6,0,6,24
9302267,17,2,15,43,6,11,11
9908202,13,4,9,14,1,12,31
9506251,11,5,6,13,0,11,11
9412315,8,5,3,8,8,0,0
9610423,3,3,0,0,0,3,6
9601298,53,3,50,268,0,53,164
9706369,10,2,8,18,0,10,114
9810235,6,3,3,5,0,6,52
5052,2,1,1,1,0,2,3
9406373,9,1,8,24,9,0,0
203121,7,4,3,6,0,7,56
9710313,18,1,17,73,10,8,11
9310212,18,6,12,18,0,18,49
9903435,30,3,27,113,0,30,161
9402280,1,1,0,0,0,1,1
9702319,19,6,13,54,6,13,46
9507465,25,2,23,84,18,7,7
9506233,24,6,18,77,0,24,92
4087,10,2,8,20,0,10,78
10334,8,2,6,14,0,8,67
9310345,1,1,0,0,0,1,1
9306230,34,6,28,107,34,0,0
1287,7,2,5,10,0,7,75
9607254,18,4,14,46,1,17,119
9601280,9,2,7,17,1,8,33
9409416,10,2,8,20,4,6,14
9302217,14,4,10,24,14,0,0
9403212,11,4,7,19,2,9,11
9707345,8,4,4,9,0,8,17
9708349,18,6,12,43,0,18,153
9403389,10,5,5,13,0,10,13
9507307,25,8,17,52,0,25,56
9701241,10,6,4,15,2,8,62
9810411,14,1,13,39,0,14,19
9707438,5,1,4,6,0,5,23
9910226,10,3,7,8,0,10,34
9512336,91,4,87,747,5,86,486
9708393,47,3,44,338,3,44,217
9703311,57,6,51,499,3,54,222
9908218,21,5,16,49,14,7,7
9406245,16,2,14,82,9,7,7
9902340,2,1,1,1,2,0,0
9801309,1,1,0,0,1,0,0
9706242,37,4,33,217,0,37,116
9806400,9,6,3,5,0,9,101
10335,1,1,0,0,0,1,3
9403378,23,1,22,100,1,22,22
9901362,9,3,6,10,0,9,151
9903406,20,2,18,96,0,20,83
111086,5,2,3,6,0,5,18
9906272,2,2,0,0,1,1,3
9708380,0,0,0,0,0,0,0
9604388,39,1,38,213,1,38,140
9204225,21,4,17,56,21,0,0
108249,2,1,1,1,0,2,2
9805502,1,1,0,0,0,1,1
9710543,13,6,7,11,0,13,83
4159,3,3,0,0,1,2,6
9910489,3,1,2,2,2,1,2
9710561,25,3,22,66,1,24,61
7062,0,0,0,0,0,0,0
9912377,0,0,0,0,0,0,0
9909377,8,1,7,15,0,8,276
9904276,12,2,10,31,0,12,74
9408313,8,1,7,13,8,0,0
106034,6,3,3,3,0,6,48
9209238,13,3,10,38,13,0,0
9410235,15,5,10,13,1,14,33
9508275,37,2,35,236,19,18,18
9511250,6,1,5,15,6,0,0
9311288,10,2,8,17,2,8,8
106302,1,1,0,0,1,0,0
206148,5,3,2,4,0,5,33
4209,4,2,2,5,1,3,8
9703403,3,2,1,1,0,3,13
11096,6,4,2,2,0,6,16
9706311,10,4,6,11,0,10,64
11159,10,2,8,18,0,10,40
9511266,4,2,2,4,0,4,7
9702334,15,8,7,13,0,15,38
9712506,10,3,7,19,0,10,31
9903477,3,1,2,3,3,0,0
9709408,26,4,22,99,13,13,23
9403281,20,3,17,53,20,0,0
9303313,12,3,9,19,12,0,0
9903295,0,0,0,0,0,0,0
9604352,10,2,8,20,10,0,0
108205,3,2,1,1,0,3,22
9403274,14,2,12,29,14,0,0
207183,2,2,0,0,0,2,6
2118,0,0,0,0,0,0,0
9606312,5,2,3,6,1,4,8
4233,1,1,0,0,0,1,7
9605270,3,2,1,1,0,3,3
7219,9,3,6,12,0,9,123
111130,6,3,3,4,0,6,41
9204222,6,1,5,12,6,0,0
9802409,30,5,25,82,0,30,77
9409211,7,1,6,17,7,0,0
9911302,17,2,15,27,1,16,36
9710370,6,2,4,10,1,5,28
9605429,2,1,1,1,2,0,0
9703215,5,2,3,5,0,5,12
209136,5,1,4,7,1,4,4
9405329,5,2,3,5,0,5,5
9911275,5,4,1,1,0,5,37
12268,2,1,1,1,0,2,6
112260,2,1,1,1,2,0,0
103223,10,3,7,28,0,10,134
9307245,36,3,33,203,36,0,0
9603340,19,3,16,47,0,19,52
9802291,10,3,7,21,0,10,33
9608488,4,1,3,3,4,0,0
9412311,23,2,21,71,7,16,29
9702426,14,4,10,26,1,13,50
9905475,9,1,8,14,0,9,18
9602263,5,3,2,3,0,5,17
9702400,2,2,0,0,1,1,4
9608358,11,2,9,24,0,11,62
9308278,6,3,3,7,0,6,18
8143,15,4,11,42,0,15,120
9701330,31,3,28,94,0,31,101
9908490,3,2,1,1,0,3,8
9603302,6,3,3,3,2,4,8
9601372,3,1,2,2,0,3,15
8314,2,1,1,1,0,2,5
9908381,3,1,2,2,1,2,9
105199,2,2,0,0,0,2,18
108094,7,4,3,7,1,6,69
204071,3,2,1,1,0,3,21
11393,18,2,16,64,1,17,67
108005,17,3,14,40,0,17,69
203192,0,0,0,0,0,0,0
9912494,4,2,2,4,0,4,22
206060,9,2,7,23,0,9,88
3097,0,0,0,0,0,0,0
9411269,2,1,1,1,2,0,0
9307337,12,6,6,11,12,0,0
10262,1,1,0,0,0,1,3
108239,8,3,5,9,0,8,85
9411382,9,1,8,17,9,0,0
3011,5,2,3,5,0,5,11
9603284,5,3,2,3,5,0,0
9402240,2,1,1,1,2,0,0
9606292,2,2,0,0,0,2,18
2046,0,0,0,0,0,0,0
9503206,5,2,3,5,5,0,0
3249,1,1,0,0,0,1,3
9610375,1,1,0,0,0,1,1
9604446,7,4,3,6,0,7,9
9607207,8,4,4,6,0,8,28
9305254,18,7,11,21,6,12,23
9310369,52,1,51,380,3,49,128
9801270,5,3,2,3,0,5,28
9811375,18,2,16,42,4,14,14
10201,29,2,27,174,0,29,264
12196,4,3,1,1,0,4,32
9502243,9,2,7,14,4,5,6
9809234,3,2,1,1,0,3,27
9809453,18,5,13,32,4,14,30
9906311,15,5,10,37,0,15,122
210083,2,1,1,1,0,2,4
9806215,4,1,3,3,1,3,3
9701285,4,1,3,6,0,4,7
9272,2,1,1,1,0,2,10
9612369,1,1,0,0,1,0,0
9812336,9,3,6,11,5,4,5
9305323,5,2,3,3,5,0,0
9803236,1,1,0,0,1,0,0
9710409,3,1,2,2,0,3,8
9608340,5,3,2,3,0,5,14
102013,29,2,27,131,0,29,177
5317,1,1,0,0,0,1,1
10100,7,5,2,3,0,7,29
9804242,6,1,5,8,0,6,17
11257,3,2,1,1,0,3,22
104170,0,0,0,0,0,0,0
9802429,5,3,2,3,0,5,19
203029,1,1,0,0,0,1,5
9711466,0,0,0,0,0,0,0
9602419,20,1,19,58,20,0,0
112355,0,0,0,0,0,0,0
9703263,2,2,0,0,0,2,4
9808465,0,0,0,0,0,0,0
9402250,4,1,3,6,4,0,0
9712230,5,3,2,2,2,3,5
9603201,7,3,4,7,1,6,7
9503481,14,1,13,41,9,5,5
9706480,3,1,2,2,0,3,7
9807560,3,3,0,0,1,2,8
102281,1,1,0,0,1,0,0
107157,8,4,4,5,0,8,56
9809418,3,2,1,1,0,3,10
9503357,2,1,1,1,0,2,2
9612461,16,6,10,21,16,0,0
9609358,9,5,4,11,0,9,55
9711503,2,1,1,1,0,2,4
9407309,1,1,0,0,1,0,0
9209273,4,2,2,3,4,0,0
112037,2,1,1,1,0,2,12
9710296,2,1,1,1,0,2,2
9406330,1,1,0,0,0,1,1
9512389,1,1,0,0,0,1,2
9709292,18,3,15,86,1,17,53
9404240,3,2,1,1,3,0,0
110213,8,1,7,10,0,8,114
9605423,14,3,11,49,0,14,23
9412245,2,1,1,1,0,2,2
9901413,2,2,0,0,0,2,2
9608470,8,4,4,6,1,7,31
9610276,11,4,7,20,3,8,9
107165,28,2,26,106,0,28,310
210241,1,1,0,0,0,1,2
110073,2,2,0,0,0,2,14
9911408,5,5,0,0,3,2,2
9901397,20,1,19,60,0,20,174
9705245,11,3,8,22,0,11,51
9206255,3,1,2,3,3,0,0
211307,0,0,0,0,0,0,0
9308289,4,3,1,1,2,2,2
9612329,4,1,3,4,4,0,0
9911418,4,1,3,3,2,2,5
9903375,6,1,5,10,0,6,34
9805304,1,1,0,0,0,1,1
9907505,7,6,1,2,0,7,49
106203,4,4,0,0,0,4,11
9404271,3,2,1,1,0,3,3
9410219,5,1,4,6,5,0,0
9807230,3,1,2,3,1,2,4
209048,2,1,1,1,0,2,15
9809461,1,1,0,0,0,1,7
103208,9,3,6,11,0,9,14
111318,2,1,1,1,0,2,37
9906461,4,1,3,5,0,4,20
9406260,7,6,1,1,7,0,0
9708237,7,1,6,6,7,0,0
209047,0,0,0,0,0,0,0
9507239,1,1,0,0,0,1,2
206034,14,1,13,31,0,14,154
9812341,1,1,0,0,0,1,3
9908293,1,1,0,0,0,1,4
9607222,10,1,9,29,0,10,84
9090,2,2,0,0,0,2,3
9809355,3,1,2,2,0,3,5
9808241,6,3,3,3,1,5,7
3136,12,1,11,37,1,11,17
9227,4,2,2,2,4,0,0
112025,1,1,0,0,1,0,0
9511396,1,1,0,0,1,0,0
9204231,5,1,4,6,5,0,0
9811295,6,2,4,8,0,6,27
9505361,4,1,3,4,4,0,0
110254,2,1,1,1,0,2,3
103014,6,1,5,7,0,6,16
112189,6,1,5,9,1,5,14
4072,2,1,1,1,0,2,10
9907235,4,1,3,5,4,0,0
12127,3,1,2,3,3,0,0
9806359,1,1,0,0,0,1,8
212161,1,1,0,0,0,1,11
9609388,4,1,3,4,0,4,17
9903303,4,3,1,2,0,4,10
9507335,8,1,7,18,2,6,6
9703425,0,0,0,0,0,0,0
1236,1,1,0,0,0,1,7
9807351,7,3,4,9,4,3,4
9812477,0,0,0,0,0,0,0
9306208,6,1,5,6,6,0,0
9712426,0,0,0,0,0,0,0
112356,1,1,0,0,0,1,5
9712363,6,1,5,14,0,6,20
9411293,2,1,1,1,0,2,4
12306,2,2,0,0,0,2,6
9611386,5,3,2,2,0,5,18
208067,4,2,2,2,0,4,52
7278,4,1,3,3,2,2,2
9508309,1,1,0,0,1,0,0
9603377,27,3,24,101,6,21,32
9404340,5,3,2,2,5,0,0
108238,1,1,0,0,0,1,16
9911212,2,2,0,0,0,2,22
9807515,8,2,6,13,1,7,16
106329,6,2,4,7,0,6,93
205274,4,1,3,4,0,4,31
9604437,10,4,6,14,2,8,13
9709444,5,2,3,6,0,5,6
9309249,3,2,1,1,0,3,3
9908214,2,1,1,1,0,2,14
9910263,4,2,2,3,0,4,46
8295,16,6,10,36,0,16,132
9803425,7,1,6,9,2,5,8
9811312,1,1,0,0,0,1,11
111004,1,1,0,0,0,1,32
9405220,11,4,7,18,5,6,6
9411328,5,3,2,2,0,5,15
9702294,2,1,1,1,0,2,5
9701249,3,3,0,0,0,3,25
9409423,1,1,0,0,1,0,0
9508267,1,1,0,0,1,0,0
9604271,1,1,0,0,1,0,0
9710453,2,1,1,1,0,2,12
9905497,1,1,0,0,0,1,1
8017,2,1,1,1,0,2,4
9504231,5,2,3,3,4,1,1
9301278,3,1,2,3,3,0,0
9603371,1,1,0,0,0,1,9
9908411,2,1,1,1,0,2,2
9505276,1,1,0,0,0,1,2
9407266,18,2,16,40,18,0,0
9611343,8,3,5,14,0,8,15
9612420,2,2,0,0,2,0,0
209093,0,0,0,0,0,0,0
9510358,0,0,0,0,0,0,0
111137,7,1,6,15,0,7,18
9709340,1,1,0,0,0,1,5
9311358,1,1,0,0,1,0,0
9502235,4,2,2,4,4,0,0
104274,1,1,0,0,0,1,3
9503340,4,1,3,6,4,0,0
107298,1,1,0,0,0,1,5
9606379,4,2,2,4,0,4,6
4170,0,0,0,0,0,0,0
9901370,3,1,2,2,0,3,4
9607363,1,1,0,0,0,1,4
9406294,1,1,0,0,1,0,0
9701388,3,2,1,1,0,3,16
210284,0,0,0,0,0,0,0
107295,5,2,3,3,0,5,25
105229,12,6,6,7,1,11,24
9809269,2,2,0,0,0,2,5
107255,2,2,0,0,0,2,11
101066,2,2,0,0,0,2,6
9512354,0,0,0,0,0,0,0
9807449,1,1,0,0,0,1,4
1033,5,2,3,6,0,5,86
204353,1,1,0,0,1,0,0
9404337,6,4,2,2,6,0,0
9411326,1,1,0,0,0,1,2
4109,2,2,0,0,2,0,0
110263,4,1,3,4,0,4,21
9708218,2,1,1,1,0,2,13
9409229,7,1,6,10,7,0,0
204328,3,1,2,2,0,3,29
110282,1,1,0,0,0,1,3
9708367,9,4,5,8,1,8,19
7237,8,2,6,21,0,8,20
7340,8,3,5,9,0,8,51
9807331,3,3,0,0,0,3,7
5021,2,2,0,0,0,2,4
9807262,1,1,0,0,0,1,1
9605350,1,1,0,0,1,0,0
9703344,2,2,0,0,1,1,1
105006,4,4,0,0,0,4,9
9909220,1,1,0,0,0,1,1
9910476,9,2,7,19,0,9,9
107282,4,2,2,2,0,4,20
9601219,2,2,0,0,2,0,0
9808281,2,1,1,1,1,1,3
11069,1,1,0,0,0,1,12
9707228,3,3,0,0,0,3,3
204200,5,4,1,2,0,5,59
9808417,1,1,0,0,0,1,3
9809245,10,1,9,25,0,10,47
201282,3,2,1,2,1,2,7
9612345,0,0,0,0,0,0,0
1037,1,1,0,0,0,1,3
205030,0,0,0,0,0,0,0
9604203,1,1,0,0,0,1,2
12110,2,1,1,1,0,2,9
9406280,0,0,0,0,0,0,0
9905339,13,5,8,19,0,13,113
9711412,0,0,0,0,0,0,0
1327,6,4,2,5,5,1,1
9811417,1,1,0,0,0,1,1
9509346,3,2,1,1,3,0,0
12080,12,3,9,29,3,9,12
112104,4,2,2,3,0,4,11
108057,3,2,1,1,0,3,18
9505325,0,0,0,0,0,0,0
9903283,4,2,2,3,0,4,12
11036,4,2,2,2,1,3,8
9803261,7,3,4,11,7,0,0
9205235,7,3,4,6,7,0,0
9910484,1,1,0,0,0,1,2
9510369,1,1,0,0,0,1,2
212211,0,0,0,0,0,0,0
9504221,3,2,1,1,1,2,3
9810354,2,1,1,1,1,1,1
9403388,3,3,0,0,2,1,1
212099,1,1,0,0,0,1,17
3157,1,1,0,0,0,1,2
210320,4,2,2,2,0,4,54
9806497,0,0,0,0,0,0,0
9902462,2,2,0,0,0,2,2
9306245,6,3,3,6,6,0,0
9606396,1,1,0,0,0,1,3
3143,4,1,3,3,0,4,6
9607377,5,2,3,5,5,0,0
112275,1,1,0,0,0,1,7
9803491,3,1,2,2,2,1,3
205100,0,0,0,0,0,0,0
4125,0,0,0,0,0,0,0
9410413,0,0,0,0,0,0,0
5038,5,4,1,2,0,5,31
9504285,4,3,1,1,4,0,0
9605304,2,2,0,0,0,2,5
3026,1,1,0,0,0,1,2
9708415,1,1,0,0,0,1,10
206264,1,1,0,0,1,0,0
103005,1,1,0,0,0,1,1
9811491,1,1,0,0,0,1,1
105236,0,0,0,0,0,0,0
204131,0,0,0,0,0,0,0
4062,4,1,3,6,4,0,0
9606225,2,1,1,1,0,2,2
9906502,5,1,4,6,0,5,20
9507357,2,1,1,1,2,0,0
9803223,0,0,0,0,0,0,0
103038,0,0,0,0,0,0,0
9210224,2,2,0,0,2,0,0
8306,4,2,2,3,0,4,13
9712310,3,2,1,1,0,3,3
9406379,2,1,1,1,2,0,0
9705372,15,2,13,44,1,14,30
9612275,2,2,0,0,2,0,0
9403314,10,5,5,17,10,0,0
8231,3,2,1,1,0,3,11
9411442,1,1,0,0,1,0,0
11005,2,2,0,0,0,2,6
9607221,1,1,0,0,0,1,4
9711234,0,0,0,0,0,0,0
9401316,3,2,1,2,1,2,4
9606283,1,1,0,0,1,0,0
8215,2,1,1,1,2,0,0
106188,3,1,2,3,0,3,13
6270,0,0,0,0,0,0,0
9502313,2,2,0,0,0,2,2
101354,3,1,2,3,0,3,11
9612352,1,1,0,0,0,1,4
9803383,0,0,0,0,0,0,0
105186,1,1,0,0,0,1,7
9804251,1,1,0,0,1,0,0
102057,0,0,0,0,0,0,0
203167,3,2,1,2,0,3,8
9906247,5,1,4,7,3,2,2
9911365,2,1,1,1,0,2,10
9014,3,1,2,2,0,3,28
9510407,8,2,6,15,0,8,32
9508208,1,1,0,0,0,1,4
102136,9,1,8,27,0,9,63
9709351,2,1,1,1,0,2,9
9906285,2,1,1,1,2,0,0
9303316,1,1,0,0,1,0,0
9205202,5,3,2,3,5,0,0
9910526,2,2,0,0,0,2,3
108072,1,1,0,0,0,1,7
10243,2,2,0,0,0,2,2
9907338,7,2,5,11,1,6,10
6348,5,1,4,7,0,5,5
9904268,3,2,1,1,0,3,7
9905354,1,1,0,0,0,1,1
9704392,1,1,0,0,0,1,1
9610281,2,2,0,0,0,2,2
9912234,3,2,1,1,0,3,15
210189,1,1,0,0,0,1,2
4138,6,1,5,13,4,2,2
9911322,2,1,1,1,0,2,6
9703409,3,3,0,0,3,0,0
207303,1,1,0,0,0,1,2
9408317,12,6,6,18,12,0,0
9807347,2,2,0,0,0,2,27
6031,2,1,1,1,0,2,8
101302,10,1,9,19,0,10,50
108157,6,1,5,11,6,0,0
9706313,3,2,1,1,0,3,3
9704292,3,1,2,3,2,1,2
107078,2,2,0,0,0,2,7
9306238,4,2,2,4,4,0,0
11335,3,2,1,1,1,2,3
206229,4,1,3,3,0,4,9
203027,3,1,2,3,0,3,3
9908347,4,3,1,1,0,4,11
111337,0,0,0,0,0,0,0
201253,6,2,4,5,0,6,55
9309297,6,2,4,12,6,0,0
9601308,11,5,6,14,2,9,10
9805339,5,1,4,8,0,5,12
102305,0,0,0,0,0,0,0
9711413,1,1,0,0,0,1,2
9711393,3,2,1,1,0,3,4
9311282,5,1,4,6,3,2,2
202213,1,1,0,0,0,1,1
9912372,2,1,1,1,0,2,3
9312241,2,1,1,1,2,0,0
103252,0,0,0,0,0,0,0
9312300,0,0,0,0,0,0,0
9405317,1,1,0,0,1,0,0
9506426,1,1,0,0,0,1,1
9707452,0,0,0,0,0,0,0
9405250,8,8,0,0,8,0,0
9408334,0,0,0,0,0,0,0
112055,1,1,0,0,0,1,1
9912241,3,1,2,3,0,3,9
9607455,3,1,2,3,0,3,13
9704352,3,2,1,1,0,3,3
9704248,2,2,0,0,2,0,0
101154,3,2,1,1,0,3,16
112225,2,1,1,1,0,2,9
203136,1,1,0,0,0,1,3
207079,8,5,3,4,0,8,91
9511349,3,3,0,0,0,3,7
302162,0,0,0,0,0,0,0
9809253,0,0,0,0,0,0,0
9407335,2,2,0,0,2,0,0
9607361,0,0,0,0,0,0,0
9902419,6,1,5,11,2,4,24
2176,0,0,0,0,0,0,0
9604257,2,1,1,1,2,0,0
209364,0,0,0,0,0,0,0
9403363,3,3,0,0,3,0,0
7174,1,1,0,0,0,1,1
9912472,2,2,0,0,0,2,4
104053,3,3,0,0,0,3,11
9807419,0,0,0,0,0,0,0
9210,0,0,0,0,0,0,0
9901353,0,0,0,0,0,0,0
206137,3,1,2,2,0,3,49
207133,2,2,0,0,0,2,18
9711430,3,3,0,0,3,0,0
9805290,1,1,0,0,1,0,0
9901369,4,4,0,0,0,4,25
210013,0,0,0,0,0,0,0
2121,0,0,0,0,0,0,0
9610332,2,2,0,0,0,2,8
9512247,0,0,0,0,0,0,0
207201,1,1,0,0,1,0,0
9710343,1,1,0,0,0,1,1
9603387,3,2,1,1,2,1,1
9901313,1,1,0,0,0,1,6
7283,2,1,1,1,0,2,4
11375,5,1,4,10,0,5,16
208046,2,1,1,1,0,2,9
5115,4,4,0,0,0,4,10
8033,4,1,3,4,4,0,0
9808212,0,0,0,0,0,0,0
112197,2,2,0,0,0,2,6
9811264,2,2,0,0,2,0,0
212062,0,0,0,0,0,0,0
9402212,0,0,0,0,0,0,0
8225,0,0,0,0,0,0,0
6299,3,1,2,2,0,3,15
207196,2,2,0,0,0,2,9
211019,2,1,1,1,0,2,4
9605227,4,1,3,6,1,3,6
211150,0,0,0,0,0,0,0
206199,0,0,0,0,0,0,0
9505354,1,1,0,0,1,0,0
9809502,0,0,0,0,0,0,0
9611431,0,0,0,0,0,0,0
209199,0,0,0,0,0,0,0
102185,1,1,0,0,0,1,1
206155,1,1,0,0,0,1,2
3110,0,0,0,0,0,0,0
105107,4,3,1,1,0,4,11
9411318,3,1,2,2,3,0,0
9611421,0,0,0,0,0,0,0
105275,0,0,0,0,0,0,0
111146,2,1,1,1,0,2,3
9906392,1,1,0,0,0,1,17
3053,1,1,0,0,0,1,8
5010,0,0,0,0,0,0,0
202204,4,2,2,2,0,4,37
9307218,1,1,0,0,1,0,0
212076,1,1,0,0,0,1,12
7325,6,1,5,10,0,6,32
9406344,1,1,0,0,0,1,2
9808484,0,0,0,0,0,0,0
9706310,2,2,0,0,0,2,27
9210245,5,3,2,2,5,0,0
9401233,2,2,0,0,2,0,0
108243,6,2,4,13,1,5,9
9211244,1,1,0,0,1,0,0
9611330,0,0,0,0,0,0,0
9506241,3,1,2,2,3,0,0
9602278,1,1,0,0,1,0,0
9912487,0,0,0,0,0,0,0
12209,3,2,1,2,1,2,2
205347,0,0,0,0,0,0,0
9504223,0,0,0,0,0,0,0
9812406,1,1,0,0,0,1,3
110389,0,0,0,0,0,0,0
109232,1,1,0,0,0,1,4
9706361,0,0,0,0,0,0,0
9603293,0,0,0,0,0,0,0
9812515,0,0,0,0,0,0,0
9803435,2,1,1,1,2,0,0
9802309,0,0,0,0,0,0,0
205186,0,0,0,0,0,0,0
106179,1,1,0,0,0,1,9
9510263,2,2,0,0,2,0,0
104102,1,1,0,0,0,1,1
9402269,0,0,0,0,0,0,0
9911493,4,2,2,3,0,4,4
9803355,1,1,0,0,0,1,3
9910329,1,1,0,0,0,1,3
9803444,0,0,0,0,0,0,0
206276,0,0,0,0,0,0,0
206299,0,0,0,0,0,0,0
6088,1,1,0,0,0,1,2
9801228,0,0,0,0,0,0,0
210057,1,1,0,0,1,0,0
212402,0,0,0,0,0,0,0
9211319,1,1,0,0,1,0,0
8149,0,0,0,0,0,0,0
9912528,0,0,0,0,0,0,0
111260,1,1,0,0,1,0,0
209278,0,0,0,0,0,0,0
9403332,2,2,0,0,0,2,5
9712536,0,0,0,0,0,0,0
9505280,1,1,0,0,0,1,2
6305,0,0,0,0,0,0,0
205029,2,1,1,1,0,2,4
205124,0,0,0,0,0,0,0
9807520,2,1,1,1,2,0,0
9812210,1,1,0,0,1,0,0
108184,0,0,0,0,0,0,0
202182,0,0,0,0,0,0,0
1323,1,1,0,0,0,1,1
9502394,1,1,0,0,1,0,0
206185,1,1,0,0,1,0,0
201311,1,1,0,0,0,1,4
9206209,4,3,1,1,4,0,0
6264,1,1,0,0,0,1,3
3267,0,0,0,0,0,0,0
9610305,2,1,1,1,2,0,0
9506257,1,1,0,0,1,0,0
9805322,1,1,0,0,1,0,0
211402,0,0,0,0,0,0,0
9610511,0,0,0,0,0,0,0
9905360,1,1,0,0,0,1,2
211225,0,0,0,0,0,0,0
208066,1,1,0,0,0,1,4
210306,0,0,0,0,0,0,0
1147,2,1,1,1,0,2,7
9910264,0,0,0,0,0,0,0
9810346,0,0,0,0,0,0,0
204111,2,2,0,0,0,2,7
9810460,0,0,0,0,0,0,0
202096,0,0,0,0,0,0,0
9910397,1,1,0,0,0,1,1
9912291,0,0,0,0,0,0,0
9906541,0,0,0,0,0,0,0
208247,1,1,0,0,0,1,2
107021,0,0,0,0,0,0,0
9701326,1,1,0,0,1,0,0
301051,0,0,0,0,0,0,0
9907573,2,2,0,0,2,0,0
201033,1,1,0,0,0,1,6
9607460,0,0,0,0,0,0,0
206118,0,0,0,0,0,0,0
301077,0,0,0,0,0,0,0
301267,0,0,0,0,0,0,0
201223,0,0,0,0,0,0,0
9404297,0,0,0,0,0,0,0
111343,1,1,0,0,0,1,3
9802274,1,1,0,0,0,1,1
209375,0,0,0,0,0,0,0
301032,0,0,0,0,0,0,0
205078,1,1,0,0,0,1,2
9510438,2,2,0,0,2,0,0
111322,3,1,2,3,0,3,9
9601339,2,2,0,0,0,2,6
9602345,0,0,0,0,0,0,0
105209,1,1,0,0,0,1,2
9602434,1,1,0,0,0,1,1
9506216,1,1,0,0,1,0,0
111143,0,0,0,0,0,0,0
7210,3,2,1,1,1,2,3
9701362,0,0,0,0,0,0,0
9408375,3,3,0,0,3,0,0
208192,1,1,0,0,0,1,3
209133,0,0,0,0,0,0,0
206182,0,0,0,0,0,0,0
9810238,1,1,0,0,0,1,1
203083,2,2,0,0,0,2,6
9805324,3,2,1,2,0,3,3
203240,2,2,0,0,0,2,7
9410202,0,0,0,0,0,0,0
9910443,1,1,0,0,1,0,0
9912244,0,0,0,0,0,0,0
4055,2,1,1,1,2,0,0
209320,0,0,0,0,0,0,0
9410348,2,1,1,1,2,0,0
9802434,0,0,0,0,0,0,0
102250,1,1,0,0,0,1,4
9804427,0,0,0,0,0,0,0
207168,1,1,0,0,0,1,1
9506308,0,0,0,0,0,0,0
9602346,1,1,0,0,0,1,1
9903493,2,2,0,0,0,2,9
208013,0,0,0,0,0,0,0
7149,2,2,0,0,2,0,0
207189,0,0,0,0,0,0,0
9809383,0,0,0,0,0,0,0
212311,0,0,0,0,0,0,0
109203,1,1,0,0,1,0,0
9405319,0,0,0,0,0,0,0
108053,1,1,0,0,1,0,0
7205,2,2,0,0,1,1,2
9705317,0,0,0,0,0,0,0
7146,0,0,0,0,0,0,0
9512221,1,1,0,0,1,0,0
9503471,1,1,0,0,0,1,1
212371,0,0,0,0,0,0,0
9504207,0,0,0,0,0,0,0
9810251,2,2,0,0,2,0,0
9610234,0,0,0,0,0,0,0
9908491,0,0,0,0,0,0,0
9405367,1,1,0,0,1,0,0
103141,0,0,0,0,0,0,0
209104,0,0,0,0,0,0,0
9812307,2,1,1,1,2,0,0
10045,0,0,0,0,0,0,0
9505256,0,0,0,0,0,0,0
9501401,0,0,0,0,0,0,0
101218,0,0,0,0,0,0,0
9611395,0,0,0,0,0,0,0
9703462,0,0,0,0,0,0,0
12267,3,1,2,3,0,3,9
10059,3,1,2,3,1,2,5
212319,0,0,0,0,0,0,0
207273,3,3,0,0,0,3,73
9909483,0,0,0,0,0,0,0
9912256,0,0,0,0,0,0,0
9705291,1,1,0,0,1,0,0
212187,0,0,0,0,0,0,0
9707414,0,0,0,0,0,0,0
9609346,1,1,0,0,0,1,8
3027,0,0,0,0,0,0,0
9312224,2,2,0,0,2,0,0
204197,0,0,0,0,0,0,0
9708202,0,0,0,0,0,0,0
102148,0,0,0,0,0,0,0
9601202,0,0,0,0,0,0,0
9809457,1,1,0,0,1,0,0
9605254,0,0,0,0,0,0,0
9406380,1,1,0,0,0,1,1
209299,0,0,0,0,0,0,0
210273,0,0,0,0,0,0,0
9811319,0,0,0,0,0,0,0
210361,0,0,0,0,0,0,0
9906382,1,1,0,0,0,1,1
212383,0,0,0,0,0,0,0
9502231,0,0,0,0,0,0,0
212201,0,0,0,0,0,0,0
210213,1,1,0,0,0,1,6
9506312,0,0,0,0,0,0,0
107267,2,1,1,1,0,2,16
12010,0,0,0,0,0,0,0
104241,0,0,0,0,0,0,0
302079,0,0,0,0,0,0,0
9811374,0,0,0,0,0,0,0
9305210,0,0,0,0,0,0,0
206279,3,2,1,1,0,3,85
106145,0,0,0,0,0,0,0
203257,2,2,0,0,0,2,3
9501207,1,1,0,0,1,0,0
9508333,0,0,0,0,0,0,0
111250,0,0,0,0,0,0,0
210395,0,0,0,0,0,0,0
9811305,1,1,0,0,0,1,1
9706282,0,0,0,0,0,0,0
3329,0,0,0,0,0,0,0
301226,0,0,0,0,0,0,0
9611240,0,0,0,0,0,0,0
9910378,0,0,0,0,0,0,0
9307229,0,0,0,0,0,0,0
4164,0,0,0,0,0,0,0
9508388,1,1,0,0,1,0,0
9407272,2,2,0,0,2,0,0
201138,1,1,0,0,0,1,1
302046,0,0,0,0,0,0,0
9511230,0,0,0,0,0,0,0
9089,0,0,0,0,0,0,0
9804447,0,0,0,0,0,0,0
210419,0,0,0,0,0,0,0
9905234,0,0,0,0,0,0,0
204116,0,0,0,0,0,0,0
208172,0,0,0,0,0,0,0
9907541,0,0,0,0,0,0,0
10052,0,0,0,0,0,0,0
9607391,1,1,0,0,1,0,0
206277,1,1,0,0,0,1,7
111352,0,0,0,0,0,0,0
12126,2,1,1,1,2,0,0
11367,0,0,0,0,0,0,0
9311334,0,0,0,0,0,0,0
112196,0,0,0,0,0,0,0
9507290,2,2,0,0,2,0,0
11079,0,0,0,0,0,0,0
112183,0,0,0,0,0,0,0
211106,0,0,0,0,0,0,0
9910549,0,0,0,0,0,0,0
212114,0,0,0,0,0,0,0
9701239,0,0,0,0,0,0,0
110298,0,0,0,0,0,0,0
211249,0,0,0,0,0,0,0
9707306,0,0,0,0,0,0,0
9402312,0,0,0,0,0,0,0
208183,0,0,0,0,0,0,0
9602231,0,0,0,0,0,0,0
211089,0,0,0,0,0,0,0
211099,0,0,0,0,0,0,0
201096,0,0,0,0,0,0,0
3244,1,1,0,0,0,1,11
9702213,0,0,0,0,0,0,0
9907236,0,0,0,0,0,0,0
9405365,1,1,0,0,1,0,0
212198,0,0,0,0,0,0,0
9402357,1,1,0,0,1,0,0
112224,0,0,0,0,0,0,0
6048,0,0,0,0,0,0,0
210148,0,0,0,0,0,0,0
212034,0,0,0,0,0,0,0
9601341,1,1,0,0,1,0,0
9509338,1,1,0,0,1,0,0
211317,0,0,0,0,0,0,0
301273,0,0,0,0,0,0,0
9407377,0,0,0,0,0,0,0
9711341,1,1,0,0,0,1,2
209170,0,0,0,0,0,0,0
103035,1,1,0,0,1,0,0
110054,0,0,0,0,0,0,0
110234,0,0,0,0,0,0,0
7029,0,0,0,0,0,0,0
202267,0,0,0,0,0,0,0
9507272,0,0,0,0,0,0,0
9302218,0,0,0,0,0,0,0
11010,1,1,0,0,1,0,0
9344,0,0,0,0,0,0,0
9612474,1,1,0,0,0,1,1
9311362,0,0,0,0,0,0,0
11171,0,0,0,0,0,0,0
9604350,0,0,0,0,0,0,0
9604346,0,0,0,0,0,0,0
9604415,1,1,0,0,1,0,0
110130,0,0,0,0,0,0,0
1014,0,0,0,0,0,0,0
9802337,1,1,0,0,1,0,0
9603407,0,0,0,0,0,0,0
2111,0,0,0,0,0,0,0
9608228,0,0,0,0,0,0,0
302050,0,0,0,0,0,0,0
9806464,1,1,0,0,0,1,2
205193,0,0,0,0,0,0,0
9711465,0,0,0,0,0,0,0
104171,0,0,0,0,0,0,0
201196,0,0,0,0,0,0,0
212216,0,0,0,0,0,0,0
9912316,0,0,0,0,0,0,0
9905207,0,0,0,0,0,0,0
110024,0,0,0,0,0,0,0
9509425,0,0,0,0,0,0,0
9801310,0,0,0,0,0,0,0
9709253,0,0,0,0,0,0,0
107323,0,0,0,0,0,0,0
9611447,0,0,0,0,0,0,0
301215,0,0,0,0,0,0,0
9408335,0,0,0,0,0,0,0
2244,0,0,0,0,0,0,0
5002,0,0,0,0,0,0,0
211295,0,0,0,0,0,0,0
9907534,0,0,0,0,0,0,0
9912401,0,0,0,0,0,0,0
211383,0,0,0,0,0,0,0
212128,0,0,0,0,0,0,0
9510379,0,0,0,0,0,0,0
212247,0,0,0,0,0,0,0
9801421,1,1,0,0,1,0,0
211456,0,0,0,0,0,0,0
109070,0,0,0,0,0,0,0
9802233,0,0,0,0,0,0,0
9412306,1,1,0,0,1,0,0
9403247,0,0,0,0,0,0,0
9207248,1,1,0,0,1,0,0
9611408,0,0,0,0,0,0,0
111372,0,0,0,0,0,0,0
9704296,6,5,1,1,1,5,14
6001,38,2,36,186,0,38,236
103197,4,2,2,3,0,4,7
9405274,2,2,0,0,1,1,1
9812246,3,2,1,1,0,3,10
103338,2,1,1,1,2,0,0
9705388,10,2,8,31,0,10,11
11112,6,1,5,6,0,6,34
9805254,43,5,38,160,0,43,174
9309322,1,1,0,0,1,0,0
9705340,3,2,1,1,0,3,10
102263,0,0,0,0,0,0,0
9502370,4,2,2,3,4,0,0
9610457,0,0,0,0,0,0,0
9411260,11,3,8,22,0,11,25
9311326,13,3,10,29,13,0,0
9708483,63,1,62,420,37,26,50
9607437,52,2,50,456,27,25,31
9910516,4,1,3,3,0,4,41
9912457,42,3,39,218,0,42,259
9909249,12,3,9,17,0,12,214
9903308,56,5,51,359,47,9,9
9311307,6,2,4,5,0,6,7
9306333,58,3,55,446,58,0,0
9807479,12,1,11,32,3,9,26
9805427,23,4,19,79,0,23,142
9805219,10,3,7,11,1,9,9
9302212,9,1,8,16,9,0,0
9703261,5,2,3,5,0,5,7
9412208,42,2,40,179,7,35,61
9802292,3,2,1,1,0,3,22
9311340,17,4,13,28,1,16,31
12197,7,1,6,10,2,5,11
9712225,71,2,69,647,1,70,329
1088,13,1,12,34,0,13,211
9912513,19,4,15,50,0,19,61
9507378,141,6,135,1774,2,139,282
9702299,17,5,12,26,0,17,100
9712499,14,2,12,39,0,14,208
9206262,23,5,18,75,23,0,0
7054,5,1,4,7,0,5,80
10073,2,2,0,0,0,2,8
10024,2,2,0,0,0,2,4
9703442,6,1,5,5,1,5,27
9709288,25,2,23,100,0,25,93
9903507,9,3,6,15,0,9,46
9405352,52,3,49,339,52,0,0
9804456,4,1,3,4,0,4,15
9707416,1,1,0,0,0,1,4
9606447,3,3,0,0,0,3,14
9404201,36,1,35,247,4,32,64
9710334,11,3,8,12,1,10,10
9706297,21,3,18,60,1,20,47
9409265,22,1,21,114,5,17,41
9610209,83,1,82,935,83,0,0
9605357,51,1,50,388,31,20,20
9602363,20,5,15,51,10,10,10
9409291,10,7,3,6,10,0,0
9703360,6,3,3,7,0,6,17
9206246,10,1,9,22,10,0,0
9802426,14,6,8,26,0,14,32
9711287,66,5,61,608,14,52,109
9505397,22,5,17,46,0,22,199
9610425,19,3,16,61,0,19,130
9401226,40,4,36,135,3,37,252
9210242,20,4,16,54,20,0,0
9401214,26,3,23,101,14,12,12
106176,6,2,4,8,0,6,18
9605213,23,3,20,55,7,16,26
9407313,1,1,0,0,1,0,0
9405240,14,4,10,28,5,9,9
101168,0,0,0,0,0,0,0
9902268,7,2,5,8,1,6,17
9909482,17,6,11,47,0,17,100
9805485,6,1,5,8,3,3,4
9605323,46,9,37,264,6,40,153
9511386,14,2,12,28,8,6,6
4207,23,1,22,81,0,23,303
9903503,74,3,71,794,0,74,383
9206241,28,6,22,80,28,0,0
106110,3,2,1,1,0,3,18
9173,13,4,9,14,0,13,230
204193,11,1,10,40,1,10,26
9608277,17,2,15,40,9,8,8
9712234,14,1,13,49,2,12,35
9811202,72,3,69,634,2,70,331
5031,13,4,9,21,0,13,64
9207245,15,2,13,42,15,0,0
9311335,4,3,1,1,4,0,0
9311248,16,5,11,29,8,8,8
9612460,0,0,0,0,0,0,0
9707364,59,3,56,428,1,58,288
9905220,34,7,27,88,12,22,30
9809426,11,3,8,19,0,11,41
9708437,9,4,5,7,0,9,107
9610250,5,3,2,2,1,4,16
9507228,8,5,3,12,1,7,14
9906300,1,1,0,0,0,1,9
111058,37,1,36,173,1,36,202
9205233,13,3,10,27,13,0,0
9609307,10,1,9,16,0,10,42
2141,13,4,9,30,0,13,82
1043,0,0,0,0,0,0,0
9401209,11,2,9,38,0,11,60
9706509,44,5,39,201,1,43,177
9607292,17,1,16,59,17,0,0
110252,5,3,2,2,0,5,36
106189,21,1,20,86,0,21,88
9608275,12,2,10,21,0,12,90
9812229,40,2,38,177,5,35,107
108191,13,2,11,17,0,13,80
8012,6,2,4,6,1,5,21
9903277,5,5,0,0,0,5,15
9606361,1,1,0,0,1,0,0
9707363,6,2,4,5,0,6,8
9809552,5,1,4,5,1,4,12
9709450,5,3,2,4,0,5,27
9410304,16,2,14,38,6,10,10
9412327,21,3,18,71,21,0,0
6122,5,2,3,4,0,5,23
9903400,41,2,39,264,0,41,323
9904432,8,2,6,11,0,8,140
9903246,36,5,31,143,2,34,289
101304,33,2,31,182,0,33,477
208096,7,1,6,11,0,7,37
9301241,4,1,3,3,4,0,0
111069,19,1,18,101,0,19,136
9703449,58,1,57,448,5,53,122
9301211,12,3,9,14,12,0,0
9903475,41,2,39,365,0,41,651
9302220,2,2,0,0,1,1,3
9411241,14,3,11,25,4,10,22
9501395,13,2,11,27,3,10,15
5104,19,6,13,35,3,16,86
9912417,6,2,4,11,0,6,11
9307252,7,4,3,3,7,0,0
11360,3,1,2,2,0,3,14
9303241,33,2,31,142,20,13,13
9909297,18,7,11,45,0,18,206
9211286,12,7,5,15,10,2,2
9806358,18,11,7,10,0,18,38
9402283,48,4,44,210,48,0,0
9403401,41,2,39,230,3,38,71
9505379,50,4,46,217,0,50,278
9708306,18,2,16,76,5,13,13
103326,1,1,0,0,0,1,2
9406399,4,1,3,5,4,0,0
3178,8,3,5,10,0,8,89
9903211,16,1,15,56,0,16,24
9403397,14,5,9,15,0,14,68
9903474,15,1,14,44,0,15,153
9802256,1,1,0,0,0,1,3
9709289,10,1,9,28,10,0,0
9508243,5,1,4,8,5,0,0
9910464,10,3,7,14,0,10,53
9907509,21,3,18,54,0,21,164
2250,17,2,15,47,0,17,152
9711324,7,5,2,2,0,7,12
9401312,28,5,23,81,19,9,9
7068,13,2,11,19,0,13,82
9708335,23,7,16,64,0,23,98
9608399,4,1,3,5,0,4,21
9806345,9,4,5,9,1,8,32
9402318,13,4,9,24,5,8,11
9407208,3,3,0,0,0,3,16
9403347,9,3,6,10,9,0,0
9503266,15,3,12,49,15,0,0
9303268,8,1,7,17,8,0,0
9507321,10,3,7,20,0,10,61
9702223,2,2,0,0,0,2,20
9810500,14,3,11,34,0,14,122
9809500,5,2,3,4,0,5,24
9709246,2,2,0,0,0,2,4
9512407,18,2,16,58,18,0,0
9709286,15,1,14,60,0,15,273
9703433,35,2,33,213,0,35,153
104246,1,1,0,0,0,1,10
9605430,4,4,0,0,4,0,0
9904450,6,1,5,9,0,6,20
3038,3,3,0,0,0,3,8
9709483,8,1,7,16,0,8,30
9708301,1,1,0,0,1,0,0
3139,4,3,1,1,0,4,19
9406258,31,1,30,187,5,26,26
9612282,2,2,0,0,0,2,23
9807557,5,2,3,5,0,5,31
112110,19,3,16,76,8,11,15
9195,10,2,8,18,0,10,106
9210253,66,3,63,311,66,0,0
9605229,24,2,22,101,0,24,143
9205240,13,8,5,11,13,0,0
110203,2,1,1,1,0,2,8
9810301,3,3,0,0,0,3,11
9910348,7,4,3,6,0,7,45
4039,2,1,1,1,0,2,3
9412336,6,2,4,6,6,0,0
6025,2,1,1,1,0,2,4
9807565,8,5,3,4,4,4,8
9511300,4,3,1,2,4,0,0
9804297,6,4,2,2,0,6,20
9904448,13,3,10,50,0,13,54
9610272,5,4,1,1,1,4,10
9501318,24,2,22,102,9,15,19
9301280,10,2,8,24,10,0,0
9503217,5,2,3,4,0,5,7
9703397,4,2,2,2,0,4,4
9807350,14,1,13,40,14,0,0
9508397,7,2,5,8,1,6,13
112228,2,2,0,0,2,0,0
206310,4,2,2,2,0,4,26
6016,2,1,1,1,0,2,5
9907469,14,2,12,29,3,11,49
9707347,13,2,11,35,0,13,18
108013,0,0,0,0,0,0,0
11160,12,3,9,18,0,12,45
9601261,2,2,0,0,0,2,3
9802219,3,1,2,2,0,3,5
9603337,0,0,0,0,0,0,0
9906396,3,2,1,1,1,2,3
9908252,6,3,3,3,3,3,6
9602246,18,5,13,25,1,17,54
9409202,3,1,2,3,1,2,2
9402362,13,1,12,27,13,0,0
9607272,8,4,4,6,0,8,8
110115,4,3,1,1,0,4,15
9409444,7,3,4,10,7,0,0
9505262,22,1,21,84,6,16,25
9603335,12,5,7,12,0,12,48
9705234,42,1,41,296,3,39,191
2229,12,3,9,21,1,11,42
9609337,2,1,1,1,0,2,10
9093,3,3,0,0,0,3,29
4208,22,4,18,71,0,22,195
9506347,13,1,12,26,8,5,5
9803356,17,4,13,37,0,17,59
9905478,2,1,1,1,2,0,0
9908333,8,1,7,16,0,8,27
9807299,2,1,1,1,0,2,5
9612413,13,3,10,31,1,12,20
9812525,12,3,9,16,4,8,24
209258,3,0,3,3,0,3,5
9512398,5,1,4,7,1,4,9
9906435,3,2,1,1,0,3,34
103322,5,2,3,3,0,5,19
9812225,1,1,0,0,1,0,0
103235,14,5,9,38,0,14,32
9310365,57,1,56,397,4,53,196
9605233,3,1,2,2,0,3,13
9911419,1,1,0,0,0,1,1
9612479,2,1,1,1,2,0,0
9507240,29,5,24,135,0,29,93
9710286,11,1,10,22,0,11,65
1194,3,2,1,1,0,3,5
9511361,1,1,0,0,0,1,3
9507352,3,3,0,0,0,3,10
9704359,9,6,3,5,0,9,27
9309231,5,2,3,4,0,5,21
10195,13,3,10,25,0,13,103
9710465,9,3,6,9,0,9,37
1130,5,3,2,3,0,5,24
9804323,2,1,1,1,0,2,2
9503455,1,1,0,0,0,1,1
105188,8,2,6,14,3,5,5
9708216,7,1,6,7,1,6,6
102091,2,2,0,0,0,2,12
108120,24,1,23,94,0,24,264
9411378,1,1,0,0,0,1,5
103007,4,1,3,5,0,4,39
12046,3,1,2,3,0,3,12
103251,8,2,6,10,1,7,28
9608402,1,1,0,0,0,1,3
203244,8,3,5,9,0,8,51
9712445,8,1,7,11,0,8,32
9707253,1,1,0,0,0,1,1
9603391,1,1,0,0,0,1,2
9610310,9,1,8,14,1,8,12
110158,11,1,10,22,0,11,214
9610217,22,3,19,100,14,8,8
8035,1,1,0,0,0,1,6
302124,0,0,0,0,0,0,0
111245,10,1,9,22,0,10,138
9612237,16,2,14,43,0,16,119
9712269,6,2,4,5,0,6,6
9503207,3,1,2,3,3,0,0
9805446,4,1,3,5,2,2,4
9908433,16,5,11,24,6,10,70
9707226,2,2,0,0,0,2,5
9605351,2,2,0,0,0,2,12
9307320,12,7,5,9,0,12,18
212043,0,0,0,0,0,0,0
9712253,6,2,4,7,0,6,20
9811509,13,1,12,29,13,0,0
10205,19,1,18,111,0,19,130
9403241,3,2,1,2,3,0,0
9504261,1,1,0,0,1,0,0
9803334,4,1,3,3,0,4,4
9809489,6,4,2,3,0,6,25
9209276,14,1,13,49,14,0,0
5324,2,2,0,0,0,2,5
9907298,2,2,0,0,0,2,5
9610397,3,1,2,3,0,3,11
9812202,9,3,6,18,0,9,88
9805452,3,2,1,1,0,3,8
9805245,9,2,7,10,0,9,25
9310306,5,3,2,2,3,2,2
9805508,2,1,1,1,2,0,0
2204,5,2,3,6,2,3,3
9606237,13,3,10,49,1,12,12
109181,9,2,7,15,0,9,37
201210,3,1,2,2,2,1,1
101040,1,1,0,0,0,1,1
9804451,17,3,14,50,0,17,64
101344,2,2,0,0,0,2,26
2242,4,2,2,2,0,4,12
112223,0,0,0,0,0,0,0
106082,2,2,0,0,0,2,14
9705255,2,2,0,0,1,1,1
9609233,13,4,9,21,0,13,24
7127,2,1,1,1,0,2,7
9704291,3,2,1,1,0,3,13
9807289,1,1,0,0,0,1,2
9512235,1,1,0,0,0,1,2
9805382,0,0,0,0,0,0,0
1090,5,2,3,8,0,5,19
9908257,10,2,8,14,0,10,25
9712313,0,0,0,0,0,0,0
110355,0,0,0,0,0,0,0
9802362,15,1,14,45,4,11,11
110029,3,2,1,1,0,3,23
9905380,1,1,0,0,0,1,3
9512279,1,1,0,0,1,0,0
9707298,5,4,1,1,0,5,21
9803245,6,2,4,6,0,6,23
9803266,21,4,17,36,0,21,122
9309301,2,2,0,0,0,2,5
9410267,12,3,9,19,12,0,0
108009,6,1,5,10,2,4,4
208139,1,1,0,0,0,1,3
9708283,4,2,2,2,0,4,15
9712516,5,1,4,6,0,5,23
9411363,1,1,0,0,0,1,3
9407341,3,2,1,1,3,0,0
111157,7,3,4,5,0,7,109
9703334,2,2,0,0,2,0,0
1145,3,3,0,0,0,3,5
9606316,1,1,0,0,0,1,5
111436,1,1,0,0,0,1,1
8091,7,3,4,6,0,7,41
107206,16,5,11,41,0,16,155
208268,2,1,1,1,0,2,28
110136,3,1,2,3,0,3,28
9903353,0,0,0,0,0,0,0
9907409,16,5,11,20,0,16,98
9802352,13,1,12,39,0,13,79
9711417,0,0,0,0,0,0,0
203180,2,2,0,0,1,1,1
9207266,7,3,4,6,7,0,0
9812379,1,1,0,0,0,1,2
9412390,4,1,3,5,4,0,0
9607428,11,4,7,16,1,10,12
9407303,8,2,6,17,8,0,0
6284,0,0,0,0,0,0,0
110328,1,1,0,0,0,1,2
9406306,3,2,1,1,1,2,3
9902244,1,1,0,0,0,1,8
109103,3,1,2,2,0,3,20
9903291,5,3,2,2,1,4,9
9811346,6,4,2,3,0,6,27
9906484,1,1,0,0,0,1,2
9611244,10,1,9,17,1,9,16
101017,1,1,0,0,0,1,5
9508403,19,2,17,30,19,0,0
9811224,12,2,10,21,1,11,15
7157,10,2,8,15,0,10,175
9710317,17,7,10,18,0,17,62
206038,11,1,10,22,0,11,74
107060,5,2,3,3,0,5,39
9708448,6,1,5,9,3,3,5
9904507,9,1,8,22,0,9,73
10148,20,2,18,58,7,13,16
209017,1,1,0,0,0,1,3
202247,5,3,2,3,0,5,28
104256,4,2,2,5,0,4,27
102164,2,1,1,1,1,1,1
206104,1,1,0,0,1,0,0
9609369,4,1,3,3,4,0,0
9603325,5,1,4,7,5,0,0
9904409,10,3,7,18,0,10,41
9511325,2,2,0,0,0,2,2
111309,1,1,0,0,0,1,5
108252,4,2,2,2,0,4,17
5197,9,1,8,27,9,0,0
6143,1,1,0,0,0,1,3
103163,12,2,10,27,0,12,48
106266,2,1,1,1,0,2,2
9808379,12,2,10,46,0,12,38
4206,4,2,2,3,0,4,23
108018,3,2,1,1,2,1,1
110155,3,2,1,1,0,3,90
9905498,4,4,0,0,1,3,3
9305283,6,5,1,3,6,0,0
9903245,8,1,7,15,0,8,83
9503222,3,1,2,3,3,0,0
9604448,2,1,1,1,2,0,0
9809259,0,0,0,0,0,0,0
9406411,0,0,0,0,0,0,0
201219,8,4,4,7,1,7,67
9801387,4,1,3,5,0,4,29
9503304,2,1,1,1,0,2,4
12141,0,0,0,0,0,0,0
9411212,0,0,0,0,0,0,0
208078,7,5,2,2,0,7,60
10130,5,2,3,3,0,5,8
9909428,2,2,0,0,0,2,3
9606320,4,1,3,4,1,3,3
9509297,3,2,1,2,1,2,2
110164,1,1,0,0,0,1,7
101181,1,1,0,0,0,1,5
9607454,7,1,6,14,7,0,0
109139,3,3,0,0,0,3,23
207219,2,1,1,1,0,2,11
9809524,14,3,11,40,1,13,27
9303262,2,1,1,1,2,0,0
9506471,3,1,2,2,1,2,6
9801447,4,2,2,2,0,4,15
9910415,4,2,2,2,0,4,42
9809480,7,1,6,17,7,0,0
9609302,2,1,1,1,0,2,2
9712443,2,2,0,0,0,2,4
9906202,2,1,1,1,0,2,4
9511225,2,1,1,1,2,0,0
9411329,3,2,1,1,0,3,9
9702351,1,1,0,0,0,1,3
6293,1,1,0,0,0,1,16
9311264,7,5,2,4,7,0,0
9511459,2,2,0,0,0,2,2
9805489,1,1,0,0,0,1,2
9802331,1,1,0,0,0,1,8
9902418,3,2,1,1,3,0,0
9504229,14,5,9,17,10,4,4
9409358,2,1,1,1,2,0,0
9308244,2,1,1,1,2,0,0
9903340,8,3,5,8,0,8,56
9901426,2,2,0,0,0,2,11
9606389,4,2,2,2,0,4,17
9504423,4,1,3,3,0,4,8
9705411,6,3,3,4,1,5,12
9510338,2,1,1,1,2,0,0
112069,1,1,0,0,0,1,1
9804219,3,3,0,0,1,2,3
111138,6,2,4,9,0,6,21
4006,0,0,0,0,0,0,0
9902269,1,1,0,0,1,0,0
9509234,2,2,0,0,0,2,2
9707434,2,1,1,1,2,0,0
9605404,3,1,2,3,0,3,4
9905388,2,1,1,1,0,2,7
206241,8,6,2,3,0,8,140
9904443,0,0,0,0,0,0,0
9910560,8,2,6,7,0,8,12
9605400,2,1,1,1,0,2,3
9411417,1,1,0,0,1,0,0
9610333,1,1,0,0,0,1,11
112106,1,1,0,0,0,1,4
9901378,0,0,0,0,0,0,0
105104,6,4,2,3,1,5,27
2172,1,1,0,0,1,0,0
112172,3,3,0,0,0,3,35
103039,8,7,1,1,0,8,49
206110,5,2,3,6,0,5,58
9807568,0,0,0,0,0,0,0
9502211,2,2,0,0,0,2,9
205027,0,0,0,0,0,0,0
9502345,1,1,0,0,0,1,2
9401319,8,4,4,6,8,0,0
9904444,6,2,4,8,0,6,29
8079,9,1,8,22,9,0,0
9805323,2,1,1,1,0,2,22
9502293,9,2,7,12,1,8,21
204330,2,1,1,1,0,2,15
105281,2,1,1,1,0,2,8
9801346,4,2,2,3,2,2,2
8044,13,1,12,56,0,13,83
9602274,16,3,13,56,16,0,0
9702403,5,1,4,4,0,5,7
8183,0,0,0,0,0,0,0
9811278,2,2,0,0,0,2,6
9811446,1,1,0,0,1,0,0
9907557,2,2,0,0,0,2,6
9702278,6,4,2,2,0,6,12
9710420,2,1,1,1,2,0,0
103015,3,1,2,3,0,3,6
104048,3,2,1,1,0,3,20
201170,4,3,1,1,0,4,13
9503430,6,2,4,8,6,0,0
9803230,1,1,0,0,0,1,13
9307305,1,1,0,0,1,0,0
206086,1,1,0,0,0,1,4
9809478,1,1,0,0,0,1,6
9812495,9,5,4,16,0,9,51
204354,1,1,0,0,0,1,2
9412236,4,4,0,0,4,0,0
9907205,3,2,1,1,0,3,14
111117,1,1,0,0,1,0,0
9408216,7,3,4,5,7,0,0
11228,2,2,0,0,2,0,0
9912350,0,0,0,0,0,0,0
9911353,1,1,0,0,0,1,8
9512219,1,1,0,0,1,0,0
10134,3,1,2,2,1,2,2
9610365,2,1,1,1,2,0,0
9809298,0,0,0,0,0,0,0
5029,7,1,6,15,7,0,0
109174,6,2,4,5,0,6,54
201086,5,4,1,1,5,0,0
9709476,1,1,0,0,0,1,2
4067,3,2,1,1,0,3,9
4136,8,3,5,13,0,8,8
5238,2,1,1,1,0,2,11
208223,1,1,0,0,0,1,3
9304283,10,3,7,20,10,0,0
9601225,1,1,0,0,0,1,1
4153,4,2,2,2,4,0,0
9505432,4,3,1,1,1,3,3
208154,0,0,0,0,0,0,0
106152,0,0,0,0,0,0,0
12241,12,3,9,26,0,12,52
9509343,6,5,1,1,6,0,0
205269,4,3,1,1,0,4,36
9609379,3,3,0,0,0,3,8
8070,2,2,0,0,0,2,24
9502266,5,1,4,7,5,0,0
9605403,0,0,0,0,0,0,0
8063,1,1,0,0,0,1,3
211178,0,0,0,0,0,0,0
11398,2,1,1,1,0,2,4
9707374,2,2,0,0,1,1,5
7242,1,1,0,0,0,1,1
105330,3,1,2,2,0,3,6
9307224,1,1,0,0,1,0,0
9802419,14,6,8,21,0,14,126
205172,2,1,1,1,1,1,2
9806239,5,2,3,3,0,5,19
9909312,0,0,0,0,0,0,0
301176,0,0,0,0,0,0,0
9905394,1,1,0,0,0,1,3
11274,3,1,2,2,1,2,3
10209,1,1,0,0,0,1,2
9908228,3,2,1,1,0,3,12
8326,2,2,0,0,0,2,2
210425,0,0,0,0,0,0,0
9409357,2,2,0,0,2,0,0
9507221,1,1,0,0,1,0,0
9503282,8,1,7,14,0,8,26
9304306,1,1,0,0,1,0,0
111331,0,0,0,0,0,0,0
9211213,2,2,0,0,2,0,0
7232,3,2,1,1,0,3,31
9712407,2,2,0,0,2,0,0
9707405,0,0,0,0,0,0,0
9807261,13,4,9,27,2,11,30
9511367,1,1,0,0,0,1,4
9505328,8,4,4,6,3,5,5
8201,3,1,2,2,0,3,12
9311249,1,1,0,0,0,1,2
112149,1,1,0,0,0,1,6
9708234,1,1,0,0,0,1,3
109188,2,2,0,0,0,2,4
9028,0,0,0,0,0,0,0
9706246,3,2,1,1,1,2,2
9207210,1,1,0,0,1,0,0
9908473,9,2,7,29,2,7,15
2289,1,1,0,0,1,0,0
9510230,0,0,0,0,0,0,0
205312,2,1,1,1,0,2,13
9510362,0,0,0,0,0,0,0
9606315,2,2,0,0,0,2,5
9908493,1,1,0,0,0,1,6
10060,3,2,1,1,0,3,7
101001,2,1,1,1,2,0,0
209241,1,1,0,0,0,1,4
9608254,1,1,0,0,0,1,3
1160,2,1,1,1,0,2,6
9146,2,1,1,1,0,2,26
9611353,7,3,4,6,2,5,5
101082,0,0,0,0,0,0,0
102265,14,1,13,53,0,14,157
9712285,2,1,1,1,0,2,7
9811217,1,1,0,0,0,1,1
9712331,2,2,0,0,0,2,2
9509293,1,1,0,0,0,1,1
9607270,1,1,0,0,1,0,0
9810433,0,0,0,0,0,0,0
203164,1,1,0,0,0,1,3
9910436,3,1,2,3,0,3,9
9812354,8,2,6,18,2,6,8
301179,0,0,0,0,0,0,0
9907310,0,0,0,0,0,0,0
9509331,4,2,2,2,4,0,0
9509373,8,5,3,4,8,0,0
101024,2,2,0,0,0,2,5
9806431,2,1,1,1,0,2,5
11023,1,1,0,0,0,1,6
9911476,4,1,3,4,0,4,10
9606475,5,2,3,4,5,0,0
205048,3,2,1,2,1,2,2
3123,5,2,3,6,0,5,56
9809484,1,1,0,0,0,1,14
9180,1,1,0,0,0,1,4
9506366,0,0,0,0,0,0,0
109067,2,1,1,1,2,0,0
9807256,5,1,4,7,0,5,25
9907571,3,2,1,2,1,2,2
12238,2,1,1,1,2,0,0
9403267,2,2,0,0,0,2,2
9908256,1,1,0,0,0,1,1
206280,1,1,0,0,0,1,8
103170,5,2,3,4,0,5,16
206260,0,0,0,0,0,0,0
208114,1,1,0,0,0,1,23
8072,1,1,0,0,0,1,7
9903287,3,1,2,3,0,3,12
9707403,2,1,1,1,0,2,3
301056,0,0,0,0,0,0,0
6087,4,1,3,5,0,4,12
9502384,3,1,2,3,0,3,3
9310342,2,2,0,0,2,0,0
9408389,4,3,1,2,0,4,4
6150,1,1,0,0,0,1,8
207224,3,1,2,2,0,3,20
9406226,1,1,0,0,0,1,2
101013,0,0,0,0,0,0,0
9310272,1,1,0,0,0,1,2
212288,0,0,0,0,0,0,0
9083,0,0,0,0,0,0,0
9303302,1,1,0,0,1,0,0
9906482,0,0,0,0,0,0,0
9306206,1,1,0,0,1,0,0
202268,1,1,0,0,0,1,2
5198,2,2,0,0,0,2,6
9402273,0,0,0,0,0,0,0
9506385,5,2,3,5,5,0,0
9609282,2,2,0,0,2,0,0
209252,0,0,0,0,0,0,0
206204,0,0,0,0,0,0,0
9708373,0,0,0,0,0,0,0
205280,0,0,0,0,0,0,0
9403215,13,7,6,8,13,0,0
8325,0,0,0,0,0,0,0
108261,0,0,0,0,0,0,0
2088,3,2,1,1,2,1,2
107023,0,0,0,0,0,0,0
9904357,2,2,0,0,0,2,22
9301238,2,1,1,1,2,0,0
9504395,1,1,0,0,1,0,0
111427,4,2,2,2,4,0,0
9507381,1,1,0,0,0,1,1
209105,1,1,0,0,0,1,7
9503230,1,1,0,0,1,0,0
106221,9,6,3,4,0,9,45
9608395,1,1,0,0,1,0,0
9709201,3,1,2,2,3,0,0
9805300,1,1,0,0,0,1,4
9812444,0,0,0,0,0,0,0
205325,2,2,0,0,0,2,20
107076,1,1,0,0,0,1,2
12383,1,1,0,0,0,1,1
9709414,0,0,0,0,0,0,0
9911310,2,1,1,1,0,2,17
9801340,0,0,0,0,0,0,0
103321,1,1,0,0,0,1,1
9403348,1,1,0,0,1,0,0
6256,2,2,0,0,1,1,1
9801286,0,0,0,0,0,0,0
9411428,2,1,1,1,1,1,1
9611340,2,2,0,0,1,1,1
9805305,0,0,0,0,0,0,0
9804463,1,1,0,0,0,1,3
107072,3,1,2,3,0,3,13
9907554,6,1,5,5,6,0,0
9709277,3,1,2,2,0,3,5
106056,0,0,0,0,0,0,0
103057,7,1,6,7,1,6,10
9703333,0,0,0,0,0,0,0
204325,1,1,0,0,0,1,3
9309245,2,2,0,0,2,0,0
9908428,2,2,0,0,1,1,1
9805388,0,0,0,0,0,0,0
2013,0,0,0,0,0,0,0
206026,6,4,2,3,0,6,21
9607271,6,2,4,6,6,0,0
111270,0,0,0,0,0,0,0
209106,0,0,0,0,0,0,0
9302286,3,3,0,0,3,0,0
9803240,1,1,0,0,0,1,1
9504382,1,1,0,0,1,0,0
6325,0,0,0,0,0,0,0
206062,0,0,0,0,0,0,0
9506237,1,1,0,0,0,1,1
9702241,0,0,0,0,0,0,0
9706424,0,0,0,0,0,0,0
9607453,1,1,0,0,1,0,0
9605391,1,1,0,0,1,0,0
112152,1,1,0,0,0,1,8
107029,2,1,1,1,2,0,0
9908219,0,0,0,0,0,0,0
104203,3,2,1,1,1,2,2
210267,0,0,0,0,0,0,0
207288,2,2,0,0,0,2,21
9406348,1,1,0,0,1,0,0
201188,2,1,1,1,0,2,12
6036,6,1,5,13,0,6,30
109158,4,3,1,1,0,4,13
9905425,2,1,1,1,0,2,7
210364,0,0,0,0,0,0,0
9901211,0,0,0,0,0,0,0
208095,0,0,0,0,0,0,0
202125,2,1,1,1,0,2,22
9309321,1,1,0,0,1,0,0
9511316,1,1,0,0,1,0,0
11194,0,0,0,0,0,0,0
9602348,0,0,0,0,0,0,0
112100,0,0,0,0,0,0,0
101295,1,1,0,0,0,1,2
105296,3,2,1,1,0,3,3
9708376,0,0,0,0,0,0,0
9206201,3,2,1,1,3,0,0
5032,2,1,1,1,2,0,0
108110,2,2,0,0,2,0,0
6099,0,0,0,0,0,0,0
9409262,1,1,0,0,0,1,1
9610353,2,2,0,0,0,2,12
103158,0,0,0,0,0,0,0
9812253,4,1,3,5,0,4,4
9710556,4,1,3,3,4,0,0
205283,1,1,0,0,0,1,9
9501270,1,1,0,0,1,0,0
9808219,0,0,0,0,0,0,0
302252,0,0,0,0,0,0,0
10323,2,1,1,1,0,2,4
9702221,1,1,0,0,0,1,2
9610300,0,0,0,0,0,0,0
9606282,1,1,0,0,0,1,1
6332,2,2,0,0,2,0,0
103097,1,1,0,0,0,1,6
9407367,0,0,0,0,0,0,0
9088,0,0,0,0,0,0,0
203085,2,2,0,0,0,2,2
9812400,0,0,0,0,0,0,0
9309236,2,2,0,0,2,0,0
104314,0,0,0,0,0,0,0
301172,0,0,0,0,0,0,0
104175,1,1,0,0,0,1,4
9903367,3,2,1,1,0,3,16
211306,0,0,0,0,0,0,0
9712408,1,1,0,0,0,1,6
9309220,3,1,2,3,3,0,0
9507209,0,0,0,0,0,0,0
204351,0,0,0,0,0,0,0
4002,0,0,0,0,0,0,0
9506464,3,2,1,1,2,1,1
9710295,2,2,0,0,2,0,0
9810227,1,1,0,0,0,1,4
107008,0,0,0,0,0,0,0
9611360,1,1,0,0,0,1,1
9912247,0,0,0,0,0,0,0
207046,1,1,0,0,1,0,0
209161,3,2,1,1,1,2,6
9712414,3,1,2,3,3,0,0
107221,1,1,0,0,1,0,0
211033,0,0,0,0,0,0,0
9709328,2,1,1,1,2,0,0
106197,0,0,0,0,0,0,0
9806285,1,1,0,0,1,0,0
3156,1,1,0,0,0,1,1
9810264,0,0,0,0,0,0,0
101128,1,1,0,0,0,1,6
103016,1,1,0,0,1,0,0
103162,3,2,1,2,0,3,10
203170,0,0,0,0,0,0,0
101188,1,1,0,0,0,1,3
7348,1,1,0,0,0,1,14
111365,0,0,0,0,0,0,0
9906493,0,0,0,0,0,0,0
9702203,1,1,0,0,0,1,1
209349,0,0,0,0,0,0,0
109178,2,1,1,1,0,2,23
210321,0,0,0,0,0,0,0
9706216,0,0,0,0,0,0,0
11034,0,0,0,0,0,0,0
106018,1,1,0,0,1,0,0
211459,0,0,0,0,0,0,0
208212,1,1,0,0,1,0,0
9404320,0,0,0,0,0,0,0
9808490,0,0,0,0,0,0,0
9603269,1,1,0,0,0,1,1
10004,1,1,0,0,0,1,1
11088,5,1,4,7,5,0,0
111055,0,0,0,0,0,0,0
201212,1,1,0,0,1,0,0
9611411,1,1,0,0,0,1,1
9811490,1,1,0,0,0,1,6
5233,0,0,0,0,0,0,0
104292,1,1,0,0,0,1,6
9207208,0,0,0,0,0,0,0
9906239,3,1,2,3,3,0,0
212335,0,0,0,0,0,0,0
9807530,0,0,0,0,0,0,0
202219,1,1,0,0,0,1,9
9409389,1,1,0,0,1,0,0
6010,3,2,1,1,3,0,0
9505284,2,1,1,1,2,0,0
302187,0,0,0,0,0,0,0
9188,1,1,0,0,0,1,8
9502253,3,1,2,2,3,0,0
210327,0,0,0,0,0,0,0
9911450,0,0,0,0,0,0,0
212240,0,0,0,0,0,0,0
9409233,0,0,0,0,0,0,0
9606255,0,0,0,0,0,0,0
9905362,1,1,0,0,1,0,0
209359,0,0,0,0,0,0,0
9606380,4,1,3,5,4,0,0
209077,4,4,0,0,0,4,29
9907444,1,1,0,0,0,1,4
9804466,0,0,0,0,0,0,0
9912243,1,1,0,0,1,0,0
9907451,1,1,0,0,0,1,1
8224,2,1,1,1,0,2,6
9504254,1,1,0,0,0,1,1
9510416,1,1,0,0,1,0,0
9810311,2,2,0,0,0,2,6
8104,0,0,0,0,0,0,0
9712525,1,1,0,0,0,1,15
9806206,0,0,0,0,0,0,0
111029,0,0,0,0,0,0,0
9601210,2,2,0,0,2,0,0
8199,1,1,0,0,1,0,0
9810342,1,1,0,0,1,0,0
9906521,0,0,0,0,0,0,0
9503435,0,0,0,0,0,0,0
207337,1,1,0,0,0,1,4
9901355,0,0,0,0,0,0,0
9711230,0,0,0,0,0,0,0
1240,2,2,0,0,2,0,0
3120,0,0,0,0,0,0,0
205036,0,0,0,0,0,0,0
5206,1,1,0,0,0,1,3
9609387,0,0,0,0,0,0,0
208047,0,0,0,0,0,0,0
204182,1,1,0,0,0,1,2
9402257,1,1,0,0,1,0,0
302167,0,0,0,0,0,0,0
9609398,0,0,0,0,0,0,0
207368,0,0,0,0,0,0,0
9905508,1,1,0,0,1,0,0
7356,3,3,0,0,2,1,1
102114,1,1,0,0,0,1,2
104054,0,0,0,0,0,0,0
9911269,0,0,0,0,0,0,0
10258,0,0,0,0,0,0,0
9806463,0,0,0,0,0,0,0
108101,1,1,0,0,0,1,5
211208,0,0,0,0,0,0,0
108038,0,0,0,0,0,0,0
101324,3,1,2,3,0,3,6
103245,2,1,1,1,0,2,6
302130,0,0,0,0,0,0,0
111283,0,0,0,0,0,0,0
9909379,1,1,0,0,0,1,6
9604324,0,0,0,0,0,0,0
206108,0,0,0,0,0,0,0
9709469,0,0,0,0,0,0,0
9706340,1,1,0,0,0,1,5
110182,0,0,0,0,0,0,0
8324,0,0,0,0,0,0,0
9312257,2,2,0,0,2,0,0
9907395,0,0,0,0,0,0,0
9612224,1,1,0,0,1,0,0
11384,0,0,0,0,0,0,0
210297,0,0,0,0,0,0,0
301009,0,0,0,0,0,0,0
9906466,1,1,0,0,1,0,0
9301230,1,1,0,0,1,0,0
207024,1,1,0,0,0,1,6
9910382,0,0,0,0,0,0,0
9811213,1,1,0,0,0,1,4
209079,1,1,0,0,0,1,7
9909317,0,0,0,0,0,0,0
9902330,0,0,0,0,0,0,0
9307377,3,3,0,0,3,0,0
301074,0,0,0,0,0,0,0
106118,0,0,0,0,0,0,0
212011,0,0,0,0,0,0,0
206232,1,1,0,0,0,1,9
9911236,0,0,0,0,0,0,0
9608424,2,2,0,0,2,0,0
9506232,1,1,0,0,0,1,2
9408206,2,2,0,0,0,2,2
9706290,0,0,0,0,0,0,0
210236,3,3,0,0,0,3,78
211235,0,0,0,0,0,0,0
9701310,0,0,0,0,0,0,0
9511393,0,0,0,0,0,0,0
11120,0,0,0,0,0,0,0
101204,0,0,0,0,0,0,0
1067,0,0,0,0,0,0,0
101238,0,0,0,0,0,0,0
9304313,1,1,0,0,1,0,0
12239,0,0,0,0,0,0,0
301185,1,1,0,0,0,1,4
9710306,0,0,0,0,0,0,0
9608207,0,0,0,0,0,0,0
9610340,0,0,0,0,0,0,0
9911382,1,1,0,0,1,0,0
212079,0,0,0,0,0,0,0
201202,1,1,0,0,0,1,1
9606336,2,1,1,1,2,0,0
9912432,0,0,0,0,0,0,0
11007,0,0,0,0,0,0,0
9504317,0,0,0,0,0,0,0
9710361,1,1,0,0,1,0,0
9307257,0,0,0,0,0,0,0
210077,0,0,0,0,0,0,0
212160,0,0,0,0,0,0,0
205096,0,0,0,0,0,0,0
111201,0,0,0,0,0,0,0
9702405,0,0,0,0,0,0,0
9701306,1,1,0,0,1,0,0
3065,0,0,0,0,0,0,0
9701302,0,0,0,0,0,0,0
9510299,0,0,0,0,0,0,0
9186,1,1,0,0,0,1,3
9909545,0,0,0,0,0,0,0
2298,1,1,0,0,1,0,0
9704316,2,2,0,0,0,2,2
9605338,0,0,0,0,0,0,0
9607415,0,0,0,0,0,0,0
108269,1,1,0,0,1,0,0
105257,0,0,0,0,0,0,0
9807270,0,0,0,0,0,0,0
9412317,0,0,0,0,0,0,0
3002,0,0,0,0,0,0,0
111281,0,0,0,0,0,0,0
9809522,0,0,0,0,0,0,0
9204,0,0,0,0,0,0,0
9911402,0,0,0,0,0,0,0
212318,0,0,0,0,0,0,0
9402228,0,0,0,0,0,0,0
110027,0,0,0,0,0,0,0
203139,0,0,0,0,0,0,0
9710469,0,0,0,0,0,0,0
9706475,0,0,0,0,0,0,0
9906377,1,1,0,0,1,0,0
108229,0,0,0,0,0,0,0
109112,0,0,0,0,0,0,0
9511312,0,0,0,0,0,0,0
9806410,0,0,0,0,0,0,0
9506343,0,0,0,0,0,0,0
9809514,1,1,0,0,0,1,2
9706514,0,0,0,0,0,0,0
7229,0,0,0,0,0,0,0
4265,0,0,0,0,0,0,0
3265,0,0,0,0,0,0,0
7079,1,1,0,0,1,0,0
104287,0,0,0,0,0,0,0
301239,0,0,0,0,0,0,0
204013,2,1,1,1,2,0,0
103196,0,0,0,0,0,0,0
9401334,0,0,0,0,0,0,0
10288,1,1,0,0,1,0,0
212106,0,0,0,0,0,0,0
210268,0,0,0,0,0,0,0
204130,0,0,0,0,0,0,0
211304,0,0,0,0,0,0,0
9704397,1,1,0,0,1,0,0
9502240,0,0,0,0,0,0,0
101339,0,0,0,0,0,0,0
9804260,1,1,0,0,1,0,0
302233,0,0,0,0,0,0,0
9905526,0,0,0,0,0,0,0
9808441,0,0,0,0,0,0,0
9501264,0,0,0,0,0,0,0
112187,0,0,0,0,0,0,0
9904403,1,1,0,0,1,0,0
210234,0,0,0,0,0,0,0
9802217,0,0,0,0,0,0,0
9906479,0,0,0,0,0,0,0
9606479,0,0,0,0,0,0,0
9306312,0,0,0,0,0,0,0
9703416,2,1,1,1,0,2,2
202165,0,0,0,0,0,0,0
105047,0,0,0,0,0,0,0
210386,0,0,0,0,0,0,0
9802203,0,0,0,0,0,0,0
212385,0,0,0,0,0,0,0
108151,0,0,0,0,0,0,0
9905225,0,0,0,0,0,0,0
109143,1,1,0,0,0,1,5
205171,0,0,0,0,0,0,0
101164,0,0,0,0,0,0,0
209213,0,0,0,0,0,0,0
212387,0,0,0,0,0,0,0
9610201,0,0,0,0,0,0,0
107210,0,0,0,0,0,0,0
207017,0,0,0,0,0,0,0
6013,0,0,0,0,0,0,0
9904424,0,0,0,0,0,0,0
105198,0,0,0,0,0,0,0
9906519,1,1,0,0,1,0,0
301010,0,0,0,0,0,0,0
111121,0,0,0,0,0,0,0
110294,0,0,0,0,0,0,0
102244,0,0,0,0,0,0,0
9808316,0,0,0,0,0,0,0
9806242,1,1,0,0,1,0,0
9609259,0,0,0,0,0,0,0
9707397,0,0,0,0,0,0,0
9807533,0,0,0,0,0,0,0
105272,0,0,0,0,0,0,0
9305249,1,1,0,0,1,0,0
9401329,1,1,0,0,1,0,0
9511203,1,1,0,0,1,0,0
302275,0,0,0,0,0,0,0
9611296,4,2,2,2,1,3,3
6022,27,3,24,78,0,27,108
9807238,4,1,3,5,4,0,0
9304219,2,1,1,1,2,0,0
9704288,0,0,0,0,0,0,0
111307,2,1,1,1,1,1,1
9705398,31,6,25,132,2,29,144
11144,5,4,1,2,0,5,38
9805478,10,2,8,17,2,8,30
9602414,25,3,22,133,3,22,75
9809275,4,2,2,3,0,4,14
3183,5,5,0,0,5,0,0
9503268,4,1,3,3,0,4,7
9502298,61,4,57,424,44,17,22
9501201,15,2,13,39,0,15,48
9503259,7,1,6,11,1,6,6
9709388,78,3,75,744,28,50,50
9612444,25,1,24,145,0,25,49
9402229,19,5,14,73,3,16,31
1306,10,4,6,16,0,10,196
9910314,16,5,11,26,1,15,86
9802201,24,5,19,98,24,0,0
9711416,2,1,1,1,2,0,0
9309223,65,3,62,531,65,0,0
9808321,2,1,1,1,0,2,8
9411366,69,2,67,499,45,24,42
9809381,21,2,19,61,0,21,67
9310297,19,1,18,59,19,0,0
9509399,10,5,5,9,2,8,23
9503263,26,1,25,82,4,22,32
9807327,56,2,54,504,1,55,202
9206218,23,5,18,49,23,0,0
102165,6,2,4,6,0,6,15
9712287,56,4,52,402,0,56,203
2234,42,3,39,236,0,42,587
9812396,47,6,41,234,0,47,568
9510219,16,2,14,51,1,15,40
9702307,23,5,18,50,0,23,178
110037,1,1,0,0,1,0,0
9301273,6,3,3,3,6,0,0
105217,3,1,2,3,0,3,30
10181,5,3,2,4,0,5,151
11179,13,4,9,20,0,13,56
9705253,55,3,52,339,0,55,381
8226,11,2,9,16,0,11,46
9905413,6,1,5,11,6,0,0
9509413,17,2,15,33,5,12,12
9707371,6,2,4,7,0,6,16
9711301,1,1,0,0,0,1,2
9605235,62,1,61,586,1,61,384
9502321,18,5,13,44,1,17,78
9711212,14,5,9,14,0,14,47
9706325,5,2,3,4,5,0,0
9409393,46,5,41,355,0,46,137
9610534,25,1,24,195,25,0,0
9606427,45,2,43,300,15,30,72
9806260,4,2,2,2,0,4,24
9605225,2,1,1,1,0,2,4
9811464,2,1,1,1,0,2,19
9902230,8,2,6,16,1,7,13
9811518,9,5,4,5,1,8,25
9801356,36,1,35,237,4,32,53
9311243,30,6,24,90,1,29,47
9610543,9,4,5,12,0,9,72
9408306,32,4,28,146,1,31,221
9302202,35,5,30,182,13,22,22
9602214,8,2,6,13,2,6,6
10083,11,2,9,33,9,2,2
9607440,42,3,39,234,14,28,42
105183,0,0,0,0,0,0,0
9406285,26,4,22,104,2,24,63
4016,2,1,1,1,0,2,8
9907342,7,1,6,13,1,6,23
9912473,14,2,12,41,0,14,71
9601377,10,1,9,23,0,10,16
9610498,15,4,11,45,0,15,60
9912484,2,1,1,1,0,2,3
5094,15,1,14,52,0,15,86
9905448,31,2,29,190,0,31,214
9209239,33,12,21,82,33,0,0
11273,2,1,1,1,0,2,13
10274,11,1,10,27,0,11,77
201148,4,1,3,6,0,4,4
9602242,12,2,10,30,3,9,9
9801353,13,1,12,34,0,13,37
9902371,74,4,70,654,0,74,479
6128,16,4,12,23,0,16,104
9405389,36,3,33,163,25,11,14
9409408,7,5,2,2,1,6,8
9403307,15,5,10,29,7,8,8
9311316,27,3,24,112,27,0,0
9809521,54,1,53,324,0,54,279
9905381,55,2,53,396,0,55,437
9804285,24,2,22,100,10,14,19
9710353,6,4,2,2,0,6,107
9611375,16,4,12,23,2,14,33
9510325,21,2,19,97,1,20,20
9503208,20,5,15,48,1,19,101
112102,28,4,24,78,0,28,107
9602211,13,2,11,24,6,7,7
9711348,41,2,39,208,1,40,166
2208,6,1,5,13,0,6,58
9907540,2,2,0,0,2,0,0
9402205,13,2,11,52,0,13,53
9810360,51,2,49,361,10,41,149
9704361,47,4,43,289,1,46,149
9208213,122,3,119,1041,122,0,0
106334,25,3,22,62,0,25,198
9609524,16,2,14,23,0,16,92
9812337,23,3,20,72,1,22,85
7155,6,1,5,6,2,4,13
11307,14,1,13,39,0,14,41
9907320,3,1,2,2,1,2,2
105263,3,3,0,0,0,3,19
105331,0,0,0,0,0,0,0
9707224,22,1,21,126,3,19,45
9711472,7,2,5,12,0,7,37
9511270,10,3,7,14,9,1,1
9506338,16,1,15,51,16,0,0
6278,29,3,26,110,0,29,141
9903451,40,2,38,232,10,30,49
9905244,5,3,2,2,0,5,61
9903358,65,4,61,436,0,65,195
102201,33,5,28,171,0,33,558
208115,6,2,4,5,0,6,23
204228,9,2,7,22,0,9,141
111230,13,2,11,43,0,13,51
9705279,16,2,14,53,0,16,96
9301239,12,4,8,19,11,1,1
9903538,27,2,25,245,0,27,317
9206216,5,2,3,4,5,0,0
9705206,8,1,7,15,2,6,14
9505242,8,1,7,10,0,8,12
5135,3,2,1,1,0,3,7
1069,4,0,4,5,0,4,8
9405385,6,3,3,4,6,0,0
9503489,12,2,10,34,7,5,5
9303249,41,2,39,197,28,13,13
9909560,11,2,9,37,0,11,75
9207219,13,3,10,28,13,0,0
9505226,8,1,7,8,7,1,1
9509311,27,7,20,55,3,24,35
9509375,53,3,50,261,0,53,336
9607236,11,3,8,14,0,11,86
9712467,18,3,15,60,0,18,94
9709470,4,1,3,5,4,0,0
9512269,2,1,1,1,0,2,4
7336,14,2,12,26,0,14,87
112334,1,1,0,0,0,1,7
9406389,19,10,9,18,0,19,74
9906224,19,4,15,39,0,19,186
9506387,7,1,6,7,4,3,3
9710415,12,1,11,36,0,12,44
9601388,13,5,8,17,8,5,5
9805509,13,1,12,33,13,0,0
9911434,23,2,21,77,0,23,217
5066,10,1,9,16,0,10,55
9711346,7,3,4,8,0,7,7
9402209,23,7,16,48,13,10,10
7218,12,5,7,16,0,12,61
1046,20,3,17,45,0,20,174
9609515,7,2,5,9,0,7,41
9912345,2,2,0,0,0,2,12
9411253,11,2,9,27,3,8,16
9808334,4,1,3,6,3,1,1
9412342,2,2,0,0,0,2,4
9911276,5,3,2,3,0,5,55
9306292,4,2,2,3,2,2,2
9605395,5,3,2,3,0,5,10
9702282,6,3,3,5,0,6,22
9810294,2,1,1,1,2,0,0
9811351,8,2,6,9,8,0,0
9509249,22,1,21,70,22,0,0
9512433,13,3,10,25,0,13,80
9311367,20,4,16,95,7,13,20
9705287,33,4,29,124,0,33,366
9805208,28,2,26,136,0,28,54
9512361,1,1,0,0,1,0,0
9909243,7,3,4,6,0,7,24
9901219,7,5,2,2,1,6,9
9910270,0,0,0,0,0,0,0
9612243,3,3,0,0,2,1,1
5179,1,1,0,0,0,1,6
9412319,31,4,27,170,1,30,153
9710373,9,2,7,25,0,9,125
9809304,7,4,3,6,0,7,65
112233,15,2,13,48,1,14,52
1249,19,2,17,83,1,18,93
9310228,59,8,51,255,5,54,54
9608394,27,2,25,92,0,27,189
9209250,19,4,15,39,11,8,8
9712257,3,2,1,1,0,3,7
9811426,7,3,4,5,0,7,14
9709449,9,3,6,11,0,9,46
9204216,11,4,7,16,11,0,0
9803268,3,2,1,1,0,3,3
9411245,4,1,3,5,4,0,0
108114,2,2,0,0,0,2,9
9610377,1,1,0,0,0,1,1
9606311,15,4,11,29,1,14,31
9907282,13,2,11,28,13,0,0
109125,13,2,11,25,0,13,156
9501357,21,7,14,39,3,18,35
9308270,14,3,11,53,14,0,0
9507201,2,1,1,1,0,2,3
9609216,5,1,4,6,5,0,0
9909476,27,2,25,149,14,13,13
9609517,7,3,4,10,0,7,58
9405253,14,3,11,44,1,13,13
207006,3,2,1,1,0,3,15
6018,2,1,1,1,0,2,6
201174,4,4,0,0,0,4,17
9801305,6,2,4,8,0,6,11
5147,6,3,3,3,1,5,10
12142,12,7,5,15,0,12,58
9703321,3,1,2,2,1,2,2
9803480,0,0,0,0,0,0,0
9206227,6,4,2,3,6,0,0
9710275,2,2,0,0,0,2,4
9712457,11,3,8,16,11,0,0
9410272,10,3,7,9,3,7,12
9507306,2,1,1,1,0,2,3
9408383,12,5,7,12,2,10,10
201298,1,1,0,0,0,1,3
206252,2,2,0,0,0,2,14
9511430,31,2,29,134,6,25,54
9704222,20,2,18,58,0,20,83
9709350,6,2,4,7,0,6,20
9801268,36,2,34,229,3,33,169
3207,2,2,0,0,0,2,8
9711263,2,1,1,1,0,2,6
3068,7,1,6,14,0,7,97
5134,13,3,10,26,0,13,90
9509238,13,4,9,16,0,13,25
9805451,9,3,6,10,0,9,30
9905222,10,4,6,15,0,10,90
9911257,6,1,5,8,0,6,26
9705452,14,2,12,29,0,14,32
209129,0,0,0,0,0,0,0
108193,9,2,7,21,0,9,43
211318,1,1,0,0,0,1,3
9604236,7,3,4,4,1,6,8
9292,11,1,10,34,5,6,28
102042,3,1,2,2,0,3,3
110098,2,2,0,0,0,2,16
103317,4,1,3,3,0,4,40
9310379,67,6,61,425,2,65,321
9605349,18,2,16,46,0,18,36
9409421,8,6,2,3,4,4,4
9509274,12,3,9,32,4,8,13
9606310,22,2,20,78,0,22,124
9802329,15,2,13,34,1,14,40
9906395,7,4,3,5,0,7,25
9708427,9,1,8,24,5,4,4
9602333,3,2,1,1,0,3,16
9809291,16,3,13,44,3,13,31
9404312,4,1,3,3,0,4,40
11143,6,2,4,8,0,6,52
9711485,76,8,68,363,1,75,316
9412310,27,2,25,122,27,0,0
9907265,3,1,2,3,1,2,5
9308215,3,2,1,1,3,0,0
107011,4,2,2,4,0,4,4
9807214,3,2,1,1,0,3,12
9312201,21,3,18,98,21,0,0
108001,0,0,0,0,0,0,0
9412281,3,1,2,3,0,3,12
104230,6,1,5,10,0,6,34
103265,3,2,1,1,0,3,50
105136,6,3,3,4,0,6,26
9408210,8,1,7,12,8,0,0
205024,7,3,4,6,0,7,137
9810466,31,6,25,114,0,31,234
9602338,2,2,0,0,0,2,2
9410391,1,1,0,0,0,1,3
9610331,22,4,18,49,4,18,31
110169,11,4,7,17,0,11,137
9801215,16,2,14,48,2,14,16
9804223,7,1,6,16,7,0,0
8220,6,2,4,10,4,2,2
12370,1,1,0,0,0,1,11
9710380,14,2,12,29,0,14,73
9908342,1,1,0,0,0,1,4
9510293,6,2,4,5,6,0,0
9905281,7,2,5,12,4,3,3
2054,4,1,3,3,0,4,52
9708459,6,3,3,5,0,6,21
9602267,3,2,1,1,0,3,7
9411256,9,6,3,6,9,0,0
9504354,9,1,8,12,9,0,0
9709291,11,1,10,27,0,11,122
9902292,12,1,11,26,0,12,29
12157,25,6,19,133,0,25,199
211044,0,0,0,0,0,0,0
9506406,5,2,3,4,0,5,12
9704337,8,1,7,10,5,3,3
9809546,1,1,0,0,0,1,3
9707282,14,1,13,46,2,12,33
102271,1,1,0,0,0,1,1
201054,3,3,0,0,0,3,18
9808413,2,2,0,0,0,2,15
9912303,3,1,2,3,0,3,6
9904449,0,0,0,0,0,0,0
9807451,1,1,0,0,0,1,1
9410335,1,1,0,0,0,1,2
6091,3,1,2,3,0,3,13
9706365,7,3,4,7,2,5,20
9607403,4,2,2,3,0,4,12
9805468,1,1,0,0,0,1,6
204043,4,3,1,3,2,2,2
9602400,2,1,1,1,2,0,0
9903238,11,2,9,27,1,10,30
102291,10,7,3,4,1,9,25
103147,2,2,0,0,0,2,8
9095,5,1,4,5,0,5,15
9907318,3,2,1,2,0,3,12
9708396,14,4,10,19,9,5,7
9311258,0,0,0,0,0,0,0
110005,1,1,0,0,0,1,2
9708436,3,2,1,1,1,2,4
9602209,2,1,1,1,2,0,0
9705378,0,0,0,0,0,0,0
9408299,52,9,43,198,0,52,159
9811301,10,1,9,34,4,6,6
105344,8,2,6,16,8,0,0
9504293,7,1,6,9,1,6,10
6292,1,1,0,0,0,1,4
9802406,13,2,11,28,0,13,24
9810517,18,2,16,72,0,18,128
9905525,1,1,0,0,0,1,6
9706504,5,3,2,2,0,5,18
9711204,6,2,4,6,0,6,45
9805402,4,4,0,0,0,4,9
9805440,3,3,0,0,0,3,15
1332,1,1,0,0,0,1,1
9510216,3,1,2,2,0,3,3
108026,5,2,3,5,0,5,5
104210,8,2,6,9,0,8,68
9607324,7,2,5,13,0,7,7
9703235,3,3,0,0,0,3,17
209069,0,0,0,0,0,0,0
112200,0,0,0,0,0,0,0
112156,2,1,1,1,0,2,18
9712266,7,1,6,15,0,7,19
9704332,2,2,0,0,2,0,0
9602357,3,2,1,1,1,2,2
6123,9,5,4,8,0,9,32
4203,2,1,1,1,0,2,21
9704437,0,0,0,0,0,0,0
12052,9,1,8,17,0,9,21
110199,1,1,0,0,0,1,15
9512367,17,3,14,50,0,17,33
9903397,5,2,3,4,1,4,8
9506430,8,2,6,17,8,0,0
9612389,9,5,4,8,0,9,47
202122,4,3,1,1,0,4,35
210118,0,0,0,0,0,0,0
9809527,5,2,3,4,3,2,2
9811339,1,1,0,0,0,1,5
9810376,6,1,5,10,0,6,12
9407388,17,3,14,61,9,8,8
5250,7,5,2,2,0,7,26
9408370,9,2,7,19,9,0,0
9603318,4,2,2,2,0,4,7
9807494,5,1,4,5,0,5,37
9810278,2,2,0,0,0,2,4
9910344,7,2,5,10,0,7,11
9905572,3,3,0,0,0,3,22
2011,7,6,1,1,0,7,62
9612211,11,1,10,28,11,0,0
3064,2,2,0,0,0,2,9
9704379,20,6,14,18,3,17,17
9509279,9,3,6,13,9,0,0
11248,15,5,10,23,0,15,227
9503373,0,0,0,0,0,0,0
207080,13,5,8,16,0,13,108
9906267,6,1,5,7,0,6,51
9808258,4,1,3,3,0,4,11
9911460,11,1,10,33,0,11,100
12292,11,2,9,14,0,11,47
210342,1,1,0,0,0,1,3
210359,0,0,0,0,0,0,0
9610371,3,1,2,3,3,0,0
108098,13,4,9,22,0,13,56
9804432,7,2,5,6,2,5,5
9610210,6,1,5,8,0,6,17
9606426,6,2,4,4,0,6,14
9807523,4,1,3,6,0,4,8
209188,0,0,0,0,0,0,0
9812258,9,5,4,5,5,4,8
9712209,11,2,9,25,1,10,46
10178,15,1,14,51,15,0,0
9905466,1,1,0,0,0,1,9
104201,2,1,1,1,0,2,12
108067,2,1,1,1,0,2,2
9711437,0,0,0,0,0,0,0
11281,2,1,1,1,0,2,2
9712462,2,2,0,0,1,1,1
103315,7,2,5,10,1,6,10
9807420,0,0,0,0,0,0,0
9507469,5,2,3,3,5,0,0
9903418,14,2,12,39,0,14,213
9510417,6,1,5,5,4,2,2
9801283,5,2,3,6,4,1,1
9411286,10,2,8,20,5,5,5
9302295,10,2,8,14,10,0,0
206205,1,1,0,0,0,1,2
9704346,4,1,3,5,0,4,8
9411249,6,3,3,5,0,6,6
7351,2,2,0,0,0,2,30
9210264,4,2,2,3,4,0,0
203069,12,3,9,23,1,11,38
10131,6,3,3,3,1,5,12
9802438,4,2,2,2,1,3,10
9612256,5,1,4,9,0,5,15
9508380,1,1,0,0,1,0,0
111327,5,2,3,6,0,5,12
4137,10,2,8,17,5,5,14
9705333,12,1,11,36,6,6,6
110062,9,2,7,15,0,9,109
205229,0,0,0,0,0,0,0
9507344,8,2,6,16,8,0,0
9403218,5,4,1,1,5,0,0
205060,0,0,0,0,0,0,0
9807398,5,3,2,2,0,5,18
9906403,4,2,2,2,0,4,17
103136,7,4,3,4,0,7,37
9805223,3,2,1,1,0,3,23
12073,13,4,9,15,0,13,110
205111,3,1,2,3,0,3,28
210263,8,1,7,25,8,0,0
9501210,5,4,1,2,0,5,14
9610520,2,1,1,1,0,2,4
9511348,10,3,7,15,0,10,25
9212205,0,0,0,0,0,0,0
9503453,0,0,0,0,0,0,0
9406424,7,1,6,11,7,0,0
9604239,2,1,1,1,0,2,5
9801341,5,3,2,2,0,5,24
9803390,6,3,3,3,0,6,6
104080,5,2,3,5,0,5,16
9502411,2,1,1,1,0,2,2
9906271,2,1,1,1,0,2,13
9703238,12,3,9,15,2,10,41
9703395,2,2,0,0,0,2,11
9511434,12,4,8,15,1,11,19
9311259,1,1,0,0,0,1,1
9506301,0,0,0,0,0,0,0
2236,2,1,1,1,0,2,6
9901334,10,7,3,3,0,10,44
201134,7,3,4,6,0,7,22
9911504,6,6,0,0,0,6,34
9705232,1,1,0,0,1,0,0
9604395,3,2,1,1,1,2,2
9710212,2,2,0,0,0,2,12
9811418,0,0,0,0,0,0,0
201087,2,2,0,0,0,2,3
111092,3,2,1,1,0,3,37
9811314,2,2,0,0,0,2,4
9912356,6,3,3,6,0,6,14
9702377,0,0,0,0,0,0,0
6218,0,0,0,0,0,0,0
9810546,2,2,0,0,0,2,11
11154,2,2,0,0,1,1,1
9705324,3,3,0,0,0,3,8
9901415,10,1,9,21,6,4,4
9907380,2,2,0,0,2,0,0
7307,1,1,0,0,0,1,8
103261,6,5,1,1,0,6,39
4256,7,3,4,7,0,7,74
9903482,0,0,0,0,0,0,0
9710233,2,2,0,0,0,2,18
105079,7,1,6,8,0,7,49
9408209,1,1,0,0,1,0,0
9206219,7,7,0,0,7,0,0
9812283,7,1,6,17,0,7,23
107110,9,1,8,24,2,7,7
9708386,4,3,1,1,0,4,27
9606217,7,3,4,5,0,7,10
9503473,12,1,11,31,12,0,0
202178,6,1,5,8,0,6,55
9806306,4,2,2,2,0,4,23
10077,6,3,3,6,0,6,57
202053,1,1,0,0,0,1,4
9707245,2,2,0,0,0,2,16
9407209,2,1,1,1,0,2,12
9809397,1,1,0,0,0,1,1
9606357,4,3,1,1,0,4,20
9711268,5,2,3,5,0,5,8
9909562,4,4,0,0,0,4,22
9403238,2,2,0,0,2,0,0
112304,2,2,0,0,0,2,7
104142,2,1,1,1,0,2,12
4156,1,1,0,0,0,1,1
9602307,11,3,8,18,11,0,0
9901216,5,2,3,4,0,5,32
9903395,2,1,1,1,0,2,3
9904260,4,3,1,1,0,4,19
9711492,0,0,0,0,0,0,0
9907515,7,1,6,9,0,7,11
210212,1,1,0,0,0,1,1
9701237,2,1,1,1,2,0,0
9709480,0,0,0,0,0,0,0
6279,1,1,0,0,1,0,0
9602276,2,1,1,1,0,2,2
9404310,1,1,0,0,1,0,0
9605358,2,2,0,0,0,2,5
101262,1,1,0,0,0,1,4
7030,0,0,0,0,0,0,0
205019,2,2,0,0,0,2,4
9701402,0,0,0,0,0,0,0
9910394,1,1,0,0,0,1,3
9603398,3,1,2,2,3,0,0
9911509,0,0,0,0,0,0,0
9609392,0,0,0,0,0,0,0
9702252,3,2,1,2,1,2,3
9309241,4,1,3,3,0,4,16
11324,1,1,0,0,0,1,2
9411390,0,0,0,0,0,0,0
111317,1,1,0,0,0,1,2
9705439,7,3,4,8,2,5,5
9706362,4,4,0,0,0,4,44
10105,2,2,0,0,0,2,4
9510272,0,0,0,0,0,0,0
204115,10,4,6,7,0,10,61
9707415,2,1,1,1,0,2,17
109032,8,2,6,13,0,8,45
9509344,11,6,5,7,11,0,0
201303,8,3,5,8,0,8,33
204156,0,0,0,0,0,0,0
9909536,3,2,1,2,0,3,16
9601203,5,2,3,5,5,0,0
9302253,1,1,0,0,1,0,0
9708332,1,1,0,0,0,1,7
11131,0,0,0,0,0,0,0
110149,5,3,2,2,0,5,13
9708492,0,0,0,0,0,0,0
205046,1,1,0,0,0,1,2
110326,1,1,0,0,0,1,13
9407255,1,1,0,0,1,0,0
9405291,0,0,0,0,0,0,0
101197,1,1,0,0,1,0,0
1201,0,0,0,0,0,0,0
206295,2,2,0,0,0,2,5
9612438,4,3,1,1,0,4,7
5078,1,1,0,0,0,1,1
9902405,5,1,4,6,5,0,0
110195,2,1,1,1,0,2,16
205246,4,2,2,2,0,4,16
102189,2,1,1,1,0,2,4
2220,2,2,0,0,0,2,2
9603220,0,0,0,0,0,0,0
9402302,11,4,7,10,11,0,0
9803422,1,1,0,0,0,1,5
9802311,1,1,0,0,0,1,2
9273,5,1,4,6,1,4,6
12258,0,0,0,0,0,0,0
9510418,2,1,1,1,0,2,7
9704290,1,1,0,0,0,1,4
9904371,0,0,0,0,0,0,0
9401310,17,4,13,56,17,0,0
9707312,1,1,0,0,0,1,4
9703373,6,2,4,10,6,0,0
9906253,10,2,8,21,4,6,19
208071,1,1,0,0,0,1,3
9601296,1,1,0,0,1,0,0
208218,1,1,0,0,0,1,2
5026,6,2,4,8,3,3,3
9608463,2,1,1,1,2,0,0
10284,0,0,0,0,0,0,0
109279,2,2,0,0,0,2,6
9910379,8,1,7,21,1,7,19
9410278,1,1,0,0,1,0,0
9307268,5,1,4,4,5,0,0
206135,5,2,3,7,0,5,21
208057,0,0,0,0,0,0,0
6157,6,4,2,4,2,4,8
9609427,5,2,3,4,0,5,19
9412232,1,1,0,0,0,1,1
101108,3,1,2,3,3,0,0
203155,5,4,1,1,0,5,34
102142,0,0,0,0,0,0,0
9811333,2,1,1,1,0,2,4
9909440,3,2,1,2,0,3,18
9702372,4,3,1,1,2,2,5
9910331,1,1,0,0,0,1,2
110166,4,1,3,6,0,4,45
9412300,1,1,0,0,1,0,0
6039,1,1,0,0,0,1,1
9710444,2,1,1,1,1,1,1
9812319,3,1,2,3,1,2,2
9705349,2,2,0,0,2,0,0
9502334,11,3,8,13,11,0,0
9907398,1,1,0,0,0,1,1
9912220,3,1,2,3,0,3,13
208128,0,0,0,0,0,0,0
110363,3,3,0,0,0,3,43
9711225,1,1,0,0,1,0,0
9808274,0,0,0,0,0,0,0
9809357,2,2,0,0,0,2,3
9803292,1,1,0,0,1,0,0
1325,2,2,0,0,0,2,12
9801424,0,0,0,0,0,0,0
9912361,2,1,1,1,0,2,9
210039,0,0,0,0,0,0,0
3021,6,1,5,11,0,6,55
6089,2,1,1,1,0,2,2
105119,2,2,0,0,0,2,7
106199,0,0,0,0,0,0,0
101063,1,1,0,0,0,1,1
109212,4,1,3,4,0,4,6
9909258,2,1,1,1,0,2,6
9909422,3,2,1,2,1,2,2
110390,0,0,0,0,0,0,0
9406422,2,2,0,0,0,2,2
9902439,1,1,0,0,0,1,1
210195,2,1,1,1,0,2,16
4077,3,2,1,1,0,3,7
112195,1,1,0,0,0,1,3
205092,0,0,0,0,0,0,0
203147,2,2,0,0,0,2,8
9906459,7,1,6,14,0,7,21
108201,3,1,2,3,0,3,4
208256,1,1,0,0,0,1,4
9903304,7,1,6,18,0,7,13
5096,2,1,1,1,0,2,29
9406416,4,1,3,4,1,3,3
9304269,3,1,2,2,3,0,0
9801357,5,1,4,7,0,5,15
102221,10,2,8,15,0,10,35
9408303,1,1,0,0,0,1,1
6213,3,2,1,1,3,0,0
9309317,1,1,0,0,1,0,0
203022,2,2,0,0,1,1,3
6274,1,1,0,0,0,1,1
9602229,3,3,0,0,3,0,0
11187,0,0,0,0,0,0,0
9611275,1,1,0,0,0,1,3
9910536,4,2,2,4,4,0,0
9907262,1,1,0,0,0,1,1
9505344,0,0,0,0,0,0,0
9806295,0,0,0,0,0,0,0
9609292,0,0,0,0,0,0,0
9608258,0,0,0,0,0,0,0
9505311,3,3,0,0,0,3,6
110250,0,0,0,0,0,0,0
109127,3,3,0,0,0,3,7
104160,1,1,0,0,0,1,2
9907560,1,1,0,0,0,1,2
9912204,2,1,1,1,0,2,4
9405369,2,1,1,1,1,1,1
9403405,1,1,0,0,1,0,0
9909246,7,1,6,12,1,6,23
9807276,2,1,1,1,1,1,2
9909563,0,0,0,0,0,0,0
111443,1,1,0,0,1,0,0
9901375,0,0,0,0,0,0,0
9905541,0,0,0,0,0,0,0
9211223,3,2,1,1,0,3,5
9909269,1,1,0,0,0,1,5
9610484,1,1,0,0,1,0,0
9911534,2,2,0,0,0,2,2
9410327,1,1,0,0,0,1,1
12257,2,1,1,1,1,1,2
211286,1,1,0,0,0,1,3
2252,9,2,7,14,9,0,0
9701232,0,0,0,0,0,0,0
209357,2,2,0,0,0,2,7
9404233,1,1,0,0,0,1,1
9510340,0,0,0,0,0,0,0
9709261,0,0,0,0,0,0,0
9411424,1,1,0,0,1,0,0
9207223,1,1,0,0,0,1,1
9405285,1,1,0,0,1,0,0
9602266,2,1,1,1,1,1,1
9701340,2,1,1,1,0,2,2
9604242,2,1,1,1,2,0,0
110356,0,0,0,0,0,0,0
9903227,6,2,4,6,0,6,11
3076,3,3,0,0,0,3,13
9911318,1,1,0,0,0,1,1
209168,1,1,0,0,0,1,6
106342,5,3,2,3,0,5,16
9305328,1,1,0,0,1,0,0
9909451,3,2,1,1,0,3,8
7312,6,1,5,8,0,6,46
210256,0,0,0,0,0,0,0
9212233,1,1,0,0,1,0,0
201068,0,0,0,0,0,0,0
203275,6,3,3,9,0,6,16
9705220,3,1,2,3,3,0,0
106178,3,3,0,0,0,3,9
9308296,3,1,2,3,3,0,0
9307372,2,2,0,0,2,0,0
9606358,1,1,0,0,0,1,1
107137,0,0,0,0,0,0,0
2190,4,3,1,1,0,4,20
10116,3,1,2,2,1,2,2
9404309,1,1,0,0,0,1,1
9607264,0,0,0,0,0,0,0
205042,0,0,0,0,0,0,0
9608439,2,2,0,0,0,2,5
111360,0,0,0,0,0,0,0
212284,0,0,0,0,0,0,0
107091,1,1,0,0,0,1,1
9812232,5,5,0,0,0,5,19
208045,3,1,2,2,3,0,0
101285,0,0,0,0,0,0,0
201049,1,1,0,0,0,1,5
302005,0,0,0,0,0,0,0
112007,1,1,0,0,0,1,4
9904306,0,0,0,0,0,0,0
105276,0,0,0,0,0,0,0
8111,0,0,0,0,0,0,0
9805277,0,0,0,0,0,0,0
109134,0,0,0,0,0,0,0
202073,2,2,0,0,0,2,6
203184,4,1,3,5,0,4,4
9406251,2,1,1,1,2,0,0
9812297,0,0,0,0,0,0,0
9612246,0,0,0,0,0,0,0
9501331,4,2,2,3,4,0,0
203119,6,4,2,4,0,6,28
101299,1,1,0,0,0,1,1
105197,5,2,3,4,5,0,0
9402296,0,0,0,0,0,0,0
9304203,3,2,1,1,3,0,0
102311,1,1,0,0,0,1,1
204263,0,0,0,0,0,0,0
9612386,0,0,0,0,0,0,0
9311280,1,1,0,0,1,0,0
9912519,4,1,3,5,1,3,10
9605435,1,1,0,0,0,1,1
9712296,0,0,0,0,0,0,0
9612339,0,0,0,0,0,0,0
110257,2,1,1,1,0,2,6
9808388,0,0,0,0,0,0,0
9610434,1,1,0,0,1,0,0
9803340,2,2,0,0,1,1,1
112179,0,0,0,0,0,0,0
9410396,0,0,0,0,0,0,0
12162,1,1,0,0,0,1,2
9905538,0,0,0,0,0,0,0
211393,1,1,0,0,0,1,2
201194,0,0,0,0,0,0,0
101094,0,0,0,0,0,0,0
9911437,0,0,0,0,0,0,0
6283,0,0,0,0,0,0,0
112237,0,0,0,0,0,0,0
302237,0,0,0,0,0,0,0
108044,0,0,0,0,0,0,0
208036,0,0,0,0,0,0,0
111040,1,1,0,0,1,0,0
110015,1,1,0,0,0,1,2
9711358,3,3,0,0,3,0,0
9802247,2,2,0,0,0,2,4
9406377,2,1,1,1,0,2,2
9901425,0,0,0,0,0,0,0
9809419,0,0,0,0,0,0,0
2295,2,2,0,0,0,2,2
9408343,2,1,1,1,2,0,0
9912437,1,1,0,0,0,1,1
9506255,4,2,2,4,4,0,0
9607385,0,0,0,0,0,0,0
9512436,4,3,1,2,4,0,0
9911330,0,0,0,0,0,0,0
9606462,1,1,0,0,0,1,6
9510234,1,1,0,0,0,1,1
9306228,1,1,0,0,1,0,0
109227,0,0,0,0,0,0,0
9512265,1,1,0,0,0,1,2
2248,0,0,0,0,0,0,0
104003,0,0,0,0,0,0,0
9806314,1,1,0,0,1,0,0
208208,1,1,0,0,0,1,1
102107,0,0,0,0,0,0,0
9912217,3,3,0,0,1,2,3
9710511,1,1,0,0,1,0,0
12078,0,0,0,0,0,0,0
9507457,1,1,0,0,1,0,0
9804385,5,2,3,4,0,5,19
9910538,1,1,0,0,0,1,8
9505257,1,1,0,0,0,1,3
101195,0,0,0,0,0,0,0
201119,0,0,0,0,0,0,0
112243,0,0,0,0,0,0,0
9309292,1,1,0,0,1,0,0
9604365,0,0,0,0,0,0,0
9710367,1,1,0,0,1,0,0
9710254,0,0,0,0,0,0,0
106231,0,0,0,0,0,0,0
9801382,1,1,0,0,1,0,0
207278,1,1,0,0,1,0,0
9910472,0,0,0,0,0,0,0
1181,0,0,0,0,0,0,0
206002,1,1,0,0,0,1,1
109048,2,2,0,0,0,2,10
204175,3,2,1,2,0,3,8
9806271,1,1,0,0,1,0,0
9808427,0,0,0,0,0,0,0
301031,0,0,0,0,0,0,0
9242,1,1,0,0,1,0,0
201208,0,0,0,0,0,0,0
9807357,1,1,0,0,0,1,5
105083,0,0,0,0,0,0,0
210084,0,0,0,0,0,0,0
11190,2,1,1,1,1,1,1
9512409,0,0,0,0,0,0,0
9611428,0,0,0,0,0,0,0
9806322,0,0,0,0,0,0,0
9912245,3,2,1,1,3,0,0
210100,0,0,0,0,0,0,0
12170,2,2,0,0,0,2,4
9609268,0,0,0,0,0,0,0
9907354,2,1,1,1,2,0,0
208011,0,0,0,0,0,0,0
9905285,0,0,0,0,0,0,0
211341,0,0,0,0,0,0,0
9610284,0,0,0,0,0,0,0
9404328,2,2,0,0,2,0,0
205086,0,0,0,0,0,0,0
9902284,0,0,0,0,0,0,0
202161,0,0,0,0,0,0,0
206223,3,1,2,2,0,3,19
211166,0,0,0,0,0,0,0
3162,0,0,0,0,0,0,0
9904351,3,2,1,1,0,3,6
9905519,1,1,0,0,0,1,2
105082,1,1,0,0,0,1,5
9607445,0,0,0,0,0,0,0
211183,0,0,0,0,0,0,0
103120,0,0,0,0,0,0,0
9811320,0,0,0,0,0,0,0
9707461,0,0,0,0,0,0,0
4124,3,3,0,0,0,3,36
103056,1,1,0,0,0,1,5
9710235,2,2,0,0,2,0,0
9169,1,1,0,0,0,1,1
9905378,1,1,0,0,0,1,5
9806443,0,0,0,0,0,0,0
3054,0,0,0,0,0,0,0
9810202,0,0,0,0,0,0,0
9308314,0,0,0,0,0,0,0
9703398,3,3,0,0,3,0,0
102171,2,2,0,0,2,0,0
9911374,1,1,0,0,0,1,2
202169,1,1,0,0,0,1,2
10287,1,1,0,0,0,1,1
9604391,0,0,0,0,0,0,0
9806452,0,0,0,0,0,0,0
301131,0,0,0,0,0,0,0
210108,1,1,0,0,0,1,11
211015,1,1,0,0,0,1,1
9512360,0,0,0,0,0,0,0
209321,0,0,0,0,0,0,0
111116,0,0,0,0,0,0,0
9605228,1,1,0,0,1,0,0
9808331,0,0,0,0,0,0,0
203052,0,0,0,0,0,0,0
207207,0,0,0,0,0,0,0
9706345,0,0,0,0,0,0,0
9512430,1,1,0,0,0,1,1
207146,0,0,0,0,0,0,0
106282,1,1,0,0,0,1,4
9701282,0,0,0,0,0,0,0
110019,2,1,1,1,0,2,22
9811445,0,0,0,0,0,0,0
9606365,1,1,0,0,1,0,0
204152,0,0,0,0,0,0,0
9709437,0,0,0,0,0,0,0
9404326,1,1,0,0,1,0,0
108082,0,0,0,0,0,0,0
9705285,0,0,0,0,0,0,0
9807441,0,0,0,0,0,0,0
9310203,0,0,0,0,0,0,0
9705325,0,0,0,0,0,0,0
207105,0,0,0,0,0,0,0
202234,0,0,0,0,0,0,0
106262,1,1,0,0,0,1,4
201185,0,0,0,0,0,0,0
204159,1,1,0,0,1,0,0
210343,0,0,0,0,0,0,0
9605251,1,1,0,0,1,0,0
9308306,2,1,1,1,2,0,0
9612467,0,0,0,0,0,0,0
209228,0,0,0,0,0,0,0
11180,0,0,0,0,0,0,0
205304,0,0,0,0,0,0,0
106103,0,0,0,0,0,0,0
9910326,2,1,1,1,2,0,0
9512293,0,0,0,0,0,0,0
301065,0,0,0,0,0,0,0
9908266,0,0,0,0,0,0,0
212299,0,0,0,0,0,0,0
9907289,1,1,0,0,1,0,0
210444,0,0,0,0,0,0,0
9406253,0,0,0,0,0,0,0
203168,0,0,0,0,0,0,0
9902421,0,0,0,0,0,0,0
211389,0,0,0,0,0,0,0
211324,0,0,0,0,0,0,0
9711237,0,0,0,0,0,0,0
210397,0,0,0,0,0,0,0
9910266,0,0,0,0,0,0,0
203162,0,0,0,0,0,0,0
101011,2,1,1,1,2,0,0
9908206,0,0,0,0,0,0,0
210047,0,0,0,0,0,0,0
103329,0,0,0,0,0,0,0
302244,0,0,0,0,0,0,0
9406405,0,0,0,0,0,0,0
106310,0,0,0,0,0,0,0
110018,0,0,0,0,0,0,0
9703376,0,0,0,0,0,0,0
1135,0,0,0,0,0,0,0
207353,1,1,0,0,0,1,9
9705316,0,0,0,0,0,0,0
9812243,2,2,0,0,2,0,0
104082,1,1,0,0,0,1,3
8015,0,0,0,0,0,0,0
206173,0,0,0,0,0,0,0
9904482,0,0,0,0,0,0,0
9401289,0,0,0,0,0,0,0
9906474,0,0,0,0,0,0,0
205069,0,0,0,0,0,0,0
106146,1,1,0,0,0,1,9
9905325,1,1,0,0,1,0,0
302182,0,0,0,0,0,0,0
9407364,0,0,0,0,0,0,0
207218,0,0,0,0,0,0,0
212133,0,0,0,0,0,0,0
9502310,0,0,0,0,0,0,0
9407360,0,0,0,0,0,0,0
9912347,0,0,0,0,0,0,0
201100,0,0,0,0,0,0,0
9710299,0,0,0,0,0,0,0
9402343,0,0,0,0,0,0,0
212179,0,0,0,0,0,0,0
209162,0,0,0,0,0,0,0
107013,0,0,0,0,0,0,0
9407310,2,2,0,0,2,0,0
9407385,0,0,0,0,0,0,0
9807506,0,0,0,0,0,0,0
9804350,0,0,0,0,0,0,0
210101,0,0,0,0,0,0,0
108154,0,0,0,0,0,0,0
106020,0,0,0,0,0,0,0
106242,0,0,0,0,0,0,0
9302266,2,2,0,0,2,0,0
4149,1,1,0,0,0,1,3
103323,1,1,0,0,0,1,1
9902254,0,0,0,0,0,0,0
208008,0,0,0,0,0,0,0
9906425,1,1,0,0,1,0,0
7060,1,1,0,0,1,0,0
8045,0,0,0,0,0,0,0
9908500,0,0,0,0,0,0,0
201222,0,0,0,0,0,0,0
211125,0,0,0,0,0,0,0
210248,0,0,0,0,0,0,0
111330,0,0,0,0,0,0,0
4146,0,0,0,0,0,0,0
9908405,0,0,0,0,0,0,0
106235,0,0,0,0,0,0,0
211107,0,0,0,0,0,0,0
9706495,0,0,0,0,0,0,0
111400,0,0,0,0,0,0,0
205025,1,1,0,0,0,1,1
9807404,0,0,0,0,0,0,0
9701339,0,0,0,0,0,0,0
9410402,0,0,0,0,0,0,0
9708333,0,0,0,0,0,0,0
9809488,0,0,0,0,0,0,0
9401248,0,0,0,0,0,0,0
207369,0,0,0,0,0,0,0
9602371,0,0,0,0,0,0,0
9902477,0,0,0,0,0,0,0
210107,0,0,0,0,0,0,0
9806414,0,0,0,0,0,0,0
102143,1,1,0,0,1,0,0
5143,0,0,0,0,0,0,0
9711397,1,1,0,0,1,0,0
9801231,0,0,0,0,0,0,0
9803293,0,0,0,0,0,0,0
211102,0,0,0,0,0,0,0
9701280,0,0,0,0,0,0,0
208211,0,0,0,0,0,0,0
9809551,1,1,0,0,1,0,0
9709384,1,1,0,0,0,1,1
9409328,0,0,0,0,0,0,0
111228,0,0,0,0,0,0,0
7147,0,0,0,0,0,0,0
201126,0,0,0,0,0,0,0
210252,1,1,0,0,1,0,0
210001,0,0,0,0,0,0,0
205175,1,1,0,0,0,1,2
9811452,0,0,0,0,0,0,0
9701259,0,0,0,0,0,0,0
9909328,0,0,0,0,0,0,0
4088,1,1,0,0,1,0,0
301069,1,1,0,0,0,1,8
212185,0,0,0,0,0,0,0
301043,0,0,0,0,0,0,0
209317,0,0,0,0,0,0,0
209318,0,0,0,0,0,0,0
9806237,0,0,0,0,0,0,0
6126,0,0,0,0,0,0,0
9701265,1,1,0,0,1,0,0
208051,0,0,0,0,0,0,0
109270,0,0,0,0,0,0,0
210065,0,0,0,0,0,0,0
102035,0,0,0,0,0,0,0
9812452,0,0,0,0,0,0,0
301157,0,0,0,0,0,0,0
3106,0,0,0,0,0,0,0
9607231,0,0,0,0,0,0,0
207060,0,0,0,0,0,0,0
9907292,0,0,0,0,0,0,0
9710243,1,1,0,0,1,0,0
1284,1,1,0,0,1,0,0
9603375,0,0,0,0,0,0,0
9403373,1,1,0,0,1,0,0
211212,0,0,0,0,0,0,0
9311333,0,0,0,0,0,0,0
9612258,1,1,0,0,0,1,1
6124,74,3,71,451,1,73,157
9903535,28,3,25,132,19,9,14
301097,0,0,0,0,0,0,0
9304240,27,6,21,83,27,0,0
9703203,2,1,1,1,2,0,0
9706412,9,5,4,12,0,9,41
12256,3,2,1,1,0,3,20
9806287,32,7,25,92,0,32,192
9504418,8,1,7,16,8,0,0
9904295,2,1,1,1,0,2,8
8047,3,3,0,0,0,3,3
9509305,1,1,0,0,0,1,2
9503463,39,1,38,259,22,17,17
9511261,9,2,7,11,0,9,25
9503375,15,3,12,32,2,13,18
9712488,30,2,28,146,30,0,0
9505402,28,1,27,178,15,13,22
9402333,33,2,31,204,33,0,0
9509351,32,1,31,202,11,21,32
9910522,15,3,12,27,0,15,119
9810309,11,3,8,17,0,11,135
9712238,1,1,0,0,1,0,0
9711259,22,1,21,102,12,10,10
9811355,9,1,8,19,0,9,17
9604229,61,1,60,499,43,18,18
9810308,26,3,23,95,0,26,117
9910433,3,2,1,1,0,3,12
9510461,12,3,9,19,9,3,3
9503264,37,3,34,141,3,34,63
9808265,55,4,51,357,1,54,461
9308335,23,11,12,29,23,0,0
104063,1,1,0,0,0,1,2
9712306,19,1,18,62,2,17,34
2235,19,4,15,43,0,19,194
9404282,89,1,88,897,54,35,56
9601367,89,1,88,1019,12,77,162
9702410,7,1,6,10,0,7,28
106093,1,1,0,0,1,0,0
9303226,22,3,19,64,22,0,0
107074,5,4,1,1,0,5,72
10229,1,1,0,0,0,1,19
105003,29,4,25,118,0,29,256
9707482,27,6,21,104,0,27,272
111073,0,0,0,0,0,0,0
1093,14,3,11,24,7,7,10
9610345,48,3,45,239,7,41,51
9708447,3,1,2,3,0,3,9
9812272,8,4,4,8,0,8,36
9206266,45,4,41,503,45,0,0
9504265,16,2,14,43,1,15,115
9711460,19,5,14,28,0,19,96
9707323,11,3,8,19,4,7,27
9503236,26,2,24,139,0,26,135
9701294,40,2,38,361,19,21,21
9608229,38,1,37,230,22,16,16
9608401,31,1,30,146,31,0,0
9611432,1,1,0,0,0,1,2
9603270,3,1,2,2,0,3,3
9312228,10,1,9,20,10,0,0
9505219,20,3,17,79,20,0,0
9803363,41,1,40,291,2,39,196
9405207,58,9,49,284,4,54,166
9704245,17,1,16,52,0,17,159
9409391,18,3,15,47,5,13,13
9503255,4,2,2,2,0,4,32
9605317,45,4,41,218,20,25,33
102020,6,1,5,9,2,4,4
9608322,54,4,50,294,7,47,86
9203211,19,4,15,54,19,0,0
9409250,27,5,22,102,27,0,0
5003,35,2,33,120,0,35,303
9907502,11,1,10,26,1,10,23
9507414,37,3,34,214,1,36,67
9608341,2,1,1,1,0,2,21
9611272,26,2,24,127,3,23,23
101051,18,3,15,41,0,18,79
5225,24,2,22,82,0,24,130
9905523,58,1,57,513,0,58,425
9209241,35,13,22,93,35,0,0
101308,5,2,3,4,0,5,17
11027,3,1,2,2,0,3,71
202093,9,1,8,24,0,9,9
9211216,9,2,7,25,9,0,0
9801449,7,3,4,10,0,7,11
9903425,22,4,18,77,0,22,59
8058,22,3,19,61,0,22,61
9506283,8,3,5,11,0,8,20
9308210,14,3,11,19,9,5,5
9404212,20,5,15,54,8,12,12
9606484,8,3,5,6,1,7,7
9809543,54,4,50,293,0,54,365
9905536,28,4,24,58,0,28,378
9209236,13,2,11,36,13,0,0
102085,1,1,0,0,1,0,0
9701425,12,4,8,12,0,12,26
9511267,5,3,2,2,0,5,8
9602324,15,3,12,33,0,15,106
112255,24,5,19,47,0,24,140
9305348,49,2,47,266,49,0,0
9803320,7,1,6,19,1,6,21
7328,4,1,3,5,0,4,38
9804273,25,5,20,56,1,24,115
9402310,15,4,11,41,0,15,39
9905481,72,8,64,535,4,68,257
9704403,29,5,24,80,0,29,171
9305309,31,2,29,115,31,0,0
107151,20,7,13,26,0,20,135
9611437,14,11,3,4,0,14,85
9812369,24,2,22,65,0,24,123
11306,16,2,14,32,3,13,40
9910387,14,3,11,38,1,13,37
9805242,4,2,2,3,0,4,9
7201,7,1,6,9,1,6,6
5025,6,1,5,11,0,6,72
1192,9,3,6,21,7,2,2
9808287,16,2,14,57,0,16,43
9802299,23,2,21,79,23,0,0
9602320,10,2,8,22,2,8,11
8049,32,4,28,132,0,32,112
9903479,43,5,38,233,0,43,652
9907223,1,1,0,0,0,1,13
9911371,18,8,10,32,0,18,236
104178,8,2,6,13,0,8,149
9905237,22,1,21,121,22,0,0
106219,67,1,66,884,59,8,8
112186,20,2,18,82,0,20,171
2071,14,3,11,27,0,14,44
9301247,10,3,7,9,10,0,0
9906400,14,4,10,43,0,14,316
9211215,3,1,2,3,3,0,0
9707436,15,2,13,44,1,14,40
9506206,1,1,0,0,0,1,3
9904248,13,10,3,6,0,13,93
2152,6,0,6,10,4,2,4
9408282,6,3,3,4,6,0,0
9912373,7,1,6,12,5,2,2
9506243,39,3,36,149,5,34,80
101336,5,4,1,1,0,5,132
9501222,11,1,10,27,0,11,18
9506456,17,2,15,37,17,0,0
9511228,30,2,28,102,2,28,28
9602374,61,11,50,226,0,61,681
9610294,15,7,8,14,0,15,207
9702331,13,1,12,41,4,9,14
9905479,2,1,1,1,0,2,2
9405218,27,4,23,113,10,17,25
8308,15,6,9,24,0,15,91
6223,3,2,1,1,0,3,5
9903270,0,0,0,0,0,0,0
9906343,22,3,19,75,0,22,235
9704398,9,2,7,8,1,8,10
9803438,7,4,3,8,0,7,26
9604393,26,2,24,55,8,18,18
9809398,8,1,7,15,8,0,0
9911490,10,2,8,12,0,10,162
9145,11,6,5,12,0,11,95
9711349,16,5,11,43,16,0,0
9405355,28,7,21,75,6,22,40
7248,13,2,11,20,2,11,21
4251,5,1,4,9,0,5,55
9610214,4,1,3,5,0,4,22
9910388,12,3,9,30,0,12,57
9509217,7,2,5,10,0,7,11
9207268,12,1,11,19,12,0,0
9611450,10,3,7,16,2,8,8
9707365,14,5,9,15,0,14,105
9401311,7,2,5,8,5,2,2
9706330,0,0,0,0,0,0,0
9703417,3,2,1,1,0,3,20
9809568,1,1,0,0,0,1,5
9812348,5,2,3,3,0,5,21
9704319,10,3,7,11,0,10,20
9601356,35,2,33,215,0,35,120
9410225,9,2,7,18,0,9,51
9705416,31,7,24,130,0,31,386
9805315,18,2,16,56,0,18,43
9707211,2,1,1,1,2,0,0
110189,0,0,0,0,0,0,0
108112,1,1,0,0,0,1,4
9905254,1,1,0,0,1,0,0
108073,7,2,5,10,0,7,99
9904297,9,1,8,14,1,8,16
9503377,21,3,18,80,1,20,125
9712221,25,4,21,89,0,25,322
9901337,5,4,1,4,0,5,21
112279,11,4,7,22,0,11,31
3081,24,4,20,104,0,24,176
9312349,56,6,50,216,5,51,51
9612300,19,2,17,61,0,19,178
9501349,3,2,1,1,0,3,11
207126,0,0,0,0,0,0,0
9911247,3,3,0,0,0,3,10
9802370,5,3,2,2,2,3,8
9603217,3,3,0,0,1,2,3
9403358,5,1,4,8,0,5,6
9905489,3,1,2,2,0,3,7
104150,2,1,1,1,0,2,14
9701359,1,1,0,0,0,1,1
9610327,4,1,3,3,4,0,0
9907360,10,2,8,19,0,10,79
104146,8,4,4,7,0,8,110
9509374,9,1,8,11,4,5,7
9402295,19,4,15,55,9,10,18
9208231,16,5,11,19,16,0,0
9304249,3,2,1,1,0,3,3
9204226,9,2,7,17,9,0,0
9610506,8,1,7,12,1,7,20
9703316,14,3,11,26,14,0,0
207051,2,2,0,0,0,2,10
105034,3,2,1,1,0,3,15
104262,5,2,3,5,0,5,16
9305332,10,3,7,11,10,0,0
11357,4,2,2,2,0,4,9
103231,3,1,2,3,0,3,17
9306268,4,2,2,3,4,0,0
9612279,13,2,11,15,4,9,18
9211211,18,7,11,25,18,0,0
9504360,9,1,8,14,9,0,0
9802447,9,4,5,10,9,0,0
9410273,10,2,8,13,2,8,16
7295,0,0,0,0,0,0,0
9710244,6,5,1,1,0,6,21
6003,1,1,0,0,0,1,3
9712451,9,2,7,15,0,9,22
9606230,34,5,29,120,1,33,90
9708221,0,0,0,0,0,0,0
9804307,4,1,3,3,0,4,23
9803241,34,3,31,180,0,34,207
3328,7,3,4,6,0,7,25
9504256,11,2,9,18,11,0,0
6354,5,1,4,8,0,5,87
9141,13,1,12,32,1,12,116
9604359,4,2,2,2,0,4,16
9610280,12,8,4,4,3,9,13
9907503,5,1,4,6,0,5,36
4243,7,2,5,12,4,3,3
9903486,1,1,0,0,0,1,18
9707243,8,1,7,17,0,8,24
111224,6,1,5,12,0,6,51
203010,0,0,0,0,0,0,0
9405245,2,2,0,0,0,2,7
11121,2,1,1,1,0,2,11
103286,6,2,4,5,0,6,16
12145,12,2,10,25,0,12,97
104056,8,1,7,19,0,8,150
9405431,26,3,23,122,0,26,190
9607332,21,5,16,29,1,20,115
9511329,4,1,3,5,4,0,0
9703224,12,2,10,26,0,12,23
9407235,3,2,1,1,0,3,3
9804208,8,2,6,14,3,5,11
9709266,1,1,0,0,0,1,1
9307325,11,2,9,30,11,0,0
9404329,1,1,0,0,0,1,1
210380,1,1,0,0,0,1,4
9406362,2,1,1,1,0,2,10
104293,6,2,4,7,0,6,43
9812522,24,4,20,48,1,23,80
9605439,32,2,30,123,10,22,24
9905524,2,2,0,0,0,2,8
9502246,2,2,0,0,0,2,3
110291,7,3,4,7,0,7,26
112120,1,1,0,0,0,1,3
9907482,13,3,10,22,0,13,56
104112,11,1,10,35,0,11,27
9508253,7,3,4,4,0,7,64
105145,10,3,7,20,0,10,57
105212,16,3,13,30,0,16,42
9509201,15,1,14,55,2,13,13
9501280,8,3,5,8,1,7,11
205122,3,1,2,2,0,3,39
9807497,17,2,15,45,0,17,107
9504215,6,3,3,5,2,4,4
9906290,0,0,0,0,0,0,0
9707387,9,3,6,10,0,9,18
9706411,13,2,11,27,0,13,13
9804201,17,2,15,67,1,16,36
9902456,6,1,5,10,0,6,6
103287,6,1,5,7,2,4,4
110138,7,4,3,10,0,7,95
9612477,0,0,0,0,0,0,0
9404355,7,2,5,11,0,7,17
9512300,13,3,10,24,6,7,13
10310,0,0,0,0,0,0,0
9408365,6,4,2,7,0,6,20
9907297,3,3,0,0,0,3,7
9603336,3,1,2,2,0,3,18
9308235,2,2,0,0,2,0,0
9512259,7,4,3,3,1,6,6
9807280,0,0,0,0,0,0,0
9907528,6,4,2,2,0,6,25
102097,13,1,12,42,0,13,105
105128,2,1,1,1,2,0,0
9512374,3,3,0,0,0,3,11
9712384,5,3,2,3,0,5,14
9901428,1,1,0,0,0,1,5
9805259,26,1,25,111,0,26,117
106243,4,2,2,2,0,4,9
103306,2,1,1,1,0,2,8
9805472,4,2,2,3,0,4,51
9912336,13,1,12,32,0,13,69
9610455,3,2,1,1,0,3,32
9708265,5,1,4,6,0,5,9
9309328,1,1,0,0,1,0,0
7061,3,1,2,3,0,3,21
9908463,4,1,3,6,3,1,1
9607465,12,3,9,32,0,12,31
9802224,2,2,0,0,0,2,7
9505299,2,1,1,1,2,0,0
9901225,1,1,0,0,1,0,0
210219,0,0,0,0,0,0,0
8161,1,1,0,0,0,1,9
9909207,7,1,6,11,0,7,18
102039,2,2,0,0,0,2,6
1204,5,3,2,3,0,5,33
9204206,4,2,2,2,4,0,0
9702207,2,2,0,0,0,2,6
9805306,6,1,5,9,1,5,16
9710229,2,2,0,0,1,1,3
9702295,2,1,1,1,2,0,0
9406350,13,3,10,21,13,0,0
9605223,35,3,32,90,0,35,216
9908224,6,1,5,14,0,6,8
9209285,5,3,2,3,0,5,5
9508259,34,2,32,104,0,34,63
8289,1,1,0,0,0,1,6
9804397,11,5,6,10,0,11,36
9907224,28,3,25,124,0,28,199
1288,2,2,0,0,0,2,5
9708258,3,1,2,3,1,2,3
9711455,7,2,5,7,0,7,22
9812302,1,1,0,0,0,1,12
9506204,14,3,11,28,4,10,11
9806390,6,3,3,4,6,0,0
9510392,1,1,0,0,0,1,1
9808424,3,1,2,2,0,3,28
11211,3,1,2,2,0,3,9
9603315,0,0,0,0,0,0,0
9412218,1,1,0,0,1,0,0
101018,3,3,0,0,3,0,0
302232,0,0,0,0,0,0,0
201019,7,3,4,8,0,7,74
9712463,8,2,6,20,0,8,44
9907340,4,2,2,2,4,0,0
1051,0,0,0,0,0,0,0
106337,2,1,1,1,0,2,6
9801328,4,1,3,4,0,4,16
9506225,2,1,1,1,2,0,0
109030,11,1,10,20,0,11,40
111233,5,3,2,4,0,5,25
9605401,9,2,7,16,0,9,21
9605428,5,2,3,4,5,0,0
9302315,11,1,10,28,11,0,0
9704349,4,2,2,2,0,4,27
2002,1,1,0,0,0,1,5
101086,8,3,5,9,0,8,47
9811508,2,1,1,1,0,2,3
9703413,1,1,0,0,0,1,3
9811366,7,2,5,10,0,7,29
9607407,0,0,0,0,0,0,0
9701366,6,4,2,2,0,6,8
6175,9,3,6,13,0,9,26
9310332,18,5,13,42,18,0,0
9809287,4,3,1,1,0,4,12
9611206,11,1,10,19,1,10,15
9405309,2,2,0,0,0,2,4
9906301,11,6,5,11,0,11,62
5112,1,1,0,0,0,1,14
9702350,26,1,25,93,8,18,40
12305,5,2,3,3,0,5,37
9705413,14,6,8,9,14,0,0
9510304,18,2,16,66,12,6,6
104040,4,2,2,2,0,4,87
9411355,3,3,0,0,3,0,0
202218,5,2,3,3,0,5,26
9903483,1,1,0,0,0,1,1
9809450,2,1,1,1,0,2,4
104088,3,1,2,2,0,3,4
103124,10,4,6,12,0,10,40
7011,9,2,7,12,1,8,42
210155,2,1,1,1,0,2,24
9806379,3,2,1,1,2,1,1
9053,10,1,9,27,2,8,16
209153,1,1,0,0,1,0,0
9711213,4,1,3,3,0,4,16
9711221,2,2,0,0,0,2,5
9809409,7,1,6,11,0,7,28
202010,3,3,0,0,0,3,14
103173,1,1,0,0,0,1,1
9903328,9,2,7,14,0,9,59
108199,14,1,13,47,1,13,20
106097,5,1,4,7,1,4,12
109072,8,2,6,8,0,8,56
9910208,1,1,0,0,1,0,0
9707492,8,4,4,8,1,7,19
207210,3,2,1,1,0,3,16
209177,2,1,1,1,0,2,46
110114,5,1,4,5,0,5,50
9802268,1,1,0,0,1,0,0
9604342,0,0,0,0,0,0,0
9903233,2,2,0,0,0,2,2
7070,5,1,4,8,0,5,5
107175,3,1,2,3,0,3,13
9212253,11,5,6,14,11,0,0
9312249,12,1,11,19,12,0,0
208063,1,1,0,0,0,1,5
9702254,0,0,0,0,0,0,0
9406249,10,2,8,17,10,0,0
9906501,10,2,8,17,0,10,129
202115,1,1,0,0,0,1,1
205259,7,2,5,8,0,7,13
9801384,5,4,1,1,1,4,8
9709312,5,1,4,7,0,5,9
9703432,7,1,6,13,0,7,29
9305289,4,4,0,0,1,3,3
112094,6,3,3,3,0,6,63
11062,9,3,6,8,1,8,10
9706225,13,4,9,31,4,9,9
110075,17,2,15,39,0,17,82
9708394,1,1,0,0,1,0,0
9805311,6,1,5,10,3,3,4
9404332,4,3,1,1,4,0,0
7198,12,8,4,4,12,0,0
9711434,1,1,0,0,0,1,4
5039,1,1,0,0,0,1,1
102269,1,1,0,0,0,1,7
9809564,1,1,0,0,0,1,2
9904235,1,1,0,0,1,0,0
104263,2,1,1,1,0,2,24
9411425,11,3,8,32,11,0,0
9501366,4,2,2,2,0,4,18
9903543,4,2,2,2,0,4,62
9604284,12,2,10,28,0,12,24
210092,0,0,0,0,0,0,0
9209216,1,1,0,0,1,0,0
9808396,4,2,2,3,0,4,5
9512258,7,3,4,5,0,7,7
9712395,8,1,7,14,0,8,35
9902346,5,3,2,4,0,5,8
12154,3,1,2,2,0,3,8
9811405,6,1,5,10,0,6,17
210170,0,0,0,0,0,0,0
9705288,8,2,6,15,0,8,19
9703411,5,2,3,8,0,5,9
9609399,3,1,2,3,0,3,8
9308201,4,3,1,1,1,3,13
9208243,5,3,2,4,5,0,0
9908350,3,2,1,1,0,3,8
9510357,6,2,4,4,0,6,7
302072,0,0,0,0,0,0,0
9306279,0,0,0,0,0,0,0
9212264,1,1,0,0,1,0,0
9604405,1,1,0,0,1,0,0
9801412,2,2,0,0,0,2,11
110237,3,2,1,1,0,3,40
111254,5,4,1,1,0,5,29
203137,21,5,16,42,0,21,384
9811315,4,4,0,0,0,4,9
9705302,5,3,2,2,1,4,4
9301287,2,1,1,1,2,0,0
9607413,0,0,0,0,0,0,0
9506322,2,2,0,0,0,2,2
7297,2,2,0,0,2,0,0
9810402,0,0,0,0,0,0,0
6085,3,1,2,2,1,2,4
9409457,4,1,3,4,0,4,4
9906342,0,0,0,0,0,0,0
9912525,9,2,7,12,0,9,37
109217,7,3,4,9,0,7,65
9703289,5,5,0,0,0,5,15
9809319,2,1,1,1,0,2,5
204079,15,5,10,20,0,15,151
204340,1,1,0,0,0,1,2
9206221,5,5,0,0,5,0,0
9904201,7,1,6,14,1,6,28
9612223,7,3,4,8,0,7,10
9405314,0,0,0,0,0,0,0
9705453,5,5,0,0,1,4,21
9711478,5,3,2,5,0,5,9
202191,11,4,7,10,0,11,179
4178,1,1,0,0,0,1,1
110310,4,4,0,0,0,4,8
107141,9,3,6,19,0,9,42
9304284,2,2,0,0,2,0,0
9603370,1,1,0,0,0,1,9
9805283,0,0,0,0,0,0,0
209058,0,0,0,0,0,0,0
9906420,3,1,2,2,0,3,9
9407260,16,4,12,43,16,0,0
12188,0,0,0,0,0,0,0
9509415,3,1,2,2,3,0,0
105338,3,2,1,1,1,2,2
3311,2,1,1,1,2,0,0
9602384,1,1,0,0,0,1,1
9907356,2,2,0,0,0,2,22
9502229,7,1,6,13,7,0,0
9407225,1,1,0,0,0,1,3
9712427,0,0,0,0,0,0,0
9506445,12,4,8,17,7,5,5
210372,2,1,1,1,2,0,0
9502314,2,2,0,0,1,1,1
9907216,2,1,1,1,0,2,8
8233,1,1,0,0,1,0,0
9708347,0,0,0,0,0,0,0
9103,0,0,0,0,0,0,0
102121,1,1,0,0,0,1,11
9703387,1,1,0,0,0,1,2
6156,3,3,0,0,3,0,0
103037,1,1,0,0,0,1,1
9609319,1,1,0,0,1,0,0
204303,0,0,0,0,0,0,0
9807427,5,1,4,10,5,0,0
9506292,2,2,0,0,0,2,2
6355,1,1,0,0,0,1,1
9705249,3,1,2,2,2,1,2
9505356,3,3,0,0,0,3,7
5060,4,2,2,2,0,4,10
9402349,1,1,0,0,1,0,0
204008,2,1,1,1,1,1,1
11111,2,1,1,1,0,2,10
108163,1,1,0,0,0,1,6
9812325,3,1,2,2,3,0,0
201064,0,0,0,0,0,0,0
112259,6,4,2,2,0,6,87
9907392,0,0,0,0,0,0,0
207300,6,4,2,5,0,6,56
204289,1,1,0,0,0,1,1
203006,6,1,5,7,0,6,20
12367,7,2,5,11,0,7,54
301240,0,0,0,0,0,0,0
9708440,3,2,1,2,1,2,2
9402305,3,3,0,0,3,0,0
9501355,1,1,0,0,0,1,5
10315,3,3,0,0,3,0,0
2100,3,2,1,2,1,2,2
106104,1,1,0,0,0,1,19
9809566,5,1,4,9,4,1,1
201006,3,1,2,2,0,3,6
9608357,0,0,0,0,0,0,0
9506410,0,0,0,0,0,0,0
110319,0,0,0,0,0,0,0
9807573,2,1,1,1,0,2,2
5318,6,2,4,4,0,6,33
9911399,0,0,0,0,0,0,0
9707389,8,1,7,15,8,0,0
9907561,2,1,1,1,0,2,2
302193,0,0,0,0,0,0,0
108129,1,1,0,0,0,1,2
8083,5,3,2,3,1,4,8
207248,1,1,0,0,0,1,6
9401306,2,2,0,0,2,0,0
9503372,7,2,5,8,7,0,0
9712373,0,0,0,0,0,0,0
1102,4,1,3,4,1,3,3
102086,5,2,3,4,0,5,21
104115,1,1,0,0,0,1,4
9603338,2,2,0,0,0,2,5
9911351,0,0,0,0,0,0,0
9812234,2,2,0,0,0,2,11
9611300,3,2,1,2,0,3,5
9607331,3,3,0,0,2,1,3
9706531,5,2,3,5,0,5,9
2024,10,6,4,5,0,10,22
110280,2,1,1,1,0,2,6
110059,0,0,0,0,0,0,0
9803275,1,1,0,0,0,1,1
10302,3,1,2,3,0,3,5
9905511,1,1,0,0,0,1,1
9908324,2,2,0,0,0,2,6
7180,4,3,1,2,0,4,15
9906216,2,1,1,1,0,2,6
9811477,1,1,0,0,1,0,0
9512393,6,1,5,11,0,6,20
206206,2,1,1,1,0,2,7
7284,2,2,0,0,2,0,0
9903517,5,2,3,5,1,4,11
9702206,3,2,1,1,0,3,14
9302254,3,2,1,1,3,0,0
101109,2,1,1,1,2,0,0
11212,0,0,0,0,0,0,0
9710396,1,1,0,0,1,0,0
102063,1,1,0,0,0,1,2
9904330,5,4,1,1,0,5,24
9312247,3,1,2,3,3,0,0
102101,2,1,1,1,0,2,2
110287,8,2,6,21,0,8,65
9405242,4,3,1,1,4,0,0
9701203,0,0,0,0,0,0,0
9710466,1,1,0,0,0,1,2
9807422,7,2,5,10,7,0,0
9710553,3,3,0,0,3,0,0
9804461,3,3,0,0,0,3,21
9703214,6,2,4,5,5,1,1
5212,1,1,0,0,0,1,1
102082,1,1,0,0,0,1,4
106351,0,0,0,0,0,0,0
9708233,1,1,0,0,1,0,0
302274,0,0,0,0,0,0,0
9703231,0,0,0,0,0,0,0
9904439,3,2,1,1,3,0,0
3255,0,0,0,0,0,0,0
9191,0,0,0,0,0,0,0
109210,1,1,0,0,0,1,1
202227,3,2,1,2,3,0,0
4176,12,2,10,19,0,12,73
6098,3,1,2,3,0,3,36
204347,0,0,0,0,0,0,0
202152,2,1,1,1,0,2,2
11009,2,1,1,1,1,1,1
9802324,2,2,0,0,0,2,3
110017,2,1,1,1,0,2,12
9312213,2,2,0,0,1,1,1
102023,2,2,0,0,0,2,10
6019,1,1,0,0,1,0,0
9512431,1,1,0,0,1,0,0
210331,4,3,1,1,0,4,20
204138,0,0,0,0,0,0,0
9610239,0,0,0,0,0,0,0
209245,0,0,0,0,0,0,0
201152,5,2,3,3,0,5,13
9909366,5,1,4,7,0,5,19
201112,1,1,0,0,0,1,2
212162,1,1,0,0,0,1,4
9906468,5,1,4,8,0,5,10
212101,0,0,0,0,0,0,0
9407294,1,1,0,0,0,1,1
102175,0,0,0,0,0,0,0
9804345,7,2,5,14,0,7,7
110181,7,1,6,16,0,7,10
2243,1,1,0,0,0,1,1
9504271,0,0,0,0,0,0,0
9610228,5,2,3,8,3,2,2
108132,2,1,1,1,0,2,4
9912443,0,0,0,0,0,0,0
9802320,0,0,0,0,0,0,0
3135,4,1,3,4,0,4,15
9807257,1,1,0,0,0,1,6
9905504,3,1,2,3,0,3,3
9901308,2,1,1,1,2,0,0
9304259,1,1,0,0,1,0,0
9712261,1,1,0,0,0,1,1
9506434,3,2,1,1,3,0,0
9606393,2,2,0,0,0,2,13
111453,0,0,0,0,0,0,0
10309,0,0,0,0,0,0,0
205344,1,1,0,0,0,1,1
9805455,2,1,1,1,2,0,0
9902363,0,0,0,0,0,0,0
9307373,1,1,0,0,1,0,0
9401343,3,2,1,1,3,0,0
9503315,2,2,0,0,2,0,0
9912474,2,1,1,1,0,2,8
9907376,1,1,0,0,0,1,1
9507325,1,1,0,0,0,1,3
204165,2,2,0,0,0,2,2
110388,0,0,0,0,0,0,0
9902382,1,1,0,0,0,1,3
9306265,3,3,0,0,2,1,2
201075,2,2,0,0,0,2,22
9506227,3,1,2,2,0,3,3
9709331,0,0,0,0,0,0,0
9351,0,0,0,0,0,0,0
3152,2,1,1,1,2,0,0
112134,2,2,0,0,0,2,25
11230,4,1,3,4,0,4,4
9812222,1,1,0,0,1,0,0
9909298,1,1,0,0,1,0,0
212134,0,0,0,0,0,0,0
9408314,0,0,0,0,0,0,0
9810287,0,0,0,0,0,0,0
9911326,0,0,0,0,0,0,0
7118,0,0,0,0,0,0,0
9504425,0,0,0,0,0,0,0
9405287,2,1,1,1,2,0,0
9806269,2,2,0,0,0,2,3
9711340,1,1,0,0,0,1,2
209355,0,0,0,0,0,0,0
9909550,2,1,1,1,0,2,6
9906321,6,1,5,11,6,0,0
210122,0,0,0,0,0,0,0
208121,3,2,1,1,0,3,27
9901268,0,0,0,0,0,0,0
9809327,0,0,0,0,0,0,0
9811453,4,2,2,3,4,0,0
9512391,0,0,0,0,0,0,0
9610264,0,0,0,0,0,0,0
9804327,1,1,0,0,0,1,2
9906533,2,2,0,0,2,0,0
205266,2,2,0,0,0,2,5
9901427,0,0,0,0,0,0,0
9705404,0,0,0,0,0,0,0
207247,0,0,0,0,0,0,0
11377,0,0,0,0,0,0,0
9905229,1,1,0,0,0,1,1
9806209,1,1,0,0,0,1,2
108207,1,1,0,0,1,0,0
101061,2,2,0,0,0,2,2
9503371,0,0,0,0,0,0,0
9808405,0,0,0,0,0,0,0
201102,1,1,0,0,0,1,1
9608218,1,1,0,0,0,1,8
10292,3,3,0,0,0,3,10
207335,2,1,1,1,2,0,0
107208,1,1,0,0,0,1,1
7347,1,1,0,0,1,0,0
9311234,2,2,0,0,2,0,0
9906255,3,1,2,2,3,0,0
211333,0,0,0,0,0,0,0
106038,3,1,2,2,1,2,3
105109,3,2,1,1,0,3,9
9807382,6,5,1,1,1,5,9
210403,1,1,0,0,0,1,1
302245,0,0,0,0,0,0,0
202251,1,1,0,0,0,1,15
105092,3,3,0,0,0,3,8
203097,1,1,0,0,0,1,10
206284,3,1,2,2,0,3,20
9406284,2,1,1,1,2,0,0
210333,0,0,0,0,0,0,0
9412321,2,2,0,0,2,0,0
9605216,2,2,0,0,0,2,4
204237,1,1,0,0,0,1,1
102233,2,1,1,1,0,2,2
107158,1,1,0,0,0,1,2
9210249,5,3,2,3,5,0,0
9307212,1,1,0,0,1,0,0
110248,3,1,2,2,0,3,10
209191,0,0,0,0,0,0,0
302234,0,0,0,0,0,0,0
208270,0,0,0,0,0,0,0
9905230,1,1,0,0,1,0,0
9404345,3,2,1,1,3,0,0
9509203,0,0,0,0,0,0,0
109171,1,1,0,0,0,1,4
207182,2,1,1,1,0,2,5
2029,1,1,0,0,0,1,1
109169,0,0,0,0,0,0,0
9610312,2,2,0,0,2,0,0
9705203,3,2,1,1,0,3,8
9307231,2,1,1,1,2,0,0
11184,2,1,1,1,2,0,0
301224,0,0,0,0,0,0,0
9710307,1,1,0,0,0,1,7
112157,3,1,2,2,0,3,20
9603211,3,1,2,2,2,1,1
9512402,0,0,0,0,0,0,0
204155,0,0,0,0,0,0,0
106194,2,2,0,0,0,2,14
205294,2,1,1,1,0,2,2
9604274,2,2,0,0,2,0,0
7200,1,1,0,0,1,0,0
108257,1,1,0,0,0,1,2
102179,2,1,1,1,0,2,4
9512285,2,2,0,0,2,0,0
9807301,0,0,0,0,0,0,0
9809382,0,0,0,0,0,0,0
9902454,0,0,0,0,0,0,0
111006,1,1,0,0,0,1,6
9903293,4,2,2,2,4,0,0
9309206,1,1,0,0,0,1,1
9611345,4,2,2,2,4,0,0
9709404,2,2,0,0,0,2,2
112063,0,0,0,0,0,0,0
9505444,1,1,0,0,1,0,0
9410284,1,1,0,0,0,1,9
9603275,0,0,0,0,0,0,0
9504381,2,1,1,1,2,0,0
9307216,1,1,0,0,1,0,0
101216,2,1,1,1,2,0,0
9502387,0,0,0,0,0,0,0
9508371,0,0,0,0,0,0,0
9502241,1,1,0,0,1,0,0
9805492,0,0,0,0,0,0,0
210434,0,0,0,0,0,0,0
12233,0,0,0,0,0,0,0
7220,2,2,0,0,0,2,8
9507385,0,0,0,0,0,0,0
9507308,1,1,0,0,0,1,1
9509215,0,0,0,0,0,0,0
9603334,0,0,0,0,0,0,0
9605322,0,0,0,0,0,0,0
9903213,0,0,0,0,0,0,0
9409230,0,0,0,0,0,0,0
110080,2,2,0,0,0,2,14
102004,0,0,0,0,0,0,0
111038,0,0,0,0,0,0,0
9606480,0,0,0,0,0,0,0
9808260,1,1,0,0,0,1,4
110274,0,0,0,0,0,0,0
104181,3,1,2,2,3,0,0
101271,0,0,0,0,0,0,0
9411248,0,0,0,0,0,0,0
9708282,0,0,0,0,0,0,0
302007,0,0,0,0,0,0,0
9608448,3,1,2,2,3,0,0
9902333,0,0,0,0,0,0,0
210303,2,1,1,1,0,2,4
9501278,1,1,0,0,1,0,0
9310268,1,1,0,0,1,0,0
101027,2,2,0,0,2,0,0
9503496,3,3,0,0,3,0,0
103349,1,1,0,0,1,0,0
208216,0,0,0,0,0,0,0
9511304,0,0,0,0,0,0,0
108218,1,1,0,0,0,1,1
9404341,2,1,1,1,2,0,0
103344,0,0,0,0,0,0,0
6155,0,0,0,0,0,0,0
9709258,0,0,0,0,0,0,0
208055,0,0,0,0,0,0,0
9510233,0,0,0,0,0,0,0
9904296,5,3,2,3,5,0,0
2219,0,0,0,0,0,0,0
9710221,0,0,0,0,0,0,0
9710285,0,0,0,0,0,0,0
207001,0,0,0,0,0,0,0
208042,0,0,0,0,0,0,0
9908277,0,0,0,0,0,0,0
9404358,1,1,0,0,1,0,0
112288,0,0,0,0,0,0,0
9808407,1,1,0,0,1,0,0
201155,2,1,1,1,0,2,7
201235,0,0,0,0,0,0,0
102345,1,1,0,0,1,0,0
1155,0,0,0,0,0,0,0
207256,0,0,0,0,0,0,0
210098,1,1,0,0,0,1,5
9911486,0,0,0,0,0,0,0
9506390,0,0,0,0,0,0,0
211129,1,1,0,0,1,0,0
302057,0,0,0,0,0,0,0
9310370,1,1,0,0,1,0,0
9710555,0,0,0,0,0,0,0
9706215,0,0,0,0,0,0,0
9706432,0,0,0,0,0,0,0
9903405,3,2,1,2,3,0,0
6065,2,1,1,1,2,0,0
9811400,1,1,0,0,0,1,4
9611355,1,1,0,0,1,0,0
9611332,0,0,0,0,0,0,0
9505351,1,1,0,0,1,0,0
8174,0,0,0,0,0,0,0
9811429,0,0,0,0,0,0,0
9505236,0,0,0,0,0,0,0
8011,0,0,0,0,0,0,0
9810317,0,0,0,0,0,0,0
9807536,0,0,0,0,0,0,0
9504328,0,0,0,0,0,0,0
212271,0,0,0,0,0,0,0
9183,1,1,0,0,0,1,3
9905269,1,1,0,0,0,1,5
209270,0,0,0,0,0,0,0
209261,0,0,0,0,0,0,0
102008,1,1,0,0,0,1,1
9710435,0,0,0,0,0,0,0
302095,0,0,0,0,0,0,0
9502242,0,0,0,0,0,0,0
207350,1,1,0,0,0,1,14
9607283,0,0,0,0,0,0,0
9911417,0,0,0,0,0,0,0
9512243,2,1,1,1,2,0,0
9901223,0,0,0,0,0,0,0
107314,0,0,0,0,0,0,0
9602416,2,1,1,1,2,0,0
212286,1,1,0,0,0,1,14
9801285,1,1,0,0,1,0,0
9307358,0,0,0,0,0,0,0
102191,0,0,0,0,0,0,0
12214,0,0,0,0,0,0,0
9402267,0,0,0,0,0,0,0
12158,0,0,0,0,0,0,0
9907242,0,0,0,0,0,0,0
302241,0,0,0,0,0,0,0
9704365,0,0,0,0,0,0,0
212060,0,0,0,0,0,0,0
212282,0,0,0,0,0,0,0
202141,0,0,0,0,0,0,0
9706293,0,0,0,0,0,0,0
9603260,0,0,0,0,0,0,0
9406282,1,1,0,0,1,0,0
9504367,1,1,0,0,1,0,0
9811461,0,0,0,0,0,0,0
302219,0,0,0,0,0,0,0
9610317,0,0,0,0,0,0,0
209024,1,1,0,0,0,1,5
111274,0,0,0,0,0,0,0
301088,0,0,0,0,0,0,0
9907309,0,0,0,0,0,0,0
9906430,0,0,0,0,0,0,0
11001,0,0,0,0,0,0,0
9903433,0,0,0,0,0,0,0
201165,0,0,0,0,0,0,0
3057,0,0,0,0,0,0,0
9810434,1,1,0,0,1,0,0
103303,1,1,0,0,0,1,5
9407387,0,0,0,0,0,0,0
4166,1,1,0,0,1,0,0
9804213,0,0,0,0,0,0,0
9912400,1,1,0,0,1,0,0
12355,0,0,0,0,0,0,0
9305339,0,0,0,0,0,0,0
12027,0,0,0,0,0,0,0
9909503,0,0,0,0,0,0,0
212045,0,0,0,0,0,0,0
102161,1,1,0,0,0,1,1
104184,0,0,0,0,0,0,0
9811228,1,1,0,0,1,0,0
211343,0,0,0,0,0,0,0
9207271,1,1,0,0,1,0,0
206188,0,0,0,0,0,0,0
9902288,1,1,0,0,0,1,4
9712529,0,0,0,0,0,0,0
209150,0,0,0,0,0,0,0
9911416,1,1,0,0,1,0,0
9705419,0,0,0,0,0,0,0
211226,0,0,0,0,0,0,0
9507360,1,1,0,0,1,0,0
210448,1,1,0,0,0,1,11
5304,0,0,0,0,0,0,0
9605205,1,1,0,0,0,1,1
9805491,0,0,0,0,0,0,0
9501261,0,0,0,0,0,0,0
9503201,1,1,0,0,1,0,0
103098,0,0,0,0,0,0,0
105185,0,0,0,0,0,0,0
208276,0,0,0,0,0,0,0
9905322,0,0,0,0,0,0,0
9302275,1,1,0,0,1,0,0
202052,0,0,0,0,0,0,0
205328,0,0,0,0,0,0,0
9405333,1,1,0,0,1,0,0
9603254,0,0,0,0,0,0,0
203086,0,0,0,0,0,0,0
301048,0,0,0,0,0,0,0
9702329,0,0,0,0,0,0,0
9203221,1,1,0,0,1,0,0
8027,0,0,0,0,0,0,0
211417,0,0,0,0,0,0,0
9909533,0,0,0,0,0,0,0
9702233,1,1,0,0,0,1,1
9403296,1,1,0,0,1,0,0
8250,0,0,0,0,0,0,0
301171,1,1,0,0,0,1,6
108156,1,1,0,0,1,0,0
9307308,0,0,0,0,0,0,0
9609336,0,0,0,0,0,0,0
7150,1,1,0,0,0,1,1
105017,0,0,0,0,0,0,0
9912507,3,2,1,1,3,0,0
208090,0,0,0,0,0,0,0
9406308,1,1,0,0,1,0,0
9506435,0,0,0,0,0,0,0
9312290,0,0,0,0,0,0,0
302106,0,0,0,0,0,0,0
9910455,1,1,0,0,0,1,1
9905564,1,1,0,0,1,0,0
301129,0,0,0,0,0,0,0
302183,0,0,0,0,0,0,0
301058,1,1,0,0,0,1,4
111248,0,0,0,0,0,0,0
3016,1,1,0,0,1,0,0
9602244,0,0,0,0,0,0,0
106209,0,0,0,0,0,0,0
111195,0,0,0,0,0,0,0
9411385,0,0,0,0,0,0,0
9810274,0,0,0,0,0,0,0
206056,1,1,0,0,1,0,0
201057,0,0,0,0,0,0,0
9403214,1,1,0,0,0,1,1
9912477,0,0,0,0,0,0,0
109209,0,0,0,0,0,0,0
9409365,0,0,0,0,0,0,0
9301251,2,2,0,0,2,0,0
9808473,0,0,0,0,0,0,0
211133,0,0,0,0,0,0,0
6337,0,0,0,0,0,0,0
4089,0,0,0,0,0,0,0
9604379,0,0,0,0,0,0,0
9304,0,0,0,0,0,0,0
9610462,0,0,0,0,0,0,0
4224,0,0,0,0,0,0,0
9609328,0,0,0,0,0,0,0
103250,0,0,0,0,0,0,0
206102,0,0,0,0,0,0,0
9408347,0,0,0,0,0,0,0
301212,0,0,0,0,0,0,0
110151,0,0,0,0,0,0,0
9611295,2,1,1,1,2,0,0
212158,0,0,0,0,0,0,0
301193,0,0,0,0,0,0,0
212359,0,0,0,0,0,0,0
111065,0,0,0,0,0,0,0
101120,0,0,0,0,0,0,0
2012,0,0,0,0,0,0,0
209012,0,0,0,0,0,0,0
12248,0,0,0,0,0,0,0
10318,0,0,0,0,0,0,0
106117,0,0,0,0,0,0,0
212230,0,0,0,0,0,0,0
205303,1,1,0,0,0,1,4
9610459,0,0,0,0,0,0,0
9801393,0,0,0,0,0,0,0
9812374,0,0,0,0,0,0,0
301225,0,0,0,0,0,0,0
9809581,0,0,0,0,0,0,0
9907364,0,0,0,0,0,0,0
9608372,0,0,0,0,0,0,0
9084,0,0,0,0,0,0,0
1187,0,0,0,0,0,0,0
112136,0,0,0,0,0,0,0
210275,0,0,0,0,0,0,0
210169,0,0,0,0,0,0,0
9706321,0,0,0,0,0,0,0
209362,0,0,0,0,0,0,0
301241,0,0,0,0,0,0,0
205300,0,0,0,0,0,0,0
210176,0,0,0,0,0,0,0
212407,0,0,0,0,0,0,0
12149,1,1,0,0,1,0,0
9408405,0,0,0,0,0,0,0
11224,0,0,0,0,0,0,0
9811269,0,0,0,0,0,0,0
110271,0,0,0,0,0,0,0
9702314,25,1,24,108,13,12,22
6351,27,2,25,101,0,27,197
9907243,13,4,9,35,1,12,19
111276,3,1,2,2,0,3,8
9306256,34,4,30,158,34,0,0
106344,1,1,0,0,0,1,6
9708357,8,3,5,14,0,8,13
12332,7,3,4,4,0,7,58
9806289,8,3,5,6,0,8,28
9506386,6,1,5,7,1,5,5
9603409,11,3,8,19,0,11,22
9810383,5,2,3,3,5,0,0
9511219,2,2,0,0,0,2,8
9505251,34,1,33,185,3,31,66
9505366,1,1,0,0,0,1,3
9502418,15,1,14,35,0,15,47
9806387,123,3,120,1538,56,67,105
9807235,91,4,87,957,15,76,145
9403201,20,3,17,67,20,0,0
9511446,22,3,19,67,22,0,0
9911224,6,3,3,3,0,6,24
9508247,41,3,38,255,4,37,65
9801320,1,1,0,0,0,1,2
9810435,20,2,18,52,1,19,45
9301268,24,3,21,68,24,0,0
9607310,49,3,46,291,1,48,114
9811479,10,3,7,9,0,10,79
9803415,8,2,6,10,8,0,0
9409367,11,2,9,21,1,10,18
9504314,47,6,41,154,5,42,87
9808304,33,2,31,138,0,33,216
9311269,31,11,20,57,3,28,95
105049,3,2,1,1,0,3,11
9802361,25,3,22,72,0,25,95
4247,33,2,31,155,0,33,257
9707521,30,1,29,136,1,29,170
9602239,69,2,67,650,0,69,162
9703211,31,6,25,105,0,31,529
9609357,12,5,7,17,4,8,28
9303294,15,1,14,46,15,0,0
110253,6,4,2,3,0,6,22
9903456,45,8,37,201,0,45,509
107320,8,5,3,3,0,8,74
9710312,18,2,16,51,2,16,77
5323,3,3,0,0,0,3,9
9506291,10,1,9,14,10,0,0
9711384,26,5,21,76,1,25,69
9902355,9,2,7,14,0,9,28
9811235,9,5,4,6,5,4,4
9302210,76,6,70,771,15,61,150
9504427,25,2,23,131,3,22,127
9803399,5,2,3,5,0,5,22
9712385,12,2,10,25,0,12,56
9511336,14,1,13,54,0,14,90
9702245,58,4,54,510,12,46,47
9612235,24,1,23,103,3,21,53
9610260,23,2,21,96,0,23,23
9705389,1,1,0,0,0,1,3
9609468,4,3,1,2,2,2,4
9812378,9,2,7,22,3,6,6
9512206,16,2,14,62,16,0,0
9803454,38,2,36,213,0,38,250
9605465,26,7,19,54,0,26,296
9708372,13,2,11,28,0,13,68
9409440,52,5,47,247,0,52,229
9211249,22,3,19,94,22,0,0
9609301,7,1,6,10,0,7,14
103219,9,3,6,17,0,9,12
9612431,9,2,7,20,2,7,7
9204210,12,4,8,21,12,0,0
9508202,36,2,34,258,36,0,0
6205,9,2,7,12,0,9,53
9908269,9,1,8,16,2,7,15
9604340,31,3,28,193,0,31,87
9704399,10,2,8,19,0,10,67
9706545,11,2,9,27,0,11,39
6148,2,1,1,1,0,2,6
5228,28,2,26,97,0,28,200
9906478,74,4,70,686,0,74,702
9209247,6,2,4,6,6,0,0
9405262,30,2,28,149,30,0,0
107003,4,1,3,4,0,4,29
206023,7,2,5,12,0,7,39
9211222,9,2,7,25,9,0,0
9808275,11,2,9,24,0,11,62
9812397,33,5,28,112,0,33,392
106119,17,7,10,24,0,17,143
9605445,11,2,9,23,0,11,30
9403295,25,8,17,45,14,11,14
9404342,15,6,9,21,5,10,10
9608321,7,6,1,1,0,7,43
9809572,50,11,39,258,0,50,386
9906281,41,2,39,260,0,41,237
9802382,9,1,8,19,9,0,0
10153,3,3,0,0,3,0,0
9704434,10,5,5,8,3,7,12
9601249,29,5,24,124,4,25,61
9604202,15,4,11,26,0,15,121
205102,8,2,6,11,0,8,94
9309272,12,1,11,26,12,0,0
9804283,15,2,13,48,1,14,47
9504373,15,2,13,42,2,13,13
9403264,37,3,34,163,37,0,0
9407214,12,3,9,49,0,12,74
9907261,45,2,43,273,0,45,219
9705444,17,2,15,52,0,17,54
9307235,18,2,16,46,2,16,16
107316,18,3,15,35,0,18,188
104304,31,2,29,119,1,30,73
9903402,49,2,47,306,1,48,247
102234,43,1,42,235,20,23,34
105269,9,3,6,14,0,9,149
9612294,9,3,6,15,0,9,46
8086,8,1,7,12,1,7,23
7142,31,2,29,170,0,31,240
7099,6,1,5,9,0,6,19
9902443,15,1,14,60,1,14,37
9603444,3,2,1,1,1,2,2
9907507,10,3,7,22,2,8,15
8144,24,1,23,87,0,24,131
9904220,45,5,40,332,0,45,352
9907328,6,1,5,8,0,6,69
9504355,7,4,3,4,2,5,5
201274,16,3,13,44,0,16,374
9610499,9,4,5,9,0,9,32
106295,67,2,65,825,2,65,65
2041,11,2,9,36,11,0,0
9704207,161,6,155,1650,2,159,657
9410389,5,3,2,3,0,5,9
9908328,7,1,6,9,0,7,90
9212286,2,1,1,1,0,2,4
9801365,18,4,14,41,1,17,98
9803463,2,2,0,0,0,2,7
9211214,26,2,24,117,26,0,0
4191,8,1,7,13,0,8,28
9410259,6,3,3,4,1,5,20
9912467,4,2,2,2,0,4,12
9507416,32,5,27,96,3,29,71
1293,1,1,0,0,0,1,11
9305310,9,2,7,16,9,0,0
9705477,25,4,21,62,10,15,20
9604209,6,1,5,11,0,6,37
9605462,7,4,3,5,0,7,69
9609285,10,5,5,13,0,10,113
9702218,6,2,4,5,0,6,10
5004,5,3,2,4,1,4,16
9502300,45,1,44,336,11,34,34
10253,6,2,4,8,0,6,107
9610421,5,3,2,3,5,0,0
9603233,8,2,6,7,0,8,41
9907499,37,3,34,144,0,37,252
9607431,12,3,9,16,12,0,0
9809410,4,1,3,5,4,0,0
9609498,8,2,6,14,7,1,1
9809443,31,6,25,79,1,30,145
9912391,31,5,26,101,0,31,168
9911461,6,3,3,9,0,6,27
9711350,4,1,3,6,4,0,0
9506355,2,2,0,0,1,1,1
11215,20,9,11,22,0,20,149
5120,3,2,1,2,3,0,0
9610238,7,1,6,13,0,7,46
9806433,2,2,0,0,0,2,6
9401206,32,5,27,175,15,17,23
9804370,1,1,0,0,0,1,3
9704324,10,3,7,20,10,0,0
9709376,24,7,17,59,0,24,253
9811396,3,1,2,2,0,3,5
9511375,4,3,1,1,0,4,10
9706233,3,2,1,1,0,3,6
9705323,12,2,10,28,0,12,56
9712546,19,2,17,49,0,19,77
9707393,11,5,6,11,1,10,26
9609368,6,3,3,4,0,6,48
9612225,17,4,13,46,0,17,63
9706298,16,3,13,37,0,16,242
9806368,24,4,20,78,0,24,121
9512264,20,1,19,61,12,8,9
108147,9,2,7,12,0,9,21
2044,4,2,2,2,0,4,25
9906539,13,4,9,24,0,13,42
9505340,18,10,8,29,1,17,23
203014,0,0,0,0,0,0,0
9812454,4,1,3,5,0,4,19
9801204,7,2,5,9,1,6,35
9811470,9,1,8,21,5,4,4
9606486,20,2,18,77,20,0,0
3187,14,2,12,40,0,14,111
9402274,32,7,25,85,0,32,55
9612353,17,1,16,50,0,17,102
9405313,9,5,4,10,9,0,0
9604232,8,3,5,5,3,5,17
9512290,8,4,4,7,1,7,15
9403269,2,2,0,0,0,2,2
9804351,7,2,5,6,1,6,14
9508295,3,2,1,2,0,3,10
9812380,2,1,1,1,0,2,4
9206242,93,7,86,720,93,0,0
9702208,3,1,2,3,0,3,3
107276,0,0,0,0,0,0,0
9907425,15,3,12,64,0,15,53
108275,5,1,4,7,0,5,26
9601237,11,6,5,6,0,11,33
9507429,18,3,15,61,18,0,0
9211219,15,6,9,26,15,0,0
9205205,18,6,12,25,18,0,0
9303238,27,3,24,131,27,0,0
9709315,3,1,2,2,0,3,8
9704214,20,3,17,51,5,15,15
9911281,0,0,0,0,0,0,0
9404213,5,2,3,9,5,0,0
108135,2,1,1,1,0,2,9
6045,5,3,2,2,0,5,24
103202,4,3,1,1,0,4,7
109230,6,3,3,4,0,6,47
9707457,0,0,0,0,0,0,0
9801243,2,2,0,0,0,2,4
9304254,5,5,0,0,0,5,7
9610525,6,4,2,4,0,6,6
9903457,4,1,3,4,4,0,0
9704328,0,0,0,0,0,0,0
9706526,12,2,10,24,5,7,7
9703302,24,5,19,68,0,24,100
9311256,2,1,1,1,2,0,0
9907495,10,2,8,20,0,10,35
9609411,3,1,2,2,0,3,9
9702442,1,1,0,0,0,1,11
9601311,12,4,8,14,4,8,17
9806530,7,2,5,8,0,7,30
4086,8,3,5,9,1,7,22
9702255,4,1,3,3,4,0,0
9910214,8,3,5,12,0,8,135
11247,22,5,17,58,0,22,167
9610342,1,1,0,0,0,1,3
9402203,12,4,8,11,12,0,0
9811234,2,2,0,0,2,0,0
206052,0,0,0,0,0,0,0
9909364,5,3,2,2,0,5,27
6198,3,2,1,1,0,3,15
112310,6,2,4,8,0,6,45
7179,4,4,0,0,4,0,0
9806513,8,1,7,17,1,7,19
10192,17,4,13,28,0,17,80
9905506,2,2,0,0,0,2,5
106023,6,3,3,6,0,6,45
104106,8,5,3,3,0,8,19
9701409,0,0,0,0,0,0,0
9608297,12,2,10,31,0,12,32
9808411,3,1,2,3,3,0,0
9709355,1,1,0,0,0,1,4
9609447,13,3,10,38,0,13,90
9804265,14,2,12,28,8,6,10
9605344,2,1,1,1,2,0,0
9512211,0,0,0,0,0,0,0
9408386,5,2,3,3,0,5,5
6311,9,2,7,22,9,0,0
9407329,3,3,0,0,0,3,34
107307,2,2,0,0,0,2,11
9902250,11,5,6,10,5,6,6
9609207,20,6,14,44,0,20,57
9908281,0,0,0,0,0,0,0
210276,3,3,0,0,0,3,8
207107,4,4,0,0,0,4,10
202034,13,5,8,37,0,13,67
9611374,26,2,24,139,17,9,9
104130,10,1,9,25,0,10,30
9512335,1,1,0,0,0,1,9
9701419,17,4,13,59,1,16,30
110303,6,2,4,5,0,6,71
8020,10,3,7,15,0,10,48
9508323,7,2,5,6,7,0,0
205168,4,1,3,5,0,4,33
9905343,0,0,0,0,0,0,0
9303236,8,4,4,5,8,0,0
9406262,11,7,4,10,5,6,7
9709307,6,1,5,10,0,6,10
9806434,4,1,3,6,0,4,22
9805356,23,4,19,85,0,23,49
9905417,8,1,7,16,4,4,4
103289,5,3,2,2,2,3,3
9812535,0,0,0,0,0,0,0
9410318,8,4,4,10,8,0,0
9410343,10,3,7,20,1,9,17
105250,1,1,0,0,0,1,2
9606222,5,5,0,0,5,0,0
9506382,10,1,9,20,0,10,24
9908280,2,2,0,0,0,2,4
11291,0,0,0,0,0,0,0
9706524,0,0,0,0,0,0,0
9606471,2,2,0,0,0,2,4
9612327,3,2,1,1,0,3,22
9810553,20,1,19,57,20,0,0
104205,11,1,10,34,0,11,177
206191,1,1,0,0,0,1,1
9609467,13,2,11,23,1,12,37
9801274,0,0,0,0,0,0,0
6015,6,1,5,10,3,3,3
9809315,26,1,25,121,0,26,168
201306,1,1,0,0,0,1,2
9707421,6,3,3,7,0,6,10
205129,0,0,0,0,0,0,0
9912338,11,4,7,16,0,11,93
9907468,8,2,6,14,0,8,16
9409355,3,2,1,1,2,1,1
9504407,8,3,5,10,8,0,0
9801386,13,2,11,31,0,13,39
9911456,6,1,5,9,0,6,43
7148,3,2,1,1,0,3,4
9609436,13,1,12,30,4,9,9
9607438,1,1,0,0,0,1,1
9312255,1,1,0,0,1,0,0
9301256,1,1,0,0,1,0,0
9312268,13,2,11,24,13,0,0
9912491,3,1,2,2,0,3,7
9809312,9,4,5,10,3,6,6
9510207,10,1,9,18,1,9,10
9707218,3,1,2,2,2,1,1
9510294,2,1,1,1,0,2,4
9604280,13,1,12,34,13,0,0
9604253,6,3,3,3,2,4,8
9803228,6,3,3,5,0,6,50
9407204,13,4,9,19,13,0,0
9606263,20,4,16,36,0,20,154
9910393,8,1,7,20,0,8,16
2021,2,1,1,1,0,2,15
9512427,23,2,21,53,0,23,64
9603204,23,3,20,50,23,0,0
9906471,3,3,0,0,3,0,0
111240,0,0,0,0,0,0,0
9401221,3,3,0,0,0,3,3
9507404,0,0,0,0,0,0,0
9807201,8,4,4,5,0,8,47
9812303,4,2,2,2,0,4,27
9702394,11,2,9,19,1,10,24
9810527,0,0,0,0,0,0,0
9910429,0,0,0,0,0,0,0
9702340,0,0,0,0,0,0,0
9803232,9,2,7,24,0,9,23
9304276,13,6,7,14,13,0,0
9708304,2,1,1,1,0,2,2
9408269,0,0,0,0,0,0,0
212300,1,1,0,0,0,1,7
9902341,25,2,23,108,0,25,192
9802393,5,1,4,6,0,5,32
9801394,5,2,3,5,0,5,7
9712505,0,0,0,0,0,0,0
9502268,4,2,2,4,4,0,0
9803424,7,1,6,12,0,7,74
9605442,3,2,1,1,2,1,1
111089,8,1,7,11,0,8,32
111348,4,3,1,2,0,4,32
9705319,5,1,4,8,0,5,8
9802316,3,1,2,3,2,1,1
9310286,24,6,18,56,14,10,10
9707450,3,2,1,1,0,3,25
2086,4,2,2,3,0,4,41
207364,0,0,0,0,0,0,0
9411340,4,2,2,2,4,0,0
9304218,2,2,0,0,2,0,0
9805357,2,2,0,0,0,2,6
9303220,3,3,0,0,3,0,0
9702216,38,7,31,73,2,36,93
9406421,13,2,11,32,13,0,0
9312315,17,5,12,35,17,0,0
9706508,1,1,0,0,0,1,3
9604404,15,3,12,34,15,0,0
9602232,5,3,2,2,0,5,29
9908213,4,1,3,3,0,4,20
9411257,3,3,0,0,0,3,10
9704244,23,2,21,66,7,16,30
103307,2,2,0,0,0,2,12
102051,3,2,1,1,0,3,24
9601289,9,3,6,12,2,7,10
207334,6,4,2,3,0,6,61
9301264,1,1,0,0,1,0,0
108090,8,1,7,16,0,8,18
9411331,3,1,2,2,3,0,0
9811294,2,2,0,0,0,2,9
104027,0,0,0,0,0,0,0
104071,6,3,3,3,0,6,34
209117,2,1,1,1,0,2,14
204335,5,2,3,4,0,5,31
9807211,13,1,12,51,9,4,4
9503285,5,4,1,1,5,0,0
9906520,2,2,0,0,2,0,0
9711477,6,2,4,4,0,6,18
9905400,0,0,0,0,0,0,0
207064,0,0,0,0,0,0,0
212015,0,0,0,0,0,0,0
9905250,1,1,0,0,1,0,0
9912501,6,1,5,11,0,6,13
201211,6,2,4,8,0,6,25
8277,0,0,0,0,0,0,0
12250,2,1,1,1,0,2,17
9801438,0,0,0,0,0,0,0
9709490,2,2,0,0,1,1,4
9402324,10,5,5,10,9,1,1
9708423,3,2,1,1,1,2,2
108274,1,1,0,0,0,1,6
9802266,0,0,0,0,0,0,0
9405323,3,3,0,0,3,0,0
9702345,9,2,7,14,9,0,0
107118,4,2,2,2,0,4,42
7101,8,3,5,10,0,8,26
9704272,12,2,10,29,3,9,20
9402326,20,6,14,29,6,14,19
9304308,4,1,3,6,4,0,0
9611227,4,4,0,0,0,4,50
9311303,6,3,3,5,6,0,0
8042,5,2,3,5,0,5,16
2164,3,2,1,1,2,1,1
201121,3,1,2,3,0,3,22
301117,0,0,0,0,0,0,0
9710211,1,1,0,0,0,1,2
9701338,13,4,9,31,1,12,22
9406401,5,3,2,3,2,3,10
112132,12,3,9,18,0,12,205
11168,2,1,1,1,0,2,7
9604326,3,1,2,2,0,3,26
111037,1,1,0,0,0,1,16
103140,1,1,0,0,0,1,14
9407301,2,1,1,1,1,1,2
9807225,2,2,0,0,0,2,5
102194,2,2,0,0,0,2,2
9604281,8,2,6,8,0,8,17
4246,2,1,1,1,1,1,1
9212218,4,2,2,2,4,0,0
9605425,0,0,0,0,0,0,0
9807287,0,0,0,0,0,0,0
206096,1,1,0,0,1,0,0
9911516,13,3,10,29,0,13,42
9503205,4,3,1,1,0,4,13
9905366,1,1,0,0,0,1,14
9701360,11,2,9,13,0,11,69
10043,2,1,1,1,0,2,4
9308216,3,2,1,1,3,0,0
9602340,5,1,4,7,4,1,2
9609218,9,6,3,5,2,7,12
9902258,7,7,0,0,0,7,8
9804458,7,4,3,5,0,7,43
12222,8,3,5,11,0,8,24
9810283,3,1,2,2,0,3,21
210004,2,2,0,0,0,2,4
1270,7,3,4,5,2,5,5
9704320,4,2,2,4,1,3,3
202102,3,2,1,1,0,3,6
9310282,1,1,0,0,1,0,0
9212267,6,3,3,6,6,0,0
9906365,2,1,1,1,0,2,4
9709231,12,5,7,17,4,8,21
302067,1,1,0,0,1,0,0
9207205,2,2,0,0,2,0,0
10237,2,1,1,1,0,2,8
9812203,1,1,0,0,0,1,19
9811263,9,5,4,10,0,9,34
9211,2,2,0,0,0,2,16
107245,0,0,0,0,0,0,0
204277,6,2,4,6,0,6,83
9801354,0,0,0,0,0,0,0
9506433,4,2,2,2,4,0,0
9312254,2,1,1,1,1,1,1
9711399,1,1,0,0,0,1,7
9809454,2,1,1,1,1,1,1
9708336,7,2,5,6,7,0,0
9607284,2,2,0,0,2,0,0
9910300,3,2,1,1,1,2,2
9910459,1,1,0,0,0,1,1
210038,2,1,1,1,0,2,12
5056,4,1,3,4,0,4,15
111324,5,2,3,3,0,5,33
9705449,1,1,0,0,0,1,5
9911274,1,1,0,0,0,1,6
204275,6,4,2,3,0,6,37
206203,1,1,0,0,0,1,3
9207216,11,5,6,8,11,0,0
5041,1,1,0,0,1,0,0
9811249,0,0,0,0,0,0,0
9309260,3,3,0,0,3,0,0
9511455,12,2,10,29,3,9,15
9903396,9,2,7,16,1,8,35
12255,0,0,0,0,0,0,0
9711463,5,2,3,3,4,1,1
204254,5,2,3,4,0,5,31
9509223,1,1,0,0,1,0,0
9311324,1,1,0,0,0,1,1
9304247,6,3,3,8,6,0,0
9403231,4,2,2,3,4,0,0
101150,4,2,2,2,0,4,12
9906504,2,1,1,1,2,0,0
9409384,11,2,9,25,11,0,0
6152,1,1,0,0,0,1,1
9212300,1,1,0,0,1,0,0
208109,0,0,0,0,0,0,0
9712391,0,0,0,0,0,0,0
9606295,10,3,7,16,1,9,11
9805410,1,1,0,0,0,1,3
9505260,5,1,4,7,1,4,4
9310327,7,7,0,0,0,7,7
9807203,0,0,0,0,0,0,0
9603264,1,1,0,0,0,1,3
211076,1,1,0,0,0,1,2
9606459,2,1,1,1,0,2,2
9309247,1,1,0,0,1,0,0
204338,1,1,0,0,0,1,2
9701224,0,0,0,0,0,0,0
9304319,11,4,7,17,11,0,0
10161,3,2,1,1,0,3,16
9707447,9,4,5,16,5,4,4
9802273,4,1,3,5,0,4,14
111084,3,2,1,1,2,1,1
9607234,0,0,0,0,0,0,0
203135,10,6,4,5,0,10,53
202112,4,1,3,5,0,4,14
9709491,0,0,0,0,0,0,0
3303,2,2,0,0,1,1,1
9612305,0,0,0,0,0,0,0
9411408,1,1,0,0,1,0,0
9910215,2,2,0,0,0,2,11
301242,0,0,0,0,0,0,0
204118,2,1,1,1,1,1,1
11032,2,1,1,1,0,2,13
104276,1,1,0,0,0,1,6
5098,2,1,1,1,0,2,10
9705205,2,1,1,1,2,0,0
104044,5,2,3,3,0,5,54
9705466,2,2,0,0,0,2,3
210209,1,1,0,0,0,1,12
202140,2,1,1,1,2,0,0
204142,8,2,6,12,0,8,38
103011,0,0,0,0,0,0,0
9508396,0,0,0,0,0,0,0
9708441,4,2,2,3,0,4,10
111128,0,0,0,0,0,0,0
9401357,3,2,1,1,0,3,3
9605253,0,0,0,0,0,0,0
9313,3,1,2,2,0,3,8
106057,2,1,1,1,0,2,47
9610501,2,1,1,1,2,0,0
110156,3,1,2,2,0,3,5
9806235,0,0,0,0,0,0,0
9302293,4,3,1,1,4,0,0
206036,1,1,0,0,0,1,2
9906252,1,1,0,0,0,1,2
106191,1,1,0,0,0,1,7
9605361,4,2,2,3,0,4,20
9902479,9,3,6,12,2,7,7
9911464,4,2,2,2,1,3,4
2034,4,2,2,3,0,4,18
203118,7,3,4,9,3,4,11
9409343,1,1,0,0,1,0,0
9908231,4,1,3,3,0,4,29
9406257,2,2,0,0,2,0,0
302145,0,0,0,0,0,0,0
9812450,2,1,1,1,0,2,2
9811411,4,1,3,4,4,0,0
105328,3,2,1,1,0,3,8
9705479,0,0,0,0,0,0,0
9601244,2,1,1,1,0,2,4
9811229,1,1,0,0,1,0,0
9402252,0,0,0,0,0,0,0
209148,0,0,0,0,0,0,0
9512333,2,1,1,1,1,1,1
9709221,6,2,4,8,1,5,17
3077,3,2,1,1,0,3,3
208233,0,0,0,0,0,0,0
1136,6,5,1,2,3,3,6
9809402,6,3,3,3,0,6,15
108223,2,1,1,1,0,2,5
9410222,0,0,0,0,0,0,0
9908426,5,2,3,3,3,2,2
9905452,6,3,3,5,6,0,0
11282,0,0,0,0,0,0,0
9911244,0,0,0,0,0,0,0
9607252,5,2,3,6,0,5,28
206208,3,1,2,3,0,3,25
109108,3,2,1,1,3,0,0
9906540,0,0,0,0,0,0,0
9502255,6,1,5,9,0,6,21
9206233,3,3,0,0,3,0,0
102055,2,1,1,1,0,2,2
9403286,4,1,3,3,4,0,0
9506439,3,2,1,1,3,0,0
9910402,0,0,0,0,0,0,0
9809211,3,2,1,2,1,2,4
9511323,3,1,2,3,3,0,0
9312217,3,1,2,3,3,0,0
111203,5,1,4,10,0,5,55
9801440,1,1,0,0,0,1,6
111450,0,0,0,0,0,0,0
9909543,3,3,0,0,0,3,5
206163,0,0,0,0,0,0,0
9802310,4,2,2,3,3,1,2
9709468,6,2,4,6,0,6,23
9710305,3,1,2,3,2,1,2
9907348,2,1,1,1,2,0,0
8210,3,2,1,1,0,3,13
9511415,4,2,2,2,0,4,24
9508358,0,0,0,0,0,0,0
207174,2,1,1,1,0,2,19
9602318,1,1,0,0,1,0,0
9904405,0,0,0,0,0,0,0
212236,0,0,0,0,0,0,0
3151,3,2,1,2,2,1,1
111067,3,3,0,0,0,3,10
206093,1,1,0,0,0,1,1
9907544,1,1,0,0,1,0,0
9711406,8,1,7,21,0,8,55
104296,1,1,0,0,1,0,0
9904445,0,0,0,0,0,0,0
9907411,2,1,1,1,2,0,0
9710410,2,2,0,0,0,2,5
105260,2,2,0,0,0,2,27
9301204,4,2,2,3,4,0,0
3091,6,4,2,2,2,4,17
204278,0,0,0,0,0,0,0
9606249,2,1,1,1,2,0,0
212283,2,1,1,1,0,2,10
109183,2,2,0,0,2,0,0
101277,3,3,0,0,0,3,18
203206,1,1,0,0,1,0,0
106047,1,1,0,0,1,0,0
9911383,4,2,2,3,0,4,29
3056,0,0,0,0,0,0,0
206105,1,1,0,0,0,1,5
9907274,5,2,3,6,1,4,4
107219,9,4,5,8,0,9,28
9703380,3,1,2,2,2,1,1
9909546,1,1,0,0,0,1,2
9804413,3,2,1,1,0,3,10
111185,3,1,2,3,2,1,1
9204217,2,2,0,0,2,0,0
9412279,2,2,0,0,1,1,1
109019,0,0,0,0,0,0,0
9306231,3,1,2,3,3,0,0
9810314,0,0,0,0,0,0,0
9709263,0,0,0,0,0,0,0
9075,3,2,1,1,0,3,15
9612331,7,2,5,10,2,5,5
9906235,8,2,6,21,0,8,20
4199,1,1,0,0,0,1,2
107176,3,3,0,0,0,3,15
106327,2,1,1,1,0,2,21
9509309,0,0,0,0,0,0,0
9609271,0,0,0,0,0,0,0
101142,0,0,0,0,0,0,0
10140,2,2,0,0,2,0,0
202257,3,3,0,0,0,3,31
9807343,2,2,0,0,2,0,0
9906494,0,0,0,0,0,0,0
9601281,1,1,0,0,0,1,1
9909421,0,0,0,0,0,0,0
9802321,1,1,0,0,1,0,0
210016,0,0,0,0,0,0,0
102018,0,0,0,0,0,0,0
9708316,0,0,0,0,0,0,0
207031,1,1,0,0,1,0,0
9706550,0,0,0,0,0,0,0
10098,0,0,0,0,0,0,0
9311351,0,0,0,0,0,0,0
9910496,2,1,1,1,0,2,8
9509396,2,2,0,0,0,2,2
9501381,0,0,0,0,0,0,0
9808330,1,1,0,0,0,1,1
9709290,2,1,1,1,2,0,0
205218,0,0,0,0,0,0,0
12253,3,2,1,1,0,3,6
110179,0,0,0,0,0,0,0
9910505,2,2,0,0,2,0,0
101095,1,1,0,0,0,1,3
302039,0,0,0,0,0,0,0
9501326,0,0,0,0,0,0,0
9902397,2,1,1,1,0,2,4
9409283,0,0,0,0,0,0,0
9503336,1,1,0,0,1,0,0
9805465,0,0,0,0,0,0,0
3130,3,2,1,1,3,0,0
9612209,0,0,0,0,0,0,0
7358,3,1,2,2,3,0,0
9902282,3,3,0,0,0,3,5
9910282,5,1,4,6,0,5,26
106305,1,1,0,0,0,1,4
206065,1,1,0,0,0,1,15
204300,0,0,0,0,0,0,0
3049,1,1,0,0,0,1,2
9603429,3,2,1,1,0,3,4
9409373,0,0,0,0,0,0,0
9805449,0,0,0,0,0,0,0
9810523,0,0,0,0,0,0,0
9809336,1,1,0,0,1,0,0
9703206,0,0,0,0,0,0,0
9604334,1,1,0,0,0,1,2
9312338,2,2,0,0,2,0,0
108150,0,0,0,0,0,0,0
301183,0,0,0,0,0,0,0
11382,0,0,0,0,0,0,0
9307296,2,1,1,1,2,0,0
7051,2,2,0,0,1,1,1
9602314,0,0,0,0,0,0,0
3047,1,1,0,0,0,1,4
9512295,2,1,1,1,2,0,0
9905383,2,1,1,1,2,0,0
9212223,2,1,1,1,2,0,0
9508363,0,0,0,0,0,0,0
208265,1,1,0,0,0,1,1
211072,0,0,0,0,0,0,0
1061,1,1,0,0,0,1,1
9405267,1,1,0,0,0,1,1
9912485,2,2,0,0,0,2,4
9812457,0,0,0,0,0,0,0
109142,3,2,1,1,0,3,6
9906387,7,7,0,0,0,7,7
9809202,0,0,0,0,0,0,0
3304,10,6,4,6,1,9,9
112178,2,2,0,0,0,2,3
9812408,0,0,0,0,0,0,0
11116,1,1,0,0,0,1,3
9908291,2,2,0,0,0,2,5
9603229,3,1,2,2,3,0,0
9504429,2,1,1,1,1,1,2
9330,2,1,1,1,0,2,2
9606455,0,0,0,0,0,0,0
9810357,6,1,5,13,0,6,10
9603369,1,1,0,0,0,1,1
9807329,0,0,0,0,0,0,0
9711245,2,2,0,0,0,2,2
9303232,1,1,0,0,0,1,1
9707499,0,0,0,0,0,0,0
205317,0,0,0,0,0,0,0
202238,0,0,0,0,0,0,0
212199,3,2,1,1,0,3,49
9508340,0,0,0,0,0,0,0
203193,0,0,0,0,0,0,0
302091,0,0,0,0,0,0,0
202137,0,0,0,0,0,0,0
7253,2,2,0,0,0,2,9
205023,1,1,0,0,0,1,4
110084,1,1,0,0,0,1,1
9711314,0,0,0,0,0,0,0
9707473,1,1,0,0,1,0,0
6181,3,3,0,0,0,3,5
9403275,2,2,0,0,1,1,1
9805414,0,0,0,0,0,0,0
9710346,0,0,0,0,0,0,0
209139,0,0,0,0,0,0,0
112018,1,1,0,0,1,0,0
9609244,2,2,0,0,0,2,2
9406216,1,1,0,0,1,0,0
103216,0,0,0,0,0,0,0
105016,3,1,2,2,0,3,15
302248,1,1,0,0,0,1,25
9610476,0,0,0,0,0,0,0
12166,1,1,0,0,1,0,0
9902229,1,1,0,0,0,1,3
5246,2,1,1,1,0,2,4
9611203,1,1,0,0,0,1,2
9702388,3,3,0,0,1,2,2
209201,0,0,0,0,0,0,0
9901307,2,2,0,0,2,0,0
9908287,3,2,1,1,0,3,9
9905533,0,0,0,0,0,0,0
9810306,2,2,0,0,0,2,2
9710202,1,1,0,0,0,1,1
302038,0,0,0,0,0,0,0
12022,0,0,0,0,0,0,0
9904331,1,1,0,0,1,0,0
9506468,0,0,0,0,0,0,0
5282,1,1,0,0,0,1,3
9908481,3,3,0,0,0,3,11
106268,0,0,0,0,0,0,0
101284,1,1,0,0,0,1,1
9206235,2,2,0,0,2,0,0
1199,0,0,0,0,0,0,0
9353,0,0,0,0,0,0,0
9805310,0,0,0,0,0,0,0
211198,0,0,0,0,0,0,0
107016,0,0,0,0,0,0,0
12156,0,0,0,0,0,0,0
9205208,1,1,0,0,1,0,0
9902211,0,0,0,0,0,0,0
9704261,1,1,0,0,0,1,1
9708418,1,1,0,0,0,1,4
9506331,3,3,0,0,3,0,0
9906473,1,1,0,0,0,1,6
9906535,1,1,0,0,0,1,1
9806439,0,0,0,0,0,0,0
9912294,1,1,0,0,1,0,0
9905213,0,0,0,0,0,0,0
9309313,1,1,0,0,1,0,0
206049,0,0,0,0,0,0,0
11253,1,1,0,0,0,1,2
9907538,1,1,0,0,1,0,0
9710278,2,1,1,1,0,2,2
9506466,0,0,0,0,0,0,0
9902359,0,0,0,0,0,0,0
202279,3,1,2,3,0,3,18
9510251,2,1,1,1,0,2,2
110233,0,0,0,0,0,0,0
211336,1,1,0,0,0,1,2
9610554,0,0,0,0,0,0,0
101274,0,0,0,0,0,0,0
109024,1,1,0,0,0,1,1
9507320,0,0,0,0,0,0,0
6180,1,1,0,0,1,0,0
111118,0,0,0,0,0,0,0
9206202,1,1,0,0,1,0,0
9406225,0,0,0,0,0,0,0
204051,0,0,0,0,0,0,0
9903487,0,0,0,0,0,0,0
111124,1,1,0,0,0,1,4
9812505,0,0,0,0,0,0,0
205009,2,1,1,1,1,1,1
9710498,0,0,0,0,0,0,0
7014,0,0,0,0,0,0,0
9503325,0,0,0,0,0,0,0
9906237,0,0,0,0,0,0,0
107237,0,0,0,0,0,0,0
103297,1,1,0,0,1,0,0
204282,1,1,0,0,0,1,19
101149,0,0,0,0,0,0,0
9711370,0,0,0,0,0,0,0
12175,1,1,0,0,0,1,3
302151,0,0,0,0,0,0,0
9801232,3,1,2,3,3,0,0
9704270,0,0,0,0,0,0,0
207170,1,1,0,0,1,0,0
9908401,0,0,0,0,0,0,0
9709337,1,1,0,0,1,0,0
12228,0,0,0,0,0,0,0
9711511,0,0,0,0,0,0,0
208213,1,1,0,0,0,1,2
9608235,0,0,0,0,0,0,0
112067,1,1,0,0,0,1,6
9903296,0,0,0,0,0,0,0
9911359,0,0,0,0,0,0,0
9512210,0,0,0,0,0,0,0
9712522,1,1,0,0,0,1,3
107079,0,0,0,0,0,0,0
110305,0,0,0,0,0,0,0
107130,0,0,0,0,0,0,0
201252,0,0,0,0,0,0,0
9609383,0,0,0,0,0,0,0
9412320,0,0,0,0,0,0,0
110198,0,0,0,0,0,0,0
9702257,2,2,0,0,1,1,1
111451,0,0,0,0,0,0,0
12042,0,0,0,0,0,0,0
9902480,0,0,0,0,0,0,0
9903530,1,1,0,0,0,1,5
111096,0,0,0,0,0,0,0
203082,1,1,0,0,1,0,0
11163,0,0,0,0,0,0,0
301189,1,1,0,0,0,1,7
105211,0,0,0,0,0,0,0
9709403,0,0,0,0,0,0,0
7321,2,1,1,1,0,2,2
204041,0,0,0,0,0,0,0
301107,0,0,0,0,0,0,0
112047,0,0,0,0,0,0,0
9903290,0,0,0,0,0,0,0
9293,0,0,0,0,0,0,0
9801378,2,2,0,0,2,0,0
204005,0,0,0,0,0,0,0
5091,1,1,0,0,0,1,4
9508375,0,0,0,0,0,0,0
9608349,1,1,0,0,0,1,3
9905251,3,1,2,3,0,3,19
101228,0,0,0,0,0,0,0
9605450,0,0,0,0,0,0,0
210072,0,0,0,0,0,0,0
9903485,0,0,0,0,0,0,0
12315,1,1,0,0,0,1,2
11199,0,0,0,0,0,0,0
9907230,0,0,0,0,0,0,0
211382,0,0,0,0,0,0,0
302109,0,0,0,0,0,0,0
201162,0,0,0,0,0,0,0
210398,1,1,0,0,0,1,7
6214,0,0,0,0,0,0,0
9601331,0,0,0,0,0,0,0
9510265,0,0,0,0,0,0,0
9901434,0,0,0,0,0,0,0
9409387,0,0,0,0,0,0,0
212262,0,0,0,0,0,0,0
9404251,1,1,0,0,1,0,0
10226,0,0,0,0,0,0,0
204187,1,1,0,0,0,1,3
9811468,0,0,0,0,0,0,0
210026,1,1,0,0,0,1,12
9903347,0,0,0,0,0,0,0
9609402,0,0,0,0,0,0,0
111401,0,0,0,0,0,0,0
201271,1,1,0,0,0,1,5
109289,0,0,0,0,0,0,0
9905303,0,0,0,0,0,0,0
104132,0,0,0,0,0,0,0
9707238,0,0,0,0,0,0,0
110162,0,0,0,0,0,0,0
9902287,0,0,0,0,0,0,0
9909234,0,0,0,0,0,0,0
111459,0,0,0,0,0,0,0
7271,0,0,0,0,0,0,0
209215,0,0,0,0,0,0,0
11290,0,0,0,0,0,0,0
9247,0,0,0,0,0,0,0
111241,0,0,0,0,0,0,0
9907284,0,0,0,0,0,0,0
107179,0,0,0,0,0,0,0
209075,0,0,0,0,0,0,0
204252,0,0,0,0,0,0,0
103189,0,0,0,0,0,0,0
212246,0,0,0,0,0,0,0
9501235,0,0,0,0,0,0,0
302189,0,0,0,0,0,0,0
9708375,0,0,0,0,0,0,0
102258,0,0,0,0,0,0,0
9406215,1,1,0,0,1,0,0
212052,0,0,0,0,0,0,0
9511249,1,1,0,0,1,0,0
9709434,0,0,0,0,0,0,0
102154,0,0,0,0,0,0,0
202055,0,0,0,0,0,0,0
302259,0,0,0,0,0,0,0
6294,0,0,0,0,0,0,0
9912341,1,1,0,0,0,1,1
9612414,0,0,0,0,0,0,0
212276,0,0,0,0,0,0,0
204026,0,0,0,0,0,0,0
9809570,1,1,0,0,1,0,0
210204,0,0,0,0,0,0,0
201072,0,0,0,0,0,0,0
301228,0,0,0,0,0,0,0
203241,0,0,0,0,0,0,0
9804405,0,0,0,0,0,0,0
112165,1,1,0,0,1,0,0
9909227,0,0,0,0,0,0,0
9911356,0,0,0,0,0,0,0
9808266,0,0,0,0,0,0,0
9810459,0,0,0,0,0,0,0
11042,1,1,0,0,0,1,3
9909396,1,1,0,0,1,0,0
9412399,2,1,1,1,2,0,0
211458,0,0,0,0,0,0,0
206132,0,0,0,0,0,0,0
9608248,1,1,0,0,1,0,0
202130,0,0,0,0,0,0,0
9225,0,0,0,0,0,0,0
9611214,0,0,0,0,0,0,0
9608302,0,0,0,0,0,0,0
9810455,0,0,0,0,0,0,0
208267,0,0,0,0,0,0,0
1213,0,0,0,0,0,0,0
210249,0,0,0,0,0,0,0
9606328,0,0,0,0,0,0,0
205258,0,0,0,0,0,0,0
9602227,0,0,0,0,0,0,0
9504414,2,1,1,1,2,0,0
9907269,1,1,0,0,1,0,0
206301,1,1,0,0,0,1,5
301277,0,0,0,0,0,0,0
9711376,0,0,0,0,0,0,0
3128,0,0,0,0,0,0,0
11037,0,0,0,0,0,0,0
9611365,0,0,0,0,0,0,0
302065,0,0,0,0,0,0,0
211167,0,0,0,0,0,0,0
210274,0,0,0,0,0,0,0
10168,0,0,0,0,0,0,0
9908367,0,0,0,0,0,0,0
9505375,0,0,0,0,0,0,0
6282,0,0,0,0,0,0,0
9809378,0,0,0,0,0,0,0
105151,1,1,0,0,1,0,0
212267,0,0,0,0,0,0,0
210270,0,0,0,0,0,0,0
8162,1,1,0,0,0,1,1
9903320,1,1,0,0,1,0,0
9811487,1,1,0,0,1,0,0
209279,0,0,0,0,0,0,0
101254,0,0,0,0,0,0,0
106111,0,0,0,0,0,0,0
9505401,0,0,0,0,0,0,0
206097,1,1,0,0,0,1,1
9609299,1,1,0,0,1,0,0
207206,0,0,0,0,0,0,0
9910398,0,0,0,0,0,0,0
102210,0,0,0,0,0,0,0
302096,0,0,0,0,0,0,0
4230,0,0,0,0,0,0,0
11066,0,0,0,0,0,0,0
102109,0,0,0,0,0,0,0
301142,0,0,0,0,0,0,0
110410,0,0,0,0,0,0,0
210067,0,0,0,0,0,0,0
111369,0,0,0,0,0,0,0
212050,0,0,0,0,0,0,0
302262,0,0,0,0,0,0,0
9512273,0,0,0,0,0,0,0
9810519,0,0,0,0,0,0,0
106078,0,0,0,0,0,0,0
9505223,0,0,0,0,0,0,0
9905297,0,0,0,0,0,0,0
9226,0,0,0,0,0,0,0
9801259,0,0,0,0,0,0,0
9806500,0,0,0,0,0,0,0
9803499,0,0,0,0,0,0,0
210079,0,0,0,0,0,0,0
12146,0,0,0,0,0,0,0
9308207,0,0,0,0,0,0,0
210228,0,0,0,0,0,0,0
9803495,0,0,0,0,0,0,0
9707255,0,0,0,0,0,0,0
9607338,0,0,0,0,0,0,0
111350,0,0,0,0,0,0,0
9605293,1,1,0,0,1,0,0
10320,1,1,0,0,0,1,7
9706532,0,0,0,0,0,0,0
201116,0,0,0,0,0,0,0
11151,0,0,0,0,0,0,0
9911246,1,1,0,0,1,0,0
9503378,1,1,0,0,1,0,0
9410246,0,0,0,0,0,0,0
9907566,0,0,0,0,0,0,0
112208,0,0,0,0,0,0,0
9309318,0,0,0,0,0,0,0
9302247,15,1,14,52,5,10,10
7038,16,3,13,37,0,16,66
9907300,5,2,3,6,2,3,5
207280,1,1,0,0,0,1,2
9403283,21,1,20,83,10,11,11
1304,7,2,5,9,2,5,23
9709493,3,2,1,2,0,3,3
101123,3,3,0,0,0,3,21
9809470,40,3,37,145,0,40,117
9506409,9,2,7,18,9,0,0
9502415,14,2,12,46,1,13,13
9806219,15,3,12,28,0,15,61
9212239,7,1,6,10,7,0,0
9505405,36,1,35,176,22,14,14
9302288,12,4,8,15,2,10,10
9303303,13,1,12,39,13,0,0
9806440,45,1,44,381,31,14,14
9808205,42,3,39,229,2,40,141
9610481,36,7,29,212,17,19,19
9802314,55,3,52,350,12,43,67
9911364,12,2,10,16,1,11,85
9807517,18,2,16,77,0,18,114
9810272,23,6,17,62,0,23,205
9810491,30,2,28,153,2,28,212
9807321,5,1,4,6,5,0,0
9608308,63,5,58,418,3,60,170
9509205,8,4,4,7,0,8,10
9805262,20,4,16,64,8,12,37
9703209,26,4,22,76,2,24,72
9506328,34,3,31,92,1,33,99
9810371,36,3,33,163,0,36,434
201137,0,0,0,0,0,0,0
9503204,21,6,15,48,15,6,6
9802433,59,1,58,476,0,59,486
5189,40,5,35,167,0,40,589
9711246,76,2,74,800,0,76,484
9603238,62,3,59,526,3,59,81
9703246,21,2,19,52,0,21,190
9407406,13,2,11,22,13,0,0
9306270,25,4,21,73,12,13,13
111392,4,2,2,2,0,4,17
9507439,23,6,17,67,1,22,58
110093,2,1,1,1,0,2,12
9710335,57,3,54,373,1,56,519
9710348,9,3,6,15,9,0,0
9602292,8,5,3,5,0,8,8
9711258,16,2,14,44,2,14,26
9905463,7,2,5,7,0,7,36
9910221,21,7,14,39,0,21,122
9303317,68,1,67,801,12,56,109
9506278,14,1,13,40,0,14,76
9805476,4,1,3,3,0,4,18
9803267,3,3,0,0,3,0,0
9601359,14,1,13,48,0,14,72
9703298,33,1,32,245,5,28,47
9701303,38,2,36,227,2,36,127
9706427,30,2,28,97,3,27,48
9609235,3,1,2,2,2,1,1
9511308,2,2,0,0,0,2,4
9812411,3,1,2,3,3,0,0
9507326,20,4,16,51,5,15,15
9804227,58,1,57,405,4,54,212
9811377,9,4,5,9,0,9,67
9804275,5,1,4,9,0,5,110
9409453,26,5,21,77,6,20,46
9308309,42,2,40,211,2,40,130
9710364,15,4,11,24,0,15,45
106141,6,1,5,11,0,6,13
9701227,15,3,12,21,0,15,58
9206239,10,2,8,23,10,0,0
9512263,24,4,20,89,24,0,0
10234,7,1,6,7,0,7,63
9508406,27,1,26,118,1,26,111
9606431,4,1,3,5,0,4,26
9707516,11,4,7,16,0,11,30
9710213,9,2,7,20,0,9,21
9803445,25,1,24,115,0,25,95
6034,21,2,19,91,0,21,254
9906512,91,2,89,1024,1,90,603
9209262,16,8,8,33,8,8,8
9412257,22,1,21,81,0,22,22
112028,3,2,1,1,0,3,18
207164,1,1,0,0,0,1,6
9311232,25,4,21,89,0,25,60
9810374,11,2,9,15,2,9,44
9807415,36,2,34,205,0,36,182
9707423,45,1,44,311,18,27,38
9606387,8,2,6,8,3,5,15
9406202,12,7,5,8,5,7,7
9406248,24,6,18,93,7,17,17
2258,6,3,3,5,0,6,96
9810269,39,5,34,204,0,39,317
9906362,12,3,9,26,0,12,131
9206206,11,2,9,19,11,0,0
11077,0,0,0,0,0,0,0
9803470,5,4,1,2,0,5,12
9602347,10,3,7,24,0,10,77
9702375,8,5,3,4,0,8,75
207310,7,1,6,8,0,7,18
9402270,12,1,11,32,1,11,11
9805367,32,3,29,116,1,31,164
9911459,41,6,35,161,0,41,252
9501417,17,2,15,71,9,8,8
9412302,16,1,15,49,0,16,105
9911307,1,1,0,0,0,1,6
9801445,24,2,22,104,3,21,51
9409254,41,10,31,109,41,0,0
112013,2,2,0,0,0,2,20
105267,18,1,17,53,0,18,108
9904393,38,4,34,192,4,34,193
102288,13,3,10,29,0,13,36
1101,14,3,11,44,0,14,169
9211281,4,1,3,4,4,0,0
9288,8,3,5,9,1,7,28
7289,25,2,23,103,7,18,50
6154,14,3,11,40,1,13,67
9907494,12,2,10,44,2,10,10
9602315,5,1,4,4,4,1,1
9910210,6,3,3,4,2,4,7
8209,8,2,6,9,0,8,26
9904504,31,4,27,116,0,31,405
9907347,13,2,11,28,0,13,359
101076,2,2,0,0,0,2,7
204316,10,2,8,12,0,10,179
111160,7,1,6,11,0,7,125
107119,43,1,42,466,0,43,86
103043,9,1,8,18,9,0,0
9705264,31,3,28,127,0,31,81
9411299,10,5,5,16,3,7,16
9909373,4,3,1,1,0,4,46
211180,0,0,0,0,0,0,0
9807411,13,1,12,29,0,13,36
9501394,8,1,7,14,8,0,0
9211328,18,2,16,73,18,0,0
5310,11,3,8,16,0,11,37
9601269,6,3,3,3,1,5,24
9708485,4,1,3,3,1,3,5
9603210,8,4,4,6,1,7,27
5227,2,1,1,1,0,2,22
9412346,2,2,0,0,0,2,13
9310330,8,3,5,11,8,0,0
9605327,18,1,17,80,0,18,104
9610381,35,4,31,125,0,35,230
9502270,22,2,20,71,12,10,10
9501303,9,1,8,17,7,2,2
9309232,9,1,8,27,9,0,0
9411229,38,1,37,251,38,0,0
105053,8,2,6,13,1,7,22
9610495,7,1,6,11,7,0,0
9705383,4,3,1,1,0,4,8
9908286,17,4,13,47,0,17,335
9607459,3,1,2,2,3,0,0
106123,5,1,4,6,0,5,19
9702367,22,7,15,32,0,22,55
9809487,10,1,9,19,0,10,44
110032,9,2,7,14,0,9,104
9710451,13,6,7,14,1,12,31
9611400,2,2,0,0,0,2,2
9406255,7,5,2,2,7,0,0
9401328,22,5,17,77,16,6,6
9412255,8,2,6,11,2,6,7
9403383,24,6,18,55,5,19,28
9810230,8,4,4,8,0,8,35
9509304,10,2,8,21,0,10,17
9705432,17,7,10,30,3,14,16
9706386,2,2,0,0,0,2,2
9808360,12,6,6,20,0,12,130
9509236,7,2,5,7,1,6,12
9512223,2,1,1,1,0,2,2
9706269,3,2,1,1,0,3,21
9707291,56,6,50,286,0,56,325
9612251,12,3,9,18,12,0,0
9412384,9,7,2,3,0,9,9
9610492,6,3,3,5,0,6,43
9212224,14,3,11,29,11,3,3
9706387,12,2,10,33,0,12,162
9806482,49,6,43,179,0,49,264
9512292,17,3,14,38,0,17,18
108148,7,2,5,6,5,2,2
9702315,20,3,17,50,0,20,102
9703267,17,2,15,65,17,0,0
9704283,12,2,10,28,4,8,15
107061,6,2,4,9,0,6,29
9306332,12,1,11,37,12,0,0
9801272,39,4,35,217,0,39,493
9502283,7,4,3,3,0,7,36
9809549,15,2,13,41,0,15,15
4127,14,1,13,42,0,14,124
9404357,54,8,46,220,41,13,20
9701309,26,2,24,88,0,26,304
9501298,10,5,5,7,2,8,16
9712464,9,2,7,12,0,9,42
9501266,18,3,15,42,10,8,12
9809334,1,1,0,0,0,1,1
9912274,4,2,2,2,4,0,0
9511206,7,5,2,2,1,6,21
12179,1,1,0,0,0,1,2
9212284,50,7,43,208,0,50,50
9412268,8,2,6,19,8,0,0
9907446,36,7,29,196,0,36,421
9907474,12,5,7,14,0,12,116
9603328,21,2,19,147,21,0,0
9701422,18,4,14,43,2,16,26
9708303,16,2,14,50,7,9,17
9505341,8,3,5,5,1,7,14
9710391,1,1,0,0,0,1,2
9306229,24,4,20,86,4,20,20
9706454,8,3,5,11,0,8,101
9704280,21,3,18,69,0,21,205
9904470,2,2,0,0,0,2,4
9706401,2,1,1,1,2,0,0
110194,5,2,3,4,0,5,41
8034,7,2,5,6,1,6,12
104226,12,5,7,16,0,12,22
202031,2,1,1,1,0,2,14
9304205,16,3,13,37,16,0,0
9801407,2,2,0,0,0,2,5
9305222,7,4,3,4,0,7,8
9702289,2,1,1,1,2,0,0
9207222,9,3,6,15,9,0,0
9507347,3,3,0,0,3,0,0
9809367,6,1,5,8,0,6,9
9406382,23,6,17,65,23,0,0
9312262,3,2,1,1,3,0,0
9406263,14,2,12,28,14,0,0
9705254,24,3,21,63,0,24,103
9406417,10,2,8,14,2,8,15
9501340,1,1,0,0,0,1,1
9902484,20,2,18,75,0,20,178
9909496,6,5,1,3,1,5,11
9504278,4,1,3,3,4,0,0
9910441,12,2,10,31,0,12,139
9912435,18,6,12,51,2,16,32
9510462,2,1,1,1,0,2,5
9502408,10,4,6,10,10,0,0
9810328,19,2,17,58,1,18,52
205126,4,4,0,0,4,0,0
9904473,1,1,0,0,0,1,2
9506359,19,3,16,59,0,19,110
202048,5,1,4,6,0,5,59
204234,1,1,0,0,1,0,0
9302232,38,2,36,266,38,0,0
9912524,8,3,5,19,0,8,109
9612365,1,1,0,0,0,1,1
9707281,14,1,13,38,0,14,75
104141,7,3,4,6,0,7,160
9506391,14,5,9,17,3,11,21
9609503,4,2,2,4,1,3,15
9810552,4,1,3,3,1,3,5
9508278,7,3,4,11,3,4,4
9303234,18,3,15,73,18,0,0
9806299,13,5,8,20,0,13,90
9507283,3,1,2,2,2,1,1
9606407,1,1,0,0,0,1,2
11059,5,1,4,7,0,5,55
107081,12,3,9,15,3,9,12
9407381,7,2,5,12,1,6,27
204119,0,0,0,0,0,0,0
9908412,13,4,9,30,0,13,28
9611452,8,3,5,8,1,7,9
9605434,15,2,13,33,11,4,4
9303275,4,1,3,3,4,0,0
207266,3,1,2,2,0,3,11
201225,22,3,19,70,0,22,41
9243,0,0,0,0,0,0,0
105113,6,2,4,9,0,6,22
111057,0,0,0,0,0,0,0
9705258,20,4,16,85,5,15,26
9811463,1,1,0,0,0,1,2
9412372,6,1,5,10,0,6,10
9606214,6,4,2,3,1,5,13
205199,6,3,3,5,0,6,139
9709497,0,0,0,0,0,0,0
9603251,2,1,1,1,0,2,8
9409443,13,9,4,7,4,9,12
107064,2,1,1,1,0,2,12
9909203,50,2,48,338,0,50,539
9805371,4,2,2,3,0,4,6
9906238,7,2,5,7,1,6,6
103290,5,3,2,2,0,5,8
102317,8,3,5,8,0,8,63
9601334,6,3,3,6,6,0,0
9507451,5,2,3,4,0,5,19
9062,4,2,2,2,0,4,8
6324,7,2,5,7,2,5,5
9507401,3,1,2,2,0,3,8
9804211,16,1,15,53,6,10,25
9503235,5,5,0,0,5,0,0
9611258,5,3,2,3,0,5,13
9710458,0,0,0,0,0,0,0
9811381,0,0,0,0,0,0,0
5037,4,2,2,2,0,4,14
104232,19,5,14,55,0,19,213
9603349,11,5,6,13,3,8,14
9302246,2,1,1,1,2,0,0
9610437,7,1,6,12,4,3,3
9910316,10,2,8,17,1,9,34
9901404,7,2,5,11,1,6,11
209219,4,3,1,2,0,4,13
9907418,3,1,2,3,0,3,6
107148,3,2,1,2,3,0,0
209249,0,0,0,0,0,0,0
9303307,5,4,1,1,1,4,6
9405347,5,2,3,4,5,0,0
9605291,3,1,2,2,1,2,2
9902395,7,4,3,5,0,7,51
9611438,21,2,19,91,9,12,17
9902309,5,2,3,5,0,5,9
9702384,12,1,11,28,3,9,9
9701371,3,3,0,0,2,1,3
9006,3,3,0,0,0,3,15
9909367,0,0,0,0,0,0,0
9506281,14,3,11,26,0,14,59
10097,1,1,0,0,0,1,1
9908485,8,3,5,10,3,5,11
201143,4,1,3,3,4,0,0
9501386,2,1,1,1,2,0,0
9506248,15,2,13,29,8,7,17
9611322,8,3,5,16,0,8,9
9606329,8,2,6,8,2,6,6
9409285,9,2,7,26,9,0,0
9507271,27,3,24,64,19,8,16
9612453,22,4,18,41,0,22,132
9910425,8,2,6,15,0,8,17
4227,12,1,11,44,0,12,72
9605389,33,12,21,59,1,32,88
9709363,18,2,16,29,1,17,57
109194,0,0,0,0,0,0,0
102036,1,1,0,0,0,1,1
9502230,1,1,0,0,0,1,1
9404216,4,2,2,3,4,0,0
9810273,7,2,5,10,0,7,55
11296,5,2,3,5,0,5,27
9706367,3,2,1,1,0,3,6
9910310,6,2,4,6,0,6,58
9708430,2,2,0,0,0,2,5
9610447,3,1,2,2,0,3,3
9306323,9,2,7,25,9,0,0
9310298,10,5,5,12,10,0,0
9712359,16,2,14,29,0,16,90
9607289,5,1,4,5,0,5,21
102278,7,4,3,4,0,7,49
9911316,13,4,9,33,0,13,130
9805395,5,1,4,6,0,5,17
9705405,4,2,2,3,0,4,18
9603361,2,2,0,0,0,2,2
9805419,4,3,1,1,1,3,6
9902338,5,1,4,6,0,5,49
9611410,1,1,0,0,0,1,1
202239,17,4,13,37,1,16,145
203062,5,2,3,6,0,5,62
9402276,3,2,1,1,0,3,3
9803286,7,1,6,11,5,2,2
9505239,7,1,6,9,1,6,17
9708250,1,1,0,0,0,1,3
4032,1,1,0,0,0,1,18
205281,5,4,1,1,1,4,14
9703295,2,2,0,0,2,0,0
9612482,1,1,0,0,0,1,3
9607436,2,2,0,0,1,1,2
9510203,1,1,0,0,1,0,0
9807324,4,4,0,0,0,4,9
9905412,8,2,6,8,2,6,8
9611304,4,3,1,1,0,4,17
9406228,4,2,2,2,0,4,11
9710208,6,3,3,6,0,6,16
9212206,9,3,6,20,9,0,0
9804239,7,7,0,0,0,7,28
9311375,8,4,4,8,8,0,0
9704305,13,3,10,25,0,13,52
9804238,2,2,0,0,0,2,2
2156,7,7,0,0,7,0,0
9512318,1,1,0,0,0,1,1
9909212,12,6,6,13,0,12,154
104227,0,0,0,0,0,0,0
110393,6,2,4,9,0,6,29
9811275,15,2,13,35,0,15,36
8043,14,1,13,33,0,14,52
9812239,5,3,2,2,0,5,14
110269,7,5,2,2,0,7,27
12088,6,2,4,7,1,5,26
206304,14,3,11,40,0,14,105
9908245,19,3,16,56,4,15,50
9412222,1,1,0,0,1,0,0
101166,1,1,0,0,0,1,5
9810393,2,2,0,0,2,0,0
9503333,5,2,3,3,1,4,4
109268,7,7,0,0,1,6,11
201142,1,1,0,0,1,0,0
3125,4,2,2,2,2,2,2
9806402,10,2,8,20,1,9,11
112103,4,2,2,2,0,4,53
9803276,1,1,0,0,1,0,0
7335,4,3,1,1,0,4,17
9308310,6,2,4,7,6,0,0
9504432,2,1,1,1,0,2,10
9511384,2,1,1,1,0,2,2
9912421,2,1,1,1,0,2,5
9711302,0,0,0,0,0,0,0
9305322,4,1,3,3,4,0,0
9212250,14,2,12,23,14,0,0
9606296,1,1,0,0,0,1,1
105214,6,1,5,9,0,6,82
105132,3,1,2,3,0,3,11
9507315,0,0,0,0,0,0,0
9403246,9,2,7,10,9,0,0
2035,5,5,0,0,0,5,23
9606377,8,2,6,13,0,8,25
9604385,4,1,3,5,0,4,5
9245,6,2,4,7,0,6,48
211310,1,1,0,0,0,1,9
201297,14,7,7,14,0,14,94
203133,1,1,0,0,1,0,0
9710272,5,2,3,3,0,5,14
9702356,6,2,4,7,0,6,28
9503202,2,2,0,0,1,1,7
9504210,9,3,6,14,8,1,3
9607278,7,4,3,7,7,0,0
9611248,2,2,0,0,0,2,22
111472,8,2,6,7,0,8,105
3142,7,3,4,6,0,7,112
9610372,6,5,1,2,0,6,43
9908501,2,1,1,1,0,2,4
9906428,3,3,0,0,3,0,0
9607336,6,2,4,11,0,6,11
9709333,7,3,4,7,3,4,4
9301229,27,4,23,125,27,0,0
9508414,2,2,0,0,2,0,0
9501409,3,3,0,0,3,0,0
6174,3,3,0,0,2,1,1
9504232,3,1,2,3,1,2,2
9311350,3,3,0,0,3,0,0
109254,0,0,0,0,0,0,0
9703422,10,5,5,7,0,10,66
203199,1,1,0,0,0,1,4
9409354,1,1,0,0,0,1,1
9602406,2,1,1,1,2,0,0
9511419,5,2,3,4,3,2,2
9905531,0,0,0,0,0,0,0
9704323,7,2,5,7,0,7,47
9708220,3,2,1,1,0,3,3
9510383,0,0,0,0,0,0,0
9502226,3,1,2,3,3,0,0
9911334,1,1,0,0,0,1,1
9710247,7,3,4,5,0,7,22
11221,5,1,4,6,4,1,1
1013,4,1,3,3,4,0,0
9301291,5,3,2,3,5,0,0
202160,5,3,2,2,0,5,20
9712388,8,4,4,7,2,6,12
204250,3,1,2,2,0,3,20
203236,1,1,0,0,0,1,1
4007,1,1,0,0,0,1,3
9507265,7,1,6,15,0,7,53
9605239,5,3,2,2,4,1,1
9909332,10,3,7,15,0,10,60
9810312,2,2,0,0,1,1,1
205167,11,5,6,13,0,11,141
203012,0,0,0,0,0,0,0
9503408,3,2,1,1,1,2,2
9701351,3,3,0,0,1,2,3
9708204,1,1,0,0,0,1,10
9811380,4,2,2,3,4,0,0
9807292,2,2,0,0,0,2,3
9405235,3,3,0,0,0,3,7
1027,1,1,0,0,0,1,3
9712466,9,2,7,11,9,0,0
106267,8,2,6,11,0,8,112
6104,5,2,3,7,0,5,46
202129,2,1,1,1,0,2,28
9804236,1,1,0,0,0,1,1
11364,4,2,2,3,0,4,20
204274,0,0,0,0,0,0,0
9810429,0,0,0,0,0,0,0
9308251,0,0,0,0,0,0,0
9710477,2,1,1,1,0,2,3
9707304,1,1,0,0,0,1,3
9312222,1,1,0,0,1,0,0
9209248,10,1,9,30,10,0,0
9910321,2,1,1,1,0,2,2
201130,0,0,0,0,0,0,0
9807302,5,3,2,2,1,4,6
202189,3,1,2,3,0,3,3
9504350,3,3,0,0,3,0,0
9508305,2,1,1,1,1,1,1
9905450,3,1,2,2,0,3,21
9602356,3,2,1,1,1,2,2
106251,4,2,2,2,0,4,9
9312234,1,1,0,0,1,0,0
9508411,9,3,6,8,0,9,19
12185,1,1,0,0,1,0,0
9410245,1,1,0,0,1,0,0
201051,2,2,0,0,2,0,0
9703223,1,1,0,0,1,0,0
9606353,3,1,2,3,1,2,2
9902314,0,0,0,0,0,0,0
9609410,5,1,4,4,0,5,8
108004,1,1,0,0,0,1,2
9805510,2,2,0,0,2,0,0
9611242,2,2,0,0,0,2,5
211105,2,1,1,1,0,2,8
9609414,1,1,0,0,0,1,2
9301279,1,1,0,0,1,0,0
204149,2,2,0,0,0,2,9
9401315,3,1,2,2,3,0,0
9402279,4,3,1,1,0,4,4
9905263,2,2,0,0,0,2,16
9601363,7,2,5,12,7,0,0
9403258,3,1,2,3,3,0,0
9306266,2,1,1,1,2,0,0
9706214,0,0,0,0,0,0,0
9809356,2,2,0,0,0,2,4
12189,7,2,5,8,2,5,5
9502339,1,1,0,0,0,1,1
9910349,1,1,0,0,1,0,0
9410223,3,3,0,0,3,0,0
9905529,2,2,0,0,0,2,6
7316,1,1,0,0,0,1,1
203124,2,2,0,0,0,2,4
12230,1,1,0,0,0,1,6
9708271,4,1,3,5,0,4,4
5279,0,0,0,0,0,0,0
106213,0,0,0,0,0,0,0
9705375,1,1,0,0,0,1,1
9707480,8,1,7,20,0,8,43
206209,0,0,0,0,0,0,0
212026,2,1,1,1,0,2,22
210042,0,0,0,0,0,0,0
204258,9,3,6,11,0,9,39
203074,0,0,0,0,0,0,0
9412248,6,6,0,0,6,0,0
9709279,0,0,0,0,0,0,0
110152,1,1,0,0,1,0,0
9410288,4,2,2,3,0,4,14
9707533,2,2,0,0,1,1,1
9811393,5,2,3,4,5,0,0
9303215,6,2,4,9,6,0,0
9711409,1,1,0,0,0,1,12
110357,1,1,0,0,0,1,4
9705321,1,1,0,0,1,0,0
9907246,0,0,0,0,0,0,0
9812476,5,4,1,1,3,2,2
9912281,0,0,0,0,0,0,0
212210,0,0,0,0,0,0,0
9609311,5,2,3,3,0,5,17
9801278,1,1,0,0,0,1,5
108267,0,0,0,0,0,0,0
9507374,1,1,0,0,0,1,1
112320,5,2,3,5,1,4,13
204061,3,2,1,1,0,3,13
105157,4,2,2,3,0,4,27
9803279,0,0,0,0,0,0,0
9401290,2,2,0,0,1,1,1
9806355,6,3,3,6,3,3,3
9712314,2,2,0,0,0,2,4
9612435,8,4,4,5,1,7,14
12288,0,0,0,0,0,0,0
8248,0,0,0,0,0,0,0
11237,1,1,0,0,0,1,10
9208202,3,3,0,0,3,0,0
11070,1,1,0,0,0,1,8
9605433,2,1,1,1,1,1,1
9504363,7,5,2,2,6,1,1
3160,9,3,6,14,1,8,31
4225,6,3,3,4,1,5,6
5164,5,4,1,1,0,5,14
211237,0,0,0,0,0,0,0
9803467,4,1,3,6,4,0,0
9512266,0,0,0,0,0,0,0
9904484,2,2,0,0,2,0,0
9905453,14,3,11,34,8,6,6
1237,1,1,0,0,1,0,0
111428,0,0,0,0,0,0,0
6212,4,4,0,0,0,4,10
8190,0,0,0,0,0,0,0
9405349,2,1,1,1,0,2,2
9903439,6,4,2,2,0,6,33
9502309,8,4,4,7,0,8,39
9208247,3,3,0,0,3,0,0
102056,1,1,0,0,0,1,4
9703368,2,2,0,0,0,2,2
207037,2,1,1,1,0,2,8
9502353,1,1,0,0,0,1,4
9809263,6,1,5,7,1,5,28
9606445,2,1,1,1,2,0,0
7189,2,2,0,0,0,2,15
111269,7,2,5,16,0,7,79
9509259,2,1,1,1,2,0,0
203072,2,2,0,0,0,2,7
9710301,7,1,6,9,7,0,0
9608215,1,1,0,0,0,1,2
9805365,4,3,1,1,2,2,2
9910234,1,1,0,0,0,1,1
9710404,2,1,1,1,0,2,4
301128,0,0,0,0,0,0,0
202103,2,2,0,0,0,2,5
9705415,0,0,0,0,0,0,0
9906402,5,2,3,4,0,5,5
209127,2,2,0,0,0,2,15
9602341,3,3,0,0,2,1,2
9805309,1,1,0,0,0,1,7
201097,0,0,0,0,0,0,0
9710249,1,1,0,0,1,0,0
10257,5,2,3,5,0,5,14
207318,1,1,0,0,0,1,3
211110,2,2,0,0,0,2,15
9711487,7,1,6,14,0,7,50
102261,1,1,0,0,1,0,0
108113,1,1,0,0,0,1,8
212068,0,0,0,0,0,0,0
9705289,0,0,0,0,0,0,0
9908465,2,1,1,1,1,1,1
9510434,0,0,0,0,0,0,0
110340,1,1,0,0,0,1,4
209347,1,1,0,0,1,0,0
3010,1,1,0,0,1,0,0
301057,2,1,1,1,0,2,20
11347,0,0,0,0,0,0,0
9912333,0,0,0,0,0,0,0
9809208,0,0,0,0,0,0,0
9712316,2,2,0,0,2,0,0
9804271,0,0,0,0,0,0,0
9604421,1,1,0,0,0,1,6
208202,3,1,2,2,0,3,21
9908284,7,1,6,18,1,6,6
111025,2,2,0,0,0,2,5
9504209,2,1,1,1,1,1,1
110064,4,1,3,4,0,4,20
9712475,0,0,0,0,0,0,0
201294,6,3,3,5,0,6,35
9904360,5,2,3,4,1,4,9
102149,0,0,0,0,0,0,0
9808406,1,1,0,0,0,1,1
9711297,5,3,2,3,2,3,3
9710394,4,3,1,1,4,0,0
9407318,0,0,0,0,0,0,0
1154,2,1,1,1,0,2,5
9505250,8,3,5,12,8,0,0
9908414,8,2,6,13,0,8,31
9509276,1,1,0,0,1,0,0
9308304,4,1,3,3,4,0,0
9809306,5,1,4,4,1,4,4
9809563,2,2,0,0,0,2,2
206126,1,1,0,0,0,1,3
9804408,3,2,1,1,0,3,3
9806316,5,3,2,4,0,5,12
1252,0,0,0,0,0,0,0
9811485,2,1,1,1,2,0,0
9809323,1,1,0,0,0,1,3
9403356,0,0,0,0,0,0,0
9710327,3,3,0,0,0,3,29
9312289,1,1,0,0,1,0,0
110323,4,1,3,5,0,4,8
102030,1,1,0,0,1,0,0
9712255,0,0,0,0,0,0,0
301206,0,0,0,0,0,0,0
9912522,0,0,0,0,0,0,0
9812429,0,0,0,0,0,0,0
9206254,4,4,0,0,4,0,0
9912262,3,1,2,2,0,3,11
9505247,0,0,0,0,0,0,0
9609288,0,0,0,0,0,0,0
207360,0,0,0,0,0,0,0
9406281,2,2,0,0,0,2,3
212298,1,1,0,0,0,1,4
106216,2,1,1,1,0,2,4
9804338,2,1,1,1,0,2,10
1106,0,0,0,0,0,0,0
103332,3,3,0,0,0,3,27
211054,0,0,0,0,0,0,0
9605466,3,1,2,3,0,3,9
9911325,1,1,0,0,0,1,3
203002,1,1,0,0,0,1,1
9912221,2,2,0,0,0,2,4
9310264,2,2,0,0,2,0,0
9809308,2,2,0,0,2,0,0
9306282,1,1,0,0,1,0,0
12290,2,2,0,0,0,2,2
6177,1,1,0,0,0,1,9
108198,1,1,0,0,0,1,8
9512308,0,0,0,0,0,0,0
9611396,1,1,0,0,0,1,2
302085,0,0,0,0,0,0,0
1296,1,1,0,0,0,1,10
9609322,1,1,0,0,0,1,3
9352,0,0,0,0,0,0,0
9401224,0,0,0,0,0,0,0
9207233,2,2,0,0,2,0,0
9409304,1,1,0,0,0,1,1
9409276,0,0,0,0,0,0,0
9508234,2,1,1,1,0,2,6
12045,0,0,0,0,0,0,0
109177,0,0,0,0,0,0,0
9501378,0,0,0,0,0,0,0
9805482,3,3,0,0,0,3,14
9310290,0,0,0,0,0,0,0
12067,2,2,0,0,2,0,0
1156,0,0,0,0,0,0,0
208173,0,0,0,0,0,0,0
9808240,1,1,0,0,0,1,1
9905307,0,0,0,0,0,0,0
9607328,0,0,0,0,0,0,0
9503288,1,1,0,0,0,1,1
203258,11,7,4,5,0,11,24
8088,4,2,2,2,0,4,6
110174,1,1,0,0,0,1,2
9503385,2,2,0,0,1,1,1
9702275,5,3,2,2,1,4,4
9808373,1,1,0,0,0,1,5
111162,1,1,0,0,0,1,2
9907226,5,5,0,0,5,0,0
9308245,2,2,0,0,2,0,0
2228,10,1,9,14,10,0,0
9504419,3,3,0,0,0,3,3
302047,0,0,0,0,0,0,0
9607380,0,0,0,0,0,0,0
9904323,3,1,2,2,1,2,2
9506403,0,0,0,0,0,0,0
7093,3,3,0,0,0,3,5
210316,1,1,0,0,0,1,6
9704263,0,0,0,0,0,0,0
9706481,0,0,0,0,0,0,0
9303209,2,1,1,1,2,0,0
302260,0,0,0,0,0,0,0
9905573,3,3,0,0,3,0,0
9306284,2,2,0,0,0,2,2
9909375,1,1,0,0,0,1,1
1219,5,2,3,6,5,0,0
201285,1,1,0,0,0,1,17
201227,0,0,0,0,0,0,0
9811327,0,0,0,0,0,0,0
101055,0,0,0,0,0,0,0
107252,0,0,0,0,0,0,0
101065,2,1,1,1,2,0,0
3240,2,1,1,1,0,2,9
9609415,0,0,0,0,0,0,0
101114,3,2,1,1,1,2,6
9603283,3,3,0,0,0,3,3
204220,0,0,0,0,0,0,0
3132,0,0,0,0,0,0,0
211440,1,1,0,0,0,1,1
111050,1,1,0,0,1,0,0
9207252,1,1,0,0,1,0,0
9274,1,1,0,0,0,1,5
7206,1,1,0,0,0,1,7
9601270,2,1,1,1,2,0,0
109163,0,0,0,0,0,0,0
9511234,2,2,0,0,0,2,3
9310226,0,0,0,0,0,0,0
101148,0,0,0,0,0,0,0
9803206,0,0,0,0,0,0,0
9707446,1,1,0,0,1,0,0
209350,0,0,0,0,0,0,0
9904237,1,1,0,0,0,1,10
9707424,1,1,0,0,0,1,2
9301221,1,1,0,0,1,0,0
11267,0,0,0,0,0,0,0
210095,1,1,0,0,1,0,0
204162,0,0,0,0,0,0,0
9702279,1,1,0,0,0,1,2
204319,0,0,0,0,0,0,0
9502209,0,0,0,0,0,0,0
212175,1,1,0,0,0,1,6
9501345,3,3,0,0,3,0,0
9812351,1,1,0,0,1,0,0
9808461,2,2,0,0,0,2,2
6302,0,0,0,0,0,0,0
9606363,0,0,0,0,0,0,0
9912296,0,0,0,0,0,0,0
9702283,2,1,1,1,2,0,0
9209233,1,1,0,0,1,0,0
7204,0,0,0,0,0,0,0
9811309,2,1,1,1,2,0,0
9805325,1,1,0,0,0,1,9
210371,2,2,0,0,0,2,27
9906293,2,2,0,0,0,2,2
9140,1,1,0,0,0,1,13
9409267,1,1,0,0,1,0,0
9312301,2,2,0,0,2,0,0
8036,0,0,0,0,0,0,0
9811276,1,1,0,0,0,1,2
9510344,1,1,0,0,1,0,0
107322,0,0,0,0,0,0,0
9501406,1,1,0,0,1,0,0
9803271,0,0,0,0,0,0,0
12172,1,1,0,0,1,0,0
9908366,2,1,1,1,0,2,2
9312232,1,1,0,0,1,0,0
111339,1,1,0,0,1,0,0
9910500,1,1,0,0,0,1,5
9503265,0,0,0,0,0,0,0
9807485,1,1,0,0,0,1,2
12265,0,0,0,0,0,0,0
210250,0,0,0,0,0,0,0
206215,2,1,1,1,0,2,12
9506424,4,2,2,3,4,0,0
102160,0,0,0,0,0,0,0
301028,1,1,0,0,0,1,3
5022,0,0,0,0,0,0,0
109098,0,0,0,0,0,0,0
201003,0,0,0,0,0,0,0
9710552,0,0,0,0,0,0,0
9702232,0,0,0,0,0,0,0
9809317,0,0,0,0,0,0,0
207119,0,0,0,0,0,0,0
9404347,1,1,0,0,1,0,0
1024,1,1,0,0,0,1,4
9510316,3,2,1,1,3,0,0
10018,1,1,0,0,1,0,0
9911261,0,0,0,0,0,0,0
208054,1,1,0,0,0,1,2
9710330,0,0,0,0,0,0,0
9611434,5,1,4,5,2,3,3
211112,0,0,0,0,0,0,0
204297,1,1,0,0,0,1,6
9809569,0,0,0,0,0,0,0
9703371,0,0,0,0,0,0,0
206050,0,0,0,0,0,0,0
10167,1,1,0,0,0,1,3
12269,0,0,0,0,0,0,0
9811328,2,2,0,0,0,2,7
1026,1,1,0,0,1,0,0
9904261,4,2,2,3,0,4,9
301146,0,0,0,0,0,0,0
9601222,0,0,0,0,0,0,0
9316,0,0,0,0,0,0,0
9412221,0,0,0,0,0,0,0
9607420,2,2,0,0,2,0,0
9912272,0,0,0,0,0,0,0
9903231,0,0,0,0,0,0,0
9904364,0,0,0,0,0,0,0
201200,0,0,0,0,0,0,0
9505231,1,1,0,0,0,1,1
205157,1,1,0,0,0,1,10
9606452,1,1,0,0,0,1,3
9411391,0,0,0,0,0,0,0
1242,0,0,0,0,0,0,0
9709503,0,0,0,0,0,0,0
9509403,1,1,0,0,1,0,0
9604449,0,0,0,0,0,0,0
9705342,0,0,0,0,0,0,0
9401205,2,2,0,0,2,0,0
212218,0,0,0,0,0,0,0
106131,1,1,0,0,0,1,13
9701204,0,0,0,0,0,0,0
211294,0,0,0,0,0,0,0
9610428,0,0,0,0,0,0,0
9606448,2,1,1,1,1,1,1
101012,0,0,0,0,0,0,0
205128,1,1,0,0,0,1,1
3295,1,1,0,0,0,1,1
210330,2,1,1,1,0,2,4
301126,0,0,0,0,0,0,0
9910353,0,0,0,0,0,0,0
101185,1,1,0,0,0,1,3
9043,0,0,0,0,0,0,0
210178,1,1,0,0,0,1,6
9260,3,1,2,3,3,0,0
9708292,0,0,0,0,0,0,0
9109,0,0,0,0,0,0,0
9712420,1,1,0,0,1,0,0
9903232,0,0,0,0,0,0,0
9604377,0,0,0,0,0,0,0
211428,1,1,0,0,0,1,7
9809240,0,0,0,0,0,0,0
9907537,2,1,1,1,0,2,6
9811503,0,0,0,0,0,0,0
10200,0,0,0,0,0,0,0
8293,0,0,0,0,0,0,0
211139,0,0,0,0,0,0,0
9802208,0,0,0,0,0,0,0
210068,0,0,0,0,0,0,0
212138,1,1,0,0,0,1,4
211360,1,1,0,0,0,1,11
104078,0,0,0,0,0,0,0
9611339,0,0,0,0,0,0,0
9808376,0,0,0,0,0,0,0
9608440,0,0,0,0,0,0,0
9510330,0,0,0,0,0,0,0
209023,0,0,0,0,0,0,0
211191,0,0,0,0,0,0,0
211060,0,0,0,0,0,0,0
111239,0,0,0,0,0,0,0
9705410,0,0,0,0,0,0,0
9506367,0,0,0,0,0,0,0
201046,1,1,0,0,0,1,2
212135,0,0,0,0,0,0,0
207331,0,0,0,0,0,0,0
104172,0,0,0,0,0,0,0
9904339,0,0,0,0,0,0,0
9712460,0,0,0,0,0,0,0
9407361,0,0,0,0,0,0,0
9811218,3,2,1,1,3,0,0
206303,0,0,0,0,0,0,0
104207,0,0,0,0,0,0,0
9808358,0,0,0,0,0,0,0
9503493,0,0,0,0,0,0,0
212314,0,0,0,0,0,0,0
9305259,0,0,0,0,0,0,0
107193,0,0,0,0,0,0,0
3158,1,1,0,0,1,0,0
9605300,1,1,0,0,1,0,0
9810462,0,0,0,0,0,0,0
9605262,1,1,0,0,1,0,0
11093,0,0,0,0,0,0,0
108164,0,0,0,0,0,0,0
103319,0,0,0,0,0,0,0
9910401,0,0,0,0,0,0,0
207021,0,0,0,0,0,0,0
1063,1,1,0,0,1,0,0
204233,0,0,0,0,0,0,0
9705403,0,0,0,0,0,0,0
9507206,3,1,2,3,1,2,6
9501397,1,1,0,0,0,1,1
212153,0,0,0,0,0,0,0
9409247,0,0,0,0,0,0,0
9505418,1,1,0,0,1,0,0
9904466,0,0,0,0,0,0,0
210010,0,0,0,0,0,0,0
111018,0,0,0,0,0,0,0
207033,0,0,0,0,0,0,0
9068,0,0,0,0,0,0,0
210439,0,0,0,0,0,0,0
302247,0,0,0,0,0,0,0
111207,3,2,1,1,0,3,3
9501288,0,0,0,0,0,0,0
10279,0,0,0,0,0,0,0
212176,0,0,0,0,0,0,0
9912530,0,0,0,0,0,0,0
9905462,1,1,0,0,1,0,0
212377,0,0,0,0,0,0,0
9709338,1,1,0,0,1,0,0
209204,0,0,0,0,0,0,0
302261,0,0,0,0,0,0,0
9612455,0,0,0,0,0,0,0
302042,0,0,0,0,0,0,0
9803231,1,1,0,0,1,0,0
9707236,0,0,0,0,0,0,0
9510290,1,1,0,0,1,0,0
209140,1,1,0,0,0,1,3
11378,0,0,0,0,0,0,0
210379,0,0,0,0,0,0,0
112294,0,0,0,0,0,0,0
208111,1,1,0,0,0,1,4
9912374,0,0,0,0,0,0,0
9508329,0,0,0,0,0,0,0
203174,0,0,0,0,0,0,0
210081,0,0,0,0,0,0,0
111438,0,0,0,0,0,0,0
111235,0,0,0,0,0,0,0
9901371,0,0,0,0,0,0,0
209323,1,1,0,0,0,1,3
9905454,0,0,0,0,0,0,0
110229,0,0,0,0,0,0,0
9512373,1,1,0,0,1,0,0
9810254,0,0,0,0,0,0,0
9906453,0,0,0,0,0,0,0
211362,0,0,0,0,0,0,0
12104,0,0,0,0,0,0,0
111104,0,0,0,0,0,0,0
9802265,1,1,0,0,0,1,3
9502343,0,0,0,0,0,0,0
212409,0,0,0,0,0,0,0
209102,0,0,0,0,0,0,0
107321,1,1,0,0,0,1,2
9812264,0,0,0,0,0,0,0
9911259,1,1,0,0,1,0,0
9807471,0,0,0,0,0,0,0
9710558,0,0,0,0,0,0,0
9354,0,0,0,0,0,0,0
8100,0,0,0,0,0,0,0
9702371,1,1,0,0,1,0,0
9909535,0,0,0,0,0,0,0
9907448,0,0,0,0,0,0,0
9505370,0,0,0,0,0,0,0
210426,0,0,0,0,0,0,0
111111,0,0,0,0,0,0,0
9609390,0,0,0,0,0,0,0
101240,0,0,0,0,0,0,0
206160,0,0,0,0,0,0,0
9505374,1,1,0,0,1,0,0
9910218,0,0,0,0,0,0,0
9602376,0,0,0,0,0,0,0
9805444,0,0,0,0,0,0,0
3062,0,0,0,0,0,0,0
9510314,0,0,0,0,0,0,0
210220,0,0,0,0,0,0,0
211391,0,0,0,0,0,0,0
2185,0,0,0,0,0,0,0
9310356,0,0,0,0,0,0,0
107092,0,0,0,0,0,0,0
2107,0,0,0,0,0,0,0
105068,0,0,0,0,0,0,0
204219,0,0,0,0,0,0,0
301006,0,0,0,0,0,0,0
105342,0,0,0,0,0,0,0
9505202,0,0,0,0,0,0,0
9807410,0,0,0,0,0,0,0
9511390,0,0,0,0,0,0,0
301271,0,0,0,0,0,0,0
5145,0,0,0,0,0,0,0
101073,0,0,0,0,0,0,0
207019,0,0,0,0,0,0,0
9707394,2,2,0,0,2,0,0
9308305,0,0,0,0,0,0,0
9608284,0,0,0,0,0,0,0
9305,0,0,0,0,0,0,0
9809271,0,0,0,0,0,0,0
209237,0,0,0,0,0,0,0
101135,0,0,0,0,0,0,0
112348,0,0,0,0,0,0,0
9502265,0,0,0,0,0,0,0
211201,0,0,0,0,0,0,0
1210,0,0,0,0,0,0,0
9705365,0,0,0,0,0,0,0
9807328,0,0,0,0,0,0,0
212084,0,0,0,0,0,0,0
9908512,0,0,0,0,0,0,0
212338,0,0,0,0,0,0,0
9907312,1,1,0,0,1,0,0
9609514,0,0,0,0,0,0,0
106133,0,0,0,0,0,0,0
110116,0,0,0,0,0,0,0
106182,0,0,0,0,0,0,0
9502366,24,3,21,75,10,14,14
7256,16,5,11,34,0,16,51
12215,2,1,1,1,0,2,4
211047,2,2,0,0,0,2,6
9404335,11,1,10,18,2,9,12
2006,17,1,16,40,0,17,70
9710372,25,5,20,85,2,23,111
105323,2,1,1,1,0,2,20
9809472,12,4,8,12,0,12,50
9507294,26,1,25,156,21,5,5
9509316,16,2,14,53,1,15,15
9711395,172,1,171,2909,172,0,0
9305234,2,1,1,1,2,0,0
9506256,43,2,41,250,0,43,119
9610383,2,1,1,1,1,1,1
9310320,43,4,39,135,6,37,48
9806540,82,3,79,680,0,82,82
9811352,6,2,4,4,0,6,17
9806272,28,2,26,149,0,28,105
9802334,46,4,42,245,35,11,11
9911465,6,2,4,4,0,6,35
9809307,19,4,15,32,16,3,3
9909501,13,2,11,36,6,7,7
9901320,24,2,22,80,0,24,242
9311312,27,6,21,86,8,19,40
9611425,22,2,20,93,0,22,112
9307275,1,1,0,0,1,0,0
9903302,7,2,5,9,0,7,23
9406319,45,4,41,247,45,0,0
9506354,28,3,25,80,28,0,0
9811498,23,2,21,74,0,23,215
104090,12,7,5,7,0,12,36
9504387,10,2,8,22,10,0,0
9804319,50,3,47,308,0,50,402
6056,19,1,18,55,0,19,229
9809311,72,2,70,530,0,72,653
9604452,64,2,62,514,0,64,211
9703250,22,3,19,54,0,22,219
9501287,55,5,50,367,44,11,11
9310243,5,2,3,5,5,0,0
9207214,152,11,141,1804,152,0,0
9605220,41,5,36,211,1,40,232
110301,2,1,1,1,0,2,14
9710336,37,4,33,151,0,37,289
9807430,6,1,5,8,0,6,6
9704410,5,2,3,3,5,0,0
9802277,9,6,3,6,0,9,38
9611393,15,2,13,39,0,15,26
9709507,9,1,8,13,0,9,105
9305274,41,5,36,358,41,0,0
9510271,15,1,14,46,0,15,130
9809530,8,6,2,2,0,8,24
9804296,8,3,5,6,0,8,23
9602277,28,2,26,150,9,19,35
9707313,25,1,24,169,1,24,101
9704267,18,3,15,54,0,18,37
9709390,7,5,2,2,0,7,21
9711518,4,2,2,2,0,4,21
9904274,3,1,2,2,1,2,7
9404344,4,2,2,4,0,4,4
9603276,23,3,20,75,7,16,25
9804241,71,6,65,507,0,71,384
9307291,81,11,70,558,5,76,160
9805488,9,5,4,8,0,9,72
9502338,36,4,32,125,0,36,193
9406303,18,2,16,58,0,18,29
9801224,7,2,5,7,1,6,6
9607355,45,1,44,280,20,25,25
9704255,39,6,33,202,2,37,149
9306219,19,6,13,64,13,6,6
9609481,55,2,53,418,23,32,32
10294,6,5,1,1,0,6,64
9702376,43,4,39,254,2,41,107
9610400,55,2,53,438,0,55,174
9709267,7,2,5,12,0,7,27
9710255,43,2,41,421,4,39,169
9310233,40,2,38,306,40,0,0
8208,50,3,47,289,1,49,593
9908227,59,1,58,484,0,59,627
9211248,14,4,10,28,8,6,6
9501304,24,4,20,76,4,20,36
112206,12,4,8,26,0,12,111
207243,7,1,6,15,0,7,39
9403407,14,4,10,31,0,14,120
9908309,12,2,10,23,4,8,57
9807522,22,2,20,80,0,22,122
9709492,67,4,63,487,5,62,144
9606412,9,2,7,11,2,7,21
9711446,6,2,4,6,0,6,23
9410283,17,7,10,30,5,12,21
9306309,44,6,38,241,44,0,0
9812418,17,1,16,44,0,17,48
9906470,38,2,36,170,0,38,208
9501244,9,3,6,12,9,0,0
9607376,3,3,0,0,3,0,0
8053,2,1,1,1,0,2,6
9404346,7,1,6,12,7,0,0
9704260,6,1,5,11,0,6,61
9703220,34,2,32,125,3,31,119
9404279,9,1,8,15,9,0,0
9810291,24,2,22,118,0,24,96
9510441,8,2,6,8,0,8,19
9511205,27,8,19,74,27,0,0
9501356,8,4,4,15,0,8,79
9911496,34,2,32,179,0,34,160
9909497,15,1,14,41,0,15,90
9411444,17,4,13,49,0,17,27
1309,11,2,9,24,0,11,81
108192,6,2,4,5,0,6,82
9906206,62,6,56,406,1,61,395
106207,37,2,35,215,21,16,38
6319,11,1,10,32,0,11,141
9603353,11,4,7,10,1,10,19
103060,6,2,4,6,0,6,22
8152,13,4,9,32,0,13,63
9705337,9,4,5,7,0,9,63
12140,24,4,20,92,0,24,133
9602316,3,2,1,2,2,1,1
9311260,25,3,22,87,25,0,0
10051,3,2,1,2,0,3,16
9905423,22,3,19,86,0,22,499
9907355,36,2,34,105,0,36,317
1161,6,2,4,7,0,6,11
205184,1,1,0,0,0,1,16
111164,11,1,10,22,0,11,70
108060,42,2,40,405,0,42,117
111298,2,1,1,1,0,2,12
9706410,27,2,25,138,0,27,160
9512390,1,1,0,0,0,1,3
9909392,6,3,3,6,0,6,95
6251,13,2,11,43,5,8,45
9911293,22,1,21,134,15,7,7
9507368,8,4,4,7,1,7,7
9405239,21,4,17,71,6,15,26
9410384,11,3,8,30,11,0,0
9211258,10,3,7,11,0,10,10
9902428,3,3,0,0,0,3,13
2263,1,1,0,0,0,1,2
6240,12,1,11,30,0,12,56
9209220,13,6,7,28,13,0,0
9254,24,7,17,52,0,24,228
9807434,19,3,16,58,0,19,71
9609504,12,2,10,24,0,12,98
9409432,1,1,0,0,1,0,0
9512327,12,2,10,22,5,7,7
9408396,12,2,10,31,5,7,7
9606392,4,3,1,1,0,4,9
107271,4,1,3,5,0,4,33
9612333,7,3,4,6,1,6,6
9807377,3,2,1,1,0,3,32
9909429,30,5,25,94,0,30,377
9409326,31,4,27,104,31,0,0
101091,17,2,15,56,0,17,58
9804288,15,2,13,29,8,7,7
9909432,8,2,6,16,0,8,15
103182,39,5,34,176,0,39,481
9308222,11,3,8,16,11,0,0
9409308,1,1,0,0,1,0,0
103111,1,1,0,0,0,1,1
9502261,14,9,5,6,8,6,8
9501369,32,3,29,162,16,16,36
106100,0,0,0,0,0,0,0
9810453,9,4,5,10,0,9,24
109195,1,1,0,0,0,1,2
211313,1,1,0,0,0,1,1
211314,1,1,0,0,0,1,1
9810364,12,4,8,12,0,12,73
9807249,14,2,12,76,2,12,56
9609425,2,1,1,1,2,0,0
9706371,3,2,1,2,0,3,26
9802338,6,3,3,5,0,6,38
9412243,2,2,0,0,1,1,1
9302249,17,6,11,16,17,0,0
9701378,4,2,2,2,0,4,22
9401265,12,3,9,23,0,12,28
9706482,9,2,7,16,0,9,80
9906222,9,3,6,11,0,9,106
9512417,12,4,8,22,11,1,1
108166,7,3,4,7,0,7,22
9910392,6,1,5,8,0,6,40
9706309,9,1,8,28,4,5,5
9711310,2,1,1,1,1,1,1
9407291,14,3,11,41,14,0,0
9612428,5,2,3,6,5,0,0
9802240,3,1,2,3,0,3,45
207197,2,1,1,1,0,2,8
112059,11,3,8,27,11,0,0
5211,2,2,0,0,0,2,3
9407368,4,3,1,2,0,4,20
9704297,22,5,17,44,1,21,198
9805215,13,1,12,29,1,12,25
9809223,11,7,4,6,0,11,47
9501284,8,2,6,12,5,3,3
9506215,1,1,0,0,0,1,1
9901224,11,1,10,43,0,11,49
9409460,4,1,3,4,0,4,8
6232,10,3,7,16,0,10,28
9302271,12,2,10,26,12,0,0
9405298,9,3,6,9,9,0,0
5303,7,3,4,6,0,7,66
9908311,19,3,16,67,0,19,212
9910557,20,1,19,83,0,20,239
9710214,15,3,12,41,1,14,86
9710234,28,2,26,86,8,20,43
9506419,3,3,0,0,0,3,10
9511371,14,7,7,11,3,11,12
9307324,24,4,20,85,2,22,22
9309310,38,4,34,283,38,0,0
9704322,22,4,18,74,0,22,215
107214,1,1,0,0,0,1,2
9706523,5,2,3,4,2,3,3
9411285,37,2,35,172,37,0,0
9809337,19,4,15,36,0,19,94
9903509,7,4,3,6,7,0,0
208228,1,1,0,0,0,1,14
9503318,10,2,8,19,0,10,10
9801410,4,3,1,2,0,4,7
9901306,15,3,12,56,0,15,165
108096,4,1,3,6,0,4,4
9303225,12,5,7,15,6,6,6
201031,0,0,0,0,0,0,0
9902234,5,2,3,3,0,5,12
9508337,11,3,8,27,3,8,12
9710216,4,1,3,6,4,0,0
9601234,19,1,18,76,19,0,0
9711327,10,3,7,8,0,10,61
9406346,7,2,5,8,0,7,33
9501317,5,2,3,5,2,3,4
9903240,5,4,1,1,0,5,22
9912552,7,3,4,7,1,6,27
9609364,10,3,7,18,0,10,39
9912510,4,1,3,6,0,4,14
105029,14,5,9,15,1,13,83
9709341,1,1,0,0,0,1,4
9409296,8,3,5,14,6,2,2
9902465,2,1,1,1,0,2,22
110215,14,2,12,27,6,8,15
9612442,10,3,7,10,0,10,70
9609323,14,1,13,37,1,13,52
202269,3,2,1,1,0,3,40
210387,1,1,0,0,0,1,3
9711387,29,4,25,149,1,28,108
3059,0,0,0,0,0,0,0
9609359,2,1,1,1,1,1,4
9604445,17,2,15,50,4,13,34
104151,16,2,14,33,0,16,261
9502273,5,2,3,4,2,3,3
9505229,0,0,0,0,0,0,0
9903343,2,2,0,0,0,2,5
9412250,5,4,1,1,2,3,3
9507413,15,2,13,47,0,15,53
9812230,9,1,8,17,1,8,9
9508304,2,2,0,0,0,2,2
9603389,9,4,5,7,5,4,4
1274,18,1,17,76,0,18,80
107101,9,1,8,12,1,8,13
9605324,9,4,5,12,0,9,12
9307285,15,4,11,29,15,0,0
9408257,17,1,16,45,17,0,0
9702354,14,3,11,34,0,14,52
9709394,3,3,0,0,0,3,7
9310331,4,1,3,3,4,0,0
9402277,9,5,4,7,0,9,9
201226,9,1,8,24,0,9,15
6038,1,1,0,0,1,0,0
106021,3,1,2,3,0,3,15
5260,3,2,1,1,0,3,24
9902294,14,5,9,34,2,12,34
105140,0,0,0,0,0,0,0
9909217,11,2,9,14,0,11,165
9402213,5,2,3,6,1,4,4
204040,5,2,3,3,0,5,53
9707349,0,0,0,0,0,0,0
9805201,0,0,0,0,0,0,0
9501221,5,2,3,6,3,2,3
9511253,1,1,0,0,0,1,1
9804418,1,1,0,0,0,1,8
9510396,5,1,4,6,0,5,6
9912276,6,2,4,5,1,5,14
9604355,11,3,8,13,0,11,17
102318,2,2,0,0,0,2,18
9502352,7,2,5,9,0,7,33
9508291,13,5,8,23,1,12,28
11014,7,3,4,6,1,6,10
102144,4,1,3,4,1,3,3
9601224,9,1,8,25,0,9,24
9506329,9,2,7,21,1,8,16
9604432,4,2,2,2,0,4,9
9602353,5,3,2,3,1,4,4
9509237,10,2,8,17,10,0,0
9507299,9,2,7,14,9,0,0
4182,0,0,0,0,0,0,0
104245,12,2,10,25,0,12,156
9208210,5,1,4,7,5,0,0
9503253,6,2,4,10,3,3,3
9612399,4,1,3,3,4,0,0
107161,2,1,1,1,0,2,5
9904336,18,3,15,41,1,17,144
9911342,13,5,8,16,0,13,44
202237,0,0,0,0,0,0,0
110102,5,2,3,4,5,0,0
109052,7,5,2,2,0,7,87
4248,4,1,3,3,0,4,12
9606354,8,5,3,4,3,5,10
9707266,5,3,2,5,2,3,3
9904313,5,1,4,6,0,5,53
9704228,14,3,11,33,14,0,0
4012,1,1,0,0,0,1,10
9705223,8,2,6,13,0,8,21
9405426,4,2,2,3,4,0,0
4094,4,3,1,1,0,4,9
9503224,2,1,1,1,2,0,0
9605231,10,1,9,15,0,10,48
9912205,8,4,4,4,8,0,0
9412269,9,2,7,15,9,0,0
302003,13,3,10,34,13,0,0
9504250,10,2,8,26,1,9,20
9408373,9,1,8,23,9,0,0
9612302,7,1,6,17,2,5,10
101029,1,1,0,0,1,0,0
9506261,3,2,1,2,3,0,0
9610249,1,1,0,0,0,1,3
9802303,1,1,0,0,0,1,10
9803201,8,1,7,15,8,0,0
9903300,8,1,7,24,0,8,21
9701209,5,3,2,2,0,5,22
9902440,14,8,6,10,1,13,46
109094,2,2,0,0,0,2,18
9712507,3,2,1,1,2,1,1
9508377,2,1,1,1,0,2,2
9412204,1,1,0,0,0,1,1
9811280,7,5,2,3,0,7,29
103096,5,3,2,3,0,5,25
9606456,19,5,14,38,19,0,0
9901283,2,2,0,0,0,2,15
9612274,2,1,1,1,2,0,0
9610448,4,1,3,5,4,0,0
9401305,7,3,4,10,7,0,0
9401244,1,1,0,0,0,1,1
9810315,7,2,5,14,0,7,21
9505388,4,1,3,6,0,4,16
201296,30,1,29,99,4,26,38
9310313,28,3,25,163,28,0,0
9810449,3,2,1,2,0,3,19
9709366,1,1,0,0,0,1,8
9608355,3,1,2,2,3,0,0
9017,3,2,1,1,0,3,7
9911332,6,2,4,8,0,6,43
9507391,1,1,0,0,1,0,0
9505438,9,1,8,20,0,9,10
203179,1,1,0,0,0,1,8
9207228,10,7,3,4,10,0,0
9806268,13,5,8,19,3,10,11
9609418,6,3,3,3,0,6,12
9607388,8,2,6,11,7,1,1
6103,6,3,3,4,0,6,30
9208240,10,3,7,19,10,0,0
9404224,0,0,0,0,0,0,0
9407392,2,1,1,1,0,2,2
9207278,11,5,6,8,11,0,0
9503260,15,4,11,21,0,15,22
9901420,11,7,4,5,0,11,36
9502286,10,3,7,18,0,10,34
9401331,1,1,0,0,0,1,1
9406395,4,3,1,1,0,4,13
9702362,6,3,3,4,0,6,24
209255,0,0,0,0,0,0,0
9405396,20,1,19,66,20,0,0
9407203,7,4,3,4,0,7,12
9707229,8,2,6,11,0,8,13
9704435,3,3,0,0,0,3,3
6310,3,3,0,0,0,3,6
2065,6,4,2,5,0,6,27
108204,5,2,3,4,0,5,11
5280,2,2,0,0,0,2,29
111030,5,1,4,5,0,5,39
9906358,5,3,2,3,0,5,13
3020,15,1,14,46,1,14,42
9812384,7,2,5,5,7,0,0
204180,3,2,1,1,0,3,14
208193,3,2,1,2,0,3,23
207053,7,2,5,12,0,7,92
9410317,7,1,6,12,4,3,3
9508349,2,2,0,0,1,1,5
3218,3,2,1,1,0,3,13
9309225,1,1,0,0,1,0,0
9412334,10,3,7,15,10,0,0
104173,0,0,0,0,0,0,0
209116,1,1,0,0,1,0,0
9902400,4,2,2,3,4,0,0
105093,3,1,2,3,3,0,0
101005,7,4,3,6,0,7,20
9909241,1,1,0,0,1,0,0
9605457,7,5,2,2,0,7,18
9311374,8,3,5,8,8,0,0
9502257,2,1,1,1,0,2,4
111244,12,3,9,20,0,12,177
9801427,0,0,0,0,0,0,0
9606417,9,4,5,8,0,9,28
9504286,1,1,0,0,0,1,2
9302268,6,1,5,6,6,0,0
9411311,4,3,1,1,2,2,2
106045,4,1,3,4,0,4,57
9808218,5,3,2,4,0,5,14
9307226,2,2,0,0,2,0,0
9503461,5,2,3,5,0,5,13
9812488,9,3,6,9,0,9,22
9306222,9,1,8,21,9,0,0
9507236,5,2,3,6,1,4,6
12043,9,3,6,23,0,9,41
111332,7,1,6,10,0,7,108
203243,3,2,1,1,0,3,23
210349,1,1,0,0,1,0,0
9703228,7,1,6,8,4,3,3
9703324,6,2,4,6,0,6,29
9507267,11,2,9,24,0,11,11
9308339,7,2,5,7,7,0,0
9707205,1,1,0,0,0,1,1
9612409,9,6,3,6,3,6,22
9903488,5,4,1,1,0,5,32
6060,4,2,2,2,0,4,32
9407297,0,0,0,0,0,0,0
212132,2,1,1,1,0,2,33
9710241,2,1,1,1,2,0,0
9610315,4,2,2,4,0,4,11
9805241,12,7,5,8,1,11,17
9503241,12,2,10,17,2,10,18
9601212,1,1,0,0,1,0,0
9511360,2,2,0,0,2,0,0
9701292,2,1,1,1,2,0,0
9706399,7,6,1,1,0,7,29
9504309,1,1,0,0,0,1,1
5200,1,1,0,0,0,1,6
9712434,16,8,8,9,0,16,89
9701260,16,5,11,33,2,14,14
112054,1,1,0,0,0,1,7
9508335,1,1,0,0,0,1,1
9512435,9,1,8,12,0,9,20
8140,1,1,0,0,0,1,5
9908203,2,1,1,1,0,2,10
9705358,4,1,3,4,4,0,0
9510323,1,1,0,0,1,0,0
106331,2,2,0,0,0,2,7
4008,4,3,1,2,0,4,48
9711326,2,1,1,1,0,2,10
110047,4,1,3,4,1,3,3
5253,4,1,3,3,0,4,16
9507393,2,2,0,0,0,2,8
205101,0,0,0,0,0,0,0
9806233,3,2,1,1,0,3,6
205334,3,3,0,0,0,3,31
109016,1,1,0,0,0,1,2
111142,0,0,0,0,0,0,0
9909251,0,0,0,0,0,0,0
9602393,2,1,1,1,2,0,0
9506271,21,2,19,108,21,0,0
101002,4,1,3,6,0,4,4
8280,6,2,4,6,0,6,105
105327,3,3,0,0,0,3,10
9807233,1,1,0,0,0,1,7
9507215,6,1,5,14,6,0,0
9612335,2,2,0,0,0,2,13
9608293,1,1,0,0,0,1,1
9609277,5,2,3,3,5,0,0
9512306,1,1,0,0,0,1,3
9911394,3,3,0,0,0,3,11
9709233,1,1,0,0,1,0,0
10081,2,2,0,0,0,2,19
110180,2,1,1,1,0,2,43
204100,4,3,1,1,0,4,51
9407398,6,4,2,2,4,2,2
111210,0,0,0,0,0,0,0
101269,6,3,3,4,0,6,25
9404303,8,1,7,12,8,0,0
207234,0,0,0,0,0,0,0
101182,0,0,0,0,0,0,0
9504428,1,1,0,0,0,1,2
9403207,1,1,0,0,1,0,0
9808238,0,0,0,0,0,0,0
9911500,0,0,0,0,0,0,0
9406426,3,3,0,0,1,2,2
9708435,4,2,2,2,2,2,2
9603359,2,1,1,1,2,0,0
208240,1,1,0,0,0,1,17
9511471,1,1,0,0,0,1,1
9906397,2,1,1,1,1,1,1
9708334,1,1,0,0,0,1,2
107159,4,4,0,0,1,3,12
9906505,1,1,0,0,1,0,0
9606277,8,3,5,7,0,8,15
12187,1,1,0,0,1,0,0
9412251,3,3,0,0,3,0,0
108058,1,1,0,0,1,0,0
9707368,1,1,0,0,0,1,1
9707542,5,2,3,5,0,5,12
12225,3,3,0,0,0,3,17
9811203,3,3,0,0,0,3,8
101089,4,2,2,3,4,0,0
9710398,5,3,2,3,1,4,7
9702411,3,2,1,1,0,3,6
109182,2,2,0,0,0,2,4
9910239,2,1,1,1,0,2,17
9805366,2,2,0,0,0,2,2
9903234,9,3,6,9,1,8,16
9502374,3,3,0,0,2,1,1
9410249,5,3,2,2,0,5,5
9904383,5,2,3,3,0,5,9
202232,0,0,0,0,0,0,0
9705207,5,3,2,2,0,5,11
12118,0,0,0,0,0,0,0
9401256,6,6,0,0,6,0,0
9708407,0,0,0,0,0,0,0
202004,4,1,3,6,0,4,5
9510373,3,3,0,0,3,0,0
1303,0,0,0,0,0,0,0
205337,0,0,0,0,0,0,0
9905516,0,0,0,0,0,0,0
5063,2,2,0,0,0,2,5
8312,4,2,2,2,4,0,0
9909439,3,2,1,1,0,3,14
9810284,1,1,0,0,0,1,3
9901352,1,1,0,0,0,1,5
6042,1,1,0,0,1,0,0
106316,3,2,1,1,0,3,9
9803447,7,1,6,13,0,7,36
108034,2,1,1,1,0,2,8
110109,0,0,0,0,0,0,0
201278,1,1,0,0,0,1,3
209134,1,1,0,0,0,1,4
11060,1,1,0,0,1,0,0
204183,0,0,0,0,0,0,0
9703421,1,1,0,0,1,0,0
9911373,0,0,0,0,0,0,0
9312293,0,0,0,0,0,0,0
9508248,5,4,1,3,1,4,4
9912248,2,1,1,1,0,2,2
9407271,0,0,0,0,0,0,0
9706323,1,1,0,0,0,1,9
112205,4,3,1,1,2,2,2
9801423,1,1,0,0,1,0,0
9910358,0,0,0,0,0,0,0
103346,0,0,0,0,0,0,0
9510255,1,1,0,0,0,1,1
3274,2,2,0,0,1,1,1
109253,1,1,0,0,0,1,15
1305,0,0,0,0,0,0,0
108244,4,2,2,3,0,4,39
201183,0,0,0,0,0,0,0
109224,6,2,4,5,1,5,9
111075,5,2,3,5,0,5,16
107111,2,1,1,1,0,2,9
9603243,1,1,0,0,0,1,1
9310265,1,1,0,0,1,0,0
9510305,0,0,0,0,0,0,0
9702364,5,1,4,7,2,3,3
9804361,5,3,2,2,1,4,6
1257,1,1,0,0,0,1,6
9402354,0,0,0,0,0,0,0
9902201,3,1,2,2,0,3,19
9711283,0,0,0,0,0,0,0
9905416,2,1,1,1,0,2,10
9606286,2,1,1,1,1,1,1
9506422,8,4,4,4,8,0,0
9903253,4,1,3,3,2,2,2
103010,4,3,1,1,4,0,0
8188,11,5,6,14,0,11,26
7111,6,3,3,4,0,6,7
9706271,6,2,4,7,0,6,32
9412325,2,2,0,0,2,0,0
9908338,4,2,2,3,4,0,0
9912214,10,3,7,14,0,10,30
2278,3,3,0,0,1,2,2
107149,3,2,1,1,0,3,3
207255,3,3,0,0,0,3,21
9604381,2,1,1,1,0,2,2
9209260,8,4,4,8,8,0,0
9711364,0,0,0,0,0,0,0
9608371,1,1,0,0,0,1,4
210242,0,0,0,0,0,0,0
9904441,2,1,1,1,1,1,1
107036,1,1,0,0,0,1,4
207012,3,3,0,0,0,3,23
9912405,1,1,0,0,0,1,4
9809351,3,1,2,3,3,0,0
9612277,0,0,0,0,0,0,0
102029,2,2,0,0,0,2,12
203214,5,1,4,9,0,5,68
9503424,1,1,0,0,1,0,0
107308,1,1,0,0,0,1,4
9903254,4,2,2,3,0,4,4
9711249,2,1,1,1,2,0,0
9906526,3,1,2,2,2,1,1
111192,0,0,0,0,0,0,0
9804230,3,2,1,2,1,2,4
10327,1,1,0,0,0,1,3
101171,5,1,4,8,2,3,3
9801227,0,0,0,0,0,0,0
9803387,6,1,5,9,6,0,0
210043,0,0,0,0,0,0,0
9710564,0,0,0,0,0,0,0
9803490,2,2,0,0,0,2,3
212316,0,0,0,0,0,0,0
9810415,2,1,1,1,1,1,1
9912351,8,2,6,14,0,8,14
9512284,2,1,1,1,2,0,0
206235,3,2,1,1,0,3,19
9802248,6,1,5,8,0,6,43
9509427,9,3,6,11,9,0,0
9902231,2,2,0,0,0,2,7
208113,6,1,5,10,0,6,31
9208256,4,2,2,2,4,0,0
9902271,1,1,0,0,0,1,7
9505357,7,3,4,5,0,7,7
112332,0,0,0,0,0,0,0
9905509,7,2,5,6,0,7,22
10187,2,1,1,1,0,2,3
10028,2,1,1,1,0,2,8
104310,0,0,0,0,0,0,0
9708352,0,0,0,0,0,0,0
9711316,5,4,1,1,2,3,8
9911514,6,1,5,14,0,6,20
9512256,3,1,2,2,3,0,0
101045,0,0,0,0,0,0,0
103154,3,1,2,3,0,3,25
9908475,5,2,3,9,0,5,25
206172,4,3,1,1,0,4,10
9609523,2,1,1,1,0,2,3
109119,9,2,7,14,0,9,98
9709477,2,2,0,0,2,0,0
202231,7,2,5,10,0,7,36
9512280,3,1,2,3,3,0,0
9901451,2,2,0,0,0,2,8
201077,3,3,0,0,0,3,70
212273,0,0,0,0,0,0,0
206296,0,0,0,0,0,0,0
9407390,0,0,0,0,0,0,0
9809465,7,1,6,13,7,0,0
9509214,2,1,1,1,0,2,6
203226,0,0,0,0,0,0,0
10339,0,0,0,0,0,0,0
9511424,5,2,3,6,5,0,0
302272,0,0,0,0,0,0,0
9805398,3,1,2,2,3,0,0
9403368,9,3,6,7,9,0,0
9703453,5,2,3,4,5,0,0
9810507,1,1,0,0,0,1,4
9909437,1,1,0,0,1,0,0
2288,0,0,0,0,0,0,0
9806421,1,1,0,0,0,1,1
9310217,1,1,0,0,1,0,0
9807547,2,2,0,0,0,2,9
5100,0,0,0,0,0,0,0
201247,4,2,2,2,0,4,31
9810212,0,0,0,0,0,0,0
201292,1,1,0,0,1,0,0
211277,1,1,0,0,1,0,0
111461,0,0,0,0,0,0,0
9608428,0,0,0,0,0,0,0
9806319,0,0,0,0,0,0,0
112267,0,0,0,0,0,0,0
11122,0,0,0,0,0,0,0
9304208,4,4,0,0,4,0,0
107229,0,0,0,0,0,0,0
9304293,4,3,1,1,4,0,0
102329,1,1,0,0,0,1,3
5281,0,0,0,0,0,0,0
9909372,1,1,0,0,0,1,8
9906313,2,2,0,0,0,2,6
9803338,2,2,0,0,0,2,8
209103,1,1,0,0,0,1,7
9710454,2,1,1,1,0,2,14
205010,1,1,0,0,0,1,3
203239,1,1,0,0,0,1,1
9605218,1,1,0,0,0,1,3
9512271,3,1,2,2,0,3,3
9809575,2,2,0,0,2,0,0
9610321,1,1,0,0,1,0,0
9605292,1,1,0,0,1,0,0
9404319,2,2,0,0,1,1,1
9610486,0,0,0,0,0,0,0
9312266,2,2,0,0,2,0,0
101158,3,1,2,2,0,3,12
12365,6,2,4,9,2,4,4
104272,0,0,0,0,0,0,0
9610547,3,1,2,2,3,0,0
111340,1,1,0,0,0,1,5
9612296,0,0,0,0,0,0,0
9302304,1,1,0,0,1,0,0
205298,0,0,0,0,0,0,0
207138,0,0,0,0,0,0,0
9507305,3,1,2,3,0,3,4
9312363,2,2,0,0,0,2,2
102078,1,1,0,0,1,0,0
9609531,0,0,0,0,0,0,0
9606253,1,1,0,0,1,0,0
9210274,1,1,0,0,1,0,0
9907295,1,1,0,0,1,0,0
9812321,2,2,0,0,0,2,2
9411312,3,3,0,0,3,0,0
208129,0,0,0,0,0,0,0
9152,1,1,0,0,0,1,1
9505303,2,1,1,1,2,0,0
9505296,0,0,0,0,0,0,0
209074,3,2,1,1,0,3,48
9704408,2,2,0,0,2,0,0
7167,2,1,1,1,2,0,0
11280,0,0,0,0,0,0,0
9909415,4,1,3,3,1,3,17
107127,0,0,0,0,0,0,0
9503420,6,3,3,4,6,0,0
12060,0,0,0,0,0,0,0
9405232,4,4,0,0,3,1,1
206167,0,0,0,0,0,0,0
9405305,0,0,0,0,0,0,0
9911268,1,1,0,0,0,1,2
9503324,1,1,0,0,0,1,1
9904325,2,1,1,1,0,2,2
9409317,0,0,0,0,0,0,0
9406242,3,1,2,2,3,0,0
9910452,2,1,1,1,0,2,4
208070,4,3,1,3,0,4,19
212184,0,0,0,0,0,0,0
9402242,1,1,0,0,1,0,0
209230,1,1,0,0,0,1,2
9909253,1,1,0,0,1,0,0
9507384,1,1,0,0,0,1,1
9507358,3,1,2,2,3,0,0
9910478,1,1,0,0,1,0,0
8098,0,0,0,0,0,0,0
209214,2,1,1,1,0,2,16
9812301,1,1,0,0,0,1,1
9411265,1,1,0,0,1,0,0
203141,1,1,0,0,0,1,2
301263,0,0,0,0,0,0,0
9911251,1,1,0,0,0,1,4
9511226,0,0,0,0,0,0,0
7097,2,1,1,1,0,2,4
9701316,1,1,0,0,0,1,9
9409205,0,0,0,0,0,0,0
9610346,0,0,0,0,0,0,0
207271,2,1,1,1,2,0,0
9809473,1,1,0,0,1,0,0
9703306,0,0,0,0,0,0,0
9705309,0,0,0,0,0,0,0
204271,0,0,0,0,0,0,0
1207,0,0,0,0,0,0,0
5079,1,1,0,0,0,1,1
9505315,3,1,2,2,3,0,0
9907438,1,1,0,0,0,1,4
204073,0,0,0,0,0,0,0
9511301,8,6,2,4,8,0,0
9609426,2,2,0,0,0,2,3
2059,2,1,1,1,2,0,0
9806473,0,0,0,0,0,0,0
9508232,3,1,2,3,2,1,1
9703236,0,0,0,0,0,0,0
9412376,0,0,0,0,0,0,0
109252,1,1,0,0,1,0,0
202163,1,1,0,0,1,0,0
9610341,2,1,1,1,2,0,0
8120,0,0,0,0,0,0,0
112169,0,0,0,0,0,0,0
212331,2,2,0,0,0,2,18
103198,1,1,0,0,0,1,8
110364,0,0,0,0,0,0,0
9804438,4,2,2,4,4,0,0
9310289,0,0,0,0,0,0,0
9805466,0,0,0,0,0,0,0
9807444,0,0,0,0,0,0,0
9808390,1,1,0,0,0,1,2
9412270,0,0,0,0,0,0,0
9608266,3,3,0,0,3,0,0
9901344,3,3,0,0,0,3,9
9704372,0,0,0,0,0,0,0
211155,1,1,0,0,0,1,5
9810296,3,1,2,2,2,1,1
9801248,3,2,1,1,0,3,6
9910260,0,0,0,0,0,0,0
301217,0,0,0,0,0,0,0
9909347,1,1,0,0,0,1,5
9612242,0,0,0,0,0,0,0
9903297,0,0,0,0,0,0,0
9711512,0,0,0,0,0,0,0
9911409,0,0,0,0,0,0,0
9701221,0,0,0,0,0,0,0
109074,0,0,0,0,0,0,0
9803350,2,2,0,0,0,2,7
9905399,2,1,1,1,0,2,8
9608414,0,0,0,0,0,0,0
201141,0,0,0,0,0,0,0
12276,1,1,0,0,0,1,5
201022,0,0,0,0,0,0,0
9504264,2,2,0,0,2,0,0
110088,4,3,1,1,1,3,13
210165,1,1,0,0,0,1,12
9607302,0,0,0,0,0,0,0
9809404,2,2,0,0,0,2,4
9505345,2,1,1,1,2,0,0
9512444,1,1,0,0,1,0,0
106236,0,0,0,0,0,0,0
106301,3,2,1,1,0,3,13
9803224,0,0,0,0,0,0,0
12090,1,1,0,0,0,1,2
9709323,1,1,0,0,0,1,2
9812265,0,0,0,0,0,0,0
302159,0,0,0,0,0,0,0
9807558,1,1,0,0,0,1,3
106220,1,1,0,0,1,0,0
12340,2,2,0,0,0,2,11
210134,1,1,0,0,0,1,4
5018,2,1,1,1,2,0,0
9805313,0,0,0,0,0,0,0
112153,0,0,0,0,0,0,0
10055,1,1,0,0,0,1,4
110153,3,1,2,2,0,3,12
204034,1,1,0,0,0,1,1
9412220,1,1,0,0,0,1,2
206130,0,0,0,0,0,0,0
110297,2,2,0,0,0,2,5
9903344,1,1,0,0,0,1,5
9602289,0,0,0,0,0,0,0
212213,0,0,0,0,0,0,0
9711284,0,0,0,0,0,0,0
109280,1,1,0,0,0,1,13
9510334,1,1,0,0,0,1,7
9909426,2,1,1,1,0,2,2
6117,0,0,0,0,0,0,0
203015,0,0,0,0,0,0,0
9604374,0,0,0,0,0,0,0
9207201,0,0,0,0,0,0,0
203115,0,0,0,0,0,0,0
11342,1,1,0,0,1,0,0
9412274,2,1,1,1,2,0,0
9179,0,0,0,0,0,0,0
207215,0,0,0,0,0,0,0
9211295,1,1,0,0,1,0,0
210062,1,1,0,0,0,1,2
111182,1,1,0,0,0,1,1
9710219,2,1,1,1,0,2,2
9410324,0,0,0,0,0,0,0
9604308,1,1,0,0,0,1,2
9908374,2,1,1,1,0,2,12
201017,1,1,0,0,0,1,1
9909336,0,0,0,0,0,0,0
9508244,0,0,0,0,0,0,0
9509240,0,0,0,0,0,0,0
9501383,2,2,0,0,2,0,0
204137,1,1,0,0,0,1,8
9706342,0,0,0,0,0,0,0
212241,0,0,0,0,0,0,0
9406420,0,0,0,0,0,0,0
212261,2,1,1,1,0,2,4
10298,0,0,0,0,0,0,0
9809214,1,1,0,0,0,1,5
9303240,0,0,0,0,0,0,0
210161,2,2,0,0,0,2,29
301094,1,1,0,0,0,1,9
108106,3,1,2,2,1,2,2
9603246,1,1,0,0,0,1,1
9804204,2,2,0,0,2,0,0
9806490,0,0,0,0,0,0,0
9806247,0,0,0,0,0,0,0
10025,0,0,0,0,0,0,0
211335,0,0,0,0,0,0,0
9404295,1,1,0,0,1,0,0
9909273,1,1,0,0,0,1,5
206239,1,1,0,0,0,1,1
9912479,0,0,0,0,0,0,0
9309315,0,0,0,0,0,0,0
212137,0,0,0,0,0,0,0
9104,0,0,0,0,0,0,0
9809350,0,0,0,0,0,0,0
107285,0,0,0,0,0,0,0
9905556,0,0,0,0,0,0,0
9710536,0,0,0,0,0,0,0
105298,0,0,0,0,0,0,0
9607352,1,1,0,0,1,0,0
108119,0,0,0,0,0,0,0
11022,0,0,0,0,0,0,0
212058,0,0,0,0,0,0,0
210358,0,0,0,0,0,0,0
9411430,2,2,0,0,0,2,6
105044,0,0,0,0,0,0,0
9601378,0,0,0,0,0,0,0
9907484,0,0,0,0,0,0,0
10158,0,0,0,0,0,0,0
9200,1,1,0,0,0,1,1
1082,0,0,0,0,0,0,0
9609305,1,1,0,0,0,1,4
9509332,1,1,0,0,1,0,0
9606441,1,1,0,0,1,0,0
204261,1,1,0,0,1,0,0
1105,0,0,0,0,0,0,0
107172,1,1,0,0,0,1,4
104075,0,0,0,0,0,0,0
106293,0,0,0,0,0,0,0
8014,0,0,0,0,0,0,0
12264,0,0,0,0,0,0,0
9703461,0,0,0,0,0,0,0
101235,0,0,0,0,0,0,0
211037,0,0,0,0,0,0,0
11140,0,0,0,0,0,0,0
9909493,0,0,0,0,0,0,0
9903505,0,0,0,0,0,0,0
7104,0,0,0,0,0,0,0
211090,0,0,0,0,0,0,0
210168,0,0,0,0,0,0,0
208035,1,1,0,0,0,1,5
208258,0,0,0,0,0,0,0
302011,0,0,0,0,0,0,0
205142,0,0,0,0,0,0,0
9801315,1,1,0,0,1,0,0
205232,0,0,0,0,0,0,0
9810541,0,0,0,0,0,0,0
9511377,0,0,0,0,0,0,0
5229,1,1,0,0,0,1,3
2069,0,0,0,0,0,0,0
207203,0,0,0,0,0,0,0
302209,0,0,0,0,0,0,0
12164,1,1,0,0,0,1,2
204245,1,1,0,0,0,1,1
2124,0,0,0,0,0,0,0
11152,0,0,0,0,0,0,0
302088,0,0,0,0,0,0,0
110214,1,1,0,0,1,0,0
103075,0,0,0,0,0,0,0
9501413,0,0,0,0,0,0,0
207045,0,0,0,0,0,0,0
9908375,0,0,0,0,0,0,0
9511437,2,1,1,1,0,2,6
9609349,0,0,0,0,0,0,0
211056,0,0,0,0,0,0,0
105322,1,1,0,0,0,1,3
9903545,0,0,0,0,0,0,0
12144,0,0,0,0,0,0,0
111129,1,1,0,0,0,1,8
9805483,1,1,0,0,0,1,1
9709482,0,0,0,0,0,0,0
210269,0,0,0,0,0,0,0
9701312,0,0,0,0,0,0,0
211357,0,0,0,0,0,0,0
302071,0,0,0,0,0,0,0
209003,0,0,0,0,0,0,0
5192,0,0,0,0,0,0,0
9812227,0,0,0,0,0,0,0
212159,0,0,0,0,0,0,0
9903271,0,0,0,0,0,0,0
9609489,0,0,0,0,0,0,0
109266,0,0,0,0,0,0,0
102217,1,1,0,0,1,0,0
9510380,1,1,0,0,1,0,0
209209,0,0,0,0,0,0,0
9904215,0,0,0,0,0,0,0
9805374,1,1,0,0,0,1,11
9812240,0,0,0,0,0,0,0
9809359,0,0,0,0,0,0,0
302063,0,0,0,0,0,0,0
302231,0,0,0,0,0,0,0
202022,0,0,0,0,0,0,0
9905570,0,0,0,0,0,0,0
9705381,0,0,0,0,0,0,0
9402339,1,1,0,0,1,0,0
6269,1,1,0,0,1,0,0
9812434,0,0,0,0,0,0,0
9705421,1,1,0,0,1,0,0
11344,0,0,0,0,0,0,0
208062,0,0,0,0,0,0,0
111378,0,0,0,0,0,0,0
112262,0,0,0,0,0,0,0
106041,0,0,0,0,0,0,0
210018,0,0,0,0,0,0,0
12234,0,0,0,0,0,0,0
9606367,0,0,0,0,0,0,0
207268,0,0,0,0,0,0,0
210356,0,0,0,0,0,0,0
9902248,0,0,0,0,0,0,0
9906472,0,0,0,0,0,0,0
212002,0,0,0,0,0,0,0
302093,0,0,0,0,0,0,0
212119,1,1,0,0,0,1,1
302152,0,0,0,0,0,0,0
9603403,0,0,0,0,0,0,0
9508218,0,0,0,0,0,0,0
112240,0,0,0,0,0,0,0
9912314,1,1,0,0,1,0,0
10076,0,0,0,0,0,0,0
9609461,0,0,0,0,0,0,0
203019,0,0,0,0,0,0,0
9305317,0,0,0,0,0,0,0
212070,1,1,0,0,0,1,8
212380,0,0,0,0,0,0,0
204346,0,0,0,0,0,0,0
9607444,0,0,0,0,0,0,0
9605370,0,0,0,0,0,0,0
212029,1,1,0,0,1,0,0
106325,0,0,0,0,0,0,0
9802398,0,0,0,0,0,0,0
104219,0,0,0,0,0,0,0
9405210,0,0,0,0,0,0,0
2080,0,0,0,0,0,0,0
5097,0,0,0,0,0,0,0
6137,0,0,0,0,0,0,0
9610291,0,0,0,0,0,0,0
212044,0,0,0,0,0,0,0
9290,0,0,0,0,0,0,0
9501309,0,0,0,0,0,0,0
8032,1,1,0,0,1,0,0
9909488,0,0,0,0,0,0,0
211365,0,0,0,0,0,0,0
9501239,0,0,0,0,0,0,0
9809201,0,0,0,0,0,0,0
9312310,0,0,0,0,0,0,0
9805399,0,0,0,0,0,0,0
9510211,2,2,0,0,2,0,0
108088,0,0,0,0,0,0,0
9906414,0,0,0,0,0,0,0
101330,0,0,0,0,0,0,0
302180,0,0,0,0,0,0,0
9909272,0,0,0,0,0,0,0
202197,0,0,0,0,0,0,0
111417,0,0,0,0,0,0,0
301084,0,0,0,0,0,0,0
201269,0,0,0,0,0,0,0
301250,0,0,0,0,0,0,0
9803214,10,1,9,20,1,9,9
8159,16,2,14,44,0,16,117
9910236,15,3,12,38,0,15,153
9506326,12,1,11,31,12,0,0
9410400,21,4,17,69,2,19,27
3294,5,3,2,3,0,5,8
9804343,7,2,5,9,0,7,21
108041,2,2,0,0,0,2,27
9809523,4,3,1,2,0,4,17
9509275,4,1,3,3,1,3,6
9308347,23,4,19,97,23,0,0
9711396,168,1,167,2793,168,0,0
9311239,2,1,1,1,2,0,0
9509378,13,4,9,20,13,0,0
9304299,45,5,40,251,45,0,0
9403338,73,6,67,453,30,43,61
9807216,84,5,79,639,71,13,13
9708403,8,3,5,14,8,0,0
9606360,32,2,30,108,32,0,0
9806294,33,2,31,213,5,28,59
9706228,4,2,2,2,4,0,0
9810505,11,2,9,16,0,11,38
9910428,26,2,24,108,0,26,190
9902364,5,1,4,4,0,5,88
9711476,2,2,0,0,1,1,2
9704231,45,2,43,288,2,43,179
9502219,7,2,5,13,7,0,0
9903399,11,2,9,19,0,11,25
9506325,13,2,11,44,1,12,12
9510439,41,5,36,175,8,33,66
9901254,47,3,44,273,0,47,159
108103,7,6,1,1,0,7,20
9703410,9,2,7,13,9,0,0
9806348,51,6,45,333,0,51,614
6172,13,2,11,29,0,13,58
9809384,18,2,16,40,1,17,145
9605222,21,2,19,69,1,20,65
9703312,22,3,19,88,0,22,130
9507329,26,5,21,73,2,24,93
9402358,18,4,14,43,1,17,40
9304225,151,17,134,1633,151,0,0
9605221,31,1,30,151,3,28,57
110411,4,4,0,0,0,4,28
9802391,48,5,43,263,1,47,463
9908353,5,2,3,3,0,5,10
9807275,6,2,4,4,4,2,2
9811273,19,4,15,35,0,19,81
9505392,4,1,3,5,4,0,0
9801456,19,1,18,68,0,19,102
9305275,31,2,29,156,2,29,76
9902476,4,2,2,2,0,4,10
9810492,1,1,0,0,0,1,7
9509282,7,2,5,10,7,0,0
9602280,33,1,32,202,0,33,209
9707481,69,2,67,648,18,51,171
9707390,50,2,48,309,7,43,184
9710500,5,3,2,2,0,5,14
9808430,3,3,0,0,0,3,11
9912292,0,0,0,0,0,0,0
9405359,2,2,0,0,0,2,5
9611333,16,4,12,44,1,15,46
9805270,58,4,54,418,2,56,278
9410293,19,5,14,58,0,19,89
9810427,5,3,2,2,0,5,32
9605406,8,3,5,7,0,8,80
9412247,3,1,2,3,0,3,9
9803439,3,1,2,2,0,3,3
9411409,37,4,33,209,37,0,0
9803473,29,4,25,95,2,27,106
9306298,13,4,9,28,5,8,12
9610259,30,1,29,169,1,29,69
9510408,56,8,48,327,0,56,242
9708426,23,2,21,90,2,21,84
9701423,30,2,28,122,0,30,155
9804429,15,2,13,30,0,15,88
9802439,45,2,43,445,7,38,236
9503213,7,2,5,12,4,3,3
9058,13,6,7,19,0,13,234
9910254,36,2,34,177,0,36,481
9211267,12,5,7,15,4,8,8
9507314,12,1,11,28,0,12,28
103269,3,1,2,2,0,3,25
210415,5,1,4,8,0,5,32
9408290,28,5,23,105,3,25,62
9909334,11,4,7,15,0,11,49
9809406,38,2,36,293,0,38,228
9711514,61,1,60,399,0,61,179
9608336,8,3,5,6,0,8,28
9603343,12,2,10,21,1,11,34
9503271,27,2,25,100,6,21,66
9511292,26,1,25,143,26,0,0
9901358,36,5,31,185,0,36,85
9906481,38,4,34,169,0,38,319
9804228,7,1,6,11,0,7,21
9807213,4,4,0,0,3,1,1
1158,3,2,1,1,0,3,7
9503356,36,4,32,98,20,16,44
9709386,12,3,9,21,0,12,91
9711308,16,4,12,28,1,15,77
9508303,8,5,3,8,0,8,68
9810479,56,5,51,310,0,56,294
9511464,10,1,9,30,3,7,7
9610325,60,8,52,213,28,32,32
9503307,15,4,11,36,0,15,87
102344,55,4,51,437,0,55,328
102331,55,3,52,402,0,55,625
9504220,22,6,16,54,0,22,40
9307208,32,3,29,185,8,24,41
9337,20,3,17,58,0,20,209
9909325,22,2,20,77,0,22,169
106247,45,2,43,200,2,43,160
8019,19,2,17,73,0,19,140
9305230,13,1,12,34,13,0,0
104269,8,2,6,9,0,8,35
102227,26,2,24,105,1,25,125
9302281,16,4,12,31,16,0,0
9802204,11,2,9,19,1,10,31
9602317,2,1,1,1,2,0,0
9505419,21,4,17,54,6,15,23
9901299,39,1,38,225,39,0,0
9906234,67,6,61,360,0,67,1140
205194,0,0,0,0,0,0,0
10104,6,2,4,5,0,6,28
210130,6,4,2,5,0,6,62
201127,12,2,10,31,1,11,81
109106,52,2,50,557,1,51,209
102065,13,4,9,34,2,11,23
9711405,9,2,7,18,0,9,32
9402332,8,4,4,8,8,0,0
9909555,10,5,5,8,0,10,63
11147,3,1,2,2,3,0,0
9909248,17,2,15,77,17,0,0
9707401,7,3,4,5,7,0,0
9410353,31,1,30,124,13,18,18
9703265,5,1,4,7,0,5,5
9306209,19,4,15,47,2,17,21
5313,3,3,0,0,1,2,3
6138,2,1,1,1,0,2,8
9073,5,2,3,4,0,5,114
9210280,10,4,6,16,8,2,2
3203,33,1,32,220,0,33,123
9804217,14,2,12,44,0,14,95
9612301,9,4,5,10,0,9,55
9211268,1,1,0,0,1,0,0
9702225,4,3,1,1,0,4,27
9611311,8,2,6,15,0,8,14
9505408,3,1,2,3,3,0,0
110020,7,2,5,11,1,6,73
9910301,10,6,4,5,1,9,14
9608449,6,4,2,4,0,6,29
9910320,26,4,22,82,0,26,296
9502380,0,0,0,0,0,0,0
105336,10,3,7,19,0,10,46
9809243,7,3,4,5,0,7,24
9909541,20,4,16,35,0,20,82
106352,6,2,4,13,0,6,27
9412272,14,1,13,33,14,0,0
9507365,6,3,3,3,5,1,1
5128,1,1,0,0,0,1,1
9508347,78,3,75,501,27,51,137
9807405,13,6,7,16,0,13,59
9311255,21,2,19,62,6,15,15
9908446,10,3,7,16,0,10,59
9710462,3,1,2,3,2,1,1
106306,5,2,3,4,4,1,1
102074,9,1,8,20,3,6,10
9907497,7,2,5,10,0,7,38
9405290,25,2,23,130,25,0,0
9610268,3,1,2,2,0,3,9
9706459,1,1,0,0,0,1,3
9605436,10,3,7,19,0,10,30
9304274,3,3,0,0,3,0,0
9408300,4,4,0,0,4,0,0
9702270,5,2,3,3,0,5,36
9401352,25,2,23,104,6,19,31
9707275,8,5,3,7,0,8,91
9911273,17,4,13,27,0,17,171
9603333,13,5,8,20,0,13,29
108137,0,0,0,0,0,0,0
9912482,7,5,2,3,0,7,38
9707398,20,2,18,84,6,14,15
9910508,6,2,4,9,0,6,20
9609325,9,2,7,15,2,7,15
9803397,10,1,9,25,1,9,31
9803357,24,5,19,65,0,24,315
110278,2,2,0,0,0,2,23
9411272,11,1,10,32,11,0,0
6047,14,2,12,31,0,14,63
9305207,10,2,8,22,2,8,16
9708346,22,6,16,65,0,22,93
9503488,4,4,0,0,0,4,21
206136,6,2,4,7,0,6,52
9503223,5,2,3,6,2,3,5
3105,16,1,15,75,1,15,30
9502251,20,2,18,101,5,15,23
9305223,12,3,9,34,12,0,0
9003,5,4,1,4,0,5,20
9401228,28,7,21,83,0,28,118
9504340,5,3,2,2,0,5,5
9707209,5,2,3,4,0,5,18
9908390,16,1,15,55,0,16,48
9196,2,1,1,1,0,2,15
9805389,31,3,28,125,0,31,183
9905358,10,2,8,20,0,10,37
9311278,17,1,16,52,10,7,7
9607250,18,3,15,38,13,5,5
9208242,28,3,25,120,28,0,0
9703346,28,2,26,171,0,28,151
9704338,20,3,17,94,20,0,0
8064,3,3,0,0,3,0,0
9511469,2,1,1,1,1,1,1
9504333,24,1,23,107,24,0,0
9909556,4,3,1,2,0,4,22
9906375,23,1,22,60,14,9,9
9902420,7,1,6,14,0,7,21
9511239,12,3,9,24,2,10,17
9406328,9,2,7,14,0,9,12
9409216,2,1,1,1,2,0,0
108068,9,2,7,20,1,8,14
9407402,5,1,4,9,1,4,4
108177,33,7,26,86,0,33,227
9305220,2,1,1,1,2,0,0
9511405,12,2,10,29,12,0,0
9711248,4,1,3,5,1,3,3
204299,3,3,0,0,0,3,62
1297,15,5,10,22,0,15,93
9705306,0,0,0,0,0,0,0
9312355,11,7,4,6,9,2,2
9911256,3,3,0,0,0,3,18
9912266,20,4,16,47,0,20,62
9612291,3,2,1,1,0,3,16
8113,4,1,3,4,0,4,38
4085,28,4,24,110,0,28,234
9610430,7,2,5,10,0,7,15
9211305,7,3,4,8,7,0,0
9301222,6,3,3,4,6,0,0
106075,3,2,1,1,0,3,13
9711517,4,4,0,0,0,4,19
9908351,6,2,4,8,0,6,37
9908357,3,1,2,3,0,3,5
9610502,0,0,0,0,0,0,0
9802432,17,1,16,65,0,17,40
9912323,1,1,0,0,1,0,0
9501336,16,2,14,37,2,14,27
9609458,6,2,4,5,0,6,14
104174,9,2,7,16,0,9,108
9407244,6,3,3,5,5,1,1
9912399,0,0,0,0,0,0,0
9807496,7,2,5,7,7,0,0
9301283,4,1,3,4,4,0,0
9604333,9,2,7,29,0,9,31
9903257,6,3,3,3,0,6,44
6184,5,1,4,7,1,4,9
9606340,2,1,1,1,0,2,2
2050,17,3,14,55,0,17,224
109066,9,6,3,4,0,9,31
9710333,0,0,0,0,0,0,0
9310324,16,3,13,42,16,0,0
9412283,32,1,31,141,8,24,36
9805225,14,2,12,51,3,11,11
9902345,1,1,0,0,0,1,3
9904286,15,3,12,27,2,13,54
9402286,19,4,15,34,19,0,0
201231,35,10,25,158,23,12,22
9801429,2,2,0,0,2,0,0
106072,5,2,3,4,0,5,22
7009,1,1,0,0,0,1,4
9910405,7,2,5,12,0,7,18
9405428,15,1,14,46,15,0,0
2286,3,1,2,3,0,3,18
9502272,3,1,2,2,3,0,0
204112,4,1,3,5,0,4,41
9801303,0,0,0,0,0,0,0
9605422,0,0,0,0,0,0,0
9503219,6,3,3,7,1,5,9
9312308,6,3,3,6,3,3,3
9902411,10,2,8,14,0,10,92
9706244,3,1,2,3,1,2,2
9602350,8,2,6,14,8,0,0
9508264,10,1,9,22,2,8,8
9910283,10,4,6,15,0,10,127
9605336,4,4,0,0,0,4,26
9605463,15,2,13,44,0,15,60
9708329,4,2,2,3,4,0,0
105069,2,2,0,0,0,2,3
9608366,9,1,8,18,9,0,0
9807413,4,2,2,2,4,0,0
9512325,4,1,3,5,4,0,0
9612421,4,2,2,4,1,3,7
9602422,8,3,5,8,0,8,8
9608477,7,3,4,7,0,7,7
9606372,5,3,2,3,5,0,0
106298,18,5,13,54,0,18,163
9412309,5,1,4,6,5,0,0
9508407,3,1,2,2,0,3,8
9712360,8,2,6,9,2,6,8
211008,1,1,0,0,0,1,2
9906452,21,2,19,119,0,21,89
9911475,1,1,0,0,0,1,1
101180,5,2,3,3,0,5,24
111287,2,2,0,0,0,2,4
112308,0,0,0,0,0,0,0
3159,5,2,3,4,0,5,28
9409221,6,3,3,7,1,5,11
9707320,4,2,2,4,4,0,0
9908340,2,1,1,1,0,2,84
9706409,18,2,16,75,0,18,45
9902318,11,2,9,21,0,11,48
9908363,13,4,9,50,13,0,0
9605411,3,1,2,3,1,2,2
9509337,6,6,0,0,1,5,14
9712297,5,3,2,4,5,0,0
9712469,21,8,13,26,0,21,122
3066,4,3,1,1,1,3,11
9911449,0,0,0,0,0,0,0
9503470,6,2,4,7,6,0,0
206003,2,2,0,0,0,2,4
9411330,9,1,8,21,0,9,13
9707307,10,2,8,19,1,9,19
4092,2,2,0,0,1,1,4
9611371,3,2,1,2,0,3,9
9611208,2,2,0,0,0,2,2
9704334,10,3,7,10,0,10,14
9910532,1,1,0,0,0,1,2
9906490,9,1,8,31,0,9,51
9605298,22,9,13,31,0,22,74
9907569,3,3,0,0,0,3,12
9507434,8,2,6,11,8,0,0
111186,1,1,0,0,1,0,0
9509383,4,2,2,2,0,4,4
9503459,2,2,0,0,0,2,2
9903251,8,3,5,11,0,8,28
9902406,1,1,0,0,0,1,5
9607432,16,6,10,21,1,15,46
9909445,2,1,1,1,0,2,13
203271,0,0,0,0,0,0,0
9611201,2,2,0,0,0,2,4
9705334,6,2,4,9,6,0,0
9308337,9,9,0,0,1,8,8
9710434,2,1,1,1,0,2,38
9512366,13,6,7,15,0,13,70
204004,29,5,24,65,0,29,127
9407293,15,2,13,67,3,12,12
9810550,6,3,3,6,0,6,32
4235,10,2,8,25,2,8,25
9709255,1,1,0,0,0,1,7
9806408,3,2,1,1,0,3,11
9224,5,4,1,2,0,5,17
9405357,2,2,0,0,0,2,8
206272,2,2,0,0,0,2,17
205044,5,1,4,4,0,5,71
3176,1,1,0,0,0,1,1
9806228,21,2,19,78,0,21,81
1110,0,0,0,0,0,0,0
9701398,15,3,12,28,1,14,52
7185,8,1,7,17,0,8,80
9301237,16,5,11,42,11,5,5
9310266,2,2,0,0,0,2,2
9504291,4,2,2,3,4,0,0
9606432,2,1,1,1,0,2,2
9602201,5,2,3,5,0,5,17
9912551,5,4,1,1,0,5,19
9712346,3,1,2,3,0,3,33
9212234,3,2,1,1,3,0,0
9407231,1,1,0,0,0,1,4
9801364,2,1,1,1,0,2,7
9910332,2,2,0,0,0,2,4
9407249,15,2,13,46,15,0,0
9408308,1,1,0,0,0,1,5
9710267,4,1,3,6,0,4,18
9308263,19,3,16,35,0,19,19
7081,7,4,3,4,7,0,0
9701321,3,1,2,3,0,3,8
203265,2,1,1,1,1,1,1
12381,7,2,5,5,0,7,56
101231,2,1,1,1,0,2,19
5155,2,1,1,1,0,2,7
7088,8,2,6,11,0,8,29
9602331,2,2,0,0,0,2,3
9411438,17,3,14,46,17,0,0
207352,2,2,0,0,0,2,13
208157,8,1,7,18,0,8,11
9608338,4,4,0,0,0,4,13
9509270,1,1,0,0,0,1,6
9307251,0,0,0,0,0,0,0
9608476,1,1,0,0,1,0,0
9701328,4,1,3,6,0,4,30
12324,1,1,0,0,0,1,2
209181,1,1,0,0,1,0,0
11191,4,2,2,2,0,4,13
9606216,3,1,2,3,3,0,0
110243,4,1,3,4,0,4,46
9710281,7,4,3,6,0,7,11
9607317,18,5,13,33,0,18,90
9502245,7,6,1,1,3,4,7
9407234,3,3,0,0,2,1,1
204191,7,5,2,2,0,7,32
9609287,7,2,5,6,1,6,16
9704215,5,4,1,2,0,5,21
9408292,1,1,0,0,0,1,2
9903301,0,0,0,0,0,0,0
9903427,4,1,3,5,0,4,4
9801344,9,2,7,11,0,9,30
9902446,3,1,2,3,0,3,8
9610230,4,1,3,5,0,4,32
9403302,2,2,0,0,0,2,4
9409459,5,2,3,3,0,5,5
9504410,6,1,5,8,4,2,2
9609213,8,2,6,20,4,4,6
103187,3,1,2,2,0,3,23
203182,3,2,1,1,0,3,27
211293,0,0,0,0,0,0,0
105332,0,0,0,0,0,0,0
9710205,0,0,0,0,0,0,0
111304,0,0,0,0,0,0,0
9702336,0,0,0,0,0,0,0
9308340,6,3,3,4,6,0,0
9707234,1,1,0,0,0,1,3
9712330,2,1,1,1,0,2,30
9910460,1,1,0,0,0,1,10
7003,3,2,1,1,0,3,28
9311254,2,2,0,0,2,0,0
207314,4,1,3,4,0,4,31
9407263,1,1,0,0,1,0,0
9710309,3,2,1,2,0,3,6
3087,5,3,2,2,1,4,6
9509393,25,2,23,95,1,24,48
9706425,1,1,0,0,1,0,0
9609210,0,0,0,0,0,0,0
201251,0,0,0,0,0,0,0
9706400,3,3,0,0,0,3,10
9802262,5,3,2,2,1,4,19
12037,1,1,0,0,0,1,3
9905374,3,2,1,1,0,3,33
9804281,10,4,6,11,1,9,14
108234,2,2,0,0,0,2,31
9807406,4,2,2,2,0,4,8
9606434,1,1,0,0,0,1,5
9709402,1,1,0,0,0,1,2
9511285,1,1,0,0,0,1,1
103036,3,3,0,0,0,3,21
9906269,0,0,0,0,0,0,0
9902393,6,2,4,9,1,5,7
1157,4,2,2,2,0,4,57
9802425,2,1,1,1,0,2,4
9908361,2,1,1,1,2,0,0
9912512,7,2,5,14,3,4,16
9802328,0,0,0,0,0,0,0
9908396,1,1,0,0,0,1,5
9808225,10,2,8,13,0,10,34
302070,1,1,0,0,1,0,0
9812252,3,3,0,0,0,3,32
9302213,9,7,2,3,9,0,0
9404349,2,2,0,0,2,0,0
9603300,1,1,0,0,1,0,0
9706378,11,3,8,26,0,11,30
9702219,3,2,1,1,0,3,16
9204219,7,3,4,7,7,0,0
9903332,8,2,6,16,0,8,13
9702360,7,2,5,8,0,7,7
9507467,4,3,1,1,2,2,2
6303,0,0,0,0,0,0,0
9503399,1,1,0,0,1,0,0
9803381,2,2,0,0,0,2,4
9404234,6,5,1,1,0,6,12
9803321,1,1,0,0,0,1,4
9709466,0,0,0,0,0,0,0
301111,0,0,0,0,0,0,0
204279,4,2,2,5,1,3,17
206122,5,2,3,6,0,5,60
9212208,5,3,2,3,5,0,0
8200,3,1,2,2,1,2,2
112036,5,2,3,4,0,5,21
9407380,6,2,4,7,6,0,0
206009,1,1,0,0,0,1,7
9503403,4,4,0,0,4,0,0
201010,2,2,0,0,0,2,10
9505232,9,2,7,18,5,4,7
9706223,5,3,2,3,0,5,15
9610349,3,1,2,3,3,0,0
9311245,1,1,0,0,1,0,0
205185,1,1,0,0,0,1,7
9511435,1,1,0,0,1,0,0
103167,4,1,3,5,0,4,24
209080,1,1,0,0,0,1,9
111229,4,3,1,1,0,4,21
9910371,5,3,2,3,0,5,23
111471,2,2,0,0,2,0,0
9506298,3,2,1,1,1,2,2
9801349,11,3,8,12,2,9,9
9810208,3,2,1,1,3,0,0
205047,0,0,0,0,0,0,0
9905428,1,1,0,0,1,0,0
9709280,1,1,0,0,0,1,1
9712304,2,1,1,1,0,2,3
108179,6,3,3,4,1,5,26
9712397,3,2,1,2,0,3,14
103020,4,3,1,1,2,2,2
9405376,2,2,0,0,2,0,0
9711359,3,2,1,1,0,3,4
12205,0,0,0,0,0,0,0
9809431,2,2,0,0,0,2,11
9603323,2,1,1,1,2,0,0
9908329,2,2,0,0,0,2,5
9406388,0,0,0,0,0,0,0
9410297,4,2,2,2,0,4,4
9903524,6,1,5,7,4,2,2
5012,2,2,0,0,2,0,0
9802353,1,1,0,0,0,1,1
10124,1,1,0,0,1,0,0
9405344,3,3,0,0,3,0,0
9507316,2,2,0,0,1,1,1
202109,8,2,6,13,0,8,21
9406292,2,1,1,1,2,0,0
9912446,1,1,0,0,0,1,1
202041,1,1,0,0,0,1,5
202256,1,1,0,0,0,1,1
9704278,3,1,2,2,3,0,0
104036,2,2,0,0,0,2,6
207348,6,2,4,10,0,6,57
9506212,2,1,1,1,2,0,0
9601335,3,3,0,0,0,3,3
106287,1,1,0,0,1,0,0
102336,4,2,2,2,0,4,21
3082,2,1,1,1,0,2,12
111113,1,1,0,0,0,1,4
9703256,8,3,5,7,8,0,0
9812335,2,1,1,1,0,2,4
205206,1,1,0,0,0,1,2
107015,1,1,0,0,1,0,0
108144,6,3,3,5,0,6,19
9510224,1,1,0,0,0,1,6
9904435,0,0,0,0,0,0,0
9206243,1,1,0,0,1,0,0
9505373,3,3,0,0,2,1,1
102245,4,1,3,4,0,4,10
205308,1,1,0,0,0,1,8
9710355,2,1,1,1,0,2,16
9902301,4,2,2,2,0,4,6
9803478,2,2,0,0,2,0,0
9910227,2,2,0,0,0,2,2
8139,3,1,2,2,0,3,10
212373,0,0,0,0,0,0,0
9911513,3,3,0,0,3,0,0
5330,0,0,0,0,0,0,0
9704375,3,2,1,1,0,3,3
4108,1,1,0,0,0,1,9
9811475,2,2,0,0,0,2,16
1121,0,0,0,0,0,0,0
10172,1,1,0,0,0,1,1
206248,2,1,1,1,0,2,30
9905205,9,2,7,18,4,5,5
9901329,2,2,0,0,0,2,4
9505307,2,2,0,0,0,2,4
9309251,5,2,3,4,5,0,0
9903384,3,1,2,2,1,2,2
9804423,0,0,0,0,0,0,0
6168,2,2,0,0,0,2,7
9307368,1,1,0,0,1,0,0
9311368,6,3,3,5,6,0,0
9602303,1,1,0,0,0,1,3
9608279,0,0,0,0,0,0,0
9609222,1,1,0,0,0,1,2
102005,3,1,2,3,0,3,6
203260,1,1,0,0,1,0,0
9706363,9,7,2,3,0,9,30
202216,3,2,1,1,0,3,10
9910558,2,2,0,0,0,2,14
9602311,0,0,0,0,0,0,0
6336,2,2,0,0,0,2,3
9811245,2,1,1,1,0,2,4
112319,0,0,0,0,0,0,0
9912493,0,0,0,0,0,0,0
108173,4,2,2,3,0,4,41
104179,3,1,2,3,0,3,12
9307232,8,7,1,3,8,0,0
9508312,3,1,2,2,3,0,0
302165,0,0,0,0,0,0,0
9501302,0,0,0,0,0,0,0
9402255,0,0,0,0,0,0,0
5315,2,1,1,1,0,2,3
109034,6,1,5,8,0,6,38
9807337,0,0,0,0,0,0,0
9812417,4,2,2,5,4,0,0
212238,0,0,0,0,0,0,0
12202,0,0,0,0,0,0,0
206125,0,0,0,0,0,0,0
204090,1,1,0,0,0,1,1
9407354,2,2,0,0,1,1,1
9812528,0,0,0,0,0,0,0
9712284,2,1,1,1,0,2,8
9402293,5,2,3,4,5,0,0
4033,4,4,0,0,0,4,35
206156,0,0,0,0,0,0,0
9804460,7,5,2,3,0,7,16
101201,3,1,2,3,0,3,6
9706390,0,0,0,0,0,0,0
9811519,2,1,1,1,0,2,10
207084,2,2,0,0,2,0,0
9910534,0,0,0,0,0,0,0
9909513,0,0,0,0,0,0,0
111357,9,2,7,15,0,9,113
9808284,3,1,2,3,0,3,3
9803260,0,0,0,0,0,0,0
9903280,2,1,1,1,2,0,0
206259,11,4,7,9,0,11,48
9811367,11,2,9,25,2,9,22
9603309,0,0,0,0,0,0,0
9912505,2,1,1,1,0,2,15
209010,5,1,4,5,0,5,31
9507328,1,1,0,0,0,1,1
12356,0,0,0,0,0,0,0
9312280,0,0,0,0,0,0,0
9903450,5,3,2,3,5,0,0
103200,0,0,0,0,0,0,0
209135,0,0,0,0,0,0,0
206196,2,2,0,0,0,2,13
102162,1,1,0,0,0,1,9
9211331,2,2,0,0,2,0,0
301279,0,0,0,0,0,0,0
107139,2,1,1,1,0,2,13
9610376,2,2,0,0,0,2,2
6315,1,1,0,0,0,1,6
9911267,1,1,0,0,0,1,1
9911204,1,1,0,0,0,1,4
9902320,4,1,3,6,4,0,0
9503301,0,0,0,0,0,0,0
12272,1,1,0,0,0,1,6
9604305,4,2,2,2,1,3,3
206270,3,1,2,2,0,3,19
106294,1,1,0,0,0,1,4
9905328,1,1,0,0,0,1,11
11080,0,0,0,0,0,0,0
9712334,0,0,0,0,0,0,0
203060,1,1,0,0,0,1,2
9211243,4,3,1,1,4,0,0
9812527,7,1,6,9,1,6,6
102059,0,0,0,0,0,0,0
9901380,0,0,0,0,0,0,0
10149,2,2,0,0,0,2,12
110227,0,0,0,0,0,0,0
211024,1,1,0,0,0,1,10
6161,4,2,2,2,4,0,0
9812231,2,1,1,1,2,0,0
9507430,6,3,3,3,6,0,0
9712205,0,0,0,0,0,0,0
9801266,0,0,0,0,0,0,0
9812536,0,0,0,0,0,0,0
9182,0,0,0,0,0,0,0
108042,0,0,0,0,0,0,0
9812517,2,2,0,0,1,1,1
9605247,1,1,0,0,0,1,1
204350,2,2,0,0,0,2,19
9808391,2,2,0,0,2,0,0
3024,1,1,0,0,1,0,0
101221,1,1,0,0,0,1,3
101161,1,1,0,0,0,1,5
9510264,2,2,0,0,0,2,4
9902360,0,0,0,0,0,0,0
110331,1,1,0,0,0,1,9
9812213,0,0,0,0,0,0,0
9122,0,0,0,0,0,0,0
209179,1,1,0,0,0,1,5
9312317,4,2,2,2,4,0,0
104031,4,1,3,4,2,2,2
1232,1,1,0,0,0,1,2
9903547,0,0,0,0,0,0,0
9805439,1,1,0,0,0,1,2
9906248,1,1,0,0,0,1,2
201038,1,1,0,0,0,1,2
9805460,4,1,3,3,0,4,15
107290,2,1,1,1,0,2,8
9909487,1,1,0,0,0,1,2
9505415,0,0,0,0,0,0,0
9704202,4,1,3,3,0,4,25
9502290,1,1,0,0,1,0,0
209073,8,5,3,3,0,8,49
9410241,1,1,0,0,1,0,0
9308236,7,6,1,1,7,0,0
9403374,5,4,1,1,5,0,0
9703243,0,0,0,0,0,0,0
9901448,2,1,1,1,0,2,7
206214,1,1,0,0,1,0,0
9907442,0,0,0,0,0,0,0
9807342,3,3,0,0,1,2,2
105221,2,2,0,0,0,2,4
9902367,0,0,0,0,0,0,0
212347,0,0,0,0,0,0,0
202208,2,2,0,0,0,2,21
9711278,0,0,0,0,0,0,0
9802305,0,0,0,0,0,0,0
9307345,4,2,2,4,4,0,0
9604286,1,1,0,0,1,0,0
9310260,2,1,1,1,2,0,0
209370,0,0,0,0,0,0,0
9305265,0,0,0,0,0,0,0
9908307,2,1,1,1,2,0,0
9310240,1,1,0,0,1,0,0
9405249,1,1,0,0,1,0,0
104158,0,0,0,0,0,0,0
4019,2,2,0,0,0,2,2
9511268,2,1,1,1,1,1,1
9505249,1,1,0,0,1,0,0
9512392,0,0,0,0,0,0,0
9602291,3,1,2,3,3,0,0
6067,0,0,0,0,0,0,0
9907301,1,1,0,0,0,1,2
5267,0,0,0,0,0,0,0
9259,1,1,0,0,0,1,3
9701255,2,1,1,1,2,0,0
9309308,1,1,0,0,1,0,0
9803331,1,1,0,0,0,1,4
110145,1,1,0,0,0,1,7
9301235,1,1,0,0,1,0,0
7349,0,0,0,0,0,0,0
9612430,0,0,0,0,0,0,0
205121,1,1,0,0,0,1,1
9403313,2,2,0,0,2,0,0
9907268,6,3,3,5,3,3,4
9910454,2,1,1,1,0,2,4
204148,0,0,0,0,0,0,0
203134,4,2,2,3,0,4,15
105144,0,0,0,0,0,0,0
212304,1,1,0,0,0,1,18
5043,2,2,0,0,0,2,7
210223,0,0,0,0,0,0,0
9510218,3,2,1,1,3,0,0
5173,4,4,0,0,1,3,5
9304214,4,2,2,2,4,0,0
1301,4,1,3,6,4,0,0
9901270,0,0,0,0,0,0,0
9507288,2,1,1,1,2,0,0
110240,2,1,1,1,0,2,2
212178,1,1,0,0,0,1,8
205127,0,0,0,0,0,0,0
9404202,3,2,1,1,3,0,0
101078,2,2,0,0,0,2,4
9607422,0,0,0,0,0,0,0
9608475,3,1,2,2,0,3,6
9501410,1,1,0,0,1,0,0
8234,0,0,0,0,0,0,0
2188,1,1,0,0,0,1,1
9511224,1,1,0,0,0,1,3
9802211,1,1,0,0,0,1,2
9401207,0,0,0,0,0,0,0
9511212,0,0,0,0,0,0,0
9812390,1,1,0,0,1,0,0
6064,2,1,1,1,1,1,1
110396,0,0,0,0,0,0,0
111095,0,0,0,0,0,0,0
9509350,0,0,0,0,0,0,0
9607211,3,1,2,2,3,0,0
4219,2,1,1,1,2,0,0
9806470,1,1,0,0,0,1,1
9609296,2,1,1,1,0,2,2
9808314,2,1,1,1,2,0,0
9708261,0,0,0,0,0,0,0
9508367,0,0,0,0,0,0,0
9910548,0,0,0,0,0,0,0
9611394,2,1,1,1,2,0,0
103301,0,0,0,0,0,0,0
112065,0,0,0,0,0,0,0
301014,2,2,0,0,0,2,33
9803472,0,0,0,0,0,0,0
110338,1,1,0,0,0,1,2
9811344,0,0,0,0,0,0,0
9302294,3,3,0,0,3,0,0
9511262,2,1,1,1,2,0,0
9805278,0,0,0,0,0,0,0
6228,0,0,0,0,0,0,0
9411427,0,0,0,0,0,0,0
10039,0,0,0,0,0,0,0
9801385,2,2,0,0,0,2,8
9607434,0,0,0,0,0,0,0
211050,0,0,0,0,0,0,0
208106,0,0,0,0,0,0,0
8270,0,0,0,0,0,0,0
9606301,1,1,0,0,1,0,0
9605355,0,0,0,0,0,0,0
9707400,0,0,0,0,0,0,0
9905483,0,0,0,0,0,0,0
9612341,1,1,0,0,0,1,2
9706505,2,1,1,1,2,0,0
9806276,0,0,0,0,0,0,0
205181,0,0,0,0,0,0,0
208015,0,0,0,0,0,0,0
9906315,0,0,0,0,0,0,0
9903219,0,0,0,0,0,0,0
212193,0,0,0,0,0,0,0
201093,0,0,0,0,0,0,0
7236,1,1,0,0,0,1,3
7138,0,0,0,0,0,0,0
105137,0,0,0,0,0,0,0
202240,0,0,0,0,0,0,0
210313,1,1,0,0,0,1,15
10049,0,0,0,0,0,0,0
12081,2,2,0,0,0,2,4
104154,3,1,2,3,3,0,0
103207,2,1,1,1,1,1,1
206210,0,0,0,0,0,0,0
108124,1,1,0,0,0,1,5
204356,0,0,0,0,0,0,0
207078,1,1,0,0,0,1,1
203125,0,0,0,0,0,0,0
3015,0,0,0,0,0,0,0
302013,0,0,0,0,0,0,0
9412307,0,0,0,0,0,0,0
9810401,1,1,0,0,1,0,0
103309,3,1,2,2,0,3,11
110394,0,0,0,0,0,0,0
9709508,4,2,2,3,0,4,4
105099,0,0,0,0,0,0,0
210310,1,1,0,0,0,1,11
10264,1,1,0,0,0,1,3
9803262,0,0,0,0,0,0,0
205231,0,0,0,0,0,0,0
211246,0,0,0,0,0,0,0
204287,0,0,0,0,0,0,0
5169,1,1,0,0,0,1,4
9302301,2,1,1,1,2,0,0
9409366,0,0,0,0,0,0,0
210392,2,1,1,1,0,2,4
9706224,2,2,0,0,1,1,3
302117,0,0,0,0,0,0,0
212226,0,0,0,0,0,0,0
9410256,5,3,2,3,5,0,0
9802443,1,1,0,0,1,0,0
10263,0,0,0,0,0,0,0
9809477,0,0,0,0,0,0,0
9205226,1,1,0,0,1,0,0
9902414,2,1,1,1,2,0,0
9903466,2,2,0,0,2,0,0
9911201,0,0,0,0,0,0,0
301050,0,0,0,0,0,0,0
102284,0,0,0,0,0,0,0
9706241,0,0,0,0,0,0,0
212364,0,0,0,0,0,0,0
9808365,0,0,0,0,0,0,0
212339,1,1,0,0,0,1,1
9311287,2,2,0,0,0,2,5
106234,0,0,0,0,0,0,0
6125,0,0,0,0,0,0,0
207340,0,0,0,0,0,0,0
302136,0,0,0,0,0,0,0
9410291,0,0,0,0,0,0,0
9806459,1,1,0,0,1,0,0
9508240,1,1,0,0,1,0,0
1184,2,1,1,1,0,2,8
7168,0,0,0,0,0,0,0
201115,0,0,0,0,0,0,0
211348,2,2,0,0,0,2,14
212004,0,0,0,0,0,0,0
9031,0,0,0,0,0,0,0
9708276,1,1,0,0,0,1,5
9312263,0,0,0,0,0,0,0
9612255,0,0,0,0,0,0,0
205318,1,1,0,0,0,1,6
108259,2,2,0,0,0,2,3
9902249,0,0,0,0,0,0,0
9902235,0,0,0,0,0,0,0
205346,0,0,0,0,0,0,0
6320,0,0,0,0,0,0,0
9712412,1,1,0,0,1,0,0
205064,3,3,0,0,0,3,20
105118,0,0,0,0,0,0,0
9610531,0,0,0,0,0,0,0
212404,1,1,0,0,0,1,11
210416,1,1,0,0,0,1,2
9905547,0,0,0,0,0,0,0
9310354,0,0,0,0,0,0,0
110222,0,0,0,0,0,0,0
302249,0,0,0,0,0,0,0
9505332,0,0,0,0,0,0,0
9410221,2,2,0,0,2,0,0
101356,0,0,0,0,0,0,0
9810279,0,0,0,0,0,0,0
9904463,0,0,0,0,0,0,0
212082,0,0,0,0,0,0,0
9808476,0,0,0,0,0,0,0
9309281,0,0,0,0,0,0,0
9709304,0,0,0,0,0,0,0
101111,0,0,0,0,0,0,0
9905496,0,0,0,0,0,0,0
101140,1,1,0,0,0,1,2
9812291,1,1,0,0,1,0,0
9901328,0,0,0,0,0,0,0
9809256,2,1,1,1,2,0,0
10019,2,2,0,0,1,1,2
9712247,0,0,0,0,0,0,0
9409415,1,1,0,0,1,0,0
302255,0,0,0,0,0,0,0
9607471,0,0,0,0,0,0,0
112257,0,0,0,0,0,0,0
9910337,0,0,0,0,0,0,0
201132,0,0,0,0,0,0,0
9905398,0,0,0,0,0,0,0
302224,0,0,0,0,0,0,0
211346,0,0,0,0,0,0,0
9606304,0,0,0,0,0,0,0
9905513,1,1,0,0,0,1,4
102280,0,0,0,0,0,0,0
11024,1,1,0,0,0,1,6
203202,0,0,0,0,0,0,0
11301,1,1,0,0,0,1,1
9604450,1,1,0,0,0,1,2
9511213,0,0,0,0,0,0,0
9706346,0,0,0,0,0,0,0
102197,1,1,0,0,0,1,10
111168,1,1,0,0,1,0,0
9910564,0,0,0,0,0,0,0
9906355,0,0,0,0,0,0,0
9712324,2,2,0,0,2,0,0
207163,0,0,0,0,0,0,0
9510432,1,1,0,0,1,0,0
106028,0,0,0,0,0,0,0
6132,0,0,0,0,0,0,0
1250,1,1,0,0,1,0,0
212255,0,0,0,0,0,0,0
301163,1,1,0,0,0,1,3
9308341,1,1,0,0,1,0,0
201178,0,0,0,0,0,0,0
9908344,1,1,0,0,1,0,0
9905492,1,1,0,0,0,1,8
9117,1,1,0,0,0,1,3
9902277,0,0,0,0,0,0,0
212075,0,0,0,0,0,0,0
301202,0,0,0,0,0,0,0
9809326,0,0,0,0,0,0,0
9803353,0,0,0,0,0,0,0
211157,0,0,0,0,0,0,0
9910380,0,0,0,0,0,0,0
9811458,0,0,0,0,0,0,0
204125,1,1,0,0,0,1,4
106259,0,0,0,0,0,0,0
9905370,0,0,0,0,0,0,0
11338,0,0,0,0,0,0,0
9802249,0,0,0,0,0,0,0
201279,0,0,0,0,0,0,0
9611298,1,1,0,0,1,0,0
5117,0,0,0,0,0,0,0
211064,0,0,0,0,0,0,0
9603401,0,0,0,0,0,0,0
9812424,0,0,0,0,0,0,0
5307,0,0,0,0,0,0,0
9808382,2,1,1,1,0,2,4
9908383,0,0,0,0,0,0,0
110074,0,0,0,0,0,0,0
212041,0,0,0,0,0,0,0
112192,0,0,0,0,0,0,0
203039,0,0,0,0,0,0,0
107296,0,0,0,0,0,0,0
9703419,0,0,0,0,0,0,0
208135,0,0,0,0,0,0,0
9603231,0,0,0,0,0,0,0
210247,0,0,0,0,0,0,0
9803421,1,1,0,0,1,0,0
9807372,0,0,0,0,0,0,0
112201,0,0,0,0,0,0,0
212014,0,0,0,0,0,0,0
9905546,0,0,0,0,0,0,0
9604306,1,1,0,0,0,1,2
9311226,1,1,0,0,1,0,0
9909339,1,1,0,0,1,0,0
111386,0,0,0,0,0,0,0
9507247,0,0,0,0,0,0,0
9911495,0,0,0,0,0,0,0
301195,0,0,0,0,0,0,0
103255,0,0,0,0,0,0,0
108007,0,0,0,0,0,0,0
9511438,0,0,0,0,0,0,0
9609485,0,0,0,0,0,0,0
9607364,0,0,0,0,0,0,0
106303,0,0,0,0,0,0,0
7195,0,0,0,0,0,0,0
202108,0,0,0,0,0,0,0
9407276,0,0,0,0,0,0,0
9510352,1,1,0,0,1,0,0
9510239,0,0,0,0,0,0,0
211354,1,1,0,0,0,1,4
203207,0,0,0,0,0,0,0
212275,1,1,0,0,0,1,1
9608397,0,0,0,0,0,0,0
9604318,0,0,0,0,0,0,0
9046,0,0,0,0,0,0,0
203017,0,0,0,0,0,0,0
4163,1,1,0,0,1,0,0
12171,0,0,0,0,0,0,0
3288,0,0,0,0,0,0,0
210294,0,0,0,0,0,0,0
107293,0,0,0,0,0,0,0
206046,0,0,0,0,0,0,0
103152,1,1,0,0,0,1,11
9408268,0,0,0,0,0,0,0
9708341,0,0,0,0,0,0,0
9301,0,0,0,0,0,0,0
301152,0,0,0,0,0,0,0
106009,0,0,0,0,0,0,0
9709287,0,0,0,0,0,0,0
9806448,0,0,0,0,0,0,0
9905257,1,1,0,0,1,0,0
212036,0,0,0,0,0,0,0
9608238,0,0,0,0,0,0,0
9511413,0,0,0,0,0,0,0
208124,0,0,0,0,0,0,0
9806338,0,0,0,0,0,0,0
201238,0,0,0,0,0,0,0
204019,0,0,0,0,0,0,0
9307246,1,1,0,0,1,0,0
205174,1,1,0,0,0,1,2
203142,0,0,0,0,0,0,0
9502362,0,0,0,0,0,0,0
11381,0,0,0,0,0,0,0
105243,0,0,0,0,0,0,0
9906353,0,0,0,0,0,0,0
9806529,0,0,0,0,0,0,0
9309288,0,0,0,0,0,0,0
105316,0,0,0,0,0,0,0
204074,0,0,0,0,0,0,0
9809559,1,1,0,0,1,0,0
207088,0,0,0,0,0,0,0
109132,0,0,0,0,0,0,0
9605274,0,0,0,0,0,0,0
9908452,0,0,0,0,0,0,0
210082,0,0,0,0,0,0,0
9301253,26,2,24,103,26,0,0
8216,7,3,4,5,0,7,27
9512356,35,4,31,211,0,35,161
9507396,11,3,8,18,2,9,9
9503359,5,2,3,3,0,5,11
6032,12,3,9,13,0,12,50
9806332,19,2,17,58,1,18,122
111297,1,1,0,0,0,1,10
9810252,4,3,1,1,0,4,22
9510308,16,1,15,94,3,13,13
203229,0,0,0,0,0,0,0
9804233,79,2,77,922,2,77,151
9403285,7,3,4,8,2,5,5
9511388,48,2,46,328,4,44,157
9304307,44,4,40,267,44,0,0
9408315,8,1,7,16,0,8,19
9807228,57,2,55,415,22,35,37
9805238,9,1,8,13,5,4,4
2246,14,3,11,35,0,14,14
9807386,35,5,30,162,0,35,148
9805272,20,2,18,79,20,0,0
9502263,11,3,8,22,0,11,22
9911258,17,1,16,64,0,17,121
9902392,22,4,18,69,0,22,312
9807341,2,2,0,0,0,2,6
9707235,46,3,43,226,1,45,206
9502304,4,1,3,3,4,0,0
9903424,7,2,5,7,0,7,23
9509365,10,2,8,21,2,8,8
9601387,39,8,31,111,2,37,87
9901260,25,3,22,70,0,25,146
108141,12,6,6,14,0,12,118
9708209,7,1,6,12,0,7,16
109259,0,0,0,0,0,0,0
7208,32,7,25,89,0,32,707
9809545,6,1,5,10,0,6,87
9605398,66,3,63,531,0,66,394
9703390,9,2,7,19,0,9,111
9807514,1,1,0,0,1,0,0
9404280,21,5,16,35,1,20,32
9305304,16,5,11,22,5,11,18
9705440,7,4,3,6,0,7,46
9812375,27,4,23,90,7,20,29
9803370,7,2,5,9,0,7,40
9507303,32,3,29,134,0,32,216
9907549,2,2,0,0,0,2,7
9401308,52,5,47,213,4,48,48
9506264,20,3,17,75,12,8,16
9803314,19,4,15,62,1,18,160
9312215,38,5,33,215,4,34,70
9205247,21,1,20,60,21,0,0
9904389,3,1,2,3,0,3,14
9706285,22,3,19,78,1,21,39
9606378,5,1,4,7,0,5,27
9711292,20,2,18,85,0,20,56
9711309,16,2,14,43,0,16,70
9804332,45,3,42,236,1,44,44
9809429,5,3,2,2,0,5,32
9508391,6,6,0,0,6,0,0
9301226,4,4,0,0,4,0,0
9607215,15,3,12,32,4,11,11
9807421,45,5,40,210,0,45,355
9602262,30,3,27,99,0,30,251
9704325,24,1,23,143,5,19,36
9610471,8,5,3,6,0,8,75
9502206,33,2,31,149,1,32,103
9803446,3,3,0,0,0,3,16
9408344,37,4,33,195,30,7,7
9804212,31,5,26,102,5,26,97
9403301,18,4,14,29,7,11,16
9610415,23,3,20,81,4,19,43
9708219,19,2,17,70,0,19,91
105242,3,2,1,1,0,3,19
9703327,29,3,26,104,0,29,156
9806205,22,1,21,51,0,22,99
9805341,12,2,10,34,1,11,15
9505404,11,2,9,34,11,0,0
9357,11,5,6,12,0,11,161
9910491,73,2,71,589,1,72,563
9212295,12,5,7,11,2,10,26
9701288,4,1,3,3,4,0,0
105009,20,3,17,43,0,20,217
208156,3,2,1,1,2,1,2
9411323,6,3,3,3,0,6,41
9611204,12,2,10,40,0,12,27
9809582,43,1,42,232,0,43,228
9803380,56,1,55,325,3,53,181
9703443,9,2,7,17,0,9,28
9607241,13,3,10,22,1,12,42
9504234,26,1,25,117,3,23,77
9511385,19,1,18,77,0,19,19
9906262,33,1,32,197,0,33,35
9907400,21,3,18,46,0,21,172
9611320,11,3,8,18,11,0,0
9603212,40,3,37,177,10,30,59
9701222,15,2,13,43,15,0,0
9303205,87,6,81,916,71,16,16
9710512,4,1,3,3,0,4,22
9805470,38,5,33,162,2,36,172
9509329,13,5,8,23,0,13,135
9904219,30,1,29,172,0,30,101
9603431,20,2,18,84,9,11,13
9705437,35,9,26,94,2,33,113
9509398,4,1,3,6,0,4,30
1229,18,2,16,60,0,18,70
6049,32,1,31,217,1,31,143
9510301,84,3,81,469,7,77,197
9408226,9,1,8,14,0,9,17
7078,2,1,1,1,0,2,18
9909485,29,3,26,114,0,29,332
106258,42,4,38,151,1,41,124
9299,11,1,10,33,0,11,77
9408244,8,2,6,15,0,8,8
9607239,31,6,25,121,31,0,0
102241,25,7,18,81,0,25,106
9305335,20,5,15,43,20,0,0
9306259,16,3,13,58,16,0,0
105126,0,0,0,0,0,0,0
9510253,3,2,1,1,0,3,3
9904211,51,3,48,360,16,35,35
9906327,24,3,21,91,0,24,254
9604262,3,3,0,0,1,2,2
9807236,13,3,10,32,7,6,7
210157,5,4,1,1,0,5,93
202271,6,3,3,6,0,6,112
109242,46,1,45,455,0,46,263
109184,6,2,4,7,0,6,23
9807358,65,5,60,310,0,65,502
9404299,5,3,2,3,5,0,0
9910255,7,6,1,1,0,7,127
103028,12,1,11,38,0,12,74
9507366,10,3,7,16,3,7,11
9707402,6,3,3,4,6,0,0
9505353,22,3,19,63,8,14,24
9806392,4,1,3,3,0,4,12
9309216,12,8,4,5,1,11,11
9212312,5,4,1,1,5,0,0
9409377,2,1,1,1,0,2,2
9156,6,3,3,7,0,6,50
9211228,16,10,6,26,7,9,9
4059,34,2,32,156,0,34,255
9701236,13,3,10,32,13,0,0
9702230,10,2,8,18,0,10,40
111316,1,1,0,0,0,1,4
9809230,5,1,4,7,0,5,9
9902458,6,2,4,9,0,6,17
9511392,6,3,3,5,1,5,5
112045,9,2,7,12,3,6,10
109166,0,0,0,0,0,0,0
9905300,1,1,0,0,0,1,6
9911317,13,2,11,31,0,13,95
9304278,2,2,0,0,2,0,0
9807282,19,1,18,69,19,0,0
9905409,4,3,1,1,0,4,31
9610303,2,2,0,0,1,1,2
9802373,13,1,12,29,0,13,44
9505416,10,3,7,15,0,10,10
9608304,1,1,0,0,1,0,0
9812404,7,2,5,5,6,1,1
9509406,17,2,15,48,17,0,0
9808262,9,4,5,14,2,7,38
9405326,14,2,12,25,11,3,3
9811412,16,5,11,27,0,16,81
9710506,3,2,1,1,1,2,2
9802350,22,1,21,58,7,15,41
9807297,16,5,11,24,0,16,36
9504242,11,4,7,17,0,11,59
9504357,7,1,6,19,7,0,0
9610380,4,2,2,3,3,1,2
9707420,1,1,0,0,0,1,6
9707305,8,3,5,11,0,8,41
9410212,2,1,1,1,2,0,0
9403245,1,1,0,0,1,0,0
9704298,42,5,37,178,0,42,267
9405234,18,4,14,49,6,12,30
9707355,17,4,13,31,0,17,135
9601336,11,2,9,23,11,0,0
9610306,2,2,0,0,2,0,0
4171,8,6,2,3,0,8,108
9802424,22,1,21,75,22,0,0
9801368,9,2,7,21,9,0,0
9904257,4,1,3,4,1,3,3
7355,19,4,15,57,1,18,71
9807466,2,1,1,1,0,2,3
9803479,13,3,10,21,0,13,227
112285,1,1,0,0,0,1,3
8205,1,1,0,0,1,0,0
6116,11,3,8,21,0,11,120
9305291,13,3,10,18,1,12,28
9708467,11,5,6,14,0,11,22
107097,5,2,3,6,0,5,19
111209,7,1,6,13,0,7,52
9708215,7,2,5,9,4,3,3
9907533,10,3,7,21,1,9,18
9607314,25,4,21,110,10,15,15
9310312,6,2,4,12,6,0,0
9348,2,2,0,0,0,2,15
9609487,20,7,13,33,1,19,25
202082,0,0,0,0,0,0,0
9404311,6,4,2,5,2,4,4
9908397,13,3,10,33,0,13,175
12040,1,1,0,0,0,1,14
9806303,16,4,12,35,4,12,21
9906241,6,2,4,8,0,6,44
9210227,8,1,7,22,8,0,0
9706212,15,5,10,24,1,14,17
9404321,12,7,5,19,2,10,10
9703375,38,3,35,249,0,38,251
9704363,11,5,6,12,0,11,94
8155,4,2,2,2,4,0,0
9412273,9,4,5,5,9,0,0
9602366,35,5,30,119,3,32,78
9911297,6,3,3,4,0,6,31
9912380,9,3,6,9,0,9,9
9902449,14,5,9,28,0,14,64
9306269,4,2,2,2,4,0,0
9209215,19,3,16,44,19,0,0
9210205,5,3,2,2,5,0,0
9601265,4,1,3,3,4,0,0
9607204,4,1,3,5,2,2,2
107186,20,2,18,48,0,20,122
9412289,2,1,1,1,2,0,0
9601317,3,2,1,1,0,3,7
9810358,2,1,1,1,2,0,0
8156,10,6,4,7,0,10,129
9903421,11,3,8,21,0,11,46
9411276,4,4,0,0,3,1,2
9406268,7,3,4,7,6,1,1
9310279,16,1,15,64,16,0,0
9912453,5,1,4,8,5,0,0
9703414,4,4,0,0,0,4,13
8328,3,2,1,1,0,3,42
7181,18,2,16,61,0,18,198
9808322,4,2,2,2,0,4,10
9406252,13,2,11,35,13,0,0
1310,27,5,22,92,0,27,172
9807424,3,1,2,2,0,3,9
9903423,1,1,0,0,0,1,1
9910461,8,4,4,7,0,8,48
10193,5,3,2,2,0,5,6
9512343,5,1,4,4,5,0,0
9710224,5,2,3,3,0,5,15
9402320,6,1,5,13,6,0,0
9503366,13,4,9,22,0,13,27
9611422,7,2,5,9,0,7,27
104225,7,3,4,7,0,7,170
9404209,25,5,20,49,1,24,74
9903541,11,4,7,10,0,11,17
9807364,3,2,1,1,0,3,7
9510455,5,2,3,5,0,5,5
9608280,12,4,8,16,0,12,71
9903413,6,4,2,2,0,6,35
9902324,1,1,0,0,0,1,12
9508268,5,1,4,5,5,0,0
3122,14,4,10,33,0,14,155
201036,2,2,0,0,0,2,4
9803475,6,4,2,3,0,6,14
9311318,5,2,3,4,1,4,6
9501202,22,2,20,59,0,22,64
9902375,12,1,11,33,1,11,19
206202,0,0,0,0,0,0,0
9909304,13,1,12,30,4,9,25
9711369,4,1,3,4,2,2,2
201262,18,3,15,84,2,16,16
9908391,2,1,1,1,0,2,10
107201,5,1,4,5,0,5,27
9803218,12,2,10,40,1,11,83
10303,3,1,2,3,3,0,0
9512345,5,2,3,5,0,5,16
2262,1,1,0,0,0,1,7
9509345,2,2,0,0,0,2,6
112337,1,1,0,0,0,1,3
9807537,2,2,0,0,0,2,7
9504308,0,0,0,0,0,0,0
9705465,3,1,2,2,0,3,13
9405421,5,3,2,2,0,5,10
9903536,4,2,2,3,0,4,34
9904230,1,1,0,0,1,0,0
9906240,0,0,0,0,0,0,0
9601206,4,2,2,2,4,0,0
9905571,16,5,11,29,0,16,152
9504217,10,3,7,16,0,10,88
9612377,8,2,6,16,0,8,44
8116,3,1,2,3,1,2,3
9911535,11,4,7,16,4,7,18
9611463,11,1,10,25,1,10,30
203224,2,1,1,1,0,2,15
9601279,5,1,4,6,2,3,3
9403326,5,1,4,7,5,0,0
9702363,27,5,22,73,1,26,40
9802340,1,1,0,0,0,1,2
9809286,2,1,1,1,0,2,2
108221,12,2,10,24,0,12,150
9602390,9,1,8,16,5,4,4
9511380,10,6,4,7,3,7,11
9712383,2,1,1,1,2,0,0
109167,2,2,0,0,0,2,7
9907548,24,3,21,90,1,23,140
11368,1,1,0,0,0,1,6
8097,0,0,0,0,0,0,0
111288,2,2,0,0,0,2,3
10101,2,2,0,0,0,2,12
9902303,14,3,11,22,4,10,30
9409309,6,2,4,6,1,5,13
9707466,4,1,3,6,3,1,1
9908343,4,3,1,1,0,4,75
9708480,14,3,11,28,0,14,29
9902410,14,4,10,23,0,14,73
6241,5,1,4,8,0,5,5
9606390,2,1,1,1,2,0,0
9410372,3,3,0,0,1,2,4
9908243,4,4,0,0,2,2,2
106307,9,2,7,12,1,8,16
9711294,3,1,2,3,0,3,6
9901374,5,5,0,0,5,0,0
10171,0,0,0,0,0,0,0
9210208,23,3,20,106,23,0,0
9503376,5,1,4,6,3,2,2
9710445,6,2,4,7,0,6,18
9910449,0,0,0,0,0,0,0
9708469,5,1,4,8,0,5,6
9611233,1,1,0,0,0,1,1
9608422,2,1,1,1,2,0,0
9205230,17,2,15,46,17,0,0
9908417,6,1,5,7,0,6,35
9501314,6,2,4,4,0,6,6
109189,0,0,0,0,0,0,0
9607202,8,4,4,6,0,8,25
1021,7,5,2,2,0,7,31
11236,0,0,0,0,0,0,0
9501293,0,0,0,0,0,0,0
9906383,12,5,7,16,0,12,99
9804422,2,2,0,0,0,2,10
9709354,10,2,8,20,0,10,34
9708345,3,3,0,0,3,0,0
2048,5,1,4,5,0,5,40
9405208,2,2,0,0,0,2,3
9705364,10,1,9,33,3,7,7
9211311,14,5,9,27,14,0,0
9706288,8,4,4,11,0,8,139
9603301,3,1,2,3,0,3,12
208038,15,9,6,9,0,15,92
9411294,11,2,9,43,2,9,9
9603240,11,2,9,24,11,0,0
9907387,7,2,5,10,1,6,11
9608375,5,1,4,7,0,5,18
9811221,7,3,4,10,0,7,13
110407,5,2,3,4,0,5,52
9906370,0,0,0,0,0,0,0
11134,10,4,6,17,0,10,104
205302,1,1,0,0,0,1,14
9807272,2,1,1,1,1,1,1
9903390,17,4,13,37,0,17,96
9605281,18,2,16,30,2,16,18
9508283,5,3,2,3,5,0,0
7186,7,2,5,7,0,7,24
9402341,14,2,12,37,14,0,0
106105,0,0,0,0,0,0,0
9605309,2,1,1,1,0,2,4
9707341,10,3,7,21,0,10,25
9604208,2,2,0,0,1,1,3
9411266,0,0,0,0,0,0,0
9401273,3,1,2,2,0,3,4
12034,0,0,0,0,0,0,0
9407362,2,2,0,0,1,1,4
9706273,6,5,1,2,0,6,6
108242,1,1,0,0,0,1,3
9410415,12,5,7,25,0,12,12
9409340,2,2,0,0,1,1,2
9803265,5,1,4,7,0,5,12
9405294,4,2,2,2,4,0,0
11372,6,4,2,3,0,6,10
9701272,6,4,2,3,1,5,6
8121,3,3,0,0,0,3,3
101087,2,2,0,0,0,2,6
111131,6,4,2,5,0,6,45
12297,2,1,1,1,0,2,12
9801380,11,2,9,24,5,6,6
9502416,7,5,2,4,7,0,0
9705329,16,3,13,38,16,0,0
106291,12,1,11,29,12,0,0
209020,8,3,5,14,0,8,58
9707463,17,3,14,34,1,16,30
9210231,10,6,4,7,10,0,0
9211296,3,3,0,0,3,0,0
9805252,1,1,0,0,1,0,0
9602329,9,6,3,4,0,9,92
1202,8,2,6,13,1,7,17
208243,0,0,0,0,0,0,0
102338,6,3,3,4,0,6,22
9805224,10,1,9,24,7,3,4
110272,2,1,1,1,0,2,19
9912434,13,5,8,14,2,11,15
9609320,9,6,3,4,0,9,30
9508405,2,2,0,0,0,2,3
9707531,1,1,0,0,0,1,13
9038,10,1,9,23,0,10,11
9706348,5,4,1,1,0,5,11
9806385,2,1,1,1,0,2,7
9503419,1,1,0,0,1,0,0
9504345,4,3,1,1,0,4,27
9208204,1,1,0,0,1,0,0
201308,11,4,7,18,0,11,73
12128,1,1,0,0,0,1,6
207372,0,0,0,0,0,0,0
9411395,14,4,10,19,5,9,14
201088,0,0,0,0,0,0,0
9304316,7,4,3,4,7,0,0
9406329,3,1,2,3,3,0,0
103248,0,0,0,0,0,0,0
206030,3,2,1,1,0,3,31
210014,2,1,1,1,0,2,5
9809390,2,2,0,0,0,2,6
201085,0,0,0,0,0,0,0
105168,2,2,0,0,0,2,4
9209224,4,3,1,1,4,0,0
204070,0,0,0,0,0,0,0
9810388,6,3,3,4,2,4,12
9505309,5,1,4,7,0,5,15
9707504,6,3,3,3,0,6,11
7292,14,5,9,27,0,14,114
9809412,8,2,6,11,8,0,0
211331,3,2,1,1,0,3,40
9609499,1,1,0,0,0,1,1
9711224,3,3,0,0,0,3,10
9807461,7,4,3,5,0,7,55
9512319,19,4,15,44,4,15,40
9701226,2,2,0,0,1,1,1
302128,0,0,0,0,0,0,0
11376,3,1,2,3,3,0,0
9906441,8,3,5,10,0,8,30
9509296,1,1,0,0,1,0,0
107063,1,1,0,0,1,0,0
9612475,2,2,0,0,0,2,5
9807453,5,2,3,6,1,4,4
108235,3,3,0,0,0,3,39
9408272,5,1,4,9,5,0,0
9611280,2,1,1,1,0,2,4
9903285,2,1,1,1,2,0,0
9302206,7,4,3,4,7,0,0
102150,3,1,2,2,1,2,15
9704407,1,1,0,0,1,0,0
9807445,0,0,0,0,0,0,0
1080,1,1,0,0,0,1,3
9804302,2,2,0,0,1,1,2
9909436,9,2,7,15,0,9,16
9910537,16,3,13,44,0,16,88
9412278,6,4,2,3,6,0,0
9706296,2,2,0,0,0,2,6
9703262,1,1,0,0,0,1,2
203128,3,3,0,0,0,3,20
9810292,4,3,1,1,0,4,96
107211,1,1,0,0,0,1,8
2155,9,4,5,9,9,0,0
9308320,2,1,1,1,2,0,0
9709494,17,1,16,75,0,17,46
9608290,0,0,0,0,0,0,0
9605260,2,1,1,1,2,0,0
9910406,4,2,2,2,0,4,16
9711313,5,3,2,3,0,5,13
9211209,4,2,2,3,4,0,0
9712442,0,0,0,0,0,0,0
9308294,2,2,0,0,2,0,0
9804437,2,2,0,0,0,2,3
102292,1,1,0,0,0,1,11
9708330,2,1,1,1,0,2,62
9707358,1,1,0,0,1,0,0
204031,0,0,0,0,0,0,0
205112,2,1,1,1,0,2,2
9904422,8,2,6,10,1,7,21
9802280,1,1,0,0,0,1,1
106246,8,4,4,6,0,8,26
12024,0,0,0,0,0,0,0
9410243,4,3,1,1,4,0,0
102113,3,2,1,1,0,3,16
9908389,0,0,0,0,0,0,0
6326,3,1,2,2,0,3,8
9510428,6,2,4,8,3,3,5
9503390,5,2,3,7,5,0,0
209072,1,1,0,0,0,1,5
9307277,1,1,0,0,0,1,1
110276,6,1,5,7,0,6,42
1163,2,1,1,1,0,2,7
111012,4,2,2,4,0,4,18
203089,0,0,0,0,0,0,0
9708284,0,0,0,0,0,0,0
4194,1,1,0,0,0,1,1
3253,5,2,3,4,0,5,14
9902378,1,1,0,0,0,1,1
9811376,7,4,3,3,0,7,23
109283,0,0,0,0,0,0,0
102099,3,1,2,3,0,3,6
9305255,1,1,0,0,1,0,0
9609280,1,1,0,0,0,1,6
9712390,1,1,0,0,0,1,4
1214,9,4,5,6,0,9,29
9803259,1,1,0,0,0,1,3
10157,1,1,0,0,0,1,1
9701333,4,3,1,3,4,0,0
9608305,3,1,2,2,0,3,3
8061,3,2,1,1,0,3,25
9904479,0,0,0,0,0,0,0
9609509,1,1,0,0,1,0,0
10145,0,0,0,0,0,0,0
9801314,2,1,1,1,0,2,10
9702212,2,2,0,0,0,2,8
9807482,5,3,2,3,5,0,0
102184,3,1,2,2,0,3,11
9712523,3,2,1,1,2,1,1
9409266,1,1,0,0,1,0,0
9907490,1,1,0,0,1,0,0
12262,1,1,0,0,0,1,7
11395,0,0,0,0,0,0,0
9504365,1,1,0,0,0,1,1
9612325,4,1,3,5,0,4,13
202042,1,1,0,0,0,1,4
103237,2,1,1,1,2,0,0
9705209,1,1,0,0,0,1,4
212156,2,1,1,1,0,2,13
111418,10,1,9,40,1,9,45
9702256,9,3,6,14,2,7,9
9506381,6,2,4,6,2,4,4
9801333,2,2,0,0,0,2,6
111024,0,0,0,0,0,0,0
9606457,3,2,1,1,3,0,0
1164,3,2,1,1,1,2,3
9901226,5,5,0,0,0,5,5
203103,0,0,0,0,0,0,0
203126,3,1,2,3,0,3,38
9908519,2,2,0,0,2,0,0
6110,5,3,2,3,0,5,17
9605258,0,0,0,0,0,0,0
9710478,2,1,1,1,0,2,2
9304256,2,2,0,0,2,0,0
9403369,1,1,0,0,1,0,0
101318,3,1,2,3,0,3,4
3298,3,1,2,3,0,3,13
109149,0,0,0,0,0,0,0
9911512,1,1,0,0,0,1,3
9909434,0,0,0,0,0,0,0
9906356,0,0,0,0,0,0,0
101009,4,3,1,1,0,4,15
112127,2,1,1,1,0,2,22
9912532,4,3,1,1,4,0,0
3052,1,1,0,0,0,1,3
9602379,0,0,0,0,0,0,0
101237,0,0,0,0,0,0,0
106269,1,1,0,0,0,1,1
4239,0,0,0,0,0,0,0
9906548,3,1,2,2,3,0,0
7280,3,3,0,0,0,3,20
9806334,0,0,0,0,0,0,0
9505272,5,1,4,8,1,4,10
9908496,0,0,0,0,0,0,0
9610393,1,1,0,0,1,0,0
9912352,0,0,0,0,0,0,0
9712453,2,1,1,1,0,2,3
9606241,14,1,13,40,14,0,0
1152,1,1,0,0,1,0,0
9503364,1,1,0,0,1,0,0
9802371,2,2,0,0,0,2,13
9602330,3,2,1,1,3,0,0
9507256,5,5,0,0,5,0,0
9705211,1,1,0,0,1,0,0
111405,0,0,0,0,0,0,0
9904223,6,1,5,6,1,5,15
205276,2,2,0,0,0,2,9
9904454,2,1,1,1,0,2,18
9401210,7,5,2,3,7,0,0
112009,0,0,0,0,0,0,0
6359,4,1,3,4,0,4,15
111342,1,1,0,0,1,0,0
9909362,2,2,0,0,0,2,11
2284,2,2,0,0,0,2,3
104243,3,1,2,2,0,3,13
9312238,2,2,0,0,0,2,2
1241,0,0,0,0,0,0,0
209353,1,1,0,0,0,1,5
9409299,2,2,0,0,2,0,0
9307217,2,2,0,0,2,0,0
12193,3,2,1,1,0,3,5
111120,5,2,3,3,0,5,34
9711300,1,1,0,0,0,1,2
7333,5,3,2,2,0,5,26
210238,2,2,0,0,0,2,39
9404356,7,2,5,15,7,0,0
8084,3,1,2,2,0,3,7
5255,2,1,1,1,2,0,0
110201,0,0,0,0,0,0,0
9810382,3,1,2,2,1,2,3
9809598,1,1,0,0,0,1,4
9506396,2,1,1,1,0,2,2
10273,0,0,0,0,0,0,0
109250,0,0,0,0,0,0,0
9610344,1,1,0,0,0,1,1
106193,4,2,2,3,1,3,6
9911270,1,1,0,0,0,1,1
9910490,0,0,0,0,0,0,0
9902417,3,2,1,2,0,3,15
203227,0,0,0,0,0,0,0
9610292,4,2,2,3,0,4,4
111362,5,4,1,1,0,5,131
204127,4,1,3,3,0,4,19
204136,4,2,2,2,0,4,31
9707470,0,0,0,0,0,0,0
209085,3,2,1,1,0,3,25
112358,0,0,0,0,0,0,0
9904362,1,1,0,0,0,1,2
9903324,2,1,1,1,0,2,8
209084,4,3,1,1,0,4,26
9312219,1,1,0,0,0,1,1
9908267,2,2,0,0,0,2,10
9207256,4,2,2,2,4,0,0
102137,0,0,0,0,0,0,0
9812228,0,0,0,0,0,0,0
208238,1,1,0,0,0,1,10
111022,0,0,0,0,0,0,0
7287,1,1,0,0,0,1,7
9708287,0,0,0,0,0,0,0
111082,8,2,6,15,0,8,56
7250,4,1,3,4,0,4,11
9709475,1,1,0,0,0,1,2
9503467,3,3,0,0,2,1,1
9902431,5,4,1,3,5,0,0
9812352,1,1,0,0,0,1,3
5178,0,0,0,0,0,0,0
9908420,1,1,0,0,0,1,8
9222,4,1,3,4,0,4,12
203151,2,2,0,0,0,2,11
9904280,14,3,11,36,1,13,39
104153,4,3,1,1,0,4,15
104228,8,1,7,13,0,8,85
9910206,4,4,0,0,0,4,7
12050,3,1,2,3,0,3,9
8112,0,0,0,0,0,0,0
9212256,2,1,1,1,2,0,0
9903429,3,1,2,3,0,3,8
10072,0,0,0,0,0,0,0
9610409,5,2,3,4,5,0,0
103257,1,1,0,0,0,1,1
207293,0,0,0,0,0,0,0
1149,2,2,0,0,0,2,2
9910328,1,1,0,0,1,0,0
9602286,0,0,0,0,0,0,0
9806251,1,1,0,0,0,1,3
9710484,2,2,0,0,1,1,1
9308257,5,3,2,3,5,0,0
9711202,3,3,0,0,0,3,6
5040,1,1,0,0,1,0,0
9812497,1,1,0,0,0,1,1
9809439,2,2,0,0,0,2,4
9712413,0,0,0,0,0,0,0
110144,2,2,0,0,0,2,8
9911347,0,0,0,0,0,0,0
9811330,1,1,0,0,0,1,5
9808318,0,0,0,0,0,0,0
102275,2,2,0,0,0,2,6
9903391,0,0,0,0,0,0,0
9809460,1,1,0,0,0,1,4
107194,1,1,0,0,0,1,5
9804268,1,1,0,0,0,1,4
9610552,0,0,0,0,0,0,0
9704256,1,1,0,0,0,1,1
101019,4,2,2,2,0,4,12
207343,3,2,1,1,0,3,3
9601218,0,0,0,0,0,0,0
3266,4,2,2,2,0,4,4
9911466,0,0,0,0,0,0,0
9308323,0,0,0,0,0,0,0
7084,2,1,1,1,2,0,0
9506383,1,1,0,0,0,1,2
208222,0,0,0,0,0,0,0
9601380,0,0,0,0,0,0,0
9401234,1,1,0,0,1,0,0
9804372,4,4,0,0,0,4,25
9312277,3,2,1,1,3,0,0
12211,0,0,0,0,0,0,0
9610524,0,0,0,0,0,0,0
106265,0,0,0,0,0,0,0
103129,0,0,0,0,0,0,0
9709224,1,1,0,0,0,1,3
9268,0,0,0,0,0,0,0
4232,5,1,4,10,5,0,0
9711458,3,3,0,0,3,0,0
9808264,4,3,1,1,2,2,2
6242,0,0,0,0,0,0,0
9603277,2,2,0,0,0,2,2
112277,1,1,0,0,0,1,3
109173,7,1,6,12,0,7,71
9702387,1,1,0,0,1,0,0
9910228,0,0,0,0,0,0,0
9812310,1,1,0,0,0,1,2
9604288,4,2,2,2,4,0,0
9506229,1,1,0,0,1,0,0
207307,0,0,0,0,0,0,0
9407323,0,0,0,0,0,0,0
110137,0,0,0,0,0,0,0
9401257,2,2,0,0,2,0,0
111370,0,0,0,0,0,0,0
9704368,2,2,0,0,1,1,1
9803249,0,0,0,0,0,0,0
9609304,0,0,0,0,0,0,0
9605243,2,1,1,1,2,0,0
107020,0,0,0,0,0,0,0
9604268,2,1,1,1,0,2,2
209373,0,0,0,0,0,0,0
9803327,0,0,0,0,0,0,0
9705418,0,0,0,0,0,0,0
12273,1,1,0,0,0,1,4
9404264,1,1,0,0,1,0,0
9230,0,0,0,0,0,0,0
102314,0,0,0,0,0,0,0
102072,2,2,0,0,0,2,15
8261,0,0,0,0,0,0,0
9901330,1,1,0,0,0,1,8
9510266,2,2,0,0,2,0,0
106211,4,2,2,2,0,4,15
9906347,2,2,0,0,0,2,7
9811364,9,4,5,13,9,0,0
103150,2,1,1,1,0,2,3
203073,1,1,0,0,0,1,2
206238,2,1,1,1,0,2,14
9405284,0,0,0,0,0,0,0
111389,1,1,0,0,0,1,15
9311302,0,0,0,0,0,0,0
9804411,2,2,0,0,2,0,0
111458,0,0,0,0,0,0,0
9312211,0,0,0,0,0,0,0
9903225,0,0,0,0,0,0,0
3312,6,1,5,15,6,0,0
9801257,1,1,0,0,0,1,1
9702422,1,1,0,0,0,1,1
11319,0,0,0,0,0,0,0
112211,2,2,0,0,0,2,5
108190,1,1,0,0,0,1,8
9604372,0,0,0,0,0,0,0
8337,1,1,0,0,0,1,2
1029,0,0,0,0,0,0,0
9608339,6,1,5,10,0,6,6
9603411,2,2,0,0,0,2,7
302148,0,0,0,0,0,0,0
9903235,4,2,2,3,4,0,0
111328,2,2,0,0,0,2,14
9801332,2,2,0,0,0,2,10
302031,0,0,0,0,0,0,0
9902253,0,0,0,0,0,0,0
5244,0,0,0,0,0,0,0
9912404,2,1,1,1,1,1,1
9605208,0,0,0,0,0,0,0
9706383,0,0,0,0,0,0,0
9711305,2,2,0,0,0,2,10
9710429,0,0,0,0,0,0,0
106299,2,1,1,1,1,1,1
3048,0,0,0,0,0,0,0
9604403,6,3,3,4,6,0,0
9512411,0,0,0,0,0,0,0
9508381,1,1,0,0,1,0,0
301049,0,0,0,0,0,0,0
9811486,1,1,0,0,1,0,0
9906333,0,0,0,0,0,0,0
107278,3,3,0,0,0,3,21
106068,2,2,0,0,0,2,3
210257,3,1,2,3,0,3,14
205217,0,0,0,0,0,0,0
9705301,0,0,0,0,0,0,0
5305,0,0,0,0,0,0,0
201092,0,0,0,0,0,0,0
9512310,1,1,0,0,0,1,1
9408280,0,0,0,0,0,0,0
9711235,1,1,0,0,1,0,0
9406270,2,2,0,0,2,0,0
9177,0,0,0,0,0,0,0
9801261,0,0,0,0,0,0,0
5266,0,0,0,0,0,0,0
211232,0,0,0,0,0,0,0
9610475,0,0,0,0,0,0,0
9308260,0,0,0,0,0,0,0
9908377,1,1,0,0,1,0,0
11178,2,1,1,1,0,2,2
9706528,1,1,0,0,1,0,0
212033,0,0,0,0,0,0,0
208014,1,1,0,0,0,1,5
9710499,1,1,0,0,0,1,1
9908253,0,0,0,0,0,0,0
108195,2,2,0,0,2,0,0
112213,1,1,0,0,0,1,2
9902297,1,1,0,0,0,1,5
9812537,1,1,0,0,1,0,0
9409413,4,3,1,1,4,0,0
9709260,0,0,0,0,0,0,0
210447,1,1,0,0,0,1,9
7072,2,2,0,0,2,0,0
205097,2,1,1,1,0,2,12
11292,1,1,0,0,0,1,2
211444,1,1,0,0,0,1,13
9803388,0,0,0,0,0,0,0
110099,0,0,0,0,0,0,0
111221,4,1,3,3,1,3,5
102322,0,0,0,0,0,0,0
302205,0,0,0,0,0,0,0
9801343,0,0,0,0,0,0,0
209247,0,0,0,0,0,0,0
201122,0,0,0,0,0,0,0
203048,0,0,0,0,0,0,0
107043,0,0,0,0,0,0,0
212108,1,1,0,0,1,0,0
9708312,0,0,0,0,0,0,0
9904467,0,0,0,0,0,0,0
9801373,1,1,0,0,0,1,1
9906455,0,0,0,0,0,0,0
104281,1,1,0,0,0,1,2
101252,0,0,0,0,0,0,0
208237,2,1,1,1,0,2,23
9509401,0,0,0,0,0,0,0
9312233,1,1,0,0,1,0,0
5243,0,0,0,0,0,0,0
9707530,0,0,0,0,0,0,0
207239,0,0,0,0,0,0,0
9705436,0,0,0,0,0,0,0
9808414,2,1,1,1,0,2,4
9307225,1,1,0,0,1,0,0
212005,1,1,0,0,0,1,4
104138,0,0,0,0,0,0,0
110413,1,1,0,0,0,1,2
9812493,0,0,0,0,0,0,0
201220,0,0,0,0,0,0,0
9904506,0,0,0,0,0,0,0
9908251,0,0,0,0,0,0,0
9910440,0,0,0,0,0,0,0
9310308,0,0,0,0,0,0,0
9905484,1,1,0,0,0,1,1
9906367,1,1,0,0,1,0,0
9612317,0,0,0,0,0,0,0
10299,2,2,0,0,2,0,0
9706416,0,0,0,0,0,0,0
302127,0,0,0,0,0,0,0
9709228,0,0,0,0,0,0,0
201157,0,0,0,0,0,0,0
206123,0,0,0,0,0,0,0
9403228,2,2,0,0,0,2,2
9412369,0,0,0,0,0,0,0
9906334,0,0,0,0,0,0,0
108143,1,1,0,0,0,1,6
102333,1,1,0,0,1,0,0
9206226,1,1,0,0,1,0,0
9710471,0,0,0,0,0,0,0
9605299,1,1,0,0,0,1,1
11129,0,0,0,0,0,0,0
9904451,0,0,0,0,0,0,0
9811274,0,0,0,0,0,0,0
101075,0,0,0,0,0,0,0
301223,0,0,0,0,0,0,0
9908509,0,0,0,0,0,0,0
9612417,0,0,0,0,0,0,0
1117,0,0,0,0,0,0,0
208203,2,2,0,0,0,2,23
105319,0,0,0,0,0,0,0
105337,1,1,0,0,1,0,0
212334,0,0,0,0,0,0,0
9810404,0,0,0,0,0,0,0
9908279,0,0,0,0,0,0,0
9908408,1,1,0,0,0,1,10
9810225,1,1,0,0,0,1,2
211375,0,0,0,0,0,0,0
9608225,0,0,0,0,0,0,0
9604254,1,1,0,0,1,0,0
9907302,0,0,0,0,0,0,0
106001,0,0,0,0,0,0,0
9809369,0,0,0,0,0,0,0
9712527,0,0,0,0,0,0,0
105248,0,0,0,0,0,0,0
211042,1,1,0,0,0,1,1
9905545,0,0,0,0,0,0,0
8300,1,1,0,0,0,1,3
111301,1,1,0,0,0,1,3
9308285,0,0,0,0,0,0,0
9609484,0,0,0,0,0,0,0
9607308,0,0,0,0,0,0,0
9410229,1,1,0,0,1,0,0
110131,0,0,0,0,0,0,0
9605415,0,0,0,0,0,0,0
10202,0,0,0,0,0,0,0
9812416,0,0,0,0,0,0,0
9806466,0,0,0,0,0,0,0
9907369,0,0,0,0,0,0,0
9710344,0,0,0,0,0,0,0
9505439,0,0,0,0,0,0,0
207232,0,0,0,0,0,0,0
301123,0,0,0,0,0,0,0
111204,0,0,0,0,0,0,0
101058,0,0,0,0,0,0,0
9604240,2,2,0,0,2,0,0
9907513,0,0,0,0,0,0,0
102166,0,0,0,0,0,0,0
202259,0,0,0,0,0,0,0
111108,0,0,0,0,0,0,0
207169,1,1,0,0,0,1,6
212120,0,0,0,0,0,0,0
9601389,1,1,0,0,0,1,2
9712498,0,0,0,0,0,0,0
9508374,1,1,0,0,1,0,0
11025,2,2,0,0,0,2,15
9702204,0,0,0,0,0,0,0
9612309,1,1,0,0,1,0,0
9710297,0,0,0,0,0,0,0
211431,1,1,0,0,0,1,2
9911209,0,0,0,0,0,0,0
9904273,2,2,0,0,0,2,4
12200,0,0,0,0,0,0,0
9507301,0,0,0,0,0,0,0
102034,0,0,0,0,0,0,0
9405203,0,0,0,0,0,0,0
9305330,0,0,0,0,0,0,0
5308,0,0,0,0,0,0,0
9708278,0,0,0,0,0,0,0
9187,0,0,0,0,0,0,0
9909290,1,1,0,0,1,0,0
208020,0,0,0,0,0,0,0
9905280,0,0,0,0,0,0,0
203077,0,0,0,0,0,0,0
209220,0,0,0,0,0,0,0
1165,0,0,0,0,0,0,0
9509386,0,0,0,0,0,0,0
5252,0,0,0,0,0,0,0
9707289,1,1,0,0,1,0,0
210406,0,0,0,0,0,0,0
3094,0,0,0,0,0,0,0
112033,0,0,0,0,0,0,0
104012,0,0,0,0,0,0,0
6318,0,0,0,0,0,0,0
9905408,1,1,0,0,1,0,0
205155,0,0,0,0,0,0,0
9709237,0,0,0,0,0,0,0
207285,0,0,0,0,0,0,0
9504318,2,2,0,0,1,1,1
207220,0,0,0,0,0,0,0
9611268,0,0,0,0,0,0,0
9401261,1,1,0,0,1,0,0
102058,0,0,0,0,0,0,0
206165,0,0,0,0,0,0,0
12009,0,0,0,0,0,0,0
302194,0,0,0,0,0,0,0
9611372,0,0,0,0,0,0,0
9807227,1,1,0,0,0,1,13
9808383,1,1,0,0,0,1,2
9904251,1,1,0,0,0,1,3
107196,1,1,0,0,0,1,3
9905382,0,0,0,0,0,0,0
9809373,0,0,0,0,0,0,0
9702271,0,0,0,0,0,0,0
9712490,0,0,0,0,0,0,0
11170,0,0,0,0,0,0,0
301039,0,0,0,0,0,0,0
9604285,0,0,0,0,0,0,0
209354,1,1,0,0,1,0,0
104194,0,0,0,0,0,0,0
202198,0,0,0,0,0,0,0
9808359,0,0,0,0,0,0,0
9410264,0,0,0,0,0,0,0
9911333,0,0,0,0,0,0,0
9708322,0,0,0,0,0,0,0
204281,0,0,0,0,0,0,0
9606309,2,2,0,0,2,0,0
9609513,0,0,0,0,0,0,0
302169,0,0,0,0,0,0,0
9708383,0,0,0,0,0,0,0
9507286,0,0,0,0,0,0,0
201082,0,0,0,0,0,0,0
107207,0,0,0,0,0,0,0
205236,0,0,0,0,0,0,0
302099,0,0,0,0,0,0,0
10011,1,1,0,0,0,1,13
302090,0,0,0,0,0,0,0
12048,0,0,0,0,0,0,0
10183,0,0,0,0,0,0,0
212355,0,0,0,0,0,0,0
9505349,0,0,0,0,0,0,0
9410410,1,1,0,0,1,0,0
8176,0,0,0,0,0,0,0
9333,0,0,0,0,0,0,0
212320,1,1,0,0,0,1,1
302235,0,0,0,0,0,0,0
110241,0,0,0,0,0,0,0
9912541,0,0,0,0,0,0,0
204065,0,0,0,0,0,0,0
6140,0,0,0,0,0,0,0
12198,0,0,0,0,0,0,0
212328,0,0,0,0,0,0,0
110009,1,1,0,0,0,1,4
9903316,0,0,0,0,0,0,0
11279,1,1,0,0,1,0,0
206227,0,0,0,0,0,0,0
204133,0,0,0,0,0,0,0
204302,0,0,0,0,0,0,0
9310,0,0,0,0,0,0,0
9605374,0,0,0,0,0,0,0
9508350,0,0,0,0,0,0,0
9808422,0,0,0,0,0,0,0
211422,0,0,0,0,0,0,0
105210,0,0,0,0,0,0,0
211410,0,0,0,0,0,0,0
9511439,1,1,0,0,1,0,0
9808310,0,0,0,0,0,0,0
108200,0,0,0,0,0,0,0
9807285,0,0,0,0,0,0,0
9404231,0,0,0,0,0,0,0
9604447,0,0,0,0,0,0,0
9211227,1,1,0,0,1,0,0
9908348,1,1,0,0,0,1,7
9910487,0,0,0,0,0,0,0
9067,0,0,0,0,0,0,0
302033,0,0,0,0,0,0,0
101060,0,0,0,0,0,0,0
9405269,0,0,0,0,0,0,0
9609332,0,0,0,0,0,0,0
112087,0,0,0,0,0,0,0
9512315,0,0,0,0,0,0,0
302084,0,0,0,0,0,0,0
5137,0,0,0,0,0,0,0
104222,2,2,0,0,2,0,0
9608260,0,0,0,0,0,0,0
211013,0,0,0,0,0,0,0
9411374,0,0,0,0,0,0,0
9708236,0,0,0,0,0,0,0
9903217,17,5,12,33,3,14,27
8255,27,3,24,100,2,25,63
9604330,28,5,23,147,1,27,66
9602234,17,3,14,56,17,0,0
9504426,33,3,30,111,3,30,50
8065,4,2,2,3,0,4,10
9806401,4,4,0,0,0,4,36
9204204,37,3,34,257,37,0,0
9810367,16,3,13,38,0,16,61
9512401,20,1,19,130,1,19,31
3246,52,7,45,222,0,52,415
9804290,30,2,28,125,2,28,77
9408256,0,0,0,0,0,0,0
9512369,41,6,35,150,0,41,141
9508296,36,5,31,117,0,36,106
9409369,13,2,11,25,0,13,27
9807267,19,1,18,54,4,15,21
9805293,4,1,3,4,1,3,4
9912358,25,3,22,78,3,22,77
9807552,26,1,25,88,0,26,144
9903481,22,1,21,99,22,0,0
9804421,35,5,30,165,0,35,335
9911524,39,3,36,195,0,39,294
9903203,10,1,9,28,0,10,94
9608420,3,3,0,0,1,2,6
9710460,66,4,62,338,0,66,328
9504406,3,1,2,3,3,0,0
9907435,4,1,3,4,0,4,13
9606342,43,1,42,211,6,37,84
9603363,28,8,20,90,1,27,141
9903465,31,1,30,143,0,31,348
110022,7,5,2,2,0,7,49
9709369,7,2,5,9,1,6,20
12212,8,5,3,4,0,8,63
7313,16,4,12,30,0,16,281
9810260,61,3,58,427,1,60,790
9605408,76,3,73,674,0,76,374
9704206,12,3,9,20,1,11,43
9305271,3,3,0,0,3,0,0
9408316,10,3,7,17,0,10,39
9308246,128,5,123,1106,16,112,169
9710331,27,4,23,111,0,27,225
110350,0,0,0,0,0,0,0
9804252,35,3,32,172,1,34,209
9701396,45,6,39,266,0,45,227
9701342,4,1,3,4,3,1,2
9303281,94,11,83,667,27,67,86
9606444,15,2,13,45,7,8,12
9804294,17,5,12,35,0,17,125
9312296,66,7,59,742,0,66,340
9208205,21,4,17,37,5,16,16
9408207,21,2,19,72,21,0,0
9707309,18,5,13,40,0,18,60
9610370,22,3,19,83,4,18,128
9711391,57,4,53,516,10,47,135
9711427,39,3,36,190,0,39,173
9707375,2,1,1,1,0,2,4
9805481,4,2,2,4,0,4,23
9607393,2,2,0,0,2,0,0
9302284,8,3,5,10,8,0,0
9511210,77,8,69,310,32,45,45
9809423,36,3,33,175,2,34,112
9906475,37,5,32,148,0,37,322
9801397,62,4,58,536,11,51,187
9405346,20,3,17,64,0,20,103
9607400,3,2,1,1,1,2,9
9302208,18,2,16,51,18,0,0
9210262,14,2,12,38,14,0,0
9804357,9,3,6,8,0,9,33
9406276,5,5,0,0,5,0,0
9611292,31,1,30,163,0,31,82
9708257,23,1,22,99,0,23,58
11250,17,5,12,31,0,17,121
9709273,13,2,11,39,0,13,52
9807339,21,5,16,32,0,21,74
9810319,16,1,15,53,4,12,24
9507363,30,2,28,181,0,30,58
10321,20,1,19,58,1,19,182
9910550,42,2,40,315,0,42,745
9212315,7,4,3,6,7,0,0
9701323,13,4,9,19,1,12,32
108185,1,1,0,0,0,1,4
9807207,5,1,4,6,5,0,0
9412265,23,6,17,49,0,23,163
9710473,8,1,7,17,0,8,25
9810280,46,1,45,247,0,46,125
9804237,29,1,28,114,0,29,173
9704388,5,2,3,4,0,5,10
9611454,6,2,4,7,6,0,0
9505245,27,4,23,105,0,27,107
9511402,30,4,26,152,2,28,68
9711506,1,1,0,0,1,0,0
9906381,16,3,13,48,2,14,33
9405223,12,4,8,14,1,11,39
9703317,26,3,23,75,1,25,94
9710450,13,1,12,29,1,12,19
9405241,69,1,68,614,22,47,93
9805222,8,3,5,8,0,8,84
9902399,17,3,14,79,11,6,6
9604336,8,6,2,2,1,7,62
9909265,16,2,14,43,1,15,126
9704205,16,2,14,36,2,14,14
9711483,10,3,7,22,0,10,45
9510268,5,1,4,9,0,5,58
10194,12,3,9,40,4,8,45
102131,25,1,24,176,18,7,8
9602236,14,6,8,17,3,11,28
9409301,22,3,19,73,4,18,37
7259,11,2,9,28,0,11,176
9910465,17,2,15,35,0,17,50
106264,35,4,31,123,0,35,130
10009,10,1,9,28,0,10,62
9507348,14,4,10,17,6,8,14
9805247,18,3,15,43,1,17,17
9610541,15,1,14,54,15,0,0
9310281,12,3,9,21,3,9,15
9411338,18,2,16,61,9,9,9
9304289,9,2,7,14,9,0,0
103330,0,0,0,0,0,0,0
9907272,23,2,21,87,0,23,40
9906431,20,3,17,48,0,20,459
109047,1,1,0,0,0,1,2
9809403,12,3,9,23,12,0,0
211141,4,4,0,0,1,3,19
109028,2,2,0,0,0,2,11
109287,42,3,39,346,0,42,263
9319,3,1,2,3,0,3,8
9903520,17,6,11,21,0,17,58
9509254,5,3,2,3,1,4,6
9911231,3,3,0,0,0,3,84
107030,9,1,8,19,0,9,50
9606386,15,4,11,33,0,15,90
9707462,2,1,1,1,0,2,8
9511220,7,2,5,8,2,5,9
9901403,4,1,3,4,0,4,8
9312278,11,7,4,5,0,11,32
9906467,5,2,3,4,0,5,25
9302299,6,4,2,3,5,1,1
9284,1,1,0,0,0,1,24
9304216,8,3,5,11,1,7,16
6321,25,2,23,134,0,25,178
9504287,12,3,9,23,10,2,2
9506378,29,2,27,99,0,29,137
9608294,9,1,8,17,0,9,20
9606344,19,1,18,54,6,13,13
9612457,10,2,8,20,3,7,16
9808425,14,1,13,48,1,13,81
112109,3,2,1,1,0,3,12
103090,2,2,0,0,0,2,5
9402227,29,3,26,137,29,0,0
9809377,3,3,0,0,0,3,29
9502379,2,2,0,0,2,0,0
9902383,12,3,9,30,1,11,20
9912370,1,1,0,0,0,1,9
7341,1,1,0,0,0,1,3
9803337,10,2,8,10,1,9,25
9610490,16,3,13,35,4,12,25
9808394,2,2,0,0,1,1,1
9707503,2,1,1,1,2,0,0
9512406,81,13,68,449,26,55,122
9810270,18,4,14,31,0,18,108
9604423,14,6,8,23,0,14,34
9901453,4,2,2,3,0,4,29
9805445,1,1,0,0,1,0,0
9402321,15,3,12,37,4,11,11
9803359,3,2,1,1,0,3,18
9401249,16,3,13,35,1,15,26
9512410,12,1,11,54,6,6,6
9612297,4,2,2,2,0,4,20
9707488,5,3,2,3,0,5,28
9709406,4,2,2,2,0,4,17
9410268,1,1,0,0,1,0,0
9708241,3,3,0,0,0,3,9
9705290,11,2,9,25,0,11,95
9406345,29,6,23,134,2,27,80
9606438,10,1,9,20,0,10,129
9907319,26,4,22,140,0,26,150
9610368,7,1,6,8,0,7,20
6229,19,5,14,34,0,19,125
9806311,18,5,13,41,0,18,18
9809531,21,1,20,72,7,14,30
9902267,8,1,7,16,8,0,0
9506314,6,1,5,12,6,0,0
9606381,17,1,16,54,3,14,79
9804255,42,4,38,192,1,41,367
11183,4,2,2,3,0,4,27
3287,3,3,0,0,0,3,4
7073,11,2,9,29,0,11,93
9307297,14,3,11,24,9,5,5
9709349,8,2,6,17,0,8,52
9510327,7,4,3,5,0,7,14
112251,4,2,2,2,0,4,35
9803284,7,1,6,8,1,6,14
9411342,13,9,4,6,9,4,5
9710339,17,3,14,92,3,14,43
9505322,8,4,4,10,8,0,0
11083,2,2,0,0,0,2,21
9711281,10,3,7,9,5,5,5
2033,20,1,19,57,1,19,82
9408275,9,5,4,5,9,0,0
9908516,21,1,20,97,0,21,151
1335,12,5,7,9,0,12,99
9902437,25,2,23,95,2,23,124
9908524,2,1,1,1,0,2,6
9211303,18,6,12,29,18,0,0
9311321,11,2,9,21,11,0,0
9406235,15,7,8,34,0,15,61
9703444,14,1,13,32,6,8,13
9705229,7,3,4,4,0,7,25
103122,1,1,0,0,0,1,1
9502383,1,1,0,0,0,1,2
9709215,15,7,8,28,1,14,58
9801282,14,3,11,45,3,11,29
9403311,10,1,9,18,10,0,0
3025,4,3,1,1,0,4,15
9409381,8,1,7,14,8,0,0
9301258,7,2,5,9,7,0,0
9304280,1,1,0,0,1,0,0
9803328,2,1,1,1,2,0,0
9806336,24,2,22,73,0,24,83
108228,0,0,0,0,0,0,0
9505203,2,1,1,1,2,0,0
9601351,4,2,2,3,0,4,9
9905277,3,1,2,2,0,3,7
102253,1,1,0,0,0,1,9
9904490,8,3,5,10,8,0,0
9411397,11,5,6,20,1,10,26
9411334,11,3,8,17,4,7,7
9311294,9,1,8,30,9,0,0
9810477,2,2,0,0,1,1,1
9509352,5,2,3,6,2,3,7
111001,0,0,0,0,0,0,0
103024,3,1,2,3,0,3,29
9508324,6,2,4,12,6,0,0
9508221,7,4,3,6,0,7,29
4197,10,5,5,11,0,10,94
9309294,20,3,17,30,20,0,0
9608313,7,7,0,0,0,7,23
9911435,2,2,0,0,0,2,5
1273,5,2,3,4,3,2,9
9602373,5,4,1,1,1,4,4
9703343,10,4,6,12,2,8,18
9512298,5,1,4,6,2,3,4
9512426,3,2,1,2,0,3,11
9703434,23,2,21,86,2,21,45
104242,11,3,8,18,0,11,176
9302312,18,2,16,37,0,18,18
9406392,26,2,24,138,26,0,0
9610522,12,5,7,13,12,0,0
9808421,12,3,9,29,0,12,56
9611449,6,1,5,8,0,6,14
9904417,4,3,1,1,0,4,8
9702418,5,1,4,5,1,4,17
9604275,1,1,0,0,0,1,1
6119,20,3,17,60,0,20,281
102128,10,2,8,17,3,7,8
9606287,8,2,6,11,2,6,6
9408390,16,2,14,40,4,12,12
9511420,16,1,15,30,0,16,50
9903512,10,2,8,20,0,10,42
10289,9,5,4,5,1,8,23
9406241,24,2,22,86,24,0,0
9712203,6,1,5,10,6,0,0
201277,8,1,7,18,1,7,7
9605204,1,1,0,0,1,0,0
107233,6,5,1,1,0,6,31
9810266,10,1,9,25,0,10,101
9804404,7,3,4,8,7,0,0
9610441,1,1,0,0,0,1,5
9909281,2,1,1,1,0,2,21
9509380,6,2,4,5,3,3,6
1072,13,2,11,22,11,2,2
9405273,23,3,20,94,7,16,16
9804391,6,1,5,9,0,6,11
9806270,2,2,0,0,0,2,10
9404362,4,3,1,1,1,3,3
7261,8,2,6,8,0,8,66
9411423,2,2,0,0,2,0,0
9211301,18,1,17,66,18,0,0
9609308,3,3,0,0,3,0,0
9809517,3,2,1,1,0,3,13
207332,0,0,0,0,0,0,0
9702301,6,1,5,10,0,6,32
9807456,0,0,0,0,0,0,0
112302,8,3,5,11,6,2,2
9709208,7,3,4,8,0,7,20
103001,4,1,3,6,0,4,22
9603327,5,2,3,5,5,0,0
9403382,3,1,2,3,3,0,0
9504375,7,2,5,14,0,7,53
9807549,2,2,0,0,0,2,8
9911324,2,2,0,0,1,1,2
112030,11,4,7,20,0,11,143
9312312,19,7,12,41,0,19,65
9502371,5,2,3,3,5,0,0
9609220,2,2,0,0,0,2,4
204025,4,3,1,1,0,4,18
9909465,2,1,1,1,0,2,39
9801304,12,3,9,12,0,12,42
9803348,2,2,0,0,2,0,0
9711394,3,2,1,1,3,0,0
203088,0,0,0,0,0,0,0
3154,1,1,0,0,0,1,8
9409417,1,1,0,0,0,1,1
9904272,5,2,3,3,0,5,44
9909564,3,2,1,1,0,3,22
9710316,20,6,14,74,0,20,53
9902451,49,5,44,246,0,49,369
9906529,6,1,5,13,6,0,0
9608393,2,1,1,1,0,2,3
4052,4,2,2,4,0,4,4
9908274,1,1,0,0,0,1,2
105277,10,2,8,19,2,8,24
9912366,6,1,5,6,0,6,19
9610384,5,1,4,6,5,0,0
9404359,1,1,0,0,1,0,0
9303257,14,3,11,30,1,13,13
9505222,6,2,4,8,0,6,14
9806275,4,2,2,3,0,4,10
9910269,1,1,0,0,0,1,1
9610460,1,1,0,0,0,1,9
9510402,2,1,1,1,1,1,2
9801448,3,3,0,0,1,2,5
9301213,3,1,2,3,1,2,3
9909477,14,1,13,60,0,14,84
9506245,4,3,1,1,2,2,2
9806484,25,2,23,87,0,25,145
9807487,4,1,3,4,0,4,24
1330,5,5,0,0,0,5,9
9910293,1,1,0,0,1,0,0
9402275,2,2,0,0,2,0,0
9909302,5,1,4,4,0,5,35
9805407,6,4,2,2,0,6,28
9711365,7,2,5,10,0,7,63
9803298,7,3,4,9,0,7,22
7109,14,4,10,20,0,14,103
9405263,2,2,0,0,2,0,0
9608347,9,2,7,20,8,1,1
9411289,10,3,7,15,7,3,3
9707328,3,3,0,0,1,2,6
9511275,13,2,11,28,0,13,69
212025,1,1,0,0,0,1,20
9604234,11,2,9,30,0,11,62
9703441,7,1,6,10,2,5,6
102076,0,0,0,0,0,0,0
9609215,7,1,6,9,0,7,48
9801362,4,1,3,5,1,3,3
9911377,0,0,0,0,0,0,0
9701212,7,2,5,7,7,0,0
203195,4,2,2,4,0,4,26
206066,4,4,0,0,0,4,50
9809270,0,0,0,0,0,0,0
9905518,0,0,0,0,0,0,0
9812423,11,6,5,9,0,11,30
9604439,1,1,0,0,0,1,1
8245,14,4,10,24,0,14,120
9403297,4,1,3,6,0,4,12
9807394,1,1,0,0,1,0,0
9605364,2,2,0,0,0,2,2
9710560,5,4,1,1,0,5,44
2259,10,2,8,16,4,6,6
9309263,4,4,0,0,4,0,0
9304202,5,2,3,5,5,0,0
9300,1,1,0,0,0,1,6
9407393,3,1,2,2,0,3,11
9303269,1,1,0,0,0,1,1
105283,1,1,0,0,0,1,4
9704262,12,3,9,29,0,12,27
9307219,4,3,1,1,4,0,0
9805498,18,4,14,40,2,16,67
9707317,4,1,3,4,0,4,11
101162,6,5,1,1,0,6,17
9609429,5,1,4,5,4,1,1
110245,1,1,0,0,0,1,1
104120,16,3,13,49,0,16,288
109017,9,3,6,13,0,9,48
9901239,13,4,9,30,0,13,93
9810322,17,1,16,84,12,5,5
9505441,8,5,3,3,8,0,0
9905515,19,2,17,66,13,6,6
203238,8,1,7,9,0,8,16
201008,4,2,2,3,1,3,3
9511333,10,3,7,8,0,10,17
9506428,0,0,0,0,0,0,0
209007,0,0,0,0,0,0,0
9312281,4,3,1,1,4,0,0
9611264,6,2,4,7,0,6,28
9704281,6,2,4,11,2,4,4
202192,1,1,0,0,1,0,0
9906448,4,1,3,3,0,4,12
9903412,7,3,4,6,0,7,14
112226,5,1,4,9,0,5,13
9311344,14,2,12,40,14,0,0
9706201,1,1,0,0,0,1,8
9304236,1,1,0,0,1,0,0
9706357,3,2,1,1,0,3,18
10297,14,2,12,29,2,12,28
9412352,11,2,9,23,8,3,3
9903403,5,1,4,9,0,5,17
9712275,0,0,0,0,0,0,0
9811505,3,3,0,0,0,3,13
9811493,0,0,0,0,0,0,0
9401356,5,1,4,8,5,0,0
1162,7,1,6,14,0,7,23
1011,3,2,1,1,2,1,2
9907486,3,1,2,3,0,3,3
4237,4,3,1,1,0,4,4
111321,0,0,0,0,0,0,0
9410362,3,1,2,2,1,2,2
9910437,6,4,2,3,0,6,17
208009,2,2,0,0,0,2,11
211290,2,1,1,1,0,2,5
9907506,7,1,6,16,0,7,18
10345,2,2,0,0,1,1,1
102138,2,1,1,1,0,2,9
9212209,2,2,0,0,2,0,0
108020,0,0,0,0,0,0,0
9810391,2,1,1,1,0,2,3
9602304,3,1,2,3,0,3,17
9711484,3,2,1,1,0,3,13
12062,8,2,6,14,0,8,94
209021,1,1,0,0,0,1,2
211366,5,3,2,5,0,5,63
204204,1,1,0,0,0,1,3
9606332,8,3,5,10,0,8,12
9810478,1,1,0,0,0,1,2
9512326,7,1,6,17,0,7,19
9806512,2,2,0,0,0,2,6
9403244,10,1,9,15,10,0,0
105254,3,2,1,1,0,3,7
9610213,6,3,3,6,0,6,24
9905379,4,2,2,3,0,4,13
9901333,1,1,0,0,0,1,8
9703258,11,7,4,7,0,11,88
9911542,5,2,3,3,0,5,17
109179,3,3,0,0,0,3,29
9505240,4,2,2,3,4,0,0
9611281,2,1,1,1,0,2,6
9602251,7,4,3,7,0,7,7
9911241,1,1,0,0,0,1,3
9602411,10,4,6,16,0,10,32
9909224,3,3,0,0,0,3,21
6234,0,0,0,0,0,0,0
1035,1,1,0,0,0,1,4
9712410,3,3,0,0,0,3,13
9904240,10,1,9,26,0,10,25
9904452,6,1,5,9,0,6,39
9503436,3,1,2,3,3,0,0
9904411,7,2,5,8,0,7,25
9610440,5,2,3,4,5,0,0
205165,4,3,1,1,0,4,36
9711211,7,1,6,7,0,7,26
110104,2,2,0,0,0,2,12
9805266,1,1,0,0,1,0,0
9401333,1,1,0,0,0,1,1
9807442,19,5,14,50,0,19,85
9608335,0,0,0,0,0,0,0
9707382,5,4,1,2,1,4,4
3096,5,1,4,5,0,5,19
9510420,3,2,1,1,2,1,1
9045,1,1,0,0,1,0,0
301005,0,0,0,0,0,0,0
9407299,1,1,0,0,1,0,0
9610296,2,1,1,1,0,2,5
8007,5,3,2,3,0,5,51
9711315,6,1,5,13,0,6,6
9607461,5,3,2,4,5,0,0
9808448,0,0,0,0,0,0,0
205273,2,1,1,1,0,2,14
9906312,6,2,4,8,0,6,19
9612324,0,0,0,0,0,0,0
9912539,2,1,1,1,0,2,9
5245,13,4,9,20,0,13,51
9505407,8,4,4,10,2,6,6
205205,2,1,1,1,0,2,13
9505399,2,1,1,1,2,0,0
105195,6,1,5,9,0,6,35
9602309,13,2,11,21,1,12,22
9612276,2,1,1,1,0,2,4
104168,1,1,0,0,0,1,8
9209252,6,3,3,4,6,0,0
111205,6,1,5,7,0,6,37
9806469,0,0,0,0,0,0,0
112210,3,3,0,0,0,3,17
110375,1,1,0,0,0,1,12
9503292,3,3,0,0,3,0,0
9708464,1,1,0,0,0,1,2
9910403,7,1,6,11,7,0,0
9611373,0,0,0,0,0,0,0
9909357,3,1,2,3,3,0,0
9301205,1,1,0,0,1,0,0
9807385,3,1,2,3,0,3,3
301218,0,0,0,0,0,0,0
9703394,1,1,0,0,1,0,0
9712455,2,1,1,1,0,2,5
104099,2,2,0,0,0,2,6
9902242,0,0,0,0,0,0,0
12008,1,1,0,0,0,1,3
9712512,4,2,2,3,0,4,7
9812491,4,3,1,1,0,4,14
9911375,2,2,0,0,1,1,1
9806244,7,3,4,5,3,4,5
9503312,1,1,0,0,1,0,0
9810299,3,1,2,3,0,3,4
112340,2,1,1,1,1,1,1
9706343,4,2,2,2,0,4,14
9601305,0,0,0,0,0,0,0
4160,1,1,0,0,0,1,6
6069,4,4,0,0,1,3,3
210328,0,0,0,0,0,0,0
211326,0,0,0,0,0,0,0
9507311,4,2,2,2,1,3,6
9807403,2,2,0,0,2,0,0
111334,0,0,0,0,0,0,0
9603373,1,1,0,0,0,1,4
204190,1,1,0,0,0,1,4
102247,12,2,10,15,0,12,35
9406413,2,2,0,0,0,2,4
110056,5,2,3,5,0,5,9
112101,9,1,8,31,0,9,42
9710321,1,1,0,0,0,1,2
9510247,1,1,0,0,0,1,1
9612319,3,2,1,2,0,3,26
12337,0,0,0,0,0,0,0
9610497,1,1,0,0,0,1,2
9606442,2,1,1,1,2,0,0
9909338,4,4,0,0,0,4,15
104290,3,1,2,2,0,3,8
210146,5,3,2,5,0,5,81
9707443,0,0,0,0,0,0,0
9301286,2,1,1,1,2,0,0
105130,0,0,0,0,0,0,0
9509319,2,1,1,1,2,0,0
9707439,2,1,1,1,0,2,17
9501348,3,2,1,1,3,0,0
101338,2,1,1,1,0,2,2
103130,3,2,1,1,0,3,11
112303,3,1,2,2,3,0,0
11260,6,1,5,13,5,1,1
9507444,3,2,1,1,0,3,9
9707517,2,2,0,0,0,2,4
9209208,2,2,0,0,1,1,1
112174,5,2,3,5,0,5,37
8242,6,2,4,4,0,6,14
9906361,2,1,1,1,0,2,5
9501282,3,3,0,0,3,0,0
9712300,12,2,10,21,0,12,58
102038,2,1,1,1,2,0,0
9705406,5,3,2,2,0,5,23
9911420,1,1,0,0,0,1,1
9708490,4,1,3,5,0,4,4
9601284,1,1,0,0,0,1,6
9512216,3,1,2,3,0,3,8
9811296,0,0,0,0,0,0,0
110133,0,0,0,0,0,0,0
9905245,2,2,0,0,0,2,4
9602359,13,2,11,29,13,0,0
9703232,13,2,11,28,1,12,12
9506462,0,0,0,0,0,0,0
9603312,5,5,0,0,3,2,2
9806516,2,2,0,0,0,2,12
208224,1,1,0,0,0,1,2
9509366,2,2,0,0,0,2,2
209271,1,1,0,0,0,1,1
11127,2,2,0,0,0,2,5
9910540,8,3,5,6,3,5,5
9909470,3,1,2,3,0,3,17
209223,0,0,0,0,0,0,0
9401323,8,6,2,3,8,0,0
10347,0,0,0,0,0,0,0
9911296,4,1,3,3,0,4,50
9509359,0,0,0,0,0,0,0
9707384,8,2,6,13,8,0,0
10238,0,0,0,0,0,0,0
9712367,6,2,4,4,2,4,6
9612361,0,0,0,0,0,0,0
9907437,4,2,2,2,0,4,10
211036,1,1,0,0,0,1,5
9904385,0,0,0,0,0,0,0
9810255,0,0,0,0,0,0,0
9809264,3,1,2,3,3,0,0
301067,0,0,0,0,0,0,0
9809235,0,0,0,0,0,0,0
4192,1,1,0,0,0,1,5
206269,3,1,2,3,0,3,27
9710503,0,0,0,0,0,0,0
204147,2,2,0,0,0,2,5
210389,0,0,0,0,0,0,0
9809592,1,1,0,0,1,0,0
9305292,1,1,0,0,1,0,0
204091,4,3,1,1,0,4,34
9702402,1,1,0,0,1,0,0
9307214,0,0,0,0,0,0,0
103308,6,1,5,10,0,6,59
9510343,1,1,0,0,0,1,1
206014,0,0,0,0,0,0,0
111093,4,2,2,2,1,3,16
9902241,1,1,0,0,0,1,2
9410398,2,2,0,0,0,2,3
9909323,1,1,0,0,1,0,0
9708468,2,1,1,1,1,1,3
204028,12,2,10,21,0,12,184
104261,9,2,7,19,1,8,32
111013,4,2,2,3,3,1,1
9906360,0,0,0,0,0,0,0
9905336,1,1,0,0,0,1,5
9905330,3,3,0,0,0,3,37
9709374,3,2,1,1,3,0,0
9809340,1,1,0,0,0,1,6
211041,1,1,0,0,0,1,7
9509211,3,3,0,0,1,2,4
111100,2,1,1,1,0,2,2
10210,1,1,0,0,0,1,2
1269,3,3,0,0,0,3,8
9609355,2,1,1,1,0,2,4
9603263,5,1,4,5,0,5,41
110070,2,2,0,0,0,2,6
9904509,0,0,0,0,0,0,0
9909409,3,1,2,2,0,3,8
205108,5,1,4,8,0,5,48
8131,3,2,1,1,0,3,27
9404353,1,1,0,0,1,0,0
209267,0,0,0,0,0,0,0
9603382,2,2,0,0,1,1,1
206226,1,1,0,0,0,1,1
9411258,5,3,2,3,5,0,0
210357,0,0,0,0,0,0,0
10092,2,2,0,0,0,2,5
111015,4,2,2,2,0,4,14
9912423,14,2,12,26,1,13,42
101279,0,0,0,0,0,0,0
101102,1,1,0,0,0,1,11
9302214,4,2,2,2,4,0,0
9601238,0,0,0,0,0,0,0
4104,2,1,1,1,2,0,0
9308261,1,1,0,0,0,1,2
9905499,6,1,5,9,0,6,12
9303324,2,1,1,1,2,0,0
9804412,4,1,3,3,1,3,3
8274,2,2,0,0,1,1,1
9707441,1,1,0,0,0,1,4
111366,0,0,0,0,0,0,0
302009,0,0,0,0,0,0,0
9409456,4,4,0,0,1,3,3
9908301,3,1,2,2,0,3,9
9605201,3,3,0,0,0,3,34
9701354,1,1,0,0,0,1,1
9911361,1,1,0,0,0,1,5
110092,0,0,0,0,0,0,0
9507304,4,1,3,4,4,0,0
9905491,0,0,0,0,0,0,0
9706258,7,2,5,12,3,4,4
9403406,2,1,1,1,2,0,0
9912277,0,0,0,0,0,0,0
9512231,3,2,1,1,3,0,0
9709407,0,0,0,0,0,0,0
2275,1,1,0,0,1,0,0
9804366,2,1,1,1,1,1,1
9708389,1,1,0,0,0,1,3
112004,2,1,1,1,0,2,11
6219,1,1,0,0,0,1,5
9506224,1,1,0,0,1,0,0
112280,1,1,0,0,0,1,1
9904499,4,2,2,3,4,0,0
9138,1,1,0,0,0,1,2
301085,0,0,0,0,0,0,0
1045,5,1,4,6,5,0,0
9506395,1,1,0,0,1,0,0
9206203,7,6,1,1,7,0,0
7203,1,1,0,0,1,0,0
9710421,1,1,0,0,0,1,7
11068,1,1,0,0,0,1,1
8182,0,0,0,0,0,0,0
9506239,1,1,0,0,0,1,1
9807526,0,0,0,0,0,0,0
9806378,0,0,0,0,0,0,0
9060,3,3,0,0,1,2,3
12131,1,1,0,0,0,1,5
9904214,3,2,1,1,3,0,0
9612244,2,2,0,0,2,0,0
9910363,1,1,0,0,0,1,1
9809260,1,1,0,0,0,1,3
9810490,1,1,0,0,0,1,1
9707388,1,1,0,0,1,0,0
9911405,1,1,0,0,0,1,4
9810298,0,0,0,0,0,0,0
9312322,4,4,0,0,3,1,1
207225,0,0,0,0,0,0,0
109256,9,3,6,8,0,9,69
9808381,0,0,0,0,0,0,0
9902347,0,0,0,0,0,0,0
9411226,5,4,1,2,5,0,0
206127,0,0,0,0,0,0,0
9511238,2,2,0,0,2,0,0
203177,2,1,1,1,0,2,8
9507229,0,0,0,0,0,0,0
9502275,1,1,0,0,1,0,0
9708323,0,0,0,0,0,0,0
107272,1,1,0,0,1,0,0
9712549,0,0,0,0,0,0,0
9309329,0,0,0,0,0,0,0
9708307,0,0,0,0,0,0,0
9612343,1,1,0,0,0,1,1
9308297,0,0,0,0,0,0,0
9605409,1,1,0,0,0,1,2
9810325,0,0,0,0,0,0,0
9802229,0,0,0,0,0,0,0
212063,0,0,0,0,0,0,0
1314,0,0,0,0,0,0,0
302155,0,0,0,0,0,0,0
9412296,0,0,0,0,0,0,0
5073,2,2,0,0,0,2,2
9511429,0,0,0,0,0,0,0
110175,0,0,0,0,0,0,0
101147,0,0,0,0,0,0,0
211039,0,0,0,0,0,0,0
204339,3,3,0,0,0,3,12
9411270,2,1,1,1,2,0,0
9906391,3,2,1,2,0,3,3
103108,7,5,2,3,4,3,3
112092,2,2,0,0,0,2,2
212121,1,1,0,0,0,1,4
9710218,1,1,0,0,0,1,6
208088,4,1,3,5,0,4,53
9308238,1,1,0,0,1,0,0
110258,1,1,0,0,0,1,13
9809328,1,1,0,0,0,1,4
9807355,0,0,0,0,0,0,0
9809479,0,0,0,0,0,0,0
7269,8,1,7,26,8,0,0
4118,0,0,0,0,0,0,0
104092,0,0,0,0,0,0,0
9909526,1,1,0,0,0,1,1
9608295,1,1,0,0,0,1,1
110143,1,1,0,0,0,1,1
9208211,3,1,2,3,3,0,0
207075,0,0,0,0,0,0,0
9412227,1,1,0,0,1,0,0
112075,0,0,0,0,0,0,0
211288,0,0,0,0,0,0,0
204042,2,1,1,1,0,2,19
9909573,1,1,0,0,0,1,1
204312,0,0,0,0,0,0,0
9912222,1,1,0,0,0,1,1
204140,0,0,0,0,0,0,0
9801301,3,3,0,0,0,3,4
9409385,0,0,0,0,0,0,0
301068,0,0,0,0,0,0,0
9612271,0,0,0,0,0,0,0
9605217,1,1,0,0,1,0,0
9256,0,0,0,0,0,0,0
9312209,2,2,0,0,1,1,1
110239,1,1,0,0,0,1,2
205180,1,1,0,0,0,1,2
9503369,1,1,0,0,1,0,0
9912538,0,0,0,0,0,0,0
9502357,0,0,0,0,0,0,0
9809316,0,0,0,0,0,0,0
9402263,2,2,0,0,2,0,0
9903360,0,0,0,0,0,0,0
9608220,0,0,0,0,0,0,0
108140,0,0,0,0,0,0,0
212166,2,1,1,1,0,2,29
9609208,0,0,0,0,0,0,0
9510355,0,0,0,0,0,0,0
1065,0,0,0,0,0,0,0
9410336,0,0,0,0,0,0,0
9602237,1,1,0,0,1,0,0
212061,0,0,0,0,0,0,0
9701355,1,1,0,0,1,0,0
9509387,0,0,0,0,0,0,0
9510222,1,1,0,0,1,0,0
9710242,1,1,0,0,1,0,0
10154,1,1,0,0,0,1,11
106129,0,0,0,0,0,0,0
6227,0,0,0,0,0,0,0
104215,0,0,0,0,0,0,0
103254,1,1,0,0,1,0,0
9808273,1,1,0,0,0,1,6
9410374,0,0,0,0,0,0,0
211185,1,1,0,0,0,1,3
9711441,2,1,1,1,0,2,2
203057,0,0,0,0,0,0,0
9510307,0,0,0,0,0,0,0
204032,0,0,0,0,0,0,0
208023,0,0,0,0,0,0,0
9910503,0,0,0,0,0,0,0
9712422,1,1,0,0,0,1,1
9901247,1,1,0,0,1,0,0
9406341,0,0,0,0,0,0,0
9508341,0,0,0,0,0,0,0
9209265,1,1,0,0,1,0,0
204283,4,2,2,4,0,4,28
9905217,0,0,0,0,0,0,0
9409411,2,2,0,0,2,0,0
9802437,0,0,0,0,0,0,0
9908441,1,1,0,0,1,0,0
9912312,4,1,3,5,4,0,0
9905503,1,1,0,0,0,1,3
9610227,1,1,0,0,1,0,0
105271,0,0,0,0,0,0,0
8185,2,1,1,1,2,0,0
9811512,1,1,0,0,1,0,0
101322,1,1,0,0,0,1,4
211006,0,0,0,0,0,0,0
9306258,0,0,0,0,0,0,0
9607343,1,1,0,0,0,1,6
9911455,0,0,0,0,0,0,0
2206,2,2,0,0,0,2,2
207076,0,0,0,0,0,0,0
1042,2,1,1,1,0,2,2
1319,2,2,0,0,2,0,0
203068,0,0,0,0,0,0,0
9908400,0,0,0,0,0,0,0
9606209,0,0,0,0,0,0,0
111449,0,0,0,0,0,0,0
9502392,1,1,0,0,1,0,0
9608421,0,0,0,0,0,0,0
201109,0,0,0,0,0,0,0
5105,4,1,3,5,0,4,72
9409217,0,0,0,0,0,0,0
301270,0,0,0,0,0,0,0
9910333,4,3,1,1,4,0,0
201289,2,1,1,1,0,2,9
9803484,2,2,0,0,2,0,0
9710546,3,3,0,0,3,0,0
207265,0,0,0,0,0,0,0
9811415,1,1,0,0,0,1,3
11008,0,0,0,0,0,0,0
9307327,1,1,0,0,1,0,0
9911538,1,1,0,0,1,0,0
208175,1,1,0,0,0,1,4
9401287,4,1,3,3,4,0,0
9906543,2,2,0,0,0,2,10
3137,0,0,0,0,0,0,0
107238,1,1,0,0,0,1,4
9903202,1,1,0,0,0,1,9
203228,0,0,0,0,0,0,0
9502212,0,0,0,0,0,0,0
9409277,1,1,0,0,1,0,0
9308307,1,1,0,0,1,0,0
107195,0,0,0,0,0,0,0
12079,0,0,0,0,0,0,0
9809408,0,0,0,0,0,0,0
9905274,0,0,0,0,0,0,0
9803294,0,0,0,0,0,0,0
212365,0,0,0,0,0,0,0
9901367,2,2,0,0,2,0,0
9812244,0,0,0,0,0,0,0
9906249,0,0,0,0,0,0,0
9710366,1,1,0,0,1,0,0
9308377,0,0,0,0,0,0,0
8092,0,0,0,0,0,0,0
9701327,0,0,0,0,0,0,0
211149,0,0,0,0,0,0,0
207099,0,0,0,0,0,0,0
6260,0,0,0,0,0,0,0
4126,1,1,0,0,0,1,2
208098,1,1,0,0,1,0,0
103288,0,0,0,0,0,0,0
7092,2,2,0,0,0,2,18
8082,1,1,0,0,0,1,1
9805348,0,0,0,0,0,0,0
301110,0,0,0,0,0,0,0
9308254,1,1,0,0,1,0,0
210368,0,0,0,0,0,0,0
9304244,0,0,0,0,0,0,0
9904401,1,1,0,0,1,0,0
9506219,0,0,0,0,0,0,0
9312332,0,0,0,0,0,0,0
105035,0,0,0,0,0,0,0
9611379,0,0,0,0,0,0,0
212346,0,0,0,0,0,0,0
109237,0,0,0,0,0,0,0
109234,1,1,0,0,0,1,3
205166,0,0,0,0,0,0,0
207073,0,0,0,0,0,0,0
302016,0,0,0,0,0,0,0
207304,0,0,0,0,0,0,0
105286,0,0,0,0,0,0,0
9705262,0,0,0,0,0,0,0
208144,0,0,0,0,0,0,0
111402,1,1,0,0,0,1,1
9711419,0,0,0,0,0,0,0
9511353,0,0,0,0,0,0,0
9602367,0,0,0,0,0,0,0
101310,1,1,0,0,1,0,0
106239,1,1,0,0,1,0,0
9503267,0,0,0,0,0,0,0
110139,0,0,0,0,0,0,0
206228,0,0,0,0,0,0,0
211120,0,0,0,0,0,0,0
9905233,1,1,0,0,0,1,4
9404304,0,0,0,0,0,0,0
201264,0,0,0,0,0,0,0
107258,0,0,0,0,0,0,0
212200,0,0,0,0,0,0,0
109124,0,0,0,0,0,0,0
9707314,0,0,0,0,0,0,0
9511235,0,0,0,0,0,0,0
9602362,1,1,0,0,1,0,0
9512408,0,0,0,0,0,0,0
302250,0,0,0,0,0,0,0
5017,0,0,0,0,0,0,0
206234,0,0,0,0,0,0,0
209197,2,1,1,1,0,2,2
9911278,0,0,0,0,0,0,0
9512294,1,1,0,0,0,1,10
12173,1,1,0,0,1,0,0
9908517,0,0,0,0,0,0,0
9811332,1,1,0,0,1,0,0
210350,0,0,0,0,0,0,0
9511354,0,0,0,0,0,0,0
103241,0,0,0,0,0,0,0
209053,1,1,0,0,0,1,2
9901311,0,0,0,0,0,0,0
9509384,0,0,0,0,0,0,0
112048,1,1,0,0,0,1,5
9235,1,1,0,0,0,1,2
3173,1,1,0,0,0,1,2
5325,0,0,0,0,0,0,0
212006,0,0,0,0,0,0,0
9710345,0,0,0,0,0,0,0
9607295,0,0,0,0,0,0,0
7042,0,0,0,0,0,0,0
9611211,0,0,0,0,0,0,0
9911279,1,1,0,0,0,1,2
207308,0,0,0,0,0,0,0
9804256,0,0,0,0,0,0,0
9305313,0,0,0,0,0,0,0
2159,0,0,0,0,0,0,0
9808439,0,0,0,0,0,0,0
209050,1,1,0,0,0,1,15
9604293,0,0,0,0,0,0,0
206004,0,0,0,0,0,0,0
9601318,0,0,0,0,0,0,0
101242,0,0,0,0,0,0,0
9408355,1,1,0,0,1,0,0
9710479,0,0,0,0,0,0,0
302112,0,0,0,0,0,0,0
9506460,0,0,0,0,0,0,0
302184,1,1,0,0,0,1,10
9503382,0,0,0,0,0,0,0
301191,0,0,0,0,0,0,0
11128,0,0,0,0,0,0,0
211332,0,0,0,0,0,0,0
101126,0,0,0,0,0,0,0
9603274,1,1,0,0,1,0,0
208002,0,0,0,0,0,0,0
9904508,0,0,0,0,0,0,0
109031,0,0,0,0,0,0,0
8013,1,1,0,0,1,0,0
211179,0,0,0,0,0,0,0
204249,0,0,0,0,0,0,0
9903491,0,0,0,0,0,0,0
9906449,0,0,0,0,0,0,0
5240,0,0,0,0,0,0,0
302226,0,0,0,0,0,0,0
9508404,0,0,0,0,0,0,0
9803247,0,0,0,0,0,0,0
9307284,1,1,0,0,1,0,0
104298,2,2,0,0,2,0,0
9807468,0,0,0,0,0,0,0
9511445,1,1,0,0,1,0,0
210277,1,1,0,0,0,1,4
9301217,1,1,0,0,1,0,0
9905419,0,0,0,0,0,0,0
7057,1,1,0,0,1,0,0
112099,0,0,0,0,0,0,0
105299,0,0,0,0,0,0,0
9907252,0,0,0,0,0,0,0
9802263,0,0,0,0,0,0,0
302008,0,0,0,0,0,0,0
205091,0,0,0,0,0,0,0
9910354,0,0,0,0,0,0,0
9308252,0,0,0,0,0,0,0
301144,0,0,0,0,0,0,0
111049,0,0,0,0,0,0,0
112271,0,0,0,0,0,0,0
9410299,0,0,0,0,0,0,0
210338,0,0,0,0,0,0,0
112256,0,0,0,0,0,0,0
102272,0,0,0,0,0,0,0
3046,0,0,0,0,0,0,0
212330,0,0,0,0,0,0,0
8167,0,0,0,0,0,0,0
9506297,0,0,0,0,0,0,0
201270,1,1,0,0,1,0,0
6252,0,0,0,0,0,0,0
9710419,1,1,0,0,1,0,0
208025,0,0,0,0,0,0,0
201101,0,0,0,0,0,0,0
9809216,0,0,0,0,0,0,0
9801452,0,0,0,0,0,0,0
9907416,0,0,0,0,0,0,0
9901325,0,0,0,0,0,0,0
9508226,1,1,0,0,0,1,1
210144,0,0,0,0,0,0,0
205137,0,0,0,0,0,0,0
9707247,0,0,0,0,0,0,0
9511257,0,0,0,0,0,0,0
9601304,1,1,0,0,1,0,0
9206234,1,1,0,0,1,0,0
112215,0,0,0,0,0,0,0
12243,0,0,0,0,0,0,0
105020,0,0,0,0,0,0,0
211309,0,0,0,0,0,0,0
208060,0,0,0,0,0,0,0
9803392,0,0,0,0,0,0,0
203259,0,0,0,0,0,0,0
301222,0,0,0,0,0,0,0
9408259,0,0,0,0,0,0,0
209311,0,0,0,0,0,0,0
9804406,0,0,0,0,0,0,0
9609214,1,1,0,0,1,0,0
112084,1,1,0,0,1,0,0
207338,0,0,0,0,0,0,0
302144,0,0,0,0,0,0,0
9805401,0,0,0,0,0,0,0
302269,0,0,0,0,0,0,0
9906384,0,0,0,0,0,0,0
9711317,0,0,0,0,0,0,0
9402216,1,1,0,0,1,0,0
9506209,1,1,0,0,1,0,0
9605245,16,1,15,40,3,13,13
11238,18,1,17,47,0,18,92
9608365,31,4,27,186,0,31,150
9903229,13,3,10,23,1,12,47
9507204,5,3,2,2,5,0,0
104105,3,2,1,1,0,3,6
9807340,25,5,20,68,0,25,181
9210233,33,1,32,176,0,33,33
9811216,4,2,2,2,0,4,22
9601357,16,1,15,79,0,16,32
5024,10,6,4,7,0,10,41
9804403,153,3,150,2376,14,139,329
9209204,3,2,1,1,3,0,0
9601310,37,4,33,163,3,34,129
9512399,13,6,7,14,0,13,73
9507453,59,3,56,458,38,21,21
9807283,66,4,62,511,2,64,171
9807525,10,4,6,8,2,8,8
9710417,20,3,17,74,9,11,11
9808261,19,3,16,62,2,17,71
9808451,22,4,18,65,0,22,136
9805281,16,4,12,27,0,16,28
9907234,38,5,33,179,0,38,479
9903252,5,2,3,5,0,5,70
9607446,13,4,9,18,7,6,8
9712468,19,4,15,35,0,19,111
9205234,38,4,34,177,38,0,0
9612332,13,1,12,41,13,0,0
9606423,41,2,39,167,2,39,101
9705270,7,2,5,7,0,7,32
9905549,28,6,22,97,0,28,468
9503418,9,2,7,17,2,7,10
9908296,5,2,3,5,0,5,17
105246,2,2,0,0,0,2,15
7319,14,3,11,24,0,14,205
9810397,11,1,10,26,0,11,152
9606203,35,4,31,190,0,35,116
9704225,17,2,15,71,0,17,206
107121,4,1,3,5,1,3,13
9409396,10,3,7,14,0,10,39
9312311,65,10,55,278,3,62,147
9801363,22,1,21,123,2,20,34
10312,3,1,2,2,0,3,8
9804274,18,3,15,56,0,18,113
9712531,11,2,9,27,0,11,72
9902362,6,4,2,5,0,6,21
9610396,15,4,11,25,1,14,32
9304302,12,1,11,37,12,0,0
9810240,3,2,1,1,0,3,37
9406288,18,3,15,40,3,15,44
9308217,17,4,13,24,0,17,29
9409327,14,2,12,36,14,0,0
9803322,3,2,1,1,0,3,3
9610553,19,5,14,65,1,18,109
9802365,27,1,26,181,0,27,168
9801322,20,2,18,88,1,19,91
9606375,6,3,3,5,6,0,0
9708463,11,4,7,12,0,11,44
9912250,1,1,0,0,1,0,0
9307259,15,8,7,19,15,0,0
9504372,54,2,52,258,28,26,26
9812205,82,3,79,684,8,74,107
9408380,14,1,13,44,14,0,0
9802379,53,1,52,425,1,52,128
9407353,9,2,7,17,0,9,22
111061,0,0,0,0,0,0,0
9506451,73,2,71,390,41,32,36
9911367,18,2,16,62,3,15,37
9804384,6,3,3,3,0,6,23
9408262,11,5,6,11,2,9,23
9701393,31,2,29,150,0,31,126
9710463,28,2,26,127,6,22,44
9809379,9,2,7,21,1,8,17
9709417,16,1,15,77,0,16,102
9812289,11,6,5,9,0,11,49
9810389,34,2,32,298,0,34,203
9603326,34,2,32,196,3,31,112
11333,76,8,68,374,0,76,990
9912531,39,2,37,231,0,39,239
9302265,11,4,7,15,0,11,16
9803371,13,3,10,25,0,13,46
107223,3,3,0,0,0,3,10
9807570,9,5,4,8,5,4,4
9505289,13,4,9,18,0,13,121
9811386,6,3,3,7,0,6,36
9810320,25,2,23,93,0,25,145
9909509,37,1,36,141,0,37,208
9705386,8,3,5,12,5,3,3
9612268,9,2,7,11,1,8,8
9506459,8,2,6,14,1,7,26
9603423,15,2,13,63,8,7,7
9610545,7,2,5,14,7,0,0
9906244,1,1,0,0,0,1,6
9806293,6,2,4,6,3,3,4
9707451,12,2,10,24,0,12,62
9712387,9,3,6,15,1,8,21
9405407,78,4,74,671,4,74,154
9912318,5,2,3,3,0,5,10
9812399,0,0,0,0,0,0,0
9606235,1,1,0,0,0,1,9
9911370,27,2,25,119,7,20,50
9708446,17,2,15,36,0,17,71
9712231,12,5,7,23,3,9,10
9607412,4,2,2,5,0,4,60
102122,78,5,73,971,27,51,232
102145,78,2,76,848,5,73,225
9702281,24,3,21,86,0,24,84
9701219,22,1,21,80,1,21,53
9512252,58,2,56,532,0,58,181
9910553,32,4,28,131,0,32,552
107310,12,2,10,30,1,11,23
11054,19,5,14,54,3,16,67
9209292,11,1,10,26,11,0,0
9907332,10,4,6,11,0,10,14
9707448,15,3,12,45,0,15,47
9405301,4,3,1,2,0,4,8
9511272,12,4,8,25,12,0,0
9306337,22,4,18,61,22,0,0
2169,2,2,0,0,2,0,0
9909558,24,1,23,88,3,21,21
9906514,14,3,11,24,0,14,248
9503275,12,4,8,16,9,3,3
111390,6,3,3,6,0,6,61
211144,2,2,0,0,1,1,7
9506432,23,1,22,85,23,0,0
110127,33,0,33,212,0,33,162
9909255,35,3,32,166,0,35,81
4238,0,0,0,0,0,0,0
212269,3,3,0,0,0,3,5
109004,1,1,0,0,0,1,14
202023,8,1,7,11,0,8,56
5009,4,1,3,4,1,3,6
9805378,5,2,3,5,0,5,15
9512220,33,4,29,102,6,27,64
9901450,3,1,2,2,0,3,10
9312347,13,4,9,14,1,12,27
9703301,4,2,2,3,2,2,6
9206247,3,2,1,2,3,0,0
10042,2,2,0,0,0,2,19
9306226,9,4,5,14,5,4,11
7031,33,2,31,173,0,33,212
9211320,7,2,5,10,7,0,0
9403387,48,2,46,208,27,21,21
9707484,6,3,3,7,0,6,29
9809229,5,1,4,9,0,5,7
9206248,2,1,1,1,2,0,0
9705239,0,0,0,0,0,0,0
9311372,35,3,32,208,35,0,0
103041,0,0,0,0,0,0,0
9410406,31,3,28,147,31,0,0
9809468,6,3,3,5,0,6,95
9308271,39,6,33,179,14,25,29
105348,3,3,0,0,0,3,20
9804436,27,3,24,75,1,26,101
9907317,2,2,0,0,0,2,9
8102,19,8,11,32,0,19,245
9611232,4,1,3,3,0,4,11
9810281,0,0,0,0,0,0,0
105324,13,3,10,25,0,13,34
9701289,53,9,44,275,1,52,254
5132,0,0,0,0,0,0,0
9305293,12,1,11,17,4,8,8
9403229,22,5,17,60,16,6,6
9311363,4,2,2,2,4,0,0
9501313,11,3,8,21,3,8,20
9234,3,1,2,2,3,0,0
9507398,26,4,22,64,0,26,131
9605207,11,3,8,43,0,11,16
9607472,6,2,4,6,0,6,16
9708302,3,3,0,0,0,3,8
9602421,15,1,14,54,0,15,46
9411433,2,1,1,1,0,2,4
9608346,8,1,7,16,6,2,2
9705460,3,1,2,2,0,3,7
9408339,32,3,29,119,13,19,49
9707497,4,1,3,3,0,4,26
9905390,38,1,37,265,0,38,120
9706304,11,5,6,10,1,10,40
11217,3,1,2,3,0,3,19
9809424,5,2,3,4,0,5,9
9901350,15,3,12,56,2,13,22
106149,16,3,13,38,0,16,70
9604430,11,2,9,34,11,0,0
9311284,24,1,23,127,24,0,0
9806519,30,3,27,127,0,30,299
9509428,27,3,24,77,0,27,200
9807376,1,1,0,0,1,0,0
8103,3,2,1,1,0,3,13
9211282,32,1,31,96,32,0,0
9710256,7,2,5,13,0,7,28
9701308,14,6,8,26,13,1,2
202166,14,5,9,30,0,14,98
9705243,12,2,10,23,1,11,15
9211206,3,2,1,1,3,0,0
9807354,15,4,11,70,0,15,38
9604434,5,2,3,5,5,0,0
9503384,47,4,43,217,38,9,9
9810534,9,3,6,9,0,9,32
2253,9,2,7,15,1,8,43
9408322,22,2,20,90,0,22,88
9909315,21,3,18,81,0,21,206
4091,3,3,0,0,0,3,28
9907264,17,2,15,48,1,16,78
9909259,0,0,0,0,0,0,0
9304234,9,2,7,14,9,0,0
9504294,10,2,8,12,8,2,2
9407317,21,7,14,57,1,20,58
9704275,29,6,23,165,0,29,347
9705399,16,2,14,53,0,16,303
9909518,4,3,1,1,4,0,0
205210,1,1,0,0,0,1,1
202200,0,0,0,0,0,0,0
9806539,1,1,0,0,0,1,2
8129,9,2,7,12,9,0,0
110003,1,1,0,0,0,1,1
9502201,7,2,5,10,7,0,0
9306297,2,1,1,1,0,2,2
9309306,3,3,0,0,1,2,2
9610222,2,2,0,0,0,2,24
9211239,10,1,9,21,10,0,0
9401342,4,2,2,2,4,0,0
9704239,8,1,7,16,7,1,3
9605297,24,1,23,90,5,19,24
11336,28,1,27,163,7,21,31
103259,2,2,0,0,0,2,28
112085,3,2,1,1,0,3,6
9607405,4,2,2,2,0,4,15
9406307,1,1,0,0,0,1,1
9409446,12,1,11,37,0,12,20
9806511,2,1,1,1,2,0,0
9508352,2,1,1,1,2,0,0
11264,5,3,2,3,5,0,0
103300,21,4,17,77,0,21,52
9705462,5,1,4,6,1,4,4
9404305,2,1,1,1,2,0,0
5064,11,4,7,21,0,11,88
9404244,6,4,2,2,1,5,5
9803432,12,5,7,12,0,12,72
207319,0,0,0,0,0,0,0
9502330,5,4,1,1,1,4,14
9512281,9,2,7,17,4,5,6
9706420,19,1,18,55,10,9,13
9705231,2,2,0,0,0,2,3
7299,1,1,0,0,0,1,1
9707256,23,1,22,57,1,22,100
9901411,2,2,0,0,2,0,0
9407311,11,5,6,16,0,11,28
9705217,0,0,0,0,0,0,0
9612265,7,1,6,10,1,6,10
9901381,14,4,10,22,14,0,0
9504398,8,1,7,14,3,5,5
9907428,6,3,3,6,0,6,25
9808340,26,6,20,73,0,26,118
9506318,4,3,1,2,4,0,0
10277,3,1,2,3,0,3,27
9812415,10,2,8,18,8,2,2
9704447,12,2,10,20,4,8,12
9504288,8,2,6,9,2,6,7
9610407,11,1,10,30,0,11,27
9907420,10,1,9,18,0,10,47
105121,7,3,4,6,1,6,14
9502297,31,4,27,111,13,18,18
9901377,6,2,4,7,1,5,5
201307,13,2,11,50,0,13,36
9505300,1,1,0,0,1,0,0
102307,10,2,8,20,7,3,3
9909448,6,3,3,6,0,6,62
203122,2,1,1,1,0,2,9
9905202,2,2,0,0,0,2,10
9911264,0,0,0,0,0,0,0
9404361,8,3,5,7,8,0,0
1225,2,2,0,0,0,2,4
9501251,22,1,21,81,5,17,27
9805390,11,3,8,20,1,10,18
9408215,8,3,5,7,8,0,0
9405212,5,2,3,6,3,2,2
101099,6,2,4,8,0,6,77
12023,5,1,4,5,0,5,24
9603396,23,1,22,100,7,16,16
9501405,26,5,21,58,6,20,31
9704389,10,4,6,14,0,10,62
110247,4,4,0,0,0,4,23
9703318,7,2,5,9,0,7,24
9606414,1,1,0,0,1,0,0
111385,3,1,2,3,3,0,0
9709229,8,4,4,10,1,7,24
106094,3,1,2,3,0,3,18
9507397,7,1,6,10,0,7,7
9606247,5,1,4,10,1,4,8
9807510,0,0,0,0,0,0,0
9503358,8,4,4,4,0,8,44
302014,0,0,0,0,0,0,0
112273,9,3,6,12,0,9,153
9410322,6,2,4,7,6,0,0
8251,0,0,0,0,0,0,0
9410265,8,6,2,4,8,0,0
9802231,3,2,1,1,0,3,7
9910336,1,1,0,0,0,1,8
9804431,4,2,2,2,1,3,9
9811271,3,3,0,0,3,0,0
108081,1,1,0,0,1,0,0
9812263,3,3,0,0,0,3,10
9601208,1,1,0,0,0,1,18
9411422,4,2,2,3,0,4,8
9905219,5,2,3,6,0,5,61
9808400,16,2,14,47,2,14,21
9711251,18,3,15,56,0,18,66
9903327,10,3,7,8,0,10,68
9511362,4,4,0,0,0,4,14
9607427,1,1,0,0,0,1,1
9909516,7,2,5,10,7,0,0
9902337,3,2,1,1,0,3,12
9707485,19,2,17,91,0,19,179
9711306,3,2,1,2,3,0,0
9808438,6,1,5,11,3,3,3
9211225,3,3,0,0,3,0,0
9401218,5,3,2,2,5,0,0
9610256,1,1,0,0,0,1,3
9910375,2,1,1,1,0,2,10
4069,0,0,0,0,0,0,0
9808350,0,0,0,0,0,0,0
9409212,17,6,11,19,0,17,55
9409281,13,7,6,6,13,0,0
9511221,18,1,17,57,0,18,24
9911315,19,3,16,54,0,19,74
103194,6,1,5,9,0,6,17
9908387,2,2,0,0,0,2,14
9711353,0,0,0,0,0,0,0
2218,7,4,3,5,0,7,21
9511338,1,1,0,0,1,0,0
9409316,4,1,3,4,0,4,6
9603258,1,1,0,0,0,1,3
106063,0,0,0,0,0,0,0
9801297,7,1,6,6,0,7,36
9607244,6,1,5,10,6,0,0
7159,19,6,13,34,0,19,223
103234,4,3,1,1,0,4,14
9402236,2,1,1,1,2,0,0
9407352,0,0,0,0,0,0,0
9707334,10,1,9,13,0,10,35
9402304,2,2,0,0,2,0,0
9907488,6,2,4,11,0,6,37
211426,0,0,0,0,0,0,0
103061,0,0,0,0,0,0,0
3063,1,1,0,0,0,1,4
9610212,5,2,3,3,0,5,48
9805221,5,1,4,5,1,4,6
9608385,5,5,0,0,2,3,3
9809254,6,4,2,2,0,6,23
204086,2,1,1,1,0,2,24
9902416,3,2,1,2,0,3,10
9602210,4,4,0,0,4,0,0
9609309,3,2,1,1,0,3,28
9908464,7,4,3,5,5,2,3
9501377,2,1,1,1,2,0,0
8258,9,1,8,16,0,9,61
9503216,3,1,2,3,3,0,0
101224,1,1,0,0,0,1,8
9605378,2,1,1,1,0,2,7
9908470,0,0,0,0,0,0,0
9505434,2,1,1,1,2,0,0
9905226,2,2,0,0,0,2,2
9305229,2,1,1,1,2,0,0
9604259,7,1,6,13,7,0,0
9409263,5,4,1,2,0,5,5
9509334,1,1,0,0,1,0,0
8078,6,5,1,1,1,5,23
9708363,10,1,9,12,0,10,33
9405356,2,2,0,0,0,2,10
9806486,18,3,15,46,0,18,97
9310301,2,1,1,1,2,0,0
9610369,7,6,1,1,7,0,0
9612288,2,2,0,0,2,0,0
201026,4,2,2,2,1,3,8
9704264,4,2,2,5,1,3,18
203169,4,2,2,2,1,3,18
9712369,11,3,8,22,1,10,48
9810437,11,1,10,45,0,11,15
9601295,1,1,0,0,1,0,0
107126,0,0,0,0,0,0,0
205228,9,2,7,11,0,9,53
110300,8,2,6,10,1,7,19
9303259,14,2,12,27,14,0,0
212125,0,0,0,0,0,0,0
101232,4,4,0,0,0,4,4
9403409,1,1,0,0,1,0,0
9702420,0,0,0,0,0,0,0
9903527,6,3,3,6,6,0,0
209001,1,1,0,0,1,0,0
9701385,3,1,2,3,0,3,5
3115,2,2,0,0,0,2,10
201080,11,3,8,25,0,11,29
9911291,11,2,9,24,4,7,12
108264,6,2,4,5,2,4,7
9407238,2,1,1,1,0,2,4
9706220,5,3,2,2,0,5,30
103184,5,2,3,3,0,5,19
9504244,5,2,3,8,0,5,5
9805364,0,0,0,0,0,0,0
9703372,8,4,4,4,0,8,37
9902270,5,1,4,8,0,5,14
9507458,1,1,0,0,0,1,1
9510237,0,0,0,0,0,0,0
2003,5,3,2,5,0,5,22
5193,2,1,1,1,1,1,5
9803483,6,2,4,11,6,0,0
9911523,13,2,11,23,0,13,71
9801264,2,2,0,0,2,0,0
9607347,4,1,3,5,1,3,3
12259,12,1,11,29,0,12,205
210182,2,1,1,1,0,2,37
211292,1,1,0,0,0,1,4
9508301,4,1,3,6,4,0,0
10015,1,1,0,0,0,1,5
9712333,4,3,1,1,2,2,2
9307209,2,2,0,0,1,1,1
104035,8,3,5,12,0,8,8
9905445,1,1,0,0,0,1,4
203276,0,0,0,0,0,0,0
12108,3,1,2,2,0,3,28
4228,8,3,5,7,0,8,50
206071,12,3,9,29,0,12,40
2039,8,4,4,7,0,8,78
204089,3,1,2,2,0,3,6
9404287,5,1,4,6,5,0,0
12358,1,1,0,0,1,0,0
9610402,12,2,10,24,0,12,43
104143,2,2,0,0,0,2,9
9511318,8,5,3,6,0,8,8
110178,1,1,0,0,0,1,3
9805212,3,2,1,1,3,0,0
9904460,3,3,0,0,0,3,59
9905555,2,1,1,1,0,2,13
9309235,13,5,8,20,4,9,15
9803312,5,2,3,4,3,2,2
109202,1,1,0,0,0,1,5
9806286,5,1,4,6,1,4,6
9705272,1,1,0,0,0,1,10
9505427,4,2,2,2,0,4,7
9908455,8,4,4,6,1,7,18
9904471,5,3,2,4,0,5,21
7352,3,1,2,3,0,3,8
6101,2,2,0,0,2,0,0
9806212,7,2,5,13,7,0,0
9808201,0,0,0,0,0,0,0
9802341,4,3,1,1,4,0,0
9906489,5,1,4,6,0,5,32
9611369,3,2,1,1,1,2,4
9907552,4,1,3,3,0,4,30
9612238,3,2,1,1,0,3,3
6237,7,3,4,7,0,7,28
9612412,2,1,1,1,0,2,9
3302,2,1,1,1,0,2,12
9902315,4,2,2,2,0,4,10
9607357,0,0,0,0,0,0,0
9809503,11,3,8,17,0,11,71
9812216,1,1,0,0,1,0,0
9710338,1,1,0,0,0,1,3
9801226,7,2,5,11,5,2,2
12084,0,0,0,0,0,0,0
9907493,1,1,0,0,1,0,0
9601252,6,1,5,8,5,1,1
9810548,2,2,0,0,2,0,0
9804446,0,0,0,0,0,0,0
12183,0,0,0,0,0,0,0
9612357,11,3,8,33,11,0,0
302174,0,0,0,0,0,0,0
9703381,0,0,0,0,0,0,0
209125,2,1,1,1,0,2,21
203110,3,3,0,0,0,3,42
9604431,2,2,0,0,2,0,0
111090,3,1,2,2,0,3,10
5085,4,2,2,2,0,4,11
9506436,13,4,9,25,9,4,4
9608241,4,1,3,4,0,4,17
9707353,1,1,0,0,0,1,1
110221,7,3,4,4,0,7,51
106174,2,2,0,0,0,2,13
1129,0,0,0,0,0,0,0
9409386,9,1,8,14,9,0,0
9901424,0,0,0,0,0,0,0
202050,6,5,1,2,0,6,45
2132,5,3,2,2,0,5,26
204122,2,2,0,0,0,2,9
205039,2,1,1,1,0,2,31
9609370,4,3,1,1,1,3,3
9711496,1,1,0,0,0,1,3
2101,0,0,0,0,0,0,0
9312229,3,3,0,0,3,0,0
9909399,2,1,1,1,0,2,2
9506369,4,4,0,0,4,0,0
9707392,5,2,3,7,5,0,0
211085,5,1,4,6,5,0,0
6245,0,0,0,0,0,0,0
9611368,4,2,2,2,0,4,5
12226,2,1,1,1,0,2,3
9901365,0,0,0,0,0,0,0
9311301,4,2,2,2,4,0,0
11388,3,3,0,0,0,3,22
9306299,2,1,1,1,2,0,0
9211250,9,5,4,7,9,0,0
9708476,0,0,0,0,0,0,0
204023,0,0,0,0,0,0,0
9811474,6,2,4,5,1,5,9
9905455,1,1,0,0,0,1,1
107034,0,0,0,0,0,0,0
9506411,3,2,1,1,0,3,22
103146,0,0,0,0,0,0,0
9905375,1,1,0,0,0,1,2
110353,3,2,1,1,0,3,11
201061,4,4,0,0,0,4,15
9311304,3,2,1,1,3,0,0
9911329,0,0,0,0,0,0,0
11177,1,1,0,0,0,1,9
9509426,2,2,0,0,1,1,1
9903534,6,3,3,3,0,6,21
12014,4,2,2,4,0,4,9
3069,0,0,0,0,0,0,0
206088,2,1,1,1,0,2,8
204265,6,1,5,15,6,0,0
9711354,6,4,2,3,1,5,11
3195,0,0,0,0,0,0,0
9608369,3,1,2,3,0,3,10
101183,1,1,0,0,0,1,6
9712309,5,1,4,10,0,5,12
302092,0,0,0,0,0,0,0
204224,8,3,5,11,0,8,41
111196,2,2,0,0,0,2,6
201198,4,1,3,4,0,4,4
9611451,2,1,1,1,0,2,12
9405416,7,3,4,7,7,0,0
9909294,0,0,0,0,0,0,0
9705420,3,1,2,3,2,1,1
9406325,0,0,0,0,0,0,0
9803311,2,1,1,1,0,2,7
9805495,6,2,4,11,1,5,8
107171,5,4,1,1,1,4,16
9910308,3,1,2,3,2,1,1
9604310,2,2,0,0,2,0,0
9410309,4,1,3,4,4,0,0
9909242,3,1,2,3,0,3,7
9905212,7,1,6,9,1,6,13
203003,4,3,1,1,0,4,38
9311217,4,3,1,3,4,0,0
101309,0,0,0,0,0,0,0
3103,1,1,0,0,1,0,0
9812427,11,4,7,12,0,11,56
12025,0,0,0,0,0,0,0
9904388,3,3,0,0,0,3,49
210435,0,0,0,0,0,0,0
9909499,6,2,4,12,6,0,0
9303293,3,1,2,3,3,0,0
9606422,3,2,1,2,0,3,8
9811407,1,1,0,0,0,1,1
4183,2,2,0,0,0,2,8
105065,4,3,1,2,0,4,15
9710232,11,2,9,25,2,9,9
9809310,11,2,9,20,0,11,20
7199,0,0,0,0,0,0,0
9603322,6,5,1,1,3,3,3
101080,0,0,0,0,0,0,0
9702435,0,0,0,0,0,0,0
9401239,2,1,1,1,0,2,2
5084,0,0,0,0,0,0,0
107106,3,2,1,1,0,3,10
208176,2,2,0,0,0,2,6
9711299,3,2,1,1,3,0,0
208081,2,1,1,1,1,1,10
106296,0,0,0,0,0,0,0
10224,1,1,0,0,1,0,0
101047,0,0,0,0,0,0,0
9405378,2,2,0,0,2,0,0
9904239,1,1,0,0,0,1,5
8021,2,2,0,0,2,0,0
9804410,4,3,1,1,1,3,7
9604354,1,1,0,0,1,0,0
9908398,2,2,0,0,0,2,6
205058,1,1,0,0,0,1,6
9704360,2,2,0,0,0,2,2
9801413,1,1,0,0,0,1,1
9901360,4,2,2,5,2,2,2
101006,1,1,0,0,0,1,1
9509273,0,0,0,0,0,0,0
9909211,2,1,1,1,0,2,3
207047,7,3,4,6,0,7,57
9406393,2,1,1,1,2,0,0
5014,2,1,1,1,0,2,2
107215,1,1,0,0,0,1,1
9707284,1,1,0,0,0,1,7
302004,0,0,0,0,0,0,0
205131,0,0,0,0,0,0,0
9606298,1,1,0,0,1,0,0
9203206,10,10,0,0,10,0,0
106077,6,2,4,8,0,6,51
9510437,2,2,0,0,2,0,0
12003,3,1,2,2,1,2,2
111171,0,0,0,0,0,0,0
9609217,2,2,0,0,2,0,0
9401232,3,1,2,2,3,0,0
9910284,5,4,1,1,2,3,5
9608300,1,1,0,0,1,0,0
205037,8,3,5,10,0,8,159
110113,7,2,5,13,0,7,35
3209,2,1,1,1,0,2,6
9403252,14,4,10,34,14,0,0
9404322,4,4,0,0,0,4,4
9903500,2,1,1,1,2,0,0
9811514,4,3,1,1,4,0,0
11268,0,0,0,0,0,0,0
105304,6,1,5,14,0,6,36
9409463,5,3,2,3,1,4,5
202002,0,0,0,0,0,0,0
9706266,7,2,5,8,7,0,0
9712229,3,2,1,1,1,2,10
9803487,1,1,0,0,0,1,2
9709400,1,1,0,0,0,1,6
211088,3,2,1,1,0,3,13
9902370,1,1,0,0,1,0,0
9704276,7,2,5,11,0,7,64
209174,4,2,2,3,0,4,66
10034,3,2,1,2,0,3,17
9911331,0,0,0,0,0,0,0
111473,2,2,0,0,0,2,4
9211257,7,6,1,2,7,0,0
9603329,0,0,0,0,0,0,0
9604358,2,2,0,0,0,2,2
204102,1,1,0,0,1,0,0
4162,1,1,0,0,0,1,9
111271,5,3,2,3,1,4,4
7067,3,2,1,1,0,3,9
9267,0,0,0,0,0,0,0
9910480,0,0,0,0,0,0,0
9811431,0,0,0,0,0,0,0
9507406,0,0,0,0,0,0,0
6020,1,1,0,0,0,1,2
9504412,0,0,0,0,0,0,0
9810472,1,1,0,0,1,0,0
9406209,0,0,0,0,0,0,0
9901409,0,0,0,0,0,0,0
9901437,1,1,0,0,1,0,0
9701335,0,0,0,0,0,0,0
9504347,0,0,0,0,0,0,0
212352,1,1,0,0,1,0,0
9809474,3,3,0,0,0,3,21
9610398,0,0,0,0,0,0,0
9711386,2,2,0,0,0,2,22
9708434,1,1,0,0,1,0,0
9907434,3,2,1,1,0,3,6
9608219,1,1,0,0,0,1,1
9511273,3,2,1,1,1,2,2
9712470,1,1,0,0,0,1,9
9608418,0,0,0,0,0,0,0
9412368,3,1,2,3,3,0,0
9506231,0,0,0,0,0,0,0
9312250,2,1,1,1,2,0,0
211351,0,0,0,0,0,0,0
9809335,0,0,0,0,0,0,0
9804464,1,1,0,0,0,1,1
103156,0,0,0,0,0,0,0
9901402,1,1,0,0,0,1,3
212366,0,0,0,0,0,0,0
9704309,1,1,0,0,0,1,2
211174,0,0,0,0,0,0,0
9504322,2,2,0,0,2,0,0
9711253,0,0,0,0,0,0,0
212381,0,0,0,0,0,0,0
101121,0,0,0,0,0,0,0
9607435,1,1,0,0,1,0,0
9206238,3,3,0,0,3,0,0
9709254,3,2,1,1,3,0,0
9710253,2,1,1,1,0,2,8
9506262,5,3,2,4,5,0,0
5045,1,1,0,0,0,1,2
9410377,1,1,0,0,0,1,2
9701382,0,0,0,0,0,0,0
9404317,0,0,0,0,0,0,0
10191,2,1,1,1,0,2,26
9810249,4,1,3,4,1,3,5
301026,0,0,0,0,0,0,0
9709479,3,3,0,0,0,3,4
302027,0,0,0,0,0,0,0
9602298,1,1,0,0,0,1,3
9806323,2,2,0,0,0,2,8
9903286,0,0,0,0,0,0,0
9506358,3,2,1,1,0,3,4
110008,0,0,0,0,0,0,0
110330,0,0,0,0,0,0,0
107292,1,1,0,0,0,1,2
204064,3,2,1,1,0,3,36
9306,0,0,0,0,0,0,0
9204201,1,1,0,0,1,0,0
106121,2,1,1,1,2,0,0
201205,0,0,0,0,0,0,0
9609221,2,2,0,0,1,1,1
108125,1,1,0,0,0,1,2
105163,1,1,0,0,0,1,2
9408311,1,1,0,0,1,0,0
9301257,2,1,1,1,2,0,0
9506353,0,0,0,0,0,0,0
8037,0,0,0,0,0,0,0
9305333,3,3,0,0,3,0,0
9909282,0,0,0,0,0,0,0
9909443,0,0,0,0,0,0,0
9205217,1,1,0,0,1,0,0
9603347,0,0,0,0,0,0,0
210373,0,0,0,0,0,0,0
9408281,1,1,0,0,0,1,1
9405248,0,0,0,0,0,0,0
9510406,2,1,1,1,2,0,0
211213,2,2,0,0,0,2,21
9407379,2,2,0,0,0,2,2
205054,0,0,0,0,0,0,0
211154,0,0,0,0,0,0,0
9509262,0,0,0,0,0,0,0
9806524,1,1,0,0,0,1,4
9708286,0,0,0,0,0,0,0
105179,2,1,1,1,0,2,8
211363,1,1,0,0,0,1,25
9705297,0,0,0,0,0,0,0
9910203,6,2,4,5,6,0,0
9309336,3,3,0,0,3,0,0
9503329,2,1,1,1,0,2,6
9908434,0,0,0,0,0,0,0
209006,3,1,2,2,0,3,65
9611446,3,1,2,2,0,3,3
201105,1,1,0,0,0,1,10
9412326,2,1,1,1,0,2,3
9901422,1,1,0,0,0,1,1
109175,0,0,0,0,0,0,0
8087,7,1,6,19,0,7,7
301033,0,0,0,0,0,0,0
9903452,1,1,0,0,0,1,2
1267,0,0,0,0,0,0,0
9712240,4,3,1,1,4,0,0
201111,0,0,0,0,0,0,0
9510409,1,1,0,0,0,1,2
205221,0,0,0,0,0,0,0
9812299,0,0,0,0,0,0,0
4212,2,1,1,1,0,2,2
210336,1,1,0,0,1,0,0
9178,6,1,5,14,0,6,17
9602398,3,1,2,3,3,0,0
9190,0,0,0,0,0,0,0
9807559,4,2,2,3,1,3,5
104020,3,2,1,1,0,3,13
210237,0,0,0,0,0,0,0
2051,4,1,3,3,2,2,2
9506247,0,0,0,0,0,0,0
9603418,0,0,0,0,0,0,0
9904284,1,1,0,0,0,1,8
9512347,0,0,0,0,0,0,0
112361,5,2,3,7,0,5,15
9902305,0,0,0,0,0,0,0
110296,2,2,0,0,0,2,9
301205,0,0,0,0,0,0,0
9410381,0,0,0,0,0,0,0
204107,0,0,0,0,0,0,0
9805265,0,0,0,0,0,0,0
6287,0,0,0,0,0,0,0
9805237,2,1,1,1,0,2,7
9703297,0,0,0,0,0,0,0
9905314,1,1,0,0,0,1,1
2294,0,0,0,0,0,0,0
9607305,1,1,0,0,1,0,0
9706217,1,1,0,0,0,1,3
9804210,4,2,2,2,0,4,32
9806254,0,0,0,0,0,0,0
5036,0,0,0,0,0,0,0
112180,3,1,2,2,0,3,18
2271,3,1,2,2,0,3,7
9504389,0,0,0,0,0,0,0
6231,1,1,0,0,0,1,5
9907260,1,1,0,0,0,1,3
1251,3,2,1,1,0,3,23
103291,1,1,0,0,0,1,8
205059,0,0,0,0,0,0,0
9208,2,2,0,0,2,0,0
103253,2,2,0,0,2,0,0
9909412,1,1,0,0,1,0,0
9906372,0,0,0,0,0,0,0
9311354,0,0,0,0,0,0,0
9911295,3,1,2,3,0,3,12
9504266,0,0,0,0,0,0,0
9503272,0,0,0,0,0,0,0
111159,2,2,0,0,0,2,5
208040,0,0,0,0,0,0,0
212098,0,0,0,0,0,0,0
105162,2,2,0,0,0,2,6
9710472,1,1,0,0,0,1,2
9811306,0,0,0,0,0,0,0
9407298,2,2,0,0,2,0,0
2184,1,1,0,0,0,1,3
202021,4,2,2,2,0,4,22
9804362,0,0,0,0,0,0,0
9307339,2,2,0,0,2,0,0
9410274,3,3,0,0,3,0,0
9902388,0,0,0,0,0,0,0
111448,0,0,0,0,0,0,0
9805363,3,2,1,1,0,3,12
9806449,0,0,0,0,0,0,0
302133,0,0,0,0,0,0,0
201108,1,1,0,0,0,1,1
9809434,1,1,0,0,1,0,0
111034,0,0,0,0,0,0,0
9601330,0,0,0,0,0,0,0
9205201,4,3,1,1,4,0,0
9701350,3,2,1,1,0,3,5
208072,0,0,0,0,0,0,0
9307206,3,1,2,2,3,0,0
9803280,1,1,0,0,0,1,1
9709428,3,1,2,3,3,0,0
7165,0,0,0,0,0,0,0
112232,2,2,0,0,2,0,0
9312260,2,2,0,0,2,0,0
9901275,0,0,0,0,0,0,0
105343,0,0,0,0,0,0,0
301037,0,0,0,0,0,0,0
210347,0,0,0,0,0,0,0
9411416,1,1,0,0,0,1,1
9510458,0,0,0,0,0,0,0
9501353,0,0,0,0,0,0,0
210301,1,1,0,0,0,1,6
9910471,4,3,1,1,4,0,0
110400,2,1,1,1,1,1,1
9708442,0,0,0,0,0,0,0
9711404,1,1,0,0,1,0,0
112331,1,1,0,0,0,1,3
9904293,0,0,0,0,0,0,0
8329,1,1,0,0,1,0,0
1190,1,1,0,0,0,1,3
9612486,1,1,0,0,0,1,1
9703382,1,1,0,0,0,1,2
9405268,3,3,0,0,0,3,3
9908275,0,0,0,0,0,0,0
9711338,0,0,0,0,0,0,0
10293,0,0,0,0,0,0,0
9502218,0,0,0,0,0,0,0
9909380,0,0,0,0,0,0,0
9704390,0,0,0,0,0,0,0
302179,0,0,0,0,0,0,0
301004,0,0,0,0,0,0,0
102118,0,0,0,0,0,0,0
9809595,0,0,0,0,0,0,0
9910447,0,0,0,0,0,0,0
9909359,0,0,0,0,0,0,0
207295,0,0,0,0,0,0,0
202168,1,1,0,0,0,1,4
9608446,0,0,0,0,0,0,0
104026,0,0,0,0,0,0,0
9205215,1,1,0,0,1,0,0
8096,0,0,0,0,0,0,0
212398,0,0,0,0,0,0,0
112346,1,1,0,0,0,1,15
104163,0,0,0,0,0,0,0
9908209,1,1,0,0,1,0,0
109282,0,0,0,0,0,0,0
9301228,2,1,1,1,2,0,0
9608217,0,0,0,0,0,0,0
212088,0,0,0,0,0,0,0
9608455,0,0,0,0,0,0,0
8031,0,0,0,0,0,0,0
3314,0,0,0,0,0,0,0
112253,0,0,0,0,0,0,0
206039,0,0,0,0,0,0,0
209289,0,0,0,0,0,0,0
9711331,0,0,0,0,0,0,0
201062,0,0,0,0,0,0,0
1221,0,0,0,0,0,0,0
302041,0,0,0,0,0,0,0
1076,0,0,0,0,0,0,0
9912535,0,0,0,0,0,0,0
11110,0,0,0,0,0,0,0
9803278,0,0,0,0,0,0,0
205139,0,0,0,0,0,0,0
9712370,3,1,2,2,3,0,0
11216,0,0,0,0,0,0,0
110042,0,0,0,0,0,0,0
206092,2,2,0,0,2,0,0
203011,1,1,0,0,0,1,1
302212,0,0,0,0,0,0,0
5048,0,0,0,0,0,0,0
208147,0,0,0,0,0,0,0
9802355,0,0,0,0,0,0,0
212102,1,1,0,0,0,1,3
9504201,1,1,0,0,1,0,0
9308321,0,0,0,0,0,0,0
204096,0,0,0,0,0,0,0
3197,1,1,0,0,1,0,0
208254,1,1,0,0,0,1,1
9320,0,0,0,0,0,0,0
301035,0,0,0,0,0,0,0
101129,1,1,0,0,0,1,1
9402271,0,0,0,0,0,0,0
212051,0,0,0,0,0,0,0
9703342,1,1,0,0,0,1,3
9903415,1,1,0,0,1,0,0
111280,0,0,0,0,0,0,0
9907304,0,0,0,0,0,0,0
9612257,1,1,0,0,1,0,0
301278,0,0,0,0,0,0,0
9910356,1,1,0,0,1,0,0
301104,0,0,0,0,0,0,0
111380,0,0,0,0,0,0,0
9609224,0,0,0,0,0,0,0
8219,1,1,0,0,1,0,0
109141,1,1,0,0,0,1,2
9604356,0,0,0,0,0,0,0
9706226,0,0,0,0,0,0,0
9911539,0,0,0,0,0,0,0
9503314,0,0,0,0,0,0,0
9810326,0,0,0,0,0,0,0
9905315,0,0,0,0,0,0,0
206069,0,0,0,0,0,0,0
209008,0,0,0,0,0,0,0
1047,0,0,0,0,0,0,0
9505367,1,1,0,0,1,0,0
9912235,0,0,0,0,0,0,0
211445,0,0,0,0,0,0,0
9609272,0,0,0,0,0,0,0
9912418,0,0,0,0,0,0,0
107059,1,1,0,0,0,1,1
9802449,0,0,0,0,0,0,0
9411275,0,0,0,0,0,0,0
301247,0,0,0,0,0,0,0
9705455,0,0,0,0,0,0,0
9504409,1,1,0,0,1,0,0
9608334,0,0,0,0,0,0,0
5289,0,0,0,0,0,0,0
9508328,0,0,0,0,0,0,0
9910511,0,0,0,0,0,0,0
208229,0,0,0,0,0,0,0
9803404,0,0,0,0,0,0,0
9810422,0,0,0,0,0,0,0
6187,0,0,0,0,0,0,0
201158,0,0,0,0,0,0,0
10271,0,0,0,0,0,0,0
9706433,0,0,0,0,0,0,0
9912440,0,0,0,0,0,0,0
210366,0,0,0,0,0,0,0
202214,0,0,0,0,0,0,0
9803436,0,0,0,0,0,0,0
4245,0,0,0,0,0,0,0
106273,0,0,0,0,0,0,0
6033,1,1,0,0,0,1,9
5001,0,0,0,0,0,0,0
212361,1,1,0,0,0,1,1
9909342,0,0,0,0,0,0,0
9113,0,0,0,0,0,0,0
202067,0,0,0,0,0,0,0
9905288,0,0,0,0,0,0,0
3237,1,1,0,0,1,0,0
9903506,1,1,0,0,1,0,0
111134,2,2,0,0,1,1,1
206278,0,0,0,0,0,0,0
104212,0,0,0,0,0,0,0
9902210,1,1,0,0,1,0,0
9511328,0,0,0,0,0,0,0
211043,1,1,0,0,0,1,6
5008,0,0,0,0,0,0,0
9807562,0,0,0,0,0,0,0
9708309,1,1,0,0,1,0,0
9608202,0,0,0,0,0,0,0
210225,0,0,0,0,0,0,0
211289,0,0,0,0,0,0,0
111017,0,0,0,0,0,0,0
9710274,0,0,0,0,0,0,0
107155,0,0,0,0,0,0,0
106271,0,0,0,0,0,0,0
211009,0,0,0,0,0,0,0
9804225,0,0,0,0,0,0,0
9809400,1,1,0,0,1,0,0
9611287,0,0,0,0,0,0,0
9609391,0,0,0,0,0,0,0
104231,1,1,0,0,1,0,0
102066,0,0,0,0,0,0,0
9502228,0,0,0,0,0,0,0
9707339,0,0,0,0,0,0,0
209198,0,0,0,0,0,0,0
211189,0,0,0,0,0,0,0
9807232,0,0,0,0,0,0,0
9902331,0,0,0,0,0,0,0
9253,0,0,0,0,0,0,0
8172,0,0,0,0,0,0,0
101050,0,0,0,0,0,0,0
11050,0,0,0,0,0,0,0
102024,0,0,0,0,0,0,0
301034,0,0,0,0,0,0,0
109216,0,0,0,0,0,0,0
9809528,0,0,0,0,0,0,0
9810502,0,0,0,0,0,0,0
208170,0,0,0,0,0,0,0
9605421,0,0,0,0,0,0,0
210217,0,0,0,0,0,0,0
9705431,0,0,0,0,0,0,0
210030,0,0,0,0,0,0,0
301207,0,0,0,0,0,0,0
205203,0,0,0,0,0,0,0
110259,0,0,0,0,0,0,0
301098,0,0,0,0,0,0,0
9809345,0,0,0,0,0,0,0
9303300,1,1,0,0,1,0,0
9503389,0,0,0,0,0,0,0
302175,0,0,0,0,0,0,0
9607235,0,0,0,0,0,0,0
4022,0,0,0,0,0,0,0
210184,0,0,0,0,0,0,0
212235,0,0,0,0,0,0,0
9811424,0,0,0,0,0,0,0
112093,0,0,0,0,0,0,0
9905389,0,0,0,0,0,0,0
110204,0,0,0,0,0,0,0
211192,0,0,0,0,0,0,0
9905535,0,0,0,0,0,0,0
211126,0,0,0,0,0,0,0
9506337,0,0,0,0,0,0,0
302229,0,0,0,0,0,0,0
207316,0,0,0,0,0,0,0
9801250,0,0,0,0,0,0,0
109087,0,0,0,0,0,0,0
9912346,0,0,0,0,0,0,0
9901335,1,1,0,0,1,0,0
9306303,0,0,0,0,0,0,0
208167,0,0,0,0,0,0,0
302242,0,0,0,0,0,0,0
9610282,9,2,7,17,0,9,16
12152,22,4,18,73,0,22,115
9701278,14,1,13,49,0,14,98
9609437,12,2,10,18,0,12,60
9604309,15,3,12,38,0,15,57
105318,2,1,1,1,0,2,16
9903215,9,4,5,10,0,9,89
9211292,32,1,31,171,0,32,32
9811357,22,5,17,40,0,22,115
106315,22,8,14,41,0,22,113
10338,27,8,19,44,0,27,390
9906242,1,1,0,0,1,0,0
9309211,5,2,3,5,3,2,2
9607259,37,8,29,93,2,35,153
9602364,9,4,5,8,0,9,46
9503303,23,1,22,103,23,0,0
9807310,76,5,71,588,59,17,17
9808470,8,2,6,10,8,0,0
9710516,24,4,20,87,24,0,0
9808269,21,1,20,65,1,20,41
9505385,53,3,50,271,45,8,8
9805429,22,2,20,76,0,22,194
9609343,21,1,20,98,2,19,33
104091,13,2,11,18,0,13,72
9612400,2,1,1,1,0,2,6
9803255,5,1,4,6,1,4,8
9303320,29,1,28,123,29,0,0
9702361,17,1,16,58,6,11,11
9609431,12,4,8,18,0,12,55
9611293,14,7,7,15,1,13,84
9907275,6,3,3,4,0,6,59
9901288,18,6,12,28,0,18,78
9806468,31,7,24,119,1,30,356
9704357,62,1,61,436,49,13,13
10008,12,3,9,19,0,12,210
9810482,28,2,26,108,0,28,380
9607225,50,2,48,369,0,50,274
9704246,9,2,7,18,0,9,9
9603379,9,2,7,21,9,0,0
9504424,5,3,2,2,0,5,25
9312359,96,13,83,522,7,89,169
9804253,17,4,13,70,1,16,88
12318,4,4,0,0,0,4,23
9805303,51,8,43,222,1,50,488
9809302,1,1,0,0,0,1,18
9707213,5,2,3,3,0,5,22
9709232,18,4,14,31,1,17,29
9505314,5,2,3,4,1,4,5
9812267,11,3,8,21,0,11,33
9508379,35,4,31,248,3,32,127
9512421,9,6,3,6,0,9,20
9409349,21,3,18,63,2,19,24
9708342,9,2,7,17,0,9,41
9702424,20,3,17,88,0,20,151
9904478,11,2,9,22,5,6,6
9802290,98,4,94,855,22,76,270
9503386,8,1,7,18,0,8,16
9811478,0,0,0,0,0,0,0
9506203,3,2,1,1,0,3,7
9308330,15,8,7,19,15,0,0
102170,0,0,0,0,0,0,0
9903355,43,2,41,264,0,43,122
9611388,22,2,20,106,2,20,25
9503209,32,1,31,179,32,0,0
9505288,11,3,8,21,0,11,51
9909350,1,1,0,0,1,0,0
9302240,12,3,9,24,12,0,0
9406214,10,3,7,24,10,0,0
9805271,4,2,2,4,0,4,8
9408273,8,4,4,6,8,0,0
9703266,22,5,17,79,0,22,118
9902327,41,2,39,238,1,40,183
9911474,14,1,13,36,0,14,70
9709443,10,1,9,37,0,10,74
9901207,6,2,4,5,0,6,55
9810409,35,2,33,289,0,35,233
9604351,45,5,40,259,2,43,188
11379,23,6,17,44,3,20,109
1318,17,2,15,42,0,17,122
9306310,9,3,6,12,1,8,13
9905253,4,2,2,3,0,4,13
9704394,14,3,11,26,0,14,58
207275,0,0,0,0,0,0,0
9510377,12,3,9,22,0,12,149
9402253,44,4,40,245,44,0,0
9810410,47,2,45,345,0,47,292
9704273,38,1,37,250,38,0,0
9706391,10,1,9,17,0,10,43
9703388,5,2,3,5,0,5,32
9512383,26,5,21,72,1,25,81
9711244,15,1,14,64,2,13,27
9701216,6,2,4,8,1,5,5
9501269,33,1,32,160,33,0,0
9607237,7,1,6,11,1,6,16
9710441,18,4,14,36,3,15,24
9902203,5,1,4,7,2,3,4
9408352,21,3,18,64,3,18,29
9603244,10,1,9,24,10,0,0
9403385,5,3,2,2,5,0,0
9601293,12,2,10,24,0,12,92
9912317,24,5,19,83,0,24,152
9712532,6,1,5,13,0,6,36
9712479,15,4,11,24,0,15,59
9703219,2,1,1,1,0,2,28
102146,90,3,87,1181,34,56,186
102147,66,2,64,669,4,62,161
9704335,16,5,11,26,5,11,22
9903468,12,4,8,28,0,12,42
9904413,24,5,19,61,0,24,269
9911337,24,7,17,51,0,24,170
108108,11,3,8,15,2,9,24
102252,12,1,11,33,0,12,117
9301240,6,1,5,10,6,0,0
9907352,11,2,9,26,0,11,17
1001,33,2,31,256,0,33,321
9405308,16,3,13,67,16,0,0
9605264,24,5,19,61,6,18,42
9412348,19,2,17,48,6,13,18
4268,2,1,1,1,2,0,0
9910474,29,2,27,133,2,27,72
6340,6,2,4,6,0,6,22
9504268,8,1,7,9,1,7,9
10029,8,3,5,6,0,8,82
211156,1,1,0,0,0,1,16
9806357,10,2,8,14,0,10,35
111042,45,4,41,359,0,45,405
9908530,8,1,7,12,0,8,21
1302,7,6,1,2,0,7,25
7100,9,1,8,16,9,0,0
7226,18,7,11,15,0,18,266
205071,7,4,3,4,0,7,47
5185,9,3,6,15,0,9,46
4175,5,1,4,5,0,5,36
9612391,2,2,0,0,0,2,9
9909393,12,5,7,18,0,12,34
9407328,10,6,4,6,0,10,43
9507372,4,2,2,2,0,4,4
205134,0,0,0,0,0,0,0
10107,1,1,0,0,0,1,13
9401325,6,3,3,5,0,6,20
7315,24,1,23,113,0,24,165
9801240,1,1,0,0,0,1,6
9508409,41,4,37,130,0,41,144
9505313,8,2,6,10,0,8,8
9703259,21,5,16,62,8,13,22
9404277,8,2,6,20,8,0,0
9208236,21,1,20,78,21,0,0
9412209,18,2,16,73,18,0,0
8029,2,1,1,1,0,2,19
9707251,50,5,45,282,1,49,194
9711401,1,1,0,0,0,1,3
9302227,11,1,10,25,11,0,0
7158,11,2,9,29,0,11,41
9604295,24,3,21,134,4,20,20
9806510,2,2,0,0,0,2,14
101236,3,1,2,2,0,3,16
9605412,25,3,22,98,7,18,35
9504338,3,3,0,0,0,3,3
5108,24,2,22,79,2,22,41
9705344,37,8,29,139,0,37,182
9710414,3,2,1,1,3,0,0
9306241,23,1,22,63,23,0,0
9310350,15,6,9,24,15,0,0
9711447,2,1,1,1,2,0,0
9503291,17,2,15,48,17,0,0
104060,1,1,0,0,0,1,1
9510208,3,1,2,3,0,3,29
9605367,26,1,25,105,1,25,44
9609345,6,1,5,10,0,6,27
9710252,1,1,0,0,0,1,5
9602429,18,1,17,70,1,17,45
9308226,6,5,1,1,0,6,10
9608479,7,2,5,9,0,7,8
9706457,5,3,2,2,0,5,45
9410281,35,4,31,131,4,31,125
9607326,1,1,0,0,0,1,11
9906270,9,2,7,18,0,9,27
9606419,14,3,11,23,8,6,6
11263,8,3,5,5,0,8,80
9903554,12,3,9,18,3,9,17
9709438,5,1,4,5,0,5,9
10240,17,2,15,78,0,17,36
9705242,28,2,26,144,18,10,13
9406204,34,2,32,155,15,19,19
9807454,8,5,3,4,0,8,89
9606207,22,5,17,41,1,21,21
9911305,4,1,3,3,2,2,2
9909376,13,1,12,50,0,13,100
9307336,21,7,14,45,21,0,0
9710392,7,2,5,9,0,7,68
9612284,9,5,4,8,9,0,0
9902352,1,1,0,0,0,1,3
9712429,18,3,15,74,3,15,32
9310262,2,1,1,1,2,0,0
9807375,15,4,11,56,1,14,34
9506351,6,1,5,8,1,5,9
9601282,38,2,36,155,0,38,59
9903432,7,1,6,12,0,7,13
3272,3,1,2,3,0,3,9
9411429,9,2,7,15,0,9,25
9909333,19,3,16,70,0,19,184
7178,4,3,1,1,0,4,33
9907333,26,5,21,56,0,26,142
9601254,5,2,3,4,1,4,4
9304245,13,4,9,22,13,0,0
301079,0,0,0,0,0,0,0
9407324,1,1,0,0,0,1,2
9511341,23,2,21,113,1,22,89
9706252,10,1,9,16,0,10,20
9310361,2,1,1,1,0,2,2
9609371,3,2,1,2,3,0,0
3165,13,2,11,34,0,13,67
9609247,7,2,5,8,4,3,5
9907449,2,2,0,0,1,1,1
3018,2,2,0,0,0,2,15
9712530,0,0,0,0,0,0,0
9310371,1,1,0,0,0,1,1
9612321,11,2,9,19,0,11,94
9709223,10,2,8,15,0,10,86
9508359,33,4,29,158,33,0,0
3017,1,1,0,0,0,1,3
9311341,15,3,12,32,15,0,0
9608438,15,1,14,46,0,15,45
5275,22,1,21,131,22,0,0
106135,12,3,9,23,0,12,178
7279,2,2,0,0,0,2,5
9501325,13,3,10,21,0,13,47
9306296,5,3,2,2,5,0,0
9502341,21,3,18,120,5,16,24
4179,2,1,1,1,0,2,8
211075,0,0,0,0,0,0,0
5168,1,1,0,0,1,0,0
8016,10,4,6,13,0,10,61
9805430,8,3,5,7,4,4,4
9307307,1,1,0,0,1,0,0
7066,5,3,2,2,0,5,38
9404247,17,11,6,10,1,16,16
9808244,7,4,3,3,0,7,33
109245,3,1,2,2,0,3,14
9612439,4,2,2,3,0,4,15
9207232,14,1,13,37,14,0,0
9706511,20,2,18,40,2,18,38
202107,10,2,8,9,0,10,30
9706472,4,4,0,0,4,0,0
9504371,5,1,4,6,0,5,18
9802392,2,2,0,0,2,0,0
9602310,5,2,3,6,0,5,17
9606472,3,2,1,1,0,3,20
9709382,9,5,4,6,4,5,5
9710341,5,4,1,1,0,5,20
9512442,8,1,7,13,8,0,0
9911345,3,3,0,0,0,3,4
9812366,43,5,38,174,0,43,214
301251,0,0,0,0,0,0,0
9809506,14,1,13,39,0,14,198
11222,5,1,4,7,2,3,3
9705305,9,3,6,14,1,8,14
9603345,5,3,2,5,0,5,10
9703303,12,2,10,31,0,12,30
9909539,9,2,7,11,0,9,50
9707464,9,2,7,21,9,0,0
9707215,25,1,24,80,6,19,19
9903288,10,3,7,17,7,3,3
202006,11,3,8,18,0,11,38
9309287,10,2,8,17,0,10,13
204062,1,1,0,0,0,1,4
11092,12,4,8,19,2,10,11
9510209,4,2,2,5,3,1,1
1073,2,2,0,0,0,2,16
9808489,1,1,0,0,0,1,2
9503238,15,5,10,30,1,14,14
9307,2,2,0,0,2,0,0
9503279,5,1,4,9,5,0,0
9607253,11,1,10,25,11,0,0
9503414,1,1,0,0,0,1,1
9605219,12,2,10,34,0,12,23
7133,17,1,16,66,0,17,191
9411232,7,5,2,3,4,3,3
9805477,8,1,7,17,1,7,7
9507407,6,4,2,4,1,5,10
3309,6,3,3,5,0,6,32
112191,2,2,0,0,0,2,7
9707467,6,2,4,6,5,1,2
9512441,2,1,1,1,0,2,2
203034,8,1,7,14,0,8,51
9712228,9,2,7,20,3,6,7
202131,9,2,7,17,0,9,55
9504337,8,1,7,17,8,0,0
9606327,4,1,3,6,0,4,8
9206232,1,1,0,0,1,0,0
9507359,4,2,2,2,0,4,18
1333,1,1,0,0,0,1,3
9503442,16,1,15,76,16,0,0
9906527,1,1,0,0,0,1,3
4107,12,2,10,30,2,10,20
9604380,3,1,2,2,3,0,0
9901348,1,1,0,0,0,1,2
9905246,4,3,1,1,0,4,50
206081,0,0,0,0,0,0,0
9610464,6,3,3,5,0,6,39
201300,3,3,0,0,0,3,46
9712350,5,1,4,5,0,5,11
9808466,1,1,0,0,0,1,7
9501257,4,2,2,3,0,4,10
9907401,3,1,2,2,0,3,37
9911321,5,4,1,1,0,5,46
9802282,7,3,4,7,0,7,29
9905376,21,6,15,36,0,21,192
9312258,8,5,3,5,0,8,8
9903354,30,11,19,44,0,30,179
9611308,3,1,2,2,0,3,9
9411302,12,6,6,8,2,10,10
9405272,27,2,25,155,1,26,150
9911238,2,1,1,1,1,1,1
9510326,5,1,4,7,2,3,3
9207212,8,2,6,8,8,0,0
9503330,6,2,4,10,6,0,0
201236,0,0,0,0,0,0,0
9812331,0,0,0,0,0,0,0
9610258,2,2,0,0,1,1,1
9504320,6,2,4,9,1,5,5
9502323,14,6,8,11,0,14,51
9412266,9,5,4,4,4,5,6
9602326,17,4,13,38,0,17,30
9912471,1,1,0,0,0,1,9
7162,7,1,6,15,0,7,34
9912388,25,5,20,67,0,25,196
9709213,4,4,0,0,0,4,5
5081,2,2,0,0,0,2,24
9711473,0,0,0,0,0,0,0
9306201,6,3,3,5,6,0,0
3284,4,1,3,4,0,4,17
4064,1,1,0,0,1,0,0
9512234,14,3,11,24,2,12,17
9707335,3,1,2,3,0,3,5
104033,2,2,0,0,0,2,17
6129,11,1,10,29,3,8,14
3228,1,1,0,0,1,0,0
9205213,7,4,3,4,7,0,0
9511456,2,1,1,1,0,2,2
9312337,1,1,0,0,1,0,0
211374,0,0,0,0,0,0,0
110147,0,0,0,0,0,0,0
9039,6,3,3,3,0,6,25
101291,0,0,0,0,0,0,0
9609266,9,3,6,10,1,8,32
104275,2,2,0,0,0,2,7
9406342,4,1,3,3,4,0,0
9903326,5,2,3,4,0,5,14
204270,2,1,1,1,0,2,11
9912478,3,1,2,3,0,3,19
211433,0,0,0,0,0,0,0
9806350,16,3,13,46,0,16,98
9703225,5,1,4,6,2,3,3
9801317,3,1,2,2,3,0,0
8263,4,2,2,5,0,4,38
9507461,13,1,12,32,1,12,31
8005,4,4,0,0,0,4,53
103185,0,0,0,0,0,0,0
9803269,3,1,2,2,0,3,26
9712260,0,0,0,0,0,0,0
9604360,4,1,3,4,1,3,3
101176,2,2,0,0,0,2,2
9702370,5,2,3,6,0,5,9
9601355,5,1,4,5,3,2,2
302055,0,0,0,0,0,0,0
9803313,7,2,5,5,1,6,6
9801399,7,2,5,5,0,7,40
9307223,0,0,0,0,0,0,0
9903299,4,2,2,3,0,4,22
9401349,2,1,1,1,2,0,0
9801330,7,2,5,6,1,6,6
9810247,0,0,0,0,0,0,0
8286,1,1,0,0,0,1,3
9810239,2,1,1,1,0,2,22
6127,9,2,7,16,2,7,19
9711361,10,4,6,9,10,0,0
9903364,17,1,16,71,3,14,26
9509392,1,1,0,0,0,1,8
9607297,9,1,8,18,9,0,0
206292,12,8,4,4,0,12,41
210260,1,1,0,0,0,1,4
9408260,11,3,8,16,1,10,10
9311365,2,2,0,0,2,0,0
9910519,1,1,0,0,1,0,0
9706453,0,0,0,0,0,0,0
9402325,2,2,0,0,2,0,0
9707396,0,0,0,0,0,0,0
209045,1,1,0,0,1,0,0
9403351,6,4,2,3,6,0,0
9904304,3,1,2,3,0,3,7
106002,1,1,0,0,0,1,4
209330,1,1,0,0,0,1,15
105291,12,4,8,26,1,11,28
9801338,0,0,0,0,0,0,0
107189,4,2,2,4,0,4,35
103275,17,1,16,31,2,15,42
9601247,3,1,2,2,0,3,6
9707520,1,1,0,0,0,1,2
9705370,2,2,0,0,0,2,10
9301225,11,5,6,9,11,0,0
9711304,2,2,0,0,1,1,1
9304262,2,2,0,0,2,0,0
5302,2,1,1,1,0,2,7
10342,1,1,0,0,0,1,1
9601364,1,1,0,0,0,1,1
106169,8,2,6,15,0,8,58
9606288,0,0,0,0,0,0,0
9412230,1,1,0,0,1,0,0
102019,6,2,4,4,0,6,51
202054,2,2,0,0,0,2,24
9409323,5,1,4,9,5,0,0
9811311,6,1,5,14,2,4,4
9712216,12,2,10,18,1,11,48
9707380,8,3,5,9,8,0,0
9508269,2,1,1,1,2,0,0
9607419,8,1,7,21,8,0,0
9908471,1,1,0,0,0,1,2
111048,1,1,0,0,0,1,1
101225,17,1,16,22,0,17,130
9810549,1,1,0,0,0,1,2
12379,6,2,4,8,6,0,0
210258,2,1,1,1,0,2,9
9712318,12,3,9,20,6,6,16
9609231,4,3,1,1,0,4,7
9911485,2,2,0,0,2,0,0
9610445,16,3,13,39,4,12,27
11275,7,3,4,9,0,7,52
102073,0,0,0,0,0,0,0
9303296,6,2,4,6,6,0,0
9502373,2,2,0,0,0,2,4
210296,2,2,0,0,0,2,20
106229,2,1,1,1,0,2,2
9604300,4,1,3,3,0,4,12
9512275,1,1,0,0,0,1,1
102106,2,2,0,0,0,2,8
9612342,1,1,0,0,1,0,0
9709250,3,2,1,1,0,3,7
2133,2,2,0,0,0,2,3
3133,0,0,0,0,0,0,0
9407342,5,5,0,0,0,5,9
9911313,4,1,3,6,1,3,13
6102,1,1,0,0,1,0,0
9605376,9,1,8,19,9,0,0
9912500,5,4,1,1,0,5,19
112264,0,0,0,0,0,0,0
9803281,0,0,0,0,0,0,0
9706535,1,1,0,0,0,1,3
9908300,3,3,0,0,0,3,16
9609465,0,0,0,0,0,0,0
201005,4,3,1,2,0,4,8
9612429,1,1,0,0,0,1,9
10259,1,1,0,0,0,1,10
9805404,5,4,1,1,0,5,7
9612201,1,1,0,0,0,1,1
9904291,8,2,6,14,0,8,32
109111,0,0,0,0,0,0,0
9903312,1,1,0,0,0,1,2
9801284,10,1,9,31,9,1,1
9508287,1,1,0,0,1,0,0
204126,0,0,0,0,0,0,0
9610328,5,3,2,3,0,5,8
9806458,1,1,0,0,1,0,0
9404360,1,1,0,0,0,1,4
9308369,3,1,2,2,0,3,3
9803253,9,1,8,23,2,7,12
2191,2,1,1,1,0,2,35
9808469,18,5,13,31,0,18,57
211021,3,1,2,2,0,3,60
101122,1,1,0,0,0,1,4
9605455,1,1,0,0,0,1,1
107068,5,2,3,5,0,5,16
9903339,1,1,0,0,0,1,1
9607263,5,1,4,7,0,5,10
9710238,4,1,3,4,0,4,18
9801219,5,4,1,1,5,0,0
9305238,4,1,3,5,4,0,0
9902460,0,0,0,0,0,0,0
9612458,6,1,5,6,0,6,19
9508395,8,2,6,12,8,0,0
9610219,13,5,8,16,10,3,3
110266,3,1,2,3,0,3,13
9912283,4,4,0,0,1,3,10
205103,1,1,0,0,0,1,9
102339,2,2,0,0,0,2,15
9412213,5,2,3,3,5,0,0
9708487,2,1,1,1,0,2,3
9812484,3,2,1,1,0,3,6
9505337,2,2,0,0,2,0,0
9710292,0,0,0,0,0,0,0
9402233,0,0,0,0,0,0,0
9610491,1,1,0,0,1,0,0
211181,4,2,2,2,0,4,6
9706507,20,4,16,30,20,0,0
9708224,1,1,0,0,0,1,3
9611460,2,1,1,1,0,2,5
9905223,0,0,0,0,0,0,0
9608212,4,2,2,3,4,0,0
103040,3,2,1,2,3,0,0
9601353,16,6,10,23,0,16,20
9403209,4,2,2,3,4,0,0
9410236,0,0,0,0,0,0,0
11289,4,1,3,5,0,4,43
9902260,10,6,4,6,0,10,38
9408338,1,1,0,0,0,1,1
7332,6,2,4,6,0,6,27
204121,0,0,0,0,0,0,0
9611466,1,1,0,0,1,0,0
9507254,1,1,0,0,1,0,0
210075,1,1,0,0,0,1,2
201091,4,4,0,0,0,4,20
9403325,4,2,2,2,4,0,0
9401231,0,0,0,0,0,0,0
12092,1,1,0,0,0,1,6
9411336,6,4,2,2,1,5,5
9808234,3,3,0,0,0,3,3
9912308,1,1,0,0,0,1,1
9811488,1,1,0,0,1,0,0
203211,0,0,0,0,0,0,0
205061,8,1,7,23,0,8,16
9403253,4,2,2,3,4,0,0
2057,2,2,0,0,0,2,14
9604269,2,1,1,1,0,2,9
7091,12,2,10,35,0,12,98
9903377,4,1,3,6,0,4,11
206300,11,1,10,25,0,11,114
207052,4,2,2,3,0,4,30
101031,0,0,0,0,0,0,0
9203219,6,5,1,1,6,0,0
9702357,2,1,1,1,0,2,3
9603436,3,1,2,3,0,3,3
9406265,0,0,0,0,0,0,0
9512251,7,2,5,6,7,0,0
9801295,3,1,2,2,0,3,8
9706259,3,2,1,1,2,1,2
9809283,2,2,0,0,2,0,0
107230,3,2,1,1,0,3,12
9903209,4,3,1,2,2,2,2
9905236,2,1,1,1,2,0,0
112145,0,0,0,0,0,0,0
9707536,8,1,7,15,0,8,43
6130,0,0,0,0,0,0,0
210206,2,2,0,0,0,2,29
111091,0,0,0,0,0,0,0
12047,1,1,0,0,0,1,7
9912362,0,0,0,0,0,0,0
9901309,2,2,0,0,0,2,7
6259,2,2,0,0,0,2,4
207005,4,3,1,1,0,4,39
107257,3,2,1,1,2,1,1
9311359,0,0,0,0,0,0,0
9309277,3,1,2,3,3,0,0
9703459,1,1,0,0,0,1,3
9603354,0,0,0,0,0,0,0
101215,3,2,1,1,0,3,22
11167,2,1,1,1,0,2,8
9603273,2,2,0,0,1,1,2
9809562,10,4,6,7,0,10,27
9807400,6,2,4,4,6,0,0
9805248,1,1,0,0,0,1,5
8168,2,2,0,0,0,2,5
3293,0,0,0,0,0,0,0
9702416,1,1,0,0,0,1,2
9909335,0,0,0,0,0,0,0
9905318,5,3,2,2,0,5,5
204106,0,0,0,0,0,0,0
9812333,5,2,3,8,0,5,15
208271,1,1,0,0,0,1,1
105116,1,1,0,0,0,1,4
106127,2,2,0,0,0,2,2
9904511,1,1,0,0,1,0,0
9312283,1,1,0,0,1,0,0
9607316,0,0,0,0,0,0,0
9808354,1,1,0,0,0,1,1
9408318,2,2,0,0,2,0,0
9611254,0,0,0,0,0,0,0
9707513,5,3,2,2,0,5,11
211321,4,1,3,4,0,4,20
9511395,0,0,0,0,0,0,0
9805420,2,2,0,0,0,2,6
9909547,4,1,3,4,4,0,0
9703423,3,2,1,1,3,0,0
204212,0,0,0,0,0,0,0
3194,0,0,0,0,0,0,0
207153,4,3,1,1,0,4,55
9702313,0,0,0,0,0,0,0
7059,2,1,1,1,0,2,6
106107,0,0,0,0,0,0,0
9903531,5,4,1,1,0,5,55
211371,0,0,0,0,0,0,0
107274,1,1,0,0,1,0,0
11286,1,1,0,0,1,0,0
6203,1,1,0,0,0,1,6
201043,1,1,0,0,0,1,4
9410240,8,1,7,14,8,0,0
205306,1,1,0,0,0,1,1
9907286,3,3,0,0,1,2,2
9907430,3,3,0,0,0,3,6
9812470,1,1,0,0,1,0,0
9805362,1,1,0,0,1,0,0
9704432,3,1,2,2,0,3,4
208007,4,3,1,1,0,4,24
111234,4,1,3,5,0,4,35
10114,6,2,4,7,0,6,15
9502389,0,0,0,0,0,0,0
9403361,8,4,4,5,8,0,0
9609318,1,1,0,0,1,0,0
9812442,4,2,2,2,4,0,0
9607337,0,0,0,0,0,0,0
111314,1,1,0,0,0,1,13
12236,1,1,0,0,0,1,2
111127,1,1,0,0,0,1,2
9804326,2,1,1,1,0,2,2
9712233,0,0,0,0,0,0,0
9704286,0,0,0,0,0,0,0
9501209,0,0,0,0,0,0,0
301093,0,0,0,0,0,0,0
9407239,2,2,0,0,2,0,0
9603297,0,0,0,0,0,0,0
212374,1,1,0,0,0,1,17
12224,1,1,0,0,0,1,8
9711491,0,0,0,0,0,0,0
9086,6,5,1,1,0,6,28
9504270,0,0,0,0,0,0,0
9910473,0,0,0,0,0,0,0
9711219,0,0,0,0,0,0,0
205062,1,1,0,0,0,1,2
10054,2,1,1,1,0,2,27
9610420,3,3,0,0,2,1,1
9809567,13,4,9,15,1,12,27
9508326,4,4,0,0,0,4,4
9711321,4,4,0,0,4,0,0
211243,2,2,0,0,1,1,2
9806364,1,1,0,0,1,0,0
202156,1,1,0,0,0,1,1
9811223,0,0,0,0,0,0,0
9810363,7,1,6,14,7,0,0
9901332,11,2,9,27,10,1,1
201125,0,0,0,0,0,0,0
9905537,2,1,1,1,2,0,0
301071,0,0,0,0,0,0,0
9304207,3,1,2,2,3,0,0
212203,0,0,0,0,0,0,0
9709371,7,4,3,5,1,6,15
9602321,1,1,0,0,1,0,0
9707318,1,1,0,0,0,1,4
9611305,2,2,0,0,1,1,2
207104,0,0,0,0,0,0,0
9503311,6,4,2,4,3,3,5
9701267,1,1,0,0,0,1,2
9905469,1,1,0,0,0,1,1
9910544,0,0,0,0,0,0,0
301253,0,0,0,0,0,0,0
9405403,1,1,0,0,0,1,2
9409241,2,2,0,0,1,1,1
210179,3,3,0,0,1,2,4
9902252,0,0,0,0,0,0,0
9704444,2,1,1,1,0,2,7
11339,1,1,0,0,0,1,2
203064,0,0,0,0,0,0,0
9004,3,1,2,3,3,0,0
9710395,0,0,0,0,0,0,0
106185,3,3,0,0,3,0,0
11108,1,1,0,0,1,0,0
103047,3,1,2,2,2,1,3
101267,2,1,1,1,0,2,11
9602243,0,0,0,0,0,0,0
9902353,2,2,0,0,2,0,0
9710248,2,2,0,0,1,1,1
9606349,1,1,0,0,1,0,0
9710530,0,0,0,0,0,0,0
9604341,2,1,1,1,2,0,0
2109,1,1,0,0,0,1,2
9503246,1,1,0,0,1,0,0
9811510,1,1,0,0,0,1,2
8177,0,0,0,0,0,0,0
9712223,2,1,1,1,0,2,14
9901340,4,2,2,5,4,0,0
9408394,1,1,0,0,0,1,1
9804289,0,0,0,0,0,0,0
211228,2,1,1,1,0,2,21
9501319,4,2,2,3,4,0,0
211096,0,0,0,0,0,0,0
9807428,3,3,0,0,3,0,0
1066,1,1,0,0,1,0,0
9408237,1,1,0,0,1,0,0
202193,0,0,0,0,0,0,0
9901212,0,0,0,0,0,0,0
103099,5,2,3,6,0,5,41
9606368,7,6,1,1,4,3,3
9910543,1,1,0,0,0,1,2
9912416,4,2,2,2,4,0,0
111434,0,0,0,0,0,0,0
9304264,3,1,2,2,3,0,0
9710246,1,1,0,0,0,1,2
201295,0,0,0,0,0,0,0
9806465,0,0,0,0,0,0,0
9308317,5,3,2,3,5,0,0
9706434,0,0,0,0,0,0,0
11196,0,0,0,0,0,0,0
9709488,1,1,0,0,0,1,3
9812220,1,1,0,0,1,0,0
6344,1,1,0,0,0,1,9
209313,0,0,0,0,0,0,0
9405292,1,1,0,0,1,0,0
101311,5,3,2,3,1,4,4
9509402,0,0,0,0,0,0,0
207238,0,0,0,0,0,0,0
9805354,1,1,0,0,0,1,1
301064,0,0,0,0,0,0,0
106134,0,0,0,0,0,0,0
206008,0,0,0,0,0,0,0
5161,2,1,1,1,0,2,4
9312267,5,1,4,5,5,0,0
101152,0,0,0,0,0,0,0
9208229,1,1,0,0,1,0,0
206250,0,0,0,0,0,0,0
208141,4,2,2,3,0,4,87
9803326,0,0,0,0,0,0,0
107302,2,2,0,0,0,2,3
9508413,1,1,0,0,1,0,0
9502249,1,1,0,0,1,0,0
9403206,0,0,0,0,0,0,0
211197,2,2,0,0,0,2,27
209121,6,3,3,3,0,6,94
9404250,0,0,0,0,0,0,0
9805256,1,1,0,0,0,1,3
9702401,2,2,0,0,2,0,0
9408247,2,2,0,0,2,0,0
202209,4,1,3,6,0,4,8
204093,2,2,0,0,0,2,14
9906429,1,1,0,0,0,1,6
206028,1,1,0,0,0,1,4
9902259,5,3,2,4,1,4,6
9507270,0,0,0,0,0,0,0
9812211,2,1,1,1,0,2,3
12382,3,1,2,2,0,3,7
9811457,1,1,0,0,1,0,0
111355,1,1,0,0,0,1,2
105153,0,0,0,0,0,0,0
10164,3,1,2,3,3,0,0
9912225,3,1,2,3,0,3,12
201110,0,0,0,0,0,0,0
9504233,5,1,4,9,5,0,0
105247,2,2,0,0,0,2,11
9409234,0,0,0,0,0,0,0
207192,0,0,0,0,0,0,0
9810390,1,1,0,0,0,1,7
9701399,3,1,2,3,3,0,0
9037,2,1,1,1,0,2,8
111081,0,0,0,0,0,0,0
4132,0,0,0,0,0,0,0
9405211,2,2,0,0,2,0,0
102283,2,1,1,1,0,2,6
201255,2,1,1,1,1,1,1
9607464,1,1,0,0,1,0,0
9411441,0,0,0,0,0,0,0
8030,1,1,0,0,0,1,2
205195,0,0,0,0,0,0,0
9605438,0,0,0,0,0,0,0
9703296,1,1,0,0,1,0,0
9611416,1,1,0,0,0,1,2
9907349,1,1,0,0,0,1,8
9610452,0,0,0,0,0,0,0
9811394,0,0,0,0,0,0,0
9904243,0,0,0,0,0,0,0
9905418,0,0,0,0,0,0,0
4195,2,2,0,0,0,2,2
203144,2,2,0,0,0,2,11
9706465,0,0,0,0,0,0,0
9210276,4,3,1,2,4,0,0
302075,0,0,0,0,0,0,0
9808386,2,1,1,1,0,2,7
9606227,1,1,0,0,0,1,5
9811494,0,0,0,0,0,0,0
211400,0,0,0,0,0,0,0
3099,1,1,0,0,0,1,1
9412288,0,0,0,0,0,0,0
211049,0,0,0,0,0,0,0
9608403,2,1,1,1,0,2,4
9702312,0,0,0,0,0,0,0
9710203,0,0,0,0,0,0,0
9211334,6,4,2,2,6,0,0
9502402,0,0,0,0,0,0,0
110337,1,1,0,0,0,1,4
9606341,0,0,0,0,0,0,0
202217,1,1,0,0,0,1,6
9706240,1,1,0,0,0,1,1
9607425,1,1,0,0,1,0,0
210405,0,0,0,0,0,0,0
9503321,1,1,0,0,1,0,0
9909363,1,1,0,0,0,1,2
9712465,0,0,0,0,0,0,0
9604426,0,0,0,0,0,0,0
9711255,1,1,0,0,0,1,1
9502213,3,3,0,0,3,0,0
9612427,1,1,0,0,1,0,0
104309,1,1,0,0,0,1,12
9702316,3,1,2,3,0,3,12
9609424,0,0,0,0,0,0,0
6253,0,0,0,0,0,0,0
9502295,4,2,2,2,4,0,0
9910298,0,0,0,0,0,0,0
106138,0,0,0,0,0,0,0
9901253,0,0,0,0,0,0,0
210022,0,0,0,0,0,0,0
9504240,0,0,0,0,0,0,0
112238,2,2,0,0,0,2,33
9505396,1,1,0,0,1,0,0
9909446,2,1,1,1,0,2,4
9612466,2,2,0,0,1,1,1
2305,1,1,0,0,1,0,0
111183,0,0,0,0,0,0,0
2105,0,0,0,0,0,0,0
112012,1,1,0,0,1,0,0
207030,1,1,0,0,0,1,7
212008,0,0,0,0,0,0,0
9503426,0,0,0,0,0,0,0
9508223,0,0,0,0,0,0,0
9504214,0,0,0,0,0,0,0
212131,1,1,0,0,0,1,5
10266,1,1,0,0,1,0,0
9410275,1,1,0,0,0,1,1
110261,1,1,0,0,1,0,0
9407316,0,0,0,0,0,0,0
212354,0,0,0,0,0,0,0
9911253,2,1,1,1,0,2,3
9510456,0,0,0,0,0,0,0
211164,0,0,0,0,0,0,0
9807566,0,0,0,0,0,0,0
9507249,0,0,0,0,0,0,0
9603242,2,1,1,1,2,0,0
9707261,0,0,0,0,0,0,0
9511346,0,0,0,0,0,0,0
9412293,2,2,0,0,2,0,0
204268,0,0,0,0,0,0,0
9404269,1,1,0,0,1,0,0
207205,0,0,0,0,0,0,0
9306328,0,0,0,0,0,0,0
206073,1,1,0,0,0,1,14
9610519,0,0,0,0,0,0,0
10317,0,0,0,0,0,0,0
9711494,0,0,0,0,0,0,0
112261,0,0,0,0,0,0,0
109284,0,0,0,0,0,0,0
9212228,1,1,0,0,1,0,0
9610263,0,0,0,0,0,0,0
9906532,0,0,0,0,0,0,0
1313,3,2,1,1,0,3,3
12237,0,0,0,0,0,0,0
102110,0,0,0,0,0,0,0
301108,0,0,0,0,0,0,0
9909420,0,0,0,0,0,0,0
12006,0,0,0,0,0,0,0
11030,0,0,0,0,0,0,0
9908492,2,2,0,0,2,0,0
9907290,1,1,0,0,0,1,1
108051,2,1,1,1,0,2,13
107312,3,3,0,0,0,3,3
9910469,0,0,0,0,0,0,0
9907535,1,1,0,0,0,1,1
211082,0,0,0,0,0,0,0
9810428,3,3,0,0,2,1,2
10256,0,0,0,0,0,0,0
9701318,0,0,0,0,0,0,0
301227,0,0,0,0,0,0,0
4150,1,1,0,0,0,1,4
9811261,3,3,0,0,3,0,0
208006,0,0,0,0,0,0,0
9905294,2,2,0,0,2,0,0
9601272,1,1,0,0,0,1,2
302199,0,0,0,0,0,0,0
9812367,0,0,0,0,0,0,0
12338,1,1,0,0,1,0,0
210390,0,0,0,0,0,0,0
11198,0,0,0,0,0,0,0
9810545,1,1,0,0,1,0,0
206178,2,2,0,0,2,0,0
9505221,1,1,0,0,0,1,2
9712437,0,0,0,0,0,0,0
9712396,0,0,0,0,0,0,0
12217,2,2,0,0,0,2,5
212194,0,0,0,0,0,0,0
204267,2,1,1,1,2,0,0
9612469,0,0,0,0,0,0,0
209227,0,0,0,0,0,0,0
9407232,0,0,0,0,0,0,0
9307346,1,1,0,0,1,0,0
9807409,2,1,1,1,0,2,9
9507412,0,0,0,0,0,0,0
211367,0,0,0,0,0,0,0
105134,0,0,0,0,0,0,0
9802318,0,0,0,0,0,0,0
104066,2,2,0,0,2,0,0
9806422,0,0,0,0,0,0,0
9501321,0,0,0,0,0,0,0
207041,0,0,0,0,0,0,0
9905342,1,1,0,0,0,1,12
109185,0,0,0,0,0,0,0
211276,1,1,0,0,0,1,4
9811409,0,0,0,0,0,0,0
9911412,0,0,0,0,0,0,0
111264,1,1,0,0,0,1,8
105135,0,0,0,0,0,0,0
11246,1,1,0,0,0,1,1
9812237,0,0,0,0,0,0,0
9910463,0,0,0,0,0,0,0
109057,1,1,0,0,0,1,4
9508389,0,0,0,0,0,0,0
302056,0,0,0,0,0,0,0
102088,0,0,0,0,0,0,0
9501237,0,0,0,0,0,0,0
10046,0,0,0,0,0,0,0
9908422,0,0,0,0,0,0,0
11329,0,0,0,0,0,0,0
9910400,0,0,0,0,0,0,0
9409337,0,0,0,0,0,0,0
102202,0,0,0,0,0,0,0
9802264,0,0,0,0,0,0,0
207272,1,1,0,0,0,1,5
9911468,0,0,0,0,0,0,0
9505258,0,0,0,0,0,0,0
9907429,1,1,0,0,0,1,2
9810414,0,0,0,0,0,0,0
9705355,1,1,0,0,0,1,4
103143,0,0,0,0,0,0,0
204094,0,0,0,0,0,0,0
9812439,0,0,0,0,0,0,0
302200,0,0,0,0,0,0,0
9805236,0,0,0,0,0,0,0
9506463,0,0,0,0,0,0,0
9701269,1,1,0,0,1,0,0
3315,0,0,0,0,0,0,0
210051,0,0,0,0,0,0,0
108248,1,1,0,0,0,1,3
9602222,0,0,0,0,0,0,0
9701319,0,0,0,0,0,0,0
9708417,0,0,0,0,0,0,0
210298,1,1,0,0,0,1,1
9411407,0,0,0,0,0,0,0
111464,0,0,0,0,0,0,0
9505237,0,0,0,0,0,0,0
11278,1,1,0,0,1,0,0
9905430,0,0,0,0,0,0,0
105117,0,0,0,0,0,0,0
209272,2,1,1,1,2,0,0
9309295,0,0,0,0,0,0,0
10232,0,0,0,0,0,0,0
102054,1,1,0,0,1,0,0
9407207,0,0,0,0,0,0,0
110051,0,0,0,0,0,0,0
212394,0,0,0,0,0,0,0
106317,0,0,0,0,0,0,0
9508219,0,0,0,0,0,0,0
10340,1,1,0,0,1,0,0
105202,0,0,0,0,0,0,0
9407325,3,3,0,0,3,0,0
212342,1,1,0,0,0,1,9
11326,0,0,0,0,0,0,0
9808435,0,0,0,0,0,0,0
9609464,0,0,0,0,0,0,0
12114,1,1,0,0,0,1,11
206061,0,0,0,0,0,0,0
9903537,1,1,0,0,1,0,0
9411320,0,0,0,0,0,0,0
210120,0,0,0,0,0,0,0
205307,1,1,0,0,0,1,4
9505323,0,0,0,0,0,0,0
7260,0,0,0,0,0,0,0
107242,0,0,0,0,0,0,0
9812306,1,1,0,0,1,0,0
9605427,0,0,0,0,0,0,0
2202,0,0,0,0,0,0,0
9606322,0,0,0,0,0,0,0
9812315,0,0,0,0,0,0,0
6075,0,0,0,0,0,0,0
9812482,0,0,0,0,0,0,0
9901279,0,0,0,0,0,0,0
202187,0,0,0,0,0,0,0
8060,0,0,0,0,0,0,0
9610483,0,0,0,0,0,0,0
112164,0,0,0,0,0,0,0
212172,0,0,0,0,0,0,0
111356,0,0,0,0,0,0,0
9406415,0,0,0,0,0,0,0
9411421,2,2,0,0,2,0,0
9410314,0,0,0,0,0,0,0
110058,0,0,0,0,0,0,0
9706539,1,1,0,0,1,0,0
9412223,1,1,0,0,1,0,0
210208,0,0,0,0,0,0,0
9712264,0,0,0,0,0,0,0
9907402,0,0,0,0,0,0,0
9704356,0,0,0,0,0,0,0
9611252,0,0,0,0,0,0,0
201050,2,1,1,1,2,0,0
101315,0,0,0,0,0,0,0
205178,0,0,0,0,0,0,0
210141,0,0,0,0,0,0,0
7106,0,0,0,0,0,0,0
209157,0,0,0,0,0,0,0
9507313,0,0,0,0,0,0,0
302066,0,0,0,0,0,0,0
9207243,0,0,0,0,0,0,0
9605402,0,0,0,0,0,0,0
206114,0,0,0,0,0,0,0
301086,0,0,0,0,0,0,0
9510214,0,0,0,0,0,0,0
211298,0,0,0,0,0,0,0
301141,0,0,0,0,0,0,0
4082,0,0,0,0,0,0,0
9612488,0,0,0,0,0,0,0
9811389,0,0,0,0,0,0,0
9907441,0,0,0,0,0,0,0
105075,0,0,0,0,0,0,0
207249,0,0,0,0,0,0,0
2139,0,0,0,0,0,0,0
4017,0,0,0,0,0,0,0
204320,0,0,0,0,0,0,0
212170,0,0,0,0,0,0,0
211055,0,0,0,0,0,0,0
111036,0,0,0,0,0,0,0
204241,0,0,0,0,0,0,0
212287,0,0,0,0,0,0,0
112133,1,1,0,0,0,1,3
101118,11,2,9,21,0,11,48
9706260,50,2,48,369,1,49,329
9311370,15,3,12,51,15,0,0
9606397,7,3,4,8,1,6,18
9704312,17,2,15,49,4,13,24
9903394,11,3,8,20,4,7,12
9312324,23,2,21,83,12,11,11
9812349,8,2,6,12,0,8,27
1002,57,7,50,313,1,56,629
101165,10,3,7,13,1,9,29
9507269,13,3,10,32,3,10,21
9301295,6,3,3,5,1,5,5
9607319,21,4,17,50,0,21,61
9403259,3,3,0,0,0,3,5
9308363,33,5,28,124,4,29,29
9807319,29,2,27,164,0,29,111
9809508,7,2,5,5,7,0,0
9706281,43,4,39,310,0,43,150
9808355,42,5,37,238,0,42,394
9507371,22,3,19,64,1,21,50
9806376,6,5,1,2,0,6,47
9712291,20,2,18,77,0,20,54
2060,18,3,15,56,0,18,70
9801321,8,2,6,20,2,6,9
9804261,8,2,6,12,0,8,49
9601243,35,9,26,87,0,35,241
9705392,16,3,13,46,2,14,16
3007,1,1,0,0,0,1,4
9610374,0,0,0,0,0,0,0
9602381,50,3,47,394,3,47,78
9308272,39,9,30,164,39,0,0
9209279,45,5,40,316,45,0,0
9705304,57,1,56,320,2,55,88
12371,10,3,7,15,1,9,95
9811335,16,1,15,45,0,16,210
9607397,54,6,48,366,0,54,326
9704307,11,3,8,19,0,11,168
9608450,11,1,10,29,4,7,7
9508314,7,1,6,7,3,4,5
9411296,26,5,21,79,3,23,103
9804254,23,5,18,100,0,23,99
9307322,50,2,48,327,18,32,89
105308,8,2,6,10,0,8,24
201117,1,1,0,0,0,1,3
9303309,55,3,52,489,55,0,0
6107,0,0,0,0,0,0,0
9609512,22,7,15,51,1,21,68
9906286,17,3,14,43,0,17,107
9603208,54,2,52,482,0,54,579
9603388,17,3,14,50,2,15,48
9411307,24,1,23,80,7,17,42
9708344,9,2,7,16,1,8,41
9604399,0,0,0,0,0,0,0
9607374,2,2,0,0,0,2,2
9707362,20,3,17,62,0,20,20
9610215,1,1,0,0,0,1,3
9811465,2,1,1,1,0,2,20
9709270,5,4,1,1,0,5,16
9308342,8,4,4,4,8,0,0
6346,7,2,5,11,0,7,37
3146,8,4,4,7,1,7,27
9703404,24,1,23,140,6,18,31
9503486,24,5,19,68,20,4,4
9507437,13,3,10,27,0,13,63
7343,0,0,0,0,0,0,0
9404270,63,9,54,412,26,37,64
9604398,26,2,24,91,8,18,50
9805292,12,2,10,27,0,12,51
9501229,6,1,5,6,1,5,5
9707342,17,6,11,21,0,17,52
9905337,38,2,36,201,2,36,192
9509409,15,3,12,25,0,15,46
9804453,9,1,8,29,0,9,64
9603317,9,4,5,9,0,9,37
9901201,24,2,22,163,0,24,136
9704258,14,2,12,34,8,6,6
11394,11,4,7,16,0,11,119
2277,18,4,14,84,0,18,192
9307330,12,3,9,28,1,11,34
9908320,10,4,6,10,0,10,35
3215,2,2,0,0,0,2,33
9411206,8,3,5,8,8,0,0
9603414,16,5,11,18,0,16,81
9511289,11,1,10,29,11,0,0
9810535,28,1,27,122,0,28,186
1122,18,3,15,65,0,18,35
9706408,13,3,10,25,0,13,53
9708443,3,3,0,0,0,3,16
9604339,3,2,1,2,1,2,8
9806301,5,2,3,5,1,4,22
9703294,5,2,3,4,0,5,5
9603430,34,6,28,186,9,25,25
9704384,5,2,3,3,1,4,9
9804428,11,4,7,10,0,11,38
9902243,8,1,7,13,0,8,22
9409203,17,3,14,42,0,17,33
6006,3,1,2,3,0,3,17
9412203,5,1,4,5,5,0,0
9506217,21,5,16,55,0,21,88
9911272,1,1,0,0,0,1,10
9808410,18,2,16,46,0,18,105
9910242,34,8,26,77,34,0,0
9703234,2,1,1,1,0,2,31
102157,69,4,65,683,0,69,322
102176,17,2,15,81,1,16,16
9709322,44,3,41,186,0,44,90
9903501,22,3,19,106,0,22,110
9911245,24,6,18,74,0,24,282
9906394,5,2,3,4,0,5,33
9807360,25,1,24,97,14,11,16
9906456,9,4,5,14,0,9,217
9305282,29,3,26,96,5,24,70
9246,8,3,5,13,4,4,4
9903361,2,2,0,0,0,2,14
9406430,8,3,5,12,3,5,11
9712541,7,1,6,15,1,6,6
9506226,18,4,14,33,1,17,26
5221,4,3,1,1,0,4,31
9911349,15,3,12,33,0,15,37
9812486,42,3,39,471,0,42,433
9512418,8,5,3,4,1,7,13
11270,11,5,6,9,0,11,103
211169,1,1,0,0,0,1,17
9807528,15,4,11,31,0,15,87
111099,37,3,34,279,0,37,260
112061,17,1,16,67,0,17,49
9703233,6,2,4,6,0,6,42
7267,7,3,4,8,1,6,6
9908358,12,3,9,25,0,12,257
205247,3,2,1,1,0,3,16
104051,8,3,5,14,0,8,55
5265,1,1,0,0,0,1,10
9703240,29,2,27,101,29,0,0
3149,6,1,5,8,0,6,20
103017,1,1,0,0,0,1,2
8127,5,1,4,6,0,5,43
203004,1,1,0,0,1,0,0
11017,1,1,0,0,0,1,15
9402299,7,1,6,11,0,7,44
8214,16,3,13,48,0,16,134
9406386,71,4,67,601,24,47,69
9605295,22,4,18,55,0,22,75
9507289,10,5,5,10,0,10,36
9702333,14,1,13,40,0,14,18
9504334,9,1,8,27,9,0,0
9304223,22,1,21,79,22,0,0
9511342,15,3,12,46,2,13,13
8071,6,1,5,6,0,6,40
9710354,27,4,23,78,1,26,98
9210218,18,4,14,43,18,0,0
9302234,11,5,6,12,6,5,6
105064,28,5,23,85,1,27,94
9604441,34,2,32,174,9,25,40
9812266,7,4,3,3,0,7,20
105008,12,3,9,16,0,12,170
9602378,13,2,11,48,7,6,6
9610432,4,1,3,3,0,4,4
104198,9,3,6,13,0,9,70
9710374,10,3,7,14,1,9,41
9808335,1,1,0,0,0,1,1
9402214,23,10,13,34,0,23,44
9912386,0,0,0,0,0,0,0
9805443,1,1,0,0,0,1,2
9512244,10,5,5,15,0,10,34
9808479,14,4,10,18,0,14,67
9510457,8,2,6,7,0,8,44
9607275,11,1,10,30,0,11,22
9609263,6,5,1,3,1,5,34
9710541,2,2,0,0,0,2,28
9607205,6,1,5,7,0,6,6
9401267,10,2,8,16,1,9,25
9707322,4,1,3,3,0,4,8
9707532,45,2,43,293,3,42,264
9410282,45,6,39,187,19,26,35
9609209,6,5,1,1,0,6,35
9906296,36,2,34,197,0,36,101
9504434,9,3,6,14,4,5,5
104131,3,3,0,0,0,3,24
9905327,1,1,0,0,0,1,2
9607279,5,3,2,4,1,4,7
12134,9,2,7,19,1,8,18
9707210,1,1,0,0,0,1,1
9410338,30,2,28,97,0,30,48
9809529,2,2,0,0,0,2,37
9902482,29,11,18,39,0,29,389
101160,0,0,0,0,0,0,0
9910481,11,1,10,35,0,11,78
9306260,15,6,9,29,15,0,0
9802381,42,4,38,240,0,42,328
9612287,11,5,6,12,11,0,0
9409342,1,1,0,0,0,1,4
9707489,5,3,2,2,0,5,38
9403395,4,1,3,5,4,0,0
9403208,26,3,23,109,26,0,0
9405391,11,3,8,14,3,8,8
9903337,12,6,6,14,0,12,73
9905406,10,3,7,14,0,10,29
4181,7,3,4,6,0,7,23
9412397,1,1,0,0,0,1,2
9909418,20,1,19,81,0,20,296
9910456,7,4,3,5,0,7,22
9909292,23,1,22,83,3,20,35
9809346,9,3,6,16,0,9,43
9304272,6,3,3,5,6,0,0
9304211,24,3,21,78,24,0,0
9408250,10,6,4,12,0,10,15
9704354,5,1,4,9,0,5,25
9706436,5,4,1,1,0,5,5
204066,0,0,0,0,0,0,0
9807542,1,1,0,0,1,0,0
11049,3,2,1,1,1,2,16
9609265,5,4,1,3,0,5,9
9907452,2,1,1,1,1,1,1
12097,8,5,3,7,5,3,3
9406375,3,2,1,1,2,1,1
9804305,1,1,0,0,0,1,3
9607273,3,1,2,3,0,3,19
1170,0,0,0,0,0,0,0
9710382,12,6,6,13,4,8,8
9509324,17,2,15,41,17,0,0
9711344,4,1,3,4,1,3,3
9805436,4,1,3,5,0,4,20
9703357,8,1,7,16,8,0,0
107144,8,3,5,9,0,8,146
9509267,3,1,2,2,1,2,2
9207253,13,8,5,17,13,0,0
9405424,5,3,2,3,5,0,0
9602208,22,1,21,107,1,21,65
9712494,3,3,0,0,0,3,17
109064,16,2,14,44,0,16,66
9703430,0,0,0,0,0,0,0
8134,4,2,2,3,0,4,21
9912201,1,1,0,0,0,1,1
9311348,1,1,0,0,1,0,0
11153,3,3,0,0,0,3,20
9406337,5,3,2,3,5,0,0
9902469,1,1,0,0,0,1,5
207015,1,1,0,0,0,1,3
9910213,3,2,1,1,0,3,12
9507428,4,1,3,5,4,0,0
9707208,20,7,13,24,1,19,35
106190,28,3,25,149,0,28,106
9902217,11,6,5,9,6,5,12
10058,5,3,2,3,0,5,21
9504392,0,0,0,0,0,0,0
9607296,4,3,1,1,0,4,29
9703438,6,4,2,3,0,6,36
201133,2,1,1,1,0,2,11
9604279,10,3,7,13,0,10,28
9603267,8,1,7,15,1,7,14
1175,14,1,13,36,0,14,64
9911379,9,1,8,12,0,9,46
108176,2,1,1,1,0,2,5
9905441,20,2,18,68,0,20,242
102207,4,2,2,3,0,4,8
9801442,8,3,5,6,3,5,7
9606213,10,2,8,18,0,10,21
9710223,39,3,36,139,0,39,104
9101,8,4,4,5,0,8,19
9810253,8,3,5,12,1,7,7
107123,9,3,6,8,0,9,35
206077,8,5,3,6,0,8,142
209131,2,1,1,1,0,2,14
9206244,10,3,7,14,10,0,0
107084,2,1,1,1,0,2,6
12229,3,2,1,1,0,3,8
111078,8,2,6,10,0,8,53
9910497,1,1,0,0,0,1,8
9712239,5,3,2,3,0,5,33
9407350,17,1,16,45,17,0,0
12289,14,5,9,27,6,8,9
9503332,15,2,13,38,2,13,37
9804309,15,3,12,29,5,10,10
9712497,12,1,11,27,0,12,61
9312343,7,1,6,18,7,0,0
9911289,20,4,16,51,0,20,137
106230,5,3,2,2,0,5,23
9903472,2,2,0,0,0,2,9
9712504,9,5,4,11,0,9,45
5118,7,3,4,11,0,7,113
9502312,7,7,0,0,7,0,0
9708405,5,4,1,2,0,5,34
9504335,3,1,2,3,3,0,0
5293,13,5,8,29,0,13,57
9812412,7,1,6,20,0,7,39
9708311,20,6,14,46,0,20,48
9506443,0,0,0,0,0,0,0
9612366,1,1,0,0,1,0,0
9909284,8,5,3,5,0,8,37
9508293,2,2,0,0,0,2,18
210162,0,0,0,0,0,0,0
9612390,15,1,14,61,0,15,15
9805204,2,1,1,1,0,2,8
4110,10,1,9,25,0,10,29
9712368,0,0,0,0,0,0,0
11155,2,2,0,0,0,2,11
6084,1,1,0,0,0,1,6
9307323,3,2,1,2,3,0,0
9610408,10,2,8,26,0,10,65
211123,0,0,0,0,0,0,0
9705447,5,3,2,3,0,5,11
9812201,2,1,1,1,0,2,16
9501360,2,2,0,0,0,2,4
9908469,2,2,0,0,0,2,26
8290,9,3,6,12,0,9,43
9802372,3,2,1,2,0,3,9
9806232,35,6,29,133,0,35,290
105317,0,0,0,0,0,0,0
9906223,12,5,7,17,0,12,23
9601322,3,1,2,2,3,0,0
9504379,13,4,9,20,13,0,0
9406227,33,1,32,216,2,31,184
9905440,3,1,2,2,3,0,0
10013,2,2,0,0,0,2,2
9306271,8,4,4,6,8,0,0
9406340,8,4,4,5,8,0,0
109061,3,3,0,0,0,3,9
9508387,3,1,2,2,1,2,2
9907574,1,1,0,0,0,1,2
9401271,10,2,8,28,10,0,0
11366,2,2,0,0,0,2,6
9506345,3,2,1,1,2,1,1
9710337,17,3,14,59,5,12,12
3072,3,1,2,2,0,3,10
2127,12,5,7,28,0,12,108
109114,0,0,0,0,0,0,0
110335,0,0,0,0,0,0,0
9610295,4,1,3,3,1,3,4
5142,3,2,1,1,0,3,39
9308241,11,6,5,11,11,0,0
7010,8,5,3,3,0,8,64
9805397,4,2,2,3,1,3,8
9702226,8,4,4,4,0,8,21
9610302,1,1,0,0,0,1,1
109100,4,3,1,1,0,4,18
12137,10,1,9,22,1,9,19
9712354,1,1,0,0,1,0,0
9509231,4,2,2,2,1,3,4
9309319,3,1,2,3,3,0,0
9611261,0,0,0,0,0,0,0
208027,1,1,0,0,0,1,12
9149,3,3,0,0,0,3,7
5090,2,1,1,1,0,2,10
9607240,3,2,1,1,3,0,0
205008,2,1,1,1,0,2,2
9804301,6,1,5,8,0,6,7
9908431,0,0,0,0,0,0,0
9910342,6,3,3,4,0,6,24
201209,1,1,0,0,0,1,14
111299,5,2,3,4,0,5,15
9312,1,1,0,0,1,0,0
9711403,13,2,11,33,13,0,0
9905557,3,2,1,1,0,3,7
9703431,0,0,0,0,0,0,0
9266,3,1,2,3,0,3,21
9606385,3,1,2,2,0,3,7
9712508,14,2,12,31,0,14,80
9803372,6,3,3,3,2,4,5
9601321,7,2,5,14,2,5,5
9704380,13,2,11,36,0,13,139
9808450,1,1,0,0,0,1,1
1034,4,2,2,3,1,3,13
9706491,3,1,2,3,0,3,12
9612380,4,3,1,1,0,4,15
5223,4,4,0,0,0,4,23
9809485,5,2,3,5,5,0,0
9806265,1,1,0,0,0,1,1
6327,0,0,0,0,0,0,0
9906462,12,1,11,28,0,12,56
9404243,8,2,6,13,2,6,6
9806541,8,1,7,9,2,6,17
9408271,0,0,0,0,0,0,0
9406357,11,2,9,29,11,0,0
9909542,26,3,23,116,0,26,340
106139,8,6,2,3,0,8,85
9705318,11,2,9,27,2,9,19
9910204,14,1,13,56,0,14,34
9411280,4,4,0,0,0,4,11
9802396,4,3,1,2,0,4,8
207366,0,0,0,0,0,0,0
6185,4,1,3,6,0,4,4
9509357,0,0,0,0,0,0,0
9609445,34,4,30,102,2,32,69
8157,3,3,0,0,0,3,8
9412246,2,1,1,1,2,0,0
9404336,3,3,0,0,3,0,0
9503226,8,2,6,10,8,0,0
209128,1,1,0,0,1,0,0
9508306,2,1,1,1,2,0,0
9911393,4,1,3,3,0,4,6
104190,1,1,0,0,0,1,1
104057,6,2,4,6,0,6,55
9602352,10,2,8,11,4,6,9
9701387,3,3,0,0,0,3,11
107145,0,0,0,0,0,0,0
103295,12,6,6,9,0,12,40
9606305,6,1,5,9,2,4,10
210173,4,1,3,3,0,4,59
9706519,2,1,1,1,0,2,29
9301265,11,5,6,11,11,0,0
9704419,4,2,2,2,4,0,0
9304292,2,2,0,0,2,0,0
6063,2,1,1,1,0,2,10
9608451,2,1,1,1,2,0,0
9501262,6,4,2,3,6,0,0
10227,2,1,1,1,0,2,13
9503396,3,1,2,2,0,3,3
7008,9,4,5,11,0,9,62
110275,7,2,5,9,0,7,127
107204,3,2,1,1,0,3,36
9506389,4,2,2,5,0,4,4
9912360,0,0,0,0,0,0,0
9807488,10,4,6,12,0,10,41
9610266,1,1,0,0,0,1,15
9602212,1,1,0,0,0,1,1
106125,3,2,1,1,0,3,27
111373,0,0,0,0,0,0,0
9912289,4,3,1,1,1,3,4
105046,3,2,1,1,0,3,24
9401335,4,1,3,4,4,0,0
107056,11,2,9,23,1,10,38
9903218,8,1,7,14,0,8,46
9911283,10,2,8,14,4,6,10
9609521,2,2,0,0,0,2,7
204206,1,1,0,0,0,1,3
9701296,10,2,8,14,1,9,19
9409231,0,0,0,0,0,0,0
9608210,7,2,5,6,7,0,0
9612396,4,2,2,2,0,4,4
9602273,5,2,3,3,0,5,20
205068,4,1,3,3,0,4,81
9505279,12,3,9,25,12,0,0
9611228,4,3,1,2,0,4,26
9208253,6,3,3,4,6,0,0
111010,0,0,0,0,0,0,0
9702330,1,1,0,0,1,0,0
9611325,11,3,8,35,0,11,41
9908526,7,2,5,12,5,2,2
9604290,2,1,1,1,0,2,13
9809386,0,0,0,0,0,0,0
9905267,0,0,0,0,0,0,0
6142,1,1,0,0,1,0,0
101253,1,1,0,0,0,1,2
9906444,1,1,0,0,0,1,3
2266,6,1,5,9,2,4,12
211349,0,0,0,0,0,0,0
9907303,0,0,0,0,0,0,0
207211,1,1,0,0,0,1,4
9603321,0,0,0,0,0,0,0
9408212,4,1,3,4,2,2,3
9705246,4,3,1,2,0,4,7
9609201,4,1,3,4,0,4,7
10007,2,2,0,0,0,2,9
9507245,4,3,1,1,4,0,0
4133,0,0,0,0,0,0,0
104211,3,2,1,1,3,0,0
111315,13,3,10,19,0,13,95
9906357,8,1,7,14,1,7,13
9710411,0,0,0,0,0,0,0
9905302,4,2,2,3,0,4,9
9611276,1,1,0,0,0,1,2
9808300,0,0,0,0,0,0,0
302060,0,0,0,0,0,0,0
9701375,3,2,1,1,0,3,3
111105,0,0,0,0,0,0,0
105061,6,3,3,8,0,6,67
9707286,12,2,10,36,12,0,0
9805239,3,1,2,3,0,3,7
9611282,5,2,3,5,0,5,13
9408301,1,1,0,0,0,1,1
110273,1,1,0,0,0,1,4
9411439,5,3,2,2,1,4,8
9708460,5,3,2,2,0,5,17
9804231,5,3,2,2,1,4,15
9907322,8,2,6,25,2,6,19
9358,6,1,5,10,0,6,30
9810387,1,1,0,0,0,1,6
9301271,10,2,8,22,10,0,0
212021,0,0,0,0,0,0,0
9610439,3,1,2,2,1,2,2
9804266,1,1,0,0,0,1,7
9906231,3,2,1,1,2,1,1
208214,2,1,1,1,0,2,34
209231,0,0,0,0,0,0,0
9709309,0,0,0,0,0,0,0
9309202,0,0,0,0,0,0,0
9911372,1,1,0,0,0,1,6
9603239,6,5,1,1,6,0,0
9511295,4,2,2,3,2,2,2
9308324,3,3,0,0,3,0,0
207171,0,0,0,0,0,0,0
9804455,4,1,3,3,3,1,2
9908423,4,3,1,1,0,4,11
9711425,1,1,0,0,0,1,3
9607479,2,1,1,1,0,2,6
9508415,2,2,0,0,1,1,1
9703396,2,1,1,1,0,2,2
10222,1,1,0,0,1,0,0
9508327,3,2,1,1,0,3,9
9407250,3,2,1,1,0,3,5
9711410,2,1,1,1,0,2,10
10080,7,5,2,2,0,7,67
9903420,2,1,1,1,0,2,7
9602412,7,5,2,3,0,7,14
9147,4,4,0,0,0,4,36
11201,4,4,0,0,0,4,27
9806380,1,1,0,0,0,1,2
10014,0,0,0,0,0,0,0
9507210,6,3,3,4,6,0,0
10063,2,1,1,1,0,2,17
9708291,2,1,1,1,1,1,1
9802297,1,1,0,0,1,0,0
108174,1,1,0,0,0,1,11
9411358,5,5,0,0,3,2,2
9708408,1,1,0,0,0,1,3
9601266,1,1,0,0,1,0,0
210410,1,1,0,0,0,1,12
107018,2,1,1,1,1,1,1
206308,7,1,6,16,0,7,55
8230,0,0,0,0,0,0,0
9812523,5,2,3,5,0,5,27
9506254,5,1,4,7,4,1,1
7129,6,2,4,6,0,6,36
9907511,3,1,2,3,0,3,10
209301,5,4,1,1,1,4,9
9136,2,1,1,1,0,2,10
9903426,3,2,1,2,0,3,25
9707529,0,0,0,0,0,0,0
9609334,2,1,1,1,0,2,6
9609376,2,1,1,1,2,0,0
9307250,9,3,6,11,9,0,0
9602438,10,9,1,1,0,10,29
9606440,3,2,1,2,0,3,12
9503350,2,2,0,0,0,2,5
9609250,6,1,5,6,0,6,13
9910352,8,3,5,14,0,8,31
9803323,6,3,3,4,5,1,2
9905261,1,1,0,0,1,0,0
9802326,0,0,0,0,0,0,0
9708369,6,3,3,8,0,6,37
4023,1,1,0,0,0,1,3
210289,5,4,1,1,0,5,59
101053,2,2,0,0,0,2,3
108162,1,1,0,0,0,1,2
9910435,6,1,5,8,1,5,10
103270,1,1,0,0,0,1,1
9908244,3,2,1,2,0,3,13
109093,5,2,3,7,0,5,13
112148,2,2,0,0,1,1,1
201029,0,0,0,0,0,0,0
9506455,2,1,1,1,0,2,10
9809399,1,1,0,0,0,1,4
103193,0,0,0,0,0,0,0
9803227,9,5,4,7,0,9,62
9802384,7,2,5,12,1,6,6
9509421,1,1,0,0,1,0,0
9193,0,0,0,0,0,0,0
9812395,1,1,0,0,0,1,1
9411337,5,2,3,5,5,0,0
9409445,3,2,1,1,1,2,6
2098,4,3,1,1,0,4,5
9608320,3,2,1,1,0,3,3
9906332,1,1,0,0,0,1,2
9801392,7,2,5,7,7,0,0
101286,6,3,3,6,6,0,0
9909322,3,2,1,1,3,0,0
9108,2,1,1,1,0,2,12
9809354,3,1,2,3,3,0,0
1058,4,2,2,2,1,3,3
9407290,5,4,1,3,0,5,21
9805230,1,1,0,0,0,1,2
9311323,1,1,0,0,1,0,0
9507300,0,0,0,0,0,0,0
9401314,3,3,0,0,3,0,0
9609373,2,1,1,1,2,0,0
9902432,1,1,0,0,0,1,2
209190,6,2,4,8,0,6,45
9509407,2,1,1,1,2,0,0
9801245,4,2,2,2,0,4,7
110087,0,0,0,0,0,0,0
9286,9,4,5,11,0,9,38
7075,2,2,0,0,1,1,4
9901249,0,0,0,0,0,0,0
210150,3,1,2,2,0,3,61
9509372,2,2,0,0,2,0,0
7105,2,2,0,0,1,1,1
9703378,5,3,2,4,0,5,12
9609211,0,0,0,0,0,0,0
9501320,2,1,1,1,2,0,0
204273,0,0,0,0,0,0,0
8307,1,1,0,0,0,1,2
9903366,0,0,0,0,0,0,0
9904494,5,3,2,2,0,5,6
9512213,3,2,1,1,0,3,8
9811303,5,2,3,6,3,2,2
9809300,2,2,0,0,1,1,1
9811423,1,1,0,0,0,1,1
9406283,3,3,0,0,3,0,0
9905291,6,2,4,7,0,6,13
9704440,3,1,2,2,0,3,4
209269,6,3,3,4,0,6,96
11206,6,2,4,8,3,3,5
11114,3,2,1,1,0,3,18
9302235,2,2,0,0,2,0,0
9808308,1,1,0,0,0,1,2
9707508,1,1,0,0,0,1,1
9903352,1,1,0,0,0,1,2
9208224,1,1,0,0,1,0,0
111060,2,1,1,1,0,2,26
9904349,0,0,0,0,0,0,0
107038,3,3,0,0,0,3,9
9910512,2,1,1,1,0,2,3
9710456,1,1,0,0,1,0,0
110141,0,0,0,0,0,0,0
9211240,2,2,0,0,2,0,0
301011,1,1,0,0,0,1,4
302034,0,0,0,0,0,0,0
9810506,1,1,0,0,0,1,5
301167,2,1,1,1,0,2,30
104183,3,2,1,2,0,3,7
9710407,3,3,0,0,0,3,11
8260,3,2,1,1,0,3,7
110209,1,1,0,0,1,0,0
9902357,0,0,0,0,0,0,0
9607267,0,0,0,0,0,0,0
9304320,4,2,2,2,4,0,0
102048,5,1,4,9,0,5,35
9605448,4,2,2,3,4,0,0
107225,3,2,1,1,0,3,9
9907353,1,1,0,0,1,0,0
9406409,0,0,0,0,0,0,0
109206,2,1,1,1,0,2,3
208239,0,0,0,0,0,0,0
6313,1,1,0,0,1,0,0
9904254,0,0,0,0,0,0,0
9903222,6,1,5,8,0,6,6
9612372,0,0,0,0,0,0,0
1247,1,1,0,0,0,1,7
9810495,3,3,0,0,2,1,2
105045,1,1,0,0,0,1,8
9605407,4,3,1,1,0,4,9
112199,4,2,2,2,0,4,52
208075,0,0,0,0,0,0,0
202242,1,1,0,0,0,1,6
210060,1,1,0,0,0,1,11
11330,0,0,0,0,0,0,0
302049,1,1,0,0,0,1,10
211227,0,0,0,0,0,0,0
9801359,0,0,0,0,0,0,0
9902296,4,3,1,1,4,0,0
9806369,1,1,0,0,1,0,0
111296,2,1,1,1,0,2,4
9911319,0,0,0,0,0,0,0
9506376,1,1,0,0,0,1,2
210180,1,1,0,0,1,0,0
9707303,3,2,1,1,3,0,0
9812262,1,1,0,0,0,1,1
9908494,0,0,0,0,0,0,0
6314,1,1,0,0,0,1,8
201144,2,1,1,1,0,2,2
9706393,2,2,0,0,0,2,7
9911227,4,3,1,1,3,1,2
9702217,0,0,0,0,0,0,0
9905485,3,1,2,2,0,3,4
104197,1,1,0,0,0,1,5
9603295,0,0,0,0,0,0,0
9501295,0,0,0,0,0,0,0
9404339,3,2,1,1,3,0,0
9603360,0,0,0,0,0,0,0
9305337,3,2,1,1,3,0,0
9610399,2,1,1,1,0,2,4
9805203,0,0,0,0,0,0,0
9902425,0,0,0,0,0,0,0
9508294,3,1,2,3,3,0,0
8093,1,1,0,0,0,1,4
9704329,4,1,3,5,0,4,12
9902348,4,3,1,2,1,3,7
9412358,1,1,0,0,0,1,3
203187,1,1,0,0,0,1,1
211025,0,0,0,0,0,0,0
9506299,4,2,2,3,1,3,3
9809561,0,0,0,0,0,0,0
9303282,0,0,0,0,0,0,0
9804344,2,2,0,0,2,0,0
3092,1,1,0,0,1,0,0
208174,0,0,0,0,0,0,0
102167,0,0,0,0,0,0,0
112144,2,1,1,1,0,2,26
9606369,8,7,1,1,4,4,4
210218,0,0,0,0,0,0,0
9912508,2,2,0,0,0,2,2
9510400,0,0,0,0,0,0,0
9402319,2,2,0,0,0,2,2
9502204,3,2,1,1,3,0,0
105014,4,4,0,0,0,4,87
9709207,3,1,2,3,0,3,11
9510381,2,2,0,0,1,1,1
9303323,2,2,0,0,2,0,0
9911387,1,1,0,0,0,1,4
209052,1,1,0,0,0,1,3
9709285,0,0,0,0,0,0,0
4070,2,1,1,1,0,2,15
108076,2,1,1,1,0,2,8
9507455,1,1,0,0,0,1,3
9302,6,2,4,7,6,0,0
9507297,0,0,0,0,0,0,0
109003,0,0,0,0,0,0,0
9412264,1,1,0,0,0,1,1
207244,1,1,0,0,0,1,3
101210,2,2,0,0,2,0,0
204063,1,1,0,0,0,1,11
9909201,1,1,0,0,0,1,3
9406402,6,4,2,2,2,4,4
9605311,1,1,0,0,0,1,1
9301245,2,2,0,0,2,0,0
102277,1,1,0,0,1,0,0
202139,2,2,0,0,2,0,0
9712444,1,1,0,0,1,0,0
103106,4,4,0,0,4,0,0
9502267,1,1,0,0,1,0,0
9910319,0,0,0,0,0,0,0
212104,0,0,0,0,0,0,0
110316,1,1,0,0,0,1,8
107009,3,1,2,3,0,3,26
9704284,0,0,0,0,0,0,0
9612213,6,4,2,2,4,2,4
9711222,0,0,0,0,0,0,0
205063,0,0,0,0,0,0,0
202211,4,1,3,6,3,1,3
211145,1,1,0,0,0,1,1
102079,0,0,0,0,0,0,0
9404292,2,1,1,1,2,0,0
9904361,1,1,0,0,0,1,9
9810539,2,1,1,1,1,1,1
9204239,2,1,1,1,2,0,0
101220,2,2,0,0,0,2,4
9912456,0,0,0,0,0,0,0
209036,0,0,0,0,0,0,0
9309275,1,1,0,0,1,0,0
102153,3,1,2,3,0,3,31
9703274,1,1,0,0,0,1,1
9804435,1,1,0,0,0,1,1
9712411,5,2,3,7,1,4,4
11124,8,4,4,6,7,1,1
6190,1,1,0,0,0,1,28
205262,2,1,1,1,0,2,8
8267,1,1,0,0,0,1,2
9411306,0,0,0,0,0,0,0
108149,3,1,2,2,0,3,6
9503466,1,1,0,0,1,0,0
207077,0,0,0,0,0,0,0
9609347,0,0,0,0,0,0,0
9712511,0,0,0,0,0,0,0
212208,1,1,0,0,0,1,1
9912246,1,1,0,0,0,1,2
9302255,3,3,0,0,3,0,0
9505287,2,1,1,1,2,0,0
3269,4,3,1,2,3,1,1
9505372,4,2,2,2,4,0,0
201215,0,0,0,0,0,0,0
9911532,1,1,0,0,1,0,0
211411,0,0,0,0,0,0,0
9605458,0,0,0,0,0,0,0
9805205,1,1,0,0,1,0,0
2142,0,0,0,0,0,0,0
9811425,4,4,0,0,4,0,0
9710470,0,0,0,0,0,0,0
302266,0,0,0,0,0,0,0
208165,0,0,0,0,0,0,0
9410370,2,2,0,0,0,2,4
301095,1,1,0,0,0,1,6
9812279,0,0,0,0,0,0,0
9606232,0,0,0,0,0,0,0
9804264,3,3,0,0,3,0,0
210396,1,1,0,0,0,1,2
9607248,7,2,5,10,7,0,0
9512305,0,0,0,0,0,0,0
5254,1,1,0,0,0,1,5
111175,1,1,0,0,0,1,3
9307313,0,0,0,0,0,0,0
9712405,0,0,0,0,0,0,0
9307335,2,2,0,0,2,0,0
301156,0,0,0,0,0,0,0
104250,1,1,0,0,0,1,9
9903458,2,2,0,0,0,2,3
9057,0,0,0,0,0,0,0
107269,0,0,0,0,0,0,0
6061,2,1,1,1,2,0,0
210017,0,0,0,0,0,0,0
9410289,1,1,0,0,1,0,0
9808313,0,0,0,0,0,0,0
302121,0,0,0,0,0,0,0
9407331,0,0,0,0,0,0,0
9710351,0,0,0,0,0,0,0
9412312,1,1,0,0,0,1,1
111408,0,0,0,0,0,0,0
9407376,3,3,0,0,3,0,0
110321,2,1,1,1,0,2,2
9912279,1,1,0,0,0,1,5
9805505,0,0,0,0,0,0,0
9807240,3,3,0,0,1,2,2
9906405,0,0,0,0,0,0,0
106137,1,1,0,0,0,1,1
9810368,1,1,0,0,1,0,0
9409435,0,0,0,0,0,0,0
9902202,0,0,0,0,0,0,0
201156,2,2,0,0,0,2,28
9805412,1,1,0,0,1,0,0
212191,0,0,0,0,0,0,0
9607209,3,2,1,1,3,0,0
9712376,1,1,0,0,1,0,0
4157,0,0,0,0,0,0,0
6186,0,0,0,0,0,0,0
9807476,2,2,0,0,2,0,0
9702413,4,2,2,2,4,0,0
9606228,0,0,0,0,0,0,0
9907306,0,0,0,0,0,0,0
208097,0,0,0,0,0,0,0
9504203,1,1,0,0,1,0,0
9709235,0,0,0,0,0,0,0
12147,0,0,0,0,0,0,0
212389,0,0,0,0,0,0,0
9408298,2,1,1,1,2,0,0
12190,0,0,0,0,0,0,0
9212311,2,2,0,0,2,0,0
9812312,0,0,0,0,0,0,0
9807306,0,0,0,0,0,0,0
106341,1,1,0,0,0,1,1
209180,0,0,0,0,0,0,0
9801450,0,0,0,0,0,0,0
8247,1,1,0,0,0,1,12
105098,0,0,0,0,0,0,0
302263,0,0,0,0,0,0,0
9904205,0,0,0,0,0,0,0
109271,0,0,0,0,0,0,0
12065,0,0,0,0,0,0,0
9810431,0,0,0,0,0,0,0
112301,0,0,0,0,0,0,0
109236,0,0,0,0,0,0,0
9507369,2,2,0,0,0,2,5
103025,1,1,0,0,0,1,5
9806245,0,0,0,0,0,0,0
105055,0,0,0,0,0,0,0
1183,0,0,0,0,0,0,0
9909394,0,0,0,0,0,0,0
207328,0,0,0,0,0,0,0
9807412,1,1,0,0,0,1,7
9408283,3,2,1,1,3,0,0
9307258,0,0,0,0,0,0,0
209032,0,0,0,0,0,0,0
210149,0,0,0,0,0,0,0
112350,0,0,0,0,0,0,0
110235,1,1,0,0,0,1,1
111153,0,0,0,0,0,0,0
9508376,0,0,0,0,0,0,0
9909308,0,0,0,0,0,0,0
9505208,0,0,0,0,0,0,0
204110,0,0,0,0,0,0,0
9609283,0,0,0,0,0,0,0
1118,0,0,0,0,0,0,0
204135,2,2,0,0,2,0,0
3045,1,1,0,0,0,1,3
10120,1,1,0,0,1,0,0
9505365,0,0,0,0,0,0,0
105085,1,1,0,0,0,1,1
112229,0,0,0,0,0,0,0
9712227,0,0,0,0,0,0,0
202207,1,1,0,0,0,1,3
9712433,0,0,0,0,0,0,0
9805425,1,1,0,0,0,1,2
9708400,0,0,0,0,0,0,0
112072,0,0,0,0,0,0,0
9706405,1,1,0,0,1,0,0
9803427,0,0,0,0,0,0,0
3008,0,0,0,0,0,0,0
209242,1,1,0,0,0,1,7
9804220,0,0,0,0,0,0,0
9709217,0,0,0,0,0,0,0
9701407,2,2,0,0,2,0,0
5320,0,0,0,0,0,0,0
9802343,0,0,0,0,0,0,0
211334,1,1,0,0,0,1,6
212074,0,0,0,0,0,0,0
9258,0,0,0,0,0,0,0
9610512,0,0,0,0,0,0,0
210440,0,0,0,0,0,0,0
9910439,0,0,0,0,0,0,0
10084,0,0,0,0,0,0,0
105341,0,0,0,0,0,0,0
210063,1,1,0,0,1,0,0
208257,0,0,0,0,0,0,0
9510360,1,1,0,0,0,1,2
9808398,0,0,0,0,0,0,0
9608298,0,0,0,0,0,0,0
10313,0,0,0,0,0,0,0
105060,0,0,0,0,0,0,0
9909430,2,2,0,0,0,2,2
9198,1,1,0,0,0,1,3
9511442,0,0,0,0,0,0,0
9304221,1,1,0,0,1,0,0
11258,1,1,0,0,0,1,2
302080,0,0,0,0,0,0,0
9308326,0,0,0,0,0,0,0
9808250,2,2,0,0,2,0,0
9503458,0,0,0,0,0,0,0
9507317,0,0,0,0,0,0,0
302154,0,0,0,0,0,0,0
9805350,0,0,0,0,0,0,0
206091,0,0,0,0,0,0,0
9701405,1,1,0,0,1,0,0
10311,0,0,0,0,0,0,0
9901274,1,1,0,0,0,1,1
209119,0,0,0,0,0,0,0
211128,0,0,0,0,0,0,0
109263,0,0,0,0,0,0,0
210012,1,1,0,0,0,1,1
11284,0,0,0,0,0,0,0
9405275,0,0,0,0,0,0,0
9806460,0,0,0,0,0,0,0
9098,0,0,0,0,0,0,0
9912259,0,0,0,0,0,0,0
204045,0,0,0,0,0,0,0
9709281,0,0,0,0,0,0,0
106261,0,0,0,0,0,0,0
9709248,0,0,0,0,0,0,0
107042,1,1,0,0,1,0,0
9807416,1,1,0,0,0,1,1
9911239,1,1,0,0,1,0,0
9507333,0,0,0,0,0,0,0
9209274,1,1,0,0,1,0,0
302251,0,0,0,0,0,0,0
211098,0,0,0,0,0,0,0
302077,0,0,0,0,0,0,0
302158,0,0,0,0,0,0,0
9507214,0,0,0,0,0,0,0
9706549,0,0,0,0,0,0,0
9908215,0,0,0,0,0,0,0
9911471,3,2,1,1,3,0,0
3175,2,2,0,0,0,2,3
210055,2,2,0,0,0,2,21
211132,0,0,0,0,0,0,0
9503410,0,0,0,0,0,0,0
9610474,2,2,0,0,2,0,0
111191,0,0,0,0,0,0,0
9908250,0,0,0,0,0,0,0
9703229,0,0,0,0,0,0,0
106016,0,0,0,0,0,0,0
9905438,1,1,0,0,1,0,0
202062,0,0,0,0,0,0,0
9602437,0,0,0,0,0,0,0
9807467,0,0,0,0,0,0,0
11302,0,0,0,0,0,0,0
9404226,1,1,0,0,1,0,0
301196,0,0,0,0,0,0,0
206176,0,0,0,0,0,0,0
9506342,0,0,0,0,0,0,0
208250,0,0,0,0,0,0,0
9708277,0,0,0,0,0,0,0
9611390,0,0,0,0,0,0,0
211028,0,0,0,0,0,0,0
301258,0,0,0,0,0,0,0
9902474,0,0,0,0,0,0,0
9608236,0,0,0,0,0,0,0
212215,0,0,0,0,0,0,0
9508394,0,0,0,0,0,0,0
9904406,0,0,0,0,0,0,0
210221,0,0,0,0,0,0,0
210076,0,0,0,0,0,0,0
9310237,0,0,0,0,0,0,0
9707472,0,0,0,0,0,0,0
112258,0,0,0,0,0,0,0
9402345,0,0,0,0,0,0,0
9710360,0,0,0,0,0,0,0
9711286,1,1,0,0,1,0,0
9907244,0,0,0,0,0,0,0
211070,0,0,0,0,0,0,0
9807365,0,0,0,0,0,0,0
9812245,0,0,0,0,0,0,0
302253,1,1,0,0,0,1,2
207212,0,0,0,0,0,0,0
9508217,0,0,0,0,0,0,0
9609526,0,0,0,0,0,0,0
103191,1,1,0,0,0,1,1
9303310,1,1,0,0,1,0,0
9809389,0,0,0,0,0,0,0
9808267,0,0,0,0,0,0,0
9509397,0,0,0,0,0,0,0
207317,0,0,0,0,0,0,0
210029,0,0,0,0,0,0,0
203191,0,0,0,0,0,0,0
9501203,0,0,0,0,0,0,0
1176,0,0,0,0,0,0,0
302196,0,0,0,0,0,0,0
9511418,0,0,0,0,0,0,0
210383,1,1,0,0,0,1,1
9712528,0,0,0,0,0,0,0
110406,0,0,0,0,0,0,0
9810540,1,1,0,0,0,1,6
207233,0,0,0,0,0,0,0
106058,0,0,0,0,0,0,0
6191,0,0,0,0,0,0,0
207109,0,0,0,0,0,0,0
211003,0,0,0,0,0,0,0
201124,0,0,0,0,0,0,0
202230,0,0,0,0,0,0,0
3211,0,0,0,0,0,0,0
9901417,0,0,0,0,0,0,0
9709370,0,0,0,0,0,0,0
9710311,0,0,0,0,0,0,0
111273,0,0,0,0,0,0,0
9405358,0,0,0,0,0,0,0
208245,0,0,0,0,0,0,0
9809299,0,0,0,0,0,0,0
9409321,0,0,0,0,0,0,0
9709435,0,0,0,0,0,0,0
209011,0,0,0,0,0,0,0
301044,0,0,0,0,0,0,0
208150,0,0,0,0,0,0,0
210136,0,0,0,0,0,0,0
210365,0,0,0,0,0,0,0
1277,1,1,0,0,1,0,0
9710369,0,0,0,0,0,0,0
301164,0,0,0,0,0,0,0
2171,16,4,12,37,4,12,20
102012,6,2,4,9,0,6,45
9802300,65,3,62,562,6,59,315
9312202,10,3,7,21,10,0,0
9609326,13,4,9,20,0,13,64
9807209,10,5,5,12,5,5,8
9907462,8,1,7,14,0,8,73
9409315,15,1,14,39,9,6,16
9812377,13,4,9,23,0,13,78
9504316,75,3,72,776,11,64,176
104047,20,3,17,54,0,20,213
9304266,9,1,8,23,9,0,0
9209257,11,2,9,13,11,0,0
9611334,0,0,0,0,0,0,0
9302221,10,2,8,20,10,0,0
9406423,6,2,4,5,1,5,13
9807325,95,3,92,957,2,93,292
9809415,67,2,65,457,2,65,291
9705208,45,1,44,347,0,45,121
9809554,38,2,36,211,7,31,95
9703465,37,4,33,185,2,35,67
9807484,1,1,0,0,0,1,7
9712493,39,3,36,180,11,28,56
3208,3,1,2,3,0,3,16
9511331,7,2,5,16,7,0,0
9304241,26,2,24,152,26,0,0
9212278,40,2,38,196,40,0,0
9803244,8,1,7,18,0,8,23
9411298,8,3,5,7,8,0,0
9211310,14,4,10,26,14,0,0
9609451,19,1,18,88,19,0,0
9405259,14,3,11,28,3,11,14
9309283,59,6,53,463,59,0,0
9705320,8,2,6,16,4,4,7
102017,20,2,18,65,0,20,168
9812278,14,2,12,38,1,13,95
9607487,31,1,30,156,0,31,225
9704382,8,1,7,13,0,8,39
9702337,10,1,9,18,1,9,18
9701347,2,2,0,0,0,2,22
9506201,27,2,25,116,3,24,79
9901342,7,3,4,4,0,7,46
9505326,37,6,31,140,0,37,210
9908404,13,5,8,12,1,12,84
9907238,12,4,8,18,4,8,46
9307201,37,1,36,279,37,0,0
9501281,60,5,55,340,40,20,20
9307364,59,3,56,475,59,0,0
9604238,0,0,0,0,0,0,0
9603420,79,2,77,797,4,75,559
9207227,16,3,13,58,16,0,0
9411415,15,4,11,51,15,0,0
9703227,5,3,2,4,1,4,7
9306236,5,2,3,5,5,0,0
9808233,0,0,0,0,0,0,0
9611225,23,1,22,96,23,0,0
9501254,4,4,0,0,0,4,4
9212246,19,3,16,88,19,0,0
9402298,16,2,14,46,16,0,0
9308353,3,2,1,1,3,0,0
9402288,32,14,18,40,1,31,69
9407344,26,2,24,84,26,0,0
9712222,60,2,58,572,5,55,140
9308344,5,1,4,8,5,0,0
9508408,17,3,14,47,1,16,87
7071,1,1,0,0,0,1,3
9804381,1,1,0,0,0,1,4
9609256,25,6,19,64,3,22,63
9807396,7,2,5,12,0,7,31
9502324,19,4,15,34,1,18,57
9710436,33,1,32,159,1,32,183
9906340,42,2,40,231,0,42,228
7087,4,2,2,2,0,4,11
9606463,15,3,12,43,0,15,83
101032,16,1,15,46,1,15,66
9902483,23,3,20,79,2,21,77
9706206,27,4,23,117,1,26,127
101025,19,3,16,37,0,19,184
3185,8,3,5,8,0,8,114
9308283,7,2,5,7,0,7,20
9812305,12,4,8,27,0,12,84
108036,5,2,3,3,2,3,7
9906513,33,1,32,132,13,20,20
9502391,10,2,8,16,5,5,5
9904250,25,1,24,170,0,25,50
9811323,62,2,60,562,0,62,351
2285,32,6,26,120,0,32,205
9706439,9,2,7,13,1,8,21
9502336,26,9,17,50,3,23,27
9604406,19,2,17,57,2,17,79
9806315,24,2,22,82,4,20,73
9705362,3,1,2,3,0,3,7
9604357,16,2,14,43,0,16,29
9802351,1,1,0,0,0,1,2
9805447,8,1,7,14,0,8,29
9903279,5,1,4,4,1,4,12
9409232,14,2,12,24,0,14,49
2049,22,3,19,80,0,22,94
9503474,8,2,6,9,6,2,3
9508338,14,1,13,31,0,14,55
9501407,50,1,49,312,11,39,71
9906446,15,4,11,25,0,15,113
9906555,6,5,1,1,1,5,26
208092,0,0,0,0,0,0,0
102204,70,5,65,773,0,70,239
102180,30,2,28,266,0,30,175
9907475,17,3,14,40,0,17,95
9912324,5,2,3,3,1,4,13
202076,16,4,12,28,0,16,216
105056,10,2,8,17,0,10,66
2293,26,4,22,121,5,21,62
9908513,16,3,13,52,0,16,271
9408217,17,1,16,50,1,16,46
2008,7,2,5,11,7,0,0
8184,4,2,2,2,0,4,13
9406431,15,7,8,45,15,0,0
9911427,10,3,7,12,2,8,28
9608213,14,2,12,26,0,14,43
3035,9,3,6,11,0,9,62
9906265,10,2,8,20,0,10,168
6046,13,2,11,19,1,12,30
9606373,5,4,1,1,5,0,0
9705470,13,2,11,38,0,13,26
211412,3,3,0,0,1,2,19
9810215,13,5,8,14,0,13,99
112161,23,1,22,117,0,23,181
6041,35,7,28,96,0,35,259
9702320,5,2,3,4,1,4,27
103104,5,2,3,4,1,4,8
205106,2,1,1,1,0,2,20
3086,23,3,20,55,0,23,258
112021,3,1,2,2,0,3,32
102096,1,1,0,0,0,1,6
9703454,26,3,23,67,0,26,115
9508317,18,5,13,34,2,16,19
1039,4,1,3,4,1,3,3
9404220,14,2,12,39,11,3,5
204101,12,2,10,26,0,12,232
101212,5,2,3,3,0,5,114
9406427,15,7,8,15,0,15,83
9255,40,4,36,171,0,40,343
9407339,180,2,178,2209,86,94,135
9606410,14,5,9,20,0,14,129
9706331,1,1,0,0,0,1,3
9601262,4,3,1,1,0,4,21
9609258,3,1,2,3,0,3,3
9505201,24,5,19,75,4,20,43
9707430,30,4,26,151,10,20,24
9144,8,3,5,11,1,7,68
9803457,28,3,25,78,0,28,255
12116,9,3,6,17,0,9,52
9411290,4,2,2,3,0,4,7
9809242,12,3,9,14,0,12,35
9606314,51,2,49,267,17,34,68
9501213,29,3,26,153,18,11,14
107209,2,2,0,0,0,2,15
9603206,29,3,26,141,18,11,17
9702273,6,6,0,0,0,6,19
9811253,32,6,26,76,1,31,60
9710508,11,3,8,14,0,11,57
9406212,18,6,12,39,1,17,32
9402285,9,1,8,16,9,0,0
9403232,6,4,2,3,6,0,0
9611249,2,1,1,1,1,1,3
9601242,9,1,8,24,9,0,0
9707254,20,1,19,87,0,20,185
9601333,4,2,2,2,0,4,38
9706534,26,6,20,89,4,22,63
9607291,7,4,3,5,0,7,49
9707524,3,1,2,3,3,0,0
9610269,18,2,16,74,0,18,80
9511218,3,1,2,3,3,0,0
9701421,19,4,15,26,4,15,32
9712236,9,2,7,11,0,9,91
9502327,1,1,0,0,0,1,13
9612376,4,4,0,0,0,4,30
9907255,15,3,12,44,0,15,65
9404235,3,1,2,3,3,0,0
9911481,15,5,10,17,0,15,156
9602383,2,2,0,0,0,2,5
9611423,11,2,9,22,11,0,0
12354,10,1,9,26,0,10,22
9707327,28,1,27,131,2,26,37
9506276,2,1,1,1,0,2,12
9810261,6,3,3,5,0,6,45
9903540,16,3,13,46,0,16,179
2221,5,3,2,3,0,5,18
9912390,20,1,19,89,0,20,113
9903236,2,1,1,1,0,2,6
9803342,11,2,9,22,0,11,105
9907211,5,4,1,1,0,5,13
107220,4,1,3,6,0,4,101
9709401,9,3,6,10,1,8,22
9807248,4,2,2,2,0,4,4
9408407,17,1,16,78,3,14,17
9506461,30,6,24,140,12,18,49
9907394,2,1,1,1,0,2,4
9905552,7,3,4,7,0,7,38
7222,16,4,12,21,0,16,87
9508258,21,5,16,72,0,21,64
9909433,2,1,1,1,0,2,15
103256,22,7,15,51,0,22,269
9912398,15,4,11,23,0,15,85
9812504,5,1,4,6,0,5,19
9311353,6,3,3,3,0,6,6
9309266,32,10,22,105,6,26,73
9908319,0,0,0,0,0,0,0
101105,2,2,0,0,0,2,8
9707214,15,4,11,23,0,15,23
105111,6,3,3,5,2,4,11
9506205,3,1,2,2,0,3,5
105253,11,3,8,24,0,11,105
9706487,9,1,8,18,0,9,12
10233,1,1,0,0,0,1,2
9912515,8,4,4,10,8,0,0
9705237,2,2,0,0,0,2,4
9401227,2,1,1,1,2,0,0
9511350,9,4,5,9,0,9,14
9612401,4,2,2,2,4,0,0
9806203,3,1,2,3,0,3,19
9509369,14,2,12,20,14,0,0
9711345,6,1,5,7,3,3,3
9401269,12,4,8,26,12,0,0
9812529,7,1,6,15,2,5,6
108233,5,1,4,5,0,5,30
101132,7,3,4,9,0,7,66
9701325,1,1,0,0,0,1,2
9610354,9,3,6,21,0,9,31
9604313,34,1,33,199,7,27,149
9707459,5,3,2,2,0,5,8
111107,14,4,10,24,0,14,64
9309210,5,2,3,5,5,0,0
105293,3,1,2,3,0,3,19
9703439,7,1,6,10,4,3,3
9302269,3,2,1,1,3,0,0
9910365,20,5,15,32,0,20,98
9812275,2,2,0,0,0,2,7
9508320,5,3,2,4,0,5,26
105159,2,2,0,0,0,2,23
1264,7,3,4,7,0,7,40
9911300,1,1,0,0,1,0,0
9710300,6,4,2,2,0,6,30
111068,23,5,18,57,0,23,138
9708255,7,3,4,7,0,7,47
105262,0,0,0,0,0,0,0
9302303,5,3,2,3,5,0,0
9602279,0,0,0,0,0,0,0
9706284,5,3,2,3,0,5,13
103100,5,1,4,6,0,5,35
9803251,7,4,3,10,0,7,37
9409273,1,1,0,0,0,1,1
9711307,14,3,11,26,9,5,22
9712345,0,0,0,0,0,0,0
203178,2,1,1,1,0,2,4
9912278,13,1,12,40,0,13,182
107181,3,2,1,1,0,3,17
9603209,7,2,5,7,0,7,10
9610244,15,2,13,31,1,14,48
9812478,14,6,8,12,1,13,30
9207265,12,4,8,19,12,0,0
111043,1,1,0,0,0,1,4
108216,21,4,17,65,0,21,44
5321,22,2,20,68,0,22,74
108145,12,3,9,31,0,12,35
9504218,4,2,2,2,0,4,8
107190,19,3,16,94,0,19,141
104109,7,2,5,7,0,7,25
9806302,0,0,0,0,0,0,0
9911255,11,1,10,21,0,11,72
9210260,6,4,2,2,6,0,0
6192,10,4,6,19,1,9,22
9912265,13,2,11,34,11,2,2
9601309,22,5,17,55,2,20,90
9709381,0,0,0,0,0,0,0
9303273,25,3,22,70,6,19,19
9412219,14,6,8,21,5,9,9
9808486,2,1,1,1,0,2,9
9611331,3,1,2,2,0,3,7
9702419,7,4,3,5,2,5,5
9610523,2,1,1,1,0,2,6
103294,12,4,8,26,0,12,140
9809550,5,3,2,3,0,5,39
9710277,3,3,0,0,0,3,15
9511313,1,1,0,0,1,0,0
9232,17,3,14,61,0,17,107
9902408,9,1,8,32,0,9,37
9902332,3,1,2,2,0,3,8
9310273,4,3,1,2,4,0,0
9504245,12,4,8,24,11,1,1
9806436,6,1,5,7,6,0,0
9510246,5,4,1,1,0,5,39
205237,2,1,1,1,0,2,2
9809321,43,1,42,370,27,16,16
9811257,3,2,1,1,0,3,12
101113,9,1,8,16,0,9,38
9510386,9,4,5,9,2,7,37
9908483,7,4,3,3,0,7,14
9707505,8,3,5,9,0,8,45
9511322,1,1,0,0,0,1,1
9406321,5,3,2,5,4,1,1
112015,4,3,1,1,4,0,0
9609469,10,3,7,18,0,10,20
9905465,0,0,0,0,0,0,0
9506340,1,1,0,0,0,1,3
9903407,5,2,3,3,0,5,57
9910201,8,2,6,12,0,8,26
9806462,10,3,7,21,1,9,32
9806305,37,5,32,152,0,37,205
3242,6,3,3,6,0,6,36
9806356,22,2,20,73,0,22,65
9608360,3,1,2,2,0,3,6
9705257,7,3,4,6,0,7,21
9411234,48,5,43,255,1,47,280
204006,4,1,3,4,0,4,12
9301285,5,4,1,1,5,0,0
9306319,17,6,11,34,5,12,18
9711342,3,1,2,3,0,3,10
9812498,13,2,11,23,2,11,28
9601235,6,2,4,6,6,0,0
9912321,1,1,0,0,0,1,3
9807481,0,0,0,0,0,0,0
8125,4,2,2,2,0,4,27
9404230,1,1,0,0,0,1,1
2126,5,4,1,1,1,4,10
5125,4,1,3,6,0,4,16
9812514,8,1,7,23,0,8,30
1261,4,1,3,5,1,3,3
9602375,8,2,6,8,8,0,0
9701213,3,2,1,1,2,1,1
9912249,8,5,3,11,0,8,107
9305260,5,4,1,2,5,0,0
8196,4,3,1,1,0,4,24
9808236,1,1,0,0,0,1,11
9411300,4,3,1,2,1,3,6
9905392,10,1,9,18,3,7,18
110369,9,6,3,6,1,8,43
101136,11,4,7,14,2,9,27
9910542,3,2,1,1,0,3,3
9403262,5,3,2,3,5,0,0
8331,1,1,0,0,0,1,5
9306285,6,1,5,10,3,3,3
210318,1,1,0,0,0,1,6
9909291,0,0,0,0,0,0,0
9809496,4,1,3,5,0,4,4
9804392,1,1,0,0,0,1,1
109233,6,4,2,5,6,0,0
9407351,7,3,4,6,3,4,4
9406267,8,3,5,9,8,0,0
9806419,5,5,0,0,0,5,10
102174,4,1,3,6,0,4,54
103272,4,2,2,3,1,3,3
110186,1,1,0,0,0,1,12
9812304,3,1,2,2,0,3,21
9906203,2,1,1,1,1,1,1
9702386,1,1,0,0,1,0,0
12194,4,2,2,3,0,4,26
8117,7,4,3,5,0,7,51
9812467,19,3,16,55,0,19,100
9809227,8,2,6,7,5,3,3
9601369,18,2,16,38,9,9,12
9810277,2,1,1,1,0,2,6
9809374,1,1,0,0,0,1,7
9048,2,1,1,1,1,1,1
9906515,2,1,1,1,0,2,6
9701372,2,1,1,1,1,1,4
9501223,13,1,12,36,6,7,12
9812521,5,3,2,2,2,3,3
9611391,2,2,0,0,1,1,3
106140,10,2,8,23,0,10,32
9909222,10,2,8,14,0,10,59
9311343,0,0,0,0,0,0,0
9903388,11,2,9,12,0,11,18
9210223,2,2,0,0,2,0,0
9501315,6,2,4,5,6,0,0
9909554,21,5,16,59,0,21,292
112338,8,2,6,10,1,7,45
9710257,6,2,4,9,1,5,14
9609269,2,2,0,0,2,0,0
9506480,4,2,2,3,0,4,22
9910248,1,1,0,0,1,0,0
202158,5,1,4,5,0,5,21
6343,3,1,2,3,0,3,6
9305245,4,4,0,0,4,0,0
9311219,6,1,5,10,3,3,3
1074,5,2,3,3,0,5,14
9509360,2,2,0,0,0,2,3
110365,4,3,1,1,0,4,52
9604337,11,1,10,23,11,0,0
210049,1,1,0,0,1,0,0
9601329,4,2,2,3,4,0,0
9911411,2,1,1,1,0,2,4
9405295,3,3,0,0,0,3,7
110402,3,2,1,1,0,3,38
12004,1,1,0,0,0,1,5
9612358,5,2,3,5,0,5,14
9707278,1,1,0,0,0,1,6
106162,5,1,4,4,0,5,9
9410321,5,2,3,5,0,5,9
202127,8,2,6,16,0,8,96
110224,0,0,0,0,0,0,0
9404330,6,3,3,5,1,5,10
9703391,0,0,0,0,0,0,0
9502222,1,1,0,0,1,0,0
7023,3,1,2,2,0,3,8
9706543,3,2,1,2,3,0,0
212151,0,0,0,0,0,0,0
9806352,16,3,13,56,0,16,59
9211231,5,2,3,6,5,0,0
107156,8,6,2,2,0,8,28
110346,6,3,3,3,0,6,89
12300,3,2,1,1,0,3,28
9601379,10,2,8,16,6,4,4
9810237,1,1,0,0,1,0,0
9809344,3,2,1,1,0,3,5
11397,2,2,0,0,0,2,2
9606278,3,2,1,1,3,0,0
112123,1,1,0,0,0,1,13
102235,3,2,1,1,2,1,1
12160,1,1,0,0,0,1,2
9806535,13,4,9,25,2,11,11
9612210,3,2,1,1,0,3,3
201131,5,1,4,5,0,5,27
9905278,0,0,0,0,0,0,0
9912357,6,4,2,2,0,6,28
9708231,1,1,0,0,0,1,4
1307,10,2,8,21,0,10,53
9703406,7,1,6,11,0,7,42
302138,0,0,0,0,0,0,0
9812309,7,4,3,3,2,5,5
9807399,8,1,7,11,2,6,6
9606201,5,3,2,3,2,3,3
206072,4,2,2,4,0,4,91
9705311,13,6,7,18,1,12,19
9608242,5,3,2,3,0,5,35
9509310,2,2,0,0,0,2,2
9511236,3,2,1,1,0,3,11
9810398,2,1,1,1,0,2,6
104301,1,1,0,0,0,1,6
9909442,4,2,2,2,0,4,6
5110,3,1,2,2,0,3,3
9502337,3,3,0,0,3,0,0
102130,2,2,0,0,0,2,16
9905567,3,1,2,2,0,3,30
5306,5,4,1,1,0,5,21
9807274,0,0,0,0,0,0,0
107248,2,1,1,1,0,2,3
9911357,1,1,0,0,1,0,0
212037,0,0,0,0,0,0,0
103348,2,1,1,1,2,0,0
9311379,3,3,0,0,1,2,2
9904431,6,2,4,6,6,0,0
9209246,4,1,3,5,4,0,0
9503295,10,3,7,19,9,1,1
1200,2,1,1,1,0,2,14
9603248,9,4,5,10,7,2,2
9810543,13,2,11,27,0,13,109
104247,1,1,0,0,1,0,0
204211,7,4,3,4,0,7,53
9910423,6,1,5,9,0,6,19
9512204,8,6,2,2,4,4,4
9304220,4,2,2,3,4,0,0
9702302,2,2,0,0,0,2,5
9804240,6,5,1,2,1,5,12
107277,2,1,1,1,2,0,0
9711238,1,1,0,0,0,1,3
7317,4,1,3,4,0,4,31
106255,4,3,1,1,0,4,69
9711398,14,1,13,37,5,9,11
9501246,2,2,0,0,1,1,1
104279,1,1,0,0,0,1,5
9305252,2,1,1,1,2,0,0
9501204,8,2,6,14,8,0,0
10265,2,2,0,0,0,2,15
9809565,1,1,0,0,0,1,7
10151,4,3,1,1,1,3,15
9407409,3,1,2,3,0,3,3
104155,4,1,3,4,0,4,18
9055,0,0,0,0,0,0,0
9308265,12,3,9,25,12,0,0
103339,1,1,0,0,1,0,0
9612285,8,7,1,1,3,5,10
9708223,3,3,0,0,0,3,11
9610403,3,2,1,1,0,3,7
8081,2,1,1,1,2,0,0
207122,1,1,0,0,0,1,2
9207203,2,1,1,1,2,0,0
9301272,2,2,0,0,2,0,0
9608274,2,2,0,0,0,2,2
210085,1,1,0,0,0,1,4
9604231,8,3,5,6,0,8,17
9507266,1,1,0,0,0,1,2
202019,2,2,0,0,0,2,3
9606229,6,3,3,5,6,0,0
9805345,4,1,3,4,0,4,4
9804426,0,0,0,0,0,0,0
108271,3,3,0,0,0,3,3
9903368,1,1,0,0,1,0,0
9903338,0,0,0,0,0,0,0
9401326,1,1,0,0,1,0,0
9510440,1,1,0,0,0,1,4
9607230,1,1,0,0,0,1,3
9611265,5,3,2,2,0,5,15
9503457,0,0,0,0,0,0,0
9904346,3,2,1,1,0,3,12
9701271,3,1,2,2,0,3,7
9905473,3,3,0,0,0,3,6
9808256,9,5,4,8,0,9,31
9304209,4,2,2,3,1,3,3
9902404,1,1,0,0,1,0,0
9508308,6,3,3,4,6,0,0
9310346,4,4,0,0,1,3,3
9212220,2,2,0,0,2,0,0
9802237,3,2,1,1,3,0,0
1017,0,0,0,0,0,0,0
9609249,0,0,0,0,0,0,0
109130,2,1,1,1,1,1,4
9908346,0,0,0,0,0,0,0
111016,7,3,4,4,0,7,38
209149,0,0,0,0,0,0,0
9809376,14,4,10,60,0,14,39
9703385,6,4,2,3,0,6,11
9909295,3,1,2,2,0,3,16
9302245,2,1,1,1,2,0,0
9907426,3,1,2,3,0,3,6
111368,0,0,0,0,0,0,0
211001,6,3,3,5,0,6,78
202025,0,0,0,0,0,0,0
9811262,1,1,0,0,0,1,1
9410334,1,1,0,0,1,0,0
9610356,2,2,0,0,0,2,3
9702229,3,1,2,2,3,0,0
3263,0,0,0,0,0,0,0
210094,1,1,0,0,0,1,5
9812224,2,2,0,0,0,2,4
9505435,2,2,0,0,0,2,6
9705224,2,1,1,1,0,2,4
9804378,3,2,1,1,1,2,5
9808207,5,3,2,4,4,1,2
110191,1,1,0,0,0,1,1
9904324,2,1,1,1,0,2,2
9608243,7,3,4,6,7,0,0
1006,2,1,1,1,2,0,0
103133,3,1,2,2,0,3,11
10123,1,1,0,0,0,1,3
109211,0,0,0,0,0,0,0
9908521,3,3,0,0,0,3,3
107286,0,0,0,0,0,0,0
108134,2,1,1,1,0,2,4
203166,10,2,8,13,0,10,134
202254,2,1,1,1,0,2,6
6071,5,2,3,5,3,2,7
9608315,0,0,0,0,0,0,0
9810375,1,1,0,0,0,1,1
9308280,1,1,0,0,1,0,0
9312304,10,4,6,8,0,10,29
9810498,2,1,1,1,1,1,1
102327,0,0,0,0,0,0,0
9176,1,1,0,0,0,1,2
9906282,0,0,0,0,0,0,0
9304305,2,1,1,1,2,0,0
9204223,1,1,0,0,1,0,0
9210206,5,1,4,6,5,0,0
9903449,0,0,0,0,0,0,0
9609297,4,2,2,2,0,4,27
9712337,0,0,0,0,0,0,0
104239,5,2,3,6,0,5,9
7258,6,2,4,8,0,6,126
12235,2,1,1,1,0,2,8
9803501,0,0,0,0,0,0,0
6115,2,2,0,0,0,2,3
9411314,4,4,0,0,0,4,16
9608252,1,1,0,0,1,0,0
9412292,1,1,0,0,1,0,0
9501206,5,1,4,5,5,0,0
9711336,0,0,0,0,0,0,0
9610410,1,1,0,0,0,1,1
9612487,2,1,1,1,0,2,4
9604392,2,1,1,1,0,2,6
9510426,1,1,0,0,0,1,1
9811414,1,1,0,0,0,1,1
8059,1,1,0,0,0,1,4
9908467,4,1,3,4,1,3,6
9608478,9,3,6,12,9,0,0
9906278,0,0,0,0,0,0,0
203264,1,1,0,0,0,1,9
110045,3,2,1,1,0,3,9
112281,1,1,0,0,0,1,2
9708371,3,1,2,3,0,3,9
211219,0,0,0,0,0,0,0
104096,5,1,4,6,1,4,11
9901387,3,1,2,3,0,3,13
210117,0,0,0,0,0,0,0
9807414,2,2,0,0,0,2,5
9712298,2,2,0,0,0,2,15
108237,1,1,0,0,0,1,1
203246,0,0,0,0,0,0,0
9706452,2,1,1,1,0,2,7
9911536,0,0,0,0,0,0,0
9409422,2,2,0,0,2,0,0
9812350,2,2,0,0,0,2,8
9706464,3,2,1,2,0,3,8
210332,4,3,1,1,0,4,57
207257,0,0,0,0,0,0,0
104135,6,5,1,3,0,6,24
9502331,1,1,0,0,1,0,0
204058,2,1,1,1,0,2,15
9409312,1,1,0,0,0,1,1
9710548,1,1,0,0,1,0,0
9604278,1,1,0,0,1,0,0
9711320,0,0,0,0,0,0,0
9708493,1,1,0,0,1,0,0
9906339,7,6,1,1,0,7,12
9706295,1,1,0,0,1,0,0
4250,2,1,1,1,1,1,2
9711288,1,1,0,0,0,1,3
9312336,1,1,0,0,1,0,0
106090,3,2,1,1,0,3,22
212242,1,1,0,0,0,1,2
108231,0,0,0,0,0,0,0
301187,2,1,1,1,0,2,28
107115,2,1,1,1,0,2,3
109065,0,0,0,0,0,0,0
9909519,2,2,0,0,0,2,3
107055,1,1,0,0,0,1,2
9707522,0,0,0,0,0,0,0
9504281,3,3,0,0,3,0,0
9403204,3,2,1,1,3,0,0
103109,1,1,0,0,0,1,3
105244,1,1,0,0,0,1,7
9805394,4,3,1,1,0,4,10
106321,3,1,2,2,0,3,15
9309221,1,1,0,0,1,0,0
103243,0,0,0,0,0,0,0
9291,4,1,3,4,4,0,0
108138,3,2,1,1,2,1,1
9903409,1,1,0,0,1,0,0
104070,0,0,0,0,0,0,0
9509400,1,1,0,0,0,1,2
103053,5,4,1,1,0,5,55
4084,3,3,0,0,1,2,3
205271,3,2,1,1,0,3,24
9411324,7,2,5,9,5,2,3
212181,2,2,0,0,0,2,5
9712533,3,1,2,2,0,3,3
201266,1,1,0,0,0,1,4
207346,4,1,3,5,0,4,25
9704234,3,2,1,1,0,3,17
7302,2,2,0,0,0,2,8
9010,5,3,2,2,1,4,13
9310244,5,2,3,4,5,0,0
9706389,1,1,0,0,0,1,13
11298,0,0,0,0,0,0,0
205149,1,1,0,0,0,1,3
9606403,8,1,7,13,6,2,2
9707283,0,0,0,0,0,0,0
211171,0,0,0,0,0,0,0
9712416,1,1,0,0,0,1,1
9809537,0,0,0,0,0,0,0
9505330,1,1,0,0,1,0,0
2211,3,1,2,3,0,3,20
211046,1,1,0,0,0,1,2
9175,1,1,0,0,0,1,4
9411387,4,2,2,3,4,0,0
9406343,3,2,1,1,3,0,0
111344,2,2,0,0,0,2,13
9804382,4,2,2,3,0,4,17
9508252,2,2,0,0,0,2,2
9808342,3,3,0,0,2,1,1
9806532,0,0,0,0,0,0,0
9612308,1,1,0,0,0,1,2
5146,10,5,5,9,0,10,54
4188,0,0,0,0,0,0,0
9603215,1,1,0,0,0,1,1
302142,0,0,0,0,0,0,0
9704227,0,0,0,0,0,0,0
206010,1,1,0,0,0,1,1
9709239,3,2,1,1,0,3,15
9907454,3,2,1,1,2,1,3
9405393,0,0,0,0,0,0,0
9808286,1,1,0,0,0,1,1
106070,0,0,0,0,0,0,0
12153,0,0,0,0,0,0,0
9905494,1,1,0,0,0,1,2
9209227,2,1,1,1,2,0,0
9503261,0,0,0,0,0,0,0
203036,0,0,0,0,0,0,0
202249,0,0,0,0,0,0,0
8193,0,0,0,0,0,0,0
212329,0,0,0,0,0,0,0
9709409,0,0,0,0,0,0,0
111222,1,1,0,0,0,1,4
9907562,1,1,0,0,1,0,0
9504383,2,2,0,0,0,2,10
9016,1,1,0,0,0,1,6
9509209,2,2,0,0,2,0,0
209122,0,0,0,0,0,0,0
9711439,2,1,1,1,0,2,10
9707411,2,2,0,0,1,1,2
9308331,2,2,0,0,2,0,0
205169,0,0,0,0,0,0,0
208227,4,3,1,1,0,4,10
9906506,0,0,0,0,0,0,0
9707321,0,0,0,0,0,0,0
201286,1,1,0,0,0,1,9
209120,0,0,0,0,0,0,0
202007,2,2,0,0,0,2,4
9505290,1,1,0,0,1,0,0
9309229,1,1,0,0,1,0,0
203111,0,0,0,0,0,0,0
301015,0,0,0,0,0,0,0
9051,1,1,0,0,1,0,0
9205224,0,0,0,0,0,0,0
9808228,1,1,0,0,1,0,0
208225,1,1,0,0,0,1,5
107128,2,1,1,1,0,2,8
9607320,1,1,0,0,1,0,0
111294,0,0,0,0,0,0,0
110122,1,1,0,0,1,0,0
9712474,2,2,0,0,0,2,4
103233,4,4,0,0,3,1,1
109225,1,1,0,0,0,1,2
9711507,0,0,0,0,0,0,0
201173,1,1,0,0,1,0,0
9609456,0,0,0,0,0,0,0
212278,0,0,0,0,0,0,0
204285,2,2,0,0,0,2,8
9704391,0,0,0,0,0,0,0
9603303,8,4,4,5,1,7,14
9612208,4,2,2,2,1,3,8
202258,5,1,4,10,0,5,22
207290,0,0,0,0,0,0,0
9903484,1,1,0,0,1,0,0
9508310,0,0,0,0,0,0,0
9908448,1,1,0,0,0,1,1
9211265,3,2,1,1,3,0,0
9309213,1,1,0,0,1,0,0
103314,6,4,2,2,6,0,0
9908442,0,0,0,0,0,0,0
5235,2,1,1,1,0,2,14
9909330,1,1,0,0,1,0,0
104030,5,1,4,9,0,5,10
9510245,3,2,1,1,3,0,0
9609316,0,0,0,0,0,0,0
9707518,1,1,0,0,0,1,17
12336,2,2,0,0,0,2,5
105039,0,0,0,0,0,0,0
205263,1,1,0,0,0,1,5
9910458,6,3,3,4,0,6,6
112270,0,0,0,0,0,0,0
108256,4,2,2,4,0,4,20
2203,2,2,0,0,0,2,8
9902222,0,0,0,0,0,0,0
9901368,0,0,0,0,0,0,0
9906386,4,4,0,0,4,0,0
12105,0,0,0,0,0,0,0
9502282,8,1,7,11,8,0,0
9908454,3,1,2,3,0,3,17
106272,0,0,0,0,0,0,0
9809370,0,0,0,0,0,0,0
11225,1,1,0,0,0,1,1
101349,0,0,0,0,0,0,0
9211274,1,1,0,0,1,0,0
109076,0,0,0,0,0,0,0
9810359,0,0,0,0,0,0,0
9706461,0,0,0,0,0,0,0
12086,0,0,0,0,0,0,0
9912339,0,0,0,0,0,0,0
9508201,1,1,0,0,0,1,1
210167,0,0,0,0,0,0,0
107077,2,2,0,0,1,1,3
9502303,2,2,0,0,1,1,1
302054,1,1,0,0,0,1,13
9706463,2,1,1,1,0,2,4
9603225,1,1,0,0,0,1,3
9609477,0,0,0,0,0,0,0
9906302,0,0,0,0,0,0,0
106355,0,0,0,0,0,0,0
208065,0,0,0,0,0,0,0
9903438,0,0,0,0,0,0,0
302176,0,0,0,0,0,0,0
9210277,3,2,1,1,3,0,0
105265,0,0,0,0,0,0,0
9411440,2,2,0,0,0,2,2
203028,4,2,2,5,0,4,15
9910302,0,0,0,0,0,0,0
9606355,4,1,3,6,1,3,3
112044,0,0,0,0,0,0,0
101003,1,1,0,0,0,1,26
9806418,1,1,0,0,1,0,0
201268,0,0,0,0,0,0,0
207145,0,0,0,0,0,0,0
9804249,1,1,0,0,0,1,1
302104,1,1,0,0,0,1,6
9810318,0,0,0,0,0,0,0
206222,1,1,0,0,0,1,1
9907222,1,1,0,0,0,1,9
1134,0,0,0,0,0,0,0
9402309,1,1,0,0,1,0,0
10307,5,2,3,8,5,0,0
9708429,0,0,0,0,0,0,0
9711233,0,0,0,0,0,0,0
9912499,1,1,0,0,0,1,10
102040,0,0,0,0,0,0,0
111346,1,1,0,0,0,1,2
9609234,0,0,0,0,0,0,0
11158,0,0,0,0,0,0,0
9709275,1,1,0,0,0,1,6
204251,0,0,0,0,0,0,0
301023,0,0,0,0,0,0,0
208079,3,1,2,3,0,3,10
9412388,1,1,0,0,1,0,0
9410290,0,0,0,0,0,0,0
9607387,0,0,0,0,0,0,0
110103,0,0,0,0,0,0,0
208107,0,0,0,0,0,0,0
9712361,0,0,0,0,0,0,0
9608405,1,1,0,0,0,1,1
9805458,3,1,2,2,0,3,5
203230,2,2,0,0,0,2,2
9706414,0,0,0,0,0,0,0
9912325,0,0,0,0,0,0,0
6070,3,3,0,0,0,3,3
208031,4,2,2,2,0,4,34
9409402,1,1,0,0,1,0,0
206040,1,1,0,0,0,1,1
9220,0,0,0,0,0,0,0
9802295,0,0,0,0,0,0,0
9612240,0,0,0,0,0,0,0
9100,0,0,0,0,0,0,0
2214,1,1,0,0,0,1,6
9412351,0,0,0,0,0,0,0
104140,0,0,0,0,0,0,0
9408221,1,1,0,0,0,1,1
201164,1,1,0,0,1,0,0
202045,0,0,0,0,0,0,0
9604424,2,1,1,1,2,0,0
207311,1,1,0,0,0,1,2
9911368,0,0,0,0,0,0,0
112137,0,0,0,0,0,0,0
207069,3,2,1,1,0,3,9
9911415,0,0,0,0,0,0,0
11173,0,0,0,0,0,0,0
212259,0,0,0,0,0,0,0
8164,1,1,0,0,0,1,1
9705376,0,0,0,0,0,0,0
9904255,0,0,0,0,0,0,0
9505212,0,0,0,0,0,0,0
212350,1,1,0,0,0,1,5
9910404,0,0,0,0,0,0,0
9405286,0,0,0,0,0,0,0
207134,1,1,0,0,0,1,5
9022,1,1,0,0,1,0,0
9503342,0,0,0,0,0,0,0
9407348,2,2,0,0,1,1,1
108075,0,0,0,0,0,0,0
9310263,0,0,0,0,0,0,0
9910383,0,0,0,0,0,0,0
111388,1,1,0,0,0,1,2
9809339,0,0,0,0,0,0,0
9810518,0,0,0,0,0,0,0
1060,0,0,0,0,0,0,0
107019,0,0,0,0,0,0,0
1182,2,1,1,1,0,2,6
4216,0,0,0,0,0,0,0
9406207,3,3,0,0,0,3,3
102123,0,0,0,0,0,0,0
9708387,0,0,0,0,0,0,0
4231,0,0,0,0,0,0,0
12210,2,2,0,0,0,2,6
9711515,1,1,0,0,1,0,0
9412383,1,1,0,0,0,1,2
211045,0,0,0,0,0,0,0
9902461,1,1,0,0,0,1,6
9506402,0,0,0,0,0,0,0
9801396,1,1,0,0,1,0,0
209292,0,0,0,0,0,0,0
207345,3,2,1,1,0,3,15
9904265,1,1,0,0,0,1,2
5329,0,0,0,0,0,0,0
209257,0,0,0,0,0,0,0
105171,0,0,0,0,0,0,0
210227,0,0,0,0,0,0,0
12206,0,0,0,0,0,0,0
207199,0,0,0,0,0,0,0
3095,1,1,0,0,0,1,2
207361,0,0,0,0,0,0,0
9903311,0,0,0,0,0,0,0
2040,0,0,0,0,0,0,0
9708489,0,0,0,0,0,0,0
202252,0,0,0,0,0,0,0
9912300,0,0,0,0,0,0,0
7342,1,1,0,0,0,1,5
9412316,0,0,0,0,0,0,0
9412211,0,0,0,0,0,0,0
11354,0,0,0,0,0,0,0
112122,0,0,0,0,0,0,0
9909405,5,4,1,2,0,5,10
9902228,3,1,2,2,3,0,0
203043,1,1,0,0,0,1,1
3310,0,0,0,0,0,0,0
105112,0,0,0,0,0,0,0
9511427,0,0,0,0,0,0,0
3190,1,1,0,0,0,1,3
202173,0,0,0,0,0,0,0
204199,0,0,0,0,0,0,0
302078,2,1,1,1,0,2,2
5087,0,0,0,0,0,0,0
104185,0,0,0,0,0,0,0
9912549,0,0,0,0,0,0,0
9607468,0,0,0,0,0,0,0
301214,0,0,0,0,0,0,0
210163,0,0,0,0,0,0,0
9604373,0,0,0,0,0,0,0
106249,0,0,0,0,0,0,0
205336,1,1,0,0,0,1,2
111132,0,0,0,0,0,0,0
201065,0,0,0,0,0,0,0
9802269,0,0,0,0,0,0,0
111354,0,0,0,0,0,0,0
210280,0,0,0,0,0,0,0
6263,0,0,0,0,0,0,0
212046,0,0,0,0,0,0,0
104188,0,0,0,0,0,0,0
209167,1,1,0,0,1,0,0
9910362,0,0,0,0,0,0,0
101352,0,0,0,0,0,0,0
9911540,0,0,0,0,0,0,0
9805453,3,1,2,2,3,0,0
209019,0,0,0,0,0,0,0
11353,0,0,0,0,0,0,0
204304,0,0,0,0,0,0,0
9609203,1,1,0,0,1,0,0
9410308,0,0,0,0,0,0,0
211451,0,0,0,0,0,0,0
8244,0,0,0,0,0,0,0
9708289,0,0,0,0,0,0,0
9601268,4,4,0,0,4,0,0
9602401,0,0,0,0,0,0,0
302061,0,0,0,0,0,0,0
9806498,0,0,0,0,0,0,0
9306283,0,0,0,0,0,0,0
209226,2,2,0,0,0,2,8
109086,0,0,0,0,0,0,0
207292,0,0,0,0,0,0,0
211380,0,0,0,0,0,0,0
211260,0,0,0,0,0,0,0
9911520,1,1,0,0,0,1,2
7153,0,0,0,0,0,0,0
9606321,0,0,0,0,0,0,0
2217,0,0,0,0,0,0,0
207132,0,0,0,0,0,0,0
209275,0,0,0,0,0,0,0
9706353,1,1,0,0,1,0,0
9709368,0,0,0,0,0,0,0
211270,0,0,0,0,0,0,0
9611459,0,0,0,0,0,0,0
9809305,0,0,0,0,0,0,0
8278,0,0,0,0,0,0,0
9402359,0,0,0,0,0,0,0
9305318,0,0,0,0,0,0,0
9812391,0,0,0,0,0,0,0
210129,1,1,0,0,1,0,0
1278,0,0,0,0,0,0,0
9312261,1,1,0,0,1,0,0
210430,0,0,0,0,0,0,0
110205,0,0,0,0,0,0,0
210417,1,1,0,0,0,1,1
9409429,0,0,0,0,0,0,0
209356,0,0,0,0,0,0,0
9707325,1,1,0,0,0,1,1
210421,0,0,0,0,0,0,0
101346,1,1,0,0,1,0,0
106007,0,0,0,0,0,0,0
206213,0,0,0,0,0,0,0
4054,0,0,0,0,0,0,0
212055,0,0,0,0,0,0,0
209310,0,0,0,0,0,0,0
211361,0,0,0,0,0,0,0
9611381,0,0,0,0,0,0,0
9810503,0,0,0,0,0,0,0
9904356,0,0,0,0,0,0,0
207281,0,0,0,0,0,0,0
112193,1,1,0,0,0,1,2
9902438,0,0,0,0,0,0,0
9904372,0,0,0,0,0,0,0
9901259,0,0,0,0,0,0,0
9612218,0,0,0,0,0,0,0
9206265,1,1,0,0,1,0,0
9411393,0,0,0,0,0,0,0
212333,0,0,0,0,0,0,0
103347,0,0,0,0,0,0,0
301060,0,0,0,0,0,0,0
106339,0,0,0,0,0,0,0
212152,0,0,0,0,0,0,0
9406371,0,0,0,0,0,0,0
9906531,0,0,0,0,0,0,0
9314,0,0,0,0,0,0,0
105178,0,0,0,0,0,0,0
9803443,1,1,0,0,0,1,5
9910434,0,0,0,0,0,0,0
110120,1,1,0,0,0,1,6
9709462,0,0,0,0,0,0,0
9706333,0,0,0,0,0,0,0
9310366,0,0,0,0,0,0,0
9906380,0,0,0,0,0,0,0
9807242,0,0,0,0,0,0,0
9509317,0,0,0,0,0,0,0
211407,0,0,0,0,0,0,0
5294,0,0,0,0,0,0,0
9508355,0,0,0,0,0,0,0
104133,0,0,0,0,0,0,0
204003,0,0,0,0,0,0,0
1279,0,0,0,0,0,0,0
9706471,0,0,0,0,0,0,0
201221,0,0,0,0,0,0,0
9901234,0,0,0,0,0,0,0
12251,0,0,0,0,0,0,0
301238,0,0,0,0,0,0,0
211427,0,0,0,0,0,0,0
9908234,0,0,0,0,0,0,0
201312,0,0,0,0,0,0,0
9809516,0,0,0,0,0,0,0
9911320,0,0,0,0,0,0,0
211373,0,0,0,0,0,0,0
12308,21,6,15,40,3,18,42
102077,11,1,10,32,0,11,49
9811472,47,2,45,332,0,47,336
9405214,11,2,9,21,11,0,0
9611316,12,4,8,16,0,12,62
3033,13,4,9,13,0,13,131
9909352,15,3,12,30,0,15,87
9411426,96,2,94,790,46,50,126
9903369,11,2,9,14,0,11,95
9603368,14,3,11,37,7,7,7
105096,35,6,29,97,0,35,364
9402259,6,3,3,3,6,0,0
9301276,38,2,36,190,38,0,0
9405390,6,5,1,1,6,0,0
9304321,11,3,8,17,3,8,8
9411273,10,4,6,13,10,0,0
9807353,79,2,77,662,3,76,308
9812344,33,3,30,165,5,28,90
9904281,24,1,23,143,3,21,38
9811252,38,2,36,195,3,35,79
9803299,43,3,40,261,0,43,180
9809368,12,2,10,23,0,12,136
9802209,33,7,26,122,0,33,313
6331,12,4,8,22,0,12,58
9710406,7,1,6,20,2,5,8
9305290,18,1,17,66,18,0,0
9403203,4,2,2,4,0,4,7
4075,2,1,1,1,0,2,10
9512268,3,2,1,2,3,0,0
9411357,5,2,3,4,3,2,2
9610540,74,6,68,653,0,74,336
9607447,29,4,25,100,5,24,50
9403384,35,2,33,243,35,0,0
9706512,18,2,16,41,0,18,63
102287,3,2,1,1,0,3,17
112129,6,2,4,8,0,6,21
9608224,54,4,50,379,0,54,443
9705228,21,1,20,63,0,21,208
9901265,5,2,3,4,0,5,17
9503277,4,2,2,3,1,3,10
9507284,37,3,34,177,0,37,347
9903363,36,1,35,210,7,29,39
9508346,15,7,8,20,0,15,80
9507282,38,4,34,151,38,0,0
9909455,5,3,2,2,1,4,4
9311366,20,2,18,89,20,0,0
9506289,31,3,28,132,20,11,11
9308288,67,3,64,633,67,0,0
9208260,8,5,3,4,8,0,0
9604320,79,1,78,807,4,75,499
9406368,14,3,11,33,0,14,63
9509213,23,3,20,59,1,22,62
9704424,19,4,15,55,8,11,19
9708390,19,4,15,81,4,15,15
9209205,24,2,22,98,24,0,0
9502308,11,2,9,25,11,0,0
9405338,18,4,14,20,18,0,0
9410258,17,1,16,74,6,11,11
9404313,41,4,37,170,41,0,0
9310340,9,5,4,10,9,0,0
9603202,34,5,29,97,1,33,324
9512303,21,3,18,62,2,19,19
9712302,50,1,49,356,1,49,98
9402364,59,7,52,352,7,52,120
9511233,14,3,11,20,1,13,65
9501388,11,4,7,14,2,9,47
9407268,17,3,14,46,12,5,5
9701410,8,1,7,13,3,5,8
9807540,21,5,16,69,0,21,103
9504408,9,3,6,11,6,3,6
9801430,58,3,55,387,11,47,193
9908323,21,2,19,78,0,21,134
9702251,6,3,3,5,6,0,0
9809574,23,3,20,87,0,23,157
8191,10,1,9,30,0,10,26
9903515,36,2,34,266,4,32,174
9801375,33,2,31,164,1,32,127
101067,22,2,20,88,0,22,190
3327,8,1,7,12,0,8,121
9402340,17,5,12,30,1,16,38
9903416,7,1,6,18,0,7,52
8217,3,1,2,2,0,3,3
9905487,23,1,22,99,23,0,0
9304286,8,2,6,13,8,0,0
9512230,21,1,20,112,21,0,0
9811353,53,2,51,404,0,53,178
9908316,15,2,13,42,0,15,97
9707273,17,3,14,38,1,16,67
9406315,24,4,20,48,11,13,16
9606325,9,2,7,8,2,7,41
9808299,54,4,50,364,3,51,356
9708359,3,1,2,2,0,3,5
9607201,28,3,25,110,5,23,38
9708497,8,3,5,13,8,0,0
9805486,5,3,2,3,0,5,15
9905305,8,4,4,7,0,8,30
9408284,8,2,6,13,8,0,0
2183,24,3,21,97,0,24,115
9601275,7,1,6,7,2,5,5
9509424,11,1,10,29,3,8,8
9508288,24,2,22,107,1,23,61
9210229,13,1,12,33,13,0,0
9910351,4,1,3,4,0,4,60
1005,35,4,31,143,1,34,141
9308336,56,1,55,689,56,0,0
102193,34,5,29,282,0,34,201
9912490,13,8,5,11,0,13,55
9401262,22,3,19,72,22,0,0
9712305,20,5,15,66,2,18,56
111243,4,3,1,1,0,4,23
11245,10,3,7,18,0,10,50
9912211,6,1,5,9,0,6,124
9503323,5,1,4,8,0,5,14
9702397,8,1,7,9,1,7,7
5226,1,1,0,0,0,1,3
9406432,16,5,11,52,12,4,4
9405425,15,2,13,42,15,0,0
9610267,16,4,12,27,0,16,56
9706334,14,3,11,18,0,14,64
9812483,36,4,32,193,0,36,421
9809467,28,2,26,100,0,28,120
110409,3,3,0,0,0,3,45
9901222,9,3,6,16,0,9,17
5232,29,1,28,229,0,29,149
211296,0,0,0,0,0,0,0
112247,36,4,32,228,0,36,462
2178,29,1,28,128,0,29,134
9802216,2,1,1,1,0,2,4
106322,2,2,0,0,0,2,6
10103,1,1,0,0,0,1,14
7320,8,2,6,9,0,8,90
9401241,29,4,25,156,29,0,0
9901443,13,4,9,20,0,13,194
9707407,10,4,6,9,0,10,54
9809556,7,1,6,19,7,0,0
101273,6,1,5,8,3,3,4
3221,5,1,4,6,0,5,5
1253,19,2,17,67,0,19,259
9612307,2,1,1,1,0,2,20
9408345,3,2,1,2,0,3,13
10296,25,3,22,87,0,25,197
9410237,31,5,26,112,14,17,23
9608296,6,2,4,10,0,6,42
9308203,9,4,5,14,9,0,0
9610449,32,5,27,81,2,30,150
9610451,30,2,28,98,9,21,28
9505333,7,6,1,1,0,7,20
9708421,14,3,11,38,9,5,5
101081,2,2,0,0,0,2,13
9804363,29,9,20,50,0,29,170
6054,10,1,9,24,0,10,61
9404257,4,1,3,6,4,0,0
203171,1,1,0,0,0,1,7
9608434,17,6,11,26,0,17,38
9707352,15,2,13,53,0,15,30
9907240,51,3,48,347,0,51,443
9603410,7,4,3,7,4,3,3
9708294,8,4,4,6,0,8,32
9405340,20,2,18,51,20,0,0
9711440,31,5,26,111,0,31,170
9502271,7,3,4,7,0,7,10
3075,11,7,4,5,0,11,51
9412261,4,3,1,1,2,2,2
9507339,3,1,2,3,3,0,0
9605417,4,1,3,5,0,4,6
9711227,58,6,52,304,0,58,357
9409371,29,3,26,109,23,6,6
9709509,11,2,9,31,0,11,42
9607329,4,4,0,0,0,4,19
9907257,4,1,3,5,1,3,3
9703448,19,2,17,58,0,19,83
9610470,7,2,5,7,0,7,44
9506266,4,1,3,5,4,0,0
9603294,2,1,1,1,2,0,0
9503296,15,2,13,42,1,14,37
9706287,11,4,7,20,0,11,31
9611217,7,3,4,7,0,7,17
9510300,7,1,6,15,5,2,2
9809499,1,1,0,0,0,1,3
9406351,10,1,9,18,10,0,0
3256,3,1,2,3,0,3,6
104021,6,2,4,9,6,0,0
9712459,21,2,19,77,0,21,42
9507246,33,3,30,185,1,32,190
9811369,14,3,11,28,0,14,189
9905437,4,4,0,0,0,4,62
5220,4,2,2,3,1,3,3
7001,4,2,2,3,1,3,3
9412205,3,2,1,2,2,1,1
9803382,12,4,8,21,0,12,218
9802441,31,5,26,100,1,30,129
3084,11,6,5,11,0,11,69
9809535,4,1,3,4,0,4,37
12346,10,1,9,26,1,9,41
9407296,24,9,15,56,2,22,75
9410230,26,2,24,128,26,0,0
9911413,5,2,3,3,0,5,12
9911226,2,2,0,0,0,2,10
106155,2,2,0,0,0,2,9
9511284,7,3,4,7,0,7,16
9910267,2,1,1,1,0,2,17
103012,16,1,15,63,1,15,214
9408231,6,1,5,7,0,6,6
9908460,2,1,1,1,0,2,4
9209258,7,3,4,6,7,0,0
9312341,17,8,9,20,2,15,36
9812481,2,2,0,0,2,0,0
1224,8,1,7,14,2,6,10
9707274,12,5,7,15,0,12,265
105187,3,3,0,0,0,3,6
9307262,6,3,3,5,6,0,0
107124,3,3,0,0,0,3,7
9711257,0,0,0,0,0,0,0
9906335,2,2,0,0,0,2,12
4024,2,2,0,0,0,2,9
9612493,1,1,0,0,0,1,6
9712446,0,0,0,0,0,0,0
9608230,1,1,0,0,0,1,4
9808303,2,2,0,0,0,2,4
9907514,11,1,10,27,0,11,60
9510258,11,3,8,14,1,10,10
9309333,6,2,4,8,3,3,3
9509321,10,3,7,21,4,6,6
9907471,5,2,3,6,0,5,9
109117,11,2,9,20,1,10,139
5156,13,5,8,28,0,13,153
9402254,4,1,3,4,4,0,0
9208215,5,2,3,4,5,0,0
9606275,16,2,14,88,0,16,54
9803400,13,3,10,22,1,12,24
111114,6,4,2,5,0,6,37
9509257,4,3,1,1,1,3,3
110071,4,3,1,1,0,4,13
9705251,43,2,41,239,3,40,60
3297,4,1,3,5,0,4,8
9906232,8,2,6,8,0,8,60
9710368,2,2,0,0,0,2,4
9610504,4,2,2,2,1,3,5
4114,28,4,24,119,0,28,143
202058,2,1,1,1,0,2,59
9812519,1,1,0,0,1,0,0
9604220,11,2,9,24,9,2,2
202090,9,1,8,15,1,8,37
9405299,17,3,14,67,8,9,9
8268,4,2,2,3,0,4,37
9207225,3,1,2,2,3,0,0
9206257,4,4,0,0,4,0,0
9406213,7,3,4,8,4,3,3
103244,6,1,5,8,0,6,18
9903329,3,1,2,2,0,3,5
9505270,4,3,1,1,1,3,3
9803304,7,1,6,14,3,4,4
9705233,1,1,0,0,1,0,0
205082,3,2,1,1,0,3,4
2239,6,1,5,11,1,5,29
111312,8,2,6,18,8,0,0
107048,7,6,1,1,0,7,36
7160,2,1,1,1,1,1,1
9409455,4,1,3,6,4,0,0
9403227,36,1,35,161,31,5,5
5194,2,1,1,1,2,0,0
105175,21,2,19,91,2,19,108
6076,4,1,3,4,0,4,16
110307,12,1,11,31,0,12,78
104316,0,0,0,0,0,0,0
108152,14,3,11,29,0,14,151
107249,2,2,0,0,0,2,3
9805413,2,2,0,0,2,0,0
9911510,4,2,2,3,0,4,13
9911314,2,1,1,1,0,2,3
1243,12,3,9,30,3,9,20
9609386,0,0,0,0,0,0,0
9703248,13,1,12,30,2,11,39
206116,0,0,0,0,0,0,0
9401217,7,5,2,3,6,1,1
112140,9,3,6,11,0,9,75
9509353,18,1,17,39,0,18,40
2193,8,4,4,6,0,8,52
9803220,0,0,0,0,0,0,0
9702383,5,2,3,6,0,5,9
9912330,13,1,12,28,0,13,127
9706496,6,1,5,8,0,6,7
9712547,1,1,0,0,0,1,5
9806331,0,0,0,0,0,0,0
104074,12,2,10,18,0,12,115
9902452,15,3,12,44,1,14,93
9905442,5,3,2,3,0,5,8
9310349,4,1,3,4,3,1,1
9507367,2,1,1,1,0,2,2
9807425,4,2,2,2,0,4,4
9806339,0,0,0,0,0,0,0
9030,4,2,2,2,4,0,0
9906319,39,2,37,304,3,36,36
9804450,6,5,1,5,0,6,65
101347,8,3,5,8,0,8,41
10143,0,0,0,0,0,0,0
107138,3,2,1,1,0,3,11
9809548,3,1,2,2,0,3,15
9801383,3,2,1,1,3,0,0
9411392,9,2,7,20,0,9,61
102061,1,1,0,0,0,1,8
9706501,2,2,0,0,0,2,16
9810295,3,3,0,0,1,2,4
9601213,2,2,0,0,1,1,1
9910202,0,0,0,0,0,0,0
8285,2,1,1,1,0,2,8
9808206,4,2,2,3,0,4,7
9808449,12,2,10,41,0,12,69
9106,5,1,4,5,0,5,17
204010,1,1,0,0,0,1,8
9511457,0,0,0,0,0,0,0
9705275,12,4,8,15,1,11,50
9506273,27,3,24,98,0,27,214
102206,9,2,7,17,0,9,9
9411403,1,1,0,0,0,1,4
9806217,0,0,0,0,0,0,0
9510342,13,1,12,38,13,0,0
9910551,11,5,6,11,1,10,32
9507292,0,0,0,0,0,0,0
9912406,1,1,0,0,0,1,3
9804459,2,2,0,0,2,0,0
9907473,2,1,1,1,0,2,20
9309286,4,3,1,2,4,0,0
9208255,5,2,3,6,5,0,0
9906354,2,2,0,0,0,2,5
9909406,9,3,6,19,1,8,28
12282,4,1,3,3,0,4,8
9711382,2,2,0,0,0,2,3
105155,2,2,0,0,0,2,16
9904233,2,2,0,0,0,2,10
9405261,2,1,1,1,0,2,5
10204,3,3,0,0,0,3,14
9806223,7,2,5,8,0,7,49
9609475,0,0,0,0,0,0,0
9809277,7,3,4,8,0,7,17
111341,1,1,0,0,0,1,11
9407282,10,1,9,32,9,1,1
9912413,1,1,0,0,1,0,0
302192,0,0,0,0,0,0,0
9903309,2,1,1,1,0,2,6
9406349,5,1,4,5,0,5,7
205099,1,1,0,0,0,1,11
9906336,1,1,0,0,0,1,2
9702297,6,1,5,11,6,0,0
9905276,4,3,1,1,0,4,20
12058,10,1,9,11,5,5,7
9306325,10,4,6,20,10,0,0
9309282,1,1,0,0,1,0,0
9505378,1,1,0,0,0,1,1
103215,5,1,4,6,0,5,52
104100,9,4,5,10,0,9,45
3118,5,2,3,6,0,5,41
9911426,0,0,0,0,0,0,0
9503351,16,2,14,34,5,11,16
9710416,11,2,9,23,6,5,15
12291,4,2,2,3,0,4,41
6182,1,1,0,0,0,1,3
9901429,17,3,14,37,0,17,114
9810452,7,6,1,1,0,7,10
9610297,5,1,4,9,4,1,1
9704241,3,1,2,2,0,3,12
9810551,1,1,0,0,0,1,8
9909549,3,1,2,3,0,3,10
9411230,2,1,1,1,2,0,0
205148,4,1,3,4,1,3,6
9902218,3,1,2,3,0,3,12
10133,2,1,1,1,0,2,20
9609403,2,2,0,0,0,2,12
6238,14,1,13,59,14,0,0
9705341,18,3,15,39,1,17,59
7025,0,0,0,0,0,0,0
9904376,8,6,2,2,8,0,0
9807307,1,1,0,0,0,1,4
9703275,7,2,5,12,7,0,0
9912451,28,4,24,88,0,28,387
9910442,10,6,4,10,0,10,68
9710487,19,4,15,62,3,16,32
9908292,4,1,3,4,0,4,13
9512239,8,1,7,12,1,7,7
9912431,2,1,1,1,0,2,4
205070,2,2,0,0,0,2,14
103281,2,1,1,1,0,2,7
9509362,10,6,4,9,10,0,0
9405335,3,1,2,3,0,3,6
9806432,3,2,1,1,3,0,0
9702332,1,1,0,0,1,0,0
108121,3,2,1,2,0,3,36
9604429,11,1,10,18,2,9,9
212071,0,0,0,0,0,0,0
9404225,7,3,4,5,6,1,1
9808242,9,2,7,14,0,9,43
9301274,4,2,2,3,4,0,0
5269,5,2,3,3,0,5,10
2249,7,1,6,8,0,7,35
9303258,8,4,4,10,0,8,8
9702304,3,1,2,3,0,3,9
202270,17,4,13,35,0,17,345
9509283,5,2,3,7,0,5,6
207228,5,2,3,4,0,5,17
2160,1,1,0,0,1,0,0
9302230,4,2,2,4,4,0,0
9909538,3,1,2,3,0,3,20
202087,1,1,0,0,0,1,4
11029,1,1,0,0,0,1,5
9712514,3,2,1,2,1,2,4
211040,3,2,1,2,1,2,2
9807448,19,5,14,48,0,19,119
9211307,8,2,6,14,8,0,0
10353,17,1,16,39,0,17,117
104113,1,1,0,0,0,1,9
12321,4,2,2,2,0,4,33
9151,6,2,4,5,0,6,11
9302308,2,1,1,1,2,0,0
6158,2,1,1,1,2,0,0
3196,5,2,3,5,2,3,3
301257,0,0,0,0,0,0,0
109018,9,2,7,20,0,9,57
10088,0,0,0,0,0,0,0
9702277,8,4,4,8,2,6,6
9909534,3,3,0,0,0,3,29
9710408,0,0,0,0,0,0,0
204342,12,1,11,44,0,12,41
11370,1,1,0,0,0,1,2
9308,5,2,3,4,0,5,22
9302283,7,2,5,10,7,0,0
5210,12,1,11,32,0,12,116
9712483,15,3,12,27,0,15,54
103337,5,1,4,7,5,0,0
207121,0,0,0,0,0,0,0
9811258,2,1,1,1,0,2,4
9709225,6,3,3,6,0,6,42
207254,2,1,1,1,0,2,6
9905493,1,1,0,0,0,1,1
9612231,7,2,5,7,0,7,53
10283,1,1,0,0,0,1,2
9903387,0,0,0,0,0,0,0
102316,1,1,0,0,0,1,2
10002,10,3,7,16,0,10,95
7056,6,3,3,6,0,6,18
9309203,5,3,2,2,5,0,0
10137,1,1,0,0,0,1,7
9111,2,1,1,1,0,2,14
9904368,4,3,1,1,0,4,28
9709316,4,1,3,3,0,4,9
9802346,3,1,2,2,2,1,1
110028,2,2,0,0,0,2,4
9911492,4,3,1,1,2,2,4
7276,4,2,2,3,0,4,41
9606223,8,2,6,12,8,0,0
9312207,3,3,0,0,1,2,2
9706392,0,0,0,0,0,0,0
9509263,8,1,7,15,5,3,3
9511357,5,2,3,8,0,5,5
9709327,4,2,2,2,0,4,12
9304212,4,3,1,1,4,0,0
9601354,2,2,0,0,0,2,4
105237,1,1,0,0,0,1,1
203030,5,1,4,5,0,5,103
9901327,8,2,6,17,1,7,7
9502368,5,1,4,5,5,0,0
9701314,0,0,0,0,0,0,0
9512296,5,2,3,4,3,2,2
9805351,1,1,0,0,0,1,5
212227,1,1,0,0,1,0,0
9701415,5,2,3,3,4,1,1
105161,2,2,0,0,0,2,13
203067,2,1,1,1,0,2,38
9804221,15,1,14,42,10,5,8
9407400,3,1,2,2,3,0,0
1048,2,2,0,0,0,2,5
9604216,4,3,1,1,0,4,16
212378,0,0,0,0,0,0,0
9910364,1,1,0,0,0,1,5
9285,2,1,1,1,0,2,8
9210272,10,2,8,24,10,0,0
111303,0,0,0,0,0,0,0
108093,3,1,2,3,3,0,0
1180,1,1,0,0,0,1,8
9403324,6,1,5,9,0,6,13
210319,2,2,0,0,0,2,28
9612312,4,3,1,1,1,3,3
9509342,3,1,2,3,0,3,3
9607287,1,1,0,0,0,1,3
9704413,1,1,0,0,1,0,0
9708270,3,1,2,2,2,1,1
9210258,3,3,0,0,3,0,0
9409206,0,0,0,0,0,0,0
9912228,1,1,0,0,0,1,3
12208,5,4,1,1,0,5,22
9709317,1,1,0,0,0,1,8
9704396,14,4,10,43,0,14,45
105057,3,2,1,1,0,3,6
9704364,4,2,2,2,0,4,4
9806491,8,2,6,15,7,1,1
9408277,1,1,0,0,1,0,0
9297,4,3,1,1,0,4,45
9901349,2,1,1,1,0,2,11
9803345,6,2,4,5,1,5,5
9207251,5,5,0,0,5,0,0
9602259,6,1,5,6,6,0,0
9612416,1,1,0,0,0,1,2
9508265,3,2,1,1,1,2,3
111336,4,2,2,3,2,2,4
9701332,2,2,0,0,1,1,2
9902441,8,5,3,6,1,7,10
3134,5,2,3,3,0,5,23
203252,0,0,0,0,0,0,0
9204202,8,5,3,7,8,0,0
9907415,2,2,0,0,1,1,1
9301216,1,1,0,0,1,0,0
9303248,5,3,2,2,5,0,0
212110,1,1,0,0,0,1,2
12012,1,1,0,0,0,1,2
11148,1,1,0,0,0,1,4
103082,2,2,0,0,2,0,0
106095,3,2,1,1,1,2,4
9512330,2,1,1,1,0,2,4
207056,2,2,0,0,0,2,23
207130,0,0,0,0,0,0,0
9902339,8,1,7,24,1,7,14
9806396,2,2,0,0,0,2,8
9609293,1,1,0,0,0,1,4
9409414,0,0,0,0,0,0,0
11067,0,0,0,0,0,0,0
206290,4,3,1,1,0,4,46
111176,7,2,5,8,0,7,24
1008,1,1,0,0,0,1,1
102237,0,0,0,0,0,0,0
9405360,1,1,0,0,0,1,3
9703365,0,0,0,0,0,0,0
9908447,4,2,2,2,4,0,0
210445,0,0,0,0,0,0,0
207313,2,2,0,0,0,2,19
9711252,4,2,2,3,0,4,4
9512340,2,1,1,1,0,2,3
9709421,1,1,0,0,0,1,4
9806480,2,2,0,0,1,1,3
9509412,1,1,0,0,0,1,2
10337,3,2,1,1,1,2,2
9705346,6,4,2,7,6,0,0
9712353,7,3,4,7,0,7,19
2301,1,1,0,0,0,1,3
209043,4,2,2,4,0,4,48
9303,1,1,0,0,0,1,1
9907381,0,0,0,0,0,0,0
5011,0,0,0,0,0,0,0
5214,0,0,0,0,0,0,0
9341,5,1,4,7,5,0,0
209340,2,2,0,0,0,2,17
201168,3,1,2,3,0,3,8
9171,4,2,2,2,1,3,3
9602283,0,0,0,0,0,0,0
9706477,0,0,0,0,0,0,0
9208212,1,1,0,0,1,0,0
9305298,1,1,0,0,1,0,0
9908222,4,1,3,5,0,4,4
9802220,4,1,3,6,4,0,0
9904500,2,1,1,1,0,2,4
9509340,1,1,0,0,0,1,1
9505442,1,1,0,0,0,1,2
9403216,3,1,2,3,0,3,3
9905427,12,4,8,21,8,4,4
9912260,0,0,0,0,0,0,0
9608354,1,1,0,0,0,1,4
210154,0,0,0,0,0,0,0
109204,4,2,2,2,0,4,11
7274,4,4,0,0,0,4,97
203225,2,1,1,1,2,0,0
9910413,1,1,0,0,1,0,0
111200,0,0,0,0,0,0,0
9609206,1,1,0,0,0,1,5
9611215,4,1,3,4,4,0,0
9604369,1,1,0,0,0,1,1
211061,0,0,0,0,0,0,0
9709413,1,1,0,0,0,1,3
9412297,2,2,0,0,2,0,0
9405260,0,0,0,0,0,0,0
211455,0,0,0,0,0,0,0
9810234,3,2,1,1,0,3,6
9511281,1,1,0,0,0,1,5
9803343,3,1,2,2,0,3,14
110110,0,0,0,0,0,0,0
112062,0,0,0,0,0,0,0
9810286,3,1,2,2,0,3,5
9412217,3,1,2,2,3,0,0
207059,2,2,0,0,0,2,3
7184,3,3,0,0,1,2,7
9807460,3,1,2,2,0,3,5
106180,3,3,0,0,0,3,10
107086,4,2,2,2,0,4,22
9510275,3,1,2,2,1,2,2
109110,3,1,2,2,0,3,6
9908306,1,1,0,0,0,1,5
103213,0,0,0,0,0,0,0
6226,2,1,1,1,2,0,0
3131,5,1,4,8,0,5,29
105218,0,0,0,0,0,0,0
9908335,1,1,0,0,1,0,0
112252,0,0,0,0,0,0,0
6164,0,0,0,0,0,0,0
9608301,2,2,0,0,2,0,0
106313,3,2,1,1,0,3,28
9712502,3,3,0,0,3,0,0
211127,0,0,0,0,0,0,0
5264,0,0,0,0,0,0,0
211419,0,0,0,0,0,0,0
9501260,2,2,0,0,0,2,4
9512400,0,0,0,0,0,0,0
102120,0,0,0,0,0,0,0
9706257,1,1,0,0,1,0,0
105091,0,0,0,0,0,0,0
202094,0,0,0,0,0,0,0
9604273,2,2,0,0,0,2,2
2145,1,1,0,0,1,0,0
9608323,1,1,0,0,0,1,1
9609466,0,0,0,0,0,0,0
9911216,0,0,0,0,0,0,0
9906433,1,1,0,0,0,1,3
105131,1,1,0,0,1,0,0
301219,1,1,0,0,0,1,20
9610538,3,1,2,3,3,0,0
9034,1,1,0,0,0,1,2
107131,0,0,0,0,0,0,0
9908336,4,2,2,4,0,4,38
9502369,2,2,0,0,2,0,0
207007,1,1,0,0,0,1,1
8189,1,1,0,0,0,1,7
104148,4,2,2,3,0,4,19
9809318,0,0,0,0,0,0,0
9908221,2,2,0,0,0,2,7
9310352,0,0,0,0,0,0,0
9906226,0,0,0,0,0,0,0
9903492,3,3,0,0,0,3,13
103051,5,3,2,2,2,3,3
9901357,3,2,1,1,3,0,0
5215,3,2,1,1,0,3,8
1209,4,3,1,2,0,4,6
9604255,5,1,4,9,0,5,8
9610422,0,0,0,0,0,0,0
9608386,1,1,0,0,1,0,0
9707221,5,3,2,3,0,5,8
6261,0,0,0,0,0,0,0
202206,3,2,1,1,0,3,9
9710517,5,2,3,8,1,4,5
111278,1,1,0,0,0,1,6
209051,3,1,2,2,0,3,21
8254,0,0,0,0,0,0,0
7300,4,1,3,5,0,4,8
203183,2,2,0,0,0,2,3
9704220,2,2,0,0,0,2,2
108142,1,1,0,0,0,1,1
9901321,7,5,2,3,0,7,21
5023,1,1,0,0,1,0,0
9906211,8,4,4,6,1,7,10
9606257,2,1,1,1,2,0,0
211328,0,0,0,0,0,0,0
9911478,0,0,0,0,0,0,0
301100,0,0,0,0,0,0,0
9412392,1,1,0,0,1,0,0
4201,2,1,1,1,0,2,14
209186,0,0,0,0,0,0,0
9510349,0,0,0,0,0,0,0
9704371,4,2,2,2,0,4,4
111306,0,0,0,0,0,0,0
202277,4,2,2,3,0,4,14
9702272,1,1,0,0,0,1,3
9804248,3,2,1,2,0,3,5
9812298,2,1,1,1,0,2,9
9802336,1,1,0,0,0,1,4
7121,2,1,1,1,0,2,6
9097,2,2,0,0,2,0,0
9712538,2,2,0,0,2,0,0
9309270,3,2,1,1,1,2,6
105170,1,1,0,0,0,1,9
206115,1,1,0,0,0,1,6
108050,2,1,1,1,1,1,1
9712341,0,0,0,0,0,0,0
9909205,2,1,1,1,0,2,2
6297,0,0,0,0,0,0,0
9908242,1,1,0,0,0,1,3
104098,1,1,0,0,0,1,6
206001,0,0,0,0,0,0,0
9801253,5,3,2,2,0,5,5
9210278,1,1,0,0,0,1,1
9412350,2,2,0,0,0,2,3
9911388,0,0,0,0,0,0,0
110101,1,1,0,0,0,1,1
9806218,2,1,1,1,2,0,0
9604402,8,2,6,9,1,7,29
9511237,2,2,0,0,2,0,0
9804205,1,1,0,0,0,1,3
208194,0,0,0,0,0,0,0
9504384,1,1,0,0,0,1,7
9710464,2,1,1,1,0,2,2
9601214,0,0,0,0,0,0,0
204324,1,1,0,0,1,0,0
9805355,1,1,0,0,0,1,7
9707332,0,0,0,0,0,0,0
9308351,2,2,0,0,2,0,0
204207,1,1,0,0,1,0,0
9611238,3,2,1,1,1,2,2
9806488,2,1,1,1,0,2,2
9304282,1,1,0,0,1,0,0
204359,1,1,0,0,1,0,0
202212,1,1,0,0,0,1,3
106314,2,1,1,1,2,0,0
211390,1,1,0,0,0,1,4
207329,1,1,0,0,0,1,1
9710385,2,2,0,0,0,2,2
210441,0,0,0,0,0,0,0
9810464,0,0,0,0,0,0,0
9204213,5,3,2,2,5,0,0
9812509,2,2,0,0,1,1,1
301213,0,0,0,0,0,0,0
5300,5,1,4,10,0,5,5
9707512,1,1,0,0,1,0,0
210299,0,0,0,0,0,0,0
108025,1,1,0,0,0,1,3
9189,0,0,0,0,0,0,0
208188,1,1,0,0,0,1,12
5217,3,2,1,1,3,0,0
9204208,1,1,0,0,1,0,0
111225,1,1,0,0,0,1,1
109269,0,0,0,0,0,0,0
9902402,2,2,0,0,2,0,0
107109,2,2,0,0,0,2,7
9309265,3,1,2,2,3,0,0
9708320,1,1,0,0,0,1,1
102195,1,1,0,0,0,1,2
204307,4,1,3,6,0,4,23
207055,3,3,0,0,0,3,37
1222,1,1,0,0,0,1,1
206240,0,0,0,0,0,0,0
9909237,2,1,1,1,0,2,3
6004,1,1,0,0,0,1,1
101035,0,0,0,0,0,0,0
9411250,4,1,3,5,4,0,0
9906330,2,2,0,0,1,1,1
6275,3,2,1,1,0,3,21
9707391,0,0,0,0,0,0,0
109043,5,1,4,9,0,5,21
9609479,2,1,1,1,1,1,1
210002,0,0,0,0,0,0,0
210116,0,0,0,0,0,0,0
301262,0,0,0,0,0,0,0
2128,1,1,0,0,0,1,7
3282,1,1,0,0,1,0,0
102135,0,0,0,0,0,0,0
205326,0,0,0,0,0,0,0
205267,0,0,0,0,0,0,0
9904242,3,2,1,1,0,3,8
302137,0,0,0,0,0,0,0
9804278,1,1,0,0,0,1,1
8211,0,0,0,0,0,0,0
9803318,0,0,0,0,0,0,0
9505273,7,4,3,4,0,7,7
9803283,5,2,3,6,0,5,27
204007,0,0,0,0,0,0,0
9704306,1,1,0,0,0,1,4
9602261,0,0,0,0,0,0,0
9610379,1,1,0,0,1,0,0
9507258,1,1,0,0,1,0,0
9709416,0,0,0,0,0,0,0
301092,1,1,0,0,0,1,12
9706291,0,0,0,0,0,0,0
9707469,1,1,0,0,0,1,2
9904412,0,0,0,0,0,0,0
9409280,3,2,1,1,3,0,0
9802400,2,2,0,0,2,0,0
11348,4,2,2,2,0,4,9
9708402,2,1,1,1,0,2,23
211394,2,2,0,0,0,2,17
9712288,1,1,0,0,0,1,5
9502319,1,1,0,0,0,1,1
9708478,0,0,0,0,0,0,0
9905308,0,0,0,0,0,0,0
9306263,0,0,0,0,0,0,0
205211,7,7,0,0,0,7,118
9409346,1,1,0,0,1,0,0
210133,4,2,2,2,0,4,24
9706442,0,0,0,0,0,0,0
11240,0,0,0,0,0,0,0
8101,0,0,0,0,0,0,0
206246,2,1,1,1,0,2,9
9603221,0,0,0,0,0,0,0
9409207,4,1,3,4,4,0,0
204235,0,0,0,0,0,0,0
9411313,0,0,0,0,0,0,0
102158,1,1,0,0,0,1,1
107239,0,0,0,0,0,0,0
210326,0,0,0,0,0,0,0
9510328,0,0,0,0,0,0,0
10065,0,0,0,0,0,0,0
9701279,3,3,0,0,3,0,0
9601328,0,0,0,0,0,0,0
9904373,2,1,1,1,0,2,3
205056,0,0,0,0,0,0,0
112292,1,1,0,0,0,1,2
8119,0,0,0,0,0,0,0
204260,0,0,0,0,0,0,0
9802347,0,0,0,0,0,0,0
9910311,0,0,0,0,0,0,0
9901310,1,1,0,0,1,0,0
112142,0,0,0,0,0,0,0
302206,0,0,0,0,0,0,0
2179,1,1,0,0,1,0,0
9804331,1,1,0,0,0,1,1
103277,0,0,0,0,0,0,0
206311,1,1,0,0,0,1,8
210224,2,1,1,1,0,2,8
9505205,1,1,0,0,1,0,0
9405373,1,1,0,0,1,0,0
210222,0,0,0,0,0,0,0
9809428,1,1,0,0,0,1,1
206289,0,0,0,0,0,0,0
211259,0,0,0,0,0,0,0
9512368,4,3,1,1,4,0,0
9904327,2,2,0,0,0,2,4
9910317,3,1,2,2,3,0,0
9712419,0,0,0,0,0,0,0
9806538,1,1,0,0,0,1,3
9408325,0,0,0,0,0,0,0
210032,2,2,0,0,0,2,18
207096,1,1,0,0,0,1,6
204163,1,1,0,0,0,1,2
9197,1,1,0,0,1,0,0
9712454,1,1,0,0,0,1,3
211297,0,0,0,0,0,0,0
211347,0,0,0,0,0,0,0
112020,0,0,0,0,0,0,0
9307230,4,3,1,1,4,0,0
102205,0,0,0,0,0,0,0
9507373,1,1,0,0,0,1,1
301059,0,0,0,0,0,0,0
210211,0,0,0,0,0,0,0
9611318,1,1,0,0,0,1,1
211020,0,0,0,0,0,0,0
9709336,1,1,0,0,0,1,2
110170,0,0,0,0,0,0,0
9802255,0,0,0,0,0,0,0
8291,1,1,0,0,0,1,9
9708297,0,0,0,0,0,0,0
302051,0,0,0,0,0,0,0
9902225,0,0,0,0,0,0,0
9302226,0,0,0,0,0,0,0
9807208,0,0,0,0,0,0,0
9801236,0,0,0,0,0,0,0
204246,0,0,0,0,0,0,0
9407369,0,0,0,0,0,0,0
9903346,0,0,0,0,0,0,0
9603355,0,0,0,0,0,0,0
9711380,0,0,0,0,0,0,0
209366,2,1,1,1,0,2,18
9803264,0,0,0,0,0,0,0
9712289,0,0,0,0,0,0,0
208162,0,0,0,0,0,0,0
9901236,0,0,0,0,0,0,0
111189,1,1,0,0,0,1,2
9412252,0,0,0,0,0,0,0
9209235,2,2,0,0,2,0,0
210070,0,0,0,0,0,0,0
9322,2,2,0,0,0,2,6
9212255,2,1,1,1,2,0,0
9510348,0,0,0,0,0,0,0
210420,0,0,0,0,0,0,0
9810226,0,0,0,0,0,0,0
9805408,0,0,0,0,0,0,0
207246,0,0,0,0,0,0,0
206111,0,0,0,0,0,0,0
9803430,0,0,0,0,0,0,0
9206263,2,1,1,1,2,0,0
210393,1,1,0,0,1,0,0
9809280,1,1,0,0,0,1,11
9311201,1,1,0,0,1,0,0
208149,0,0,0,0,0,0,0
9504362,1,1,0,0,0,1,2
112167,0,0,0,0,0,0,0
9712364,0,0,0,0,0,0,0
5237,1,1,0,0,1,0,0
206253,2,2,0,0,0,2,9
9310372,1,1,0,0,1,0,0
208278,1,1,0,0,0,1,2
8266,0,0,0,0,0,0,0
202116,1,1,0,0,1,0,0
108048,0,0,0,0,0,0,0
201280,0,0,0,0,0,0,0
9608234,0,0,0,0,0,0,0
9706388,0,0,0,0,0,0,0
3155,0,0,0,0,0,0,0
9805333,0,0,0,0,0,0,0
9901361,0,0,0,0,0,0,0
9607339,0,0,0,0,0,0,0
9807288,0,0,0,0,0,0,0
9611377,0,0,0,0,0,0,0
204047,0,0,0,0,0,0,0
11369,0,0,0,0,0,0,0
9707202,5,1,4,9,3,2,2
3023,0,0,0,0,0,0,0
9506372,0,0,0,0,0,0,0
208068,0,0,0,0,0,0,0
104119,1,1,0,0,1,0,0
106300,1,1,0,0,1,0,0
9901205,0,0,0,0,0,0,0
211234,0,0,0,0,0,0,0
210412,0,0,0,0,0,0,0
111101,2,1,1,1,2,0,0
302015,0,0,0,0,0,0,0
9701258,0,0,0,0,0,0,0
201167,0,0,0,0,0,0,0
9803409,0,0,0,0,0,0,0
9908406,0,0,0,0,0,0,0
9511452,1,1,0,0,0,1,3
301275,0,0,0,0,0,0,0
105284,1,1,0,0,1,0,0
103264,1,1,0,0,1,0,0
102095,2,2,0,0,0,2,2
212234,0,0,0,0,0,0,0
1220,0,0,0,0,0,0,0
111238,0,0,0,0,0,0,0
9803461,1,1,0,0,0,1,3
9402352,0,0,0,0,0,0,0
101144,0,0,0,0,0,0,0
103279,0,0,0,0,0,0,0
9405312,0,0,0,0,0,0,0
9602413,0,0,0,0,0,0,0
9512422,0,0,0,0,0,0,0
9901301,1,1,0,0,0,1,3
9806454,1,1,0,0,0,1,3
208166,0,0,0,0,0,0,0
103310,0,0,0,0,0,0,0
212022,0,0,0,0,0,0,0
301109,0,0,0,0,0,0,0
211161,0,0,0,0,0,0,0
110371,2,2,0,0,0,2,9
9808215,1,1,0,0,1,0,0
9808491,0,0,0,0,0,0,0
9709272,0,0,0,0,0,0,0
210093,0,0,0,0,0,0,0
110322,0,0,0,0,0,0,0
209026,1,1,0,0,0,1,6
9801404,0,0,0,0,0,0,0
9901393,0,0,0,0,0,0,0
102115,0,0,0,0,0,0,0
209169,0,0,0,0,0,0,0
105018,0,0,0,0,0,0,0
203194,2,1,1,1,2,0,0
209276,0,0,0,0,0,0,0
9506363,0,0,0,0,0,0,0
9505363,0,0,0,0,0,0,0
204104,0,0,0,0,0,0,0
9906306,0,0,0,0,0,0,0
206133,0,0,0,0,0,0,0
9410207,0,0,0,0,0,0,0
209288,0,0,0,0,0,0,0
212369,0,0,0,0,0,0,0
108251,1,1,0,0,0,1,6
109129,0,0,0,0,0,0,0
108146,0,0,0,0,0,0,0
9907232,0,0,0,0,0,0,0
9207238,2,2,0,0,2,0,0
1127,1,1,0,0,0,1,2
9905402,0,0,0,0,0,0,0
9805375,1,1,0,0,1,0,0
112056,0,0,0,0,0,0,0
10021,0,0,0,0,0,0,0
211184,0,0,0,0,0,0,0
9812330,0,0,0,0,0,0,0
9510411,0,0,0,0,0,0,0
9712510,0,0,0,0,0,0,0
9605263,0,0,0,0,0,0,0
110251,0,0,0,0,0,0,0
106157,0,0,0,0,0,0,0
302100,0,0,0,0,0,0,0
9312314,0,0,0,0,0,0,0
9810521,0,0,0,0,0,0,0
7130,1,1,0,0,1,0,0
212349,0,0,0,0,0,0,0
9701395,0,0,0,0,0,0,0
9806527,0,0,0,0,0,0,0
112263,0,0,0,0,0,0,0
110112,0,0,0,0,0,0,0
212325,0,0,0,0,0,0,0
9909247,0,0,0,0,0,0,0
9906388,0,0,0,0,0,0,0
104273,0,0,0,0,0,0,0
302044,0,0,0,0,0,0,0
9711449,0,0,0,0,0,0,0
9606334,0,0,0,0,0,0,0
9901232,0,0,0,0,0,0,0
9808229,1,1,0,0,1,0,0
9909276,0,0,0,0,0,0,0
9334,1,1,0,0,1,0,0
301020,0,0,0,0,0,0,0
9607375,1,1,0,0,0,1,1
210177,0,0,0,0,0,0,0
10126,0,0,0,0,0,0,0
9507392,0,0,0,0,0,0,0
204078,0,0,0,0,0,0,0
8253,0,0,0,0,0,0,0
301220,0,0,0,0,0,0,0
9711510,0,0,0,0,0,0,0
11265,0,0,0,0,0,0,0
301081,0,0,0,0,0,0,0
3227,0,0,0,0,0,0,0
212220,0,0,0,0,0,0,0
9329,0,0,0,0,0,0,0
9907247,0,0,0,0,0,0,0
103285,0,0,0,0,0,0,0
9906534,0,0,0,0,0,0,0
9809375,0,0,0,0,0,0,0
7090,0,0,0,0,0,0,0
12181,0,0,0,0,0,0,0
212087,0,0,0,0,0,0,0
11125,0,0,0,0,0,0,0
302001,0,0,0,0,0,0,0
301070,0,0,0,0,0,0,0
212285,0,0,0,0,0,0,0
9611439,0,0,0,0,0,0,0
301052,0,0,0,0,0,0,0
210309,0,0,0,0,0,0,0
9811343,0,0,0,0,0,0,0
302208,0,0,0,0,0,0,0
302215,0,0,0,0,0,0,0
9910430,0,0,0,0,0,0,0
104062,11,4,7,15,0,11,48
103211,13,2,11,27,0,13,138
9902334,44,5,39,267,0,44,396
9409260,10,2,8,19,1,9,14
211224,0,0,0,0,0,0,0
9403366,17,4,13,40,17,0,0
9912458,13,2,11,24,1,12,28
9503203,38,1,37,254,25,13,13
9905347,15,5,10,24,0,15,93
9605339,15,2,13,49,15,0,0
106116,14,3,11,19,0,14,249
9502284,9,1,8,20,4,5,5
9211247,6,3,3,3,6,0,0
9411377,19,3,16,46,19,0,0
9602424,22,1,21,66,0,22,40
9507462,33,5,28,78,4,29,85
9808272,67,2,65,357,5,62,171
2096,4,3,1,1,0,4,58
9207257,20,2,18,60,20,0,0
9811265,24,4,20,86,0,24,86
9808254,17,3,14,77,0,17,19
9811460,2,2,0,0,0,2,19
9812361,18,1,17,77,16,2,2
9338,3,1,2,3,0,3,19
9606289,29,3,26,100,17,12,12
9307279,10,1,9,29,10,0,0
9412367,35,3,32,112,0,35,61
4151,1,1,0,0,0,1,5
9610419,3,2,1,2,0,3,3
9502210,13,3,10,19,5,8,8
9702247,17,1,16,79,2,15,15
9701313,23,2,21,95,1,22,48
9404281,47,3,44,337,18,29,50
9707354,52,4,48,213,1,51,207
105011,15,2,13,20,0,15,267
7318,12,1,11,44,12,0,0
9608276,20,4,16,98,0,20,124
9705271,39,8,31,151,0,39,304
9905421,2,1,1,1,2,0,0
9509325,35,4,31,155,3,32,103
9511454,48,1,47,216,0,48,426
9604387,46,4,42,322,46,0,0
9610337,5,3,2,2,0,5,9
9903544,35,1,34,187,0,35,103
9910366,10,4,6,9,1,9,22
9401219,75,3,72,896,48,27,27
9510403,30,3,27,89,2,28,64
9401254,42,3,39,228,3,39,39
9209259,12,6,6,8,12,0,0
9604440,50,1,49,418,1,49,253
9406419,2,1,1,1,2,0,0
9602431,4,3,1,2,4,0,0
9605460,7,2,5,10,1,6,17
9410414,27,1,26,147,27,0,0
9405237,44,4,40,263,24,20,20
9609365,10,2,8,23,1,9,24
109180,0,0,0,0,0,0,0
9703305,22,1,21,89,6,16,33
9405257,10,2,8,16,10,0,0
9311261,7,4,3,4,7,0,0
9604225,15,5,10,23,1,14,85
9712237,4,2,2,3,2,2,3
9806429,4,2,2,2,0,4,62
9405304,42,4,38,218,5,37,90
9511409,10,3,7,17,0,10,213
9511216,6,4,2,3,0,6,19
9502348,27,4,23,111,24,3,3
9804224,35,7,28,155,13,22,67
9808214,4,1,3,4,2,2,8
9601205,23,3,20,60,5,18,62
9810216,50,3,47,311,1,49,154
9910309,34,3,31,126,0,34,232
9411238,1,1,0,0,1,0,0
9903550,5,1,4,8,0,5,38
11002,15,1,14,38,2,13,42
9903516,41,3,38,292,2,39,343
9801381,1,1,0,0,0,1,5
101326,16,1,15,67,0,16,110
4074,26,7,19,58,0,26,433
9406220,16,1,15,68,4,12,23
9905521,5,1,4,9,0,5,40
9302270,10,1,9,12,10,0,0
9906523,31,4,27,100,1,30,48
9411215,1,1,0,0,0,1,1
9607421,18,3,15,82,1,17,17
9811356,131,4,127,1607,0,131,677
9905467,5,4,1,1,0,5,24
9707330,3,2,1,1,0,3,4
9406385,30,6,24,101,2,28,28
9608221,10,5,5,9,1,9,26
9808312,36,2,34,211,0,36,249
9708445,2,2,0,0,0,2,9
9802387,20,2,18,41,2,18,23
9709485,4,2,2,2,1,3,3
9811331,1,1,0,0,0,1,1
9807544,4,2,2,5,0,4,12
9408287,15,2,13,57,15,0,0
9905221,91,1,90,844,91,0,0
9609502,5,4,1,1,0,5,11
9510372,26,2,24,74,0,26,97
9709510,7,1,6,13,1,6,6
10086,15,4,11,24,0,15,51
9606464,9,2,7,23,1,8,13
4028,42,1,41,266,34,8,8
9507386,53,1,52,570,4,49,49
102199,34,3,31,276,0,34,247
7202,10,5,5,9,0,10,33
9808456,22,1,21,121,2,20,68
8336,14,5,9,18,0,14,53
9410231,20,3,17,59,12,8,8
103179,19,1,18,69,1,18,77
9912282,5,3,2,3,0,5,27
9504279,18,2,16,48,0,18,64
9702398,7,2,5,8,2,5,5
9712471,9,2,7,9,0,9,25
9410319,17,4,13,63,2,15,38
9411367,15,4,11,35,15,0,0
9712482,15,8,7,14,1,14,43
9709440,2,1,1,1,0,2,2
9901209,79,2,77,843,0,79,827
4129,1,1,0,0,0,1,12
1268,49,3,46,327,0,49,141
9901229,42,3,39,187,1,41,211
108273,8,3,5,12,1,7,49
209100,3,1,2,2,1,2,14
201139,29,2,27,171,0,29,376
2224,20,3,17,88,0,20,119
9803219,10,4,6,10,0,10,36
109258,2,1,1,1,0,2,2
101278,10,5,5,8,0,10,83
11200,5,3,2,3,0,5,43
9803290,15,1,14,42,0,15,69
9908369,9,3,6,10,0,9,91
9809396,6,1,5,7,0,6,40
9811267,12,2,10,26,5,7,9
9511227,2,1,1,1,0,2,7
9910416,19,2,17,55,19,0,0
3238,20,3,17,83,0,20,456
9903242,7,1,6,15,0,7,28
9507424,8,2,6,17,0,8,9
9712251,32,1,31,139,0,32,249
9411303,63,3,60,476,14,49,168
9608413,24,6,18,45,0,24,198
9401340,5,4,1,1,2,3,3
9512388,36,3,33,133,8,28,101
9307356,14,2,12,42,14,0,0
9612322,14,3,11,29,0,14,42
9807480,34,2,32,192,3,31,74
9406203,26,5,21,81,0,26,44
9810366,2,2,0,0,0,2,5
10106,8,1,7,17,0,8,68
9406296,6,1,5,8,6,0,0
9403225,9,5,4,9,9,0,0
9703420,47,2,45,200,2,45,117
9908425,12,3,9,20,0,12,58
1312,16,1,15,43,0,16,118
9605340,12,3,9,32,1,11,11
9808298,2,2,0,0,0,2,2
9603289,22,2,20,78,9,13,15
9802357,31,6,25,96,0,31,168
9502340,28,3,25,125,5,23,32
2182,7,2,5,7,0,7,34
9510302,2,1,1,1,1,1,1
9511398,2,1,1,1,2,0,0
9607246,2,1,1,1,0,2,6
9805380,26,5,21,58,0,26,103
9208201,8,2,6,15,8,0,0
9802366,5,2,3,7,5,0,0
9608310,5,2,3,3,0,5,35
9903519,4,1,3,6,3,1,1
9512384,4,2,2,2,1,3,6
9309219,18,2,16,51,18,0,0
9604410,15,2,13,26,2,13,13
9403213,1,1,0,0,1,0,0
9506284,27,6,21,69,1,26,97
9406369,11,3,8,28,0,11,56
9210238,7,3,4,5,7,0,0
9508357,4,2,2,4,4,0,0
9706368,3,1,2,3,3,0,0
9411219,12,1,11,30,12,0,0
9901401,2,2,0,0,1,1,3
105204,9,2,7,24,1,8,35
9802239,21,4,17,53,0,21,57
9601390,6,4,2,4,1,5,25
9810350,6,2,4,9,6,0,0
110159,0,0,0,0,0,0,0
10276,1,1,0,0,0,1,2
6312,6,2,4,8,3,3,5
9601386,1,1,0,0,0,1,1
9608239,1,1,0,0,0,1,2
9804321,8,3,5,7,8,0,0
3251,9,6,3,3,0,9,71
9901213,3,2,1,1,0,3,18
3262,10,1,9,24,1,9,15
9803433,16,5,11,54,0,16,112
9407408,12,1,11,23,5,7,7
9904320,2,1,1,1,0,2,3
5309,21,3,18,52,0,21,178
108117,8,5,3,5,0,8,29
9601325,4,1,3,5,0,4,15
9910408,9,1,8,19,0,9,66
103064,17,3,14,67,0,17,238
7304,8,3,5,9,0,8,108
9909369,6,2,4,4,0,6,31
9812490,3,2,1,1,0,3,12
9406354,12,2,10,21,1,11,17
9903419,8,2,6,21,2,6,11
2130,5,2,3,6,0,5,6
9707412,16,6,10,22,0,16,333
106147,4,4,0,0,0,4,8
9307263,4,2,2,3,4,0,0
108227,6,2,4,6,0,6,59
9410349,3,2,1,1,3,0,0
9810211,3,2,1,1,0,3,31
104037,0,0,0,0,0,0,0
9405399,8,1,7,13,0,8,26
9610517,4,2,2,2,0,4,8
9605432,5,1,4,5,0,5,10
9806224,5,1,4,8,0,5,28
9701400,15,1,14,31,0,15,35
9602225,11,3,8,17,11,0,0
9301218,5,2,3,7,5,0,0
9602418,9,2,7,18,0,9,11
112235,6,2,4,6,0,6,39
110216,8,4,4,9,0,8,131
110193,4,1,3,4,0,4,31
9412374,4,2,2,2,2,2,2
9308214,34,4,30,123,34,0,0
9606474,13,1,12,64,1,12,79
9702287,12,6,6,9,1,11,34
204146,7,3,4,5,0,7,43
9608309,3,2,1,1,2,1,2
9912295,11,3,8,16,0,11,28
9707259,33,3,30,100,1,32,114
9604436,9,1,8,15,9,0,0
9911395,45,8,37,173,0,45,315
106049,1,1,0,0,0,1,9
9604251,5,1,4,4,0,5,26
8024,1,1,0,0,0,1,8
2150,39,7,32,116,0,39,292
9805214,8,1,7,13,1,7,7
9607470,5,1,4,7,0,5,6
12352,47,3,44,364,0,47,91
9701277,9,1,8,17,0,9,71
9125,2,2,0,0,0,2,19
9308204,5,2,3,4,2,3,3
12220,0,0,0,0,0,0,0
9408204,9,3,6,9,9,0,0
110246,4,2,2,2,0,4,28
9610339,0,0,0,0,0,0,0
9412356,7,1,6,9,1,6,22
9804306,23,1,22,88,4,19,33
9707237,1,1,0,0,1,0,0
101033,0,0,0,0,0,0,0
2272,22,5,17,80,1,21,180
9612320,6,2,4,8,1,5,17
9908299,16,1,15,33,0,16,125
9602255,3,2,1,1,0,3,17
9602377,7,2,5,11,3,4,4
9408305,17,1,16,45,17,0,0
12191,2,1,1,1,2,0,0
107164,22,1,21,99,3,19,49
7243,14,4,10,30,0,14,161
112060,11,4,7,22,1,10,44
3189,3,3,0,0,0,3,15
210058,4,3,1,3,0,4,10
209171,1,1,0,0,0,1,11
9312346,2,2,0,0,2,0,0
11150,11,3,8,12,1,10,53
9404238,5,2,3,6,5,0,0
1244,18,1,17,62,9,9,9
9407292,19,3,16,64,3,16,20
9707369,1,1,0,0,0,1,1
9605388,1,1,0,0,1,0,0
9211322,29,5,24,109,29,0,0
101275,28,1,27,138,0,28,389
9403256,58,5,53,286,58,0,0
9807564,1,1,0,0,0,1,3
9610394,0,0,0,0,0,0,0
8221,5,2,3,7,1,4,17
4098,6,2,4,10,0,6,164
9708212,6,2,4,6,0,6,21
9812340,1,1,0,0,0,1,7
9705471,2,2,0,0,0,2,10
107162,2,2,0,0,0,2,9
9907500,6,1,5,9,0,6,23
9905472,6,4,2,3,0,6,45
9405216,4,3,1,1,1,3,3
9512248,11,3,8,25,2,9,18
101100,0,0,0,0,0,0,0
9611354,5,1,4,8,1,4,11
202171,3,2,1,2,3,0,0
9907389,23,2,21,122,0,23,66
9707413,1,1,0,0,0,1,10
9804282,17,3,14,63,17,0,0
9903255,2,1,1,1,1,1,1
201281,3,1,2,2,0,3,11
9910359,3,1,2,2,0,3,14
9809213,1,1,0,0,0,1,2
9503401,7,1,6,8,5,2,4
8107,3,3,0,0,0,3,12
9705402,0,0,0,0,0,0,0
9610418,5,1,4,6,5,0,0
9602256,1,1,0,0,1,0,0
9709214,15,3,12,38,9,6,6
9911429,3,3,0,0,0,3,33
9808247,11,3,8,22,0,11,44
9809483,22,4,18,54,0,22,103
10070,5,1,4,5,0,5,24
3168,27,1,26,77,27,0,0
9805369,0,0,0,0,0,0,0
9707308,4,2,2,3,0,4,11
9612252,21,1,20,93,0,21,173
105225,2,1,1,1,0,2,4
211065,0,0,0,0,0,0,0
9411247,2,1,1,1,0,2,7
9607362,13,2,11,35,1,12,12
7152,3,3,0,0,0,3,13
9503326,2,2,0,0,2,0,0
9310209,2,1,1,1,2,0,0
9712515,2,2,0,0,1,1,3
9806420,0,0,0,0,0,0,0
9802356,3,1,2,2,2,1,1
9408391,10,2,8,18,5,5,5
9707510,21,9,12,48,0,21,132
207054,0,0,0,0,0,0,0
105320,2,2,0,0,0,2,6
9711418,2,2,0,0,1,1,2
9812383,4,1,3,5,0,4,22
9807509,2,1,1,1,0,2,6
101170,6,2,4,7,0,6,60
9308275,16,1,15,37,0,16,26
9602260,16,2,14,42,15,1,1
211358,0,0,0,0,0,0,0
9509239,24,3,21,71,9,15,26
9302233,7,4,3,3,2,5,5
6257,9,1,8,16,0,9,38
9712550,3,2,1,1,0,3,5
101230,7,3,4,6,0,7,122
9904352,4,3,1,2,0,4,7
9606239,9,2,7,14,5,4,8
203091,8,3,5,8,0,8,89
9510267,10,3,7,18,10,0,0
9507310,2,1,1,1,0,2,2
9809272,4,1,3,3,0,4,15
12348,10,8,2,2,0,10,16
301003,0,0,0,0,0,0,0
9904329,1,1,0,0,0,1,13
9211255,2,1,1,1,2,0,0
108225,4,2,2,2,0,4,56
9503210,10,1,9,17,10,0,0
4226,7,2,5,6,0,7,52
9709499,26,2,24,56,1,25,51
9609245,11,2,9,19,2,9,25
9305314,18,4,14,51,18,0,0
102125,7,4,3,6,0,7,65
203159,1,1,0,0,0,1,4
9904477,9,3,6,15,0,9,80
9301284,6,1,5,6,6,0,0
9704268,8,2,6,16,0,8,46
9706203,6,4,2,2,0,6,44
9812385,3,2,1,1,0,3,8
9408254,4,2,2,2,1,3,3
9612443,3,2,1,1,0,3,5
5124,8,5,3,6,0,8,31
9403335,14,3,11,40,2,12,18
106050,6,3,3,6,0,6,163
9602297,4,3,1,2,4,0,0
12100,25,3,22,113,12,13,13
9704243,9,3,6,8,9,0,0
9504228,4,2,2,3,4,0,0
9906423,13,8,5,6,1,12,19
9501220,8,5,3,6,8,0,0
9808317,8,2,6,9,1,7,18
9912506,8,1,7,12,8,0,0
1208,5,4,1,2,0,5,26
9711481,5,1,4,6,0,5,16
9909458,5,1,4,5,1,4,4
9504393,2,1,1,1,2,0,0
1112,6,1,5,11,0,6,6
206080,1,1,0,0,0,1,1
9912540,5,1,4,10,5,0,0
8109,0,0,0,0,0,0,0
9411217,30,1,29,122,7,23,40
105238,0,0,0,0,0,0,0
9905319,0,0,0,0,0,0,0
201103,12,2,10,31,0,12,102
9606351,10,3,7,8,0,10,24
106083,2,1,1,1,0,2,7
9804395,0,0,0,0,0,0,0
9809589,3,1,2,2,0,3,13
9302231,3,1,2,3,3,0,0
9503425,6,3,3,3,3,3,11
11031,5,3,2,2,0,5,20
9306237,13,2,11,36,1,12,12
9705328,2,1,1,1,0,2,6
102087,2,2,0,0,0,2,32
9707515,6,5,1,1,0,6,28
209002,11,1,10,30,0,11,86
9911428,1,1,0,0,1,0,0
9601393,3,3,0,0,0,3,10
9901386,8,4,4,5,1,7,28
12199,2,2,0,0,0,2,4
9412285,8,1,7,19,8,0,0
9610426,2,2,0,0,0,2,5
201233,3,1,2,3,3,0,0
9808320,23,7,16,63,0,23,102
9407395,8,3,5,11,2,6,6
11295,20,4,16,36,0,20,129
103312,1,1,0,0,0,1,13
107218,5,2,3,5,0,5,31
9903208,1,1,0,0,1,0,0
9310257,13,4,9,15,13,0,0
107073,2,2,0,0,0,2,12
2192,4,1,3,6,4,0,0
210140,1,1,0,0,0,1,5
3220,14,2,12,38,2,12,12
3121,2,2,0,0,0,2,8
9710290,3,1,2,2,3,0,0
9911381,6,2,4,4,0,6,33
9507353,10,6,4,8,0,10,70
205314,10,3,7,27,0,10,44
11161,0,0,0,0,0,0,0
104264,3,2,1,1,0,3,9
9511314,5,1,4,8,5,0,0
101325,7,2,5,9,0,7,31
9803221,8,3,5,12,0,8,56
107136,4,2,2,3,0,4,18
204341,5,2,3,6,0,5,48
9907361,2,1,1,1,1,1,2
9710358,13,3,10,37,1,12,34
209337,7,4,3,6,0,7,83
104052,13,6,7,10,1,12,50
9508368,10,6,4,5,0,10,20
9212226,18,2,16,53,18,0,0
9609518,4,3,1,1,0,4,12
209306,1,1,0,0,0,1,25
9906492,2,1,1,1,0,2,7
9511320,2,1,1,1,0,2,6
9402347,12,5,7,8,2,10,15
9810547,1,1,0,0,0,1,6
9706548,1,1,0,0,0,1,6
9911210,0,0,0,0,0,0,0
9909383,6,1,5,6,3,3,3
9807239,4,2,2,2,3,1,1
111387,0,0,0,0,0,0,0
9405311,4,2,2,5,4,0,0
102218,9,1,8,19,0,9,141
9709320,6,3,3,4,0,6,6
9405412,3,3,0,0,3,0,0
9311213,6,5,1,1,6,0,0
9608286,7,3,4,11,1,6,8
9303287,2,1,1,1,2,0,0
9804377,13,5,8,15,0,13,101
6173,1,1,0,0,0,1,20
9605335,6,2,4,11,0,6,10
9705296,9,3,6,7,0,9,33
201136,2,1,1,1,0,2,2
101146,1,1,0,0,0,1,5
9705396,1,1,0,0,0,1,1
9406310,1,1,0,0,0,1,1
9407216,5,3,2,3,5,0,0
9412235,15,1,14,39,15,0,0
301042,1,1,0,0,0,1,1
9612298,1,1,0,0,0,1,1
106186,3,3,0,0,0,3,19
209305,3,2,1,2,0,3,33
9805507,4,1,3,6,4,0,0
9403328,1,1,0,0,1,0,0
9249,0,0,0,0,0,0,0
104288,2,2,0,0,0,2,17
6024,15,4,11,15,2,13,23
5042,3,1,2,3,0,3,10
9512375,7,3,4,13,7,0,0
9408246,5,1,4,8,5,0,0
9410220,0,0,0,0,0,0,0
9008,3,2,1,1,0,3,6
9910492,11,6,5,6,0,11,71
9403340,16,5,11,24,16,0,0
111166,4,1,3,4,0,4,28
9404289,5,2,3,4,5,0,0
9604328,6,3,3,3,0,6,17
9711276,5,4,1,2,3,2,3
203186,2,1,1,1,0,2,20
9706502,4,3,1,1,4,0,0
9406290,1,1,0,0,0,1,1
9707433,2,2,0,0,1,1,2
9807446,2,1,1,1,0,2,5
9909484,7,2,5,7,0,7,43
211158,1,1,0,0,0,1,2
9506370,9,1,8,22,9,0,0
9911263,0,0,0,0,0,0,0
9706443,1,1,0,0,0,1,1
9810392,6,2,4,7,6,0,0
9807371,15,1,14,80,1,14,14
104291,4,1,3,3,1,3,3
9502207,2,1,1,1,0,2,2
6145,7,1,6,12,1,6,16
9604287,0,0,0,0,0,0,0
9506344,2,1,1,1,0,2,4
101233,0,0,0,0,0,0,0
9602238,0,0,0,0,0,0,0
9506479,1,1,0,0,1,0,0
9701329,3,2,1,2,3,0,0
302094,1,1,0,0,0,1,6
9061,0,0,0,0,0,0,0
9501227,1,1,0,0,1,0,0
8206,0,0,0,0,0,0,0
9705280,2,1,1,1,2,0,0
9708225,0,0,0,0,0,0,0
9307238,4,3,1,1,4,0,0
211153,1,1,0,0,1,0,0
5051,4,1,3,4,0,4,16
103214,3,3,0,0,0,3,7
9912394,3,3,0,0,3,0,0
9710357,4,1,3,6,4,0,0
9401299,6,2,4,8,6,0,0
204129,5,1,4,5,0,5,30
204326,2,2,0,0,2,0,0
9911458,9,2,7,32,0,9,35
9808325,1,1,0,0,0,1,1
9802230,10,5,5,7,1,9,35
7194,0,0,0,0,0,0,0
9907254,8,5,3,4,0,8,15
8057,6,2,4,4,0,6,58
5136,4,3,1,3,0,4,17
2300,5,5,0,0,1,4,8
9909271,3,3,0,0,0,3,9
104008,2,2,0,0,0,2,2
9608244,1,1,0,0,1,0,0
9911203,8,2,6,15,3,5,14
206011,1,1,0,0,0,1,18
207365,1,1,0,0,0,1,10
9505204,4,1,3,4,1,3,9
210123,1,1,0,0,0,1,7
212007,1,1,0,0,0,1,5
9808326,5,1,4,9,3,2,4
9604345,2,2,0,0,0,2,11
9306203,3,3,0,0,3,0,0
302238,0,0,0,0,0,0,0
9806256,0,0,0,0,0,0,0
9211232,3,2,1,1,3,0,0
210198,3,1,2,2,0,3,41
9708245,1,1,0,0,0,1,2
9807379,4,2,2,4,1,3,4
9907550,3,1,2,3,0,3,3
9409338,1,1,0,0,1,0,0
103263,4,4,0,0,0,4,15
9324,5,2,3,6,0,5,107
9611223,9,2,7,20,6,3,3
105086,1,1,0,0,0,1,2
9701411,0,0,0,0,0,0,0
9408330,2,1,1,1,2,0,0
4221,0,0,0,0,0,0,0
9508227,2,1,1,1,1,1,3
9809494,1,1,0,0,0,1,1
6211,1,1,0,0,0,1,2
101173,0,0,0,0,0,0,0
9510371,1,1,0,0,0,1,1
9305297,1,1,0,0,1,0,0
109109,1,1,0,0,0,1,3
9910372,1,1,0,0,0,1,2
9702202,1,1,0,0,0,1,4
209082,0,0,0,0,0,0,0
1150,2,2,0,0,0,2,2
201034,1,1,0,0,0,1,4
7257,3,1,2,3,0,3,3
204205,7,6,1,1,0,7,30
9904407,1,1,0,0,1,0,0
6247,0,0,0,0,0,0,0
9609295,1,1,0,0,0,1,5
9611283,3,2,1,1,0,3,3
9411317,3,2,1,1,3,0,0
12091,4,4,0,0,1,3,10
9605303,3,1,2,3,0,3,13
207032,0,0,0,0,0,0,0
7346,4,3,1,1,0,4,19
9910271,3,3,0,0,3,0,0
9709219,2,2,0,0,0,2,3
10094,0,0,0,0,0,0,0
9911518,2,2,0,0,0,2,12
109009,1,1,0,0,0,1,2
9903549,7,1,6,9,7,0,0
9806394,6,2,4,7,5,1,2
212144,0,0,0,0,0,0,0
11192,3,2,1,1,0,3,18
11107,1,1,0,0,0,1,2
9701295,0,0,0,0,0,0,0
207259,2,2,0,0,0,2,5
211467,1,1,0,0,0,1,21
9511470,0,0,0,0,0,0,0
204085,2,2,0,0,0,2,11
104180,0,0,0,0,0,0,0
9608443,6,1,5,11,0,6,6
9346,0,0,0,0,0,0,0
12138,4,1,3,4,0,4,29
205264,0,0,0,0,0,0,0
9912232,3,1,2,2,0,3,8
107288,2,2,0,0,2,0,0
9812277,9,4,5,8,2,7,14
9905502,1,1,0,0,0,1,6
203208,4,1,3,5,0,4,48
9512424,1,1,0,0,1,0,0
12115,5,3,2,2,0,5,33
9904269,3,2,1,1,0,3,11
207269,0,0,0,0,0,0,0
9901280,0,0,0,0,0,0,0
9510279,3,3,0,0,0,3,9
9026,0,0,0,0,0,0,0
9701201,1,1,0,0,1,0,0
9904253,1,1,0,0,1,0,0
104300,15,2,13,27,0,15,245
9311296,6,4,2,2,6,0,0
9603282,2,2,0,0,0,2,5
9711475,2,1,1,1,0,2,5
4257,1,1,0,0,0,1,1
212292,1,1,0,0,0,1,9
3231,3,2,1,1,0,3,6
9607277,0,0,0,0,0,0,0
204044,3,2,1,1,0,3,60
9910479,2,1,1,1,0,2,7
9904442,3,3,0,0,3,0,0
101179,0,0,0,0,0,0,0
9909221,2,2,0,0,0,2,19
9702406,2,2,0,0,0,2,4
111246,4,3,1,2,2,2,4
9908511,1,1,0,0,0,1,3
105094,4,1,3,5,0,4,17
9502372,4,2,2,2,4,0,0
9908304,3,3,0,0,0,3,9
9811349,8,2,6,14,0,8,59
9809220,0,0,0,0,0,0,0
9710540,1,1,0,0,0,1,1
9409404,2,2,0,0,2,0,0
9808302,1,1,0,0,1,0,0
2097,5,2,3,4,0,5,13
9908273,1,1,0,0,1,0,0
9506290,7,0,7,19,7,0,0
111367,1,1,0,0,0,1,2
9609354,0,0,0,0,0,0,0
9604413,0,0,0,0,0,0,0
9806337,3,2,1,2,1,2,6
204069,3,2,1,1,0,3,14
9404267,0,0,0,0,0,0,0
12049,8,5,3,3,0,8,43
203008,1,1,0,0,0,1,3
9902365,0,0,0,0,0,0,0
7301,3,1,2,2,0,3,5
7049,3,1,2,2,0,3,4
108054,3,1,2,3,0,3,10
9711274,1,1,0,0,0,1,1
9912378,3,3,0,0,0,3,12
9709398,0,0,0,0,0,0,0
9907445,3,3,0,0,0,3,7
1084,2,2,0,0,0,2,12
5131,4,1,3,3,0,4,11
9909327,2,1,1,1,0,2,4
212130,1,1,0,0,1,0,0
9804308,0,0,0,0,0,0,0
9904256,5,1,4,10,5,0,0
9709424,8,5,3,3,8,0,0
9504385,2,2,0,0,2,0,0
9801263,4,2,2,3,0,4,12
9909344,1,1,0,0,0,1,2
203059,3,1,2,2,0,3,23
211256,0,0,0,0,0,0,0
112291,1,1,0,0,0,1,5
9801361,0,0,0,0,0,0,0
9606409,3,1,2,2,3,0,0
9610500,0,0,0,0,0,0,0
9807318,2,2,0,0,1,1,3
9906447,1,1,0,0,1,0,0
9209263,3,1,2,2,3,0,0
205201,8,4,4,5,0,8,70
201229,5,2,3,6,0,5,29
208093,0,0,0,0,0,0,0
9311202,1,1,0,0,1,0,0
9607274,2,1,1,1,0,2,2
9903445,5,3,2,3,5,0,0
7264,0,0,0,0,0,0,0
301231,0,0,0,0,0,0,0
9807220,0,0,0,0,0,0,0
9411436,0,0,0,0,0,0,0
211409,0,0,0,0,0,0,0
9607281,2,2,0,0,2,0,0
9602432,2,2,0,0,2,0,0
9908356,2,1,1,1,2,0,0
8179,0,0,0,0,0,0,0
9608292,7,4,3,6,1,6,28
9709365,2,2,0,0,1,1,7
205020,0,0,0,0,0,0,0
9911292,0,0,0,0,0,0,0
205049,0,0,0,0,0,0,0
9809447,2,1,1,1,0,2,4
9507274,2,2,0,0,2,0,0
208117,0,0,0,0,0,0,0
9504358,3,3,0,0,0,3,7
9506413,1,1,0,0,1,0,0
9511279,2,2,0,0,0,2,2
9308293,1,1,0,0,1,0,0
9511447,1,1,0,0,0,1,4
9305248,4,2,2,5,4,0,0
9502375,0,0,0,0,0,0,0
109044,2,2,0,0,1,1,2
101077,1,1,0,0,0,1,3
5283,0,0,0,0,0,0,0
3200,0,0,0,0,0,0,0
9912267,4,2,2,2,4,0,0
9709495,0,0,0,0,0,0,0
205088,2,2,0,0,0,2,22
9807538,2,2,0,0,0,2,20
302120,0,0,0,0,0,0,0
210205,5,4,1,1,0,5,86
109005,3,2,1,1,0,3,8
104014,4,1,3,6,0,4,11
9210266,2,2,0,0,2,0,0
203065,1,1,0,0,0,1,8
106022,2,1,1,1,0,2,7
1120,2,2,0,0,0,2,8
3042,6,1,5,12,5,1,1
6286,2,2,0,0,1,1,1
9705322,1,1,0,0,1,0,0
112032,1,1,0,0,1,0,0
209013,0,0,0,0,0,0,0
101328,0,0,0,0,0,0,0
9306247,0,0,0,0,0,0,0
9708331,0,0,0,0,0,0,0
105123,0,0,0,0,0,0,0
9208257,1,1,0,0,1,0,0
205331,3,1,2,3,0,3,19
212324,1,1,0,0,0,1,5
9808442,2,1,1,1,2,0,0
206018,2,2,0,0,1,1,1
203050,1,1,0,0,1,0,0
9711462,0,0,0,0,0,0,0
9604400,1,1,0,0,1,0,0
9609470,3,1,2,2,3,0,0
9912369,0,0,0,0,0,0,0
12213,2,1,1,1,0,2,10
9605248,1,1,0,0,1,0,0
207370,1,1,0,0,0,1,14
212150,0,0,0,0,0,0,0
110265,0,0,0,0,0,0,0
202033,2,2,0,0,0,2,3
301055,1,1,0,0,0,1,9
9610509,0,0,0,0,0,0,0
9809313,2,2,0,0,1,1,1
1132,3,1,2,2,0,3,12
5046,1,1,0,0,0,1,6
2187,1,1,0,0,0,1,3
202220,0,0,0,0,0,0,0
212117,0,0,0,0,0,0,0
111122,0,0,0,0,0,0,0
9604211,1,1,0,0,1,0,0
9709311,0,0,0,0,0,0,0
9810330,1,1,0,0,1,0,0
9910280,0,0,0,0,0,0,0
8317,4,4,0,0,0,4,20
111419,0,0,0,0,0,0,0
9509431,1,1,0,0,1,0,0
9910276,3,2,1,1,0,3,3
209071,0,0,0,0,0,0,0
209055,0,0,0,0,0,0,0
212341,2,1,1,1,0,2,2
9508251,1,1,0,0,1,0,0
9704429,3,1,2,3,3,0,0
9705369,0,0,0,0,0,0,0
9502216,1,1,0,0,1,0,0
9909233,2,2,0,0,2,0,0
9403279,1,1,0,0,1,0,0
209154,0,0,0,0,0,0,0
212089,1,1,0,0,0,1,12
207198,0,0,0,0,0,0,0
9402351,3,2,1,1,3,0,0
9509307,2,2,0,0,2,0,0
101198,0,0,0,0,0,0,0
9807352,0,0,0,0,0,0,0
8202,0,0,0,0,0,0,0
9911503,0,0,0,0,0,0,0
212384,1,1,0,0,0,1,15
203205,1,1,0,0,0,1,1
105300,1,1,0,0,0,1,1
208119,0,0,0,0,0,0,0
206262,2,1,1,1,0,2,10
3009,1,1,0,0,0,1,19
210153,0,0,0,0,0,0,0
108015,1,1,0,0,1,0,0
9308346,2,1,1,1,2,0,0
7123,4,2,2,3,1,3,3
101289,0,0,0,0,0,0,0
10282,1,1,0,0,0,1,4
9610277,0,0,0,0,0,0,0
9601340,0,0,0,0,0,0,0
210281,0,0,0,0,0,0,0
9809325,1,1,0,0,0,1,1
9808402,0,0,0,0,0,0,0
9802375,1,1,0,0,1,0,0
110268,1,1,0,0,1,0,0
9912331,1,1,0,0,0,1,1
9911211,1,1,0,0,0,1,1
9504213,2,1,1,1,2,0,0
9607229,0,0,0,0,0,0,0
9804409,5,1,4,8,5,0,0
112035,1,1,0,0,0,1,8
209338,0,0,0,0,0,0,0
9507223,0,0,0,0,0,0,0
9805372,1,1,0,0,0,1,3
106148,1,1,0,0,0,1,9
204196,0,0,0,0,0,0,0
211136,1,1,0,0,0,1,6
9806341,0,0,0,0,0,0,0
110308,0,0,0,0,0,0,0
208029,0,0,0,0,0,0,0
2136,1,1,0,0,0,1,5
204201,1,1,0,0,0,1,2
11135,2,2,0,0,0,2,16
9709202,0,0,0,0,0,0,0
9709278,3,1,2,3,0,3,6
10010,1,1,0,0,0,1,3
9802377,1,1,0,0,0,1,1
9909331,0,0,0,0,0,0,0
201007,1,1,0,0,0,1,1
108052,0,0,0,0,0,0,0
9305261,0,0,0,0,0,0,0
211162,0,0,0,0,0,0,0
9905432,0,0,0,0,0,0,0
9910322,0,0,0,0,0,0,0
9906426,1,1,0,0,1,0,0
205223,0,0,0,0,0,0,0
9712484,0,0,0,0,0,0,0
207038,0,0,0,0,0,0,0
212309,0,0,0,0,0,0,0
110378,0,0,0,0,0,0,0
105228,1,1,0,0,0,1,5
9605410,0,0,0,0,0,0,0
103292,2,1,1,1,0,2,13
106340,2,1,1,1,2,0,0
108011,0,0,0,0,0,0,0
102084,0,0,0,0,0,0,0
9501370,0,0,0,0,0,0,0
212249,0,0,0,0,0,0,0
207148,0,0,0,0,0,0,0
105290,0,0,0,0,0,0,0
201288,0,0,0,0,0,0,0
211077,0,0,0,0,0,0,0
106205,1,1,0,0,0,1,2
9907375,0,0,0,0,0,0,0
9912462,0,0,0,0,0,0,0
8229,0,0,0,0,0,0,0
9706302,0,0,0,0,0,0,0
208148,0,0,0,0,0,0,0
9607212,1,1,0,0,1,0,0
107031,0,0,0,0,0,0,0
9804336,0,0,0,0,0,0,0
8175,0,0,0,0,0,0,0
208118,0,0,0,0,0,0,0
105278,0,0,0,0,0,0,0
7166,0,0,0,0,0,0,0
104204,2,2,0,0,0,2,8
9812324,0,0,0,0,0,0,0
209040,1,1,0,0,0,1,2
9509206,0,0,0,0,0,0,0
301046,0,0,0,0,0,0,0
9310267,2,2,0,0,2,0,0
102026,0,0,0,0,0,0,0
106074,0,0,0,0,0,0,0
9607228,0,0,0,0,0,0,0
9301201,1,1,0,0,1,0,0
9810218,0,0,0,0,0,0,0
9204224,1,1,0,0,1,0,0
9307349,2,1,1,1,2,0,0
210282,0,0,0,0,0,0,0
110360,1,1,0,0,0,1,6
9411345,1,1,0,0,1,0,0
205257,1,1,0,0,0,1,4
9405351,2,1,1,1,2,0,0
301256,1,1,0,0,0,1,15
9611328,0,0,0,0,0,0,0
203095,0,0,0,0,0,0,0
5111,0,0,0,0,0,0,0
9709441,0,0,0,0,0,0,0
9907459,0,0,0,0,0,0,0
2112,1,1,0,0,0,1,1
9604299,1,1,0,0,0,1,1
4144,0,0,0,0,0,0,0
109021,1,1,0,0,1,0,0
210187,0,0,0,0,0,0,0
9602247,0,0,0,0,0,0,0
204046,0,0,0,0,0,0,0
110076,1,1,0,0,1,0,0
9612215,1,1,0,0,0,1,2
9511423,3,2,1,1,3,0,0
206291,0,0,0,0,0,0,0
9608485,0,0,0,0,0,0,0
9806456,0,0,0,0,0,0,0
9706292,0,0,0,0,0,0,0
9904430,4,1,3,5,0,4,5
105255,0,0,0,0,0,0,0
9901287,0,0,0,0,0,0,0
201182,0,0,0,0,0,0,0
9308316,0,0,0,0,0,0,0
7265,1,1,0,0,1,0,0
108045,2,1,1,1,2,0,0
111102,0,0,0,0,0,0,0
9085,0,0,0,0,0,0,0
302035,3,1,2,3,2,1,10
9712311,0,0,0,0,0,0,0
203248,1,1,0,0,0,1,4
6316,0,0,0,0,0,0,0
9304312,1,1,0,0,1,0,0
301106,0,0,0,0,0,0,0
302110,0,0,0,0,0,0,0
204226,1,1,0,0,0,1,2
9904462,0,0,0,0,0,0,0
205225,0,0,0,0,0,0,0
212100,0,0,0,0,0,0,0
105076,1,1,0,0,0,1,6
3192,0,0,0,0,0,0,0
9807534,1,1,0,0,1,0,0
9809236,0,0,0,0,0,0,0
9910418,0,0,0,0,0,0,0
9812419,0,0,0,0,0,0,0
9908312,0,0,0,0,0,0,0
1197,0,0,0,0,0,0,0
11162,0,0,0,0,0,0,0
210164,0,0,0,0,0,0,0
9505292,0,0,0,0,0,0,0
9909492,1,1,0,0,0,1,2
105303,1,1,0,0,0,1,3
103345,0,0,0,0,0,0,0
9902265,0,0,0,0,0,0,0
302156,0,0,0,0,0,0,0
107026,1,1,0,0,0,1,7
212221,0,0,0,0,0,0,0
211449,0,0,0,0,0,0,0
302258,0,0,0,0,0,0,0
205107,0,0,0,0,0,0,0
9207230,0,0,0,0,0,0,0
9610386,0,0,0,0,0,0,0
3243,0,0,0,0,0,0,0
9250,0,0,0,0,0,0,0
12284,0,0,0,0,0,0,0
10169,0,0,0,0,0,0,0
9510321,0,0,0,0,0,0,0
9601286,0,0,0,0,0,0,0
207323,1,1,0,0,0,1,2
207016,0,0,0,0,0,0,0
9309250,0,0,0,0,0,0,0
9605290,1,1,0,0,1,0,0
9706301,1,1,0,0,0,1,1
11052,1,1,0,0,1,0,0
211140,0,0,0,0,0,0,0
107033,0,0,0,0,0,0,0
9510405,0,0,0,0,0,0,0
302053,0,0,0,0,0,0,0
9903514,0,0,0,0,0,0,0
210059,0,0,0,0,0,0,0
9803295,1,1,0,0,1,0,0
9811286,1,1,0,0,1,0,0
301021,0,0,0,0,0,0,0
211188,0,0,0,0,0,0,0
9507346,2,2,0,0,2,0,0
9802243,0,0,0,0,0,0,0
9807459,0,0,0,0,0,0,0
206211,1,1,0,0,0,1,17
9609396,0,0,0,0,0,0,0
207128,0,0,0,0,0,0,0
9708422,0,0,0,0,0,0,0
9409228,0,0,0,0,0,0,0
9805383,1,1,0,0,0,1,1
9909299,0,0,0,0,0,0,0
10136,1,1,0,0,1,0,0
208137,1,1,0,0,1,0,0
9812414,0,0,0,0,0,0,0
104159,1,1,0,0,0,1,8
201039,0,0,0,0,0,0,0
6118,1,1,0,0,0,1,2
9602387,0,0,0,0,0,0,0
9607257,2,1,1,1,0,2,2
9512255,0,0,0,0,0,0,0
4097,1,1,0,0,0,1,8
2052,0,0,0,0,0,0,0
302069,0,0,0,0,0,0,0
9511394,0,0,0,0,0,0,0
9309331,1,1,0,0,1,0,0
212281,0,0,0,0,0,0,0
301162,0,0,0,0,0,0,0
9512261,0,0,0,0,0,0,0
9711471,0,0,0,0,0,0,0
301244,0,0,0,0,0,0,0
302028,0,0,0,0,0,0,0
208030,1,1,0,0,1,0,0
103325,1,1,0,0,0,1,5
9711343,0,0,0,0,0,0,0
212332,0,0,0,0,0,0,0
3250,1,1,0,0,1,0,0
9305264,1,1,0,0,1,0,0
210423,0,0,0,0,0,0,0
211447,0,0,0,0,0,0,0
2281,0,0,0,0,0,0,0
212336,0,0,0,0,0,0,0
210147,0,0,0,0,0,0,0
9901408,0,0,0,0,0,0,0
9902358,0,0,0,0,0,0,0
9506458,0,0,0,0,0,0,0
301173,0,0,0,0,0,0,0
4090,0,0,0,0,0,0,0
9609494,0,0,0,0,0,0,0
211377,0,0,0,0,0,0,0
212363,0,0,0,0,0,0,0
301053,0,0,0,0,0,0,0
211035,0,0,0,0,0,0,0
210203,0,0,0,0,0,0,0
9309255,0,0,0,0,0,0,0
211084,0,0,0,0,0,0,0
9512394,0,0,0,0,0,0,0
11085,0,0,0,0,0,0,0
106284,0,0,0,0,0,0,0
9708451,0,0,0,0,0,0,0
6220,0,0,0,0,0,0,0
10242,0,0,0,0,0,0,0
9311315,0,0,0,0,0,0,0
9911519,0,0,0,0,0,0,0
111444,0,0,0,0,0,0,0
112008,1,1,0,0,0,1,2
104018,1,1,0,0,0,1,5
9903230,21,3,18,96,0,21,158
9410307,5,1,4,6,5,0,0
2036,24,5,19,58,2,22,96
9405277,25,3,22,125,25,0,0
211308,1,1,0,0,0,1,2
9503433,67,1,66,436,0,67,187
9905468,1,1,0,0,0,1,4
9609331,80,5,75,711,1,79,387
108059,5,4,1,1,0,5,57
9503228,18,2,16,40,4,14,18
9703264,2,1,1,1,0,2,12
9509248,13,3,10,23,2,11,11
9504216,20,3,17,54,20,0,0
9509379,8,4,4,8,0,8,16
9808293,91,4,87,809,5,86,204
9302316,85,4,81,869,85,0,0
9609276,28,2,26,161,8,20,44
9811266,11,4,7,17,0,11,127
9711444,11,2,9,40,2,9,12
9812360,36,5,31,145,1,35,181
9812381,15,2,13,53,0,15,126
102306,6,1,5,10,6,0,0
9405414,31,5,26,92,31,0,0
9605319,87,2,85,776,20,67,108
9412385,61,1,60,296,0,61,110
9809587,3,1,2,2,0,3,15
9704238,4,2,2,5,4,0,0
9505347,11,6,5,6,1,10,11
9810232,17,8,9,14,0,17,93
9712398,20,3,17,60,0,20,63
9404283,97,4,93,1074,52,45,69
9710509,36,4,32,112,0,36,140
108240,17,1,16,35,0,17,149
8023,20,2,18,89,9,11,11
9609344,18,3,15,62,0,18,115
9705307,29,5,24,126,0,29,235
9910211,8,1,7,10,4,4,10
9612433,48,7,41,193,48,0,0
9603261,38,2,36,126,10,28,70
9808328,15,2,13,40,2,13,13
9909260,14,5,9,16,1,13,118
9905464,34,1,33,140,0,34,99
9902308,28,1,27,182,0,28,68
9407389,45,2,43,358,3,42,61
9603237,28,5,23,87,0,28,90
9408213,39,3,36,222,24,15,15
9807344,172,2,170,2668,1,171,591
9203201,41,7,34,297,41,0,0
9504260,3,1,2,2,0,3,7
9702235,7,1,6,8,7,0,0
9506321,6,3,3,4,1,5,5
9605449,0,0,0,0,0,0,0
9603214,19,3,16,86,0,19,30
9612338,4,1,3,6,0,4,10
2103,1,1,0,0,0,1,6
9703358,22,2,20,74,0,22,68
9405398,30,4,26,96,30,0,0
9309324,6,2,4,6,6,0,0
9904398,4,2,2,2,1,3,13
9712242,5,2,3,5,5,0,0
9810259,5,1,4,6,0,5,21
9407394,35,3,32,168,3,32,155
9512395,5,1,4,6,0,5,25
9908416,2,1,1,1,0,2,5
9503411,24,1,23,98,5,19,25
3326,20,2,18,72,0,20,71
9904418,2,1,1,1,0,2,15
9607303,22,6,16,41,0,22,97
9810313,25,3,22,136,0,25,134
9910451,8,1,7,15,0,8,40
9403224,19,3,16,47,6,13,15
9612264,13,3,10,28,3,10,20
9611213,16,2,14,44,5,11,12
9905283,11,2,9,26,1,10,35
9802414,16,2,14,60,3,13,18
102047,45,6,39,117,0,45,479
6059,13,3,10,41,0,13,192
9406295,21,7,14,47,3,18,43
9908290,9,1,8,29,0,9,106
9407314,13,7,6,8,5,8,8
9402311,1,1,0,0,1,0,0
9509358,11,3,8,16,2,9,13
9810442,52,3,49,439,34,18,32
9811378,46,1,45,365,0,46,458
9510204,28,7,21,69,1,27,73
9709502,9,3,6,14,0,9,36
9607414,22,5,17,82,0,22,78
9609374,8,5,3,4,3,5,12
9901246,12,5,7,21,1,11,67
9904404,84,5,79,676,3,81,406
9901399,10,6,4,9,2,8,30
102139,0,0,0,0,0,0,0
9711293,3,3,0,0,3,0,0
9405337,7,1,6,14,7,0,0
9603291,0,0,0,0,0,0,0
9907218,43,1,42,225,0,43,43
9712263,1,1,0,0,0,1,1
9512288,24,2,22,52,0,24,123
9801218,7,2,5,8,2,5,5
9910420,38,3,35,150,0,38,272
9801415,9,2,7,24,0,9,51
4043,54,4,50,259,0,54,371
9512396,63,1,62,806,8,55,100
102211,11,3,8,42,0,11,21
105004,14,4,10,24,0,14,90
103280,42,11,31,155,0,42,545
10203,25,7,18,52,0,25,210
9505428,14,4,10,20,7,7,8
104166,12,2,10,35,0,12,51
6026,5,2,3,3,0,5,18
9505241,5,1,4,8,0,5,26
9705425,5,3,2,2,0,5,13
9903436,32,7,25,99,2,30,163
9501392,11,3,8,28,1,10,40
9506332,9,1,8,18,0,9,9
9702242,9,3,6,9,0,9,25
9805233,16,7,9,18,0,16,72
9902263,58,2,56,629,0,58,445
3051,1,1,0,0,0,1,8
4014,51,5,46,327,0,51,651
9901331,23,2,21,77,0,23,156
109078,29,2,27,152,0,29,373
209107,2,2,0,0,0,2,8
201228,17,2,15,68,0,17,202
2279,11,1,10,33,0,11,51
9907477,4,3,1,2,0,4,9
112236,1,1,0,0,0,1,3
106336,10,4,6,7,0,10,100
12031,2,2,0,0,0,2,10
9902290,8,2,6,8,0,8,76
204311,2,1,1,1,1,1,3
9809458,9,2,7,11,0,9,27
9907203,9,1,8,26,0,9,27
9207209,12,2,10,20,12,0,0
9503423,0,0,0,0,0,0,0
8292,17,3,14,41,0,17,265
9908283,13,4,9,22,1,12,26
9203210,4,2,2,3,4,0,0
9801233,9,4,5,9,0,9,46
9601349,47,3,44,194,0,47,339
9609281,6,3,3,3,0,6,29
9404327,12,3,9,30,8,4,4
9605224,19,1,18,63,4,15,61
9410271,3,2,1,1,0,3,3
9701261,3,2,1,1,0,3,9
9809244,29,5,24,146,0,29,59
9612387,8,2,6,15,0,8,45
9903453,15,7,8,19,0,15,115
9502329,32,4,28,211,32,0,0
107095,0,0,0,0,0,0,0
9403370,9,3,6,10,4,5,5
9707500,25,3,22,75,0,25,115
112328,1,1,0,0,0,1,22
2075,13,3,10,26,0,13,104
9610313,19,3,16,57,0,19,73
9602358,6,3,3,4,6,0,0
9803316,37,3,34,113,13,24,34
9803229,17,2,15,57,0,17,67
9512250,5,2,3,3,1,4,9
2157,3,3,0,0,0,3,24
9603402,2,2,0,0,1,1,1
9610406,2,1,1,1,0,2,2
9609361,3,1,2,3,0,3,12
9709379,45,1,44,291,0,45,292
9805232,18,3,15,88,18,0,0
9310261,30,7,23,103,30,0,0
9609237,3,2,1,1,0,3,4
9310291,7,3,4,7,7,0,0
9302238,11,9,2,2,11,0,0
9603342,19,4,15,51,4,15,29
9610204,17,3,14,35,3,14,26
9604247,2,2,0,0,1,1,1
9506475,21,3,18,73,1,20,58
9506285,7,1,6,13,0,7,26
9308333,30,5,25,86,11,19,33
9608306,21,3,18,59,2,19,112
9806318,1,1,0,0,1,0,0
9601346,12,2,10,23,1,11,14
3281,4,1,3,5,0,4,43
9810468,1,1,0,0,1,0,0
9804376,8,1,7,19,0,8,24
9402314,5,1,4,6,0,5,23
9806230,1,1,0,0,1,0,0
1290,9,3,6,12,9,0,0
103239,2,2,0,0,0,2,13
9902423,37,2,35,271,37,0,0
9610265,13,2,11,22,13,0,0
9603380,7,2,5,8,7,0,0
9808361,3,1,2,2,1,2,3
5093,6,5,1,1,0,6,67
9901304,27,1,26,116,1,26,80
6333,6,1,5,10,0,6,18
9409348,9,1,8,25,0,9,9
9608325,0,0,0,0,0,0,0
9907470,1,1,0,0,0,1,2
9405380,8,1,7,16,8,0,0
9708481,22,1,21,90,10,12,12
9608214,6,1,5,10,0,6,22
9910477,14,5,9,28,0,14,117
103183,26,3,23,110,0,26,286
9912526,3,2,1,1,0,3,27
9701276,1,1,0,0,0,1,5
9802411,16,3,13,51,1,15,94
9510443,8,3,5,11,0,8,29
9708272,20,3,17,65,9,11,11
3012,8,2,6,10,0,8,46
9610232,5,1,4,7,0,5,10
6196,2,1,1,1,0,2,4
9601323,0,0,0,0,0,0,0
111158,2,2,0,0,0,2,9
9508412,1,1,0,0,0,1,1
9812276,11,3,8,22,0,11,67
11389,1,1,0,0,1,0,0
9406397,7,2,5,6,0,7,24
9312339,4,1,3,3,4,0,0
9410331,7,2,5,14,7,0,0
9608281,10,1,9,33,0,10,38
9405341,32,1,31,159,32,0,0
9603308,11,2,9,16,3,8,15
9304238,2,1,1,1,2,0,0
9610489,5,2,3,5,0,5,18
104236,7,2,5,11,0,7,59
9909356,4,1,3,4,0,4,58
9703455,15,2,13,42,0,15,75
9604221,1,1,0,0,0,1,1
9503334,15,2,13,32,0,15,24
9608343,20,2,18,114,1,19,86
9912320,3,3,0,0,2,1,1
204343,7,3,4,5,0,7,33
9806290,5,3,2,5,0,5,75
103052,9,4,5,8,0,9,39
9707316,27,4,23,90,0,27,119
9609377,9,2,7,10,0,9,22
2177,17,6,11,35,0,17,146
205158,1,1,0,0,1,0,0
9811363,25,3,22,112,0,25,172
10308,2,2,0,0,0,2,9
2168,6,4,2,2,0,6,38
9803301,22,1,21,64,9,13,20
9702239,13,3,10,20,1,12,18
107331,23,2,21,108,0,23,116
9706462,6,2,4,7,0,6,39
9611251,22,6,16,54,0,22,138
9205210,16,6,10,27,16,0,0
3233,6,4,2,3,0,6,10
9410363,2,1,1,1,2,0,0
9402243,41,5,36,146,0,41,135
9703207,3,1,2,2,0,3,4
9605392,17,3,14,47,0,17,59
9806279,31,3,28,130,9,22,53
9707383,1,1,0,0,1,0,0
212142,0,0,0,0,0,0,0
2273,3,1,2,3,0,3,45
109246,1,1,0,0,0,1,3
9909232,23,5,18,41,0,23,510
9510286,3,2,1,1,0,3,28
9603397,16,4,12,27,10,6,12
3324,2,2,0,0,0,2,8
105149,3,1,2,2,3,0,0
110119,0,0,0,0,0,0,0
101350,9,4,5,7,0,9,91
201089,5,2,3,5,0,5,12
9901433,8,2,6,11,0,8,24
11081,3,2,1,1,0,3,3
2072,25,3,22,121,10,15,42
207231,0,0,0,0,0,0,0
105261,3,2,1,1,0,3,30
9706352,4,1,3,4,1,3,3
1299,23,4,19,75,0,23,41
9409436,9,1,8,19,1,8,15
9707385,16,4,12,26,2,14,30
9905369,6,3,3,3,4,2,2
9205237,26,4,22,67,26,0,0
110325,24,4,20,71,0,24,459
9408245,51,3,48,256,51,0,0
9809425,8,2,6,17,0,8,37
9807567,12,4,8,32,0,12,12
3113,11,5,6,19,3,8,22
8052,11,1,10,32,0,11,60
9906280,4,2,2,3,0,4,11
9408372,0,0,0,0,0,0,0
9712491,0,0,0,0,0,0,0
110035,9,1,8,16,0,9,79
9908289,7,0,7,17,0,7,56
9912227,1,1,0,0,0,1,7
9407391,1,1,0,0,0,1,1
5086,0,0,0,0,0,0,0
3320,5,1,4,6,0,5,10
9406299,20,2,18,100,20,0,0
9905346,18,5,13,19,2,16,47
9910338,47,4,43,418,19,28,41
9805289,11,3,8,20,0,11,130
9912238,14,3,11,45,0,14,14
9912255,1,1,0,0,0,1,1
111359,3,2,1,1,1,2,2
9809466,7,4,3,3,0,7,107
104315,0,0,0,0,0,0,0
9506334,1,1,0,0,0,1,3
9607389,17,4,13,34,1,16,23
9605289,3,3,0,0,1,2,2
9706537,4,2,2,2,0,4,4
9701300,5,3,2,3,0,5,10
9712524,6,2,4,8,0,6,8
9810381,1,1,0,0,0,1,2
9809510,9,2,7,15,0,9,53
9801388,6,2,4,7,0,6,69
102254,7,3,4,7,0,7,44
3169,23,6,17,35,0,23,34
9707240,3,2,1,1,0,3,7
9807258,8,4,4,5,0,8,28
9704235,6,3,3,5,0,6,56
201242,5,1,4,8,0,5,11
110129,3,2,1,1,3,0,0
9507261,6,1,5,7,0,6,35
9701370,5,2,3,8,0,5,12
9705314,3,1,2,2,0,3,7
1140,0,0,0,0,0,0,0
9312274,7,1,6,11,7,0,0
9912441,0,0,0,0,0,0,0
9608469,1,1,0,0,1,0,0
9605215,13,3,10,35,7,6,6
9408392,3,1,2,3,1,2,2
9807293,3,1,2,2,0,3,15
3204,4,1,3,4,0,4,20
9410250,4,1,3,6,4,0,0
111044,9,4,5,10,0,9,37
9910485,3,1,2,3,0,3,15
3225,1,1,0,0,0,1,14
10079,8,2,6,19,0,8,100
9810282,4,1,3,5,0,4,28
9304273,4,3,1,2,4,0,0
109045,23,2,21,92,0,23,81
9510291,2,1,1,1,1,1,1
9205231,10,4,6,10,10,0,0
4116,6,3,3,4,0,6,53
9701253,8,1,7,9,8,0,0
105295,8,2,6,13,0,8,125
9811443,2,2,0,0,0,2,17
9606308,3,2,1,1,0,3,3
6097,11,5,6,8,0,11,86
9511352,11,2,9,20,11,0,0
9303210,2,2,0,0,2,0,0
9705463,10,1,9,25,10,0,0
108055,1,1,0,0,0,1,2
102134,6,4,2,2,0,6,9
202128,0,0,0,0,0,0,0
9406217,1,1,0,0,1,0,0
110318,1,1,0,0,0,1,9
102264,8,5,3,3,1,7,17
9206,7,2,5,7,0,7,40
9803497,12,3,9,18,7,5,8
9701374,7,4,3,5,0,7,14
9403248,9,2,7,12,7,2,2
103192,5,3,2,2,0,5,44
202039,5,5,0,0,0,5,20
9906205,9,3,6,16,0,9,26
9402256,7,2,5,10,7,0,0
9706417,12,2,10,26,0,12,58
9712219,3,3,0,0,0,3,60
9901267,3,2,1,1,1,2,6
9209282,1,1,0,0,1,0,0
9703361,1,1,0,0,0,1,3
102089,7,4,3,7,0,7,13
9404318,9,2,7,19,1,8,8
2007,3,1,2,3,0,3,52
9502288,1,1,0,0,1,0,0
102010,14,2,12,43,1,13,22
4190,10,1,9,21,0,10,41
9605418,3,2,1,1,3,0,0
9907214,22,9,13,37,0,22,28
9709474,4,1,3,4,1,3,6
9901221,19,2,17,71,11,8,10
9912542,26,7,19,73,0,26,358
3299,6,2,4,6,0,6,11
9708370,3,3,0,0,1,2,2
104097,11,5,6,14,4,7,15
9512438,0,0,0,0,0,0,0
9603421,0,0,0,0,0,0,0
110089,2,1,1,1,2,0,0
209035,1,1,0,0,1,0,0
9407274,6,5,1,1,6,0,0
9506392,14,1,13,33,0,14,26
9602264,9,1,8,25,0,9,18
9706234,2,1,1,1,0,2,13
107163,6,1,5,9,0,6,52
9212296,6,5,1,1,0,6,8
106250,1,1,0,0,0,1,3
9402251,10,2,8,14,10,0,0
9409204,8,2,6,17,0,8,10
9304210,3,2,1,2,3,0,0
9812435,3,1,2,3,3,0,0
9909472,4,2,2,4,2,2,4
9601373,4,1,3,4,0,4,8
9708285,0,0,0,0,0,0,0
102321,17,2,15,58,0,17,293
9703363,4,1,3,3,0,4,18
209014,11,3,8,21,0,11,113
210324,0,0,0,0,0,0,0
9701245,1,1,0,0,0,1,2
3275,1,1,0,0,0,1,4
110320,3,2,1,1,0,3,9
9710402,7,2,5,15,7,0,0
9612354,0,0,0,0,0,0,0
109096,2,1,1,1,0,2,13
9810206,5,2,3,4,0,5,25
9508344,2,1,1,1,2,0,0
101068,1,1,0,0,0,1,4
101039,1,1,0,0,0,1,6
110049,3,2,1,1,0,3,58
9905326,5,3,2,2,2,3,3
9704454,3,1,2,2,0,3,3
9808368,16,7,9,27,1,15,61
9809380,1,1,0,0,0,1,3
211300,3,3,0,0,0,3,29
104200,11,1,10,38,1,10,47
9901210,3,1,2,2,0,3,16
9804337,11,2,9,20,1,10,30
9905405,2,1,1,1,0,2,5
9707449,4,2,2,2,0,4,36
8151,1,1,0,0,0,1,16
9810338,6,4,2,4,0,6,29
9401203,3,1,2,2,3,0,0
9712279,2,1,1,1,0,2,6
102119,3,2,1,1,0,3,28
9812261,8,3,5,7,0,8,63
108253,2,2,0,0,0,2,13
9409240,9,4,5,11,9,0,0
9906329,0,0,0,0,0,0,0
9801294,7,2,5,8,0,7,42
207139,7,3,4,5,0,7,108
10350,2,2,0,0,0,2,14
9805261,9,5,4,4,0,9,58
5202,0,0,0,0,0,0,0
9702355,4,1,3,3,0,4,14
204092,14,4,10,28,0,14,285
9706356,1,1,0,0,0,1,7
9908247,9,7,2,4,1,8,22
9705327,17,4,13,58,0,17,71
9402348,1,1,0,0,1,0,0
1057,1,1,0,0,0,1,2
9805496,7,3,4,5,4,3,6
7298,13,8,5,10,0,13,116
102225,0,0,0,0,0,0,0
212396,0,0,0,0,0,0,0
9707539,2,1,1,1,0,2,2
107040,9,2,7,16,0,9,125
9806329,3,2,1,1,1,2,2
9501279,5,1,4,4,0,5,16
9312276,9,6,3,3,9,0,0
9611342,0,0,0,0,0,0,0
9507264,1,1,0,0,0,1,2
9901264,1,1,0,0,0,1,7
9911422,2,2,0,0,0,2,43
9605399,3,1,2,2,1,2,2
3254,1,1,0,0,0,1,4
9911221,2,2,0,0,0,2,6
4236,4,2,2,2,0,4,15
9406272,2,2,0,0,0,2,8
7033,1,1,0,0,0,1,3
210132,0,0,0,0,0,0,0
9607408,15,3,12,30,2,13,13
212202,6,1,5,9,0,6,46
9701262,1,1,0,0,0,1,2
9712399,1,1,0,0,0,1,4
211204,4,3,1,3,0,4,52
9807335,11,2,9,15,0,11,36
9707514,3,2,1,1,0,3,8
9912290,2,2,0,0,0,2,7
107004,1,1,0,0,0,1,12
106066,9,6,3,4,1,8,19
9903443,3,1,2,3,0,3,16
9810245,2,1,1,1,0,2,3
9701205,8,3,5,16,0,8,23
9403284,2,2,0,0,2,0,0
9511214,2,1,1,1,2,0,0
9907467,2,1,1,1,0,2,4
9402238,2,1,1,1,0,2,4
210027,2,1,1,1,0,2,32
9404290,10,5,5,7,10,0,0
9807556,0,0,0,0,0,0,0
9811454,3,3,0,0,0,3,33
3236,1,1,0,0,0,1,1
9912407,2,1,1,1,0,2,3
9309290,1,1,0,0,1,0,0
9606461,4,1,3,4,3,1,1
3116,0,0,0,0,0,0,0
9711272,6,4,2,2,0,6,21
110374,4,1,3,5,4,0,0
9602272,15,3,12,66,0,15,36
9207239,4,2,2,3,4,0,0
9504263,1,1,0,0,0,1,1
9901439,8,2,6,10,0,8,16
9807426,14,1,13,66,0,14,27
9806234,4,1,3,5,4,0,0
9609352,6,2,4,7,1,5,14
5106,5,1,4,5,1,4,18
9406364,1,1,0,0,1,0,0
9709295,14,3,11,16,2,12,26
9804316,1,1,0,0,0,1,4
9410354,3,3,0,0,3,0,0
9409307,2,2,0,0,2,0,0
111311,8,2,6,16,5,3,3
207356,13,1,12,53,6,7,7
9704422,2,1,1,1,2,0,0
112202,1,1,0,0,0,1,5
9807224,7,1,6,6,6,1,1
9811496,3,2,1,1,2,1,1
9712232,6,4,2,2,0,6,12
9602433,3,2,1,1,3,0,0
211305,3,2,1,1,1,2,5
6057,4,3,1,1,0,4,20
8132,4,3,1,2,4,0,0
8115,2,1,1,1,0,2,4
9807492,3,1,2,3,0,3,3
9403322,11,5,6,10,11,0,0
111115,14,3,11,36,1,13,20
9605461,0,0,0,0,0,0,0
109053,1,1,0,0,0,1,5
9904208,2,2,0,0,1,1,1
9303237,7,2,5,7,7,0,0
9908520,1,1,0,0,1,0,0
9706447,1,1,0,0,0,1,8
9102,19,3,16,41,0,19,99
1098,6,3,3,6,0,6,24
111394,0,0,0,0,0,0,0
207002,1,1,0,0,0,1,2
9502238,10,5,5,13,2,8,11
9603339,1,1,0,0,1,0,0
12135,3,2,1,1,0,3,8
210322,1,1,0,0,0,1,8
111077,3,3,0,0,0,3,13
9607452,11,1,10,20,0,11,30
205191,1,1,0,0,0,1,7
208101,2,2,0,0,0,2,25
9808336,2,1,1,1,1,1,2
9403377,0,0,0,0,0,0,0
9804334,0,0,0,0,0,0,0
105110,2,2,0,0,2,0,0
9712409,5,4,1,1,1,4,4
9911499,2,1,1,1,2,0,0
102168,1,1,0,0,0,1,2
9511201,1,1,0,0,1,0,0
9903331,3,1,2,3,0,3,6
9903365,5,2,3,7,5,0,0
9309230,0,0,0,0,0,0,0
2162,8,4,4,8,0,8,31
104169,1,1,0,0,0,1,8
9903204,6,3,3,7,0,6,8
5219,3,1,2,3,0,3,5
4081,1,1,0,0,0,1,2
9701225,0,0,0,0,0,0,0
9509364,1,1,0,0,0,1,1
9901431,5,3,2,3,0,5,24
9807317,0,0,0,0,0,0,0
9305208,4,3,1,1,2,2,2
1212,8,1,7,13,1,7,49
9710388,1,1,0,0,0,1,7
9706449,3,3,0,0,1,2,2
9803369,1,1,0,0,0,1,6
9207276,1,1,0,0,1,0,0
9801425,2,2,0,0,0,2,17
109023,1,1,0,0,0,1,5
9907321,1,1,0,0,0,1,1
101241,4,1,3,5,0,4,5
103079,0,0,0,0,0,0,0
12120,5,3,2,5,1,4,11
12285,0,0,0,0,0,0,0
9404348,5,5,0,0,5,0,0
9912322,3,3,0,0,2,1,1
9707329,1,1,0,0,1,0,0
107116,3,1,2,3,0,3,19
209027,1,1,0,0,0,1,1
9612378,2,2,0,0,0,2,6
301255,1,1,0,0,0,1,15
6277,4,3,1,1,0,4,16
208234,0,0,0,0,0,0,0
202222,1,1,0,0,1,0,0
111333,1,1,0,0,0,1,2
9810421,0,0,0,0,0,0,0
9907351,1,1,0,0,0,1,1
109088,2,1,1,1,0,2,9
9904244,5,2,3,3,2,3,5
10280,4,4,0,0,0,4,12
12101,1,1,0,0,0,1,2
11109,1,1,0,0,0,1,2
9502346,5,2,3,4,5,0,0
9507278,2,2,0,0,2,0,0
112039,4,2,2,2,0,4,45
9312282,2,2,0,0,0,2,2
9711279,0,0,0,0,0,0,0
12195,0,0,0,0,0,0,0
9804295,9,2,7,19,0,9,33
9310333,1,1,0,0,1,0,0
105148,3,2,1,1,0,3,25
9707406,2,1,1,1,2,0,0
9911358,4,1,3,4,1,3,6
9603259,3,3,0,0,3,0,0
9701215,11,1,10,25,11,0,0
9612459,9,3,6,10,0,9,23
203213,4,1,3,3,0,4,52
9502274,1,1,0,0,1,0,0
208134,2,2,0,0,0,2,19
104289,5,2,3,3,0,5,10
105326,2,1,1,1,0,2,23
9409249,0,0,0,0,0,0,0
207040,0,0,0,0,0,0,0
8122,1,1,0,0,1,0,0
9505423,1,1,0,0,0,1,1
5167,3,1,2,2,0,3,47
106353,13,1,12,25,0,13,223
9403277,4,2,2,3,1,3,3
7296,0,0,0,0,0,0,0
9409430,2,2,0,0,2,0,0
9610273,0,0,0,0,0,0,0
205214,1,1,0,0,0,1,4
203109,0,0,0,0,0,0,0
111319,1,1,0,0,0,1,14
207092,5,1,4,6,0,5,26
9309311,0,0,0,0,0,0,0
9306224,4,4,0,0,4,0,0
9248,1,1,0,0,0,1,4
9907346,1,1,0,0,0,1,3
9209266,1,1,0,0,1,0,0
9306251,5,2,3,3,5,0,0
9203217,2,2,0,0,2,0,0
107183,3,2,1,2,0,3,20
9509285,4,3,1,2,4,0,0
111173,1,1,0,0,0,1,1
9412299,0,0,0,0,0,0,0
9904318,1,1,0,0,0,1,1
9707418,3,3,0,0,0,3,4
9810355,1,1,0,0,1,0,0
101138,0,0,0,0,0,0,0
9802442,9,3,6,12,1,8,11
9911480,5,1,4,6,5,0,0
9807206,4,1,3,6,0,4,8
9312244,4,3,1,1,4,0,0
9711242,0,0,0,0,0,0,0
9911446,1,1,0,0,0,1,3
9507276,3,1,2,3,3,0,0
8077,0,0,0,0,0,0,0
12359,0,0,0,0,0,0,0
9602253,6,3,3,4,1,5,9
9911431,1,1,0,0,0,1,2
9901356,1,1,0,0,1,0,0
9412362,8,2,6,9,8,0,0
11044,2,2,0,0,0,2,4
101292,4,1,3,6,0,4,11
9610551,3,1,2,2,3,0,0
9903440,4,2,2,3,1,3,3
11293,1,1,0,0,0,1,4
9810293,1,1,0,0,0,1,1
9812461,3,1,2,2,0,3,9
9602417,5,1,4,9,5,0,0
9711296,1,1,0,0,0,1,8
102346,0,0,0,0,0,0,0
9804358,0,0,0,0,0,0,0
9910422,4,1,3,6,0,4,8
206195,2,2,0,0,0,2,7
9311313,1,1,0,0,1,0,0
9909319,0,0,0,0,0,0,0
10128,5,3,2,2,0,5,24
201217,5,3,2,4,0,5,15
4198,4,2,2,3,4,0,0
211194,1,1,0,0,1,0,0
9711322,3,3,0,0,0,3,5
9607226,2,1,1,1,0,2,4
9605346,1,1,0,0,1,0,0
9803341,2,1,1,1,0,2,2
9708328,2,2,0,0,0,2,4
9209271,5,3,2,2,5,0,0
210078,3,3,0,0,0,3,25
205342,4,3,1,1,0,4,35
9704314,2,1,1,1,2,0,0
9311203,1,1,0,0,1,0,0
9610466,1,1,0,0,0,1,2
9701297,1,1,0,0,1,0,0
9912412,1,1,0,0,1,0,0
110066,1,1,0,0,1,0,0
9512291,0,0,0,0,0,0,0
9409379,1,1,0,0,1,0,0
209325,1,1,0,0,0,1,1
9904216,4,3,1,1,4,0,0
9707376,1,1,0,0,1,0,0
109277,0,0,0,0,0,0,0
9310269,1,1,0,0,1,0,0
204158,0,0,0,0,0,0,0
9710349,1,1,0,0,0,1,1
101313,0,0,0,0,0,0,0
9905332,0,0,0,0,0,0,0
111214,1,1,0,0,1,0,0
201058,0,0,0,0,0,0,0
105124,0,0,0,0,0,0,0
9603433,2,1,1,1,0,2,10
10241,0,0,0,0,0,0,0
9608303,2,2,0,0,0,2,3
9507409,0,0,0,0,0,0,0
212095,0,0,0,0,0,0,0
210172,2,1,1,1,1,1,1
9705476,2,2,0,0,2,0,0
9305231,1,1,0,0,1,0,0
108245,5,2,3,3,0,5,71
203045,1,1,0,0,0,1,2
207018,0,0,0,0,0,0,0
9702338,3,3,0,0,3,0,0
9812247,1,1,0,0,0,1,6
12334,3,2,1,1,0,3,13
204108,1,1,0,0,0,1,11
9810450,3,3,0,0,0,3,21
9311371,0,0,0,0,0,0,0
210034,5,1,4,5,1,4,13
207129,1,1,0,0,0,1,1
104193,3,1,2,3,0,3,14
9135,0,0,0,0,0,0,0
9907201,1,1,0,0,0,1,12
9910525,3,1,2,3,1,2,3
204209,0,0,0,0,0,0,0
106175,8,1,7,23,0,8,70
9603228,4,2,2,3,4,0,0
9710486,1,1,0,0,1,0,0
9908226,5,1,4,4,5,0,0
207120,2,2,0,0,0,2,5
9608445,0,0,0,0,0,0,0
12148,1,1,0,0,0,1,3
9706470,2,1,1,1,2,0,0
101345,2,1,1,1,0,2,3
9503397,0,0,0,0,0,0,0
211012,0,0,0,0,0,0,0
203049,1,1,0,0,0,1,14
9907378,3,2,1,2,2,1,1
9305243,0,0,0,0,0,0,0
9904288,6,1,5,6,6,0,0
9503480,1,1,0,0,1,0,0
9602204,1,1,0,0,1,0,0
3264,1,1,0,0,1,0,0
9710455,0,0,0,0,0,0,0
111351,3,3,0,0,3,0,0
9809540,2,2,0,0,2,0,0
202144,3,1,2,3,0,3,12
206192,2,2,0,0,0,2,21
9809591,0,0,0,0,0,0,0
9901444,5,1,4,5,2,3,8
301165,0,0,0,0,0,0,0
301105,0,0,0,0,0,0,0
9701223,0,0,0,0,0,0,0
7132,2,2,0,0,0,2,10
9905569,1,1,0,0,0,1,7
9811321,4,2,2,3,0,4,34
9608431,0,0,0,0,0,0,0
207022,1,1,0,0,0,1,1
106208,4,3,1,1,0,4,26
9711312,0,0,0,0,0,0,0
108080,1,1,0,0,0,1,5
9508299,1,1,0,0,0,1,5
9603252,2,1,1,1,0,2,2
9711451,2,1,1,1,2,0,0
9901291,0,0,0,0,0,0,0
104069,0,0,0,0,0,0,0
9806238,1,1,0,0,1,0,0
302021,0,0,0,0,0,0,0
207049,0,0,0,0,0,0,0
212375,2,1,1,1,2,0,0
11399,1,1,0,0,0,1,1
9706536,2,1,1,1,0,2,2
112321,0,0,0,0,0,0,0
9507273,1,1,0,0,0,1,2
207330,1,1,0,0,0,1,18
9706359,1,1,0,0,0,1,1
111363,0,0,0,0,0,0,0
207023,1,1,0,0,0,1,5
9604213,0,0,0,0,0,0,0
9710320,0,0,0,0,0,0,0
9289,0,0,0,0,0,0,0
9809332,0,0,0,0,0,0,0
9401215,1,1,0,0,1,0,0
8171,3,3,0,0,0,3,11
9804270,1,1,0,0,1,0,0
302073,1,1,0,0,0,1,8
108097,0,0,0,0,0,0,0
105251,2,1,1,1,1,1,1
9711468,0,0,0,0,0,0,0
209369,1,1,0,0,0,1,6
9808496,2,1,1,1,0,2,26
9905211,0,0,0,0,0,0,0
9609450,0,0,0,0,0,0,0
9308361,1,1,0,0,0,1,1
8318,1,1,0,0,0,1,2
101223,5,3,2,2,0,5,34
9712500,0,0,0,0,0,0,0
9608278,0,0,0,0,0,0,0
9408307,1,1,0,0,1,0,0
202026,1,1,0,0,0,1,1
9805406,0,0,0,0,0,0,0
211168,0,0,0,0,0,0,0
9607456,0,0,0,0,0,0,0
107160,1,1,0,0,1,0,0
204232,3,1,2,3,0,3,17
9407383,0,0,0,0,0,0,0
9707519,0,0,0,0,0,0,0
202181,3,3,0,0,0,3,9
9710230,1,1,0,0,1,0,0
202241,0,0,0,0,0,0,0
104123,2,1,1,1,0,2,2
9233,0,0,0,0,0,0,0
9809495,0,0,0,0,0,0,0
9710437,0,0,0,0,0,0,0
203001,1,1,0,0,1,0,0
202126,1,1,0,0,0,1,3
211016,0,0,0,0,0,0,0
103103,2,2,0,0,2,0,0
205031,2,1,1,1,0,2,9
9807518,3,1,2,3,1,2,2
301114,0,0,0,0,0,0,0
9812465,2,1,1,1,0,2,4
9606376,0,0,0,0,0,0,0
9804417,2,1,1,1,0,2,7
9510315,0,0,0,0,0,0,0
9710315,1,1,0,0,0,1,4
204301,1,1,0,0,0,1,4
101159,1,1,0,0,0,1,10
111409,0,0,0,0,0,0,0
212056,0,0,0,0,0,0,0
211027,1,1,0,0,1,0,0
211152,0,0,0,0,0,0,0
9905574,1,1,0,0,0,1,2
109128,0,0,0,0,0,0,0
8050,0,0,0,0,0,0,0
9907311,0,0,0,0,0,0,0
9801390,1,1,0,0,0,1,2
2131,0,0,0,0,0,0,0
105315,0,0,0,0,0,0,0
9710504,0,0,0,0,0,0,0
201203,0,0,0,0,0,0,0
103247,0,0,0,0,0,0,0
210090,1,1,0,0,0,1,1
9506327,2,1,1,1,2,0,0
8322,1,1,0,0,0,1,2
9812317,0,0,0,0,0,0,0
207359,1,1,0,0,0,1,1
209371,0,0,0,0,0,0,0
9009,1,1,0,0,0,1,3
3232,1,1,0,0,0,1,13
9504370,0,0,0,0,0,0,0
9808226,1,1,0,0,0,1,2
9712335,0,0,0,0,0,0,0
2084,0,0,0,0,0,0,0
1038,0,0,0,0,0,0,0
207223,0,0,0,0,0,0,0
9507450,0,0,0,0,0,0,0
9810362,0,0,0,0,0,0,0
9812359,3,3,0,0,0,3,11
9908402,0,0,0,0,0,0,0
9503339,0,0,0,0,0,0,0
10155,1,1,0,0,1,0,0
4030,0,0,0,0,0,0,0
9704321,0,0,0,0,0,0,0
9802322,3,1,2,2,3,0,0
206164,0,0,0,0,0,0,0
4172,1,1,0,0,0,1,5
9412338,2,2,0,0,2,0,0
9305202,2,2,0,0,2,0,0
9312321,1,1,0,0,1,0,0
11038,0,0,0,0,0,0,0
9705273,1,1,0,0,1,0,0
109215,1,1,0,0,0,1,5
110260,0,0,0,0,0,0,0
9506336,0,0,0,0,0,0,0
9910556,0,0,0,0,0,0,0
9804329,5,1,4,10,0,5,18
9806447,1,1,0,0,0,1,1
9909460,0,0,0,0,0,0,0
9505254,1,1,0,0,1,0,0
9911344,0,0,0,0,0,0,0
9802403,1,1,0,0,0,1,10
211413,0,0,0,0,0,0,0
9704362,0,0,0,0,0,0,0
211014,0,0,0,0,0,0,0
9806320,0,0,0,0,0,0,0
9411316,0,0,0,0,0,0,0
9812453,1,1,0,0,0,1,3
108206,0,0,0,0,0,0,0
9309285,2,1,1,1,2,0,0
9403372,0,0,0,0,0,0,0
7290,0,0,0,0,0,0,0
9509419,0,0,0,0,0,0,0
9909213,0,0,0,0,0,0,0
11383,0,0,0,0,0,0,0
103236,1,1,0,0,1,0,0
209251,0,0,0,0,0,0,0
202091,0,0,0,0,0,0,0
6216,0,0,0,0,0,0,0
9608432,1,1,0,0,1,0,0
9805504,1,1,0,0,0,1,5
9311240,0,0,0,0,0,0,0
3276,0,0,0,0,0,0,0
9907323,0,0,0,0,0,0,0
9711239,0,0,0,0,0,0,0
107236,2,2,0,0,0,2,7
9511368,0,0,0,0,0,0,0
206146,0,0,0,0,0,0,0
9811499,0,0,0,0,0,0,0
212016,0,0,0,0,0,0,0
9907404,1,1,0,0,0,1,1
212219,0,0,0,0,0,0,0
9602202,1,1,0,0,1,0,0
210166,0,0,0,0,0,0,0
4079,1,1,0,0,1,0,0
11304,0,0,0,0,0,0,0
208178,2,2,0,0,0,2,23
212274,2,1,1,1,2,0,0
3126,0,0,0,0,0,0,0
9504303,0,0,0,0,0,0,0
104009,3,1,2,3,1,2,3
211086,0,0,0,0,0,0,0
9810508,1,1,0,0,0,1,2
9609372,4,1,3,5,4,0,0
208061,2,1,1,1,0,2,7
105036,1,1,0,0,0,1,3
9408227,1,1,0,0,1,0,0
9701281,0,0,0,0,0,0,0
101222,0,0,0,0,0,0,0
9803414,1,1,0,0,0,1,1
9910467,0,0,0,0,0,0,0
209096,0,0,0,0,0,0,0
9306304,1,1,0,0,1,0,0
207057,0,0,0,0,0,0,0
110336,0,0,0,0,0,0,0
207305,0,0,0,0,0,0,0
9908325,1,1,0,0,0,1,2
208198,2,2,0,0,0,2,18
9706451,0,0,0,0,0,0,0
110068,0,0,0,0,0,0,0
12349,2,1,1,1,0,2,6
212386,1,1,0,0,0,1,11
201021,0,0,0,0,0,0,0
9706429,0,0,0,0,0,0,0
9907330,0,0,0,0,0,0,0
107096,0,0,0,0,0,0,0
9811408,0,0,0,0,0,0,0
9705461,0,0,0,0,0,0,0
3325,1,1,0,0,0,1,1
4034,0,0,0,0,0,0,0
9609278,1,1,0,0,0,1,5
9211241,1,1,0,0,1,0,0
9611306,0,0,0,0,0,0,0
9708470,0,0,0,0,0,0,0
9907325,0,0,0,0,0,0,0
9610508,2,1,1,1,2,0,0
9305253,1,1,0,0,1,0,0
111347,0,0,0,0,0,0,0
208221,0,0,0,0,0,0,0
11189,0,0,0,0,0,0,0
205089,1,1,0,0,0,1,10
9808495,0,0,0,0,0,0,0
6112,0,0,0,0,0,0,0
9806506,1,1,0,0,1,0,0
110048,0,0,0,0,0,0,0
208220,0,0,0,0,0,0,0
10268,0,0,0,0,0,0,0
209328,0,0,0,0,0,0,0
11185,0,0,0,0,0,0,0
9611399,2,2,0,0,2,0,0
103227,0,0,0,0,0,0,0
9211237,2,1,1,1,2,0,0
211369,0,0,0,0,0,0,0
9612472,1,1,0,0,1,0,0
9406223,0,0,0,0,0,0,0
201063,0,0,0,0,0,0,0
9906553,0,0,0,0,0,0,0
9611257,0,0,0,0,0,0,0
9810444,0,0,0,0,0,0,0
203245,0,0,0,0,0,0,0
7074,0,0,0,0,0,0,0
201084,0,0,0,0,0,0,0
207325,0,0,0,0,0,0,0
211104,1,1,0,0,0,1,20
9705473,1,1,0,0,0,1,2
9705247,0,0,0,0,0,0,0
9709220,0,0,0,0,0,0,0
9912444,1,1,0,0,0,1,2
9710269,0,0,0,0,0,0,0
9504430,2,2,0,0,2,0,0
9910482,0,0,0,0,0,0,0
204105,0,0,0,0,0,0,0
104177,0,0,0,0,0,0,0
302132,0,0,0,0,0,0,0
9509302,0,0,0,0,0,0,0
208179,0,0,0,0,0,0,0
9704269,0,0,0,0,0,0,0
9909329,0,0,0,0,0,0,0
9811511,0,0,0,0,0,0,0
9710446,0,0,0,0,0,0,0
9056,0,0,0,0,0,0,0
9412240,1,1,0,0,1,0,0
112005,0,0,0,0,0,0,0
9704218,0,0,0,0,0,0,0
205309,0,0,0,0,0,0,0
9905553,1,1,0,0,0,1,1
9711502,0,0,0,0,0,0,0
9711383,0,0,0,0,0,0,0
209345,0,0,0,0,0,0,0
302204,0,0,0,0,0,0,0
105313,0,0,0,0,0,0,0
9904294,0,0,0,0,0,0,0
209163,0,0,0,0,0,0,0
211031,0,0,0,0,0,0,0
9912285,0,0,0,0,0,0,0
9406246,0,0,0,0,0,0,0
9501418,0,0,0,0,0,0,0
210201,0,0,0,0,0,0,0
9903529,0,0,0,0,0,0,0
109136,0,0,0,0,0,0,0
210128,1,1,0,0,1,0,0
9811372,0,0,0,0,0,0,0
1018,0,0,0,0,0,0,0
9609492,1,1,0,0,1,0,0
9608454,0,0,0,0,0,0,0
9712403,0,0,0,0,0,0,0
1265,1,1,0,0,1,0,0
9302310,1,1,0,0,1,0,0
9909548,0,0,0,0,0,0,0
12083,0,0,0,0,0,0,0
9711261,10,1,9,19,10,0,0
9411308,38,2,36,265,38,0,0
9904408,46,3,43,374,1,45,466
9410369,3,2,1,1,3,0,0
9158,6,3,3,5,2,4,7
9405322,14,5,9,26,14,0,0
6035,3,2,1,1,0,3,7
9505336,12,2,10,25,12,0,0
9906292,5,2,3,4,0,5,30
9612362,17,3,14,45,5,12,30
112177,32,5,27,92,0,32,338
9403398,14,3,11,25,0,14,43
9309298,19,12,7,12,3,16,27
9412201,23,7,16,83,4,19,42
9511378,30,2,28,135,20,10,10
9512378,7,7,0,0,0,7,23
9808296,59,1,58,384,0,59,423
9310314,16,2,14,51,16,0,0
9705339,21,5,16,42,21,0,0
9811447,40,2,38,197,1,39,185
9311204,37,2,35,252,37,0,0
9812426,42,2,40,269,16,26,51
9903454,38,3,35,184,0,38,273
9210256,22,1,21,67,22,0,0
9612217,30,7,23,53,2,28,96
9807253,6,3,3,6,0,6,25
9504292,45,5,40,158,0,45,205
9810501,13,2,11,33,0,13,34
9706280,2,1,1,1,0,2,2
9507219,3,3,0,0,3,0,0
9207221,29,2,27,131,29,0,0
9808487,19,2,17,46,0,19,60
9506260,28,2,26,117,28,0,0
9711428,31,4,27,81,0,31,134
109113,16,7,9,19,0,16,97
12001,21,3,18,88,2,19,44
9609434,71,7,64,543,0,71,508
9706235,13,1,12,36,0,13,59
9912319,5,3,2,2,0,5,5
9709301,9,2,7,17,0,9,61
9603314,65,5,60,313,0,65,570
2116,22,3,19,77,0,22,144
103299,5,1,4,8,0,5,21
9906374,36,3,33,143,0,36,163
9803297,58,1,57,549,42,16,16
9409375,61,3,58,641,14,47,70
9607473,16,2,14,42,3,13,13
9601360,33,3,30,135,3,30,53
9803315,201,2,199,3655,201,0,0
9203203,76,10,66,744,76,0,0
9708456,98,4,94,1148,15,83,148
9705422,12,5,7,19,0,12,36
9602334,10,4,6,17,0,10,25
9305296,3,2,1,1,3,0,0
9608203,24,1,23,123,1,23,46
9801352,12,4,8,21,6,6,9
9507327,5,1,4,6,5,0,0
9703359,18,1,17,73,2,16,34
9406233,11,3,8,13,11,0,0
9407326,12,2,10,29,5,7,9
9905351,8,2,6,13,0,8,87
9803485,6,3,3,7,6,0,0
9812371,28,2,26,107,0,28,133
9407407,31,5,26,109,0,31,215
9602265,21,2,19,71,11,10,10
2001,5,3,2,3,0,5,43
9509312,19,2,17,81,0,19,53
9311329,21,1,20,67,21,0,0
9906257,14,2,12,46,0,14,96
9706397,10,3,7,14,0,10,39
9902430,36,1,35,164,1,35,141
9909229,12,3,9,13,0,12,55
9304315,12,3,9,24,12,0,0
9705357,28,5,23,95,0,28,195
9803393,24,5,19,94,8,16,20
9905323,65,2,63,874,65,0,0
9903282,22,2,20,43,2,20,66
103092,4,2,2,3,0,4,21
10156,3,3,0,0,0,3,33
9406320,18,6,12,34,4,14,43
9910295,10,2,8,17,0,10,58
9512365,3,2,1,1,0,3,3
9802223,1,1,0,0,0,1,1
9603298,3,1,2,3,0,3,9
9612261,2,2,0,0,0,2,10
9811428,47,2,45,203,0,47,568
9603324,9,4,5,16,0,9,38
9710329,5,1,4,6,0,5,20
9607220,11,1,10,17,0,11,47
9610544,17,6,11,32,3,14,25
9904348,14,2,12,28,0,14,50
9309289,163,3,160,2598,163,0,0
9904340,1,1,0,0,0,1,1
9805448,11,4,7,14,0,11,42
9711330,5,3,2,2,5,0,0
9608359,11,1,10,19,5,6,6
9305206,22,7,15,31,22,0,0
9907447,64,1,63,408,0,64,93
201149,3,3,0,0,1,2,4
9501408,0,0,0,0,0,0,0
9510303,12,3,9,22,2,10,10
9908429,25,5,20,97,0,25,209
9804399,7,2,5,8,0,7,33
5027,22,2,20,75,0,22,140
9610233,58,3,55,655,1,57,145
102222,18,2,16,101,0,18,136
11233,13,5,8,19,0,13,147
102324,27,3,24,116,0,27,340
11359,11,1,10,27,0,11,63
9304206,8,1,7,24,8,0,0
106128,11,2,9,16,2,9,24
105294,5,3,2,3,1,4,7
9704441,5,4,1,1,0,5,16
9803406,3,2,1,1,0,3,9
9905391,7,3,4,6,2,5,10
9505225,15,3,12,43,4,11,49
9606219,5,2,3,6,0,5,19
9312319,66,3,63,445,66,0,0
9806259,18,6,12,29,0,18,83
9902310,36,3,33,260,0,36,441
9812221,29,3,26,103,0,29,349
4044,52,4,48,373,0,52,529
9904464,8,2,6,15,0,8,69
109079,24,2,22,109,0,24,149
9806280,11,1,10,29,2,9,9
201248,22,3,19,96,0,22,248
3129,37,3,34,149,0,37,155
9904207,3,2,1,1,1,2,4
111027,1,1,0,0,0,1,13
204067,2,2,0,0,0,2,24
12096,6,5,1,1,0,6,64
9405342,20,6,14,44,4,16,33
9512415,2,1,1,1,2,0,0
9810510,14,1,13,29,0,14,53
9907419,3,2,1,1,0,3,5
9209299,13,4,9,24,3,10,10
7244,2,1,1,1,0,2,4
11323,6,1,5,9,0,6,176
9909236,2,1,1,1,0,2,12
9407246,10,2,8,25,8,2,2
9801260,53,3,50,311,0,53,367
9603266,33,1,32,122,0,33,206
9610364,13,5,8,20,0,13,100
9404333,10,3,7,14,10,0,0
9609342,12,1,11,25,1,11,51
9906457,1,1,0,0,0,1,2
9703249,15,3,12,30,1,14,14
9901432,18,2,16,70,0,18,29
9704385,8,3,5,10,0,8,24
9905338,2,2,0,0,0,2,19
9506242,13,2,11,40,0,13,24
11156,2,2,0,0,2,0,0
9408331,6,4,2,2,0,6,6
9712447,6,1,5,10,0,6,29
1295,10,2,8,15,0,10,49
5020,3,3,0,0,0,3,41
9504324,12,3,9,29,12,0,0
9807303,2,1,1,1,2,0,0
9807397,3,1,2,2,0,3,3
9803351,15,4,11,26,0,15,74
9607442,6,2,4,6,0,6,19
9612270,6,1,5,9,1,5,23
9708482,2,2,0,0,0,2,2
9501305,1,1,0,0,0,1,3
9611221,2,1,1,1,0,2,7
9801252,17,4,13,52,0,17,164
9901214,4,2,2,3,2,2,3
9311376,9,3,6,14,9,0,0
9511448,28,4,24,61,13,15,27
9408265,18,6,12,44,6,12,19
9302239,21,7,14,38,21,0,0
9507432,2,1,1,1,0,2,13
9610348,5,3,2,4,0,5,13
9410340,9,4,5,11,9,0,0
9605288,37,3,34,154,9,28,94
9409295,8,1,7,16,5,3,3
9309252,9,4,5,6,9,0,0
9211272,12,3,9,31,12,0,0
9807359,3,1,2,3,1,2,2
103328,6,4,2,3,0,6,23
108043,13,2,11,41,0,13,65
9712281,1,1,0,0,1,0,0
9901322,5,2,3,5,0,5,25
9410412,9,3,6,7,1,8,27
9711208,3,2,1,1,1,2,5
5248,5,3,2,3,0,5,5
9711240,11,1,10,27,4,7,14
7018,5,3,2,3,0,5,11
9704378,9,6,3,8,0,9,10
9604302,10,2,8,12,0,10,33
9906233,12,4,8,13,1,11,71
7254,13,4,9,27,1,12,58
9903462,15,1,14,51,0,15,98
7357,17,3,14,58,0,17,92
9410333,10,1,9,35,10,0,0
9810344,1,1,0,0,0,1,3
209229,0,0,0,0,0,0,0
9603341,10,2,8,13,10,0,0
9904209,8,2,6,18,1,7,30
9609462,7,2,5,9,0,7,68
110192,1,1,0,0,0,1,21
103224,8,1,7,22,0,8,198
106029,6,1,5,10,0,6,6
11105,4,1,3,4,0,4,4
9406237,9,4,5,10,9,0,0
9602305,1,1,0,0,0,1,4
9809525,10,2,8,18,0,10,29
7228,5,3,2,2,0,5,30
105194,6,6,0,0,0,6,23
3271,5,2,3,5,0,5,6
9301202,2,2,0,0,2,0,0
9409335,49,3,46,340,35,14,14
9702341,4,2,2,2,0,4,39
9906307,1,1,0,0,0,1,14
9509281,3,3,0,0,1,2,4
9507323,3,1,2,2,0,3,16
9308299,4,3,1,1,4,0,0
9411435,9,3,6,20,9,0,0
9403341,21,1,20,67,21,0,0
9506448,15,1,14,46,0,15,15
9609491,6,3,3,3,0,6,10
9806481,0,0,0,0,0,0,0
9804352,19,4,15,41,0,19,82
106333,5,1,4,8,0,5,42
207191,2,2,0,0,1,1,1
9804462,21,2,19,109,1,20,95
9407273,4,2,2,2,0,4,25
9505267,23,6,17,65,5,18,23
9708353,5,1,4,10,0,5,38
9911477,2,1,1,1,2,0,0
208103,2,2,0,0,0,2,18
9802252,8,3,5,8,0,8,66
5007,27,5,22,83,0,27,212
9712244,8,3,5,10,0,8,71
9706430,6,2,4,11,1,5,17
5292,6,5,1,2,0,6,32
9209261,11,2,9,17,11,0,0
9808232,27,2,25,121,0,27,182
12017,29,5,24,119,0,29,264
7334,7,3,4,14,0,7,99
203143,0,0,0,0,0,0,0
9706413,5,1,4,5,0,5,11
108071,40,4,36,223,0,40,413
9405325,16,4,12,54,16,0,0
9809475,8,4,4,10,0,8,32
9305324,4,1,3,4,1,3,4
9908334,8,1,7,10,3,5,6
9608396,6,1,5,8,3,3,3
9504274,18,2,16,38,0,18,70
9311297,7,2,5,10,2,5,8
9606238,13,3,10,22,0,13,45
9807336,23,2,21,65,8,15,15
9506453,0,0,0,0,0,0,0
103242,11,1,10,20,0,11,42
9806354,37,2,35,204,0,37,334
9408337,0,0,0,0,0,0,0
9308328,9,2,7,16,9,0,0
9412225,5,2,3,4,0,5,41
9607217,6,1,5,7,3,3,4
1272,5,4,1,1,0,5,26
110021,2,1,1,1,2,0,0
107083,4,2,2,3,0,4,24
108168,13,6,7,12,0,13,185
202095,4,2,2,2,0,4,8
9905461,5,1,4,6,0,5,24
9709234,4,1,3,4,4,0,0
6005,18,2,16,71,0,18,47
6014,13,4,9,13,0,13,110
9505384,6,2,4,5,0,6,9
9812389,1,1,0,0,0,1,2
9709344,17,4,13,36,8,9,10
9411207,21,4,17,47,0,21,51
9707404,1,1,0,0,0,1,1
9507389,1,1,0,0,1,0,0
102050,0,0,0,0,0,0,0
9812311,23,3,20,54,0,23,112
9504284,7,1,6,10,0,7,14
9905539,9,1,8,22,0,9,34
9608287,0,0,0,0,0,0,0
9511441,2,2,0,0,2,0,0
9811289,2,2,0,0,0,2,3
9511311,5,1,4,7,5,0,0
9210267,1,1,0,0,1,0,0
9303279,4,2,2,3,4,0,0
110242,6,2,4,6,0,6,54
9709297,1,1,0,0,1,0,0
9906465,9,2,7,14,1,8,16
9306293,4,1,3,4,1,3,3
9908216,2,2,0,0,2,0,0
9808478,0,0,0,0,0,0,0
9407338,16,2,14,68,16,0,0
2297,4,1,3,4,4,0,0
9912503,35,1,34,309,0,35,95
9803459,4,3,1,2,0,4,26
4101,4,2,2,3,0,4,56
9504352,5,4,1,1,5,0,0
12184,7,3,4,5,1,6,6
9809205,0,0,0,0,0,0,0
9808364,4,1,3,4,0,4,18
9507263,2,2,0,0,0,2,7
9608466,8,6,2,3,0,8,35
9703408,1,1,0,0,1,0,0
9811387,4,1,3,4,0,4,18
9501415,2,1,1,1,2,0,0
9805231,6,1,5,7,0,6,15
9803401,0,0,0,0,0,0,0
9809513,11,1,10,24,0,11,61
9806267,11,3,8,26,0,11,116
9501344,11,2,9,28,9,2,2
6023,10,3,7,24,0,10,18
9707348,1,1,0,0,0,1,1
9809441,2,2,0,0,0,2,6
9402206,10,3,7,15,2,8,22
9908207,10,1,9,26,10,0,0
208196,3,3,0,0,0,3,5
9601358,3,2,1,1,1,2,5
9601320,4,1,3,4,0,4,13
9802218,5,2,3,3,0,5,21
9612440,10,3,7,12,1,9,20
9910324,0,0,0,0,0,0,0
9409410,6,6,0,0,6,0,0
9709342,4,3,1,2,4,0,0
9709367,5,4,1,1,0,5,16
9501365,4,1,3,6,0,4,7
9808283,21,4,17,71,21,0,0
7050,3,2,1,1,0,3,16
9606254,10,2,8,15,0,10,10
9710400,2,1,1,1,2,0,0
111411,0,0,0,0,0,0,0
3174,5,3,2,2,0,5,38
9912210,11,3,8,21,2,9,87
9902448,4,1,3,6,0,4,6
210436,2,2,0,0,0,2,14
204229,15,2,13,32,0,15,87
1174,8,3,5,15,0,8,76
9809215,7,2,5,17,0,7,28
6147,8,1,7,17,1,7,7
9701273,4,3,1,1,0,4,4
110031,10,4,6,12,3,7,10
9802388,4,4,0,0,0,4,19
9305212,5,2,3,8,5,0,0
9703436,19,4,15,39,0,19,92
9705219,13,1,12,37,0,13,44
9407288,6,3,3,5,6,0,0
9711438,6,1,5,9,0,6,9
107309,0,0,0,0,0,0,0
109102,13,2,11,26,0,13,38
102219,1,1,0,0,0,1,11
9810515,0,0,0,0,0,0,0
112360,1,1,0,0,0,1,12
211147,3,2,1,1,0,3,6
108116,1,1,0,0,0,1,4
9805268,11,4,7,8,0,11,41
9709452,13,2,11,20,4,9,14
9407370,6,3,3,6,1,5,5
108064,1,1,0,0,0,1,9
202083,1,1,0,0,0,1,1
9906409,6,3,3,6,0,6,59
9712377,2,1,1,1,0,2,3
9711362,8,3,5,12,0,8,62
9704327,16,3,13,52,0,16,166
9610274,9,1,8,20,2,7,12
9308227,4,1,3,4,4,0,0
9204215,7,3,4,8,7,0,0
105066,5,4,1,1,0,5,17
9506438,8,2,6,11,4,4,7
5013,6,1,5,11,0,6,19
9604407,0,0,0,0,0,0,0
105084,10,1,9,29,0,10,17
101294,4,2,2,2,0,4,15
9607311,2,2,0,0,1,1,2
9903489,8,2,6,14,8,0,0
9806210,3,2,1,1,0,3,7
9910287,4,2,2,2,0,4,40
9809597,1,1,0,0,0,1,4
203273,6,1,5,10,0,6,32
9802369,2,2,0,0,0,2,7
4021,9,3,6,10,1,8,16
9501252,2,2,0,0,2,0,0
9404255,4,3,1,1,1,3,11
205234,3,2,1,1,2,1,1
210181,4,3,1,1,0,4,38
9703399,1,1,0,0,1,0,0
9607238,5,2,3,7,0,5,8
9708310,19,3,16,44,2,17,70
9805435,0,0,0,0,0,0,0
9711347,2,1,1,1,0,2,2
9704421,3,1,2,3,0,3,15
108031,2,1,1,1,2,0,0
9609496,10,3,7,10,2,8,8
9510243,1,1,0,0,1,0,0
9309314,3,1,2,2,3,0,0
9910395,9,3,6,15,2,7,10
108123,0,0,0,0,0,0,0
9310253,15,4,11,33,15,0,0
9404219,1,1,0,0,1,0,0
102337,10,2,8,18,0,10,168
9709436,0,0,0,0,0,0,0
209208,7,3,4,6,0,7,65
102081,12,3,9,22,0,12,153
211146,0,0,0,0,0,0,0
2138,4,3,1,1,0,4,20
9302228,4,2,2,2,4,0,0
9802214,5,1,4,9,5,0,0
9508348,1,1,0,0,1,0,0
112086,0,0,0,0,0,0,0
9908413,10,2,8,15,0,10,53
204132,2,2,0,0,0,2,13
104312,4,1,3,4,0,4,19
12378,10,4,6,9,0,10,49
9911327,8,5,3,5,0,8,72
9505422,23,3,20,44,15,8,18
9706276,4,3,1,1,1,3,6
102003,2,1,1,1,0,2,4
1291,1,1,0,0,0,1,5
212129,6,1,5,9,1,5,28
107313,9,1,8,27,0,9,9
9184,0,0,0,0,0,0,0
9808305,8,7,1,1,0,8,30
9611383,5,2,3,5,2,3,3
9806424,10,5,5,14,0,10,111
2102,3,2,1,1,0,3,24
9911308,3,3,0,0,0,3,8
9804335,6,1,5,14,1,5,5
9606421,4,3,1,1,0,4,26
106184,8,4,4,6,1,7,48
9904496,4,3,1,1,0,4,38
9811214,4,1,3,5,3,1,1
108074,4,1,3,3,0,4,19
9307369,3,2,1,1,3,0,0
9809290,4,2,2,4,0,4,39
204117,3,2,1,1,0,3,16
5242,1,1,0,0,0,1,6
9610202,3,1,2,3,0,3,24
9902351,3,3,0,0,1,2,2
9710258,3,3,0,0,0,3,14
205244,7,3,4,10,0,7,59
9805279,3,1,2,3,0,3,21
9711232,0,0,0,0,0,0,0
9809555,5,1,4,6,0,5,14
9210232,1,1,0,0,1,0,0
1003,5,2,3,3,0,5,10
9905352,5,4,1,1,1,4,4
3260,7,2,5,5,0,7,60
12177,2,2,0,0,2,0,0
9809520,1,1,0,0,1,0,0
9710271,3,1,2,3,1,2,2
9801336,0,0,0,0,0,0,0
9805361,5,2,3,7,0,5,29
9404239,10,3,7,17,1,9,9
9210212,2,2,0,0,2,0,0
9203208,2,1,1,1,2,0,0
9310256,5,3,2,5,3,2,2
9909307,4,2,2,3,0,4,38
9810285,0,0,0,0,0,0,0
9605454,8,2,6,13,1,7,15
9908220,6,1,5,9,0,6,18
9712299,4,1,3,3,0,4,6
9611250,3,2,1,1,3,0,0
9905224,0,0,0,0,0,0,0
4113,3,3,0,0,0,3,14
207261,2,1,1,1,0,2,4
9612462,13,3,10,22,0,13,23
212126,8,2,6,17,3,5,5
9810332,4,3,1,1,0,4,16
9911530,1,1,0,0,0,1,6
211206,1,1,0,0,0,1,20
9808366,3,1,2,2,0,3,9
9809544,9,3,6,13,1,8,8
9805318,10,1,9,20,0,10,103
102001,8,3,5,13,0,8,34
110312,5,3,2,2,0,5,12
9711256,4,2,2,3,0,4,17
9712406,2,2,0,0,0,2,16
9802253,5,2,3,6,0,5,19
9306257,2,2,0,0,2,0,0
9909544,1,1,0,0,1,0,0
9802278,3,2,1,1,0,3,9
9211261,3,1,2,3,3,0,0
210044,3,2,1,1,0,3,16
9812238,2,2,0,0,0,2,7
9412291,3,1,2,2,2,1,1
9702246,0,0,0,0,0,0,0
108246,2,1,1,1,0,2,16
9601371,0,0,0,0,0,0,0
10217,6,2,4,7,0,6,20
9608246,3,2,1,1,0,3,3
9909278,4,1,3,4,0,4,19
9806266,8,6,2,3,0,8,60
206027,2,1,1,1,0,2,6
9607247,2,1,1,1,0,2,2
9403316,2,2,0,0,2,0,0
209189,1,1,0,0,0,1,2
9902319,8,3,5,9,2,6,10
9806427,0,0,0,0,0,0,0
9601255,0,0,0,0,0,0,0
9701358,6,3,3,5,0,6,19
8135,8,4,4,7,0,8,25
9512302,1,1,0,0,1,0,0
9709293,6,1,5,7,1,5,15
9607307,0,0,0,0,0,0,0
9612310,1,1,0,0,0,1,2
9704355,5,2,3,3,1,4,4
9503293,7,2,5,10,7,0,0
208016,12,3,9,38,0,12,22
9901296,1,1,0,0,0,1,1
9211234,3,1,2,3,3,0,0
9902279,7,7,0,0,1,6,6
9901339,8,3,5,10,4,4,10
211073,0,0,0,0,0,0,0
9712358,1,1,0,0,1,0,0
208248,1,1,0,0,0,1,8
9506412,4,1,3,4,4,0,0
102182,1,1,0,0,0,1,1
9805295,1,1,0,0,0,1,3
9710291,1,1,0,0,1,0,0
9508399,10,4,6,10,2,8,13
112003,11,5,6,17,0,11,52
9402287,1,1,0,0,1,0,0
9803300,1,1,0,0,0,1,8
9905279,1,1,0,0,0,1,5
9709433,0,0,0,0,0,0,0
9805416,4,3,1,1,0,4,19
204331,0,0,0,0,0,0,0
106099,13,6,7,16,0,13,70
204027,8,3,5,12,0,8,33
10228,6,2,4,12,1,5,13
205150,3,2,1,1,0,3,8
9021,4,4,0,0,1,3,3
9409392,3,3,0,0,3,0,0
2061,6,1,5,7,0,6,8
6272,1,1,0,0,0,1,4
9912402,5,2,3,4,0,5,20
9604294,7,2,5,11,0,7,14
202013,4,3,1,1,0,4,10
109058,7,2,5,5,0,7,83
9207244,3,2,1,1,3,0,0
9211221,7,7,0,0,7,0,0
9306287,0,0,0,0,0,0,0
9809281,1,1,0,0,0,1,1
9308348,3,1,2,2,3,0,0
6029,0,0,0,0,0,0,0
205254,2,2,0,0,0,2,9
9603358,3,1,2,3,3,0,0
9302256,5,4,1,1,5,0,0
9506407,6,2,4,8,6,0,0
9807569,0,0,0,0,0,0,0
9159,2,1,1,1,0,2,7
12026,3,3,0,0,0,3,39
9910327,1,1,0,0,0,1,2
9812292,4,1,3,6,2,2,2
9404206,2,1,1,1,2,0,0
9611356,1,1,0,0,0,1,5
9212282,1,1,0,0,1,0,0
9907225,3,2,1,1,0,3,22
9904426,0,0,0,0,0,0,0
9902291,3,1,2,3,3,0,0
5121,7,4,3,6,0,7,35
9709329,2,1,1,1,0,2,16
9611313,3,1,2,2,3,0,0
9607466,5,3,2,3,5,0,0
1185,1,1,0,0,0,1,9
5188,0,0,0,0,0,0,0
9901346,6,2,4,10,1,5,5
9711210,6,2,4,4,0,6,16
101219,3,1,2,2,3,0,0
9809226,0,0,0,0,0,0,0
12278,10,6,4,6,0,10,70
6334,5,1,4,6,0,5,13
110387,0,0,0,0,0,0,0
9906497,2,1,1,1,1,1,1
9605279,2,2,0,0,2,0,0
6341,6,2,4,8,0,6,22
12016,2,2,0,0,0,2,2
9709257,1,1,0,0,0,1,4
210433,1,1,0,0,0,1,2
6339,1,1,0,0,1,0,0
9411347,1,1,0,0,0,1,1
106354,1,1,0,0,0,1,2
12076,2,1,1,1,0,2,2
104111,0,0,0,0,0,0,0
6162,0,0,0,0,0,0,0
9910528,0,0,0,0,0,0,0
9806371,6,6,0,0,0,6,23
101049,8,4,4,4,0,8,33
9610521,0,0,0,0,0,0,0
9911284,3,2,1,1,1,2,6
9507340,3,2,1,1,0,3,5
106037,0,0,0,0,0,0,0
205227,4,3,1,2,0,4,38
9411443,2,2,0,0,0,2,5
9811467,0,0,0,0,0,0,0
9303297,0,0,0,0,0,0,0
9810340,7,1,6,12,0,7,49
9608376,2,2,0,0,2,0,0
106096,1,1,0,0,0,1,11
9504361,1,1,0,0,1,0,0
206075,0,0,0,0,0,0,0
209274,0,0,0,0,0,0,0
9704315,0,0,0,0,0,0,0
9805493,3,1,2,2,0,3,7
204361,2,2,0,0,0,2,40
9609438,1,1,0,0,0,1,1
9807407,4,3,1,1,0,4,4
8136,2,1,1,1,0,2,4
204186,0,0,0,0,0,0,0
9310238,1,1,0,0,1,0,0
109226,2,2,0,0,1,1,1
9907337,0,0,0,0,0,0,0
9412284,0,0,0,0,0,0,0
12018,1,1,0,0,1,0,0
111026,13,4,9,15,0,13,227
9309261,5,3,2,3,5,0,0
9807433,1,1,0,0,0,1,1
9205232,2,2,0,0,2,0,0
9504321,1,1,0,0,0,1,4
103042,5,1,4,8,0,5,5
4020,1,1,0,0,0,1,4
108070,3,2,1,1,0,3,6
207358,3,2,1,2,0,3,8
9609327,0,0,0,0,0,0,0
10218,0,0,0,0,0,0,0
9808437,4,3,1,1,0,4,16
204039,1,1,0,0,0,1,2
101014,2,1,1,1,0,2,5
9807507,0,0,0,0,0,0,0
12094,1,1,0,0,0,1,8
9901407,5,1,4,9,0,5,12
9712293,3,2,1,1,1,2,3
9701242,1,1,0,0,0,1,1
9712217,0,0,0,0,0,0,0
203215,0,0,0,0,0,0,0
9612206,0,0,0,0,0,0,0
9607477,1,1,0,0,1,0,0
206074,2,2,0,0,0,2,3
110052,1,1,0,0,0,1,13
9807367,4,3,1,2,0,4,6
9704216,4,1,3,6,0,4,7
9312305,7,6,1,1,7,0,0
9808483,0,0,0,0,0,0,0
9209281,1,1,0,0,1,0,0
9603445,3,1,2,3,0,3,5
1311,2,2,0,0,2,0,0
9806374,6,5,1,1,2,4,8
201044,2,2,0,0,0,2,6
9410247,1,1,0,0,0,1,1
9908211,1,1,0,0,0,1,2
9803364,5,2,3,6,1,4,8
9806208,0,0,0,0,0,0,0
9801237,3,1,2,3,3,0,0
9711226,3,2,1,1,0,3,3
9812388,1,1,0,0,0,1,2
11214,2,1,1,1,0,2,10
9504396,3,1,2,3,3,0,0
205041,0,0,0,0,0,0,0
9911277,4,1,3,5,0,4,4
9611288,2,2,0,0,0,2,22
107054,0,0,0,0,0,0,0
9712355,2,2,0,0,0,2,4
204113,0,0,0,0,0,0,0
212205,1,1,0,0,0,1,9
9909386,4,4,0,0,0,4,9
202020,0,0,0,0,0,0,0
6121,3,1,2,3,0,3,7
104019,5,4,1,2,0,5,12
11202,3,2,1,1,3,0,0
211115,0,0,0,0,0,0,0
9707487,2,1,1,1,0,2,4
9607371,3,1,2,3,0,3,3
9912288,2,2,0,0,1,1,2
9806395,2,2,0,0,2,0,0
9706335,1,1,0,0,0,1,2
9212266,6,4,2,2,6,0,0
210106,2,2,0,0,0,2,25
103145,1,1,0,0,0,1,4
106132,9,1,8,28,0,9,47
203038,0,0,0,0,0,0,0
11231,0,0,0,0,0,0,0
208231,2,2,0,0,1,1,2
9503262,0,0,0,0,0,0,0
211199,0,0,0,0,0,0,0
9407227,1,1,0,0,1,0,0
211438,0,0,0,0,0,0,0
102289,3,3,0,0,2,1,1
9803215,1,1,0,0,0,1,8
9905510,0,0,0,0,0,0,0
9803412,6,3,3,5,0,6,12
104116,0,0,0,0,0,0,0
9410286,8,1,7,15,1,7,7
9808389,0,0,0,0,0,0,0
9812473,2,1,1,1,0,2,6
9308334,1,1,0,0,1,0,0
112151,1,1,0,0,1,0,0
9308322,4,4,0,0,4,0,0
5174,2,1,1,1,0,2,10
9107,1,1,0,0,0,1,23
111009,0,0,0,0,0,0,0
6151,0,0,0,0,0,0,0
9511453,0,0,0,0,0,0,0
211272,1,1,0,0,0,1,11
201250,2,1,1,1,0,2,6
9307361,0,0,0,0,0,0,0
9803441,1,1,0,0,0,1,4
9810408,11,3,8,19,5,6,12
202120,1,1,0,0,0,1,2
107098,0,0,0,0,0,0,0
110270,0,0,0,0,0,0,0
9806384,4,2,2,3,3,1,1
4003,4,2,2,3,0,4,17
301101,0,0,0,0,0,0,0
9912368,2,1,1,1,1,1,4
9706498,0,0,0,0,0,0,0
210041,2,1,1,1,0,2,11
208158,0,0,0,0,0,0,0
9712344,4,1,3,6,4,0,0
9310287,1,1,0,0,1,0,0
103159,2,1,1,1,0,2,2
9909571,2,1,1,1,0,2,2
106324,2,2,0,0,2,0,0
204179,3,1,2,3,0,3,6
9911403,0,0,0,0,0,0,0
9706351,0,0,0,0,0,0,0
7126,0,0,0,0,0,0,0
204081,2,2,0,0,0,2,14
9610482,0,0,0,0,0,0,0
9906439,3,1,2,2,0,3,8
9605269,1,1,0,0,1,0,0
102300,1,1,0,0,0,1,2
9312330,1,1,0,0,0,1,1
206131,5,2,3,6,0,5,19
112352,2,1,1,1,0,2,11
3283,0,0,0,0,0,0,0
9211230,2,2,0,0,2,0,0
9910531,1,1,0,0,1,0,0
9408223,4,3,1,1,0,4,7
3036,0,0,0,0,0,0,0
9702396,0,0,0,0,0,0,0
6011,4,3,1,1,0,4,12
204202,1,1,0,0,0,1,7
9909370,1,1,0,0,0,1,1
9810377,1,1,0,0,0,1,1
208219,0,0,0,0,0,0,0
302216,0,0,0,0,0,0,0
9912415,7,2,5,8,1,6,14
107047,1,1,0,0,0,1,1
201283,1,1,0,0,0,1,1
9411351,2,2,0,0,2,0,0
9805257,0,0,0,0,0,0,0
9909505,1,1,0,0,0,1,9
9912273,1,1,0,0,0,1,1
9711374,0,0,0,0,0,0,0
3229,0,0,0,0,0,0,0
211182,0,0,0,0,0,0,0
9707300,0,0,0,0,0,0,0
105027,0,0,0,0,0,0,0
9305320,2,1,1,1,2,0,0
9401353,4,2,2,3,4,0,0
103003,0,0,0,0,0,0,0
9808315,1,1,0,0,0,1,3
6352,2,1,1,1,0,2,10
9902209,0,0,0,0,0,0,0
9711254,0,0,0,0,0,0,0
9318,1,1,0,0,0,1,2
203209,3,2,1,2,0,3,5
9911218,2,1,1,1,2,0,0
9505206,1,1,0,0,0,1,2
111014,1,1,0,0,0,1,6
9511208,0,0,0,0,0,0,0
110289,0,0,0,0,0,0,0
9608232,0,0,0,0,0,0,0
110046,1,1,0,0,0,1,9
210271,0,0,0,0,0,0,0
9312230,2,1,1,1,2,0,0
9610480,1,1,0,0,0,1,1
9709472,0,0,0,0,0,0,0
207098,0,0,0,0,0,0,0
10235,0,0,0,0,0,0,0
9806522,4,2,2,2,0,4,8
9904202,2,1,1,1,2,0,0
204109,2,2,0,0,1,1,3
9504257,1,1,0,0,1,0,0
105216,3,2,1,1,3,0,0
9706338,2,2,0,0,2,0,0
201047,3,1,2,3,3,0,0
211450,0,0,0,0,0,0,0
4152,0,0,0,0,0,0,0
301237,0,0,0,0,0,0,0
9309222,0,0,0,0,0,0,0
9609219,3,1,2,3,2,1,1
2137,5,3,2,2,0,5,19
9503416,3,2,1,1,3,0,0
5322,0,0,0,0,0,0,0
9509356,1,1,0,0,1,0,0
209101,0,0,0,0,0,0,0
4011,0,0,0,0,0,0,0
203114,1,1,0,0,0,1,27
9510250,1,1,0,0,0,1,2
9407307,0,0,0,0,0,0,0
6273,5,1,4,10,0,5,12
9404363,1,1,0,0,1,0,0
111396,0,0,0,0,0,0,0
201113,4,1,3,3,0,4,13
2194,5,3,2,4,1,4,6
6021,2,2,0,0,0,2,4
112043,1,1,0,0,0,1,1
301184,0,0,0,0,0,0,0
9507448,0,0,0,0,0,0,0
9503355,2,1,1,1,0,2,7
105040,2,1,1,1,0,2,13
9902379,4,4,0,0,0,4,8
9212219,3,2,1,1,3,0,0
9802317,0,0,0,0,0,0,0
9812241,0,0,0,0,0,0,0
9905361,3,1,2,3,3,0,0
210171,1,1,0,0,1,0,0
111206,2,2,0,0,0,2,12
9810423,0,0,0,0,0,0,0
9611262,1,1,0,0,1,0,0
9402306,4,4,0,0,4,0,0
107146,0,0,0,0,0,0,0
205116,0,0,0,0,0,0,0
202229,1,1,0,0,0,1,5
9810305,0,0,0,0,0,0,0
9812347,0,0,0,0,0,0,0
203063,0,0,0,0,0,0,0
9709463,0,0,0,0,0,0,0
206275,0,0,0,0,0,0,0
9612492,1,1,0,0,1,0,0
9409220,0,0,0,0,0,0,0
9153,0,0,0,0,0,0,0
9512228,1,1,0,0,0,1,5
9603352,3,2,1,1,0,3,4
9411373,0,0,0,0,0,0,0
9710532,0,0,0,0,0,0,0
104229,1,1,0,0,1,0,0
9308239,0,0,0,0,0,0,0
10281,2,2,0,0,2,0,0
9710474,1,1,0,0,0,1,1
9910493,3,1,2,2,0,3,3
204033,0,0,0,0,0,0,0
205330,1,1,0,0,0,1,1
211340,0,0,0,0,0,0,0
211415,0,0,0,0,0,0,0
9907424,0,0,0,0,0,0,0
9401240,2,2,0,0,2,0,0
302230,0,0,0,0,0,0,0
9305346,1,1,0,0,1,0,0
204082,0,0,0,0,0,0,0
9908456,1,1,0,0,1,0,0
203175,2,2,0,0,2,0,0
9305224,1,1,0,0,1,0,0
9605397,0,0,0,0,0,0,0
105164,0,0,0,0,0,0,0
9705338,1,1,0,0,1,0,0
9501310,0,0,0,0,0,0,0
11328,1,1,0,0,1,0,0
9912387,0,0,0,0,0,0,0
9602339,0,0,0,0,0,0,0
9902246,0,0,0,0,0,0,0
9804434,3,3,0,0,3,0,0
9708388,3,2,1,2,3,0,0
301054,0,0,0,0,0,0,0
9811391,1,1,0,0,1,0,0
209363,0,0,0,0,0,0,0
208022,0,0,0,0,0,0,0
9803332,0,0,0,0,0,0,0
9301266,1,1,0,0,1,0,0
9809471,0,0,0,0,0,0,0
9401351,1,1,0,0,1,0,0
9512272,0,0,0,0,0,0,0
206187,0,0,0,0,0,0,0
204024,0,0,0,0,0,0,0
102011,0,0,0,0,0,0,0
104202,0,0,0,0,0,0,0
212356,0,0,0,0,0,0,0
106106,0,0,0,0,0,0,0
206154,1,1,0,0,0,1,5
9710387,0,0,0,0,0,0,0
205286,2,1,1,1,0,2,14
9802430,0,0,0,0,0,0,0
9609312,0,0,0,0,0,0,0
208272,1,1,0,0,0,1,10
301120,0,0,0,0,0,0,0
105052,1,1,0,0,0,1,2
9506339,0,0,0,0,0,0,0
9910207,1,1,0,0,1,0,0
9912536,0,0,0,0,0,0,0
206254,0,0,0,0,0,0,0
9903250,0,0,0,0,0,0,0
212400,0,0,0,0,0,0,0
210071,0,0,0,0,0,0,0
111085,1,1,0,0,0,1,11
9810487,0,0,0,0,0,0,0
205249,0,0,0,0,0,0,0
9803423,1,1,0,0,0,1,5
206007,0,0,0,0,0,0,0
9502234,0,0,0,0,0,0,0
9606338,0,0,0,0,0,0,0
9807202,0,0,0,0,0,0,0
104165,3,1,2,2,3,0,0
9705459,0,0,0,0,0,0,0
8118,1,1,0,0,0,1,1
9509301,0,0,0,0,0,0,0
9910297,1,1,0,0,0,1,1
9909520,1,1,0,0,0,1,1
9802383,0,0,0,0,0,0,0
9503446,1,1,0,0,0,1,3
9805411,0,0,0,0,0,0,0
4080,1,1,0,0,1,0,0
6296,0,0,0,0,0,0,0
205026,2,2,0,0,0,2,22
301024,1,1,0,0,0,1,1
9707294,0,0,0,0,0,0,0
208094,0,0,0,0,0,0,0
101096,0,0,0,0,0,0,0
205095,1,1,0,0,0,1,2
9406353,0,0,0,0,0,0,0
9812468,0,0,0,0,0,0,0
9802250,0,0,0,0,0,0,0
210311,0,0,0,0,0,0,0
9608467,0,0,0,0,0,0,0
11071,0,0,0,0,0,0,0
9910374,1,1,0,0,1,0,0
9911335,1,1,0,0,0,1,2
301180,0,0,0,0,0,0,0
210035,0,0,0,0,0,0,0
208074,0,0,0,0,0,0,0
9810395,0,0,0,0,0,0,0
5239,0,0,0,0,0,0,0
210111,1,1,0,0,0,1,2
205118,0,0,0,0,0,0,0
202132,1,1,0,0,0,1,2
108133,0,0,0,0,0,0,0
110095,1,1,0,0,0,1,2
208263,1,1,0,0,0,1,5
301151,1,1,0,0,0,1,9
10121,3,2,1,1,3,0,0
9801408,0,0,0,0,0,0,0
9809391,1,1,0,0,1,0,0
209113,0,0,0,0,0,0,0
203216,0,0,0,0,0,0,0
301192,0,0,0,0,0,0,0
9507345,0,0,0,0,0,0,0
12319,1,1,0,0,0,1,2
9605341,0,0,0,0,0,0,0
10185,0,0,0,0,0,0,0
204177,0,0,0,0,0,0,0
9806261,0,0,0,0,0,0,0
110086,0,0,0,0,0,0,0
210142,0,0,0,0,0,0,0
111126,0,0,0,0,0,0,0
208252,0,0,0,0,0,0,0
212326,0,0,0,0,0,0,0
202036,0,0,0,0,0,0,0
3108,0,0,0,0,0,0,0
9605287,0,0,0,0,0,0,0
210210,0,0,0,0,0,0,0
9512245,0,0,0,0,0,0,0
9808339,0,0,0,0,0,0,0
209195,0,0,0,0,0,0,0
209090,0,0,0,0,0,0,0
211401,0,0,0,0,0,0,0
110172,0,0,0,0,0,0,0
201218,0,0,0,0,0,0,0
101332,1,1,0,0,0,1,22
9309205,1,1,0,0,0,1,7
9509434,0,0,0,0,0,0,0
212013,0,0,0,0,0,0,0
9805428,0,0,0,0,0,0,0
102208,0,0,0,0,0,0,0
103006,0,0,0,0,0,0,0
9902376,1,1,0,0,0,1,3
301096,0,0,0,0,0,0,0
9801220,0,0,0,0,0,0,0
8264,0,0,0,0,0,0,0
10255,1,1,0,0,1,0,0
110132,0,0,0,0,0,0,0
210283,2,1,1,1,0,2,37
212204,0,0,0,0,0,0,0
9904498,0,0,0,0,0,0,0
9912392,0,0,0,0,0,0,0
9608337,0,0,0,0,0,0,0
211441,0,0,0,0,0,0,0
9311233,0,0,0,0,0,0,0
207309,0,0,0,0,0,0,0
9709471,0,0,0,0,0,0,0
7239,0,0,0,0,0,0,0
210064,0,0,0,0,0,0,0
9908394,0,0,0,0,0,0,0
201239,0,0,0,0,0,0,0
104128,0,0,0,0,0,0,0
9809274,0,0,0,0,0,0,0
10138,0,0,0,0,0,0,0
112363,0,0,0,0,0,0,0
211004,0,0,0,0,0,0,0
9911451,0,0,0,0,0,0,0
106109,0,0,0,0,0,0,0
211322,0,0,0,0,0,0,0
9612295,0,0,0,0,0,0,0
9806300,0,0,0,0,0,0,0
12098,0,0,0,0,0,0,0
9711457,0,0,0,0,0,0,0
110392,0,0,0,0,0,0,0
2031,0,0,0,0,0,0,0
8282,1,1,0,0,1,0,0
6221,0,0,0,0,0,0,0
301188,0,0,0,0,0,0,0
12028,0,0,0,0,0,0,0
111423,0,0,0,0,0,0,0
9304215,1,1,0,0,1,0,0
9806201,0,0,0,0,0,0,0
204203,0,0,0,0,0,0,0
9812432,1,1,0,0,1,0,0
302083,0,0,0,0,0,0,0
9502410,0,0,0,0,0,0,0
211448,0,0,0,0,0,0,0
9803468,1,1,0,0,1,0,0
211238,0,0,0,0,0,0,0
111320,0,0,0,0,0,0,0
9911445,0,0,0,0,0,0,0
10216,0,0,0,0,0,0,0
9608353,0,0,0,0,0,0,0
9508214,0,0,0,0,0,0,0
212214,0,0,0,0,0,0,0
9712252,5,2,3,5,1,4,4
9607366,19,1,18,100,14,5,5
9906434,60,4,56,455,0,60,502
9501212,7,2,5,10,4,3,3
12351,13,3,10,19,0,13,52
9410404,17,3,14,63,17,0,0
207066,3,1,2,3,0,3,3
9506305,31,3,28,153,1,30,58
9907414,8,3,5,7,0,8,25
9704448,37,4,33,202,5,32,92
202199,3,2,1,1,0,3,28
9301289,14,4,10,26,14,0,0
9309326,13,1,12,41,3,10,10
9508390,13,2,11,44,4,9,9
9601306,28,1,27,135,28,0,0
9406372,13,5,8,17,6,7,7
9808301,81,3,78,705,1,80,323
9311214,29,7,22,121,29,0,0
9711415,23,3,20,129,20,3,3
9811495,27,3,24,102,0,27,104
9711311,5,2,3,4,0,5,33
9902283,39,3,36,202,0,39,555
9904328,14,1,13,40,2,12,30
9301261,11,1,10,20,11,0,0
9504397,9,5,4,5,1,8,8
9204205,17,1,16,75,17,0,0
9504312,33,5,28,99,1,32,122
9811205,5,2,3,4,0,5,21
9803335,2,1,1,1,1,1,3
9602391,4,3,1,1,0,4,9
9511466,9,2,7,15,0,9,27
9811471,14,3,11,23,0,14,61
9507460,36,3,33,178,2,34,264
9804393,5,3,2,2,0,5,26
9511465,17,1,16,64,5,12,35
111144,16,2,14,55,0,16,43
9609444,53,6,47,347,0,53,428
9706275,13,3,10,25,0,13,57
11337,3,2,1,1,0,3,35
9802315,17,1,16,36,2,15,28
9603448,38,5,33,158,0,38,260
9511255,28,2,26,162,3,25,110
102310,4,2,2,3,0,4,28
9907572,20,4,16,50,0,20,103
9805373,67,3,64,657,8,59,107
9606211,68,5,63,538,2,66,296
9807254,16,1,15,36,0,16,54
9609449,35,4,31,175,2,33,148
9803466,139,1,138,2339,7,132,213
9204228,24,5,19,165,24,0,0
9306318,14,2,12,37,14,0,0
9705433,17,8,9,28,4,13,15
9207240,15,2,13,34,15,0,0
9302250,10,2,8,21,10,0,0
9705278,9,2,7,15,1,8,13
9501232,17,1,16,40,17,0,0
9709454,2,2,0,0,0,2,5
9705295,15,4,11,37,0,15,58
9410361,23,4,19,54,2,21,40
9605334,1,1,0,0,0,1,2
9209268,74,9,65,596,74,0,0
9804416,7,1,6,13,1,6,13
9903260,44,5,39,275,0,44,414
9410387,52,5,47,278,4,48,137
9604425,20,2,18,57,2,18,35
9403290,96,2,94,1028,53,43,43
9607404,18,4,14,65,0,18,56
9403320,19,2,17,65,19,0,0
9906369,1,1,0,0,0,1,8
9712210,5,1,4,7,1,4,9
9903389,32,3,29,128,0,32,266
9307363,12,2,10,35,12,0,0
9307221,21,3,18,84,21,0,0
9711360,20,5,15,44,0,20,100
9808474,3,1,2,3,0,3,3
9905551,11,2,9,24,0,11,36
9806467,41,3,38,234,1,40,206
103168,11,5,6,17,0,11,65
9810514,54,2,52,607,0,54,208
9411210,6,3,3,4,2,4,12
9910541,7,2,5,8,0,7,85
9409246,6,3,3,4,4,2,2
9306214,15,2,13,56,8,7,14
9607243,5,1,4,7,0,5,19
9408228,52,4,48,320,45,7,7
9503443,51,2,49,358,9,42,80
9701346,8,1,7,23,0,8,16
9710347,5,4,1,2,0,5,37
9601362,49,2,47,353,10,39,39
9611409,10,3,7,12,3,7,13
9907207,1,1,0,0,0,1,10
9311205,137,3,134,1959,137,0,0
9904382,24,5,19,67,0,24,339
9903476,11,2,9,20,1,10,43
11174,0,0,0,0,0,0,0
9707201,11,5,6,21,3,8,13
9307222,18,4,14,25,18,0,0
9911406,39,1,38,247,0,39,87
9704443,7,1,6,21,5,2,2
9403354,1,1,0,0,1,0,0
9350,30,6,24,114,4,26,90
9910231,32,2,30,114,0,32,308
9806246,15,4,11,26,2,13,30
7113,27,1,26,93,0,27,203
9912460,17,1,16,92,0,17,65
102238,24,2,22,168,0,24,222
9908427,12,2,10,21,5,7,45
103034,16,1,15,62,1,15,129
106345,13,3,10,27,0,13,69
9707546,22,2,20,96,1,21,74
3301,10,1,9,28,0,10,22
9602295,11,2,9,37,11,0,0
9607488,4,2,2,2,0,4,7
9812364,5,1,4,7,1,4,5
10146,7,1,6,9,0,7,31
9505358,12,2,10,34,1,11,24
9710323,7,2,5,7,0,7,36
9503484,36,4,32,146,1,35,61
9909310,5,3,2,2,0,5,26
9902323,57,3,54,452,1,56,197
9812489,42,3,39,243,0,42,475
6233,14,7,7,23,0,14,137
9905566,48,8,40,150,1,47,340
201161,22,3,19,77,0,22,386
9912355,17,3,14,47,0,17,56
202081,22,5,17,85,0,22,303
4128,7,2,5,10,0,7,30
9406266,7,2,5,10,1,6,9
3089,8,3,5,13,0,8,91
9909411,16,5,11,16,0,16,101
103031,10,2,8,15,0,10,122
9602206,14,4,10,24,0,14,99
9602337,2,1,1,1,2,0,0
9811215,2,2,0,0,0,2,8
9911298,10,1,9,22,1,9,22
9302290,8,3,5,9,1,7,7
6160,32,2,30,170,4,28,99
11355,10,4,6,11,0,10,191
9910257,4,1,3,6,0,4,54
8147,6,4,2,2,0,6,23
9801262,53,6,47,244,0,53,321
9603400,71,7,64,328,0,71,635
9612408,13,5,8,16,0,13,109
9411388,10,3,7,18,10,0,0
9605377,13,2,11,19,0,13,103
9702293,6,2,4,6,6,0,0
9512387,5,3,2,2,4,1,1
9905443,23,2,21,88,2,21,91
9705345,11,2,9,24,0,11,67
5183,2,1,1,1,0,2,2
9509361,10,1,9,36,0,10,21
8204,16,2,14,55,1,15,51
9408376,9,2,7,17,0,9,16
9802298,6,1,5,9,0,6,23
7251,16,3,13,37,0,16,158
9810496,22,1,21,99,0,22,119
9608472,12,3,9,31,6,6,6
9809385,2,2,0,0,2,0,0
5028,18,2,16,55,0,18,142
9807251,27,4,23,79,1,26,215
9611401,7,3,4,5,0,7,15
9706229,7,3,4,9,0,7,28
9602241,2,1,1,1,2,0,0
9404306,15,3,12,38,3,12,12
9705250,6,1,5,11,6,0,0
9704406,21,1,20,92,0,21,110
9208209,5,1,4,5,5,0,0
9401270,11,2,9,27,11,0,0
9607318,2,1,1,1,1,1,1
9412329,5,2,3,3,0,5,9
9306220,17,8,9,23,17,0,0
9304277,44,14,30,140,9,35,73
9612351,7,1,6,11,7,0,0
9804419,5,5,0,0,0,5,11
9605387,17,2,15,83,0,17,276
9402221,25,5,20,103,25,0,0
9504364,13,7,6,12,0,13,29
9301259,37,3,34,230,37,0,0
9807432,3,1,2,2,1,2,2
2282,6,3,3,5,0,6,21
4048,7,2,5,14,0,7,36
9808498,7,1,6,12,7,0,0
9902289,1,1,0,0,0,1,4
9502296,5,4,1,1,1,4,12
9602404,10,1,9,28,0,10,66
9911338,3,2,1,1,3,0,0
9909361,6,2,4,8,0,6,19
10206,3,1,2,3,3,0,0
9903221,3,1,2,3,0,3,7
9605359,14,7,7,9,0,14,73
9804313,0,0,0,0,0,0,0
8010,10,5,5,11,0,10,53
102152,5,4,1,3,0,5,13
9705354,11,4,7,30,2,9,9
9608435,2,1,1,1,0,2,22
9502260,18,1,17,77,13,5,5
2058,1,1,0,0,0,1,2
9606429,17,3,14,71,9,8,8
9709361,1,1,0,0,0,1,1
9612405,5,2,3,5,0,5,21
7107,14,4,10,19,1,13,17
102308,11,3,8,19,0,11,55
104024,7,1,6,16,7,0,0
9904419,0,0,0,0,0,0,0
9804379,27,1,26,119,0,27,200
9710350,3,3,0,0,0,3,12
112305,0,0,0,0,0,0,0
7288,3,1,2,2,0,3,23
9902251,2,2,0,0,0,2,7
9904334,8,2,6,13,7,1,1
210061,0,0,0,0,0,0,0
9612394,38,4,34,208,2,36,69
9607443,3,1,2,3,0,3,28
101268,0,0,0,0,0,0,0
9312269,4,1,3,5,4,0,0
9712201,16,3,13,48,13,3,5
9407287,13,4,9,18,1,12,25
9506258,4,3,1,1,4,0,0
9503278,12,1,11,39,0,12,12
9508393,11,2,9,21,0,11,16
9708256,4,4,0,0,0,4,4
9707338,12,10,2,2,0,12,38
9706437,2,1,1,1,0,2,7
9612495,10,2,8,24,1,9,15
10089,7,3,4,7,5,2,2
9909244,17,3,14,59,0,17,162
9311207,7,5,2,5,0,7,21
9606468,18,3,15,43,2,16,25
9708439,13,1,12,66,0,13,96
9911447,1,1,0,0,0,1,7
1230,8,2,6,14,1,7,7
112241,1,1,0,0,0,1,6
109257,7,2,5,13,3,4,4
9812248,2,2,0,0,0,2,14
9412305,7,2,5,7,6,1,1
9903273,7,2,5,9,0,7,62
9709447,8,3,5,10,1,7,13
9811201,26,2,24,118,1,25,140
102046,17,3,14,51,0,17,173
10245,7,3,4,6,0,7,28
9805432,3,1,2,3,1,2,2
9707250,4,2,2,3,0,4,17
108102,17,4,13,58,0,17,114
9410356,10,2,8,30,0,10,24
101092,6,2,4,7,0,6,29
9209231,13,2,11,27,13,0,0
9812269,17,2,15,49,0,17,74
9712381,0,0,0,0,0,0,0
9207264,72,4,68,391,0,72,72
102027,0,0,0,0,0,0,0
9606244,4,3,1,2,0,4,24
9810504,8,2,6,18,0,8,8
9501290,1,1,0,0,1,0,0
107082,4,2,2,2,4,0,0
9907460,15,3,12,40,0,15,267
9209203,22,7,15,65,22,0,0
9408219,16,3,13,44,16,0,0
9601365,10,1,9,30,0,10,97
9612318,15,5,10,17,1,14,22
1119,15,2,13,46,0,15,78
110036,1,1,0,0,0,1,1
109264,2,2,0,0,0,2,5
110249,10,2,8,22,0,10,105
203138,5,1,4,7,0,5,21
9912268,4,3,1,1,0,4,16
9701336,13,4,9,18,3,10,24
9336,15,2,13,37,1,14,37
8232,7,3,4,5,0,7,49
9512278,5,3,2,3,0,5,18
10068,0,0,0,0,0,0,0
9311247,29,5,24,97,29,0,0
9505266,13,2,11,25,0,13,39
9707509,11,4,7,12,1,10,30
9701322,3,1,2,2,3,0,0
2158,10,2,8,12,5,5,9
9904420,21,3,18,70,0,21,159
9207207,2,1,1,1,2,0,0
9905543,11,1,10,24,0,11,51
9603392,3,2,1,1,3,0,0
9510366,6,2,4,7,5,1,1
9606348,8,4,4,6,3,5,9
9701334,3,1,2,3,3,0,0
9708343,1,1,0,0,0,1,7
9607485,15,3,12,23,1,14,40
110309,2,2,0,0,0,2,8
9408310,6,2,4,4,0,6,12
9311336,12,3,9,20,12,0,0
9403217,3,1,2,2,0,3,3
207341,0,0,0,0,0,0,0
9801201,2,2,0,0,0,2,30
9410409,5,2,3,8,3,2,2
9908271,5,4,1,2,0,5,18
9605420,5,1,4,8,5,0,0
9804359,0,0,0,0,0,0,0
9810536,28,4,24,110,1,27,218
112351,15,0,15,31,0,15,80
201191,1,1,0,0,0,1,1
9903261,7,3,4,6,0,7,60
9901277,3,3,0,0,0,3,20
9511389,1,1,0,0,0,1,1
9702209,7,3,4,5,0,7,31
9406201,1,1,0,0,1,0,0
9607411,10,1,9,23,0,10,10
9509272,1,1,0,0,0,1,1
9811302,4,2,2,2,0,4,6
9311293,10,2,8,20,10,0,0
9903431,1,1,0,0,0,1,4
9810275,29,5,24,92,0,29,153
9907228,11,3,8,21,2,9,14
6201,11,2,9,16,0,11,17
9706552,0,0,0,0,0,0,0
9809497,3,3,0,0,0,3,6
9502227,34,2,32,172,1,33,303
9310376,0,0,0,0,0,0,0
101010,1,1,0,0,0,1,7
9905505,6,2,4,5,1,5,12
9409329,14,1,13,62,14,0,0
9906324,4,2,2,3,0,4,7
9512311,6,4,2,2,3,3,3
9907336,6,2,4,6,6,0,0
9911432,3,1,2,3,0,3,24
9505355,5,4,1,1,5,0,0
9405247,1,1,0,0,0,1,1
9504205,4,2,2,2,4,0,0
9810400,2,1,1,1,0,2,13
112276,7,4,3,5,0,7,29
9609329,3,2,1,1,0,3,6
9710494,2,1,1,1,2,0,0
9298,1,1,0,0,0,1,2
9501228,14,1,13,51,14,0,0
5075,10,5,5,21,0,10,41
9907553,8,4,4,5,0,8,41
106163,18,1,17,91,0,18,100
206152,15,6,9,24,0,15,66
4148,8,4,4,11,0,8,51
9806514,7,1,6,13,1,6,6
7187,1,1,0,0,0,1,2
9705359,0,0,0,0,0,0,0
201245,4,1,3,5,0,4,25
9607227,0,0,0,0,0,0,0
9806278,9,3,6,9,1,8,43
9811440,1,1,0,0,0,1,7
9803428,6,3,3,5,0,6,43
9407289,8,3,5,8,5,3,3
9712276,14,2,12,38,9,5,9
101004,1,1,0,0,0,1,2
12143,18,1,17,56,4,14,25
9601204,2,1,1,1,0,2,11
9810222,1,1,0,0,0,1,1
9312265,4,4,0,0,4,0,0
109214,18,2,16,57,18,0,0
9911260,2,1,1,1,0,2,5
9806340,2,2,0,0,0,2,6
9903306,5,3,2,4,0,5,15
9410266,12,4,8,16,0,12,32
111326,2,1,1,1,0,2,19
202084,2,2,0,0,0,2,9
9912379,22,2,20,72,0,22,171
9410329,3,3,0,0,1,2,2
9510378,2,2,0,0,0,2,4
9704343,14,5,9,35,0,14,86
9611207,16,1,15,39,0,16,31
9605384,1,1,0,0,0,1,1
9311360,5,2,3,3,2,3,8
1028,6,1,5,5,0,6,21
9609240,4,3,1,1,0,4,32
6280,7,2,5,11,0,7,50
9601348,1,1,0,0,1,0,0
111223,1,1,0,0,1,0,0
102037,6,3,3,4,0,6,48
9909208,0,0,0,0,0,0,0
9912364,2,1,1,1,0,2,3
210244,1,1,0,0,0,1,10
9911541,19,5,14,50,3,16,30
9810352,1,1,0,0,0,1,2
106088,6,3,3,8,0,6,44
9710489,2,1,1,1,0,2,9
103274,11,4,7,13,0,11,41
9601233,7,3,4,6,1,6,16
9211329,9,2,7,9,9,0,0
205147,0,0,0,0,0,0,0
9174,10,3,7,18,3,7,7
9609384,15,3,12,53,15,0,0
8048,0,0,0,0,0,0,0
9711429,12,2,10,23,0,12,72
9708263,7,1,6,8,1,6,6
9707490,3,1,2,3,3,0,0
9405368,9,3,6,11,3,6,9
206045,1,1,0,0,0,1,3
9803416,4,3,1,1,0,4,7
9408363,2,2,0,0,2,0,0
9310231,2,1,1,1,0,2,2
9905341,3,2,1,1,0,3,3
111226,0,0,0,0,0,0,0
9601216,6,2,4,12,0,6,6
9404227,1,1,0,0,1,0,0
105205,5,1,4,4,0,5,90
209078,0,0,0,0,0,0,0
208080,10,1,9,36,3,7,7
9806250,3,1,2,2,0,3,14
9904458,0,0,0,0,0,0,0
9803250,6,1,5,11,0,6,7
112112,1,1,0,0,0,1,17
9810516,9,2,7,24,2,7,11
9509368,1,1,0,0,1,0,0
11285,1,1,0,0,0,1,2
9706306,4,2,2,3,4,0,0
105165,4,3,1,1,0,4,43
111125,2,2,0,0,0,2,5
9704229,3,3,0,0,0,3,10
106004,2,2,0,0,0,2,34
9212225,3,1,2,3,3,0,0
9403239,6,1,5,9,4,2,2
9706419,8,3,5,9,3,5,9
202056,1,1,0,0,0,1,5
209094,2,1,1,1,0,2,14
9902204,13,1,12,42,13,0,0
3286,2,2,0,0,0,2,2
112108,23,14,9,23,0,23,278
9705451,8,4,4,8,2,6,12
9809362,3,1,2,2,0,3,28
111313,0,0,0,0,0,0,0
9706299,0,0,0,0,0,0,0
9906415,7,1,6,12,1,6,23
9610413,1,1,0,0,0,1,6
106256,1,1,0,0,0,1,2
9908393,7,2,5,8,0,7,25
9305280,2,2,0,0,0,2,5
1151,11,1,10,22,2,9,22
9612207,5,1,4,5,5,0,0
9904228,1,1,0,0,0,1,2
11310,6,3,3,6,0,6,21
9804445,5,2,3,4,0,5,34
9806226,11,2,9,17,0,11,38
201179,0,0,0,0,0,0,0
9512226,4,1,3,4,4,0,0
206143,2,1,1,1,0,2,13
9805370,3,1,2,3,0,3,9
9706497,2,2,0,0,0,2,12
9712325,12,1,11,37,2,10,30
9712349,4,2,2,2,0,4,10
9401348,4,1,3,5,4,0,0
9901376,16,2,14,49,3,13,32
6342,1,1,0,0,0,1,8
9909414,1,1,0,0,1,0,0
9708438,1,1,0,0,1,0,0
207301,1,1,0,0,1,0,0
9701250,2,2,0,0,0,2,17
9907358,3,1,2,3,0,3,12
9212307,4,2,2,4,4,0,0
9210213,2,2,0,0,2,0,0
9409274,1,1,0,0,1,0,0
9407333,1,1,0,0,0,1,1
9903258,2,2,0,0,0,2,5
9511286,2,2,0,0,2,0,0
9702327,8,2,6,17,0,8,15
9912395,2,1,1,1,0,2,6
9706319,1,1,0,0,0,1,2
9808392,4,2,2,3,0,4,7
9608327,4,1,3,5,4,0,0
9804318,1,1,0,0,0,1,1
209165,1,1,0,0,0,1,3
9705269,4,3,1,1,0,4,11
212127,7,1,6,15,1,6,33
9710310,4,1,3,3,0,4,9
7344,2,1,1,1,0,2,13
211384,1,1,0,0,0,1,11
212291,1,1,0,0,0,1,3
9907350,1,1,0,0,0,1,2
9712357,3,1,2,2,0,3,12
9907382,11,2,9,26,1,10,43
111187,1,1,0,0,0,1,6
9907294,4,2,2,3,0,4,18
9906363,2,2,0,0,0,2,13
9802270,5,2,3,6,0,5,19
9709203,3,1,2,2,2,1,3
9709210,1,1,0,0,0,1,2
9908315,1,1,0,0,1,0,0
9212265,4,2,2,3,4,0,0
202175,1,1,0,0,0,1,4
9804444,2,2,0,0,2,0,0
9801225,1,1,0,0,0,1,1
9404324,2,2,0,0,2,0,0
9803481,4,1,3,5,4,0,0
9212297,5,5,0,0,5,0,0
9701324,5,1,4,8,4,1,2
9710538,6,1,5,10,0,6,36
9909444,3,2,1,1,0,3,19
9810300,1,1,0,0,0,1,7
111398,2,1,1,1,2,0,0
9612204,4,1,3,5,0,4,11
9704430,1,1,0,0,0,1,1
9710227,3,1,2,2,3,0,0
9904459,2,2,0,0,0,2,9
9408255,6,4,2,5,6,0,0
9304232,5,5,0,0,5,0,0
9712440,2,1,1,1,0,2,12
9905241,3,2,1,1,0,3,4
9304243,3,3,0,0,3,0,0
9909508,1,1,0,0,1,0,0
103181,1,1,0,0,0,1,4
9507411,0,0,0,0,0,0,0
9604212,1,1,0,0,1,0,0
9907345,0,0,0,0,0,0,0
208087,8,2,6,19,0,8,32
9908376,7,3,4,9,0,7,30
9303277,6,2,4,8,6,0,0
9027,2,1,1,1,0,2,5
9806284,2,1,1,1,0,2,5
205093,1,1,0,0,1,0,0
9703204,5,5,0,0,4,1,1
203198,13,7,6,10,0,13,125
9906401,9,2,7,17,0,9,26
103115,1,1,0,0,0,1,3
9711368,0,0,0,0,0,0,0
9910399,7,2,5,15,0,7,40
9509318,2,2,0,0,0,2,2
112143,7,2,5,8,0,7,48
9501268,2,2,0,0,1,1,1
4196,1,1,0,0,0,1,4
9404352,3,1,2,2,3,0,0
9306280,1,1,0,0,1,0,0
9908341,1,1,0,0,1,0,0
108014,4,2,2,2,1,3,5
107152,13,4,9,20,0,13,34
207236,7,1,6,15,0,7,67
10246,3,1,2,3,0,3,9
202174,6,1,5,12,0,6,18
9407242,1,1,0,0,1,0,0
9702261,1,1,0,0,0,1,3
103076,0,0,0,0,0,0,0
101194,2,2,0,0,0,2,7
101022,6,2,4,6,1,5,9
9709419,5,2,3,4,5,0,0
108127,5,2,3,5,0,5,14
9507410,1,1,0,0,0,1,7
9810526,1,1,0,0,0,1,1
9512229,1,1,0,0,0,1,10
9305240,1,1,0,0,1,0,0
5176,0,0,0,0,0,0,0
9311317,1,1,0,0,1,0,0
11138,0,0,0,0,0,0,0
110327,1,1,0,0,0,1,15
9607457,2,1,1,1,0,2,2
9407319,1,1,0,0,0,1,1
9803477,7,1,6,16,7,0,0
9403345,2,2,0,0,1,1,1
9709302,4,4,0,0,0,4,8
204213,3,1,2,2,0,3,25
9908298,1,1,0,0,0,1,1
9904345,3,1,2,3,3,0,0
9502214,3,2,1,1,3,0,0
102293,0,0,0,0,0,0,0
9812393,5,3,2,2,0,5,9
9909371,1,1,0,0,0,1,5
9809366,2,1,1,1,1,1,1
9906421,3,2,1,1,0,3,11
9911482,8,2,6,14,0,8,39
9302205,0,0,0,0,0,0,0
112296,0,0,0,0,0,0,0
9706218,4,3,1,1,1,3,10
9806438,5,1,4,10,0,5,31
9405288,1,1,0,0,0,1,1
9906283,4,2,2,3,0,4,8
10215,1,1,0,0,0,1,4
112227,1,1,0,0,0,1,4
9607233,6,3,3,3,0,6,6
107330,2,1,1,1,0,2,6
7262,6,2,4,5,0,6,18
9610221,1,1,0,0,1,0,0
9606234,3,3,0,0,0,3,15
9704282,2,2,0,0,2,0,0
102069,4,2,2,3,0,4,14
9610245,0,0,0,0,0,0,0
110007,2,2,0,0,0,2,3
209194,2,1,1,1,1,1,2
9910494,0,0,0,0,0,0,0
9607390,4,1,3,4,1,3,3
9810451,2,1,1,1,0,2,5
9911517,3,1,2,3,3,0,0
9504323,0,0,0,0,0,0,0
9806397,3,2,1,1,0,3,15
7255,6,2,4,8,2,4,9
9604206,0,0,0,0,0,0,0
204184,3,3,0,0,0,3,10
10269,0,0,0,0,0,0,0
9906524,3,1,2,2,0,3,9
9410270,3,1,2,3,3,0,0
202077,1,1,0,0,0,1,4
206025,2,2,0,0,0,2,5
9310335,0,0,0,0,0,0,0
9807218,2,2,0,0,0,2,4
9401297,2,1,1,1,0,2,3
9811285,6,2,4,6,0,6,47
9902453,5,2,3,3,0,5,20
9912385,6,1,5,13,1,5,34
9510390,1,1,0,0,1,0,0
9909474,1,1,0,0,1,0,0
9801455,0,0,0,0,0,0,0
9512324,0,0,0,0,0,0,0
9809251,4,2,2,3,0,4,17
206216,2,1,1,1,0,2,26
202029,1,1,0,0,0,1,2
6306,5,3,2,3,2,3,6
9265,6,2,4,7,0,6,15
3148,2,2,0,0,0,2,3
9405363,0,0,0,0,0,0,0
103334,0,0,0,0,0,0,0
9512382,1,1,0,0,0,1,3
9303305,6,5,1,1,6,0,0
9904390,0,0,0,0,0,0,0
111141,12,6,6,6,0,12,217
9806258,2,1,1,1,0,2,2
9711241,2,2,0,0,0,2,2
9312252,3,3,0,0,3,0,0
9505211,4,1,3,5,4,0,0
109012,3,1,2,3,0,3,7
9808419,1,1,0,0,0,1,2
104294,5,2,3,4,0,5,5
109274,2,1,1,1,0,2,5
301265,0,0,0,0,0,0,0
9508282,2,1,1,1,2,0,0
9811345,3,3,0,0,0,3,16
202123,3,3,0,0,1,2,2
10331,2,1,1,1,0,2,2
9804293,5,4,1,1,0,5,6
9506302,1,1,0,0,0,1,1
11309,0,0,0,0,0,0,0
9801435,4,3,1,2,3,1,1
9603439,2,1,1,1,0,2,3
9304217,6,2,4,8,0,6,6
9609306,2,2,0,0,0,2,2
9511332,1,1,0,0,0,1,1
9611420,2,2,0,0,2,0,0
9804449,0,0,0,0,0,0,0
6222,3,2,1,1,0,3,7
9612311,0,0,0,0,0,0,0
9307290,0,0,0,0,0,0,0
104061,0,0,0,0,0,0,0
1283,0,0,0,0,0,0,0
9805227,1,1,0,0,0,1,1
9803324,3,1,2,3,0,3,8
9803243,0,0,0,0,0,0,0
9609459,0,0,0,0,0,0,0
112088,3,3,0,0,0,3,32
9807241,2,2,0,0,0,2,6
9302261,1,1,0,0,1,0,0
9608259,2,2,0,0,0,2,4
9510356,2,2,0,0,2,0,0
9812274,5,1,4,10,0,5,6
9604362,0,0,0,0,0,0,0
9703415,3,1,2,2,0,3,3
109145,0,0,0,0,0,0,0
9506346,1,1,0,0,1,0,0
203189,3,2,1,1,0,3,20
9904258,9,2,7,15,9,0,0
209265,0,0,0,0,0,0,0
9712501,1,1,0,0,0,1,3
9910369,1,1,0,0,0,1,1
103262,1,1,0,0,0,1,2
205329,6,3,3,5,0,6,46
9511421,0,0,0,0,0,0,0
105174,3,2,1,1,0,3,15
7305,4,1,3,4,0,4,15
107037,4,1,3,5,0,4,5
101211,3,1,2,2,3,0,0
102325,0,0,0,0,0,0,0
9712380,0,0,0,0,0,0,0
9704374,1,1,0,0,0,1,3
8173,0,0,0,0,0,0,0
9809442,4,1,3,4,2,2,2
106232,0,0,0,0,0,0,0
102216,2,2,0,0,1,1,1
110150,1,1,0,0,0,1,11
205345,5,2,3,3,0,5,36
3313,2,1,1,1,0,2,12
105058,1,1,0,0,0,1,7
103176,0,0,0,0,0,0,0
4121,0,0,0,0,0,0,0
9705397,4,3,1,2,0,4,12
202063,6,3,3,5,0,6,25
9502356,3,2,1,1,3,0,0
204075,0,0,0,0,0,0,0
102028,2,1,1,1,2,0,0
9410227,2,2,0,0,2,0,0
110376,0,0,0,0,0,0,0
1123,1,1,0,0,1,0,0
9059,1,1,0,0,1,0,0
9510436,9,2,7,14,0,9,26
9210281,4,3,1,2,4,0,0
9703272,1,1,0,0,1,0,0
9611266,0,0,0,0,0,0,0
111383,0,0,0,0,0,0,0
9310292,3,3,0,0,0,3,9
9809330,2,1,1,1,2,0,0
9911507,3,2,1,2,0,3,42
9412354,3,1,2,3,3,0,0
205268,0,0,0,0,0,0,0
211261,0,0,0,0,0,0,0
9810497,0,0,0,0,0,0,0
208217,3,3,0,0,0,3,4
9206249,4,4,0,0,4,0,0
9701207,3,3,0,0,0,3,6
9907399,9,5,4,6,1,8,13
8130,0,0,0,0,0,0,0
9502361,3,3,0,0,0,3,3
4001,2,2,0,0,0,2,34
9708217,2,1,1,1,2,0,0
211053,0,0,0,0,0,0,0
106253,3,1,2,3,0,3,20
9708274,2,1,1,1,1,1,3
211257,1,1,0,0,0,1,12
203108,4,1,3,4,0,4,94
206144,1,1,0,0,0,1,4
9311216,3,1,2,3,3,0,0
9511410,0,0,0,0,0,0,0
109029,0,0,0,0,0,0,0
102190,1,1,0,0,0,1,2
110197,0,0,0,0,0,0,0
206221,5,1,4,9,0,5,50
9607367,1,1,0,0,0,1,1
212078,1,1,0,0,0,1,3
109101,0,0,0,0,0,0,0
9810365,0,0,0,0,0,0,0
9409288,1,1,0,0,1,0,0
1020,0,0,0,0,0,0,0
9606405,0,0,0,0,0,0,0
1271,2,1,1,1,0,2,2
9412323,1,1,0,0,1,0,0
211011,2,2,0,0,0,2,11
104270,1,1,0,0,0,1,12
1022,1,1,0,0,0,1,1
212312,1,1,0,0,0,1,10
9911467,5,4,1,1,0,5,5
9501403,1,1,0,0,0,1,2
9810353,1,1,0,0,0,1,1
9701240,1,1,0,0,0,1,1
9911271,0,0,0,0,0,0,0
207322,0,0,0,0,0,0,0
9808428,2,1,1,1,2,0,0
9609205,1,1,0,0,0,1,1
107100,0,0,0,0,0,0,0
108196,0,0,0,0,0,0,0
111035,3,2,1,2,0,3,3
206006,0,0,0,0,0,0,0
9511339,0,0,0,0,0,0,0
9712431,2,1,1,1,2,0,0
9509367,0,0,0,0,0,0,0
9911494,1,1,0,0,1,0,0
9801244,5,3,2,3,0,5,39
210131,0,0,0,0,0,0,0
9703307,0,0,0,0,0,0,0
9708273,0,0,0,0,0,0,0
9506442,3,3,0,0,3,0,0
4122,2,2,0,0,0,2,6
9404294,2,1,1,1,2,0,0
301235,0,0,0,0,0,0,0
7131,1,1,0,0,0,1,4
9311310,0,0,0,0,0,0,0
11011,1,1,0,0,0,1,4
9809225,1,1,0,0,1,0,0
9907536,0,0,0,0,0,0,0
9807215,2,1,1,1,2,0,0
211134,1,1,0,0,0,1,7
109060,0,0,0,0,0,0,0
9403294,2,1,1,1,1,1,1
9511259,0,0,0,0,0,0,0
204016,0,0,0,0,0,0,0
5050,1,1,0,0,0,1,5
9211333,1,1,0,0,1,0,0
4103,0,0,0,0,0,0,0
205290,2,2,0,0,2,0,0
9904369,0,0,0,0,0,0,0
9802348,1,1,0,0,1,0,0
204164,0,0,0,0,0,0,0
12165,1,1,0,0,1,0,0
9602332,0,0,0,0,0,0,0
107203,1,1,0,0,0,1,2
9904322,1,1,0,0,0,1,1
206029,3,1,2,3,0,3,8
302188,0,0,0,0,0,0,0
109107,0,0,0,0,0,0,0
9406331,2,1,1,1,1,1,1
110311,1,1,0,0,0,1,6
9607356,0,0,0,0,0,0,0
9904456,2,2,0,0,2,0,0
209358,0,0,0,0,0,0,0
9307343,1,1,0,0,1,0,0
9905548,0,0,0,0,0,0,0
9606454,3,1,2,2,3,0,0
9704210,1,1,0,0,0,1,1
9912359,1,1,0,0,0,1,2
9501306,0,0,0,0,0,0,0
204153,1,1,0,0,0,1,6
208277,0,0,0,0,0,0,0
209061,0,0,0,0,0,0,0
212391,0,0,0,0,0,0,0
112107,0,0,0,0,0,0,0
107108,4,1,3,6,0,4,13
9612360,0,0,0,0,0,0,0
9503437,5,3,2,2,5,0,0
106073,5,2,3,4,0,5,6
9404218,5,2,3,4,5,0,0
7326,3,1,2,2,0,3,36
201032,1,1,0,0,0,1,2
109219,0,0,0,0,0,0,0
104252,0,0,0,0,0,0,0
9507350,3,1,2,2,0,3,16
205114,1,1,0,0,0,1,10
9804448,1,1,0,0,0,1,1
9807338,1,1,0,0,0,1,1
9503254,1,1,0,0,1,0,0
9805347,1,1,0,0,0,1,2
9908201,3,1,2,3,1,2,2
210266,0,0,0,0,0,0,0
9904302,0,0,0,0,0,0,0
11249,0,0,0,0,0,0,0
9707359,0,0,0,0,0,0,0
9903392,0,0,0,0,0,0,0
9911287,2,2,0,0,2,0,0
9403404,1,1,0,0,1,0,0
302160,0,0,0,0,0,0,0
9804371,1,1,0,0,1,0,0
9610412,1,1,0,0,1,0,0
210214,0,0,0,0,0,0,0
9402247,0,0,0,0,0,0,0
9505283,1,1,0,0,1,0,0
107303,0,0,0,0,0,0,0
9908444,0,0,0,0,0,0,0
9909407,2,2,0,0,2,0,0
203016,1,1,0,0,0,1,5
9601221,4,2,2,3,4,0,0
111211,1,1,0,0,1,0,0
9410239,1,1,0,0,1,0,0
204222,0,0,0,0,0,0,0
9604361,0,0,0,0,0,0,0
101079,0,0,0,0,0,0,0
9803410,1,1,0,0,1,0,0
1223,1,1,0,0,0,1,2
110218,1,1,0,0,0,1,7
9602312,0,0,0,0,0,0,0
207011,0,0,0,0,0,0,0
201159,1,1,0,0,1,0,0
9803207,0,0,0,0,0,0,0
9409223,2,2,0,0,2,0,0
201243,0,0,0,0,0,0,0
9711436,1,1,0,0,1,0,0
9309325,0,0,0,0,0,0,0
9709313,0,0,0,0,0,0,0
9612382,0,0,0,0,0,0,0
9703451,0,0,0,0,0,0,0
9704254,0,0,0,0,0,0,0
302105,0,0,0,0,0,0,0
104077,0,0,0,0,0,0,0
9305211,0,0,0,0,0,0,0
11345,1,1,0,0,1,0,0
9508257,0,0,0,0,0,0,0
207116,1,1,0,0,0,1,1
104083,0,0,0,0,0,0,0
6317,0,0,0,0,0,0,0
111074,0,0,0,0,0,0,0
112309,0,0,0,0,0,0,0
9907543,0,0,0,0,0,0,0
9909264,0,0,0,0,0,0,0
9711355,2,1,1,1,0,2,2
207063,0,0,0,0,0,0,0
9611290,1,1,0,0,0,1,3
9809519,0,0,0,0,0,0,0
6308,0,0,0,0,0,0,0
107104,0,0,0,0,0,0,0
106252,0,0,0,0,0,0,0
107088,0,0,0,0,0,0,0
9402272,0,0,0,0,0,0,0
205209,0,0,0,0,0,0,0
9309278,0,0,0,0,0,0,0
1234,1,1,0,0,1,0,0
205316,0,0,0,0,0,0,0
9808452,0,0,0,0,0,0,0
207204,1,1,0,0,0,1,6
5213,1,1,0,0,0,1,5
105240,1,1,0,0,0,1,6
110293,4,2,2,5,0,4,17
111083,0,0,0,0,0,0,0
9509218,0,0,0,0,0,0,0
9506274,1,1,0,0,1,0,0
9709314,0,0,0,0,0,0,0
110226,0,0,0,0,0,0,0
205292,0,0,0,0,0,0,0
9311262,0,0,0,0,0,0,0
109033,1,1,0,0,0,1,3
9502407,0,0,0,0,0,0,0
108056,1,1,0,0,0,1,2
203146,0,0,0,0,0,0,0
9611338,0,0,0,0,0,0,0
9802281,1,1,0,0,1,0,0
9912518,0,0,0,0,0,0,0
9611424,0,0,0,0,0,0,0
11175,1,1,0,0,0,1,13
9609507,1,1,0,0,0,1,1
9704431,0,0,0,0,0,0,0
102215,0,0,0,0,0,0,0
9903523,1,1,0,0,0,1,1
9404350,0,0,0,0,0,0,0
10314,0,0,0,0,0,0,0
208244,0,0,0,0,0,0,0
9409214,0,0,0,0,0,0,0
12263,0,0,0,0,0,0,0
212243,0,0,0,0,0,0,0
302177,0,0,0,0,0,0,0
9908430,0,0,0,0,0,0,0
9308202,0,0,0,0,0,0,0
9403255,1,1,0,0,1,0,0
9710524,0,0,0,0,0,0,0
9710262,0,0,0,0,0,0,0
301254,0,0,0,0,0,0,0
9605390,0,0,0,0,0,0,0
9804203,0,0,0,0,0,0,0
9808220,0,0,0,0,0,0,0
9711445,0,0,0,0,0,0,0
9301214,0,0,0,0,0,0,0
9410403,0,0,0,0,0,0,0
9115,1,1,0,0,1,0,0
110286,0,0,0,0,0,0,0
9811416,0,0,0,0,0,0,0
210367,0,0,0,0,0,0,0
207193,0,0,0,0,0,0,0
9810469,0,0,0,0,0,0,0
201181,0,0,0,0,0,0,0
106187,0,0,0,0,0,0,0
9805285,0,0,0,0,0,0,0
9807516,0,0,0,0,0,0,0
9910370,0,0,0,0,0,0,0
9807437,0,0,0,0,0,0,0
9603399,0,0,0,0,0,0,0
209351,0,0,0,0,0,0,0
9510331,0,0,0,0,0,0,0
9310305,0,0,0,0,0,0,0
9706327,0,0,0,0,0,0,0
9804424,0,0,0,0,0,0,0
212189,0,0,0,0,0,0,0
9306202,0,0,0,0,0,0,0
9508230,0,0,0,0,0,0,0
9502358,2,2,0,0,2,0,0
9709375,0,0,0,0,0,0,0
112311,0,0,0,0,0,0,0
5271,1,1,0,0,0,1,1
9904231,2,2,0,0,2,0,0
9803204,1,1,0,0,1,0,0
9709489,0,0,0,0,0,0,0
9909346,1,1,0,0,0,1,1
209064,0,0,0,0,0,0,0
9603332,0,0,0,0,0,0,0
9610391,0,0,0,0,0,0,0
211452,0,0,0,0,0,0,0
211113,0,0,0,0,0,0,0
301190,0,0,0,0,0,0,0
9605453,0,0,0,0,0,0,0
9503402,2,2,0,0,2,0,0
109196,0,0,0,0,0,0,0
202273,0,0,0,0,0,0,0
212054,0,0,0,0,0,0,0
9701348,0,0,0,0,0,0,0
9310303,0,0,0,0,0,0,0
12139,0,0,0,0,0,0,0
208190,0,0,0,0,0,0,0
212405,0,0,0,0,0,0,0
9302282,0,0,0,0,0,0,0
209212,1,1,0,0,0,1,3
9701403,1,1,0,0,1,0,0
9911208,0,0,0,0,0,0,0
9604322,0,0,0,0,0,0,0
9801247,0,0,0,0,0,0,0
10176,0,0,0,0,0,0,0
9708385,0,0,0,0,0,0,0
9708462,0,0,0,0,0,0,0
8239,0,0,0,0,0,0,0
9511202,0,0,0,0,0,0,0
212018,0,0,0,0,0,0,0
111349,0,0,0,0,0,0,0
9802333,0,0,0,0,0,0,0
9610240,0,0,0,0,0,0,0
112220,1,1,0,0,0,1,2
9610320,0,0,0,0,0,0,0
211121,0,0,0,0,0,0,0
9311364,0,0,0,0,0,0,0
9605381,0,0,0,0,0,0,0
9608489,0,0,0,0,0,0,0
201190,1,1,0,0,1,0,0
211379,0,0,0,0,0,0,0
102212,1,1,0,0,0,1,1
9507387,0,0,0,0,0,0,0
108211,0,0,0,0,0,0,0
208168,0,0,0,0,0,0,0
12106,0,0,0,0,0,0,0
9410380,0,0,0,0,0,0,0
110264,0,0,0,0,0,0,0
9807532,0,0,0,0,0,0,0
9902373,1,1,0,0,0,1,2
209185,0,0,0,0,0,0,0
9612418,1,1,0,0,1,0,0
8178,0,0,0,0,0,0,0
112096,0,0,0,0,0,0,0
9807290,0,0,0,0,0,0,0
212197,0,0,0,0,0,0,0
9306210,1,1,0,0,1,0,0
9511283,0,0,0,0,0,0,0
9311275,0,0,0,0,0,0,0
210253,0,0,0,0,0,0,0
9711271,0,0,0,0,0,0,0
9801367,0,0,0,0,0,0,0
211117,0,0,0,0,0,0,0
9809579,0,0,0,0,0,0,0
9070,0,0,0,0,0,0,0
9710527,0,0,0,0,0,0,0
9309207,0,0,0,0,0,0,0
103268,0,0,0,0,0,0,0
9912233,0,0,0,0,0,0,0
302024,0,0,0,0,0,0,0
111072,0,0,0,0,0,0,0
9305285,0,0,0,0,0,0,0
106003,0,0,0,0,0,0,0
203156,0,0,0,0,0,0,0
302081,0,0,0,0,0,0,0
211423,0,0,0,0,0,0,0
9810333,12,3,9,36,10,2,2
9802394,43,5,38,238,30,13,13
9907335,27,3,24,128,0,27,189
9501362,16,3,13,45,3,13,24
107180,4,1,3,6,2,2,10
9505433,45,2,43,336,45,0,0
209326,2,1,1,1,0,2,8
9507438,6,3,3,5,2,4,5
9908330,15,4,11,29,0,15,40
9803277,84,4,80,788,4,80,356
202233,11,3,8,16,0,11,72
9301290,21,3,18,68,4,17,17
9403250,18,1,17,55,5,13,21
9801208,26,3,23,129,26,0,0
9601324,27,4,23,108,0,27,27
9406396,4,4,0,0,2,2,5
9808333,49,3,46,342,0,49,246
9504246,56,3,53,462,1,55,70
2108,73,5,68,574,9,64,386
9812475,61,3,58,365,0,61,662
9711400,18,4,14,61,2,16,121
9707203,12,1,11,38,0,12,32
9905320,16,2,14,55,0,16,304
9306235,21,2,19,60,13,8,8
9508276,25,5,20,59,10,15,15
9311225,3,1,2,2,3,0,0
9505295,5,2,3,4,0,5,18
9809481,4,2,2,2,0,4,14
9809464,2,1,1,1,0,2,5
9402266,14,8,6,20,1,13,30
9511473,9,6,3,7,0,9,38
9901278,14,1,13,27,2,12,20
9509287,22,4,18,51,0,22,100
9809204,12,5,7,11,0,12,121
9705244,43,2,41,292,6,37,244
6146,25,2,23,86,0,25,167
9609529,50,1,49,347,0,50,335
9706382,6,1,5,10,0,6,108
2227,4,2,2,2,0,4,31
9807447,12,4,8,12,0,12,92
9609341,23,5,18,62,0,23,135
9606279,5,1,4,6,0,5,11
9905397,9,3,6,15,9,0,0
9908255,24,1,23,86,0,24,92
9901389,71,1,70,686,0,71,343
7353,1,1,0,0,1,0,0
9902208,9,3,6,10,1,8,11
9805422,19,8,11,25,0,19,84
9804398,178,2,176,2900,1,177,338
9209245,34,6,28,211,34,0,0
9502401,43,2,41,356,43,0,0
9601271,4,1,3,6,4,0,0
9407401,33,5,28,125,19,14,15
9602389,5,1,4,5,1,4,10
9707264,28,2,26,126,3,25,46
9603218,9,4,5,10,3,6,6
9710375,2,2,0,0,0,2,5
9708350,15,4,11,34,0,15,68
9411321,3,1,2,2,0,3,7
9309248,12,4,8,15,7,5,5
9307247,115,3,112,994,24,91,150
9805297,5,1,4,5,0,5,6
9310285,28,6,22,96,1,27,69
9506210,8,2,6,15,0,8,23
9708486,5,2,3,3,0,5,31
9807348,33,2,31,179,0,33,138
9607426,2,2,0,0,0,2,5
9509313,22,3,19,57,2,20,34
9906373,4,1,3,4,1,3,20
9807439,4,1,3,3,0,4,17
9903478,33,2,31,122,0,33,240
9312245,7,2,5,6,7,0,0
9408233,15,7,8,18,4,11,12
9811520,6,1,5,10,1,5,38
9907231,12,2,10,35,9,3,3
9907385,50,3,47,609,2,48,48
9808467,22,2,20,90,0,22,119
104073,23,5,18,69,0,23,263
9904353,88,8,80,797,0,88,627
9502311,3,1,2,3,0,3,15
9911223,13,2,11,40,0,13,285
110107,1,1,0,0,0,1,8
9408238,6,2,4,12,3,3,6
9607418,7,3,4,11,1,6,12
9410310,27,2,25,82,24,3,3
9612363,26,1,25,150,26,0,0
9708226,10,2,8,25,0,10,41
9801451,2,1,1,1,0,2,9
9604338,9,1,8,19,0,9,45
9612229,2,1,1,1,0,2,14
9912463,25,2,23,82,0,25,193
9605446,94,1,93,950,1,93,279
9812260,19,1,18,95,13,6,6
9907524,7,1,6,12,1,6,6
1004,2,1,1,1,2,0,0
9710259,6,1,5,10,0,6,9
9312302,13,7,6,8,0,13,26
9911457,34,6,28,152,0,34,146
9709242,0,0,0,0,0,0,0
9501299,2,2,0,0,2,0,0
2063,25,1,24,101,3,22,58
9503306,4,3,1,1,0,4,6
9807326,11,4,7,14,0,11,44
9065,31,2,29,124,1,30,108
106084,8,1,7,19,0,8,30
102242,21,1,20,126,0,21,186
1019,40,4,36,235,1,39,245
103048,46,2,44,307,0,46,575
9510252,18,9,9,16,0,18,62
9803384,13,3,10,38,1,12,30
6078,17,1,16,55,0,17,61
11251,33,2,31,156,18,15,23
9608398,6,3,3,4,0,6,10
9805418,8,2,6,13,0,8,15
7294,25,2,23,72,1,24,78
9506465,12,4,8,24,2,10,25
9711203,1,1,0,0,0,1,1
9601302,30,5,25,134,0,30,76
9409208,20,3,17,64,20,0,0
9903294,61,4,57,585,0,61,655
9905311,41,4,37,226,0,41,494
12167,32,1,31,195,0,32,424
9911228,9,2,7,17,0,9,101
202266,9,2,7,13,0,9,137
209193,4,3,1,1,0,4,62
202124,14,3,11,43,0,14,190
5286,19,2,17,78,0,19,110
9304261,6,3,3,9,6,0,0
102290,5,5,0,0,0,5,47
9912287,20,5,15,41,0,20,346
9408229,18,2,16,39,18,0,0
9603346,7,2,5,13,2,5,10
9809301,2,1,1,1,2,0,0
9904298,4,2,2,2,0,4,21
9712362,12,1,11,19,0,12,95
9307316,8,2,6,11,2,6,9
6254,16,2,14,63,0,16,63
11392,5,3,2,3,0,5,70
9911392,19,1,18,62,0,19,227
9710228,4,1,3,5,4,0,0
9812448,122,1,121,1197,122,0,0
9604237,39,5,34,122,0,39,140
9701210,12,1,11,21,0,12,49
9608329,5,2,3,3,1,4,16
9606383,19,5,14,33,1,18,108
9706423,4,3,1,1,0,4,6
9509420,2,1,1,1,2,0,0
9905542,25,3,22,96,3,22,104
9706253,10,2,8,19,0,10,67
9707225,4,2,2,3,4,0,0
9603417,25,1,24,135,1,24,42
5256,10,3,7,23,0,10,27
9409428,3,2,1,1,0,3,4
9510235,7,3,4,8,1,6,6
101305,18,3,15,54,0,18,190
9904278,28,2,26,106,0,28,345
9609419,25,3,22,106,6,19,36
9710529,17,8,9,17,5,12,13
9711371,24,3,21,102,0,24,124
105050,2,1,1,1,0,2,2
9702227,7,3,4,8,0,7,36
9801300,9,3,6,11,0,9,41
9604217,14,3,11,38,0,14,79
9312284,13,1,12,42,13,0,0
9305266,23,7,16,42,12,11,11
9710427,37,1,36,208,0,37,298
9512370,9,4,5,8,2,7,8
9402342,14,2,12,46,14,0,0
9608201,4,2,2,2,0,4,15
9609480,9,4,5,11,1,8,8
9406210,10,4,6,9,0,10,29
9308266,23,9,14,37,1,22,75
9606335,1,1,0,0,0,1,2
9711392,8,4,4,6,0,8,30
9610247,7,2,5,9,0,7,47
9504374,14,3,11,30,14,0,0
9601303,10,1,9,15,2,8,12
9303204,24,3,21,114,24,0,0
9356,15,1,14,58,0,15,30
3013,5,2,3,7,0,5,19
4049,19,4,15,73,2,17,52
101093,7,4,3,6,0,7,27
9903272,1,1,0,0,0,1,3
9503248,7,2,5,9,1,6,24
9409380,20,2,18,80,20,0,0
8090,6,4,2,3,3,3,6
9709249,6,1,5,9,0,6,6
9507441,5,0,5,10,5,0,0
9310359,2,1,1,1,2,0,0
9604260,11,2,9,19,0,11,36
9610298,2,1,1,1,0,2,4
9287,11,4,7,15,0,11,93
11227,4,1,3,3,0,4,9
9812413,10,2,8,19,2,8,20
9703341,5,1,4,8,0,5,65
9310211,6,1,5,11,6,0,0
9205207,2,2,0,0,2,0,0
9612260,29,3,26,120,9,20,26
9409399,0,0,0,0,0,0,0
9609511,25,2,23,125,8,17,29
106245,22,6,16,53,0,22,137
108111,0,0,0,0,0,0,0
11078,1,1,0,0,0,1,1
9710266,3,2,1,1,3,0,0
9707367,4,2,2,2,0,4,4
9905340,1,1,0,0,0,1,2
6136,4,3,1,1,0,4,17
9602207,6,3,3,6,6,0,0
9504239,6,3,3,5,0,6,26
9905565,5,2,3,4,1,4,4
109056,14,4,10,17,0,14,84
9704249,33,8,25,132,1,32,147
9608211,24,9,15,32,0,24,298
6307,28,9,19,64,0,28,222
9506265,3,1,2,2,0,3,3
9701345,9,1,8,21,2,7,8
9310316,39,6,33,129,39,0,0
9503431,6,1,5,9,0,6,6
9506364,13,4,9,32,1,12,61
9610360,14,2,12,38,1,13,24
9803285,5,1,4,6,5,0,0
9610433,10,2,8,10,2,8,13
9806437,16,5,11,26,1,15,83
9804300,7,2,5,11,7,0,0
9404331,3,1,2,2,3,0,0
108017,2,1,1,1,0,2,14
9311228,17,9,8,17,0,17,91
9606483,13,2,11,37,1,12,26
9411384,25,2,23,115,2,23,23
9710526,9,2,7,13,0,9,61
103044,13,2,11,35,0,13,43
11234,19,5,14,52,0,19,164
109239,1,1,0,0,1,0,0
9705292,23,4,19,119,23,0,0
9703226,7,3,4,6,0,7,13
11104,4,2,2,2,0,4,34
9410347,5,1,4,7,2,3,3
9707297,2,1,1,1,0,2,5
9906530,6,1,5,6,1,5,12
104187,1,1,0,0,0,1,11
9807440,2,1,1,1,0,2,3
9502349,16,1,15,70,16,0,0
108161,21,1,20,81,0,21,215
9708431,8,5,3,7,0,8,21
9712432,0,0,0,0,0,0,0
9707476,6,2,4,6,0,6,18
9601236,7,2,5,14,7,0,0
9502315,7,1,6,10,7,0,0
9212271,37,3,34,134,1,36,36
9703285,18,4,14,55,18,0,0
9410332,2,2,0,0,0,2,6
9812236,25,5,20,79,1,24,68
9506259,1,1,0,0,1,0,0
201151,5,2,3,5,0,5,14
9910535,4,1,3,4,0,4,27
9209240,18,6,12,46,18,0,0
112300,11,6,5,8,0,11,87
9405420,8,1,7,24,0,8,20
9707478,9,2,7,11,6,3,3
1196,13,3,10,28,0,13,54
201195,13,6,7,15,0,13,76
206245,6,3,3,6,0,6,63
111215,9,2,7,15,0,9,93
204194,13,1,12,48,0,13,66
9509370,8,2,6,14,0,8,8
9412382,11,2,9,22,11,0,0
105224,6,2,4,9,0,6,49
112287,4,3,1,1,0,4,45
9602325,4,3,1,1,0,4,24
9904366,1,1,0,0,0,1,3
9401320,5,2,3,4,5,0,0
9507287,7,3,4,7,0,7,30
9801210,3,2,1,1,0,3,20
9812242,1,1,0,0,1,0,0
12372,2,2,0,0,0,2,4
9907281,12,3,9,22,0,12,114
107299,3,1,2,3,0,3,20
9712259,0,0,0,0,0,0,0
211399,0,0,0,0,0,0,0
9401303,6,2,4,7,5,1,1
9808295,2,1,1,1,0,2,2
101088,2,1,1,1,0,2,15
9603271,10,5,5,12,0,10,24
9702390,4,1,3,3,0,4,20
111465,9,3,6,9,0,9,75
9506427,9,6,3,4,0,9,20
9811307,1,1,0,0,0,1,1
9503327,0,0,0,0,0,0,0
109007,6,2,4,6,6,0,0
9806521,1,1,0,0,1,0,0
9603313,9,3,6,20,0,9,28
9912218,2,1,1,1,0,2,9
9705442,18,2,16,64,18,0,0
9601292,2,2,0,0,1,1,1
9811500,36,2,34,195,1,35,125
5263,13,2,11,28,0,13,39
112150,2,1,1,1,2,0,0
9907485,2,1,1,1,0,2,46
9911529,0,0,0,0,0,0,0
9602355,3,3,0,0,0,3,19
9704223,16,4,12,28,16,0,0
9811226,0,0,0,0,0,0,0
9704345,8,1,7,12,0,8,32
109069,0,0,0,0,0,0,0
9902436,4,2,2,2,0,4,12
9503383,11,1,10,16,3,8,8
9906304,2,1,1,1,0,2,7
111156,2,1,1,1,0,2,7
9602245,10,2,8,22,0,10,17
9327,4,1,3,5,0,4,13
9507259,1,1,0,0,0,1,3
9502299,1,1,0,0,1,0,0
9510421,4,2,2,2,1,3,12
9301249,1,1,0,0,1,0,0
209200,2,2,0,0,0,2,5
9902412,3,2,1,2,0,3,6
9510277,10,1,9,26,1,9,18
9708454,4,3,1,1,4,0,0
9602327,8,4,4,10,8,0,0
9508239,15,5,10,38,0,15,33
9509433,16,4,12,33,0,16,170
9808306,4,1,3,4,0,4,4
9303301,2,2,0,0,2,0,0
9504283,4,1,3,5,0,4,9
9812332,4,3,1,1,0,4,29
2302,0,0,0,0,0,0,0
9703254,3,1,2,3,0,3,14
109221,4,2,2,2,0,4,31
9805490,2,1,1,1,1,1,3
9606477,23,3,20,91,7,16,35
9906209,11,9,2,2,0,11,44
9912304,1,1,0,0,0,1,3
108002,14,1,13,40,0,14,108
209239,2,1,1,1,0,2,7
9707431,6,1,5,13,6,0,0
9906305,3,1,2,3,1,2,6
9303247,3,2,1,2,3,0,0
9703369,13,3,10,22,0,13,90
201293,3,1,2,2,0,3,36
9412206,18,12,6,13,0,18,82
9807393,5,1,4,6,0,5,69
9711414,12,4,8,22,1,11,13
9809505,2,2,0,0,0,2,15
9310310,7,2,5,10,7,0,0
9712436,1,1,0,0,0,1,3
107045,1,1,0,0,1,0,0
101348,13,3,10,27,1,12,26
9710551,1,1,0,0,0,1,9
9408364,9,2,7,12,8,1,1
9909387,7,1,6,12,0,7,25
110002,19,1,18,49,2,17,19
206068,1,1,0,0,0,1,4
9707262,0,0,0,0,0,0,0
9805396,8,4,4,8,0,8,25
9507336,7,3,4,7,1,6,14
112158,1,1,0,0,0,1,13
207351,1,1,0,0,0,1,7
9712351,19,4,15,28,1,18,61
9809233,1,1,0,0,0,1,2
9509233,3,2,1,1,0,3,12
9905568,8,1,7,17,8,0,0
9812316,16,3,13,18,0,16,42
9806503,0,0,0,0,0,0,0
9405256,6,3,3,3,2,4,11
103002,7,2,5,9,1,6,15
9602235,5,4,1,1,0,5,31
9033,5,1,4,6,2,3,35
9205242,2,1,1,1,2,0,0
104010,5,1,4,4,1,4,8
9510359,18,4,14,40,1,17,33
9706277,8,2,6,8,0,8,33
9707543,11,3,8,14,11,0,0
12056,4,3,1,1,0,4,21
9810289,3,1,2,2,0,3,14
9602409,7,2,5,9,0,7,28
107007,6,4,2,2,0,6,101
205282,0,0,0,0,0,0,0
9901430,12,3,9,24,3,9,9
103238,1,1,0,0,0,1,6
9212287,8,4,4,6,8,0,0
11058,1,1,0,0,0,1,1
108247,8,2,6,14,0,8,76
9609385,14,3,11,36,14,0,0
9807383,4,2,2,2,2,2,2
9711499,6,1,5,9,0,6,29
9803239,4,3,1,1,0,4,17
107025,0,0,0,0,0,0,0
9707285,1,1,0,0,1,0,0
9905561,2,1,1,1,2,0,0
9706542,3,1,2,3,0,3,19
9406367,0,0,0,0,0,0,0
203080,1,1,0,0,0,1,3
9305327,1,1,0,0,1,0,0
8169,1,1,0,0,1,0,0
8313,0,0,0,0,0,0,0
9610468,2,2,0,0,2,0,0
106248,6,2,4,7,0,6,133
104067,2,2,0,0,0,2,10
9708305,10,3,7,32,10,0,0
9503256,0,0,0,0,0,0,0
9808341,2,2,0,0,0,2,25
9905386,6,1,5,9,2,4,6
9812370,2,1,1,1,0,2,12
9607216,3,1,2,2,0,3,17
9709461,2,2,0,0,1,1,1
112082,1,1,0,0,0,1,1
12299,8,1,7,24,0,8,65
204001,14,5,9,24,0,14,107
6262,6,2,4,8,3,3,3
9502247,14,1,13,26,14,0,0
9066,3,1,2,3,0,3,74
9411279,10,2,8,15,10,0,0
204120,2,1,1,1,0,2,6
9806220,2,2,0,0,0,2,2
106223,3,3,0,0,0,3,22
210192,2,2,0,0,0,2,8
9904303,7,1,6,18,7,0,0
9907481,3,1,2,2,2,1,1
2195,4,2,2,3,0,4,23
9708279,3,1,2,3,3,0,0
9901276,3,2,1,1,0,3,63
3090,1,1,0,0,1,0,0
9809248,1,1,0,0,1,0,0
2237,7,2,5,10,0,7,40
9406247,0,0,0,0,0,0,0
107222,6,3,3,5,0,6,52
9708488,7,3,4,8,7,0,0
9206213,3,1,2,3,3,0,0
5069,9,3,6,12,0,9,40
9704300,2,2,0,0,2,0,0
9610318,0,0,0,0,0,0,0
104114,2,1,1,1,0,2,8
9905365,2,2,0,0,0,2,11
9506375,13,2,11,43,13,0,0
1218,6,4,2,2,0,6,44
9512286,2,1,1,1,0,2,6
207277,2,1,1,1,0,2,54
9806526,20,3,17,68,0,20,166
9407224,0,0,0,0,0,0,0
9804407,10,2,8,25,0,10,20
9910457,0,0,0,0,0,0,0
9503289,2,2,0,0,0,2,7
9712371,11,2,9,23,3,8,9
7086,1,1,0,0,0,1,6
9607481,1,1,0,0,1,0,0
209377,0,0,0,0,0,0,0
9032,1,1,0,0,1,0,0
9610505,1,1,0,0,0,1,5
9610405,6,2,4,4,3,3,3
9403291,1,1,0,0,0,1,3
9210214,2,2,0,0,2,0,0
9503335,1,1,0,0,0,1,2
9412331,1,1,0,0,0,1,1
5278,0,0,0,0,0,0,0
106014,1,1,0,0,0,1,2
9702428,2,1,1,1,0,2,4
9801308,1,1,0,0,0,1,3
9910448,0,0,0,0,0,0,0
9903473,1,1,0,0,0,1,4
9704242,2,1,1,1,0,2,2
9509418,6,5,1,1,6,0,0
105173,0,0,0,0,0,0,0
9804320,4,2,2,2,0,4,10
212146,6,1,5,11,0,6,41
9710340,2,1,1,1,0,2,2
9503398,6,3,3,3,0,6,6
212020,5,4,1,2,0,5,81
7169,5,1,4,6,0,5,28
9511416,0,0,0,0,0,0,0
9311332,22,3,19,64,22,0,0
103342,4,1,3,6,0,4,7
201123,1,1,0,0,0,1,1
9610279,2,1,1,1,0,2,9
9202,1,1,0,0,0,1,3
10036,1,1,0,0,1,0,0
9401327,5,2,3,5,3,2,4
109120,0,0,0,0,0,0,0
9906547,2,2,0,0,2,0,0
9308364,4,2,2,3,0,4,7
9504262,0,0,0,0,0,0,0
9901423,1,1,0,0,0,1,2
9411371,1,1,0,0,0,1,2
9306301,2,2,0,0,2,0,0
9911491,5,1,4,6,0,5,26
9212298,6,6,0,0,6,0,0
9701404,13,2,11,41,3,10,13
9804280,1,1,0,0,0,1,8
9911425,3,3,0,0,0,3,16
210045,0,0,0,0,0,0,0
205130,2,1,1,1,0,2,6
9612489,2,1,1,1,0,2,5
9510221,3,3,0,0,0,3,3
8236,3,3,0,0,0,3,30
9710520,0,0,0,0,0,0,0
9505210,2,1,1,1,0,2,4
9912376,7,1,6,11,0,7,18
9903469,1,1,0,0,0,1,1
9905260,2,2,0,0,0,2,9
9811313,1,1,0,0,0,1,9
9812518,6,3,3,4,0,6,38
9712476,14,3,11,28,2,12,38
9408362,1,1,0,0,1,0,0
9611299,5,1,4,6,5,0,0
9702285,4,4,0,0,3,1,1
208091,9,2,7,21,0,9,29
9511278,1,1,0,0,0,1,12
9401259,4,2,2,4,2,2,2
9607424,5,2,3,4,1,4,4
9502386,5,2,3,5,5,0,0
9901290,1,1,0,0,0,1,3
9512215,1,1,0,0,0,1,2
205050,6,4,2,3,0,6,46
9909532,3,3,0,0,0,3,9
2009,0,0,0,0,0,0,0
101300,0,0,0,0,0,0,0
101059,1,1,0,0,0,1,2
9710273,0,0,0,0,0,0,0
202121,8,2,6,14,0,8,42
9408225,4,3,1,1,4,0,0
101341,0,0,0,0,0,0,0
9509349,5,1,4,6,5,0,0
9403365,3,1,2,2,3,0,0
210272,0,0,0,0,0,0,0
109281,2,1,1,1,1,1,1
112283,6,2,4,5,0,6,59
209066,2,1,1,1,0,2,7
10247,5,2,3,5,0,5,12
204348,7,1,6,13,0,7,28
9907270,6,3,3,3,6,0,0
9901204,1,1,0,0,0,1,1
3161,10,1,9,34,0,10,52
9709405,2,2,0,0,0,2,11
201301,2,2,0,0,0,2,21
9803329,1,1,0,0,0,1,1
202072,6,1,5,7,0,6,21
9704350,0,0,0,0,0,0,0
9801337,1,1,0,0,0,1,11
9402268,0,0,0,0,0,0,0
211283,0,0,0,0,0,0,0
4258,0,0,0,0,0,0,0
9508361,0,0,0,0,0,0,0
12325,0,0,0,0,0,0,0
210127,2,2,0,0,0,2,22
9906207,2,2,0,0,0,2,10
9309303,2,1,1,1,2,0,0
9812346,9,1,8,20,3,6,6
9809212,0,0,0,0,0,0,0
1308,5,2,3,4,0,5,18
207315,2,2,0,0,1,1,5
9210265,3,2,1,1,3,0,0
9911380,2,1,1,1,2,0,0
2212,6,1,5,11,5,1,1
12066,4,2,2,2,0,4,5
9604289,5,1,4,5,4,1,1
9312320,5,2,3,4,5,0,0
9810537,4,2,2,2,2,2,2
9512412,0,0,0,0,0,0,0
9911489,8,1,7,18,0,8,39
9611444,4,2,2,3,1,3,3
9806479,2,1,1,1,0,2,2
9603435,3,2,1,2,2,1,1
9904394,3,1,2,3,0,3,23
9907296,0,0,0,0,0,0,0
201009,0,0,0,0,0,0,0
111032,8,6,2,2,0,8,48
209365,0,0,0,0,0,0,0
9801436,2,2,0,0,0,2,8
201171,4,1,3,3,0,4,19
11074,11,4,7,18,1,10,90
9606359,5,3,2,2,5,0,0
9708321,0,0,0,0,0,0,0
9902311,0,0,0,0,0,0,0
9607210,15,3,12,65,15,0,0
9512372,1,1,0,0,0,1,2
9706384,0,0,0,0,0,0,0
211282,0,0,0,0,0,0,0
9906498,9,1,8,30,0,9,47
11193,0,0,0,0,0,0,0
4244,0,0,0,0,0,0,0
5204,0,0,0,0,0,0,0
102251,1,1,0,0,0,1,3
9705448,6,2,4,5,0,6,12
1023,5,1,4,7,4,1,1
9409344,4,2,2,3,0,4,20
7116,3,1,2,3,0,3,8
4259,5,3,2,3,1,4,4
9806321,1,1,0,0,0,1,2
9506476,2,2,0,0,2,0,0
108095,3,2,1,1,0,3,9
211063,1,1,0,0,0,1,7
9303235,4,4,0,0,4,0,0
9807545,7,5,2,3,0,7,7
9304290,3,1,2,3,3,0,0
9904238,3,2,1,1,0,3,25
9806288,4,1,3,5,0,4,4
109051,1,1,0,0,0,1,2
9601264,1,1,0,0,1,0,0
106257,2,2,0,0,0,2,15
9509271,7,2,5,7,7,0,0
9408368,1,1,0,0,0,1,1
9604227,8,2,6,12,0,8,8
205319,3,3,0,0,0,3,21
201256,3,3,0,0,0,3,15
3217,2,2,0,0,0,2,7
8246,4,2,2,3,0,4,23
9708314,1,1,0,0,1,0,0
9302259,3,3,0,0,3,0,0
9812326,4,2,2,2,4,0,0
9409272,2,1,1,1,0,2,4
208151,0,0,0,0,0,0,0
9706318,1,1,0,0,0,1,2
9305257,4,3,1,1,4,0,0
9906212,2,2,0,0,0,2,20
9403396,3,2,1,1,3,0,0
9405227,1,1,0,0,0,1,1
210052,0,0,0,0,0,0,0
201257,2,1,1,1,0,2,6
9711454,2,2,0,0,1,1,6
9901273,2,2,0,0,1,1,1
202153,1,1,0,0,0,1,3
206094,0,0,0,0,0,0,0
9702303,1,1,0,0,0,1,1
209049,0,0,0,0,0,0,0
111123,4,2,2,2,3,1,1
12247,3,1,2,3,3,0,0
301154,0,0,0,0,0,0,0
9404315,0,0,0,0,0,0,0
11043,1,1,0,0,1,0,0
9606284,2,2,0,0,2,0,0
9606220,2,1,1,1,1,1,2
12242,1,1,0,0,0,1,5
9710439,0,0,0,0,0,0,0
9902403,6,2,4,4,0,6,9
110314,0,0,0,0,0,0,0
9407265,0,0,0,0,0,0,0
101266,4,2,2,3,0,4,11
12169,1,1,0,0,1,0,0
9502244,2,2,0,0,2,0,0
9612234,0,0,0,0,0,0,0
9902321,2,2,0,0,0,2,11
111152,0,0,0,0,0,0,0
9312287,0,0,0,0,0,0,0
9407332,0,0,0,0,0,0,0
9512403,0,0,0,0,0,0,0
111165,0,0,0,0,0,0,0
9408329,0,0,0,0,0,0,0
9710452,4,1,3,4,4,0,0
9805441,1,1,0,0,0,1,6
9405392,7,4,3,3,7,0,0
9908386,2,1,1,1,2,0,0
105030,0,0,0,0,0,0,0
9712441,1,1,0,0,0,1,2
9612306,0,0,0,0,0,0,0
206170,0,0,0,0,0,0,0
12279,2,2,0,0,0,2,3
9905560,3,2,1,1,0,3,3
206095,1,1,0,0,0,1,5
2170,3,2,1,1,2,1,1
9910232,0,0,0,0,0,0,0
210109,1,1,0,0,0,1,5
210053,0,0,0,0,0,0,0
101351,3,2,1,2,0,3,27
212344,0,0,0,0,0,0,0
9408353,4,2,2,3,4,0,0
12070,1,1,0,0,0,1,2
101293,3,2,1,1,1,2,2
9907440,0,0,0,0,0,0,0
9710225,1,1,0,0,1,0,0
9705351,2,1,1,1,0,2,4
4140,2,2,0,0,0,2,7
9403265,3,1,2,3,3,0,0
11136,2,2,0,0,2,0,0
9610404,1,1,0,0,0,1,1
112124,4,2,2,2,0,4,24
109104,0,0,0,0,0,0,0
9910523,2,1,1,1,0,2,7
9909401,4,1,3,5,0,4,23
9905431,0,0,0,0,0,0,0
9609452,1,1,0,0,1,0,0
9804368,2,1,1,1,0,2,3
202068,6,3,3,5,0,6,41
9505310,4,3,1,1,4,0,0
9809387,0,0,0,0,0,0,0
212057,0,0,0,0,0,0,0
9706515,2,2,0,0,0,2,2
107012,2,2,0,0,0,2,12
9903551,1,1,0,0,1,0,0
9280,1,1,0,0,1,0,0
212305,0,0,0,0,0,0,0
9303314,2,2,0,0,1,1,1
9901303,0,0,0,0,0,0,0
9604219,2,2,0,0,2,0,0
109006,1,1,0,0,0,1,3
109267,2,2,0,0,1,1,9
9809585,2,1,1,1,1,1,1
3202,1,1,0,0,0,1,1
9611260,2,1,1,1,0,2,2
9708453,1,1,0,0,1,0,0
2166,6,3,3,9,0,6,53
9801366,2,2,0,0,1,1,2
9811506,0,0,0,0,0,0,0
1316,0,0,0,0,0,0,0
9605268,2,2,0,0,0,2,16
9142,0,0,0,0,0,0,0
9603230,2,2,0,0,2,0,0
9405282,0,0,0,0,0,0,0
9317,1,1,0,0,1,0,0
9806363,2,1,1,1,1,1,1
8305,2,1,1,1,0,2,4
207363,1,1,0,0,0,1,9
7183,1,1,0,0,0,1,2
104213,3,2,1,1,0,3,31
102075,5,3,2,3,0,5,21
212351,2,2,0,0,0,2,2
9509404,2,1,1,1,2,0,0
9802213,1,1,0,0,0,1,3
103160,1,1,0,0,0,1,2
9511240,2,2,0,0,0,2,2
9212293,1,1,0,0,1,0,0
207222,4,1,3,5,0,4,41
9908498,1,1,0,0,0,1,4
101248,1,1,0,0,0,1,5
101169,1,1,0,0,1,0,0
9806229,1,1,0,0,0,1,7
9602361,0,0,0,0,0,0,0
9701290,1,1,0,0,0,1,1
203203,1,1,0,0,1,0,0
208019,1,1,0,0,0,1,15
211051,0,0,0,0,0,0,0
9706521,0,0,0,0,0,0,0
107332,2,2,0,0,0,2,15
205075,0,0,0,0,0,0,0
9804415,1,1,0,0,1,0,0
110370,0,0,0,0,0,0,0
9705332,0,0,0,0,0,0,0
9707444,0,0,0,0,0,0,0
11269,1,1,0,0,1,0,0
9812410,0,0,0,0,0,0,0
9507466,2,2,0,0,1,1,3
9803420,3,3,0,0,3,0,0
9909500,5,3,2,2,1,4,11
103022,4,4,0,0,1,3,9
108089,0,0,0,0,0,0,0
210312,0,0,0,0,0,0,0
209159,0,0,0,0,0,0,0
9508261,0,0,0,0,0,0,0
302240,0,0,0,0,0,0,0
210329,0,0,0,0,0,0,0
9809296,1,1,0,0,0,1,1
9902470,1,1,0,0,0,1,13
105033,0,0,0,0,0,0,0
9810488,0,0,0,0,0,0,0
6347,0,0,0,0,0,0,0
9707506,0,0,0,0,0,0,0
101074,1,1,0,0,0,1,1
9412353,1,1,0,0,0,1,1
101327,1,1,0,0,1,0,0
9311244,1,1,0,0,0,1,2
10219,0,0,0,0,0,0,0
107167,0,0,0,0,0,0,0
9801258,0,0,0,0,0,0,0
4073,0,0,0,0,0,0,0
9606366,2,1,1,1,1,1,1
204049,1,1,0,0,0,1,3
5099,0,0,0,0,0,0,0
9407349,1,1,0,0,0,1,1
9510341,1,1,0,0,0,1,5
210207,0,0,0,0,0,0,0
101172,0,0,0,0,0,0,0
9608204,1,1,0,0,1,0,0
10301,1,1,0,0,0,1,5
107216,1,1,0,0,0,1,3
9708397,1,1,0,0,1,0,0
9601258,1,1,0,0,1,0,0
112077,0,0,0,0,0,0,0
9304291,1,1,0,0,1,0,0
201234,2,2,0,0,0,2,32
12266,2,1,1,1,2,0,0
9126,0,0,0,0,0,0,0
3268,1,1,0,0,0,1,1
112023,1,1,0,0,0,1,22
12074,1,1,0,0,1,0,0
212258,0,0,0,0,0,0,0
105021,3,1,2,2,0,3,8
106288,0,0,0,0,0,0,0
9194,0,0,0,0,0,0,0
102080,0,0,0,0,0,0,0
106270,0,0,0,0,0,0,0
105220,0,0,0,0,0,0,0
9910243,1,1,0,0,0,1,1
9905482,1,1,0,0,0,1,2
9511246,0,0,0,0,0,0,0
9305237,1,1,0,0,1,0,0
207086,1,1,0,0,0,1,5
201313,1,1,0,0,0,1,4
205224,3,2,1,1,0,3,16
212047,2,1,1,1,0,2,11
3206,0,0,0,0,0,0,0
9910421,4,1,3,6,0,4,4
9404276,3,1,2,2,3,0,0
110295,0,0,0,0,0,0,0
9908418,0,0,0,0,0,0,0
3088,2,1,1,1,0,2,4
11321,3,2,1,1,0,3,40
9502205,1,1,0,0,1,0,0
101178,0,0,0,0,0,0,0
9610309,0,0,0,0,0,0,0
205256,0,0,0,0,0,0,0
202162,0,0,0,0,0,0,0
9812402,1,1,0,0,0,1,1
4229,0,0,0,0,0,0,0
1235,1,1,0,0,0,1,3
9403263,0,0,0,0,0,0,0
9909354,2,1,1,1,0,2,4
7310,3,2,1,1,0,3,16
9808348,0,0,0,0,0,0,0
9910502,2,2,0,0,0,2,4
9910377,1,1,0,0,0,1,1
5277,0,0,0,0,0,0,0
201078,0,0,0,0,0,0,0
302036,0,0,0,0,0,0,0
210418,0,0,0,0,0,0,0
9308233,0,0,0,0,0,0,0
12314,1,1,0,0,0,1,3
207071,1,1,0,0,0,1,7
112231,0,0,0,0,0,0,0
301115,0,0,0,0,0,0,0
105133,0,0,0,0,0,0,0
9707324,1,1,0,0,0,1,1
9510450,0,0,0,0,0,0,0
112217,0,0,0,0,0,0,0
212083,0,0,0,0,0,0,0
109198,2,2,0,0,1,1,1
9506244,0,0,0,0,0,0,0
12029,1,1,0,0,1,0,0
9605362,0,0,0,0,0,0,0
302032,0,0,0,0,0,0,0
9704209,1,1,0,0,1,0,0
9311295,0,0,0,0,0,0,0
12286,0,0,0,0,0,0,0
9911470,2,2,0,0,0,2,8
9803373,1,1,0,0,1,0,0
205260,1,1,0,0,1,0,0
10048,0,0,0,0,0,0,0
2104,0,0,0,0,0,0,0
201098,1,1,0,0,0,1,1
205003,0,0,0,0,0,0,0
9811325,0,0,0,0,0,0,0
108232,0,0,0,0,0,0,0
9705443,0,0,0,0,0,0,0
9608493,1,1,0,0,1,0,0
208032,0,0,0,0,0,0,0
9808319,0,0,0,0,0,0,0
9802257,0,0,0,0,0,0,0
9409398,0,0,0,0,0,0,0
209221,0,0,0,0,0,0,0
112175,0,0,0,0,0,0,0
110207,3,2,1,2,3,0,0
9812342,1,1,0,0,1,0,0
9703362,1,1,0,0,0,1,1
202278,0,0,0,0,0,0,0
9802389,0,0,0,0,0,0,0
210378,1,1,0,0,0,1,4
11340,1,1,0,0,0,1,3
9702220,3,1,2,3,3,0,0
9905203,0,0,0,0,0,0,0
3078,0,0,0,0,0,0,0
102133,0,0,0,0,0,0,0
9904212,0,0,0,0,0,0,0
207028,0,0,0,0,0,0,0
9903269,0,0,0,0,0,0,0
206274,0,0,0,0,0,0,0
10330,0,0,0,0,0,0,0
210126,0,0,0,0,0,0,0
101101,0,0,0,0,0,0,0
9808209,0,0,0,0,0,0,0
202117,1,1,0,0,0,1,2
9602215,0,0,0,0,0,0,0
109220,1,1,0,0,1,0,0
9609433,1,1,0,0,0,1,1
9323,0,0,0,0,0,0,0
111220,2,1,1,1,0,2,16
9406240,0,0,0,0,0,0,0
9503244,0,0,0,0,0,0,0
9903442,0,0,0,0,0,0,0
210354,0,0,0,0,0,0,0
9605212,0,0,0,0,0,0,0
108012,1,1,0,0,0,1,6
202180,0,0,0,0,0,0,0
211405,0,0,0,0,0,0,0
9310300,0,0,0,0,0,0,0
9611407,0,0,0,0,0,0,0
204057,0,0,0,0,0,0,0
9909553,0,0,0,0,0,0,0
9228,0,0,0,0,0,0,0
9505215,0,0,0,0,0,0,0
10300,0,0,0,0,0,0,0
112079,0,0,0,0,0,0,0
9406425,0,0,0,0,0,0,0
211116,0,0,0,0,0,0,0
10333,0,0,0,0,0,0,0
9608208,1,1,0,0,0,1,1
9212247,1,1,0,0,1,0,0
301248,0,0,0,0,0,0,0
2095,1,1,0,0,1,0,0
9910245,0,0,0,0,0,0,0
12344,0,0,0,0,0,0,0
210074,1,1,0,0,0,1,1
301078,1,1,0,0,0,1,2
9802399,0,0,0,0,0,0,0
204030,0,0,0,0,0,0,0
212358,0,0,0,0,0,0,0
7230,0,0,0,0,0,0,0
209334,0,0,0,0,0,0,0
9511291,0,0,0,0,0,0,0
212192,0,0,0,0,0,0,0
9604348,0,0,0,0,0,0,0
212362,1,1,0,0,0,1,3
9606218,1,1,0,0,1,0,0
302082,0,0,0,0,0,0,0
211436,0,0,0,0,0,0,0
9801360,0,0,0,0,0,0,0
11018,0,0,0,0,0,0,0
110128,0,0,0,0,0,0,0
7214,0,0,0,0,0,0,0
208201,1,1,0,0,0,1,11
9703322,0,0,0,0,0,0,0
9407281,0,0,0,0,0,0,0
9907212,0,0,0,0,0,0,0
9906228,0,0,0,0,0,0,0
203100,0,0,0,0,0,0,0
207209,0,0,0,0,0,0,0
9806211,1,1,0,0,0,1,2
9311263,2,2,0,0,2,0,0
209268,0,0,0,0,0,0,0
6353,0,0,0,0,0,0,0
9210270,3,3,0,0,3,0,0
104004,0,0,0,0,0,0,0
9805409,0,0,0,0,0,0,0
9911355,0,0,0,0,0,0,0
9305301,1,1,0,0,0,1,2
9810481,0,0,0,0,0,0,0
6169,0,0,0,0,0,0,0
9708269,0,0,0,0,0,0,0
5130,0,0,0,0,0,0,0
12245,0,0,0,0,0,0,0
206012,0,0,0,0,0,0,0
9507399,0,0,0,0,0,0,0
104295,0,0,0,0,0,0,0
9909216,2,1,1,1,2,0,0
9603299,0,0,0,0,0,0,0
9908282,0,0,0,0,0,0,0
9608216,0,0,0,0,0,0,0
10023,1,1,0,0,0,1,2
101069,0,0,0,0,0,0,0
2026,0,0,0,0,0,0,0
302220,0,0,0,0,0,0,0
9501352,0,0,0,0,0,0,0
111463,2,2,0,0,0,2,10
9712312,0,0,0,0,0,0,0
7044,0,0,0,0,0,0,0
9306249,0,0,0,0,0,0,0
105032,0,0,0,0,0,0,0
301178,0,0,0,0,0,0,0
112269,0,0,0,0,0,0,0
9508266,0,0,0,0,0,0,0
210025,0,0,0,0,0,0,0
102105,1,1,0,0,0,1,1
9611349,0,0,0,0,0,0,0
9712472,0,0,0,0,0,0,0
210443,0,0,0,0,0,0,0
9503302,0,0,0,0,0,0,0
207062,0,0,0,0,0,0,0
11101,0,0,0,0,0,0,0
104059,0,0,0,0,0,0,0
9908503,0,0,0,0,0,0,0
9903223,0,0,0,0,0,0,0
9609294,0,0,0,0,0,0,0
105201,0,0,0,0,0,0,0
9609505,0,0,0,0,0,0,0
207155,0,0,0,0,0,0,0
112016,2,1,1,1,0,2,3
302168,0,0,0,0,0,0,0
103093,0,0,0,0,0,0,0
104079,0,0,0,0,0,0,0
9612381,0,0,0,0,0,0,0
9910288,0,0,0,0,0,0,0
9411420,0,0,0,0,0,0,0
111008,0,0,0,0,0,0,0
301200,0,0,0,0,0,0,0
9912252,0,0,0,0,0,0,0
108153,1,1,0,0,1,0,0
9503487,0,0,0,0,0,0,0
12054,0,0,0,0,0,0,0
212310,0,0,0,0,0,0,0
201037,0,0,0,0,0,0,0
9407205,0,0,0,0,0,0,0
108169,0,0,0,0,0,0,0
11075,1,1,0,0,1,0,0
210231,0,0,0,0,0,0,0
12302,0,0,0,0,0,0,0
108203,0,0,0,0,0,0,0
206013,0,0,0,0,0,0,0
7331,0,0,0,0,0,0,0
210315,0,0,0,0,0,0,0
9703323,0,0,0,0,0,0,0
6289,0,0,0,0,0,0,0
9802261,0,0,0,0,0,0,0
210230,0,0,0,0,0,0,0
9809533,0,0,0,0,0,0,0
207065,1,1,0,0,1,0,0
9708235,1,1,0,0,1,0,0
107240,0,0,0,0,0,0,0
109273,0,0,0,0,0,0,0
9512209,0,0,0,0,0,0,0
9710535,0,0,0,0,0,0,0
109218,0,0,0,0,0,0,0
9801275,0,0,0,0,0,0,0
9609446,0,0,0,0,0,0,0
9402355,0,0,0,0,0,0,0
9911234,0,0,0,0,0,0,0
9309233,0,0,0,0,0,0,0
211250,0,0,0,0,0,0,0
9901240,0,0,0,0,0,0,0
9901418,2,1,1,1,0,2,3
9905312,81,2,79,664,81,0,0
9908395,24,3,21,100,2,22,258
9502376,13,2,11,34,1,12,30
201023,3,1,2,3,0,3,3
9604223,44,4,40,269,9,35,53
9207267,4,2,2,4,4,0,0
9510376,53,4,49,280,0,53,174
9911266,12,5,7,10,1,11,41
9804235,17,2,15,51,4,13,62
203056,9,6,3,4,0,9,168
9307295,16,5,11,43,1,15,35
9406363,34,2,32,119,10,24,24
9801209,27,3,24,129,27,0,0
9311281,38,4,34,184,6,32,32
9408234,10,5,5,11,3,7,18
9809596,73,5,68,542,1,72,825
9504342,70,3,67,598,62,8,8
9712290,71,1,70,699,71,0,0
9812538,39,3,36,151,0,39,280
9311306,21,6,15,68,8,13,13
9604218,3,1,2,2,1,2,2
9906275,25,3,22,97,0,25,415
9408333,30,2,28,128,10,20,51
9604304,1,1,0,0,0,1,3
9608256,21,4,17,91,5,16,27
9506319,3,2,1,1,0,3,10
9808270,6,3,3,4,0,6,26
9602399,1,1,0,0,1,0,0
9209232,64,6,58,294,64,0,0
9608352,17,4,13,26,2,15,38
9704423,100,3,97,1203,13,87,257
9510363,42,3,39,152,1,41,290
9409313,41,2,39,281,41,0,0
9711402,14,2,12,33,0,14,50
7196,20,5,15,55,0,20,172
9610358,42,4,38,200,0,42,334
9706540,18,5,13,38,0,18,109
2260,4,1,3,4,0,4,53
9503299,7,1,6,12,7,0,0
9703277,20,1,19,52,2,18,32
9806204,9,2,7,23,0,9,20
9806308,41,6,35,153,0,41,402
9908382,8,2,6,12,0,8,43
9404241,9,1,8,15,8,1,1
9712294,3,2,1,1,3,0,0
9907386,4,4,0,0,0,4,8
9401277,29,2,27,118,5,24,24
9805217,52,1,51,503,8,44,53
9212235,58,4,54,511,20,38,75
9602299,44,2,42,302,15,29,32
9706484,3,1,2,3,0,3,3
9410401,13,2,11,27,1,12,12
8099,4,2,2,3,0,4,13
9707426,14,2,12,38,0,14,71
9409362,14,3,11,55,0,14,14
9806317,7,1,6,7,0,7,33
9709360,11,3,8,14,0,11,55
9411332,17,2,15,34,0,17,41
9404343,7,2,5,7,0,7,14
9308262,65,9,56,314,0,65,147
9907391,15,2,13,34,2,13,24
9312306,20,7,13,29,0,20,37
9706265,23,5,18,40,4,19,66
9207218,25,2,23,115,25,0,0
9811291,145,4,141,2017,0,145,890
9611453,14,1,13,45,0,14,63
9708412,9,1,8,17,2,7,7
9906536,12,1,11,31,1,11,52
9907439,2,2,0,0,0,2,5
9904270,9,3,6,12,0,9,43
9503413,5,1,4,10,5,0,0
7043,0,0,0,0,0,0,0
9902274,4,2,2,2,0,4,25
9907512,11,2,9,20,9,2,2
9907523,27,2,25,159,1,26,28
9811382,18,1,17,67,0,18,74
107024,7,3,4,7,0,7,67
9906551,50,4,46,397,1,49,508
9506207,11,4,7,17,0,11,32
9912419,5,3,2,3,0,5,27
105150,31,3,28,102,0,31,313
9504235,18,4,14,48,7,11,21
9702300,5,3,2,3,0,5,30
9410311,39,1,38,167,39,0,0
9710438,25,2,23,132,1,24,24
9711501,8,2,6,17,0,8,58
9802358,9,3,6,12,0,9,35
9707331,10,2,8,25,0,10,43
9704457,27,3,24,100,14,13,20
9912476,6,2,4,13,0,6,37
9606280,30,2,28,143,15,15,15
9810533,8,1,7,24,8,0,0
9910315,9,3,6,9,0,9,35
4220,2,2,0,0,0,2,2
9702433,11,2,9,27,1,10,15
9505238,8,4,4,12,0,8,73
9209289,30,4,26,103,30,0,0
9601383,2,2,0,0,2,0,0
9305214,1,1,0,0,1,0,0
2064,35,3,32,141,8,27,62
9211266,26,4,22,92,26,0,0
9808415,21,3,18,52,1,20,105
10003,31,2,29,116,25,6,6
111059,33,4,29,113,1,32,125
102243,18,1,17,102,0,18,176
5154,13,2,11,33,0,13,80
103054,25,1,24,122,0,25,233
9309218,30,3,27,166,8,22,39
9609300,1,1,0,0,0,1,6
10231,5,3,2,2,1,4,15
104221,9,1,8,14,2,7,14
9602250,6,5,1,1,1,5,50
9903244,8,1,7,16,8,0,0
7362,15,4,11,23,0,15,65
9507382,12,2,10,33,2,10,43
9309276,1,1,0,0,1,0,0
9603304,8,2,6,18,1,7,7
9605285,6,3,3,5,6,0,0
9903298,41,5,36,194,0,41,225
9905415,34,2,32,161,0,34,341
101070,17,2,15,51,0,17,85
9911242,8,2,6,13,0,8,92
206067,18,3,15,34,0,18,372
10031,4,2,2,3,0,4,33
203154,13,1,12,36,0,13,152
9909523,7,1,6,17,0,7,17
9305269,37,3,34,174,37,0,0
104152,3,2,1,1,0,3,34
109121,2,1,1,1,2,0,0
9608251,51,5,46,276,15,36,42
9706494,9,1,8,15,0,9,32
4135,0,0,0,0,0,0,0
4123,5,2,3,5,0,5,11
9603307,27,3,24,161,5,22,32
9412365,4,2,2,2,0,4,14
9906538,17,3,14,51,2,15,45
12219,11,4,7,27,0,11,87
9912230,17,3,14,59,1,16,96
9711450,18,2,16,38,13,5,7
9908337,26,5,21,79,0,26,197
9608433,23,6,17,40,0,23,209
9702385,1,1,0,0,0,1,16
9609298,5,2,3,4,0,5,26
9411413,6,2,4,5,0,6,10
9710352,1,1,0,0,1,0,0
9309330,5,1,4,6,5,0,0
9906230,21,3,18,64,0,21,163
9708382,5,1,4,7,0,5,46
4115,42,8,34,121,0,42,563
9801279,21,2,19,94,0,21,91
6328,5,2,3,3,1,4,4
9712386,2,1,1,1,0,2,3
9410345,36,4,32,166,36,0,0
102257,16,7,9,32,0,16,203
9904468,42,4,38,173,0,42,505
9609360,9,4,5,8,8,1,1
9701275,8,2,6,10,8,0,0
9801369,27,4,23,99,0,27,252
9911286,7,5,2,3,1,6,6
9707276,3,2,1,1,0,3,16
9804353,13,1,12,27,3,10,26
9301244,50,5,45,291,50,0,0
9310367,2,2,0,0,1,1,1
9208249,18,5,13,39,18,0,0
9710356,25,4,21,91,1,24,79
9703424,5,2,3,3,3,2,3
9410292,3,1,2,3,0,3,3
9603450,16,5,11,30,0,16,40
9905292,10,2,8,20,0,10,84
9501245,3,2,1,2,1,2,3
9502252,8,4,4,5,0,8,54
9605379,6,1,5,8,6,0,0
9710401,57,3,54,439,0,57,710
9611462,2,1,1,1,0,2,27
9407217,3,2,1,1,3,0,0
9610293,7,4,3,6,1,6,11
9306322,24,2,22,106,10,14,14
6171,8,3,5,13,0,8,31
9509423,28,10,18,60,28,0,0
105196,10,1,9,33,0,10,46
9602342,8,3,5,13,1,7,18
9905324,2,1,1,1,0,2,12
9503456,3,2,1,2,0,3,22
9510311,10,1,9,24,0,10,102
9082,2,1,1,1,0,2,5
9610301,11,2,9,31,11,0,0
9712428,3,1,2,3,3,0,0
9403293,6,3,3,4,6,0,0
9604266,17,3,14,47,0,17,45
9611286,1,1,0,0,0,1,3
9912492,19,5,14,49,1,18,173
9912448,7,1,6,12,0,7,13
103049,19,2,17,55,0,19,54
9305315,23,4,19,98,23,0,0
110014,4,3,1,2,0,4,24
9501236,4,2,2,2,4,0,0
9702249,5,2,3,5,0,5,8
103068,16,3,13,51,0,16,29
9911522,6,3,3,7,0,6,10
104076,10,2,8,19,0,10,31
1188,5,1,4,6,0,5,14
5274,13,4,9,24,13,0,0
9503464,18,3,15,57,6,12,25
9706326,5,1,4,6,2,3,3
210145,2,2,0,0,0,2,9
112135,5,4,1,1,0,5,29
9612397,18,2,16,59,18,0,0
9610271,3,1,2,2,0,3,23
107117,1,1,0,0,0,1,5
109077,8,4,4,5,0,8,39
9707523,14,3,11,36,1,13,41
9610518,4,3,1,1,0,4,34
7012,17,4,13,43,0,17,95
9505319,13,2,11,50,13,0,0
9705263,10,2,8,16,1,9,19
9311285,15,1,14,34,0,15,15
9805240,2,1,1,1,0,2,5
9508272,11,5,6,19,1,10,80
10017,16,4,12,32,6,10,19
9803289,13,4,9,19,13,0,0
9701247,9,4,5,10,2,7,8
9707319,12,3,9,17,0,12,69
9805461,16,1,15,54,0,16,86
9801345,7,6,1,1,7,0,0
9029,3,1,2,3,0,3,3
9611389,1,1,0,0,0,1,1
9608272,17,6,11,39,0,17,76
10267,16,3,13,51,0,16,173
9802242,8,2,6,8,0,8,55
104134,5,1,4,7,0,5,36
102111,14,3,11,32,0,14,69
3181,4,3,1,1,4,0,0
9706294,33,5,28,124,1,32,90
9301254,12,3,9,35,12,0,0
9805405,13,2,11,16,4,9,9
9507225,10,3,7,17,2,8,10
9712245,7,3,4,5,0,7,59
209263,1,1,0,0,1,0,0
9911341,9,2,7,11,0,9,76
9807498,1,1,0,0,0,1,2
9506280,27,1,26,162,27,0,0
108170,20,3,17,67,0,20,293
9710240,2,1,1,1,0,2,10
9507244,4,2,2,2,0,4,28
9511337,15,2,13,47,15,0,0
9711229,22,4,18,70,3,19,37
9512237,10,5,5,7,4,6,6
9301232,24,4,20,62,0,24,24
9610515,3,2,1,1,0,3,25
301232,0,0,0,0,0,0,0
9903220,22,4,18,63,1,21,66
9403393,1,1,0,0,1,0,0
204050,4,3,1,1,0,4,14
1087,13,4,9,18,0,13,232
9209270,4,2,2,3,4,0,0
103087,15,5,10,23,0,15,104
9406238,6,1,5,13,0,6,21
9505317,11,1,10,26,3,8,16
2091,12,2,10,24,0,12,92
105207,5,2,3,3,0,5,18
101151,13,2,11,44,0,13,102
201176,15,4,11,26,0,15,129
204253,34,4,30,200,7,27,76
9606482,0,0,0,0,0,0,0
109126,2,1,1,1,0,2,11
107113,11,1,10,34,0,11,37
204360,6,2,4,6,0,6,34
204021,3,2,1,1,0,3,8
9701299,3,2,1,1,0,3,9
9508206,7,3,4,7,2,5,5
9208220,7,1,6,12,7,0,0
9809224,2,1,1,1,0,2,12
9501347,3,3,0,0,0,3,6
9610443,1,1,0,0,0,1,2
9908317,53,2,51,414,0,53,551
107199,4,1,3,6,0,4,19
9710389,1,1,0,0,1,0,0
9401307,3,3,0,0,3,0,0
9502258,2,2,0,0,1,1,1
11055,14,3,11,25,0,14,257
9702296,7,2,5,16,0,7,12
9603390,10,1,9,30,6,4,10
9707535,10,5,5,5,0,10,43
202155,6,3,3,3,0,6,73
9506450,4,4,0,0,1,3,8
9412360,4,1,3,3,4,0,0
9210221,9,2,7,9,9,0,0
109008,4,3,1,1,0,4,4
9612219,2,1,1,1,2,0,0
9403371,12,3,9,19,12,0,0
9902368,7,1,6,15,0,7,39
9906545,26,1,25,149,3,23,41
9811316,5,3,2,3,0,5,43
9908352,23,3,20,81,0,23,309
111112,8,2,6,17,0,8,64
9710514,2,1,1,1,2,0,0
9705391,10,2,8,16,0,10,42
203163,1,1,0,0,1,0,0
9608368,6,3,3,6,0,6,32
9705222,6,4,2,2,0,6,39
9810407,1,1,0,0,1,0,0
9705474,20,7,13,37,3,17,75
10016,1,1,0,0,0,1,5
9908449,1,1,0,0,0,1,4
9511326,9,5,4,6,0,9,16
9906495,5,3,2,4,1,4,24
102021,8,1,7,14,0,8,25
9906406,4,2,2,3,2,2,2
101258,4,1,3,4,0,4,19
9606246,4,2,2,3,1,3,3
110405,6,1,5,9,2,4,9
9205243,26,6,20,83,26,0,0
9712303,2,2,0,0,2,0,0
207158,4,2,2,3,4,0,0
9706522,11,3,8,18,1,10,10
9511431,6,1,5,12,0,6,14
9706249,7,1,6,11,1,6,6
9602426,5,1,4,9,0,5,7
9902255,25,4,21,56,0,25,143
9803349,16,6,10,25,1,15,150
9711452,6,1,5,11,6,0,0
9309240,3,2,1,1,3,0,0
9706232,6,3,3,8,1,5,15
9901317,6,1,5,10,0,6,51
9906503,3,2,1,1,1,2,2
9710518,2,1,1,1,0,2,8
102071,17,8,9,18,0,17,66
9608486,5,1,4,6,5,0,0
9801323,2,1,1,1,0,2,3
9905486,6,3,3,6,0,6,34
9605347,6,3,3,3,0,6,26
205001,1,1,0,0,0,1,12
211251,4,3,1,1,0,4,26
9903553,6,1,5,8,3,3,3
9908372,9,1,8,24,0,9,45
10319,4,1,3,4,0,4,6
9704339,18,2,16,60,0,18,121
202177,4,2,2,2,0,4,45
9504332,10,5,5,7,0,10,42
9807508,5,4,1,1,0,5,39
9804339,7,1,6,11,0,7,26
4262,6,2,4,7,0,6,47
2055,0,0,0,0,0,0,0
9802420,9,1,8,16,2,7,7
9810419,3,1,2,2,2,1,2
9908497,8,2,6,14,2,6,8
9812392,4,3,1,1,0,4,18
9601248,7,6,1,1,0,7,13
9912212,7,4,3,3,0,7,33
110096,15,4,11,25,0,15,28
9912337,1,1,0,0,1,0,0
9412345,6,2,4,5,6,0,0
9901314,6,3,3,5,1,5,21
9203216,6,3,3,6,6,0,0
201107,2,1,1,1,0,2,13
203210,3,2,1,2,0,3,26
9701248,24,4,20,75,1,23,27
9612407,0,0,0,0,0,0,0
9503294,8,3,5,6,3,5,5
1203,3,3,0,0,3,0,0
9903341,14,4,10,32,9,5,6
9401281,4,1,3,6,4,0,0
9504208,3,3,0,0,0,3,8
104280,4,2,2,2,1,3,5
9403273,9,6,3,3,0,9,13
102163,7,2,5,16,0,7,48
9508245,3,2,1,1,2,1,1
106330,3,2,1,1,0,3,6
9702260,6,3,3,5,0,6,19
9803458,2,1,1,1,0,2,6
2240,3,2,1,1,0,3,12
12350,6,3,3,4,0,6,20
9907542,6,2,4,11,0,6,9
9512301,4,1,3,5,0,4,8
107231,1,1,0,0,0,1,11
105073,3,2,1,1,0,3,3
7223,16,5,11,29,0,16,82
9408336,8,4,4,7,0,8,13
9212310,7,3,4,4,7,0,0
112121,1,1,0,0,0,1,3
204080,10,3,7,17,0,10,123
9808378,15,1,14,53,2,13,25
9903495,2,2,0,0,0,2,2
9805229,8,3,5,9,0,8,35
9708472,7,2,5,9,1,6,6
9610220,2,2,0,0,1,1,1
9509320,22,3,19,60,5,17,17
210112,0,0,0,0,0,0,0
9410364,12,5,7,28,3,9,13
9401274,2,1,1,1,0,2,6
106044,7,2,5,14,5,2,3
9706336,3,1,2,2,3,0,0
110299,1,1,0,0,0,1,4
6338,8,1,7,10,0,8,15
9703260,0,0,0,0,0,0,0
107142,11,2,9,36,0,11,182
9909267,4,1,3,3,0,4,11
210091,4,2,2,3,0,4,23
9309307,2,2,0,0,2,0,0
9808401,3,2,1,1,0,3,20
9907305,5,1,4,4,0,5,25
9908295,7,2,5,8,0,7,42
9401288,19,2,17,55,19,0,0
210345,0,0,0,0,0,0,0
9801238,5,2,3,4,0,5,37
6197,12,1,11,52,0,12,12
11229,11,4,7,14,1,10,67
10069,4,1,3,6,4,0,0
9510431,15,3,12,24,2,13,13
9906378,2,1,1,1,0,2,17
9412231,10,2,8,15,10,0,0
9911254,6,1,5,15,6,0,0
9806221,4,2,2,4,1,3,3
110284,2,1,1,1,0,2,13
204208,1,1,0,0,0,1,10
9909206,2,2,0,0,0,2,17
9710443,0,0,0,0,0,0,0
10150,8,1,7,21,0,8,106
9803378,5,3,2,3,1,4,11
9910274,3,2,1,1,0,3,24
9805480,1,1,0,0,0,1,4
9303272,2,2,0,0,2,0,0
9505387,8,1,7,23,5,3,3
9211284,14,5,9,22,14,0,0
111188,4,1,3,3,0,4,52
11334,6,3,3,7,0,6,27
9308269,4,1,3,5,2,2,2
107254,5,1,4,7,1,4,21
9704400,1,1,0,0,1,0,0
9505409,16,1,15,35,16,0,0
1320,4,3,1,1,0,4,51
9804349,1,1,0,0,0,1,7
9705409,11,3,8,24,2,9,22
9508354,6,1,5,7,6,0,0
9512212,0,0,0,0,0,0,0
208142,4,2,2,3,0,4,85
9808384,1,1,0,0,0,1,7
9310247,8,7,1,1,8,0,0
9805301,6,1,5,9,1,5,7
6345,5,2,3,4,0,5,34
9504276,5,2,3,3,2,3,3
9810465,2,1,1,1,1,1,1
9609482,4,3,1,1,0,4,16
9405243,2,2,0,0,2,0,0
203123,4,1,3,4,0,4,35
9701369,2,2,0,0,2,0,0
9701235,0,0,0,0,0,0,0
9410346,5,1,4,5,5,0,0
9402258,2,1,1,1,0,2,5
9209277,8,2,6,12,2,6,6
9605329,1,1,0,0,0,1,3
9505394,3,2,1,1,1,2,2
9412239,1,1,0,0,0,1,4
9301263,4,2,2,3,4,0,0
9703241,16,4,12,45,0,16,50
9307233,2,1,1,1,2,0,0
9608481,5,1,4,4,1,4,4
9508342,0,0,0,0,0,0,0
9807524,3,2,1,1,1,2,3
9905368,3,2,1,1,0,3,11
9704295,4,4,0,0,0,4,5
9706376,4,2,2,4,1,3,6
212147,7,1,6,15,1,6,39
9807346,3,2,1,1,0,3,14
203031,5,3,2,2,0,5,37
301062,1,1,0,0,0,1,10
211432,3,2,1,1,0,3,31
9309316,1,1,0,0,1,0,0
4223,10,4,6,8,0,10,66
1115,8,4,4,4,0,8,81
103149,4,3,1,2,1,3,6
9612383,2,1,1,1,0,2,9
9804420,6,2,4,5,3,3,6
9702290,2,2,0,0,2,0,0
9601381,3,2,1,2,3,0,0
10144,2,2,0,0,0,2,10
9909230,1,1,0,0,1,0,0
302164,1,1,0,0,0,1,1
9406334,4,3,1,1,4,0,0
106030,1,1,0,0,0,1,1
9906379,1,1,0,0,1,0,0
9704451,1,1,0,0,0,1,1
9908240,4,2,2,2,0,4,21
9406414,1,1,0,0,1,0,0
9708496,6,2,4,9,1,5,5
9902226,3,2,1,1,0,3,11
9803489,5,3,2,3,0,5,11
9905287,5,4,1,1,0,5,16
9410351,4,1,3,6,4,0,0
9703208,12,1,11,43,12,0,0
9802408,7,3,4,6,0,7,15
207258,0,0,0,0,0,0,0
9509265,2,1,1,1,2,0,0
9702267,1,1,0,0,0,1,5
9607334,0,0,0,0,0,0,0
9804375,8,4,4,9,6,2,2
7207,8,1,7,15,0,8,14
9807222,7,2,5,12,0,7,34
9808278,5,5,0,0,0,5,19
9801307,13,2,11,21,0,13,50
9710495,1,1,0,0,0,1,3
9803273,8,2,6,14,8,0,0
6007,4,2,2,2,0,4,18
208226,5,2,3,4,0,5,26
111147,4,2,2,3,0,4,23
9511347,7,3,4,11,2,5,10
9907483,3,1,2,3,1,2,2
9510318,3,1,2,3,3,0,0
9507230,23,1,22,114,6,17,17
9703350,8,2,6,15,0,8,33
210089,2,1,1,1,0,2,6
9808471,4,2,2,2,1,3,9
9906331,5,3,2,2,0,5,6
12331,1,1,0,0,0,1,5
4111,2,1,1,1,0,2,4
9612478,1,1,0,0,0,1,3
202223,4,1,3,5,0,4,15
9405205,1,1,0,0,1,0,0
9804340,6,4,2,5,4,2,2
9704418,3,1,2,2,3,0,0
9508286,4,2,2,2,2,2,2
107192,2,1,1,1,1,1,1
204327,2,2,0,0,1,1,1
206079,5,3,2,2,0,5,50
209160,1,1,0,0,0,1,8
104001,2,1,1,1,0,2,12
9601319,5,1,4,5,0,5,9
9703355,0,0,0,0,0,0,0
5288,3,1,2,3,1,2,2
9901215,9,3,6,14,2,7,7
102223,1,1,0,0,0,1,10
9605419,0,0,0,0,0,0,0
9407230,1,1,0,0,1,0,0
202111,4,2,2,2,0,4,24
102060,2,1,1,1,0,2,15
9801269,1,1,0,0,0,1,7
9408319,2,1,1,1,2,0,0
209303,2,2,0,0,0,2,20
1148,4,3,1,1,2,2,4
9401296,1,1,0,0,0,1,1
9912344,2,2,0,0,0,2,3
9511309,0,0,0,0,0,0,0
9307210,5,3,2,3,5,0,0
12161,0,0,0,0,0,0,0
9907219,5,1,4,5,1,4,11
9305305,4,3,1,1,4,0,0
9703218,5,3,2,2,0,5,13
9511366,0,0,0,0,0,0,0
9601299,1,1,0,0,0,1,1
10250,1,1,0,0,0,1,4
9905286,2,1,1,1,2,0,0
212340,0,0,0,0,0,0,0
9710544,6,1,5,7,6,0,0
9205241,1,1,0,0,1,0,0
9708315,1,1,0,0,0,1,1
9308290,4,3,1,1,1,3,3
9912520,6,1,5,10,6,0,0
9803296,2,1,1,1,0,2,5
9807550,1,1,0,0,0,1,3
9606271,6,4,2,4,5,1,1
9906463,2,1,1,1,0,2,18
9807265,1,1,0,0,0,1,16
9804311,2,2,0,0,2,0,0
9023,0,0,0,0,0,0,0
9612222,2,2,0,0,2,0,0
205081,0,0,0,0,0,0,0
203149,6,2,4,4,0,6,12
9906460,9,1,8,22,0,9,24
9608209,2,2,0,0,1,1,1
8235,1,1,0,0,0,1,3
9409418,5,1,4,8,0,5,11
9706347,18,4,14,49,7,11,11
9508250,2,2,0,0,0,2,7
9805298,0,0,0,0,0,0,0
9809285,0,0,0,0,0,0,0
4105,3,2,1,1,0,3,13
9304228,1,1,0,0,1,0,0
9710264,1,1,0,0,0,1,2
9701217,0,0,0,0,0,0,0
9608283,1,1,0,0,0,1,3
107280,0,0,0,0,0,0,0
4222,2,1,1,1,0,2,3
9508220,4,2,2,3,0,4,16
207208,0,0,0,0,0,0,0
9405336,8,3,5,6,8,0,0
9708290,5,3,2,2,1,4,4
207302,0,0,0,0,0,0,0
9606240,2,1,1,1,2,0,0
212064,1,1,0,0,0,1,4
9305209,4,4,0,0,4,0,0
109228,1,1,0,0,0,1,5
9705308,0,0,0,0,0,0,0
9907371,2,2,0,0,0,2,15
9807309,1,1,0,0,1,0,0
9906264,1,1,0,0,0,1,2
9902394,1,1,0,0,0,1,1
11003,4,2,2,2,0,4,38
9903350,2,2,0,0,0,2,11
9305329,4,2,2,3,4,0,0
9610336,3,1,2,3,0,3,19
210139,5,3,2,2,0,5,27
9251,5,1,4,7,0,5,16
9910515,3,2,1,1,0,3,8
205251,1,1,0,0,0,1,1
110081,0,0,0,0,0,0,0
9211201,1,1,0,0,1,0,0
9410320,2,1,1,1,1,1,1
9212316,2,2,0,0,2,0,0
7119,11,3,8,14,11,0,0
9606476,1,1,0,0,0,1,3
8133,1,1,0,0,0,1,3
9704405,5,3,2,5,0,5,49
9304270,1,1,0,0,1,0,0
9210210,3,1,2,2,3,0,0
203261,4,4,0,0,0,4,21
206015,5,3,2,4,1,4,16
9903513,7,2,5,5,0,7,44
9810233,2,1,1,1,2,0,0
210278,1,1,0,0,0,1,8
9912517,1,1,0,0,0,1,2
112116,0,0,0,0,0,0,0
102068,5,1,4,6,0,5,14
9302276,0,0,0,0,0,0,0
9809511,0,0,0,0,0,0,0
112022,4,3,1,2,0,4,47
9204232,3,3,0,0,3,0,0
9907368,1,1,0,0,0,1,2
9503305,1,1,0,0,1,0,0
9712336,0,0,0,0,0,0,0
9269,2,2,0,0,1,1,4
9711356,1,1,0,0,1,0,0
9711459,0,0,0,0,0,0,0
9810493,0,0,0,0,0,0,0
9303243,1,1,0,0,1,0,0
104144,2,1,1,1,0,2,20
4249,1,1,0,0,1,0,0
9503462,6,2,4,9,6,0,0
203021,2,1,1,1,0,2,4
9806307,6,2,4,6,0,6,25
110165,1,1,0,0,0,1,4
9710523,1,1,0,0,0,1,1
9302248,9,7,2,2,9,0,0
102100,0,0,0,0,0,0,0
9603357,1,1,0,0,1,0,0
9509376,0,0,0,0,0,0,0
9806411,3,2,1,1,0,3,5
9803362,0,0,0,0,0,0,0
9304268,1,1,0,0,1,0,0
9706380,1,1,0,0,1,0,0
9711508,1,1,0,0,0,1,8
1064,7,1,6,20,0,7,11
9908297,0,0,0,0,0,0,0
11072,2,1,1,1,2,0,0
9809492,0,0,0,0,0,0,0
112347,1,1,0,0,0,1,10
101337,1,1,0,0,0,1,8
9811232,1,1,0,0,1,0,0
9401330,6,6,0,0,6,0,0
9409376,0,0,0,0,0,0,0
101340,2,1,1,1,0,2,5
9706506,0,0,0,0,0,0,0
9701298,1,1,0,0,0,1,10
9812449,10,3,7,13,0,10,66
109081,3,1,2,2,0,3,10
203023,2,1,1,1,0,2,2
9707356,4,2,2,2,0,4,8
9311250,3,1,2,3,0,3,6
9501327,1,1,0,0,1,0,0
10260,5,1,4,6,0,5,5
9807243,0,0,0,0,0,0,0
9511277,0,0,0,0,0,0,0
202172,1,1,0,0,0,1,3
201189,4,1,3,3,0,4,46
9308372,0,0,0,0,0,0,0
112184,7,1,6,11,0,7,51
9609303,0,0,0,0,0,0,0
9708477,2,2,0,0,2,0,0
9504227,0,0,0,0,0,0,0
9808369,1,1,0,0,0,1,6
205014,4,4,0,0,0,4,21
9912219,0,0,0,0,0,0,0
108236,1,1,0,0,0,1,9
9905290,2,2,0,0,2,0,0
12011,0,0,0,0,0,0,0
9810339,1,1,0,0,0,1,4
9909303,0,0,0,0,0,0,0
102320,4,2,2,3,1,3,6
208191,2,2,0,0,0,2,10
9610207,1,1,0,0,0,1,1
9811476,1,1,0,0,0,1,1
9908399,3,3,0,0,0,3,24
104313,0,0,0,0,0,0,0
302173,1,1,0,0,0,1,1
9505214,0,0,0,0,0,0,0
9811436,1,1,0,0,0,1,5
2283,1,1,0,0,1,0,0
9908380,4,4,0,0,0,4,10
9909528,0,0,0,0,0,0,0
9703247,2,1,1,1,2,0,0
1317,0,0,0,0,0,0,0
9711329,3,1,2,2,0,3,6
9702328,0,0,0,0,0,0,0
9805352,3,1,2,2,0,3,5
1054,2,1,1,1,0,2,8
9303266,1,1,0,0,1,0,0
9912298,0,0,0,0,0,0,0
101056,0,0,0,0,0,0,0
204305,1,1,0,0,0,1,4
212348,1,1,0,0,0,1,9
9703222,1,1,0,0,0,1,1
9708461,2,1,1,1,0,2,9
208076,0,0,0,0,0,0,0
205272,2,1,1,1,2,0,0
112341,1,1,0,0,0,1,7
301089,0,0,0,0,0,0,0
106005,1,1,0,0,0,1,1
9312340,1,1,0,0,1,0,0
9808271,1,1,0,0,0,1,1
207276,2,1,1,1,0,2,25
9906410,2,1,1,1,0,2,4
107300,1,1,0,0,0,1,2
104007,0,0,0,0,0,0,0
9611246,0,0,0,0,0,0,0
9409256,1,1,0,0,1,0,0
301018,0,0,0,0,0,0,0
12287,1,1,0,0,1,0,0
204290,7,5,2,4,0,7,77
202017,1,1,0,0,0,1,1
111279,0,0,0,0,0,0,0
9907227,0,0,0,0,0,0,0
11195,2,1,1,1,0,2,2
9806457,1,1,0,0,1,0,0
206220,0,0,0,0,0,0,0
9701315,1,1,0,0,1,0,0
9610516,1,1,0,0,1,0,0
9809255,6,3,3,5,6,0,0
110416,1,1,0,0,0,1,5
9405364,0,0,0,0,0,0,0
12373,0,0,0,0,0,0,0
9508222,0,0,0,0,0,0,0
12353,0,0,0,0,0,0,0
208003,1,1,0,0,0,1,8
302010,0,0,0,0,0,0,0
9809265,1,1,0,0,0,1,3
9706221,0,0,0,0,0,0,0
5059,2,2,0,0,0,2,4
208184,2,2,0,0,0,2,6
4093,0,0,0,0,0,0,0
101283,1,1,0,0,1,0,0
2165,3,2,1,1,0,3,3
9801221,0,0,0,0,0,0,0
9911376,0,0,0,0,0,0,0
9905447,0,0,0,0,0,0,0
9905301,1,1,0,0,0,1,3
9401216,0,0,0,0,0,0,0
210046,1,1,0,0,1,0,0
9308259,2,2,0,0,1,1,1
9906320,1,1,0,0,1,0,0
107027,2,2,0,0,2,0,0
9507375,2,2,0,0,2,0,0
207149,0,0,0,0,0,0,0
205179,0,0,0,0,0,0,0
301072,3,3,0,0,0,3,26
9405331,1,1,0,0,1,0,0
9810290,1,1,0,0,0,1,1
106260,3,2,1,1,0,3,3
9612280,0,0,0,0,0,0,0
9512307,3,3,0,0,3,0,0
9703366,0,0,0,0,0,0,0
7291,2,1,1,1,0,2,18
9812409,0,0,0,0,0,0,0
9612259,1,1,0,0,1,0,0
301148,0,0,0,0,0,0,0
9607333,0,0,0,0,0,0,0
9708411,2,1,1,1,0,2,5
112050,1,1,0,0,1,0,0
9908489,1,1,0,0,0,1,2
4078,1,1,0,0,1,0,0
6062,0,0,0,0,0,0,0
9809507,3,2,1,1,0,3,29
9405251,0,0,0,0,0,0,0
7193,4,1,3,4,1,3,3
109187,0,0,0,0,0,0,0
10220,0,0,0,0,0,0,0
212009,0,0,0,0,0,0,0
7330,2,1,1,1,0,2,14
101137,0,0,0,0,0,0,0
3322,1,1,0,0,0,1,3
205154,0,0,0,0,0,0,0
9802418,3,2,1,1,3,0,0
9412371,1,1,0,0,1,0,0
207143,1,1,0,0,1,0,0
201014,1,1,0,0,0,1,9
109248,0,0,0,0,0,0,0
212245,0,0,0,0,0,0,0
212143,1,1,0,0,0,1,3
111277,0,0,0,0,0,0,0
9805291,2,1,1,1,0,2,9
211177,0,0,0,0,0,0,0
11218,1,1,0,0,0,1,2
9809407,1,1,0,0,1,0,0
5287,1,1,0,0,0,1,3
212157,0,0,0,0,0,0,0
9910318,0,0,0,0,0,0,0
105181,0,0,0,0,0,0,0
9606478,0,0,0,0,0,0,0
9810418,1,1,0,0,0,1,1
4161,1,1,0,0,1,0,0
9805226,0,0,0,0,0,0,0
111384,0,0,0,0,0,0,0
110342,1,1,0,0,0,1,2
9311252,0,0,0,0,0,0,0
9806312,0,0,0,0,0,0,0
202142,1,1,0,0,0,1,7
9807362,1,1,0,0,0,1,2
9608459,0,0,0,0,0,0,0
9707246,0,0,0,0,0,0,0
110231,0,0,0,0,0,0,0
111212,2,1,1,1,0,2,14
301038,0,0,0,0,0,0,0
101071,1,1,0,0,1,0,0
9309271,0,0,0,0,0,0,0
9401301,2,1,1,1,2,0,0
211083,1,1,0,0,1,0,0
9509253,0,0,0,0,0,0,0
7024,2,2,0,0,2,0,0
9712450,0,0,0,0,0,0,0
9904229,1,1,0,0,0,1,5
9506306,1,1,0,0,0,1,3
9805328,0,0,0,0,0,0,0
212317,0,0,0,0,0,0,0
9806445,0,0,0,0,0,0,0
9507400,0,0,0,0,0,0,0
201177,1,1,0,0,0,1,1
9507402,0,0,0,0,0,0,0
9712489,0,0,0,0,0,0,0
301030,0,0,0,0,0,0,0
301186,0,0,0,0,0,0,0
208138,0,0,0,0,0,0,0
301124,0,0,0,0,0,0,0
9602293,0,0,0,0,0,0,0
9809221,0,0,0,0,0,0,0
5165,1,1,0,0,1,0,0
9912466,0,0,0,0,0,0,0
9610382,0,0,0,0,0,0,0
9602388,0,0,0,0,0,0,0
9905476,0,0,0,0,0,0,0
9912553,0,0,0,0,0,0,0
9207259,1,1,0,0,1,0,0
9311276,1,1,0,0,1,0,0
9912422,0,0,0,0,0,0,0
9606285,0,0,0,0,0,0,0
8218,0,0,0,0,0,0,0
9804315,0,0,0,0,0,0,0
201095,1,1,0,0,0,1,3
211425,0,0,0,0,0,0,0
9811242,1,1,0,0,1,0,0
201267,0,0,0,0,0,0,0
9410386,1,1,0,0,1,0,0
9706308,1,1,0,0,0,1,1
109290,0,0,0,0,0,0,0
105038,0,0,0,0,0,0,0
212313,0,0,0,0,0,0,0
9409383,0,0,0,0,0,0,0
105223,0,0,0,0,0,0,0
1262,0,0,0,0,0,0,0
9906219,0,0,0,0,0,0,0
206243,1,1,0,0,0,1,4
10324,1,1,0,0,0,1,4
9711482,1,1,0,0,1,0,0
103171,4,3,1,1,0,4,10
9912224,1,1,0,0,0,1,2
9602428,0,0,0,0,0,0,0
9608271,1,1,0,0,1,0,0
9505342,0,0,0,0,0,0,0
9901336,0,0,0,0,0,0,0
111062,0,0,0,0,0,0,0
9905559,0,0,0,0,0,0,0
9312328,3,2,1,2,3,0,0
9910513,0,0,0,0,0,0,0
208152,3,2,1,1,0,3,21
9162,0,0,0,0,0,0,0
9402361,2,2,0,0,2,0,0
9807330,1,1,0,0,1,0,0
9609455,0,0,0,0,0,0,0
212097,2,1,1,1,0,2,26
9801288,0,0,0,0,0,0,0
201048,2,2,0,0,0,2,3
207294,2,2,0,0,0,2,2
9309300,0,0,0,0,0,0,0
9309320,1,1,0,0,1,0,0
301272,0,0,0,0,0,0,0
9607340,1,1,0,0,1,0,0
301153,0,0,0,0,0,0,0
9412378,1,1,0,0,1,0,0
211424,0,0,0,0,0,0,0
101156,1,1,0,0,1,0,0
9312203,2,2,0,0,2,0,0
9905209,1,1,0,0,1,0,0
109040,0,0,0,0,0,0,0
206089,0,0,0,0,0,0,0
9507351,0,0,0,0,0,0,0
9808395,0,0,0,0,0,0,0
111110,2,1,1,1,2,0,0
9906528,1,1,0,0,0,1,1
1193,2,2,0,0,2,0,0
9906477,0,0,0,0,0,0,0
301221,0,0,0,0,0,0,0
9508331,0,0,0,0,0,0,0
211397,0,0,0,0,0,0,0
209044,1,1,0,0,0,1,2
9808222,1,1,0,0,0,1,5
202005,0,0,0,0,0,0,0
9509202,1,1,0,0,1,0,0
205187,2,2,0,0,0,2,15
301197,0,0,0,0,0,0,0
111275,3,1,2,2,0,3,5
212067,0,0,0,0,0,0,0
204160,0,0,0,0,0,0,0
9803442,3,3,0,0,0,3,9
9118,0,0,0,0,0,0,0
206236,1,1,0,0,0,1,1
9706458,0,0,0,0,0,0,0
9094,0,0,0,0,0,0,0
210005,0,0,0,0,0,0,0
9610416,0,0,0,0,0,0,0
9805462,0,0,0,0,0,0,0
9811403,1,1,0,0,0,1,1
4036,0,0,0,0,0,0,0
208232,0,0,0,0,0,0,0
209218,0,0,0,0,0,0,0
6224,0,0,0,0,0,0,0
9401295,1,1,0,0,1,0,0
9310362,0,0,0,0,0,0,0
9611270,2,2,0,0,1,1,1
209298,0,0,0,0,0,0,0
9902213,0,0,0,0,0,0,0
12159,0,0,0,0,0,0,0
112342,0,0,0,0,0,0,0
211151,0,0,0,0,0,0,0
9808363,0,0,0,0,0,0,0
9123,0,0,0,0,0,0,0
210040,0,0,0,0,0,0,0
210087,0,0,0,0,0,0,0
1198,0,0,0,0,0,0,0
3245,1,1,0,0,0,1,11
9812466,0,0,0,0,0,0,0
9408327,0,0,0,0,0,0,0
103232,0,0,0,0,0,0,0
9707315,1,1,0,0,0,1,4
301203,0,0,0,0,0,0,0
9808208,1,1,0,0,0,1,2
9905429,4,3,1,1,4,0,0
9905373,1,1,0,0,0,1,2
208104,0,0,0,0,0,0,0
211372,0,0,0,0,0,0,0
109089,0,0,0,0,0,0,0
212118,0,0,0,0,0,0,0
12132,0,0,0,0,0,0,0
1089,0,0,0,0,0,0,0
212224,0,0,0,0,0,0,0
9812226,1,1,0,0,0,1,1
9611405,0,0,0,0,0,0,0
9504329,0,0,0,0,0,0,0
211302,0,0,0,0,0,0,0
206265,0,0,0,0,0,0,0
103298,0,0,0,0,0,0,0
9409305,0,0,0,0,0,0,0
9701383,0,0,0,0,0,0,0
9504401,0,0,0,0,0,0,0
9409363,0,0,0,0,0,0,0
9811385,0,0,0,0,0,0,0
9912349,0,0,0,0,0,0,0
10085,1,1,0,0,1,0,0
5312,0,0,0,0,0,0,0
110006,2,1,1,1,0,2,5
9712206,0,0,0,0,0,0,0
9512249,0,0,0,0,0,0,0
9405402,0,0,0,0,0,0,0
9912433,0,0,0,0,0,0,0
2025,0,0,0,0,0,0,0
9901449,1,1,0,0,1,0,0
101072,0,0,0,0,0,0,0
7282,0,0,0,0,0,0,0
205164,0,0,0,0,0,0,0
12093,0,0,0,0,0,0,0
9511274,0,0,0,0,0,0,0
9511247,0,0,0,0,0,0,0
9708338,0,0,0,0,0,0,0
9502203,0,0,0,0,0,0,0
105127,0,0,0,0,0,0,0
9903266,0,0,0,0,0,0,0
301246,0,0,0,0,0,0,0
111259,0,0,0,0,0,0,0
9606204,0,0,0,0,0,0,0
9307227,0,0,0,0,0,0,0
9604307,0,0,0,0,0,0,0
11294,0,0,0,0,0,0,0
9906351,0,0,0,0,0,0,0
9712449,0,0,0,0,0,0,0
2247,0,0,0,0,0,0,0
9507217,0,0,0,0,0,0,0
9507405,0,0,0,0,0,0,0
211203,0,0,0,0,0,0,0
9510298,1,1,0,0,1,0,0
9605373,1,1,0,0,1,0,0
111119,0,0,0,0,0,0,0
9712274,0,0,0,0,0,0,0
9708340,0,0,0,0,0,0,0
9901435,0,0,0,0,0,0,0
9906350,0,0,0,0,0,0,0
9511303,0,0,0,0,0,0,0
9411216,0,0,0,0,0,0,0
9404351,1,1,0,0,1,0,0
207089,0,0,0,0,0,0,0
9805359,0,0,0,0,0,0,0
9907546,0,0,0,0,0,0,0
9503250,0,0,0,0,0,0,0
9608316,0,0,0,0,0,0,0
9601263,1,1,0,0,1,0,0
9506429,0,0,0,0,0,0,0
111219,0,0,0,0,0,0,0
210156,0,0,0,0,0,0,0
9911280,19,2,17,75,6,13,13
9910291,19,1,18,70,0,19,47
8298,5,4,1,1,3,2,2
9505429,7,2,5,11,3,4,7
201249,7,2,5,12,2,5,5
9605345,18,2,16,72,0,18,29
9303263,13,1,12,25,13,0,0
9602221,49,5,44,238,0,49,227
9912343,5,2,3,5,0,5,25
9807423,66,1,65,562,0,66,440
9508343,97,4,93,1048,20,77,239
9308258,2,1,1,1,0,2,4
9409303,9,3,6,10,9,0,0
9503434,4,2,2,2,0,4,8
9409324,10,3,7,23,3,7,7
9408304,13,7,6,14,2,11,17
9811379,48,7,41,176,0,48,290
9505275,64,4,60,472,1,63,133
9806375,11,3,8,26,0,11,53
9901228,55,3,52,306,1,54,607
9505359,50,3,47,258,42,8,8
9807361,17,2,15,92,17,0,0
9906525,21,1,20,121,0,21,110
9601337,20,2,18,41,3,17,21
9606460,21,2,19,55,1,20,20
9706385,12,3,9,33,0,12,33
9507238,13,3,10,27,0,13,69
9310363,11,1,10,29,11,0,0
9503214,16,3,13,23,0,16,52
9303274,34,10,24,83,34,0,0
9701283,20,2,18,59,1,19,62
9408404,87,4,83,927,25,62,62
9511462,8,5,3,3,0,8,57
9902256,20,4,16,42,1,19,44
9801326,33,1,32,194,7,26,81
10111,2,1,1,1,0,2,23
9611229,16,3,13,41,0,16,67
9706554,21,5,16,55,0,21,159
3119,24,3,21,78,0,24,275
9708326,13,2,11,38,3,10,12
9703290,34,6,28,108,0,34,367
9908232,16,3,13,52,0,16,141
9308349,85,3,82,901,73,12,12
9810475,10,2,8,18,6,4,4
9312348,2,1,1,1,2,0,0
9912270,4,1,3,3,4,0,0
9908229,23,4,19,48,1,22,84
9410280,49,6,43,234,6,43,89
9805471,50,2,48,477,1,49,104
9212248,27,4,23,151,2,25,43
9707409,79,1,78,900,39,40,55
9903205,2,2,0,0,1,1,1
9504295,15,3,12,36,0,15,22
3028,9,2,7,21,0,9,14
9806342,11,3,8,22,0,11,56
9703314,9,3,6,8,0,9,35
9909572,4,3,1,1,0,4,10
9802359,3,2,1,2,0,3,19
9503276,22,4,18,51,3,19,27
9507233,0,0,0,0,0,0,0
9311325,63,10,53,216,2,61,111
9907501,4,1,3,4,0,4,9
9503404,24,4,20,87,0,24,171
9307260,6,3,3,7,6,0,0
9306290,37,3,34,217,15,22,22
9811337,138,5,133,1752,0,138,632
9706467,14,5,9,24,0,14,96
9712280,7,2,5,7,0,7,12
9907267,14,3,11,30,0,14,109
101103,12,6,6,7,0,12,118
9905239,30,5,25,91,0,30,242
9506399,11,2,9,26,5,6,7
3141,5,3,2,3,0,5,53
9904315,11,5,6,10,0,11,47
9912439,18,2,16,71,6,12,17
9908523,34,3,31,205,0,34,320
9806404,17,5,12,25,1,16,17
108175,6,4,2,2,0,6,77
9908212,27,2,25,105,0,27,192
9811227,26,2,24,137,0,26,123
110285,0,0,0,0,0,0,0
107265,26,2,24,70,0,26,180
9508211,15,2,13,37,5,10,15
9612463,20,4,16,61,0,20,46
9502317,31,1,30,100,1,30,67
9506222,12,4,8,15,0,12,46
9801280,3,1,2,3,0,3,19
9804214,12,2,10,16,0,12,54
9410262,14,1,13,44,14,0,0
9707511,8,4,4,5,2,6,16
9912516,32,3,29,120,1,31,122
9606337,125,2,123,1577,1,124,551
9906345,4,2,2,4,0,4,29
9903264,0,0,0,0,0,0,0
10196,1,1,0,0,0,1,1
9506400,0,0,0,0,0,0,0
9412249,12,3,9,25,1,11,11
9612293,4,1,3,6,0,4,30
9511363,23,5,18,92,4,19,24
103065,27,4,23,93,0,27,217
2147,12,4,8,21,1,11,14
9305262,23,4,19,69,23,0,0
9902238,9,2,7,18,0,9,105
102098,45,6,39,220,2,43,324
9708227,40,9,31,178,0,40,216
102255,27,2,25,177,0,27,270
10244,5,2,3,5,0,5,27
103067,55,4,51,330,0,55,557
9502399,16,2,14,54,2,14,31
104034,25,4,21,61,1,24,249
9904399,18,1,17,67,14,4,4
105080,6,1,5,7,0,6,28
9309293,43,14,29,117,10,33,86
101133,9,3,6,9,0,9,63
9810241,15,3,12,41,0,15,23
9508241,12,2,10,33,2,10,59
9503374,3,2,1,2,3,0,0
9612398,45,2,43,218,2,43,106
9612449,21,2,19,44,1,20,20
9903319,12,3,9,17,0,12,48
9905577,3,2,1,1,0,3,42
103032,40,6,34,162,0,40,586
212315,0,0,0,0,0,0,0
102033,15,3,12,33,0,15,17
209295,3,1,2,2,0,3,39
204218,13,5,8,15,0,13,159
9911262,43,2,41,276,1,42,92
9702436,4,3,1,1,0,4,14
106165,2,2,0,0,0,2,17
3306,8,6,2,2,0,8,135
9904283,29,3,26,82,1,28,148
108104,10,3,7,18,0,10,60
9304226,1,1,0,0,1,0,0
2053,9,3,6,20,3,6,15
9607401,39,2,37,284,18,21,30
9910205,14,2,12,37,0,14,71
9411362,0,0,0,0,0,0,0
101276,8,2,6,17,0,8,65
108024,5,1,4,7,0,5,28
9805438,16,2,14,40,12,4,4
9907209,3,2,1,1,0,3,43
9611218,71,6,65,353,0,71,411
9411372,31,4,27,130,19,12,23
9610463,3,3,0,0,0,3,25
9405429,6,2,4,9,6,0,0
9302211,2,1,1,1,2,0,0
9508369,2,2,0,0,0,2,7
9908385,20,2,18,75,0,20,82
9709330,8,3,5,8,1,7,52
2264,7,1,6,8,1,6,33
9901252,13,4,9,31,0,13,60
9710431,42,3,39,250,42,0,0
9811208,3,2,1,2,0,3,6
9507218,15,3,12,40,15,0,0
104259,10,1,9,25,0,10,106
9808463,32,3,29,161,0,32,153
9503479,6,3,3,4,2,4,15
9702274,27,5,22,59,22,5,5
9804284,23,2,21,90,0,23,181
105172,1,1,0,0,0,1,3
9712473,6,2,4,10,0,6,53
9811247,3,1,2,2,0,3,15
9311274,33,3,30,148,33,0,0
9207249,5,2,3,5,5,0,0
202105,13,5,8,14,0,13,63
9703445,19,3,16,48,9,10,18
9802307,4,3,1,1,1,3,3
9501289,3,1,2,3,0,3,3
9712301,0,0,0,0,0,0,0
9501382,14,1,13,55,14,0,0
9506282,3,3,0,0,0,3,13
4215,10,10,0,0,0,10,44
9606202,5,3,2,3,0,5,5
9605266,43,1,42,327,1,42,172
9612212,12,2,10,43,0,12,97
9504230,10,2,8,23,5,5,5
9804365,3,1,2,2,0,3,9
9409243,29,3,26,139,6,23,32
9305204,17,2,15,56,17,0,0
9907408,16,1,15,39,0,16,29
9605301,10,1,9,36,10,0,0
9702298,5,1,4,5,0,5,11
9802446,1,1,0,0,0,1,2
9808377,25,1,24,161,0,25,65
9512434,12,4,8,30,0,12,121
9807320,6,2,4,6,6,0,0
9806450,5,3,2,4,0,5,10
9805314,2,1,1,1,0,2,2
9703252,3,2,1,1,0,3,3
9604298,15,6,9,13,1,14,81
9405334,1,1,0,0,1,0,0
108159,0,0,0,0,0,0,0
9912483,7,5,2,2,2,5,11
12362,10,2,8,23,0,10,33
9506405,2,1,1,1,0,2,8
7055,8,2,6,10,0,8,30
9512437,5,3,2,2,2,3,5
9705429,37,5,32,189,22,15,27
10354,31,2,29,164,12,19,19
9403235,5,3,2,3,5,0,0
107153,0,0,0,0,0,0,0
3258,26,3,23,80,0,26,168
9806366,10,5,5,5,1,9,16
9303308,7,3,4,12,3,4,4
205296,1,1,0,0,0,1,3
6250,21,2,19,85,0,21,58
9602322,10,1,9,11,0,10,26
9708495,8,1,7,14,0,8,18
9703374,1,1,0,0,0,1,5
9207273,13,1,12,34,13,0,0
111140,5,4,1,1,0,5,31
9708300,12,1,11,25,0,12,42
9311337,11,2,9,41,0,11,31
7245,4,4,0,0,0,4,32
9509327,55,2,53,455,17,38,62
9804310,8,2,6,10,0,8,41
9312237,14,4,10,16,0,14,14
9307317,11,2,9,20,11,0,0
9602218,13,4,9,13,0,13,87
10012,3,1,2,2,0,3,3
9803419,9,3,6,13,4,5,13
9705384,5,2,3,3,0,5,7
9709425,5,1,4,4,1,4,7
11266,6,1,5,9,0,6,6
7082,10,3,7,11,0,10,42
12002,4,1,3,5,0,4,19
9607261,1,1,0,0,1,0,0
9305201,4,2,2,3,4,0,0
104162,13,2,11,30,0,13,185
9806461,4,2,2,3,0,4,22
204145,4,1,3,3,0,4,35
105071,27,5,22,84,0,27,149
11259,0,0,0,0,0,0,0
9310326,14,3,11,37,14,0,0
9304311,11,3,8,32,11,0,0
9906366,15,2,13,39,0,15,102
9610533,4,1,3,4,0,4,7
9712249,11,4,7,9,0,11,65
202145,3,2,1,1,1,2,8
103004,0,0,0,0,0,0,0
9604311,4,2,2,3,4,0,0
9507403,18,1,17,87,2,16,16
9508204,33,5,28,114,3,30,61
9909475,2,2,0,0,1,1,7
9609486,1,1,0,0,0,1,9
9603247,21,1,20,89,1,20,34
9802404,8,2,6,8,0,8,21
9603213,6,4,2,2,1,5,8
9302201,17,2,15,46,0,17,17
9611259,4,4,0,0,0,4,61
9305277,11,1,10,37,11,0,0
9910445,2,1,1,1,0,2,17
9908436,0,0,0,0,0,0,0
205032,3,1,2,2,0,3,12
9810267,6,2,4,11,0,6,40
9209287,9,4,5,11,9,0,0
112126,5,3,2,3,0,5,54
9503388,7,2,5,16,0,7,75
9410337,11,4,7,21,0,11,20
9808426,41,1,40,173,0,41,140
110123,3,2,1,1,0,3,14
101307,17,2,15,51,0,17,39
201291,12,2,10,19,0,12,148
204286,30,2,28,160,0,30,93
103230,5,3,2,3,5,0,0
1044,2,1,1,1,0,2,8
110173,12,3,9,33,0,12,40
206258,2,2,0,0,0,2,32
201224,21,5,16,80,21,0,0
9712551,19,6,13,27,0,19,88
9911237,23,2,21,93,2,21,54
9308276,28,2,26,101,22,6,6
9403223,19,1,18,86,19,0,0
205011,3,1,2,2,0,3,5
9710377,1,1,0,0,0,1,1
7192,37,7,30,165,1,36,153
9612328,16,1,15,41,0,16,40
9308352,1,1,0,0,1,0,0
9308327,8,2,6,17,8,0,0
9509322,3,2,1,1,3,0,0
3111,5,2,3,4,0,5,88
9808375,6,3,3,6,0,6,39
9606466,6,2,4,9,0,6,30
9708455,8,3,5,10,0,8,8
9908327,4,1,3,5,1,3,11
9511207,2,2,0,0,0,2,5
9707216,1,1,0,0,1,0,0
9411339,1,1,0,0,0,1,8
206201,2,2,0,0,1,1,1
9708252,2,1,1,1,0,2,6
9609353,2,1,1,1,0,2,4
9903371,6,1,5,13,0,6,19
9910278,22,1,21,140,1,21,67
9806346,4,1,3,4,0,4,66
9909318,13,2,11,18,0,13,95
112014,4,2,2,2,0,4,10
9803411,1,1,0,0,0,1,1
9610479,9,4,5,14,2,7,7
9709423,1,1,0,0,0,1,10
9701352,1,1,0,0,1,0,0
9803272,8,3,5,8,6,2,2
9809553,1,1,0,0,0,1,3
9808263,7,2,5,12,1,6,23
9508311,5,4,1,1,5,0,0
9906480,3,3,0,0,0,3,39
9610485,5,4,1,1,1,4,10
9909305,12,4,8,22,1,11,57
9294,10,1,9,21,0,10,30
3030,6,1,5,10,0,6,37
105192,4,2,2,3,0,4,18
9610450,3,2,1,1,1,2,5
9608384,6,2,4,9,2,4,6
9302274,7,2,5,18,0,7,7
9412298,1,1,0,0,1,0,0
209109,4,2,2,3,0,4,4
9708243,6,3,3,5,6,0,0
111431,0,0,0,0,0,0,0
8319,3,2,1,1,0,3,15
9604321,9,3,6,10,3,6,7
103304,2,2,0,0,0,2,5
9406406,8,1,7,16,0,8,57
9706513,2,2,0,0,0,2,4
9608404,6,1,5,9,1,5,10
9706538,3,1,2,2,0,3,6
9903249,6,2,4,7,0,6,30
9602335,4,3,1,2,0,4,14
9711423,2,1,1,1,0,2,11
106206,4,1,3,4,0,4,32
9708458,1,1,0,0,0,1,1
9601230,13,1,12,35,0,13,22
10325,11,5,6,9,0,11,181
9902475,8,3,5,9,0,8,72
6051,2,1,1,1,0,2,12
107001,20,1,19,105,0,20,38
9905317,6,2,4,6,6,0,0
10252,2,2,0,0,0,2,16
9604418,2,1,1,1,0,2,4
2232,0,0,0,0,0,0,0
208043,2,2,0,0,0,2,37
9311320,10,6,4,9,6,4,8
9808290,7,3,4,5,0,7,49
204243,1,1,0,0,0,1,5
9810336,15,3,12,48,0,15,48
9801234,3,2,1,1,0,3,13
9802436,6,2,4,6,0,6,11
9711218,4,2,2,3,4,0,0
110034,13,5,8,25,0,13,47
9904321,5,3,2,2,0,5,41
9709325,6,2,4,11,0,6,15
9912313,6,4,2,2,1,5,19
208241,4,2,2,2,0,4,18
9604265,1,1,0,0,0,1,3
9610528,2,2,0,0,2,0,0
9901416,6,1,5,9,2,4,5
9403331,10,3,7,15,2,8,8
9805467,7,3,4,8,0,7,7
9702342,5,1,4,10,2,3,6
9701266,15,4,11,34,1,14,14
9604245,2,2,0,0,2,0,0
9510329,5,4,1,1,0,5,13
9902207,2,2,0,0,2,0,0
9707465,4,3,1,1,4,0,0
9603348,8,2,6,8,0,8,20
9509226,3,1,2,2,0,3,8
101134,2,1,1,1,0,2,2
110220,0,0,0,0,0,0,0
103008,5,2,3,6,0,5,48
5199,1,1,0,0,0,1,2
107301,1,1,0,0,0,1,4
9703221,24,6,18,52,0,24,94
9809333,1,1,0,0,0,1,4
9912340,2,2,0,0,1,1,14
105067,4,2,2,2,1,3,6
9804247,1,1,0,0,0,1,2
208163,5,2,3,6,0,5,58
112297,5,2,3,3,0,5,49
9905404,5,5,0,0,2,3,3
1075,12,3,9,22,0,12,17
9605272,1,1,0,0,0,1,6
9303227,6,4,2,2,0,6,9
204291,0,0,0,0,0,0,0
206307,6,2,4,8,0,6,54
9812398,7,1,6,17,0,7,9
9907491,18,6,12,24,0,18,103
9908409,9,6,3,3,0,9,26
9404237,11,2,9,22,11,0,0
6206,2,1,1,1,0,2,10
9611412,6,2,4,6,0,6,14
4065,4,2,2,2,0,4,6
9406324,3,3,0,0,1,2,3
9403315,1,1,0,0,0,1,3
106098,5,2,3,5,0,5,5
9707373,5,2,3,6,0,5,6
105226,0,0,0,0,0,0,0
7004,7,4,3,3,0,7,18
9512337,2,2,0,0,0,2,6
107256,9,2,7,13,0,9,169
9703326,3,3,0,0,0,3,36
204166,12,1,11,32,0,12,148
9401304,1,1,0,0,1,0,0
9903333,4,3,1,2,0,4,75
9909378,1,1,0,0,0,1,10
9903504,2,1,1,1,0,2,25
9409438,3,2,1,1,0,3,8
9807378,3,2,1,1,3,0,0
9607286,8,3,5,10,0,8,36
10352,10,1,9,33,0,10,65
103271,9,2,7,20,0,9,49
10141,3,1,2,3,0,3,7
9607276,4,1,3,4,0,4,4
9910296,5,3,2,3,0,5,70
203053,2,2,0,0,0,2,15
9807237,1,1,0,0,1,0,0
9908424,4,3,1,2,4,0,0
110078,5,4,1,1,0,5,10
210428,2,1,1,1,0,2,20
9908305,1,1,0,0,0,1,4
9503407,1,1,0,0,1,0,0
11314,18,3,15,49,0,18,172
9701254,0,0,0,0,0,0,0
9907202,1,1,0,0,0,1,12
9305276,36,3,33,196,36,0,0
9712286,2,2,0,0,2,0,0
9508262,8,1,7,19,2,6,6
9212301,25,3,22,80,25,0,0
111382,3,3,0,0,0,3,36
9508205,0,0,0,0,0,0,0
9308358,3,1,2,2,0,3,3
9803385,2,2,0,0,1,1,1
9705400,4,3,1,1,0,4,4
9511260,15,3,12,20,0,15,28
9910346,3,1,2,2,0,3,75
9602423,8,4,4,4,0,8,123
9805246,0,0,0,0,0,0,0
9712492,9,2,7,11,0,9,20
9310341,4,4,0,0,4,0,0
9701392,6,1,5,6,0,6,23
9812363,14,2,12,33,3,11,23
9809249,15,5,10,44,0,15,53
9706404,3,1,2,3,0,3,3
9707410,1,1,0,0,0,1,2
9609430,2,2,0,0,0,2,56
9912216,6,4,2,3,3,3,3
9711385,3,2,1,1,0,3,18
110069,4,1,3,3,0,4,9
9706227,4,2,2,2,3,1,1
9711295,4,4,0,0,4,0,0
9410214,1,1,0,0,1,0,0
208230,0,0,0,0,0,0,0
9709392,3,3,0,0,0,3,45
9905457,0,0,0,0,0,0,0
9503452,2,1,1,1,0,2,2
9704425,0,0,0,0,0,0,0
9503485,1,1,0,0,0,1,8
9803488,15,3,12,30,2,13,17
9706328,2,1,1,1,0,2,9
9907245,9,3,6,16,1,8,24
9505230,2,1,1,1,0,2,3
9911386,0,0,0,0,0,0,0
9905243,1,1,0,0,0,1,2
9612456,7,2,5,11,0,7,7
9909524,1,1,0,0,0,1,4
301143,1,1,0,0,0,1,11
102129,1,1,0,0,1,0,0
9506469,3,2,1,1,0,3,8
12030,11,3,8,28,0,11,83
302102,1,1,0,0,0,1,11
210323,5,4,1,2,0,5,131
9405405,2,2,0,0,2,0,0
1322,5,2,3,8,0,5,79
9807402,3,2,1,1,0,3,3
9803462,10,5,5,6,2,8,11
9809237,2,1,1,1,0,2,6
9805288,6,2,4,5,2,4,6
5171,0,0,0,0,0,0,0
9703364,3,2,1,2,0,3,3
9807308,4,3,1,1,0,4,32
9605368,0,0,0,0,0,0,0
208215,2,1,1,1,2,0,0
9409261,2,1,1,1,2,0,0
12107,2,1,1,1,1,1,3
9901366,0,0,0,0,0,0,0
9601361,5,1,4,5,1,4,8
9711367,0,0,0,0,0,0,0
8197,0,0,0,0,0,0,0
9806455,11,2,9,26,0,11,17
9609395,2,1,1,1,0,2,8
9505335,12,6,6,14,4,8,8
212280,0,0,0,0,0,0,0
9801205,3,1,2,3,0,3,3
9703268,13,1,12,51,0,13,31
9702369,0,0,0,0,0,0,0
109278,1,1,0,0,1,0,0
9608363,2,2,0,0,0,2,3
9607208,1,1,0,0,0,1,2
9604397,1,1,0,0,1,0,0
9803216,6,2,4,6,3,3,3
4186,5,1,4,10,0,5,10
206168,0,0,0,0,0,0,0
9306291,5,5,0,0,5,0,0
9505234,3,1,2,2,0,3,14
9503337,3,2,1,1,3,0,0
9308313,2,1,1,1,0,2,4
9905501,4,2,2,3,0,4,4
212023,6,1,5,9,0,6,34
9910330,1,1,0,0,0,1,2
9901293,2,1,1,1,1,1,1
9503468,1,1,0,0,1,0,0
209302,2,1,1,1,0,2,13
9811298,6,2,4,8,0,6,33
9602439,10,1,9,24,0,10,26
205051,1,1,0,0,0,1,4
9904377,2,1,1,1,0,2,6
9910499,2,2,0,0,0,2,4
9810262,0,0,0,0,0,0,0
103180,0,0,0,0,0,0,0
102248,3,1,2,3,0,3,7
207095,0,0,0,0,0,0,0
9407259,0,0,0,0,0,0,0
9804341,7,5,2,7,7,0,0
9707419,3,1,2,2,3,0,0
9606406,3,3,0,0,0,3,8
204264,1,1,0,0,0,1,1
9709352,5,3,2,2,5,0,0
9807472,20,3,17,95,3,17,78
209256,3,2,1,1,0,3,34
105152,1,1,0,0,0,1,4
9602240,3,3,0,0,0,3,10
9601297,8,2,6,13,4,4,6
9904429,4,1,3,4,4,0,0
9706431,1,1,0,0,0,1,2
107187,4,1,3,4,0,4,55
9605306,1,1,0,0,0,1,3
9604329,2,1,1,1,2,0,0
8006,5,1,4,6,0,5,64
101334,4,2,2,3,0,4,39
9801230,3,2,1,1,0,3,23
9407357,1,1,0,0,1,0,0
210125,2,2,0,0,0,2,17
9711422,8,2,6,13,8,0,0
9307318,1,1,0,0,1,0,0
9509381,1,1,0,0,1,0,0
210305,1,1,0,0,0,1,9
9612323,7,1,6,12,7,0,0
9909479,5,4,1,1,5,0,0
9910411,3,2,1,1,0,3,12
9805216,4,3,1,2,3,1,1
9907276,1,1,0,0,0,1,3
209081,0,0,0,0,0,0,0
9607429,2,1,1,1,1,1,1
9708201,0,0,0,0,0,0,0
9906416,1,1,0,0,1,0,0
206112,1,1,0,0,1,0,0
9506474,2,1,1,1,2,0,0
9609262,0,0,0,0,0,0,0
212370,0,0,0,0,0,0,0
9302313,7,3,4,10,7,0,0
9911235,2,2,0,0,0,2,12
9701287,0,0,0,0,0,0,0
9812376,1,1,0,0,0,1,1
9611302,6,3,3,6,6,0,0
9148,1,1,0,0,0,1,3
9908474,0,0,0,0,0,0,0
9809459,1,1,0,0,1,0,0
9612393,2,1,1,1,0,2,2
9706374,3,3,0,0,0,3,29
9801376,2,2,0,0,0,2,17
9610355,2,1,1,1,2,0,0
9909341,3,1,2,2,0,3,14
9609493,1,1,0,0,1,0,0
9711207,2,2,0,0,2,0,0
9701293,3,1,2,2,0,3,11
9710539,14,1,13,43,4,10,10
9501389,0,0,0,0,0,0,0
9804394,3,2,1,1,0,3,11
9805423,4,3,1,1,0,4,14
5285,4,3,1,1,0,4,4
9503331,1,1,0,0,0,1,1
9806389,1,1,0,0,0,1,1
110267,4,4,0,0,1,3,3
9509269,8,4,4,5,8,0,0
204077,1,1,0,0,0,1,4
9904489,2,1,1,1,2,0,0
9512342,1,1,0,0,0,1,5
107217,0,0,0,0,0,0,0
9501300,0,0,0,0,0,0,0
9801358,1,1,0,0,1,0,0
4061,1,1,0,0,0,1,6
9710261,2,2,0,0,2,0,0
105042,6,3,3,6,3,3,3
104307,4,2,2,3,0,4,13
1206,2,2,0,0,0,2,2
9511364,2,2,0,0,1,1,3
7151,1,1,0,0,0,1,5
9701251,2,1,1,1,1,1,1
9312271,2,2,0,0,2,0,0
9910216,0,0,0,0,0,0,0
105013,1,1,0,0,0,1,7
211058,0,0,0,0,0,0,0
9709298,0,0,0,0,0,0,0
9702309,5,2,3,4,1,4,5
9709459,1,1,0,0,0,1,3
110038,3,1,2,3,3,0,0
9910539,4,2,2,2,0,4,24
2148,3,1,2,2,0,3,5
6288,1,1,0,0,0,1,4
201246,1,1,0,0,0,1,5
9811513,1,1,0,0,0,1,3
9908238,0,0,0,0,0,0,0
207296,3,1,2,2,0,3,46
9904246,3,1,2,2,0,3,24
5116,2,1,1,1,0,2,10
210325,0,0,0,0,0,0,0
207298,0,0,0,0,0,0,0
9301250,1,1,0,0,0,1,1
9809541,0,0,0,0,0,0,0
8114,6,2,4,9,0,6,37
2181,2,1,1,1,0,2,4
301040,4,3,1,1,0,4,32
5190,4,3,1,1,0,4,19
9901237,0,0,0,0,0,0,0
101287,2,2,0,0,2,0,0
207165,2,2,0,0,0,2,14
9209206,1,1,0,0,1,0,0
207320,0,0,0,0,0,0,0
210028,2,2,0,0,0,2,17
9811287,0,0,0,0,0,0,0
9903376,3,2,1,1,0,3,4
104025,3,1,2,3,0,3,3
211211,0,0,0,0,0,0,0
9907316,2,2,0,0,0,2,14
9705330,2,1,1,1,2,0,0
9604297,1,1,0,0,1,0,0
9706426,1,1,0,0,0,1,2
9304229,1,1,0,0,0,1,1
105266,0,0,0,0,0,0,0
207336,0,0,0,0,0,0,0
9911249,1,1,0,0,0,1,7
9506457,6,6,0,0,1,5,8
9811373,4,2,2,2,0,4,28
9810209,1,1,0,0,0,1,1
105024,0,0,0,0,0,0,0
9304296,6,6,0,0,6,0,0
7314,4,2,2,3,0,4,11
9906220,1,1,0,0,0,1,1
9505443,2,2,0,0,2,0,0
9804367,4,2,2,2,4,0,0
9712487,1,1,0,0,0,1,1
9712452,3,1,2,2,0,3,15
9709500,1,1,0,0,1,0,0
9912534,1,1,0,0,0,1,4
302116,0,0,0,0,0,0,0
9712544,0,0,0,0,0,0,0
111087,1,1,0,0,0,1,2
9507427,5,3,2,3,5,0,0
107135,4,1,3,5,0,4,39
204181,4,4,0,0,0,4,28
9810513,2,2,0,0,2,0,0
9603256,2,2,0,0,2,0,0
9306324,2,1,1,1,2,0,0
202196,3,1,2,3,0,3,6
9405300,4,2,2,3,4,0,0
9906522,0,0,0,0,0,0,0
9803282,4,1,3,3,0,4,19
109159,2,2,0,0,0,2,6
204272,1,1,0,0,0,1,1
4264,2,2,0,0,0,2,9
9206261,1,1,0,0,1,0,0
9405332,7,6,1,1,1,6,6
206247,0,0,0,0,0,0,0
9803258,3,3,0,0,3,0,0
9508330,1,1,0,0,1,0,0
112330,0,0,0,0,0,0,0
206033,2,2,0,0,0,2,19
9302257,2,2,0,0,2,0,0
111151,7,2,5,15,0,7,50
9902380,0,0,0,0,0,0,0
9902377,0,0,0,0,0,0,0
9310241,4,4,0,0,4,0,0
9905304,2,1,1,1,0,2,10
208086,2,2,0,0,0,2,10
9411236,1,1,0,0,1,0,0
102156,2,1,1,1,0,2,11
9607313,1,1,0,0,0,1,1
2129,1,1,0,0,0,1,15
206140,2,1,1,1,0,2,34
9603432,1,1,0,0,0,1,5
9604261,3,1,2,2,1,2,4
211175,1,1,0,0,0,1,8
101016,0,0,0,0,0,0,0
9710519,0,0,0,0,0,0,0
9809526,3,2,1,1,1,2,6
9902317,0,0,0,0,0,0,0
212116,2,1,1,1,0,2,3
9311300,3,2,1,1,3,0,0
9509405,4,2,2,3,4,0,0
202185,0,0,0,0,0,0,0
9704411,0,0,0,0,0,0,0
9806495,2,1,1,1,2,0,0
10056,0,0,0,0,0,0,0
9611220,2,2,0,0,0,2,2
9805213,2,2,0,0,0,2,8
9503421,1,1,0,0,0,1,1
9707456,1,1,0,0,0,1,3
9905218,3,2,1,1,0,3,8
9309204,1,1,0,0,1,0,0
203096,0,0,0,0,0,0,0
9706278,5,2,3,4,4,1,1
106201,0,0,0,0,0,0,0
209173,3,2,1,1,0,3,22
9410315,2,1,1,1,2,0,0
110398,0,0,0,0,0,0,0
9712378,1,1,0,0,1,0,0
105193,1,1,0,0,0,1,1
9407355,1,1,0,0,1,0,0
209339,1,1,0,0,1,0,0
9712204,2,1,1,1,1,1,1
9405387,2,1,1,1,2,0,0
9712430,0,0,0,0,0,0,0
9601215,4,1,3,5,4,0,0
9912309,0,0,0,0,0,0,0
209016,0,0,0,0,0,0,0
2207,0,0,0,0,0,0,0
9903463,0,0,0,0,0,0,0
9602360,1,1,0,0,1,0,0
211068,0,0,0,0,0,0,0
9912428,1,1,0,0,1,0,0
104068,0,0,0,0,0,0,0
8259,1,1,0,0,0,1,2
106348,1,1,0,0,1,0,0
9611418,0,0,0,0,0,0,0
9805302,0,0,0,0,0,0,0
9801395,0,0,0,0,0,0,0
5157,1,1,0,0,0,1,3
9802210,0,0,0,0,0,0,0
210115,0,0,0,0,0,0,0
9612236,0,0,0,0,0,0,0
9608416,0,0,0,0,0,0,0
9611329,2,2,0,0,0,2,3
9611301,0,0,0,0,0,0,0
9710201,1,1,0,0,1,0,0
206197,0,0,0,0,0,0,0
204266,0,0,0,0,0,0,0
101085,0,0,0,0,0,0,0
102249,0,0,0,0,0,0,0
9705468,1,1,0,0,0,1,1
302129,1,1,0,0,0,1,1
5175,0,0,0,0,0,0,0
9906413,1,1,0,0,0,1,1
5180,0,0,0,0,0,0,0
102112,1,1,0,0,0,1,4
9301275,2,1,1,1,2,0,0
9806417,2,2,0,0,0,2,2
9904275,0,0,0,0,0,0,0
301022,0,0,0,0,0,0,0
9306305,3,3,0,0,2,1,1
301137,1,1,0,0,1,0,0
9307331,0,0,0,0,0,0,0
9709204,0,0,0,0,0,0,0
212323,0,0,0,0,0,0,0
1111,0,0,0,0,0,0,0
2094,0,0,0,0,0,0,0
10213,0,0,0,0,0,0,0
209287,0,0,0,0,0,0,0
210080,0,0,0,0,0,0,0
9506444,1,1,0,0,0,1,2
1137,0,0,0,0,0,0,0
9605257,1,1,0,0,1,0,0
207260,1,1,0,0,1,0,0
12129,0,0,0,0,0,0,0
111416,0,0,0,0,0,0,0
9710459,0,0,0,0,0,0,0
9903494,0,0,0,0,0,0,0
201180,0,0,0,0,0,0,0
11220,3,1,2,3,0,3,7
9212318,1,1,0,0,0,1,2
9803238,2,2,0,0,2,0,0
301113,0,0,0,0,0,0,0
9304297,1,1,0,0,1,0,0
12168,0,0,0,0,0,0,0
9911508,0,0,0,0,0,0,0
9612371,0,0,0,0,0,0,0
208004,1,1,0,0,0,1,3
9911423,2,1,1,1,0,2,2
9812294,1,1,0,0,0,1,2
103246,2,1,1,1,1,1,2
9901294,0,0,0,0,0,0,0
8296,1,1,0,0,1,0,0
9909512,4,2,2,2,0,4,10
202098,1,1,0,0,1,0,0
9804441,1,1,0,0,0,1,4
9503243,1,1,0,0,1,0,0
107058,1,1,0,0,1,0,0
4205,2,1,1,1,2,0,0
201199,1,1,0,0,0,1,6
201083,1,1,0,0,0,1,1
208261,5,1,4,9,0,5,27
9911515,2,2,0,0,2,0,0
9708391,4,3,1,1,0,4,20
9050,2,1,1,1,1,1,1
9507260,0,0,0,0,0,0,0
9707417,0,0,0,0,0,0,0
9706248,0,0,0,0,0,0,0
9810327,0,0,0,0,0,0,0
9906289,1,1,0,0,0,1,7
103260,1,1,0,0,0,1,7
9411262,0,0,0,0,0,0,0
7046,0,0,0,0,0,0,0
202001,0,0,0,0,0,0,0
9707344,0,0,0,0,0,0,0
9611210,4,1,3,5,4,0,0
207291,2,2,0,0,0,2,14
204293,0,0,0,0,0,0,0
9808279,0,0,0,0,0,0,0
9704449,0,0,0,0,0,0,0
9910475,0,0,0,0,0,0,0
111174,0,0,0,0,0,0,0
2304,1,1,0,0,0,1,1
12249,1,1,0,0,0,1,1
11277,0,0,0,0,0,0,0
212077,0,0,0,0,0,0,0
9308247,0,0,0,0,0,0,0
301233,0,0,0,0,0,0,0
208274,0,0,0,0,0,0,0
107006,0,0,0,0,0,0,0
7139,0,0,0,0,0,0,0
6012,3,1,2,2,1,2,6
211353,1,1,0,0,0,1,13
9505424,4,2,2,2,0,4,10
5102,0,0,0,0,0,0,0
9903281,0,0,0,0,0,0,0
206186,1,1,0,0,0,1,5
9607335,0,0,0,0,0,0,0
212093,2,2,0,0,0,2,8
211186,1,1,0,0,0,1,9
212279,1,1,0,0,0,1,6
212171,0,0,0,0,0,0,0
9706204,0,0,0,0,0,0,0
205151,1,1,0,0,0,1,3
201304,3,3,0,0,0,3,37
111323,0,0,0,0,0,0,0
9511271,1,1,0,0,0,1,1
11256,1,1,0,0,1,0,0
9703300,3,1,2,2,3,0,0
9710480,0,0,0,0,0,0,0
9501215,0,0,0,0,0,0,0
107177,2,2,0,0,0,2,2
9807473,0,0,0,0,0,0,0
112066,1,1,0,0,1,0,0
9412287,1,1,0,0,1,0,0
9704233,0,0,0,0,0,0,0
207091,0,0,0,0,0,0,0
9407226,4,4,0,0,4,0,0
9408349,0,0,0,0,0,0,0
9809295,0,0,0,0,0,0,0
207094,1,1,0,0,0,1,1
209205,1,1,0,0,0,1,5
210295,0,0,0,0,0,0,0
9609291,0,0,0,0,0,0,0
9609501,0,0,0,0,0,0,0
9910241,0,0,0,0,0,0,0
105120,1,1,0,0,0,1,4
8067,1,1,0,0,0,1,2
6149,1,1,0,0,0,1,3
206298,0,0,0,0,0,0,0
101189,0,0,0,0,0,0,0
9612214,3,2,1,1,3,0,0
9902459,0,0,0,0,0,0,0
1078,0,0,0,0,0,0,0
2085,2,1,1,1,2,0,0
109190,0,0,0,0,0,0,0
9707408,0,0,0,0,0,0,0
203165,0,0,0,0,0,0,0
210375,0,0,0,0,0,0,0
9303261,2,2,0,0,2,0,0
9408201,1,1,0,0,1,0,0
211079,0,0,0,0,0,0,0
9903314,1,1,0,0,1,0,0
101028,0,0,0,0,0,0,0
9510240,0,0,0,0,0,0,0
302030,0,0,0,0,0,0,0
104214,2,1,1,1,0,2,16
8303,0,0,0,0,0,0,0
211263,0,0,0,0,0,0,0
9408240,0,0,0,0,0,0,0
204035,0,0,0,0,0,0,0
211344,1,1,0,0,0,1,21
207176,0,0,0,0,0,0,0
6217,0,0,0,0,0,0,0
7028,0,0,0,0,0,0,0
9912353,0,0,0,0,0,0,0
211097,0,0,0,0,0,0,0
9911229,0,0,0,0,0,0,0
102232,0,0,0,0,0,0,0
211267,3,2,1,1,1,2,6
9711467,0,0,0,0,0,0,0
9405206,0,0,0,0,0,0,0
107319,0,0,0,0,0,0,0
9403278,0,0,0,0,0,0,0
301082,0,0,0,0,0,0,0
108263,1,1,0,0,0,1,10
211269,0,0,0,0,0,0,0
10189,0,0,0,0,0,0,0
9408235,0,0,0,0,0,0,0
203145,1,1,0,0,0,1,1
9711228,0,0,0,0,0,0,0
9612281,0,0,0,0,0,0,0
9810373,1,1,0,0,1,0,0
9807244,0,0,0,0,0,0,0
101191,0,0,0,0,0,0,0
9810268,0,0,0,0,0,0,0
9603415,0,0,0,0,0,0,0
301170,0,0,0,0,0,0,0
203024,0,0,0,0,0,0,0
9506223,0,0,0,0,0,0,0
301181,0,0,0,0,0,0,0
9507202,0,0,0,0,0,0,0
112290,1,1,0,0,0,1,2
209335,0,0,0,0,0,0,0
207342,0,0,0,0,0,0,0
112001,0,0,0,0,0,0,0
111216,1,1,0,0,1,0,0
9503490,0,0,0,0,0,0,0
3147,0,0,0,0,0,0,0
7039,1,1,0,0,0,1,7
207245,0,0,0,0,0,0,0
9907287,0,0,0,0,0,0,0
9609412,0,0,0,0,0,0,0
301169,0,0,0,0,0,0,0
9712424,0,0,0,0,0,0,0
9409292,0,0,0,0,0,0,0
9412386,0,0,0,0,0,0,0
9807205,0,0,0,0,0,0,0
9405395,1,1,0,0,1,0,0
9503440,0,0,0,0,0,0,0
9705313,0,0,0,0,0,0,0
109022,0,0,0,0,0,0,0
101243,1,1,0,0,0,1,3
211396,0,0,0,0,0,0,0
9909557,0,0,0,0,0,0,0
9402338,0,0,0,0,0,0,0
9404260,1,1,0,0,1,0,0
9607483,0,0,0,0,0,0,0
9402290,0,0,0,0,0,0,0
212141,0,0,0,0,0,0,0
210188,0,0,0,0,0,0,0
2125,0,0,0,0,0,0,0
7164,0,0,0,0,0,0,0
10119,0,0,0,0,0,0,0
9002,0,0,0,0,0,0,0
212090,0,0,0,0,0,0,0
212266,0,0,0,0,0,0,0
12295,0,0,0,0,0,0,0
9912454,2,1,1,1,2,0,0
106051,0,0,0,0,0,0,0
204349,0,0,0,0,0,0,0
205240,1,1,0,0,1,0,0
11400,1,1,0,0,1,0,0
9809432,0,0,0,0,0,0,0
9706460,0,0,0,0,0,0,0
207068,0,0,0,0,0,0,0
9910547,0,0,0,0,0,0,0
9707343,0,0,0,0,0,0,0
203249,0,0,0,0,0,0,0
9912550,0,0,0,0,0,0,0
211193,1,1,0,0,0,1,4
106224,0,0,0,0,0,0,0
204284,0,0,0,0,0,0,0
302052,0,0,0,0,0,0,0
209211,0,0,0,0,0,0,0
9407366,1,1,0,0,1,0,0
9508410,0,0,0,0,0,0,0
201020,0,0,0,0,0,0,0
9805426,0,0,0,0,0,0,0
203070,0,0,0,0,0,0,0
206225,0,0,0,0,0,0,0
210290,0,0,0,0,0,0,0
104209,0,0,0,0,0,0,0
9805276,0,0,0,0,0,0,0
9308350,0,0,0,0,0,0,0
208169,0,0,0,0,0,0,0
9507454,0,0,0,0,0,0,0
106122,0,0,0,0,0,0,0
9911301,1,1,0,0,0,1,3
9707230,0,0,0,0,0,0,0
209086,0,0,0,0,0,0,0
302273,0,0,0,0,0,0,0
9904263,0,0,0,0,0,0,0
9709294,0,0,0,0,0,0,0
110100,0,0,0,0,0,0,0
205132,0,0,0,0,0,0,0
8194,0,0,0,0,0,0,0
9710475,0,0,0,0,0,0,0
211240,0,0,0,0,0,0,0
7235,0,0,0,0,0,0,0
9910520,0,0,0,0,0,0,0
211216,0,0,0,0,0,0,0
9608429,1,1,0,0,0,1,2
202118,0,0,0,0,0,0,0
9706446,0,0,0,0,0,0,0
5061,0,0,0,0,0,0,0
9805267,0,0,0,0,0,0,0
9910529,0,0,0,0,0,0,0
111292,0,0,0,0,0,0,0
105264,1,1,0,0,1,0,0
9712326,0,0,0,0,0,0,0
9611234,0,0,0,0,0,0,0
9612392,0,0,0,0,0,0,0
209282,0,0,0,0,0,0,0
209291,0,0,0,0,0,0,0
9605343,0,0,0,0,0,0,0
212115,0,0,0,0,0,0,0
211278,0,0,0,0,0,0,0
210293,0,0,0,0,0,0,0
211205,0,0,0,0,0,0,0
301174,0,0,0,0,0,0,0
1139,0,0,0,0,0,0,0
12059,0,0,0,0,0,0,0
11169,0,0,0,0,0,0,0
203007,0,0,0,0,0,0,0
12341,0,0,0,0,0,0,0
9505228,0,0,0,0,0,0,0
204038,0,0,0,0,0,0,0
208049,0,0,0,0,0,0,0
9501265,42,4,38,291,1,41,146
9911528,7,1,6,14,0,7,11
11396,3,3,0,0,0,3,10
9505430,3,2,1,1,1,2,5
202205,7,3,4,9,0,7,24
9608460,20,1,19,108,0,20,52
9305272,1,1,0,0,0,1,1
9603311,29,4,25,99,7,22,52
1169,6,3,3,5,0,6,27
9812320,55,1,54,399,0,55,441
9709356,25,7,18,73,1,24,77
9308318,2,2,0,0,0,2,6
9412380,5,1,4,5,1,4,4
9310358,18,2,16,57,4,14,14
9409330,6,2,4,9,0,6,6
9408397,13,6,7,7,4,9,9
9812273,12,6,6,9,0,12,139
9507212,61,1,60,484,8,53,116
9811390,77,4,73,772,14,63,168
9901243,28,4,24,61,0,28,212
9502306,9,3,6,20,2,7,11
9503316,12,3,9,22,3,9,17
9710565,16,3,13,44,16,0,0
9811427,24,2,22,98,4,20,41
9607265,16,2,14,29,8,8,9
9710314,10,3,7,20,1,9,12
9509410,16,2,14,30,1,15,65
9505301,11,1,10,31,9,2,2
9207279,27,11,16,88,27,0,0
9908451,4,1,3,4,0,4,48
9701381,12,4,8,17,2,10,24
9409244,61,3,58,494,11,50,201
9604233,41,5,36,159,1,40,288
9805403,18,7,11,24,0,18,127
9802405,56,4,52,447,3,53,385
10162,2,2,0,0,0,2,15
9611243,14,2,12,45,0,14,115
9707302,12,1,11,26,0,12,93
3323,22,5,17,73,0,22,291
9802345,4,2,2,4,0,4,15
9705235,31,5,26,84,0,31,331
9911390,9,3,6,24,0,9,95
9311345,67,4,63,520,58,9,9
9909473,18,1,17,77,0,18,18
9806515,7,2,5,9,0,7,13
9912438,3,3,0,0,0,3,4
9910501,17,6,11,25,0,17,94
9602323,20,2,18,46,7,13,13
9806292,128,1,127,1816,0,128,464
9212288,24,4,20,138,5,19,35
6290,3,2,1,1,1,2,2
9503494,6,2,4,6,6,0,0
9508292,10,5,5,9,0,10,18
3277,5,2,3,4,0,5,9
9806344,18,2,16,52,8,10,10
9612415,10,2,8,17,3,7,17
11363,24,5,19,65,8,16,41
9802431,10,4,6,12,0,10,54
9503280,13,6,7,10,13,0,0
9205209,5,2,3,4,5,0,0
9402225,22,6,16,49,0,22,40
9909404,18,3,15,35,3,15,35
9205228,25,6,19,72,25,0,0
9312227,14,2,12,38,7,7,7
9312235,34,5,29,161,34,0,0
9811350,134,4,130,1671,0,134,839
105340,1,1,0,0,0,1,3
9808344,5,4,1,1,0,5,26
9907343,4,1,3,4,0,4,17
1216,7,3,4,5,0,7,92
9906210,20,4,16,32,0,20,152
9508233,10,3,7,20,10,0,0
9508378,33,1,32,178,0,33,62
9909353,22,2,20,84,0,22,229
9801444,12,1,11,33,4,8,15
9909464,17,1,16,44,0,17,160
9411431,22,2,20,56,3,19,28
109135,9,2,7,18,0,9,116
9908248,60,2,58,392,0,60,367
8207,14,1,13,42,0,14,74
7102,4,1,3,4,2,2,2
108178,11,1,10,17,2,9,41
9508242,1,1,0,0,0,1,3
9305349,5,2,3,5,5,0,0
9505207,40,3,37,152,2,38,56
9310215,7,2,5,12,0,7,7
9802271,6,2,4,8,0,6,46
9806281,3,1,2,2,0,3,15
9607448,14,1,13,53,12,2,2
101331,1,1,0,0,0,1,2
9607268,1,1,0,0,0,1,2
9704369,20,2,18,68,0,20,89
9603272,12,2,10,24,2,10,24
9502385,15,1,14,53,7,8,8
9909204,4,1,3,3,4,0,0
9305344,2,2,0,0,2,0,0
9503491,6,1,5,7,1,5,6
9707217,9,2,7,11,0,9,95
9603253,11,2,9,36,4,7,8
5159,6,1,5,12,0,6,84
2186,12,5,7,11,0,12,45
9903359,4,1,3,3,0,4,24
9907516,14,6,8,17,0,14,122
102181,35,8,27,114,0,35,297
9302272,12,5,7,17,12,0,0
102259,22,3,19,115,0,22,219
12020,21,3,18,45,0,21,165
103218,19,3,16,67,0,19,280
107329,4,3,1,1,0,4,55
9409454,20,1,19,69,14,6,6
9910286,19,1,18,65,1,18,30
105139,7,1,6,7,4,3,5
9402284,3,2,1,2,0,3,6
7108,43,5,38,230,0,43,433
9907472,23,2,21,90,1,22,64
9508334,2,1,1,1,1,1,4
9603330,3,2,1,2,2,1,1
10344,2,1,1,1,0,2,13
9701256,17,7,10,22,0,17,47
9904221,10,5,5,10,0,10,153
9907362,40,5,35,141,0,40,403
104285,11,2,9,16,0,11,185
3261,40,2,38,388,0,40,219
107173,8,1,7,19,0,8,22
11133,4,1,3,3,2,2,3
1031,25,1,24,136,9,16,21
9911294,34,1,33,205,0,34,105
9511417,14,1,13,31,14,0,0
110391,10,4,6,9,0,10,123
9909389,1,1,0,0,0,1,31
9907555,19,3,16,70,0,19,320
12125,68,2,66,776,38,30,31
9909490,0,0,0,0,0,0,0
9403257,22,4,18,52,12,10,10
9403349,11,3,8,32,11,0,0
9907421,9,4,5,13,2,7,11
9404284,8,3,5,12,8,0,0
105103,11,3,8,23,0,11,115
201094,0,0,0,0,0,0,0
9807245,2,2,0,0,2,0,0
9501324,35,2,33,228,0,35,94
9701208,11,9,2,3,0,11,137
9503346,15,5,10,25,0,15,56
9612292,2,1,1,1,0,2,17
9406256,13,5,8,17,13,0,0
9411246,1,1,0,0,0,1,1
9603376,4,1,3,6,0,4,12
9908529,20,2,18,56,1,19,34
9302244,16,4,12,36,16,0,0
9706315,80,4,76,604,21,59,128
9612425,1,1,0,0,0,1,5
9803500,14,2,12,46,14,0,0
9403254,13,4,9,26,13,0,0
9211202,14,3,11,36,14,0,0
108084,12,4,8,17,0,12,168
9903498,27,1,26,90,0,27,210
9810303,0,0,0,0,0,0,0
9608374,5,4,1,1,0,5,9
9805342,56,4,52,282,0,56,381
9607315,8,2,6,7,8,0,0
9803237,27,5,22,76,0,27,144
9902280,5,1,4,7,0,5,38
9409426,13,2,11,53,13,0,0
9912504,5,2,3,3,0,5,42
5044,11,1,10,14,0,11,43
8316,8,2,6,8,0,8,18
9609448,18,6,12,28,1,17,24
9706341,1,1,0,0,1,0,0
9405400,6,4,2,2,1,5,6
9606370,25,2,23,103,9,16,16
9401285,13,2,11,21,5,8,8
9406231,8,2,6,13,8,0,0
9905367,2,2,0,0,0,2,4
9605283,60,7,53,505,0,60,508
9707458,10,7,3,6,0,10,119
9212212,18,2,16,59,18,0,0
9708364,3,3,0,0,0,3,22
9410357,30,4,26,146,3,27,62
9907372,16,1,15,57,8,8,19
9907450,7,2,5,5,0,7,17
9909390,17,1,16,67,3,14,75
9802287,6,2,4,9,0,6,15
7134,6,2,4,12,2,4,4
9704219,4,4,0,0,1,3,3
9404259,1,1,0,0,0,1,1
9902313,7,3,4,6,3,4,4
9710236,8,1,7,17,0,8,13
9905349,5,2,3,4,0,5,47
9704333,44,5,39,231,23,21,27
9604331,7,2,5,8,1,6,12
11356,2,2,0,0,0,2,10
1205,1,1,0,0,0,1,4
9212279,10,2,8,18,10,0,0
9603384,14,1,13,47,0,14,14
9507220,7,1,6,17,1,6,12
102014,7,1,6,10,0,7,7
2066,0,0,0,0,0,0,0
9705430,6,3,3,4,4,2,2
11332,16,2,14,46,1,15,21
9611284,19,5,14,35,0,19,73
4145,6,2,4,6,0,6,15
5297,24,2,22,66,1,23,107
9711357,3,1,2,2,0,3,8
9404228,10,1,9,24,0,10,19
204011,1,1,0,0,1,0,0
8046,19,3,16,80,0,19,70
9604228,1,1,0,0,0,1,2
9910341,9,1,8,18,2,7,10
9803476,8,4,4,5,0,8,61
9308205,12,1,11,22,0,12,12
202265,3,2,1,1,0,3,18
9708395,16,6,10,27,4,12,19
9404296,7,4,3,7,0,7,26
101257,8,2,6,9,0,8,74
9606226,7,1,6,11,7,0,0
9510312,9,1,8,16,0,9,25
9405254,2,1,1,1,0,2,4
9407382,6,4,2,2,0,6,6
9606469,3,1,2,3,0,3,77
9812455,17,3,14,66,1,16,25
9804244,4,4,0,0,0,4,9
9706210,7,1,6,8,2,5,15
9606470,4,2,2,3,0,4,5
9812358,16,2,14,47,16,0,0
12221,10,4,6,13,0,10,77
102266,2,1,1,1,0,2,17
9503454,4,3,1,1,4,0,0
9411252,5,3,2,2,1,4,8
9801350,25,1,24,134,2,23,195
9811255,2,1,1,1,0,2,13
9903307,5,3,2,3,1,4,11
106086,6,2,4,4,0,6,17
9511382,11,3,8,13,5,6,17
9507280,8,2,6,12,2,6,8
9507341,3,1,2,2,0,3,6
9504420,4,2,2,2,0,4,7
9809352,2,2,0,0,1,1,2
9603219,8,6,2,4,8,0,0
205216,2,2,0,0,1,1,2
9910307,1,1,0,0,1,0,0
9910224,1,1,0,0,0,1,6
9508297,14,1,13,64,0,14,14
9309268,11,3,8,28,11,0,0
9612202,22,1,21,74,22,0,0
108079,1,1,0,0,0,1,1
9606231,24,4,20,98,2,22,58
9804390,2,1,1,1,0,2,3
9706428,5,3,2,2,0,5,9
9412304,10,4,6,11,0,10,59
9401255,17,6,11,29,0,17,17
9412276,15,1,14,53,9,6,6
9905403,2,1,1,1,0,2,24
9709411,2,1,1,1,0,2,6
211315,1,1,0,0,0,1,5
9810499,17,3,14,43,0,17,143
9210244,11,3,8,23,11,0,0
9910220,25,6,19,78,1,24,144
9508290,11,1,10,35,2,9,27
9908466,7,1,6,8,0,7,23
9901442,37,5,32,110,0,37,153
107262,2,2,0,0,0,2,9
107014,18,2,16,65,0,18,123
202086,6,3,3,4,0,6,86
204314,31,4,27,134,0,31,149
205067,16,6,10,26,0,16,122
1215,1,1,0,0,1,0,0
203267,9,2,7,17,0,9,51
109156,0,0,0,0,0,0,0
9808458,10,1,9,24,0,10,19
9803354,3,2,1,2,2,1,1
9611361,9,1,8,18,9,0,0
9411268,1,1,0,0,0,1,2
9501333,10,2,8,25,0,10,27
9806489,5,4,1,2,0,5,5
9808351,4,3,1,1,1,3,5
10041,12,4,8,23,0,12,72
9704377,16,2,14,45,1,15,25
9310302,4,2,2,3,4,0,0
9903248,0,0,0,0,0,0,0
9410306,1,1,0,0,1,0,0
9903274,5,3,2,3,1,4,104
9902426,1,1,0,0,0,1,9
9608330,3,2,1,1,0,3,10
2070,0,0,0,0,0,0,0
9604390,4,2,2,4,0,4,19
9703428,2,2,0,0,0,2,7
9709264,8,5,3,3,5,3,3
9604222,4,2,2,2,0,4,7
9510283,3,2,1,2,0,3,11
9709448,1,1,0,0,0,1,2
9309239,0,0,0,0,0,0,0
9702237,13,1,12,36,13,0,0
7096,12,2,10,36,0,12,45
9807246,6,1,5,8,0,6,62
9912315,2,2,0,0,0,2,9
9808324,26,2,24,106,2,24,33
9901363,1,1,0,0,1,0,0
9809206,2,1,1,1,0,2,14
6249,2,2,0,0,0,2,8
9905396,0,0,0,0,0,0,0
9912327,0,0,0,0,0,0,0
9509408,9,4,5,10,9,0,0
9811347,4,1,3,6,0,4,8
9602301,6,1,5,11,4,2,2
10135,0,0,0,0,0,0,0
9702292,1,1,0,0,0,1,4
9911410,1,1,0,0,0,1,3
9903499,2,1,1,1,0,2,8
9912410,3,3,0,0,0,3,11
203047,3,2,1,1,0,3,11
9612454,20,1,19,45,4,16,39
9812458,5,1,4,9,2,3,5
9405297,6,2,4,7,0,6,23
9503363,1,1,0,0,1,0,0
9702248,1,1,0,0,1,0,0
9408354,17,2,15,58,17,0,0
9309,5,1,4,8,3,2,4
107052,2,1,1,1,0,2,9
9607306,17,3,14,32,3,14,28
4038,4,2,2,4,0,4,7
9407211,10,2,8,19,0,10,59
9802306,3,3,0,0,1,2,3
9706300,9,2,7,16,4,5,15
9707333,3,1,2,2,0,3,3
9811456,0,0,0,0,0,0,0
5258,1,1,0,0,0,1,19
9902266,2,2,0,0,1,1,2
9711250,0,0,0,0,0,0,0
10163,5,2,3,3,1,4,15
7354,1,1,0,0,0,1,9
5276,13,3,10,20,0,13,170
9304294,12,5,7,18,0,12,15
111179,0,0,0,0,0,0,0
107002,18,1,17,73,0,18,51
10037,4,3,1,1,1,3,8
9708244,1,1,0,0,0,1,5
9208244,6,3,3,4,0,6,6
9801331,1,1,0,0,0,1,8
201261,2,1,1,1,0,2,15
9409298,0,0,0,0,0,0,0
9809364,8,3,5,6,0,8,82
212343,0,0,0,0,0,0,0
9808431,14,1,13,61,0,14,24
9803319,2,2,0,0,0,2,19
9807277,8,1,7,16,0,8,22
9712338,2,1,1,1,0,2,2
7238,9,2,7,13,3,6,14
9910530,1,1,0,0,0,1,9
9709372,9,3,6,12,0,9,30
209244,0,0,0,0,0,0,0
9603416,1,1,0,0,1,0,0
9511280,3,2,1,2,1,2,2
9807527,7,5,2,3,0,7,36
9410392,3,1,2,2,3,0,0
9304239,5,2,3,5,5,0,0
9806441,17,3,14,55,1,16,57
9710442,5,1,4,9,1,4,8
9806381,4,4,0,0,4,0,0
9603278,6,3,3,4,3,3,6
9411379,7,3,4,4,2,5,5
9512222,0,0,0,0,0,0,0
9712339,9,2,7,21,9,0,0
9604235,5,1,4,4,0,5,13
9406275,8,2,6,15,8,0,0
9910462,8,3,5,10,8,0,0
9802312,5,2,3,3,1,4,13
103331,6,2,4,7,0,6,84
9903237,1,1,0,0,0,1,2
108092,20,4,16,51,0,20,274
9708228,11,2,9,14,0,11,48
9403319,3,3,0,0,0,3,3
4143,9,3,6,10,0,9,37
112222,2,2,0,0,0,2,8
9504311,3,2,1,1,3,0,0
8222,20,4,16,58,10,10,12
7361,0,0,0,0,0,0,0
9904311,4,1,3,3,4,0,0
3114,19,3,16,49,0,19,65
9505327,4,4,0,0,4,0,0
9306232,6,3,3,3,6,0,0
109161,3,2,1,1,0,3,13
209294,1,1,0,0,0,1,2
12035,8,2,6,18,0,8,31
9901405,14,2,12,30,0,14,70
207181,0,0,0,0,0,0,0
9602288,0,0,0,0,0,0,0
4040,4,2,2,2,4,0,0
9703201,15,6,9,22,3,12,23
205073,2,2,0,0,0,2,7
9306254,5,3,2,2,5,0,0
9306207,2,1,1,1,2,0,0
109272,4,2,2,2,0,4,4
103155,1,1,0,0,0,1,5
109147,1,1,0,0,0,1,2
9901440,14,2,12,24,4,10,17
9604417,17,3,14,85,0,17,58
108265,4,3,1,2,0,4,25
9503360,2,1,1,1,0,2,14
9703328,2,2,0,0,0,2,5
9909416,1,1,0,0,0,1,3
9807231,0,0,0,0,0,0,0
9703330,3,2,1,1,0,3,10
9710276,3,1,2,2,0,3,4
4200,11,4,7,18,0,11,14
11358,0,0,0,0,0,0,0
9708374,4,1,3,4,0,4,21
9810223,12,1,11,52,0,12,12
108040,9,3,6,14,0,9,47
106033,2,1,1,1,0,2,6
9702325,6,3,3,3,0,6,8
101026,0,0,0,0,0,0,0
107318,4,3,1,2,0,4,11
9809218,2,2,0,0,0,2,11
9606347,6,2,4,10,6,0,0
111106,0,0,0,0,0,0,0
211095,1,1,0,0,0,1,7
102236,4,4,0,0,1,3,5
9510228,2,2,0,0,0,2,4
12136,25,2,23,70,0,25,270
9602285,2,1,1,1,2,0,0
1062,7,3,4,6,0,7,97
9501263,24,3,21,95,24,0,0
9612441,1,1,0,0,0,1,1
9701218,8,3,5,16,1,7,7
9305278,14,7,7,20,14,0,0
111403,3,3,0,0,0,3,15
103267,5,2,3,4,1,4,21
9909529,3,2,1,1,0,3,18
9807464,9,1,8,15,4,5,6
9806360,1,1,0,0,0,1,3
9605318,4,3,1,1,0,4,8
205052,3,2,1,1,0,3,56
9710488,1,1,0,0,0,1,10
9412337,3,2,1,1,0,3,3
105289,0,0,0,0,0,0,0
9606318,4,1,3,5,0,4,5
9507213,6,2,4,7,3,3,3
8108,0,0,0,0,0,0,0
9905359,11,1,10,29,0,11,110
9807418,2,2,0,0,2,0,0
9504272,2,2,0,0,0,2,9
1113,4,3,1,1,0,4,21
9305319,6,2,4,4,6,0,0
9910495,4,4,0,0,0,4,26
9261,2,1,1,1,0,2,4
9502377,1,1,0,0,1,0,0
9908233,1,1,0,0,1,0,0
9504275,2,2,0,0,1,1,1
10090,0,0,0,0,0,0,0
9408312,2,2,0,0,1,1,1
9207242,6,5,1,1,6,0,0
9204234,14,5,9,17,14,0,0
9509339,1,1,0,0,1,0,0
9203222,4,3,1,1,2,2,2
9502404,3,2,1,1,3,0,0
9707268,6,1,5,9,0,6,9
9902349,0,0,0,0,0,0,0
9505406,3,1,2,3,0,3,5
9308338,7,4,3,7,7,0,0
9510310,1,1,0,0,1,0,0
9804347,6,2,4,10,6,0,0
105215,1,1,0,0,0,1,4
102064,7,1,6,12,0,7,44
211264,2,2,0,0,0,2,13
9609317,0,0,0,0,0,0,0
101239,2,2,0,0,2,0,0
204280,4,2,2,5,0,4,4
10174,4,2,2,2,0,4,28
9203202,2,2,0,0,2,0,0
9911505,18,2,16,53,5,13,47
9905228,10,2,8,16,9,1,1
202008,2,2,0,0,0,2,2
9812437,2,1,1,1,0,2,5
9912436,6,5,1,1,0,6,20
2226,3,3,0,0,2,1,1
9309257,23,4,19,74,17,6,6
110041,1,1,0,0,0,1,7
9511305,2,2,0,0,2,0,0
108118,4,2,2,3,0,4,8
9412229,1,1,0,0,0,1,2
3285,7,5,2,4,4,3,3
112245,5,2,3,5,0,5,23
9608373,6,3,3,3,1,5,17
9810323,3,2,1,1,0,3,6
203131,7,4,3,3,0,7,53
9904416,7,2,5,11,0,7,21
9601241,0,0,0,0,0,0,0
9810243,4,1,3,5,3,1,3
8238,1,1,0,0,0,1,3
9506211,0,0,0,0,0,0,0
9807417,6,2,4,5,1,5,9
205125,5,3,2,4,0,5,41
108010,3,2,1,1,2,1,2
204227,2,1,1,1,0,2,2
9503441,4,2,2,2,0,4,5
7047,1,1,0,0,0,1,1
212388,1,1,0,0,0,1,3
9905282,5,2,3,4,0,5,17
9205212,6,6,0,0,6,0,0
9903212,0,0,0,0,0,0,0
9611263,1,1,0,0,0,1,4
9509247,4,1,3,4,4,0,0
9302209,0,0,0,0,0,0,0
9908217,7,3,4,4,0,7,31
212092,4,1,3,4,0,4,26
9909459,4,3,1,1,2,2,2
9908308,3,3,0,0,0,3,10
9402317,2,2,0,0,2,0,0
203140,2,1,1,1,0,2,13
9602336,18,3,15,73,0,18,43
9607463,5,2,3,5,0,5,17
208024,0,0,0,0,0,0,0
9905540,1,1,0,0,0,1,5
9910521,0,0,0,0,0,0,0
9905530,0,0,0,0,0,0,0
9154,2,2,0,0,2,0,0
8150,9,1,8,24,4,5,5
205065,4,3,1,1,0,4,21
9301277,4,1,3,4,4,0,0
9603255,3,1,2,3,3,0,0
9803376,4,1,3,4,1,3,3
9709303,1,1,0,0,1,0,0
109165,0,0,0,0,0,0,0
9807311,4,1,3,4,2,2,2
9810454,9,1,8,23,0,9,16
210021,3,1,2,3,0,3,42
207264,1,1,0,0,0,1,2
9611256,2,1,1,1,2,0,0
9701412,7,1,6,10,7,0,0
9805206,6,3,3,4,1,5,14
9602300,2,2,0,0,0,2,2
209329,2,2,0,0,0,2,10
9408218,3,2,1,1,0,3,15
9502333,0,0,0,0,0,0,0
9901447,9,3,6,19,0,9,21
104182,2,1,1,1,0,2,4
9803407,1,1,0,0,0,1,9
9401346,1,1,0,0,1,0,0
103161,4,2,2,3,0,4,29
9809320,5,3,2,3,0,5,9
9408401,1,1,0,0,1,0,0
9409286,4,3,1,1,4,0,0
205109,5,2,3,5,0,5,44
9710322,5,2,3,6,0,5,9
9905313,0,0,0,0,0,0,0
9408243,5,2,3,4,5,0,0
9211254,10,1,9,21,10,0,0
209087,0,0,0,0,0,0,0
206043,1,1,0,0,1,0,0
12204,2,1,1,1,2,0,0
9503313,4,1,3,3,0,4,15
9809512,1,1,0,0,1,0,0
203272,3,3,0,0,0,3,14
9706251,1,1,0,0,0,1,1
9307274,4,3,1,1,4,0,0
111063,4,3,1,1,2,2,2
9302296,3,1,2,3,3,0,0
9607353,6,1,5,9,0,6,15
9508382,1,1,0,0,1,0,0
9163,13,1,12,39,0,13,42
9610373,3,2,1,1,0,3,10
2062,4,2,2,4,1,3,6
7037,0,0,0,0,0,0,0
206231,0,0,0,0,0,0,0
1248,1,1,0,0,0,1,1
9706486,1,1,0,0,0,1,14
9404263,0,0,0,0,0,0,0
9502322,1,1,0,0,1,0,0
9809558,0,0,0,0,0,0,0
9811279,6,2,4,4,0,6,18
9608348,1,1,0,0,1,0,0
9705293,2,2,0,0,0,2,9
9807263,13,1,12,30,0,13,36
9310318,4,1,3,5,4,0,0
9707270,8,3,5,9,0,8,23
9504422,5,2,3,5,2,3,3
10341,1,1,0,0,0,1,18
9907271,4,2,2,3,0,4,17
9705367,4,3,1,1,4,0,0
101143,3,1,2,2,0,3,24
302089,0,0,0,0,0,0,0
201258,4,2,2,2,1,3,6
9808307,1,1,0,0,0,1,1
9503412,4,1,3,6,0,4,15
9702407,1,1,0,0,0,1,3
9605242,0,0,0,0,0,0,0
9911352,0,0,0,0,0,0,0
9806222,1,1,0,0,0,1,4
9808309,7,1,6,13,1,6,10
109082,2,1,1,1,0,2,4
6043,5,1,4,7,0,5,15
9707453,0,0,0,0,0,0,0
9706398,8,2,6,10,8,0,0
1233,8,4,4,6,1,7,37
9411224,2,2,0,0,2,0,0
9309258,1,1,0,0,1,0,0
9710468,1,1,0,0,1,0,0
9808349,4,2,2,3,0,4,15
210348,1,1,0,0,0,1,2
9802259,0,0,0,0,0,0,0
9611461,2,1,1,1,0,2,18
209341,0,0,0,0,0,0,0
110348,5,3,2,3,0,5,25
9709429,0,0,0,0,0,0,0
10223,3,2,1,1,1,2,4
8066,1,1,0,0,0,1,2
111338,2,2,0,0,0,2,31
9809436,1,1,0,0,0,1,4
9210279,3,3,0,0,3,0,0
207297,4,4,0,0,0,4,42
9806453,7,1,6,16,0,7,41
9703282,0,0,0,0,0,0,0
205156,6,4,2,2,1,5,8
9809276,0,0,0,0,0,0,0
9409353,0,0,0,0,0,0,0
112248,0,0,0,0,0,0,0
101041,1,1,0,0,0,1,1
9406277,0,0,0,0,0,0,0
209057,0,0,0,0,0,0,0
5251,2,2,0,0,0,2,8
9812328,3,2,1,1,3,0,0
9902336,6,4,2,2,6,0,0
1281,0,0,0,0,0,0,0
9510217,0,0,0,0,0,0,0
2093,1,1,0,0,0,1,1
209164,2,2,0,0,1,1,5
4211,0,0,0,0,0,0,0
9808227,2,2,0,0,0,2,2
9503319,1,1,0,0,0,1,1
108115,5,2,3,4,5,0,0
201118,0,0,0,0,0,0,0
9708368,1,1,0,0,0,1,1
9611222,1,1,0,0,1,0,0
6358,2,2,0,0,0,2,6
9309214,1,1,0,0,0,1,1
9508263,4,4,0,0,0,4,7
207230,2,1,1,1,0,2,21
9904319,1,1,0,0,0,1,3
9509278,7,1,6,13,0,7,23
9807323,2,2,0,0,0,2,11
9911537,3,3,0,0,0,3,13
7173,1,1,0,0,1,0,0
9305226,1,1,0,0,1,0,0
10254,3,3,0,0,0,3,11
9607395,2,1,1,1,1,1,1
209158,5,3,2,2,0,5,38
9504206,1,1,0,0,0,1,2
9811231,0,0,0,0,0,0,0
9212236,7,2,5,12,7,0,0
9812530,0,0,0,0,0,0,0
211320,0,0,0,0,0,0,0
205340,4,1,3,4,0,4,33
9704252,0,0,0,0,0,0,0
206237,2,2,0,0,1,1,1
204151,1,1,0,0,0,1,5
108224,7,2,5,15,0,7,86
207131,0,0,0,0,0,0,0
9712220,4,1,3,5,4,0,0
9301219,1,1,0,0,1,0,0
9404204,1,1,0,0,0,1,1
208102,1,1,0,0,0,1,2
1077,1,1,0,0,0,1,2
8315,2,2,0,0,0,2,2
9703384,2,2,0,0,1,1,1
9703253,1,1,0,0,1,0,0
202243,0,0,0,0,0,0,0
1280,1,1,0,0,0,1,5
9208216,2,1,1,1,2,0,0
9712292,2,1,1,1,0,2,2
5284,1,1,0,0,1,0,0
9503252,1,1,0,0,0,1,2
9401247,5,5,0,0,5,0,0
9512346,0,0,0,0,0,0,0
9608282,0,0,0,0,0,0,0
9811413,0,0,0,0,0,0,0
9703456,0,0,0,0,0,0,0
9408321,1,1,0,0,1,0,0
9901421,3,3,0,0,0,3,3
104129,8,3,5,9,0,8,64
9911215,2,1,1,1,0,2,23
102260,0,0,0,0,0,0,0
302143,0,0,0,0,0,0,0
9901292,0,0,0,0,0,0,0
5272,0,0,0,0,0,0,0
111467,0,0,0,0,0,0,0
210381,1,1,0,0,0,1,3
7188,0,0,0,0,0,0,0
9809491,0,0,0,0,0,0,0
212212,1,1,0,0,0,1,16
9807204,0,0,0,0,0,0,0
302256,0,0,0,0,0,0,0
104265,0,0,0,0,0,0,0
9811388,1,1,0,0,1,0,0
302131,2,1,1,1,1,1,2
9402217,2,2,0,0,2,0,0
9606425,2,1,1,1,0,2,2
9912280,0,0,0,0,0,0,0
9610392,1,1,0,0,0,1,2
9809420,1,1,0,0,0,1,1
105227,3,2,1,1,0,3,32
101303,0,0,0,0,0,0,0
9506307,1,1,0,0,0,1,5
9604353,11,6,5,9,0,11,24
9911441,0,0,0,0,0,0,0
9905321,2,2,0,0,0,2,3
11020,1,1,0,0,0,1,6
9912384,1,1,0,0,1,0,0
9803209,3,2,1,1,2,1,1
9610539,0,0,0,0,0,0,0
211059,2,2,0,0,0,2,12
9403355,1,1,0,0,1,0,0
9036,1,1,0,0,0,1,22
9706364,2,2,0,0,2,0,0
9802325,5,3,2,3,2,3,5
9801249,0,0,0,0,0,0,0
204012,1,1,0,0,1,0,0
211385,0,0,0,0,0,0,0
9509354,1,1,0,0,0,1,2
9512414,1,1,0,0,1,0,0
109092,0,0,0,0,0,0,0
9909552,0,0,0,0,0,0,0
204128,4,2,2,4,0,4,28
2254,0,0,0,0,0,0,0
9307354,0,0,0,0,0,0,0
9810203,0,0,0,0,0,0,0
108214,1,1,0,0,0,1,7
209184,0,0,0,0,0,0,0
209041,0,0,0,0,0,0,0
9806225,2,1,1,1,0,2,2
110013,0,0,0,0,0,0,0
9901282,0,0,0,0,0,0,0
212379,0,0,0,0,0,0,0
9508392,1,1,0,0,1,0,0
209029,1,1,0,0,0,1,5
101314,0,0,0,0,0,0,0
201106,1,1,0,0,0,1,3
102296,0,0,0,0,0,0,0
9603268,1,1,0,0,0,1,2
9610444,0,0,0,0,0,0,0
104107,1,1,0,0,0,1,2
9806296,0,0,0,0,0,0,0
110362,0,0,0,0,0,0,0
9409405,1,1,0,0,1,0,0
212322,0,0,0,0,0,0,0
11041,1,1,0,0,1,0,0
9908303,0,0,0,0,0,0,0
111308,0,0,0,0,0,0,0
107311,1,1,0,0,0,1,2
9906411,2,1,1,1,2,0,0
9906208,0,0,0,0,0,0,0
9506238,2,1,1,1,2,0,0
9510206,2,1,1,1,1,1,1
209207,0,0,0,0,0,0,0
9708238,2,1,1,1,2,0,0
9804207,0,0,0,0,0,0,0
101290,0,0,0,0,0,0,0
9807255,3,3,0,0,3,0,0
9909314,0,0,0,0,0,0,0
302166,0,0,0,0,0,0,0
210334,0,0,0,0,0,0,0
9709236,2,2,0,0,0,2,4
9711500,1,1,0,0,0,1,1
11181,0,0,0,0,0,0,0
105245,4,4,0,0,4,0,0
9808259,0,0,0,0,0,0,0
9411353,2,1,1,1,2,0,0
102330,0,0,0,0,0,0,0
212250,0,0,0,0,0,0,0
11297,1,1,0,0,1,0,0
9708471,1,1,0,0,1,0,0
5273,6,5,1,1,1,5,10
210233,1,1,0,0,0,1,1
302185,0,0,0,0,0,0,0
110055,0,0,0,0,0,0,0
9912202,2,1,1,1,0,2,4
9505297,1,1,0,0,0,1,1
109063,0,0,0,0,0,0,0
9601207,0,0,0,0,0,0,0
9411309,1,1,0,0,1,0,0
9611448,1,1,0,0,0,1,11
301045,1,1,0,0,1,0,0
7143,0,0,0,0,0,0,0
110381,1,1,0,0,0,1,4
9912393,4,2,2,3,0,4,13
9805379,1,1,0,0,0,1,1
203081,1,1,0,0,0,1,1
9711375,0,0,0,0,0,0,0
9712215,4,1,3,4,0,4,4
3005,2,1,1,1,1,1,2
9708288,2,1,1,1,0,2,10
12374,0,0,0,0,0,0,0
106171,0,0,0,0,0,0,0
9609407,0,0,0,0,0,0,0
105115,0,0,0,0,0,0,0
9902387,0,0,0,0,0,0,0
9903362,2,1,1,1,2,0,0
209262,5,1,4,8,0,5,29
107112,5,3,2,4,0,5,33
9602382,0,0,0,0,0,0,0
9052,1,1,0,0,0,1,1
9810525,0,0,0,0,0,0,0
9606436,2,1,1,1,2,0,0
110333,2,1,1,1,0,2,12
212139,0,0,0,0,0,0,0
212392,0,0,0,0,0,0,0
9911225,2,1,1,1,0,2,10
9506472,0,0,0,0,0,0,0
9707486,0,0,0,0,0,0,0
8192,1,1,0,0,0,1,13
9506349,2,1,1,1,2,0,0
11312,0,0,0,0,0,0,0
204223,0,0,0,0,0,0,0
8069,2,2,0,0,2,0,0
9704293,2,2,0,0,0,2,3
209089,1,1,0,0,0,1,7
9803339,0,0,0,0,0,0,0
9802417,0,0,0,0,0,0,0
9402235,0,0,0,0,0,0,0
9912543,1,1,0,0,1,0,0
112154,1,1,0,0,0,1,6
210200,1,1,0,0,0,1,2
9901257,0,0,0,0,0,0,0
110011,1,1,0,0,0,1,2
8055,0,0,0,0,0,0,0
109138,0,0,0,0,0,0,0
9712317,0,0,0,0,0,0,0
9903533,2,1,1,1,0,2,8
9808282,0,0,0,0,0,0,0
9512240,0,0,0,0,0,0,0
9310201,0,0,0,0,0,0,0
9611226,1,1,0,0,1,0,0
9907568,0,0,0,0,0,0,0
301268,0,0,0,0,0,0,0
211241,3,2,1,1,1,2,5
9905259,0,0,0,0,0,0,0
212307,3,2,1,2,0,3,16
209260,1,1,0,0,0,1,4
302097,0,0,0,0,0,0,0
106008,0,0,0,0,0,0,0
212072,0,0,0,0,0,0,0
9506373,0,0,0,0,0,0,0
9807273,0,0,0,0,0,0,0
209138,0,0,0,0,0,0,0
9807554,2,2,0,0,0,2,2
9511254,0,0,0,0,0,0,0
9609236,0,0,0,0,0,0,0
301007,0,0,0,0,0,0,0
9911303,0,0,0,0,0,0,0
102282,1,1,0,0,1,0,0
9507302,0,0,0,0,0,0,0
9808494,0,0,0,0,0,0,0
109191,0,0,0,0,0,0,0
9412233,2,2,0,0,2,0,0
105177,3,1,2,3,0,3,8
202038,1,1,0,0,1,0,0
12186,0,0,0,0,0,0,0
107326,0,0,0,0,0,0,0
110185,0,0,0,0,0,0,0
9906317,1,1,0,0,0,1,3
9504202,0,0,0,0,0,0,0
107305,0,0,0,0,0,0,0
9262,3,3,0,0,0,3,10
9910294,0,0,0,0,0,0,0
206198,0,0,0,0,0,0,0
9705281,0,0,0,0,0,0,0
111462,0,0,0,0,0,0,0
9912237,1,1,0,0,0,1,2
6298,0,0,0,0,0,0,0
208110,1,1,0,0,0,1,4
9412318,2,1,1,1,2,0,0
207178,0,0,0,0,0,0,0
9308250,0,0,0,0,0,0,0
10180,1,1,0,0,0,1,3
9512217,0,0,0,0,0,0,0
9510322,1,1,0,0,1,0,0
9809414,0,0,0,0,0,0,0
9911306,5,5,0,0,0,5,14
4202,0,0,0,0,0,0,0
9912469,0,0,0,0,0,0,0
208100,0,0,0,0,0,0,0
9704387,1,1,0,0,1,0,0
110012,0,0,0,0,0,0,0
9910504,0,0,0,0,0,0,0
101227,1,1,0,0,1,0,0
9510242,1,1,0,0,1,0,0
211137,0,0,0,0,0,0,0
9703309,0,0,0,0,0,0,0
212169,1,1,0,0,0,1,3
9603344,0,0,0,0,0,0,0
5047,1,1,0,0,1,0,0
9911401,0,0,0,0,0,0,0
205250,0,0,0,0,0,0,0
9907403,0,0,0,0,0,0,0
211387,0,0,0,0,0,0,0
204217,2,1,1,1,2,0,0
211442,0,0,0,0,0,0,0
9811516,0,0,0,0,0,0,0
105231,0,0,0,0,0,0,0
9608474,0,0,0,0,0,0,0
108208,0,0,0,0,0,0,0
12270,0,0,0,0,0,0,0
109123,0,0,0,0,0,0,0
5092,1,1,0,0,1,0,0
201027,1,1,0,0,0,1,4
110359,1,1,0,0,1,0,0
9305316,0,0,0,0,0,0,0
9712356,0,0,0,0,0,0,0
11186,0,0,0,0,0,0,0
11300,1,1,0,0,0,1,4
9905458,0,0,0,0,0,0,0
9807401,0,0,0,0,0,0,0
9912495,0,0,0,0,0,0,0
9912213,0,0,0,0,0,0,0
9401201,0,0,0,0,0,0,0
9602257,0,0,0,0,0,0,0
104017,0,0,0,0,0,0,0
202225,0,0,0,0,0,0,0
103030,0,0,0,0,0,0,0
206233,0,0,0,0,0,0,0
9806262,0,0,0,0,0,0,0
9803474,0,0,0,0,0,0,0
9911339,1,1,0,0,1,0,0
9808237,0,0,0,0,0,0,0
9903317,1,1,0,0,0,1,4
212154,0,0,0,0,0,0,0
111422,0,0,0,0,0,0,0
9503379,0,0,0,0,0,0,0
9907283,2,1,1,1,2,0,0
101167,0,0,0,0,0,0,0
212303,0,0,0,0,0,0,0
2201,0,0,0,0,0,0,0
9401286,0,0,0,0,0,0,0
101207,0,0,0,0,0,0,0
9308312,1,1,0,0,1,0,0
3308,0,0,0,0,0,0,0
12322,0,0,0,0,0,0,0
9506286,0,0,0,0,0,0,0
9708266,0,0,0,0,0,0,0
101355,1,1,0,0,1,0,0
9168,0,0,0,0,0,0,0
9402331,1,1,0,0,1,0,0
9904217,0,0,0,0,0,0,0
104286,0,0,0,0,0,0,0
9907220,0,0,0,0,0,0,0
107090,0,0,0,0,0,0,0
207152,0,0,0,0,0,0,0
9507408,0,0,0,0,0,0,0
9908270,0,0,0,0,0,0,0
212196,0,0,0,0,0,0,0
9610322,0,0,0,0,0,0,0
112171,1,1,0,0,0,1,3
206083,2,1,1,1,2,0,0
101214,0,0,0,0,0,0,0
9908241,0,0,0,0,0,0,0
102262,2,2,0,0,2,0,0
302198,0,0,0,0,0,0,0
111404,0,0,0,0,0,0,0
106039,1,1,0,0,1,0,0
9806399,0,0,0,0,0,0,0
9611205,1,1,0,0,0,1,1
9802212,0,0,0,0,0,0,0
106276,0,0,0,0,0,0,0
9912332,0,0,0,0,0,0,0
9910381,0,0,0,0,0,0,0
9401292,0,0,0,0,0,0,0
212206,1,1,0,0,0,1,4
9805459,1,1,0,0,0,1,1
9502367,0,0,0,0,0,0,0
9604427,0,0,0,0,0,0,0
9907278,0,0,0,0,0,0,0
9406435,0,0,0,0,0,0,0
206286,0,0,0,0,0,0,0
111399,1,1,0,0,0,1,3
9404300,0,0,0,0,0,0,0
202263,1,1,0,0,1,0,0
209352,0,0,0,0,0,0,0
9912546,0,0,0,0,0,0,0
9403375,1,1,0,0,1,0,0
9701377,0,0,0,0,0,0,0
9701414,0,0,0,0,0,0,0
9909507,0,0,0,0,0,0,0
112289,0,0,0,0,0,0,0
6095,0,0,0,0,0,0,0
204157,0,0,0,0,0,0,0
109176,0,0,0,0,0,0,0
9904342,1,1,0,0,1,0,0
210337,0,0,0,0,0,0,0
9904358,0,0,0,0,0,0,0
9608408,0,0,0,0,0,0,0
9240,1,1,0,0,1,0,0
9069,0,0,0,0,0,0,0
9612379,0,0,0,0,0,0,0
111361,0,0,0,0,0,0,0
9505382,0,0,0,0,0,0,0
209132,0,0,0,0,0,0,0
105072,0,0,0,0,0,0,0
211453,0,0,0,0,0,0,0
210066,0,0,0,0,0,0,0
107260,0,0,0,0,0,0,0
210105,0,0,0,0,0,0,0
9909289,0,0,0,0,0,0,0
208059,0,0,0,0,0,0,0
210262,0,0,0,0,0,0,0
9409331,0,0,0,0,0,0,0
211202,0,0,0,0,0,0,0
9802385,0,0,0,0,0,0,0
9512257,0,0,0,0,0,0,0
9909343,0,0,0,0,0,0,0
208164,1,1,0,0,1,0,0
9706236,0,0,0,0,0,0,0
212066,0,0,0,0,0,0,0
9411227,0,0,0,0,0,0,0
105259,1,1,0,0,1,0,0
210413,0,0,0,0,0,0,0
9909462,0,0,0,0,0,0,0
210036,0,0,0,0,0,0,0
302043,0,0,0,0,0,0,0
209196,0,0,0,0,0,0,0
9801313,0,0,0,0,0,0,0
9807563,1,1,0,0,1,0,0
9811297,0,0,0,0,0,0,0
111310,0,0,0,0,0,0,0
201172,0,0,0,0,0,0,0
111470,1,1,0,0,1,0,0
9211304,72,7,65,725,72,0,0
9512380,54,1,53,425,6,48,223
9607469,0,0,0,0,0,0,0
9511282,2,1,1,1,1,1,2
204087,5,1,4,7,0,5,9
9610424,8,2,6,21,8,0,0
9602224,2,1,1,1,2,0,0
9606233,28,5,23,83,0,28,127
2238,4,3,1,1,0,4,22
9903382,8,3,5,12,0,8,44
9812472,74,4,70,476,0,74,551
9312291,11,4,7,24,11,0,0
9504413,19,1,18,72,2,17,31
9406404,8,1,7,15,0,8,15
9503392,2,1,1,1,1,1,2
9409372,13,6,7,13,2,11,20
9812282,58,4,54,269,1,57,371
9604364,51,2,49,317,2,49,233
9902215,11,1,10,25,11,0,0
9901245,25,4,21,78,0,25,264
9402231,20,4,16,40,20,0,0
9505334,19,4,15,39,19,0,0
9805343,11,2,9,17,1,10,10
9901203,6,3,3,8,0,6,11
9607285,16,1,15,33,0,16,41
9808277,15,2,13,45,15,0,0
9707311,4,3,1,1,1,3,9
9506350,16,1,15,39,4,12,20
9210235,57,13,44,276,57,0,0
9408224,77,3,74,819,77,0,0
9703347,10,2,8,19,0,10,62
9409290,28,2,26,159,4,24,96
9604283,36,1,35,235,36,0,0
9808493,68,2,66,517,3,65,478
9809594,30,2,28,168,1,29,60
12019,7,1,6,13,0,7,33
9611443,15,3,12,63,0,15,153
9707386,18,3,15,50,0,18,147
6225,5,3,2,3,0,5,38
9328,8,4,4,6,0,8,47
9706520,30,7,23,76,0,30,229
12099,6,3,3,4,0,6,26
9406239,19,1,18,86,6,13,25
2167,12,3,9,16,2,10,19
9304248,8,1,7,14,8,0,0
6301,0,0,0,0,0,0,0
9408382,27,4,23,115,27,0,0
9701238,26,4,22,78,0,26,75
9211309,55,1,54,428,55,0,0
9302207,26,3,23,125,18,8,8
9901341,5,1,4,7,3,2,4
9901382,1,1,0,0,0,1,2
9612334,3,2,1,1,0,3,12
4267,6,1,5,11,0,6,10
9702373,12,3,9,16,0,12,27
9701252,9,2,7,9,0,9,21
9410244,7,1,6,16,7,0,0
9807489,3,1,2,3,0,3,24
9503344,18,1,17,34,18,0,0
9302302,4,3,1,1,3,1,1
9403376,5,5,0,0,0,5,47
9910412,1,1,0,0,0,1,3
9708327,22,5,17,57,0,22,274
9507342,12,2,10,27,9,3,3
9410342,25,5,20,50,6,19,57
9811448,60,5,55,363,0,60,580
12087,4,2,2,3,1,3,3
9507380,62,3,59,359,7,55,181
9907461,15,3,12,37,0,15,74
4046,5,3,2,5,0,5,46
9906259,13,2,11,34,0,13,104
9508353,10,2,8,18,10,0,0
9608458,58,1,57,384,2,56,253
9608205,44,3,41,244,6,38,180
9501230,27,2,25,164,27,0,0
9909506,58,3,55,637,0,58,123
9601352,8,3,5,11,0,8,15
111178,5,1,4,9,0,5,43
9908310,54,3,51,403,0,54,546
12039,29,3,26,116,0,29,276
12294,4,3,1,1,1,3,3
108210,12,4,8,10,0,12,62
9512363,10,2,8,17,1,9,39
9406359,29,4,25,94,26,3,3
9505304,21,2,19,52,3,18,18
9805349,10,3,7,24,0,10,66
9810334,3,2,1,1,0,3,19
9806426,4,2,2,3,0,4,14
9610458,15,3,12,61,2,13,21
9201,5,3,2,2,0,5,15
9910357,0,0,0,0,0,0,0
9710531,18,2,16,56,6,12,12
9605325,13,5,8,16,1,12,69
9702392,69,2,67,924,45,24,31
9711379,1,1,0,0,1,0,0
9605451,7,1,6,13,0,7,57
9510238,8,1,7,23,0,8,23
209056,1,1,0,0,1,0,0
9608231,10,1,9,22,2,8,18
10348,19,4,15,47,0,19,102
3163,11,2,9,34,4,7,20
9602385,19,1,18,65,14,5,5
9704358,7,2,5,15,0,7,50
104028,11,2,9,16,6,5,9
4169,24,4,20,73,4,20,89
102297,25,4,21,138,0,25,125
9302317,19,4,15,62,19,0,0
106130,6,1,5,10,0,6,12
2089,4,3,1,1,0,4,51
9507248,9,2,7,20,1,8,22
12313,13,1,12,28,2,11,41
7154,2,1,1,1,0,2,13
9404253,10,6,4,8,0,10,29
11241,68,4,64,487,0,68,960
9910545,8,2,6,14,1,7,17
9511310,2,1,1,1,1,1,1
9612233,1,1,0,0,0,1,1
9312318,29,3,26,90,29,0,0
9505410,10,1,9,21,2,8,12
9904232,37,2,35,269,0,37,675
9907522,11,3,8,12,0,11,222
109115,38,8,30,132,0,38,826
4013,23,1,22,139,1,22,111
111255,7,1,6,12,0,7,32
103123,11,2,9,16,0,11,82
2257,25,3,22,119,3,22,40
9912408,30,2,28,149,0,30,129
9512428,12,1,11,25,12,0,0
9806263,51,2,49,380,1,50,189
9911252,27,4,23,74,0,27,296
9908326,38,6,32,202,0,38,250
102301,64,2,62,638,3,61,80
9803257,2,2,0,0,0,2,5
9805391,1,1,0,0,0,1,1
9508271,57,3,54,472,7,50,63
9505425,19,3,16,41,19,0,0
9412215,24,9,15,60,19,5,5
109197,7,1,6,14,0,7,82
3321,4,2,2,2,3,1,1
9807500,14,1,13,23,0,14,23
9508302,62,3,59,374,0,62,161
9703370,5,1,4,7,0,5,42
9508373,42,3,39,167,0,42,215
108258,2,2,0,0,0,2,7
9607294,3,3,0,0,0,3,17
9706231,3,2,1,1,0,3,9
9206214,23,5,18,121,23,0,0
9909266,13,1,12,32,0,13,96
9809437,1,1,0,0,0,1,7
9707395,58,5,53,422,0,58,393
9311349,5,1,4,10,5,0,0
9912326,10,2,8,31,10,0,0
9512348,4,2,2,4,0,4,8
9806255,19,6,13,32,3,16,38
109122,6,1,5,7,0,6,66
9910209,39,4,35,192,0,39,335
9801437,5,5,0,0,5,0,0
9612356,0,0,0,0,0,0,0
9905372,35,6,29,93,0,35,314
9511217,15,2,13,32,15,0,0
9807572,2,2,0,0,0,2,3
9911506,2,2,0,0,0,2,10
9410302,10,1,9,20,4,6,6
9603350,7,2,5,10,0,7,23
5129,22,2,20,60,0,22,147
9252,1,1,0,0,0,1,1
9606443,19,2,17,42,2,17,17
9410279,6,3,3,4,6,0,0
9501311,6,5,1,2,1,5,8
9610242,7,1,6,16,7,0,0
9403381,6,1,5,9,0,6,11
9503349,5,1,4,6,5,0,0
9802416,6,3,3,3,0,6,41
9612337,10,1,9,30,0,10,75
9211204,26,4,22,162,26,0,0
9403276,18,2,16,53,8,10,10
9706332,3,2,1,1,0,3,25
9411399,6,2,4,7,0,6,10
9907423,29,3,26,136,6,23,28
9710491,12,4,8,19,11,1,1
9910246,4,3,1,1,1,3,7
9411274,8,1,7,13,8,0,0
9907393,7,2,5,17,7,0,0
9904203,2,2,0,0,0,2,19
9209294,3,2,1,1,3,0,0
9909561,4,3,1,1,1,3,3
9283,2,1,1,1,0,2,10
8110,3,1,2,3,0,3,7
9307266,15,2,13,50,15,0,0
9602380,0,0,0,0,0,0,0
3138,3,2,1,1,0,3,6
103311,2,2,0,0,1,1,1
9307203,8,2,6,11,8,0,0
9705380,11,2,9,21,0,11,58
9507242,14,1,13,59,0,14,39
103137,6,3,3,4,0,6,27
9312212,33,1,32,195,33,0,0
9707326,32,1,31,158,0,32,138
5082,2,2,0,0,1,1,2
9908415,9,2,7,16,1,8,15
7176,36,6,30,113,1,35,249
7095,5,2,3,4,0,5,25
9712393,4,2,2,2,4,0,0
9407347,17,2,15,46,7,10,20
9708248,4,2,2,3,4,0,0
104284,19,1,18,80,1,18,72
9711215,15,3,12,28,1,14,33
9912396,7,2,5,15,7,0,0
9606256,10,1,9,26,0,10,45
9312303,4,1,3,6,0,4,8
9604416,36,2,34,162,4,32,32
9709430,3,2,1,1,0,3,19
9412398,9,4,5,11,0,9,55
9912447,14,6,8,16,0,14,95
9608270,26,1,25,156,1,25,25
9803456,3,1,2,2,0,3,22
9407284,0,0,0,0,0,0,0
9505244,11,7,4,8,2,9,9
9611255,4,1,3,5,0,4,75
9902471,14,4,10,37,3,11,21
9804439,7,3,4,4,0,7,24
9706320,2,1,1,1,1,1,2
9403410,6,1,5,13,6,0,0
108268,12,5,7,15,1,11,47
9712438,15,3,12,25,1,14,54
9801432,7,2,5,10,0,7,27
9501247,11,1,10,21,1,10,15
9403391,6,4,2,2,6,0,0
101205,9,3,6,13,0,9,117
9901302,2,1,1,1,0,2,4
6134,7,2,5,16,0,7,13
110414,7,3,4,11,0,7,21
9611350,8,8,0,0,3,5,13
9510259,14,2,12,30,0,14,14
9308243,5,3,2,3,5,0,0
9707296,7,1,6,13,0,7,17
9411394,2,1,1,1,2,0,0
9802323,4,3,1,1,0,4,6
9803305,10,2,8,24,1,9,19
9602284,5,5,0,0,4,1,1
111190,17,1,16,57,17,0,0
9605456,34,2,32,206,3,31,63
9402337,31,3,28,157,23,8,8
9710302,20,1,19,56,2,18,22
106237,2,1,1,1,2,0,0
9703450,22,2,20,66,3,19,51
9805294,6,2,4,10,0,6,12
9912242,4,1,3,5,3,1,1
9607439,26,7,19,53,0,26,55
9507364,3,3,0,0,0,3,11
9703401,8,1,7,22,0,8,8
9610235,4,3,1,1,0,4,30
9208214,3,1,2,3,3,0,0
9708366,26,4,22,68,6,20,25
9901326,3,1,2,3,0,3,29
9211238,4,1,3,5,4,0,0
9911348,3,2,1,2,0,3,25
9511334,4,1,3,6,0,4,18
1096,0,0,0,0,0,0,0
9906418,5,3,2,2,0,5,35
105166,4,2,2,2,0,4,20
108172,16,2,14,56,0,16,135
9609204,15,2,13,36,0,15,25
205053,14,1,13,28,3,11,24
204037,7,2,5,6,0,7,58
11139,1,1,0,0,1,0,0
205332,7,1,6,10,0,7,57
3224,7,3,4,4,0,7,30
9402291,12,1,11,43,12,0,0
9804277,15,5,10,12,0,15,98
9708319,8,1,7,12,2,6,6
9501285,9,3,6,10,0,9,21
9504237,11,1,10,24,1,10,32
9711456,0,0,0,0,0,0,0
9902276,5,4,1,1,2,3,6
101042,21,3,18,68,0,21,217
9706450,29,1,28,127,4,25,64
9502307,4,3,1,1,1,3,5
9712518,1,1,0,0,1,0,0
9502248,4,3,1,1,0,4,20
9809360,12,2,10,21,3,9,19
9902295,0,0,0,0,0,0,0
9608387,5,1,4,5,0,5,27
9712520,1,1,0,0,1,0,0
9810288,2,1,1,1,0,2,5
12231,10,1,9,16,0,10,12
9807219,5,4,1,2,3,2,2
9602369,1,1,0,0,0,1,5
9803254,5,1,4,6,0,5,35
9805287,2,2,0,0,0,2,5
9209223,6,3,3,3,6,0,0
9704247,15,4,11,46,3,12,12
101213,3,2,1,1,0,3,35
9811248,8,3,5,7,0,8,128
9908258,4,1,3,6,0,4,4
9908276,19,4,15,51,0,19,62
9304201,1,1,0,0,1,0,0
9610319,5,3,2,2,2,3,3
9907327,12,1,11,18,0,12,37
9711352,2,2,0,0,0,2,22
9605210,4,3,1,1,4,0,0
9510415,12,2,10,23,12,0,0
9705312,3,2,1,1,0,3,19
9709455,6,3,3,6,0,6,11
9903292,7,1,6,11,3,4,4
9706500,1,1,0,0,0,1,3
9703281,3,3,0,0,0,3,22
104266,5,4,1,3,3,2,2
3031,1,1,0,0,0,1,6
9911232,4,1,3,5,4,0,0
9706529,16,4,12,22,0,16,48
9910262,4,3,1,2,4,0,0
9406338,5,2,3,6,0,5,8
9503365,1,1,0,0,1,0,0
210193,1,1,0,0,0,1,2
9710501,1,1,0,0,0,1,7
9311,4,1,3,5,1,3,3
9909374,3,1,2,2,0,3,7
9609248,10,3,7,17,1,9,24
9701257,4,1,3,5,4,0,0
9411434,4,1,3,6,0,4,12
9206229,3,1,2,3,3,0,0
9603393,8,1,7,12,8,0,0
9904481,1,1,0,0,0,1,2
9802241,18,3,15,48,4,14,21
9610326,15,4,11,15,0,15,25
9803288,3,3,0,0,0,3,10
110334,0,0,0,0,0,0,0
9901419,3,3,0,0,0,3,5
2079,3,2,1,1,0,3,19
206180,0,0,0,0,0,0,0
9310230,4,1,3,4,0,4,8
9709467,2,1,1,1,0,2,8
201197,16,1,15,49,0,16,72
9910273,2,1,1,1,0,2,7
9803226,14,3,11,43,0,14,51
9203225,15,5,10,27,15,0,0
9512201,1,1,0,0,0,1,1
205084,2,1,1,1,0,2,17
9209272,4,2,2,3,4,0,0
9810343,5,3,2,3,0,5,22
201192,2,2,0,0,2,0,0
9912430,6,2,4,6,0,6,48
9906341,1,1,0,0,0,1,9
9709399,4,1,3,4,0,4,4
9501316,2,1,1,1,2,0,0
109146,5,1,4,6,0,5,19
9812209,7,2,5,7,1,6,6
9603250,0,0,0,0,0,0,0
3270,9,3,6,14,0,9,63
9307239,1,1,0,0,1,0,0
9612272,0,0,0,0,0,0,0
9812382,1,1,0,0,0,1,13
9308225,0,0,0,0,0,0,0
9402282,6,1,5,8,0,6,11
9908525,6,1,5,9,0,6,40
9711474,3,1,2,3,0,3,8
3102,0,0,0,0,0,0,0
9912548,4,1,3,5,0,4,32
9505421,5,3,2,2,5,0,0
9506202,1,1,0,0,1,0,0
9807268,2,1,1,1,1,1,1
9412214,5,3,2,2,0,5,13
9409333,4,1,3,5,4,0,0
9307248,8,2,6,12,8,0,0
9905439,4,3,1,1,2,2,8
9911304,4,1,3,6,0,4,44
103046,1,1,0,0,0,1,10
11252,20,7,13,59,0,20,327
9906268,13,3,10,29,1,12,49
9305251,20,6,14,40,20,0,0
9908522,3,2,1,1,0,3,6
112249,1,1,0,0,0,1,2
9602430,1,1,0,0,1,0,0
9091,10,4,6,12,0,10,65
3289,8,4,4,6,2,6,11
301280,1,1,0,0,0,1,3
9704301,22,2,20,81,15,7,8
9404246,1,1,0,0,1,0,0
9401344,1,1,0,0,0,1,4
110283,8,2,6,8,0,8,75
202097,6,2,4,10,1,5,29
9412344,5,2,3,3,5,0,0
9902326,10,1,9,16,0,10,62
11243,3,1,2,2,3,0,0
9410234,2,2,0,0,2,0,0
9407236,3,2,1,1,3,0,0
212321,1,1,0,0,0,1,6
207101,0,0,0,0,0,0,0
9308248,6,3,3,3,6,0,0
9308209,2,1,1,1,2,0,0
201056,2,1,1,1,0,2,5
2082,8,3,5,14,0,8,15
105129,8,2,6,9,1,7,23
9909321,3,1,2,2,0,3,10
9707442,1,1,0,0,0,1,11
111227,7,2,5,16,0,7,120
302222,0,0,0,0,0,0,0
9607256,8,1,7,7,0,8,13
9401242,8,2,6,12,8,0,0
9902409,3,1,2,3,0,3,6
9402265,6,1,5,10,0,6,14
9907359,0,0,0,0,0,0,0
9909326,5,2,3,5,5,0,0
9710515,2,2,0,0,0,2,10
9711470,1,1,0,0,0,1,3
9704203,2,2,0,0,0,2,2
12041,9,3,6,23,0,9,47
9811250,9,2,7,17,9,0,0
9402232,0,0,0,0,0,0,0
8085,4,4,0,0,0,4,41
108065,4,1,3,3,1,3,9
9901446,4,2,2,2,0,4,16
9606433,7,2,5,13,7,0,0
8165,2,1,1,1,0,2,9
211111,3,1,2,2,0,3,25
9205,6,2,4,5,6,0,0
210374,1,1,0,0,0,1,1
101335,20,5,15,42,0,20,126
9604215,2,1,1,1,2,0,0
3124,1,1,0,0,0,1,10
9510213,10,4,6,17,0,10,19
9401345,2,2,0,0,0,2,4
9408249,2,2,0,0,1,1,1
9308223,11,6,5,12,1,10,14
9709259,4,1,3,5,0,4,13
106055,7,5,2,2,0,7,29
9801277,0,0,0,0,0,0,0
112312,0,0,0,0,0,0,0
9311257,9,2,7,17,7,2,2
9609454,1,1,0,0,0,1,3
205265,1,1,0,0,0,1,13
9905554,4,1,3,6,0,4,8
9303224,4,1,3,4,4,0,0
5083,4,2,2,2,0,4,12
9708409,1,1,0,0,0,1,2
9610514,10,2,8,17,10,0,0
9013,2,1,1,1,0,2,17
9909423,10,2,8,21,1,9,50
9508213,6,5,1,1,6,0,0
9512425,2,2,0,0,0,2,20
9807223,7,3,4,6,0,7,29
9804443,1,1,0,0,0,1,1
9047,0,0,0,0,0,0,0
9907248,1,1,0,0,0,1,4
9503444,5,2,3,5,5,0,0
9408360,1,1,0,0,1,0,0
9509210,1,1,0,0,0,1,14
9911407,1,1,0,0,0,1,2
9305233,3,1,2,2,3,0,0
107105,3,2,1,1,0,3,9
9306336,1,1,0,0,1,0,0
9411243,3,3,0,0,2,1,1
9908362,15,5,10,24,15,0,0
9802410,6,1,5,10,3,3,4
9710284,3,1,2,2,1,2,3
9502406,1,1,0,0,1,0,0
9602258,4,2,2,5,0,4,9
204344,0,0,0,0,0,0,0
9403392,1,1,0,0,1,0,0
9810470,2,1,1,1,0,2,2
9203,1,1,0,0,0,1,3
111098,7,4,3,5,0,7,49
211266,3,3,0,0,0,3,42
9402204,6,1,5,10,6,0,0
9912527,18,5,13,45,2,16,48
9512355,8,2,6,14,8,0,0
107205,2,2,0,0,0,2,16
9804383,2,2,0,0,0,2,6
9702441,4,2,2,5,0,4,4
9812334,3,1,2,2,0,3,3
111051,0,0,0,0,0,0,0
9902463,0,0,0,0,0,0,0
9706272,4,1,3,5,0,4,22
9402215,2,1,1,1,2,0,0
205113,0,0,0,0,0,0,0
111290,0,0,0,0,0,0,0
9903383,4,1,3,5,0,4,7
110399,2,2,0,0,0,2,6
9705390,5,3,2,3,5,0,0
9605280,2,1,1,1,2,0,0
112219,1,1,0,0,0,1,3
9507343,7,1,6,12,2,5,5
210003,0,0,0,0,0,0,0
112278,14,2,12,30,0,14,138
9410394,3,1,2,3,3,0,0
9608426,2,1,1,1,0,2,4
9911502,1,1,0,0,0,1,5
10349,4,2,2,4,0,4,9
9505227,2,2,0,0,2,0,0
9412286,6,3,3,5,5,1,2
9219,3,1,2,3,0,3,17
10099,4,3,1,1,4,0,0
102192,2,1,1,1,2,0,0
9607430,1,1,0,0,0,1,6
108241,0,0,0,0,0,0,0
106198,8,3,5,10,0,8,18
9805319,4,4,0,0,0,4,15
9208217,6,6,0,0,6,0,0
9911442,6,2,4,5,3,3,7
9510223,2,1,1,1,0,2,5
9607458,3,2,1,1,0,3,3
9210275,1,1,0,0,1,0,0
9710298,5,4,1,1,1,4,11
301269,1,1,0,0,0,1,8
9406311,5,3,2,2,0,5,10
9207261,1,1,0,0,1,0,0
210069,0,0,0,0,0,0,0
9910355,6,3,3,4,0,6,12
9607242,18,3,15,65,1,17,53
9210211,3,1,2,2,3,0,0
12082,7,2,5,8,2,5,9
9608490,5,3,2,4,5,0,0
9812233,3,2,1,1,3,0,0
102015,0,0,0,0,0,0,0
9903310,2,2,0,0,1,1,1
12013,4,1,3,6,0,4,8
9710287,7,1,6,12,7,0,0
9309269,3,2,1,1,0,3,3
9605363,3,1,2,2,1,2,2
9505306,1,1,0,0,0,1,2
9305341,2,1,1,1,2,0,0
9185,3,2,1,2,0,3,4
9809449,7,2,5,9,5,2,2
9812456,14,2,12,55,0,14,97
210048,1,1,0,0,0,1,11
205253,1,1,0,0,0,1,2
9507268,5,1,4,8,2,3,3
9504226,0,0,0,0,0,0,0
9808455,6,2,4,4,1,5,18
9603351,3,2,1,1,1,2,3
9812394,1,1,0,0,1,0,0
9602410,3,1,2,3,1,2,2
9409336,1,1,0,0,0,1,2
9908264,15,1,14,36,0,15,149
103128,4,1,3,4,4,0,0
9709446,0,0,0,0,0,0,0
9212211,2,2,0,0,2,0,0
201284,2,2,0,0,0,2,27
5101,1,1,0,0,0,1,7
9705478,1,1,0,0,1,0,0
9503465,6,3,3,5,6,0,0
209178,4,2,2,3,0,4,51
9802427,2,1,1,1,0,2,6
9311331,1,1,0,0,1,0,0
9903345,2,1,1,1,2,0,0
11047,1,1,0,0,0,1,7
202201,2,2,0,0,0,2,3
12051,0,0,0,0,0,0,0
9603426,3,1,2,2,0,3,5
9507234,4,3,1,1,4,0,0
9903510,0,0,0,0,0,0,0
9712214,0,0,0,0,0,0,0
9510280,1,1,0,0,1,0,0
9501350,3,2,1,1,0,3,4
104055,3,2,1,1,2,1,1
9808393,4,2,2,5,0,4,41
9611212,3,1,2,2,0,3,5
9506394,3,3,0,0,1,2,2
10207,12,2,10,27,0,12,49
9709478,1,1,0,0,0,1,4
9605237,5,1,4,9,5,0,0
3279,3,3,0,0,0,3,10
9405201,2,1,1,1,0,2,2
9410226,1,1,0,0,0,1,2
9608370,1,1,0,0,1,0,0
9306255,1,1,0,0,1,0,0
9408356,1,1,0,0,1,0,0
9904285,8,2,6,10,0,8,28
9709353,19,4,15,34,1,18,62
9709412,3,1,2,2,0,3,16
9706337,2,1,1,1,0,2,2
9807389,1,1,0,0,0,1,1
9607304,0,0,0,0,0,0,0
9710231,0,0,0,0,0,0,0
9507251,2,1,1,1,0,2,3
9910261,3,3,0,0,0,3,16
9311246,6,3,3,6,6,0,0
107046,2,2,0,0,0,2,20
212124,0,0,0,0,0,0,0
105156,3,3,0,0,1,2,5
109150,0,0,0,0,0,0,0
9709373,4,1,3,5,4,0,0
9505338,4,1,3,4,0,4,12
9407334,3,2,1,1,0,3,4
9204212,12,6,6,15,12,0,0
211352,1,1,0,0,0,1,4
9509229,5,1,4,7,5,0,0
9903325,5,2,3,5,0,5,11
205083,4,1,3,4,0,4,11
9909568,2,2,0,0,1,1,6
9909522,1,1,0,0,0,1,4
9801206,4,2,2,3,0,4,9
9511404,6,3,3,6,0,6,21
9506379,2,1,1,1,2,0,0
9707437,6,2,4,5,1,5,11
11213,1,1,0,0,0,1,4
201166,4,1,3,6,0,4,8
112057,2,1,1,1,0,2,2
211247,0,0,0,0,0,0,0
9708425,8,2,6,11,0,8,16
9510442,0,0,0,0,0,0,0
11242,1,1,0,0,0,1,4
209062,0,0,0,0,0,0,0
9810529,6,2,4,5,1,5,5
204185,4,1,3,4,0,4,13
9901354,3,2,1,1,0,3,31
9501272,2,2,0,0,0,2,2
9804263,2,2,0,0,0,2,6
208130,3,3,0,0,0,3,15
9811438,5,2,3,6,0,5,40
9701363,2,2,0,0,0,2,2
207217,1,1,0,0,0,1,1
9603316,3,3,0,0,3,0,0
9907249,4,1,3,6,1,3,4
112246,1,1,0,0,0,1,6
10230,2,1,1,1,1,1,2
9402356,0,0,0,0,0,0,0
302170,0,0,0,0,0,0,0
9505294,0,0,0,0,0,0,0
1159,0,0,0,0,0,0,0
9911219,2,2,0,0,0,2,2
9601227,0,0,0,0,0,0,0
9608226,0,0,0,0,0,0,0
11137,1,1,0,0,0,1,1
208185,3,2,1,1,0,3,15
9706373,1,1,0,0,1,0,0
9810321,1,1,0,0,0,1,4
9408297,3,2,1,1,3,0,0
207009,2,1,1,1,0,2,2
103169,7,2,5,12,1,6,67
112155,1,1,0,0,0,1,1
9503405,1,1,0,0,1,0,0
9707494,0,0,0,0,0,0,0
9703458,0,0,0,0,0,0,0
9905216,1,1,0,0,0,1,3
3104,0,0,0,0,0,0,0
9702349,2,1,1,1,0,2,6
9608382,2,1,1,1,1,1,1
9707272,6,2,4,9,4,2,2
9707295,0,0,0,0,0,0,0
8076,7,6,1,1,1,6,6
9308206,1,1,0,0,0,1,1
9912514,2,2,0,0,0,2,5
9410201,1,1,0,0,0,1,2
206099,8,1,7,14,0,8,27
9304263,3,2,1,1,3,0,0
9609252,1,1,0,0,1,0,0
9501259,4,2,2,3,2,2,2
9801202,2,1,1,1,2,0,0
9803496,4,4,0,0,4,0,0
211421,2,1,1,1,0,2,10
9506423,5,4,1,1,5,0,0
201305,2,1,1,1,0,2,7
9035,0,0,0,0,0,0,0
9501346,3,1,2,2,3,0,0
210183,1,1,0,0,0,1,4
9803482,2,1,1,1,0,2,2
9704401,0,0,0,0,0,0,0
9409395,2,2,0,0,2,0,0
209009,1,1,0,0,0,1,7
9711206,6,2,4,8,1,5,9
4051,3,2,1,1,0,3,3
102313,1,1,0,0,0,1,7
9510423,1,1,0,0,1,0,0
106102,1,1,0,0,1,0,0
301158,0,0,0,0,0,0,0
9209286,2,1,1,1,2,0,0
9707428,1,1,0,0,0,1,1
101037,1,1,0,0,1,0,0
9612434,0,0,0,0,0,0,0
9410407,5,1,4,6,0,5,8
9302289,2,2,0,0,2,0,0
9601231,1,1,0,0,1,0,0
104087,3,2,1,2,0,3,13
12069,1,1,0,0,1,0,0
9906303,3,1,2,3,0,3,12
111469,0,0,0,0,0,0,0
12227,2,1,1,1,0,2,7
9911389,1,1,0,0,0,1,6
9708365,2,2,0,0,1,1,1
203040,2,2,0,0,0,2,3
9805497,1,1,0,0,1,0,0
107275,3,3,0,0,0,3,26
107324,0,0,0,0,0,0,0
204167,1,1,0,0,0,1,1
9310250,1,1,0,0,1,0,0
9805464,0,0,0,0,0,0,0
12203,6,2,4,10,0,6,26
9808497,2,1,1,1,0,2,34
107232,1,1,0,0,1,0,0
205043,1,1,0,0,0,1,1
9705274,1,1,0,0,1,0,0
209368,0,0,0,0,0,0,0
9404261,2,2,0,0,1,1,1
9607358,1,1,0,0,0,1,1
9505431,1,1,0,0,0,1,1
9702215,1,1,0,0,0,1,2
9810420,3,2,1,1,0,3,4
9712534,6,3,3,9,0,6,20
9512322,2,1,1,1,0,2,4
9307315,2,1,1,1,2,0,0
9811401,1,1,0,0,0,1,3
110380,0,0,0,0,0,0,0
9909504,1,1,0,0,0,1,5
9708449,0,0,0,0,0,0,0
11119,0,0,0,0,0,0,0
9502292,2,1,1,1,2,0,0
9503269,3,2,1,1,3,0,0
212035,2,2,0,0,0,2,41
210024,0,0,0,0,0,0,0
108197,2,2,0,0,0,2,6
9403211,0,0,0,0,0,0,0
110236,0,0,0,0,0,0,0
9608437,0,0,0,0,0,0,0
211464,0,0,0,0,0,0,0
9706322,0,0,0,0,0,0,0
9503460,0,0,0,0,0,0,0
9708208,3,2,1,1,3,0,0
9609439,5,1,4,10,0,5,10
9906260,5,5,0,0,0,5,30
204308,4,2,2,2,0,4,39
203107,3,1,2,2,1,2,4
301177,1,1,0,0,0,1,10
9310278,0,0,0,0,0,0,0
9510429,1,1,0,0,0,1,1
102200,0,0,0,0,0,0,0
111031,0,0,0,0,0,0,0
111305,2,1,1,1,0,2,5
102334,0,0,0,0,0,0,0
9805503,0,0,0,0,0,0,0
211071,2,2,0,0,0,2,13
9506218,0,0,0,0,0,0,0
207299,1,1,0,0,0,1,8
9907253,0,0,0,0,0,0,0
107125,2,1,1,1,0,2,4
9412241,0,0,0,0,0,0,0
9807438,1,1,0,0,0,1,2
9707232,0,0,0,0,0,0,0
6335,2,1,1,1,0,2,4
9405303,2,2,0,0,2,0,0
9605353,0,0,0,0,0,0,0
12363,2,1,1,1,1,1,2
212257,0,0,0,0,0,0,0
109020,1,1,0,0,0,1,1
9806509,2,1,1,1,2,0,0
2189,1,1,0,0,0,1,4
9908510,1,1,0,0,0,1,8
9804324,0,0,0,0,0,0,0
9811281,1,1,0,0,0,1,3
10304,0,0,0,0,0,0,0
9605249,1,1,0,0,0,1,1
9909293,3,3,0,0,0,3,7
9808311,1,1,0,0,0,1,1
102016,2,1,1,1,0,2,7
103085,0,0,0,0,0,0,0
9811318,1,1,0,0,0,1,1
204216,2,2,0,0,0,2,7
9807458,0,0,0,0,0,0,0
107080,2,1,1,1,0,2,10
9606319,0,0,0,0,0,0,0
9910272,2,2,0,0,2,0,0
9904475,0,0,0,0,0,0,0
3040,1,1,0,0,0,1,1
5182,0,0,0,0,0,0,0
9501371,3,2,1,1,3,0,0
9601283,3,2,1,1,0,3,3
203046,1,1,0,0,0,1,4
209099,0,0,0,0,0,0,0
209307,0,0,0,0,0,0,0
302059,0,0,0,0,0,0,0
9709282,1,1,0,0,0,1,6
206017,1,1,0,0,0,1,9
103336,0,0,0,0,0,0,0
301264,0,0,0,0,0,0,0
301122,0,0,0,0,0,0,0
9704302,0,0,0,0,0,0,0
9505305,1,1,0,0,1,0,0
9912299,1,1,0,0,1,0,0
9611235,0,0,0,0,0,0,0
9812532,1,1,0,0,1,0,0
9811422,1,1,0,0,1,0,0
112207,4,1,3,5,3,1,2
9910350,0,0,0,0,0,0,0
9801405,2,1,1,1,2,0,0
104255,3,3,0,0,0,3,14
9704426,2,2,0,0,0,2,2
9808297,3,2,1,1,0,3,6
9905289,1,1,0,0,1,0,0
9905558,4,1,3,4,0,4,22
9904204,1,1,0,0,0,1,2
202114,0,0,0,0,0,0,0
2083,0,0,0,0,0,0,0
9508345,0,0,0,0,0,0,0
2303,2,2,0,0,0,2,4
9809476,0,0,0,0,0,0,0
211023,4,1,3,4,0,4,31
208146,1,1,0,0,0,1,1
9306227,2,2,0,0,2,0,0
9049,1,1,0,0,0,1,1
10159,1,1,0,0,0,1,3
9512332,1,1,0,0,1,0,0
9911288,0,0,0,0,0,0,0
110057,1,1,0,0,0,1,4
9407384,1,1,0,0,1,0,0
9312206,0,0,0,0,0,0,0
9307333,0,0,0,0,0,0,0
9707422,2,2,0,0,0,2,7
9503409,0,0,0,0,0,0,0
9701424,0,0,0,0,0,0,0
7022,2,2,0,0,0,2,11
201079,3,2,1,1,0,3,13
9807450,0,0,0,0,0,0,0
9707534,2,2,0,0,0,2,3
205341,0,0,0,0,0,0,0
107010,4,2,2,3,0,4,28
211312,0,0,0,0,0,0,0
9212313,1,1,0,0,1,0,0
9803455,2,2,0,0,2,0,0
111184,0,0,0,0,0,0,0
107251,1,1,0,0,0,1,8
12252,0,0,0,0,0,0,0
3223,0,0,0,0,0,0,0
211142,0,0,0,0,0,0,0
12044,0,0,0,0,0,0,0
105241,0,0,0,0,0,0,0
9907412,0,0,0,0,0,0,0
9704381,2,2,0,0,2,0,0
9511229,0,0,0,0,0,0,0
9912269,0,0,0,0,0,0,0
9706395,2,1,1,1,0,2,2
9704265,0,0,0,0,0,0,0
9167,1,1,0,0,0,1,3
9907551,1,1,0,0,0,1,6
9501354,1,1,0,0,1,0,0
212028,3,2,1,1,0,3,22
9709359,0,0,0,0,0,0,0
212195,1,1,0,0,0,1,4
10236,0,0,0,0,0,0,0
9611303,0,0,0,0,0,0,0
9704367,0,0,0,0,0,0,0
9905422,1,1,0,0,0,1,12
202015,2,2,0,0,0,2,7
9606221,0,0,0,0,0,0,0
207151,0,0,0,0,0,0,0
202075,0,0,0,0,0,0,0
105022,1,1,0,0,0,1,2
9510459,0,0,0,0,0,0,0
9711389,1,1,0,0,1,0,0
302190,0,0,0,0,0,0,0
204259,0,0,0,0,0,0,0
108230,0,0,0,0,0,0,0
9608427,0,0,0,0,0,0,0
205327,2,2,0,0,0,2,17
9811310,0,0,0,0,0,0,0
9909306,0,0,0,0,0,0,0
111282,0,0,0,0,0,0,0
7225,0,0,0,0,0,0,0
9712295,0,0,0,0,0,0,0
105167,0,0,0,0,0,0,0
9902374,1,1,0,0,0,1,3
6082,0,0,0,0,0,0,0
9909239,0,0,0,0,0,0,0
9908332,0,0,0,0,0,0,0
2251,1,1,0,0,0,1,1
9909209,2,1,1,1,2,0,0
9909320,0,0,0,0,0,0,0
1324,0,0,0,0,0,0,0
112131,2,1,1,1,0,2,11
9803469,2,2,0,0,0,2,7
205196,0,0,0,0,0,0,0
9212275,1,1,0,0,1,0,0
9706314,0,0,0,0,0,0,0
9807259,0,0,0,0,0,0,0
9802246,1,1,0,0,1,0,0
9705441,1,1,0,0,0,1,1
207289,0,0,0,0,0,0,0
9608383,0,0,0,0,0,0,0
301201,1,1,0,0,0,1,2
202049,2,2,0,0,2,0,0
9812443,0,0,0,0,0,0,0
9911521,0,0,0,0,0,0,0
9612228,0,0,0,0,0,0,0
9811497,0,0,0,0,0,0,0
9502326,0,0,0,0,0,0,0
9806313,1,1,0,0,1,0,0
9807470,0,0,0,0,0,0,0
204231,1,1,0,0,0,1,4
109105,0,0,0,0,0,0,0
207115,0,0,0,0,0,0,0
9311291,0,0,0,0,0,0,0
9609228,1,1,0,0,0,1,1
9903461,0,0,0,0,0,0,0
9408400,0,0,0,0,0,0,0
103018,0,0,0,0,0,0,0
9802327,0,0,0,0,0,0,0
9411292,1,1,0,0,1,0,0
4045,0,0,0,0,0,0,0
9311223,0,0,0,0,0,0,0
9302319,1,1,0,0,0,1,1
9275,1,1,0,0,0,1,4
9705213,0,0,0,0,0,0,0
7045,1,1,0,0,0,1,1
9511451,0,0,0,0,0,0,0
209280,0,0,0,0,0,0,0
9506368,0,0,0,0,0,0,0
111202,0,0,0,0,0,0,0
8166,0,0,0,0,0,0,0
9712439,0,0,0,0,0,0,0
9602252,0,0,0,0,0,0,0
9806446,0,0,0,0,0,0,0
9807333,0,0,0,0,0,0,0
9808352,1,1,0,0,1,0,0
10285,0,0,0,0,0,0,0
110418,0,0,0,0,0,0,0
108086,1,1,0,0,0,1,2
104305,1,1,0,0,1,0,0
9510445,0,0,0,0,0,0,0
210121,0,0,0,0,0,0,0
9911282,0,0,0,0,0,0,0
205324,0,0,0,0,0,0,0
110118,0,0,0,0,0,0,0
207144,0,0,0,0,0,0,0
211443,0,0,0,0,0,0,0
207034,1,1,0,0,0,1,4
110401,0,0,0,0,0,0,0
207202,0,0,0,0,0,0,0
9902306,0,0,0,0,0,0,0
9712435,0,0,0,0,0,0,0
9407305,0,0,0,0,0,0,0
9907433,2,2,0,0,2,0,0
9310202,1,1,0,0,1,0,0
109144,0,0,0,0,0,0,0
2028,0,0,0,0,0,0,0
204355,0,0,0,0,0,0,0
211280,0,0,0,0,0,0,0
9604386,1,1,0,0,1,0,0
301002,0,0,0,0,0,0,0
211381,0,0,0,0,0,0,0
11219,0,0,0,0,0,0,0
9211275,0,0,0,0,0,0,0
9804374,0,0,0,0,0,0,0
6258,1,1,0,0,0,1,1
9611376,0,0,0,0,0,0,0
207137,0,0,0,0,0,0,0
9706466,0,0,0,0,0,0,0
209285,0,0,0,0,0,0,0
9704313,1,1,0,0,1,0,0
206261,0,0,0,0,0,0,0
9207247,1,1,0,0,1,0,0
110190,0,0,0,0,0,0,0
210137,1,1,0,0,0,1,4
9412330,0,0,0,0,0,0,0
9612350,0,0,0,0,0,0,0
205104,0,0,0,0,0,0,0
9501322,0,0,0,0,0,0,0
107283,0,0,0,0,0,0,0
9904299,1,1,0,0,1,0,0
9609435,0,0,0,0,0,0,0
9505389,0,0,0,0,0,0,0
9804245,0,0,0,0,0,0,0
9512331,0,0,0,0,0,0,0
9505348,0,0,0,0,0,0,0
9901298,1,1,0,0,1,0,0
9806370,0,0,0,0,0,0,0
208021,0,0,0,0,0,0,0
201241,0,0,0,0,0,0,0
104029,0,0,0,0,0,0,0
106036,0,0,0,0,0,0,0
9503308,0,0,0,0,0,0,0
9209230,2,2,0,0,2,0,0
9504290,0,0,0,0,0,0,0
302115,0,0,0,0,0,0,0
9811233,0,0,0,0,0,0,0
210340,0,0,0,0,0,0,0
9709393,0,0,0,0,0,0,0
9809278,0,0,0,0,0,0,0
9402230,0,0,0,0,0,0,0
9604428,0,0,0,0,0,0,0
9507383,0,0,0,0,0,0,0
9207,0,0,0,0,0,0,0
9802349,0,0,0,0,0,0,0
9611382,0,0,0,0,0,0,0
11015,0,0,0,0,0,0,0
103148,0,0,0,0,0,0,0
106290,0,0,0,0,0,0,0
204098,1,1,0,0,0,1,3
9506294,0,0,0,0,0,0,0
9310294,0,0,0,0,0,0,0
103117,0,0,0,0,0,0,0
9811517,0,0,0,0,0,0,0
9610314,0,0,0,0,0,0,0
9806326,0,0,0,0,0,0,0
302211,0,0,0,0,0,0,0
203221,0,0,0,0,0,0,0
10033,0,0,0,0,0,0,0
9810310,0,0,0,0,0,0,0
209060,0,0,0,0,0,0,0
9309273,0,0,0,0,0,0,0
9801289,0,0,0,0,0,0,0
9710557,0,0,0,0,0,0,0
2056,1,1,0,0,1,0,0
212039,0,0,0,0,0,0,0
9904343,0,0,0,0,0,0,0
207117,0,0,0,0,0,0,0
205291,0,0,0,0,0,0,0
9110,0,0,0,0,0,0,0
9902302,1,1,0,0,1,0,0
9510444,0,0,0,0,0,0,0
106043,0,0,0,0,0,0,0
9295,1,1,0,0,0,1,5
212308,0,0,0,0,0,0,0
9706264,0,0,0,0,0,0,0
210008,0,0,0,0,0,0,0
11207,0,0,0,0,0,0,0
9911531,0,0,0,0,0,0,0
112204,0,0,0,0,0,0,0
111088,0,0,0,0,0,0,0
211135,0,0,0,0,0,0,0
9902257,0,0,0,0,0,0,0
209182,0,0,0,0,0,0,0
302029,0,0,0,0,0,0,0
9309334,0,0,0,0,0,0,0
9307309,0,0,0,0,0,0,0
9211321,69,6,63,716,69,0,0
9310311,33,3,30,214,33,0,0
9408332,7,5,2,2,7,0,0
9606435,8,2,6,10,0,8,46
205270,4,3,1,1,0,4,34
9611247,14,2,12,54,0,14,39
9707454,6,2,4,7,2,4,7
9607213,23,2,21,64,0,23,116
9908236,0,0,0,0,0,0,0
201160,0,0,0,0,0,0,0
9903404,45,7,38,196,0,45,450
9901206,22,2,20,79,22,0,0
9505426,2,2,0,0,0,2,5
9305273,8,7,1,1,0,8,8
9502417,24,1,23,77,4,20,47
9409464,10,6,4,12,2,8,13
9812308,5,4,1,1,0,5,23
9604370,43,1,42,241,35,8,8
9904474,12,3,9,27,1,11,35
9901318,24,3,21,75,0,24,113
9503417,18,1,17,60,13,5,5
9602216,33,1,32,167,1,32,115
9805368,6,2,4,7,0,6,54
9904301,23,2,21,97,0,23,72
9609260,3,3,0,0,1,2,4
9310248,10,1,9,27,10,0,0
9403364,26,3,23,108,26,0,0
9602386,4,2,2,3,0,4,7
9210240,16,7,9,23,16,0,0
9502237,69,2,67,690,13,56,62
9706510,3,2,1,1,0,3,10
9504326,58,2,56,426,4,54,216
9610357,29,4,25,117,3,26,168
9809329,18,4,14,41,1,17,68
9812471,42,3,39,289,6,36,79
9805442,21,1,20,99,4,17,28
9612426,35,5,30,178,0,35,187
9707537,24,4,20,58,0,24,217
7080,3,2,1,1,0,3,41
103305,11,3,8,22,0,11,101
9811239,18,2,16,51,0,18,209
9401204,23,3,20,58,23,0,0
9406286,8,2,6,13,1,7,12
8018,15,1,14,37,0,15,47
9507463,18,2,16,38,18,0,0
9606362,21,2,19,33,19,2,2
9501276,21,3,18,67,21,0,0
9706303,31,1,30,112,1,30,54
9710204,28,2,26,124,4,24,33
9303251,33,5,28,188,8,25,57
9909288,2,2,0,0,0,2,2
9803408,8,4,4,6,8,0,0
9601392,6,2,4,10,3,3,3
9910488,9,2,7,16,1,8,10
9512329,11,2,9,20,11,0,0
9604272,12,3,9,20,3,9,24
9806531,6,1,5,9,6,0,0
105230,0,0,0,0,0,0,0
9504204,20,4,16,43,0,20,43
9305287,14,6,8,17,11,3,3
9604412,25,11,14,28,0,25,407
9705467,19,3,16,40,4,15,25
9710513,15,2,13,36,0,15,115
9507425,10,1,9,27,10,0,0
9509256,29,1,28,133,1,28,62
9903224,26,3,23,67,0,26,298
12303,2,1,1,1,0,2,4
9405343,17,1,16,73,17,0,0
9911350,1,1,0,0,0,1,7
9161,1,1,0,0,0,1,20
9906389,2,1,1,1,0,2,29
9603290,13,2,11,32,4,9,17
9610477,51,2,49,315,0,51,269
9702244,30,2,28,179,0,30,229
9606399,27,7,20,84,9,18,23
9910253,7,3,4,9,0,7,50
9701364,9,3,6,21,1,8,12
201059,9,3,6,17,0,9,85
9908314,13,1,12,51,0,13,80
12274,15,4,11,39,0,15,71
9506309,6,3,3,4,6,0,0
108260,11,4,7,20,0,11,68
9605365,6,1,5,8,0,6,16
9602372,14,2,12,55,14,0,0
9505308,13,5,8,20,13,0,0
9502397,13,6,7,25,13,0,0
9812345,3,1,2,3,0,3,25
9806477,7,1,6,7,0,7,33
9611312,16,2,14,79,16,0,0
9271,13,7,6,12,2,11,21
9902219,1,1,0,0,1,0,0
9712517,23,2,21,82,1,22,48
9807281,7,2,5,6,0,7,10
9703287,50,4,46,478,1,49,105
6179,2,1,1,1,1,1,4
9204238,13,3,10,32,13,0,0
9405204,17,1,16,46,17,0,0
203075,1,1,0,0,0,1,1
9608430,42,3,39,236,9,33,60
12333,17,1,16,40,0,17,145
5261,27,2,25,95,2,25,96
9612267,12,3,9,29,0,12,16
9208221,32,4,28,157,32,0,0
106204,14,6,8,17,0,14,127
9355,16,2,14,38,0,16,66
102304,16,3,13,65,0,16,186
9508249,44,2,42,247,12,32,74
112117,25,2,23,72,0,25,116
3180,34,6,28,122,0,34,450
9612483,40,4,36,267,0,40,70
9607433,24,3,21,90,16,8,8
9909395,2,1,1,1,0,2,14
9405419,5,3,2,2,0,5,16
105268,16,3,13,52,0,16,191
9811492,6,3,3,5,0,6,41
9511344,12,4,8,23,4,8,13
9504394,1,1,0,0,1,0,0
9709442,38,2,36,131,0,38,161
9512246,11,2,9,23,2,9,14
9904485,14,6,8,15,0,14,84
9908462,6,4,2,4,0,6,27
9402335,130,3,127,1593,130,0,0
5328,29,3,26,223,0,29,164
112081,24,1,23,89,0,24,502
108033,2,1,1,1,0,2,16
11097,13,2,11,46,0,13,43
9912498,31,2,29,164,0,31,142
9605250,18,5,13,26,13,5,8
9905474,48,8,40,139,0,48,540
9912464,10,7,3,4,2,8,27
9908443,16,2,14,51,0,16,275
102323,42,4,38,278,0,42,137
9706468,0,0,0,0,0,0,0
9809371,6,1,5,11,1,5,8
9606251,55,1,54,469,1,54,132
9706239,20,2,18,69,2,18,29
9402208,11,2,9,19,11,0,0
109238,13,2,11,32,0,13,143
5089,7,1,6,13,1,6,13
9903496,13,8,5,10,0,13,34
9704201,35,2,33,206,0,35,163
9703429,33,7,26,81,0,33,341
9509308,44,5,39,104,0,44,331
2135,3,1,2,3,0,3,4
9304281,8,2,6,12,0,8,21
9505224,21,3,18,51,6,15,25
9609527,11,4,7,13,0,11,80
9909435,19,5,14,36,0,19,135
9711280,12,4,8,20,1,11,32
9710545,15,2,13,39,0,15,95
9401278,5,2,3,5,5,0,0
5030,4,2,2,2,1,3,3
9404211,5,1,4,9,5,0,0
9503221,7,3,4,8,7,0,0
110277,4,2,2,2,0,4,33
3032,19,3,16,64,0,19,272
5067,0,0,0,0,0,0,0
9411368,8,2,6,16,8,0,0
7036,0,0,0,0,0,0,0
9512218,60,5,55,280,36,24,25
9610261,2,1,1,1,2,0,0
4106,3,1,2,3,0,3,14
9507319,67,3,64,465,8,59,139
9906256,7,1,6,10,0,7,21
102230,6,4,2,2,0,6,33
9405348,18,4,14,39,1,17,34
9811395,4,1,3,5,2,2,6
9512208,8,1,7,10,0,8,41
9504247,11,8,3,6,0,11,19
9706438,29,2,27,98,1,28,110
9405371,4,2,2,5,1,3,3
9603281,3,1,2,2,3,0,0
9408222,68,3,65,730,68,0,0
9612346,32,2,30,220,0,32,233
9307312,13,1,12,61,2,11,11
9507208,0,0,0,0,0,0,0
9707357,3,1,2,2,0,3,12
9509299,25,5,20,119,2,23,98
1124,3,3,0,0,1,2,6
103074,5,1,4,5,1,4,6
9909231,3,2,1,1,0,3,12
9710403,2,1,1,1,0,2,4
9812387,5,2,3,4,1,4,8
9904510,24,2,22,127,0,24,484
9901406,5,3,2,2,1,4,12
4010,10,3,7,16,0,10,75
9912426,2,1,1,1,0,2,8
9806412,11,6,5,5,3,8,8
9604363,18,2,16,78,11,7,7
9409314,5,1,4,4,0,5,5
8228,2,1,1,1,0,2,13
9208233,13,5,8,24,13,0,0
9701416,5,2,3,5,3,2,2
107129,13,3,10,26,0,13,83
9704330,0,0,0,0,0,0,0
9605330,16,4,12,28,14,2,2
9501358,30,1,29,174,16,14,14
9805327,11,1,10,18,3,8,45
9902273,21,2,19,125,0,21,241
9806413,25,1,24,99,1,24,71
9809401,9,2,7,16,9,0,0
8124,4,3,1,1,0,4,46
9811402,2,2,0,0,0,2,7
9502280,4,1,3,6,0,4,9
9801293,7,2,5,13,7,0,0
108037,19,1,18,68,1,18,51
9711377,8,1,7,8,0,8,11
4139,13,1,12,44,4,9,20
9608307,8,1,7,14,0,8,8
9410242,7,3,4,7,0,7,17
9803242,33,2,31,132,0,33,82
9709484,18,2,16,47,4,14,31
9512419,5,4,1,1,0,5,59
9806475,6,2,4,6,0,6,37
9803440,11,4,7,18,0,11,38
9710418,5,1,4,10,0,5,18
9303219,3,2,1,1,2,1,1
9710563,2,2,0,0,1,1,2
9704277,19,3,16,43,1,18,47
9504349,16,2,14,40,16,0,0
9806372,3,3,0,0,0,3,12
108046,0,0,0,0,0,0,0
9501250,1,1,0,0,0,1,2
105090,13,2,11,32,0,13,54
9907539,7,5,2,2,0,7,58
9812357,6,3,3,7,0,6,38
9407251,17,6,11,53,0,17,48
203009,3,2,1,1,0,3,11
9812487,17,4,13,42,0,17,119
9609246,2,2,0,0,0,2,3
8074,8,2,6,13,0,8,20
111172,7,2,5,6,0,7,17
9807529,14,4,10,14,10,4,4
9704412,40,1,39,226,13,27,27
9402315,5,3,2,3,5,0,0
9606297,8,2,6,18,0,8,8
9709251,3,2,1,1,3,0,0
9205229,16,4,12,34,16,0,0
9711424,5,1,4,9,1,4,4
5088,0,0,0,0,0,0,0
9402223,12,2,10,20,6,6,6
9701384,34,4,30,206,5,29,102
9409442,11,3,8,14,8,3,3
9806324,19,2,17,43,1,18,31
104278,3,1,2,2,0,3,115
9605316,0,0,0,0,0,0,0
9806423,3,1,2,3,0,3,11
9504306,19,6,13,31,19,0,0
9709245,7,3,4,5,0,7,26
9505277,10,3,7,14,0,10,14
9704331,8,1,7,21,8,0,0
9502318,5,5,0,0,1,4,11
9208239,3,1,2,3,3,0,0
9611347,7,2,5,9,2,5,8
9902220,25,2,23,80,0,25,168
9211242,4,2,2,3,4,0,0
9803366,14,2,12,56,14,0,0
9807503,0,0,0,0,0,0,0
9908349,2,2,0,0,0,2,7
9911207,20,5,15,41,0,20,79
9503362,2,2,0,0,1,1,3
110001,13,3,10,23,0,13,114
9704253,16,4,12,34,2,14,34
205241,27,1,26,106,0,27,151
9911421,8,4,4,7,3,5,9
104145,7,2,5,15,0,7,14
207042,7,4,3,5,0,7,52
7233,4,4,0,0,0,4,15
9705366,15,1,14,53,5,10,10
9810443,3,2,1,1,0,3,23
9906318,20,4,16,62,3,17,26
9301281,8,2,6,13,8,0,0
9504238,10,1,9,14,0,10,21
9407261,6,1,5,10,0,6,6
12053,3,2,1,1,0,3,7
102009,44,3,41,234,0,44,642
9709348,27,4,23,90,1,26,77
9611351,1,1,0,0,0,1,6
9305247,7,2,5,10,7,0,0
9312353,2,1,1,1,2,0,0
9907279,7,3,4,7,0,7,48
9609500,12,6,6,12,0,12,189
9608444,2,1,1,1,0,2,9
9904335,5,2,3,5,0,5,30
9801355,6,3,3,4,6,0,0
209187,9,4,5,6,0,9,61
9512385,4,2,2,2,4,0,0
9208230,8,5,3,3,8,0,0
9806231,1,1,0,0,0,1,11
9802202,2,2,0,0,2,0,0
112139,0,0,0,0,0,0,0
9803274,11,3,8,35,1,10,19
101353,5,1,4,8,5,0,0
9803451,3,2,1,1,0,3,31
5080,13,3,10,26,0,13,251
9908450,6,2,4,11,6,0,0
9604378,6,1,5,8,6,0,0
9707541,2,2,0,0,0,2,11
9704308,5,1,4,8,1,4,8
9705395,11,2,9,24,0,11,44
9349,0,0,0,0,0,0,0
9604267,13,2,11,20,3,10,10
9506478,0,0,0,0,0,0,0
9812322,7,2,5,8,3,4,8
9704456,7,1,6,14,7,0,0
9805307,2,1,1,1,0,2,4
9502225,5,2,3,4,5,0,0
101163,1,1,0,0,1,0,0
12283,6,2,4,8,0,6,48
110043,2,2,0,0,0,2,4
9403292,6,3,3,9,6,0,0
11035,0,0,0,0,0,0,0
9410213,7,1,6,10,0,7,47
9703251,1,1,0,0,1,0,0
203054,1,1,0,0,0,1,1
9712273,3,2,1,1,0,3,18
103080,3,1,2,2,0,3,7
9703284,23,3,20,75,2,21,41
9805494,9,3,6,9,1,8,22
9906213,5,1,4,8,4,1,4
9412373,7,4,3,8,0,7,56
9209210,2,2,0,0,2,0,0
9705210,1,1,0,0,0,1,11
9905446,3,2,1,1,1,2,5
9802374,14,1,13,26,1,13,20
5208,15,5,10,18,3,12,31
9502262,9,1,8,18,9,0,0
9711373,3,1,2,2,0,3,8
9911240,1,1,0,0,0,1,2
9712332,1,1,0,0,0,1,2
7306,5,3,2,3,0,5,55
103195,2,1,1,1,0,2,41
9904488,5,1,4,5,0,5,29
202088,13,1,12,33,0,13,69
9306314,5,2,3,6,5,0,0
9808480,3,2,1,2,0,3,25
9509414,2,2,0,0,0,2,2
9411277,3,3,0,0,1,2,5
9901312,4,2,2,3,0,4,45
9304265,13,3,10,32,3,10,13
9901218,1,1,0,0,0,1,4
206076,1,1,0,0,0,1,12
109140,11,6,5,11,0,11,141
9707242,3,3,0,0,0,3,16
103190,0,0,0,0,0,0,0
9507207,2,1,1,1,2,0,0
9506253,11,1,10,42,0,11,22
9805274,8,2,6,15,7,1,1
9803246,8,3,5,9,0,8,23
5162,7,3,4,9,0,7,50
9902391,2,2,0,0,1,1,1
9912293,1,1,0,0,0,1,2
9810441,6,3,3,7,0,6,57
9211224,2,2,0,0,2,0,0
9511401,2,1,1,1,1,1,1
9909408,11,3,8,19,0,11,63
9806451,5,1,4,5,2,3,7
106085,2,2,0,0,0,2,16
9805500,9,5,4,12,0,9,62
106160,0,0,0,0,0,0,0
9411404,1,1,0,0,1,0,0
9403243,14,5,9,16,14,0,0
9401236,13,7,6,10,5,8,8
9411263,3,1,2,2,3,0,0
9810204,0,0,0,0,0,0,0
9611415,2,2,0,0,0,2,6
9912420,3,1,2,3,0,3,29
9507291,0,0,0,0,0,0,0
9912367,10,3,7,11,0,10,146
103081,0,0,0,0,0,0,0
9712404,0,0,0,0,0,0,0
9704348,6,1,5,5,6,0,0
207344,1,1,0,0,0,1,4
9704417,5,3,2,3,5,0,0
105297,13,4,9,32,0,13,48
9908331,1,1,0,0,1,0,0
3006,5,2,3,3,0,5,21
9712248,6,3,3,6,0,6,6
9408328,7,5,2,5,7,0,0
9611319,1,1,0,0,0,1,3
112359,5,4,1,2,0,5,50
5148,1,1,0,0,0,1,5
9702365,2,1,1,1,0,2,3
9905350,6,2,4,4,0,6,35
11287,3,2,1,1,0,3,6
9502223,3,3,0,0,3,0,0
9904434,2,1,1,1,1,1,1
210291,2,2,0,0,0,2,20
9406313,5,2,3,3,5,0,0
9610299,6,1,5,14,1,5,7
9310368,2,1,1,1,2,0,0
112190,0,0,0,0,0,0,0
9604316,8,6,2,3,0,8,30
108030,7,6,1,1,0,7,26
9702382,0,0,0,0,0,0,0
9707475,8,1,7,18,0,8,57
9710547,13,4,9,10,1,12,49
9909467,4,1,3,5,2,2,3
11064,2,2,0,0,0,2,11
9510296,0,0,0,0,0,0,0
9806398,4,2,2,3,1,3,7
9511319,4,1,3,3,0,4,4
9802275,2,1,1,1,0,2,17
9712283,6,2,4,9,6,0,0
9503320,5,1,4,4,5,0,0
9711489,1,1,0,0,0,1,8
9806367,3,3,0,0,0,3,4
1211,4,3,1,1,0,4,67
8158,5,2,3,4,0,5,35
9307272,1,1,0,0,1,0,0
111198,2,1,1,1,0,2,34
111258,2,2,0,0,0,2,11
9707432,5,3,2,2,0,5,14
9609289,6,2,4,6,1,5,9
12309,1,1,0,0,0,1,4
112074,5,3,2,4,0,5,28
102103,3,1,2,2,3,0,0
208209,5,5,0,0,0,5,85
102209,8,2,6,11,0,8,40
9607399,3,3,0,0,2,1,2
10091,0,0,0,0,0,0,0
9609476,5,1,4,7,0,5,5
9510448,1,1,0,0,0,1,1
9305227,4,3,1,1,4,0,0
9208245,6,2,4,8,6,0,0
9803225,27,3,24,135,2,25,96
9909235,3,3,0,0,0,3,7
9704342,13,3,10,37,1,12,47
105005,10,3,7,13,0,10,88
9409224,8,2,6,12,8,0,0
9507415,5,3,2,2,2,3,15
9304258,2,2,0,0,1,1,1
9811206,1,1,0,0,0,1,2
9510447,0,0,0,0,0,0,0
9811504,0,0,0,0,0,0,0
9609488,3,3,0,0,0,3,34
9610411,6,2,4,5,5,1,1
9905480,8,1,7,17,0,8,58
9912424,8,1,7,22,0,8,70
9702358,1,1,0,0,0,1,1
9707248,2,1,1,1,0,2,5
9901261,2,1,1,1,0,2,6
9906546,1,1,0,0,0,1,7
9704217,12,6,6,9,2,10,32
9606465,9,1,8,22,9,0,0
9205245,6,1,5,5,6,0,0
108100,10,4,6,14,0,10,32
7048,4,2,2,2,0,4,27
6073,3,2,1,1,0,3,11
9401302,2,1,1,1,1,1,1
1108,6,2,4,8,0,6,13
9510281,0,0,0,0,0,0,0
9301288,3,2,1,1,3,0,0
9131,1,1,0,0,1,0,0
202176,1,1,0,0,0,1,2
9710289,16,1,15,60,1,15,82
9608331,2,2,0,0,2,0,0
9709345,2,1,1,1,0,2,14
201213,1,1,0,0,1,0,0
9411251,2,2,0,0,2,0,0
9812503,3,2,1,2,3,0,0
9906246,0,0,0,0,0,0,0
204076,5,3,2,2,0,5,42
211414,1,1,0,0,0,1,6
9503495,5,1,4,5,0,5,5
9603441,1,1,0,0,0,1,8
9912263,1,1,0,0,0,1,13
5141,3,2,1,1,0,3,11
9609495,5,2,3,5,0,5,7
9903357,3,2,1,2,1,2,2
9605240,4,1,3,3,4,0,0
8252,4,2,2,3,1,3,3
9302219,5,3,2,2,5,0,0
9704453,0,0,0,0,0,0,0
9804229,7,1,6,16,0,7,14
105078,1,1,0,0,0,1,2
111133,5,3,2,2,0,5,25
9804430,5,1,4,9,0,5,7
9909531,9,1,8,22,9,0,0
9703367,17,7,10,28,2,15,31
205338,0,0,0,0,0,0,0
201015,0,0,0,0,0,0,0
9507395,6,2,4,6,0,6,10
206100,2,2,0,0,2,0,0
201001,4,3,1,1,0,4,28
9701353,9,1,8,23,9,0,0
9611417,1,1,0,0,1,0,0
9701234,6,1,5,11,0,6,6
110354,1,1,0,0,0,1,5
9405372,3,3,0,0,3,0,0
9606398,8,4,4,4,5,3,3
102332,9,3,6,22,0,9,35
103101,5,4,1,1,4,1,3
202134,3,1,2,3,2,1,1
5140,2,2,0,0,0,2,10
9910555,0,0,0,0,0,0,0
210352,2,2,0,0,0,2,2
9802272,2,1,1,1,0,2,11
9606439,1,1,0,0,1,0,0
9907326,0,0,0,0,0,0,0
9705260,5,2,3,4,0,5,15
9412370,0,0,0,0,0,0,0
9802363,0,0,0,0,0,0,0
206090,1,1,0,0,0,1,1
207070,5,1,4,8,4,1,1
9304204,7,2,5,8,7,0,0
9708362,2,2,0,0,0,2,5
8227,3,1,2,3,2,1,1
9805421,10,1,9,20,10,0,0
9610352,4,2,2,3,0,4,17
7017,1,1,0,0,0,1,17
109027,2,2,0,0,0,2,4
3191,2,1,1,1,0,2,7
9907518,1,1,0,0,0,1,1
9402303,1,1,0,0,1,0,0
9905329,7,7,0,0,0,7,78
12311,5,1,4,6,0,5,12
9404274,4,4,0,0,4,0,0
9410352,2,2,0,0,2,0,0
9511443,11,3,8,12,11,0,0
202221,1,1,0,0,1,0,0
9605265,1,1,0,0,1,0,0
10078,1,1,0,0,0,1,2
9909452,4,1,3,3,0,4,5
9904505,22,3,19,81,1,21,127
3112,1,1,0,0,1,0,0
9909510,1,1,0,0,0,1,3
9601370,3,1,2,2,0,3,11
9802205,0,0,0,0,0,0,0
9902481,6,3,3,3,0,6,20
9505261,1,1,0,0,1,0,0
209224,0,0,0,0,0,0,0
9603442,6,3,3,6,5,1,1
9403234,0,0,0,0,0,0,0
9908265,18,7,11,39,0,18,174
107107,0,0,0,0,0,0,0
9708378,0,0,0,0,0,0,0
2110,1,1,0,0,0,1,1
202043,2,2,0,0,0,2,8
105206,0,0,0,0,0,0,0
9505339,4,1,3,4,4,0,0
9311251,0,0,0,0,0,0,0
112274,8,3,5,10,0,8,24
9805385,3,2,1,1,0,3,6
9312325,3,3,0,0,3,0,0
9903348,0,0,0,0,0,0,0
7240,6,4,2,4,0,6,22
206293,2,1,1,1,0,2,8
9903313,1,1,0,0,1,0,0
9804387,2,1,1,1,0,2,10
9311227,4,3,1,2,0,4,10
9712543,0,0,0,0,0,0,0
9708392,0,0,0,0,0,0,0
9604314,3,2,1,1,3,0,0
9805260,3,1,2,2,0,3,3
9904317,3,2,1,1,3,0,0
9311319,5,3,2,6,5,0,0
9603438,1,1,0,0,0,1,5
9711265,0,0,0,0,0,0,0
9905268,2,2,0,0,0,2,2
9806373,3,3,0,0,1,2,13
9703292,4,1,3,5,0,4,4
8008,0,0,0,0,0,0,0
9907547,7,3,4,9,0,7,38
9409319,2,1,1,1,0,2,3
109037,3,1,2,2,0,3,7
101229,1,1,0,0,0,1,2
9605203,1,1,0,0,1,0,0
9605234,18,3,15,56,6,12,15
9803361,1,1,0,0,0,1,1
9705225,1,1,0,0,0,1,5
9411405,3,1,2,3,3,0,0
9902236,8,1,7,11,2,6,9
9610243,2,2,0,0,0,2,9
9602368,3,3,0,0,0,3,6
9407374,5,3,2,2,5,0,0
107005,1,1,0,0,0,1,6
9801347,8,1,7,15,5,3,3
7063,1,1,0,0,0,1,5
7144,6,3,3,6,2,4,4
202246,7,4,3,5,0,7,38
107022,2,2,0,0,0,2,11
9712328,3,2,1,2,0,3,3
9212309,2,2,0,0,2,0,0
9607417,0,0,0,0,0,0,0
205038,5,1,4,8,0,5,71
211080,2,2,0,0,0,2,23
9810484,1,1,0,0,1,0,0
9911346,2,1,1,1,0,2,3
212048,1,1,0,0,0,1,3
9806520,1,1,0,0,0,1,10
9064,0,0,0,0,0,0,0
9906215,2,2,0,0,0,2,5
9612216,1,1,0,0,0,1,5
9510391,0,0,0,0,0,0,0
9509416,4,1,3,5,0,4,4
8080,2,2,0,0,0,2,11
201053,5,1,4,10,0,5,5
9710363,3,2,1,1,1,2,2
202011,3,1,2,2,0,3,4
9710397,2,2,0,0,0,2,16
107226,0,0,0,0,0,0,0
9809222,3,1,2,3,0,3,6
205230,3,1,2,2,0,3,13
110091,2,2,0,0,2,0,0
107297,0,0,0,0,0,0,0
5144,10,3,7,14,0,10,74
9308366,2,1,1,1,2,0,0
9703356,4,1,3,5,4,0,0
103210,3,3,0,0,0,3,29
9611419,0,0,0,0,0,0,0
9806297,0,0,0,0,0,0,0
9602407,10,3,7,10,10,0,0
9510256,2,2,0,0,2,0,0
9505271,4,3,1,1,0,4,17
103013,1,1,0,0,0,1,1
9801292,5,2,3,4,5,0,0
7327,0,0,0,0,0,0,0
104124,3,2,1,1,0,3,11
108083,0,0,0,0,0,0,0
9304233,1,1,0,0,1,0,0
108189,3,2,1,1,0,3,14
9501273,3,1,2,3,3,0,0
205243,0,0,0,0,0,0,0
9812464,3,2,1,2,3,0,0
207061,1,1,0,0,1,0,0
9502403,3,3,0,0,3,0,0
6300,1,1,0,0,0,1,4
9408351,4,3,1,1,4,0,0
209126,1,1,0,0,0,1,2
5077,4,2,2,5,0,4,12
108272,2,1,1,1,2,0,0
9607441,1,1,0,0,0,1,7
9405377,1,1,0,0,1,0,0
9810378,0,0,0,0,0,0,0
9812501,2,1,1,1,0,2,6
9807551,6,3,3,5,3,3,4
9411398,0,0,0,0,0,0,0
209142,0,0,0,0,0,0,0
9906554,1,1,0,0,0,1,5
9603447,2,1,1,1,1,1,2
9116,3,3,0,0,0,3,6
9705214,1,1,0,0,1,0,0
3300,8,2,6,14,0,8,33
9404232,3,1,2,2,0,3,3
207013,4,1,3,6,0,4,20
9309228,4,3,1,1,4,0,0
205136,1,1,0,0,0,1,5
9511369,2,1,1,1,0,2,2
9910417,0,0,0,0,0,0,0
9606294,3,3,0,0,3,0,0
301261,1,1,0,0,0,1,11
9608326,0,0,0,0,0,0,0
9611314,0,0,0,0,0,0,0
9909527,0,0,0,0,0,0,0
9608409,7,1,6,17,0,7,14
208034,1,1,0,0,0,1,5
9812531,4,1,3,3,4,0,0
212406,1,1,0,0,0,1,8
211038,1,1,0,0,0,1,4
6357,0,0,0,0,0,0,0
9911498,3,1,2,2,0,3,11
7345,2,1,1,1,1,1,4
9805450,0,0,0,0,0,0,0
8212,1,1,0,0,0,1,2
9909286,5,2,3,3,5,0,0
112188,0,0,0,0,0,0,0
9905424,1,1,0,0,0,1,1
108105,2,2,0,0,2,0,0
107188,2,1,1,1,0,2,4
9811284,1,1,0,0,0,1,3
9410408,4,1,3,5,0,4,4
9501274,1,1,0,0,1,0,0
9407269,1,1,0,0,1,0,0
5327,0,0,0,0,0,0,0
3061,1,1,0,0,1,0,0
9312226,5,1,4,7,5,0,0
10275,1,1,0,0,0,1,4
110404,2,1,1,1,0,2,4
9912509,1,1,0,0,1,0,0
9702240,1,1,0,0,1,0,0
9506401,0,0,0,0,0,0,0
9411209,1,1,0,0,1,0,0
110379,0,0,0,0,0,0,0
103313,2,2,0,0,0,2,2
105190,0,0,0,0,0,0,0
9506288,0,0,0,0,0,0,0
109041,2,1,1,1,0,2,51
208089,4,1,3,6,0,4,53
9801265,1,1,0,0,0,1,10
9703392,1,1,0,0,1,0,0
109223,3,2,1,1,1,2,6
9802232,0,0,0,0,0,0,0
210411,3,3,0,0,1,2,8
9408211,2,2,0,0,2,0,0
9306286,0,0,0,0,0,0,0
9611457,0,0,0,0,0,0,0
9709396,0,0,0,0,0,0,0
9307359,1,1,0,0,1,0,0
208181,0,0,0,0,0,0,0
9810511,1,1,0,0,0,1,4
9502250,8,7,1,2,0,8,23
9612336,2,1,1,1,2,0,0
207113,0,0,0,0,0,0,0
201187,0,0,0,0,0,0,0
203185,0,0,0,0,0,0,0
210394,0,0,0,0,0,0,0
11349,0,0,0,0,0,0,0
9503270,2,1,1,1,2,0,0
111295,1,1,0,0,0,1,4
209156,1,1,0,0,1,0,0
209091,2,2,0,0,0,2,23
9711505,0,0,0,0,0,0,0
9611384,0,0,0,0,0,0,0
9606394,1,1,0,0,1,0,0
109049,2,1,1,1,1,1,1
9303222,1,1,0,0,1,0,0
9204235,2,1,1,1,2,0,0
104297,2,2,0,0,2,0,0
207226,2,1,1,1,0,2,30
2175,0,0,0,0,0,0,0
208189,3,3,0,0,0,3,15
208001,0,0,0,0,0,0,0
9610290,0,0,0,0,0,0,0
9407210,0,0,0,0,0,0,0
9609356,0,0,0,0,0,0,0
11318,1,1,0,0,1,0,0
107032,1,1,0,0,0,1,3
111208,3,1,2,3,1,2,6
9409322,0,0,0,0,0,0,0
9501294,0,0,0,0,0,0,0
105233,5,3,2,2,0,5,77
9304227,1,1,0,0,1,0,0
208155,2,1,1,1,0,2,8
9510229,0,0,0,0,0,0,0
9905353,0,0,0,0,0,0,0
2117,1,1,0,0,1,0,0
9605328,3,1,2,3,1,2,5
9904427,0,0,0,0,0,0,0
106283,0,0,0,0,0,0,0
9408366,4,4,0,0,4,0,0
9812401,0,0,0,0,0,0,0
9812373,0,0,0,0,0,0,0
9808464,1,1,0,0,0,1,3
9612290,2,1,1,1,2,0,0
9708491,3,3,0,0,1,2,10
109050,0,0,0,0,0,0,0
9511294,0,0,0,0,0,0,0
9712258,2,2,0,0,0,2,6
9906427,0,0,0,0,0,0,0
9806347,1,1,0,0,1,0,0
6113,1,1,0,0,0,1,1
207159,0,0,0,0,0,0,0
9804356,4,4,0,0,4,0,0
208018,0,0,0,0,0,0,0
9810463,5,3,2,2,0,5,7
1079,1,1,0,0,0,1,8
111335,5,1,4,8,0,5,7
9309327,1,1,0,0,1,0,0
9511425,0,0,0,0,0,0,0
9211289,2,2,0,0,2,0,0
1153,0,0,0,0,0,0,0
210346,0,0,0,0,0,0,0
9804440,1,1,0,0,1,0,0
301090,0,0,0,0,0,0,0
9907453,0,0,0,0,0,0,0
203160,0,0,0,0,0,0,0
212086,0,0,0,0,0,0,0
9802283,0,0,0,0,0,0,0
205239,1,1,0,0,0,1,13
9810265,0,0,0,0,0,0,0
110415,0,0,0,0,0,0,0
110184,1,1,0,0,0,1,13
3247,1,1,0,0,0,1,4
212112,1,1,0,0,0,1,3
9712521,0,0,0,0,0,0,0
108006,0,0,0,0,0,0,0
105208,1,1,0,0,0,1,4
2023,3,1,2,3,0,3,16
211460,0,0,0,0,0,0,0
206251,0,0,0,0,0,0,0
204052,1,1,0,0,0,1,4
106309,2,1,1,1,1,1,1
9801239,1,1,0,0,0,1,1
9803307,1,1,0,0,1,0,0
301047,0,0,0,0,0,0,0
11040,2,1,1,1,0,2,6
9906328,2,2,0,0,0,2,4
212295,1,1,0,0,0,1,4
9910325,1,1,0,0,0,1,7
9604366,5,4,1,2,5,0,0
8170,0,0,0,0,0,0,0
9811220,0,0,0,0,0,0,0
102177,0,0,0,0,0,0,0
9905235,0,0,0,0,0,0,0
9811432,0,0,0,0,0,0,0
211342,3,2,1,1,0,3,22
9607255,1,1,0,0,1,0,0
9411322,1,1,0,0,1,0,0
9604241,0,0,0,0,0,0,0
4063,2,2,0,0,0,2,7
9909262,1,1,0,0,0,1,1
2076,2,1,1,1,0,2,8
9904326,1,1,0,0,1,0,0
109071,0,0,0,0,0,0,0
111381,1,1,0,0,0,1,1
9807561,0,0,0,0,0,0,0
9807493,3,3,0,0,0,3,5
110347,2,1,1,1,0,2,4
206189,1,1,0,0,0,1,2
302149,0,0,0,0,0,0,0
9901390,1,1,0,0,1,0,0
9603319,0,0,0,0,0,0,0
201024,0,0,0,0,0,0,0
111329,0,0,0,0,0,0,0
201240,2,1,1,1,0,2,9
210351,1,1,0,0,0,1,2
211268,3,1,2,3,0,3,5
9902212,1,1,0,0,1,0,0
108066,1,1,0,0,0,1,2
105189,0,0,0,0,0,0,0
1032,0,0,0,0,0,0,0
9512254,0,0,0,0,0,0,0
211337,0,0,0,0,0,0,0
2018,0,0,0,0,0,0,0
9805511,0,0,0,0,0,0,0
9810385,1,1,0,0,0,1,2
9510414,0,0,0,0,0,0,0
301199,0,0,0,0,0,0,0
9221,0,0,0,0,0,0,0
9807463,1,1,0,0,0,1,2
9610257,0,0,0,0,0,0,0
207082,0,0,0,0,0,0,0
9904446,0,0,0,0,0,0,0
9409257,1,1,0,0,1,0,0
11142,0,0,0,0,0,0,0
9707219,0,0,0,0,0,0,0
9909345,0,0,0,0,0,0,0
211395,1,1,0,0,0,1,19
205252,0,0,0,0,0,0,0
9605393,1,1,0,0,1,0,0
207100,0,0,0,0,0,0,0
111163,1,1,0,0,0,1,4
209118,0,0,0,0,0,0,0
9701263,0,0,0,0,0,0,0
109039,0,0,0,0,0,0,0
9812500,0,0,0,0,0,0,0
12277,0,0,0,0,0,0,0
302107,0,0,0,0,0,0,0
10186,1,1,0,0,1,0,0
9912468,1,1,0,0,1,0,0
111261,0,0,0,0,0,0,0
211311,0,0,0,0,0,0,0
211170,0,0,0,0,0,0,0
210302,0,0,0,0,0,0,0
210006,0,0,0,0,0,0,0
107228,1,1,0,0,1,0,0
202070,0,0,0,0,0,0,0
302186,0,0,0,0,0,0,0
9072,1,1,0,0,0,1,1
9901372,0,0,0,0,0,0,0
9708466,1,1,0,0,0,1,3
302265,0,0,0,0,0,0,0
9812502,1,1,0,0,0,1,3
104234,0,0,0,0,0,0,0
9807252,2,2,0,0,2,0,0
9804373,1,1,0,0,0,1,5
6055,0,0,0,0,0,0,0
204230,1,1,0,0,0,1,4
211094,0,0,0,0,0,0,0
102188,1,1,0,0,0,1,9
9270,0,0,0,0,0,0,0
211032,0,0,0,0,0,0,0
208210,2,1,1,1,1,1,1
9806283,0,0,0,0,0,0,0
9805329,0,0,0,0,0,0,0
101317,1,1,0,0,0,1,2
203250,0,0,0,0,0,0,0
9703339,1,1,0,0,1,0,0
201153,0,0,0,0,0,0,0
106241,0,0,0,0,0,0,0
212297,0,0,0,0,0,0,0
2045,0,0,0,0,0,0,0
9805320,0,0,0,0,0,0,0
9906229,0,0,0,0,0,0,0
9812431,0,0,0,0,0,0,0
211279,1,1,0,0,0,1,1
209063,1,1,0,0,0,1,7
9910409,0,0,0,0,0,0,0
111181,0,0,0,0,0,0,0
1263,1,1,0,0,0,1,1
9606401,1,1,0,0,1,0,0
9807512,0,0,0,0,0,0,0
102239,0,0,0,0,0,0,0
212031,0,0,0,0,0,0,0
9402344,0,0,0,0,0,0,0
208255,0,0,0,0,0,0,0
9811459,1,1,0,0,1,0,0
8330,0,0,0,0,0,0,0
9204203,1,1,0,0,1,0,0
9707495,3,2,1,1,0,3,6
9705424,0,0,0,0,0,0,0
9907527,0,0,0,0,0,0,0
9411414,1,1,0,0,1,0,0
9610366,0,0,0,0,0,0,0
9709299,0,0,0,0,0,0,0
106338,1,1,0,0,0,1,8
301243,0,0,0,0,0,0,0
208082,0,0,0,0,0,0,0
212186,0,0,0,0,0,0,0
9606481,1,1,0,0,0,1,1
9610347,0,0,0,0,0,0,0
9303318,0,0,0,0,0,0,0
212376,0,0,0,0,0,0,0
203120,0,0,0,0,0,0,0
101187,0,0,0,0,0,0,0
205140,0,0,0,0,0,0,0
9707538,0,0,0,0,0,0,0
9071,0,0,0,0,0,0,0
206031,0,0,0,0,0,0,0
301075,0,0,0,0,0,0,0
301073,1,1,0,0,0,1,11
101200,2,2,0,0,2,0,0
110288,0,0,0,0,0,0,0
9908472,0,0,0,0,0,0,0
9901284,0,0,0,0,0,0,0
206171,1,1,0,0,1,0,0
9807363,0,0,0,0,0,0,0
10109,0,0,0,0,0,0,0
9804218,0,0,0,0,0,0,0
202085,1,1,0,0,0,1,5
9264,0,0,0,0,0,0,0
107235,0,0,0,0,0,0,0
9511450,0,0,0,0,0,0,0
9909565,0,0,0,0,0,0,0
207188,0,0,0,0,0,0,0
9512362,0,0,0,0,0,0,0
301087,0,0,0,0,0,0,0
7013,0,0,0,0,0,0,0
211429,0,0,0,0,0,0,0
9907308,0,0,0,0,0,0,0
9406314,0,0,0,0,0,0,0
9702268,0,0,0,0,0,0,0
9609366,1,1,0,0,1,0,0
9909457,0,0,0,0,0,0,0
212032,0,0,0,0,0,0,0
9712375,1,1,0,0,1,0,0
211010,0,0,0,0,0,0,0
203157,1,1,0,0,1,0,0
6144,0,0,0,0,0,0,0
9604409,0,0,0,0,0,0,0
9606258,2,1,1,1,2,0,0
9411400,1,1,0,0,1,0,0
9405221,1,1,0,0,1,0,0
9612395,0,0,0,0,0,0,0
9912371,0,0,0,0,0,0,0
9607344,1,1,0,0,1,0,0
9901251,0,0,0,0,0,0,0
9507464,0,0,0,0,0,0,0
209308,0,0,0,0,0,0,0
9706254,0,0,0,0,0,0,0
9402300,0,0,0,0,0,0,0
9708293,0,0,0,0,0,0,0
9907558,0,0,0,0,0,0,0
302270,0,0,0,0,0,0,0
202148,0,0,0,0,0,0,0
102220,0,0,0,0,0,0,0
9610216,0,0,0,0,0,0,0
9905433,0,0,0,0,0,0,0
9911501,0,0,0,0,0,0,0
9706499,0,0,0,0,0,0,0
9408263,0,0,0,0,0,0,0
1125,0,0,0,0,0,0,0
9811435,0,0,0,0,0,0,0
302213,0,0,0,0,0,0,0
9803429,0,0,0,0,0,0,0
7077,0,0,0,0,0,0,0
5231,0,0,0,0,0,0,0
9711366,0,0,0,0,0,0,0
9911483,0,0,0,0,0,0,0
301136,0,0,0,0,0,0,0
208108,0,0,0,0,0,0,0
206255,0,0,0,0,0,0,0
212145,0,0,0,0,0,0,0
211176,0,0,0,0,0,0,0
106006,1,1,0,0,1,0,0
207150,0,0,0,0,0,0,0
9309215,1,1,0,0,1,0,0
206129,0,0,0,0,0,0,0
3193,0,0,0,0,0,0,0
106349,0,0,0,0,0,0,0
4174,0,0,0,0,0,0,0
212188,0,0,0,0,0,0,0
302037,0,0,0,0,0,0,0
210300,0,0,0,0,0,0,0
9708379,0,0,0,0,0,0,0
204114,0,0,0,0,0,0,0
1245,0,0,0,0,0,0,0
106092,0,0,0,0,0,0,0
9510335,0,0,0,0,0,0,0
9708424,0,0,0,0,0,0,0
9807314,0,0,0,0,0,0,0
101255,0,0,0,0,0,0,0
9806264,0,0,0,0,0,0,0
9407256,0,0,0,0,0,0,0
205119,0,0,0,0,0,0,0
6330,0,0,0,0,0,0,0
9910507,0,0,0,0,0,0,0
302026,0,0,0,0,0,0,0
9907313,0,0,0,0,0,0,0
9809542,0,0,0,0,0,0,0
207187,0,0,0,0,0,0,0
12330,0,0,0,0,0,0,0
9906294,0,0,0,0,0,0,0
9239,0,0,0,0,0,0,0
302045,0,0,0,0,0,0,0
110223,0,0,0,0,0,0,0
110039,0,0,0,0,0,0,0
9511356,0,0,0,0,0,0,0
9910386,0,0,0,0,0,0,0
302246,0,0,0,0,0,0,0
301091,0,0,0,0,0,0,0
302214,0,0,0,0,0,0,0
9710497,0,0,0,0,0,0,0
9212203,61,2,59,669,61,0,0
9402363,20,3,17,117,1,19,62
9707293,1,1,0,0,0,1,2
106233,3,3,0,0,0,3,5
206024,3,3,0,0,0,3,30
9611367,23,3,20,93,1,22,64
9710237,5,2,3,4,0,5,9
9608269,13,2,11,25,1,12,28
9712400,10,2,8,26,10,0,0
2205,1,1,0,0,0,1,7
9907422,31,4,27,178,0,31,299
9402224,12,1,11,24,11,1,1
9603374,40,4,36,179,7,33,69
9602396,15,1,14,43,0,15,73
9308292,29,3,26,99,29,0,0
9501219,1,1,0,0,1,0,0
9903262,15,4,11,19,0,15,124
9606411,68,5,63,510,5,63,259
9905240,24,1,23,159,12,12,17
9902293,14,7,7,17,0,14,116
9504222,16,3,13,45,2,14,24
9510367,6,5,1,1,0,6,33
9807305,14,4,10,35,1,13,69
9910230,20,1,19,69,1,19,55
9605214,12,5,7,21,8,4,4
9704366,4,1,3,3,0,4,22
9807315,4,1,3,4,0,4,12
9607251,23,4,19,62,7,16,34
9303202,56,12,44,202,56,0,0
9505248,90,3,87,977,90,0,0
9707477,9,3,6,14,2,7,64
9504327,98,1,97,982,5,93,365
9612446,51,4,47,398,1,50,480
105200,4,1,3,4,1,3,23
9907341,26,3,23,162,26,0,0
9806471,42,3,39,248,2,40,333
9612464,28,4,24,81,0,28,266
9708264,8,3,5,5,1,7,61
9403266,50,5,45,309,50,0,0
104126,12,3,9,16,0,12,81
9903305,14,6,8,17,0,14,134
9506313,12,4,8,14,2,10,12
9506374,67,1,66,674,7,60,152
102295,2,1,1,1,0,2,11
9702414,15,3,12,30,1,14,33
9810386,10,5,5,8,1,9,12
9512253,19,2,17,45,2,17,24
9709243,33,7,26,111,0,33,103
9401208,7,6,1,2,0,7,13
9304267,30,6,24,136,13,17,22
9811270,1,1,0,0,0,1,6
9806435,7,2,5,6,7,0,0
9606364,5,3,2,2,1,4,15
9310208,8,2,6,11,8,0,0
9607290,17,3,14,31,8,9,12
9311290,24,1,23,76,24,0,0
9809451,23,3,20,84,1,22,31
5035,2,1,1,1,0,2,7
9506208,16,7,9,22,3,13,41
9703446,5,2,3,3,0,5,19
9608247,12,2,10,28,0,12,75
9601307,14,2,12,39,6,8,13
9903518,4,2,2,2,0,4,34
9509230,6,1,5,13,0,6,12
9602349,9,3,6,15,0,9,43
9903239,11,4,7,14,0,11,138
9611344,7,3,4,7,7,0,0
9406318,23,2,21,105,8,15,15
4060,3,2,1,1,0,3,8
9301236,33,4,29,196,33,0,0
9906485,18,6,12,31,0,18,200
9608299,8,3,5,11,0,8,14
9704452,83,6,77,558,6,77,408
9706207,15,5,10,25,1,14,64
5114,3,1,2,3,0,3,53
9910563,5,2,3,4,0,5,28
9707263,26,3,23,92,0,26,110
9808444,62,2,60,846,0,62,216
9909296,13,2,11,42,0,13,100
9910225,41,3,38,203,0,41,586
9705438,2,2,0,0,0,2,2
109095,14,4,10,27,0,14,101
9705252,11,3,8,13,0,11,46
9604349,8,2,6,10,1,7,7
9505350,28,4,24,76,0,28,86
9505302,5,2,3,4,2,3,3
9904438,3,1,2,3,0,3,18
4050,16,3,13,42,0,16,118
9612253,16,2,14,52,1,15,33
101208,3,2,1,2,0,3,11
9906509,6,6,0,0,6,0,0
9802440,86,7,79,741,3,83,419
9712254,9,3,6,11,5,4,4
9703299,67,6,61,681,0,67,310
9808346,10,5,5,5,2,8,26
9402210,47,5,42,301,47,0,0
9606281,12,1,11,32,9,3,5
205162,1,1,0,0,1,0,0
9610208,16,4,12,26,1,15,31
101250,6,1,5,6,0,6,44
7227,14,3,11,20,1,13,57
9702404,9,3,6,20,0,9,15
9208238,15,4,11,57,15,0,0
111064,10,6,4,4,0,10,150
11313,3,3,0,0,0,3,28
102312,30,2,28,148,5,25,25
9701301,33,4,29,132,2,31,176
3186,28,3,25,101,0,28,181
8237,23,4,19,83,0,23,294
9809438,18,6,12,23,3,15,42
9709473,8,2,6,10,0,8,20
206184,0,0,0,0,0,0,0
9407229,5,4,1,1,0,5,9
9502289,58,4,54,448,0,58,161
9203223,20,2,18,64,20,0,0
9605310,2,1,1,1,1,1,4
9705221,16,4,12,24,2,14,18
9711223,30,5,25,67,0,30,145
9708452,8,2,6,11,0,8,34
9904495,12,3,9,18,0,12,75
9908505,14,4,10,25,0,14,183
9509286,19,2,17,70,19,0,0
7032,26,1,25,147,0,26,136
201206,21,4,17,61,1,20,71
208050,2,1,1,1,0,2,16
103201,13,1,12,57,13,0,0
201232,15,1,14,54,0,15,227
9606428,21,5,16,43,8,13,22
1166,23,7,16,27,0,23,191
9906542,8,2,6,10,0,8,19
9909480,34,2,32,118,0,34,319
103125,75,5,70,728,2,73,231
9511422,18,1,17,42,18,0,0
1128,5,1,4,7,1,4,12
9209296,18,2,16,78,18,0,0
4193,5,1,4,6,1,4,5
201207,0,0,0,0,0,0,0
201071,10,1,9,19,0,10,162
5181,14,5,9,25,1,13,37
9908384,8,1,7,9,0,8,14
9706329,16,1,15,69,0,16,135
9706541,5,3,2,3,0,5,45
9509355,34,6,28,72,0,34,170
101048,3,1,2,2,1,2,5
9203215,5,2,3,5,5,0,0
9703389,8,3,5,9,5,3,3
202150,0,0,0,0,0,0,0
9909502,11,1,10,26,0,11,19
9708214,7,3,4,8,0,7,73
9712213,16,2,14,30,0,16,138
9410228,4,1,3,6,0,4,8
10066,6,2,4,9,6,0,0
9406206,6,2,4,12,0,6,11
9806249,10,6,4,5,1,9,21
9310236,46,2,44,330,46,0,0
3107,22,1,21,79,0,22,338
9712352,8,5,3,3,8,0,0
9609490,9,2,7,11,6,3,3
9903268,19,6,13,30,0,19,50
9603366,40,9,31,92,7,33,53
9707220,7,5,2,4,6,1,1
9701413,8,1,7,20,0,8,40
9510254,11,1,10,31,1,10,25
9907204,5,1,4,4,0,5,13
9805475,2,2,0,0,0,2,2
9512309,5,1,4,10,5,0,0
9303216,4,1,3,4,4,0,0
9405320,40,3,37,174,40,0,0
9511263,7,6,1,4,0,7,42
9706476,25,5,20,75,0,25,111
9302298,10,6,4,15,10,0,0
9704318,2,1,1,1,0,2,2
9411211,79,2,77,809,79,0,0
9612364,58,1,57,497,1,57,439
9403288,16,1,15,64,7,9,9
9408340,5,4,1,1,5,0,0
9708325,2,1,1,1,0,2,8
9604301,22,2,20,88,2,20,75
9810467,3,1,2,2,0,3,6
9702243,12,3,9,19,2,10,16
9909461,6,1,5,8,0,6,14
9702395,2,1,1,1,0,2,2
9312210,20,5,15,75,12,8,8
9905295,20,3,17,102,0,20,450
9809209,3,2,1,1,0,3,31
4255,11,2,9,22,0,11,79
9902427,5,4,1,1,1,4,15
9711426,13,3,10,20,12,1,1
9812280,4,3,1,1,0,4,33
211370,0,0,0,0,0,0,0
5203,0,0,0,0,0,0,0
9603413,3,1,2,3,3,0,0
9709498,4,2,2,3,2,2,2
105311,20,3,17,64,0,20,154
9303256,5,4,1,1,3,2,2
9606346,22,5,17,65,22,0,0
9602351,37,2,35,210,7,30,72
9902343,13,2,11,34,2,11,48
9904234,20,1,19,153,0,20,313
9801411,12,1,11,26,1,11,21
9907559,19,4,15,42,0,19,144
11026,8,3,5,7,0,8,58
9510210,2,1,1,1,0,2,4
9510460,4,1,3,3,0,4,9
9806240,8,3,5,7,3,5,5
110121,18,2,16,51,0,18,83
9801298,9,1,8,11,0,9,24
9703332,22,3,19,89,0,22,146
9711435,11,2,9,15,0,11,93
9504399,3,2,1,1,0,3,8
9804209,34,5,29,88,0,34,139
9804299,14,2,12,49,0,14,99
9604376,12,3,9,24,0,12,87
9807250,8,2,6,12,2,6,7
9703293,0,0,0,0,0,0,0
9311298,10,1,9,31,10,0,0
9205222,2,1,1,1,2,0,0
9803310,4,2,2,3,0,4,9
9610549,22,1,21,84,17,5,5
9701379,7,1,6,12,0,7,7
9806476,1,1,0,0,1,0,0
3305,5,5,0,0,0,5,11
9210219,13,4,9,22,13,0,0
106356,14,2,12,35,0,14,34
9703244,2,2,0,0,0,2,4
9802412,10,7,3,6,0,10,57
9406224,15,2,13,53,15,0,0
4027,20,2,18,80,0,20,83
9807443,41,4,37,141,0,41,477
9308359,6,2,4,6,6,0,0
9025,3,1,2,3,0,3,6
112138,4,2,2,3,0,4,21
9902356,6,4,2,2,0,6,9
9708211,8,2,6,12,0,8,32
9406208,4,2,2,3,4,0,0
9206212,5,3,2,3,5,0,0
9710308,4,1,3,5,4,0,0
9503233,14,5,9,21,3,11,15
201002,2,2,0,0,0,2,7
9811230,1,1,0,0,1,0,0
9504431,10,3,7,14,0,10,44
9501297,7,2,5,9,7,0,0
9501384,58,3,55,292,19,39,68
9809538,4,2,2,2,0,4,12
103050,15,1,14,57,0,15,32
9402292,2,1,1,1,2,0,0
9611364,14,3,11,28,0,14,88
9505285,20,6,14,40,9,11,11
9306264,16,2,14,40,0,16,30
9604270,8,3,5,9,1,7,23
9904236,20,3,17,50,4,16,63
9231,0,0,0,0,0,0,0
9310304,2,1,1,1,2,0,0
204099,0,0,0,0,0,0,0
9902328,3,2,1,1,0,3,33
9212252,4,2,2,3,0,4,4
9803460,14,1,13,56,3,11,11
9708410,2,2,0,0,1,1,2
3177,9,2,7,18,1,8,26
9912311,14,3,11,18,1,13,70
9508237,1,1,0,0,0,1,2
201052,9,1,8,21,0,9,51
9707445,8,3,5,8,0,8,8
205261,20,1,19,66,0,20,92
108021,38,1,37,218,0,38,246
202167,9,1,8,16,0,9,116
9508401,7,1,6,16,7,0,0
9812499,10,4,6,15,2,8,8
7266,12,4,8,19,0,12,52
9812421,2,1,1,1,0,2,6
9906476,2,2,0,0,0,2,23
9401202,15,2,13,47,15,0,0
9504252,3,2,1,1,1,2,4
9511407,14,2,12,34,0,14,74
5326,0,0,0,0,0,0,0
102093,21,3,18,64,0,21,277
9905309,26,2,24,82,3,23,87
9704213,16,3,13,27,0,16,60
9605314,5,2,3,5,5,0,0
9409401,4,1,3,4,1,3,4
9904491,7,2,5,9,0,7,26
9611321,5,3,2,2,0,5,44
9610236,2,1,1,1,0,2,6
207123,1,1,0,0,0,1,5
9801403,5,2,3,6,5,0,0
9909537,0,0,0,0,0,0,0
9806207,3,1,2,3,2,1,1
9404354,4,3,1,1,4,0,0
9806537,14,2,12,49,0,14,123
9412375,4,3,1,1,4,0,0
10332,2,2,0,0,0,2,6
9810412,8,2,6,25,0,8,19
103335,16,2,14,74,0,16,193
9403233,1,1,0,0,0,1,1
9702421,18,1,17,80,18,0,0
7246,3,2,1,1,0,3,14
9610255,7,4,3,4,0,7,14
9506388,6,1,5,7,6,0,0
9712418,5,1,4,7,0,5,9
9707227,8,1,7,10,0,8,182
9909551,2,2,0,0,2,0,0
9608389,5,2,3,4,0,5,11
9311346,5,5,0,0,2,3,4
9903508,3,2,1,1,0,3,9
9509333,6,2,4,6,1,5,5
9908268,9,2,7,18,1,8,16
9605313,9,2,7,15,0,9,9
104220,4,1,3,4,4,0,0
9407343,11,2,9,26,11,0,0
9911213,4,1,3,4,0,4,13
8022,12,4,8,18,0,12,44
4066,13,3,10,24,1,12,21
9405271,19,3,16,55,0,19,95
9511306,0,0,0,0,0,0,0
206150,2,1,1,1,0,2,2
9810480,3,2,1,1,0,3,10
108061,4,2,2,2,0,4,11
9701390,28,1,27,139,28,0,0
9411237,15,3,12,29,7,8,8
9705377,7,1,6,12,2,5,5
9509371,6,3,3,6,0,6,40
9702368,3,1,2,2,0,3,4
9511343,9,2,7,10,0,9,40
9412234,1,1,0,0,1,0,0
9803453,13,4,9,14,0,13,35
9703257,7,5,2,4,0,7,15
9507332,7,1,6,11,7,0,0
9909403,1,1,0,0,0,1,2
6165,1,1,0,0,0,1,6
9506270,9,2,7,20,6,3,3
11172,6,2,4,5,0,6,44
102228,8,3,5,9,0,8,99
9905252,6,3,3,6,0,6,39
205117,5,2,3,5,0,5,32
9408359,16,1,15,44,16,0,0
102022,4,2,2,4,1,3,5
9310270,3,1,2,2,3,0,0
9905576,2,1,1,1,0,2,12
205202,0,0,0,0,0,0,0
9708262,4,3,1,1,1,3,3
9903335,4,4,0,0,0,4,23
203150,4,3,1,1,0,4,41
12085,10,3,7,16,0,10,117
9712389,8,4,4,9,0,8,48
2154,3,3,0,0,2,1,1
9608447,6,2,4,7,6,0,0
8321,7,1,6,20,2,5,9
9708398,5,4,1,1,5,0,0
9807519,7,1,6,12,0,7,31
8041,13,2,11,37,0,13,31
9603203,2,1,1,1,2,0,0
9510306,1,1,0,0,1,0,0
9804298,17,1,16,77,1,16,86
9512443,0,0,0,0,0,0,0
9408248,10,7,3,3,6,4,5
9910444,19,1,18,80,0,19,110
9706488,1,1,0,0,0,1,1
9708247,8,2,6,14,8,0,0
9807286,9,3,6,11,1,8,13
9706394,5,3,2,4,5,0,0
5234,11,2,9,20,0,11,101
209346,0,0,0,0,0,0,0
9207226,9,1,8,13,9,0,0
9505259,14,3,11,29,5,9,15
210362,0,0,0,0,0,0,0
212107,1,1,0,0,0,1,6
9704250,14,4,10,27,1,13,65
9303231,9,5,4,9,6,3,4
104058,2,2,0,0,0,2,4
11244,3,3,0,0,0,3,27
9504388,6,1,5,8,6,0,0
10040,5,3,2,3,0,5,12
209130,3,2,1,1,1,2,6
9709501,2,1,1,1,0,2,3
108085,25,3,22,102,0,25,217
9906359,7,3,4,4,0,7,12
10057,4,1,3,4,4,0,0
9712250,4,2,2,3,2,2,3
9410233,6,4,2,4,0,6,27
9810394,1,1,0,0,0,1,2
208266,2,1,1,1,0,2,16
7135,1,1,0,0,0,1,3
201129,1,1,0,0,0,1,6
9907373,8,2,6,18,3,5,5
111070,0,0,0,0,0,0,0
9511449,2,2,0,0,1,1,2
9405270,5,3,2,3,5,0,0
103121,6,2,4,5,0,6,53
211359,0,0,0,0,0,0,0
9406316,8,2,6,22,3,5,5
9307344,8,7,1,2,2,6,12
101046,1,1,0,0,0,1,12
9605312,15,6,9,24,6,9,9
9605444,14,2,12,45,4,10,28
9607409,2,2,0,0,2,0,0
9606212,14,3,11,53,0,14,74
9812446,7,1,6,7,1,6,20
211252,1,1,0,0,0,1,10
111094,4,3,1,1,0,4,21
9303239,5,3,2,4,5,0,0
9705266,4,2,2,2,4,0,0
9602226,2,2,0,0,0,2,4
9902396,1,1,0,0,0,1,9
9705282,7,2,5,10,2,5,17
9512260,3,3,0,0,0,3,6
204210,0,0,0,0,0,0,0
11352,4,2,2,2,0,4,26
9608333,0,0,0,0,0,0,0
11048,8,3,5,7,0,8,47
9610330,0,0,0,0,0,0,0
207184,3,3,0,0,0,3,33
202203,1,1,0,0,0,1,6
9807486,6,1,5,7,0,6,16
9711298,6,3,3,6,1,5,14
9806214,2,2,0,0,0,2,4
112216,4,3,1,2,0,4,16
207347,0,0,0,0,0,0,0
202016,3,3,0,0,0,3,20
102224,8,1,7,14,0,8,51
9601291,5,1,4,5,5,0,0
2261,0,0,0,0,0,0,0
9710239,3,2,1,1,0,3,6
9408294,3,2,1,1,0,3,3
9412361,1,1,0,0,0,1,6
2114,2,1,1,1,0,2,23
9809593,1,1,0,0,0,1,3
9707491,4,2,2,3,0,4,5
9711236,14,2,12,22,1,13,60
105025,5,2,3,5,0,5,46
9409225,9,3,6,14,9,0,0
9508360,0,0,0,0,0,0,0
9801454,1,1,0,0,0,1,5
9709358,5,2,3,6,5,0,0
9411370,0,0,0,0,0,0,0
103177,0,0,0,0,0,0,0
9406378,7,2,5,11,0,7,14
9310344,3,2,1,2,3,0,0
9906338,5,1,4,9,0,5,55
9811212,11,1,10,40,0,11,84
6295,4,1,3,6,0,4,55
101199,0,0,0,0,0,0,0
9705261,6,2,4,5,1,5,5
9806298,12,3,9,25,2,10,30
2113,0,0,0,0,0,0,0
9612203,8,1,7,22,8,0,0
9909349,0,0,0,0,0,0,0
9807384,4,1,3,3,1,3,11
110202,0,0,0,0,0,0,0
9910514,1,1,0,0,1,0,0
9404301,1,1,0,0,0,1,1
7209,2,1,1,1,2,0,0
9504243,1,1,0,0,1,0,0
9311265,4,4,0,0,2,2,2
10208,4,1,3,6,0,4,33
6304,3,2,1,2,1,2,2
9711363,19,2,17,65,1,18,66
9510205,1,1,0,0,1,0,0
9811260,5,2,3,3,0,5,32
201214,0,0,0,0,0,0,0
9802235,2,2,0,0,0,2,6
9603223,1,1,0,0,0,1,1
9704326,2,2,0,0,0,2,5
208085,1,1,0,0,0,1,10
209192,1,1,0,0,0,1,9
9507452,5,2,3,3,1,4,8
9508339,1,1,0,0,0,1,8
102083,0,0,0,0,0,0,0
9705423,10,4,6,22,0,10,10
8141,7,3,4,8,2,5,5
9705374,4,2,2,3,4,0,0
9807431,0,0,0,0,0,0,0
8243,5,1,4,7,5,0,0
9406211,2,2,0,0,2,0,0
9412295,5,4,1,1,5,0,0
9809498,10,1,9,28,0,10,76
110106,1,1,0,0,0,1,1
2255,3,2,1,1,0,3,11
111109,2,1,1,1,0,2,21
9911533,8,2,6,14,0,8,9
9411282,9,3,6,14,2,7,7
8271,0,0,0,0,0,0,0
302254,0,0,0,0,0,0,0
9608255,3,2,1,1,0,3,9
9312358,3,3,0,0,3,0,0
202009,10,2,8,18,0,10,66
9906291,1,1,0,0,0,1,10
9410355,2,2,0,0,2,0,0
9706421,5,1,4,6,0,5,13
202228,2,1,1,1,0,2,7
9710481,0,0,0,0,0,0,0
9707301,7,3,4,7,5,2,2
105142,5,1,4,10,0,5,29
9601344,8,4,4,8,8,0,0
9906443,3,2,1,1,1,2,2
8038,9,6,3,3,0,9,22
9302320,1,1,0,0,1,0,0
2290,7,1,6,11,0,7,7
205219,4,1,3,3,0,4,44
9403310,15,9,6,6,2,13,23
9811430,0,0,0,0,0,0,0
9603224,0,0,0,0,0,0,0
9312360,4,2,2,3,4,0,0
9802293,1,1,0,0,0,1,2
202078,3,2,1,1,0,3,3
209290,5,1,4,7,0,5,25
9401245,5,2,3,5,5,0,0
9911222,2,2,0,0,1,1,2
108091,2,1,1,1,1,1,1
9906442,7,1,6,10,0,7,7
9501387,19,1,18,99,19,0,0
9155,2,1,1,1,0,2,24
110105,10,1,9,23,0,10,57
9910229,6,1,5,9,0,6,22
9909215,1,1,0,0,1,0,0
9403251,1,1,0,0,1,0,0
9805251,10,3,7,13,0,10,84
102044,1,1,0,0,0,1,3
9212273,1,1,0,0,1,0,0
9209242,1,1,0,0,1,0,0
9304213,0,0,0,0,0,0,0
7215,6,4,2,2,3,3,3
9604263,1,1,0,0,1,0,0
11235,1,1,0,0,0,1,2
103212,1,1,0,0,0,1,2
9910432,7,1,6,10,0,7,22
9806202,3,2,1,1,3,0,0
106244,0,0,0,0,0,0,0
9710390,1,1,0,0,0,1,1
9901266,5,1,4,7,0,5,28
9507423,0,0,0,0,0,0,0
9904387,0,0,0,0,0,0,0
11303,1,1,0,0,0,1,3
9302291,7,6,1,3,7,0,0
9604414,0,0,0,0,0,0,0
9712545,0,0,0,0,0,0,0
9805463,0,0,0,0,0,0,0
9509244,2,1,1,1,2,0,0
9811483,2,2,0,0,0,2,2
10270,2,1,1,1,0,2,4
9611315,5,2,3,4,5,0,0
9512445,6,1,5,9,4,2,2
9210251,6,6,0,0,6,0,0
110208,7,3,4,7,0,7,30
9904415,1,1,0,0,1,0,0
9805377,2,1,1,1,0,2,2
9806282,3,3,0,0,0,3,12
9912284,7,2,5,7,0,7,40
109068,4,2,2,2,0,4,11
9709332,2,2,0,0,2,0,0
9901454,1,1,0,0,0,1,4
9409318,1,1,0,0,0,1,1
9709247,1,1,0,0,0,1,1
9706213,1,1,0,0,1,0,0
9703308,1,1,0,0,1,0,0
106154,0,0,0,0,0,0,0
9606270,0,0,0,0,0,0,0
9709211,8,2,6,16,0,8,56
9606262,1,1,0,0,0,1,5
9605256,1,1,0,0,0,1,9
9906445,13,1,12,43,1,12,24
9708254,0,0,0,0,0,0,0
207025,1,1,0,0,0,1,2
4185,1,1,0,0,1,0,0
205170,3,2,1,1,0,3,8
9403323,10,4,6,13,2,8,15
4271,9,3,6,16,4,5,5
9906245,0,0,0,0,0,0,0
9407312,1,1,0,0,0,1,1
9509261,7,1,6,14,2,5,5
9506397,2,1,1,1,0,2,2
9808440,2,1,1,1,0,2,10
9606371,2,2,0,0,0,2,2
9907241,8,4,4,7,1,7,34
9701357,0,0,0,0,0,0,0
9606313,4,4,0,0,0,4,7
9605348,8,1,7,17,8,0,0
104104,5,3,2,3,0,5,8
9805340,10,4,6,17,0,10,16
9512413,2,1,1,1,0,2,2
102335,3,1,2,3,0,3,5
1326,0,0,0,0,0,0,0
9339,3,3,0,0,0,3,20
9811421,1,1,0,0,0,1,1
203071,0,0,0,0,0,0,0
9507312,2,1,1,1,0,2,7
203222,5,2,3,6,0,5,59
205153,6,2,4,6,0,6,21
111236,3,3,0,0,0,3,8
110079,0,0,0,0,0,0,0
208205,2,2,0,0,0,2,7
10129,1,1,0,0,1,0,0
6215,2,2,0,0,1,1,5
9711509,4,2,2,3,0,4,11
9804388,6,2,4,5,0,6,37
9903372,5,3,2,4,0,5,34
9702222,5,1,4,4,0,5,7
8138,3,3,0,0,0,3,3
111421,0,0,0,0,0,0,0
201310,0,0,0,0,0,0,0
204255,2,1,1,1,0,2,12
9710282,0,0,0,0,0,0,0
9903206,3,2,1,1,1,2,2
9909427,4,3,1,3,0,4,11
209111,1,1,0,0,0,1,6
103209,1,1,0,0,1,0,0
111435,0,0,0,0,0,0,0
9311299,2,2,0,0,0,2,7
9401212,3,1,2,2,2,1,1
9910389,0,0,0,0,0,0,0
8309,1,1,0,0,0,1,1
9511412,1,1,0,0,0,1,3
112130,0,0,0,0,0,0,0
9810446,9,2,7,10,4,5,5
9906371,3,3,0,0,1,2,9
9609422,1,1,0,0,0,1,3
3085,2,1,1,1,1,1,2
9807260,2,1,1,1,0,2,2
208069,5,4,1,1,0,5,50
204242,2,2,0,0,0,2,5
9609229,5,3,2,2,5,0,0
9210207,1,1,0,0,1,0,0
7293,5,1,4,4,0,5,22
9507279,2,1,1,1,0,2,2
201186,1,1,0,0,0,1,1
202244,0,0,0,0,0,0,0
205133,0,0,0,0,0,0,0
9704211,0,0,0,0,0,0,0
9904259,1,1,0,0,0,1,2
9409258,1,1,0,0,1,0,0
9608261,2,2,0,0,0,2,2
5149,3,1,2,2,0,3,37
9912209,0,0,0,0,0,0,0
9605331,0,0,0,0,0,0,0
205177,1,1,0,0,0,1,6
9807247,2,1,1,1,2,0,0
9509306,0,0,0,0,0,0,0
9802330,2,2,0,0,0,2,8
9303203,2,2,0,0,2,0,0
2016,5,1,4,5,0,5,7
9406365,3,3,0,0,2,1,1
9606326,2,2,0,0,1,1,1
9502305,7,4,3,4,7,0,0
9209278,4,3,1,1,4,0,0
9811455,4,1,3,5,0,4,7
206212,0,0,0,0,0,0,0
208058,3,1,2,3,0,3,12
201120,0,0,0,0,0,0,0
9810530,6,2,4,8,0,6,9
9609348,7,2,5,9,0,7,22
9907208,0,0,0,0,0,0,0
9610351,0,0,0,0,0,0,0
206113,1,1,0,0,0,1,4
9911400,2,2,0,0,2,0,0
9205246,5,2,3,4,5,0,0
9901343,1,1,0,0,0,1,6
9805353,6,2,4,7,0,6,16
9807475,1,1,0,0,1,0,0
9904312,2,2,0,0,0,2,2
211434,1,1,0,0,0,1,25
107197,2,2,0,0,0,2,10
9806310,1,1,0,0,1,0,0
6093,1,1,0,0,0,1,3
9812204,0,0,0,0,0,0,0
202014,0,0,0,0,0,0,0
9507227,0,0,0,0,0,0,0
9412280,2,1,1,1,0,2,4
111375,1,1,0,0,0,1,7
9411386,2,1,1,1,2,0,0
9711205,1,1,0,0,1,0,0
207229,0,0,0,0,0,0,0
9412313,0,0,0,0,0,0,0
9502342,4,2,2,2,0,4,12
9804333,0,0,0,0,0,0,0
3230,0,0,0,0,0,0,0
9905357,1,1,0,0,1,0,0
107120,0,0,0,0,0,0,0
9802397,5,1,4,7,2,3,3
102031,0,0,0,0,0,0,0
9908407,0,0,0,0,0,0,0
204018,0,0,0,0,0,0,0
107070,0,0,0,0,0,0,0
209286,0,0,0,0,0,0,0
9809422,1,1,0,0,0,1,3
9404268,2,2,0,0,2,0,0
9218,1,1,0,0,0,1,4
9608240,0,0,0,0,0,0,0
9905331,1,1,0,0,0,1,4
9406360,1,1,0,0,1,0,0
210037,3,1,2,3,0,3,42
9407257,0,0,0,0,0,0,0
9409306,0,0,0,0,0,0,0
9906299,5,2,3,4,2,3,3
301119,0,0,0,0,0,0,0
211462,2,2,0,0,0,2,12
9804243,0,0,0,0,0,0,0
9811419,0,0,0,0,0,0,0
9805474,0,0,0,0,0,0,0
9811336,0,0,0,0,0,0,0
9408387,7,3,4,7,7,0,0
206138,2,2,0,0,0,2,3
9706469,1,1,0,0,1,0,0
9503286,1,1,0,0,0,1,3
9801325,1,1,0,0,0,1,2
112343,1,1,0,0,0,1,17
9503212,3,3,0,0,3,0,0
9701331,1,1,0,0,1,0,0
112040,1,1,0,0,0,1,1
9510394,0,0,0,0,0,0,0
9610435,1,1,0,0,0,1,2
9510215,0,0,0,0,0,0,0
9407202,1,1,0,0,1,0,0
9609506,0,0,0,0,0,0,0
9511400,0,0,0,0,0,0,0
5184,0,0,0,0,0,0,0
9411244,1,1,0,0,1,0,0
9512377,4,1,3,3,4,0,0
9502381,1,1,0,0,1,0,0
9310275,2,1,1,1,2,0,0
3039,3,2,1,1,3,0,0
9150,1,1,0,0,0,1,4
9907277,0,0,0,0,0,0,0
107147,6,2,4,6,0,6,81
9804452,3,2,1,1,3,0,0
9405293,0,0,0,0,0,0,0
9505377,0,0,0,0,0,0,0
9603286,0,0,0,0,0,0,0
9702391,0,0,0,0,0,0,0
9906537,0,0,0,0,0,0,0
9803252,3,1,2,3,3,0,0
103021,0,0,0,0,0,0,0
9411319,1,1,0,0,1,0,0
210175,0,0,0,0,0,0,0
9503298,0,0,0,0,0,0,0
9904400,0,0,0,0,0,0,0
9612476,0,0,0,0,0,0,0
1053,0,0,0,0,0,0,0
9907519,2,2,0,0,2,0,0
9710303,0,0,0,0,0,0,0
9508203,0,0,0,0,0,0,0
104147,1,1,0,0,1,0,0
9808475,0,0,0,0,0,0,0
9811288,0,0,0,0,0,0,0
9406326,0,0,0,0,0,0,0
11146,2,2,0,0,2,0,0
9510353,0,0,0,0,0,0,0
9909210,0,0,0,0,0,0,0
208105,0,0,0,0,0,0,0
9507330,1,1,0,0,1,0,0
209025,0,0,0,0,0,0,0
9306302,0,0,0,0,0,0,0
1298,0,0,0,0,0,0,0
9802335,0,0,0,0,0,0,0
206263,1,1,0,0,1,0,0
9311338,0,0,0,0,0,0,0
105101,3,2,1,1,0,3,13
9903546,0,0,0,0,0,0,0
1141,1,1,0,0,0,1,2
112118,5,1,4,6,0,5,9
9402346,1,1,0,0,1,0,0
9410257,1,1,0,0,1,0,0
9711269,0,0,0,0,0,0,0
9238,0,0,0,0,0,0,0
2087,0,0,0,0,0,0,0
9902424,1,1,0,0,0,1,1
9803325,1,1,0,0,0,1,2
210215,0,0,0,0,0,0,0
106318,1,1,0,0,0,1,1
107224,4,2,2,2,0,4,37
9706485,2,2,0,0,0,2,6
206037,0,0,0,0,0,0,0
101119,2,1,1,1,0,2,21
110412,2,2,0,0,0,2,10
111265,0,0,0,0,0,0,0
9809394,1,1,0,0,0,1,4
9806327,3,1,2,2,3,0,0
9612375,2,2,0,0,0,2,2
112070,1,1,0,0,1,0,0
302163,0,0,0,0,0,0,0
9811449,0,0,0,0,0,0,0
211221,1,1,0,0,1,0,0
103333,2,1,1,1,0,2,4
11276,2,1,1,1,0,2,8
206217,3,2,1,1,3,0,0
9811368,0,0,0,0,0,0,0
112147,0,0,0,0,0,0,0
203161,4,2,2,3,0,4,51
9909351,0,0,0,0,0,0,0
212390,0,0,0,0,0,0,0
211223,0,0,0,0,0,0,0
105256,0,0,0,0,0,0,0
9906214,0,0,0,0,0,0,0
9509291,1,1,0,0,0,1,3
211466,0,0,0,0,0,0,0
9512270,1,1,0,0,1,0,0
203217,0,0,0,0,0,0,0
9712308,1,1,0,0,1,0,0
203032,0,0,0,0,0,0,0
9401243,1,1,0,0,1,0,0
9501271,1,1,0,0,1,0,0
205200,0,0,0,0,0,0,0
204015,0,0,0,0,0,0,0
9909257,2,2,0,0,0,2,2
9806304,0,0,0,0,0,0,0
9608380,0,0,0,0,0,0,0
9112,1,1,0,0,0,1,5
209054,1,1,0,0,0,1,6
111345,0,0,0,0,0,0,0
9711214,3,1,2,3,0,3,5
101125,3,1,2,3,0,3,3
9910509,5,4,1,3,0,5,18
205183,2,1,1,1,0,2,4
212024,0,0,0,0,0,0,0
3043,1,1,0,0,0,1,1
9808370,1,1,0,0,0,1,2
9902468,0,0,0,0,0,0,0
103089,0,0,0,0,0,0,0
106062,0,0,0,0,0,0,0
6028,1,1,0,0,0,1,8
9909283,1,1,0,0,1,0,0
9407277,1,1,0,0,1,0,0
102183,1,1,0,0,0,1,5
9803437,0,0,0,0,0,0,0
9407201,0,0,0,0,0,0,0
206109,1,1,0,0,0,1,3
9704240,1,1,0,0,0,1,3
102299,2,2,0,0,0,2,11
202146,0,0,0,0,0,0,0
9908461,3,1,2,2,0,3,6
9809586,0,0,0,0,0,0,0
3319,0,0,0,0,0,0,0
9608262,1,1,0,0,1,0,0
9802435,0,0,0,0,0,0,0
109265,4,2,2,2,0,4,24
9802228,1,1,0,0,1,0,0
9607369,0,0,0,0,0,0,0
211165,0,0,0,0,0,0,0
9407275,1,1,0,0,1,0,0
9510337,0,0,0,0,0,0,0
210391,1,1,0,0,0,1,4
9511374,1,1,0,0,0,1,7
3234,5,2,3,9,0,5,22
201272,4,2,2,2,0,4,7
9164,0,0,0,0,0,0,0
202250,3,1,2,3,0,3,9
204309,0,0,0,0,0,0,0
105095,0,0,0,0,0,0,0
9712327,0,0,0,0,0,0,0
9509395,0,0,0,0,0,0,0
210335,1,1,0,0,0,1,5
9905333,1,1,0,0,1,0,0
2200,2,2,0,0,2,0,0
9812425,0,0,0,0,0,0,0
204215,0,0,0,0,0,0,0
210261,1,1,0,0,0,1,8
104023,0,0,0,0,0,0,0
112268,3,3,0,0,0,3,6
9902433,0,0,0,0,0,0,0
112318,0,0,0,0,0,0,0
211330,0,0,0,0,0,0,0
104015,0,0,0,0,0,0,0
103134,0,0,0,0,0,0,0
9506221,0,0,0,0,0,0,0
302201,1,1,0,0,0,1,1
9805415,0,0,0,0,0,0,0
212122,0,0,0,0,0,0,0
2140,0,0,0,0,0,0,0
9907366,0,0,0,0,0,0,0
7145,0,0,0,0,0,0,0
9703383,0,0,0,0,0,0,0
9709226,0,0,0,0,0,0,0
101320,1,1,0,0,0,1,7
9801400,0,0,0,0,0,0,0
6170,0,0,0,0,0,0,0
208077,0,0,0,0,0,0,0
9901263,0,0,0,0,0,0,0
212042,0,0,0,0,0,0,0
6163,1,1,0,0,0,1,2
201011,1,1,0,0,0,1,10
9802288,1,1,0,0,1,0,0
107051,1,1,0,0,1,0,0
103278,0,0,0,0,0,0,0
207237,1,1,0,0,0,1,3
1052,1,1,0,0,1,0,0
9410277,0,0,0,0,0,0,0
210110,1,1,0,0,0,1,1
9903330,0,0,0,0,0,0,0
9603257,0,0,0,0,0,0,0
109099,2,1,1,1,1,1,1
7249,0,0,0,0,0,0,0
9074,1,1,0,0,0,1,3
9908478,2,1,1,1,2,0,0
12310,0,0,0,0,0,0,0
9805479,1,1,0,0,1,0,0
10095,1,1,0,0,0,1,1
9812293,0,0,0,0,0,0,0
111437,0,0,0,0,0,0,0
9906295,0,0,0,0,0,0,0
9701408,0,0,0,0,0,0,0
9508256,0,0,0,0,0,0,0
202079,0,0,0,0,0,0,0
9607348,1,1,0,0,1,0,0
3241,0,0,0,0,0,0,0
9309304,0,0,0,0,0,0,0
9504300,1,1,0,0,1,0,0
211222,0,0,0,0,0,0,0
9704303,1,1,0,0,1,0,0
9607203,0,0,0,0,0,0,0
9905335,2,1,1,1,1,1,1
111197,2,2,0,0,0,2,8
1276,0,0,0,0,0,0,0
9803492,0,0,0,0,0,0,0
207074,0,0,0,0,0,0,0
211339,0,0,0,0,0,0,0
203152,0,0,0,0,0,0,0
9808482,0,0,0,0,0,0,0
204170,0,0,0,0,0,0,0
9502354,0,0,0,0,0,0,0
9801441,0,0,0,0,0,0,0
9905238,0,0,0,0,0,0,0
9708308,0,0,0,0,0,0,0
1195,0,0,0,0,0,0,0
9909424,0,0,0,0,0,0,0
12281,0,0,0,0,0,0,0
204172,1,1,0,0,0,1,4
9607262,0,0,0,0,0,0,0
9702317,0,0,0,0,0,0,0
104065,0,0,0,0,0,0,0
9902366,1,1,0,0,1,0,0
9510368,2,1,1,1,2,0,0
9812405,0,0,0,0,0,0,0
101270,0,0,0,0,0,0,0
9411364,1,1,0,0,0,1,2
10067,0,0,0,0,0,0,0
9910306,0,0,0,0,0,0,0
203268,0,0,0,0,0,0,0
102132,0,0,0,0,0,0,0
9902329,1,1,0,0,0,1,7
207008,1,1,0,0,1,0,0
301041,0,0,0,0,0,0,0
9507456,2,2,0,0,2,0,0
207029,0,0,0,0,0,0,0
302210,0,0,0,0,0,0,0
302022,0,0,0,0,0,0,0
109152,0,0,0,0,0,0,0
101261,0,0,0,0,0,0,0
211067,1,1,0,0,1,0,0
9505264,1,1,0,0,1,0,0
9157,0,0,0,0,0,0,0
204295,1,1,0,0,1,0,0
108183,0,0,0,0,0,0,0
9903430,0,0,0,0,0,0,0
9903434,0,0,0,0,0,0,0
9910340,0,0,0,0,0,0,0
9505376,0,0,0,0,0,0,0
104156,0,0,0,0,0,0,0
9805280,0,0,0,0,0,0,0
9809324,1,1,0,0,1,0,0
9905248,0,0,0,0,0,0,0
106046,0,0,0,0,0,0,0
10139,0,0,0,0,0,0,0
206119,0,0,0,0,0,0,0
9809534,0,0,0,0,0,0,0
8137,0,0,0,0,0,0,0
9706255,1,1,0,0,1,0,0
203269,0,0,0,0,0,0,0
207283,0,0,0,0,0,0,0
212167,1,1,0,0,0,1,4
9603385,0,0,0,0,0,0,0
9605352,0,0,0,0,0,0,0
105070,0,0,0,0,0,0,0
207267,0,0,0,0,0,0,0
9909569,0,0,0,0,0,0,0
9509290,0,0,0,0,0,0,0
3182,0,0,0,0,0,0,0
9707231,0,0,0,0,0,0,0
9803317,1,1,0,0,0,1,2
9810356,1,1,0,0,1,0,0
9511276,0,0,0,0,0,0,0
105106,0,0,0,0,0,0,0
212177,0,0,0,0,0,0,0
9504249,0,0,0,0,0,0,0
9608410,0,0,0,0,0,0,0
206273,1,1,0,0,0,1,2
9803330,0,0,0,0,0,0,0
202061,0,0,0,0,0,0,0
9702323,0,0,0,0,0,0,0
9705212,0,0,0,0,0,0,0
9209,0,0,0,0,0,0,0
9604214,0,0,0,0,0,0,0
302122,0,0,0,0,0,0,0
107333,0,0,0,0,0,0,0
209234,0,0,0,0,0,0,0
208145,0,0,0,0,0,0,0
205017,1,1,0,0,0,1,2
205339,0,0,0,0,0,0,0
9301210,1,1,0,0,1,0,0
212237,0,0,0,0,0,0,0
9905449,0,0,0,0,0,0,0
9702335,0,0,0,0,0,0,0
9608473,0,0,0,0,0,0,0
9707370,0,0,0,0,0,0,0
9811466,0,0,0,0,0,0,0
9705353,0,0,0,0,0,0,0
205055,0,0,0,0,0,0,0
103073,0,0,0,0,0,0,0
207173,0,0,0,0,0,0,0
302135,1,1,0,0,0,1,5
9612432,0,0,0,0,0,0,0
212296,0,0,0,0,0,0,0
209312,0,0,0,0,0,0,0
210344,0,0,0,0,0,0,0
9502347,0,0,0,0,0,0,0
209123,0,0,0,0,0,0,0
9812271,1,1,0,0,1,0,0
9505436,0,0,0,0,0,0,0
9911469,0,0,0,0,0,0,0
210138,0,0,0,0,0,0,0
9808337,0,0,0,0,0,0,0
12112,0,0,0,0,0,0,0
9902444,0,0,0,0,0,0,0
301161,0,0,0,0,0,0,0
9216,1,1,0,0,1,0,0
112038,0,0,0,0,0,0,0
9809241,0,0,0,0,0,0,0
9303284,76,7,69,854,20,56,56
9409437,28,2,26,170,1,27,116
9209291,27,2,25,86,27,0,0
9604312,5,4,1,2,2,3,12
9401258,16,2,14,57,16,0,0
9611455,22,1,21,111,0,22,74
9903289,6,2,4,6,0,6,12
9610446,9,4,5,11,0,9,36
9808433,15,2,13,28,7,8,8
104016,2,2,0,0,1,1,3
9912236,45,3,42,245,1,44,366
9409310,16,3,13,29,10,6,6
9611358,5,1,4,7,0,5,29
9304303,25,3,22,101,9,16,21
9308325,32,3,29,130,32,0,0
9812460,1,1,0,0,0,1,1
9903408,20,5,15,47,0,20,46
9607372,75,6,69,545,4,71,541
9906487,55,2,53,455,0,55,298
9903334,6,2,4,6,0,6,33
9504405,27,3,24,134,27,0,0
9207213,21,5,16,41,21,0,0
9608253,9,4,5,9,1,8,8
2292,9,1,8,14,0,9,55
9606260,44,2,42,236,3,41,124
9302223,31,3,28,154,31,0,0
9606215,12,3,9,24,4,8,14
9706546,4,1,3,5,0,4,15
9304295,56,12,44,221,16,40,40
9506416,65,2,63,536,65,0,0
9709445,6,1,5,8,6,0,0
9505369,40,4,36,181,2,38,98
9702353,14,1,13,43,0,14,88
7360,15,1,14,48,5,10,10
9909202,33,3,30,197,1,32,75
9910396,15,3,12,43,1,14,61
9612468,21,1,20,90,0,21,107
9708377,16,5,11,34,0,16,281
9410388,36,5,31,211,36,0,0
109260,19,6,13,24,0,19,172
9905520,12,3,9,20,0,12,114
9806501,14,5,9,18,1,13,27
9602281,70,3,67,503,0,70,283
104101,6,3,3,3,0,6,23
9704304,8,5,3,8,0,8,13
9912354,5,2,3,3,0,5,9
9612480,18,3,15,39,0,18,65
9801222,14,4,10,24,2,12,63
9311279,4,2,2,2,4,0,0
9305345,48,5,43,361,19,29,29
9310242,27,10,17,91,20,7,7
9811338,1,1,0,0,1,0,0
9606415,6,3,3,4,0,6,37
9901394,15,8,7,15,1,14,29
9611278,2,1,1,1,0,2,4
9401266,24,6,18,65,24,0,0
9810440,8,3,5,9,8,0,0
1040,18,4,14,52,3,15,61
9507216,36,11,25,99,9,27,46
9611224,5,3,2,4,0,5,30
9703291,16,3,13,34,0,16,57
9605206,9,4,5,11,2,7,9
9907363,4,3,1,1,0,4,28
9603287,7,3,4,7,0,7,8
9702415,7,2,5,8,0,7,38
9903422,83,4,79,590,0,83,722
9703435,1,1,0,0,0,1,1
9408276,55,1,54,380,55,0,0
9308232,18,3,15,41,18,0,0
9305241,21,2,19,87,21,0,0
9907545,16,3,13,39,0,16,142
9612448,3,2,1,2,0,3,8
9706274,17,5,12,36,0,17,102
9701304,7,2,5,9,1,6,36
1103,13,0,13,42,0,13,59
9911340,11,2,9,18,0,11,60
202037,7,2,5,6,0,7,97
9810509,56,2,54,589,0,56,214
9909419,25,2,23,130,2,23,458
9910247,29,4,25,140,0,29,289
1171,23,3,20,93,0,23,73
212228,5,1,4,5,0,5,20
9712417,8,6,2,2,1,7,24
9908364,20,2,18,56,20,0,0
9603310,31,8,23,55,0,31,208
9412332,6,2,4,9,5,1,1
9607298,15,3,12,43,0,15,44
102187,13,2,11,33,0,13,48
9703286,18,1,17,75,1,17,37
9811256,8,1,7,19,7,1,2
9908504,36,1,35,172,0,36,413
9807513,77,2,75,573,35,42,48
9806361,11,4,7,16,6,5,9
9703337,55,4,51,403,4,51,214
9405238,18,2,16,43,18,0,0
9406339,30,4,26,142,1,29,36
9603386,10,1,9,29,10,0,0
9410260,4,2,2,2,4,0,0
9610461,10,2,8,20,0,10,144
9408406,66,5,61,543,66,0,0
7270,7,3,4,6,0,7,30
9703345,9,1,8,14,0,9,15
9208248,27,4,23,113,27,0,0
112113,21,4,17,50,0,21,310
12377,8,3,5,8,0,8,50
102315,39,2,37,269,0,39,311
9801246,24,5,19,68,0,24,102
6266,18,2,16,54,0,18,145
9212,16,4,12,42,0,16,166
9907427,10,2,8,19,0,10,38
9803309,9,1,8,27,1,8,19
9508325,18,7,11,16,18,0,0
9408253,27,6,21,79,0,27,121
9505320,54,2,52,400,0,54,200
9403362,22,4,18,77,5,17,30
9608318,12,1,11,26,4,8,31
9909368,9,3,6,11,1,8,10
9902299,3,3,0,0,0,3,18
9702389,22,6,16,41,4,18,48
9905204,10,2,8,14,0,10,73
9908515,7,3,4,8,0,7,67
9509348,93,3,90,940,93,0,0
8287,33,1,32,184,1,32,252
207020,5,3,2,2,0,5,103
207167,2,1,1,1,0,2,16
107057,11,3,8,27,0,11,18
109247,4,1,3,4,0,4,4
9701214,5,3,2,2,0,5,5
8333,6,3,3,5,0,6,94
9909481,23,1,22,68,4,19,54
9705417,26,2,24,131,17,9,10
104041,35,2,33,234,0,35,66
9609525,12,4,8,16,3,9,9
4083,10,1,9,16,3,7,27
9412259,17,2,15,78,17,0,0
9310207,3,2,1,1,3,0,0
112034,2,2,0,0,0,2,9
202170,11,2,9,24,0,11,45
107066,2,2,0,0,0,2,2
9281,5,4,1,1,0,5,18
9808332,14,2,12,41,0,14,171
9707223,23,4,19,59,0,23,266
9510202,31,1,30,104,0,31,94
9403237,11,1,10,28,11,0,0
9212229,9,3,6,11,9,0,0
9704351,11,3,8,17,1,10,39
102090,18,1,17,76,18,0,0
106027,13,3,10,28,0,13,145
9711266,17,3,14,49,1,16,25
9712535,29,3,26,117,0,29,258
9503476,4,2,2,3,1,3,7
9701264,2,1,1,1,0,2,9
9409427,4,2,2,4,0,4,13
9810220,6,2,4,4,1,5,19
9403400,19,2,17,55,19,0,0
4018,8,1,7,19,0,8,33
9808434,6,2,4,6,3,3,3
9509258,14,3,11,42,2,12,16
104117,5,1,4,7,0,5,45
9702263,7,2,5,8,0,7,42
9305306,20,3,17,65,20,0,0
9808248,17,4,13,38,0,17,126
9511397,71,6,65,471,4,67,165
9912271,4,4,0,0,0,4,31
9908339,7,4,3,3,0,7,17
9904492,4,1,3,6,0,4,6
9305340,3,1,2,3,3,0,0
9405388,48,4,44,247,48,0,0
9605271,1,1,0,0,0,1,6
9707244,17,6,11,28,0,17,45
9906337,0,0,0,0,0,0,0
9805228,15,3,12,36,15,0,0
9504219,80,3,77,706,12,68,136
9702409,61,2,59,478,0,61,793
9509294,15,3,12,69,0,15,40
9506454,6,4,2,3,0,6,11
9609457,3,2,1,1,0,3,6
9606356,20,3,17,75,0,20,90
9902312,4,2,2,2,0,4,13
9801431,13,1,12,34,1,12,58
9808327,9,4,5,11,1,8,13
9505281,10,5,5,8,8,2,2
9706489,7,3,4,6,1,6,32
9702393,8,1,7,15,0,8,60
9811240,4,1,3,4,0,4,24
9712401,12,1,11,32,2,10,12
9811404,7,2,5,9,0,7,16
9709460,2,1,1,1,2,0,0
9807229,7,3,4,6,2,5,16
5186,4,2,2,3,0,4,13
9504296,5,4,1,1,2,3,5
9605277,4,2,2,3,1,3,5
9607382,9,3,6,17,0,9,39
106113,6,1,5,9,0,6,13
9310338,11,7,4,5,7,4,4
9709481,4,2,2,2,4,0,0
9706339,31,1,30,179,3,28,102
9904440,14,1,13,32,14,0,0
9904355,27,3,24,182,0,27,257
9803368,29,5,24,112,3,26,163
9812314,1,1,0,0,0,1,4
101127,7,4,3,3,0,7,42
9311356,18,4,14,53,9,9,9
9511345,7,3,4,6,0,7,40
9806241,7,3,4,6,0,7,12
204225,9,3,6,14,0,9,73
9801406,4,4,0,0,0,4,12
9703338,27,1,26,157,0,27,129
9712277,17,3,14,30,0,17,137
9612485,3,2,1,2,0,3,10
9805334,27,4,23,52,0,27,86
9805335,22,2,20,86,1,21,105
9608392,12,7,5,8,0,12,134
9610529,8,1,7,13,1,7,22
9308365,6,3,3,8,6,0,0
9401332,10,1,9,31,1,9,9
101281,0,0,0,0,0,0,0
9702214,5,2,3,6,3,2,2
9412343,6,1,5,14,2,4,9
9709205,13,2,11,26,2,11,26
9807490,3,3,0,0,0,3,9
9305284,19,1,18,56,19,0,0
9401238,8,3,5,8,0,8,8
107291,21,4,17,74,1,20,56
9802448,1,1,0,0,0,1,1
9806277,2,1,1,1,0,2,6
9602354,3,3,0,0,0,3,8
101226,6,1,5,11,0,6,32
9911299,9,3,6,7,0,9,45
9409238,6,2,4,7,2,4,4
9215,3,1,2,3,0,3,7
9803212,12,1,11,27,4,8,19
9906204,3,2,1,1,3,0,0
9708348,24,4,20,48,0,24,44
9807221,0,0,0,0,0,0,0
9907510,22,3,19,56,6,16,22
9801422,1,1,0,0,0,1,2
9611285,5,1,4,5,2,3,4
9808367,6,2,4,5,6,0,0
9506437,6,2,4,5,0,6,23
9703319,19,1,18,61,4,15,46
9606267,10,3,7,13,5,5,5
9707399,0,0,0,0,0,0,0
9709305,3,1,2,3,0,3,4
103069,7,3,4,12,0,7,106
9404208,1,1,0,0,0,1,1
9305267,29,5,24,130,29,0,0
9508362,14,4,10,23,0,14,29
3318,1,1,0,0,0,1,20
9610285,5,3,2,2,0,5,17
5236,5,2,3,4,1,4,8
9910466,7,4,3,4,0,7,113
9410205,3,1,2,2,3,0,0
10142,1,1,0,0,1,0,0
9903276,10,2,8,13,0,10,65
9212280,8,2,6,13,8,0,0
9810307,9,1,8,22,1,8,13
9608233,8,2,6,18,0,8,89
9601278,3,1,2,2,0,3,18
9611359,28,2,26,89,28,0,0
9312248,14,9,5,6,14,0,0
202030,23,4,19,96,1,22,133
9802289,9,6,3,5,1,8,24
206162,25,3,22,71,0,25,170
108139,31,5,26,115,0,31,282
9912223,23,6,17,49,0,23,284
9511252,16,1,15,48,11,5,5
9902385,11,4,7,15,2,9,9
7041,9,2,7,17,0,9,176
6329,4,3,1,1,0,4,34
9401280,0,0,0,0,0,0,0
9408252,1,1,0,0,0,1,1
9504404,10,2,8,14,1,9,9
9810316,0,0,0,0,0,0,0
9503232,6,5,1,1,6,0,0
104038,21,1,20,96,0,21,238
9910438,21,6,15,44,0,21,131
9711504,13,6,7,12,0,13,64
9707360,4,2,2,2,1,3,4
9405225,5,2,3,5,0,5,7
5109,4,3,1,1,0,4,100
9611324,7,5,2,2,0,7,74
9610493,3,2,1,1,0,3,9
109097,3,1,2,3,0,3,6
9809292,3,1,2,3,0,3,8
9510289,13,1,12,27,12,1,1
9708280,3,2,1,1,3,0,0
9405382,5,4,1,2,0,5,15
106346,7,5,2,4,0,7,64
9609310,1,1,0,0,0,1,1
9909348,10,5,5,5,0,10,31
203254,5,2,3,4,0,5,105
1142,21,2,19,100,0,21,64
9310355,5,4,1,1,5,0,0
9906310,14,3,11,22,0,14,109
201287,5,1,4,5,0,5,7
9604394,1,1,0,0,1,0,0
9705315,5,3,2,3,0,5,15
9811365,5,2,3,5,0,5,16
9707299,9,2,7,9,0,9,36
9811469,2,2,0,0,2,0,0
9803360,3,2,1,1,0,3,10
9709318,1,1,0,0,1,0,0
9504377,4,1,3,5,4,0,0
9601375,5,2,3,4,5,0,0
9910244,0,0,0,0,0,0,0
9509216,13,2,11,36,13,0,0
207179,1,1,0,0,0,1,4
9808457,2,1,1,1,0,2,8
9507250,7,2,5,12,7,0,0
9508254,13,5,8,13,9,4,4
6141,4,3,1,2,0,4,8
9405366,6,3,3,6,0,6,34
9303255,18,15,3,4,18,0,0
209316,1,1,0,0,0,1,5
9402308,3,1,2,2,0,3,3
102273,3,1,2,3,1,2,2
9703278,26,2,24,110,0,26,42
9604420,3,2,1,2,2,1,1
9804232,6,1,5,8,0,6,9
9510453,7,2,5,8,0,7,61
9601316,9,2,7,18,4,5,10
9606384,7,5,2,3,0,7,49
9212304,1,1,0,0,1,0,0
9805250,5,2,3,6,0,5,16
9807504,10,4,6,14,2,8,13
9509225,6,1,5,9,6,0,0
102340,2,1,1,1,0,2,5
2276,2,1,1,1,0,2,7
9712320,4,3,1,1,0,4,16
12178,4,4,0,0,0,4,40
9909275,0,0,0,0,0,0,0
9809446,9,4,5,7,0,9,47
205289,9,7,2,4,0,9,61
9810214,2,2,0,0,0,2,2
9904305,0,0,0,0,0,0,0
9403329,2,2,0,0,2,0,0
9606418,2,1,1,1,0,2,10
12304,5,4,1,2,1,4,46
9510346,6,3,3,4,6,0,0
9507459,0,0,0,0,0,0,0
208073,2,2,0,0,0,2,27
105160,14,4,10,22,0,14,195
9807390,7,1,6,11,0,7,115
9708210,3,2,1,1,3,0,0
9703242,1,1,0,0,1,0,0
9001,14,1,13,61,2,12,19
9702264,2,2,0,0,2,0,0
9811370,7,2,5,10,0,7,32
12369,3,1,2,3,0,3,34
9909511,0,0,0,0,0,0,0
9710222,9,4,5,12,0,9,30
9403386,1,1,0,0,0,1,1
9402245,1,1,0,0,1,0,0
107094,1,1,0,0,0,1,12
9911214,19,1,18,63,0,19,101
9405202,5,1,4,6,5,0,0
9806496,9,3,6,18,1,8,28
9901384,16,4,12,36,0,16,84
9805331,2,1,1,1,0,2,2
9908373,2,2,0,0,0,2,26
105302,15,1,14,35,2,13,29
9810210,0,0,0,0,0,0,0
9604442,3,2,1,2,0,3,5
5196,5,3,2,2,1,4,12
9331,5,2,3,8,0,5,18
9602343,23,3,20,51,0,23,118
9304235,5,4,1,2,3,2,5
9603235,1,1,0,0,1,0,0
9612388,2,2,0,0,0,2,6
9708484,1,1,0,0,0,1,6
7277,4,4,0,0,0,4,12
106071,6,3,3,4,0,6,32
9612367,0,0,0,0,0,0,0
112119,20,3,17,82,0,20,149
9905527,1,1,0,0,0,1,1
10096,4,3,1,1,0,4,15
9912383,7,3,4,11,0,7,13
210265,0,0,0,0,0,0,0
9710371,6,2,4,7,0,6,12
206087,5,2,3,5,0,5,19
211074,0,0,0,0,0,0,0
8223,2,1,1,1,0,2,17
12232,20,2,18,39,0,20,70
9307299,1,1,0,0,1,0,0
9308370,3,2,1,1,0,3,3
9902369,2,1,1,1,0,2,2
207324,1,1,0,0,0,1,17
11086,3,2,1,1,1,2,3
9309309,0,0,0,0,0,0,0
9303217,1,1,0,0,0,1,1
9802422,6,3,3,3,0,6,53
9609321,7,6,1,1,3,4,7
9610350,0,0,0,0,0,0,0
9301203,4,3,1,1,4,0,0
9609212,5,4,1,1,0,5,30
9812212,7,3,4,5,0,7,23
9078,2,2,0,0,0,2,5
9903267,0,0,0,0,0,0,0
9411333,9,3,6,12,9,0,0
9805417,3,1,2,3,0,3,3
9908507,1,1,0,0,0,1,2
9810257,5,3,2,3,0,5,53
4015,2,1,1,1,0,2,2
9801370,2,1,1,1,0,2,5
9510399,3,3,0,0,3,0,0
5049,9,1,8,15,0,9,83
9312350,31,6,25,50,31,0,0
4240,1,1,0,0,0,1,10
9512397,1,1,0,0,1,0,0
210339,0,0,0,0,0,0,0
202275,2,2,0,0,0,2,49
9810473,4,3,1,1,0,4,28
9908479,0,0,0,0,0,0,0
9906385,1,1,0,0,0,1,9
111432,10,2,8,21,0,10,47
102279,12,4,8,15,0,12,88
205160,3,1,2,2,0,3,56
102303,9,3,6,11,1,8,49
9510452,1,1,0,0,1,0,0
9502359,9,3,6,24,3,6,6
9804402,0,0,0,0,0,0,0
9611442,2,2,0,0,2,0,0
9412258,0,0,0,0,0,0,0
7137,3,2,1,1,0,3,45
9906424,18,1,17,78,1,17,81
9610487,0,0,0,0,0,0,0
9711277,11,2,9,16,1,10,28
105037,13,3,10,20,0,13,162
9208228,9,4,5,9,9,0,0
9504325,1,1,0,0,1,0,0
12254,2,1,1,1,0,2,7
106120,6,2,4,9,0,6,114
9403359,6,3,3,4,6,0,0
9803336,2,2,0,0,0,2,2
9501404,6,1,5,11,0,6,24
9405278,2,2,0,0,0,2,12
9910240,4,2,2,3,0,4,40
9901323,12,1,11,45,0,12,21
5019,7,3,4,11,0,7,98
9609530,5,1,4,8,0,5,15
9910361,1,1,0,0,0,1,1
9808454,13,4,9,16,0,13,41
9801281,3,2,1,1,0,3,7
9711333,10,3,7,23,2,8,14
9607450,1,1,0,0,1,0,0
9801418,1,1,0,0,0,1,3
102172,3,2,1,1,3,0,0
9908410,1,1,0,0,1,0,0
207157,2,2,0,0,0,2,18
101110,3,1,2,3,0,3,9
9502414,0,0,0,0,0,0,0
9205218,1,1,0,0,1,0,0
9605375,3,2,1,1,0,3,27
9810489,3,1,2,3,3,0,0
9803365,10,5,5,20,0,10,74
9508210,1,1,0,0,0,1,1
9709240,0,0,0,0,0,0,0
11308,3,2,1,1,0,3,27
9505331,1,1,0,0,0,1,1
9411288,3,3,0,0,1,2,2
9312243,4,3,1,2,4,0,0
11365,8,4,4,7,0,8,35
204173,4,1,3,3,1,3,8
9602269,4,3,1,1,2,2,4
9510412,1,1,0,0,0,1,7
12364,2,2,0,0,2,0,0
9903446,4,1,3,5,0,4,8
6159,6,1,5,9,1,5,7
9909214,5,2,3,8,0,5,13
9804216,1,1,0,0,1,0,0
207014,1,1,0,0,0,1,2
9305235,0,0,0,0,0,0,0
9701305,3,2,1,1,2,1,6
9810297,8,2,6,14,0,8,85
206064,0,0,0,0,0,0,0
9810456,5,2,3,4,5,0,0
9812313,3,2,1,2,0,3,7
208123,2,2,0,0,0,2,13
9312220,10,2,8,23,10,0,0
4184,6,2,4,8,0,6,26
108202,5,1,4,4,0,5,11
9207246,7,1,6,11,7,0,0
9312270,1,1,0,0,1,0,0
106035,3,2,1,1,0,3,14
9904332,0,0,0,0,0,0,0
9506449,2,2,0,0,2,0,0
9802226,3,2,1,1,0,3,9
203044,1,1,0,0,0,1,3
9708337,2,2,0,0,1,1,1
212393,0,0,0,0,0,0,0
202194,9,1,8,22,9,0,0
202186,0,0,0,0,0,0,0
4155,2,2,0,0,2,0,0
108213,10,2,8,14,0,10,56
9807474,2,2,0,0,0,2,8
105100,8,2,6,9,2,6,14
205098,2,1,1,1,0,2,13
9501312,6,4,2,2,0,6,10
9804258,4,2,2,3,2,2,4
9601245,1,1,0,0,0,1,1
9405224,3,3,0,0,3,0,0
9801417,0,0,0,0,0,0,0
9612241,4,1,3,3,4,0,0
12113,2,1,1,1,2,0,0
9403339,7,3,4,8,4,3,3
9603406,2,1,1,1,2,0,0
205245,2,1,1,1,0,2,2
9908459,0,0,0,0,0,0,0
9601376,12,1,11,38,0,12,22
9607312,1,1,0,0,0,1,5
112125,8,2,6,12,1,7,29
9310222,6,4,2,3,5,1,1
9910235,2,1,1,1,1,1,1
9310321,3,3,0,0,3,0,0
9902322,4,2,2,2,0,4,37
9908514,6,1,5,13,6,0,0
9809584,0,0,0,0,0,0,0
9810542,0,0,0,0,0,0,0
9904367,7,1,6,20,1,6,31
9170,6,3,3,3,1,5,9
9803217,0,0,0,0,0,0,0
9503477,11,3,8,12,8,3,3
9411315,0,0,0,0,0,0,0
110345,3,1,2,3,0,3,7
9412282,6,1,5,6,1,5,10
104072,2,2,0,0,0,2,2
9703270,3,2,1,1,2,1,1
9608223,11,1,10,35,0,11,27
9307253,4,4,0,0,4,0,0
9608412,10,2,8,16,10,0,0
9910390,1,1,0,0,0,1,7
9508212,0,0,0,0,0,0,0
9610211,0,0,0,0,0,0,0
9609380,2,2,0,0,1,1,2
9412357,2,2,0,0,2,0,0
9601287,2,1,1,1,2,0,0
9809258,1,1,0,0,0,1,1
209005,1,1,0,0,0,1,7
9709230,6,2,4,4,3,3,3
9412254,7,1,6,6,7,0,0
9512341,3,3,0,0,0,3,9
210304,0,0,0,0,0,0,0
9904271,0,0,0,0,0,0,0
9706418,0,0,0,0,0,0,0
206306,8,6,2,3,0,8,70
9611209,2,2,0,0,0,2,4
204244,7,5,2,6,0,7,58
209314,0,0,0,0,0,0,0
9206222,3,1,2,2,2,1,1
9310380,1,1,0,0,1,0,0
211195,1,1,0,0,0,1,2
201309,1,1,0,0,1,0,0
9609338,0,0,0,0,0,0,0
1226,0,0,0,0,0,0,0
9303221,4,3,1,2,4,0,0
9711318,8,2,6,16,0,8,48
9802302,1,1,0,0,0,1,3
9610385,1,1,0,0,0,1,11
9608222,4,3,1,1,0,4,10
2068,0,0,0,0,0,0,0
112284,3,2,1,1,0,3,14
209246,0,0,0,0,0,0,0
204141,1,1,0,0,0,1,2
9812451,0,0,0,0,0,0,0
106312,4,1,3,5,0,4,6
9209284,1,1,0,0,1,0,0
9512446,1,1,0,0,0,1,10
9812441,3,2,1,2,0,3,14
9510236,3,2,1,1,0,3,3
201025,0,0,0,0,0,0,0
9609314,3,1,2,3,0,3,11
9908528,10,2,8,17,1,9,34
209376,1,1,0,0,0,1,16
9811272,1,1,0,0,0,1,2
9612326,11,2,9,45,11,0,0
9803203,0,0,0,0,0,0,0
9904386,4,1,3,6,0,4,14
110255,0,0,0,0,0,0,0
103172,3,2,1,1,1,2,4
9811410,8,6,2,2,0,8,35
9909250,10,4,6,9,0,10,56
9606420,0,0,0,0,0,0,0
9802380,0,0,0,0,0,0,0
9509347,6,6,0,0,0,6,15
202074,5,2,3,7,0,5,6
205233,4,1,3,3,0,4,23
11091,6,2,4,8,0,6,25
9602408,1,1,0,0,1,0,0
203061,0,0,0,0,0,0,0
9901410,0,0,0,0,0,0,0
8327,0,0,0,0,0,0,0
9803248,2,1,1,1,0,2,6
9805499,4,2,2,2,0,4,21
9607288,0,0,0,0,0,0,0
12109,1,1,0,0,0,1,2
2223,4,1,3,3,2,2,3
9601350,5,3,2,4,5,0,0
7234,6,4,2,2,0,6,33
204332,4,3,1,1,0,4,25
9710393,0,0,0,0,0,0,0
9304253,1,1,0,0,1,0,0
111002,0,0,0,0,0,0,0
3307,6,1,5,5,0,6,20
9809268,1,1,0,0,1,0,0
101131,1,1,0,0,1,0,0
9711201,17,3,14,57,0,17,72
211026,0,0,0,0,0,0,0
9811399,1,1,0,0,1,0,0
8160,0,0,0,0,0,0,0
9707361,1,1,0,0,1,0,0
5076,9,2,7,22,0,9,32
9905210,4,4,0,0,1,3,3
9904226,5,3,2,3,0,5,15
9709209,2,2,0,0,0,2,2
112203,0,0,0,0,0,0,0
7191,4,3,1,2,0,4,42
206266,7,2,5,8,0,7,82
101145,0,0,0,0,0,0,0
9608267,2,2,0,0,2,0,0
9303254,1,1,0,0,1,0,0
108187,4,3,1,1,0,4,22
9507331,1,1,0,0,0,1,2
9909514,3,2,1,1,3,0,0
10032,2,2,0,0,2,0,0
209233,4,3,1,1,0,4,45
9502400,2,2,0,0,2,0,0
9901316,2,2,0,0,0,2,26
109249,0,0,0,0,0,0,0
9412363,10,3,7,13,10,0,0
5177,2,1,1,1,0,2,5
9912208,1,1,0,0,1,0,0
9511399,2,1,1,1,2,0,0
202226,1,1,0,0,0,1,5
9809314,1,1,0,0,0,1,1
9902227,1,1,0,0,0,1,9
9804267,3,2,1,1,0,3,8
204269,0,0,0,0,0,0,0
106024,4,2,2,3,0,4,22
9301292,5,4,1,2,5,0,0
9501291,0,0,0,0,0,0,0
9706350,8,2,6,9,8,0,0
9211285,2,2,0,0,2,0,0
9905444,6,1,5,10,0,6,17
9903522,0,0,0,0,0,0,0
208153,5,3,2,3,4,1,1
9512350,0,0,0,0,0,0,0
9607486,4,1,3,5,0,4,4
9710528,4,2,2,2,0,4,18
9804312,0,0,0,0,0,0,0
9502344,0,0,0,0,0,0,0
208259,1,1,0,0,0,1,2
9909398,1,1,0,0,1,0,0
9308345,3,2,1,1,0,3,3
9812259,1,1,0,0,0,1,3
103166,0,0,0,0,0,0,0
9801339,1,1,0,0,1,0,0
9609241,0,0,0,0,0,0,0
208143,0,0,0,0,0,0,0
210023,1,1,0,0,0,1,6
9810438,0,0,0,0,0,0,0
102032,2,1,1,1,2,0,0
9903318,2,2,0,0,0,2,3
9704446,0,0,0,0,0,0,0
9310374,2,2,0,0,2,0,0
9811359,1,1,0,0,1,0,0
207085,0,0,0,0,0,0,0
9809411,3,2,1,1,2,1,1
9609243,1,1,0,0,1,0,0
206085,2,2,0,0,2,0,0
7016,1,1,0,0,0,1,10
9512202,0,0,0,0,0,0,0
9802244,1,1,0,0,1,0,0
9503429,1,1,0,0,1,0,0
6230,1,1,0,0,0,1,5
110313,0,0,0,0,0,0,0
9804303,3,1,2,3,3,0,0
9906344,3,2,1,1,0,3,7
9802421,4,2,2,3,0,4,18
210199,1,1,0,0,0,1,4
7285,2,2,0,0,2,0,0
202071,2,2,0,0,0,2,5
9902307,0,0,0,0,0,0,0
9912450,2,2,0,0,0,2,2
9605321,2,1,1,1,2,0,0
109073,0,0,0,0,0,0,0
9805308,3,1,2,2,0,3,5
9609516,0,0,0,0,0,0,0
211062,2,1,1,1,0,2,29
9504269,0,0,0,0,0,0,0
109168,0,0,0,0,0,0,0
9611441,2,1,1,1,1,1,2
210414,1,1,0,0,0,1,6
9809392,0,0,0,0,0,0,0
9906507,4,2,2,2,0,4,25
5153,0,0,0,0,0,0,0
9912363,0,0,0,0,0,0,0
9507318,1,1,0,0,1,0,0
9607396,2,1,1,1,0,2,2
112080,1,1,0,0,0,1,2
9510317,0,0,0,0,0,0,0
12361,1,1,0,0,0,1,1
9711335,5,3,2,3,0,5,8
205242,1,1,0,0,0,1,16
207284,0,0,0,0,0,0,0
9710399,1,1,0,0,0,1,2
203253,1,1,0,0,0,1,5
9207211,2,2,0,0,2,0,0
9403303,2,2,0,0,2,0,0
9712374,0,0,0,0,0,0,0
102141,1,1,0,0,0,1,3
301125,0,0,0,0,0,0,0
9701391,0,0,0,0,0,0,0
12207,0,0,0,0,0,0,0
9311230,1,1,0,0,1,0,0
9902361,9,1,8,18,1,8,27
9504416,0,0,0,0,0,0,0
9402207,3,2,1,1,3,0,0
211159,0,0,0,0,0,0,0
102025,0,0,0,0,0,0,0
9705215,1,1,0,0,1,0,0
102169,5,1,4,10,0,5,65
9503469,1,1,0,0,1,0,0
7171,0,0,0,0,0,0,0
112058,0,0,0,0,0,0,0
9604210,0,0,0,0,0,0,0
106064,0,0,0,0,0,0,0
9706490,2,1,1,1,2,0,0
9904227,3,1,2,3,3,0,0
9611279,0,0,0,0,0,0,0
4096,0,0,0,0,0,0,0
5216,2,1,1,1,2,0,0
9406322,1,1,0,0,0,1,2
9701320,1,1,0,0,1,0,0
9612344,1,1,0,0,0,1,1
301012,0,0,0,0,0,0,0
103204,1,1,0,0,0,1,6
9708433,0,0,0,0,0,0,0
9505263,1,1,0,0,0,1,2
102052,0,0,0,0,0,0,0
9709335,0,0,0,0,0,0,0
9509227,6,3,3,4,6,0,0
212306,0,0,0,0,0,0,0
9404285,1,1,0,0,1,0,0
201012,0,0,0,0,0,0,0
205301,1,1,0,0,0,1,2
4177,6,1,5,10,0,6,12
8054,0,0,0,0,0,0,0
302101,0,0,0,0,0,0,0
211029,0,0,0,0,0,0,0
2210,0,0,0,0,0,0,0
9404273,2,2,0,0,0,2,9
202157,0,0,0,0,0,0,0
9205204,1,1,0,0,1,0,0
204345,1,1,0,0,1,0,0
9810205,1,1,0,0,1,0,0
9305236,0,0,0,0,0,0,0
112212,4,2,2,2,0,4,11
9609264,1,1,0,0,1,0,0
205146,0,0,0,0,0,0,0
9709238,1,1,0,0,0,1,3
103226,1,1,0,0,0,1,3
9906325,0,0,0,0,0,0,0
107065,0,0,0,0,0,0,0
9511440,5,1,4,8,5,0,0
104125,0,0,0,0,0,0,0
9709457,6,4,2,2,6,0,0
10346,0,0,0,0,0,0,0
204072,0,0,0,0,0,0,0
105031,0,0,0,0,0,0,0
212003,1,1,0,0,0,1,9
9605202,0,0,0,0,0,0,0
105234,5,1,4,4,5,0,0
9909365,2,2,0,0,0,2,13
9903263,0,0,0,0,0,0,0
9612452,0,0,0,0,0,0,0
12218,1,1,0,0,1,0,0
110232,1,1,0,0,0,1,1
9912502,0,0,0,0,0,0,0
204139,1,1,0,0,0,1,8
107085,2,2,0,0,0,2,5
9602203,1,1,0,0,0,1,2
209264,2,2,0,0,0,2,4
106151,0,0,0,0,0,0,0
9910279,0,0,0,0,0,0,0
206287,2,1,1,1,0,2,26
9907570,1,1,0,0,0,1,2
211229,0,0,0,0,0,0,0
210190,1,1,0,0,0,1,4
103293,2,1,1,1,0,2,5
9806227,1,1,0,0,0,1,1
9411223,0,0,0,0,0,0,0
110094,1,1,0,0,1,0,0
102178,0,0,0,0,0,0,0
301121,0,0,0,0,0,0,0
9708339,0,0,0,0,0,0,0
211281,0,0,0,0,0,0,0
111097,0,0,0,0,0,0,0
9407346,0,0,0,0,0,0,0
9909491,0,0,0,0,0,0,0
206016,0,0,0,0,0,0,0
10249,0,0,0,0,0,0,0
9905426,0,0,0,0,0,0,0
111433,0,0,0,0,0,0,0
4119,1,1,0,0,0,1,5
102341,1,1,0,0,0,1,3
9905284,0,0,0,0,0,0,0
9803270,2,1,1,1,0,2,5
9811292,0,0,0,0,0,0,0
9712485,1,1,0,0,0,1,2
301208,1,1,0,0,0,1,3
9905356,2,2,0,0,2,0,0
106069,0,0,0,0,0,0,0
12180,0,0,0,0,0,0,0
9809358,1,1,0,0,0,1,4
12376,1,1,0,0,1,0,0
209034,0,0,0,0,0,0,0
2174,3,2,1,1,0,3,3
301099,0,0,0,0,0,0,0
202261,6,4,2,3,6,0,0
302161,0,0,0,0,0,0,0
3004,0,0,0,0,0,0,0
9309259,1,1,0,0,1,0,0
209141,2,2,0,0,0,2,8
9606350,2,1,1,1,2,0,0
12240,2,1,1,1,0,2,10
9709324,1,1,0,0,0,1,3
9906510,2,1,1,1,0,2,2
102285,0,0,0,0,0,0,0
302025,0,0,0,0,0,0,0
9703393,0,0,0,0,0,0,0
9710505,1,1,0,0,0,1,2
110023,2,1,1,1,0,2,32
9809532,1,1,0,0,1,0,0
9710467,0,0,0,0,0,0,0
9811354,1,1,0,0,0,1,2
101175,0,0,0,0,0,0,0
9602370,0,0,0,0,0,0,0
9803205,0,0,0,0,0,0,0
9508274,3,2,1,1,3,0,0
3093,0,0,0,0,0,0,0
202253,2,2,0,0,0,2,3
9130,1,1,0,0,0,1,2
207194,2,1,1,1,0,2,8
103066,1,1,0,0,1,0,0
106332,0,0,0,0,0,0,0
3257,0,0,0,0,0,0,0
9911396,1,1,0,0,1,0,0
9609275,0,0,0,0,0,0,0
9406333,0,0,0,0,0,0,0
9712448,1,1,0,0,1,0,0
9805400,0,0,0,0,0,0,0
301229,0,0,0,0,0,0,0
104002,2,1,1,1,0,2,4
9805258,0,0,0,0,0,0,0
11341,1,1,0,0,0,1,3
9905384,0,0,0,0,0,0,0
9511365,0,0,0,0,0,0,0
210033,1,1,0,0,0,1,4
206179,1,1,0,0,0,1,7
9902455,0,0,0,0,0,0,0
9405281,1,1,0,0,1,0,0
302181,0,0,0,0,0,0,0
5150,0,0,0,0,0,0,0
9404314,0,0,0,0,0,0,0
203153,0,0,0,0,0,0,0
9810207,0,0,0,0,0,0,0
212252,1,1,0,0,0,1,7
9401225,1,1,0,0,1,0,0
202046,0,0,0,0,0,0,0
212080,0,0,0,0,0,0,0
9612411,0,0,0,0,0,0,0
9906488,1,1,0,0,0,1,5
9809573,0,0,0,0,0,0,0
9412347,1,1,0,0,0,1,1
210317,0,0,0,0,0,0,0
205159,1,1,0,0,0,1,2
104235,0,0,0,0,0,0,0
9901359,0,0,0,0,0,0,0
9807429,0,0,0,0,0,0,0
12366,0,0,0,0,0,0,0
101246,0,0,0,0,0,0,0
9907397,1,1,0,0,1,0,0
212225,2,1,1,1,0,2,9
101265,1,1,0,0,0,1,3
203084,1,1,0,0,1,0,0
209236,1,1,0,0,0,1,4
9801371,3,2,1,1,3,0,0
6281,2,2,0,0,0,2,2
205087,0,0,0,0,0,0,0
9901248,1,1,0,0,0,1,1
106323,0,0,0,0,0,0,0
9604368,1,1,0,0,1,0,0
9803233,0,0,0,0,0,0,0
9810248,1,1,0,0,1,0,0
9703202,0,0,0,0,0,0,0
2265,0,0,0,0,0,0,0
9502325,0,0,0,0,0,0,0
9411208,1,1,0,0,0,1,3
9602219,0,0,0,0,0,0,0
109193,0,0,0,0,0,0,0
9911265,2,2,0,0,2,0,0
112316,0,0,0,0,0,0,0
9411284,0,0,0,0,0,0,0
201041,0,0,0,0,0,0,0
9406234,0,0,0,0,0,0,0
9606330,1,1,0,0,1,0,0
9906464,0,0,0,0,0,0,0
110171,0,0,0,0,0,0,0
105301,0,0,0,0,0,0,0
9306308,0,0,0,0,0,0,0
204168,1,1,0,0,1,0,0
212289,0,0,0,0,0,0,0
9608436,0,0,0,0,0,0,0
9904241,0,0,0,0,0,0,0
204262,0,0,0,0,0,0,0
9407219,0,0,0,0,0,0,0
108209,0,0,0,0,0,0,0
9807539,0,0,0,0,0,0,0
210409,0,0,0,0,0,0,0
9076,0,0,0,0,0,0,0
9703217,2,2,0,0,2,0,0
9257,0,0,0,0,0,0,0
5016,0,0,0,0,0,0,0
112315,0,0,0,0,0,0,0
205028,0,0,0,0,0,0,0
210424,0,0,0,0,0,0,0
301008,0,0,0,0,0,0,0
9912375,1,1,0,0,0,1,1
9802225,1,1,0,0,1,0,0
9602402,0,0,0,0,0,0,0
9908468,2,1,1,1,0,2,6
8203,0,0,0,0,0,0,0
9809353,0,0,0,0,0,0,0
10188,0,0,0,0,0,0,0
11057,3,2,1,1,1,2,6
209250,1,1,0,0,0,1,15
203098,0,0,0,0,0,0,0
9702366,0,0,0,0,0,0,0
206053,0,0,0,0,0,0,0
106274,0,0,0,0,0,0,0
9809560,0,0,0,0,0,0,0
9704341,0,0,0,0,0,0,0
109046,1,1,0,0,1,0,0
9505316,1,1,0,0,1,0,0
106281,0,0,0,0,0,0,0
301138,0,0,0,0,0,0,0
210360,1,1,0,0,0,1,5
9710207,0,0,0,0,0,0,0
9606276,0,0,0,0,0,0,0
9711490,0,0,0,0,0,0,0
9902224,1,1,0,0,1,0,0
2027,0,0,0,0,0,0,0
9608391,0,0,0,0,0,0,0
104195,0,0,0,0,0,0,0
301147,0,0,0,0,0,0,0
209018,0,0,0,0,0,0,0
9810384,1,1,0,0,1,0,0
9710365,0,0,0,0,0,0,0
302020,0,0,0,0,0,0,0
210264,0,0,0,0,0,0,0
9610550,0,0,0,0,0,0,0
6207,0,0,0,0,0,0,0
9611230,0,0,0,0,0,0,0
210438,0,0,0,0,0,0,0
210229,0,0,0,0,0,0,0
9810348,0,0,0,0,0,0,0
9810413,0,0,0,0,0,0,0
8001,0,0,0,0,0,0,0
8297,0,0,0,0,0,0,0
11386,0,0,0,0,0,0,0
105176,0,0,0,0,0,0,0
208273,0,0,0,0,0,0,0
9708465,0,0,0,0,0,0,0
9705352,1,1,0,0,0,1,5
9912442,0,0,0,0,0,0,0
9812285,1,1,0,0,1,0,0
9712272,0,0,0,0,0,0,0
9302297,1,1,0,0,1,0,0
9303245,0,0,0,0,0,0,0
9507295,0,0,0,0,0,0,0
3117,0,0,0,0,0,0,0
211210,0,0,0,0,0,0,0
9705360,0,0,0,0,0,0,0
9511287,2,2,0,0,2,0,0
9311377,0,0,0,0,0,0,0
12038,0,0,0,0,0,0,0
9902262,0,0,0,0,0,0,0
9410263,0,0,0,0,0,0,0
204248,0,0,0,0,0,0,0
12316,0,0,0,0,0,0,0
212222,0,0,0,0,0,0,0
9504298,0,0,0,0,0,0,0
9403299,0,0,0,0,0,0,0
9409431,0,0,0,0,0,0,0
301036,0,0,0,0,0,0,0
9708479,1,1,0,0,0,1,4
211329,0,0,0,0,0,0,0
9411402,0,0,0,0,0,0,0
9707288,0,0,0,0,0,0,0
9505312,0,0,0,0,0,0,0
301155,0,0,0,0,0,0,0
9502208,0,0,0,0,0,0,0
210086,0,0,0,0,0,0,0
1331,0,0,0,0,0,0,0
111148,0,0,0,0,0,0,0
9812329,0,0,0,0,0,0,0
9912348,0,0,0,0,0,0,0
8213,0,0,0,0,0,0,0
208028,0,0,0,0,0,0,0
9812295,0,0,0,0,0,0,0
9502233,1,1,0,0,1,0,0
4057,0,0,0,0,0,0,0
112128,0,0,0,0,0,0,0
9904308,0,0,0,0,0,0,0
211437,0,0,0,0,0,0,0
9609483,0,0,0,0,0,0,0
301103,0,0,0,0,0,0,0
4131,0,0,0,0,0,0,0
9611309,0,0,0,0,0,0,0
11288,0,0,0,0,0,0,0
9408258,0,0,0,0,0,0,0
9408236,0,0,0,0,0,0,0
212168,0,0,0,0,0,0,0
