fp_int_id,cp_level,cp_r_citing_zero,cp_r_citing_nonzero,tr_citing,cp_r_cited_zero,cp_r_cited_nonzero,tr_cited
9907233,2,2,0,0,1,1,5
9512380,232,13,219,1770,149,83,190
8004,24,1,23,95,5,19,59
9802433,74,4,70,578,1,73,633
101259,4,2,2,4,0,4,48
9902334,46,5,41,251,0,46,340
9307263,6,2,4,10,6,0,0
9505429,13,3,10,22,8,5,9
9504426,47,9,38,131,8,39,68
106219,75,1,74,902,5,70,212
9303241,50,6,44,178,27,23,23
9609311,7,3,4,4,0,7,22
9801236,1,1,0,0,0,1,1
9912458,14,2,12,25,1,13,38
108041,11,7,4,4,0,11,56
9505336,15,4,11,29,7,8,14
9809523,6,5,1,2,0,6,20
9309228,15,6,9,14,15,0,0
9810432,18,2,16,49,0,18,70
102083,4,3,1,1,0,4,20
9405264,1,1,0,0,1,0,0
9308258,3,2,1,1,1,2,4
9304275,28,5,23,86,28,0,0
9509207,10,4,6,17,5,5,5
9302288,34,8,26,77,17,17,17
9306242,73,10,63,257,73,0,0
9406372,41,9,32,90,27,14,15
9607437,68,5,63,576,30,38,51
9903262,25,6,19,45,1,24,78
9507212,82,6,76,554,19,63,136
9506350,53,6,47,188,10,43,101
9802334,101,12,89,472,43,58,222
9901245,25,3,22,74,0,25,241
9912358,59,10,49,141,7,52,346
9402231,45,9,36,100,45,0,0
9611277,33,1,32,143,11,22,81
9811460,7,5,2,2,1,6,42
9907216,10,5,5,10,1,9,21
9801431,45,3,42,208,2,43,206
9211293,9,3,6,14,9,0,0
9210256,21,1,20,59,21,0,0
9710406,7,1,6,20,3,4,5
9208243,15,9,6,19,15,0,0
9808277,17,3,14,50,7,10,10
9710403,15,1,14,46,1,14,55
9703261,5,2,3,5,0,5,9
9602399,4,4,0,0,1,3,3
9708437,13,6,7,11,0,13,146
9604343,20,8,12,16,1,19,71
9608415,22,7,15,27,3,19,53
9705229,8,3,5,6,0,8,28
103299,17,3,14,45,0,17,109
105194,11,8,3,5,0,11,56
9805235,6,2,4,7,1,5,20
5189,40,5,35,152,0,40,541
9809338,8,5,3,3,1,7,24
7338,13,4,9,21,2,11,25
9606203,42,5,37,215,3,39,129
9703246,35,2,33,85,1,34,257
9712254,14,5,9,17,2,12,23
9409243,36,3,33,163,7,29,39
9509325,37,4,33,159,4,33,104
106040,9,4,5,10,0,9,26
9703290,79,18,61,222,1,78,585
9605221,46,2,44,242,4,42,106
9205221,35,7,28,112,35,0,0
9308349,98,5,93,962,85,13,13
9909473,19,1,18,71,1,18,18
9909455,13,5,8,12,2,11,22
9912270,4,1,3,3,4,0,0
9604340,38,4,34,225,3,35,97
9710428,7,3,4,7,1,6,21
9401254,83,8,75,420,22,61,61
9608466,20,3,17,39,3,17,59
9710204,59,5,54,229,19,40,55
9209245,36,7,29,213,36,0,0
9406368,16,4,12,34,1,15,67
9605425,1,1,0,0,0,1,2
9705422,12,5,7,19,0,12,36
9507442,12,5,7,20,1,11,23
9607309,10,2,8,16,1,9,41
9907489,48,3,45,294,0,48,544
9706354,16,10,6,11,1,15,63
9501232,19,3,16,41,19,0,0
9610276,23,8,15,31,14,9,20
9908388,17,7,10,45,1,16,48
9705295,15,3,12,41,0,15,58
9909435,22,4,18,59,0,22,167
9312357,7,1,6,20,5,2,2
9611224,5,3,2,4,0,5,28
9409418,7,5,2,2,0,7,49
9907501,6,1,5,10,0,6,47
9708327,26,4,22,65,0,26,309
9410387,57,6,51,295,7,50,140
9405346,40,4,36,155,1,39,176
9511391,22,2,20,68,1,21,77
9803446,2,2,0,0,0,2,8
9609301,7,3,4,4,4,3,6
9408276,68,3,65,442,68,0,0
9405343,19,1,18,84,19,0,0
9907343,5,1,4,5,1,4,17
9708426,28,3,25,105,3,25,104
9610259,32,2,30,167,1,31,73
9912307,6,1,5,7,0,6,39
9702210,24,7,17,53,14,10,22
9706274,27,6,21,78,0,27,145
9705347,67,7,60,347,1,66,243
9606345,28,14,14,31,13,15,25
9904344,21,3,18,67,2,19,19
9308370,5,2,3,4,0,5,5
9701364,9,3,6,20,0,9,21
11394,11,4,7,16,0,11,120
9910491,77,2,75,611,1,76,581
9209247,9,4,5,7,9,0,0
9910247,29,4,25,140,0,29,289
1171,30,5,25,102,1,29,87
107265,29,3,26,75,0,29,188
9812483,57,5,52,324,4,53,490
9908363,16,5,11,34,16,0,0
9908364,23,3,20,58,23,0,0
9905292,24,4,20,55,0,24,197
9807415,51,5,46,259,1,50,231
9402226,5,3,2,2,1,4,11
9802271,6,2,4,8,0,6,46
9709502,16,3,13,35,1,15,56
9401306,8,3,5,6,3,5,6
9610458,16,1,15,69,0,16,48
9701257,14,6,8,18,13,1,2
1194,6,3,3,4,0,6,13
9807480,41,2,39,247,2,39,134
9908504,40,2,38,189,0,40,421
9606280,57,9,48,218,12,45,86
9903473,17,2,15,35,3,14,62
9405223,15,5,10,13,3,12,40
9501390,17,4,13,34,5,12,39
10196,4,2,2,2,0,4,8
9712387,9,3,6,15,1,8,21
9405241,85,1,84,695,29,56,117
9604202,41,7,34,91,3,38,183
203075,6,3,3,4,2,4,10
9601383,7,3,4,6,7,0,0
9602323,33,4,29,94,25,8,8
9611273,30,6,24,85,0,30,131
9512354,4,2,2,3,0,4,9
10086,16,4,12,27,1,15,51
9807215,3,2,1,1,0,3,13
9402205,13,2,11,52,0,13,55
111059,65,6,59,241,4,61,186
9612359,6,4,2,3,0,6,31
102304,16,3,13,65,0,16,186
9811402,9,2,7,20,3,6,6
9903501,29,4,25,123,0,29,134
106345,14,3,11,31,0,14,148
9904393,48,6,42,221,9,39,204
9901357,6,2,4,4,4,2,2
107310,13,3,10,30,1,12,28
102252,23,1,22,65,1,22,177
9805242,5,3,2,3,1,4,9
9506270,11,5,6,15,8,3,4
7236,2,2,0,0,0,2,6
9810241,19,3,16,52,1,18,28
9808278,15,4,11,25,2,13,40
9909368,13,5,8,17,5,8,11
9608342,5,4,1,1,2,3,5
10117,13,4,9,14,0,13,160
9905423,23,3,20,88,0,23,506
9909240,4,1,3,4,0,4,28
9035,1,1,0,0,0,1,3
9509373,18,11,7,14,15,3,3
204316,17,6,11,17,0,17,238
110315,6,4,2,2,0,6,32
9306280,2,2,0,0,0,2,2
204228,8,2,6,17,0,8,131
111069,20,1,19,95,0,20,185
9908299,20,1,19,59,0,20,160
1302,7,6,1,2,0,7,25
9312204,6,3,3,5,6,0,0
104074,17,3,14,33,0,17,161
5030,5,3,2,2,0,5,23
6275,4,3,1,1,0,4,46
9709364,35,2,33,209,2,33,69
9911255,19,4,15,30,0,19,142
9606215,17,4,13,30,4,13,39
9410405,8,3,5,6,8,0,0
5104,4,2,2,2,3,1,12
9211258,9,2,7,9,0,9,9
9912373,9,2,7,15,0,9,19
2263,3,3,0,0,0,3,11
12204,7,5,2,2,0,7,29
9512227,11,3,8,10,0,11,70
9903496,14,8,6,11,0,14,38
9712251,40,2,38,168,0,40,274
9509303,15,6,9,24,15,0,0
9512320,26,1,25,113,0,26,57
9508373,55,4,51,209,0,55,257
9506480,8,5,3,3,0,8,15
9611313,8,2,6,8,0,8,13
9302238,9,4,5,8,9,0,0
9502264,12,1,11,29,0,12,29
9505333,6,5,1,1,0,6,19
10017,32,13,19,46,17,15,27
9144,12,4,8,15,1,11,128
9705383,4,4,0,0,1,3,5
9910320,27,4,23,87,1,26,307
9802256,1,1,0,0,0,1,3
9805288,10,6,4,6,4,6,7
9508243,6,2,4,8,6,0,0
9602213,14,6,8,16,12,2,4
1295,13,2,11,23,2,11,57
9904468,46,4,42,182,1,45,539
9610490,21,6,15,31,10,11,21
9711346,13,6,7,12,6,7,7
9607258,1,1,0,0,1,0,0
9807397,4,2,2,2,0,4,4
9407374,9,5,4,5,9,0,0
5120,3,2,1,2,3,0,0
9305306,43,8,35,119,24,19,19
9405326,21,3,18,38,17,4,4
9809255,6,3,3,5,6,0,0
9511397,129,17,112,775,16,113,238
9310367,4,4,0,0,4,0,0
9911476,6,2,4,8,1,5,13
9710427,37,1,36,208,0,37,299
9603230,1,1,0,0,0,1,3
9811395,3,1,2,3,0,3,5
9507211,7,1,6,15,0,7,34
9612226,10,8,2,3,10,0,0
9706459,2,2,0,0,0,2,11
9809568,1,1,0,0,0,1,5
9712546,22,2,20,53,0,22,131
9904455,10,5,5,7,0,10,14
9505391,46,3,43,278,0,46,157
9703212,61,8,53,365,0,61,720
9403310,26,10,16,27,2,24,49
9509338,3,3,0,0,1,2,6
9305222,8,5,3,6,0,8,19
9304290,12,5,7,10,12,0,0
10006,3,3,0,0,1,2,4
6229,24,6,18,45,0,24,146
103074,16,6,10,20,7,9,15
9909428,6,2,4,6,0,6,22
9510284,17,5,12,52,7,10,12
9604212,3,3,0,0,3,0,0
9905295,20,3,17,102,0,20,457
9811369,15,4,11,28,0,15,192
9502283,5,5,0,0,0,5,21
9809549,16,3,13,41,0,16,16
9912426,2,1,1,1,0,2,8
9711426,8,3,5,7,7,1,1
9412205,1,1,0,0,0,1,1
9409314,13,2,11,19,0,13,17
9708255,15,5,10,14,1,14,40
7254,19,8,11,32,0,19,95
9709401,9,3,6,10,1,8,25
3105,16,1,15,75,1,15,40
9803433,25,8,17,99,1,24,149
9305223,15,3,12,44,15,0,0
9408353,7,3,4,5,7,0,0
9206242,116,11,105,814,116,0,0
9810416,11,2,9,29,1,10,45
106155,5,4,1,3,2,3,10
5303,8,3,5,7,0,8,65
9908390,16,1,15,55,0,16,48
107046,2,2,0,0,0,2,16
5297,28,2,26,77,1,27,120
9912398,17,7,10,20,2,15,95
9906241,6,2,4,8,0,6,49
9602282,2,2,0,0,0,2,6
9607250,16,3,13,32,11,5,5
9204226,12,2,10,34,12,0,0
9703375,38,3,35,247,0,38,254
9608307,8,1,7,14,0,8,8
9905475,16,2,14,27,0,16,37
9601323,0,0,0,0,0,0,0
9708300,14,2,12,30,0,14,45
9607443,6,2,4,6,0,6,51
9206212,7,3,4,6,7,0,0
210050,0,0,0,0,0,0,0
9507348,15,2,13,32,1,14,24
9406328,13,5,8,12,5,8,18
9701373,4,1,3,3,4,0,0
9903543,10,6,4,4,0,10,124
9508359,37,5,32,159,37,0,0
9510402,5,3,2,2,1,4,27
9704239,15,4,11,23,5,10,14
9401269,18,6,12,39,18,0,0
9507283,11,3,8,13,5,6,9
103259,5,2,3,3,0,5,43
9409309,19,5,14,28,14,5,5
9406217,2,1,1,1,2,0,0
203009,4,2,2,3,0,4,18
9902305,4,1,3,6,4,0,0
9308359,6,1,5,8,6,0,0
103044,14,3,11,35,0,14,50
8113,4,1,3,4,0,4,38
5134,13,3,10,26,0,13,92
9710293,1,1,0,0,1,0,0
9803356,17,4,13,37,0,17,59
9608462,2,1,1,1,2,0,0
9907559,18,10,8,25,0,18,114
9710370,7,3,4,10,1,6,34
9908351,6,2,4,8,0,6,48
102093,28,6,22,69,0,28,332
9910213,4,3,1,1,0,4,21
204234,1,1,0,0,0,1,5
9706511,32,3,29,86,2,30,84
9906435,4,3,1,1,0,4,34
9704415,38,5,33,146,8,30,82
9506471,9,4,5,11,9,0,0
104106,9,6,3,3,0,9,22
9508257,1,1,0,0,0,1,1
9505229,0,0,0,0,0,0,0
9807377,18,4,14,32,0,18,67
9404330,10,4,6,15,2,8,16
9610515,9,7,2,2,0,9,56
9703401,7,2,5,14,0,7,7
9812233,13,6,7,10,0,13,46
9212298,9,2,7,12,9,0,0
107082,11,6,5,8,7,4,4
9810499,17,3,14,43,0,17,148
9408337,1,1,0,0,1,0,0
9301237,15,1,14,52,15,0,0
9411335,2,2,0,0,2,0,0
9711485,82,8,74,376,1,81,338
9609207,23,7,16,53,1,22,67
9412235,23,4,19,74,16,7,7
9904286,22,5,17,40,1,21,127
101318,14,3,11,27,3,11,20
203209,6,3,3,8,0,6,21
203138,6,2,4,7,0,6,27
9905461,3,2,1,1,0,3,21
107233,8,6,2,4,0,8,59
9508253,12,5,7,9,0,12,152
103213,2,1,1,1,0,2,10
3102,1,1,0,0,0,1,1
7041,12,3,9,20,0,12,197
2245,13,6,7,15,0,13,88
9708319,8,1,7,12,2,6,6
103180,2,2,0,0,0,2,8
9602338,4,1,3,5,4,0,0
9504404,8,4,4,5,0,8,28
12372,2,2,0,0,0,2,4
9908317,57,2,55,421,0,57,616
9903341,47,6,41,147,0,47,121
9801215,16,2,14,48,2,14,16
9211301,18,1,17,66,18,0,0
302124,0,0,0,0,0,0,0
9611440,0,0,0,0,0,0,0
9903274,6,4,2,3,1,5,111
107138,4,2,2,2,1,3,12
9612377,9,2,7,16,0,9,51
10310,1,1,0,0,1,0,0
9608324,3,2,1,1,0,3,6
9908280,3,3,0,0,0,3,7
9601279,6,1,5,7,3,3,3
9712216,24,8,16,33,7,17,67
212043,0,0,0,0,0,0,0
9507234,4,2,2,2,0,4,14
210427,2,2,0,0,1,1,4
10201,29,2,27,174,0,29,258
9708351,6,2,4,6,0,6,17
9607342,4,3,1,1,2,2,2
9912315,7,4,3,6,0,7,20
9510386,9,4,5,9,2,7,37
211008,1,1,0,0,0,1,3
9907485,2,1,1,1,0,2,49
8171,7,4,3,5,0,7,19
201300,11,3,8,20,0,11,96
9609469,11,3,8,19,1,10,20
9607465,12,3,9,32,0,12,40
9708252,1,1,0,0,0,1,4
9707266,5,2,3,5,3,2,4
9708220,14,4,10,19,4,10,21
9808247,15,5,10,31,1,14,52
9609413,4,4,0,0,1,3,7
109181,9,2,7,15,0,9,17
204043,4,2,2,3,1,3,3
9812467,21,4,17,56,0,21,104
9705275,12,4,8,15,1,11,56
9405272,37,5,32,182,1,36,178
10097,3,1,2,2,0,3,9
9707510,25,10,15,49,0,25,159
9702248,1,1,0,0,1,0,0
9711418,5,3,2,3,1,4,8
102224,11,1,10,17,0,11,62
9909374,3,1,2,2,0,3,9
9602327,8,4,4,10,8,0,0
9907336,6,2,4,6,6,0,0
9509433,18,5,13,34,0,18,184
9711452,6,1,5,11,4,2,2
9702332,1,1,0,0,0,1,1
9212304,1,1,0,0,1,0,0
9812270,0,0,0,0,0,0,0
8289,2,1,1,1,0,2,13
9609329,7,3,4,5,1,6,14
9909403,2,2,0,0,0,2,9
9901419,4,3,1,1,0,4,7
9807509,7,2,5,7,0,7,28
5075,12,6,6,22,0,12,47
9907553,8,4,4,5,0,8,41
9805397,5,4,1,1,0,5,10
9702226,11,6,5,6,0,11,37
9708345,5,5,0,0,1,4,4
108026,6,1,5,8,0,6,11
9407282,10,1,9,27,9,1,1
9904397,1,1,0,0,0,1,5
9712428,3,2,1,1,2,1,2
209069,0,0,0,0,0,0,0
9407341,3,2,1,1,3,0,0
111157,7,3,4,5,0,7,110
9703334,1,1,0,0,1,0,0
9703392,3,3,0,0,3,0,0
9806403,17,4,13,25,0,17,28
9017,5,3,2,2,3,2,6
9403365,4,2,2,4,4,0,0
9197,5,5,0,0,2,3,8
9803246,8,3,5,9,0,8,23
108225,9,2,7,17,0,9,88
203118,3,1,2,2,0,3,19
9903353,0,0,0,0,0,0,0
9912337,1,1,0,0,1,0,0
9804298,16,1,15,72,1,15,64
9409332,4,4,0,0,4,0,0
204265,3,3,0,0,1,2,8
9602204,1,1,0,0,1,0,0
205281,8,4,4,5,1,7,27
9702363,26,4,22,73,1,25,30
9809233,1,1,0,0,0,1,2
9706417,12,4,8,21,1,11,78
9706203,8,5,3,3,0,8,50
9810551,2,2,0,0,0,2,19
9603348,8,2,6,8,0,8,20
9406228,4,2,2,2,0,4,11
212107,2,2,0,0,0,2,12
9812465,4,2,2,3,0,4,10
9508245,3,2,1,1,2,1,1
111223,1,1,0,0,0,1,3
103081,0,0,0,0,0,0,0
9504388,5,1,4,4,5,0,0
9805495,11,3,8,20,3,8,15
103023,10,8,2,2,2,8,40
9712450,1,1,0,0,1,0,0
208163,6,3,3,6,0,6,83
203273,6,1,5,10,0,6,32
9903483,3,2,1,2,0,3,14
4021,9,3,6,10,1,8,21
9506426,2,2,0,0,1,1,1
9705329,16,3,13,38,16,0,0
209333,1,1,0,0,0,1,2
208218,3,2,1,1,1,2,7
9806379,3,2,1,1,2,1,1
12232,20,4,16,37,1,19,54
209153,1,1,0,0,1,0,0
9907544,4,2,2,2,1,3,11
9711221,2,2,0,0,0,2,5
207064,0,0,0,0,0,0,0
207356,16,2,14,64,0,16,63
9901431,12,6,6,13,1,11,47
4242,0,0,0,0,0,0,0
9310368,3,2,1,1,3,0,0
9905466,8,5,3,3,1,7,33
9805414,2,2,0,0,2,0,0
9601216,7,2,5,13,0,7,16
301102,0,0,0,0,0,0,0
7257,6,3,3,5,1,5,10
9509366,3,2,1,1,0,3,3
9806385,2,1,1,1,0,2,7
9905498,2,2,0,0,1,1,2
9507469,4,3,1,1,4,0,0
9411423,6,4,2,2,6,0,0
7070,5,1,4,8,0,5,5
9604448,4,2,2,3,4,0,0
9802215,1,1,0,0,0,1,2
210345,0,0,0,0,0,0,0
4015,2,1,1,1,2,0,0
9217,5,3,2,2,0,5,62
103271,9,2,7,20,0,9,49
11048,9,3,6,9,0,9,88
2164,2,1,1,1,0,2,3
112163,3,1,2,2,0,3,43
108250,4,1,3,5,0,4,153
9810473,4,3,1,1,0,4,28
9706419,5,2,3,3,0,5,9
110078,9,5,4,5,0,9,30
3210,3,3,0,0,0,3,10
202055,1,1,0,0,0,1,3
202016,4,3,1,1,0,4,33
2195,5,3,2,3,0,5,26
9301211,9,4,5,7,9,0,0
9806424,13,6,7,15,0,13,117
9710239,3,2,1,1,0,3,6
9312304,15,8,7,9,0,15,40
9412258,0,0,0,0,0,0,0
9802302,5,4,1,1,0,5,14
9212218,4,2,2,2,4,0,0
207108,9,4,5,8,0,9,234
9711277,13,2,11,19,2,11,21
105025,5,2,3,5,0,5,53
9603240,10,2,8,21,10,0,0
1317,3,3,0,0,0,3,9
209337,6,4,2,3,0,6,78
10350,3,3,0,0,0,3,19
9701249,5,3,2,2,0,5,32
9805246,0,0,0,0,0,0,0
9805459,2,2,0,0,0,2,2
9609518,3,2,1,1,0,3,13
9610411,8,4,4,6,7,1,1
9013,2,1,1,1,0,2,17
9503273,11,2,9,22,6,5,5
102150,3,1,2,2,1,2,19
9706466,1,1,0,0,1,0,0
6101,2,2,0,0,1,1,1
9909383,5,1,4,5,2,3,3
9403342,12,2,10,23,12,0,0
9803281,0,0,0,0,0,0,0
102172,7,2,5,8,1,6,16
9709231,11,5,6,16,3,8,21
101005,4,2,2,2,1,3,15
9306279,0,0,0,0,0,0,0
9902269,1,1,0,0,1,0,0
9150,2,1,1,1,0,2,14
105146,3,3,0,0,0,3,16
9711363,20,2,18,66,2,18,66
9608331,1,1,0,0,1,0,0
9505406,3,1,2,3,0,3,5
9901370,4,2,2,2,0,4,5
9411251,2,2,0,0,2,0,0
9401283,7,2,5,8,7,0,0
9606404,3,1,2,2,0,3,8
107099,11,1,10,23,3,8,54
204111,8,2,6,9,1,7,25
9910300,3,2,1,1,1,2,3
9709466,0,0,0,0,0,0,0
206135,10,3,7,12,0,10,43
209290,7,2,5,8,0,7,48
9511416,0,0,0,0,0,0,0
9912290,4,3,1,1,0,4,24
9903438,2,1,1,1,2,0,0
110312,5,3,2,2,0,5,12
8284,2,2,0,0,2,0,0
9809565,1,1,0,0,0,1,7
9710477,2,1,1,1,0,2,3
9809284,1,1,0,0,0,1,6
9811455,7,2,5,8,2,5,9
203129,2,1,1,1,0,2,13
110282,2,1,1,1,0,2,10
205338,0,0,0,0,0,0,0
11342,1,1,0,0,0,1,1
205103,1,1,0,0,0,1,9
106035,2,2,0,0,0,2,14
4194,1,1,0,0,0,1,2
3116,0,0,0,0,0,0,0
110354,1,1,0,0,0,1,5
2271,4,2,2,2,4,0,0
9703268,18,3,15,67,0,18,73
9608471,1,1,0,0,0,1,1
9601219,2,2,0,0,2,0,0
9808281,2,1,1,1,0,2,8
9805410,1,1,0,0,0,1,4
9803216,7,3,4,6,4,3,3
7207,9,1,8,16,0,9,15
9711318,9,3,6,16,0,9,51
210212,1,1,0,0,0,1,4
9812417,7,1,6,20,4,3,3
111336,4,2,2,3,3,1,1
9811474,10,2,8,10,2,8,13
9401315,3,1,2,2,3,0,0
9147,4,4,0,0,0,4,36
9401259,4,2,2,4,2,2,2
9907483,3,1,2,3,1,2,2
9905255,9,3,6,13,9,0,0
9607242,18,3,15,65,1,17,53
105287,0,0,0,0,0,0,0
208024,1,1,0,0,0,1,6
9910229,7,2,5,9,0,7,23
6202,3,1,2,2,0,3,12
9905506,0,0,0,0,0,0,0
9403302,4,3,1,1,1,3,3
204129,5,2,3,4,1,4,23
102240,0,0,0,0,0,0,0
9801329,13,3,10,28,1,12,48
7215,7,5,2,2,4,3,3
106287,1,1,0,0,1,0,0
102336,4,2,2,2,0,4,21
9803447,6,1,5,10,0,6,29
106152,0,0,0,0,0,0,0
9607301,3,3,0,0,2,1,2
204289,2,2,0,0,0,2,2
9605284,0,0,0,0,0,0,0
9608351,5,3,2,2,0,5,9
9805446,2,2,0,0,0,2,4
9605258,0,0,0,0,0,0,0
210094,1,1,0,0,0,1,5
9812224,5,3,2,2,5,0,0
9706259,1,1,0,0,0,1,2
208101,3,3,0,0,0,3,26
9810526,1,1,0,0,0,1,1
9407357,1,1,0,0,1,0,0
201284,2,2,0,0,0,2,27
9909340,1,1,0,0,0,1,2
9904476,0,0,0,0,0,0,0
9807573,2,1,1,1,0,2,6
205315,7,3,4,5,0,7,77
9808386,2,2,0,0,0,2,12
9809476,2,2,0,0,0,2,3
106192,9,2,7,15,0,9,58
9412351,1,1,0,0,1,0,0
9904388,2,2,0,0,0,2,25
9607429,3,2,1,1,1,2,2
6071,4,2,2,2,2,2,6
9903510,5,3,2,2,0,5,56
9611356,1,1,0,0,0,1,5
9609338,0,0,0,0,0,0,0
9610237,4,3,1,1,0,4,8
9210224,2,2,0,0,2,0,0
9601244,2,1,1,1,0,2,5
9302205,0,0,0,0,0,0,0
101080,1,1,0,0,0,1,4
9904394,3,1,2,3,0,3,23
8231,3,2,1,1,0,3,10
9905235,2,2,0,0,1,1,1
9409319,2,1,1,1,0,2,3
106312,4,1,3,5,0,4,6
108223,2,1,1,1,0,2,5
105116,1,1,0,0,0,1,7
9609493,1,1,0,0,0,1,2
9309323,7,4,3,5,7,0,0
2289,1,1,0,0,1,0,0
9512372,1,1,0,0,0,1,5
9804394,3,2,1,1,0,3,11
9610312,2,2,0,0,2,0,0
4118,4,4,0,0,1,3,5
9508279,7,2,5,8,1,6,6
9709262,2,2,0,0,0,2,16
9911518,2,2,0,0,0,2,24
10207,11,4,7,19,0,11,54
9807337,0,0,0,0,0,0,0
9508220,4,2,2,3,0,4,16
9702407,3,2,1,1,1,2,4
107161,3,1,2,3,0,3,20
9704304,6,4,2,3,1,5,7
9811506,1,1,0,0,0,1,2
9609255,0,0,0,0,0,0,0
201045,1,1,0,0,0,1,10
9705349,2,2,0,0,2,0,0
108072,2,2,0,0,0,2,17
9804230,3,2,1,2,1,2,4
9608376,2,2,0,0,2,0,0
101329,1,1,0,0,1,0,0
11213,1,1,0,0,0,1,4
9710554,2,1,1,1,2,0,0
9509271,8,3,5,7,8,0,0
204255,2,1,1,1,0,2,12
9909566,0,0,0,0,0,0,0
9812416,1,1,0,0,0,1,4
202029,1,1,0,0,0,1,2
3307,6,1,5,5,0,6,20
9611305,3,2,1,1,2,1,2
112358,0,0,0,0,0,0,0
9903352,1,1,0,0,0,1,2
8122,1,1,0,0,1,0,0
111060,2,1,1,1,0,2,32
9710359,1,1,0,0,0,1,1
106353,13,1,12,25,0,13,223
9905210,4,4,0,0,0,4,5
204278,0,0,0,0,0,0,0
3010,1,1,0,0,1,0,0
10028,2,1,1,1,0,2,8
9410352,4,3,1,1,4,0,0
9310353,2,2,0,0,1,1,1
301279,0,0,0,0,0,0,0
6265,1,1,0,0,0,1,2
9702303,1,1,0,0,0,1,2
9601227,0,0,0,0,0,0,0
9206252,4,1,3,6,0,4,4
11137,1,1,0,0,0,1,1
208185,3,2,1,1,0,3,14
9910251,10,8,2,5,3,7,15
9912540,3,1,2,3,2,1,1
106339,1,1,0,0,0,1,3
10176,1,1,0,0,0,1,3
9309221,2,2,0,0,2,0,0
9601210,1,1,0,0,1,0,0
9907377,2,2,0,0,0,2,5
9407390,9,2,7,12,1,8,22
9710250,3,3,0,0,3,0,0
9801331,1,1,0,0,0,1,3
9610422,0,0,0,0,0,0,0
12122,0,0,0,0,0,0,0
9911444,0,0,0,0,0,0,0
9609282,2,2,0,0,2,0,0
206126,1,1,0,0,0,1,3
9703453,5,2,3,4,5,0,0
9610305,1,1,0,0,0,1,1
9710452,4,1,3,4,3,1,1
202096,1,1,0,0,0,1,4
9910323,1,1,0,0,0,1,11
9712470,1,1,0,0,0,1,9
9901321,7,5,2,3,0,7,21
9503288,2,1,1,1,0,2,2
9912277,0,0,0,0,0,0,0
205041,2,1,1,1,0,2,22
9501346,3,1,2,2,3,0,0
105108,2,1,1,1,0,2,12
9806319,0,0,0,0,0,0,0
9910422,4,1,3,6,0,4,12
9810438,0,0,0,0,0,0,0
209179,1,1,0,0,0,1,5
11108,0,0,0,0,0,0,0
107037,4,1,3,5,0,4,5
204272,1,1,0,0,0,1,1
4165,2,2,0,0,0,2,3
9404233,1,1,0,0,0,1,3
9801340,0,0,0,0,0,0,0
102151,1,1,0,0,0,1,1
9506262,6,3,3,5,6,0,0
206218,1,1,0,0,0,1,2
205313,1,1,0,0,1,0,0
3029,5,4,1,2,0,5,34
9404273,3,2,1,1,1,2,10
9905431,0,0,0,0,0,0,0
9609452,1,1,0,0,1,0,0
9911215,2,1,1,1,0,2,22
208086,2,2,0,0,0,2,10
209286,0,0,0,0,0,0,0
9903365,4,2,2,3,1,3,7
9310343,1,1,0,0,1,0,0
205322,2,2,0,0,0,2,2
9908428,2,2,0,0,1,1,1
112277,0,0,0,0,0,0,0
202161,1,1,0,0,0,1,6
9901427,0,0,0,0,0,0,0
106178,3,3,0,0,0,3,18
206199,3,3,0,0,0,3,17
9710464,2,1,1,1,0,2,2
5174,2,1,1,1,0,2,10
204324,0,0,0,0,0,0,0
212229,1,1,0,0,0,1,6
9404309,1,1,0,0,0,1,1
104158,4,2,2,2,0,4,6
9305333,2,2,0,0,2,0,0
1316,0,0,0,0,0,0,0
9604353,11,6,5,9,0,11,24
9901338,1,1,0,0,0,1,3
9405282,0,0,0,0,0,0,0
9505246,4,4,0,0,3,1,1
9305256,1,1,0,0,1,0,0
9207262,1,1,0,0,1,0,0
9709336,3,3,0,0,0,3,5
9711355,6,4,2,3,1,5,9
9406344,2,2,0,0,0,2,4
9905425,2,1,1,1,0,2,9
103089,1,1,0,0,0,1,5
9301245,2,2,0,0,2,0,0
9907201,1,1,0,0,0,1,12
9204235,2,1,1,1,2,0,0
9611330,2,1,1,1,2,0,0
9412321,1,1,0,0,1,0,0
212184,0,0,0,0,0,0,0
105144,0,0,0,0,0,0,0
104264,9,5,4,7,0,9,47
9311302,0,0,0,0,0,0,0
9704284,0,0,0,0,0,0,0
9706470,3,2,1,1,0,3,6
9804226,1,1,0,0,0,1,1
105333,0,0,0,0,0,0,0
9711252,2,1,1,1,0,2,5
9501294,0,0,0,0,0,0,0
111135,2,1,1,1,2,0,0
9809566,4,1,3,6,4,0,0
205186,0,0,0,0,0,0,0
208262,1,1,0,0,0,1,9
110084,0,0,0,0,0,0,0
9904456,0,0,0,0,0,0,0
111351,3,3,0,0,0,3,3
9808428,0,0,0,0,0,0,0
9709335,2,2,0,0,1,1,3
9912400,0,0,0,0,0,0,0
209139,0,0,0,0,0,0,0
9401207,0,0,0,0,0,0,0
9912469,1,1,0,0,0,1,2
9604286,0,0,0,0,0,0,0
301068,0,0,0,0,0,0,0
112270,1,1,0,0,0,1,12
9902470,1,1,0,0,0,1,13
9711374,0,0,0,0,0,0,0
9405422,1,1,0,0,0,1,1
206263,3,3,0,0,1,2,2
9609296,2,1,1,1,0,2,2
9410381,0,0,0,0,0,0,0
11071,3,3,0,0,1,2,2
112212,4,2,2,2,0,4,11
9507357,1,1,0,0,1,0,0
103022,3,3,0,0,0,3,9
9905314,1,1,0,0,1,0,0
9043,1,1,0,0,1,0,0
9607305,1,1,0,0,1,0,0
11399,1,1,0,0,0,1,1
9704429,3,1,2,3,3,0,0
9510341,1,1,0,0,0,1,5
212250,1,1,0,0,0,1,4
203055,0,0,0,0,0,0,0
110046,2,2,0,0,0,2,12
10067,2,2,0,0,0,2,7
110184,1,1,0,0,0,1,14
101184,1,1,0,0,1,0,0
9710433,0,0,0,0,0,0,0
107132,3,1,2,3,0,3,24
103016,1,1,0,0,1,0,0
211049,0,0,0,0,0,0,0
302176,0,0,0,0,0,0,0
112023,1,1,0,0,0,1,19
9612371,0,0,0,0,0,0,0
7193,4,2,2,3,0,4,4
9912393,4,2,2,3,0,4,14
112147,0,0,0,0,0,0,0
203161,4,2,2,3,0,4,55
9909351,0,0,0,0,0,0,0
2274,0,0,0,0,0,0,0
209284,0,0,0,0,0,0,0
210447,1,1,0,0,0,1,10
5322,1,1,0,0,1,0,0
9305237,1,1,0,0,1,0,0
105114,1,1,0,0,0,1,5
201313,1,1,0,0,0,1,6
9803302,0,0,0,0,0,0,0
301077,0,0,0,0,0,0,0
102322,0,0,0,0,0,0,0
109098,0,0,0,0,0,0,0
201003,0,0,0,0,0,0,0
8185,2,1,1,1,2,0,0
9809434,1,1,0,0,1,0,0
9905490,0,0,0,0,0,0,0
9812265,0,0,0,0,0,0,0
9306258,0,0,0,0,0,0,0
9606478,1,1,0,0,0,1,5
9503393,4,2,2,3,4,0,0
206267,1,1,0,0,0,1,10
9909270,1,1,0,0,0,1,3
9710498,0,0,0,0,0,0,0
111183,1,1,0,0,0,1,1
2105,0,0,0,0,0,0,0
204201,2,1,1,1,0,2,3
9712361,0,0,0,0,0,0,0
9608459,0,0,0,0,0,0,0
9907306,0,0,0,0,0,0,0
9508223,0,0,0,0,0,0,0
9712419,1,1,0,0,0,1,1
9911225,0,0,0,0,0,0,0
1032,0,0,0,0,0,0,0
9909274,1,1,0,0,0,1,2
208261,4,1,3,6,0,4,23
211152,0,0,0,0,0,0,0
9910322,0,0,0,0,0,0,0
109128,0,0,0,0,0,0,0
9707236,1,1,0,0,1,0,0
210197,1,1,0,0,0,1,3
102250,1,1,0,0,0,1,4
8104,0,0,0,0,0,0,0
205157,1,1,0,0,0,1,12
12029,2,2,0,0,2,0,0
211165,0,0,0,0,0,0,0
208013,0,0,0,0,0,0,0
9710219,2,1,1,1,0,2,2
302179,0,0,0,0,0,0,0
8291,1,1,0,0,0,1,12
211340,0,0,0,0,0,0,0
9506296,0,0,0,0,0,0,0
9803207,0,0,0,0,0,0,0
9912466,0,0,0,0,0,0,0
9501215,0,0,0,0,0,0,0
9808216,1,1,0,0,1,0,0
9609387,1,1,0,0,0,1,4
9503471,1,1,0,0,0,1,2
301131,2,1,1,1,0,2,5
9402257,1,1,0,0,1,0,0
210158,0,0,0,0,0,0,0
9610234,0,0,0,0,0,0,0
101185,1,1,0,0,0,1,3
9612255,0,0,0,0,0,0,0
9901236,0,0,0,0,0,0,0
7166,1,1,0,0,1,0,0
302186,0,0,0,0,0,0,0
9410386,1,1,0,0,1,0,0
210204,1,1,0,0,0,1,8
9506221,0,0,0,0,0,0,0
211334,2,2,0,0,1,1,9
9259,0,0,0,0,0,0,0
9905251,3,1,2,3,0,3,19
9304244,0,0,0,0,0,0,0
4231,0,0,0,0,0,0,0
208006,0,0,0,0,0,0,0
9312332,0,0,0,0,0,0,0
9601272,1,1,0,0,0,1,2
211045,0,0,0,0,0,0,0
9705373,1,1,0,0,1,0,0
12338,1,1,0,0,1,0,0
212356,0,0,0,0,0,0,0
9809414,0,0,0,0,0,0,0
9901336,0,0,0,0,0,0,0
9602215,0,0,0,0,0,0,0
9905559,1,1,0,0,1,0,0
201153,0,0,0,0,0,0,0
9611403,0,0,0,0,0,0,0
11305,1,1,0,0,0,1,1
9506230,0,0,0,0,0,0,0
9610317,0,0,0,0,0,0,0
209024,1,1,0,0,0,1,5
204096,0,0,0,0,0,0,0
10019,2,2,0,0,1,1,2
301123,0,0,0,0,0,0,0
9608285,0,0,0,0,0,0,0
110130,1,1,0,0,0,1,1
111085,1,1,0,0,0,1,10
204057,0,0,0,0,0,0,0
9608485,0,0,0,0,0,0,0
9803423,1,1,0,0,0,1,7
9307335,2,2,0,0,2,0,0
9904430,4,1,3,5,0,4,5
105255,0,0,0,0,0,0,0
9609507,1,1,0,0,0,1,1
211116,0,0,0,0,0,0,0
109193,0,0,0,0,0,0,0
9705213,0,0,0,0,0,0,0
7045,1,1,0,0,0,1,1
9904487,0,0,0,0,0,0,0
108164,0,0,0,0,0,0,0
9706346,0,0,0,0,0,0,0
9406420,1,1,0,0,1,0,0
201167,0,0,0,0,0,0,0
9803409,1,1,0,0,0,1,4
205026,2,2,0,0,0,2,22
209044,1,1,0,0,0,1,2
9912213,0,0,0,0,0,0,0
9401201,0,0,0,0,0,0,0
203120,1,1,0,0,1,0,0
101187,0,0,0,0,0,0,0
9601258,0,0,0,0,0,0,0
9312331,0,0,0,0,0,0,0
9910450,1,1,0,0,0,1,2
12121,0,0,0,0,0,0,0
109059,1,1,0,0,0,1,8
9307257,0,0,0,0,0,0,0
9905234,1,1,0,0,1,0,0
4168,0,0,0,0,0,0,0
106146,1,1,0,0,0,1,9
9610338,0,0,0,0,0,0,0
110210,0,0,0,0,0,0,0
9902306,0,0,0,0,0,0,0
11315,0,0,0,0,0,0,0
111352,0,0,0,0,0,0,0
12126,2,1,1,1,2,0,0
9603254,0,0,0,0,0,0,0
9909545,0,0,0,0,0,0,0
201100,0,0,0,0,0,0,0
204256,1,1,0,0,0,1,5
7263,0,0,0,0,0,0,0
112239,0,0,0,0,0,0,0
101243,1,1,0,0,0,1,3
211396,0,0,0,0,0,0,0
206053,0,0,0,0,0,0,0
6166,1,1,0,0,1,0,0
102328,0,0,0,0,0,0,0
8187,0,0,0,0,0,0,0
9509295,0,0,0,0,0,0,0
302068,0,0,0,0,0,0,0
9611214,0,0,0,0,0,0,0
210255,0,0,0,0,0,0,0
9709391,1,1,0,0,1,0,0
9906279,0,0,0,0,0,0,0
203139,0,0,0,0,0,0,0
3244,1,1,0,0,0,1,12
9606328,0,0,0,0,0,0,0
9805374,1,1,0,0,0,1,11
211270,0,0,0,0,0,0,0
9902210,1,1,0,0,1,0,0
6112,0,0,0,0,0,0,0
106039,1,1,0,0,0,1,1
9507464,0,0,0,0,0,0,0
9705225,0,0,0,0,0,0,0
7044,0,0,0,0,0,0,0
9701348,0,0,0,0,0,0,0
9912332,0,0,0,0,0,0,0
302023,0,0,0,0,0,0,0
9708324,0,0,0,0,0,0,0
9807381,0,0,0,0,0,0,0
210401,0,0,0,0,0,0,0
201057,0,0,0,0,0,0,0
110054,0,0,0,0,0,0,0
103203,0,0,0,0,0,0,0
207267,0,0,0,0,0,0,0
9909569,0,0,0,0,0,0,0
9509290,0,0,0,0,0,0,0
9708465,0,0,0,0,0,0,0
9707231,0,0,0,0,0,0,0
9602294,0,0,0,0,0,0,0
9412303,1,1,0,0,1,0,0
210151,1,1,0,0,0,1,2
302233,0,0,0,0,0,0,0
9505401,0,0,0,0,0,0,0
9808441,0,0,0,0,0,0,0
110241,0,0,0,0,0,0,0
3046,0,0,0,0,0,0,0
11050,0,0,0,0,0,0,0
302044,0,0,0,0,0,0,0
104177,0,0,0,0,0,0,0
9512261,0,0,0,0,0,0,0
9908394,0,0,0,0,0,0,0
102212,0,0,0,0,0,0,0
103347,0,0,0,0,0,0,0
201101,0,0,0,0,0,0,0
1176,0,0,0,0,0,0,0
9710446,1,1,0,0,0,1,2
210177,0,0,0,0,0,0,0
210383,1,1,0,0,0,1,1
9508226,1,1,0,0,0,1,1
9808422,0,0,0,0,0,0,0
9806448,0,0,0,0,0,0,0
9809345,0,0,0,0,0,0,0
5097,0,0,0,0,0,0,0
201169,0,0,0,0,0,0,0
205222,0,0,0,0,0,0,0
104157,0,0,0,0,0,0,0
9310274,0,0,0,0,0,0,0
212027,1,1,0,0,0,1,10
301175,0,0,0,0,0,0,0
9904424,0,0,0,0,0,0,0
9084,0,0,0,0,0,0,0
1187,0,0,0,0,0,0,0
210065,0,0,0,0,0,0,0
10184,0,0,0,0,0,0,0
9812452,0,0,0,0,0,0,0
112031,0,0,0,0,0,0,0
112128,0,0,0,0,0,0,0
209348,0,0,0,0,0,0,0
9911531,0,0,0,0,0,0,0
112204,0,0,0,0,0,0,0
12327,0,0,0,0,0,0,0
9609446,0,0,0,0,0,0,0
9902257,0,0,0,0,0,0,0
12341,0,0,0,0,0,0,0
9506429,0,0,0,0,0,0,0
11061,0,0,0,0,0,0,0
212214,0,0,0,0,0,0,0
9504304,27,4,23,65,27,0,0
9607469,2,1,1,1,1,1,1
8009,28,3,25,109,4,24,103
9804363,129,15,114,644,7,122,613
102274,1,1,0,0,0,1,5
9903230,19,3,16,78,0,19,129
9310355,13,5,8,31,0,13,13
9505430,6,4,2,2,3,3,9
9506457,9,5,4,4,2,7,15
106295,75,2,73,837,0,75,229
9303249,50,5,45,216,36,14,14
9610368,15,3,12,25,0,15,44
9803262,3,1,2,2,0,3,11
6035,8,3,5,10,0,8,19
111297,1,1,0,0,0,1,12
9506305,34,4,30,159,1,33,63
9810252,5,4,1,2,1,4,22
201227,4,3,1,1,0,4,14
9812320,61,1,60,418,1,60,457
103090,10,4,6,10,0,10,50
9405265,1,1,0,0,1,0,0
9308318,3,3,0,0,1,2,7
9703264,3,2,1,1,0,3,13
9602436,7,2,5,7,0,7,48
9610383,2,1,1,1,0,2,2
9406249,13,8,5,8,3,10,34
9406396,13,7,6,11,3,10,19
9608253,25,6,19,60,3,22,22
9903308,77,8,69,454,35,42,94
9604364,60,6,54,347,4,56,293
9705300,7,3,4,6,0,7,43
9802340,12,4,8,12,1,11,17
9901318,38,4,34,115,0,38,138
9206228,7,4,3,4,7,0,0
9505281,24,5,19,63,16,8,14
9612232,37,3,34,143,11,26,87
9812222,10,2,8,13,10,0,0
9909501,20,4,16,63,7,13,45
9803440,48,6,42,140,5,43,155
9301239,19,6,13,31,18,1,1
9301261,15,3,12,24,15,0,0
9606289,39,3,36,136,29,10,10
9212267,8,2,6,14,8,0,0
9712201,59,19,40,116,55,4,6
9712409,12,5,7,15,3,9,20
9509399,16,8,8,13,5,11,24
9207279,108,34,74,355,108,0,0
9402291,37,8,29,86,4,33,33
9606388,109,5,104,951,0,109,532
9609451,21,1,20,95,8,13,39
9705287,39,4,35,151,2,37,399
104090,13,8,5,7,0,13,47
9712401,28,3,25,71,18,10,15
9805260,8,4,4,8,1,7,24
6056,18,1,17,44,0,18,214
9809594,40,5,35,205,1,39,73
10111,2,1,1,1,0,2,21
9607225,64,5,59,414,3,61,315
9703250,24,5,19,54,0,24,227
9712353,7,2,5,10,0,7,26
9409396,8,3,5,7,0,8,26
9709301,17,7,10,17,0,17,93
106067,47,5,42,112,1,46,234
9705235,61,6,55,217,1,60,548
9705440,6,4,2,3,0,6,34
9308210,47,7,40,166,40,7,7
9311345,113,13,100,756,100,13,13
2167,24,8,16,50,8,16,49
9306270,30,11,19,64,30,0,0
9912438,4,4,0,0,1,3,4
9608458,84,1,83,554,4,80,323
9802401,18,4,14,37,1,17,106
9401277,78,10,68,337,41,37,56
9709507,19,3,16,32,2,17,164
9603412,31,9,22,66,4,27,90
9212235,116,20,96,804,36,80,146
9305282,25,2,23,90,6,19,58
9703348,19,2,17,32,3,16,29
9808492,2,2,0,0,0,2,2
9602280,54,5,49,289,3,51,314
9610553,24,5,19,74,1,23,139
9911410,4,2,2,3,0,4,14
9707264,34,2,32,148,7,27,59
9603218,9,4,5,10,3,6,6
9610450,8,4,4,5,3,5,9
9507422,13,4,9,36,11,2,2
9708350,20,4,16,47,0,20,100
9909526,3,2,1,1,0,3,15
9206246,30,3,27,123,30,0,0
6083,4,1,3,4,0,4,16
9412299,3,3,0,0,0,3,13
9205228,56,12,44,182,56,0,0
9710513,24,5,19,57,0,24,165
9506210,10,2,8,20,1,9,24
9405347,11,4,7,17,3,8,8
9302224,39,7,32,219,17,22,22
9403231,7,2,5,13,7,0,0
9211319,4,3,1,1,4,0,0
9409434,40,4,36,139,39,1,1
9406318,26,2,24,119,9,17,17
9907461,17,4,13,38,1,16,75
9712210,5,1,4,7,1,4,9
9610415,33,3,30,102,10,23,41
4016,2,1,1,1,0,2,8
9704398,19,6,13,27,4,15,22
9804425,33,3,30,74,1,32,158
9805209,24,9,15,32,0,24,150
9606399,94,26,68,254,47,47,76
9905283,13,2,11,30,3,10,29
9312319,93,7,86,615,89,4,4
9811382,23,3,20,70,0,23,83
101025,21,3,18,43,0,21,190
9910550,43,2,41,321,0,43,769
9209248,31,3,28,87,31,0,0
9910313,46,3,43,275,0,46,475
3150,16,4,12,25,0,16,84
108178,13,1,12,22,4,9,41
9902381,17,1,16,37,0,17,54
9412324,33,8,25,101,22,11,21
9910506,4,4,0,0,1,3,13
9906270,14,4,10,21,1,13,40
9807522,35,5,30,107,0,35,183
9405278,7,5,2,5,0,7,37
9805405,24,7,17,38,7,17,25
9710259,8,2,6,13,0,8,33
9402282,6,2,4,6,1,5,13
9611312,17,1,16,89,11,6,19
9811256,16,3,13,28,6,10,19
9302281,18,4,14,50,18,0,0
9808299,66,6,60,405,2,64,391
9501341,67,2,65,620,64,3,3
9606337,164,4,160,1754,4,160,658
9904225,13,5,8,11,2,11,45
9705418,2,1,1,1,2,0,0
9903264,0,0,0,0,0,0,0
9604310,3,2,1,1,1,2,2
9902203,5,1,4,7,2,3,4
9405407,98,4,94,758,6,92,201
9702375,19,10,9,14,1,18,116
208177,34,8,26,42,11,23,172
9601265,11,3,8,15,11,0,0
9402283,96,7,89,636,77,19,19
9703259,41,9,32,128,2,39,200
9806504,1,1,0,0,1,0,0
9910420,53,7,46,200,1,52,325
9804273,27,5,22,58,2,25,119
9402310,21,5,16,52,1,20,45
111064,12,7,5,6,0,12,217
9704349,7,2,5,7,0,7,59
102312,45,4,41,210,2,43,85
11233,19,8,11,25,0,19,159
9401262,30,4,26,95,30,0,0
9208255,10,2,8,19,10,0,0
9906206,63,7,56,405,6,57,373
9906527,20,8,12,20,8,12,12
108108,11,3,8,15,2,9,23
105139,27,5,22,46,6,21,49
9612294,9,3,6,15,0,9,46
9507250,12,3,9,25,12,0,0
9602230,2,2,0,0,2,0,0
9712283,10,6,4,10,10,0,0
9808287,18,3,15,62,1,17,49
9603408,40,3,37,101,24,16,18
9610211,2,2,0,0,0,2,6
2199,55,6,49,271,0,55,306
9906234,107,8,99,607,1,106,1425
9910277,12,4,8,10,0,12,92
12167,33,1,32,197,0,33,467
9807236,15,3,12,34,5,10,26
205184,2,2,0,0,0,2,25
201114,10,4,6,13,0,10,81
109028,2,2,0,0,0,2,11
6041,70,23,47,171,0,70,787
111230,14,3,11,43,0,14,97
9909373,14,4,10,22,0,14,133
9703233,9,3,6,8,1,8,47
9408255,8,2,6,14,8,0,0
104113,2,2,0,0,0,2,18
9232,21,3,18,85,0,21,154
9401313,1,1,0,0,0,1,1
9709397,40,4,36,216,6,34,83
9507366,27,9,18,46,3,24,54
9609480,13,6,7,12,0,13,24
9302307,68,10,58,431,57,11,11
9601311,12,4,8,13,4,8,17
9306209,18,4,14,43,2,16,20
9912467,5,2,3,3,0,5,23
6138,3,2,1,1,0,3,11
12216,1,1,0,0,0,1,5
9308277,18,10,8,14,17,1,1
9908384,8,1,7,9,0,8,16
9801233,15,6,9,19,0,15,66
9706347,38,3,35,129,7,31,50
9601276,107,4,103,622,1,106,355
9509308,50,6,44,115,0,50,354
9210276,4,2,2,2,3,1,1
9501406,5,3,2,2,5,0,0
9302239,17,3,14,52,17,0,0
9511258,9,4,5,13,2,7,12
9612322,14,3,11,29,0,14,44
101311,8,4,4,7,0,8,12
101081,2,2,0,0,0,2,15
9707242,13,6,7,15,0,13,110
9911317,15,3,12,34,0,15,116
9208206,16,6,10,25,16,0,0
9903459,15,2,13,31,5,10,30
9601388,19,7,12,24,13,6,6
9506442,4,2,2,2,2,2,4
7251,16,3,13,37,0,16,158
9406329,7,2,5,9,7,0,0
9602378,16,6,10,46,6,10,15
9711349,22,6,16,51,22,0,0
9301216,2,2,0,0,2,0,0
9810466,42,7,35,141,0,42,294
9410375,12,5,7,15,12,0,0
9412255,14,3,11,31,8,6,8
9306289,72,7,65,324,54,18,18
9604423,19,2,17,74,5,14,25
9506240,2,2,0,0,2,0,0
9512404,78,3,75,382,1,77,242
9404306,18,5,13,41,6,12,12
9606485,3,1,2,2,3,0,0
9710356,29,5,24,105,2,27,95
9605395,13,6,7,18,6,7,9
9303216,7,3,4,6,6,1,1
9507321,20,6,14,52,0,20,98
9403292,19,11,8,26,18,1,1
9706529,26,4,22,43,1,25,118
9705323,13,2,11,31,0,13,60
9506446,4,3,1,1,1,3,3
9905367,6,4,2,2,0,6,14
9506317,64,2,62,487,5,59,121
9704347,11,5,6,19,0,11,224
9403388,12,7,5,12,2,10,20
9509352,16,2,14,42,1,15,66
9307243,46,5,41,293,39,7,17
9904396,4,2,2,2,2,2,3
9207212,19,6,13,26,19,0,0
11217,7,2,5,7,0,7,35
9905254,1,1,0,0,0,1,1
9603335,14,6,8,13,0,14,50
9604402,9,2,7,13,1,8,32
9911526,3,1,2,2,1,2,2
9702393,9,2,7,16,2,7,54
9810350,6,2,4,9,6,0,0
207197,2,1,1,1,0,2,12
112059,11,3,8,27,11,0,0
9811404,7,2,5,9,0,7,16
9709460,2,1,1,1,2,0,0
9403209,7,3,4,9,7,0,0
9505262,30,6,24,96,12,18,28
9306207,8,4,4,4,6,2,4
8010,15,7,8,17,2,13,68
9809535,4,1,3,4,0,4,44
9906538,17,5,12,43,1,16,78
9807354,16,4,12,71,1,15,49
9310312,15,8,7,17,15,0,0
9602377,9,3,6,13,3,6,6
9212284,51,7,44,209,0,51,51
9810522,1,1,0,0,0,1,2
108117,19,11,8,20,2,17,70
9707209,11,6,5,8,0,11,33
9908397,13,3,10,33,0,13,172
108275,5,1,4,7,0,5,35
7095,5,2,3,4,0,5,25
9308254,7,2,5,14,7,0,0
9908524,2,1,1,1,0,2,6
9503217,8,3,5,7,0,8,15
9706212,14,6,8,20,1,13,16
9303238,33,4,29,182,33,0,0
9307218,10,4,6,10,10,0,0
9711414,22,6,16,58,2,20,47
204066,0,0,0,0,0,0,0
9301202,2,2,0,0,2,0,0
9709300,2,1,1,1,0,2,3
9608211,33,10,23,52,0,33,383
9302222,6,5,1,1,6,0,0
11159,12,2,10,22,0,12,49
9505319,18,5,13,47,14,4,4
9310371,6,3,3,6,6,0,0
9710563,3,3,0,0,1,2,4
9142,2,2,0,0,0,2,7
9710382,13,6,7,13,5,8,8
201031,2,2,0,0,1,1,2
9809367,9,1,8,19,0,9,17
9509321,11,3,8,26,4,7,7
9208207,25,5,20,63,25,0,0
106135,13,3,10,27,0,13,192
9510294,6,3,3,3,0,6,13
9610367,5,3,2,2,1,4,8
4027,23,2,21,87,1,22,85
101205,9,3,6,13,0,9,117
9412294,13,4,9,18,8,5,7
104121,5,1,4,6,0,5,22
8328,3,2,1,1,0,3,42
9141,15,1,14,40,1,14,134
9906204,1,1,0,0,0,1,4
9805451,10,3,7,12,0,10,32
9611399,3,3,0,0,3,0,0
9810537,6,1,5,8,0,6,10
9807299,2,1,1,1,0,2,10
9910461,8,4,4,7,0,8,79
108265,5,3,2,3,0,5,27
1264,14,10,4,7,0,14,84
210387,1,1,0,0,0,1,8
9710224,15,4,11,19,0,15,47
9292,16,1,15,50,5,11,71
107241,3,2,1,1,0,3,6
9611422,7,2,5,9,0,7,30
104141,9,4,5,7,0,9,173
9502273,6,3,3,4,0,6,13
9309258,1,1,0,0,1,0,0
9610522,15,5,10,17,15,0,0
9509274,11,3,8,26,8,3,8
9611259,4,4,0,0,0,4,61
108115,6,5,1,1,0,6,24
2041,2,1,1,1,0,2,12
9501290,2,1,1,1,1,1,4
201008,25,3,22,78,16,9,10
9901326,3,1,2,3,0,3,29
9209203,22,7,15,65,22,0,0
9705389,12,5,7,21,4,8,10
9504288,11,3,8,12,5,6,7
9812522,25,4,21,50,1,24,82
9611452,7,3,4,7,1,6,8
9604442,14,3,11,18,4,10,15
107123,8,3,5,10,0,8,16
102245,11,5,6,10,2,9,16
203233,7,2,5,12,0,7,22
204194,15,2,13,52,0,15,82
9912268,3,3,0,0,0,3,17
102307,16,5,11,24,5,11,25
9511313,2,1,1,1,1,1,4
104230,6,1,5,10,0,6,34
3224,10,5,5,5,0,10,56
201250,3,2,1,1,0,3,11
6329,4,3,1,1,0,4,34
9906318,24,6,18,67,3,21,37
107056,15,3,12,31,0,15,62
9605422,3,1,2,2,0,3,3
9511412,7,5,2,2,0,7,16
5326,2,1,1,1,0,2,3
101042,21,3,18,68,0,21,240
9503381,11,2,9,16,11,0,0
9804201,20,2,18,82,2,18,39
9603396,22,1,21,93,6,16,16
8220,7,3,4,10,3,4,6
9609290,2,2,0,0,0,2,3
9304227,2,1,1,1,2,0,0
9702296,7,2,5,16,0,7,18
9702301,7,1,6,13,1,6,31
104024,7,3,4,10,7,0,0
9610375,1,1,0,0,0,1,3
9507455,7,2,5,7,2,5,17
9408230,1,1,0,0,1,0,0
9807488,12,7,5,7,1,11,39
9504354,10,1,9,13,10,0,0
9607461,9,5,4,9,7,2,3
9811375,24,6,18,45,9,15,15
10205,19,1,18,111,0,19,132
9911372,2,1,1,1,0,2,11
9602432,6,4,2,2,5,1,1
4170,1,1,0,0,0,1,3
9611239,2,2,0,0,1,1,2
109167,2,2,0,0,0,2,6
9707541,6,4,2,3,0,6,24
202237,0,0,0,0,0,0,0
110102,8,5,3,5,1,7,7
9610455,7,3,4,5,0,7,48
9707278,1,1,0,0,0,1,4
9702297,8,4,4,8,3,5,7
9707320,6,3,3,5,3,3,3
5188,1,1,0,0,0,1,7
9908463,7,3,4,12,1,6,10
9608340,5,3,2,3,0,5,15
9805468,4,2,2,3,1,3,9
9910399,11,2,9,29,1,10,60
9901429,18,4,14,39,0,18,121
9708294,7,3,4,6,0,7,27
9406227,33,1,32,216,2,31,184
9912366,7,2,5,6,1,6,34
9708292,2,1,1,1,0,2,9
203054,1,1,0,0,0,1,1
9711434,6,3,3,7,0,6,19
102273,3,1,2,3,0,3,13
9712205,4,3,1,1,0,4,8
9602426,5,1,4,9,0,5,9
9907269,1,1,0,0,0,1,6
9803349,21,9,12,30,3,18,156
9802306,7,3,4,5,0,7,14
9506345,4,2,2,3,2,2,4
9708295,2,2,0,0,0,2,2
9307299,2,2,0,0,1,1,1
107317,2,1,1,1,1,1,2
9701365,10,3,7,15,0,10,50
9702435,8,6,2,2,1,7,12
9911240,1,1,0,0,0,1,2
9811440,5,4,1,1,0,5,20
9612272,6,3,3,4,2,4,6
9912304,1,1,0,0,0,1,3
9808236,2,2,0,0,1,1,11
9609475,0,0,0,0,0,0,0
9607244,8,2,6,12,8,0,0
109100,4,3,1,1,0,4,22
101136,12,6,6,10,4,8,23
9406330,0,0,0,0,0,0,0
9712322,2,2,0,0,0,2,4
101018,3,3,0,0,3,0,0
112200,0,0,0,0,0,0,0
112156,3,2,1,1,0,3,22
9712266,6,1,5,12,0,6,18
9412245,2,1,1,1,0,2,2
9901413,2,2,0,0,0,2,2
106337,2,1,1,1,0,2,7
9506381,8,3,5,11,1,7,15
9809479,2,2,0,0,0,2,5
9807519,7,1,6,12,0,7,31
110318,1,1,0,0,0,1,11
203179,1,1,0,0,0,1,8
9801439,4,3,1,1,0,4,9
9604265,0,0,0,0,0,0,0
9803426,12,3,9,29,0,12,54
9702386,1,1,0,0,0,1,1
2002,1,1,0,0,0,1,6
9604341,5,1,4,6,5,0,0
9603441,11,1,10,20,3,8,35
9806381,7,6,1,1,3,4,4
9612407,0,0,0,0,0,0,0
9505356,4,2,2,2,0,4,11
9704327,16,3,13,52,0,16,170
9812212,8,4,4,5,0,8,29
9604235,5,1,4,4,0,5,13
9407393,3,1,2,2,0,3,11
9809346,13,4,9,23,1,12,72
10133,2,1,1,1,0,2,22
5199,2,2,0,0,0,2,2
11252,23,9,14,62,0,23,366
11244,3,3,0,0,0,3,28
9803403,10,3,7,14,0,10,48
9912340,2,2,0,0,1,1,19
201273,13,3,10,14,1,12,61
9612367,0,0,0,0,0,0,0
8222,25,6,19,65,14,11,13
204008,5,1,4,4,3,2,2
9811275,12,5,7,14,1,11,69
103274,11,4,7,13,0,11,45
9505441,1,1,0,0,1,0,0
9905515,25,5,20,71,10,15,30
210155,2,2,0,0,0,2,7
10270,2,2,0,0,0,2,6
9410317,7,1,6,12,4,3,3
9609445,36,5,31,104,4,32,69
3218,5,3,2,2,2,3,14
9810393,2,1,1,1,0,2,7
9905400,0,0,0,0,0,0,0
109268,7,7,0,0,1,6,12
208016,14,2,12,48,1,13,41
9412228,1,1,0,0,0,1,3
3291,2,2,0,0,0,2,10
9403268,2,2,0,0,0,2,6
201056,5,3,2,4,1,4,13
9602352,15,5,10,15,7,8,9
8313,1,1,0,0,0,1,2
207185,1,1,0,0,0,1,4
10030,13,2,11,32,0,13,56
9509283,11,2,9,17,3,8,10
9903403,7,1,6,15,0,7,23
9802268,3,1,2,2,3,0,0
9604342,0,0,0,0,0,0,0
9903427,3,1,2,3,0,3,3
105214,6,1,5,9,0,6,82
9801283,8,4,4,7,3,5,8
9802279,2,2,0,0,0,2,5
11358,2,2,0,0,0,2,3
11285,1,1,0,0,0,1,1
9907241,12,5,7,12,0,12,56
108040,9,3,6,14,0,9,47
4240,1,1,0,0,0,1,10
9304256,7,4,3,4,3,4,4
203251,3,1,2,2,0,3,51
110341,6,2,4,6,0,6,192
9902286,3,1,2,2,0,3,15
9711298,4,3,1,2,0,4,17
111106,2,2,0,0,0,2,9
8032,2,2,0,0,2,0,0
112101,9,1,8,36,0,9,54
203187,5,2,3,4,0,5,45
10150,8,1,7,21,0,8,108
9301247,7,4,3,4,7,0,0
9809362,4,1,3,3,0,4,31
9804402,0,0,0,0,0,0,0
9408294,3,2,1,1,0,3,5
9908214,3,1,2,3,0,3,25
111263,1,1,0,0,0,1,2
9301229,29,5,24,126,29,0,0
2122,1,1,0,0,0,1,8
9711442,17,9,8,12,0,17,52
105182,10,6,4,6,0,10,69
9208228,13,7,6,10,13,0,0
9610318,1,1,0,0,0,1,2
207139,7,3,4,5,0,7,119
12037,1,1,0,0,0,1,3
6293,1,1,0,0,0,1,16
9303224,4,1,3,4,4,0,0
1256,4,2,2,2,1,3,23
9702355,5,1,4,5,0,5,28
9310344,4,3,1,2,4,0,0
9905480,8,1,7,17,0,8,58
9809262,8,4,4,9,0,8,31
9602411,11,5,6,16,0,11,51
9706548,1,1,0,0,0,1,6
9901426,5,4,1,1,2,3,14
3260,10,3,7,10,0,10,70
9407266,24,3,21,49,24,0,0
9712370,4,2,2,2,4,0,0
211163,0,0,0,0,0,0,0
9712388,8,4,4,7,2,6,12
5011,1,1,0,0,1,0,0
9207205,2,2,0,0,2,0,0
9705232,1,1,0,0,1,0,0
9605375,3,2,1,1,0,3,33
9408239,5,3,2,3,0,5,13
9803365,10,5,5,20,0,10,76
9902264,1,1,0,0,1,0,0
9602258,5,3,2,5,1,4,9
9910560,9,2,7,8,0,9,13
9802235,3,3,0,0,1,2,6
9403294,4,1,3,3,2,2,2
9606371,3,3,0,0,0,3,6
9806395,3,3,0,0,0,3,9
208089,6,2,4,10,0,6,92
6024,19,8,11,16,5,14,24
9707358,1,1,0,0,1,0,0
209124,5,2,3,5,0,5,21
107205,1,1,0,0,0,1,8
9405405,3,3,0,0,3,0,0
9712357,6,3,3,4,3,3,13
9905228,9,1,8,15,8,1,1
111187,3,1,2,2,1,2,11
9910364,1,1,0,0,0,1,5
9285,2,1,1,1,0,2,13
101182,0,0,0,0,0,0,0
9504428,2,2,0,0,0,2,3
9906547,2,2,0,0,2,0,0
204328,3,1,2,2,0,3,27
201130,3,2,1,1,0,3,19
8271,0,0,0,0,0,0,0
9409413,6,4,2,2,6,0,0
208214,2,1,1,1,0,2,34
11130,4,1,3,5,0,4,35
9808286,4,2,2,2,1,3,3
9506298,7,6,1,1,2,5,5
203044,1,1,0,0,0,1,2
102067,7,3,4,7,2,5,6
212393,0,0,0,0,0,0,0
107282,6,3,3,3,0,6,23
4156,1,1,0,0,0,1,1
9602384,1,1,0,0,0,1,1
9906503,4,3,1,1,2,2,3
212388,1,1,0,0,0,1,3
4186,6,2,4,11,0,6,23
9801422,1,1,0,0,0,1,2
211076,1,1,0,0,0,1,4
9902360,2,1,1,1,0,2,17
9407402,6,2,4,6,2,4,5
9903420,4,2,2,2,0,4,11
9401327,3,2,1,1,1,2,4
9905473,3,3,0,0,0,3,6
9511347,7,3,4,11,0,7,13
9503468,0,0,0,0,0,0,0
9906500,4,2,2,3,0,4,4
9610352,4,2,2,3,0,4,17
104063,0,0,0,0,0,0,0
12082,7,2,5,8,2,5,9
9509241,1,1,0,0,1,0,0
205090,1,1,0,0,1,0,0
9903310,2,2,0,0,1,1,1
9403322,9,5,4,7,9,0,0
111115,14,4,10,28,2,12,19
9605461,0,0,0,0,0,0,0
9805282,6,2,4,9,0,6,36
8326,7,4,3,4,7,0,0
9702255,3,3,0,0,0,3,20
111024,0,0,0,0,0,0,0
3082,2,1,1,1,0,2,8
9707415,3,2,1,1,0,3,20
206063,4,3,1,1,0,4,12
9509343,6,5,1,1,6,0,0
211122,0,0,0,0,0,0,0
9802227,3,3,0,0,0,3,6
9902462,3,3,0,0,0,3,8
9406265,0,0,0,0,0,0,0
207313,2,2,0,0,0,2,20
9606440,4,3,1,2,0,4,13
9410224,5,3,2,4,1,4,6
109058,8,2,6,7,0,8,89
9806327,1,1,0,0,1,0,0
9401346,0,0,0,0,0,0,0
202043,2,2,0,0,0,2,8
9810403,2,2,0,0,0,2,2
9707206,1,1,0,0,0,1,1
9510255,1,1,0,0,0,1,1
208275,3,2,1,1,0,3,14
9706349,0,0,0,0,0,0,0
9912335,1,1,0,0,0,1,4
106115,10,1,9,25,0,10,108
106269,0,0,0,0,0,0,0
207005,4,3,1,1,0,4,39
9807478,1,1,0,0,0,1,2
105086,1,1,0,0,0,1,1
9809512,0,0,0,0,0,0,0
102293,0,0,0,0,0,0,0
201204,1,1,0,0,0,1,6
11373,3,1,2,2,0,3,14
9303212,2,2,0,0,2,0,0
9706351,2,2,0,0,0,2,9
9611444,4,2,2,3,1,3,5
8168,5,4,1,1,0,5,35
9906463,2,1,1,1,0,2,18
8201,3,1,2,2,0,3,11
9907547,7,3,4,9,0,7,38
9403323,11,5,6,13,2,9,16
9906276,4,1,3,5,0,4,19
9910558,5,3,2,2,0,5,31
9809354,3,1,2,3,1,2,3
9811279,6,2,4,4,0,6,19
9708321,0,0,0,0,0,0,0
9410278,1,1,0,0,1,0,0
9607304,1,1,0,0,0,1,2
9707270,8,3,5,9,0,8,23
9505371,3,2,1,1,3,0,0
8095,1,1,0,0,1,0,0
9805296,4,2,2,3,0,4,17
9904441,4,1,3,3,3,1,2
9607295,1,1,0,0,0,1,4
105335,5,2,3,4,0,5,32
9711300,1,1,0,0,0,1,3
9512342,1,1,0,0,0,1,5
9607417,0,0,0,0,0,0,0
110287,12,4,8,32,0,12,97
9709351,2,1,1,1,0,2,7
210196,0,0,0,0,0,0,0
9502325,2,2,0,0,1,1,2
205238,0,0,0,0,0,0,0
9710553,3,3,0,0,3,0,0
9004,4,2,2,3,0,4,8
109250,1,1,0,0,0,1,1
9401252,6,4,2,3,6,0,0
9512243,5,2,3,6,5,0,0
1009,1,1,0,0,1,0,0
9711376,1,1,0,0,0,1,1
211058,0,0,0,0,0,0,0
204332,3,2,1,1,0,3,17
211439,0,0,0,0,0,0,0
9312352,0,0,0,0,0,0,0
11242,4,3,1,1,0,4,5
9903401,0,0,0,0,0,0,0
9403305,7,4,3,4,2,5,10
9608349,2,1,1,1,0,2,11
9804356,4,3,1,1,4,0,0
9907337,1,1,0,0,0,1,2
9711320,0,0,0,0,0,0,0
9904246,3,2,1,1,0,3,18
111026,15,5,10,16,2,13,234
205173,0,0,0,0,0,0,0
9905509,5,2,3,3,0,5,23
10187,2,1,1,1,0,2,2
203008,3,2,1,1,0,3,7
9904509,0,0,0,0,0,0,0
108231,0,0,0,0,0,0,0
111082,8,2,6,15,0,8,56
8072,1,1,0,0,0,1,7
9704381,1,1,0,0,1,0,0
9501273,3,1,2,3,3,0,0
9702342,5,2,3,6,2,3,6
9812464,3,2,1,2,3,0,0
207061,1,1,0,0,1,0,0
109155,0,0,0,0,0,0,0
9505209,2,1,1,1,2,0,0
207224,3,1,2,2,0,3,20
9267,0,0,0,0,0,0,0
9809220,2,2,0,0,1,1,1
9902403,6,2,4,4,0,6,9
9612481,0,0,0,0,0,0,0
9504412,2,1,1,1,0,2,3
9712204,4,3,1,1,4,0,0
9506290,7,0,7,19,7,0,0
111367,1,1,0,0,0,1,2
9808483,1,1,0,0,1,0,0
9705457,2,2,0,0,0,2,6
9609292,0,0,0,0,0,0,0
9403368,9,3,6,7,9,0,0
9507430,6,3,3,3,6,0,0
210060,1,1,0,0,0,1,11
9806411,3,2,1,1,0,3,3
302162,0,0,0,0,0,0,0
106183,1,1,0,0,0,1,4
9909290,0,0,0,0,0,0,0
9903440,4,2,2,3,0,4,10
9505249,3,2,1,1,2,1,3
9506231,0,0,0,0,0,0,0
203189,4,2,2,3,0,4,34
9608409,7,1,6,17,0,7,14
7174,0,0,0,0,0,0,0
9809460,1,1,0,0,0,1,7
204113,0,0,0,0,0,0,0
9805332,7,3,4,9,0,7,33
9704256,2,2,0,0,0,2,3
9702217,0,0,0,0,0,0,0
12070,1,1,0,0,0,1,2
202243,0,0,0,0,0,0,0
9807510,1,1,0,0,1,0,0
212134,0,0,0,0,0,0,0
9510260,1,1,0,0,0,1,2
9710421,3,2,1,1,0,3,26
4188,0,0,0,0,0,0,0
204095,5,3,2,2,0,5,29
202196,0,0,0,0,0,0,0
9908421,1,1,0,0,0,1,3
9601339,3,3,0,0,0,3,9
9902377,0,0,0,0,0,0,0
9504227,0,0,0,0,0,0,0
9911389,1,1,0,0,0,1,6
9508236,0,0,0,0,0,0,0
112197,3,3,0,0,0,3,16
4166,1,1,0,0,0,1,1
212062,0,0,0,0,0,0,0
205192,0,0,0,0,0,0,0
210256,0,0,0,0,0,0,0
107292,1,1,0,0,0,1,2
212329,0,0,0,0,0,0,0
9704290,1,1,0,0,1,0,0
12045,0,0,0,0,0,0,0
209106,0,0,0,0,0,0,0
9809447,2,1,1,1,0,2,4
9809330,3,2,1,1,3,0,0
9603433,2,1,1,1,0,2,12
9707502,2,2,0,0,0,2,13
9503371,0,0,0,0,0,0,0
9704368,1,1,0,0,0,1,1
9709488,1,1,0,0,0,1,5
9711329,3,1,2,2,0,3,8
9502218,1,1,0,0,1,0,0
111146,1,1,0,0,0,1,2
11020,1,1,0,0,0,1,6
9705397,2,2,0,0,1,1,5
102214,0,0,0,0,0,0,0
302005,0,0,0,0,0,0,0
9906387,7,7,0,0,0,7,7
9711397,1,1,0,0,0,1,1
109158,6,3,3,3,1,5,16
8111,1,1,0,0,0,1,3
9812408,0,0,0,0,0,0,0
9135,0,0,0,0,0,0,0
6143,2,2,0,0,0,2,2
9310275,3,2,1,1,3,0,0
9511316,1,1,0,0,1,0,0
9606455,0,0,0,0,0,0,0
203134,4,2,2,3,0,4,15
9405284,0,0,0,0,0,0,0
9308,9,1,8,14,0,9,23
209121,6,3,3,3,0,6,94
204285,2,2,0,0,0,2,8
9606405,0,0,0,0,0,0,0
212253,0,0,0,0,0,0,0
9911343,0,0,0,0,0,0,0
9512242,1,1,0,0,0,1,3
9411319,1,1,0,0,1,0,0
9803435,2,1,1,1,2,0,0
9610501,0,0,0,0,0,0,0
9612339,0,0,0,0,0,0,0
106179,1,1,0,0,0,1,9
101114,2,2,0,0,0,2,6
9908442,0,0,0,0,0,0,0
207322,0,0,0,0,0,0,0
12373,0,0,0,0,0,0,0
9708361,2,2,0,0,0,2,6
207244,0,0,0,0,0,0,0
9274,1,1,0,0,0,1,5
302031,0,0,0,0,0,0,0
301105,0,0,0,0,0,0,0
9409385,0,0,0,0,0,0,0
9506247,0,0,0,0,0,0,0
205326,0,0,0,0,0,0,0
5180,0,0,0,0,0,0,0
210131,0,0,0,0,0,0,0
6113,1,1,0,0,0,1,1
9901373,0,0,0,0,0,0,0
9707344,1,1,0,0,0,1,4
9912246,1,1,0,0,0,1,2
1079,1,1,0,0,0,1,8
201140,0,0,0,0,0,0,0
9509224,1,1,0,0,1,0,0
9807520,2,1,1,1,2,0,0
9911532,1,1,0,0,1,0,0
210257,3,1,2,3,0,3,14
9610452,0,0,0,0,0,0,0
9911218,2,1,1,1,2,0,0
9706536,2,1,1,1,0,2,2
106260,3,2,1,1,0,3,10
203046,2,1,1,1,0,2,5
107221,1,1,0,0,1,0,0
4103,0,0,0,0,0,0,0
9812409,0,0,0,0,0,0,0
201230,2,1,1,1,0,2,5
9809394,1,1,0,0,0,1,4
9707468,1,1,0,0,1,0,0
9905360,1,1,0,0,0,1,2
9507385,0,0,0,0,0,0,0
5254,1,1,0,0,0,1,5
210133,5,2,3,4,0,5,33
9809507,3,2,1,1,0,3,24
9505423,1,1,0,0,1,0,0
110381,4,3,1,1,2,2,6
9114,0,0,0,0,0,0,0
9910279,3,2,1,1,0,3,17
206287,2,1,1,1,0,2,26
9802402,0,0,0,0,0,0,0
3016,1,1,0,0,1,0,0
208247,2,2,0,0,0,2,3
9508341,0,0,0,0,0,0,0
9511246,1,1,0,0,0,1,1
9909223,0,0,0,0,0,0,0
9508345,0,0,0,0,0,0,0
201199,1,1,0,0,0,1,6
9708381,0,0,0,0,0,0,0
11088,4,1,3,5,4,0,0
9905503,0,0,0,0,0,0,0
106236,0,0,0,0,0,0,0
106301,3,2,1,1,0,3,13
201108,1,1,0,0,0,1,1
9911430,0,0,0,0,0,0,0
111034,0,0,0,0,0,0,0
3015,0,0,0,0,0,0,0
9205201,4,4,0,0,4,0,0
9807561,1,1,0,0,0,1,2
9905522,0,0,0,0,0,0,0
112166,3,3,0,0,0,3,30
112209,1,1,0,0,0,1,6
9710330,1,1,0,0,0,1,3
4157,0,0,0,0,0,0,0
6186,0,0,0,0,0,0,0
204168,2,1,1,1,1,1,1
211259,0,0,0,0,0,0,0
9502371,2,2,0,0,2,0,0
9805458,4,2,2,2,1,3,5
9508388,1,1,0,0,1,0,0
9802377,1,1,0,0,0,1,1
212077,0,0,0,0,0,0,0
9803437,0,0,0,0,0,0,0
9808285,1,1,0,0,0,1,3
9708442,2,2,0,0,0,2,7
9709463,0,0,0,0,0,0,0
206275,0,0,0,0,0,0,0
9612492,1,1,0,0,1,0,0
9810459,1,1,0,0,0,1,6
209280,1,1,0,0,0,1,4
9810311,2,2,0,0,0,2,6
9811320,0,0,0,0,0,0,0
9179,0,0,0,0,0,0,0
201177,1,1,0,0,0,1,1
110279,3,2,1,1,1,2,7
8199,1,1,0,0,1,0,0
212339,0,0,0,0,0,0,0
206073,1,1,0,0,0,1,14
9601314,0,0,0,0,0,0,0
207011,0,0,0,0,0,0,0
209138,0,0,0,0,0,0,0
10048,0,0,0,0,0,0,0
9710480,0,0,0,0,0,0,0
9609236,0,0,0,0,0,0,0
7146,0,0,0,0,0,0,0
9504328,1,1,0,0,0,1,1
208047,0,0,0,0,0,0,0
9183,1,1,0,0,0,1,4
212410,0,0,0,0,0,0,0
9807295,0,0,0,0,0,0,0
9609398,0,0,0,0,0,0,0
12273,0,0,0,0,0,0,0
208203,5,4,1,1,0,5,65
9907290,0,0,0,0,0,0,0
9704321,1,1,0,0,0,1,3
302221,0,0,0,0,0,0,0
9504202,0,0,0,0,0,0,0
9706308,1,1,0,0,0,1,1
9405281,1,1,0,0,1,0,0
301234,1,1,0,0,0,1,15
9704226,2,2,0,0,1,1,2
9907537,2,1,1,1,0,2,6
201062,0,0,0,0,0,0,0
207246,0,0,0,0,0,0,0
202207,1,1,0,0,0,1,3
1076,0,0,0,0,0,0,0
9805425,0,0,0,0,0,0,0
210393,0,0,0,0,0,0,0
9812367,0,0,0,0,0,0,0
9706405,1,1,0,0,1,0,0
9309278,0,0,0,0,0,0,0
9805329,0,0,0,0,0,0,0
9807482,2,2,0,0,2,0,0
111062,0,0,0,0,0,0,0
101028,0,0,0,0,0,0,0
107051,1,1,0,0,1,0,0
9906454,0,0,0,0,0,0,0
104233,0,0,0,0,0,0,0
9706456,0,0,0,0,0,0,0
10226,0,0,0,0,0,0,0
201046,1,1,0,0,0,1,2
210440,0,0,0,0,0,0,0
207232,0,0,0,0,0,0,0
105264,0,0,0,0,0,0,0
9507412,0,0,0,0,0,0,0
9912300,0,0,0,0,0,0,0
211097,0,0,0,0,0,0,0
301272,0,0,0,0,0,0,0
205249,0,0,0,0,0,0,0
9712548,0,0,0,0,0,0,0
206007,0,0,0,0,0,0,0
3276,0,0,0,0,0,0,0
9606338,0,0,0,0,0,0,0
9406425,0,0,0,0,0,0,0
9808445,0,0,0,0,0,0,0
9605308,0,0,0,0,0,0,0
9705424,0,0,0,0,0,0,0
9907527,0,0,0,0,0,0,0
9508333,1,1,0,0,1,0,0
211090,0,0,0,0,0,0,0
9911209,0,0,0,0,0,0,0
9706226,0,0,0,0,0,0,0
6316,0,0,0,0,0,0,0
11304,0,0,0,0,0,0,0
9308202,0,0,0,0,0,0,0
9912495,0,0,0,0,0,0,0
9808352,1,1,0,0,1,0,0
10285,0,0,0,0,0,0,0
9808482,0,0,0,0,0,0,0
204170,0,0,0,0,0,0,0
9509335,1,1,0,0,0,1,1
10182,1,1,0,0,0,1,2
11046,0,0,0,0,0,0,0
9707479,1,1,0,0,0,1,1
103033,1,1,0,0,0,1,3
210355,0,0,0,0,0,0,0
210077,1,1,0,0,0,1,1
204116,0,0,0,0,0,0,0
105185,1,1,0,0,1,0,0
210259,0,0,0,0,0,0,0
210202,2,2,0,0,0,2,32
9807363,0,0,0,0,0,0,0
9510292,0,0,0,0,0,0,0
9701302,0,0,0,0,0,0,0
9510299,0,0,0,0,0,0,0
9710318,0,0,0,0,0,0,0
9912347,0,0,0,0,0,0,0
301048,0,0,0,0,0,0,0
12342,0,0,0,0,0,0,0
12182,0,0,0,0,0,0,0
103222,1,1,0,0,0,1,1
9708266,0,0,0,0,0,0,0
9118,1,1,0,0,1,0,0
9712323,0,0,0,0,0,0,0
6176,1,1,0,0,1,0,0
9903278,0,0,0,0,0,0,0
9706222,0,0,0,0,0,0,0
9809522,0,0,0,0,0,0,0
111446,0,0,0,0,0,0,0
203174,0,0,0,0,0,0,0
9602231,0,0,0,0,0,0,0
205152,0,0,0,0,0,0,0
111011,0,0,0,0,0,0,0
103323,1,1,0,0,0,1,1
9710469,0,0,0,0,0,0,0
9905454,0,0,0,0,0,0,0
9603231,0,0,0,0,0,0,0
9405409,0,0,0,0,0,0,0
105202,0,0,0,0,0,0,0
210210,0,0,0,0,0,0,0
9901251,0,0,0,0,0,0,0
106046,0,0,0,0,0,0,0
9505389,0,0,0,0,0,0,0
112221,0,0,0,0,0,0,0
212224,0,0,0,0,0,0,0
9505348,0,0,0,0,0,0,0
103282,1,1,0,0,1,0,0
9407377,0,0,0,0,0,0,0
9711381,0,0,0,0,0,0,0
202164,0,0,0,0,0,0,0
9505375,0,0,0,0,0,0,0
9401334,0,0,0,0,0,0,0
209155,0,0,0,0,0,0,0
11386,0,0,0,0,0,0,0
105176,0,0,0,0,0,0,0
208273,0,0,0,0,0,0,0
9707501,1,1,0,0,1,0,0
9705352,1,1,0,0,0,1,4
9308357,0,0,0,0,0,0,0
9705343,0,0,0,0,0,0,0
111266,0,0,0,0,0,0,0
9304,0,0,0,0,0,0,0
9505374,1,1,0,0,1,0,0
4224,0,0,0,0,0,0,0
102272,0,0,0,0,0,0,0
101050,0,0,0,0,0,0,0
9406415,0,0,0,0,0,0,0
9606349,1,1,0,0,1,0,0
7239,0,0,0,0,0,0,0
9407310,1,1,0,0,1,0,0
111008,0,0,0,0,0,0,0
301200,0,0,0,0,0,0,0
9909276,0,0,0,0,0,0,0
9605421,0,0,0,0,0,0,0
301020,0,0,0,0,0,0,0
112363,0,0,0,0,0,0,0
212332,0,0,0,0,0,0,0
9906219,1,1,0,0,1,0,0
205203,0,0,0,0,0,0,0
210144,0,0,0,0,0,0,0
211422,0,0,0,0,0,0,0
7106,0,0,0,0,0,0,0
212036,0,0,0,0,0,0,0
6058,0,0,0,0,0,0,0
9607346,0,0,0,0,0,0,0
9501234,0,0,0,0,0,0,0
9409360,0,0,0,0,0,0,0
301116,0,0,0,0,0,0,0
2244,0,0,0,0,0,0,0
9701265,1,1,0,0,1,0,0
210228,0,0,0,0,0,0,0
9803495,0,0,0,0,0,0,0
112136,0,0,0,0,0,0,0
210275,0,0,0,0,0,0,0
210169,0,0,0,0,0,0,0
301249,0,0,0,0,0,0,0
110302,0,0,0,0,0,0,0
9904308,0,0,0,0,0,0,0
302045,0,0,0,0,0,0,0
110223,0,0,0,0,0,0,0
12059,0,0,0,0,0,0,0
9503250,0,0,0,0,0,0,0
9910386,0,0,0,0,0,0,0
203274,0,0,0,0,0,0,0
9505228,0,0,0,0,0,0,0
9909548,0,0,0,0,0,0,0
211423,0,0,0,0,0,0,0
9505235,20,3,17,54,20,0,0
9711261,15,4,11,27,6,9,9
8018,22,2,20,76,0,22,65
9805403,57,16,41,132,0,57,346
103197,19,3,16,41,0,19,49
9904408,55,4,51,382,4,51,454
9403233,10,5,5,16,1,9,17
9604309,16,4,12,34,1,15,56
9507204,8,5,3,5,8,0,0
108235,7,4,3,3,0,7,70
9312210,39,8,31,160,24,15,19
9610424,8,2,6,21,8,0,0
9804331,3,1,2,2,0,3,3
101229,6,3,3,5,1,5,10
9204204,51,4,47,307,51,0,0
9506427,26,10,16,50,0,26,73
9810367,22,4,18,48,0,22,75
9602414,29,6,23,143,3,26,96
9903382,11,6,5,11,0,11,58
104047,20,3,17,54,0,20,222
102263,0,0,0,0,0,0,0
9312291,19,6,13,40,19,0,0
9309298,30,13,17,28,10,20,32
9603310,33,11,22,50,1,32,211
9502418,37,3,34,171,2,35,85
9407264,5,4,1,4,0,5,27
9408234,44,8,36,144,21,23,52
9609276,40,7,33,186,11,29,67
9904281,33,2,31,167,7,26,79
9604370,48,3,45,245,40,8,8
1124,13,2,11,23,0,13,81
9806294,34,2,32,214,9,25,76
9902204,35,6,29,93,5,30,68
9608311,23,5,18,46,2,21,37
9505301,25,4,21,71,17,8,13
9710371,27,7,20,60,7,20,36
9812403,6,4,2,2,0,6,16
9910428,35,6,29,118,0,35,265
9805249,4,2,2,3,1,3,3
9208241,12,4,8,13,12,0,0
9306235,24,2,22,51,16,8,8
9405414,42,8,34,109,42,0,0
9303275,15,7,8,11,15,0,0
9310248,11,2,9,27,11,0,0
9403203,6,2,4,7,1,5,9
9510461,13,3,10,20,10,3,3
9306205,85,26,59,187,22,63,103
9410285,1,1,0,0,0,1,2
9609443,53,7,46,247,2,51,99
9610540,87,11,76,708,0,87,437
9706387,14,2,12,42,0,14,184
104122,4,3,1,1,1,3,7
101336,36,8,28,113,1,35,628
9806347,4,1,3,4,0,4,16
6172,13,3,10,25,0,13,50
9812471,46,3,43,295,11,35,71
10162,2,1,1,1,0,2,12
9607397,64,9,55,380,0,64,358
9703286,19,1,18,80,1,18,69
9712499,29,3,26,85,3,26,249
9409421,15,9,6,8,3,12,16
9802315,29,2,27,73,4,25,50
106081,40,13,27,64,0,40,265
9705252,20,5,15,23,0,20,93
9710331,29,6,23,117,0,29,262
9310326,45,6,39,156,45,0,0
9406239,46,11,35,145,13,33,78
7170,9,1,8,16,0,9,46
9309294,47,7,40,139,41,6,6
6301,1,1,0,0,0,1,3
9610396,29,5,24,87,2,27,109
9803269,9,2,7,12,0,9,43
9409438,6,3,3,3,0,6,24
9801456,31,3,28,104,0,31,256
9606445,8,6,2,4,1,7,16
9212248,48,11,37,209,10,38,64
9308309,38,3,35,196,4,34,100
9704383,33,8,25,87,33,0,0
9601271,3,1,2,3,3,0,0
9606378,13,1,12,42,2,11,47
9702424,25,4,21,99,0,25,221
9911414,37,4,33,169,0,37,490
9707426,17,2,15,49,0,17,91
9305225,39,5,34,142,39,0,0
9703445,31,12,19,51,3,28,83
9309234,22,5,17,61,22,0,0
9709360,16,3,13,22,0,16,67
9812433,1,1,0,0,0,1,13
9902230,7,2,5,9,1,6,15
9610414,28,6,22,97,17,11,18
9512303,31,6,25,111,0,31,127
9302269,12,6,6,10,2,10,19
9902369,6,2,4,7,2,4,20
9706265,19,5,14,29,3,16,48
9407353,9,2,7,17,0,9,22
9402278,17,5,12,29,4,13,31
9602214,12,4,8,22,2,10,12
9308274,43,7,36,149,36,7,7
9410218,15,2,13,33,14,1,1
9409269,21,3,18,61,1,20,33
9911350,1,1,0,0,0,1,8
9807439,4,1,3,3,0,4,21
9611292,32,2,30,163,1,31,82
4052,8,5,3,5,2,6,11
9704414,8,3,5,8,0,8,36
9808404,44,3,41,283,0,44,244
9805211,12,5,7,11,2,10,52
1103,17,1,16,53,1,16,62
9905323,72,2,70,929,72,0,0
9803445,78,9,69,223,17,61,225
9903282,72,21,51,100,12,60,216
101067,23,3,20,88,0,23,195
9912531,40,2,38,236,0,40,243
9209262,28,12,16,55,14,14,17
9406210,19,6,13,35,1,18,54
3199,25,6,19,51,0,25,184
108210,14,4,10,14,0,14,64
9903319,17,4,13,40,0,17,67
9608277,21,4,17,43,11,10,10
9401241,46,5,41,224,36,10,13
9907319,44,4,40,194,2,42,259
9809582,58,1,57,291,0,58,282
9405429,10,3,7,11,10,0,0
9810334,4,3,1,1,1,3,19
9710329,5,1,4,6,0,5,20
9403358,14,6,8,13,0,14,19
9611437,27,13,14,51,0,27,142
9609420,13,4,9,26,6,7,31
9303293,15,1,14,32,5,10,10
9808312,76,13,63,367,7,69,381
9501372,63,2,61,630,58,5,5
9704369,27,7,20,77,0,27,158
9812239,12,4,8,13,6,6,10
9806293,19,7,12,24,2,17,41
9310361,4,2,2,2,2,2,2
9610325,92,21,71,278,51,41,45
9902243,8,2,6,10,0,8,23
9408352,27,4,23,77,6,21,38
9704260,18,7,11,29,1,17,130
9410260,8,1,7,16,8,0,0
9610525,11,3,8,12,0,11,17
9606269,9,2,7,17,0,9,15
9703434,22,2,20,81,1,21,46
5159,3,2,1,1,0,3,51
9908429,29,5,24,109,0,29,249
9501417,22,2,20,80,14,8,8
9407214,12,3,9,49,0,12,74
112113,21,4,17,50,0,21,366
9706474,1,1,0,0,0,1,1
102315,46,2,44,313,0,46,339
103079,3,2,1,1,1,2,4
9610224,21,4,17,48,2,19,71
9306325,15,6,9,39,8,7,7
9909325,28,4,24,91,4,24,144
9712515,10,6,4,6,2,8,12
2293,35,8,27,137,4,31,138
9906456,9,4,5,14,0,9,234
9801437,7,6,1,1,1,6,10
9606333,1,1,0,0,1,0,0
9602296,4,2,2,3,4,0,0
9705240,19,2,17,75,2,17,17
9902443,20,4,16,71,6,14,15
9702417,11,3,8,21,5,6,16
9902299,3,3,0,0,0,3,18
4129,4,2,2,2,0,4,46
9906327,33,5,28,118,0,33,323
9912455,9,7,2,2,1,8,68
101070,17,2,15,51,0,17,93
9809403,13,4,9,23,13,0,0
209107,7,4,3,5,1,6,14
202176,3,2,1,1,0,3,9
9506432,31,4,27,107,31,0,0
107119,46,2,44,466,0,46,134
112054,8,5,3,4,0,8,69
9909523,9,1,8,21,0,9,68
9707452,1,1,0,0,0,1,5
9505210,4,1,3,3,0,4,7
106033,3,1,2,3,0,3,15
10066,7,4,3,5,0,7,9
9212301,41,7,34,122,41,0,0
9712542,32,1,31,147,3,29,99
9606237,15,3,12,68,1,14,27
9707462,4,3,1,1,0,4,25
9208254,51,4,47,254,51,0,0
9803487,2,2,0,0,1,1,1
9309216,14,11,3,3,4,10,10
9708485,4,1,3,3,0,4,8
9906232,10,1,9,12,0,10,68
12222,12,4,8,13,0,12,41
9408375,7,5,2,3,7,0,0
9281,5,4,1,1,0,5,19
9801260,76,6,70,420,1,75,452
9707447,10,4,6,20,5,5,6
9601298,58,4,54,273,0,58,174
9509355,38,6,32,82,0,38,179
9408225,4,1,3,3,4,0,0
9712486,4,1,3,3,1,3,7
9401281,7,3,4,7,7,0,0
9609215,9,1,8,12,2,7,53
9701261,3,2,1,1,0,3,9
106314,3,1,2,2,3,0,0
9612387,10,3,7,16,0,10,48
9902242,3,3,0,0,0,3,22
9310332,33,6,27,71,33,0,0
9506387,8,2,6,7,5,3,3
9702319,20,6,14,59,7,13,46
9604393,29,3,26,59,12,17,17
9910464,6,3,3,5,0,6,31
101305,20,4,16,55,1,19,196
9707525,1,1,0,0,0,1,2
9603206,39,5,34,200,23,16,24
9711350,4,1,3,6,4,0,0
9306253,18,5,13,45,18,0,0
5028,17,2,15,53,0,17,130
9502261,41,11,30,67,20,21,27
9510262,14,2,12,33,11,3,4
9411267,20,5,15,34,5,15,33
9306241,15,2,13,56,15,0,0
9409416,12,3,9,22,4,8,22
9601285,17,3,14,48,1,16,75
9312284,14,2,12,42,14,0,0
9805475,2,2,0,0,0,2,2
8302,10,2,8,16,0,10,43
9702282,16,4,12,36,0,16,42
9605326,24,6,18,32,13,11,20
9507320,2,1,1,1,0,2,2
9405400,20,7,13,31,10,10,13
9707240,7,4,3,3,0,7,19
9707291,88,11,77,397,3,85,421
9412243,3,3,0,0,2,1,1
9905477,10,1,9,18,10,0,0
9512407,25,5,20,74,25,0,0
9705201,30,5,25,122,0,30,264
9403391,12,7,5,9,1,11,17
9512202,8,2,6,12,0,8,33
9205243,35,8,27,114,35,0,0
9907255,19,5,14,48,0,19,127
9811308,19,2,17,60,4,15,22
11263,15,5,10,14,0,15,132
9707398,25,4,21,103,6,19,29
9907296,8,2,6,7,0,8,37
9604430,12,3,9,35,12,0,0
9506417,41,4,37,229,10,31,99
9406271,36,2,34,211,17,19,19
9806230,1,1,0,0,1,0,0
8090,21,9,12,28,2,19,37
9204201,1,1,0,0,1,0,0
9811406,7,1,6,13,2,5,11
9805286,0,0,0,0,0,0,0
9403293,10,6,4,5,5,5,5
9507240,37,7,30,150,3,34,115
9511419,13,3,10,24,6,7,11
9287,12,4,8,17,0,12,120
9901213,3,2,1,1,0,3,18
9907533,10,3,7,21,1,9,18
9807375,15,4,11,56,1,14,41
9604434,5,2,3,5,5,0,0
9703254,7,3,4,9,0,7,44
9302271,12,2,10,26,12,0,0
9902343,14,2,12,39,2,12,51
9708481,25,1,24,94,12,13,13
9404311,8,5,3,7,3,5,5
9908516,22,1,21,98,0,22,152
9311293,8,1,7,19,8,0,0
8124,8,6,2,2,0,8,66
9408231,6,1,5,7,0,6,6
9904206,41,3,38,156,3,38,133
9507201,2,1,1,1,0,2,3
9311321,13,2,11,26,13,0,0
9306229,27,4,23,110,4,23,23
9708211,14,3,11,23,0,14,73
9711435,10,2,8,12,1,9,73
105111,5,3,2,3,2,3,9
9409410,7,5,2,2,7,0,0
9709430,3,2,1,1,0,3,19
9311337,13,2,11,51,0,13,35
9606359,11,5,6,9,3,8,26
12097,12,4,8,19,0,12,42
9509327,61,6,55,436,25,36,57
9804305,1,1,0,0,0,1,2
9803310,6,2,4,6,0,6,24
9911534,7,3,4,4,0,7,33
9401305,7,2,5,14,1,6,7
108177,57,10,47,149,2,55,342
9902234,8,2,6,11,0,8,19
9602418,10,2,8,22,0,10,14
9804300,7,2,5,10,0,7,15
107144,10,4,6,11,0,10,175
9703244,3,3,0,0,0,3,6
1297,12,8,4,8,0,12,47
101226,7,1,6,13,0,7,36
9812487,19,6,13,43,0,19,122
9505282,8,5,3,6,1,7,9
104134,5,1,4,7,0,5,35
111001,0,0,0,0,0,0,0
11247,25,5,20,67,0,25,193
9902440,15,8,7,13,0,15,86
9402203,13,4,9,12,13,0,0
9508284,1,1,0,0,1,0,0
9906365,4,1,3,3,0,4,20
9710543,13,6,7,9,0,13,76
207319,0,0,0,0,0,0,0
203258,23,14,9,11,0,23,68
9705451,13,9,4,7,8,5,11
9610502,0,0,0,0,0,0,0
9710300,20,8,12,26,1,19,80
101010,11,1,10,21,5,6,28
12268,2,1,1,1,0,2,3
9504371,5,1,4,10,3,2,4
104151,16,2,14,33,0,16,260
9407244,10,4,6,11,9,1,1
9912399,0,0,0,0,0,0,0
9601343,16,8,8,12,1,15,30
9508278,7,3,4,11,3,4,4
9401255,32,12,20,67,4,28,28
9611343,12,3,9,27,1,11,21
9907518,8,7,1,1,1,7,22
9506259,2,1,1,1,2,0,0
201151,13,4,9,32,0,13,39
9902220,25,2,23,80,0,25,168
9209240,18,6,12,46,18,0,0
9709458,2,1,1,1,0,2,4
9508389,1,1,0,0,0,1,3
9902250,17,7,10,19,6,11,25
9702354,18,2,16,44,1,17,61
9607408,15,5,10,23,2,13,13
201231,47,9,38,192,31,16,25
105188,14,5,9,26,2,12,46
205234,3,2,1,1,0,3,30
204286,55,2,53,322,1,54,132
9607201,29,5,24,108,5,24,38
204062,1,1,0,0,0,1,4
9512335,2,2,0,0,1,1,9
105145,13,5,8,24,0,13,60
7233,5,5,0,0,0,5,20
202143,10,3,7,23,0,10,19
9309249,5,2,3,3,5,0,0
9910514,4,1,3,4,4,0,0
9906331,9,3,6,7,0,9,26
9703248,7,1,6,10,0,7,27
9709381,0,0,0,0,0,0,0
9812474,4,2,2,5,3,1,1
102009,46,4,42,237,0,46,666
9512316,4,2,2,2,4,0,0
9805356,25,4,21,92,0,25,97
9805477,9,1,8,18,2,7,7
8221,11,5,6,14,3,8,31
9307328,2,2,0,0,0,2,4
9907279,7,3,4,7,0,7,48
9808375,6,3,3,6,0,6,45
9703318,7,2,5,10,0,7,21
110177,1,1,0,0,1,0,0
9704217,15,9,6,9,4,11,34
9601295,3,1,2,3,3,0,0
9505253,0,0,0,0,0,0,0
207341,0,0,0,0,0,0,0
9512259,8,5,3,3,1,7,7
9608404,9,2,7,20,2,7,13
9811509,14,2,12,31,13,1,1
12157,25,6,19,133,0,25,200
1142,21,2,19,100,0,21,64
9609221,2,2,0,0,0,2,6
9906310,21,3,18,65,3,18,130
10143,0,0,0,0,0,0,0
111359,6,1,5,6,4,2,3
9506388,7,1,6,11,7,0,0
101180,12,8,4,4,5,7,31
102061,1,1,0,0,0,1,11
9611236,1,1,0,0,0,1,4
9707475,9,1,8,21,0,9,67
9705453,15,6,9,18,0,15,61
9707466,12,5,7,13,9,3,4
5227,2,2,0,0,1,1,8
9911456,8,2,6,14,0,8,65
7148,3,2,1,1,0,3,22
9706271,16,5,11,23,0,16,84
12026,5,5,0,0,0,5,65
9909489,20,2,18,51,0,20,149
9803346,2,2,0,0,2,0,0
9410213,8,1,7,11,0,8,48
9811339,2,1,1,1,0,2,11
9710222,12,4,8,23,0,12,40
206150,2,1,1,1,0,2,2
9810480,5,4,1,1,0,5,12
7125,2,2,0,0,0,2,3
105027,2,2,0,0,0,2,16
9604321,9,3,6,10,3,6,10
9902255,29,6,23,63,0,29,164
9406406,9,1,8,17,0,9,62
9706513,2,2,0,0,0,2,4
9404230,1,1,0,0,1,0,0
9608210,16,7,9,11,16,0,0
9712313,0,0,0,0,0,0,0
110334,3,2,1,1,1,2,2
9710518,3,2,1,1,1,2,8
9802266,1,1,0,0,1,0,0
6165,2,2,0,0,0,2,11
9811454,5,4,1,1,1,4,35
10325,17,7,10,13,0,17,230
9605347,6,3,3,3,0,6,26
9304273,8,4,4,10,8,0,0
9605267,1,1,0,0,1,0,0
9707335,5,2,3,4,0,5,7
110369,10,6,4,8,0,10,52
9911420,3,3,0,0,1,2,3
9708283,3,1,2,2,0,3,14
9705202,5,2,3,4,0,5,27
9408269,0,0,0,0,0,0,0
9912521,0,0,0,0,0,0,0
201019,7,3,4,8,0,7,75
9712463,8,3,5,16,0,8,42
1145,1,1,0,0,0,1,3
9606316,1,1,0,0,0,1,5
9502268,7,5,2,4,7,0,0
4203,2,1,1,1,0,2,21
9601204,3,2,1,1,1,2,11
9811370,6,2,4,7,0,6,28
112360,5,2,3,6,0,5,39
205044,6,2,4,4,0,6,92
9706453,10,1,9,13,10,0,0
9212275,2,2,0,0,2,0,0
9302303,7,1,6,9,7,0,0
9708250,1,1,0,0,0,1,3
2086,4,2,2,3,0,4,41
9608354,2,2,0,0,0,2,8
9606290,1,1,0,0,1,0,0
9806378,1,1,0,0,0,1,1
9604245,1,1,0,0,1,0,0
9705209,4,2,2,2,0,4,30
9704343,14,5,9,35,0,14,91
9812385,6,5,1,1,0,6,29
9304213,1,1,0,0,1,0,0
9601355,4,1,3,4,0,4,8
9405396,30,2,28,102,30,0,0
106050,11,6,5,12,3,8,189
9903237,1,1,0,0,0,1,2
104010,9,4,5,5,0,9,37
9312233,2,1,1,1,2,0,0
9702277,11,4,7,17,0,11,25
9607380,1,1,0,0,0,1,1
9409433,11,2,9,20,11,0,0
9406232,2,2,0,0,2,0,0
9091,11,4,7,13,0,11,74
204208,9,1,8,18,0,9,52
9906358,5,3,2,3,0,5,10
10096,6,1,5,7,0,6,12
9512425,4,2,2,2,1,3,18
107126,0,0,0,0,0,0,0
210181,2,2,0,0,1,1,5
108070,8,6,2,2,0,8,24
9705466,2,2,0,0,0,2,9
9311219,6,1,5,10,3,3,3
101166,2,2,0,0,0,2,6
9612428,7,1,6,14,0,7,17
9503333,5,2,3,3,1,4,4
104173,0,0,0,0,0,0,0
208048,4,2,2,2,0,4,20
209225,0,0,0,0,0,0,0
3292,0,0,0,0,0,0,0
9411396,0,0,0,0,0,0,0
8277,0,0,0,0,0,0,0
11031,7,3,4,5,0,7,33
6338,9,1,8,13,0,9,17
9803431,7,2,5,8,0,7,23
102229,11,2,9,20,0,11,56
9605217,1,1,0,0,0,1,1
9707520,2,1,1,1,2,0,0
9512212,2,1,1,1,0,2,5
9212250,15,5,10,18,15,0,0
9208204,1,1,0,0,1,0,0
106045,4,1,3,4,0,4,58
9707408,1,1,0,0,0,1,1
9406250,4,1,3,4,0,4,8
9710515,3,3,0,0,1,2,6
112082,1,1,0,0,1,0,0
9903244,11,6,5,7,3,8,12
12041,10,3,7,24,0,10,49
8120,2,2,0,0,0,2,13
9407207,2,1,1,1,0,2,3
208012,8,4,4,8,0,8,131
201001,7,3,4,4,0,7,197
9812277,12,12,0,0,0,12,32
9808231,1,1,0,0,0,1,3
8165,3,2,1,1,0,3,10
12357,12,3,9,26,0,12,61
9807371,17,1,16,93,0,17,27
203270,15,2,13,32,0,15,132
11314,20,3,17,56,1,19,174
9307278,4,3,1,1,4,0,0
9812505,3,1,2,2,0,3,10
9712421,2,2,0,0,2,0,0
9605289,1,1,0,0,1,0,0
9801447,4,2,2,2,0,4,15
3087,3,2,1,1,0,3,14
9503241,13,3,10,17,3,10,18
103345,2,2,0,0,1,1,4
9812459,7,4,3,8,0,7,34
107182,6,5,1,2,0,6,31
9210278,3,2,1,1,0,3,4
9609454,1,1,0,0,0,1,3
204117,3,2,1,1,0,3,26
107063,1,1,0,0,1,0,0
9511348,9,3,6,13,0,9,24
9510447,0,0,0,0,0,0,0
103177,0,0,0,0,0,0,0
9710258,4,3,1,1,0,4,23
9207251,7,6,1,2,7,0,0
9906338,5,1,4,9,0,5,58
9809372,9,3,6,10,9,0,0
9904471,8,6,2,4,2,6,25
1003,4,3,1,1,0,4,12
9905567,5,3,2,2,0,5,43
6342,2,2,0,0,0,2,13
9504423,4,1,3,3,0,4,8
211349,0,0,0,0,0,0,0
209093,0,0,0,0,0,0,0
9806233,4,3,1,2,0,4,8
111137,6,1,5,14,0,6,20
203236,2,2,0,0,1,1,1
9212264,2,2,0,0,2,0,0
9909324,9,3,6,11,0,9,62
9605404,3,1,2,3,0,3,4
9807266,15,3,12,49,0,15,35
9802236,5,4,1,1,5,0,0
9811260,5,2,3,3,0,5,32
9912356,6,3,3,6,0,6,14
9402313,1,1,0,0,1,0,0
9407349,3,3,0,0,0,3,6
9701388,5,4,1,1,0,5,24
9912446,5,2,3,6,1,4,7
209192,2,1,1,1,0,2,22
9334,0,0,0,0,0,0,0
302174,0,0,0,0,0,0,0
210038,6,2,4,11,0,6,24
5141,3,2,1,1,0,3,11
9309316,0,0,0,0,0,0,0
9311332,22,6,16,46,22,0,0
9902359,2,2,0,0,1,1,2
201123,2,2,0,0,0,2,4
5042,3,1,2,3,0,3,10
9512375,8,2,6,18,8,0,0
9503403,5,5,0,0,5,0,0
9508382,2,2,0,0,1,1,2
9909230,1,1,0,0,1,0,0
204330,2,1,1,1,0,2,15
9811442,3,2,1,1,0,3,36
4184,7,3,4,8,0,7,33
1163,3,2,1,1,0,3,18
8081,2,1,1,1,2,0,0
103229,7,3,4,7,2,5,35
9711496,1,1,0,0,0,1,3
9906504,1,1,0,0,0,1,1
203087,1,1,0,0,0,1,3
104055,4,3,1,1,2,2,2
6291,1,1,0,0,1,0,0
104048,8,4,4,6,0,8,37
3311,2,1,1,1,2,0,0
9712455,2,1,1,1,0,2,8
201091,4,3,1,1,0,4,20
106198,7,3,4,7,0,7,16
9907310,4,2,2,2,0,4,22
206168,0,0,0,0,0,0,0
109182,2,2,0,0,0,2,5
9602276,3,3,0,0,1,2,2
9506479,1,1,0,0,1,0,0
9904346,3,2,1,1,0,3,13
9502374,2,2,0,0,1,1,1
3134,5,2,3,3,0,5,23
9901293,2,1,1,1,1,1,1
9402317,2,2,0,0,2,0,0
9907273,5,4,1,1,5,0,0
9411387,5,3,2,3,5,0,0
9509277,1,1,0,0,1,0,0
109027,2,2,0,0,0,2,5
9310222,6,4,2,3,5,1,1
108057,3,2,1,1,0,3,18
9905329,9,8,1,1,1,8,73
9507222,6,1,5,7,0,6,9
112003,10,5,5,13,0,10,47
9402287,1,1,0,0,1,0,0
9802254,1,1,0,0,0,1,5
9170,7,4,3,3,1,6,12
9612319,3,2,1,2,0,3,26
101183,1,1,0,0,0,1,6
10140,4,2,2,3,0,4,7
9907392,0,0,0,0,0,0,0
212099,1,1,0,0,0,1,18
9509344,13,8,5,7,13,0,0
206307,5,1,4,6,0,5,48
9802308,23,5,18,45,1,22,96
6162,3,3,0,0,1,2,13
9307250,9,3,6,11,9,0,0
207365,1,1,0,0,0,1,10
9610384,8,5,3,3,0,8,13
205052,1,1,0,0,0,1,25
9507410,1,1,0,0,0,1,8
9708477,7,3,4,8,5,2,6
2110,1,1,0,0,0,1,1
209005,1,1,0,0,0,1,7
9710405,1,1,0,0,1,0,0
9610287,0,0,0,0,0,0,0
9911399,3,3,0,0,2,1,1
204321,1,1,0,0,0,1,11
9611337,2,2,0,0,2,0,0
208235,2,1,1,1,0,2,11
112353,0,0,0,0,0,0,0
2300,10,6,4,4,4,6,14
109093,5,2,3,7,0,5,13
9603426,3,1,2,2,0,3,5
5219,3,1,2,3,0,3,5
9704405,11,2,9,30,0,11,96
12066,4,1,3,5,4,0,0
11283,4,3,1,1,1,3,8
103038,0,0,0,0,0,0,0
9211213,2,2,0,0,2,0,0
9711260,4,2,2,3,0,4,19
9803296,3,2,1,1,0,3,9
9409445,2,1,1,1,0,2,6
9148,2,1,1,1,0,2,7
9703441,6,1,5,6,2,4,5
205170,3,2,1,1,0,3,8
9405285,2,2,0,0,2,0,0
9803448,2,1,1,1,0,2,12
9803467,4,1,3,6,4,0,0
12285,0,0,0,0,0,0,0
9709353,20,5,15,34,2,18,62
8235,1,1,0,0,0,1,3
9911244,1,1,0,0,1,0,0
9610243,3,2,1,1,0,3,11
9710231,0,0,0,0,0,0,0
9510249,3,1,2,2,2,1,6
9910261,3,3,0,0,0,3,15
9906323,0,0,0,0,0,0,0
9810255,0,0,0,0,0,0,0
9901261,1,1,0,0,0,1,1
109034,6,1,5,8,0,6,31
9809235,0,0,0,0,0,0,0
9310240,2,2,0,0,2,0,0
9309320,1,1,0,0,0,1,3
111203,6,1,5,11,0,6,63
9712285,2,1,1,1,0,2,5
107308,3,3,0,0,0,3,8
9409395,4,2,2,2,4,0,0
105285,1,1,0,0,0,1,5
9802310,4,2,2,3,3,1,2
9810433,0,0,0,0,0,0,0
201043,1,1,0,0,0,1,4
9902453,5,2,3,3,0,5,24
101227,1,1,0,0,1,0,0
8080,2,2,0,0,0,2,10
9712233,4,2,2,2,1,3,5
210348,1,1,0,0,0,1,5
205040,7,4,3,4,0,7,38
102053,5,4,1,1,2,3,22
9510442,0,0,0,0,0,0,0
109210,1,1,0,0,0,1,1
9702284,4,2,2,2,1,3,8
9204220,6,3,3,4,6,0,0
9701282,1,1,0,0,0,1,5
9311313,3,3,0,0,0,3,3
9806238,2,2,0,0,0,2,4
9706257,1,1,0,0,1,0,0
9606476,3,2,1,1,0,3,7
111141,13,7,6,6,0,13,231
201128,5,4,1,1,0,5,42
202264,12,4,8,16,4,8,21
9511467,1,1,0,0,1,0,0
206196,2,2,0,0,0,2,13
9902370,1,1,0,0,1,0,0
105131,0,0,0,0,0,0,0
205108,6,1,5,9,0,6,54
203147,2,2,0,0,0,2,10
112116,0,0,0,0,0,0,0
9507279,2,1,1,1,0,2,2
9710442,4,1,3,5,1,3,7
202244,0,0,0,0,0,0,0
205133,0,0,0,0,0,0,0
9811333,1,1,0,0,0,1,2
11240,4,4,0,0,0,4,21
102221,11,3,8,15,0,11,36
9508326,6,6,0,0,0,6,6
203215,0,0,0,0,0,0,0
9711459,0,0,0,0,0,0,0
9912443,0,0,0,0,0,0,0
9402309,6,5,1,1,6,0,0
9810472,1,1,0,0,1,0,0
9807206,4,1,3,6,0,4,8
104061,1,1,0,0,1,0,0
1283,0,0,0,0,0,0,0
9509391,1,1,0,0,1,0,0
6161,6,3,3,4,6,0,0
9812231,2,1,1,1,2,0,0
9806251,1,1,0,0,0,1,3
207346,4,1,3,5,0,4,25
9610311,4,3,1,1,4,0,0
110331,3,2,1,1,0,3,26
9707454,0,0,0,0,0,0,0
9905469,1,1,0,0,0,1,1
9912378,3,3,0,0,0,3,12
9506444,3,2,1,1,0,3,5
9405403,1,1,0,0,0,1,2
204151,1,1,0,0,0,1,5
9904256,10,3,7,16,2,8,13
209105,1,1,0,0,0,1,7
103156,0,0,0,0,0,0,0
103262,1,1,0,0,0,1,2
9907370,4,1,3,5,0,4,41
109288,2,2,0,0,0,2,9
111306,0,0,0,0,0,0,0
109081,3,1,2,2,0,3,11
106102,1,1,0,0,0,1,1
9905272,3,2,1,1,0,3,5
101095,1,1,0,0,0,1,3
9408314,0,0,0,0,0,0,0
9710454,3,1,2,2,0,3,15
9906447,2,2,0,0,2,0,0
9307205,3,1,2,2,3,0,0
9603387,1,1,0,0,0,1,1
9901313,1,1,0,0,0,1,6
203038,0,0,0,0,0,0,0
9901421,3,3,0,0,0,3,3
9310241,7,6,1,1,7,0,0
9906528,2,1,1,1,2,0,0
102260,0,0,0,0,0,0,0
202059,1,1,0,0,0,1,1
10025,2,2,0,0,0,2,8
204325,1,1,0,0,0,1,3
7312,6,1,5,8,0,6,46
9610264,0,0,0,0,0,0,0
9901212,0,0,0,0,0,0,0
204158,1,1,0,0,0,1,2
9604334,1,1,0,0,1,0,0
9312363,2,2,0,0,1,1,1
9707304,0,0,0,0,0,0,0
201058,0,0,0,0,0,0,0
9809585,2,1,1,1,1,1,1
9911507,4,3,1,2,0,4,44
9309201,0,0,0,0,0,0,0
3047,1,1,0,0,1,0,0
8037,1,1,0,0,0,1,4
209052,0,0,0,0,0,0,0
9805213,2,2,0,0,0,2,9
9907540,0,0,0,0,0,0,0
107029,2,1,1,1,2,0,0
9708449,0,0,0,0,0,0,0
9211288,1,1,0,0,1,0,0
9611210,1,1,0,0,0,1,3
106038,3,1,2,2,1,2,3
12060,0,0,0,0,0,0,0
9903470,2,1,1,1,0,2,22
9906249,2,2,0,0,1,1,2
302245,0,0,0,0,0,0,0
302047,0,0,0,0,0,0,0
9310287,1,1,0,0,1,0,0
103160,1,1,0,0,0,1,3
9410276,1,1,0,0,0,1,4
110384,0,0,0,0,0,0,0
9704263,1,1,0,0,0,1,3
206238,2,1,1,1,0,2,15
9908434,0,0,0,0,0,0,0
2131,2,1,1,1,1,1,9
107009,3,1,2,3,0,3,26
107109,2,2,0,0,0,2,7
203203,1,1,0,0,1,0,0
9908419,0,0,0,0,0,0,0
9706361,1,1,0,0,1,0,0
109244,1,1,0,0,0,1,1
9603436,2,1,1,1,2,0,0
103158,0,0,0,0,0,0,0
9712296,0,0,0,0,0,0,0
109171,1,1,0,0,0,1,4
205283,1,1,0,0,0,1,9
9904268,2,1,1,1,0,2,4
9608443,5,1,4,8,0,5,5
9051,0,0,0,0,0,0,0
104107,1,1,0,0,0,1,2
9503451,0,0,0,0,0,0,0
111328,2,2,0,0,0,2,15
9506431,0,0,0,0,0,0,0
209159,1,1,0,0,0,1,8
201283,1,1,0,0,0,1,4
207192,0,0,0,0,0,0,0
9810390,2,2,0,0,0,2,12
9705310,0,0,0,0,0,0,0
9711513,1,1,0,0,0,1,1
105033,0,0,0,0,0,0,0
9403298,5,4,1,2,0,5,13
111066,1,1,0,0,0,1,2
9611221,0,0,0,0,0,0,0
9502282,8,1,7,11,8,0,0
9507236,0,0,0,0,0,0,0
102309,1,1,0,0,1,0,0
205124,0,0,0,0,0,0,0
9309206,1,1,0,0,0,1,1
9611416,1,1,0,0,0,1,2
212166,2,1,1,1,0,2,29
9605458,0,0,0,0,0,0,0
9306311,3,3,0,0,2,1,1
9505206,0,0,0,0,0,0,0
1137,0,0,0,0,0,0,0
212086,1,1,0,0,0,1,2
109227,0,0,0,0,0,0,0
111416,0,0,0,0,0,0,0
9710459,0,0,0,0,0,0,0
204034,3,3,0,0,0,3,8
9909365,3,2,1,1,0,3,13
9905471,0,0,0,0,0,0,0
9207256,3,1,2,2,3,0,0
9205208,1,1,0,0,1,0,0
9911503,0,0,0,0,0,0,0
212384,1,1,0,0,0,1,15
9911508,0,0,0,0,0,0,0
7143,0,0,0,0,0,0,0
204017,2,1,1,1,0,2,9
9801239,1,1,0,0,0,1,2
9310295,1,1,0,0,1,0,0
210429,1,1,0,0,0,1,14
9503391,1,1,0,0,1,0,0
9906541,0,0,0,0,0,0,0
9710254,0,0,0,0,0,0,0
9407298,2,2,0,0,2,0,0
9912359,1,1,0,0,0,1,2
107058,0,0,0,0,0,0,0
102178,0,0,0,0,0,0,0
9902387,0,0,0,0,0,0,0
9910289,0,0,0,0,0,0,0
204175,2,1,1,1,0,2,4
9903442,1,1,0,0,1,0,0
206210,0,0,0,0,0,0,0
108124,1,1,0,0,0,1,6
9502295,4,2,2,2,4,0,0
9910298,0,0,0,0,0,0,0
106138,0,0,0,0,0,0,0
107043,0,0,0,0,0,0,0
7051,0,0,0,0,0,0,0
9502287,0,0,0,0,0,0,0
9808460,2,2,0,0,0,2,2
204056,3,3,0,0,0,3,20
9407403,1,1,0,0,1,0,0
9506215,0,0,0,0,0,0,0
9411404,1,1,0,0,0,1,1
110103,0,0,0,0,0,0,0
301114,0,0,0,0,0,0,0
11135,2,2,0,0,0,2,19
9502277,0,0,0,0,0,0,0
9904327,2,2,0,0,0,2,4
203230,2,2,0,0,0,2,2
9710315,1,1,0,0,0,1,4
210200,1,1,0,0,0,1,2
3004,0,0,0,0,0,0,0
211416,0,0,0,0,0,0,0
9407316,0,0,0,0,0,0,0
9702425,0,0,0,0,0,0,0
9505283,1,1,0,0,1,0,0
9510322,2,2,0,0,2,0,0
9512240,0,0,0,0,0,0,0
9902450,0,0,0,0,0,0,0
103120,0,0,0,0,0,0,0
9310370,1,1,0,0,1,0,0
209173,1,1,0,0,0,1,10
211186,1,1,0,0,0,1,10
7098,3,2,1,1,0,3,10
9169,1,1,0,0,0,1,1
206123,0,0,0,0,0,0,0
109236,0,0,0,0,0,0,0
212249,0,0,0,0,0,0,0
9803373,1,1,0,0,1,0,0
202015,2,2,0,0,0,2,5
9807554,2,2,0,0,0,2,2
9511254,1,1,0,0,0,1,5
202075,0,0,0,0,0,0,0
5206,1,1,0,0,0,1,4
111096,0,0,0,0,0,0,0
9806452,0,0,0,0,0,0,0
11163,0,0,0,0,0,0,0
9905269,0,0,0,0,0,0,0
301066,0,0,0,0,0,0,0
9512360,0,0,0,0,0,0,0
9312263,0,0,0,0,0,0,0
208204,0,0,0,0,0,0,0
9210223,1,1,0,0,1,0,0
9602339,0,0,0,0,0,0,0
211330,0,0,0,0,0,0,0
105167,0,0,0,0,0,0,0
9910241,0,0,0,0,0,0,0
9707498,0,0,0,0,0,0,0
302191,0,0,0,0,0,0,0
9606224,1,1,0,0,0,1,1
9909273,1,1,0,0,0,1,5
4150,2,2,0,0,0,2,5
9301201,1,1,0,0,1,0,0
12210,2,2,0,0,0,2,6
106164,0,0,0,0,0,0,0
9412383,1,1,0,0,0,1,2
210282,0,0,0,0,0,0,0
9902461,1,1,0,0,0,1,7
104202,0,0,0,0,0,0,0
101101,0,0,0,0,0,0,0
9903362,0,0,0,0,0,0,0
211079,0,0,0,0,0,0,0
9903314,1,1,0,0,1,0,0
301201,2,2,0,0,0,2,8
9807429,0,0,0,0,0,0,0
9809457,1,1,0,0,1,0,0
8148,0,0,0,0,0,0,0
112019,0,0,0,0,0,0,0
9609372,4,1,3,5,4,0,0
9901328,0,0,0,0,0,0,0
9903311,0,0,0,0,0,0,0
106239,1,1,0,0,1,0,0
208254,1,1,0,0,0,1,1
105341,0,0,0,0,0,0,0
9901361,0,0,0,0,0,0,0
205250,1,1,0,0,1,0,0
9911229,1,1,0,0,0,1,5
9611338,0,0,0,0,0,0,0
9911487,0,0,0,0,0,0,0
9912518,0,0,0,0,0,0,0
9502234,1,1,0,0,1,0,0
11175,1,1,0,0,0,1,20
9608474,0,0,0,0,0,0,0
301082,0,0,0,0,0,0,0
212360,1,1,0,0,0,1,3
3241,1,1,0,0,0,1,3
9309304,0,0,0,0,0,0,0
11120,0,0,0,0,0,0,0
9511213,0,0,0,0,0,0,0
9604356,0,0,0,0,0,0,0
109057,1,1,0,0,0,1,4
4079,1,1,0,0,1,0,0
9908430,0,0,0,0,0,0,0
204030,0,0,0,0,0,0,0
9807333,0,0,0,0,0,0,0
9303318,0,0,0,0,0,0,0
212376,0,0,0,0,0,0,0
9904241,0,0,0,0,0,0,0
204262,0,0,0,0,0,0,0
204239,0,0,0,0,0,0,0
9905532,0,0,0,0,0,0,0
9511230,0,0,0,0,0,0,0
102043,0,0,0,0,0,0,0
209185,1,1,0,0,0,1,1
9401289,0,0,0,0,0,0,0
9906474,0,0,0,0,0,0,0
212160,0,0,0,0,0,0,0
11239,1,1,0,0,1,0,0
9712407,1,1,0,0,1,0,0
12375,2,1,1,1,0,2,8
9902366,1,1,0,0,1,0,0
207072,0,0,0,0,0,0,0
9812306,2,2,0,0,1,1,1
9502310,0,0,0,0,0,0,0
9804405,0,0,0,0,0,0,0
203086,0,0,0,0,0,0,0
9909227,0,0,0,0,0,0,0
9704316,2,2,0,0,2,0,0
301025,0,0,0,0,0,0,0
12312,0,0,0,0,0,0,0
301002,0,0,0,0,0,0,0
101355,1,1,0,0,1,0,0
9610241,0,0,0,0,0,0,0
6194,1,1,0,0,1,0,0
212268,0,0,0,0,0,0,0
211249,0,0,0,0,0,0,0
12166,0,0,0,0,0,0,0
9204,0,0,0,0,0,0,0
9903271,0,0,0,0,0,0,0
212318,0,0,0,0,0,0,0
9608370,0,0,0,0,0,0,0
2090,0,0,0,0,0,0,0
208090,0,0,0,0,0,0,0
9902254,0,0,0,0,0,0,0
9904215,2,2,0,0,0,2,4
9604285,0,0,0,0,0,0,0
212369,0,0,0,0,0,0,0
206176,0,0,0,0,0,0,0
9605453,0,0,0,0,0,0,0
9905248,0,0,0,0,0,0,0
9710365,0,0,0,0,0,0,0
209308,0,0,0,0,0,0,0
1089,0,0,0,0,0,0,0
9910547,0,0,0,0,0,0,0
9708293,0,0,0,0,0,0,0
9708251,1,1,0,0,0,1,3
104287,0,0,0,0,0,0,0
9711341,1,1,0,0,0,1,2
209170,0,0,0,0,0,0,0
9710558,0,0,0,0,0,0,0
9701339,0,0,0,0,0,0,0
110234,0,0,0,0,0,0,0
212301,0,0,0,0,0,0,0
9905273,0,0,0,0,0,0,0
207081,3,1,2,2,1,2,2
5070,0,0,0,0,0,0,0
211392,0,0,0,0,0,0,0
103220,0,0,0,0,0,0,0
9808210,0,0,0,0,0,0,0
9811521,0,0,0,0,0,0,0
106111,0,0,0,0,0,0,0
302152,0,0,0,0,0,0,0
206097,1,1,0,0,0,1,1
8172,0,0,0,0,0,0,0
111356,0,0,0,0,0,0,0
9904372,0,0,0,0,0,0,0
212281,0,0,0,0,0,0,0
9608489,0,0,0,0,0,0,0
302132,0,0,0,0,0,0,0
9511247,0,0,0,0,0,0,0
9708338,0,0,0,0,0,0,0
9405328,0,0,0,0,0,0,0
9509266,0,0,0,0,0,0,0
103325,1,1,0,0,0,1,5
12106,0,0,0,0,0,0,0
9056,0,0,0,0,0,0,0
9906531,0,0,0,0,0,0,0
111268,0,0,0,0,0,0,0
110259,0,0,0,0,0,0,0
301098,0,0,0,0,0,0,0
207233,0,0,0,0,0,0,0
211410,0,0,0,0,0,0,0
9702234,0,0,0,0,0,0,0
109002,1,1,0,0,0,1,1
9611447,0,0,0,0,0,0,0
9606352,0,0,0,0,0,0,0
9710378,0,0,0,0,0,0,0
6013,0,0,0,0,0,0,0
9501330,0,0,0,0,0,0,0
209237,0,0,0,0,0,0,0
101135,0,0,0,0,0,0,0
9707255,0,0,0,0,0,0,0
9607338,0,0,0,0,0,0,0
111350,0,0,0,0,0,0,0
9510379,0,0,0,0,0,0,0
210370,0,0,0,0,0,0,0
210191,0,0,0,0,0,0,0
9911469,0,0,0,0,0,0,0
9502355,0,0,0,0,0,0,0
209196,0,0,0,0,0,0,0
11169,0,0,0,0,0,0,0
107289,0,0,0,0,0,0,0
9811297,0,0,0,0,0,0,0
111310,0,0,0,0,0,0,0
9508214,0,0,0,0,0,0,0
9901240,0,0,0,0,0,0,0
9606402,21,3,18,42,4,17,22
9712252,8,3,5,12,2,6,12
8159,22,3,19,57,0,22,181
9806468,47,8,39,165,2,45,395
9408332,29,9,20,69,21,8,11
9906434,66,3,63,479,1,65,491
9409255,21,3,18,98,9,12,28
9606435,8,1,7,11,0,8,47
9606397,14,5,9,16,4,10,27
109106,53,4,49,527,0,53,288
9403366,34,2,32,112,34,0,0
9611247,14,2,12,45,0,14,57
9804343,8,2,6,11,0,8,28
108245,9,2,7,15,0,9,136
9204214,75,4,71,296,75,0,0
9507438,6,3,3,5,2,4,5
9811216,4,2,2,2,0,4,28
9403306,46,14,32,172,15,31,100
9903507,12,2,10,23,0,12,57
105096,39,7,32,107,0,39,367
8047,2,2,0,0,0,2,2
9901206,29,3,26,92,29,0,0
9309326,16,2,14,45,5,11,11
9604344,4,1,3,3,4,0,0
9508296,28,3,25,88,5,23,41
9504307,38,5,33,104,13,25,41
9408304,24,9,15,40,7,17,23
9612444,29,1,28,174,0,29,80
9904474,19,4,15,43,4,15,61
9710209,44,5,39,168,0,44,364
1129,5,2,3,3,3,2,4
9807234,16,3,13,29,2,14,48
9902293,16,7,9,17,0,16,172
9706228,9,6,3,5,0,9,22
9505395,22,2,20,56,18,4,6
9806339,12,1,11,47,11,1,1
9706300,11,3,8,18,1,10,26
9911258,17,1,16,64,0,17,129
9805311,13,3,10,22,5,8,12
9411219,18,3,15,46,15,3,8
9408333,33,2,31,127,13,20,51
9612217,46,11,35,84,7,39,115
9303320,125,18,107,550,102,23,23
9401208,18,7,11,14,4,14,28
9505295,6,4,2,3,1,5,17
9512368,9,3,6,10,9,0,0
9406366,4,4,0,0,1,3,6
9506261,14,6,8,14,0,14,26
9612447,76,7,69,549,4,72,166
9702247,20,2,18,92,2,18,65
9706510,11,5,6,8,4,7,16
104238,19,2,17,42,0,19,235
9504387,8,3,5,12,8,0,0
9806348,65,11,54,399,0,65,716
7208,37,9,28,90,0,37,655
9904370,16,1,15,39,0,16,111
10209,4,2,2,2,2,2,10
9607448,20,3,17,68,5,15,45
9703312,22,3,19,88,0,22,130
9501287,75,3,72,499,50,25,32
9410357,38,5,33,170,4,34,77
9807447,25,6,19,39,1,24,135
106205,2,2,0,0,1,1,4
9705467,20,12,8,12,2,18,70
9801363,29,3,26,128,4,25,43
9402227,79,6,73,357,79,0,0
9406286,8,3,5,10,1,7,17
12219,15,3,12,32,0,15,132
9403362,30,6,24,99,9,21,37
9403264,64,4,60,237,55,9,9
9702244,32,2,30,192,0,32,264
9804294,44,8,36,145,1,43,224
9502378,38,3,35,159,11,27,74
9803314,26,5,21,80,1,25,205
9609497,3,3,0,0,0,3,10
9212288,38,10,28,165,8,30,49
9401331,3,1,2,3,3,0,0
9705432,26,7,19,51,6,20,23
9903205,3,3,0,0,1,2,3
9602277,58,5,53,323,16,42,71
9704308,6,2,4,8,1,5,10
9707337,22,8,14,35,10,12,21
9806342,13,4,9,27,1,12,60
9306230,74,16,58,189,74,0,0
9706427,38,7,31,103,4,34,57
9901438,4,1,3,4,0,4,4
9802359,3,2,1,2,0,3,21
9703360,6,3,3,7,0,6,22
9308330,16,7,9,24,16,0,0
9702339,19,4,15,63,1,18,47
9604412,44,14,30,67,0,44,568
9405410,114,11,103,686,18,96,394
9903480,4,1,3,3,0,4,24
9307260,8,4,4,8,8,0,0
9409215,34,4,30,113,28,6,6
9503255,3,3,0,0,0,3,20
9302208,36,9,27,70,33,3,3
105340,1,1,0,0,0,1,3
9410360,77,2,75,607,77,0,0
2198,23,8,15,25,1,22,144
9308232,55,6,49,199,44,11,23
9809573,2,2,0,0,0,2,12
9611415,4,3,1,1,1,3,16
10234,7,1,6,7,0,7,63
9708365,4,2,2,2,4,0,0
9809490,38,2,36,205,2,36,159
9805473,26,5,21,54,2,24,56
2032,8,4,4,9,1,7,28
9905551,13,2,11,28,0,13,41
9310233,49,4,45,344,43,6,6
9311260,39,6,33,124,33,6,6
101326,16,1,15,67,0,16,110
1043,5,1,4,7,5,0,0
9211248,52,11,41,142,25,27,32
9610451,55,9,46,118,26,29,69
5040,7,2,5,7,0,7,14
108260,12,4,8,21,0,12,71
9903524,14,2,12,30,1,13,54
9602242,15,3,12,33,4,11,11
9407291,38,3,35,125,31,7,7
9408313,15,4,11,19,15,0,0
9810280,52,3,49,261,2,50,133
9406256,21,6,15,31,14,7,12
9812345,5,2,3,4,0,5,37
9710347,8,5,3,5,0,8,53
9406257,9,4,5,5,9,0,0
9612253,18,4,14,52,1,17,71
2035,17,11,6,18,0,17,85
9305277,12,1,11,42,12,0,0
9809244,32,6,26,169,0,32,91
9510365,59,1,58,561,0,59,116
9710531,25,2,23,79,3,22,44
9903340,28,7,21,65,1,27,99
9412213,14,6,8,9,14,0,0
9609267,10,3,7,17,1,9,28
9807326,17,8,9,17,0,17,63
9903279,5,1,4,4,1,4,12
9409203,22,3,19,53,0,22,44
9705363,3,1,2,3,0,3,14
9812399,6,2,4,6,4,2,4
9306292,10,2,8,21,5,5,5
9505337,6,1,5,8,3,3,3
9707256,21,2,19,45,0,21,102
5027,10,3,7,16,0,10,106
9910231,45,2,43,158,1,44,366
9506473,9,3,6,18,8,1,1
9412302,16,1,15,49,0,16,106
112117,53,7,46,143,1,52,220
9707442,4,2,2,2,1,3,26
9304216,21,7,14,32,1,20,32
103082,6,6,0,0,2,4,10
9808456,30,2,28,141,5,25,83
9309218,39,5,34,205,14,25,45
9909485,29,3,26,114,0,29,328
9811284,5,1,4,4,1,4,10
11245,22,9,13,45,0,22,131
9912211,6,1,5,9,0,6,129
9209250,34,10,24,69,21,13,13
9246,17,6,11,27,0,17,51
9603279,22,4,18,69,22,0,0
9503415,12,2,10,25,1,11,41
9907326,2,1,1,1,1,1,1
9702443,70,15,55,175,3,67,156
103138,2,2,0,0,1,1,4
4130,11,2,9,27,0,11,68
9906431,24,4,20,52,0,24,516
9904380,34,4,30,209,0,34,656
103032,46,7,39,175,1,45,634
111390,11,4,7,16,0,11,82
210130,7,4,3,7,0,7,74
204023,2,1,1,1,0,2,12
9806357,12,2,10,17,0,12,49
108060,44,3,41,399,0,44,215
112186,21,3,18,82,0,21,234
9910255,20,11,9,13,0,20,259
9501249,4,4,0,0,2,2,2
9509254,8,2,6,12,1,7,11
106165,2,2,0,0,0,2,26
10103,7,4,3,3,0,7,59
9302220,6,4,2,2,4,2,4
9802267,23,2,21,97,0,23,107
9606386,22,7,15,41,4,18,79
9803218,17,4,13,55,1,16,135
6092,4,3,1,2,4,0,0
3149,5,1,4,6,0,5,28
9312278,11,8,3,3,1,10,29
9902428,3,3,0,0,0,3,14
9908435,10,2,8,10,1,9,33
101121,2,1,1,1,1,1,13
9411203,33,10,23,55,33,0,0
9412315,10,5,5,11,10,0,0
9801262,73,8,65,335,0,73,399
9806212,16,4,12,28,10,6,6
9403401,52,3,49,251,6,46,95
9510202,41,4,37,120,0,41,122
9501260,10,3,7,11,0,10,27
9801273,3,2,1,1,0,3,12
9501245,4,2,2,3,1,3,5
9610212,6,3,3,3,0,6,49
9703249,14,3,11,29,1,13,13
202007,4,2,2,2,0,4,12
9704385,14,2,12,30,5,9,30
9412375,13,3,10,18,13,0,0
9406302,17,8,9,14,16,1,2
9412312,4,3,1,1,2,2,3
9709289,15,1,14,45,15,0,0
9609498,8,2,6,14,7,1,1
9805509,15,3,12,36,15,0,0
102257,16,7,9,32,0,16,203
9805216,10,2,8,22,1,9,18
9605340,17,4,13,44,1,16,23
9711351,9,4,5,7,9,0,0
9407206,13,3,10,33,13,0,0
5318,12,3,9,13,0,12,105
9508347,166,21,145,870,86,80,179
9603302,12,3,9,15,2,10,20
9502262,23,4,19,51,23,0,0
9506280,32,2,30,175,31,1,1
9306334,3,3,0,0,3,0,0
9403390,60,7,53,322,26,34,55
9912504,4,1,3,3,0,4,34
9807258,18,7,11,20,1,17,57
4263,12,3,9,24,0,12,43
9702418,18,7,11,33,1,17,64
9501339,22,8,14,36,6,16,34
9511375,4,3,1,1,2,2,10
9408318,5,4,1,2,5,0,0
9707247,1,1,0,0,0,1,1
9802338,7,4,3,5,0,7,45
9304274,3,3,0,0,3,0,0
9907487,8,1,7,11,2,6,11
9512433,17,5,12,31,0,17,113
9705469,12,4,8,33,0,12,154
9405225,17,5,12,29,1,16,27
9512340,10,3,7,15,0,10,58
9504230,36,9,27,93,10,26,30
9210238,7,3,4,5,7,0,0
9909540,22,3,19,65,0,22,222
104131,5,3,2,2,0,5,41
3281,4,1,3,5,0,4,45
105294,0,0,0,0,0,0,0
9608292,8,3,5,10,0,8,36
9305321,11,2,9,24,11,0,0
9410385,24,2,22,109,24,0,0
9711208,3,2,1,1,1,2,5
110159,3,3,0,0,1,2,4
9411272,11,1,10,32,11,0,0
9812353,2,1,1,1,0,2,4
9605459,8,5,3,5,8,0,0
9703252,3,2,1,1,0,3,6
9507255,4,4,0,0,3,1,2
9803476,16,5,11,31,0,16,132
9304205,34,8,26,74,34,0,0
9901304,26,1,25,112,1,25,90
9411342,34,15,19,34,20,14,22
9408407,18,1,17,79,3,15,21
9405391,12,3,9,15,4,8,8
9711413,2,1,1,1,0,2,4
9401228,30,8,22,87,0,30,120
9903357,6,4,2,6,4,2,2
9904209,10,2,8,22,2,8,31
9412397,2,2,0,0,0,2,4
9909315,24,6,18,84,0,24,212
9503383,10,1,9,16,3,7,14
11026,9,5,4,5,2,7,58
9509378,20,5,15,53,20,0,0
9907510,59,10,49,201,5,54,233
9503360,5,2,3,4,0,5,18
9504294,10,2,8,12,8,2,2
9307324,28,3,25,127,2,26,26
9801420,3,1,2,2,0,3,20
9712277,14,3,11,24,0,14,110
105187,3,3,0,0,0,3,4
210061,0,0,0,0,0,0,0
9804299,14,2,12,49,0,14,88
9404296,11,6,5,10,2,9,35
9608209,3,1,2,2,0,3,18
12142,30,15,15,47,5,25,104
9608270,23,1,22,130,1,22,22
9312339,4,1,3,3,4,0,0
9506359,24,6,18,65,1,23,138
9712457,26,2,24,90,14,12,12
9801412,13,6,7,14,6,7,31
107186,29,6,23,71,3,26,157
9711345,6,1,5,7,3,3,3
9610489,7,3,4,7,0,7,24
9702209,17,6,11,25,2,15,62
108233,6,2,4,5,0,6,33
9304262,6,5,1,2,1,5,5
9903421,12,3,9,16,1,11,32
104277,14,2,12,34,2,12,53
9911299,16,6,10,12,1,15,56
9804317,3,2,1,1,3,0,0
9510417,7,2,5,5,5,2,2
9703430,2,2,0,0,2,0,0
9912435,26,9,17,71,9,17,33
9903405,7,4,3,4,7,0,0
9502408,13,4,9,14,13,0,0
9411383,6,3,3,4,1,5,17
9408321,6,3,3,5,0,6,6
9705452,19,3,16,36,1,18,40
10193,9,4,5,5,0,9,16
9610274,21,5,16,32,11,10,10
9907222,3,3,0,0,0,3,10
9512343,4,1,3,3,4,0,0
9711387,40,5,35,177,8,32,123
9607218,6,2,4,7,6,0,0
103322,8,4,4,8,0,8,21
9406238,7,2,5,15,0,7,23
104174,9,2,7,16,0,9,115
9412361,2,2,0,0,0,2,7
9903541,12,7,5,9,0,12,19
9502275,4,2,2,2,4,0,0
9409274,2,1,1,1,2,0,0
9507364,3,3,0,0,0,3,11
9611387,8,3,5,9,0,8,40
9408359,19,4,15,46,19,0,0
9403393,1,1,0,0,0,1,1
202034,18,6,12,46,0,18,83
9902325,5,1,4,8,0,5,11
9209270,4,2,2,3,4,0,0
9812201,16,4,12,40,2,14,52
9603345,5,3,2,5,0,5,10
9908281,1,1,0,0,0,1,4
9805225,11,1,10,33,3,8,8
9709394,9,4,5,7,0,9,32
203237,16,7,9,17,0,16,92
110291,6,2,4,7,0,6,18
9911212,5,3,2,3,0,5,35
204314,61,6,55,299,1,60,227
9501269,36,2,34,164,36,0,0
9406296,7,3,4,7,7,0,0
9606414,1,1,0,0,0,1,4
9701419,19,5,14,64,2,17,26
106085,4,4,0,0,0,4,21
202247,17,4,13,27,0,17,103
9707450,9,7,2,2,2,7,43
9602419,17,1,16,56,17,0,0
9609386,0,0,0,0,0,0,0
9707385,10,3,7,12,2,8,20
206116,0,0,0,0,0,0,0
204060,3,3,0,0,0,3,15
104038,25,3,22,100,0,25,270
9808486,4,2,2,2,0,4,13
9805371,4,2,2,3,0,4,6
9903472,10,7,3,4,6,4,12
103287,5,1,4,5,1,4,7
9402240,2,1,1,1,2,0,0
5109,4,3,1,1,0,4,100
9902426,2,2,0,0,0,2,11
9708405,6,5,1,2,0,6,31
112302,13,5,8,27,9,4,5
2054,4,1,3,3,0,4,48
9804211,23,4,19,70,13,10,19
9506443,0,0,0,0,0,0,0
109007,6,2,4,6,5,1,1
9606471,3,3,0,0,1,2,4
9703217,7,4,3,3,5,2,2
9902292,13,2,11,27,1,12,29
102097,13,1,12,42,0,13,105
4071,17,3,14,58,1,16,74
9811248,11,4,7,10,0,11,138
9908258,5,2,3,6,1,4,11
9903255,2,1,1,1,1,1,1
204025,8,6,2,2,1,7,29
9705315,6,4,2,3,0,6,17
8097,0,0,0,0,0,0,0
8107,7,5,2,4,0,7,47
9703408,0,0,0,0,0,0,0
9804229,8,1,7,18,0,8,16
9707280,2,2,0,0,0,2,10
9709499,46,6,40,133,19,27,47
6091,3,1,2,3,0,3,13
9611438,22,2,20,95,9,13,18
9801242,4,2,2,4,0,4,8
105154,5,1,4,5,1,4,18
9607427,6,4,2,2,1,5,6
9911381,10,4,6,7,0,10,41
9809441,2,2,0,0,0,2,6
9411234,59,10,49,269,1,58,305
204006,4,1,3,4,0,4,12
9710413,9,5,4,14,0,9,38
111019,3,1,2,3,0,3,7
9402308,3,1,2,2,0,3,3
102209,13,3,10,17,2,11,54
107022,7,3,4,4,0,7,33
9607306,19,5,14,32,3,16,43
9508239,23,9,14,54,2,21,45
9407211,12,2,10,22,2,10,59
9712526,3,2,1,1,3,0,0
9802356,8,2,6,8,0,8,18
9704285,2,2,0,0,2,0,0
9504293,10,2,8,13,1,9,16
110335,1,1,0,0,0,1,4
9711423,5,4,1,2,0,5,37
9812355,6,2,4,7,0,6,17
1288,4,1,3,3,1,3,6
9501228,15,1,14,54,15,0,0
5276,14,4,10,21,0,14,188
9902475,8,3,5,9,0,8,75
9510369,2,2,0,0,1,1,3
211358,1,1,0,0,0,1,1
9809277,7,3,4,8,0,7,21
111341,1,1,0,0,0,1,13
9604418,2,1,1,1,0,2,4
9607324,11,5,6,16,0,11,52
9712516,4,1,3,4,0,4,15
9505388,4,1,3,6,0,4,16
302232,0,0,0,0,0,0,0
9910343,1,1,0,0,0,1,2
9802393,4,1,3,4,0,4,28
9801394,2,1,1,1,0,2,4
1051,0,0,0,0,0,0,0
9805419,7,4,3,6,1,6,12
5317,1,1,0,0,0,1,5
9710551,3,3,0,0,0,3,16
9904421,9,3,6,13,0,9,51
9312265,5,3,2,2,5,0,0
205302,1,1,0,0,0,1,14
9802418,3,1,2,3,0,3,5
9912293,1,1,0,0,1,0,0
9710225,5,2,3,6,5,0,0
9501378,1,1,0,0,1,0,0
2223,7,1,6,8,2,5,15
9610399,7,2,5,10,0,7,9
9607345,2,1,1,1,1,1,2
9803432,7,5,2,3,1,6,42
9603278,8,3,5,6,3,5,9
9508262,13,3,10,22,0,13,32
9807483,3,2,1,1,0,3,3
9605208,1,1,0,0,1,0,0
9207226,16,2,14,26,16,0,0
9612380,5,3,2,2,2,3,14
9407249,23,3,20,69,23,0,0
5013,6,1,5,11,0,6,24
9608382,7,3,4,4,0,7,19
106330,4,3,1,1,0,4,22
9404336,2,1,1,1,2,0,0
9710290,7,4,3,5,0,7,7
9908522,3,2,1,1,0,3,12
205050,12,6,6,8,0,12,80
9305272,1,1,0,0,1,0,0
105297,17,7,10,36,1,16,55
7283,4,1,3,5,0,4,23
5155,2,1,1,1,0,2,7
10057,3,1,2,2,3,0,0
9307373,3,3,0,0,0,3,3
9802396,4,3,1,2,0,4,13
210260,1,1,0,0,0,1,2
10026,7,3,4,5,2,5,14
9509357,0,0,0,0,0,0,0
9405335,3,1,2,3,0,3,6
1150,3,2,1,1,0,3,3
9805252,1,1,0,0,0,1,3
9412334,11,4,7,16,9,2,2
12324,3,3,0,0,0,3,6
208083,2,2,0,0,0,2,60
3125,6,3,3,3,2,4,4
203256,3,3,0,0,0,3,16
9207235,7,7,0,0,7,0,0
9803276,2,2,0,0,2,0,0
108123,0,0,0,0,0,0,0
7004,8,4,4,5,0,8,19
9911438,5,4,1,3,0,5,18
9905562,3,3,0,0,0,3,10
9510350,15,4,11,29,15,0,0
9802341,12,1,11,25,7,5,5
9504286,2,2,0,0,1,1,2
9302268,4,1,3,3,4,0,0
9804268,2,1,1,1,0,2,3
9708434,4,3,1,1,4,0,0
107175,3,1,2,3,0,3,13
9310227,19,7,12,24,19,0,0
9702334,9,8,1,3,3,6,8
9801238,4,2,2,3,0,4,34
9911331,3,1,2,3,0,3,6
1211,4,3,1,1,0,4,68
110045,6,3,3,4,0,6,40
211310,1,1,0,0,0,1,9
208067,4,2,2,2,0,4,66
107327,3,3,0,0,0,3,14
9901233,3,2,1,1,0,3,7
9410274,5,5,0,0,5,0,0
12309,1,1,0,0,0,1,4
104054,1,1,0,0,0,1,5
9807426,18,2,16,81,0,18,47
204093,7,4,3,4,0,7,53
12136,29,2,27,76,0,29,281
9706364,3,3,0,0,3,0,0
9901276,3,2,1,1,0,3,64
8003,1,1,0,0,0,1,3
9611442,3,3,0,0,3,0,0
9807398,6,3,3,4,0,6,24
12358,2,2,0,0,0,2,3
9509393,25,2,23,95,1,24,48
104050,3,2,1,1,0,3,27
1260,3,3,0,0,0,3,21
107279,5,2,3,3,0,5,49
111237,1,1,0,0,0,1,1
9507415,5,3,2,2,1,4,19
11310,5,3,2,2,0,5,34
9901333,2,2,0,0,1,1,8
9604284,14,3,11,30,0,14,26
9403359,6,4,2,2,6,0,0
9803336,1,1,0,0,0,1,2
9606318,4,1,3,5,0,4,5
203255,2,2,0,0,0,2,4
9910240,4,2,2,3,0,4,40
9901264,4,2,2,3,0,4,17
9809386,3,1,2,3,2,1,1
9502347,1,1,0,0,1,0,0
9904368,5,4,1,1,0,5,33
7086,3,2,1,2,0,3,14
9511434,17,7,10,19,3,14,24
9911357,1,1,0,0,1,0,0
101102,2,2,0,0,2,0,0
9808225,12,4,8,14,2,10,34
111138,7,1,6,14,0,7,25
109016,1,1,0,0,0,1,2
10237,4,1,3,3,0,4,12
9909396,1,1,0,0,0,1,4
9811418,0,0,0,0,0,0,0
9810329,6,1,5,11,0,6,20
9703216,4,2,2,2,0,4,11
9609274,1,1,0,0,0,1,4
9705302,6,3,3,4,1,5,6
9505331,3,2,1,1,2,1,1
6218,0,0,0,0,0,0,0
9809454,2,2,0,0,2,0,0
103141,3,1,2,3,0,3,8
204173,8,5,3,5,1,7,25
1027,3,3,0,0,2,1,1
2191,2,1,1,1,0,2,33
9510347,5,4,1,1,3,2,2
9705423,8,3,5,14,0,8,8
9203202,2,2,0,0,2,0,0
1322,5,2,3,8,0,5,98
9812334,0,0,0,0,0,0,0
202008,2,2,0,0,0,2,3
9703247,4,2,2,3,2,2,2
9810245,2,1,1,1,0,2,7
9908389,0,0,0,0,0,0,0
9706402,2,2,0,0,2,0,0
9903383,5,2,3,5,1,4,7
9503473,14,2,12,32,14,0,0
9907318,2,2,0,0,1,1,4
9801346,8,4,4,10,2,6,6
9806469,0,0,0,0,0,0,0
9704413,1,1,0,0,1,0,0
9501275,3,2,1,1,3,0,0
9708487,2,1,1,1,0,2,2
9906505,2,1,1,1,2,0,0
202228,0,0,0,0,0,0,0
111398,2,1,1,1,2,0,0
106101,6,1,5,7,0,6,19
104142,2,1,1,1,0,2,16
9712391,1,1,0,0,1,0,0
9611368,10,4,6,10,4,6,7
12225,6,5,1,1,0,6,28
210352,2,2,0,0,0,2,2
9905282,12,4,8,18,0,12,33
9205212,6,6,0,0,6,0,0
8061,3,2,1,1,0,3,60
9809431,2,2,0,0,0,2,11
9409307,2,2,0,0,2,0,0
9701332,2,2,0,0,1,1,2
9406388,0,0,0,0,0,0,0
9704422,3,1,2,2,1,2,2
9908308,4,4,0,0,0,4,11
9702264,0,0,0,0,0,0,0
9812457,1,1,0,0,1,0,0
9501387,19,1,18,99,19,0,0
9809298,3,3,0,0,1,2,4
112125,10,3,7,14,2,8,44
9809452,1,1,0,0,0,1,3
201086,1,1,0,0,0,1,2
9407304,1,1,0,0,1,0,0
9508399,8,3,5,8,0,8,15
112143,7,2,5,8,0,7,49
9404208,0,0,0,0,0,0,0
9808219,1,1,0,0,0,1,8
11322,4,3,1,1,4,0,0
9608369,3,1,2,3,0,3,10
9907426,5,1,4,8,0,5,11
10309,2,1,1,1,0,2,4
206209,1,1,0,0,0,1,5
12241,12,3,9,26,2,10,44
210042,0,0,0,0,0,0,0
210320,4,2,2,2,0,4,58
9809393,3,1,2,3,0,3,21
9909536,4,3,1,2,1,3,16
3263,0,0,0,0,0,0,0
111077,3,3,0,0,0,3,13
9509269,11,6,5,7,7,4,4
9810439,0,0,0,0,0,0,0
9704350,1,1,0,0,0,1,5
9801337,1,1,0,0,0,1,15
9811483,2,2,0,0,0,2,2
106089,8,5,3,4,0,8,84
10125,0,0,0,0,0,0,0
205172,2,1,1,1,0,2,4
9601277,8,2,6,12,8,0,0
3026,1,1,0,0,0,1,2
9501225,2,1,1,1,2,0,0
210240,1,1,0,0,0,1,5
5214,5,3,2,2,4,1,1
102038,2,2,0,0,0,2,2
203166,12,2,10,18,0,12,152
9612495,6,1,5,13,0,6,9
9812292,4,1,3,6,2,2,2
9709457,9,1,8,21,0,9,59
212340,0,0,0,0,0,0,0
109170,1,1,0,0,0,1,6
5308,1,1,0,0,0,1,2
202049,2,2,0,0,0,2,4
9403286,5,1,4,6,5,0,0
9701287,0,0,0,0,0,0,0
9204223,1,1,0,0,1,0,0
2062,4,2,2,4,0,4,14
9906253,10,2,8,21,4,6,19
202255,4,3,1,1,3,1,2
9902291,1,1,0,0,0,1,6
9708234,1,1,0,0,0,1,3
9508210,2,1,1,1,2,0,0
6334,5,1,4,6,0,5,14
9803361,1,1,0,0,0,1,1
9711207,1,1,0,0,1,0,0
111428,0,0,0,0,0,0,0
209376,3,3,0,0,0,3,33
9602368,3,3,0,0,0,3,6
9511403,1,1,0,0,0,1,2
104011,1,1,0,0,0,1,3
9810236,0,0,0,0,0,0,0
9801413,0,0,0,0,0,0,0
9809308,3,2,1,1,0,3,3
111120,5,2,3,3,0,5,31
204212,0,0,0,0,0,0,0
9503412,4,1,3,6,0,4,15
9507312,2,1,1,1,0,2,9
111269,8,3,5,16,0,8,97
9902362,2,2,0,0,0,2,8
9411224,4,2,2,4,4,0,0
9504206,3,2,1,1,2,1,2
204359,4,3,1,1,0,4,15
9805365,4,3,1,1,2,2,2
9804461,3,3,0,0,0,3,19
101112,1,1,0,0,1,0,0
9506379,2,1,1,1,2,0,0
9906264,0,0,0,0,0,0,0
8276,0,0,0,0,0,0,0
9712425,8,6,2,2,4,4,5
9710363,3,2,1,1,1,2,2
201275,2,2,0,0,1,1,2
107185,4,3,1,1,1,3,14
107226,0,0,0,0,0,0,0
201256,3,2,1,1,0,3,15
9702326,6,4,2,2,4,2,5
9901414,1,1,0,0,1,0,0
9905330,2,2,0,0,0,2,27
9512400,2,1,1,1,2,0,0
9512382,1,1,0,0,0,1,3
9701201,1,1,0,0,1,0,0
9409308,3,3,0,0,3,0,0
8133,1,1,0,0,0,1,8
110142,5,3,2,2,0,5,36
103200,0,0,0,0,0,0,0
209135,0,0,0,0,0,0,0
211088,3,2,1,1,0,3,13
9602209,0,0,0,0,0,0,0
9607277,0,0,0,0,0,0,0
209174,4,2,2,3,0,4,66
201152,7,2,5,8,0,7,30
101287,2,2,0,0,2,0,0
9507331,1,1,0,0,0,1,2
9711474,2,1,1,1,0,2,6
9309284,2,2,0,0,2,0,0
9606205,1,1,0,0,1,0,0
9507275,7,7,0,0,6,1,2
211375,1,1,0,0,0,1,6
110181,8,2,6,16,0,8,12
9907353,1,1,0,0,0,1,1
9407325,4,4,0,0,4,0,0
9604297,0,0,0,0,0,0,0
9810314,0,0,0,0,0,0,0
9811223,0,0,0,0,0,0,0
9810363,8,1,7,15,8,0,0
9704216,4,1,3,6,0,4,7
9312244,4,3,1,1,4,0,0
9902321,2,2,0,0,0,2,12
9704352,3,2,1,1,0,3,4
9910328,1,1,0,0,1,0,0
9608304,0,0,0,0,0,0,0
9908301,3,1,2,2,0,3,9
209051,3,1,2,2,0,3,21
201120,0,0,0,0,0,0,0
8325,0,0,0,0,0,0,0
9510368,5,3,2,2,0,5,5
9902296,3,2,1,1,3,0,0
9409293,1,1,0,0,1,0,0
301253,0,0,0,0,0,0,0
9911319,0,0,0,0,0,0,0
9712414,3,2,1,1,0,3,3
103166,0,0,0,0,0,0,0
9905541,0,0,0,0,0,0,0
11339,1,1,0,0,0,1,2
211038,1,1,0,0,0,1,4
9907455,2,2,0,0,0,2,8
211174,0,0,0,0,0,0,0
9909344,2,2,0,0,0,2,7
109159,2,2,0,0,0,2,6
9412280,3,1,2,2,1,2,4
104308,1,1,0,0,0,1,8
103332,3,3,0,0,0,3,27
302039,0,0,0,0,0,0,0
9710530,1,1,0,0,0,1,6
9708328,4,4,0,0,0,4,6
9710343,1,1,0,0,0,1,1
9411428,3,2,1,1,0,3,4
3130,5,5,0,0,4,1,1
105058,1,1,0,0,0,1,3
111469,0,0,0,0,0,0,0
104129,8,3,5,9,0,8,98
9912509,0,0,0,0,0,0,0
9702240,1,1,0,0,1,0,0
202071,3,3,0,0,0,3,6
9805497,1,1,0,0,0,1,2
9909451,3,2,1,1,0,3,8
9705291,4,1,3,3,4,0,0
9612296,1,1,0,0,0,1,4
102167,1,1,0,0,1,0,0
9510436,9,2,7,14,0,9,26
9508234,2,1,1,1,0,2,6
9307345,3,2,1,2,3,0,0
9308296,3,1,2,3,3,0,0
9310292,3,3,0,0,0,3,9
9311300,4,2,2,2,1,3,3
3202,1,1,0,0,0,1,2
112198,0,0,0,0,0,0,0
208173,0,0,0,0,0,0,0
11196,0,0,0,0,0,0,0
208227,3,3,0,0,0,3,7
9506307,1,1,0,0,0,1,13
9412277,3,2,1,1,3,0,0
107091,1,1,0,0,0,1,1
9509240,1,1,0,0,0,1,4
9901271,0,0,0,0,0,0,0
202204,4,2,2,2,0,4,36
109142,3,2,1,1,0,3,6
9309308,1,1,0,0,1,0,0
9907366,2,2,0,0,1,1,7
105276,0,0,0,0,0,0,0
103066,1,1,0,0,1,0,0
9911268,1,1,0,0,0,1,2
9511410,0,0,0,0,0,0,0
211385,0,0,0,0,0,0,0
211160,1,1,0,0,0,1,10
9812297,0,0,0,0,0,0,0
208070,6,4,2,5,0,6,35
212121,1,1,0,0,0,1,4
9403206,0,0,0,0,0,0,0
212304,2,2,0,0,0,2,38
212278,0,0,0,0,0,0,0
9306247,0,0,0,0,0,0,0
209184,0,0,0,0,0,0,0
9307211,1,1,0,0,1,0,0
9301215,1,1,0,0,1,0,0
9411405,2,1,1,1,2,0,0
9808249,0,0,0,0,0,0,0
9605435,1,1,0,0,0,1,1
202137,0,0,0,0,0,0,0
203262,0,0,0,0,0,0,0
110257,2,1,1,1,0,2,6
7097,2,1,1,1,0,2,4
9810340,6,1,5,9,0,6,68
9405364,0,0,0,0,0,0,0
6335,2,1,1,1,0,2,5
9304284,1,1,0,0,0,1,2
204312,0,0,0,0,0,0,0
9705309,0,0,0,0,0,0,0
301055,2,1,1,1,0,2,20
9511339,0,0,0,0,0,0,0
205263,0,0,0,0,0,0,0
8267,1,1,0,0,0,1,2
5046,2,2,0,0,0,2,8
9906427,0,0,0,0,0,0,0
102112,1,1,0,0,0,1,3
202179,0,0,0,0,0,0,0
9708281,2,2,0,0,1,1,1
9609355,1,1,0,0,0,1,3
9505273,7,4,3,4,0,7,7
1141,1,1,0,0,0,1,2
209031,0,0,0,0,0,0,0
4002,0,0,0,0,0,0,0
204319,0,0,0,0,0,0,0
9211274,1,1,0,0,1,0,0
2294,0,0,0,0,0,0,0
9510401,0,0,0,0,0,0,0
109060,0,0,0,0,0,0,0
210215,0,0,0,0,0,0,0
102330,0,0,0,0,0,0,0
107224,5,2,3,3,0,5,45
9702283,3,2,1,1,2,1,1
5273,6,5,1,1,1,5,10
210233,0,0,0,0,0,0,0
111265,0,0,0,0,0,0,0
9703205,3,1,2,2,3,0,0
9904357,2,2,0,0,0,2,12
9801248,3,2,1,1,0,3,9
9409267,1,1,0,0,1,0,0
9804270,1,1,0,0,1,0,0
302073,1,1,0,0,0,1,8
301045,0,0,0,0,0,0,0
9601263,1,1,0,0,1,0,0
208004,1,1,0,0,0,1,4
9811368,0,0,0,0,0,0,0
9812219,0,0,0,0,0,0,0
207362,0,0,0,0,0,0,0
101153,0,0,0,0,0,0,0
9706216,0,0,0,0,0,0,0
11253,0,0,0,0,0,0,0
9503321,0,0,0,0,0,0,0
9412371,1,1,0,0,1,0,0
9609407,0,0,0,0,0,0,0
11316,1,1,0,0,0,1,3
2303,2,2,0,0,0,2,4
10004,4,3,1,1,0,4,13
210303,2,1,1,1,0,2,3
9805363,3,2,1,1,0,3,12
302205,0,0,0,0,0,0,0
9903437,1,1,0,0,1,0,0
9807240,3,3,0,0,1,2,2
9811443,1,1,0,0,0,1,9
106137,1,1,0,0,0,1,3
211006,0,0,0,0,0,0,0
11158,0,0,0,0,0,0,0
111345,0,0,0,0,0,0,0
107133,2,2,0,0,0,2,19
9808245,0,0,0,0,0,0,0
9709385,0,0,0,0,0,0,0
9805313,0,0,0,0,0,0,0
210222,0,0,0,0,0,0,0
9809428,2,2,0,0,1,1,3
210266,0,0,0,0,0,0,0
111206,2,2,0,0,0,2,15
111174,0,0,0,0,0,0,0
9709278,3,1,2,3,0,3,6
9910317,3,1,2,2,3,0,0
107146,0,0,0,0,0,0,0
107251,1,1,0,0,0,1,6
9609225,0,0,0,0,0,0,0
203240,2,2,0,0,0,2,7
12190,0,0,0,0,0,0,0
9402247,0,0,0,0,0,0,0
301115,0,0,0,0,0,0,0
107303,0,0,0,0,0,0,0
9511229,0,0,0,0,0,0,0
104251,0,0,0,0,0,0,0
302057,0,0,0,0,0,0,0
9505231,1,1,0,0,0,1,1
301050,0,0,0,0,0,0,0
9501354,0,0,0,0,0,0,0
110417,1,1,0,0,0,1,9
6065,3,2,1,1,3,0,0
9502212,0,0,0,0,0,0,0
207069,3,2,1,1,0,3,3
9602312,0,0,0,0,0,0,0
9807273,0,0,0,0,0,0,0
209115,1,1,0,0,1,0,0
209118,0,0,0,0,0,0,0
207151,0,0,0,0,0,0,0
109039,0,0,0,0,0,0,0
9909233,0,0,0,0,0,0,0
101012,0,0,0,0,0,0,0
212271,1,1,0,0,0,1,7
3295,1,1,0,0,0,1,1
301189,1,1,0,0,0,1,12
109208,1,1,0,0,1,0,0
9709403,0,0,0,0,0,0,0
1117,0,0,0,0,0,0,0
109282,0,0,0,0,0,0,0
108064,0,0,0,0,0,0,0
207116,1,1,0,0,0,1,1
210033,1,1,0,0,0,1,4
9072,3,3,0,0,0,3,17
107305,0,0,0,0,0,0,0
9709268,0,0,0,0,0,0,0
207180,0,0,0,0,0,0,0
9506434,2,1,1,1,2,0,0
101324,0,0,0,0,0,0,0
9708387,0,0,0,0,0,0,0
9809471,0,0,0,0,0,0,0
9709486,0,0,0,0,0,0,0
9712433,0,0,0,0,0,0,0
9206263,2,1,1,1,2,0,0
9806447,0,0,0,0,0,0,0
9809280,1,1,0,0,0,1,11
7200,0,0,0,0,0,0,0
9608271,1,1,0,0,1,0,0
207039,0,0,0,0,0,0,0
9911306,5,5,0,0,0,5,20
4202,0,0,0,0,0,0,0
9911246,1,1,0,0,1,0,0
106225,0,0,0,0,0,0,0
301009,0,0,0,0,0,0,0
9602217,0,0,0,0,0,0,0
11362,3,3,0,0,0,3,5
9506367,1,1,0,0,1,0,0
9710344,0,0,0,0,0,0,0
9608234,0,0,0,0,0,0,0
9307346,1,1,0,0,1,0,0
9807409,2,1,1,1,0,2,10
202252,0,0,0,0,0,0,0
9612215,1,1,0,0,0,1,2
9405408,0,0,0,0,0,0,0
9907403,0,0,0,0,0,0,0
9909553,0,0,0,0,0,0,0
9802281,1,1,0,0,1,0,0
9505215,0,0,0,0,0,0,0
9611424,1,1,0,0,0,1,1
112079,0,0,0,0,0,0,0
8330,0,0,0,0,0,0,0
108208,0,0,0,0,0,0,0
111056,0,0,0,0,0,0,0
9906227,0,0,0,0,0,0,0
112316,0,0,0,0,0,0,0
203162,0,0,0,0,0,0,0
211431,1,1,0,0,0,1,6
9910463,0,0,0,0,0,0,0
302154,0,0,0,0,0,0,0
302177,0,0,0,0,0,0,0
9802399,0,0,0,0,0,0,0
112149,0,0,0,0,0,0,0
9610347,0,0,0,0,0,0,0
211339,0,0,0,0,0,0,0
205330,0,0,0,0,0,0,0
9801256,0,0,0,0,0,0,0
204306,3,3,0,0,0,3,35
111251,1,1,0,0,1,0,0
302046,0,0,0,0,0,0,0
11007,0,0,0,0,0,0,0
9089,1,1,0,0,1,0,0
9804447,0,0,0,0,0,0,0
9501261,0,0,0,0,0,0,0
302247,0,0,0,0,0,0,0
103098,0,0,0,0,0,0,0
1107,0,0,0,0,0,0,0
9907541,0,0,0,0,0,0,0
110244,2,1,1,1,0,2,12
301008,0,0,0,0,0,0,0
9403207,0,0,0,0,0,0,0
212133,0,0,0,0,0,0,0
9405333,1,1,0,0,1,0,0
209204,0,0,0,0,0,0,0
302261,0,0,0,0,0,0,0
9906491,0,0,0,0,0,0,0
9710299,0,0,0,0,0,0,0
103139,0,0,0,0,0,0,0
112183,0,0,0,0,0,0,0
301087,0,0,0,0,0,0,0
211381,0,0,0,0,0,0,0
4009,0,0,0,0,0,0,0
9701239,0,0,0,0,0,0,0
110298,0,0,0,0,0,0,0
111281,0,0,0,0,0,0,0
210101,0,0,0,0,0,0,0
108154,0,0,0,0,0,0,0
9610388,0,0,0,0,0,0,0
106242,0,0,0,0,0,0,0
9606252,0,0,0,0,0,0,0
109038,0,0,0,0,0,0,0
1213,0,0,0,0,0,0,0
210249,0,0,0,0,0,0,0
208135,0,0,0,0,0,0,0
204249,0,0,0,0,0,0,0
302053,0,0,0,0,0,0,0
9611459,0,0,0,0,0,0,0
302220,0,0,0,0,0,0,0
209344,0,0,0,0,0,0,0
205285,0,0,0,0,0,0,0
10139,0,0,0,0,0,0,0
207068,0,0,0,0,0,0,0
106276,0,0,0,0,0,0,0
9901441,0,0,0,0,0,0,0
301273,0,0,0,0,0,0,0
9706495,0,0,0,0,0,0,0
301239,0,0,0,0,0,0,0
205025,0,0,0,0,0,0,0
112262,0,0,0,0,0,0,0
9403214,0,0,0,0,0,0,0
9410402,0,0,0,0,0,0,0
205311,0,0,0,0,0,0,0
204333,0,0,0,0,0,0,0
9904402,0,0,0,0,0,0,0
9706493,0,0,0,0,0,0,0
11039,0,0,0,0,0,0,0
210097,0,0,0,0,0,0,0
9612474,1,1,0,0,0,1,1
9804260,1,1,0,0,0,1,1
206160,0,0,0,0,0,0,0
212275,1,1,0,0,0,1,1
9910218,0,0,0,0,0,0,0
212172,0,0,0,0,0,0,0
103191,1,1,0,0,0,1,1
104273,1,1,0,0,0,1,3
204105,0,0,0,0,0,0,0
9020,0,0,0,0,0,0,0
210064,0,0,0,0,0,0,0
9709294,0,0,0,0,0,0,0
110100,0,0,0,0,0,0,0
302028,0,0,0,0,0,0,0
9712264,0,0,0,0,0,0,0
9811511,0,0,0,0,0,0,0
12054,0,0,0,0,0,0,0
211004,0,0,0,0,0,0,0
10126,0,0,0,0,0,0,0
9506414,0,0,0,0,0,0,0
205178,0,0,0,0,0,0,0
210141,0,0,0,0,0,0,0
9910434,0,0,0,0,0,0,0
9406323,0,0,0,0,0,0,0
9709253,0,0,0,0,0,0,0
9706360,0,0,0,0,0,0,0
9610201,0,0,0,0,0,0,0
9601251,0,0,0,0,0,0,0
9408335,0,0,0,0,0,0,0
6126,0,0,0,0,0,0,0
9608372,0,0,0,0,0,0,0
211365,0,0,0,0,0,0,0
9501239,0,0,0,0,0,0,0
112348,0,0,0,0,0,0,0
9602290,0,0,0,0,0,0,0
211201,0,0,0,0,0,0,0
102244,0,0,0,0,0,0,0
205197,0,0,0,0,0,0,0
9509219,0,0,0,0,0,0,0
211437,0,0,0,0,0,0,0
210138,0,0,0,0,0,0,0
111088,0,0,0,0,0,0,0
4260,0,0,0,0,0,0,0
9902444,0,0,0,0,0,0,0
9908403,0,0,0,0,0,0,0
112091,0,0,0,0,0,0,0
302081,0,0,0,0,0,0,0
210156,0,0,0,0,0,0,0
9607354,20,6,14,34,0,20,45
9810333,32,7,25,99,19,13,19
8216,7,3,4,5,0,7,28
9808493,103,5,98,746,8,95,585
9704376,70,13,57,254,7,63,607
9907335,30,5,25,119,0,30,178
9502254,19,3,16,38,10,9,32
9407389,87,6,81,489,17,70,104
9609326,15,6,9,20,0,15,69
112169,2,2,0,0,0,2,12
9405277,41,4,37,209,41,0,0
9611302,8,3,5,13,8,0,0
9805358,9,4,5,10,0,9,37
109166,26,10,16,31,23,3,9
9205203,16,5,11,20,16,0,0
9510376,64,7,57,311,0,64,197
9811357,21,4,17,33,0,21,121
9504418,7,1,6,14,7,0,0
9905413,14,2,12,32,14,0,0
106116,25,6,19,42,0,25,327
9810383,4,2,2,2,3,1,2
9402224,26,4,22,52,25,1,1
9403250,25,4,21,63,7,18,29
9605447,14,6,8,10,0,14,62
9512399,14,5,9,14,1,13,73
9310297,33,2,31,160,33,0,0
9408397,29,9,20,40,10,19,19
9703351,74,2,72,681,20,54,119
9905240,30,1,29,196,17,13,19
9712495,71,7,64,401,17,54,141
2064,61,5,56,238,13,48,141
9807308,7,2,5,10,0,7,51
9902385,19,5,14,33,3,16,25
9706230,32,11,21,72,2,30,102
9605273,87,9,78,406,37,50,153
9807315,12,2,10,37,11,1,1
9809509,8,3,5,7,8,0,0
9912231,78,8,70,339,12,66,208
9205214,16,2,14,48,16,0,0
9506228,12,5,7,10,0,12,35
9601337,22,4,18,41,4,18,19
9504397,12,7,5,6,1,11,11
9311360,8,2,6,12,3,5,14
9510306,3,1,2,2,3,0,0
9510340,3,1,2,2,0,3,20
9703209,49,9,40,125,7,42,92
9406417,21,5,16,33,3,18,27
9510246,15,8,7,10,2,13,74
9704339,27,3,24,76,0,27,145
9702392,98,2,96,1148,42,56,194
9706519,7,5,2,3,0,7,56
105200,12,6,6,8,0,12,74
9608430,69,4,65,375,27,42,88
11317,6,3,3,3,0,6,49
7313,16,4,12,23,0,16,240
9905264,19,5,14,37,1,18,94
12019,11,2,9,17,0,11,44
9607487,35,2,33,168,0,35,243
9703390,10,2,8,20,0,10,113
9507329,36,4,32,103,3,33,136
9410413,5,3,2,2,1,4,4
9807496,16,4,12,20,0,16,47
107002,26,4,22,87,4,22,55
9706520,42,9,33,107,0,42,284
9804253,35,9,26,105,7,28,150
9411422,14,4,10,27,1,13,17
9506374,84,6,78,715,8,76,279
101276,18,4,14,51,0,18,171
9406337,10,5,5,15,7,3,3
9606362,32,6,26,45,8,24,38
9703327,49,3,46,187,1,48,296
9810336,32,4,28,96,0,32,106
9505314,8,4,4,5,2,6,7
9807418,11,3,8,16,0,11,62
9311279,3,1,2,2,1,2,2
9302207,27,3,24,132,19,8,8
9406303,19,2,17,63,0,19,38
9705433,34,9,25,73,18,16,18
9406365,4,2,2,2,4,0,0
9605323,90,18,72,497,15,75,240
9706538,1,1,0,0,0,1,7
9709387,16,1,15,41,16,0,0
9806344,62,13,49,202,26,36,51
9405355,48,11,37,123,14,34,62
9709390,11,8,3,3,1,10,53
9404338,9,3,6,10,9,0,0
9802431,9,3,6,12,0,9,47
9811464,2,1,1,1,0,2,20
9311261,8,4,4,8,8,0,0
9705401,21,4,17,54,1,20,63
9608247,20,3,17,59,0,20,134
9508250,14,8,6,8,4,10,28
9903518,7,4,3,3,0,7,47
9312227,17,4,13,41,13,4,4
9505288,15,4,11,28,3,12,60
9211249,22,5,17,86,22,0,0
9402276,18,3,15,34,5,13,20
12087,10,2,8,18,5,5,7
9501375,61,8,53,209,20,41,109
9604327,18,4,14,32,9,9,9
9408262,36,9,27,79,5,31,82
9906340,52,5,47,249,3,49,254
9612347,8,6,2,2,0,8,34
10294,6,5,1,1,0,6,64
9709343,5,1,4,5,1,4,7
9901319,28,4,24,138,0,28,343
9703354,19,3,16,53,1,18,115
9207232,15,3,12,38,15,0,0
9907385,55,3,52,646,2,53,54
9312318,37,3,34,116,32,5,5
9701256,21,7,14,30,1,20,72
102047,64,11,53,159,2,62,541
1318,19,3,16,45,0,19,129
9211267,14,7,7,16,6,8,8
9807219,16,9,7,16,1,15,36
6105,12,3,9,24,0,12,155
109095,16,5,11,35,0,16,116
9904221,22,6,16,54,1,21,221
9403253,13,7,6,12,3,10,16
9409419,40,5,35,119,40,0,0
9511289,12,1,11,30,9,3,3
9810410,95,3,92,593,5,90,423
9411281,3,2,1,1,2,1,1
9904438,3,1,2,3,0,3,19
9801451,2,1,1,1,0,2,9
9410364,25,8,17,48,5,20,42
9306204,25,7,18,66,25,0,0
2043,10,4,6,9,5,5,5
9305279,12,3,9,19,12,0,0
9809352,20,12,8,16,18,2,2
9607449,65,4,61,526,1,64,184
9712517,37,2,35,122,3,34,90
9904297,14,4,10,16,0,14,56
9506380,167,9,158,986,37,130,402
9703287,59,4,55,496,0,59,205
9706507,29,12,17,32,7,22,32
9905305,6,4,2,2,0,6,26
9409232,20,3,17,35,0,20,67
9705402,3,1,2,3,0,3,21
8078,16,7,9,18,1,15,72
9506311,15,2,13,30,15,0,0
9501408,0,0,0,0,0,0,0
9707281,17,1,16,41,0,17,91
9310212,26,8,18,26,0,26,72
12333,13,5,8,19,0,13,92
9705437,46,12,34,113,8,38,118
9501356,8,4,4,15,0,8,79
202110,13,8,5,10,2,11,251
4169,28,5,23,88,7,21,99
9906394,7,2,5,8,0,7,45
9908427,15,2,13,26,7,8,47
102324,29,3,26,124,0,29,408
9402215,11,2,9,17,7,4,4
9910465,18,3,15,35,1,17,46
9609300,1,1,0,0,0,1,6
103179,35,8,27,101,8,27,119
9912282,5,3,2,3,0,5,32
9211281,3,1,2,3,3,0,0
2008,8,2,6,14,0,8,8
9701226,4,2,2,2,4,0,0
9711328,8,3,5,11,0,8,49
9907434,6,3,3,6,0,6,14
9706518,4,2,2,3,0,4,4
2077,13,4,9,21,2,11,21
6122,5,2,3,4,0,5,49
9906514,16,3,13,27,0,16,279
9904425,29,1,28,156,0,29,525
104285,16,6,10,18,1,15,201
10029,8,3,5,6,0,8,90
210157,6,5,1,1,0,6,110
206194,11,5,6,7,0,11,111
9807528,17,6,11,31,0,17,96
109242,45,1,44,426,0,45,413
9906549,54,13,41,122,1,53,435
9910498,20,2,18,58,0,20,100
9701322,7,5,2,2,1,6,31
9509418,8,4,4,6,6,2,2
107156,9,6,3,4,0,9,74
101278,16,6,10,14,0,16,152
9206216,15,5,10,18,15,0,0
9806346,5,1,4,5,1,4,66
9703293,5,3,2,2,0,5,12
11147,0,0,0,0,0,0,0
5135,2,2,0,0,1,1,2
3055,17,3,14,66,2,15,24
9312347,14,5,9,11,3,11,25
4069,4,3,1,1,0,4,16
9911395,50,7,43,210,0,50,327
101145,3,1,2,3,0,3,32
9506251,9,3,6,10,0,9,9
9906225,4,3,1,1,0,4,12
9812448,176,4,172,1522,176,0,0
9806367,7,3,4,10,2,5,11
9509375,57,3,54,271,1,56,344
9510333,14,2,12,20,0,14,42
9509262,2,2,0,0,0,2,3
9702225,7,4,3,3,0,7,37
9503467,4,2,2,2,2,2,4
9205213,34,10,24,78,34,0,0
9512387,5,3,2,2,4,1,1
3178,9,3,6,11,0,9,99
9705345,18,3,15,50,7,11,68
9606324,13,4,9,15,1,12,217
9603318,15,4,11,21,2,13,20
9511271,3,2,1,1,3,0,0
9710415,15,2,13,42,0,15,48
9702367,37,16,21,43,13,24,55
9809398,8,1,7,15,8,0,0
104259,10,1,9,25,0,10,106
9504273,16,3,13,46,4,12,12
9501292,15,4,11,32,15,0,0
9611400,6,5,1,1,0,6,10
9407332,3,3,0,0,1,2,3
7277,5,3,2,2,0,5,38
9509406,25,4,21,57,25,0,0
9807405,15,6,9,21,0,15,84
9504277,30,7,23,76,5,25,54
9507403,21,2,19,99,1,20,22
9708484,1,1,0,0,0,1,1
9408346,62,10,52,266,15,47,91
9603350,10,4,6,11,1,9,32
9810357,7,1,6,15,0,7,11
9803256,39,8,31,103,0,39,343
9701404,19,2,17,61,1,18,33
9602226,3,2,1,1,3,0,0
9512223,2,1,1,1,2,0,0
9501311,14,7,7,16,6,8,13
9707257,1,1,0,0,0,1,2
9605436,10,3,7,19,0,10,30
9410212,2,1,1,1,2,0,0
9910226,11,3,8,13,0,11,47
9602272,28,2,26,103,1,27,114
9708393,54,7,47,353,4,50,236
9405234,37,12,25,95,9,28,85
9404272,9,1,8,16,3,6,8
9505254,2,2,0,0,2,0,0
9502397,5,3,2,2,0,5,19
7110,2,2,0,0,0,2,6
104226,19,7,12,42,1,18,53
4048,10,3,7,19,1,9,51
9905458,4,2,2,3,0,4,5
9703270,5,3,2,2,2,3,7
9310210,38,8,30,256,38,0,0
9510393,19,5,14,53,0,19,87
9602404,11,1,10,32,0,11,69
112285,7,6,1,1,1,6,18
5222,5,3,2,2,1,4,17
9312297,1,1,0,0,1,0,0
9608291,10,5,5,12,10,0,0
9707392,9,2,7,23,5,4,5
211370,1,1,0,0,0,1,6
9511266,10,4,6,10,1,9,48
9911264,7,3,4,11,0,7,48
9903462,16,1,15,54,0,16,101
9206229,7,3,4,10,7,0,0
9605373,4,2,2,3,4,0,0
9407409,3,3,0,0,2,1,1
9711512,4,3,1,1,0,4,27
9711281,11,4,7,9,5,6,8
9904385,3,3,0,0,2,1,7
9912447,19,8,11,20,0,19,123
9511284,10,3,7,16,0,10,23
9909333,19,3,16,70,0,19,184
9511326,8,4,4,7,0,8,16
101127,16,8,8,8,1,15,68
7304,15,7,8,13,2,13,128
9701276,1,1,0,0,0,1,5
9505341,8,3,5,5,0,8,39
301079,0,0,0,0,0,0,0
9208242,33,4,29,173,33,0,0
1224,10,2,8,17,0,10,35
9712520,13,2,11,20,2,11,26
106147,3,3,0,0,0,3,5
109056,16,6,10,17,0,16,110
9909559,5,3,2,2,1,4,11
9412398,10,4,6,12,0,10,55
9610221,3,3,0,0,0,3,16
103231,8,3,5,6,0,8,40
9506393,16,9,7,14,0,16,64
9308299,4,3,1,1,4,0,0
9611251,23,6,17,58,0,23,157
9806224,5,1,4,8,0,5,26
9806203,3,1,2,3,0,3,19
108228,0,0,0,0,0,0,0
9309333,5,2,3,5,4,1,1
9706437,2,1,1,1,0,2,6
9806277,4,4,0,0,2,2,5
109084,11,6,5,13,0,11,59
9610223,23,7,16,31,14,9,9
9708221,0,0,0,0,0,0,0
110004,6,2,4,8,0,6,10
9809247,21,4,17,63,1,20,194
9305270,2,1,1,1,2,0,0
104075,2,1,1,1,0,2,8
11264,5,2,3,4,4,1,1
105029,20,11,9,17,4,16,96
9409451,13,1,12,24,13,0,0
9409296,17,4,13,42,12,5,5
9710328,8,3,5,7,1,7,12
9609441,14,2,12,42,4,10,18
9903486,1,1,0,0,0,1,22
109245,2,2,0,0,0,2,12
5270,6,3,3,4,0,6,29
9910365,11,9,2,2,0,11,36
9602373,3,3,0,0,0,3,3
9802432,21,1,20,70,2,19,44
9609393,5,2,3,5,1,4,20
102042,4,1,3,4,1,3,3
10058,6,4,2,3,0,6,26
104225,8,4,4,7,0,8,181
9302312,17,3,14,23,0,17,17
9406392,34,3,31,164,30,4,4
201133,2,1,1,1,0,2,11
9412309,9,2,7,14,6,3,3
9303233,35,6,29,181,35,0,0
9701370,8,4,4,10,0,8,36
9405377,5,1,4,5,5,0,0
9280,2,2,0,0,1,1,3
204050,3,2,1,1,0,3,17
9902328,4,3,1,1,0,4,35
9209287,9,4,5,11,9,0,0
8046,11,4,7,15,0,11,53
9606213,10,2,8,18,0,10,23
9908412,13,4,9,30,0,13,28
9903512,9,2,7,18,0,9,30
9710247,18,2,16,31,0,18,55
204051,2,2,0,0,0,2,9
111340,3,2,1,1,0,3,12
9605215,16,3,13,43,8,8,9
205053,24,3,21,77,5,19,94
9509370,9,3,6,14,0,9,9
12379,23,6,17,47,7,16,27
5260,6,3,3,4,2,4,28
9705258,20,4,16,85,7,13,20
9907521,11,3,8,13,0,11,47
202262,7,2,5,8,0,7,61
9709450,6,4,2,2,1,5,28
9609233,14,3,11,34,0,14,24
9407292,21,4,17,66,2,19,36
9707509,13,4,9,15,3,10,34
9605388,1,1,0,0,1,0,0
2182,4,2,2,2,0,4,17
104108,23,3,20,71,0,23,382
9809474,6,3,3,4,0,6,34
9808387,3,1,2,3,1,2,2
9702419,7,1,6,11,3,4,4
103289,4,3,1,1,1,3,6
9310267,5,2,3,6,5,0,0
101249,7,3,4,6,0,7,112
9902295,0,0,0,0,0,0,0
9712547,1,1,0,0,0,1,5
204134,5,3,2,3,2,3,7
9408365,7,5,2,7,0,7,22
9506329,10,2,8,22,2,8,16
9310273,6,5,1,2,6,0,0
109008,4,3,1,1,0,4,4
9710458,1,1,0,0,1,0,0
9709367,9,4,5,10,0,9,27
9907528,6,4,2,2,0,6,27
104205,11,1,10,34,0,11,180
5301,6,4,2,5,0,6,29
9310329,15,5,10,26,8,7,7
9907466,7,2,5,12,0,7,39
9912255,1,1,0,0,0,1,1
9802231,2,2,0,0,0,2,5
9803418,7,5,2,2,5,2,4
9610464,7,4,3,5,0,7,45
9704223,16,4,12,28,0,16,16
9406201,1,1,0,0,1,0,0
9804437,2,2,0,0,0,2,7
9409221,7,4,3,7,2,5,11
9805268,26,9,17,35,4,22,54
6240,11,1,10,21,0,11,48
9706409,19,2,17,77,1,18,62
9902309,6,3,3,5,0,6,10
2261,4,1,3,6,0,4,12
9607438,2,1,1,1,0,2,5
9811243,3,2,1,1,2,1,3
9809497,3,3,0,0,0,3,6
9506273,34,5,29,110,0,34,235
102206,7,1,6,15,0,7,9
9711437,1,1,0,0,0,1,5
205012,2,1,1,1,0,2,6
9703447,6,3,3,6,6,0,0
9806243,0,0,0,0,0,0,0
109172,20,5,15,39,1,19,124
9512346,3,2,1,2,2,1,1
9802324,8,4,4,9,3,5,6
9411434,4,1,3,6,0,4,12
9606319,4,2,2,2,1,3,5
9405247,1,1,0,0,0,1,1
9703245,6,5,1,1,4,2,2
9508259,28,3,25,82,0,28,52
110355,1,1,0,0,0,1,4
9902266,2,2,0,0,0,2,6
111054,0,0,0,0,0,0,0
2276,5,2,3,4,0,5,15
9601230,15,2,13,36,1,14,24
206180,1,1,0,0,1,0,0
9304294,13,5,8,19,0,13,16
9803261,11,2,9,20,2,9,12
107001,21,1,20,113,0,21,50
9510291,2,1,1,1,1,1,5
112037,3,2,1,1,0,3,21
9509414,2,2,0,0,0,2,2
9509210,3,3,0,0,0,3,18
9703235,3,3,0,0,0,3,13
9512366,12,5,7,15,0,12,63
212300,1,1,0,0,0,1,7
9911316,13,4,9,33,0,13,130
9805395,4,1,3,4,0,4,14
9712270,1,1,0,0,1,0,0
9712505,0,0,0,0,0,0,0
1069,4,2,2,2,0,4,6
10112,2,1,1,1,0,2,8
7105,1,1,0,0,1,0,0
211233,0,0,0,0,0,0,0
9811288,8,2,6,7,0,8,21
206026,9,5,4,7,0,9,45
9512367,27,6,21,73,0,27,83
9605368,1,1,0,0,0,1,4
9302315,10,1,9,24,10,0,0
9703431,0,0,0,0,0,0,0
4032,1,1,0,0,0,1,19
9702324,1,1,0,0,0,1,2
207351,1,1,0,0,0,1,6
9808244,2,2,0,0,0,2,10
9912548,5,2,3,5,0,5,43
9602201,9,4,5,7,0,9,42
9911292,2,2,0,0,0,2,8
9706343,6,4,2,2,0,6,25
9810210,0,0,0,0,0,0,0
205148,5,1,4,6,0,5,42
9410415,16,6,10,38,0,16,16
6280,8,2,6,14,0,8,59
9304235,5,4,1,2,3,2,5
107301,2,2,0,0,0,2,9
9509229,8,3,5,11,1,7,8
9712508,14,2,12,31,0,14,80
9911486,1,1,0,0,0,1,1
205116,1,1,0,0,0,1,5
9207267,2,2,0,0,2,0,0
108085,31,5,26,111,2,29,232
105163,2,1,1,1,0,2,17
9901239,14,5,9,26,2,12,80
1075,16,2,14,31,0,16,22
9405242,6,5,1,1,6,0,0
9902260,18,10,8,12,3,15,49
210342,4,4,0,0,0,4,10
104116,6,3,3,4,5,1,2
9305245,4,4,0,0,4,0,0
9411217,30,1,29,122,7,23,44
9307251,0,0,0,0,0,0,0
9902218,1,1,0,0,0,1,3
9402325,9,1,8,21,2,7,7
201125,1,1,0,0,0,1,8
208087,12,2,10,28,0,12,76
108188,6,3,3,4,0,6,31
3115,5,3,2,3,0,5,20
9308308,10,9,1,1,1,9,9
9711379,2,2,0,0,2,0,0
111226,0,0,0,0,0,0,0
9901440,14,2,12,24,4,10,17
212161,1,1,0,0,0,1,17
9911433,8,6,2,2,0,8,37
9506279,0,0,0,0,0,0,0
9805364,2,1,1,1,0,2,3
9212282,2,2,0,0,2,0,0
9305293,14,3,11,14,8,6,6
9812213,1,1,0,0,0,1,2
9801344,10,3,7,11,1,9,30
7101,9,4,5,10,0,9,30
9402207,4,2,2,2,1,3,3
9512260,3,3,0,0,0,3,3
9607286,9,4,5,11,1,8,36
9912547,33,12,21,40,0,33,135
9608333,0,0,0,0,0,0,0
12141,0,0,0,0,0,0,0
11248,16,5,11,23,0,16,226
208069,7,4,3,3,0,7,87
7278,4,1,3,3,2,2,2
9907453,1,1,0,0,0,1,4
9502213,3,3,0,0,3,0,0
105057,2,1,1,1,0,2,7
201099,7,4,3,4,0,7,44
9809376,17,5,12,73,0,17,56
205160,4,1,3,3,0,4,111
101335,27,6,21,54,0,27,154
9604215,2,1,1,1,0,2,8
9910274,3,2,1,1,0,3,24
11209,3,1,2,2,1,2,5
9502220,1,1,0,0,1,0,0
9404287,5,1,4,6,5,0,0
204206,1,1,0,0,0,1,3
9512319,19,4,15,44,4,15,40
104080,6,5,1,2,1,5,18
3070,2,1,1,1,0,2,27
108138,7,5,2,2,4,3,11
9711323,4,2,2,4,4,0,0
9504310,2,2,0,0,0,2,21
104114,1,1,0,0,0,1,10
9905493,4,3,1,1,4,0,0
9701360,12,3,9,13,0,12,72
9303220,3,2,1,1,3,0,0
9702252,4,2,2,2,1,3,5
9708409,1,1,0,0,0,1,2
106108,12,5,7,13,3,9,27
9805463,2,2,0,0,0,2,7
9903206,9,3,6,7,1,8,21
9311308,2,1,1,1,0,2,11
9805456,1,1,0,0,1,0,0
9911210,0,0,0,0,0,0,0
9702413,6,4,2,2,6,0,0
9609399,4,2,2,3,0,4,9
9911492,4,3,1,1,2,2,4
206300,12,1,11,26,0,12,105
9904407,2,1,1,1,2,0,0
302072,0,0,0,0,0,0,0
9812252,5,5,0,0,0,5,38
111142,0,0,0,0,0,0,0
1083,14,5,9,21,2,12,43
110237,6,3,3,3,0,6,50
103131,2,2,0,0,2,0,0
9603331,6,4,2,5,1,5,6
9808223,4,1,3,5,2,2,3
9504411,4,3,1,1,2,2,3
9209288,3,1,2,3,3,0,0
9209290,11,6,5,9,11,0,0
9811380,4,2,2,3,4,0,0
107017,12,8,4,11,0,12,87
209222,5,1,4,4,0,5,31
9911394,4,3,1,1,1,3,4
106255,6,5,1,2,0,6,75
9601284,4,1,3,3,0,4,15
9805454,1,1,0,0,0,1,2
9301213,3,3,0,0,0,3,3
9911505,18,2,16,53,5,13,47
9905434,1,1,0,0,0,1,3
9711312,3,1,2,3,3,0,0
9707394,3,2,1,1,1,2,5
11004,1,1,0,0,0,1,5
9505399,4,3,1,1,4,0,0
201010,3,3,0,0,0,3,19
9804430,6,2,4,9,1,5,7
9711478,5,3,2,5,0,5,9
202100,1,1,0,0,0,1,1
4178,1,1,0,0,0,1,1
2132,5,3,2,2,0,5,26
203186,2,1,1,1,0,2,20
9904502,5,1,4,9,0,5,12
9409206,0,0,0,0,0,0,0
9909278,4,1,3,4,0,4,19
10349,2,2,0,0,1,1,3
205130,2,1,1,1,0,2,6
202113,1,1,0,0,0,1,3
105338,3,2,1,1,1,2,8
9512231,5,4,1,1,5,0,0
9708224,2,2,0,0,0,2,11
108179,6,3,3,4,1,5,26
9904260,4,4,0,0,1,3,15
9805319,8,6,2,2,2,6,19
9207239,3,3,0,0,3,0,0
207278,0,0,0,0,0,0,0
9708476,0,0,0,0,0,0,0
9611299,6,1,5,6,6,0,0
9701329,3,2,1,2,3,0,0
9801314,3,1,2,2,0,3,11
9901296,2,2,0,0,0,2,8
9610468,0,0,0,0,0,0,0
210069,0,0,0,0,0,0,0
9904213,1,1,0,0,0,1,1
9601376,12,1,11,38,0,12,22
10107,0,0,0,0,0,0,0
205035,5,3,2,2,0,5,16
201042,1,1,0,0,0,1,5
9609392,1,1,0,0,0,1,2
9805251,10,3,7,13,0,10,76
9509318,2,2,0,0,0,2,2
202121,7,2,5,10,0,7,34
9304217,7,3,4,8,1,6,6
9910484,2,2,0,0,0,2,3
9601300,3,2,1,1,2,1,5
9604269,2,1,1,1,0,2,10
11067,1,1,0,0,0,1,4
9606457,3,2,1,1,3,0,0
1164,3,3,0,0,0,3,6
109032,8,2,6,13,0,8,45
201278,1,1,0,0,0,1,4
205269,4,3,1,1,0,4,36
9811259,7,1,6,14,0,7,41
101212,4,4,0,0,0,4,87
210445,0,0,0,0,0,0,0
9912402,5,2,3,4,0,5,21
9505204,4,1,3,4,1,3,9
201254,0,0,0,0,0,0,0
102060,2,1,1,1,0,2,15
9707318,1,1,0,0,0,1,4
9809258,1,1,0,0,0,1,1
208251,4,3,1,1,0,4,12
5038,7,6,1,2,0,7,35
110319,1,1,0,0,0,1,1
212373,0,0,0,0,0,0,0
9903366,1,1,0,0,0,1,11
9511432,1,1,0,0,0,1,1
206264,0,0,0,0,0,0,0
107286,2,2,0,0,0,2,8
12025,0,0,0,0,0,0,0
209340,2,2,0,0,0,2,17
9804387,2,1,1,1,0,2,10
9904345,3,1,2,3,3,0,0
9804249,4,1,3,6,0,4,31
203272,4,4,0,0,0,4,12
9705459,1,1,0,0,0,1,3
209183,0,0,0,0,0,0,0
12258,1,1,0,0,0,1,1
9502416,5,3,2,2,5,0,0
9506394,3,3,0,0,0,3,5
9403216,4,2,2,3,1,3,3
9703292,4,1,3,5,0,4,12
2024,13,7,6,9,4,9,17
9508307,1,1,0,0,1,0,0
9805512,3,2,1,1,0,3,11
9811258,1,1,0,0,0,1,3
9904454,7,2,5,9,0,7,39
7262,6,2,4,5,0,6,18
9505276,1,1,0,0,0,1,1
9709412,1,1,0,0,0,1,9
9912493,0,0,0,0,0,0,0
203090,6,1,5,10,0,6,25
9606313,4,4,0,0,0,4,7
9604399,1,1,0,0,1,0,0
9411441,1,1,0,0,0,1,1
10060,4,2,2,2,0,4,21
9805420,2,2,0,0,0,2,6
8059,0,0,0,0,0,0,0
301067,0,0,0,0,0,0,0
112062,0,0,0,0,0,0,0
9505338,4,1,3,4,0,4,12
9406422,3,3,0,0,0,3,5
203214,7,1,6,16,0,7,91
9412300,1,1,0,0,1,0,0
9509390,1,1,0,0,0,1,1
9504409,2,1,1,1,1,1,2
9509293,1,1,0,0,0,1,1
9906526,3,1,2,2,2,1,1
9709468,6,2,4,6,0,6,23
9904494,7,4,3,3,2,5,6
9510391,0,0,0,0,0,0,0
9707437,8,2,6,10,0,8,22
8334,2,2,0,0,1,1,15
201053,6,2,4,10,0,6,17
7234,8,5,3,3,1,7,38
302098,0,0,0,0,0,0,0
210189,1,1,0,0,0,1,2
11065,0,0,0,0,0,0,0
2074,8,5,3,5,0,8,28
9801402,2,2,0,0,0,2,2
207303,1,1,0,0,0,1,2
9903500,0,0,0,0,0,0,0
9510279,3,3,0,0,0,3,14
9409272,3,2,1,1,0,3,5
9610453,0,0,0,0,0,0,0
9806453,6,1,5,12,0,6,35
9808477,3,3,0,0,1,2,6
110161,2,2,0,0,0,2,18
9609258,2,2,0,0,2,0,0
208238,1,1,0,0,0,1,10
301011,1,1,0,0,0,1,5
302034,2,2,0,0,1,1,3
9901273,3,3,0,0,2,1,2
212374,1,1,0,0,0,1,17
106047,1,1,0,0,1,0,0
106080,2,2,0,0,1,1,1
9807226,0,0,0,0,0,0,0
103084,4,1,3,3,0,4,36
209277,0,0,0,0,0,0,0
109101,1,1,0,0,0,1,5
9311282,5,1,4,6,3,2,2
212116,5,3,2,2,2,3,6
111185,3,1,2,3,2,1,1
106321,3,1,2,2,0,3,17
9609306,4,4,0,0,1,3,5
9503405,1,1,0,0,1,0,0
9710394,6,4,2,2,6,0,0
9904254,2,2,0,0,0,2,3
9903222,8,3,5,8,1,7,7
9502244,2,2,0,0,2,0,0
9312305,8,7,1,1,8,0,0
9806307,6,2,4,6,0,6,28
9506385,7,4,3,5,7,0,0
302009,0,0,0,0,0,0,0
9602286,0,0,0,0,0,0,0
202242,0,0,0,0,0,0,0
9911431,2,2,0,0,1,1,3
9503370,0,0,0,0,0,0,0
9606389,2,2,0,0,0,2,5
9604381,1,1,0,0,0,1,2
9706389,1,1,0,0,0,1,13
1064,7,1,6,20,0,7,11
111296,2,1,1,1,0,2,4
9606403,11,2,9,19,8,3,3
9909527,0,0,0,0,0,0,0
202066,2,2,0,0,0,2,19
9608428,0,0,0,0,0,0,0
9908494,0,0,0,0,0,0,0
101057,5,5,0,0,0,5,18
9709331,0,0,0,0,0,0,0
106185,2,2,0,0,2,0,0
10128,4,2,2,2,0,4,23
9703253,1,1,0,0,1,0,0
9811359,1,1,0,0,1,0,0
9901369,4,4,0,0,0,4,27
9503254,2,2,0,0,1,1,1
209103,2,2,0,0,0,2,9
9805460,4,1,3,3,0,4,15
9706335,1,1,0,0,0,1,2
9801286,1,1,0,0,0,1,1
9602266,2,1,1,1,1,1,2
9404317,0,0,0,0,0,0,0
9702366,1,1,0,0,1,0,0
10275,1,1,0,0,0,1,4
110404,2,1,1,1,0,2,6
204018,0,0,0,0,0,0,0
107070,0,0,0,0,0,0,0
206145,1,1,0,0,0,1,2
9809422,0,0,0,0,0,0,0
9811453,4,2,2,3,4,0,0
9512391,0,0,0,0,0,0,0
9902367,0,0,0,0,0,0,0
8193,1,1,0,0,0,1,5
212305,0,0,0,0,0,0,0
9507305,3,1,2,3,0,3,5
9812310,1,1,0,0,0,1,2
102037,1,1,0,0,0,1,6
109267,2,2,0,0,1,1,10
9404261,2,2,0,0,0,2,3
112326,0,0,0,0,0,0,0
102185,1,1,0,0,1,0,0
9604282,2,2,0,0,0,2,11
101353,0,0,0,0,0,0,0
9611238,2,1,1,1,0,2,2
12361,1,1,0,0,0,1,1
9801325,1,1,0,0,0,1,5
107208,1,1,0,0,0,1,1
203185,0,0,0,0,0,0,0
9810349,5,2,3,5,0,5,9
207288,2,2,0,0,0,2,20
111162,1,1,0,0,0,1,2
9412296,0,0,0,0,0,0,0
205074,0,0,0,0,0,0,0
210403,0,0,0,0,0,0,0
112178,2,2,0,0,0,2,3
9901330,1,1,0,0,0,1,10
9802213,2,2,0,0,1,1,2
9706322,0,0,0,0,0,0,0
9608264,0,0,0,0,0,0,0
210333,0,0,0,0,0,0,0
204148,0,0,0,0,0,0,0
204163,2,1,1,1,0,2,2
7078,0,0,0,0,0,0,0
111389,1,1,0,0,0,1,13
9902402,2,2,0,0,2,0,0
12148,1,1,0,0,0,1,3
9702391,0,0,0,0,0,0,0
9709206,0,0,0,0,0,0,0
9612386,0,0,0,0,0,0,0
101308,3,2,1,1,0,3,9
11123,0,0,0,0,0,0,0
9404345,3,2,1,1,3,0,0
101065,2,1,1,1,2,0,0
7253,2,2,0,0,0,2,9
207182,3,2,1,1,0,3,5
101078,2,2,0,0,0,2,3
9707384,7,2,5,12,7,0,0
9611329,2,2,0,0,0,2,6
104043,0,0,0,0,0,0,0
1050,1,1,0,0,0,1,6
12293,0,0,0,0,0,0,0
6199,0,0,0,0,0,0,0
301262,1,1,0,0,0,1,10
9508261,0,0,0,0,0,0,0
205262,1,1,0,0,0,1,9
9910458,6,3,3,4,0,6,7
4093,2,1,1,1,1,1,4
211029,0,0,0,0,0,0,0
9506238,2,1,1,1,2,0,0
103107,2,2,0,0,2,0,0
9506295,2,1,1,1,2,0,0
9503369,1,1,0,0,0,1,1
9810330,1,1,0,0,1,0,0
205115,0,0,0,0,0,0,0
112214,2,1,1,1,0,2,9
2295,3,3,0,0,0,3,20
103301,0,0,0,0,0,0,0
9310225,1,1,0,0,1,0,0
9907349,1,1,0,0,0,1,8
301092,2,1,1,1,0,2,34
207103,0,0,0,0,0,0,0
9808397,1,1,0,0,1,0,0
101333,4,1,3,4,0,4,31
10346,0,0,0,0,0,0,0
9808390,1,1,0,0,0,1,2
302059,0,0,0,0,0,0,0
9506315,1,1,0,0,1,0,0
204294,0,0,0,0,0,0,0
9606336,2,1,1,1,1,1,2
9610511,0,0,0,0,0,0,0
9909441,1,1,0,0,0,1,3
103254,1,1,0,0,1,0,0
9904202,2,1,1,1,2,0,0
204109,2,2,0,0,0,2,6
206251,0,0,0,0,0,0,0
9811422,1,1,0,0,1,0,0
112207,4,1,3,5,0,4,6
106151,0,0,0,0,0,0,0
9608453,2,1,1,1,0,2,6
9811502,0,0,0,0,0,0,0
1055,0,0,0,0,0,0,0
9912471,1,1,0,0,0,1,7
201141,0,0,0,0,0,0,0
9410289,1,1,0,0,1,0,0
9503243,1,1,0,0,1,0,0
2083,0,0,0,0,0,0,0
9709426,0,0,0,0,0,0,0
203217,0,0,0,0,0,0,0
109048,2,2,0,0,0,2,17
301028,1,1,0,0,0,1,3
9702316,3,1,2,3,0,3,12
9806449,0,0,0,0,0,0,0
9801343,0,0,0,0,0,0,0
9607229,1,1,0,0,0,1,2
9906405,0,0,0,0,0,0,0
111346,1,1,0,0,0,1,3
9901253,0,0,0,0,0,0,0
2179,1,1,0,0,1,0,0
9905284,0,0,0,0,0,0,0
202219,1,1,0,0,0,1,9
9801249,1,1,0,0,1,0,0
9609405,1,1,0,0,0,1,2
105099,0,0,0,0,0,0,0
208029,0,0,0,0,0,0,0
2136,2,2,0,0,1,1,4
7310,3,2,1,1,0,3,18
9409241,1,1,0,0,0,1,3
9802417,0,0,0,0,0,0,0
9611262,1,1,0,0,1,0,0
9706211,0,0,0,0,0,0,0
201078,0,0,0,0,0,0,0
9610538,2,2,0,0,2,0,0
9812362,0,0,0,0,0,0,0
209077,4,4,0,0,0,4,29
206040,1,1,0,0,0,1,1
9509253,0,0,0,0,0,0,0
7024,2,2,0,0,2,0,0
105133,0,0,0,0,0,0,0
301199,0,0,0,0,0,0,0
202051,0,0,0,0,0,0,0
112067,1,1,0,0,0,1,7
9412274,2,1,1,1,2,0,0
9906543,2,2,0,0,0,2,10
9409257,1,1,0,0,1,0,0
107140,1,1,0,0,0,1,4
110305,0,0,0,0,0,0,0
9404246,2,2,0,0,2,0,0
9802255,0,0,0,0,0,0,0
9310342,1,1,0,0,1,0,0
9905422,0,0,0,0,0,0,0
111163,0,0,0,0,0,0,0
202250,3,1,2,3,0,3,19
204309,0,0,0,0,0,0,0
105095,0,0,0,0,0,0,0
9807536,0,0,0,0,0,0,0
9706342,0,0,0,0,0,0,0
205128,1,1,0,0,0,1,6
9810373,2,2,0,0,2,0,0
210330,2,1,1,1,0,2,7
9810251,2,2,0,0,2,0,0
9910353,0,0,0,0,0,0,0
211149,0,0,0,0,0,0,0
9309280,1,1,0,0,1,0,0
4030,0,0,0,0,0,0,0
110207,3,2,1,2,3,0,0
110408,0,0,0,0,0,0,0
104015,0,0,0,0,0,0,0
9902374,1,1,0,0,0,1,3
111353,2,1,1,1,0,2,4
210239,1,1,0,0,1,0,0
9812462,0,0,0,0,0,0,0
210368,0,0,0,0,0,0,0
9805408,0,0,0,0,0,0,0
9809519,0,0,0,0,0,0,0
206111,0,0,0,0,0,0,0
9711515,1,1,0,0,1,0,0
9307349,2,1,1,1,2,0,0
204024,0,0,0,0,0,0,0
9912328,0,0,0,0,0,0,0
205209,0,0,0,0,0,0,0
9303261,2,2,0,0,2,0,0
104187,0,0,0,0,0,0,0
207289,0,0,0,0,0,0,0
203250,0,0,0,0,0,0,0
8026,1,1,0,0,1,0,0
112265,1,1,0,0,0,1,1
210343,0,0,0,0,0,0,0
9701267,0,0,0,0,0,0,0
9912310,4,1,3,3,1,3,5
9508313,1,1,0,0,1,0,0
9602367,0,0,0,0,0,0,0
210187,0,0,0,0,0,0,0
9910439,0,0,0,0,0,0,0
9411297,1,1,0,0,1,0,0
205265,0,0,0,0,0,0,0
209251,0,0,0,0,0,0,0
9609228,1,1,0,0,0,1,1
9903461,0,0,0,0,0,0,0
102232,0,0,0,0,0,0,0
9228,0,0,0,0,0,0,0
9412378,1,1,0,0,1,0,0
10300,0,0,0,0,0,0,0
101156,1,1,0,0,1,0,0
9508256,0,0,0,0,0,0,0
9302319,0,0,0,0,0,0,0
110397,0,0,0,0,0,0,0
109164,0,0,0,0,0,0,0
9510395,0,0,0,0,0,0,0
212045,0,0,0,0,0,0,0
209197,0,0,0,0,0,0,0
9507317,0,0,0,0,0,0,0
9701258,0,0,0,0,0,0,0
301078,1,1,0,0,0,1,2
9508331,0,0,0,0,0,0,0
211397,0,0,0,0,0,0,0
207074,0,0,0,0,0,0,0
208140,0,0,0,0,0,0,0
203152,0,0,0,0,0,0,0
9402263,1,1,0,0,1,0,0
9906309,0,0,0,0,0,0,0
201138,1,1,0,0,0,1,1
9912432,0,0,0,0,0,0,0
8015,0,0,0,0,0,0,0
9504317,0,0,0,0,0,0,0
9904482,0,0,0,0,0,0,0
6294,0,0,0,0,0,0,0
302088,0,0,0,0,0,0,0
9612414,0,0,0,0,0,0,0
212276,0,0,0,0,0,0,0
111201,0,0,0,0,0,0,0
107143,2,2,0,0,0,2,12
211022,0,0,0,0,0,0,0
9208261,1,1,0,0,1,0,0
301228,0,0,0,0,0,0,0
203241,0,0,0,0,0,0,0
204125,1,1,0,0,0,1,1
9903545,0,0,0,0,0,0,0
7057,0,0,0,0,0,0,0
9702329,0,0,0,0,0,0,0
9605338,0,0,0,0,0,0,0
106048,0,0,0,0,0,0,0
203098,0,0,0,0,0,0,0
7013,0,0,0,0,0,0,0
9510278,0,0,0,0,0,0,0
2153,0,0,0,0,0,0,0
3002,0,0,0,0,0,0,0
9804350,0,0,0,0,0,0,0
202130,0,0,0,0,0,0,0
9225,0,0,0,0,0,0,0
110074,0,0,0,0,0,0,0
7150,0,0,0,0,0,0,0
302141,0,0,0,0,0,0,0
211099,0,0,0,0,0,0,0
9901371,0,0,0,0,0,0,0
209323,1,1,0,0,0,1,4
301039,0,0,0,0,0,0,0
206278,0,0,0,0,0,0,0
3108,1,1,0,0,0,1,3
108251,1,1,0,0,0,1,2
211372,0,0,0,0,0,0,0
112097,0,0,0,0,0,0,0
201163,0,0,0,0,0,0,0
302020,0,0,0,0,0,0,0
9802212,0,0,0,0,0,0,0
9512331,0,0,0,0,0,0,0
8137,0,0,0,0,0,0,0
211107,0,0,0,0,0,0,0
9411385,0,0,0,0,0,0,0
111400,0,0,0,0,0,0,0
204013,1,1,0,0,0,1,2
108007,0,0,0,0,0,0,0
6282,0,0,0,0,0,0,0
202060,0,0,0,0,0,0,0
9611413,0,0,0,0,0,0,0
9608268,0,0,0,0,0,0,0
9807521,0,0,0,0,0,0,0
10064,0,0,0,0,0,0,0
9611404,0,0,0,0,0,0,0
9604325,0,0,0,0,0,0,0
101339,0,0,0,0,0,0,0
9806414,0,0,0,0,0,0,0
203207,0,0,0,0,0,0,0
212320,1,1,0,0,0,1,1
9603403,0,0,0,0,0,0,0
9609526,0,0,0,0,0,0,0
9902438,0,0,0,0,0,0,0
9910482,0,0,0,0,0,0,0
9709471,0,0,0,0,0,0,0
9910288,0,0,0,0,0,0,0
9411420,0,0,0,0,0,0,0
9608408,0,0,0,0,0,0,0
9310357,0,0,0,0,0,0,0
104128,0,0,0,0,0,0,0
9501203,0,0,0,0,0,0,0
10138,0,0,0,0,0,0,0
301246,0,0,0,0,0,0,0
9410380,0,0,0,0,0,0,0
3250,1,1,0,0,1,0,0
101315,0,0,0,0,0,0,0
110406,0,0,0,0,0,0,0
106215,1,1,0,0,1,0,0
301220,0,0,0,0,0,0,0
9706517,0,0,0,0,0,0,0
209213,0,0,0,0,0,0,0
9310249,0,0,0,0,0,0,0
209317,0,0,0,0,0,0,0
301215,0,0,0,0,0,0,0
207017,0,0,0,0,0,0,0
9907364,0,0,0,0,0,0,0
9308207,0,0,0,0,0,0,0
205174,1,1,0,0,0,1,2
9408385,0,0,0,0,0,0,0
9809201,0,0,0,0,0,0,0
9312310,0,0,0,0,0,0,0
9805399,0,0,0,0,0,0,0
301157,0,0,0,0,0,0,0
9905345,0,0,0,0,0,0,0
9904264,0,0,0,0,0,0,0
10336,0,0,0,0,0,0,0
9609483,0,0,0,0,0,0,0
110039,0,0,0,0,0,0,0
9801313,0,0,0,0,0,0,0
9611309,0,0,0,0,0,0,0
209182,0,0,0,0,0,0,0
302029,0,0,0,0,0,0,0
211250,0,0,0,0,0,0,0
208049,0,0,0,0,0,0,0
9611297,17,3,14,25,3,14,24
9901418,2,1,1,1,0,2,3
8273,29,5,24,115,0,29,217
9809311,106,2,104,702,0,106,749
9709288,41,3,38,192,5,36,120
9908395,24,3,21,86,3,21,224
9502335,40,5,35,188,9,31,65
9604312,6,3,3,4,0,6,16
9611316,15,7,8,17,0,15,87
9811350,225,6,219,2470,1,224,1145
9405322,20,6,14,35,20,0,0
9611367,28,4,24,108,2,26,84
9805372,2,1,1,1,0,2,6
201219,14,6,8,15,0,14,144
9205204,4,3,1,2,4,0,0
9601217,3,2,1,1,0,3,6
9812377,13,4,9,23,0,13,78
9506386,7,2,5,7,2,5,5
9907238,25,5,20,58,7,18,82
107081,28,6,22,87,8,20,39
9301271,10,5,5,10,10,0,0
9403373,4,1,3,4,4,0,0
9406363,60,5,55,213,30,30,30
9608329,12,5,7,7,5,7,24
9602364,8,4,4,6,0,8,23
9311326,33,6,27,84,33,0,0
9409372,32,7,25,79,11,21,42
9705208,60,2,58,454,3,57,170
9906525,33,1,32,154,3,30,134
9909254,56,2,54,377,1,55,268
9808205,107,11,96,527,25,82,377
9807310,87,6,81,600,70,17,17
9903334,13,4,9,16,0,13,69
9803309,23,7,16,50,3,20,50
9903408,25,9,16,48,0,25,50
9807517,21,3,18,72,0,21,127
9811282,20,1,19,71,7,13,21
9704253,27,6,21,66,5,22,45
9205230,27,10,17,37,27,0,0
9612259,5,5,0,0,4,1,2
9811427,26,3,23,104,6,20,38
9508276,28,9,19,50,11,17,17
9405256,20,7,13,33,3,17,40
9704366,4,1,3,3,0,4,22
9305268,1,1,0,0,1,0,0
9205229,11,3,8,18,11,0,0
9210235,149,32,117,613,134,15,15
9203220,39,5,34,127,39,0,0
9711517,12,1,11,23,0,12,46
9703276,120,3,117,1288,29,91,241
9707214,17,4,13,27,1,16,25
105213,7,6,1,1,0,7,21
9701231,47,4,43,215,3,44,183
12212,10,6,4,5,0,10,80
7319,15,4,11,24,0,15,210
9907341,26,3,23,153,26,0,0
101098,11,4,7,11,2,9,38
9608224,69,4,65,442,1,68,534
9704206,21,5,16,37,1,20,74
9605259,51,10,41,164,14,37,123
9411399,10,3,7,14,0,10,19
9503299,6,1,5,9,6,0,0
107074,12,7,5,9,0,12,145
9710550,37,3,34,109,11,26,97
9808385,42,9,33,121,6,36,105
9605441,32,5,27,102,1,31,44
9602281,85,4,81,529,3,82,359
102295,3,1,2,3,0,3,23
9704410,11,1,10,26,11,0,0
9607297,16,3,13,25,2,14,15
9706207,21,5,16,42,0,21,110
9905528,4,2,2,3,0,4,14
9408370,32,6,26,92,32,0,0
9810240,5,3,2,2,1,4,42
9507426,14,4,10,16,2,12,27
9303251,60,13,47,259,18,42,87
9406419,3,2,1,1,3,0,0
9709283,7,5,2,3,0,7,13
9503494,9,2,7,15,8,1,1
9708342,12,2,10,25,0,12,98
9311303,8,4,4,9,8,0,0
9712222,72,5,67,600,13,59,146
9403276,33,6,27,111,18,15,15
9409362,13,3,10,54,0,13,13
9710500,5,3,2,2,0,5,17
9409291,8,5,3,4,8,0,0
9807489,4,1,3,4,0,4,37
9710375,6,6,0,0,1,5,13
9312228,13,6,7,18,13,0,0
9711319,9,5,4,9,0,9,36
9703291,18,4,14,42,0,18,66
9602262,42,4,38,146,0,42,277
9907363,5,3,2,3,1,4,29
9410297,5,3,2,2,1,4,4
9507437,24,3,21,74,0,24,126
9412247,2,1,1,1,0,2,6
9410240,43,4,39,164,31,12,12
12303,3,2,1,1,0,3,6
9507380,79,3,76,422,13,66,208
9605213,28,4,24,70,10,18,29
9508280,34,4,30,87,6,28,58
9907439,2,2,0,0,0,2,5
9701393,34,2,32,152,3,31,110
9708219,21,4,17,70,0,21,96
9806391,5,3,2,3,0,5,16
9906287,23,1,22,107,0,23,95
9708313,4,2,2,3,0,4,30
9208249,22,4,18,51,22,0,0
9907387,9,2,7,12,1,8,15
9411431,29,5,24,70,7,22,31
9706480,4,2,2,2,0,4,13
103092,5,2,3,4,0,5,25
2277,18,4,14,84,0,18,195
9212205,3,1,2,3,3,0,0
9910347,22,4,18,65,0,22,483
7034,11,5,6,14,0,11,90
212228,5,1,4,5,0,5,20
9904383,13,4,9,14,2,11,19
9211302,21,6,15,33,10,11,12
9412322,44,11,33,116,16,28,32
9602279,5,3,2,3,3,2,4
9810535,40,4,36,151,0,40,242
9411413,9,4,5,6,1,8,17
9607298,19,4,15,54,0,19,61
9802358,27,5,22,56,1,26,93
9411277,9,5,4,6,9,0,0
9310211,18,4,14,46,18,0,0
9712400,30,5,25,100,18,12,22
9311372,49,9,40,251,43,6,11
9810289,14,7,7,19,2,12,82
9612437,52,2,50,408,5,47,185
9802440,104,10,94,811,4,100,452
9904382,30,5,25,87,0,30,369
9510252,34,10,24,52,0,34,100
9703337,76,6,70,466,5,71,400
9410345,49,8,41,193,49,0,0
9807544,4,2,2,5,0,4,25
9410214,8,3,5,11,1,7,11
9709386,14,3,11,26,0,14,101
103199,67,9,58,269,2,65,306
9603253,12,2,10,41,4,8,14
9309330,7,2,5,8,7,0,0
9708304,3,3,0,0,0,3,10
9311228,32,14,18,47,0,32,121
3220,24,3,21,59,0,24,131
9712231,15,7,8,25,6,9,10
9503307,15,4,11,36,0,15,88
204192,8,4,4,5,0,8,131
11313,5,1,4,5,0,5,44
9908531,29,1,28,173,2,27,127
1019,51,5,46,300,2,49,266
103034,18,2,16,63,1,17,130
9403239,9,1,8,18,5,4,4
9910553,40,6,34,160,0,40,604
9703260,5,2,3,3,0,5,16
104166,14,3,11,39,0,14,55
6026,6,2,4,4,0,6,28
9707512,3,1,2,3,0,3,4
7108,51,4,47,258,0,51,469
9705257,9,3,6,8,1,8,23
9801229,21,6,15,53,8,13,20
9306319,19,6,13,41,6,13,19
9811253,76,14,62,238,0,76,511
8283,12,3,9,24,3,9,26
6278,32,5,27,114,0,32,315
9909389,6,2,4,5,2,4,40
9904432,8,2,6,11,0,8,140
105088,11,5,6,14,2,9,11
11270,14,5,9,15,0,14,145
211141,4,4,0,0,1,3,18
207004,24,4,20,48,0,24,147
9810215,13,5,8,14,0,13,99
109287,43,5,38,320,0,43,391
103043,7,1,6,10,0,7,27
9911252,64,12,52,226,2,62,507
9702320,4,2,2,3,1,3,26
9603443,3,3,0,0,1,2,3
110126,27,8,19,42,1,26,144
102216,12,6,6,12,3,9,28
9211215,3,1,2,3,3,0,0
9807246,10,2,8,14,1,9,75
3187,18,4,14,47,0,18,157
6217,3,1,2,2,0,3,19
9904248,40,13,27,81,3,37,206
9910494,5,4,1,1,3,2,8
9407328,10,6,4,6,0,10,43
5313,7,4,3,4,2,5,14
205134,8,2,6,10,0,8,23
9602322,16,1,15,50,0,16,56
9211286,20,9,11,29,17,3,3
9303264,13,5,8,16,13,0,0
9908337,28,6,22,86,0,28,205
9807448,22,7,15,59,0,22,155
9602374,82,17,65,268,0,82,760
9511433,29,3,26,88,0,29,161
9609298,8,5,3,4,1,7,31
9701242,9,4,5,6,0,9,20
9506282,4,3,1,3,0,4,22
9307266,58,15,43,127,39,19,21
9509420,2,1,1,1,2,0,0
7336,15,2,13,27,1,14,89
9706253,16,4,12,29,5,11,69
9608449,7,4,3,5,0,7,36
9809377,7,5,2,2,0,7,44
9512233,1,1,0,0,1,0,0
9803438,7,4,3,8,0,7,26
9804288,23,5,18,36,16,7,7
9809443,26,7,19,51,1,25,119
108084,14,4,10,20,0,14,176
9605424,5,1,4,9,0,5,11
9608472,15,3,12,40,9,6,6
9507365,10,3,7,13,10,0,0
9503226,8,4,4,6,2,6,7
9705413,22,9,13,25,21,1,1
9512406,167,34,133,774,79,88,184
9808262,16,4,12,33,2,14,59
9507271,61,10,51,181,44,17,31
9507354,26,7,19,48,11,15,44
9806345,13,5,8,14,4,9,37
9502285,18,3,15,66,2,16,34
9906256,10,2,8,15,0,10,26
9906438,1,1,0,0,1,0,0
9911276,10,4,6,16,0,10,73
9707365,17,7,10,17,1,16,116
9203225,30,7,23,77,30,0,0
9605265,4,2,2,2,4,0,0
9508285,4,3,1,1,1,3,4
9707262,6,2,4,6,1,5,10
9707305,9,3,6,12,0,9,44
9408328,8,2,6,9,7,1,1
9509249,26,3,23,78,26,0,0
9609368,7,4,3,4,0,7,65
9709286,17,2,15,63,0,17,281
9405365,9,1,8,20,1,8,13
9605288,62,8,54,206,11,51,145
9506454,24,10,14,33,4,20,29
9504364,24,15,9,17,1,23,86
9902340,6,3,3,3,6,0,0
9911481,17,5,12,20,0,17,166
4049,26,6,20,95,1,25,126
9912295,20,5,15,33,1,19,111
9704326,3,2,1,1,0,3,11
9403378,23,1,22,100,2,21,21
9605385,28,8,20,86,1,27,151
9409380,23,5,18,76,23,0,0
9909561,12,5,7,8,2,10,31
104240,1,1,0,0,0,1,1
9906272,2,2,0,0,1,1,3
9804465,3,2,1,1,1,2,3
9712451,10,3,7,14,3,7,15
7213,12,4,8,13,0,12,50
11356,3,3,0,0,0,3,16
108159,6,5,1,2,2,4,13
11227,4,1,3,3,0,4,9
9206232,4,2,2,2,4,0,0
9407296,29,11,18,71,5,24,79
9410369,1,1,0,0,1,0,0
9812380,2,1,1,1,0,2,10
9810534,9,3,6,9,0,9,38
9904440,14,1,13,32,10,4,4
9409399,0,0,0,0,0,0,0
9601325,6,3,3,6,0,6,31
9909345,2,1,1,1,0,2,3
9610485,6,3,3,8,0,6,24
101194,7,4,3,6,0,7,24
9401324,9,4,5,7,2,7,11
11105,4,1,3,4,0,4,4
9506419,3,3,0,0,0,3,24
6196,5,4,1,1,2,3,7
9404321,14,6,8,29,3,11,11
2130,6,3,3,6,0,6,9
9801251,14,5,9,15,0,14,109
202061,1,1,0,0,0,1,1
109077,9,5,4,5,0,9,54
9911454,6,3,3,3,1,5,28
9507322,2,1,1,1,0,2,8
9808484,7,2,5,6,2,5,7
104037,4,1,3,5,0,4,9
9511426,5,3,2,2,0,5,16
9412287,2,2,0,0,1,1,2
9702214,5,3,2,3,3,2,7
9908252,14,2,12,32,0,14,43
9907514,11,1,10,27,0,11,60
9401342,6,3,3,3,6,0,0
9304238,2,1,1,1,2,0,0
9609521,3,1,2,2,0,3,8
9810402,6,2,4,6,2,4,4
109117,12,3,9,20,1,11,145
105222,7,2,5,8,1,6,11
9611389,5,4,1,2,0,5,17
9801324,31,3,28,141,11,20,24
9912481,2,1,1,1,1,1,1
9311378,1,1,0,0,0,1,2
204145,5,2,3,3,0,5,41
5168,1,1,0,0,0,1,2
4085,34,4,30,125,0,34,265
9502407,2,2,0,0,2,0,0
9305247,14,7,7,15,14,0,0
2106,2,1,1,1,0,2,5
9903492,7,4,3,4,0,7,27
9909364,5,3,2,2,0,5,27
105159,11,3,8,27,0,11,73
9211269,1,1,0,0,1,0,0
12018,6,1,5,8,5,1,1
9911300,1,1,0,0,0,1,1
9703343,14,5,9,28,1,13,44
11121,1,1,0,0,0,1,18
103286,7,2,5,8,4,3,3
9909275,1,1,0,0,0,1,1
104242,12,4,8,18,0,12,199
9612438,6,4,2,2,0,6,15
9705217,0,0,0,0,0,0,0
103100,5,1,4,6,0,5,35
9610404,3,1,2,2,0,3,10
9405394,40,2,38,206,14,26,38
9704329,5,2,3,6,0,5,15
9406357,14,3,11,31,14,0,0
9908436,2,2,0,0,0,2,12
205032,7,4,3,5,0,7,37
9903276,10,2,8,13,0,10,65
9210244,12,4,8,23,12,0,0
9607389,43,4,39,203,10,33,90
9610244,15,2,13,31,1,14,48
9304232,15,2,13,35,15,0,0
9907420,9,1,8,17,0,9,38
9801379,11,3,8,14,0,11,55
204273,5,1,4,6,0,5,18
112007,2,2,0,0,0,2,7
9608477,18,6,12,28,1,17,29
205241,51,7,44,209,1,50,271
9604357,17,2,15,43,1,16,29
102323,44,6,38,264,0,44,227
7009,1,1,0,0,0,1,4
9902294,16,6,10,35,3,13,35
7334,7,2,5,20,0,7,97
203051,9,2,7,13,0,9,57
9402289,5,2,3,3,2,3,4
9705207,5,3,2,4,0,5,12
9409436,10,1,9,20,2,8,17
9801210,7,5,2,2,0,7,42
9901280,2,2,0,0,0,2,7
103113,8,3,5,7,0,8,27
105334,14,2,12,31,0,14,202
9810359,1,1,0,0,0,1,1
9510318,8,2,6,13,1,7,11
9610394,2,2,0,0,1,1,1
103290,4,3,1,1,0,4,10
9501312,7,5,2,2,0,7,26
11019,1,1,0,0,0,1,15
9506474,4,4,0,0,1,3,6
9812340,1,1,0,0,0,1,7
3249,1,1,0,0,0,1,5
9506382,11,1,10,21,0,11,25
203224,2,1,1,1,0,2,14
9310349,3,2,1,1,2,1,1
206201,2,2,0,0,1,1,1
9212227,5,2,3,4,2,3,3
9711454,4,2,2,2,1,3,15
9606372,3,1,2,3,3,0,0
104232,19,5,14,55,0,19,213
6009,6,1,5,11,0,6,24
9312307,2,2,0,0,0,2,3
9911511,5,2,3,6,0,5,40
9504352,3,2,1,1,3,0,0
11155,2,2,0,0,0,2,11
9904259,6,6,0,0,0,6,15
9803348,2,2,0,0,1,1,2
9705222,8,5,3,3,0,8,53
9811226,2,2,0,0,0,2,6
9808466,1,1,0,0,0,1,8
9501257,6,2,4,10,2,4,10
9810331,6,1,5,10,0,6,15
7061,3,1,2,3,0,3,21
9708461,5,3,2,3,0,5,20
4012,1,1,0,0,0,1,10
6241,5,1,4,8,0,5,12
9510243,4,2,2,3,0,4,7
9611308,3,1,2,2,0,3,11
9907286,4,2,2,2,0,4,4
9510421,5,3,2,2,1,4,13
105225,2,1,1,1,0,2,5
9712228,28,9,19,47,9,19,54
206124,4,2,2,3,0,4,13
9805434,4,2,2,3,0,4,11
9408326,25,7,18,72,8,17,17
111418,18,4,14,71,1,17,113
9604420,3,2,1,2,2,1,1
9806369,4,2,2,3,4,0,0
9412373,9,6,3,8,0,9,63
9608242,6,4,2,3,0,6,37
9705210,3,3,0,0,0,3,13
9601363,16,7,9,20,13,3,3
9701209,5,3,2,2,0,5,22
110367,1,1,0,0,0,1,2
9509225,8,2,6,10,2,6,6
1259,20,4,16,69,0,20,158
3144,4,3,1,1,0,4,15
9606477,26,4,22,95,9,17,38
7306,5,3,2,3,0,5,61
9310230,4,1,3,4,0,4,8
9510312,8,1,7,13,1,7,16
204229,15,3,12,30,0,15,94
9609384,24,6,18,66,14,10,12
9302233,9,6,3,5,2,7,7
9310270,4,2,2,2,4,0,0
9603315,1,1,0,0,0,1,1
9412218,1,1,0,0,1,0,0
9603301,4,2,2,3,0,4,21
102278,9,5,4,7,0,9,53
9411294,11,2,9,43,11,0,0
9810449,2,1,1,1,0,2,14
9705405,5,3,2,3,1,4,15
9604345,3,3,0,0,0,3,18
2152,5,2,3,5,3,2,3
9801328,3,1,2,2,0,3,13
103319,1,1,0,0,0,1,1
2004,13,4,9,23,0,13,101
9912212,8,3,5,7,0,8,65
206066,4,4,0,0,0,4,53
9605401,10,2,8,18,0,10,28
9606285,1,1,0,0,1,0,0
9505239,9,1,8,11,2,7,20
9710416,8,2,6,12,5,3,12
6103,6,3,3,4,1,5,22
9711249,4,2,2,4,2,2,4
4136,9,3,6,14,0,9,9
9710409,2,2,0,0,0,2,5
9805357,3,3,0,0,0,3,11
9609484,2,2,0,0,0,2,3
9512222,0,0,0,0,0,0,0
9707465,6,3,3,3,3,3,4
9809343,2,2,0,0,0,2,11
103002,5,2,3,5,0,5,37
9801399,11,2,9,14,1,10,50
9033,7,2,5,7,2,5,47
2231,0,0,0,0,0,0,0
108092,22,6,16,51,0,22,293
9612388,3,3,0,0,0,3,7
9802362,16,1,15,53,0,16,30
9704348,6,1,5,5,6,0,0
9811268,6,2,4,7,0,6,11
4005,1,1,0,0,0,1,6
112119,24,4,20,91,0,24,198
106088,7,4,3,8,1,6,44
9906267,6,3,3,5,0,6,12
3114,20,4,16,49,0,20,71
9506472,5,4,1,1,0,5,6
9905259,1,1,0,0,0,1,2
211074,5,3,2,4,0,5,32
202189,4,2,2,3,0,4,8
9408260,10,5,5,5,3,7,7
9506392,14,1,13,33,0,14,26
9211296,3,3,0,0,3,0,0
9509359,3,3,0,0,1,2,6
9702420,1,1,0,0,0,1,5
105326,3,2,1,1,0,3,25
208091,11,3,8,25,0,11,62
110254,3,2,1,1,1,2,3
103014,6,1,5,7,0,6,18
9308371,11,10,1,1,2,9,9
9912434,14,6,8,14,2,12,16
105226,1,1,0,0,1,0,0
4153,4,1,3,3,4,0,0
4206,7,2,5,7,0,7,50
9805204,1,1,0,0,0,1,4
209078,0,0,0,0,0,0,0
210173,4,1,3,3,0,4,60
9712275,0,0,0,0,0,0,0
10053,0,0,0,0,0,0,0
9411424,2,2,0,0,2,0,0
201308,12,3,9,22,0,12,94
105132,3,1,2,3,0,3,13
9306295,5,4,1,1,0,5,5
9611327,1,1,0,0,1,0,0
9708374,5,1,4,5,1,4,21
9503449,0,0,0,0,0,0,0
9312350,40,14,26,51,40,0,0
7351,2,2,0,0,0,2,31
111332,9,2,7,11,0,9,119
208078,1,1,0,0,0,1,6
10131,10,6,4,4,1,9,20
9802438,4,2,2,2,0,4,9
4217,10,5,5,6,0,10,40
9910435,7,2,5,11,0,7,23
203261,3,3,0,0,1,2,9
9909268,3,3,0,0,0,3,13
205248,2,2,0,0,0,2,44
102303,11,4,7,13,1,10,59
9507309,3,3,0,0,3,0,0
1062,11,6,5,8,0,11,103
9610270,6,1,5,11,5,1,2
9606261,11,6,5,10,1,10,39
9604281,8,2,6,8,1,7,15
1307,15,4,11,31,1,14,63
9512326,8,2,6,17,0,8,20
105327,1,1,0,0,0,1,8
9811312,2,2,0,0,0,2,14
110157,1,1,0,0,0,1,8
9806439,1,1,0,0,1,0,0
9310245,17,5,12,19,3,14,14
9910346,3,1,2,2,0,3,75
9905555,2,1,1,1,0,2,13
9703422,13,7,6,9,0,13,73
9304319,15,6,9,31,15,0,0
9705249,5,3,2,3,1,4,6
9404327,12,3,9,30,8,4,4
110081,5,3,2,6,3,2,12
9809413,4,2,2,2,0,4,39
9909371,2,2,0,0,1,1,5
10137,3,3,0,0,0,3,10
9503286,1,1,0,0,0,1,1
9806384,4,2,2,3,3,1,1
9609482,7,4,3,3,0,7,20
202102,3,2,1,1,0,3,9
9405311,5,3,2,5,5,0,0
207053,8,3,5,11,0,8,80
9908356,4,2,2,2,0,4,5
205165,6,5,1,1,0,6,42
9601301,2,2,0,0,0,2,7
110104,3,3,0,0,0,3,14
1143,4,2,2,3,0,4,10
9211,4,3,1,1,0,4,20
201087,4,3,1,1,0,4,14
9611430,3,1,2,3,0,3,5
9909313,0,0,0,0,0,0,0
9506433,6,3,3,4,3,3,3
9308256,2,1,1,1,0,2,2
9510455,2,2,0,0,1,1,2
9603338,3,3,0,0,0,3,11
112106,1,1,0,0,0,1,8
111021,0,0,0,0,0,0,0
9803321,1,1,0,0,0,1,4
110219,1,1,0,0,0,1,4
106267,8,2,6,11,0,8,120
9904363,8,2,6,12,0,8,41
9804383,2,2,0,0,0,2,8
9705374,4,2,2,3,2,2,2
9806314,2,1,1,1,1,1,1
111051,0,0,0,0,0,0,0
9801366,7,6,1,1,0,7,25
9712406,3,3,0,0,0,3,21
9707353,1,1,0,0,0,1,1
6326,3,1,2,2,0,3,22
111109,2,1,1,1,0,2,21
9903396,9,2,7,16,1,8,35
204080,9,4,5,13,0,9,130
9711463,4,2,2,2,4,0,0
9906231,1,1,0,0,0,1,3
9704390,4,2,2,2,2,2,6
8183,0,0,0,0,0,0,0
9409435,1,1,0,0,1,0,0
9909444,3,2,1,1,0,3,19
9024,0,0,0,0,0,0,0
9408317,12,6,6,15,12,0,0
202276,2,2,0,0,0,2,6
208109,0,0,0,0,0,0,0
9609280,1,1,0,0,0,1,6
9711425,6,3,3,3,0,6,18
1214,10,5,5,6,0,10,37
2290,5,1,4,6,0,5,5
9710456,4,1,3,5,0,4,4
9208217,5,5,0,0,5,0,0
211105,0,0,0,0,0,0,0
9711410,4,3,1,1,0,4,16
9807399,7,1,6,8,1,6,6
9602360,3,3,0,0,3,0,0
112340,2,1,1,1,1,1,1
9908376,7,3,4,9,0,7,31
9207261,1,1,0,0,1,0,0
8227,3,1,2,3,2,1,1
302268,0,0,0,0,0,0,0
9610262,11,1,10,30,1,10,24
9910394,1,1,0,0,0,1,3
205220,5,5,0,0,2,3,8
101207,2,2,0,0,0,2,4
6355,1,1,0,0,0,1,1
9902322,4,2,2,2,0,4,35
9710273,0,0,0,0,0,0,0
202223,3,1,2,3,0,3,10
9402292,1,1,0,0,1,0,0
9304283,11,3,8,22,11,0,0
9601225,1,1,0,0,0,1,1
9506254,5,4,1,1,5,0,0
204331,0,0,0,0,0,0,0
9712309,7,3,4,7,5,2,5
111113,2,1,1,1,0,2,10
207300,6,4,2,5,0,6,56
203103,1,1,0,0,0,1,3
201303,8,3,5,8,0,8,33
9606451,3,1,2,2,0,3,6
301240,0,0,0,0,0,0,0
206011,1,1,0,0,0,1,19
6227,2,2,0,0,1,1,3
9607452,11,1,10,20,0,11,30
205191,1,1,0,0,0,1,6
9511400,1,1,0,0,1,0,0
9801230,5,2,3,4,0,5,43
9807356,0,0,0,0,0,0,0
106148,2,2,0,0,0,2,13
9802419,15,7,8,21,0,15,129
206036,1,1,0,0,0,1,4
112127,3,2,1,1,0,3,29
9908306,2,2,0,0,0,2,12
9708415,1,1,0,0,0,1,10
9511308,1,1,0,0,1,0,0
108267,1,1,0,0,0,1,4
9908244,5,3,2,4,0,5,19
9324,5,2,3,6,0,5,121
9901454,1,1,0,0,0,1,4
10250,1,1,0,0,0,1,3
9808313,3,1,2,3,0,3,30
206112,1,1,0,0,1,0,0
9312298,1,1,0,0,1,0,0
111331,1,1,0,0,1,0,0
12288,1,1,0,0,1,0,0
9604255,6,2,4,9,0,6,9
9610385,2,2,0,0,0,2,15
109109,1,1,0,0,0,1,5
207025,2,2,0,0,1,1,2
3077,3,2,1,1,0,3,3
9506341,1,1,0,0,1,0,0
9812451,1,1,0,0,0,1,5
9803275,1,1,0,0,0,1,1
209223,1,1,0,0,1,0,0
11074,11,4,7,18,1,10,90
9506397,2,1,1,1,0,2,2
9604323,1,1,0,0,1,0,0
9607316,0,0,0,0,0,0,0
209210,3,2,1,1,0,3,27
9707310,1,1,0,0,0,1,4
9507330,5,3,2,2,5,0,0
9902247,0,0,0,0,0,0,0
9412232,1,1,0,0,0,1,1
9801245,5,3,2,3,1,4,7
9912322,3,3,0,0,3,0,0
101006,2,2,0,0,0,2,4
7075,4,3,1,1,3,1,2
9212309,2,2,0,0,2,0,0
9503483,2,2,0,0,0,2,8
206125,0,0,0,0,0,0,0
9904450,5,2,3,3,0,5,21
9701251,5,2,3,4,2,3,4
9712331,2,2,0,0,0,2,2
9506267,2,2,0,0,2,0,0
9402293,7,3,4,5,7,0,0
9910234,0,0,0,0,0,0,0
9712298,2,2,0,0,0,2,15
9903372,5,3,2,4,0,5,34
9509416,7,2,5,12,1,6,8
9903323,1,1,0,0,0,1,1
9511264,2,2,0,0,0,2,3
104039,3,3,0,0,0,3,18
9912234,6,3,3,4,0,6,28
9806431,5,4,1,1,0,5,14
9905355,3,1,2,2,0,3,21
8146,1,1,0,0,0,1,2
9803486,7,7,0,0,7,0,0
205048,6,3,3,5,1,5,11
9707508,0,0,0,0,0,0,0
207040,0,0,0,0,0,0,0
9212316,2,2,0,0,2,0,0
9412284,0,0,0,0,0,0,0
9808263,5,1,4,7,0,5,22
9703282,0,0,0,0,0,0,0
9906499,2,2,0,0,0,2,6
9206248,1,1,0,0,1,0,0
9603263,6,2,4,5,0,6,48
106090,3,2,1,1,0,3,22
212242,1,1,0,0,0,1,4
9810233,4,3,1,1,3,1,2
301167,2,1,1,1,0,2,30
9712316,2,2,0,0,2,0,0
9902336,9,6,3,4,9,0,0
9903374,4,1,3,4,0,4,18
105077,3,2,1,1,0,3,97
206151,2,2,0,0,0,2,2
209233,5,4,1,1,0,5,56
9408389,4,3,1,2,0,4,4
212240,1,1,0,0,0,1,9
201294,6,3,3,5,0,6,35
12242,1,1,0,0,0,1,5
9711356,2,2,0,0,0,2,6
9605331,1,1,0,0,1,0,0
9211263,1,1,0,0,1,0,0
9901380,1,1,0,0,1,0,0
104070,0,0,0,0,0,0,0
9503462,6,2,4,9,6,0,0
9612234,0,0,0,0,0,0,0
9811373,4,2,2,2,0,4,29
9806295,0,0,0,0,0,0,0
212203,1,1,0,0,0,1,1
9409456,4,4,0,0,0,4,8
201266,1,1,0,0,0,1,4
12307,1,1,0,0,0,1,1
9512350,0,0,0,0,0,0,0
9907560,1,1,0,0,0,1,3
1114,0,0,0,0,0,0,0
108142,1,1,0,0,0,1,2
302116,0,0,0,0,0,0,0
205149,2,2,0,0,1,1,3
9906211,8,4,4,6,1,7,14
9901343,1,1,0,0,0,1,6
11272,3,2,1,1,2,1,17
9410219,3,1,2,2,3,0,0
9804308,0,0,0,0,0,0,0
301230,0,0,0,0,0,0,0
9609288,0,0,0,0,0,0,0
9911227,4,3,1,1,3,1,2
6121,2,1,1,1,0,2,5
9510423,1,1,0,0,1,0,0
9809580,0,0,0,0,0,0,0
9709414,0,0,0,0,0,0,0
9803338,2,2,0,0,0,2,8
211054,1,1,0,0,1,0,0
9605466,0,0,0,0,0,0,0
101148,1,1,0,0,0,1,2
9503336,1,1,0,0,1,0,0
9412252,1,1,0,0,0,1,1
9309306,2,2,0,0,1,1,1
9909401,4,1,3,5,0,4,23
1292,2,2,0,0,0,2,12
9907315,1,1,0,0,0,1,2
210199,0,0,0,0,0,0,0
7285,1,1,0,0,0,1,1
206230,2,2,0,0,1,1,2
9902307,0,0,0,0,0,0,0
9603429,3,2,1,1,0,3,4
9409373,0,0,0,0,0,0,0
9603277,4,4,0,0,1,3,3
8179,0,0,0,0,0,0,0
210073,1,1,0,0,0,1,8
9910228,0,0,0,0,0,0,0
9411226,5,4,1,2,5,0,0
9911539,1,1,0,0,0,1,2
302173,0,0,0,0,0,0,0
9804243,2,2,0,0,0,2,2
9811436,1,1,0,0,0,1,6
206062,0,0,0,0,0,0,0
111370,0,0,0,0,0,0,0
9911387,1,1,0,0,0,1,4
210172,0,0,0,0,0,0,0
9905232,0,0,0,0,0,0,0
111154,1,1,0,0,0,1,3
106114,1,1,0,0,0,1,5
9701331,1,1,0,0,1,0,0
9710430,0,0,0,0,0,0,0
201049,0,0,0,0,0,0,0
9503420,6,3,3,4,6,0,0
9407379,1,1,0,0,1,0,0
7325,6,1,5,10,0,6,35
3304,5,2,3,3,0,5,5
9508360,2,2,0,0,2,0,0
101147,0,0,0,0,0,0,0
301089,0,0,0,0,0,0,0
9504416,0,0,0,0,0,0,0
9910410,2,1,1,1,0,2,26
210316,1,1,0,0,0,1,5
203073,1,1,0,0,0,1,2
9503329,2,1,1,1,0,2,6
212104,0,0,0,0,0,0,0
204140,2,1,1,1,0,2,30
101328,0,0,0,0,0,0,0
9906439,3,1,2,2,0,3,8
106064,0,0,0,0,0,0,0
211103,1,1,0,0,0,1,24
302234,1,1,0,0,0,1,1
9603293,1,1,0,0,1,0,0
106285,0,0,0,0,0,0,0
302091,0,0,0,0,0,0,0
301263,0,0,0,0,0,0,0
3240,1,1,0,0,0,1,4
205023,2,2,0,0,0,2,7
8337,1,1,0,0,0,1,2
9811285,5,2,3,4,0,5,61
9610444,1,1,0,0,0,1,3
104042,1,1,0,0,1,0,0
9910329,1,1,0,0,0,1,6
9190,0,0,0,0,0,0,0
9801332,2,2,0,0,0,2,9
104020,1,1,0,0,0,1,13
9706221,0,0,0,0,0,0,0
3282,1,1,0,0,0,1,1
102135,0,0,0,0,0,0,0
9905569,1,1,0,0,0,1,7
204020,2,2,0,0,0,2,9
1298,0,0,0,0,0,0,0
111039,2,2,0,0,2,0,0
209278,0,0,0,0,0,0,0
301205,0,0,0,0,0,0,0
101290,0,0,0,0,0,0,0
111041,0,0,0,0,0,0,0
104147,0,0,0,0,0,0,0
9905533,0,0,0,0,0,0,0
107278,3,3,0,0,0,3,21
9701352,1,1,0,0,1,0,0
211411,1,1,0,0,0,1,1
212375,2,1,1,1,2,0,0
9408279,0,0,0,0,0,0,0
104125,0,0,0,0,0,0,0
203160,0,0,0,0,0,0,0
9502356,2,1,1,1,2,0,0
9801423,0,0,0,0,0,0,0
9810265,0,0,0,0,0,0,0
9709282,1,1,0,0,0,1,8
107198,0,0,0,0,0,0,0
9910510,2,2,0,0,0,2,4
9810264,0,0,0,0,0,0,0
104215,0,0,0,0,0,0,0
103253,2,2,0,0,2,0,0
9904322,1,1,0,0,0,1,1
206029,4,1,3,6,0,4,25
103333,2,1,1,1,0,2,4
204052,2,2,0,0,0,2,21
106309,2,1,1,1,0,2,3
8123,3,2,1,1,0,3,10
9610309,1,1,0,0,0,1,4
102231,0,0,0,0,0,0,0
9710210,1,1,0,0,1,0,0
9611233,0,0,0,0,0,0,0
201093,1,1,0,0,0,1,2
207145,0,0,0,0,0,0,0
9911360,0,0,0,0,0,0,0
9811220,0,0,0,0,0,0,0
111286,1,1,0,0,1,0,0
301121,0,0,0,0,0,0,0
9902333,0,0,0,0,0,0,0
9505345,2,1,1,1,2,0,0
110321,1,1,0,0,0,1,1
9609424,0,0,0,0,0,0,0
9605393,0,0,0,0,0,0,0
9506402,1,1,0,0,0,1,3
102040,0,0,0,0,0,0,0
202241,1,1,0,0,0,1,1
9810368,1,1,0,0,1,0,0
9507223,1,1,0,0,0,1,1
202027,2,1,1,1,0,2,7
9611428,0,0,0,0,0,0,0
9806322,0,0,0,0,0,0,0
210437,0,0,0,0,0,0,0
101252,0,0,0,0,0,0,0
111211,2,2,0,0,0,2,4
9807518,3,1,2,3,3,0,0
9410410,0,0,0,0,0,0,0
9910475,1,1,0,0,1,0,0
211312,0,0,0,0,0,0,0
9707359,0,0,0,0,0,0,0
9903392,0,0,0,0,0,0,0
11277,1,1,0,0,0,1,5
102183,1,1,0,0,0,1,5
9508356,3,2,1,1,0,3,3
206223,3,1,2,2,0,3,19
202261,4,3,1,2,4,0,0
7139,0,0,0,0,0,0,0
6012,3,1,2,2,1,2,10
211353,2,1,1,1,0,2,21
9809586,0,0,0,0,0,0,0
9511472,0,0,0,0,0,0,0
201200,0,0,0,0,0,0,0
9911201,0,0,0,0,0,0,0
9908275,0,0,0,0,0,0,0
9701405,0,0,0,0,0,0,0
9902275,1,1,0,0,0,1,2
9709503,0,0,0,0,0,0,0
112301,0,0,0,0,0,0,0
9501370,0,0,0,0,0,0,0
301124,0,0,0,0,0,0,0
207100,0,0,0,0,0,0,0
9130,2,2,0,0,0,2,4
207194,2,1,1,1,0,2,14
9404215,2,2,0,0,2,0,0
106332,0,0,0,0,0,0,0
9903530,2,2,0,0,0,2,6
9908259,0,0,0,0,0,0,0
212241,0,0,0,0,0,0,0
211348,2,2,0,0,0,2,14
212261,2,1,1,1,0,2,8
205253,0,0,0,0,0,0,0
9809214,1,1,0,0,0,1,7
9908209,1,1,0,0,1,0,0
9405217,1,1,0,0,1,0,0
9908266,1,1,0,0,0,1,4
210295,0,0,0,0,0,0,0
210285,0,0,0,0,0,0,0
206179,1,1,0,0,0,1,8
9901372,0,0,0,0,0,0,0
112162,2,2,0,0,0,2,24
102267,1,1,0,0,0,1,1
105258,1,1,0,0,1,0,0
9711331,0,0,0,0,0,0,0
9607228,0,0,0,0,0,0,0
11051,0,0,0,0,0,0,0
9810218,0,0,0,0,0,0,0
9803430,0,0,0,0,0,0,0
9804329,5,1,4,10,0,5,13
107088,0,0,0,0,0,0,0
110360,2,1,1,1,0,2,7
210126,0,0,0,0,0,0,0
9802246,1,1,0,0,1,0,0
102096,0,0,0,0,0,0,0
101317,0,0,0,0,0,0,0
201011,1,1,0,0,0,1,8
9703339,1,1,0,0,1,0,0
110386,1,1,0,0,1,0,0
9504367,1,1,0,0,1,0,0
9605254,0,0,0,0,0,0,0
9406380,1,1,0,0,0,1,1
9907484,0,0,0,0,0,0,0
209227,0,0,0,0,0,0,0
9509419,0,0,0,0,0,0,0
2040,0,0,0,0,0,0,0
10084,0,0,0,0,0,0,0
9805333,0,0,0,0,0,0,0
210071,0,0,0,0,0,0,0
9606401,1,1,0,0,1,0,0
9807512,0,0,0,0,0,0,0
211387,0,0,0,0,0,0,0
301153,0,0,0,0,0,0,0
9711467,0,0,0,0,0,0,0
211424,0,0,0,0,0,0,0
107319,1,1,0,0,0,1,1
9411208,1,1,0,0,0,1,3
9204203,2,2,0,0,2,0,0
109205,0,0,0,0,0,0,0
208099,0,0,0,0,0,0,0
9511393,0,0,0,0,0,0,0
111241,0,0,0,0,0,0,0
109141,1,1,0,0,0,1,2
9602202,1,1,0,0,1,0,0
9505284,1,1,0,0,1,0,0
301221,1,1,0,0,0,1,11
103116,0,0,0,0,0,0,0
9810268,0,0,0,0,0,0,0
212111,0,0,0,0,0,0,0
212289,0,0,0,0,0,0,0
9808403,0,0,0,0,0,0,0
9612418,1,1,0,0,0,1,1
203127,0,0,0,0,0,0,0
9507360,1,1,0,0,1,0,0
104082,1,1,0,0,0,1,3
5304,1,1,0,0,1,0,0
206173,0,0,0,0,0,0,0
9805491,0,0,0,0,0,0,0
210439,0,0,0,0,0,0,0
9117,1,1,0,0,0,1,5
111207,3,2,1,1,0,3,3
9501288,0,0,0,0,0,0,0
9905325,1,1,0,0,1,0,0
10052,0,0,0,0,0,0,0
9402222,0,0,0,0,0,0,0
206277,1,1,0,0,0,1,8
212377,0,0,0,0,0,0,0
211056,0,0,0,0,0,0,0
105322,0,0,0,0,0,0,0
106259,0,0,0,0,0,0,0
9612455,0,0,0,0,0,0,0
9911356,0,0,0,0,0,0,0
9406215,0,0,0,0,0,0,0
9607415,0,0,0,0,0,0,0
9018,3,2,1,1,2,1,1
301041,0,0,0,0,0,0,0
212114,0,0,0,0,0,0,0
9412317,0,0,0,0,0,0,0
9807506,0,0,0,0,0,0,0
301171,2,2,0,0,0,2,8
9912374,0,0,0,0,0,0,0
9508329,0,0,0,0,0,0,0
107196,0,0,0,0,0,0,0
9608302,0,0,0,0,0,0,0
211089,0,0,0,0,0,0,0
209108,1,1,0,0,1,0,0
9510380,1,1,0,0,1,0,0
209209,0,0,0,0,0,0,0
211179,0,0,0,0,0,0,0
9508219,0,0,0,0,0,0,0
205089,1,1,0,0,0,1,10
9903514,0,0,0,0,0,0,0
205240,1,1,0,0,0,1,3
112006,1,1,0,0,0,1,2
108087,1,1,0,0,0,1,1
209088,0,0,0,0,0,0,0
9804245,0,0,0,0,0,0,0
9402300,0,0,0,0,0,0,0
6207,0,0,0,0,0,0,0
211167,0,0,0,0,0,0,0
210274,0,0,0,0,0,0,0
9810274,0,0,0,0,0,0,0
9908367,0,0,0,0,0,0,0
107207,0,0,0,0,0,0,0
9354,0,0,0,0,0,0,0
9809378,0,0,0,0,0,0,0
9707277,0,0,0,0,0,0,0
9309229,1,1,0,0,1,0,0
205275,0,0,0,0,0,0,0
207250,0,0,0,0,0,0,0
207333,0,0,0,0,0,0,0
9344,0,0,0,0,0,0,0
210107,0,0,0,0,0,0,0
9604379,0,0,0,0,0,0,0
9333,0,0,0,0,0,0,0
9902331,0,0,0,0,0,0,0
9608397,0,0,0,0,0,0,0
112193,1,1,0,0,0,1,2
9906388,0,0,0,0,0,0,0
207309,0,0,0,0,0,0,0
212239,0,0,0,0,0,0,0
12093,0,0,0,0,0,0,0
9511274,0,0,0,0,0,0,0
9310294,0,0,0,0,0,0,0
9240,0,0,0,0,0,0,0
9507387,0,0,0,0,0,0,0
301060,0,0,0,0,0,0,0
208168,0,0,0,0,0,0,0
211240,0,0,0,0,0,0,0
212310,0,0,0,0,0,0,0
9911451,0,0,0,0,0,0,0
9712528,0,0,0,0,0,0,0
105178,0,0,0,0,0,0,0
9611446,3,1,2,2,3,0,0
9603419,0,0,0,0,0,0,0
9511257,0,0,0,0,0,0,0
9509298,0,0,0,0,0,0,0
107323,0,0,0,0,0,0,0
9812374,0,0,0,0,0,0,0
107210,0,0,0,0,0,0,0
12380,0,0,0,0,0,0,0
9806312,1,1,0,0,1,0,0
9809271,0,0,0,0,0,0,0
9908348,1,1,0,0,0,1,6
203142,0,0,0,0,0,0,0
9502362,0,0,0,0,0,0,0
9706312,0,0,0,0,0,0,0
105243,0,0,0,0,0,0,0
211435,0,0,0,0,0,0,0
9601232,0,0,0,0,0,0,0
211325,0,0,0,0,0,0,0
2119,0,0,0,0,0,0,0
9805437,0,0,0,0,0,0,0
9808337,0,0,0,0,0,0,0
209092,0,0,0,0,0,0,0
210020,0,0,0,0,0,0,0
302246,0,0,0,0,0,0,0
301091,0,0,0,0,0,0,0
111219,0,0,0,0,0,0,0
9307309,0,0,0,0,0,0,0
9704296,8,6,2,3,1,7,19
9911280,29,4,25,155,4,25,79
9042,6,4,2,2,0,6,46
9809384,23,2,21,54,1,22,164
9711217,20,6,14,27,0,20,150
9909530,3,1,2,3,0,3,8
9510323,2,1,1,1,0,2,3
9702321,9,1,8,11,0,9,23
2036,42,9,33,127,4,38,186
9811356,185,7,178,2069,1,184,874
9407408,35,3,32,132,25,10,10
9611455,20,2,18,85,0,20,60
9805498,19,5,14,41,2,17,76
206205,2,1,1,1,0,2,9
9206222,7,3,4,5,7,0,0
9601305,4,2,2,2,1,3,16
9903369,13,2,11,17,1,12,96
9506409,8,2,6,16,0,8,8
9910366,20,5,15,28,1,19,49
107101,25,6,19,48,6,19,38
9308214,30,6,24,79,30,0,0
9409310,19,4,15,31,8,11,14
9409303,10,4,6,10,10,0,0
9609209,10,5,5,5,4,6,41
9403259,3,3,0,0,0,3,5
9503259,21,1,20,47,8,13,29
9409464,20,8,12,39,6,14,32
9705339,87,15,72,271,39,48,83
9907234,51,9,42,213,2,49,582
9909301,19,4,15,39,0,19,226
9809205,10,4,6,8,2,8,17
9807353,100,8,92,696,5,95,314
9903460,27,3,24,89,0,27,187
9702343,53,5,48,232,25,28,45
9808251,63,2,61,417,1,62,431
9808489,10,3,7,21,6,4,11
9812426,44,2,42,279,14,30,62
9706535,2,1,1,1,0,2,4
9208230,14,4,10,16,7,7,7
9804262,20,2,18,91,4,16,20
9901203,6,3,3,8,0,6,11
9604304,1,1,0,0,0,1,3
9504208,8,3,5,7,0,8,35
9211325,9,1,8,18,1,8,8
9511456,2,2,0,0,1,1,1
9409367,16,4,12,27,7,9,20
9303202,115,29,86,419,106,9,10
9206203,24,5,19,48,24,0,0
9712392,44,4,40,236,22,22,29
9703279,91,2,89,994,5,86,254
9707274,13,5,8,17,0,13,279
105308,15,9,6,10,0,15,51
9708326,23,3,20,78,4,19,32
105246,6,4,2,2,0,6,38
10008,11,4,7,15,0,11,188
9909202,33,3,30,177,1,32,68
9404331,3,2,1,1,2,1,1
9608243,7,3,4,7,2,5,13
9704225,19,2,17,74,1,18,208
9807514,1,1,0,0,1,0,0
9412227,2,2,0,0,2,0,0
9509379,22,4,18,56,22,0,0
109045,26,5,21,96,0,26,103
9712417,15,10,5,6,0,15,95
2116,26,4,22,76,1,25,140
9610478,10,2,8,12,6,4,4
9603404,115,5,110,969,5,110,422
108226,3,2,1,1,0,3,11
9803297,66,1,65,594,50,16,18
9810386,26,13,13,23,10,16,23
9707516,14,6,8,18,0,14,35
9308288,168,18,150,1173,48,120,394
9503285,22,6,16,30,6,16,24
9906286,33,4,29,88,0,33,227
9508271,70,5,65,505,7,63,91
9304267,34,6,28,154,17,17,22
9408217,16,1,15,50,3,13,36
9711212,17,8,9,14,1,16,49
9811338,1,1,0,0,1,0,0
9708344,11,4,7,17,0,11,101
9708390,22,4,18,91,5,17,19
9712302,55,3,52,368,1,54,104
9504374,39,12,27,107,35,4,4
9411368,14,8,6,17,3,11,12
9804332,52,5,47,265,4,48,48
9611432,2,2,0,0,0,2,3
5035,3,2,1,1,0,3,13
9602409,12,4,8,15,3,9,35
9507233,1,1,0,0,0,1,1
9802426,14,6,8,26,0,14,32
9703437,43,1,42,147,5,38,219
9610425,20,3,17,63,0,20,127
9907517,11,2,9,21,0,11,83
9507342,10,3,7,18,6,4,6
9508408,29,4,25,78,7,22,95
9502206,31,3,28,141,1,30,90
9803439,1,1,0,0,0,1,5
9611344,5,2,3,6,5,0,0
9508406,39,2,37,154,1,38,161
9607440,47,3,44,251,18,29,43
9704416,25,5,20,43,3,22,52
1216,6,3,3,3,0,6,81
9702376,50,5,45,281,4,46,118
9708257,26,2,24,102,2,24,61
9809440,6,1,5,10,2,4,5
9909482,19,6,13,51,0,19,108
9801306,38,5,33,91,1,37,149
9401294,25,4,21,102,14,11,11
9907472,43,3,40,232,5,38,93
9503213,11,5,6,15,4,7,11
9805233,17,7,10,25,0,17,85
103168,11,5,6,17,0,11,66
3185,9,4,5,8,1,8,115
9212295,12,5,7,11,2,10,26
9906346,41,7,34,163,6,35,156
9129,13,3,10,20,0,13,201
206020,15,1,14,60,2,13,42
9904485,19,5,14,44,0,19,111
9307216,11,6,5,9,1,10,33
9507282,83,9,74,448,47,36,56
9805289,19,5,14,36,0,19,166
9811323,99,6,93,757,3,96,447
9411429,14,4,10,18,4,10,29
9405389,59,7,52,277,42,17,21
9802443,4,2,2,2,1,3,3
9505322,16,8,8,19,12,4,4
9403307,18,8,10,31,11,7,7
9808443,27,5,22,77,8,19,22
9312201,31,9,22,139,28,3,3
9812263,8,4,4,7,0,8,45
9703464,84,5,79,565,24,60,260
9807513,176,7,169,1140,77,99,175
9812260,22,4,18,83,3,19,30
9603342,33,8,25,84,12,21,48
9703379,30,2,28,167,0,30,119
9505422,54,6,48,146,45,9,19
9702433,19,4,15,44,1,18,18
9312302,13,8,5,7,0,13,22
9710512,9,4,5,8,0,9,48
104267,13,1,12,28,1,12,39
9610461,14,3,11,39,0,14,223
9403354,3,2,1,1,3,0,0
9709356,48,23,25,48,3,45,290
9403397,20,8,12,19,0,20,74
3231,7,4,3,4,0,7,39
9712479,18,6,12,25,1,17,68
9509398,14,4,10,16,6,8,45
9207234,115,8,107,915,115,0,0
12377,9,3,6,12,0,9,52
9912324,7,3,4,6,2,5,21
1203,12,4,8,14,12,0,0
103048,51,2,49,335,0,51,622
9404227,11,3,8,10,1,10,10
9911337,25,5,20,60,0,25,146
104034,35,6,29,87,3,32,281
106128,15,3,12,23,2,13,29
11251,75,3,72,406,19,56,164
9610514,23,5,18,47,16,7,12
9906322,65,6,59,313,3,62,220
9707363,10,2,8,12,3,7,9
9809552,8,3,5,8,2,6,24
9310206,5,3,2,4,1,4,4
9512432,12,4,8,20,6,6,6
9412327,45,10,35,111,38,7,7
8049,36,4,32,140,0,36,182
9905474,89,13,76,338,0,89,786
9905417,22,2,20,41,1,21,46
109115,44,11,33,138,0,44,900
11368,6,4,2,2,0,6,25
211144,2,2,0,0,1,1,7
208096,9,2,7,13,0,9,51
9806280,21,2,19,69,11,10,10
110127,34,0,34,201,0,34,240
103104,12,7,5,8,2,10,71
9912498,42,4,38,191,0,42,273
9802216,2,1,1,1,0,2,4
9410389,8,4,4,9,1,7,12
110391,13,4,9,14,0,13,151
105084,16,3,13,53,1,15,53
9212286,2,1,1,1,0,2,4
9809250,16,4,12,27,1,15,77
5009,5,2,3,4,0,5,12
6238,31,6,25,90,5,26,100
9211214,41,6,35,181,41,0,0
9912397,2,2,0,0,0,2,6
103017,2,2,0,0,1,1,2
9404343,18,7,11,30,1,17,23
201094,1,1,0,0,0,1,1
9604228,8,1,7,18,0,8,16
9410268,2,2,0,0,2,0,0
9502360,12,4,8,17,7,5,5
9809232,2,2,0,0,1,1,3
9804217,22,2,20,64,2,20,122
9605462,8,5,3,6,0,8,71
9601283,4,3,1,1,0,4,13
9610463,4,4,0,0,0,4,32
9307230,6,2,4,7,6,0,0
9509324,23,2,21,66,23,0,0
9406373,11,1,10,36,10,1,1
9508369,2,2,0,0,0,2,7
8308,18,7,11,31,0,18,103
9708382,14,2,12,25,2,12,70
9905300,2,2,0,0,0,2,16
9809468,8,3,5,7,0,8,99
9312212,48,2,46,269,35,13,13
9809410,7,1,6,14,7,0,0
9809243,7,3,4,5,0,7,24
9809487,7,1,6,9,0,7,32
109122,6,1,5,7,0,6,66
9708223,17,5,12,44,1,16,69
9207253,20,13,7,14,20,0,0
9708248,10,6,4,7,10,0,0
9303237,10,4,6,10,10,0,0
9708237,16,4,12,24,14,2,2
9607315,10,1,9,18,8,2,2
9810270,30,10,20,49,1,29,179
9509237,19,7,12,19,7,12,18
9706229,14,6,8,19,0,14,55
9908500,1,1,0,0,0,1,1
9402318,17,5,12,30,3,14,18
9907204,7,1,6,9,1,6,19
9908339,8,7,1,1,2,6,16
8316,13,3,10,13,0,13,46
9709376,24,8,16,52,0,24,247
9811396,2,1,1,1,0,2,4
9609425,3,2,1,1,3,0,0
9511399,17,6,11,20,12,5,11
9707348,3,2,1,1,0,3,19
9709406,4,2,2,2,0,4,17
9305305,16,5,11,20,16,0,0
9704319,14,3,11,19,1,13,26
9610344,3,2,1,1,0,3,3
9305201,7,5,2,4,3,4,6
9405424,14,4,10,30,0,14,27
9605387,20,3,17,86,0,20,287
9507208,1,1,0,0,0,1,1
9610293,22,7,15,40,0,22,63
110189,0,0,0,0,0,0,0
9809499,1,1,0,0,0,1,3
5173,15,9,6,15,4,11,18
3219,44,7,37,181,2,42,298
9704367,2,1,1,1,2,0,0
9406258,32,3,29,182,6,26,26
9607451,9,2,7,22,0,9,40
9510311,11,1,10,25,0,11,110
11183,4,2,2,3,0,4,29
2297,10,6,4,5,10,0,0
104041,36,2,34,233,0,36,84
9805220,1,1,0,0,0,1,2
9807229,29,7,22,56,2,27,115
106352,7,1,6,17,0,7,47
2286,8,6,2,4,0,8,64
6160,31,3,28,161,4,27,124
9912448,8,2,6,12,0,8,19
9209210,8,7,1,1,8,0,0
9311327,2,2,0,0,2,0,0
9309269,4,3,1,1,1,3,3
12179,1,1,0,0,0,1,2
9903432,8,1,7,15,0,8,14
9906277,26,4,22,62,7,19,43
103068,16,3,13,51,0,16,29
9608214,11,2,9,18,0,11,36
9909418,21,2,19,81,0,21,307
9702292,2,1,1,1,0,2,8
101264,2,2,0,0,1,1,8
9409304,6,4,2,2,2,4,9
9904419,1,1,0,0,0,1,2
9211314,12,6,6,10,12,0,0
7228,11,5,6,7,0,11,99
9406235,18,7,11,45,1,17,82
3012,17,5,12,27,1,16,96
9801348,7,2,5,8,7,0,0
9511287,4,3,1,1,4,0,0
111140,5,4,1,1,0,5,31
11096,8,4,4,5,1,7,23
9512419,6,4,2,3,0,6,68
9810211,3,2,1,1,0,3,31
109230,13,6,7,11,2,11,71
9512429,10,2,8,19,10,0,0
9405254,3,2,1,1,0,3,6
9511431,8,1,7,18,0,8,18
9908283,17,6,11,29,1,16,47
9507258,2,1,1,1,2,0,0
3017,7,6,1,1,1,6,28
9806481,0,0,0,0,0,0,0
9707319,12,3,9,17,0,12,69
9810421,4,2,2,2,0,4,12
110063,2,2,0,0,0,2,20
107124,4,1,3,4,1,3,6
9701325,2,2,0,0,0,2,18
9912488,18,2,16,76,1,17,73
9912297,0,0,0,0,0,0,0
9407293,16,2,14,74,16,0,0
9331,6,3,3,8,0,6,27
9608320,9,3,6,8,1,8,14
103024,3,1,2,3,0,3,29
9809577,1,1,0,0,0,1,1
9211305,7,3,4,8,7,0,0
9409211,4,1,3,5,4,0,0
9904310,15,5,10,21,2,13,46
9608412,13,4,9,18,11,2,2
4114,32,4,28,132,0,32,179
9504228,6,4,2,3,5,1,1
108199,24,4,20,59,2,22,55
9805214,10,2,8,14,3,7,7
9706420,27,1,26,91,5,22,54
9912511,7,3,4,7,0,7,30
9301263,6,2,4,6,6,0,0
105262,1,1,0,0,1,0,0
9901411,2,2,0,0,0,2,5
9604303,8,2,6,11,0,8,15
9606472,3,2,1,1,0,3,20
103244,6,1,5,8,0,6,19
9606201,12,4,8,14,6,6,7
9409273,3,2,1,1,3,0,0
9705411,10,3,7,19,0,10,54
9602238,24,10,14,25,7,17,53
9709411,1,1,0,0,0,1,4
206077,19,10,9,17,0,19,213
9907365,7,1,6,11,0,7,65
9211238,4,1,3,5,4,0,0
9803366,26,1,25,106,0,26,98
9503204,20,4,16,46,20,0,0
9408257,23,2,21,53,12,11,11
9909539,7,1,6,9,0,7,34
9902345,2,2,0,0,0,2,23
204288,5,3,2,2,0,5,15
203136,3,2,1,1,0,3,7
9609204,20,3,17,51,0,20,68
205261,29,2,27,99,0,29,128
9511239,20,5,15,41,5,15,25
107190,20,3,17,97,0,20,127
9810266,16,2,14,41,0,16,149
9910405,8,3,5,12,1,7,15
10087,12,4,8,27,0,12,167
203113,6,3,3,4,0,6,21
9903370,8,5,3,3,0,8,37
9802273,10,1,9,26,2,8,23
9411207,23,5,18,53,0,23,83
9805201,1,1,0,0,1,0,0
9501347,5,5,0,0,1,4,8
110097,6,3,3,3,0,6,31
106112,19,4,15,53,0,19,279
9706448,2,2,0,0,0,2,7
9612417,2,1,1,1,0,2,5
9807567,15,4,11,37,3,12,12
9712504,14,7,7,19,0,14,59
9503495,9,1,8,18,0,9,21
12077,3,1,2,2,0,3,19
9511360,8,1,7,13,1,7,7
9309246,8,6,2,5,1,7,15
9209255,18,3,15,19,18,0,0
9507401,5,3,2,2,1,4,9
103001,4,1,3,6,0,4,22
9405216,2,2,0,0,1,1,1
9210281,11,1,10,28,11,0,0
9504375,10,2,8,29,0,10,68
9611354,5,1,4,8,1,4,12
9809286,3,2,1,1,1,2,2
104245,12,2,10,25,0,12,152
104127,14,4,10,31,0,14,125
9403351,9,3,6,12,9,0,0
8085,6,4,2,2,0,6,59
112351,15,0,15,31,0,15,68
9901348,5,2,3,3,0,5,22
9904443,5,2,3,3,5,0,0
9811271,4,4,0,0,0,4,6
112015,2,1,1,1,0,2,4
9509408,7,3,4,8,1,6,18
9809498,17,1,16,49,1,16,108
9501360,4,2,2,3,2,2,4
9904272,5,2,3,3,0,5,46
9910257,3,1,2,3,0,3,35
9710316,23,8,15,76,2,21,58
9902318,15,3,12,26,1,14,54
9906529,8,1,7,23,4,4,8
9312264,8,2,6,12,8,0,0
9601322,3,1,2,2,3,0,0
9502299,1,1,0,0,1,0,0
9612252,21,1,20,93,0,21,173
201242,5,1,4,8,0,5,11
9801383,6,2,4,5,2,4,7
9707381,4,1,3,4,4,0,0
9808230,6,2,4,5,6,0,0
9308374,21,1,20,86,21,0,0
9810257,11,5,6,8,0,11,79
9607202,9,5,4,7,0,9,29
9805234,3,3,0,0,1,2,3
9509371,8,4,4,8,0,8,42
9608263,7,1,6,12,2,5,14
9603393,9,2,7,12,9,0,0
9401287,4,2,2,2,4,0,0
9504407,14,6,8,17,13,1,1
111240,1,1,0,0,0,1,6
9512393,11,2,9,17,0,11,25
2081,12,4,8,17,0,12,69
9342,4,1,3,4,1,3,11
3225,3,2,1,1,0,3,28
11172,7,3,4,5,0,7,46
9803450,9,6,3,4,0,9,16
9612209,3,3,0,0,1,2,2
201136,4,2,2,3,0,4,17
1174,9,4,5,17,0,9,81
9406264,5,4,1,2,2,3,5
9403329,1,1,0,0,1,0,0
9401244,1,1,0,0,0,1,1
9312222,1,1,0,0,0,1,2
9511275,12,3,9,32,0,12,56
201296,32,1,31,106,5,27,39
211426,0,0,0,0,0,0,0
9810550,6,3,3,6,0,6,32
9709250,10,4,6,15,10,0,0
9610535,2,1,1,1,0,2,3
9410384,26,7,19,45,21,5,5
9803424,8,1,7,13,0,8,78
9910530,2,2,0,0,0,2,16
11134,11,4,7,20,0,11,106
9912313,10,7,3,3,1,9,40
208241,5,1,4,4,0,5,21
9704344,1,1,0,0,0,1,2
9609410,9,4,5,8,0,9,12
9512373,3,2,1,1,3,0,0
9305314,18,6,12,41,18,0,0
6274,3,2,1,1,1,2,2
9712284,6,2,4,11,0,6,23
5060,5,3,2,2,0,5,16
9806496,9,3,6,18,1,8,28
9805500,12,7,5,13,1,11,74
9609501,1,1,0,0,0,1,4
9506202,1,1,0,0,1,0,0
9712339,13,3,10,25,9,4,6
9811251,9,3,6,12,0,9,63
9901409,3,1,2,3,1,2,6
9804239,13,9,4,4,0,13,49
103008,7,2,5,11,0,7,60
9411250,5,2,3,5,5,0,0
9903527,11,4,7,13,4,7,14
9809590,5,3,2,2,0,5,10
9802406,20,5,15,40,6,14,25
5218,12,3,9,21,0,12,53
9505417,20,3,17,65,15,5,5
4034,2,1,1,1,0,2,16
112345,12,1,11,30,0,12,95
107007,6,4,2,2,0,6,102
9802327,1,1,0,0,0,1,3
9509404,2,1,1,1,1,1,1
109046,1,1,0,0,0,1,1
9910248,2,2,0,0,0,2,4
211236,1,1,0,0,0,1,1
205066,3,3,0,0,0,3,12
8109,0,0,0,0,0,0,0
9607238,5,2,3,7,0,5,8
209007,0,0,0,0,0,0,0
9802335,1,1,0,0,0,1,4
9602329,9,6,3,4,0,9,92
4053,6,4,2,2,1,5,35
210286,1,1,0,0,0,1,8
111309,1,1,0,0,0,1,6
108252,4,2,2,2,0,4,26
106002,6,4,2,3,2,4,18
9311344,19,5,14,46,19,0,0
109147,1,1,0,0,0,1,5
9909321,3,1,2,2,0,3,10
11281,4,2,2,2,0,4,13
9803263,3,2,1,1,0,3,8
2192,5,1,4,9,5,0,0
202127,8,2,6,16,0,8,88
9703460,6,2,4,10,6,0,0
9301225,10,6,4,6,10,0,0
9711304,1,1,0,0,0,1,1
105189,1,1,0,0,0,1,6
9808218,5,3,2,4,0,5,16
9306208,7,1,6,7,7,0,0
9612279,7,1,6,6,6,1,1
9711489,1,1,0,0,0,1,8
9504410,8,2,6,8,7,1,1
9502278,16,11,5,9,16,0,0
9906501,10,2,8,17,0,10,129
203182,4,3,1,1,0,4,29
8070,6,6,0,0,0,6,45
9801384,5,4,1,1,1,4,8
9406274,14,5,9,25,14,0,0
8186,26,8,18,28,0,26,132
9810271,4,2,2,3,1,3,13
207350,2,2,0,0,0,2,25
101181,2,2,0,0,0,2,12
205312,6,3,3,3,0,6,35
103343,16,5,11,37,0,16,122
9510452,1,1,0,0,1,0,0
3124,1,1,0,0,0,1,10
9709444,5,2,3,6,0,5,6
9710295,7,2,5,9,0,7,14
9606332,5,2,3,4,0,5,9
5210,13,1,12,35,0,13,125
9610402,12,2,10,24,0,12,43
106161,2,2,0,0,0,2,27
12073,13,4,9,15,0,13,110
110383,4,2,2,2,0,4,78
9701246,5,3,2,2,3,2,3
9403300,12,8,4,8,6,6,6
206072,0,0,0,0,0,0,0
106229,1,1,0,0,0,1,1
9712434,16,6,10,11,2,14,78
9410249,7,2,5,9,0,7,7
9609478,1,1,0,0,0,1,3
9406378,9,3,6,12,1,8,15
9910540,14,9,5,7,4,10,20
9401224,1,1,0,0,1,0,0
8017,0,0,0,0,0,0,0
9810547,1,1,0,0,0,1,6
9503289,2,2,0,0,0,2,7
9905352,5,4,1,1,2,3,3
9706434,1,1,0,0,0,1,1
11221,5,1,4,6,0,5,15
9707539,2,1,1,1,0,2,2
2236,2,1,1,1,0,2,12
9703262,2,1,1,1,0,2,6
302067,2,2,0,0,1,1,1
9801372,1,1,0,0,0,1,6
3302,2,1,1,1,0,2,12
104274,2,2,0,0,0,2,12
107277,5,3,2,2,3,2,2
109275,3,2,1,1,0,3,7
9601239,0,0,0,0,0,0,0
9811315,3,3,0,0,0,3,6
9510434,1,1,0,0,0,1,2
9403352,3,2,1,2,2,1,2
9405205,1,1,0,0,0,1,2
9609438,1,1,0,0,0,1,3
209270,2,1,1,1,0,2,10
108220,10,8,2,2,1,9,43
9711315,7,1,6,14,0,7,10
203067,3,2,1,1,0,3,43
210448,2,2,0,0,0,2,16
205287,3,3,0,0,0,3,32
9609495,5,2,3,5,0,5,9
9708259,3,3,0,0,0,3,5
9807431,0,0,0,0,0,0,0
8252,4,2,2,3,1,3,3
9903443,3,1,2,3,0,3,17
9906363,6,4,2,2,0,6,33
9707346,3,3,0,0,2,1,1
105195,6,1,5,9,0,6,51
9812313,3,2,1,2,0,3,13
9910321,2,1,1,1,0,2,2
105281,4,3,1,1,0,4,29
9807302,3,2,1,1,1,2,2
9912283,7,6,1,1,0,7,26
3236,1,1,0,0,0,1,5
6253,2,2,0,0,0,2,18
9704371,1,1,0,0,0,1,9
9911425,2,2,0,0,0,2,12
9908298,4,2,2,2,2,2,4
9410351,6,1,5,8,6,0,0
9410245,2,1,1,1,2,0,0
201051,3,2,1,1,2,1,3
9703394,0,0,0,0,0,0,0
9806427,0,0,0,0,0,0,0
9607479,3,2,1,1,0,3,9
105100,7,2,5,8,2,5,12
9802272,2,1,1,1,0,2,14
9606439,1,1,0,0,0,1,2
210120,1,1,0,0,0,1,5
9412370,3,2,1,1,1,2,2
9803273,8,2,6,14,8,0,0
111311,8,2,6,16,5,3,3
9905455,1,1,0,0,0,1,1
9511278,2,2,0,0,0,2,15
9708362,2,2,0,0,0,2,5
108091,2,1,1,1,1,1,1
1327,6,4,2,5,5,1,1
9611398,10,2,8,20,0,10,28
204303,0,0,0,0,0,0,0
110187,3,1,2,3,0,3,4
112104,6,2,4,8,0,6,23
3303,4,4,0,0,2,2,2
9902390,5,1,4,4,0,5,44
9612478,1,1,0,0,0,1,4
207095,0,0,0,0,0,0,0
9209242,1,1,0,0,1,0,0
9705439,7,3,4,8,2,5,5
9706362,4,4,0,0,0,4,45
9302245,2,2,0,0,2,0,0
108014,6,3,3,4,2,4,11
9903377,3,1,2,3,0,3,7
302092,0,0,0,0,0,0,0
210209,1,1,0,0,0,1,12
9812335,4,1,3,5,0,4,12
203006,6,1,5,7,0,6,20
9612289,2,1,1,1,2,0,0
9508396,0,0,0,0,0,0,0
210322,1,1,0,0,0,1,8
101022,7,2,5,7,2,5,9
9604294,11,5,6,12,0,11,18
9910316,8,3,5,7,0,8,29
104182,2,1,1,1,0,2,4
9707524,0,0,0,0,0,0,0
9211264,1,1,0,0,1,0,0
206266,9,3,6,9,0,9,89
9910544,1,1,0,0,0,1,3
1168,3,3,0,0,1,2,3
112174,5,2,3,5,0,5,25
206295,2,2,0,0,0,2,7
301176,0,0,0,0,0,0,0
9905394,7,3,4,5,3,4,7
103005,1,1,0,0,0,1,3
9341,3,1,2,3,2,1,2
10159,8,4,4,10,0,8,60
9807224,6,1,5,5,5,1,1
9171,1,1,0,0,0,1,5
9709247,2,1,1,1,0,2,5
10306,7,3,4,4,1,6,26
9506258,4,1,3,3,4,0,0
9273,5,1,4,6,1,4,6
1257,1,1,0,0,0,1,8
9703368,3,2,1,1,0,3,4
9707405,4,4,0,0,0,4,4
9803369,4,4,0,0,0,4,22
112284,3,2,1,1,0,3,14
3160,9,3,6,14,1,8,23
202188,0,0,0,0,0,0,0
211131,0,0,0,0,0,0,0
9809402,6,3,3,3,0,6,16
208081,2,1,1,1,1,1,6
9809558,2,1,1,1,0,2,2
9510236,3,2,1,1,0,3,3
9902298,0,0,0,0,0,0,0
9311323,1,1,0,0,1,0,0
103095,1,1,0,0,0,1,7
9811272,0,0,0,0,0,0,0
9606315,2,2,0,0,0,2,6
105288,5,5,0,0,0,5,50
9302254,3,2,1,1,3,0,0
9511281,1,1,0,0,0,1,5
9504323,0,0,0,0,0,0,0
9286,10,5,5,11,0,10,41
9910528,0,0,0,0,0,0,0
203071,0,0,0,0,0,0,0
9505440,4,3,1,1,0,4,10
8084,3,1,2,2,0,3,7
204090,1,1,0,0,0,1,1
9809592,1,1,0,0,1,0,0
9710444,2,1,1,1,1,1,1
9812319,2,1,1,1,0,2,6
9506396,2,1,1,1,0,2,2
9703295,0,0,0,0,0,0,0
9707499,1,1,0,0,0,1,1
9607288,0,0,0,0,0,0,0
9805457,3,2,1,1,0,3,16
9802217,1,1,0,0,0,1,6
9608400,1,1,0,0,0,1,5
106015,1,1,0,0,0,1,2
9803292,3,3,0,0,2,1,1
1325,2,2,0,0,0,2,12
8195,9,3,6,10,0,9,13
9907567,11,2,9,18,0,11,30
9703409,3,3,0,0,3,0,0
3021,6,1,5,11,0,6,57
9409312,1,1,0,0,0,1,2
109226,1,1,0,0,1,0,0
9301219,3,2,1,1,3,0,0
9303305,8,7,1,1,8,0,0
9611419,0,0,0,0,0,0,0
9701363,2,2,0,0,0,2,2
107078,2,2,0,0,1,1,3
9410383,1,1,0,0,1,0,0
9709400,1,1,0,0,0,1,6
9911216,0,0,0,0,0,0,0
4037,1,1,0,0,1,0,0
301040,4,3,1,1,0,4,32
301187,2,1,1,1,0,2,28
9911514,5,1,4,9,0,5,18
108189,3,2,1,1,0,3,14
9503239,4,1,3,6,3,1,1
106145,1,1,0,0,0,1,2
206249,3,3,0,0,1,2,5
210102,1,1,0,0,0,1,3
102175,0,0,0,0,0,0,0
9610378,0,0,0,0,0,0,0
202231,7,2,5,10,0,7,36
9907316,2,2,0,0,0,2,13
9708368,1,1,0,0,0,1,5
9607441,0,0,0,0,0,0,0
9501291,2,1,1,1,1,1,1
5215,3,2,1,1,0,3,8
1209,3,3,0,0,3,0,0
9284,0,0,0,0,0,0,0
9911470,4,4,0,0,2,2,11
9811388,2,2,0,0,0,2,5
9706416,1,1,0,0,0,1,2
212352,1,1,0,0,0,1,1
9312281,3,3,0,0,3,0,0
111278,1,1,0,0,0,1,6
9807241,4,4,0,0,1,3,3
9907217,0,0,0,0,0,0,0
9902363,0,0,0,0,0,0,0
9602403,1,1,0,0,0,1,2
8272,1,1,0,0,0,1,4
205340,5,2,3,4,1,4,34
5023,1,1,0,0,1,0,0
9907445,3,3,0,0,0,3,9
9812259,1,1,0,0,0,1,3
9705394,0,0,0,0,0,0,0
9510264,2,2,0,0,0,2,2
9712355,1,1,0,0,0,1,2
9503231,4,3,1,1,4,0,0
9122,0,0,0,0,0,0,0
9801263,5,3,2,3,0,5,15
7305,4,1,3,5,0,4,14
8212,1,1,0,0,0,1,2
208197,0,0,0,0,0,0,0
209357,0,0,0,0,0,0,0
9906248,1,1,0,0,0,1,2
201038,1,1,0,0,0,1,3
9506383,1,1,0,0,0,1,3
9508339,0,0,0,0,0,0,0
9912221,2,2,0,0,0,2,9
9502369,1,1,0,0,1,0,0
8093,0,0,0,0,0,0,0
9609303,0,0,0,0,0,0,0
9903227,3,1,2,2,1,2,2
111379,4,3,1,1,0,4,24
206070,3,3,0,0,0,3,23
9506272,2,1,1,1,2,0,0
209235,1,1,0,0,0,1,1
106177,1,1,0,0,0,1,1
9609322,1,1,0,0,0,1,3
9703395,1,1,0,0,0,1,4
9312322,4,4,0,0,3,1,1
9310269,1,1,0,0,1,0,0
208191,0,0,0,0,0,0,0
9902347,0,0,0,0,0,0,0
106121,2,1,1,1,2,0,0
102078,2,1,1,1,0,2,4
209368,2,2,0,0,0,2,2
10251,2,1,1,1,0,2,13
9509405,4,2,2,3,4,0,0
101061,2,2,0,0,0,2,3
107272,1,1,0,0,1,0,0
205169,0,0,0,0,0,0,0
208217,4,3,1,1,1,3,4
9812288,1,1,0,0,0,1,2
2215,0,0,0,0,0,0,0
211072,0,0,0,0,0,0,0
9710399,1,1,0,0,0,1,2
9712226,0,0,0,0,0,0,0
211333,0,0,0,0,0,0,0
9701255,2,1,1,1,2,0,0
106134,0,0,0,0,0,0,0
6036,6,1,5,13,0,6,36
206167,0,0,0,0,0,0,0
9504419,3,3,0,0,0,3,3
9806524,2,2,0,0,1,1,7
209339,1,1,0,0,1,0,0
9501256,1,1,0,0,1,0,0
9810238,1,1,0,0,1,0,0
9910452,2,1,1,1,0,2,4
112092,2,2,0,0,0,2,2
9910319,0,0,0,0,0,0,0
201173,2,2,0,0,0,2,6
211197,2,2,0,0,0,2,27
9608445,0,0,0,0,0,0,0
201237,0,0,0,0,0,0,0
6099,2,1,1,1,0,2,12
204263,1,1,0,0,0,1,7
212199,3,2,1,1,0,3,60
9712281,1,1,0,0,1,0,0
9608419,0,0,0,0,0,0,0
11319,1,1,0,0,0,1,1
203050,4,2,2,3,3,1,2
9911251,0,0,0,0,0,0,0
101322,10,6,4,9,1,9,18
207075,0,0,0,0,0,0,0
9710455,0,0,0,0,0,0,0
9707232,0,0,0,0,0,0,0
103296,0,0,0,0,0,0,0
9909519,0,0,0,0,0,0,0
201110,0,0,0,0,0,0,0
9912222,1,1,0,0,0,1,1
105247,2,2,0,0,0,2,6
9502381,1,1,0,0,1,0,0
9701223,0,0,0,0,0,0,0
1132,2,1,1,1,0,2,8
9911494,2,2,0,0,0,2,5
206141,0,0,0,0,0,0,0
2210,0,0,0,0,0,0,0
111136,1,1,0,0,1,0,0
9903367,4,3,1,1,1,3,16
201255,2,1,1,1,1,1,1
103085,0,0,0,0,0,0,0
9311241,0,0,0,0,0,0,0
205029,3,2,1,1,1,2,5
9702279,1,1,0,0,0,1,11
9608220,0,0,0,0,0,0,0
209071,0,0,0,0,0,0,0
103297,2,1,1,1,0,2,5
211134,1,1,0,0,0,1,7
210080,0,0,0,0,0,0,0
9907407,0,0,0,0,0,0,0
203093,2,2,0,0,0,2,3
9505310,2,1,1,1,2,0,0
9802288,1,1,0,0,1,0,0
9810217,0,0,0,0,0,0,0
110415,0,0,0,0,0,0,0
9511232,1,1,0,0,0,1,4
9607410,1,1,0,0,0,1,3
102107,0,0,0,0,0,0,0
9411343,0,0,0,0,0,0,0
9512305,0,0,0,0,0,0,0
9126,0,0,0,0,0,0,0
3268,0,0,0,0,0,0,0
107085,1,1,0,0,0,1,4
104049,8,2,6,10,0,8,46
209264,3,3,0,0,0,3,9
9901400,0,0,0,0,0,0,0
211207,0,0,0,0,0,0,0
109235,0,0,0,0,0,0,0
9803421,2,2,0,0,0,2,2
9710548,0,0,0,0,0,0,0
9403374,5,4,1,1,4,1,1
210326,0,0,0,0,0,0,0
106171,0,0,0,0,0,0,0
5119,0,0,0,0,0,0,0
211463,0,0,0,0,0,0,0
12033,4,1,3,4,0,4,25
110233,0,0,0,0,0,0,0
211336,0,0,0,0,0,0,0
8119,1,1,0,0,1,0,0
9511273,2,2,0,0,2,0,0
105271,0,0,0,0,0,0,0
202181,1,1,0,0,0,1,4
9901310,1,1,0,0,0,1,2
112142,0,0,0,0,0,0,0
9609234,0,0,0,0,0,0,0
9233,0,0,0,0,0,0,0
106019,6,2,4,10,2,4,6
6155,0,0,0,0,0,0,0
9709258,0,0,0,0,0,0,0
105209,3,3,0,0,1,2,4
1319,2,2,0,0,2,0,0
205031,2,1,1,1,0,2,8
9905361,3,1,2,3,3,0,0
9609205,0,0,0,0,0,0,0
9803339,0,0,0,0,0,0,0
210351,1,1,0,0,0,1,5
9910377,1,1,0,0,0,1,1
5277,0,0,0,0,0,0,0
111212,3,1,2,2,0,3,28
302161,0,0,0,0,0,0,0
9412271,4,1,3,4,4,0,0
201235,0,0,0,0,0,0,0
211162,1,1,0,0,0,1,1
9712317,0,0,0,0,0,0,0
9810385,4,2,2,3,0,4,10
9808282,0,0,0,0,0,0,0
102285,0,0,0,0,0,0,0
9802434,0,0,0,0,0,0,0
9903466,2,2,0,0,2,0,0
9503378,0,0,0,0,0,0,0
9802346,1,1,0,0,1,0,0
9229,0,0,0,0,0,0,0
9903493,2,2,0,0,0,2,13
111182,1,1,0,0,0,1,2
112137,0,0,0,0,0,0,0
9812317,0,0,0,0,0,0,0
111323,1,1,0,0,0,1,1
201272,4,2,2,2,0,4,8
9164,1,1,0,0,0,1,3
207195,1,1,0,0,0,1,7
302197,0,0,0,0,0,0,0
212233,0,0,0,0,0,0,0
9606448,2,1,1,1,2,0,0
7168,0,0,0,0,0,0,0
201115,0,0,0,0,0,0,0
101075,0,0,0,0,0,0,0
212004,0,0,0,0,0,0,0
302167,0,0,0,0,0,0,0
9708276,0,0,0,0,0,0,0
11030,0,0,0,0,0,0,0
9007,1,1,0,0,0,1,1
112175,0,0,0,0,0,0,0
110185,0,0,0,0,0,0,0
112090,1,1,0,0,0,1,7
9511248,0,0,0,0,0,0,0
103134,0,0,0,0,0,0,0
9412395,0,0,0,0,0,0,0
9611395,0,0,0,0,0,0,0
9703462,0,0,0,0,0,0,0
301227,0,0,0,0,0,0,0
109215,1,1,0,0,0,1,5
102133,0,0,0,0,0,0,0
9506336,0,0,0,0,0,0,0
9204224,1,1,0,0,1,0,0
206187,0,0,0,0,0,0,0
9908476,0,0,0,0,0,0,0
9810213,0,0,0,0,0,0,0
9602428,0,0,0,0,0,0,0
9806283,0,0,0,0,0,0,0
212042,0,0,0,0,0,0,0
6163,2,2,0,0,0,2,3
104235,0,0,0,0,0,0,0
9901359,0,0,0,0,0,0,0
109054,0,0,0,0,0,0,0
9409387,0,0,0,0,0,0,0
9906466,1,1,0,0,1,0,0
9301230,1,1,0,0,1,0,0
9812291,1,1,0,0,1,0,0
9610512,0,0,0,0,0,0,0
9912536,0,0,0,0,0,0,0
9602247,0,0,0,0,0,0,0
204046,2,2,0,0,0,2,7
212400,0,0,0,0,0,0,0
9312261,2,2,0,0,2,0,0
106323,1,1,0,0,0,1,4
9805479,1,1,0,0,1,0,0
9408400,0,0,0,0,0,0,0
211267,2,1,1,1,0,2,4
211442,0,0,0,0,0,0,0
9811516,0,0,0,0,0,0,0
105231,1,1,0,0,0,1,6
9507252,1,1,0,0,0,1,3
202079,0,0,0,0,0,0,0
211235,0,0,0,0,0,0,0
109011,1,1,0,0,0,1,1
9910266,0,0,0,0,0,0,0
7104,0,0,0,0,0,0,0
9812237,0,0,0,0,0,0,0
9503446,1,1,0,0,0,1,3
203248,1,1,0,0,0,1,4
9807244,0,0,0,0,0,0,0
101191,0,0,0,0,0,0,0
9605429,1,1,0,0,1,0,0
4167,0,0,0,0,0,0,0
211217,0,0,0,0,0,0,0
6209,0,0,0,0,0,0,0
9912258,0,0,0,0,0,0,0
9709265,1,1,0,0,1,0,0
9511249,1,1,0,0,1,0,0
9709434,0,0,0,0,0,0,0
1186,0,0,0,0,0,0,0
9605205,1,1,0,0,0,1,1
302259,0,0,0,0,0,0,0
11152,0,0,0,0,0,0,0
5252,0,0,0,0,0,0,0
7042,0,0,0,0,0,0,0
103075,1,1,0,0,0,1,4
204026,0,0,0,0,0,0,0
9702405,0,0,0,0,0,0,0
109261,0,0,0,0,0,0,0
3065,0,0,0,0,0,0,0
9910380,0,0,0,0,0,0,0
9811458,0,0,0,0,0,0,0
209050,1,1,0,0,0,1,15
207285,0,0,0,0,0,0,0
12144,0,0,0,0,0,0,0
302042,0,0,0,0,0,0,0
9402343,0,0,0,0,0,0,0
212179,0,0,0,0,0,0,0
111424,1,1,0,0,1,0,0
103029,0,0,0,0,0,0,0
9807270,0,0,0,0,0,0,0
9407385,0,0,0,0,0,0,0
8250,0,0,0,0,0,0,0
9608248,1,1,0,0,1,0,0
9503309,0,0,0,0,0,0,0
9209208,1,1,0,0,1,0,0
101126,0,0,0,0,0,0,0
210081,0,0,0,0,0,0,0
9402228,0,0,0,0,0,0,0
110027,0,0,0,0,0,0,0
107296,0,0,0,0,0,0,0
9703419,0,0,0,0,0,0,0
111134,1,1,0,0,0,1,1
209288,0,0,0,0,0,0,0
211113,0,0,0,0,0,0,0
9808495,0,0,0,0,0,0,0
205123,0,0,0,0,0,0,0
6048,1,1,0,0,0,1,2
9809518,0,0,0,0,0,0,0
302111,0,0,0,0,0,0,0
206119,0,0,0,0,0,0,0
9809534,0,0,0,0,0,0,0
109255,0,0,0,0,0,0,0
107321,1,1,0,0,0,1,2
9812264,0,0,0,0,0,0,0
10168,0,0,0,0,0,0,0
9807471,0,0,0,0,0,0,0
9812524,0,0,0,0,0,0,0
106041,0,0,0,0,0,0,0
9905385,0,0,0,0,0,0,0
205005,0,0,0,0,0,0,0
9296,0,0,0,0,0,0,0
9507272,0,0,0,0,0,0,0
9302218,0,0,0,0,0,0,0
302019,0,0,0,0,0,0,0
9502240,0,0,0,0,0,0,0
4089,0,0,0,0,0,0,0
101254,0,0,0,0,0,0,0
9410299,0,0,0,0,0,0,0
9610483,0,0,0,0,0,0,0
302235,0,0,0,0,0,0,0
9909247,0,0,0,0,0,0,0
9511394,0,0,0,0,0,0,0
9311364,0,0,0,0,0,0,0
9612381,0,0,0,0,0,0,0
302273,0,0,0,0,0,0,0
9904263,0,0,0,0,0,0,0
206129,0,0,0,0,0,0,0
103117,0,0,0,0,0,0,0
9311263,1,1,0,0,1,0,0
9909329,0,0,0,0,0,0,0
9503487,0,0,0,0,0,0,0
9505382,0,0,0,0,0,0,0
111259,0,0,0,0,0,0,0
110264,0,0,0,0,0,0,0
9314,1,1,0,0,1,0,0
210423,0,0,0,0,0,0,0
9810540,1,1,0,0,0,1,3
2281,0,0,0,0,0,0,0
9303300,1,1,0,0,1,0,0
212185,0,0,0,0,0,0,0
212387,0,0,0,0,0,0,0
9809578,0,0,0,0,0,0,0
209318,0,0,0,0,0,0,0
9806237,0,0,0,0,0,0,0
12146,0,0,0,0,0,0,0
9909488,0,0,0,0,0,0,0
9803392,0,0,0,0,0,0,0
9910487,0,0,0,0,0,0,0
9067,0,0,0,0,0,0,0
11381,0,0,0,0,0,0,0
101060,0,0,0,0,0,0,0
9706321,0,0,0,0,0,0,0
211254,0,0,0,0,0,0,0
9806362,0,0,0,0,0,0,0
204336,0,0,0,0,0,0,0
204009,0,0,0,0,0,0,0
301103,0,0,0,0,0,0,0
211135,0,0,0,0,0,0,0
9709362,1,1,0,0,1,0,0
301161,0,0,0,0,0,0,0
9512214,0,0,0,0,0,0,0
204038,0,0,0,0,0,0,0
9710497,0,0,0,0,0,0,0
9611296,5,1,4,6,1,4,4
9501265,45,4,41,249,4,41,150
9054,4,2,2,3,1,3,16
9810260,76,6,70,517,2,74,920
9802289,34,8,26,48,10,24,79
8298,10,5,5,8,0,10,40
9510383,1,1,0,0,0,1,2
9703412,13,9,4,4,0,13,40
9158,15,7,8,17,6,9,16
9909411,39,10,29,78,2,37,189
9409238,7,2,5,9,3,4,4
9612211,14,1,13,39,14,0,0
9806332,22,2,20,70,2,20,128
207066,3,1,2,3,2,1,1
9206225,30,5,25,39,30,0,0
9602221,59,7,52,258,0,59,267
9905347,16,6,10,24,0,16,98
9507294,41,8,33,193,15,26,41
2205,1,1,0,0,0,1,6
108059,5,4,1,1,0,5,60
9806219,54,15,39,104,4,50,194
9409320,15,4,11,25,15,0,0
9412380,8,2,6,7,3,5,5
9609488,7,7,0,0,0,7,54
9302221,16,3,13,26,16,0,0
9503303,74,6,68,271,30,44,88
9212278,81,3,78,465,81,0,0
9706281,51,3,48,386,0,51,193
9910554,14,2,12,37,0,14,77
9910516,17,4,13,39,0,17,100
9904465,14,4,10,18,3,11,18
9807386,34,5,29,151,0,34,140
9904210,37,2,35,133,0,37,461
9805272,61,7,54,268,20,41,120
9901208,18,8,10,23,3,15,109
9809307,33,5,28,72,23,10,10
9902283,52,9,43,225,0,52,670
9802330,3,3,0,0,0,3,9
9408386,7,3,4,4,0,7,7
2149,37,7,30,109,5,32,293
9904301,24,2,22,101,0,24,66
9605448,9,4,5,8,3,6,6
9805427,21,4,17,71,0,21,134
9207237,11,2,9,29,11,0,0
9707311,2,2,0,0,0,2,4
9406319,80,7,73,390,80,0,0
9304295,73,20,53,229,23,50,70
9303270,63,17,46,229,63,0,0
9802292,6,4,2,2,2,4,25
9703288,113,6,107,1016,9,104,457
9707275,16,4,12,25,0,16,140
107121,6,2,4,7,1,5,18
9801298,14,2,12,20,0,14,32
9704357,83,2,81,584,51,32,37
12297,5,2,3,3,0,5,40
9909244,20,4,16,57,0,20,157
9802447,18,3,15,55,17,1,1
9608276,26,6,20,109,3,23,135
9704246,12,4,8,21,1,11,11
9305271,2,2,0,0,2,0,0
9412268,12,2,10,24,12,0,0
9802345,4,2,2,4,0,4,19
110124,5,2,3,6,0,5,14
9811239,21,3,18,55,0,21,234
9309203,6,2,4,8,0,6,6
9701396,62,8,54,344,1,61,284
9612313,152,9,143,1302,23,129,592
9608478,17,3,14,37,17,0,0
9901389,83,1,82,736,1,82,339
9912354,6,3,3,3,0,6,13
9709232,28,5,23,55,2,26,114
9408213,89,6,83,620,57,32,43
9506398,35,5,30,86,4,31,90
7179,6,4,2,2,0,6,13
9512277,5,3,2,2,0,5,12
9305345,81,13,68,520,33,48,48
9504260,8,1,7,19,0,8,20
9711460,31,8,23,64,2,29,121
9808429,1,1,0,0,0,1,2
9703227,5,3,2,4,1,4,7
9410414,33,1,32,163,33,0,0
9512327,28,3,25,88,17,11,12
9509239,32,6,26,90,8,24,48
9305319,32,12,20,37,11,21,21
9707375,4,3,1,1,0,4,9
9706201,14,5,9,32,1,13,51
1040,20,4,16,52,3,17,63
9603270,4,1,3,4,0,4,5
9812378,6,1,5,11,1,5,5
9505219,48,11,37,128,48,0,0
9704278,6,1,5,7,4,2,3
9610518,16,4,12,28,0,16,120
9911404,11,1,10,20,0,11,126
9507425,15,4,11,29,9,6,13
9511233,30,6,24,46,6,24,111
9607400,12,4,8,20,9,3,3
9302240,24,6,18,48,24,0,0
9411273,21,4,17,37,21,0,0
9510408,86,16,70,417,6,80,344
9608322,70,4,66,349,15,55,97
9708207,31,11,20,73,2,29,67
4046,5,3,2,5,0,5,50
9703266,22,4,18,77,0,22,90
9908323,24,3,21,83,0,24,140
9901385,2,1,1,1,0,2,10
9912473,15,2,13,44,0,15,78
9805485,7,2,5,8,2,5,6
9411214,4,3,1,2,4,0,0
9907523,27,2,25,159,1,26,29
9505404,12,3,9,28,10,2,3
9806259,25,7,18,46,3,22,105
104073,23,5,18,69,0,23,263
3327,9,1,8,13,0,9,124
9212315,9,5,4,7,9,0,0
9908235,25,3,22,120,0,25,166
9172,3,2,1,1,1,2,33
206021,14,2,12,46,0,14,46
9904495,22,4,18,61,1,21,116
9311232,35,4,31,124,5,30,69
9507462,59,3,56,313,31,28,29
9811316,18,5,13,42,0,18,101
9811428,133,1,132,1012,7,126,861
9711470,3,2,1,1,1,2,3
9503233,10,2,8,15,3,7,9
9804214,12,1,11,22,0,12,62
9511204,9,6,3,3,2,7,25
9404212,26,5,21,78,11,15,15
9910271,16,6,10,19,6,10,19
9406431,26,6,20,90,26,0,0
9901246,22,7,15,42,2,20,140
9707364,60,4,56,428,1,59,289
9707207,11,7,4,5,3,8,24
9810533,8,1,7,18,8,0,0
9607237,14,3,11,22,1,13,46
9704317,26,4,22,106,0,26,117
9510235,11,5,6,10,1,10,17
9506400,0,0,0,0,0,0,0
9408284,11,2,9,23,1,10,10
9805222,11,4,7,11,0,11,106
106025,40,5,35,111,0,40,178
9604438,21,8,13,31,0,21,84
9501299,2,2,0,0,0,2,2
9712359,17,3,14,28,0,17,104
9410231,39,15,24,65,8,31,94
8269,13,8,5,5,0,13,73
9910242,47,9,38,113,47,0,0
9510268,6,2,4,9,0,6,60
9409270,27,2,25,64,27,0,0
101217,2,1,1,1,0,2,10
206271,0,0,0,0,0,0,0
5021,5,2,3,3,1,4,15
103054,28,1,27,128,1,27,247
9406346,15,4,11,34,10,5,5
9711461,1,1,0,0,0,1,3
7259,12,3,9,29,0,12,177
6078,21,2,19,59,1,20,88
104221,20,8,12,23,6,14,28
9603353,10,3,7,10,3,7,11
9909203,60,2,58,390,0,60,591
9810530,11,2,9,18,2,9,12
9707224,29,4,25,134,3,26,72
9803250,6,3,3,6,3,3,9
9412366,8,2,6,11,8,0,0
9506338,14,2,12,36,14,0,0
8144,24,1,23,87,0,24,258
9904262,45,5,40,216,0,45,797
9906542,19,6,13,32,0,19,89
9403256,128,16,112,744,128,0,0
9705470,14,2,12,50,0,14,28
211156,2,2,0,0,0,2,24
208115,7,3,4,5,0,7,28
209193,4,3,1,1,0,4,62
111042,45,5,40,333,0,45,593
111298,3,1,2,2,0,3,24
9912552,17,6,11,22,0,17,121
9803219,13,6,7,12,1,12,63
9411299,18,10,8,20,7,11,23
9806263,101,3,98,725,15,86,262
106140,15,1,14,44,1,14,57
211180,0,0,0,0,0,0,0
9408253,33,11,22,81,1,32,126
5185,11,2,9,19,0,11,60
10035,1,1,0,0,0,1,4
9211328,22,2,20,85,22,0,0
9712362,9,1,8,16,0,9,70
1039,7,3,4,6,0,7,17
9906467,5,2,3,4,0,5,28
202170,25,4,21,69,1,24,127
9704277,48,7,41,142,5,43,93
9305310,7,2,5,10,7,0,0
9710226,1,1,0,0,1,0,0
9907209,3,2,1,1,0,3,44
9311237,45,10,35,106,21,24,24
9610381,37,5,32,126,0,37,237
9602223,74,2,72,320,1,73,277
9612292,5,2,3,3,1,4,24
9604352,13,3,10,32,13,0,0
9510258,16,5,11,25,1,15,20
9406399,5,1,4,7,5,0,0
9603376,4,1,3,6,0,4,12
10253,10,3,7,14,1,9,153
9709244,4,2,2,3,2,2,5
9710354,44,5,39,158,4,40,156
9210218,29,7,22,76,29,0,0
9409326,42,7,35,166,42,0,0
105336,12,4,8,20,0,12,45
9905409,4,3,1,1,0,4,31
9909432,7,3,4,8,0,7,15
110277,5,3,2,2,0,5,34
9808463,36,3,33,182,0,36,176
9210260,14,8,6,8,14,0,0
9710310,6,1,5,8,1,5,10
9304259,4,3,1,1,4,0,0
9801369,33,6,27,108,1,32,279
9701289,92,22,70,371,6,86,400
9904320,8,3,5,7,1,7,27
9510418,7,2,5,7,1,6,11
9710379,20,5,15,30,4,16,82
9912345,2,2,0,0,0,2,15
9405341,60,6,54,280,37,23,27
9912271,8,6,2,3,1,7,42
9910219,4,1,3,4,0,4,17
8091,10,4,6,10,0,10,48
9808360,18,10,8,23,0,18,157
9509236,18,5,13,23,9,9,16
9610268,3,1,2,2,0,3,9
9603361,5,4,1,2,0,5,10
9707383,2,2,0,0,0,2,5
9508204,47,10,37,166,7,40,77
9411433,5,2,3,3,1,4,9
9410340,15,5,10,20,14,1,1
9702270,6,2,4,4,0,6,46
9306296,21,11,10,37,7,14,17
9406268,13,4,9,34,0,13,28
9610247,9,3,6,10,1,8,53
9408340,12,5,7,15,6,6,6
9804365,3,1,2,2,0,3,19
3256,4,1,3,5,0,4,12
9706368,3,1,2,3,3,0,0
105196,11,1,10,41,0,11,89
9809491,3,1,2,3,0,3,7
9705242,32,4,28,158,15,17,25
9412319,32,4,28,169,2,30,152
9901362,16,9,7,11,1,15,181
9512434,13,5,8,30,0,13,128
9509428,35,3,32,96,2,33,224
9707380,11,3,8,16,11,0,0
103125,81,8,73,727,2,79,259
9603316,3,3,0,0,2,1,2
9807385,5,1,4,8,0,5,7
107097,10,2,8,18,0,10,69
3138,3,2,1,1,0,3,9
11115,4,2,2,2,0,4,15
9912483,12,7,5,5,1,11,42
9211206,5,3,2,2,5,0,0
9405392,13,6,7,11,13,0,0
9408272,6,2,4,9,6,0,0
6232,12,4,8,22,0,12,34
9905552,9,4,5,12,0,9,44
9907229,11,3,8,19,1,10,27
10354,30,2,28,155,12,18,19
9609462,10,3,7,12,0,10,93
9909433,2,1,1,1,0,2,15
3091,7,4,3,7,0,7,30
102213,5,2,3,4,0,5,34
9912526,3,2,1,1,0,3,33
9710266,10,6,4,6,2,8,16
9304245,17,5,12,31,15,2,2
101105,6,4,2,2,0,6,38
9407317,25,7,18,87,1,24,73
7288,4,1,3,4,0,4,44
9802251,16,4,12,34,1,15,86
3271,5,2,3,5,0,5,16
202265,3,2,1,1,0,3,21
9801305,8,2,6,15,0,8,15
9604376,16,3,13,34,0,16,104
9812276,11,3,8,22,0,11,68
202031,10,4,6,7,0,10,41
9601391,8,5,3,3,2,6,21
9407284,0,0,0,0,0,0,0
111053,2,2,0,0,0,2,18
9608281,10,1,9,33,0,10,39
9701400,21,4,17,44,1,20,52
9509369,13,2,11,19,13,0,0
9602288,3,1,2,2,3,0,0
9708478,3,2,1,1,0,3,4
9301278,16,3,13,26,16,0,0
110216,8,4,4,9,0,8,133
108242,3,1,2,2,1,2,6
9509242,21,8,13,28,9,12,12
106278,13,3,10,26,0,13,197
9608344,5,1,4,5,0,5,9
9506253,12,1,11,43,0,12,25
4146,1,1,0,0,0,1,3
9309210,5,2,3,5,5,0,0
103300,24,7,17,79,1,23,55
9811450,1,1,0,0,0,1,3
9502412,4,2,2,4,4,0,0
9908433,28,7,21,56,14,14,71
9904428,7,3,4,8,1,6,35
9507245,9,6,3,6,9,0,0
8024,1,1,0,0,0,1,8
9602306,11,7,4,6,4,7,7
111150,36,12,24,75,1,35,245
9812519,0,0,0,0,0,0,0
9707208,29,10,19,46,2,27,60
9912524,9,3,6,24,0,9,114
9511223,2,1,1,1,2,0,0
8268,4,2,2,3,0,4,47
9401295,4,2,2,2,4,0,0
9602310,5,2,3,6,0,5,17
9703438,16,6,10,23,0,16,88
110246,4,2,2,2,0,4,28
9608328,2,1,1,1,2,0,0
9505277,11,4,7,14,1,10,14
2115,3,3,0,0,0,3,4
9606300,2,2,0,0,0,2,2
9208214,4,3,1,1,4,0,0
211315,1,1,0,0,0,1,8
9909521,1,1,0,0,0,1,2
9211242,4,2,2,3,4,0,0
9803460,31,5,26,115,2,29,173
9905407,10,5,5,10,0,10,53
9412283,39,2,37,157,11,28,40
9101,8,4,4,5,0,8,19
9903354,34,14,20,46,1,33,186
204291,8,2,6,12,0,8,25
206088,4,2,2,3,0,4,9
9707445,12,3,9,21,0,12,19
206162,34,4,30,93,1,33,204
9703265,4,1,3,4,0,4,4
108152,15,4,11,29,0,15,144
9909448,6,3,3,5,0,6,61
9806340,6,5,1,1,4,2,2
107264,13,4,9,30,1,12,63
203117,4,1,3,5,1,3,11
9906226,3,2,1,1,0,3,12
9809211,9,1,8,30,2,7,10
9505266,17,5,12,27,2,15,46
9809224,2,1,1,1,0,2,12
205011,2,1,1,1,0,2,6
10262,1,1,0,0,0,1,3
106240,16,3,13,30,0,16,233
9301272,3,3,0,0,3,0,0
9706244,3,1,2,3,0,3,5
9412295,9,2,7,15,2,7,8
9604355,13,4,9,14,1,12,19
9507452,10,2,8,17,0,10,40
9908246,13,3,10,30,0,13,94
9512248,27,3,24,81,2,25,57
9603390,11,2,9,28,7,4,10
9702416,3,2,1,1,0,3,8
9611463,11,2,9,24,1,10,30
106094,3,1,2,3,0,3,18
9407391,1,1,0,0,0,1,1
9510283,5,4,1,3,0,5,14
101100,2,2,0,0,0,2,3
9406299,21,2,19,104,17,4,6
9911324,2,1,1,1,1,1,2
106298,18,5,13,54,0,18,165
103316,7,2,5,15,0,7,50
9404236,12,3,9,23,6,6,6
9802390,6,1,5,11,0,6,13
5263,13,2,11,28,0,13,39
9701328,5,1,4,8,0,5,36
9807569,4,1,3,3,0,4,7
9503401,9,1,8,13,6,3,6
9912327,0,0,0,0,0,0,0
9608389,9,4,5,6,0,9,18
9810297,9,3,6,12,0,9,101
9506340,4,4,0,0,2,2,8
9905219,5,2,3,6,0,5,61
9912230,17,3,14,51,1,16,90
9711251,24,4,20,75,1,23,84
9902410,16,6,10,22,0,16,78
9907202,6,1,5,13,0,6,24
9405426,7,4,3,4,7,0,0
9608360,3,1,2,2,0,3,6
9702365,2,2,0,0,1,1,1
9704235,9,6,3,5,0,9,69
9908207,10,2,8,23,10,0,0
9802429,5,3,2,2,0,5,18
207114,2,1,1,1,0,2,11
9402323,1,1,0,0,1,0,0
9703377,11,2,9,16,8,3,3
9810408,26,5,21,62,10,16,37
9609347,2,2,0,0,0,2,8
9603364,3,2,1,1,0,3,10
9510453,8,3,5,8,0,8,63
9702368,5,1,4,6,0,5,16
9511343,7,2,5,6,0,7,48
107281,2,2,0,0,0,2,11
9605298,32,12,20,55,1,31,87
111267,11,4,7,9,1,10,45
9603450,16,1,15,41,0,16,33
107157,8,4,4,5,0,8,56
9709415,6,3,3,3,6,0,0
3174,7,4,3,3,1,6,50
12178,6,3,3,3,0,6,45
103195,2,1,1,1,0,2,43
210436,2,2,0,0,0,2,14
201197,17,1,16,50,0,17,97
4148,8,4,4,11,0,8,54
9411304,6,3,3,4,3,3,3
6044,0,0,0,0,0,0,0
9509206,1,1,0,0,0,1,1
9710434,4,3,1,1,0,4,50
9402304,4,3,1,1,4,0,0
204004,31,6,25,70,0,31,129
110147,1,1,0,0,0,1,5
9811487,2,1,1,1,2,0,0
9801395,1,1,0,0,0,1,2
9709255,1,1,0,0,0,1,10
9806408,3,2,1,1,0,3,10
9902338,4,1,3,4,0,4,40
9903490,5,3,2,2,2,3,16
12057,14,5,9,33,0,14,59
2076,4,2,2,4,0,4,26
211012,1,1,0,0,0,1,4
3176,1,1,0,0,0,1,1
9907383,9,5,4,9,7,2,3
9908464,7,5,2,3,3,4,6
9403248,10,2,8,15,5,5,8
7185,9,2,7,17,0,9,81
9805398,5,1,4,4,5,0,0
9907254,17,7,10,19,0,17,30
11053,16,1,15,64,1,15,117
9807286,10,4,6,11,1,9,14
9605201,6,4,2,2,0,6,61
5234,11,2,9,20,0,11,103
9807268,5,3,2,2,2,3,4
9903385,10,3,7,22,0,10,113
9904475,5,4,1,1,0,5,31
9805435,3,1,2,2,1,2,3
9911304,5,2,3,6,0,5,48
9609470,5,3,2,2,0,5,6
2241,10,6,4,9,1,9,21
9303290,2,1,1,1,2,0,0
9803464,10,6,4,6,0,10,46
9403379,10,4,6,12,10,0,0
9806428,17,3,14,49,0,17,28
9911452,5,3,2,4,0,5,15
203099,8,1,7,18,0,8,127
107231,3,2,1,2,0,3,30
101104,2,2,0,0,1,1,1
9704301,34,4,30,110,24,10,11
103238,1,1,0,0,0,1,5
1112,9,4,5,11,0,9,13
7011,11,2,9,14,2,9,37
206243,2,2,0,0,0,2,9
9407274,5,4,1,1,4,1,1
9807383,4,1,3,4,3,1,1
207181,1,1,0,0,1,0,0
9901307,3,3,0,0,1,2,3
9611264,6,2,4,7,0,6,28
9909427,3,3,0,0,1,2,5
112148,7,5,2,2,0,7,17
9812258,12,6,6,7,6,6,11
9712209,16,3,13,47,3,13,65
201211,6,4,2,3,0,6,25
9911291,12,2,10,25,5,7,12
110299,2,2,0,0,1,1,1
9702382,0,0,0,0,0,0,0
111244,21,4,17,34,0,21,220
107044,1,1,0,0,0,1,3
9074,2,1,1,1,0,2,10
208080,18,3,15,54,0,18,88
9705370,2,2,0,0,0,2,10
9302230,5,2,3,8,5,0,0
9704419,3,2,1,1,3,0,0
9401356,7,3,4,8,7,0,0
9902446,3,1,2,3,0,3,10
9607349,9,6,3,5,5,4,5
9712379,2,1,1,1,0,2,8
9712376,2,1,1,1,2,0,0
9604443,15,3,12,43,1,14,29
9502279,12,8,4,8,0,12,12
8042,5,2,3,5,0,5,16
206030,4,2,2,2,0,4,33
110270,2,2,0,0,0,2,22
301117,0,0,0,0,0,0,0
9709312,5,1,4,7,1,4,7
9701338,15,3,12,37,2,13,24
9702427,0,0,0,0,0,0,0
209147,3,2,1,1,1,2,5
4137,13,2,11,37,6,7,16
206101,16,5,11,28,0,16,104
106124,12,2,10,21,0,12,138
302076,0,0,0,0,0,0,0
9606229,12,6,6,17,1,11,45
9303262,2,1,1,1,2,0,0
9903247,1,1,0,0,0,1,5
9708231,2,1,1,1,1,1,4
10166,2,1,1,1,0,2,3
9610445,21,7,14,43,8,13,29
9712202,2,2,0,0,0,2,8
9603323,1,1,0,0,0,1,2
111004,1,1,0,0,0,1,33
9405220,11,4,7,18,5,6,6
9405244,3,3,0,0,0,3,11
103175,4,1,3,3,0,4,4
9505279,9,3,6,17,9,0,0
9905374,5,4,1,1,0,5,40
9212230,4,3,1,2,1,3,3
9606236,0,0,0,0,0,0,0
9501404,8,3,5,11,1,7,26
9805336,3,3,0,0,0,3,33
9711290,2,1,1,1,0,2,21
9806444,6,4,2,2,2,4,7
9609310,1,1,0,0,0,1,2
9504276,8,4,4,5,4,4,4
9901376,17,2,15,52,4,13,33
9711385,3,3,0,0,0,3,17
110047,4,1,3,4,1,3,5
9710271,3,1,2,3,1,2,2
7021,4,1,3,5,0,4,15
9610440,10,2,8,12,2,8,16
302070,2,1,1,1,1,1,1
9806445,1,1,0,0,0,1,5
10259,1,1,0,0,0,1,10
12090,3,3,0,0,0,3,8
9909332,11,4,7,15,0,11,61
9806466,1,1,0,0,0,1,2
206241,11,6,5,7,0,11,165
9801354,0,0,0,0,0,0,0
9503408,3,2,1,1,1,2,2
9410350,1,1,0,0,1,0,0
9711399,2,2,0,0,0,2,10
9608293,0,0,0,0,0,0,0
11154,1,1,0,0,0,1,1
107018,4,3,1,2,2,2,3
9708330,3,1,2,3,0,3,70
204280,7,2,5,13,1,6,14
10081,5,3,2,3,0,5,25
3188,11,4,7,17,0,11,93
8141,3,2,1,1,2,1,3
9702228,1,1,0,0,0,1,2
9804216,1,1,0,0,1,0,0
8243,4,1,3,6,4,0,0
9711256,4,2,2,3,0,4,19
9911329,5,3,2,3,1,4,18
9907322,8,2,6,25,2,6,34
110221,8,4,4,4,0,8,85
9511455,18,3,15,45,3,15,37
9911500,0,0,0,0,0,0,0
202178,6,1,5,8,0,6,55
205185,2,2,0,0,0,2,13
9906402,8,4,4,5,0,8,22
9809421,3,1,2,2,0,3,7
9406403,1,1,0,0,0,1,1
9710538,9,3,6,11,0,9,49
9803489,4,3,1,1,0,4,10
9912497,1,1,0,0,0,1,2
9801205,9,4,5,8,4,5,5
9412251,3,2,1,1,3,0,0
9807243,6,3,3,3,2,4,18
6245,0,0,0,0,0,0,0
9702267,1,1,0,0,0,1,7
108271,3,3,0,0,0,3,6
211017,0,0,0,0,0,0,0
205219,4,1,3,3,0,4,44
9512304,1,1,0,0,0,1,6
9607230,1,1,0,0,0,1,5
9507411,1,1,0,0,0,1,3
9308313,1,1,0,0,0,1,2
9503293,7,3,4,8,7,0,0
9408338,1,1,0,0,0,1,1
111147,4,2,2,3,0,4,23
9911222,1,1,0,0,0,1,4
205245,2,1,1,1,0,2,2
10134,3,1,2,2,1,2,2
9612205,7,3,4,12,0,7,39
203135,15,9,6,8,1,14,67
12080,12,3,9,29,3,9,11
204305,2,1,1,1,0,2,4
9910349,1,1,0,0,1,0,0
9606248,0,0,0,0,0,0,0
102248,1,1,0,0,0,1,4
205065,2,2,0,0,0,2,25
9906390,0,0,0,0,0,0,0
11111,2,1,1,1,0,2,11
108163,1,1,0,0,0,1,10
9409414,0,0,0,0,0,0,0
109281,2,1,1,1,1,1,1
111368,1,1,0,0,1,0,0
102277,4,1,3,5,4,0,0
212026,2,1,1,1,0,2,20
109051,2,2,0,0,0,2,3
204142,8,2,6,12,0,8,38
9207223,3,3,0,0,3,0,0
204183,0,0,0,0,0,0,0
6272,1,1,0,0,0,1,4
201301,2,2,0,0,0,2,21
9707388,2,2,0,0,0,2,2
108127,5,2,3,5,0,5,14
103128,4,1,3,4,4,0,0
9709446,0,0,0,0,0,0,0
9806349,0,0,0,0,0,0,0
102101,3,2,1,1,0,3,4
9512308,1,1,0,0,1,0,0
9804449,3,2,1,1,0,3,7
210206,2,2,0,0,0,2,30
106191,1,1,0,0,0,1,12
9605361,5,3,2,3,1,4,23
5078,1,1,0,0,0,1,1
11274,3,1,2,2,0,3,12
6043,7,3,4,9,0,7,48
104169,1,1,0,0,0,1,8
9512352,3,2,1,1,3,0,0
9804338,5,3,2,3,0,5,16
211195,0,0,0,0,0,0,0
201310,1,1,0,0,0,1,9
9803223,0,0,0,0,0,0,0
102086,5,2,3,4,0,5,21
9804423,0,0,0,0,0,0,0
204238,0,0,0,0,0,0,0
9904371,2,2,0,0,0,2,7
9709478,1,1,0,0,0,1,5
7172,12,3,9,36,2,10,42
9903253,4,1,3,3,0,4,5
9606424,0,0,0,0,0,0,0
11089,5,3,2,2,0,5,22
9808411,3,2,1,1,3,0,0
208271,1,1,0,0,0,1,1
9906460,9,1,8,22,0,9,24
9606264,15,4,11,22,15,0,0
9808440,2,1,1,1,0,2,10
9412292,1,1,0,0,1,0,0
9809324,4,1,3,4,1,3,6
9708401,1,1,0,0,0,1,1
6157,9,5,4,7,2,7,16
101043,2,2,0,0,0,2,22
9206233,4,4,0,0,4,0,0
10094,0,0,0,0,0,0,0
111071,0,0,0,0,0,0,0
9908467,5,1,4,5,1,4,7
7255,7,3,4,8,3,4,9
9409239,0,0,0,0,0,0,0
101082,0,0,0,0,0,0,0
204147,2,2,0,0,0,2,5
210389,0,0,0,0,0,0,0
206074,3,3,0,0,0,3,7
9710466,1,1,0,0,0,1,2
206163,1,1,0,0,0,1,4
9606298,1,1,0,0,1,0,0
111192,0,0,0,0,0,0,0
9910414,2,1,1,1,0,2,2
9804314,0,0,0,0,0,0,0
9805417,1,1,0,0,0,1,2
3252,0,0,0,0,0,0,0
9608468,1,1,0,0,0,1,5
112072,1,1,0,0,0,1,3
9904439,3,2,1,1,3,0,0
2252,13,4,9,22,12,1,1
12015,13,3,10,23,0,13,48
9911322,2,1,1,1,0,2,8
210039,0,0,0,0,0,0,0
5071,2,2,0,0,1,1,14
9409249,0,0,0,0,0,0,0
103334,0,0,0,0,0,0,0
9301233,6,6,0,0,6,0,0
208151,0,0,0,0,0,0,0
9707361,1,1,0,0,1,0,0
9412357,1,1,0,0,1,0,0
9905230,1,1,0,0,0,1,2
9804328,1,1,0,0,1,0,0
9501209,0,0,0,0,0,0,0
212292,0,0,0,0,0,0,0
11388,1,1,0,0,0,1,4
209057,0,0,0,0,0,0,0
301219,1,1,0,0,0,1,20
7250,4,1,3,4,0,4,11
2165,5,4,1,1,0,5,10
9708205,6,1,5,13,1,5,11
9501248,1,1,0,0,1,0,0
207125,8,3,5,13,1,7,25
9812356,0,0,0,0,0,0,0
9909546,1,1,0,0,0,1,1
9811277,0,0,0,0,0,0,0
206270,3,1,2,2,0,3,19
201118,0,0,0,0,0,0,0
112155,1,1,0,0,0,1,1
9503242,0,0,0,0,0,0,0
9707493,1,1,0,0,0,1,1
2097,5,2,3,4,0,5,14
9908273,1,1,0,0,1,0,0
9911249,1,1,0,0,0,1,6
209142,1,1,0,0,0,1,2
9807323,4,3,1,1,0,4,13
9605383,2,2,0,0,0,2,3
112199,5,3,2,2,0,5,63
9709371,8,4,4,6,1,7,17
12049,9,6,3,3,0,9,43
9408329,0,0,0,0,0,0,0
9509280,1,1,0,0,1,0,0
9906494,0,0,0,0,0,0,0
108042,0,0,0,0,0,0,0
9711274,0,0,0,0,0,0,0
211421,2,1,1,1,0,2,10
102346,1,1,0,0,1,0,0
9703378,6,2,4,8,1,5,5
302203,0,0,0,0,0,0,0
9909449,2,2,0,0,0,2,8
9602291,4,2,2,3,4,0,0
9910369,1,1,0,0,0,1,1
9410227,1,1,0,0,1,0,0
9610552,0,0,0,0,0,0,0
202020,1,1,0,0,0,1,1
9803282,5,2,3,3,0,5,21
6010,1,1,0,0,1,0,0
205188,1,1,0,0,1,0,0
1106,0,0,0,0,0,0,0
7130,2,2,0,0,2,0,0
7084,2,1,1,1,2,0,0
9710253,4,2,2,2,0,4,12
9510412,0,0,0,0,0,0,0
9605218,1,1,0,0,0,1,4
9805465,0,0,0,0,0,0,0
108050,2,1,1,1,1,1,4
9906303,3,1,2,3,0,3,12
102031,0,0,0,0,0,0,0
9710490,0,0,0,0,0,0,0
9905271,7,5,2,2,1,6,34
206268,0,0,0,0,0,0,0
111437,2,2,0,0,2,0,0
9906254,2,2,0,0,0,2,5
9610547,3,1,2,2,3,0,0
105109,7,4,3,3,0,7,26
110330,0,0,0,0,0,0,0
9059,2,2,0,0,1,1,1
12203,5,1,4,10,0,5,27
210218,0,0,0,0,0,0,0
9912416,4,2,2,2,4,0,0
206127,0,0,0,0,0,0,0
211462,1,1,0,0,0,1,3
9214,2,2,0,0,0,2,12
9607358,1,1,0,0,0,1,1
9911485,2,1,1,1,2,0,0
9506353,0,0,0,0,0,0,0
204207,1,1,0,0,1,0,0
9611220,2,2,0,0,0,2,2
9402201,4,2,2,3,4,0,0
9310318,0,0,0,0,0,0,0
2017,1,1,0,0,1,0,0
9807511,0,0,0,0,0,0,0
5010,0,0,0,0,0,0,0
9808373,1,1,0,0,0,1,9
302155,0,0,0,0,0,0,0
101210,2,2,0,0,2,0,0
9506377,0,0,0,0,0,0,0
110145,0,0,0,0,0,0,0
9405305,0,0,0,0,0,0,0
9910339,1,1,0,0,0,1,6
204012,1,1,0,0,1,0,0
208037,0,0,0,0,0,0,0
9906391,3,2,1,2,0,3,3
9910454,2,1,1,1,0,2,4
9511427,1,1,0,0,1,0,0
9705322,0,0,0,0,0,0,0
111225,1,1,0,0,0,1,6
109232,5,4,1,1,0,5,23
9610482,0,0,0,0,0,0,0
1020,0,0,0,0,0,0,0
102006,2,2,0,0,0,2,4
209191,1,1,0,0,0,1,20
209214,3,2,1,1,0,3,38
9409262,0,0,0,0,0,0,0
9610353,2,2,0,0,0,2,12
203141,3,3,0,0,1,2,3
209029,2,2,0,0,0,2,7
9908292,1,1,0,0,0,1,3
9511226,0,0,0,0,0,0,0
106042,1,1,0,0,0,1,1
9911271,0,0,0,0,0,0,0
9508203,0,0,0,0,0,0,0
9903539,3,2,1,1,2,1,3
9510454,2,2,0,0,0,2,2
9804435,0,0,0,0,0,0,0
9807559,4,2,2,3,1,3,5
107047,1,1,0,0,1,0,0
9705468,1,1,0,0,0,1,1
9411351,2,2,0,0,2,0,0
7132,1,1,0,0,0,1,5
9809296,1,1,0,0,0,1,1
201299,4,4,0,0,0,4,17
5299,0,0,0,0,0,0,0
111260,1,1,0,0,1,0,0
9909226,0,0,0,0,0,0,0
212208,1,1,0,0,0,1,1
9810463,4,4,0,0,0,4,6
6305,0,0,0,0,0,0,0
9809419,0,0,0,0,0,0,0
9511415,2,1,1,1,0,2,6
9703297,0,0,0,0,0,0,0
302021,1,1,0,0,0,1,2
9709416,0,0,0,0,0,0,0
301072,3,3,0,0,0,3,31
9808259,0,0,0,0,0,0,0
101130,0,0,0,0,0,0,0
106318,1,1,0,0,0,1,4
108155,0,0,0,0,0,0,0
9406269,1,1,0,0,1,0,0
101119,3,2,1,1,0,3,26
110412,1,1,0,0,0,1,3
9806517,0,0,0,0,0,0,0
9810399,0,0,0,0,0,0,0
12233,1,1,0,0,1,0,0
3099,3,3,0,0,2,1,1
208065,0,0,0,0,0,0,0
4078,1,1,0,0,1,0,0
9611448,1,1,0,0,0,1,11
108107,1,1,0,0,1,0,0
111213,2,1,1,1,2,0,0
6210,3,1,2,2,0,3,3
205320,0,0,0,0,0,0,0
112286,1,1,0,0,1,0,0
9910397,1,1,0,0,0,1,4
9912291,0,0,0,0,0,0,0
9808260,1,1,0,0,0,1,5
9405351,3,2,1,1,2,1,2
10282,2,1,1,1,0,2,8
8170,1,1,0,0,1,0,0
205226,0,0,0,0,0,0,0
9909215,2,2,0,0,1,1,1
12150,3,2,1,1,0,3,18
102160,1,1,0,0,0,1,2
111221,1,1,0,0,0,1,7
10307,4,2,2,4,4,0,0
9912279,1,1,0,0,0,1,6
302133,0,0,0,0,0,0,0
201113,3,3,0,0,0,3,11
9804409,1,1,0,0,1,0,0
112035,1,1,0,0,0,1,8
302206,0,0,0,0,0,0,0
301184,0,0,0,0,0,0,0
108062,4,1,3,6,0,4,9
111124,1,1,0,0,0,1,3
9911261,0,0,0,0,0,0,0
208054,0,0,0,0,0,0,0
7165,0,0,0,0,0,0,0
9812241,0,0,0,0,0,0,0
9908201,3,1,2,3,1,2,2
202142,0,0,0,0,0,0,0
107010,4,2,2,3,0,4,29
106062,0,0,0,0,0,0,0
9707246,0,0,0,0,0,0,0
110231,0,0,0,0,0,0,0
112154,2,2,0,0,0,2,14
209374,0,0,0,0,0,0,0
201155,2,1,1,1,0,2,14
9704270,0,0,0,0,0,0,0
210214,1,1,0,0,1,0,0
105241,0,0,0,0,0,0,0
9903533,2,1,1,1,0,2,14
9510414,0,0,0,0,0,0,0
9507370,0,0,0,0,0,0,0
9510416,1,1,0,0,1,0,0
9906367,1,1,0,0,1,0,0
9612317,0,0,0,0,0,0,0
9511346,0,0,0,0,0,0,0
207252,0,0,0,0,0,0,0
107079,0,0,0,0,0,0,0
9808365,0,0,0,0,0,0,0
110170,0,0,0,0,0,0,0
204033,0,0,0,0,0,0,0
9506373,0,0,0,0,0,0,0
202253,2,2,0,0,0,2,3
9908210,1,1,0,0,1,0,0
9702344,0,0,0,0,0,0,0
301274,1,1,0,0,1,0,0
11331,0,0,0,0,0,0,0
204137,0,0,0,0,0,0,0
9904451,0,0,0,0,0,0,0
9504201,1,1,0,0,1,0,0
9710366,1,1,0,0,1,0,0
301223,0,0,0,0,0,0,0
211015,1,1,0,0,0,1,1
9701327,0,0,0,0,0,0,0
111153,0,0,0,0,0,0,0
9908492,0,0,0,0,0,0,0
211425,0,0,0,0,0,0,0
7225,0,0,0,0,0,0,0
11063,0,0,0,0,0,0,0
208186,0,0,0,0,0,0,0
9902455,0,0,0,0,0,0,0
9410379,0,0,0,0,0,0,0
211208,0,0,0,0,0,0,0
108038,0,0,0,0,0,0,0
105085,1,1,0,0,0,1,2
9301266,1,1,0,0,1,0,0
9902459,0,0,0,0,0,0,0
6308,0,0,0,0,0,0,0
9910556,0,0,0,0,0,0,0
9903269,0,0,0,0,0,0,0
206274,0,0,0,0,0,0,0
9909460,0,0,0,0,0,0,0
210375,0,0,0,0,0,0,0
9901263,0,0,0,0,0,0,0
210317,0,0,0,0,0,0,0
205159,1,1,0,0,0,1,4
2173,0,0,0,0,0,0,0
10005,0,0,0,0,0,0,0
9905393,0,0,0,0,0,0,0
211060,0,0,0,0,0,0,0
9605251,1,1,0,0,1,0,0
9308306,2,1,1,1,2,0,0
9907369,1,1,0,0,0,1,4
207361,0,0,0,0,0,0,0
110226,0,0,0,0,0,0,0
9909213,0,0,0,0,0,0,0
212164,0,0,0,0,0,0,0
109033,1,1,0,0,0,1,3
9310300,0,0,0,0,0,0,0
9603296,0,0,0,0,0,0,0
9604368,1,1,0,0,1,0,0
10095,1,1,0,0,0,1,1
212031,0,0,0,0,0,0,0
9402344,0,0,0,0,0,0,0
9507207,0,0,0,0,0,0,0
4045,0,0,0,0,0,0,0
9407358,0,0,0,0,0,0,0
9602219,0,0,0,0,0,0,0
107045,0,0,0,0,0,0,0
208033,1,1,0,0,0,1,1
9909503,0,0,0,0,0,0,0
9604450,1,1,0,0,0,1,2
9503458,0,0,0,0,0,0,0
12263,1,1,0,0,1,0,0
210166,0,0,0,0,0,0,0
11300,1,1,0,0,0,1,3
9602252,0,0,0,0,0,0,0
9807401,0,0,0,0,0,0,0
9908437,0,0,0,0,0,0,0
9608237,0,0,0,0,0,0,0
9711209,0,0,0,0,0,0,0
9903243,1,1,0,0,0,1,3
9507390,0,0,0,0,0,0,0
9904466,0,0,0,0,0,0,0
210010,0,0,0,0,0,0,0
102154,0,0,0,0,0,0,0
207033,0,0,0,0,0,0,0
9068,1,1,0,0,0,1,2
9905492,1,1,0,0,0,1,11
301247,0,0,0,0,0,0,0
9810222,0,0,0,0,0,0,0
212075,0,0,0,0,0,0,0
9804442,0,0,0,0,0,0,0
302182,0,0,0,0,0,0,0
9511251,0,0,0,0,0,0,0
207218,0,0,0,0,0,0,0
2159,0,0,0,0,0,0,0
205155,0,0,0,0,0,0,0
9810422,0,0,0,0,0,0,0
9604293,0,0,0,0,0,0,0
9905370,0,0,0,0,0,0,0
111129,1,1,0,0,0,1,8
9203221,1,1,0,0,1,0,0
8027,0,0,0,0,0,0,0
9810544,0,0,0,0,0,0,0
9909252,1,1,0,0,0,1,5
9702233,1,1,0,0,0,1,1
9403296,1,1,0,0,1,0,0
206132,0,0,0,0,0,0,0
9707545,0,0,0,0,0,0,0
9812227,0,0,0,0,0,0,0
212159,0,0,0,0,0,0,0
9909342,0,0,0,0,0,0,0
9609489,0,0,0,0,0,0,0
106006,0,0,0,0,0,0,0
4149,1,1,0,0,0,1,3
9712490,0,0,0,0,0,0,0
110134,0,0,0,0,0,0,0
106317,1,1,0,0,0,1,5
9207211,2,2,0,0,2,0,0
101069,0,0,0,0,0,0,0
301190,0,0,0,0,0,0,0
111404,1,1,0,0,0,1,1
103019,1,1,0,0,0,1,5
9505400,0,0,0,0,0,0,0
301135,0,0,0,0,0,0,0
210264,0,0,0,0,0,0,0
9610550,0,0,0,0,0,0,0
109229,0,0,0,0,0,0,0
9705421,1,1,0,0,1,0,0
11344,0,0,0,0,0,0,0
9911259,1,1,0,0,1,0,0
111378,0,0,0,0,0,0,0
9410210,0,0,0,0,0,0,0
205236,0,0,0,0,0,0,0
204329,0,0,0,0,0,0,0
9709512,0,0,0,0,0,0,0
206142,0,0,0,0,0,0,0
204130,0,0,0,0,0,0,0
211304,0,0,0,0,0,0,0
11010,1,1,0,0,1,0,0
9902477,0,0,0,0,0,0,0
209279,0,0,0,0,0,0,0
101240,0,0,0,0,0,0,0
9807232,0,0,0,0,0,0,0
207212,0,0,0,0,0,0,0
112256,0,0,0,0,0,0,0
302069,0,0,0,0,0,0,0
9805431,0,0,0,0,0,0,0
7282,0,0,0,0,0,0,0
205164,0,0,0,0,0,0,0
210337,0,0,0,0,0,0,0
9506294,0,0,0,0,0,0,0
9505381,0,0,0,0,0,0,0
211253,0,0,0,0,0,0,0
9912252,0,0,0,0,0,0,0
9809274,0,0,0,0,0,0,0
9903266,0,0,0,0,0,0,0
302211,0,0,0,0,0,0,0
7235,0,0,0,0,0,0,0
201037,0,0,0,0,0,0,0
9507392,0,0,0,0,0,0,0
9704218,0,0,0,0,0,0,0
9803443,1,1,0,0,0,1,3
9905553,1,1,0,0,0,1,1
209157,0,0,0,0,0,0,0
9610459,0,0,0,0,0,0,0
301043,0,0,0,0,0,0,0
212044,0,0,0,0,0,0,0
301225,0,0,0,0,0,0,0
210079,0,0,0,0,0,0,0
9305,0,0,0,0,0,0,0
9307246,1,1,0,0,1,0,0
112093,0,0,0,0,0,0,0
203259,0,0,0,0,0,0,0
301222,0,0,0,0,0,0,0
302033,0,0,0,0,0,0,0
209311,0,0,0,0,0,0,0
9605293,1,1,0,0,1,0,0
212247,0,0,0,0,0,0,0
9607231,0,0,0,0,0,0,0
111455,0,0,0,0,0,0,0
206048,0,0,0,0,0,0,0
9902285,0,0,0,0,0,0,0
12112,0,0,0,0,0,0,0
110135,1,1,0,0,0,1,3
209033,0,0,0,0,0,0,0
9404286,0,0,0,0,0,0,0
201172,0,0,0,0,0,0,0
112041,0,0,0,0,0,0,0
9612258,1,1,0,0,0,1,1
9210215,4,4,0,0,4,0,0
9210,2,2,0,0,0,2,6
9812396,70,12,58,318,0,70,681
9806501,22,4,18,49,3,19,39
11396,5,3,2,2,0,5,22
301097,0,0,0,0,0,0,0
9905281,12,5,7,12,12,0,0
12351,19,5,14,38,0,19,79
106344,2,2,0,0,1,1,7
9410230,26,2,24,131,26,0,0
9612424,35,3,32,173,1,34,208
9806401,11,7,4,5,1,10,53
208014,5,3,2,4,0,5,61
9207249,16,5,11,18,16,0,0
9602390,16,2,14,31,5,11,18
9905468,2,1,1,1,1,1,6
9509275,4,1,3,3,1,3,6
104016,6,5,1,1,2,4,9
110320,17,8,9,21,2,15,66
9310253,22,4,18,58,22,0,0
9603434,1,1,0,0,0,1,1
9504413,28,5,23,89,4,24,43
9611334,2,1,1,1,1,1,1
9302223,29,6,23,97,29,0,0
9503375,21,5,16,37,1,20,45
9812460,1,1,0,0,0,1,1
9707203,15,2,13,44,0,15,43
9912457,59,5,54,284,0,59,356
9402229,22,4,18,85,5,17,32
9906487,66,3,63,517,0,66,535
9807449,9,3,6,17,5,4,7
9904303,16,2,14,35,1,15,59
9808270,59,11,48,226,3,56,280
9902261,1,1,0,0,0,1,3
9809401,10,2,8,22,5,5,5
9701306,4,3,1,2,0,4,8
9808419,11,6,5,11,0,11,50
9504287,33,6,27,121,24,9,11
9810467,14,4,10,24,2,12,23
9910230,20,1,19,71,0,20,50
9606460,28,3,25,76,6,22,22
9411366,68,4,64,427,38,30,51
9702400,12,7,5,6,4,8,27
9711288,4,3,1,1,0,4,10
9509365,14,4,10,25,5,9,9
9308329,21,5,16,44,3,18,25
9303274,62,21,41,196,62,0,0
9803308,17,6,11,18,1,16,74
9703444,24,2,22,65,7,17,50
9707355,21,4,17,40,0,21,164
108103,18,9,9,16,2,16,49
9905397,16,4,12,37,2,14,60
9705304,82,3,79,451,7,75,136
12371,11,4,7,11,2,9,83
9910237,31,2,29,161,1,30,230
9805442,38,2,36,166,5,33,88
9609344,19,4,15,63,0,19,116
9704307,15,6,9,22,1,14,202
9603379,9,1,8,25,9,0,0
9504424,15,4,11,28,3,12,41
9328,8,4,4,6,0,8,46
110253,9,7,2,4,0,9,43
9812358,64,4,60,319,21,43,107
9511255,30,2,28,164,3,27,117
9707368,8,2,6,9,1,7,14
9702318,54,6,48,224,2,52,211
9708398,19,5,14,33,15,4,4
9701342,18,8,10,21,11,7,11
9311209,4,2,2,3,4,0,0
9709267,10,4,6,15,0,10,38
9505352,38,4,34,136,7,31,48
9409229,17,3,14,28,16,1,1
9803315,636,2,634,9514,636,0,0
9601382,5,4,1,3,1,4,7
9308315,23,3,20,109,1,22,37
9505241,9,1,8,15,1,8,33
9803399,14,4,10,17,0,14,42
9212246,24,5,19,105,24,0,0
9512328,72,2,70,391,21,51,135
9706325,3,1,2,3,0,3,3
9608491,48,6,42,324,34,14,19
9611278,3,1,2,3,0,3,19
9707463,23,4,19,45,6,17,31
9403363,9,7,2,2,9,0,0
2103,0,0,0,0,0,0,0
4270,7,4,3,8,1,6,13
9609468,9,3,6,9,6,3,9
9812411,4,1,3,4,3,1,1
9512206,19,4,15,63,19,0,0
9803385,4,4,0,0,1,3,7
9308287,51,9,42,202,4,47,206
9911427,29,4,25,88,5,24,77
9509230,6,1,5,10,0,6,12
9511409,12,4,8,21,0,12,262
9501320,12,6,6,10,9,3,3
9403383,60,9,51,147,17,43,72
9501334,90,12,78,597,19,71,74
9710463,37,4,33,150,11,26,72
9609287,7,2,5,6,1,6,18
9904305,8,2,6,11,7,1,4
5223,10,4,6,6,0,10,58
9707342,27,12,15,27,3,24,63
9909516,9,2,7,13,1,8,14
9902268,11,4,7,10,4,7,23
9807278,88,26,62,207,6,82,434
9510204,61,12,49,180,11,50,143
9609400,9,3,6,13,7,2,2
9908307,3,3,0,0,0,3,3
9506423,12,3,9,12,7,5,10
9806467,46,3,43,234,5,41,214
106110,8,4,4,4,0,8,46
4074,28,7,21,61,0,28,450
9302265,12,4,8,16,0,12,17
9908360,22,8,14,25,4,18,207
9173,17,6,11,16,0,17,254
211124,8,2,6,16,1,7,39
9905204,21,5,16,51,0,21,120
9403407,17,5,12,34,0,17,140
9509212,17,5,12,27,1,16,36
9808275,6,5,1,1,0,6,30
9210228,22,3,19,80,22,0,0
9804359,5,1,4,7,0,5,12
9503402,8,5,3,6,8,0,0
9806281,5,1,4,5,0,5,23
9511298,5,3,2,2,0,5,12
9404342,18,5,13,32,10,8,8
9707535,20,5,15,31,2,18,59
9412209,41,9,32,189,29,12,19
9902270,9,1,8,23,0,9,49
9809521,71,4,67,363,8,63,290
9612357,20,4,16,49,8,12,24
9906345,4,2,2,4,0,4,26
9704361,71,10,61,369,4,67,198
9705414,28,6,22,61,0,28,397
9601353,29,10,19,48,2,27,39
9305344,2,2,0,0,2,0,0
9408287,17,2,15,60,11,6,6
9809553,1,1,0,0,0,1,5
107154,13,2,11,26,0,13,106
9511317,8,2,6,16,0,8,24
9305214,1,1,0,0,1,0,0
9712551,16,9,7,13,0,16,83
9502252,16,8,8,14,0,16,78
9174,18,7,11,24,2,16,27
9906555,4,4,0,0,0,4,30
9607412,4,2,2,5,0,4,58
9508321,67,5,62,464,3,64,129
9208251,65,3,62,449,65,0,0
7120,11,9,2,5,0,11,54
5154,14,3,11,36,0,14,89
103218,20,4,16,67,0,20,295
9407351,13,1,12,24,5,8,11
9308324,5,4,1,1,0,5,6
9409454,30,6,24,89,24,6,6
6319,28,6,22,82,0,28,326
105080,8,2,6,9,0,8,44
9305230,12,1,11,25,12,0,0
9909456,39,6,33,123,2,37,136
9902232,12,2,10,31,0,12,31
9708343,2,2,0,0,0,2,20
9907494,15,4,11,46,1,14,20
9402270,29,4,25,57,29,0,0
9907507,9,2,7,20,2,7,18
8209,10,3,7,10,0,10,70
6190,4,4,0,0,0,4,63
9907223,3,2,1,1,0,3,26
9408245,98,7,91,724,98,0,0
9812523,15,4,11,35,0,15,57
211169,1,1,0,0,0,1,18
9705305,12,1,11,26,0,12,25
209219,6,3,3,5,0,6,19
111099,39,3,36,274,0,39,306
9912287,36,7,29,85,0,36,466
201232,14,1,13,46,0,14,239
9909335,4,1,3,4,4,0,0
9404299,6,3,3,6,6,0,0
9909555,18,8,10,20,0,18,113
106336,22,6,16,53,0,22,182
6251,14,2,12,40,2,12,52
9411241,15,4,11,30,6,9,24
103251,8,4,4,9,0,8,33
10260,9,3,6,11,0,9,61
9405239,23,4,19,81,7,16,29
9309208,3,3,0,0,3,0,0
9910205,30,10,20,59,6,24,117
9703301,5,2,3,4,3,2,5
203004,1,1,0,0,0,1,2
9707243,12,3,9,24,0,12,52
9411388,13,5,8,20,13,0,0
9406267,13,3,10,14,13,0,0
9501324,43,3,40,252,0,43,114
9503394,16,7,9,23,8,8,14
9609504,14,4,10,24,0,14,104
9610401,16,5,11,23,0,16,61
9609316,5,4,1,1,0,5,9
9607233,15,2,13,47,4,11,14
9512384,5,1,4,6,0,5,19
9507253,69,4,65,404,5,64,216
9204216,26,6,20,73,26,0,0
105053,15,3,12,31,0,15,87
9709330,9,3,6,11,1,8,54
9801201,5,4,1,1,1,4,41
9308304,8,4,4,6,7,1,1
9502380,0,0,0,0,0,0,0
9807282,32,5,27,92,21,11,12
9912370,3,3,0,0,0,3,11
9909541,17,6,11,23,0,17,68
9310236,58,4,54,386,58,0,0
9903498,32,2,30,102,2,30,251
9609360,18,6,12,17,12,6,6
9710340,4,2,2,2,1,3,3
9310261,57,16,41,162,57,0,0
9807298,12,3,9,16,0,12,42
9705344,52,14,38,176,2,50,224
9908387,11,4,7,19,1,10,38
9510449,93,20,73,392,9,84,275
9808248,26,7,19,54,0,26,186
9910388,13,4,9,30,0,13,58
9409423,2,2,0,0,1,1,1
9812513,8,3,5,8,0,8,34
8241,20,6,14,29,0,20,116
9252,2,1,1,1,0,2,12
9810364,13,5,8,12,0,13,81
9401264,16,6,10,30,16,0,0
9706534,34,8,26,89,1,33,156
9605271,3,1,2,3,2,1,5
9707488,15,3,12,29,1,14,72
9509259,4,2,2,2,2,2,3
9308226,8,7,1,1,1,7,11
9311301,7,5,2,3,7,0,0
9704228,22,4,18,57,22,0,0
9307210,11,2,9,15,11,0,0
9406270,3,2,1,1,0,3,9
9610335,5,2,3,4,0,5,24
9212212,34,7,27,107,34,0,0
9706332,3,2,1,1,0,3,27
4100,6,4,2,2,0,6,65
9806318,1,1,0,0,1,0,0
9605301,21,8,13,50,15,6,6
9904349,7,1,6,10,0,7,16
9706551,9,1,8,16,4,5,8
9503377,21,3,18,77,1,20,123
9308279,11,3,8,13,11,0,0
9404259,3,3,0,0,1,2,3
9710342,12,6,6,14,2,10,21
9801253,7,3,4,4,0,7,7
12275,1,1,0,0,0,1,1
9604395,4,3,1,1,2,2,2
9811225,10,5,5,11,1,9,29
110203,3,1,2,3,0,3,22
8228,1,1,0,0,0,1,8
12346,14,2,12,26,1,13,64
9212279,11,2,9,21,11,0,0
9310262,3,1,2,2,3,0,0
9401339,3,1,2,3,3,0,0
9511282,0,0,0,0,0,0,0
9003,6,4,2,6,0,6,24
9911226,2,2,0,0,0,2,10
9907436,32,3,29,120,1,31,149
11332,16,2,14,46,1,15,21
9612405,5,2,3,5,0,5,21
9909499,3,2,1,1,0,3,11
9811505,10,1,9,36,0,10,20
103063,16,3,13,18,1,15,79
105037,17,4,13,27,0,17,193
9503464,21,5,16,56,8,13,26
9304272,8,3,5,10,8,0,0
112228,6,2,4,7,0,6,19
9408250,16,6,10,38,2,14,23
9412329,8,4,4,6,0,8,8
9804339,13,3,10,27,0,13,70
9904334,9,2,7,14,2,7,19
9604416,49,6,43,195,13,36,64
9302219,12,3,9,18,12,0,0
9608392,14,8,6,9,0,14,162
9906307,3,2,1,1,2,1,16
208228,5,4,1,1,0,5,47
9601261,2,2,0,0,0,2,6
9303219,4,3,1,1,3,1,1
102186,2,1,1,1,0,2,8
9503322,3,2,1,1,3,0,0
9506448,24,3,21,69,1,23,34
9602225,13,4,9,23,13,0,0
9705384,5,2,3,3,0,5,11
9709240,6,1,5,8,0,6,14
9401288,13,2,11,24,8,5,5
9302295,11,4,7,25,11,0,0
9905392,26,8,18,46,8,18,33
9411397,13,5,8,23,1,12,28
106308,7,2,5,10,0,7,39
9804202,14,9,5,6,0,14,70
9511449,3,3,0,0,0,3,13
7093,3,3,0,0,0,3,4
9509257,4,3,1,1,1,3,3
8016,12,5,7,15,0,12,75
9204222,11,6,5,12,11,0,0
9406252,20,6,14,44,20,0,0
9905222,13,6,7,18,0,13,95
9506325,11,2,9,37,6,5,5
9602393,3,2,1,1,3,0,0
10308,9,5,4,9,0,9,34
9603223,2,2,0,0,0,2,2
112216,10,6,4,7,1,9,39
9501304,23,4,19,66,5,18,33
9604220,21,3,18,54,11,10,12
3059,0,0,0,0,0,0,0
9803488,23,5,18,45,8,15,19
9125,3,3,0,0,0,3,27
9802392,5,4,1,1,1,4,4
9301205,9,5,4,7,9,0,0
9706284,5,3,2,3,0,5,13
9402243,42,5,37,147,0,42,136
9608418,1,1,0,0,0,1,2
9603267,13,2,11,22,3,10,20
9603203,3,1,2,2,0,3,5
9231,3,2,1,1,0,3,32
9208239,4,3,1,1,4,0,0
204099,0,0,0,0,0,0,0
9911243,8,2,6,10,0,8,124
9212252,4,2,2,3,0,4,4
9810307,14,2,12,42,0,14,57
9812384,10,4,6,7,3,7,14
9501202,25,4,21,61,0,25,71
9207265,27,9,18,37,27,0,0
9902258,6,4,2,4,1,5,7
108216,19,3,16,56,1,18,36
207107,1,1,0,0,0,1,2
9708247,10,3,7,16,10,0,0
206193,5,4,1,1,0,5,21
9703362,3,3,0,0,0,3,4
210058,0,0,0,0,0,0,0
9410236,11,4,7,9,3,8,21
106246,7,3,4,7,0,7,19
108005,29,5,24,82,0,29,108
9908382,0,0,0,0,0,0,0
9806223,12,3,9,17,0,12,75
9809263,13,1,12,50,1,12,71
9507287,7,3,4,7,0,7,31
9403223,20,1,19,88,20,0,0
112135,10,4,6,14,0,10,57
9610310,8,2,6,8,1,7,11
107114,11,2,9,21,0,11,127
9207207,2,1,1,1,2,0,0
9411300,7,6,1,2,2,5,15
9309217,5,3,2,4,5,0,0
9502204,5,3,2,3,5,0,0
9606282,6,1,5,11,0,6,19
9710426,14,5,9,22,1,13,114
9609500,13,6,7,13,0,13,203
9606466,6,2,4,9,0,6,30
111028,7,5,2,3,0,7,11
9709208,7,3,4,8,0,7,20
202131,12,3,9,24,0,12,76
9503327,4,3,1,1,3,1,2
9610207,2,1,1,1,0,2,10
9806436,9,1,8,11,4,5,9
9407338,19,4,15,70,15,4,4
9912218,3,2,1,1,0,3,12
108221,12,2,10,24,0,12,150
9612348,3,1,2,3,3,0,0
9609261,2,2,0,0,0,2,3
9806382,16,3,13,57,0,16,144
111112,9,2,7,21,0,9,64
201281,4,1,3,3,1,3,11
9902339,10,2,8,29,0,10,28
9506334,2,1,1,1,0,2,8
9605210,3,3,0,0,3,0,0
9802380,5,5,0,0,4,1,1
9902401,4,2,2,3,0,4,63
9204217,8,3,5,6,8,0,0
9907380,10,2,8,15,0,10,40
9902395,7,4,3,5,0,7,51
9802282,7,3,4,7,0,7,29
9902451,62,8,54,281,0,62,430
9904490,9,3,6,10,9,0,0
9605411,4,1,3,4,0,4,7
9805369,0,0,0,0,0,0,0
110405,7,2,5,9,2,5,10
9402206,11,3,8,17,3,8,22
9612302,10,1,9,21,4,6,11
9808283,42,9,33,129,30,12,16
103047,5,1,4,4,2,3,13
9211232,3,3,0,0,3,0,0
9401203,6,2,4,6,6,0,0
9907399,18,3,15,42,1,17,40
9610509,2,1,1,1,1,1,2
103304,2,2,0,0,0,2,6
9603449,17,9,8,18,1,16,104
9601316,11,2,9,29,5,6,12
5158,6,3,3,5,0,6,16
8105,11,5,6,11,0,11,48
9506245,4,3,1,1,2,2,2
9710423,6,4,2,3,2,4,15
9802386,3,2,1,1,0,3,36
110029,3,2,1,1,0,3,23
9806383,9,2,7,15,0,9,16
9801323,2,1,1,1,0,2,3
206019,1,1,0,0,0,1,18
102228,9,3,6,12,0,9,106
101002,5,2,3,6,1,4,6
202088,13,1,12,33,0,13,74
9911435,5,2,3,3,0,5,35
9604367,4,4,0,0,0,4,20
9807294,6,4,2,2,1,5,5
9211311,17,8,9,26,17,0,0
9706288,8,4,4,11,0,8,139
9312337,1,1,0,0,1,0,0
208038,15,9,6,9,0,15,90
9149,6,3,3,3,0,6,28
103061,0,0,0,0,0,0,0
4235,15,4,11,38,3,12,40
9609266,9,3,6,10,1,8,38
9811221,8,4,4,10,1,7,13
9911332,7,2,5,10,0,7,48
1037,2,1,1,1,0,2,6
107212,9,3,6,14,0,9,46
3045,7,5,2,3,0,7,53
211019,4,2,2,2,0,4,20
9407314,18,10,8,13,7,11,11
9712462,3,1,2,2,2,1,1
9703225,8,3,5,8,5,3,3
9407370,4,3,1,2,0,4,4
7186,8,3,5,7,0,8,26
9805467,10,5,5,14,0,10,13
9809551,1,1,0,0,1,0,0
7025,8,3,5,9,6,2,2
9901374,6,6,0,0,4,2,4
9701316,2,2,0,0,0,2,16
9908373,2,2,0,0,0,2,25
9811349,12,3,9,21,0,12,85
9611304,5,4,1,1,1,4,17
101134,2,1,1,1,0,2,2
9508330,2,1,1,1,0,2,3
9912420,3,1,2,3,0,3,29
9711289,4,2,2,2,0,4,8
9912367,13,4,9,14,0,13,182
9509233,2,1,1,1,0,2,8
9406260,8,7,1,1,8,0,0
9801228,3,1,2,3,0,3,7
209047,1,1,0,0,0,1,5
9507239,2,2,0,0,1,1,2
204171,8,3,5,10,0,8,68
112297,7,3,4,5,0,7,57
9511333,19,8,11,11,8,11,21
9709419,9,4,5,9,9,0,0
9408336,8,4,4,7,0,8,13
1008,1,1,0,0,0,1,1
102103,5,2,3,5,0,5,12
107054,1,1,0,0,0,1,2
9703399,1,1,0,0,1,0,0
9903495,3,2,1,1,0,3,3
8157,3,3,0,0,0,3,8
9704392,4,1,3,3,3,1,2
108121,5,4,1,2,0,5,58
9704281,0,0,0,0,0,0,0
205323,14,5,9,18,0,14,93
103173,1,1,0,0,0,1,1
9806402,12,2,10,28,1,11,20
110243,7,1,6,12,0,7,89
209330,1,1,0,0,0,1,18
102116,4,2,2,3,0,4,53
9702412,9,1,8,16,0,9,35
202270,29,9,20,47,1,28,400
9903441,4,3,1,1,1,3,12
104067,2,2,0,0,0,2,10
209002,12,1,11,32,0,12,115
110224,0,0,0,0,0,0,0
9504345,2,2,0,0,0,2,10
9809259,1,1,0,0,1,0,0
9510237,1,1,0,0,0,1,1
1102,5,2,3,4,2,3,6
9212253,12,6,6,14,12,0,0
9406407,8,3,5,9,5,3,4
207026,1,1,0,0,0,1,3
9606250,3,1,2,2,3,0,0
9502409,2,2,0,0,2,0,0
9245,9,3,6,13,0,9,64
207334,6,3,3,4,0,6,53
201297,22,8,14,27,0,22,157
203133,1,1,0,0,0,1,3
9709452,8,2,6,10,2,6,13
9702356,9,2,7,11,0,9,44
9303288,5,3,2,4,5,0,0
210428,3,1,2,2,0,3,31
11062,12,3,9,25,1,11,13
206121,5,4,1,1,0,5,54
106228,2,1,1,1,0,2,14
207235,3,2,1,1,0,3,14
9502359,13,5,8,27,1,12,16
9403218,5,4,1,1,5,0,0
9508365,3,2,1,1,0,3,8
9707418,3,3,0,0,0,3,7
10199,3,3,0,0,0,3,11
9701296,10,2,8,14,1,9,19
9804222,5,5,0,0,0,5,18
9904235,1,1,0,0,1,0,0
111294,4,4,0,0,0,4,20
9511225,2,1,1,1,2,0,0
9405279,2,1,1,1,1,1,2
112083,3,1,2,2,3,0,0
104053,6,6,0,0,0,6,22
9610379,5,2,3,4,3,2,2
9211226,10,3,7,16,4,6,6
9511459,2,2,0,0,0,2,2
9503478,9,2,7,21,9,0,0
9512258,10,4,6,10,0,10,37
9903280,3,2,1,1,0,3,3
9908203,2,1,1,1,0,2,10
9711265,3,1,2,2,0,3,21
9409318,6,4,2,2,0,6,27
9712371,11,2,9,23,3,8,9
9910495,5,5,0,0,0,5,29
112264,2,2,0,0,0,2,4
207301,1,1,0,0,1,0,0
105001,2,2,0,0,0,2,12
9612238,4,2,2,3,0,4,8
204250,3,1,2,2,0,3,20
9810292,5,3,2,2,0,5,108
9612494,1,1,0,0,0,1,6
9710212,2,2,0,0,0,2,12
9506271,21,2,19,108,21,0,0
107245,0,0,0,0,0,0,0
111092,5,4,1,1,0,5,63
203012,2,2,0,0,1,1,1
9710301,8,2,6,9,8,0,0
9702377,0,0,0,0,0,0,0
9708204,1,1,0,0,0,1,11
9711226,2,2,0,0,1,1,1
7297,2,2,0,0,2,0,0
107295,7,2,5,6,1,6,29
9812528,2,1,1,1,0,2,2
209305,3,2,1,2,0,3,36
2042,3,2,1,1,0,3,7
9133,15,2,13,22,0,15,111
9805376,5,3,2,2,0,5,13
9603320,3,1,2,3,3,0,0
9801407,1,1,0,0,1,0,0
207014,1,1,0,0,0,1,4
9907294,4,2,2,3,0,4,23
9706272,4,1,3,5,0,4,22
104115,6,4,2,2,0,6,22
9358,6,1,5,10,0,6,45
9706223,8,6,2,5,1,7,23
9711518,3,2,1,1,1,2,17
202191,13,5,8,12,1,12,176
110276,7,1,6,10,0,7,44
9610403,3,2,1,1,0,3,7
9911491,7,1,6,10,0,7,45
9504406,2,2,0,0,0,2,6
9804280,1,1,0,0,0,1,8
9505335,9,3,6,14,5,4,4
9903275,5,3,2,3,2,3,14
9506211,0,0,0,0,0,0,0
9509415,8,6,2,2,5,3,4
9905428,0,0,0,0,0,0,0
9908423,4,3,1,1,0,4,18
9503441,5,2,3,3,0,5,7
9911277,3,1,2,2,3,0,0
6276,2,2,0,0,2,0,0
205098,2,1,1,1,0,2,13
9710206,13,3,10,38,1,12,51
101233,0,0,0,0,0,0,0
9611265,5,3,2,2,0,5,15
9212277,8,2,6,13,8,0,0
9907345,1,1,0,0,1,0,0
9602412,7,5,2,3,0,7,14
9910330,1,1,0,0,0,1,2
9302270,16,5,11,17,16,0,0
209145,1,1,0,0,0,1,3
205019,2,2,0,0,0,2,4
9409352,1,1,0,0,0,1,2
9905529,2,2,0,0,0,2,5
7046,1,1,0,0,0,1,1
109174,8,3,5,9,0,8,71
1303,0,0,0,0,0,0,0
9706503,2,2,0,0,2,0,0
8150,9,2,7,16,0,9,36
9505354,2,2,0,0,1,1,3
9811204,4,1,3,4,4,0,0
11032,2,1,1,1,0,2,15
104276,1,1,0,0,0,1,12
7194,0,0,0,0,0,0,0
204327,2,2,0,0,1,1,1
8057,6,2,4,4,0,6,58
202239,14,3,11,29,2,12,62
110109,0,0,0,0,0,0,0
104290,6,3,3,3,0,6,22
204258,9,3,6,11,0,9,39
9806497,0,0,0,0,0,0,0
12135,5,4,1,1,0,5,18
9709405,2,2,0,0,0,2,11
205059,1,1,0,0,0,1,2
9805280,1,1,0,0,0,1,1
202111,6,2,4,4,0,6,36
107107,0,0,0,0,0,0,0
9708378,2,2,0,0,0,2,4
9712282,1,1,0,0,0,1,6
9606271,9,4,5,9,6,3,3
9506410,0,0,0,0,0,0,0
103346,1,1,0,0,0,1,2
210289,4,3,1,1,0,4,52
212210,0,0,0,0,0,0,0
109253,1,1,0,0,0,1,15
9502403,2,2,0,0,2,0,0
9902405,5,1,4,6,0,5,18
9159,3,1,2,2,0,3,11
204213,3,1,2,2,0,3,26
109222,2,1,1,1,0,2,2
9708201,0,0,0,0,0,0,0
105279,6,2,4,5,0,6,28
9610281,4,4,0,0,4,0,0
9304306,1,1,0,0,1,0,0
105328,3,2,1,1,0,3,8
9712453,2,1,1,1,0,2,3
8248,1,1,0,0,0,1,1
9812234,2,2,0,0,0,2,11
2068,0,0,0,0,0,0,0
9809203,6,4,2,2,2,4,11
9907203,8,1,7,20,0,8,21
208071,1,1,0,0,0,1,3
210314,3,3,0,0,0,3,19
211237,0,0,0,0,0,0,0
9108,3,2,1,1,1,2,6
9909341,3,1,2,2,0,3,14
9802206,9,4,5,9,0,9,56
201025,0,0,0,0,0,0,0
9411317,4,2,2,2,4,0,0
9911361,7,2,5,12,0,7,22
9809293,2,2,0,0,0,2,5
9811423,4,4,0,0,1,3,4
102279,11,4,7,13,0,11,127
9208247,3,3,0,0,3,0,0
111333,1,1,0,0,0,1,4
102251,0,0,0,0,0,0,0
9703423,1,1,0,0,0,1,2
1023,6,2,4,7,4,2,2
211034,0,0,0,0,0,0,0
9910331,1,1,0,0,0,1,2
5014,2,1,1,1,0,2,3
106107,3,1,2,2,1,2,2
9903531,5,4,1,1,0,5,55
9909543,3,3,0,0,0,3,5
205070,1,1,0,0,0,1,12
11286,1,1,0,0,1,0,0
4033,4,4,0,0,0,4,35
7151,1,1,0,0,0,1,5
9099,0,0,0,0,0,0,0
9707287,0,0,0,0,0,0,0
9410341,2,2,0,0,0,2,4
9610203,1,1,0,0,0,1,4
9904457,10,2,8,21,1,9,19
9904405,0,0,0,0,0,0,0
3255,0,0,0,0,0,0,0
4138,7,2,5,13,4,3,3
9912361,3,2,1,1,0,3,12
202227,3,2,1,2,0,3,8
211110,2,2,0,0,0,2,15
9310238,1,1,0,0,1,0,0
9404276,4,3,1,1,4,0,0
9908238,1,1,0,0,1,0,0
7119,11,3,8,14,11,0,0
9311242,0,0,0,0,0,0,0
9806297,0,0,0,0,0,0,0
112332,0,0,0,0,0,0,0
9807367,5,3,2,3,0,5,7
9312336,1,1,0,0,1,0,0
205214,1,1,0,0,0,1,5
2181,4,3,1,1,0,4,11
205290,7,2,5,7,0,7,28
4252,3,1,2,2,3,0,0
8131,3,2,1,1,0,3,25
7293,5,1,4,4,0,5,22
9805339,5,1,4,8,0,5,12
102305,0,0,0,0,0,0,0
206035,1,1,0,0,0,1,6
9711393,3,2,1,1,0,3,4
110064,5,1,4,5,1,4,21
8126,1,1,0,0,0,1,2
9904280,15,3,12,37,1,14,40
103169,9,2,7,15,1,8,98
9403337,3,1,2,3,3,0,0
9605305,0,0,0,0,0,0,0
206296,0,0,0,0,0,0,0
110052,1,1,0,0,0,1,20
9612311,0,0,0,0,0,0,0
204269,0,0,0,0,0,0,0
2016,5,1,4,5,0,5,12
9502337,4,2,2,2,2,2,4
106327,2,1,1,1,0,2,23
212181,2,2,0,0,0,2,7
208075,0,0,0,0,0,0,0
9207233,3,3,0,0,3,0,0
9509376,0,0,0,0,0,0,0
107174,0,0,0,0,0,0,0
9807391,2,2,0,0,2,0,0
9507304,4,1,3,3,4,0,0
9604362,0,0,0,0,0,0,0
301261,1,1,0,0,0,1,12
9709398,0,0,0,0,0,0,0
9810293,1,1,0,0,0,1,1
112242,5,2,3,4,0,5,21
110388,0,0,0,0,0,0,0
9903391,0,0,0,0,0,0,0
9910232,1,1,0,0,1,0,0
9302241,1,1,0,0,1,0,0
9506224,1,1,0,0,1,0,0
9812532,4,1,3,3,4,0,0
9703384,3,3,0,0,0,3,7
9507227,0,0,0,0,0,0,0
9704442,0,0,0,0,0,0,0
9906313,1,1,0,0,0,1,5
9809222,2,2,0,0,1,1,1
7203,1,1,0,0,1,0,0
9097,2,2,0,0,0,2,2
9412297,1,1,0,0,0,1,2
9507400,2,2,0,0,1,1,1
9907419,2,2,0,0,0,2,4
106132,9,1,8,28,0,9,50
9802397,5,1,4,7,2,3,3
9906344,3,2,1,1,0,3,4
9606380,4,3,1,2,4,0,0
9807279,4,2,2,3,0,4,13
9804325,1,1,0,0,0,1,4
103057,7,1,6,7,1,6,10
9703333,0,0,0,0,0,0,0
9807342,3,3,0,0,1,2,2
105221,2,2,0,0,0,2,7
202193,0,0,0,0,0,0,0
102320,4,2,2,3,1,3,6
210037,3,1,2,3,0,3,41
111222,1,1,0,0,0,1,4
9912508,2,2,0,0,0,2,2
201205,0,0,0,0,0,0,0
207281,1,1,0,0,0,1,6
9805253,0,0,0,0,0,0,0
9811419,0,0,0,0,0,0,0
9602314,0,0,0,0,0,0,0
9303323,2,2,0,0,2,0,0
10287,2,2,0,0,0,2,2
101303,0,0,0,0,0,0,0
9806483,1,1,0,0,0,1,2
9301270,1,1,0,0,1,0,0
9609340,1,1,0,0,1,0,0
9908488,1,1,0,0,0,1,3
210267,0,0,0,0,0,0,0
9810545,3,3,0,0,1,2,4
211418,1,1,0,0,0,1,9
9501211,0,0,0,0,0,0,0
9807382,6,5,1,1,0,6,13
11198,1,1,0,0,0,1,1
9301235,1,1,0,0,1,0,0
101152,0,0,0,0,0,0,0
211464,0,0,0,0,0,0,0
207287,5,2,3,4,0,5,81
9705297,0,0,0,0,0,0,0
9330,0,0,0,0,0,0,0
9502267,0,0,0,0,0,0,0
212078,2,2,0,0,0,2,13
112032,1,1,0,0,1,0,0
110316,1,1,0,0,0,1,15
9409288,1,1,0,0,1,0,0
9701290,1,1,0,0,0,1,1
106144,0,0,0,0,0,0,0
202238,0,0,0,0,0,0,0
110274,1,1,0,0,1,0,0
9311280,1,1,0,0,1,0,0
9809289,1,1,0,0,1,0,0
107252,1,1,0,0,0,1,2
212178,1,1,0,0,0,1,9
205127,0,0,0,0,0,0,0
9404202,3,2,1,1,3,0,0
205221,0,0,0,0,0,0,0
9812410,0,0,0,0,0,0,0
9505263,1,1,0,0,0,1,2
9803355,4,2,2,3,0,4,8
111050,1,1,0,0,0,1,1
210002,3,3,0,0,1,2,7
9504233,5,1,4,9,5,0,0
206006,0,0,0,0,0,0,0
9908303,0,0,0,0,0,0,0
9510206,4,3,1,1,0,4,4
9805257,0,0,0,0,0,0,0
9804324,0,0,0,0,0,0,0
211248,0,0,0,0,0,0,0
11017,0,0,0,0,0,0,0
104175,0,0,0,0,0,0,0
110015,1,1,0,0,0,1,2
12105,0,0,0,0,0,0,0
9811209,1,1,0,0,1,0,0
9505364,1,1,0,0,0,1,1
111006,1,1,0,0,0,1,4
9906333,0,0,0,0,0,0,0
9703296,1,1,0,0,1,0,0
9907536,0,0,0,0,0,0,0
9704370,0,0,0,0,0,0,0
212341,0,0,0,0,0,0,0
9312282,1,1,0,0,0,1,1
9910312,0,0,0,0,0,0,0
101301,1,1,0,0,1,0,0
302126,0,0,0,0,0,0,0
9706465,0,0,0,0,0,0,0
212003,1,1,0,0,0,1,15
9605202,0,0,0,0,0,0,0
9806285,1,1,0,0,0,1,3
9705299,1,1,0,0,0,1,1
107016,0,0,0,0,0,0,0
9607248,7,2,5,10,7,0,0
205211,7,7,0,0,0,7,125
9304297,1,1,0,0,1,0,0
9611235,0,0,0,0,0,0,0
9209221,2,1,1,1,2,0,0
9602203,2,1,1,1,1,1,3
201184,4,1,3,3,0,4,7
2143,0,0,0,0,0,0,0
9606299,1,1,0,0,0,1,4
9408277,0,0,0,0,0,0,0
9604365,0,0,0,0,0,0,0
206049,0,0,0,0,0,0,0
9406341,0,0,0,0,0,0,0
9905482,1,1,0,0,0,1,3
9910400,1,1,0,0,0,1,1
302267,0,0,0,0,0,0,0
201033,1,1,0,0,0,1,6
203078,1,1,0,0,0,1,6
12081,2,2,0,0,0,2,4
112292,0,0,0,0,0,0,0
9912331,1,1,0,0,0,1,1
204260,0,0,0,0,0,0,0
103026,0,0,0,0,0,0,0
106073,6,3,3,4,0,6,8
9710230,1,1,0,0,0,1,3
7326,3,1,2,2,0,3,40
209338,0,0,0,0,0,0,0
109219,0,0,0,0,0,0,0
111322,3,1,2,3,0,3,9
10018,1,1,0,0,1,0,0
210134,2,1,1,1,0,2,13
205009,0,0,0,0,0,0,0
7141,0,0,0,0,0,0,0
9805347,1,1,0,0,0,1,2
9909354,2,1,1,1,0,2,5
9705283,0,0,0,0,0,0,0
9340,2,1,1,1,0,2,6
209034,0,0,0,0,0,0,0
9712423,0,0,0,0,0,0,0
12249,1,1,0,0,0,1,4
111184,0,0,0,0,0,0,0
9902281,0,0,0,0,0,0,0
9801232,3,1,2,3,3,0,0
301146,0,0,0,0,0,0,0
211083,2,2,0,0,1,1,2
9805511,0,0,0,0,0,0,0
9907412,0,0,0,0,0,0,0
9908461,3,1,2,2,0,3,7
103055,1,1,0,0,0,1,7
211183,0,0,0,0,0,0,0
208175,1,1,0,0,0,1,4
9405268,2,2,0,0,0,2,2
302263,0,0,0,0,0,0,0
209144,2,1,1,1,0,2,2
210062,1,1,0,0,0,1,2
201157,0,0,0,0,0,0,0
102084,0,0,0,0,0,0,0
110218,1,1,0,0,0,1,7
3093,0,0,0,0,0,0,0
11400,1,1,0,0,1,0,0
9612315,0,0,0,0,0,0,0
9707527,0,0,0,0,0,0,0
9411327,0,0,0,0,0,0,0
9610361,1,1,0,0,0,1,1
1184,2,1,1,1,0,2,8
9812244,0,0,0,0,0,0,0
9205215,1,1,0,0,1,0,0
8096,0,0,0,0,0,0,0
212353,1,1,0,0,0,1,2
110012,1,1,0,0,0,1,2
104163,0,0,0,0,0,0,0
108075,0,0,0,0,0,0,0
9508376,0,0,0,0,0,0,0
209205,1,1,0,0,0,1,5
202070,0,0,0,0,0,0,0
208122,1,1,0,0,0,1,5
9808323,0,0,0,0,0,0,0
212173,0,0,0,0,0,0,0
101218,0,0,0,0,0,0,0
106282,1,1,0,0,0,1,4
9809240,0,0,0,0,0,0,0
102123,0,0,0,0,0,0,0
9611290,1,1,0,0,0,1,4
9904239,0,0,0,0,0,0,0
9904212,0,0,0,0,0,0,0
107104,0,0,0,0,0,0,0
109190,0,0,0,0,0,0,0
103171,4,3,1,1,0,4,11
9402272,0,0,0,0,0,0,0
9512217,0,0,0,0,0,0,0
9412347,1,1,0,0,0,1,1
209332,3,3,0,0,0,3,19
5290,0,0,0,0,0,0,0
211196,0,0,0,0,0,0,0
9708317,0,0,0,0,0,0,0
9601202,0,0,0,0,0,0,0
9411430,2,2,0,0,0,2,6
9811461,0,0,0,0,0,0,0
302219,0,0,0,0,0,0,0
9511353,0,0,0,0,0,0,0
201280,1,1,0,0,1,0,0
9605212,0,0,0,0,0,0,0
206254,0,0,0,0,0,0,0
9311262,0,0,0,0,0,0,0
211405,0,0,0,0,0,0,0
9309300,0,0,0,0,0,0,0
207172,0,0,0,0,0,0,0
9511370,0,0,0,0,0,0,0
9803233,0,0,0,0,0,0,0
9812293,0,0,0,0,0,0,0
9703202,1,1,0,0,1,0,0
9411292,1,1,0,0,1,0,0
9811459,1,1,0,0,1,0,0
112357,0,0,0,0,0,0,0
212272,0,0,0,0,0,0,0
9711237,1,1,0,0,0,1,3
203257,2,2,0,0,0,2,4
9604278,0,0,0,0,0,0,0
9906258,0,0,0,0,0,0,0
302078,0,0,0,0,0,0,0
12344,0,0,0,0,0,0,0
212243,0,0,0,0,0,0,0
9712439,0,0,0,0,0,0,0
9711404,0,0,0,0,0,0,0
9806446,0,0,0,0,0,0,0
211209,0,0,0,0,0,0,0
6030,0,0,0,0,0,0,0
9911312,0,0,0,0,0,0,0
302217,0,0,0,0,0,0,0
1167,0,0,0,0,0,0,0
207203,0,0,0,0,0,0,0
302209,0,0,0,0,0,0,0
111018,0,0,0,0,0,0,0
204245,1,1,0,0,0,1,1
2124,0,0,0,0,0,0,0
211067,1,1,0,0,1,0,0
9810414,0,0,0,0,0,0,0
9705455,0,0,0,0,0,0,0
210406,0,0,0,0,0,0,0
10279,0,0,0,0,0,0,0
9905322,0,0,0,0,0,0,0
9801320,0,0,0,0,0,0,0
202052,0,0,0,0,0,0,0
9708230,0,0,0,0,0,0,0
9808439,0,0,0,0,0,0,0
9607344,1,1,0,0,1,0,0
6187,0,0,0,0,0,0,0
9306216,3,2,1,1,3,0,0
11338,0,0,0,0,0,0,0
9808266,0,0,0,0,0,0,0
208044,0,0,0,0,0,0,0
9704279,0,0,0,0,0,0,0
208161,0,0,0,0,0,0,0
11378,0,0,0,0,0,0,0
211458,0,0,0,0,0,0,0
112294,0,0,0,0,0,0,0
208111,1,1,0,0,0,1,4
9808382,2,1,1,1,0,2,4
9908383,0,0,0,0,0,0,0
9405339,0,0,0,0,0,0,0
212041,0,0,0,0,0,0,0
9810455,0,0,0,0,0,0,0
9912507,3,2,1,1,1,2,4
109031,0,0,0,0,0,0,0
11170,0,0,0,0,0,0,0
11302,0,0,0,0,0,0,0
9510405,0,0,0,0,0,0,0
9905373,0,0,0,0,0,0,0
2026,0,0,0,0,0,0,0
107283,0,0,0,0,0,0,0
211125,0,0,0,0,0,0,0
110026,0,0,0,0,0,0,0
9907456,0,0,0,0,0,0,0
2014,0,0,0,0,0,0,0
106079,0,0,0,0,0,0,0
202057,0,0,0,0,0,0,0
9507247,0,0,0,0,0,0,0
9911495,0,0,0,0,0,0,0
208062,0,0,0,0,0,0,0
201082,0,0,0,0,0,0,0
112099,0,0,0,0,0,0,0
105299,0,0,0,0,0,0,0
8100,0,0,0,0,0,0,0
9207247,1,1,0,0,1,0,0
202267,0,0,0,0,0,0,0
9401248,0,0,0,0,0,0,0
207369,1,1,0,0,0,1,5
9704397,1,1,0,0,1,0,0
6337,0,0,0,0,0,0,0
9609390,0,0,0,0,0,0,0
302093,0,0,0,0,0,0,0
8060,0,0,0,0,0,0,0
9904356,0,0,0,0,0,0,0
9253,0,0,0,0,0,0,0
9710269,0,0,0,0,0,0,0
211121,0,0,0,0,0,0,0
9707230,0,0,0,0,0,0,0
209086,0,0,0,0,0,0,0
204098,1,1,0,0,0,1,2
9209,0,0,0,0,0,0,0
9604214,0,0,0,0,0,0,0
3193,0,0,0,0,0,0,0
9502203,0,0,0,0,0,0,0
108211,0,0,0,0,0,0,0
9710475,0,0,0,0,0,0,0
302037,0,0,0,0,0,0,0
209132,0,0,0,0,0,0,0
111216,1,1,0,0,1,0,0
9305264,1,1,0,0,1,0,0
9905544,0,0,0,0,0,0,0
8253,0,0,0,0,0,0,0
9806300,0,0,0,0,0,0,0
9708475,0,0,0,0,0,0,0
101073,0,0,0,0,0,0,0
9801393,0,0,0,0,0,0,0
208124,1,1,0,0,0,1,16
9803499,0,0,0,0,0,0,0
9608284,0,0,0,0,0,0,0
204019,0,0,0,0,0,0,0
9211227,1,1,0,0,1,0,0
211298,0,0,0,0,0,0,0
9905389,0,0,0,0,0,0,0
110204,0,0,0,0,0,0,0
9408259,0,0,0,0,0,0,0
9706324,0,0,0,0,0,0,0
1210,0,0,0,0,0,0,0
9808316,0,0,0,0,0,0,0
301241,0,0,0,0,0,0,0
211456,0,0,0,0,0,0,0
104089,0,0,0,0,0,0,0
302062,0,0,0,0,0,0,0
4131,0,0,0,0,0,0,0
106091,0,0,0,0,0,0,0
11288,0,0,0,0,0,0,0
9305246,1,1,0,0,1,0,0
9505291,1,1,0,0,1,0,0
9809241,0,0,0,0,0,0,0
9301203,7,3,4,7,7,0,0
9211304,85,15,70,672,85,0,0
11238,19,2,17,46,0,19,127
9903456,56,9,47,248,1,55,564
9901288,39,7,32,103,5,34,173
12197,9,1,8,12,0,9,43
106233,4,3,1,1,1,3,7
9508343,168,13,155,1409,63,105,309
103338,4,3,1,1,2,2,2
1048,4,3,1,1,0,4,10
9411337,8,3,5,13,6,2,2
9701350,5,3,2,4,0,5,8
9806486,24,5,19,63,0,24,139
209326,6,3,3,4,0,6,31
9207273,18,3,15,45,18,0,0
9603311,31,5,26,99,7,24,57
9906292,6,3,3,4,0,6,44
9510308,15,1,14,87,1,14,18
9307342,33,8,25,61,33,0,0
110340,7,5,2,4,1,6,19
9412360,8,2,6,10,8,0,0
9403353,7,5,2,2,5,2,6
9505426,5,3,2,3,0,5,13
9503320,7,3,4,5,7,0,0
9304321,14,5,9,22,4,10,14
9303303,43,5,38,125,43,0,0
9809266,10,2,8,14,6,4,8
9708403,22,5,17,59,9,13,22
9304271,13,2,11,38,13,0,0
9402333,39,5,34,219,39,0,0
9906516,32,2,30,170,0,32,199
9807552,33,3,30,102,0,33,157
9904338,30,6,24,72,3,27,97
9810501,30,5,25,115,2,28,58
9706239,54,8,46,202,8,46,128
9703267,31,4,27,109,30,1,1
9602383,7,3,4,9,1,6,12
9906297,49,10,39,140,0,49,282
9602295,12,2,10,41,8,4,4
9905220,54,6,48,152,7,47,148
9601241,1,1,0,0,1,0,0
9607239,45,10,35,142,27,18,31
9604229,56,1,55,420,41,15,15
9707457,8,4,4,6,2,6,8
9401337,5,2,3,6,5,0,0
9606342,71,1,70,371,17,54,136
9308365,21,6,15,29,10,11,11
9309293,57,17,40,158,14,43,110
9807327,64,3,61,549,3,61,213
9705416,43,9,34,178,0,43,456
9707458,16,8,8,14,0,16,184
108141,13,7,6,14,0,13,169
9908296,9,1,8,16,1,8,21
9705320,24,5,19,49,9,15,41
101132,11,4,7,14,2,9,86
9911202,17,2,15,66,0,17,75
9910396,17,3,14,50,1,16,70
9609434,96,9,87,650,3,93,621
9704382,10,1,9,19,0,10,41
9608450,13,1,12,42,5,8,8
9507445,28,6,22,73,8,20,66
103305,11,3,8,22,0,11,114
111167,2,1,1,1,0,2,13
9903305,24,8,16,37,0,24,268
9606279,5,1,4,6,0,5,11
9803328,14,4,10,17,3,11,44
9702322,51,4,47,297,0,51,350
9710245,14,1,13,43,2,12,14
9404241,7,1,6,9,1,6,9
9511205,44,12,32,118,44,0,0
6107,0,0,0,0,0,0,0
9512225,59,9,50,170,5,54,150
9406203,40,6,34,125,0,40,62
9804398,504,4,500,6553,7,497,761
9606256,17,3,14,35,6,11,47
9403219,67,8,59,338,2,65,175
9708456,115,5,110,1255,23,92,157
9805476,4,1,3,3,0,4,18
9609460,38,2,36,261,5,33,69
9410234,10,4,6,11,10,0,0
9605449,2,2,0,0,1,1,2
9610209,94,1,93,997,94,0,0
9702201,29,5,24,80,16,13,25
9712519,7,4,3,3,3,4,4
9606375,11,7,4,7,8,3,3
9211322,37,7,30,125,37,0,0
9904274,5,1,4,6,2,3,6
9706339,33,1,32,182,6,27,101
9302284,9,2,7,9,9,0,0
9507326,45,9,36,85,13,32,32
9804215,12,4,8,14,0,12,79
9401246,31,8,23,82,1,30,164
9204229,44,14,30,188,34,10,10
9601307,17,4,13,31,7,10,19
9512395,8,2,6,9,1,7,47
111061,0,0,0,0,0,0,0
9506451,124,13,111,565,79,45,50
9906446,16,3,13,27,0,16,112
9911367,24,5,19,72,5,19,49
9612431,14,3,11,33,4,10,10
7109,22,9,13,32,2,20,138
7159,21,6,15,39,0,21,239
9710436,35,2,33,158,1,34,167
9910451,9,2,7,15,0,9,44
9907268,9,4,5,6,6,3,4
9410346,10,4,6,9,9,1,1
9608341,5,4,1,2,0,5,38
9610433,25,7,18,39,2,23,59
9908523,36,3,33,209,0,36,340
9507363,37,3,34,194,1,36,58
9808371,12,4,8,10,1,11,15
107024,7,3,4,7,0,7,67
6059,14,3,11,45,0,14,194
9305340,3,2,1,1,0,3,3
2148,2,1,1,1,0,2,6
10274,12,1,11,29,0,12,81
211218,6,1,5,10,0,6,33
9905244,10,2,8,22,0,10,98
9405314,8,3,5,7,0,8,8
9712234,12,1,11,33,1,11,29
9303291,31,9,22,52,23,8,8
9306248,22,8,14,48,22,0,0
9903448,60,2,58,374,2,58,154
9404293,6,2,4,10,6,0,0
9806426,3,1,2,3,0,3,11
9601393,4,4,0,0,0,4,11
9412374,15,4,11,34,15,0,0
9806301,12,4,8,15,4,8,36
9412276,16,1,15,59,10,6,6
9903301,4,1,3,5,0,4,28
9809543,55,5,50,293,1,54,365
9701273,7,1,6,8,0,7,7
9603272,14,2,12,30,4,10,24
9704384,10,4,6,6,0,10,51
9705435,15,5,10,15,2,13,55
6179,2,1,1,1,1,1,4
9605451,7,1,6,13,0,7,65
9406243,1,1,0,0,1,0,0
9901445,14,2,12,26,1,13,41
111058,69,1,68,330,15,54,285
9506364,18,6,12,37,4,14,68
103065,26,4,22,78,1,25,172
9803354,4,3,1,1,0,4,6
9503388,9,3,6,17,0,9,83
9205,19,4,15,26,0,19,66
9502247,14,1,13,27,14,0,0
9703219,2,1,1,1,0,2,28
9706509,51,7,44,224,2,49,209
9302318,57,4,53,396,57,0,0
9343,4,4,0,0,0,4,25
9302317,27,5,22,97,27,0,0
9712305,38,8,30,191,6,32,113
9408246,9,1,8,19,4,5,5
111243,5,3,2,2,0,5,26
9507248,16,4,12,38,2,14,51
10231,13,3,10,17,5,8,27
7065,6,5,1,1,3,3,4
9408244,7,3,4,9,0,7,7
9707308,6,3,3,6,0,6,15
9903414,13,3,10,19,2,11,38
1192,11,3,8,27,7,4,4
12140,21,4,17,80,0,21,108
9503476,16,5,11,24,6,10,24
9910210,5,2,3,4,2,3,8
10051,3,2,1,2,0,3,35
6340,8,4,4,6,0,8,58
9907328,6,1,5,8,0,6,72
9504284,11,1,10,20,0,11,25
9901222,14,7,7,17,2,12,23
211296,2,1,1,1,1,1,1
9806316,4,2,2,2,0,4,13
210023,3,3,0,0,0,3,14
112161,27,3,24,108,0,27,293
8153,1,1,0,0,0,1,4
109247,5,1,4,5,0,5,27
9207278,23,7,16,30,23,0,0
9605350,1,1,0,0,1,0,0
9062,12,8,4,4,0,12,35
111435,9,7,2,3,0,9,52
103028,11,1,10,34,0,11,70
9501394,45,6,39,131,45,0,0
104051,8,4,4,11,0,8,63
9805378,7,4,3,5,0,7,21
9410353,35,1,34,149,14,21,24
9310291,21,4,17,46,21,0,0
9511227,2,1,1,1,0,2,7
9705282,15,9,6,11,2,13,50
204101,17,3,14,49,0,17,357
9711215,23,4,19,63,2,21,77
9504385,2,1,1,1,1,1,1
9505420,5,1,4,6,5,0,0
9508302,77,4,73,426,1,76,214
9701236,17,5,12,39,4,13,30
9610398,2,1,1,1,2,0,0
9705286,49,8,41,146,0,49,279
9609318,6,5,1,1,0,6,8
9607272,8,3,5,10,0,8,8
9601361,7,1,6,9,2,5,9
9512203,23,6,17,68,7,16,16
9206214,32,11,21,140,32,0,0
107271,8,1,7,12,0,8,65
9904413,24,7,17,49,0,24,257
9803401,14,8,6,7,0,14,37
9309236,6,4,2,2,4,2,2
9304278,1,1,0,0,1,0,0
9902383,18,8,10,31,2,16,36
9804436,24,4,20,51,1,23,84
9303266,1,1,0,0,1,0,0
9403400,25,4,21,71,25,0,0
9910209,42,6,36,196,1,41,343
9606385,7,3,4,7,0,7,13
9807346,5,4,1,1,0,5,19
9405388,100,13,87,540,100,0,0
9808291,8,3,5,7,1,7,30
9705475,4,1,3,6,2,2,3
9308263,26,5,21,54,2,24,24
9511330,12,4,8,22,0,12,59
9905512,25,9,16,33,8,17,58
9806433,2,2,0,0,0,2,6
9411253,15,3,12,33,6,9,19
9709465,7,2,5,8,0,7,20
105062,3,2,1,1,0,3,4
9911436,34,8,26,82,1,33,235
9907210,3,2,1,2,3,0,0
9408363,11,7,4,6,10,1,1
9604363,25,6,19,89,12,13,22
9605276,2,1,1,1,0,2,5
9708302,6,3,3,5,3,3,8
9602421,26,4,22,72,3,23,68
9410324,6,6,0,0,0,6,13
9408300,5,3,2,2,5,0,0
9704298,51,11,40,188,4,47,286
9311367,25,5,20,121,11,14,23
9406345,41,8,33,166,2,39,98
9611462,6,3,3,4,0,6,49
9407372,40,6,34,112,28,12,12
9707357,3,1,2,2,0,3,12
6171,9,3,6,15,0,9,48
9807359,3,1,2,3,1,2,2
9909390,20,3,17,76,2,18,115
9707372,1,1,0,0,0,1,14
9707210,3,1,2,2,2,1,1
9504351,8,3,5,12,5,3,3
9311278,14,2,12,20,2,12,27
9209294,5,3,2,4,5,0,0
9606207,23,5,18,43,1,22,22
9905494,3,2,1,1,0,3,5
9195,14,5,9,20,0,14,166
9604405,2,2,0,0,2,0,0
9811262,3,1,2,3,0,3,6
201081,7,3,4,6,0,7,55
9910497,4,2,2,3,0,4,21
102152,7,3,4,7,2,5,17
9307203,9,3,6,11,9,0,0
9312280,4,2,2,3,4,0,0
9409348,11,1,10,30,0,11,11
9301277,5,1,4,5,5,0,0
9348,4,3,1,1,0,4,29
1212,12,1,11,22,0,12,99
9908254,7,2,5,11,0,7,17
5082,3,1,2,2,0,3,5
9702237,14,1,13,30,12,2,2
9910267,3,2,1,1,0,3,21
9907206,8,3,5,9,0,8,35
103157,13,6,7,12,0,13,107
105283,4,4,0,0,1,3,9
9303308,8,4,4,12,4,4,4
9304234,15,3,12,23,15,0,0
207160,1,1,0,0,0,1,1
9812481,3,2,1,1,0,3,3
9511357,6,2,4,6,2,4,12
9905486,10,1,9,26,0,10,74
9905565,6,3,3,4,1,5,8
9803242,45,4,41,173,4,41,96
9305332,18,5,13,23,18,0,0
9608406,13,7,6,8,0,13,119
101268,0,0,0,0,0,0,0
9902420,25,1,24,68,6,19,49
9311227,7,4,3,3,5,2,5
9205222,2,1,1,1,2,0,0
108096,9,7,2,3,0,9,36
9704354,4,2,2,5,0,4,15
9508393,20,4,16,37,1,19,34
9603308,11,2,9,16,3,8,15
9706210,7,1,6,8,1,6,20
9711224,6,3,3,6,0,6,10
9508255,15,4,11,27,0,15,44
9302311,25,4,21,116,25,0,0
108205,0,0,0,0,0,0,0
9607405,7,4,3,3,0,7,20
9606312,3,3,0,0,1,2,7
9606206,1,1,0,0,0,1,1
9604234,13,2,11,35,0,13,63
8074,9,1,8,13,0,9,9
9608309,3,2,1,1,2,1,2
8134,4,2,2,3,0,4,35
9506347,13,1,12,26,8,5,7
9508221,21,10,11,33,2,19,64
9907503,4,1,3,5,0,4,34
9802415,7,3,4,12,0,7,39
9904473,3,3,0,0,0,3,16
12017,37,8,29,140,0,37,348
9605354,3,3,0,0,0,3,16
204253,69,5,64,453,18,51,129
9807486,8,3,5,8,1,7,17
9607470,7,1,6,10,1,6,7
9402320,6,1,5,13,6,0,0
9612365,1,1,0,0,0,1,2
9809475,8,3,5,10,0,8,44
9504392,0,0,0,0,0,0,0
9607296,4,3,1,1,0,4,29
9406213,7,3,4,8,4,3,3
9504274,18,2,16,38,0,18,70
9607413,4,2,2,2,3,1,1
9604270,10,3,7,15,3,7,28
9710286,13,1,12,28,0,13,80
9910466,8,4,4,5,0,8,122
9310304,2,1,1,1,2,0,0
10142,3,3,0,0,0,3,5
9802276,13,4,9,30,0,13,60
9212280,8,2,6,13,8,0,0
110317,7,5,2,2,1,6,34
9605400,4,1,3,4,4,0,0
9505361,11,4,7,11,5,6,9
9403227,45,2,43,179,36,9,12
206202,0,0,0,0,0,0,0
105175,19,2,17,79,2,17,96
207266,3,1,2,2,0,3,22
9806518,15,3,12,25,1,14,26
207326,9,3,6,9,0,9,86
9806392,3,2,1,1,0,3,8
11081,4,3,1,1,1,3,6
11092,9,4,5,8,2,7,7
9605281,17,2,15,29,14,3,3
12046,8,3,5,9,0,8,23
9711342,6,1,5,9,0,6,31
9904316,4,4,0,0,2,2,2
9809351,4,1,3,6,4,0,0
9308201,5,4,1,1,0,5,22
9501333,11,3,8,25,0,11,28
9806489,7,3,4,9,5,2,2
9610331,19,4,15,39,3,16,27
108239,8,3,5,9,0,8,87
107299,5,2,3,5,0,5,42
9709354,29,5,24,65,3,26,76
9411417,1,1,0,0,0,1,1
9508264,12,2,10,25,3,9,9
111245,11,2,9,22,0,11,144
9505211,4,1,3,4,4,0,0
9611321,4,3,1,1,0,4,36
9608330,4,3,1,1,0,4,11
6324,8,2,6,8,3,5,5
9709229,10,5,5,13,3,7,24
9905442,6,3,3,4,0,6,10
9604222,5,2,3,3,1,4,7
9710349,6,3,3,6,6,0,0
9807425,7,4,3,3,0,7,17
9410409,6,3,3,8,2,4,7
302014,0,0,0,0,0,0,0
112030,11,4,7,20,0,11,139
12175,4,2,2,3,2,2,4
9403404,2,1,1,1,0,2,2
9811203,3,3,0,0,0,3,11
112014,4,2,2,2,0,4,10
201191,0,0,0,0,0,0,0
210083,3,2,1,1,0,3,21
9511389,2,1,1,1,0,2,4
9349,0,0,0,0,0,0,0
9803360,3,3,0,0,0,3,18
9903528,2,2,0,0,0,2,21
9602256,5,3,2,2,0,5,21
9907401,3,1,2,2,0,3,39
9908341,2,2,0,0,1,1,4
9802372,4,2,2,4,0,4,18
9903327,13,4,9,11,0,13,76
9511362,10,8,2,3,2,8,15
9606390,4,3,1,1,1,3,5
9706552,2,1,1,1,1,1,1
11035,2,1,1,1,2,0,0
9502227,44,5,39,187,3,41,332
9604280,13,1,12,34,13,0,0
9811414,6,4,2,3,0,6,20
202114,1,1,0,0,0,1,3
9307254,3,3,0,0,3,0,0
9311258,0,0,0,0,0,0,0
9907478,8,5,3,3,0,8,48
9610513,3,1,2,3,0,3,6
4038,4,2,2,4,0,4,8
9611402,1,1,0,0,0,1,7
9310336,9,1,8,23,9,0,0
9606266,6,3,3,6,3,3,12
9503481,19,1,18,58,11,8,8
103194,7,2,5,10,0,7,20
9711250,7,5,2,2,1,6,20
111218,2,1,1,1,0,2,14
9810517,19,2,17,74,0,19,133
9808211,9,3,6,9,0,9,19
7354,1,1,0,0,0,1,10
9307265,3,1,2,3,0,3,8
9303304,1,1,0,0,1,0,0
106163,18,1,17,91,0,18,109
211251,4,2,2,3,0,4,37
9601330,1,1,0,0,0,1,4
9806514,7,1,6,13,1,6,6
9809539,5,5,0,0,1,4,13
9411289,13,4,9,25,9,4,4
9707328,3,3,0,0,1,2,8
9611261,0,0,0,0,0,0,0
212025,1,1,0,0,0,1,23
109140,16,8,8,16,0,16,187
9039,6,3,3,3,0,6,31
102076,0,0,0,0,0,0,0
205008,4,2,2,2,1,3,4
9801362,5,1,4,7,2,3,3
9224,6,4,2,2,0,6,31
105028,5,2,3,3,0,5,25
111299,8,1,7,14,0,8,51
3270,9,3,6,14,0,9,63
212005,2,2,0,0,0,2,17
9807272,2,1,1,1,1,1,1
9912445,0,0,0,0,0,0,0
9905557,2,1,1,1,0,2,3
9304263,8,5,3,3,8,0,0
8138,6,5,1,2,0,6,12
9808343,1,1,0,0,1,0,0
9706488,1,1,0,0,1,0,0
9906486,10,1,9,35,1,9,36
9908377,4,2,2,2,0,4,10
9709407,3,3,0,0,0,3,12
9812210,3,2,1,1,0,3,10
209346,0,0,0,0,0,0,0
12034,0,0,0,0,0,0,0
9910462,8,3,5,10,8,0,0
9609240,4,3,1,1,0,4,33
9912229,0,0,0,0,0,0,0
9702273,7,7,0,0,0,7,19
9234,2,1,1,1,0,2,3
9702222,8,2,6,8,1,7,11
9508403,22,5,17,34,22,0,0
9811224,12,2,10,21,1,11,15
202003,5,3,2,2,0,5,47
9710317,17,7,10,18,0,17,62
204352,20,5,15,47,2,18,131
203052,2,1,1,1,0,2,7
9704265,3,3,0,0,0,3,8
9712248,9,4,5,9,2,7,11
9803359,4,3,1,1,1,3,10
9603421,1,1,0,0,0,1,1
106335,6,5,1,1,1,5,14
210359,1,1,0,0,0,1,2
9609385,12,1,11,35,12,0,0
9909338,5,5,0,0,2,3,13
1074,5,2,3,3,0,5,16
9803478,2,2,0,0,2,0,0
201103,15,3,12,33,1,14,111
9707396,0,0,0,0,0,0,0
212015,0,0,0,0,0,0,0
9905250,2,2,0,0,1,1,5
9903328,12,3,9,20,0,12,78
110272,5,3,2,5,0,5,51
7335,10,3,7,13,0,10,53
9703387,8,3,5,11,0,8,22
9901215,7,3,4,11,1,6,12
207210,3,2,1,1,0,3,31
9609388,5,1,4,5,1,4,17
9703326,3,3,0,0,0,3,36
209014,14,4,10,23,0,14,153
2160,1,1,0,0,0,1,4
211146,0,0,0,0,0,0,0
9810290,2,2,0,0,1,1,1
9502222,1,1,0,0,1,0,0
12128,1,1,0,0,0,1,5
9505302,3,2,1,1,1,2,7
9409444,7,3,4,8,7,0,0
205015,1,1,0,0,0,1,6
9709334,6,1,5,14,0,6,16
9511383,0,0,0,0,0,0,0
12043,10,3,7,28,0,10,55
208009,4,4,0,0,0,4,17
203243,4,2,2,2,0,4,24
210349,1,1,0,0,0,1,2
9710205,1,1,0,0,0,1,1
9902393,7,3,4,7,0,7,10
9511460,2,1,1,1,0,2,2
211095,1,1,0,0,0,1,10
11168,2,1,1,1,0,2,7
206206,3,2,1,1,0,3,14
106329,6,2,4,7,0,6,94
105147,11,3,8,21,0,11,30
9904416,8,3,5,11,0,8,29
9404332,4,3,1,1,4,0,0
205060,0,0,0,0,0,0,0
9302283,7,2,5,10,7,0,0
10291,2,2,0,0,0,2,8
9703406,7,1,6,11,0,7,42
9609302,3,1,2,3,0,3,3
9807287,2,1,1,1,0,2,11
111295,2,2,0,0,0,2,17
210263,8,1,7,25,8,0,0
9407212,1,1,0,0,0,1,1
202013,6,2,4,5,0,6,33
9903439,13,8,5,8,2,11,62
9612475,3,3,0,0,1,2,5
9309270,5,4,1,1,4,1,1
9503453,0,0,0,0,0,0,0
9510269,9,1,8,18,0,9,65
9512435,14,2,12,29,0,14,61
9303248,6,4,2,7,6,0,0
9805461,16,2,14,49,0,16,94
9712349,7,4,3,4,0,7,43
9502293,13,5,8,14,6,7,12
9810465,2,1,1,1,1,1,1
9305347,2,2,0,0,2,0,0
9909436,16,3,13,27,0,16,38
9032,1,1,0,0,1,0,0
202160,3,3,0,0,0,3,4
9609465,1,1,0,0,0,1,3
205334,4,4,0,0,0,4,32
9707400,1,1,0,0,1,0,0
9609201,3,1,2,2,0,3,3
9704443,0,0,0,0,0,0,0
9603430,33,6,27,183,8,25,25
9810312,2,2,0,0,1,1,1
203137,22,6,16,44,0,22,391
101146,3,2,1,1,1,2,3
9507457,2,2,0,0,1,1,1
9301287,3,2,1,1,3,0,0
9612335,2,2,0,0,0,2,17
9806371,9,8,1,2,0,9,38
9708336,7,2,5,6,7,0,0
9309230,3,2,1,1,3,0,0
111105,0,0,0,0,0,0,0
211204,8,4,4,11,0,8,79
301111,0,0,0,0,0,0,0
103039,10,7,3,4,0,10,77
6159,7,4,3,5,1,6,16
9701397,2,1,1,1,0,2,2
9711448,0,0,0,0,0,0,0
201302,4,2,2,3,0,4,8
9610279,2,1,1,1,0,2,9
9411316,2,2,0,0,2,0,0
9403284,1,1,0,0,1,0,0
104155,4,1,3,4,0,4,26
9710422,7,2,5,8,1,6,16
9808430,1,1,0,0,0,1,2
12255,0,0,0,0,0,0,0
111205,8,2,6,10,0,8,59
9607287,1,1,0,0,0,1,4
9908240,5,2,3,3,0,5,32
9304247,6,3,3,8,6,0,0
9902226,3,2,1,1,0,3,20
9810243,5,2,3,5,3,2,4
10122,2,1,1,1,0,2,9
9505227,2,2,0,0,0,2,2
9902447,10,1,9,28,10,0,0
301218,0,0,0,0,0,0,0
9707356,6,3,3,4,0,6,15
9607430,1,1,0,0,0,1,6
104291,14,9,5,5,5,9,16
12192,3,3,0,0,1,2,6
202138,3,1,2,2,0,3,19
9809245,10,1,9,25,0,10,47
9804316,1,1,0,0,0,1,4
9612310,1,1,0,0,0,1,2
9304309,1,1,0,0,0,1,2
9702285,3,3,0,0,2,1,1
9701271,3,1,2,2,0,3,7
9403339,8,3,5,9,4,4,4
9603406,2,1,1,1,0,2,2
9703400,5,2,3,4,5,0,0
103037,2,2,0,0,1,1,1
9910391,2,2,0,0,0,2,28
9410300,0,0,0,0,0,0,0
9603398,4,2,2,2,4,0,0
9911509,0,0,0,0,0,0,0
9612325,5,2,3,5,1,4,13
9403314,13,7,6,14,13,0,0
102044,1,1,0,0,0,1,6
9304222,1,1,0,0,1,0,0
9903444,3,2,1,1,0,3,7
9708271,4,1,3,5,0,4,4
5279,0,0,0,0,0,0,0
9805416,5,3,2,2,0,5,20
9709352,9,5,4,7,9,0,0
106099,14,7,7,16,1,13,70
209301,5,4,1,1,2,3,9
9703256,8,3,5,7,6,2,3
111196,5,3,2,2,0,5,27
209134,1,1,0,0,0,1,4
9609379,7,4,3,6,1,6,14
6110,1,1,0,0,0,1,4
107187,4,1,3,4,0,4,43
9605419,0,0,0,0,0,0,0
9803329,1,1,0,0,0,1,1
8006,5,1,4,6,0,5,64
9261,2,2,0,0,0,2,2
9509244,3,2,1,1,3,0,0
4125,0,0,0,0,0,0,0
9711419,1,1,0,0,1,0,0
9302293,5,4,1,1,5,0,0
5116,1,1,0,0,0,1,1
9503319,2,1,1,1,0,2,5
3274,2,2,0,0,1,1,1
5330,0,0,0,0,0,0,0
9707389,9,2,7,15,9,0,0
9907561,2,1,1,1,0,2,10
101011,3,1,2,2,0,3,7
207315,2,2,0,0,1,1,5
4062,4,2,2,3,3,1,1
9508402,5,1,4,5,0,5,21
205076,4,3,1,1,0,4,60
9705476,0,0,0,0,0,0,0
9802311,1,1,0,0,0,1,2
9612435,8,4,4,5,1,7,14
9603273,5,4,1,1,3,2,4
9402354,0,0,0,0,0,0,0
9711283,0,0,0,0,0,0,0
9704386,3,3,0,0,3,0,0
9802354,0,0,0,0,0,0,0
9911298,9,1,8,16,1,8,15
110280,2,1,1,1,0,2,6
11005,2,2,0,0,0,2,7
7111,10,6,4,5,0,10,31
12235,2,1,1,1,0,2,2
9904285,8,2,6,10,0,8,28
11210,1,1,0,0,0,1,1
107178,9,4,5,7,3,6,28
9502372,9,6,3,3,9,0,0
203094,0,0,0,0,0,0,0
9810486,1,1,0,0,0,1,1
9711364,0,0,0,0,0,0,0
105186,1,1,0,0,0,1,11
210242,0,0,0,0,0,0,0
12076,3,1,2,3,2,1,1
9608283,1,1,0,0,0,1,3
110110,0,0,0,0,0,0,0
4222,2,1,1,1,0,2,3
209217,2,2,0,0,0,2,39
7189,2,2,0,0,0,2,15
7059,2,1,1,1,0,2,7
107215,3,2,1,1,0,3,12
10158,1,1,0,0,0,1,3
9903254,4,2,2,3,0,4,4
202158,8,5,3,4,0,8,30
8307,1,1,0,0,0,1,2
9808437,6,4,2,2,0,6,28
9511404,6,3,3,6,0,6,21
3079,1,1,0,0,0,1,3
9407239,3,3,0,0,3,0,0
9905354,0,0,0,0,0,0,0
9611216,1,1,0,0,0,1,4
9905377,9,2,7,15,0,9,22
9805309,1,1,0,0,0,1,7
212236,0,0,0,0,0,0,0
7247,2,1,1,1,0,2,5
111067,3,3,0,0,0,3,10
206093,1,1,0,0,0,1,4
206235,3,2,1,1,0,3,20
9405363,0,0,0,0,0,0,0
9804417,3,2,1,1,0,3,8
9210279,2,2,0,0,2,0,0
207296,3,1,2,2,0,3,48
9306278,1,1,0,0,0,1,1
112130,0,0,0,0,0,0,0
102137,0,0,0,0,0,0,0
9810430,1,1,0,0,0,1,1
4257,1,1,0,0,0,1,2
109012,3,1,2,3,0,3,11
9903513,8,3,5,5,0,8,48
201277,0,0,0,0,0,0,0
204044,3,2,1,1,0,3,61
12224,1,1,0,0,0,1,8
108187,4,3,1,1,0,4,22
301056,0,0,0,0,0,0,0
6087,4,1,3,5,0,4,8
9502384,5,1,4,7,0,5,5
9701372,3,3,0,0,2,1,1
109014,2,1,1,1,2,0,0
202213,1,1,0,0,0,1,2
9912423,14,2,12,26,1,13,42
5077,4,2,2,5,0,4,12
9910275,6,4,2,2,0,6,33
9405317,2,2,0,0,2,0,0
203060,1,1,0,0,0,1,2
6222,3,2,1,1,0,3,7
9410371,0,0,0,0,0,0,0
9601313,8,3,5,9,2,6,15
106024,5,2,3,5,0,5,52
9707272,5,1,4,9,1,4,6
9910325,2,2,0,0,1,1,7
202206,3,2,1,1,0,3,14
9712533,4,2,2,2,0,4,8
9210259,1,1,0,0,1,0,0
9505443,3,3,0,0,3,0,0
104160,1,1,0,0,0,1,1
9809323,0,0,0,0,0,0,0
9812497,3,3,0,0,0,3,14
9711508,1,1,0,0,0,1,8
206113,1,1,0,0,0,1,4
11293,1,1,0,0,0,1,4
9504396,3,1,2,3,3,0,0
209364,3,3,0,0,2,1,1
9706550,3,3,0,0,0,3,3
9804464,1,1,0,0,1,0,0
9401330,6,6,0,0,6,0,0
9807419,0,0,0,0,0,0,0
9704309,1,1,0,0,0,1,2
212344,0,0,0,0,0,0,0
102313,3,3,0,0,1,2,14
9806474,0,0,0,0,0,0,0
12383,6,4,2,4,1,5,19
9911466,0,0,0,0,0,0,0
9308323,1,1,0,0,0,1,6
9709254,1,1,0,0,0,1,1
9809442,3,2,1,1,0,3,3
9401247,5,5,0,0,3,2,4
9505415,0,0,0,0,0,0,0
9512271,3,1,2,2,0,3,3
3313,2,1,1,1,0,2,12
9804303,3,1,2,3,3,0,0
9809365,5,2,3,3,0,5,12
9411380,0,0,0,0,0,0,0
11276,5,2,3,3,1,4,17
9601304,2,2,0,0,2,0,0
106342,5,3,2,3,0,5,27
9305328,1,1,0,0,1,0,0
9808264,4,3,1,1,2,2,2
6242,0,0,0,0,0,0,0
208174,0,0,0,0,0,0,0
9607373,0,0,0,0,0,0,0
203275,5,2,3,9,0,5,15
9804205,1,1,0,0,0,1,4
208194,0,0,0,0,0,0,0
111434,3,3,0,0,1,2,3
210113,1,1,0,0,0,1,1
9905344,0,0,0,0,0,0,0
5153,0,0,0,0,0,0,0
1156,0,0,0,0,0,0,0
9308331,2,2,0,0,2,0,0
9308293,1,1,0,0,1,0,0
9512322,2,1,1,1,0,2,5
9501396,1,1,0,0,1,0,0
105275,0,0,0,0,0,0,0
8088,4,2,2,2,0,4,6
9709321,0,0,0,0,0,0,0
101285,0,0,0,0,0,0,0
1314,0,0,0,0,0,0,0
301015,1,1,0,0,0,1,10
9810464,0,0,0,0,0,0,0
9809202,1,1,0,0,0,1,1
211154,1,1,0,0,0,1,3
9406402,4,2,2,2,4,0,0
9605311,1,1,0,0,0,1,1
9115,2,2,0,0,1,1,2
202012,8,2,6,17,0,8,155
9803326,3,3,0,0,3,0,0
103150,1,1,0,0,0,1,2
109225,1,1,0,0,0,1,2
101248,1,1,0,0,0,1,9
7126,0,0,0,0,0,0,0
9609456,0,0,0,0,0,0,0
9602361,1,1,0,0,0,1,1
301018,0,0,0,0,0,0,0
109157,0,0,0,0,0,0,0
201285,1,1,0,0,0,1,19
110338,2,1,1,1,0,2,3
208270,0,0,0,0,0,0,0
9912519,4,1,3,5,1,3,10
110240,2,1,1,1,0,2,2
112211,4,4,0,0,0,4,13
108190,1,1,0,0,0,1,7
9401301,3,3,0,0,1,2,6
12382,3,1,2,2,0,3,9
110416,1,1,0,0,0,1,5
9505265,0,0,0,0,0,0,0
9702221,4,1,3,6,2,2,5
9809473,0,0,0,0,0,0,0
110265,0,0,0,0,0,0,0
9712411,5,2,3,7,1,4,4
9607246,0,0,0,0,0,0,0
9604424,4,3,1,1,3,1,1
9809313,1,1,0,0,0,1,2
9509367,0,0,0,0,0,0,0
9712258,1,1,0,0,0,1,1
210442,4,1,3,3,0,4,21
11021,0,0,0,0,0,0,0
111040,1,1,0,0,1,0,0
102179,2,1,1,1,0,2,4
9803318,0,0,0,0,0,0,0
9903546,0,0,0,0,0,0,0
9302289,2,2,0,0,2,0,0
9908287,3,2,1,1,3,0,0
9805237,1,1,0,0,0,1,6
212251,0,0,0,0,0,0,0
9803234,0,0,0,0,0,0,0
209055,0,0,0,0,0,0,0
211394,3,3,0,0,0,3,20
7079,0,0,0,0,0,0,0
9906201,0,0,0,0,0,0,0
212148,0,0,0,0,0,0,0
9012,2,1,1,1,2,0,0
208165,0,0,0,0,0,0,0
9808235,0,0,0,0,0,0,0
208005,0,0,0,0,0,0,0
9805492,0,0,0,0,0,0,0
211402,0,0,0,0,0,0,0
9906293,2,2,0,0,0,2,2
106355,0,0,0,0,0,0,0
8202,1,1,0,0,0,1,2
9411309,1,1,0,0,1,0,0
211460,0,0,0,0,0,0,0
9811341,1,1,0,0,0,1,5
9903379,1,1,0,0,0,1,2
9904467,1,1,0,0,0,1,1
9810460,1,1,0,0,0,1,3
9903356,1,1,0,0,1,0,0
9309292,1,1,0,0,1,0,0
9606480,0,0,0,0,0,0,0
111339,1,1,0,0,1,0,0
210405,0,0,0,0,0,0,0
9611461,1,1,0,0,0,1,2
9509291,1,1,0,0,0,1,2
211466,0,0,0,0,0,0,0
9808490,0,0,0,0,0,0,0
9711270,1,1,0,0,0,1,6
110099,0,0,0,0,0,0,0
110268,1,1,0,0,1,0,0
204232,3,1,2,3,0,3,17
9911211,1,1,0,0,0,1,1
9805505,0,0,0,0,0,0,0
9908418,0,0,0,0,0,0,0
2194,2,2,0,0,1,1,1
11075,4,2,2,3,2,2,4
104123,3,2,1,1,1,2,2
101178,0,0,0,0,0,0,0
9807530,0,0,0,0,0,0,0
12340,1,1,0,0,0,1,3
209272,2,2,0,0,0,2,5
9709508,3,1,2,3,0,3,4
9410290,0,0,0,0,0,0,0
9311252,0,0,0,0,0,0,0
9808279,0,0,0,0,0,0,0
9704449,0,0,0,0,0,0,0
201240,2,1,1,1,0,2,9
206005,4,1,3,3,0,4,19
2304,1,1,0,0,0,1,1
9902212,1,1,0,0,0,1,2
108066,1,1,0,0,0,1,2
9505403,0,0,0,0,0,0,0
9904229,5,4,1,1,2,3,12
109280,1,1,0,0,0,1,13
203063,0,0,0,0,0,0,0
102299,1,1,0,0,0,1,4
202146,0,0,0,0,0,0,0
9906510,2,1,1,1,0,2,2
9405375,1,1,0,0,1,0,0
211129,1,1,0,0,1,0,0
9703382,1,1,0,0,0,1,3
9707261,0,0,0,0,0,0,0
301059,1,1,0,0,0,1,5
9807291,0,0,0,0,0,0,0
9707289,1,1,0,0,0,1,1
9407216,3,3,0,0,3,0,0
8322,1,1,0,0,0,1,2
12286,0,0,0,0,0,0,0
3041,1,1,0,0,1,0,0
9307215,1,1,0,0,1,0,0
3259,0,0,0,0,0,0,0
109116,0,0,0,0,0,0,0
9407220,1,1,0,0,1,0,0
9278,1,1,0,0,0,1,4
11129,0,0,0,0,0,0,0
9704365,1,1,0,0,1,0,0
9307258,0,0,0,0,0,0,0
102110,0,0,0,0,0,0,0
9308377,0,0,0,0,0,0,0
105211,0,0,0,0,0,0,0
12006,0,0,0,0,0,0,0
9712289,0,0,0,0,0,0,0
9310263,0,0,0,0,0,0,0
107326,0,0,0,0,0,0,0
112318,0,0,0,0,0,0,0
104132,1,1,0,0,1,0,0
108266,0,0,0,0,0,0,0
207142,2,1,1,1,0,2,17
108101,0,0,0,0,0,0,0
9508375,1,1,0,0,1,0,0
9905517,0,0,0,0,0,0,0
9810226,0,0,0,0,0,0,0
9804440,0,0,0,0,0,0,0
9904238,2,2,0,0,0,2,26
1078,0,0,0,0,0,0,0
207028,0,0,0,0,0,0,0
207178,0,0,0,0,0,0,0
9308250,0,0,0,0,0,0,0
10330,0,0,0,0,0,0,0
9807259,0,0,0,0,0,0,0
112064,0,0,0,0,0,0,0
9412223,0,0,0,0,0,0,0
2299,1,1,0,0,0,1,2
9510388,0,0,0,0,0,0,0
212254,0,0,0,0,0,0,0
210297,0,0,0,0,0,0,0
106173,0,0,0,0,0,0,0
9605418,1,1,0,0,1,0,0
9404251,1,1,0,0,1,0,0
3095,1,1,0,0,0,1,2
109021,1,1,0,0,1,0,0
9605232,0,0,0,0,0,0,0
1016,0,0,0,0,0,0,0
9212297,4,4,0,0,4,0,0
207294,1,1,0,0,0,1,2
9912353,0,0,0,0,0,0,0
108099,0,0,0,0,0,0,0
9505380,0,0,0,0,0,0,0
9612230,1,1,0,0,1,0,0
9810248,1,1,0,0,1,0,0
204247,0,0,0,0,0,0,0
208255,0,0,0,0,0,0,0
9710457,0,0,0,0,0,0,0
9403222,0,0,0,0,0,0,0
212260,0,0,0,0,0,0,0
9305339,0,0,0,0,0,0,0
9701310,0,0,0,0,0,0,0
11328,0,0,0,0,0,0,0
206234,0,0,0,0,0,0,0
302035,1,1,0,0,0,1,21
9612281,0,0,0,0,0,0,0
210074,1,1,0,0,0,1,3
208082,0,0,0,0,0,0,0
212186,0,0,0,0,0,0,0
9606481,1,1,0,0,0,1,1
9910378,0,0,0,0,0,0,0
211420,0,0,0,0,0,0,0
101177,1,1,0,0,0,1,6
212079,0,0,0,0,0,0,0
9407272,2,2,0,0,2,0,0
212255,0,0,0,0,0,0,0
301163,1,1,0,0,0,1,3
12164,1,1,0,0,0,1,2
9504341,1,1,0,0,1,0,0
9908344,1,1,0,0,1,0,0
3171,0,0,0,0,0,0,0
9709281,0,0,0,0,0,0,0
9705355,1,1,0,0,0,1,4
9611211,0,0,0,0,0,0,0
9501413,0,0,0,0,0,0,0
9809570,1,1,0,0,1,0,0
9607391,1,1,0,0,1,0,0
201072,0,0,0,0,0,0,0
208229,0,0,0,0,0,0,0
9803404,0,0,0,0,0,0,0
3315,0,0,0,0,0,0,0
210051,0,0,0,0,0,0,0
201158,0,0,0,0,0,0,0
207220,0,0,0,0,0,0,0
9805483,1,1,0,0,0,1,1
9709482,0,0,0,0,0,0,0
1010,0,0,0,0,0,0,0
204022,0,0,0,0,0,0,0
211357,0,0,0,0,0,0,0
210379,0,0,0,0,0,0,0
209003,0,0,0,0,0,0,0
5192,0,0,0,0,0,0,0
9808383,1,1,0,0,0,1,2
9904251,0,0,0,0,0,0,0
104196,0,0,0,0,0,0,0
9905382,0,0,0,0,0,0,0
111438,0,0,0,0,0,0,0
208267,0,0,0,0,0,0,0
3237,1,1,0,0,1,0,0
212394,0,0,0,0,0,0,0
9706353,1,1,0,0,1,0,0
11189,0,0,0,0,0,0,0
106051,0,0,0,0,0,0,0
208104,0,0,0,0,0,0,0
209018,0,0,0,0,0,0,0
302183,0,0,0,0,0,0,0
201035,0,0,0,0,0,0,0
9808472,0,0,0,0,0,0,0
9809342,0,0,0,0,0,0,0
9904392,1,1,0,0,0,1,3
212190,0,0,0,0,0,0,0
302169,0,0,0,0,0,0,0
9708383,0,0,0,0,0,0,0
301195,0,0,0,0,0,0,0
110010,0,0,0,0,0,0,0
211009,0,0,0,0,0,0,0
9804225,0,0,0,0,0,0,0
210018,0,0,0,0,0,0,0
212106,0,0,0,0,0,0,0
210268,0,0,0,0,0,0,0
9301251,2,2,0,0,2,0,0
9808473,0,0,0,0,0,0,0
9602371,0,0,0,0,0,0,0
111111,0,0,0,0,0,0,0
212002,0,0,0,0,0,0,0
211354,1,1,0,0,0,1,4
302253,1,1,0,0,1,0,0
110112,0,0,0,0,0,0,0
112164,0,0,0,0,0,0,0
211441,0,0,0,0,0,0,0
103093,0,0,0,0,0,0,0
9401223,0,0,0,0,0,0,0
9904342,1,1,0,0,1,0,0
207150,0,0,0,0,0,0,0
9902262,0,0,0,0,0,0,0
9410263,0,0,0,0,0,0,0
204248,0,0,0,0,0,0,0
205132,0,0,0,0,0,0,0
108153,1,1,0,0,1,0,0
111361,0,0,0,0,0,0,0
210353,0,0,0,0,0,0,0
203221,0,0,0,0,0,0,0
9606204,0,0,0,0,0,0,0
112005,0,0,0,0,0,0,0
211322,0,0,0,0,0,0,0
211447,0,0,0,0,0,0,0
210231,0,0,0,0,0,0,0
106058,0,0,0,0,0,0,0
9301256,1,1,0,0,1,0,0
9801259,0,0,0,0,0,0,0
108200,0,0,0,0,0,0,0
9509264,0,0,0,0,0,0,0
9501309,0,0,0,0,0,0,0
9604447,0,0,0,0,0,0,0
9811424,0,0,0,0,0,0,0
9709370,0,0,0,0,0,0,0
301141,0,0,0,0,0,0,0
4082,0,0,0,0,0,0,0
211192,0,0,0,0,0,0,0
9905535,0,0,0,0,0,0,0
9906353,0,0,0,0,0,0,0
3106,0,0,0,0,0,0,0
9706532,0,0,0,0,0,0,0
9609259,0,0,0,0,0,0,0
9708318,0,0,0,0,0,0,0
9609406,0,0,0,0,0,0,0
9907529,1,1,0,0,1,0,0
9712268,0,0,0,0,0,0,0
9909263,0,0,0,0,0,0,0
9508385,0,0,0,0,0,0,0
302214,0,0,0,0,0,0,0
203218,0,0,0,0,0,0,0
9301206,1,1,0,0,1,0,0
9211321,75,11,64,619,75,0,0
12152,28,7,21,81,1,27,160
9903535,60,13,47,265,17,43,107
9904480,12,6,6,11,0,12,55
105306,8,6,2,3,1,7,20
106315,54,15,39,101,14,40,198
9511342,56,9,47,224,14,42,91
107180,9,1,8,14,4,5,21
1304,7,2,5,9,2,5,26
9412214,11,4,7,10,0,11,36
9702350,29,1,28,108,10,19,40
9807340,31,6,25,88,0,31,181
210108,2,2,0,0,0,2,25
9209244,10,3,7,11,10,0,0
9603349,20,4,16,35,1,19,37
9907414,8,4,4,8,0,8,27
9512278,4,3,1,1,0,4,14
9504241,26,7,19,48,0,26,60
110390,1,1,0,0,0,1,6
9704456,9,1,8,16,9,0,0
9502276,5,2,3,3,3,2,2
9602396,22,3,19,55,2,20,106
9412201,23,7,16,76,4,19,42
9602424,29,4,25,84,0,29,45
9309240,11,5,6,18,11,0,0
9403270,9,3,6,9,9,0,0
9711415,31,4,27,151,28,3,5
9602342,18,4,14,37,8,10,61
9403201,25,5,20,82,20,5,5
9909425,46,2,44,293,1,45,269
9808241,21,5,16,40,10,11,14
9904366,13,4,9,14,8,5,10
9903424,29,5,24,75,0,29,101
9808485,11,1,10,31,1,10,10
9809531,42,5,37,166,12,30,96
9807361,27,7,20,118,15,12,30
9701362,2,2,0,0,0,2,7
9602307,27,4,23,61,13,14,50
9910335,12,4,8,13,11,1,1
2292,9,1,8,14,0,9,53
9607265,24,4,20,47,16,8,9
9607310,55,6,49,293,4,51,122
9802287,20,4,16,48,0,20,76
9404334,5,2,3,6,5,0,0
9606423,68,2,66,284,4,64,159
9403330,24,8,16,86,3,21,44
9211310,18,4,14,35,18,0,0
9808265,57,4,53,370,1,56,485
9307312,17,2,15,72,5,12,12
9707477,24,2,22,94,0,24,189
109259,1,1,0,0,0,1,3
9209279,62,7,55,359,62,0,0
9706512,28,2,26,67,0,28,111
102017,24,3,21,81,0,24,188
9911233,53,3,50,276,4,49,511
9801271,113,36,77,283,16,97,876
9609444,69,7,62,406,1,68,476
9705228,30,2,28,88,0,30,237
9702337,14,2,12,31,0,14,31
9508314,19,6,13,38,10,9,16
104126,29,6,23,47,0,29,219
111392,4,2,2,2,0,4,31
9905520,15,3,12,25,1,14,140
9806204,9,2,7,23,0,9,16
9806270,4,3,1,2,0,4,32
9702380,51,4,47,314,0,51,132
9908371,22,7,15,29,2,20,122
9206205,36,3,33,113,36,0,0
9707377,14,8,6,6,1,13,26
9501281,162,10,152,1222,48,114,253
9601360,61,3,58,339,7,54,127
9305289,14,10,4,5,14,0,0
9807344,398,4,394,4759,3,395,1102
9606447,3,3,0,0,0,3,16
9404302,54,11,43,300,6,48,115
9306318,15,2,13,38,15,0,0
9806512,4,2,2,2,1,3,9
9609474,44,1,43,287,8,36,124
9612413,18,5,13,40,1,17,37
9305296,3,3,0,0,3,0,0
9610534,28,2,26,207,28,0,0
9803389,126,18,108,757,0,126,444
9403242,16,5,11,32,16,0,0
9602284,3,3,0,0,1,2,5
9303273,32,6,26,86,7,25,25
9906316,16,4,12,51,5,11,36
9707260,1,1,0,0,1,0,0
9305335,33,7,26,97,33,0,0
9603276,23,5,18,71,9,14,23
9903226,18,7,11,25,0,18,92
9403249,52,7,45,160,9,43,62
9402360,87,11,76,513,13,74,219
9603287,6,3,3,5,0,6,7
9602265,33,2,31,111,19,14,14
7071,2,1,1,1,1,1,3
9512218,97,12,85,396,66,31,32
9909265,22,5,17,49,3,19,140
9607355,55,4,51,303,28,27,27
9701227,20,6,14,28,1,19,67
7175,4,2,2,3,4,0,0
9161,3,3,0,0,0,3,26
9803226,23,6,17,58,1,22,66
9909229,24,12,12,21,1,23,71
9907342,6,1,5,10,1,5,23
9507414,57,3,54,308,2,55,125
9611376,2,1,1,1,0,2,6
9610498,26,6,20,92,0,26,82
9909464,21,3,18,46,2,19,178
9601302,37,8,29,158,2,35,88
9808467,30,2,28,104,0,30,131
108036,6,4,2,3,0,6,20
10156,3,3,0,0,0,3,33
9305348,48,6,42,182,48,0,0
10223,1,1,0,0,0,1,2
11027,4,1,3,4,0,4,79
105239,18,2,16,97,18,0,0
9905487,40,1,39,226,0,40,157
9504231,14,2,12,27,4,10,29
9801353,10,2,8,20,0,10,26
9311222,60,16,44,170,20,40,87
9307347,34,6,28,161,34,0,0
108171,2,2,0,0,0,2,26
9705361,15,1,14,63,2,13,13
9806477,13,1,12,20,1,12,48
9311248,27,7,20,76,20,7,7
9501382,17,2,15,61,14,3,3
9605412,31,4,27,134,10,21,39
9506455,14,2,12,25,0,14,30
9905266,10,3,7,12,1,9,66
9809572,53,13,40,260,1,52,391
9906509,3,3,0,0,1,2,2
9605325,15,5,10,20,1,14,66
9805383,3,3,0,0,0,3,7
9708419,15,10,5,6,1,14,161
9610280,25,15,10,16,10,15,35
9204238,16,5,11,35,16,0,0
9505238,9,5,4,12,0,9,81
9903293,6,3,3,5,1,5,19
112102,60,10,50,165,0,60,216
9609430,6,5,1,1,1,5,68
10348,14,4,10,20,0,14,73
9812421,2,2,0,0,0,2,16
9505428,30,9,21,58,0,30,139
9901210,10,4,6,12,0,10,49
9510431,19,5,14,31,6,13,13
9703234,2,1,1,1,0,2,32
9810360,65,3,62,453,21,44,158
9312272,71,9,62,340,11,60,112
104271,11,6,5,8,0,11,76
9502388,8,3,5,6,0,8,23
106130,6,1,5,10,0,6,13
9408391,22,4,18,75,8,14,19
3154,6,5,1,1,0,6,51
9512252,70,2,68,582,1,69,272
9904399,25,1,24,86,9,16,35
7154,4,2,2,2,1,3,17
9209292,7,1,6,13,7,0,0
9702397,9,2,7,9,1,8,14
9911213,6,2,4,6,0,6,31
12176,2,1,1,1,0,2,5
9401256,13,4,9,17,13,0,0
9511270,17,3,14,26,15,2,2
9505419,25,5,20,58,5,20,45
9901299,57,3,54,332,0,57,316
9812486,47,3,44,488,0,47,460
9907347,16,3,13,32,0,16,387
9509286,29,7,22,85,18,11,17
9901229,65,5,60,282,9,56,253
211412,3,3,0,0,1,2,20
9907511,1,1,0,0,0,1,3
10031,4,2,2,3,0,4,33
112247,35,4,31,206,0,35,576
102065,14,4,10,28,1,13,60
208260,0,0,0,0,0,0,0
9907477,3,3,0,0,0,3,6
9607208,2,2,0,0,0,2,6
10192,19,5,14,29,0,19,158
202155,11,3,8,12,0,11,99
107030,8,1,7,17,0,8,54
9501395,26,3,23,73,6,20,40
112021,3,1,2,2,0,3,40
4175,5,1,4,5,0,5,36
9505353,23,3,20,70,8,15,26
9310374,7,2,5,8,7,0,0
9209299,17,7,10,25,3,14,14
9912223,28,9,19,55,3,25,259
8021,13,5,8,24,1,12,25
9711377,13,2,11,17,1,12,16
9507419,3,1,2,2,3,0,0
9606296,4,2,2,2,4,0,0
9610423,10,6,4,7,4,6,7
9503399,4,3,1,1,4,0,0
9612301,9,4,5,10,0,9,55
9706369,10,3,7,13,0,10,102
9412206,22,14,8,14,0,22,71
9406287,31,5,26,125,31,0,0
9601373,7,2,5,9,0,7,16
9603359,9,3,6,7,2,7,11
9208202,4,3,1,1,4,0,0
110020,9,3,6,17,0,9,116
9302244,21,5,16,47,21,0,0
9810366,2,2,0,0,0,2,7
12116,8,4,4,11,0,8,45
9411290,3,3,0,0,1,2,2
7158,14,3,11,34,1,13,48
9604295,24,3,21,122,5,19,19
9306299,2,2,0,0,2,0,0
9910238,52,6,46,281,0,52,556
9904479,3,2,1,1,1,2,4
9504324,11,7,4,4,0,11,74
9808394,2,2,0,0,1,1,1
9401312,35,9,26,87,26,9,9
9903268,34,8,26,63,0,34,172
9710374,12,4,8,15,1,11,46
9310316,62,4,58,285,62,0,0
9601280,20,6,14,29,3,17,73
2157,11,6,5,6,0,11,69
9810230,8,4,4,8,0,8,35
9412392,2,2,0,0,2,0,0
9601374,6,2,4,9,0,6,59
106347,13,5,8,17,1,12,83
9405348,24,6,18,47,1,23,45
9907497,10,3,7,13,0,10,44
9807249,15,2,13,85,3,12,49
9604388,70,4,66,360,13,57,209
9605428,6,5,1,1,2,4,4
9708474,1,1,0,0,0,1,1
9607205,6,1,5,7,0,6,6
9610355,3,2,1,1,0,3,10
9403245,1,1,0,0,1,0,0
9705460,11,4,7,12,0,11,28
9410225,11,3,8,20,1,10,55
9406387,6,2,4,8,6,0,0
9612212,12,2,10,43,0,12,97
9503351,31,9,22,66,7,24,44
9708325,2,1,1,1,0,2,9
9356,28,4,24,87,6,22,43
9807432,3,1,2,2,1,2,2
9910246,8,6,2,2,3,5,21
9903552,1,1,0,0,0,1,3
9707327,32,2,30,148,1,31,52
9812454,5,1,4,6,0,5,29
9406343,5,2,3,5,3,2,2
9303268,12,6,6,16,12,0,0
9903540,20,4,16,52,0,20,199
3287,5,3,2,3,0,5,6
1172,28,4,24,41,4,24,57
9710281,9,5,4,7,0,9,9
9805484,8,6,2,2,1,7,126
207126,3,2,1,1,0,3,23
9904247,1,1,0,0,0,1,6
103049,21,2,19,57,1,20,56
9802423,1,1,0,0,0,1,1
9403395,6,2,4,7,6,0,0
9410333,13,1,12,47,13,0,0
9407259,1,1,0,0,0,1,1
11083,7,6,1,1,1,6,66
2082,17,2,15,42,3,14,28
9908288,30,10,20,48,13,17,27
9703369,23,7,16,36,0,23,126
9704247,15,6,9,34,4,11,11
9910408,9,1,8,19,0,9,66
9910557,20,1,19,83,0,20,238
103221,4,1,3,3,0,4,11
9804231,7,5,2,2,0,7,22
9404228,10,1,9,24,0,10,19
9311353,8,5,3,5,0,8,11
9304211,30,3,27,110,30,0,0
9809525,13,3,10,28,0,13,59
9903549,19,3,16,44,12,7,7
9607423,3,2,1,1,2,1,2
9612485,2,1,1,1,0,2,9
9804209,49,7,42,133,3,46,185
6045,12,5,7,12,0,12,55
9609380,2,2,0,0,0,2,11
7012,20,5,15,45,0,20,109
3025,12,5,7,12,0,12,41
9612493,5,1,4,6,1,4,20
101281,1,1,0,0,0,1,5
9710275,5,3,2,3,2,3,9
9312338,11,3,8,19,11,0,0
302225,0,0,0,0,0,0,0
9609491,6,3,3,3,0,6,10
9706320,3,2,1,1,2,1,2
9712299,12,5,7,15,3,9,20
1113,16,6,10,19,2,14,55
9411395,20,3,17,64,13,7,7
108110,4,1,3,3,1,3,12
9504320,11,3,8,18,2,9,12
9902341,28,2,26,113,1,27,204
9308369,10,6,4,5,2,8,16
9605270,4,2,2,2,0,4,10
9215,5,3,2,3,0,5,20
9806290,8,5,3,6,0,8,97
11136,9,4,5,8,4,5,7
9509238,13,4,9,16,0,13,26
9404305,0,0,0,0,0,0,0
9902465,2,1,1,1,0,2,22
9908333,9,1,8,19,0,9,40
9611285,12,2,10,19,10,2,2
102046,19,4,15,54,0,19,199
9612227,9,4,5,10,1,8,28
207157,22,5,17,25,0,22,148
9803301,19,1,18,53,8,11,18
9701371,4,3,1,1,1,3,8
9912323,0,0,0,0,0,0,0
9609359,2,1,1,1,0,2,7
9707431,9,3,6,21,9,0,0
9305324,8,5,3,6,5,3,4
103237,2,1,1,1,1,1,1
9408204,11,5,6,9,11,0,0
11078,3,2,1,1,3,0,0
9611240,1,1,0,0,0,1,2
9609447,22,7,15,50,0,22,117
9802329,24,5,19,60,4,20,81
9902368,9,2,7,18,0,9,49
9410205,4,2,2,2,4,0,0
211446,0,0,0,0,0,0,0
2012,1,1,0,0,0,1,3
9301255,5,2,3,6,0,5,5
5089,13,3,10,16,6,7,14
9602255,4,3,1,1,0,4,23
9511420,18,2,16,31,0,18,52
9408305,21,3,18,48,21,0,0
10289,8,4,4,5,0,8,23
107164,26,3,23,100,6,20,52
9712203,16,3,13,38,12,4,6
9806523,5,3,2,2,1,4,15
208026,14,4,10,18,0,14,105
9901403,3,2,1,1,0,3,7
111057,3,2,1,1,0,3,5
12229,3,2,1,1,0,3,8
9605286,19,6,13,23,19,0,0
103265,5,2,3,4,0,5,65
108202,6,1,5,5,0,6,14
9909293,4,3,1,1,0,4,11
9905375,1,1,0,0,0,1,2
9501285,10,3,7,11,0,10,30
9504237,10,2,8,15,1,9,31
9711456,2,2,0,0,0,2,6
9708290,8,4,4,8,2,6,9
110158,11,1,10,22,0,11,223
7112,25,8,17,51,3,22,122
9411287,29,7,22,75,14,15,17
9608287,0,0,0,0,0,0,0
9609308,4,2,2,2,2,2,5
12370,1,1,0,0,0,1,11
9606292,2,2,0,0,0,2,18
9611324,7,6,1,1,0,7,80
9608387,5,1,4,5,0,5,27
105069,2,2,0,0,0,2,3
9812412,7,1,6,20,0,7,35
9905472,9,6,3,4,0,9,60
9602369,1,1,0,0,0,1,5
9803254,8,3,5,7,1,7,37
3320,7,2,5,9,0,7,23
9502257,3,2,1,1,0,3,6
1333,5,2,3,3,1,4,15
112273,9,3,6,12,0,9,150
12196,4,3,1,1,0,4,32
9506406,7,2,5,6,0,7,27
9803334,2,2,0,0,0,2,2
9808324,31,4,27,111,4,27,37
9304201,1,1,0,0,1,0,0
5324,3,3,0,0,0,3,7
9602355,4,3,1,1,0,4,32
9605228,1,1,0,0,0,1,1
9411282,16,4,12,27,1,15,30
9801390,2,1,1,1,0,2,8
109069,0,0,0,0,0,0,0
9908208,4,1,3,3,0,4,41
9908343,5,4,1,1,0,5,90
9807494,18,4,14,30,0,18,126
9905376,22,7,15,37,0,22,187
9504430,2,2,0,0,2,0,0
9906223,12,5,7,17,0,12,23
9503340,10,3,7,20,9,1,1
106307,9,4,5,10,2,7,12
9302274,8,3,5,18,1,7,7
9910375,3,2,1,1,0,3,12
112223,0,0,0,0,0,0,0
1204,8,5,3,6,0,8,51
9711466,0,0,0,0,0,0,0
9605279,3,1,2,3,3,0,0
9909250,17,7,10,19,0,17,87
9611336,3,2,1,2,0,3,8
9906213,5,1,4,8,0,5,8
9404274,12,4,8,14,11,1,1
9311350,8,6,2,2,2,6,6
9512321,13,2,11,24,2,11,26
9908257,12,3,9,20,1,11,32
7162,8,1,7,17,0,8,39
9711353,3,1,2,2,1,2,3
108077,9,3,6,8,0,9,64
9907224,29,3,26,131,0,29,224
9509383,6,2,4,7,6,0,0
2079,4,3,1,1,0,4,36
9402244,2,1,1,1,2,0,0
9904483,11,1,10,19,6,5,7
108002,18,2,16,51,0,18,130
205117,5,2,3,5,0,5,35
9903553,3,1,2,3,0,3,3
9906305,3,1,2,3,1,2,6
9807324,11,7,4,6,5,6,15
9407352,1,1,0,0,1,0,0
9707334,13,1,12,25,3,10,35
9306285,6,1,5,10,3,3,3
9512379,13,4,9,22,2,11,23
9810412,5,5,0,0,0,5,25
5090,2,1,1,1,0,2,12
3063,1,1,0,0,0,1,4
109233,6,3,3,6,3,3,6
9805221,9,1,8,17,0,9,11
7292,16,7,9,28,0,16,129
107189,4,2,2,3,0,4,28
204270,7,1,6,13,0,7,24
4035,8,2,6,11,0,8,44
9610322,1,1,0,0,0,1,5
9809270,0,0,0,0,0,0,0
9901397,23,1,22,68,0,23,197
9906203,2,1,1,1,1,1,1
9306254,7,4,3,5,7,0,0
8245,14,5,9,20,0,14,116
9809563,4,4,0,0,0,4,4
9405202,6,2,4,6,3,3,4
9809207,7,1,6,13,0,7,25
9908470,1,1,0,0,0,1,4
9503294,8,3,5,6,2,6,6
9903467,1,1,0,0,0,1,6
111249,4,2,2,2,1,3,14
9300,1,1,0,0,0,1,5
9810204,0,0,0,0,0,0,0
9602235,6,4,2,2,2,4,24
9704250,17,6,11,30,1,16,71
207140,0,0,0,0,0,0,0
104058,4,4,0,0,0,4,17
9904365,2,1,1,1,1,1,5
9704379,22,8,14,18,5,17,17
9511374,6,2,4,5,2,4,5
9603382,4,3,1,1,1,3,4
9503373,0,0,0,0,0,0,0
205295,7,4,3,10,0,7,89
204351,2,1,1,1,1,1,7
9904311,4,1,3,3,0,4,13
9802274,3,1,2,3,0,3,3
9605272,1,1,0,0,0,1,6
9404255,6,5,1,2,3,3,11
111373,2,2,0,0,0,2,14
10136,3,3,0,0,0,3,3
9804257,4,2,2,3,2,2,3
9907491,22,8,14,28,3,19,103
9910519,2,1,1,1,2,0,0
9905319,0,0,0,0,0,0,0
107163,7,1,6,10,0,7,58
9704421,3,1,2,3,0,3,31
201142,3,2,1,1,1,2,2
9811276,4,2,2,2,1,3,6
9903412,7,2,5,8,0,7,16
112226,7,5,2,3,1,6,25
103155,7,2,5,9,0,7,45
9709506,8,1,7,17,1,7,26
9811326,6,1,5,8,0,6,21
9402324,13,8,5,12,11,2,2
108018,2,1,1,1,1,1,2
9401351,8,3,5,9,2,6,9
209208,13,6,7,13,0,13,119
9911428,1,1,0,0,0,1,4
9904458,4,2,2,3,0,4,16
3275,1,1,0,0,0,1,3
202087,5,2,3,3,0,5,26
1162,7,1,6,14,0,7,23
9401347,12,5,7,16,12,0,0
9707496,7,3,4,4,0,7,50
205259,3,1,2,2,1,2,10
9712363,6,1,5,14,0,6,20
9204236,9,5,4,8,9,0,0
103187,3,1,2,2,0,3,23
210182,3,2,1,1,0,3,42
211293,0,0,0,0,0,0,0
105332,1,1,0,0,0,1,1
9710272,4,1,3,3,0,4,6
9907504,16,6,10,24,0,16,55
9512241,1,1,0,0,0,1,2
211111,4,2,2,2,0,4,33
9607278,9,4,5,14,9,0,0
9912527,20,5,15,55,2,18,74
109139,4,3,1,1,0,4,25
203092,7,2,5,8,0,7,38
1334,3,3,0,0,1,2,4
9807225,2,2,0,0,0,2,6
7198,13,11,2,2,12,1,1
9712279,2,1,1,1,0,2,6
101325,8,3,5,9,1,7,31
9703415,4,1,3,5,4,0,0
9805223,3,2,1,1,0,3,23
9805338,6,3,3,4,0,6,37
112018,2,2,0,0,1,1,2
9411425,12,3,9,33,12,0,0
9407252,23,11,12,20,1,22,94
202072,11,1,10,22,0,11,47
9412337,5,4,1,1,0,5,8
9703258,10,8,2,4,0,10,78
210092,0,0,0,0,0,0,0
9209216,1,1,0,0,1,0,0
9604271,1,1,0,0,1,0,0
9609218,14,7,7,19,2,12,31
9902418,2,2,0,0,0,2,5
9511285,1,1,0,0,0,1,2
9407378,1,1,0,0,1,0,0
9807223,7,4,3,3,0,7,35
9811306,2,1,1,1,2,0,0
2113,0,0,0,0,0,0,0
9904240,20,4,16,47,1,19,46
9701369,3,3,0,0,3,0,0
108136,7,3,4,6,2,5,21
9603321,0,0,0,0,0,0,0
203128,3,3,0,0,0,3,23
9711211,7,1,6,7,0,7,26
9507264,1,1,0,0,0,1,2
9512344,10,4,6,10,10,0,0
9706378,11,3,8,26,0,11,30
104288,8,5,3,3,0,8,55
204277,9,2,7,14,0,9,96
9903332,7,2,5,11,0,7,12
9507466,4,4,0,0,3,1,3
9312254,2,1,1,1,1,1,1
6303,0,0,0,0,0,0,0
9704204,2,1,1,1,0,2,6
9807292,2,2,0,0,0,2,3
9406334,6,3,3,3,6,0,0
7317,4,1,3,4,0,4,26
211206,1,1,0,0,0,1,20
109283,3,3,0,0,0,3,8
103133,8,1,7,10,0,8,26
5113,3,1,2,3,2,1,1
9807568,0,0,0,0,0,0,0
9711282,1,1,0,0,0,1,14
203148,2,1,1,1,0,2,4
9612383,2,1,1,1,0,2,11
207234,0,0,0,0,0,0,0
9306257,2,2,0,0,2,0,0
108093,3,1,2,3,1,2,4
9407388,19,3,16,60,6,13,35
9706447,2,2,0,0,0,2,12
12227,4,3,1,1,0,4,33
202050,8,6,2,4,0,8,51
9711276,6,4,2,3,3,3,5
9705274,4,3,1,1,2,2,2
9905450,4,2,2,2,0,4,30
9608426,2,1,1,1,0,2,4
9911502,1,1,0,0,0,1,6
11345,1,1,0,0,0,1,1
9710481,0,0,0,0,0,0,0
9910476,10,3,7,19,0,10,14
211085,5,1,4,6,0,5,9
9805345,4,1,3,4,0,4,9
5140,2,2,0,0,0,2,11
9912376,8,1,7,14,0,8,29
209137,2,2,0,0,0,2,11
9907443,1,1,0,0,0,1,1
9506445,14,6,8,18,8,6,6
9607307,0,0,0,0,0,0,0
9503337,2,1,1,1,2,0,0
9302209,0,0,0,0,0,0,0
6007,6,2,4,4,0,6,21
9902441,8,5,3,6,1,7,10
110085,0,0,0,0,0,0,0
9904447,2,1,1,1,0,2,2
7217,3,3,0,0,1,2,2
111084,3,2,1,1,2,1,1
9701402,0,0,0,0,0,0,0
9809356,3,3,0,0,0,3,8
202112,4,1,3,5,0,4,17
9802234,3,1,2,3,0,3,3
9603373,2,2,0,0,0,2,5
9405267,4,2,2,3,2,2,2
9908514,7,2,5,13,1,6,7
9809584,0,0,0,0,0,0,0
9303276,6,3,3,3,1,5,5
9512297,2,2,0,0,1,1,1
2057,2,1,1,1,0,2,15
210272,0,0,0,0,0,0,0
9807311,4,1,3,4,2,2,2
107152,17,5,12,25,0,17,39
211001,8,3,5,7,0,8,82
9901226,5,5,0,0,0,5,6
101031,0,0,0,0,0,0,0
205206,1,1,0,0,0,1,2
12367,7,2,5,11,0,7,54
9908447,3,2,1,1,1,2,3
9710489,1,1,0,0,0,1,3
9405327,2,2,0,0,2,0,0
9407230,1,1,0,0,1,0,0
9901447,9,3,6,19,0,9,21
9909381,0,0,0,0,0,0,0
9604382,3,1,2,3,0,3,7
105330,3,1,2,2,0,3,6
9608357,4,1,3,6,0,4,16
9907246,0,0,0,0,0,0,0
9505260,3,1,2,3,0,3,3
8210,5,3,2,3,0,5,19
9911513,3,3,0,0,3,0,0
101309,0,0,0,0,0,0,0
9710263,2,2,0,0,2,0,0
9911464,4,2,2,2,0,4,20
102161,2,2,0,0,0,2,6
9511366,0,0,0,0,0,0,0
1250,2,2,0,0,1,1,1
9511327,4,3,1,1,0,4,26
210019,1,1,0,0,0,1,5
9712214,1,1,0,0,0,1,1
9712314,2,2,0,0,0,2,4
9804361,5,3,2,2,1,4,6
9710232,10,2,8,24,10,0,0
9809310,13,2,11,26,0,13,48
9707446,1,1,0,0,1,0,0
9708242,0,0,0,0,0,0,0
9706531,4,2,2,2,0,4,15
102005,3,1,2,3,0,3,8
208233,0,0,0,0,0,0,0
110332,0,0,0,0,0,0,0
202216,3,2,1,1,0,3,15
203225,2,1,1,1,2,0,0
9901399,9,5,4,8,2,7,26
8215,2,1,1,1,2,0,0
6153,8,2,6,18,2,6,15
107116,3,1,2,3,0,3,31
8198,1,1,0,0,0,1,2
9612352,1,1,0,0,0,1,4
9508312,2,1,1,1,0,2,2
9607369,1,1,0,0,1,0,0
9501302,0,0,0,0,0,0,0
5204,0,0,0,0,0,0,0
302089,0,0,0,0,0,0,0
10089,8,4,4,6,8,0,0
9904489,2,1,1,1,2,0,0
9610526,5,5,0,0,0,5,14
102029,2,2,0,0,0,2,8
8225,1,1,0,0,1,0,0
9903457,1,1,0,0,0,1,4
11280,1,1,0,0,0,1,5
9810382,3,1,2,2,0,3,9
204091,6,5,1,1,0,6,45
9510298,2,2,0,0,2,0,0
6203,1,1,0,0,0,1,6
9612216,1,1,0,0,0,1,5
9610432,3,1,2,2,0,3,3
301179,0,0,0,0,0,0,0
9806451,3,2,1,1,1,2,4
9611348,2,1,1,1,1,1,1
9504391,1,1,0,0,1,0,0
9803490,2,2,0,0,0,2,4
9409294,1,1,0,0,0,1,1
11023,1,1,0,0,0,1,6
10257,5,2,3,5,0,5,14
207318,1,1,0,0,0,1,7
206259,11,4,7,9,0,11,50
9302259,3,3,0,0,3,0,0
9811513,2,2,0,0,0,2,3
9609409,1,1,0,0,0,1,2
207297,4,4,0,0,0,4,43
206128,2,1,1,1,0,2,42
5076,9,2,7,22,0,9,32
1269,1,1,0,0,0,1,9
3052,0,0,0,0,0,0,0
9610273,0,0,0,0,0,0,0
201257,2,1,1,1,0,2,7
9406277,0,0,0,0,0,0,0
112010,1,1,0,0,0,1,1
207092,5,1,4,6,0,5,26
104183,3,2,1,2,0,3,5
111180,2,2,0,0,0,2,7
212162,2,2,0,0,0,2,15
9903304,7,1,6,18,1,6,6
5096,2,1,1,1,0,2,32
9703380,3,1,2,2,1,2,2
109119,10,3,7,14,0,10,101
6150,3,2,1,1,0,3,13
7067,3,2,1,1,0,3,9
5149,3,1,2,2,0,3,37
9808361,5,3,2,3,1,4,8
212288,0,0,0,0,0,0,0
8112,0,0,0,0,0,0,0
101266,4,2,2,3,0,4,11
12169,0,0,0,0,0,0,0
9509300,1,1,0,0,0,1,1
110344,2,1,1,1,0,2,6
9906554,1,1,0,0,0,1,6
9412290,0,0,0,0,0,0,0
204069,5,3,2,3,0,5,33
9710517,5,2,3,8,0,5,9
9602253,1,1,0,0,0,1,1
209158,7,4,3,3,0,7,57
9911488,2,2,0,0,0,2,8
9806421,1,1,0,0,0,1,1
108054,2,1,1,1,0,2,18
9801257,2,2,0,0,1,1,1
208259,1,1,0,0,0,1,2
11214,2,1,1,1,0,2,11
9506346,2,1,1,1,2,0,0
302195,1,1,0,0,0,1,2
111461,0,0,0,0,0,0,0
9804366,1,1,0,0,0,1,1
9603256,1,1,0,0,1,0,0
9608395,1,1,0,0,0,1,1
9706393,2,2,0,0,0,2,7
9701298,1,1,0,0,0,1,11
9805450,0,0,0,0,0,0,0
9402294,0,0,0,0,0,0,0
9904314,0,0,0,0,0,0,0
9506395,1,1,0,0,0,1,1
9710248,2,2,0,0,1,1,1
9612308,1,1,0,0,0,1,4
9503252,1,1,0,0,0,1,2
9410407,5,1,4,6,0,5,8
9401234,1,1,0,0,0,1,1
9704202,4,1,3,3,0,4,31
9910523,2,1,1,1,0,2,7
9812436,5,2,3,6,2,3,8
9901242,0,0,0,0,0,0,0
12163,0,0,0,0,0,0,0
101139,3,1,2,2,0,3,10
9808212,0,0,0,0,0,0,0
9901268,0,0,0,0,0,0,0
9809327,0,0,0,0,0,0,0
9911405,1,1,0,0,0,1,5
9810298,0,0,0,0,0,0,0
104084,3,3,0,0,2,1,3
9506360,2,2,0,0,1,1,2
205266,2,2,0,0,0,2,5
7230,1,1,0,0,0,1,6
9905332,0,0,0,0,0,0,0
9510400,0,0,0,0,0,0,0
302131,1,1,0,0,1,0,0
9611431,0,0,0,0,0,0,0
9509221,1,1,0,0,0,1,1
9812321,2,2,0,0,0,2,2
9507409,1,1,0,0,1,0,0
302223,0,0,0,0,0,0,0
9810511,1,1,0,0,0,1,4
9611421,0,0,0,0,0,0,0
112152,1,1,0,0,0,1,8
9604268,2,1,1,1,0,2,2
102041,0,0,0,0,0,0,0
9906255,3,1,2,2,3,0,0
9805354,1,1,0,0,0,1,1
301064,0,0,0,0,0,0,0
9807538,2,2,0,0,0,2,22
9803331,1,1,0,0,0,1,4
5161,4,3,1,1,1,3,5
208225,1,1,0,0,0,1,5
9808243,2,2,0,0,0,2,9
109049,2,1,1,1,1,1,1
205343,5,1,4,8,0,5,26
9712444,1,1,0,0,1,0,0
103108,6,5,1,1,3,3,3
5217,4,2,2,2,4,0,0
107300,1,1,0,0,0,1,5
101169,1,1,0,0,0,1,1
109269,0,0,0,0,0,0,0
9409256,1,1,0,0,1,0,0
211068,0,0,0,0,0,0,0
9909570,2,1,1,1,0,2,6
8098,0,0,0,0,0,0,0
110364,1,1,0,0,0,1,2
9508340,0,0,0,0,0,0,0
203193,0,0,0,0,0,0,0
1267,0,0,0,0,0,0,0
108156,2,2,0,0,2,0,0
110143,1,1,0,0,0,1,2
9604372,0,0,0,0,0,0,0
101220,2,2,0,0,0,2,4
9603268,1,1,0,0,0,1,3
202065,0,0,0,0,0,0,0
9410396,0,0,0,0,0,0,0
2188,1,1,0,0,0,1,1
9809591,0,0,0,0,0,0,0
9707518,1,1,0,0,0,1,17
9809265,1,1,0,0,0,1,3
9805326,0,0,0,0,0,0,0
9712431,2,1,1,1,1,1,3
9607269,0,0,0,0,0,0,0
209025,0,0,0,0,0,0,0
211007,3,3,0,0,0,3,21
8075,1,1,0,0,0,1,1
5126,1,1,0,0,0,1,2
5246,2,1,1,1,0,2,4
9612416,2,2,0,0,2,0,0
10032,0,0,0,0,0,0,0
9507209,0,0,0,0,0,0,0
202163,1,1,0,0,0,1,1
9605438,0,0,0,0,0,0,0
201215,0,0,0,0,0,0,0
4073,0,0,0,0,0,0,0
207049,0,0,0,0,0,0,0
106093,2,2,0,0,0,2,8
301090,0,0,0,0,0,0,0
9911354,0,0,0,0,0,0,0
201311,2,2,0,0,1,1,4
107166,1,1,0,0,0,1,5
107077,2,2,0,0,1,1,3
9810369,1,1,0,0,0,1,2
206177,0,0,0,0,0,0,0
9805310,0,0,0,0,0,0,0
208208,1,1,0,0,0,1,3
9908453,0,0,0,0,0,0,0
9306263,0,0,0,0,0,0,0
107203,1,1,0,0,0,1,2
9912299,1,1,0,0,1,0,0
204139,2,1,1,1,0,2,12
9907574,0,0,0,0,0,0,0
9912392,1,1,0,0,1,0,0
5241,1,1,0,0,0,1,3
9702203,1,1,0,0,0,1,3
209349,0,0,0,0,0,0,0
9309296,0,0,0,0,0,0,0
9312232,0,0,0,0,0,0,0
9608414,0,0,0,0,0,0,0
210017,0,0,0,0,0,0,0
12374,0,0,0,0,0,0,0
9411223,0,0,0,0,0,0,0
110094,1,1,0,0,0,1,1
1181,0,0,0,0,0,0,0
111291,2,2,0,0,0,2,15
9908441,1,1,0,0,1,0,0
107160,1,1,0,0,1,0,0
6273,5,1,4,10,0,5,21
9407383,0,0,0,0,0,0,0
9802347,0,0,0,0,0,0,0
9809407,1,1,0,0,0,1,1
3088,2,1,1,1,0,2,5
11321,3,2,1,1,0,3,52
112043,2,2,0,0,0,2,2
105181,0,0,0,0,0,0,0
9903487,0,0,0,0,0,0,0
103309,3,1,2,2,0,3,11
110394,2,1,1,1,0,2,3
104281,1,1,0,0,0,1,2
9802317,0,0,0,0,0,0,0
204293,1,1,0,0,0,1,4
105307,0,0,0,0,0,0,0
209089,1,1,0,0,0,1,7
104013,0,0,0,0,0,0,0
206022,3,3,0,0,0,3,17
9402235,0,0,0,0,0,0,0
9902277,1,1,0,0,0,1,3
9604263,0,0,0,0,0,0,0
9910431,1,1,0,0,0,1,4
9904261,6,4,2,3,0,6,19
302117,0,0,0,0,0,0,0
207071,1,1,0,0,0,1,7
12240,2,1,1,1,0,2,6
9709324,1,1,0,0,0,1,3
9812214,0,0,0,0,0,0,0
110176,1,1,0,0,0,1,2
9608235,0,0,0,0,0,0,0
9603242,2,1,1,1,2,0,0
105098,0,0,0,0,0,0,0
105228,1,1,0,0,0,1,3
111029,0,0,0,0,0,0,0
9709228,0,0,0,0,0,0,0
203228,0,0,0,0,0,0,0
9910493,3,1,2,2,0,3,3
208138,0,0,0,0,0,0,0
110165,0,0,0,0,0,0,0
9508216,0,0,0,0,0,0,0
207048,0,0,0,0,0,0,0
9611241,0,0,0,0,0,0,0
7205,2,2,0,0,1,1,2
9901250,2,1,1,1,0,2,2
9802219,0,0,0,0,0,0,0
104026,0,0,0,0,0,0,0
9405286,0,0,0,0,0,0,0
9602346,0,0,0,0,0,0,0
212398,0,0,0,0,0,0,0
301126,0,0,0,0,0,0,0
9803264,0,0,0,0,0,0,0
8175,0,0,0,0,0,0,0
9905209,0,0,0,0,0,0,0
111282,0,0,0,0,0,0,0
9511365,0,0,0,0,0,0,0
10045,0,0,0,0,0,0,0
207270,0,0,0,0,0,0,0
208056,1,1,0,0,0,1,5
10102,0,0,0,0,0,0,0
107314,0,0,0,0,0,0,0
105118,0,0,0,0,0,0,0
106074,0,0,0,0,0,0,0
1262,0,0,0,0,0,0,0
6298,0,0,0,0,0,0,0
9712348,0,0,0,0,0,0,0
10324,1,1,0,0,0,1,3
205196,0,0,0,0,0,0,0
9910258,0,0,0,0,0,0,0
203165,0,0,0,0,0,0,0
208210,2,1,1,1,1,1,1
11320,3,2,1,1,0,3,14
110030,1,1,0,0,1,0,0
9305338,2,1,1,1,2,0,0
9804259,0,0,0,0,0,0,0
9705256,0,0,0,0,0,0,0
204159,1,1,0,0,1,0,0
101111,0,0,0,0,0,0,0
212262,0,0,0,0,0,0,0
101140,1,1,0,0,0,1,1
9704332,0,0,0,0,0,0,0
7290,0,0,0,0,0,0,0
212097,2,1,1,1,0,2,26
205292,0,0,0,0,0,0,0
202180,0,0,0,0,0,0,0
7028,0,0,0,0,0,0,0
9911401,0,0,0,0,0,0,0
210213,2,2,0,0,0,2,8
109153,0,0,0,0,0,0,0
106170,0,0,0,0,0,0,0
201090,0,0,0,0,0,0,0
110188,1,1,0,0,0,1,18
9906295,0,0,0,0,0,0,0
9701408,0,0,0,0,0,0,0
301245,0,0,0,0,0,0,0
212123,1,1,0,0,0,1,27
209215,0,0,0,0,0,0,0
210397,0,0,0,0,0,0,0
9903505,0,0,0,0,0,0,0
8219,1,1,0,0,1,0,0
212219,0,0,0,0,0,0,0
9712356,0,0,0,0,0,0,0
9906477,0,0,0,0,0,0,0
111197,2,2,0,0,0,2,8
1276,0,0,0,0,0,0,0
9803492,0,0,0,0,0,0,0
9608207,0,0,0,0,0,0,0
9307229,0,0,0,0,0,0,0
4164,0,0,0,0,0,0,0
207353,1,1,0,0,0,1,9
201202,1,1,0,0,0,1,1
208020,0,0,0,0,0,0,0
103255,1,1,0,0,0,1,6
203077,0,0,0,0,0,0,0
201178,1,1,0,0,0,1,2
1165,0,0,0,0,0,0,0
107134,0,0,0,0,0,0,0
209167,1,1,0,0,1,0,0
106261,0,0,0,0,0,0,0
103143,0,0,0,0,0,0,0
301202,0,0,0,0,0,0,0
9706544,0,0,0,0,0,0,0
9407364,0,0,0,0,0,0,0
9905462,1,1,0,0,1,0,0
9506463,0,0,0,0,0,0,0
9701269,1,1,0,0,1,0,0
211098,0,0,0,0,0,0,0
302077,0,0,0,0,0,0,0
108248,1,1,0,0,0,1,3
9601318,0,0,0,0,0,0,0
9803231,0,0,0,0,0,0,0
9405211,1,1,0,0,1,0,0
2256,0,0,0,0,0,0,0
9910549,0,0,0,0,0,0,0
211064,0,0,0,0,0,0,0
302071,0,0,0,0,0,0,0
9611372,0,0,0,0,0,0,0
5307,0,0,0,0,0,0,0
11128,0,0,0,0,0,0,0
212361,0,0,0,0,0,0,0
9703229,0,0,0,0,0,0,0
9603274,1,1,0,0,1,0,0
109266,0,0,0,0,0,0,0
111235,0,0,0,0,0,0,0
110051,0,0,0,0,0,0,0
209275,1,1,0,0,0,1,4
9410207,0,0,0,0,0,0,0
211452,0,0,0,0,0,0,0
205104,0,0,0,0,0,0,0
204349,0,0,0,0,0,0,0
202224,0,0,0,0,0,0,0
301277,0,0,0,0,0,0,0
210148,0,0,0,0,0,0,0
212034,0,0,0,0,0,0,0
9701245,0,0,0,0,0,0,0
11073,0,0,0,0,0,0,0
9605396,0,0,0,0,0,0,0
210277,1,1,0,0,0,1,5
9710274,0,0,0,0,0,0,0
9096,0,0,0,0,0,0,0
106271,0,0,0,0,0,0,0
7260,0,0,0,0,0,0,0
207312,0,0,0,0,0,0,0
9609485,0,0,0,0,0,0,0
9708333,0,0,0,0,0,0,0
9263,0,0,0,0,0,0,0
210270,0,0,0,0,0,0,0
8162,1,1,0,0,0,1,2
211133,0,0,0,0,0,0,0
9906472,0,0,0,0,0,0,0
106297,0,0,0,0,0,0,0
8176,0,0,0,0,0,0,0
9810503,0,0,0,0,0,0,0
4097,1,1,0,0,0,1,8
9508217,0,0,0,0,0,0,0
9610320,0,0,0,0,0,0,0
101072,0,0,0,0,0,0,0
103148,1,1,0,0,0,1,3
9806502,0,0,0,0,0,0,0
9705212,0,0,0,0,0,0,0
9711497,0,0,0,0,0,0,0
203102,0,0,0,0,0,0,0
9807455,0,0,0,0,0,0,0
9069,1,1,0,0,1,0,0
105127,0,0,0,0,0,0,0
9806326,0,0,0,0,0,0,0
9310219,0,0,0,0,0,0,0
210300,0,0,0,0,0,0,0
9910520,0,0,0,0,0,0,0
9807532,0,0,0,0,0,0,0
9902373,1,1,0,0,0,1,2
205309,0,0,0,0,0,0,0
9906351,0,0,0,0,0,0,0
9807491,0,0,0,0,0,0,0
6137,0,0,0,0,0,0,0
207019,0,0,0,0,0,0,0
112215,0,0,0,0,0,0,0
9308305,0,0,0,0,0,0,0
201238,0,0,0,0,0,0,0
211309,0,0,0,0,0,0,0
9510214,0,0,0,0,0,0,0
5294,0,0,0,0,0,0,0
9710311,0,0,0,0,0,0,0
111273,0,0,0,0,0,0,0
9612488,0,0,0,0,0,0,0
9811389,0,0,0,0,0,0,0
9807203,1,1,0,0,1,0,0
209362,0,0,0,0,0,0,0
9807328,0,0,0,0,0,0,0
211356,0,0,0,0,0,0,0
9707397,0,0,0,0,0,0,0
9905414,0,0,0,0,0,0,0
5291,0,0,0,0,0,0,0
9510211,1,1,0,0,1,0,0
212030,0,0,0,0,0,0,0
9512289,0,0,0,0,0,0,0
112038,0,0,0,0,0,0,0
9912461,0,0,0,0,0,0,0
9503474,13,4,9,16,9,4,4
9212203,69,3,66,621,69,0,0
12208,14,3,11,24,0,14,136
9905312,189,14,175,1302,112,77,89
9907243,15,4,11,47,2,13,35
110260,1,1,0,0,0,1,4
111276,16,5,11,22,2,14,28
9602250,31,8,23,43,6,25,63
201023,8,3,5,8,0,8,22
2006,17,1,16,40,0,17,81
9412250,12,5,7,16,8,4,4
9703221,28,6,22,63,1,27,108
9807420,3,2,1,1,1,2,2
9303263,14,1,13,37,14,0,0
9210231,20,6,14,29,20,0,0
9606233,34,7,27,97,0,34,158
9908330,19,4,15,37,0,19,49
9512401,20,1,19,129,2,18,36
9511340,6,2,4,7,0,6,6
111312,16,4,12,42,2,14,21
9709264,12,3,9,17,6,6,10
9601260,6,4,2,3,1,5,8
9603374,51,8,43,206,15,36,74
9508390,16,3,13,50,6,10,10
9504216,32,7,25,75,18,14,44
9310320,80,11,69,364,16,64,92
9512300,16,3,13,31,8,8,14
9711444,15,2,13,58,4,11,18
9605413,37,1,36,244,24,13,25
9404354,16,4,12,42,14,2,2
9909469,53,4,49,405,2,51,375
9808261,20,3,17,69,3,17,66
9905202,19,3,16,47,0,19,115
9903481,26,3,23,111,10,16,52
9809252,12,3,9,24,1,11,20
9810510,18,2,16,42,1,17,65
9705392,43,8,35,140,6,37,81
9702298,13,4,9,13,4,9,37
9606295,21,3,18,43,2,19,22
9910546,22,1,21,51,6,16,27
9312214,3,2,1,1,1,2,5
9607285,17,1,16,35,0,17,40
9608308,71,6,65,421,10,61,149
9503312,6,4,2,2,6,0,0
9807502,9,1,8,29,2,7,28
9609431,17,8,9,20,2,15,63
9406224,40,12,28,86,26,14,20
9405420,10,2,8,27,1,9,23
9808304,49,2,47,238,0,49,264
9403288,18,1,17,78,8,10,10
9708272,32,5,27,108,4,28,127
110022,10,8,2,2,0,10,75
9404281,61,6,55,403,25,36,59
9707354,74,6,68,290,2,72,310
102287,7,1,6,8,0,7,28
9911309,37,1,36,194,16,21,28
9303230,200,3,197,1689,192,8,8
9609529,56,1,55,370,2,54,353
9705271,53,11,42,182,3,50,348
9901265,14,6,8,26,0,14,95
9511242,2,2,0,0,2,0,0
109243,1,1,0,0,0,1,6
9207214,254,18,236,2640,254,0,0
9906376,11,2,9,17,2,9,42
9908232,16,3,13,52,0,16,132
9806278,26,5,21,67,1,25,155
9703349,71,4,67,451,0,71,572
9909560,21,7,14,61,0,21,129
9312348,2,1,1,1,1,1,2
9811518,22,9,13,24,6,16,24
9506289,55,2,53,259,43,12,12
9608361,33,8,25,87,3,30,66
9307310,7,4,3,4,7,0,0
9905221,350,27,323,2397,61,289,1143
9607401,41,3,38,280,22,19,28
9406289,56,14,42,255,7,49,126
9502401,47,3,44,363,47,0,0
9809530,10,7,3,3,2,8,24
9610370,52,6,46,272,1,51,273
9403226,68,5,63,658,18,50,118
9302250,12,2,10,22,12,0,0
9702245,70,6,64,557,14,56,57
9310252,36,5,31,145,36,0,0
9504245,14,4,10,27,11,3,3
9402209,32,12,20,57,21,11,11
9503354,4,3,1,2,4,0,0
9909572,8,1,7,12,0,8,13
9707326,37,3,34,164,1,36,146
9404344,4,2,2,4,0,4,4
9611333,18,5,13,44,3,15,46
9905550,36,2,34,165,0,36,269
9405270,18,3,15,39,4,14,25
9405246,21,4,17,60,4,17,53
9605206,6,3,3,6,1,5,7
9604425,35,4,31,98,7,28,56
7343,1,1,0,0,0,1,2
9603366,64,18,46,143,11,53,78
9511305,6,3,3,6,0,6,17
9411409,47,5,42,240,47,0,0
9704255,41,6,35,204,2,39,153
11250,23,7,16,49,1,22,127
10252,3,1,2,2,0,3,24
9807351,12,6,6,14,7,5,11
9208232,1,1,0,0,1,0,0
9907502,15,3,12,28,4,11,23
9606431,6,2,4,6,0,6,41
9704399,10,2,8,19,0,10,69
9611272,34,2,32,168,34,0,0
9909506,65,4,61,678,0,65,134
9603326,43,5,38,205,3,40,118
9809480,18,7,11,22,18,0,0
108175,6,4,2,2,0,6,78
9810514,58,4,54,617,0,58,224
9306310,17,6,11,36,6,11,17
11273,6,2,4,5,0,6,40
11034,1,1,0,0,0,1,4
202089,15,1,14,71,0,15,15
9905577,6,4,2,2,0,6,76
9505289,24,6,18,38,0,24,138
9801449,10,3,7,18,0,10,18
9407251,42,14,28,102,1,41,185
9211266,48,11,37,157,48,0,0
5031,13,4,9,21,0,13,64
5103,7,1,6,8,0,7,41
4050,16,3,13,42,0,16,118
9504415,21,5,16,31,6,15,15
9502260,38,6,32,144,25,13,13
9712271,28,3,25,92,16,12,51
9507461,30,3,27,134,8,22,49
9905542,27,3,24,120,3,24,113
9810269,39,5,34,204,0,39,317
9907458,2,2,0,0,0,2,17
9807281,6,6,0,0,1,5,10
9802351,1,1,0,0,0,1,1
9710353,8,4,4,4,0,8,124
9904461,4,4,0,0,2,2,4
9402210,64,11,53,340,45,19,19
9412249,15,6,9,25,0,15,20
9904449,1,1,0,0,0,1,5
112255,47,12,35,88,0,47,252
9207225,13,1,12,32,13,0,0
101250,6,1,5,6,0,6,44
9905390,43,4,39,283,0,43,153
9510286,4,3,1,1,0,4,22
9910392,14,2,12,28,1,13,51
9607276,7,1,6,9,0,7,7
208092,0,0,0,0,0,0,0
9905481,92,10,82,683,10,82,297
9509260,38,2,36,175,1,37,130
104283,31,13,18,31,0,31,285
9508249,60,4,56,300,14,46,105
3186,35,4,31,129,0,35,217
9408392,12,3,9,33,2,10,24
9307249,29,9,20,60,11,18,34
9612483,59,8,51,364,4,55,99
9910286,34,4,30,102,5,29,92
9269,11,9,2,2,1,10,46
9301240,5,1,4,9,5,0,0
9702398,7,2,5,8,2,5,5
105331,0,0,0,0,0,0,0
9602356,6,3,3,3,4,2,2
9408215,15,10,5,12,15,0,0
9608305,3,3,0,0,0,3,8
9510253,3,2,1,1,0,3,3
9902310,49,4,45,297,0,49,491
6046,16,3,13,25,0,16,119
9907355,48,3,45,172,0,48,435
9509353,34,3,31,104,1,33,71
9901331,29,2,27,108,0,29,200
5232,32,1,31,236,0,32,160
9602417,15,4,11,26,15,0,0
104315,9,7,2,2,0,9,29
201139,28,2,26,154,0,28,444
109184,5,2,3,4,0,5,39
2071,30,11,19,50,0,30,99
9904207,4,3,1,1,2,2,4
212269,3,3,0,0,0,3,17
11095,6,2,4,7,0,6,28
203091,14,7,7,11,0,14,135
202023,7,1,6,10,0,7,59
9506467,21,5,16,28,2,19,46
9409329,19,2,17,78,19,0,0
5265,1,1,0,0,0,1,10
9507344,11,2,9,29,9,2,5
9403349,16,5,11,38,11,5,5
9302290,8,3,5,9,1,7,7
9812488,16,5,11,22,3,13,37
8292,20,4,16,49,0,20,315
9804327,2,1,1,1,0,2,14
9309286,5,3,2,3,5,0,0
9806242,2,2,0,0,2,0,0
9704201,38,2,36,217,0,38,183
9206254,7,3,4,8,7,0,0
9702230,13,4,9,20,0,13,50
9505379,63,6,57,251,0,63,333
9504403,2,2,0,0,0,2,6
9606344,31,3,28,158,9,22,28
9608373,7,4,3,4,1,6,30
9405218,52,6,46,226,30,22,34
9208215,12,6,6,9,12,0,0
112045,17,4,13,25,3,14,34
9307274,11,4,7,16,11,0,0
9902382,3,3,0,0,0,3,10
6054,10,1,9,24,0,10,57
9502379,2,2,0,0,2,0,0
105064,26,5,21,80,1,25,80
9604441,46,8,38,179,10,36,83
9306302,1,1,0,0,0,1,1
9910424,5,5,0,0,0,5,68
3032,19,3,16,64,0,19,277
9304298,15,8,7,20,9,6,13
9207204,22,6,16,34,22,0,0
9302248,19,8,11,15,19,0,0
9905343,3,3,0,0,0,3,22
9710508,12,3,9,16,0,12,67
9502323,25,13,12,23,0,25,90
9603204,50,7,43,134,25,25,37
5320,1,1,0,0,0,1,3
9810453,9,4,5,10,0,9,24
9509217,12,5,7,12,5,7,11
9311277,8,4,4,8,1,7,21
111002,5,1,4,5,2,3,5
9512309,12,3,9,20,2,10,22
9504242,12,5,7,20,0,12,60
9504357,10,2,8,26,3,7,7
9607275,15,3,12,40,0,15,52
9606246,10,5,5,10,4,6,11
9709236,3,2,1,1,0,3,9
9609417,3,1,2,2,1,2,2
9309219,32,7,25,84,32,0,0
9708241,3,3,0,0,0,3,9
9706209,11,1,10,26,0,11,37
9612225,21,6,15,50,0,21,75
9408339,39,5,34,138,15,24,59
9509294,17,4,13,73,0,17,42
9406255,14,9,5,9,2,12,14
9710473,14,3,11,49,7,7,28
12354,11,1,10,28,0,11,31
9904245,12,5,7,11,1,11,33
9909461,7,2,5,8,0,7,17
10335,1,1,0,0,0,1,8
9707421,8,3,5,10,0,8,14
9306332,13,2,11,42,13,0,0
9409281,24,6,18,38,8,16,18
9901406,11,8,3,4,3,8,24
9709500,3,2,1,1,0,3,4
5037,12,8,4,4,2,10,25
1249,22,4,18,84,1,21,104
9708380,0,0,0,0,0,0,0
9605229,26,3,23,102,0,26,184
9404226,6,6,0,0,3,3,8
106280,1,1,0,0,0,1,21
107129,15,5,10,26,1,14,85
9511295,6,2,4,5,6,0,0
1205,0,0,0,0,0,0,0
9608435,2,1,1,1,0,2,26
9608325,2,1,1,1,2,0,0
9601282,59,9,50,206,1,58,88
2249,9,1,8,17,0,9,61
9908486,17,5,12,40,0,17,85
9811201,33,4,29,127,1,32,172
9609511,28,2,26,137,10,18,29
9910477,14,5,9,28,0,14,116
9507263,11,1,10,28,2,9,15
103263,12,9,3,4,0,12,66
9806366,17,10,7,8,3,14,26
9407347,19,3,16,47,9,10,20
9812490,3,2,1,1,0,3,18
9309266,59,9,50,304,7,52,137
112305,7,4,3,6,0,7,39
9904354,3,2,1,1,1,2,2
207136,2,2,0,0,0,2,5
9408310,9,3,6,11,2,7,13
9805334,38,10,28,65,3,35,108
8034,7,2,5,6,1,6,25
9610363,8,5,3,7,1,7,96
7245,4,4,0,0,0,4,33
105235,3,1,2,3,0,3,12
9306269,7,3,4,6,7,0,0
3317,11,4,7,10,0,11,64
9906396,4,1,3,4,0,4,21
9406391,10,2,8,16,10,0,0
1237,2,1,1,1,2,0,0
9803285,5,1,4,6,5,0,0
108046,0,0,0,0,0,0,0
9709425,5,1,4,4,1,4,7
9602353,9,4,5,6,1,8,19
9506292,7,5,2,3,3,4,4
108135,4,3,1,1,0,4,20
9603336,16,5,11,19,1,15,43
9905339,14,5,9,21,1,13,113
4233,3,3,0,0,0,3,22
9607333,1,1,0,0,0,1,8
10164,1,1,0,0,0,1,1
9801254,4,4,0,0,0,4,10
103252,5,3,2,3,0,5,26
9604359,5,3,2,2,1,4,16
9307307,1,1,0,0,1,0,0
1310,37,7,30,113,1,36,199
206052,0,0,0,0,0,0,0
9707297,7,1,6,12,0,7,31
9809524,21,4,17,65,1,20,55
9612340,3,2,1,2,1,2,7
207227,31,11,20,61,0,31,256
203143,0,0,0,0,0,0,0
9702239,29,4,25,68,3,26,43
9512298,5,1,4,6,1,4,8
9512426,4,3,1,2,0,4,17
12337,8,2,6,17,0,8,56
9308204,8,4,4,5,5,3,3
9812269,20,4,16,50,1,19,76
9410363,2,1,1,1,2,0,0
9207264,78,5,73,404,1,77,77
9408298,10,3,7,13,10,0,0
9610285,5,3,2,2,0,5,19
9804208,9,2,7,14,5,4,8
9510399,7,3,4,7,5,2,2
9603241,1,1,0,0,1,0,0
108076,3,2,1,1,0,3,11
9501227,3,1,2,3,3,0,0
9303321,11,5,6,16,11,0,0
5181,20,9,11,27,1,19,43
9510396,13,1,12,20,3,10,17
9610407,13,1,12,31,0,13,34
3324,2,2,0,0,1,1,3
105121,7,2,5,9,1,6,17
104294,15,7,8,14,1,14,43
9812432,2,2,0,0,1,1,2
9807457,5,3,2,3,0,5,10
208132,5,3,2,2,0,5,49
9606482,0,0,0,0,0,0,0
9610271,6,5,1,1,0,6,28
107249,2,2,0,0,0,2,6
9805496,13,5,8,10,13,0,0
104035,13,5,8,24,3,10,20
110310,4,4,0,0,1,3,8
9608402,1,1,0,0,0,1,2
9906476,2,2,0,0,0,2,23
9310302,3,1,2,2,3,0,0
9504238,11,2,9,14,1,10,21
9407261,11,2,9,16,3,8,10
9709307,6,1,5,10,0,6,10
110169,11,4,7,17,0,11,137
12023,10,3,7,14,0,10,45
9411232,13,9,4,10,7,6,8
9603392,4,3,1,1,4,0,0
9501405,30,7,23,54,6,24,35
110138,7,4,3,10,0,7,97
9611434,10,3,7,9,2,8,17
9705311,16,4,12,23,3,13,23
9608444,2,1,1,1,0,2,9
109037,4,1,3,4,0,4,8
9902408,10,1,9,35,1,9,37
9912227,2,2,0,0,0,2,8
9205220,6,2,4,7,6,0,0
9804401,3,2,1,1,1,2,10
9808478,0,0,0,0,0,0,0
9507382,15,4,11,38,1,14,55
103045,4,2,2,2,0,4,31
9503442,22,3,19,85,18,4,9
9909466,1,1,0,0,0,1,1
9609467,13,3,10,20,1,12,30
9410265,17,10,7,13,17,0,0
9908276,21,7,14,47,0,21,71
9610255,7,3,4,5,1,6,15
102271,5,4,1,1,1,4,5
9701285,10,4,6,16,3,7,12
9908460,2,2,0,0,0,2,8
9809294,3,3,0,0,3,0,0
9810458,1,1,0,0,0,1,5
10016,1,1,0,0,0,1,4
9908469,2,2,0,0,0,2,26
9703410,11,2,9,19,11,0,0
9808206,4,2,2,3,0,4,8
9803298,17,6,11,33,4,13,30
9503496,4,4,0,0,4,0,0
9806356,37,3,34,113,7,30,81
9507259,1,1,0,0,0,1,3
9608384,5,1,4,9,3,2,2
9405297,7,2,5,8,0,7,26
9310376,1,1,0,0,1,0,0
9095,5,1,4,5,0,5,13
9211246,1,1,0,0,1,0,0
9504250,14,6,8,20,5,9,14
9702207,2,1,1,1,0,2,7
201147,0,0,0,0,0,0,0
9612304,4,2,2,2,2,2,8
9705377,8,2,6,12,2,6,7
9410398,4,3,1,1,2,2,5
9401282,8,1,7,17,1,7,7
1090,4,2,2,5,0,4,16
9303287,7,4,3,9,7,0,0
9811475,3,3,0,0,0,3,19
9803288,7,6,1,1,2,5,21
101192,7,2,5,6,0,7,58
111186,1,1,0,0,1,0,0
9808246,4,2,2,3,0,4,6
9712332,1,1,0,0,0,1,2
9411406,22,7,15,39,0,22,62
9908508,9,5,4,8,0,9,18
205001,2,2,0,0,0,2,17
205289,9,7,2,4,0,9,61
9910273,2,1,1,1,0,2,7
9908372,10,1,9,27,0,10,47
9808432,3,2,1,1,0,3,8
9509231,2,2,0,0,1,1,1
9309319,1,1,0,0,1,0,0
9406349,5,1,4,5,0,5,7
9907488,8,3,5,12,0,8,44
9912430,13,4,9,16,0,13,121
9804347,10,4,6,13,7,3,3
101291,0,0,0,0,0,0,0
12058,11,1,10,18,4,7,14
9053,15,2,13,43,3,12,21
102032,8,6,2,3,0,8,8
106159,16,4,12,29,0,16,93
206272,6,2,4,6,0,6,49
5162,7,3,4,9,0,7,50
9805300,6,5,1,2,1,5,8
9602210,4,4,0,0,4,0,0
9907409,19,6,13,24,0,19,104
9512291,2,1,1,1,2,0,0
9307369,7,2,5,5,7,0,0
8258,9,2,7,14,0,9,58
9809598,6,3,3,5,0,6,26
9701230,2,2,0,0,1,1,1
9911418,6,1,5,5,0,6,23
9911339,5,3,2,2,5,0,0
9510329,6,4,2,2,0,6,14
9703239,6,2,4,6,0,6,69
206242,2,2,0,0,0,2,10
9604259,11,3,8,15,9,2,2
210362,0,0,0,0,0,0,0
9403273,9,6,3,3,0,9,13
9602343,27,3,24,57,1,26,123
107261,2,2,0,0,0,2,4
104060,1,1,0,0,0,1,3
9906461,4,1,3,5,0,4,24
2156,7,7,0,0,7,0,0
9708370,9,8,1,1,6,3,5
9044,2,1,1,1,2,0,0
9411355,3,3,0,0,3,0,0
206034,17,3,14,35,0,17,214
205207,1,1,0,0,0,1,1
105017,2,2,0,0,1,1,1
9803377,5,4,1,1,1,4,9
9505327,8,7,1,1,4,4,4
9211329,9,2,7,9,9,0,0
207347,2,1,1,1,0,2,10
110175,2,2,0,0,0,2,2
9808378,19,1,18,63,1,18,35
9304231,1,1,0,0,1,0,0
9806432,9,6,3,4,3,6,6
9409392,4,3,1,1,2,2,3
3155,3,2,1,1,3,0,0
9707271,5,4,1,1,0,5,32
202025,2,1,1,1,0,2,2
9902400,4,2,2,3,3,1,2
9912501,6,1,5,11,0,6,13
102063,3,3,0,0,0,3,5
104057,10,4,6,10,0,10,95
2039,10,6,4,5,0,10,88
9909238,0,0,0,0,0,0,0
9511384,3,2,1,1,1,2,2
209177,2,1,1,1,0,2,46
9302314,4,3,1,1,2,2,2
109149,12,4,8,35,2,10,23
210372,2,2,0,0,0,2,5
9806398,5,3,2,3,1,4,18
9509278,8,2,6,12,0,8,31
12199,3,2,1,1,0,3,10
2003,5,3,2,5,0,5,23
9507315,1,1,0,0,0,1,3
9801419,1,1,0,0,0,1,1
9901231,5,4,1,1,0,5,11
9801387,4,1,3,5,0,4,29
9401284,3,1,2,3,0,3,3
103248,5,5,0,0,0,5,23
104040,4,3,1,1,0,4,79
210014,2,1,1,1,0,2,5
9809390,2,2,0,0,0,2,6
9703228,7,1,6,9,0,7,10
9603377,28,2,26,111,6,22,33
9511458,1,1,0,0,0,1,1
111108,1,1,0,0,0,1,1
9707205,1,1,0,0,0,1,1
212277,0,0,0,0,0,0,0
110062,9,2,7,15,0,9,110
205013,8,2,6,11,0,8,31
1255,4,3,1,1,2,2,2
9605397,5,2,3,5,5,0,0
102194,3,3,0,0,1,2,2
9910327,2,2,0,0,0,2,6
102119,6,3,3,3,0,6,33
9707226,6,4,2,2,2,4,6
9809564,1,1,0,0,0,1,2
9609210,1,1,0,0,0,1,1
2061,11,5,6,8,0,11,32
9911516,13,3,10,29,0,13,42
9408286,2,1,1,1,0,2,5
203198,13,7,6,10,0,13,122
5242,1,1,0,0,0,1,6
9309235,19,8,11,26,10,9,15
5202,1,1,0,0,1,0,0
9308216,5,3,2,2,5,0,0
9710297,1,1,0,0,1,0,0
9802331,1,1,0,0,0,1,11
9712395,10,2,8,16,0,10,44
3133,0,0,0,0,0,0,0
9904329,1,1,0,0,0,1,4
9505431,2,2,0,0,0,2,2
9804443,1,1,0,0,0,1,5
9804397,10,4,6,11,1,9,44
9906273,6,2,4,9,0,6,18
9711295,4,4,0,0,4,0,0
112069,0,0,0,0,0,0,0
9311379,5,1,4,6,1,4,4
6237,9,5,4,7,0,9,38
9612412,2,1,1,1,0,2,9
9310256,7,5,2,5,7,0,0
9603300,2,1,1,1,1,1,1
9709494,17,1,16,75,0,17,46
11177,5,5,0,0,0,5,23
205167,11,5,6,13,0,11,141
9910406,3,3,0,0,0,3,11
9702360,10,3,7,11,0,10,10
9701351,3,3,0,0,1,2,3
9607318,1,1,0,0,0,1,6
9707470,2,1,1,1,0,2,12
9803381,2,2,0,0,0,2,4
9705324,3,3,0,0,1,2,4
105161,2,2,0,0,0,2,11
211384,3,2,1,1,0,3,24
110362,2,2,0,0,0,2,18
103261,9,7,2,2,0,9,53
9910233,6,1,5,10,1,5,13
9903482,0,0,0,0,0,0,0
9803358,2,1,1,1,1,1,5
109231,7,3,4,9,0,7,75
9809237,2,1,1,1,0,2,8
102113,5,3,2,2,0,5,36
9208257,2,2,0,0,2,0,0
9909544,3,3,0,0,2,1,2
9808238,1,1,0,0,0,1,2
9610349,4,3,1,1,2,2,4
201018,2,2,0,0,0,2,5
110266,6,2,4,7,0,6,31
9502413,6,3,3,3,6,0,0
210003,0,0,0,0,0,0,0
111229,5,3,2,2,0,5,25
9611417,1,1,0,0,1,0,0
9701234,7,1,6,12,0,7,25
101097,2,2,0,0,0,2,6
9708337,2,2,0,0,1,1,1
103015,3,1,2,3,0,3,6
211181,4,2,2,2,0,4,14
9806491,8,1,7,17,0,8,12
8038,9,6,3,3,0,9,22
9604397,1,1,0,0,0,1,4
201132,2,2,0,0,1,1,4
9902429,4,4,0,0,0,4,10
9603264,1,1,0,0,0,1,3
9509403,1,1,0,0,1,0,0
9304269,4,2,2,2,4,0,0
9210275,1,1,0,0,1,0,0
9908217,7,3,4,4,0,7,32
302094,1,1,0,0,0,1,7
9601267,6,5,1,1,0,6,17
9505296,3,2,1,1,0,3,7
105252,0,0,0,0,0,0,0
9306266,2,1,1,1,2,0,0
9609319,1,1,0,0,1,0,0
9708407,1,1,0,0,0,1,2
12189,4,1,3,5,4,0,0
9709491,0,0,0,0,0,0,0
110122,4,2,2,2,4,0,0
9408343,4,1,3,4,4,0,0
11076,4,1,3,4,0,4,7
9807304,0,0,0,0,0,0,0
9610551,0,0,0,0,0,0,0
9810284,1,1,0,0,0,1,3
3195,1,1,0,0,0,1,7
204264,0,0,0,0,0,0,0
9809449,9,3,6,14,3,6,6
112283,7,3,4,5,0,7,65
111089,6,1,5,9,0,6,24
204224,8,3,5,11,0,8,37
9611215,5,1,4,7,0,5,15
203126,6,1,5,9,0,6,50
203074,1,1,0,0,0,1,2
9805439,3,3,0,0,1,2,5
110193,2,2,0,0,1,1,6
9605306,1,1,0,0,0,1,3
9502361,3,3,0,0,3,0,0
9908264,16,1,15,38,0,16,153
9909307,2,1,1,1,0,2,12
9610205,3,2,1,1,1,2,10
110326,1,1,0,0,0,1,13
9806235,1,1,0,0,0,1,2
9602309,3,2,1,1,0,3,9
6130,0,0,0,0,0,0,0
106193,9,3,6,9,0,9,25
9912532,4,3,1,1,4,0,0
9912209,1,1,0,0,1,0,0
9902479,10,4,6,13,3,7,7
108244,9,4,5,7,0,9,95
9806460,2,2,0,0,0,2,7
209081,0,0,0,0,0,0,0
210425,0,0,0,0,0,0,0
9901450,2,2,0,0,0,2,6
105260,11,3,8,18,0,11,119
201309,4,1,3,3,0,4,6
9702364,7,2,5,8,4,3,3
9903384,3,1,2,2,1,2,3
9509421,1,1,0,0,1,0,0
9176,2,1,1,1,0,2,11
9809319,1,1,0,0,0,1,3
9511301,10,8,2,4,10,0,0
9709221,5,2,3,5,0,5,20
9705211,1,1,0,0,1,0,0
4225,6,3,3,4,1,5,6
9908528,11,3,8,21,0,11,91
205276,2,2,0,0,0,2,15
204205,15,10,5,5,2,13,55
9509261,7,1,6,14,2,5,5
9207210,1,1,0,0,1,0,0
10305,6,1,5,13,0,6,25
6341,9,3,6,11,1,8,46
201292,1,1,0,0,1,0,0
9510362,1,1,0,0,1,0,0
9609502,3,3,0,0,0,3,6
9608371,2,2,0,0,1,1,5
9704360,2,2,0,0,0,2,2
101143,4,2,2,2,0,4,28
105156,3,3,0,0,1,2,5
109009,1,1,0,0,0,1,2
9808307,2,2,0,0,0,2,2
9510407,10,3,7,17,0,10,44
9404356,10,3,7,17,0,10,22
112281,2,2,0,0,0,2,7
9708371,2,1,1,1,0,2,5
9609211,0,0,0,0,0,0,0
9508230,2,2,0,0,2,0,0
9901387,7,4,3,5,0,7,33
210117,0,0,0,0,0,0,0
104180,2,1,1,1,0,2,9
9804388,7,3,4,6,0,7,40
9901375,2,2,0,0,0,2,3
110363,3,3,0,0,0,3,47
9807563,1,1,0,0,1,0,0
101027,3,2,1,1,0,3,3
9809357,4,3,1,1,0,4,9
9909513,0,0,0,0,0,0,0
201097,0,0,0,0,0,0,0
9809257,1,1,0,0,0,1,1
9912351,8,2,6,14,0,8,14
9512284,2,1,1,1,2,0,0
209085,3,2,1,1,0,3,27
9211201,1,1,0,0,1,0,0
9809436,1,1,0,0,0,1,3
10050,0,0,0,0,0,0,0
208130,4,4,0,0,0,4,17
201055,4,2,2,3,0,4,38
1025,8,1,7,23,0,8,38
9712229,3,2,1,1,1,2,10
9711475,2,1,1,1,0,2,4
210052,0,0,0,0,0,0,0
206083,2,1,1,1,0,2,2
9402356,0,0,0,0,0,0,0
302170,0,0,0,0,0,0,0
207358,4,3,1,2,0,4,11
107115,2,1,1,1,0,2,3
9801316,3,3,0,0,1,2,2
206105,1,1,0,0,0,1,8
9906468,6,2,4,8,1,5,5
10248,3,2,1,1,0,3,14
9711325,2,2,0,0,0,2,7
12272,1,1,0,0,0,1,6
9801357,5,1,4,7,0,5,15
9809567,13,4,9,15,1,12,27
5177,2,1,1,1,0,2,5
9903214,2,1,1,1,0,2,2
203022,2,2,0,0,1,1,3
4104,2,1,1,1,2,0,0
104144,2,1,1,1,0,2,32
207336,0,0,0,0,0,0,0
9512409,2,1,1,1,2,0,0
203201,5,3,2,2,0,5,36
9507435,0,0,0,0,0,0,0
302272,0,0,0,0,0,0,0
205327,4,4,0,0,0,4,32
9906326,0,0,0,0,0,0,0
201044,2,2,0,0,0,2,6
202257,12,2,10,23,0,12,97
9811485,2,2,0,0,0,2,8
9182,0,0,0,0,0,0,0
101292,3,1,2,3,0,3,38
211320,0,0,0,0,0,0,0
5122,9,4,5,9,0,9,45
109145,0,0,0,0,0,0,0
206170,1,1,0,0,0,1,3
211430,1,1,0,0,0,1,4
101161,2,2,0,0,0,2,11
9601378,1,1,0,0,0,1,2
9706490,2,1,1,1,1,1,2
9610484,2,2,0,0,0,2,4
9175,1,1,0,0,0,1,4
9906522,0,0,0,0,0,0,0
202014,0,0,0,0,0,0,0
10020,0,0,0,0,0,0,0
9701232,0,0,0,0,0,0,0
9607435,1,1,0,0,0,1,1
9404339,3,2,1,1,3,0,0
110070,1,1,0,0,0,1,4
9612434,1,1,0,0,0,1,1
9410408,4,1,3,5,0,4,4
204257,1,1,0,0,0,1,1
9804372,5,5,0,0,0,5,36
112184,7,1,6,11,0,7,51
9407356,1,1,0,0,1,0,0
9804276,0,0,0,0,0,0,0
9601274,0,0,0,0,0,0,0
102195,4,3,1,2,1,3,10
106056,0,0,0,0,0,0,0
204300,0,0,0,0,0,0,0
3049,0,0,0,0,0,0,0
9404265,0,0,0,0,0,0,0
110008,0,0,0,0,0,0,0
202249,0,0,0,0,0,0,0
9604261,3,1,2,2,1,2,4
211175,0,0,0,0,0,0,0
108056,2,2,0,0,0,2,13
9308334,1,1,0,0,1,0,0
9909287,0,0,0,0,0,0,0
106059,2,2,0,0,0,2,11
107137,1,1,0,0,0,1,2
101202,0,0,0,0,0,0,0
9510381,2,2,0,0,1,1,1
9511279,2,2,0,0,0,2,6
212095,0,0,0,0,0,0,0
209232,0,0,0,0,0,0,0
9409207,5,2,3,4,5,0,0
212284,1,1,0,0,0,1,6
9605409,4,3,1,1,3,1,2
104203,4,3,1,2,0,4,6
9912485,2,2,0,0,0,2,4
9412264,1,1,0,0,0,1,1
210441,1,1,0,0,0,1,4
9810450,3,3,0,0,0,3,21
102314,0,0,0,0,0,0,0
9909201,1,1,0,0,0,1,3
301213,0,0,0,0,0,0,0
107128,2,1,1,1,0,2,9
9512377,3,1,2,2,3,0,0
211287,4,3,1,1,0,4,54
9712474,2,2,0,0,1,1,1
107302,1,1,0,0,0,1,1
6286,2,2,0,0,0,2,2
204036,1,1,0,0,0,1,2
104007,0,0,0,0,0,0,0
209013,0,0,0,0,0,0,0
9810203,0,0,0,0,0,0,0
108214,1,1,0,0,0,1,7
110389,0,0,0,0,0,0,0
9304214,6,3,3,4,5,1,1
9910500,1,1,0,0,1,0,0
9405266,0,0,0,0,0,0,0
101055,3,3,0,0,0,3,7
9907530,1,1,0,0,0,1,4
9608295,1,1,0,0,0,1,1
201111,0,0,0,0,0,0,0
9510409,1,1,0,0,0,1,2
9702396,1,1,0,0,0,1,2
9807438,1,1,0,0,0,1,2
10322,7,1,6,7,3,4,7
9403275,1,1,0,0,0,1,2
9903235,4,2,2,3,4,0,0
302216,0,0,0,0,0,0,0
210116,0,0,0,0,0,0,0
102249,0,0,0,0,0,0,0
9808348,2,1,1,1,0,2,4
302240,0,0,0,0,0,0,0
210329,0,0,0,0,0,0,0
302101,0,0,0,0,0,0,0
8149,0,0,0,0,0,0,0
6178,0,0,0,0,0,0,0
9902229,1,1,0,0,0,1,2
9904237,1,1,0,0,0,1,14
4122,2,2,0,0,0,2,6
210232,1,1,0,0,0,1,1
9901425,0,0,0,0,0,0,0
9910548,0,0,0,0,0,0,0
9505372,4,2,2,2,4,0,0
101349,0,0,0,0,0,0,0
207149,0,0,0,0,0,0,0
9318,1,1,0,0,0,1,2
209287,0,0,0,0,0,0,0
9803325,1,1,0,0,0,1,2
208052,0,0,0,0,0,0,0
209161,5,3,2,2,1,4,11
9306228,1,1,0,0,1,0,0
11348,4,2,2,2,0,4,8
9601209,2,1,1,1,2,0,0
9512351,0,0,0,0,0,0,0
9805325,1,1,0,0,0,1,9
210434,1,1,0,0,1,0,0
9610475,0,0,0,0,0,0,0
9807352,0,0,0,0,0,0,0
12266,2,1,1,1,2,0,0
2023,3,1,2,3,0,3,16
211275,1,1,0,0,0,1,3
9801312,0,0,0,0,0,0,0
9711267,0,0,0,0,0,0,0
9708260,1,1,0,0,1,0,0
201119,0,0,0,0,0,0,0
102004,1,1,0,0,1,0,0
111038,0,0,0,0,0,0,0
9903219,0,0,0,0,0,0,0
212193,0,0,0,0,0,0,0
201268,0,0,0,0,0,0,0
9904204,1,1,0,0,0,1,3
201164,4,2,2,3,1,3,4
9807366,0,0,0,0,0,0,0
302007,0,0,0,0,0,0,0
9607460,0,0,0,0,0,0,0
9902388,0,0,0,0,0,0,0
112107,0,0,0,0,0,0,0
107108,4,1,3,6,0,4,19
9404363,1,1,0,0,1,0,0
9504213,2,1,1,1,2,0,0
211114,0,0,0,0,0,0,0
5287,1,1,0,0,0,1,3
9311342,2,1,1,1,2,0,0
201032,1,1,0,0,0,1,2
103260,1,1,0,0,0,1,3
106220,1,1,0,0,0,1,5
9801373,1,1,0,0,0,1,1
9810351,1,1,0,0,1,0,0
1042,0,0,0,0,0,0,0
1235,1,1,0,0,0,1,3
9807450,0,0,0,0,0,0,0
9704293,2,2,0,0,0,2,3
205341,2,2,0,0,0,2,3
12376,1,1,0,0,1,0,0
9305263,1,1,0,0,1,0,0
9212313,1,1,0,0,1,0,0
9909283,1,1,0,0,1,0,0
203197,0,0,0,0,0,0,0
9809297,0,0,0,0,0,0,0
9711284,0,0,0,0,0,0,0
110261,4,1,3,4,0,4,7
211027,0,0,0,0,0,0,0
9503245,0,0,0,0,0,0,0
3296,0,0,0,0,0,0,0
9908518,0,0,0,0,0,0,0
204124,3,3,0,0,0,3,10
9904364,0,0,0,0,0,0,0
8247,1,1,0,0,0,1,13
9408221,1,1,0,0,1,0,0
9710504,0,0,0,0,0,0,0
9706432,0,0,0,0,0,0,0
9404269,1,1,0,0,1,0,0
9909380,0,0,0,0,0,0,0
1223,1,1,0,0,0,1,2
201304,3,3,0,0,0,3,39
111177,1,1,0,0,1,0,0
208206,0,0,0,0,0,0,0
210288,1,1,0,0,0,1,10
105012,0,0,0,0,0,0,0
12149,0,0,0,0,0,0,0
9705317,0,0,0,0,0,0,0
9608446,0,0,0,0,0,0,0
1313,0,0,0,0,0,0,0
9906483,0,0,0,0,0,0,0
209032,0,0,0,0,0,0,0
9510334,0,0,0,0,0,0,0
10298,0,0,0,0,0,0,0
9804336,0,0,0,0,0,0,0
9501310,0,0,0,0,0,0,0
209221,0,0,0,0,0,0,0
107228,1,1,0,0,1,0,0
209175,1,1,0,0,0,1,8
9608442,0,0,0,0,0,0,0
9910303,1,1,0,0,0,1,5
2270,0,0,0,0,0,0,0
207146,0,0,0,0,0,0,0
211428,1,1,0,0,0,1,4
209289,0,0,0,0,0,0,0
9705273,2,2,0,0,2,0,0
9612214,3,2,1,1,3,0,0
1324,0,0,0,0,0,0,0
208110,1,1,0,0,0,1,4
2085,2,1,1,1,2,0,0
102188,1,1,0,0,0,1,11
9270,0,0,0,0,0,0,0
10180,1,1,0,0,0,1,8
208077,0,0,0,0,0,0,0
9803465,0,0,0,0,0,0,0
110290,1,1,0,0,0,1,1
9808353,0,0,0,0,0,0,0
212094,0,0,0,0,0,0,0
102148,0,0,0,0,0,0,0
9406282,1,1,0,0,1,0,0
10202,0,0,0,0,0,0,0
9121,0,0,0,0,0,0,0
212102,1,1,0,0,0,1,3
10155,0,0,0,0,0,0,0
9910207,1,1,0,0,1,0,0
211344,1,1,0,0,0,1,22
108012,1,1,0,0,0,1,9
201048,2,2,0,0,0,2,3
5047,1,1,0,0,1,0,0
9311291,0,0,0,0,0,0,0
9811241,1,1,0,0,0,1,1
3145,0,0,0,0,0,0,0
209004,0,0,0,0,0,0,0
9902398,0,0,0,0,0,0,0
9810436,2,1,1,1,0,2,11
2265,0,0,0,0,0,0,0
9611291,0,0,0,0,0,0,0
9276,0,0,0,0,0,0,0
206279,3,2,1,1,0,3,86
9605300,1,1,0,0,1,0,0
4080,2,2,0,0,2,0,0
11301,1,1,0,0,0,1,1
11246,1,1,0,0,1,0,0
207143,1,1,0,0,1,0,0
111202,0,0,0,0,0,0,0
9606258,2,2,0,0,2,0,0
110171,0,0,0,0,0,0,0
105301,0,0,0,0,0,0,0
210088,0,0,0,0,0,0,0
111169,0,0,0,0,0,0,0
9610340,0,0,0,0,0,0,0
1135,2,1,1,1,0,2,4
9705419,0,0,0,0,0,0,0
211226,0,0,0,0,0,0,0
112048,1,1,0,0,0,1,5
9609272,0,0,0,0,0,0,0
3173,1,1,0,0,0,1,4
209220,0,0,0,0,0,0,0
212006,0,0,0,0,0,0,0
9411275,0,0,0,0,0,0,0
9406414,0,0,0,0,0,0,0
9910362,0,0,0,0,0,0,0
9709248,0,0,0,0,0,0,0
3094,0,0,0,0,0,0,0
212176,0,0,0,0,0,0,0
9302275,1,1,0,0,1,0,0
9511437,2,1,1,1,0,2,6
9607348,0,0,0,0,0,0,0
302251,0,0,0,0,0,0,0
9410308,0,0,0,0,0,0,0
211451,0,0,0,0,0,0,0
302158,0,0,0,0,0,0,0
10271,0,0,0,0,0,0,0
9802249,0,0,0,0,0,0,0
9502223,2,2,0,0,2,0,0
211106,0,0,0,0,0,0,0
105257,0,0,0,0,0,0,0
12009,0,0,0,0,0,0,0
9603401,0,0,0,0,0,0,0
9503382,0,0,0,0,0,0,0
9807227,1,1,0,0,0,1,13
5001,0,0,0,0,0,0,0
9908250,0,0,0,0,0,0,0
9911520,1,1,0,0,0,1,6
9901452,0,0,0,0,0,0,0
112192,0,0,0,0,0,0,0
203039,0,0,0,0,0,0,0
9602437,0,0,0,0,0,0,0
211140,0,0,0,0,0,0,0
107033,0,0,0,0,0,0,0
101283,1,1,0,0,1,0,0
1284,0,0,0,0,0,0,0
302198,0,0,0,0,0,0,0
110352,0,0,0,0,0,0,0
12104,1,1,0,0,0,1,1
9809514,1,1,0,0,0,1,2
9706514,0,0,0,0,0,0,0
207354,0,0,0,0,0,0,0
102104,0,0,0,0,0,0,0
211317,0,0,0,0,0,0,0
9411320,0,0,0,0,0,0,0
9508394,0,0,0,0,0,0,0
9507286,0,0,0,0,0,0,0
9505323,0,0,0,0,0,0,0
9909277,0,0,0,0,0,0,0
107242,0,0,0,0,0,0,0
302099,0,0,0,0,0,0,0
109209,0,0,0,0,0,0,0
9809488,0,0,0,0,0,0,0
9907448,0,0,0,0,0,0,0
9505370,0,0,0,0,0,0,0
9903320,1,1,0,0,1,0,0
9505349,0,0,0,0,0,0,0
9510239,0,0,0,0,0,0,0
112271,0,0,0,0,0,0,0
112263,0,0,0,0,0,0,0
9607282,0,0,0,0,0,0,0
212325,0,0,0,0,0,0,0
302168,0,0,0,0,0,0,0
7216,1,1,0,0,0,1,1
9612419,0,0,0,0,0,0,0
106290,0,0,0,0,0,0,0
12038,0,0,0,0,0,0,0
203247,0,0,0,0,0,0,0
9508235,1,1,0,0,1,0,0
209110,0,0,0,0,0,0,0
9811517,0,0,0,0,0,0,0
10316,1,1,0,0,1,0,0
212188,0,0,0,0,0,0,0
2280,0,0,0,0,0,0,0
205339,0,0,0,0,0,0,0
105072,0,0,0,0,0,0,0
9407205,0,0,0,0,0,0,0
108169,0,0,0,0,0,0,0
9612295,0,0,0,0,0,0,0
9706446,0,0,0,0,0,0,0
9908345,0,0,0,0,0,0,0
104149,0,0,0,0,0,0,0
9610291,0,0,0,0,0,0,0
9607235,0,0,0,0,0,0,0
9409441,0,0,0,0,0,0,0
105020,0,0,0,0,0,0,0
9809361,0,0,0,0,0,0,0
9901417,0,0,0,0,0,0,0
9906534,0,0,0,0,0,0,0
9508355,0,0,0,0,0,0,0
104133,0,0,0,0,0,0,0
9405358,0,0,0,0,0,0,0
208245,0,0,0,0,0,0,0
9405269,0,0,0,0,0,0,0
10320,1,1,0,0,0,1,8
9906414,0,0,0,0,0,0,0
207060,0,0,0,0,0,0,0
9907292,0,0,0,0,0,0,0
208253,0,0,0,0,0,0,0
9806393,1,1,0,0,1,0,0
9403247,0,0,0,0,0,0,0
211093,0,0,0,0,0,0,0
9611408,0,0,0,0,0,0,0
9408236,0,0,0,0,0,0,0
9405397,0,0,0,0,0,0,0
9702314,31,1,30,133,16,15,43
9303284,89,12,77,767,27,62,62
12271,16,4,12,23,0,16,60
9909564,9,5,4,7,0,9,64
9907300,6,3,3,6,1,5,11
9403341,40,5,35,128,40,0,0
201160,1,1,0,0,0,1,1
9603205,38,2,36,194,12,26,45
201249,9,2,7,17,2,7,10
3294,6,3,3,4,1,5,9
9505409,41,9,32,111,28,13,20
9703450,24,2,22,75,3,21,81
9807558,2,1,1,1,0,2,6
9512355,24,4,20,58,24,0,0
9210233,43,3,40,197,1,42,42
9607213,30,4,26,74,3,27,122
9911266,16,5,11,20,0,16,67
9601357,21,3,18,89,0,21,79
9512313,9,1,8,14,0,9,34
112177,37,7,30,101,0,37,336
9711395,251,8,243,3417,202,49,53
9401257,4,2,2,2,4,0,0
9611358,6,1,5,8,0,6,38
9801208,38,11,27,128,38,0,0
9510241,2,1,1,1,2,0,0
9406423,13,4,9,15,5,8,26
9710476,4,2,2,3,4,0,0
9712290,124,4,120,1083,124,0,0
9607251,60,11,49,209,7,53,146
9411274,19,3,16,37,13,6,12
9911440,2,2,0,0,1,1,13
9808269,19,1,18,58,0,19,74
9905340,7,2,5,10,7,0,0
9908513,36,5,31,122,2,34,436
9211320,40,6,34,176,40,0,0
9903252,15,8,7,13,3,12,52
9710491,23,7,16,37,16,7,7
9711294,1,1,0,0,0,1,3
9606353,9,3,6,11,6,3,3
9904279,98,5,93,718,2,96,948
9403312,19,3,16,59,10,9,9
9609260,4,3,1,1,2,2,4
9611425,23,2,21,94,0,23,116
9301291,11,4,7,12,11,0,0
9302212,8,1,7,14,8,0,0
3007,1,1,0,0,0,1,3
9309252,30,14,16,47,30,0,0
9411357,3,1,2,2,0,3,3
9810232,75,15,60,227,2,73,577
9511466,17,2,15,44,3,14,39
9708495,15,3,12,38,0,15,53
9609357,20,7,13,29,5,15,52
9404283,124,6,118,1273,66,58,96
9710509,42,3,39,148,0,42,150
105011,19,5,14,21,0,19,324
9912254,27,2,25,128,0,27,129
9303296,13,4,9,17,13,0,0
9610358,55,8,47,233,1,54,405
9705306,2,1,1,1,0,2,8
9912319,16,4,12,29,0,16,77
9511256,19,5,14,51,0,19,70
109260,21,8,13,24,0,21,162
9209271,21,6,15,46,21,0,0
9907391,25,3,22,90,0,25,104
9911390,8,3,5,17,0,8,72
9807495,7,1,6,12,2,5,12
9703442,17,6,11,18,3,14,42
9911382,2,2,0,0,0,2,3
9405401,29,5,24,120,29,0,0
9802286,4,3,1,1,1,3,4
9510403,59,7,52,239,4,55,161
9609449,55,8,47,264,3,52,433
9503414,17,8,9,12,9,8,32
9604238,0,0,0,0,0,0,0
9511447,2,2,0,0,1,1,4
9409295,19,1,18,48,6,13,28
9602299,47,4,43,307,15,32,35
9810492,1,1,0,0,0,1,7
9705218,13,1,12,36,0,13,49
9605460,9,2,7,14,2,7,20
9304249,9,3,6,16,5,4,4
9703298,39,2,37,262,8,31,59
9601211,36,3,33,160,22,14,20
9509348,118,7,111,1040,69,49,71
9503386,8,1,7,18,0,8,16
9603271,15,7,8,20,1,14,28
9509282,5,1,4,8,1,4,9
9709454,3,3,0,0,0,3,6
9407231,2,2,0,0,1,1,3
9607215,16,4,12,32,4,12,12
9502224,40,2,38,254,40,0,0
9409287,58,9,49,268,4,54,147
9503492,56,9,47,176,3,53,301
9607293,9,3,6,14,9,0,0
9312257,13,9,4,6,1,12,12
9909350,2,1,1,1,2,0,0
9612250,11,6,5,10,2,9,36
9307269,11,5,6,10,11,0,0
9408344,45,6,39,210,38,7,7
9706348,5,4,1,1,0,5,11
9407313,5,2,3,4,5,0,0
9305241,43,5,38,150,43,0,0
9809215,8,2,6,20,0,8,32
9302298,15,8,7,24,15,0,0
9908269,14,1,13,30,7,7,17
9610400,74,3,71,514,2,72,206
9707296,12,2,10,26,1,11,16
9704447,13,1,12,27,4,9,9
9910253,8,3,5,10,1,7,46
9604351,60,9,51,287,10,50,208
9811340,5,3,2,4,0,5,17
108185,3,3,0,0,0,3,11
9904353,107,12,95,865,1,106,728
9307330,24,8,16,49,6,18,45
9802284,14,1,13,38,2,12,23
9812516,4,3,1,2,0,4,21
204193,10,1,9,39,0,10,26
9906265,25,4,21,57,0,25,276
9509358,30,7,23,65,1,29,80
9810374,12,5,7,13,1,11,36
9407404,46,15,31,110,5,41,95
9503443,72,8,64,411,13,59,109
6128,16,4,12,23,0,16,104
9712212,35,2,33,148,0,35,121
102187,16,3,13,45,0,16,88
9503425,25,12,13,16,7,18,57
9503271,46,4,42,210,18,28,85
9907291,7,2,5,9,5,2,4
9508283,11,3,8,26,8,3,4
9906422,1,1,0,0,0,1,15
9812418,35,7,28,75,9,26,61
9810471,33,5,28,148,1,32,114
9805317,7,5,2,2,4,3,7
9708497,7,4,3,6,5,2,2
102085,3,3,0,0,2,1,1
9412248,9,9,0,0,9,0,0
9403208,48,6,42,231,48,0,0
9503491,8,2,6,8,1,7,12
9907468,7,2,5,10,0,7,20
205102,8,2,6,11,0,8,101
9211244,7,4,3,3,5,2,2
9408406,79,5,74,563,75,4,4
9306251,10,1,9,20,10,0,0
9510327,28,11,17,39,1,27,129
9911341,28,6,22,64,6,22,123
9910351,5,2,3,4,0,5,67
1005,52,7,45,210,10,42,162
9907261,59,3,56,355,1,58,258
9607292,22,2,20,78,22,0,0
110252,7,5,2,2,0,7,42
9701301,49,10,39,160,3,46,262
6266,25,2,23,81,0,25,176
9501365,6,1,5,9,0,6,13
9308333,81,20,61,242,27,54,96
9809438,22,9,13,24,4,18,48
9299,32,7,25,77,3,29,172
9906450,14,4,10,20,4,10,48
9307317,22,5,17,96,22,0,0
9705425,5,3,2,2,0,5,13
7099,22,2,20,74,2,20,65
6053,2,2,0,0,1,1,8
9802204,19,5,14,30,5,14,36
9602315,5,1,4,4,4,1,1
103330,2,1,1,1,1,1,2
9904211,91,7,84,595,0,91,460
8151,7,6,1,1,0,7,61
205194,0,0,0,0,0,0,0
9601220,9,1,8,15,0,9,41
9904464,8,2,6,15,0,8,75
9307323,6,1,5,7,6,0,0
9905237,36,3,33,169,23,13,13
209295,3,1,2,2,0,3,39
201228,19,3,16,61,0,19,262
9319,2,1,1,1,0,2,17
9603249,242,3,239,2374,165,77,87
9403318,28,5,23,65,2,26,45
7100,11,3,8,18,0,11,58
12306,6,3,3,4,0,6,22
204067,4,4,0,0,0,4,42
205071,6,3,3,4,0,6,42
9507368,16,7,9,18,3,13,15
9509201,23,2,21,75,6,17,21
7327,4,3,1,1,1,3,15
9511220,7,2,5,8,2,5,9
9602395,4,4,0,0,0,4,12
9307316,7,2,5,9,1,6,9
9905369,6,4,2,3,1,5,16
11355,14,4,10,17,2,12,245
9804412,9,3,6,9,1,8,12
9412346,6,2,4,6,0,6,24
9806358,26,10,16,42,4,22,42
9706329,16,1,15,69,0,16,147
9801240,1,1,0,0,0,1,6
9506378,34,2,32,113,0,34,146
9607236,12,3,9,16,0,12,92
9506450,8,7,1,1,2,6,20
9809229,7,1,6,15,0,7,35
9906457,3,3,0,0,0,3,6
9405304,46,2,44,311,46,0,0
9208227,11,2,9,27,11,0,0
112109,6,3,3,4,0,6,22
9809437,6,2,4,6,0,6,42
9905338,6,3,3,4,0,6,50
10106,8,1,7,17,0,8,80
9307231,3,2,1,1,3,0,0
9809242,17,4,13,28,1,16,48
9606314,49,1,48,212,16,33,66
9308322,8,5,3,3,8,0,0
1286,33,11,22,53,1,32,373
3107,22,1,21,79,0,22,343
9306314,12,8,4,7,12,0,0
9303247,5,4,1,2,5,0,0
9304296,8,7,1,1,8,0,0
9905372,44,10,34,105,1,43,365
9711440,41,6,35,154,0,41,217
106156,0,0,0,0,0,0,0
9608399,5,2,3,5,0,5,22
9208208,5,2,3,4,5,0,0
9908446,10,3,7,16,0,10,59
9307262,16,4,12,30,16,0,0
9306268,8,4,4,8,8,0,0
201066,5,2,3,3,0,5,12
9904492,4,1,3,6,0,4,6
9304270,5,2,3,4,5,0,0
9512208,13,1,12,24,0,13,58
9607472,5,2,3,4,0,5,14
9606293,3,3,0,0,0,3,14
9709424,20,7,13,32,20,0,0
9610269,23,3,20,85,1,22,111
9309277,4,2,2,5,3,1,1
9608346,9,1,8,17,7,2,2
9706457,9,4,5,7,1,8,53
9208231,28,6,22,58,9,19,19
9410281,50,6,44,177,7,43,181
9601338,5,1,4,6,2,3,8
9705348,8,2,6,8,0,8,36
9508254,15,5,10,14,8,7,11
101093,9,6,3,6,1,8,41
9610542,5,3,2,4,3,2,2
104218,20,4,16,32,0,20,188
3139,8,5,3,3,1,7,28
9712459,22,2,20,81,0,22,55
9606381,15,1,14,41,0,15,81
9410235,20,5,15,20,1,19,74
9709474,5,1,4,8,5,0,0
2243,3,3,0,0,1,2,4
5182,2,2,0,0,0,2,4
3081,29,6,23,110,0,29,217
9210253,98,9,89,381,98,0,0
9608394,29,2,27,94,0,29,219
9411255,14,5,9,10,5,9,9
104254,6,1,5,8,0,6,58
9208233,12,4,8,21,12,0,0
9701416,5,3,2,2,1,4,6
9807248,3,3,0,0,0,3,3
9703341,6,2,4,9,0,6,75
9306262,2,2,0,0,2,0,0
9810253,13,8,5,12,2,11,11
5121,11,3,8,17,0,11,65
9909214,9,4,5,15,1,8,33
9811500,40,2,38,208,1,39,166
9904379,6,3,3,4,2,4,7
110192,1,1,0,0,0,1,35
9608225,1,1,0,0,0,1,3
105123,2,1,1,1,0,2,4
9711357,5,2,3,3,0,5,12
9502280,4,1,3,6,0,4,9
9802411,22,3,19,63,2,20,102
9312341,34,6,28,103,9,25,55
2089,10,3,7,12,0,10,111
9910341,12,1,11,23,4,8,17
206148,6,4,2,4,0,6,34
210114,0,0,0,0,0,0,0
9806416,7,1,6,9,1,6,20
103042,6,1,5,9,0,6,12
9612298,3,1,2,2,0,3,21
8033,7,5,2,2,7,0,0
110003,1,1,0,0,0,1,1
9411339,6,4,2,2,3,3,15
9906417,8,5,3,3,0,8,71
9504360,15,2,13,36,15,0,0
9503278,20,2,18,53,1,19,20
6152,4,1,3,3,1,3,4
9803289,12,4,8,18,12,0,0
3305,5,5,0,0,0,5,11
9606470,4,3,1,2,0,4,5
9707410,2,1,1,1,0,2,6
9604328,13,2,11,39,1,12,39
112085,5,4,1,1,0,5,13
9311207,7,4,3,7,1,6,18
9803241,36,4,32,166,0,36,210
3207,4,2,2,2,0,4,25
9609337,2,1,1,1,0,2,17
9301218,12,3,9,17,12,0,0
9802252,14,6,8,12,1,13,80
105293,7,2,5,10,1,6,37
9610342,1,1,0,0,0,1,3
9311348,1,1,0,0,1,0,0
4197,12,6,6,18,1,11,94
110215,30,7,23,57,19,11,17
9802323,7,5,2,3,0,7,15
9906530,7,2,5,6,1,6,15
9703215,8,2,6,8,1,7,18
103004,0,0,0,0,0,0,0
111190,22,2,20,74,22,0,0
9706413,15,3,12,33,0,15,62
9705231,2,2,0,0,0,2,4
7299,0,0,0,0,0,0,0
101090,2,1,1,1,2,0,0
9308328,10,3,7,14,10,0,0
12220,2,1,1,1,0,2,4
9608396,8,3,5,8,5,3,3
9212271,38,4,34,134,1,37,37
9808421,12,3,9,29,0,12,56
9610510,2,1,1,1,0,2,18
9804265,19,3,16,40,13,6,10
4155,0,0,0,0,0,0,0
9901241,6,2,4,7,0,6,66
202198,2,2,0,0,0,2,13
9707540,13,4,9,27,0,13,156
9303322,7,4,3,8,2,5,5
9160,4,1,3,5,0,4,25
9412225,5,4,1,1,0,5,35
9703303,16,5,11,33,0,16,38
1272,2,2,0,0,0,2,5
6011,9,5,4,11,0,9,26
106286,3,2,1,1,0,3,7
9901377,5,3,2,5,5,0,0
9807549,9,5,4,9,0,9,38
105199,4,3,1,1,1,3,24
205067,16,5,11,28,0,16,112
9709234,3,2,1,1,0,3,4
209171,1,1,0,0,0,1,11
9812423,14,7,7,12,1,13,25
104104,7,3,4,10,0,7,21
5249,7,4,3,4,1,6,30
9408210,8,1,7,12,8,0,0
9911283,3,2,1,1,1,2,6
9401202,23,3,20,71,23,0,0
9504252,2,1,1,1,0,2,4
9508334,4,1,3,3,1,3,4
9711369,6,2,4,6,5,1,1
9706411,13,2,11,27,0,13,13
106230,8,4,4,5,0,8,39
5253,9,4,5,7,1,8,33
211399,0,0,0,0,0,0,0
9507407,8,6,2,4,1,7,13
9812535,0,0,0,0,0,0,0
9612237,16,2,14,42,0,16,118
9705445,6,3,3,5,0,6,23
9610236,3,2,1,1,1,2,6
9802364,6,1,5,11,6,0,0
9902452,15,3,12,45,0,15,85
109097,2,2,0,0,0,2,6
9307252,4,4,0,0,4,0,0
9805392,2,1,1,1,0,2,3
9807280,1,1,0,0,0,1,1
9508241,15,4,11,38,1,14,68
9805510,2,1,1,1,2,0,0
9612390,15,1,14,61,0,15,15
9807427,2,2,0,0,0,2,5
9404285,3,3,0,0,3,0,0
9412203,10,6,4,6,10,0,0
4019,3,2,1,1,0,3,3
9901363,0,0,0,0,0,0,0
201306,1,1,0,0,0,1,2
9710432,6,1,5,11,3,3,5
9909551,3,3,0,0,2,1,4
9612369,2,2,0,0,1,1,1
9810295,3,3,0,0,0,3,7
9503291,31,12,19,43,31,0,0
9910202,0,0,0,0,0,0,0
9709369,8,2,6,10,0,8,15
9809510,15,3,12,29,0,15,63
9806232,36,6,30,134,0,36,292
105317,0,0,0,0,0,0,0
9601256,2,1,1,1,0,2,2
4205,8,3,5,7,1,7,13
9812458,6,1,5,10,4,2,2
9406338,5,2,3,6,0,5,8
9301249,1,1,0,0,1,0,0
102039,2,2,0,0,0,2,6
201143,4,1,3,3,4,0,0
9705255,3,3,0,0,1,2,2
9607407,1,1,0,0,0,1,2
109200,4,2,2,3,0,4,16
9612314,9,1,8,19,6,3,4
9804232,6,1,5,8,0,6,9
9506275,2,2,0,0,0,2,11
9510375,2,1,1,1,0,2,4
9811301,9,1,8,28,4,5,5
2021,1,1,0,0,0,1,8
2127,18,6,12,45,0,18,168
9901244,4,1,3,4,0,4,16
9501270,2,1,1,1,0,2,2
1021,12,6,6,8,0,12,37
9809418,3,2,1,1,0,3,10
9712320,3,3,0,0,0,3,8
9603440,14,5,9,25,1,13,50
6040,9,3,6,9,0,9,126
6051,3,1,2,2,0,3,16
206152,16,8,8,22,0,16,105
9810214,2,2,0,0,0,2,2
9708244,1,1,0,0,0,1,5
9809444,3,3,0,0,0,3,16
9403262,4,3,1,2,4,0,0
9505214,1,1,0,0,1,0,0
9606239,10,2,8,15,6,4,8
9402303,4,2,2,2,0,4,6
9909291,0,0,0,0,0,0,0
9809496,4,1,3,4,0,4,10
9607240,4,3,1,1,1,3,4
12348,12,6,6,10,1,11,27
104275,3,3,0,0,0,3,16
110407,5,2,3,4,0,5,56
107165,34,6,28,110,1,33,353
208268,4,2,2,2,0,4,69
8041,17,3,14,52,0,17,94
9809562,12,5,7,9,0,12,44
211433,0,0,0,0,0,0,0
9903397,5,2,3,4,1,4,8
9609245,6,1,5,8,0,6,22
9405288,1,1,0,0,0,1,3
8263,4,2,2,5,0,4,38
9810456,8,2,6,9,8,0,0
9411310,8,4,4,5,5,3,6
9412390,6,3,3,5,1,5,6
9612374,8,4,4,9,0,8,18
9411379,6,3,3,3,1,5,5
9706479,3,2,1,1,0,3,29
2216,27,4,23,69,0,27,138
9702370,5,2,3,6,0,5,6
12021,3,2,1,1,1,2,5
9404324,3,3,0,0,0,3,8
9910562,6,3,3,5,0,6,41
5255,3,2,1,2,3,0,0
9604369,2,2,0,0,1,1,1
101017,1,1,0,0,0,1,6
4143,17,9,8,13,0,17,64
9701321,4,2,2,3,0,4,12
108204,5,2,3,4,2,3,8
9501220,4,4,0,0,4,0,0
206038,12,2,10,22,0,12,125
8256,2,1,1,1,0,2,3
9303215,8,2,6,12,8,0,0
9912383,7,3,4,11,0,7,13
9403385,8,4,4,5,8,0,0
9212287,7,3,4,6,7,0,0
209117,2,1,1,1,0,2,26
112189,7,1,6,11,0,7,22
9811242,3,3,0,0,2,1,1
9812333,6,3,3,5,0,6,13
105238,1,1,0,0,0,1,4
9602308,1,1,0,0,1,0,0
9807414,6,2,4,7,0,6,23
9707285,2,2,0,0,1,1,1
209181,1,1,0,0,0,1,2
9907570,2,2,0,0,1,1,1
9805224,9,1,8,20,3,6,9
104190,1,1,0,0,0,1,3
110402,3,2,1,1,0,3,40
9402265,10,5,5,10,0,10,18
9806505,9,4,5,11,2,7,46
204191,7,5,2,2,0,7,50
9912421,2,2,0,0,0,2,4
9406301,1,1,0,0,0,1,1
112303,11,5,6,13,1,10,21
210324,1,1,0,0,0,1,4
9807231,2,2,0,0,0,2,8
9609427,9,3,6,10,2,7,29
112112,1,1,0,0,0,1,24
5302,2,1,1,1,0,2,8
9312266,4,2,2,2,0,4,6
9406411,3,2,1,1,3,0,0
9801417,1,1,0,0,0,1,4
9704346,6,2,4,6,2,4,8
9408209,1,1,0,0,1,0,0
9909508,6,4,2,2,0,6,13
202054,2,2,0,0,0,2,24
211290,2,1,1,1,0,2,5
9907506,7,1,6,16,0,7,18
9710211,0,0,0,0,0,0,0
9606320,3,1,2,2,0,3,3
9404340,4,2,2,2,4,0,0
112074,10,4,6,16,0,10,54
9707234,1,1,0,0,0,1,3
12063,2,2,0,0,0,2,12
110075,18,2,16,41,0,18,90
205274,3,1,2,2,0,3,22
9407301,2,1,1,1,1,1,2
9908501,2,1,1,1,0,2,4
9404348,7,6,1,1,7,0,0
9606421,4,3,1,1,0,4,25
106184,8,4,4,6,1,7,49
9712441,2,1,1,1,0,2,2
9601212,1,1,0,0,1,0,0
302128,0,0,0,0,0,0,0
9706313,5,3,2,3,1,4,4
9504232,3,1,2,3,1,2,2
9409218,1,1,0,0,0,1,1
204357,3,1,2,2,2,1,1
9804445,5,2,3,4,0,5,34
9604300,4,1,3,3,0,4,12
10043,2,1,1,1,0,2,8
9409354,1,1,0,0,0,1,1
9805489,1,1,0,0,0,1,2
9604239,3,1,2,3,0,3,11
8140,0,0,0,0,0,0,0
9604290,3,2,1,1,0,3,19
9910457,0,0,0,0,0,0,0
9705261,8,3,5,7,1,7,9
9906284,12,6,6,8,0,12,79
9810474,4,2,2,2,0,4,26
9908361,3,2,1,1,2,1,1
9908233,1,1,0,0,1,0,0
205101,0,0,0,0,0,0,0
9312207,4,2,2,2,1,3,3
201005,4,3,1,2,0,4,9
9612429,1,1,0,0,0,1,9
9407333,1,1,0,0,0,1,1
9605239,10,4,6,7,9,1,1
9802387,20,3,17,40,3,17,22
9702219,3,2,1,1,0,3,16
3042,20,6,14,30,1,19,38
3096,4,2,2,2,0,4,16
9711313,8,6,2,4,1,7,17
9507215,8,3,5,14,7,1,1
9609367,2,2,0,0,0,2,3
9809439,2,2,0,0,0,2,9
9804446,1,1,0,0,1,0,0
9405235,3,3,0,0,0,3,7
106186,2,2,0,0,0,2,10
212020,5,4,1,2,0,5,75
204031,0,0,0,0,0,0,0
203003,9,6,3,4,0,9,41
9906271,2,1,1,1,1,1,1
9703289,5,5,0,0,0,5,19
9411445,6,3,3,5,0,6,12
205215,0,0,0,0,0,0,0
9812437,2,1,1,1,0,2,9
205205,4,2,2,3,0,4,22
9709203,4,2,2,2,0,4,16
9709210,2,2,0,0,0,2,3
9612276,2,1,1,1,0,2,4
209072,1,1,0,0,0,1,5
103165,2,2,0,0,0,2,8
9509342,6,3,3,5,1,5,9
9702246,1,1,0,0,0,1,2
206100,3,3,0,0,0,3,3
9708284,0,0,0,0,0,0,0
9304276,10,5,5,9,10,0,0
9802226,4,3,1,1,0,4,10
105006,4,4,0,0,0,4,11
9310375,0,0,0,0,0,0,0
112304,2,2,0,0,0,2,8
9804455,5,2,3,3,0,5,20
9810392,8,3,5,8,8,0,0
104099,5,4,1,1,0,5,16
9910555,0,0,0,0,0,0,0
202032,3,2,1,1,0,3,25
9710546,7,4,3,3,7,0,0
9611242,2,2,0,0,0,2,5
103181,1,1,0,0,0,1,4
9407269,3,3,0,0,3,0,0
9802363,0,0,0,0,0,0,0
9804377,12,4,8,10,0,12,59
212023,6,1,5,9,0,6,45
5163,2,1,1,1,0,2,3
3179,9,3,6,17,0,9,78
4244,1,1,0,0,1,0,0
12118,1,1,0,0,0,1,5
9602270,1,1,0,0,1,0,0
12262,1,1,0,0,0,1,5
202004,4,1,3,6,0,4,14
9502339,3,3,0,0,0,3,4
9912394,3,3,0,0,2,1,2
9506227,4,1,3,5,1,3,5
9503334,9,6,3,4,1,8,8
9608482,4,3,1,2,4,0,0
208223,1,1,0,0,0,1,1
9506212,2,1,1,1,2,0,0
9601335,4,3,1,1,0,4,11
107192,0,0,0,0,0,0,0
9909452,5,1,4,6,0,5,6
206079,5,3,2,2,0,5,50
111176,7,2,5,8,0,7,24
207052,4,2,2,3,0,4,30
9611283,4,2,2,3,0,4,15
205347,6,3,3,4,0,6,38
1054,6,5,1,2,0,6,26
12217,2,2,0,0,0,2,13
209329,2,2,0,0,0,2,10
9602410,2,1,1,1,1,1,1
9604329,2,1,1,1,2,0,0
9908265,19,7,12,40,0,19,178
9807461,6,3,3,5,0,6,28
204296,0,0,0,0,0,0,0
201006,5,2,3,3,2,3,10
112145,0,0,0,0,0,0,0
9405226,2,1,1,1,0,2,4
4023,2,2,0,0,0,2,6
107012,2,1,1,1,0,2,3
6070,4,4,0,0,0,4,6
12047,1,1,0,0,0,1,7
9801278,1,1,0,0,0,1,5
4108,1,1,0,0,0,1,10
9902207,3,3,0,0,1,2,2
12051,1,1,0,0,1,0,0
2220,2,2,0,0,0,2,3
9604403,5,3,2,3,1,4,4
112115,6,3,3,8,0,6,49
203173,0,0,0,0,0,0,0
9309251,5,2,3,4,5,0,0
9905245,3,2,1,1,1,2,6
9602359,7,4,3,4,4,3,3
9904500,3,2,1,1,0,3,9
9805248,1,1,0,0,0,1,5
9607331,5,5,0,0,4,1,3
9609222,1,1,0,0,0,1,3
209271,0,0,0,0,0,0,0
103010,4,3,1,1,4,0,0
110059,1,1,0,0,1,0,0
9909470,3,1,2,3,0,3,9
4241,9,7,2,3,4,5,9
9812441,3,2,1,2,0,3,14
9309285,2,1,1,1,2,0,0
106188,3,1,2,3,0,3,13
9807263,16,2,14,32,0,16,59
101354,7,4,3,5,1,6,22
208057,0,0,0,0,0,0,0
1241,0,0,0,0,0,0,0
9406281,6,5,1,1,2,4,6
9511395,0,0,0,0,0,0,0
212124,0,0,0,0,0,0,0
202246,7,4,3,5,0,7,39
9911287,2,2,0,0,2,0,0
9709373,4,1,3,5,4,0,0
9607281,5,3,2,2,1,4,8
9703364,1,1,0,0,0,1,1
7184,5,5,0,0,2,3,10
9701295,0,0,0,0,0,0,0
211219,0,0,0,0,0,0,0
302004,0,0,0,0,0,0,0
9406394,4,1,3,3,4,0,0
109110,3,1,2,2,0,3,6
9705308,0,0,0,0,0,0,0
9805499,5,2,3,3,0,5,28
9910333,6,4,2,2,4,2,4
106351,0,0,0,0,0,0,0
9711225,1,1,0,0,1,0,0
3167,16,6,10,26,5,11,68
9710564,1,1,0,0,1,0,0
9610292,6,3,3,4,0,6,10
212316,0,0,0,0,0,0,0
9801424,0,0,0,0,0,0,0
11118,0,0,0,0,0,0,0
111448,1,1,0,0,0,1,2
9905336,1,1,0,0,0,1,5
201246,1,1,0,0,0,1,5
9501272,2,2,0,0,0,2,2
9711243,2,2,0,0,2,0,0
8309,1,1,0,0,0,1,1
9807256,5,1,4,7,0,5,34
9907293,5,2,3,6,0,5,18
4250,4,3,1,1,2,2,4
9906361,1,1,0,0,0,1,4
9809541,0,0,0,0,0,0,0
8114,10,4,6,17,3,7,39
112280,2,2,0,0,0,2,9
9251,4,1,3,4,1,3,5
109274,3,1,2,2,0,3,6
9910479,2,1,1,1,0,2,5
9910268,4,4,0,0,2,2,5
103154,4,1,3,6,0,4,30
9907274,5,2,3,6,5,0,0
212101,0,0,0,0,0,0,0
9801400,1,1,0,0,1,0,0
9222,4,1,3,4,0,4,12
9804345,7,2,5,14,0,7,7
107225,3,2,1,1,0,3,9
9910259,8,2,6,14,2,6,12
302264,0,0,0,0,0,0,0
108132,2,1,1,1,0,2,4
6020,1,1,0,0,0,1,2
105266,1,1,0,0,0,1,5
207230,3,2,1,1,0,3,29
9409390,1,1,0,0,1,0,0
204150,1,1,0,0,0,1,4
207106,0,0,0,0,0,0,0
211024,1,1,0,0,0,1,4
205331,5,3,2,3,0,5,45
9404267,0,0,0,0,0,0,0
101204,1,1,0,0,1,0,0
205143,9,5,4,4,0,9,91
101343,3,3,0,0,2,1,2
110092,0,0,0,0,0,0,0
9801237,3,1,2,3,0,3,3
9803496,4,3,1,1,4,0,0
9308260,3,1,2,3,3,0,0
9612306,1,1,0,0,0,1,1
111087,1,1,0,0,0,1,6
301112,1,1,0,0,0,1,2
102275,4,4,0,0,0,4,15
9704444,2,1,1,1,0,2,15
9704401,0,0,0,0,0,0,0
9509396,2,2,0,0,0,2,6
9510349,2,2,0,0,1,1,1
8315,1,1,0,0,0,1,1
9704446,0,0,0,0,0,0,0
107076,1,1,0,0,0,1,2
110179,0,0,0,0,0,0,0
9902353,3,3,0,0,3,0,0
9706263,0,0,0,0,0,0,0
9306211,1,1,0,0,1,0,0
9412313,0,0,0,0,0,0,0
9502342,4,2,2,2,0,4,12
302142,0,0,0,0,0,0,0
9505274,1,1,0,0,0,1,1
111151,7,2,5,15,0,7,52
9504369,1,1,0,0,0,1,7
9506320,3,3,0,0,3,0,0
10110,0,0,0,0,0,0,0
108255,2,2,0,0,0,2,12
209168,1,1,0,0,0,1,6
111139,2,2,0,0,0,2,9
1296,1,1,0,0,0,1,10
206106,0,0,0,0,0,0,0
3092,1,1,0,0,1,0,0
110101,1,1,0,0,0,1,1
9805464,1,1,0,0,0,1,3
9409276,0,0,0,0,0,0,0
205020,1,1,0,0,0,1,2
9703203,0,0,0,0,0,0,0
9504383,2,2,0,0,0,2,10
12347,0,0,0,0,0,0,0
9806209,1,1,0,0,0,1,4
212264,0,0,0,0,0,0,0
9707411,2,2,0,0,0,2,4
9511453,0,0,0,0,0,0,0
211272,1,1,0,0,0,1,11
9510317,0,0,0,0,0,0,0
9605391,1,1,0,0,1,0,0
207335,4,2,2,2,0,4,18
209120,0,0,0,0,0,0,0
208045,3,1,2,2,3,0,0
9702275,4,2,2,2,1,3,3
203111,0,0,0,0,0,0,0
205088,2,2,0,0,0,2,21
9912368,2,1,1,1,1,1,5
5073,2,2,0,0,0,2,6
9804452,1,1,0,0,0,1,1
109005,3,2,1,1,0,3,8
5300,5,1,4,10,0,5,7
9902361,7,1,6,13,1,6,23
108243,7,2,5,14,1,6,19
9910426,0,0,0,0,0,0,0
103106,4,4,0,0,4,0,0
9603228,5,3,2,3,5,0,0
9706217,2,2,0,0,0,2,12
2207,0,0,0,0,0,0,0
207120,3,3,0,0,1,2,5
9310278,0,0,0,0,0,0,0
9510429,1,1,0,0,0,1,1
5032,2,1,1,1,2,0,0
109175,0,0,0,0,0,0,0
7269,7,2,5,15,6,1,3
9812301,1,1,0,0,0,1,1
104092,0,0,0,0,0,0,0
206028,1,1,0,0,0,1,5
9706358,1,1,0,0,1,0,0
9711462,1,1,0,0,1,0,0
9812211,2,1,1,1,0,2,3
9701240,2,1,1,1,1,1,1
9605328,4,1,3,4,2,2,5
12032,5,5,0,0,0,5,11
9902245,0,0,0,0,0,0,0
9909573,1,1,0,0,0,1,1
108089,1,1,0,0,0,1,1
202033,2,2,0,0,0,2,3
11041,1,1,0,0,1,0,0
9708491,2,2,0,0,1,1,4
5059,3,2,1,1,1,2,4
208184,2,2,0,0,0,2,6
107247,1,1,0,0,0,1,5
9503392,0,0,0,0,0,0,0
9712288,2,2,0,0,0,2,6
9812506,3,3,0,0,0,3,6
9410256,6,3,3,4,4,2,2
101074,1,1,0,0,0,1,5
105305,2,1,1,1,1,1,3
9902454,0,0,0,0,0,0,0
9811486,1,1,0,0,1,0,0
11225,2,2,0,0,0,2,2
6017,1,1,0,0,0,1,1
2094,0,0,0,0,0,0,0
9911467,4,3,1,1,0,4,4
105245,5,5,0,0,5,0,0
9511440,5,1,4,8,5,0,0
206185,1,1,0,0,1,0,0
212109,1,1,0,0,0,1,6
6264,2,2,0,0,1,1,3
9403279,1,1,0,0,1,0,0
9709328,2,1,1,1,2,0,0
9704373,0,0,0,0,0,0,0
9803434,0,0,0,0,0,0,0
211050,1,1,0,0,0,1,1
211400,0,0,0,0,0,0,0
10235,0,0,0,0,0,0,0
301113,0,0,0,0,0,0,0
9802225,1,1,0,0,0,1,1
208118,1,1,0,0,0,1,2
101193,1,1,0,0,0,1,2
110359,1,1,0,0,0,1,2
9812512,1,1,0,0,0,1,1
110080,2,2,0,0,0,2,14
112243,1,1,0,0,1,0,0
9905213,2,2,0,0,2,0,0
9812537,0,0,0,0,0,0,0
9901247,1,1,0,0,1,0,0
101223,5,3,2,2,0,5,34
9906214,1,1,0,0,0,1,1
9709377,0,0,0,0,0,0,0
9704420,4,3,1,1,0,4,4
202279,3,1,2,3,0,3,18
9603269,1,1,0,0,0,1,1
9612427,1,1,0,0,1,0,0
9805455,1,1,0,0,1,0,0
9812479,7,1,6,19,7,0,0
9510244,0,0,0,0,0,0,0
9707519,0,0,0,0,0,0,0
9707417,0,0,0,0,0,0,0
9706248,0,0,0,0,0,0,0
9901205,1,1,0,0,0,1,4
110306,1,1,0,0,1,0,0
9312206,0,0,0,0,0,0,0
208072,0,0,0,0,0,0,0
2206,1,1,0,0,0,1,1
9812326,3,2,1,1,3,0,0
9912530,1,1,0,0,0,1,1
9907457,1,1,0,0,0,1,1
9603319,0,0,0,0,0,0,0
9707534,2,2,0,0,0,2,3
111329,0,0,0,0,0,0,0
110378,1,1,0,0,0,1,4
9309332,2,1,1,1,2,0,0
211268,4,2,2,3,1,3,9
301099,0,0,0,0,0,0,0
104139,0,0,0,0,0,0,0
9210209,0,0,0,0,0,0,0
9706224,0,0,0,0,0,0,0
110400,5,2,3,3,0,5,16
107006,1,1,0,0,0,1,4
9908487,0,0,0,0,0,0,0
9904331,1,1,0,0,1,0,0
9910265,1,1,0,0,0,1,6
9807213,3,3,0,0,0,3,4
203115,0,0,0,0,0,0,0
104140,0,0,0,0,0,0,0
9507373,1,1,0,0,0,1,1
9506244,0,0,0,0,0,0,0
9712522,1,1,0,0,0,1,3
12065,0,0,0,0,0,0,0
9911368,0,0,0,0,0,0,0
9311295,0,0,0,0,0,0,0
212072,0,0,0,0,0,0,0
9606259,0,0,0,0,0,0,0
109203,0,0,0,0,0,0,0
207147,0,0,0,0,0,0,0
108053,2,2,0,0,2,0,0
5165,1,1,0,0,1,0,0
205036,0,0,0,0,0,0,0
9906532,0,0,0,0,0,0,0
9910404,0,0,0,0,0,0,0
9903346,0,0,0,0,0,0,0
207134,1,1,0,0,0,1,3
301108,0,0,0,0,0,0,0
9031,0,0,0,0,0,0,0
9908402,0,0,0,0,0,0,0
9804315,0,0,0,0,0,0,0
201095,1,1,0,0,0,1,3
9902433,0,0,0,0,0,0,0
9710288,0,0,0,0,0,0,0
9911269,0,0,0,0,0,0,0
9903347,1,1,0,0,0,1,2
9501401,0,0,0,0,0,0,0
9901223,0,0,0,0,0,0,0
211335,0,0,0,0,0,0,0
9701318,0,0,0,0,0,0,0
9803332,0,0,0,0,0,0,0
9912237,3,2,1,1,2,1,2
9911396,1,1,0,0,1,0,0
112131,3,2,1,1,1,2,11
9803469,2,2,0,0,0,2,7
101320,1,1,0,0,0,1,8
9612411,0,0,0,0,0,0,0
211032,0,0,0,0,0,0,0
9412202,1,1,0,0,1,0,0
3027,0,0,0,0,0,0,0
9904384,2,1,1,1,2,0,0
9912537,0,0,0,0,0,0,0
211303,1,1,0,0,0,1,8
11384,0,0,0,0,0,0,0
9901434,0,0,0,0,0,0,0
208144,0,0,0,0,0,0,0
111239,0,0,0,0,0,0,0
204267,2,1,1,1,2,0,0
9907220,2,2,0,0,0,2,13
9709314,0,0,0,0,0,0,0
9402211,0,0,0,0,0,0,0
9801288,0,0,0,0,0,0,0
9603344,0,0,0,0,0,0,0
207115,0,0,0,0,0,0,0
1263,1,1,0,0,0,1,2
106118,0,0,0,0,0,0,0
9901391,1,1,0,0,1,0,0
3239,4,1,3,6,0,4,12
9712267,0,0,0,0,0,0,0
106222,3,2,1,1,0,3,3
212403,0,0,0,0,0,0,0
203106,0,0,0,0,0,0,0
9602228,0,0,0,0,0,0,0
210236,4,4,0,0,0,4,85
11140,0,0,0,0,0,0,0
205073,1,1,0,0,0,1,4
9609224,0,0,0,0,0,0,0
9808250,2,2,0,0,2,0,0
9802383,0,0,0,0,0,0,0
9212251,0,0,0,0,0,0,0
11186,0,0,0,0,0,0,0
9510374,0,0,0,0,0,0,0
9804272,1,1,0,0,1,0,0
111468,1,1,0,0,0,1,1
110018,0,0,0,0,0,0,0
9703376,0,0,0,0,0,0,0
102258,0,0,0,0,0,0,0
9409247,0,0,0,0,0,0,0
212052,0,0,0,0,0,0,0
211445,0,0,0,0,0,0,0
9802264,0,0,0,0,0,0,0
9912418,0,0,0,0,0,0,0
5325,1,1,0,0,0,1,4
9505258,0,0,0,0,0,0,0
9908366,0,0,0,0,0,0,0
9405312,0,0,0,0,0,0,0
9602413,0,0,0,0,0,0,0
101352,0,0,0,0,0,0,0
9911279,1,1,0,0,0,1,2
207045,2,2,0,0,0,2,12
9803353,0,0,0,0,0,0,0
211157,0,0,0,0,0,0,0
204304,0,0,0,0,0,0,0
301109,0,0,0,0,0,0,0
211161,0,0,0,0,0,0,0
110371,2,2,0,0,0,2,9
9605282,0,0,0,0,0,0,0
9602222,0,0,0,0,0,0,0
9611268,0,0,0,0,0,0,0
9808302,0,0,0,0,0,0,0
108269,1,1,0,0,1,0,0
107013,0,0,0,0,0,0,0
9506460,0,0,0,0,0,0,0
302194,0,0,0,0,0,0,0
106273,0,0,0,0,0,0,0
301191,0,0,0,0,0,0,0
105117,0,0,0,0,0,0,0
9507355,0,0,0,0,0,0,0
9710468,0,0,0,0,0,0,0
9113,0,0,0,0,0,0,0
9907371,1,1,0,0,0,1,11
9702271,0,0,0,0,0,0,0
207132,0,0,0,0,0,0,0
102341,1,1,0,0,1,0,0
208221,0,0,0,0,0,0,0
10023,1,1,0,0,0,1,2
9612395,0,0,0,0,0,0,0
9501322,0,0,0,0,0,0,0
105074,0,0,0,0,0,0,0
202022,0,0,0,0,0,0,0
210248,0,0,0,0,0,0,0
111330,0,0,0,0,0,0,0
104006,0,0,0,0,0,0,0
4265,0,0,0,0,0,0,0
106235,0,0,0,0,0,0,0
212215,0,0,0,0,0,0,0
110205,0,0,0,0,0,0,0
9905419,0,0,0,0,0,0,0
210221,0,0,0,0,0,0,0
210076,0,0,0,0,0,0,0
9310237,0,0,0,0,0,0,0
9907252,0,0,0,0,0,0,0
12234,0,0,0,0,0,0,0
212267,0,0,0,0,0,0,0
207268,0,0,0,0,0,0,0
210356,0,0,0,0,0,0,0
9604201,0,0,0,0,0,0,0
9502202,0,0,0,0,0,0,0
111049,0,0,0,0,0,0,0
211189,0,0,0,0,0,0,0
9512255,0,0,0,0,0,0,0
9709220,0,0,0,0,0,0,0
2052,0,0,0,0,0,0,0
106122,0,0,0,0,0,0,0
9911301,1,1,0,0,0,1,3
211176,0,0,0,0,0,0,0
9702323,0,0,0,0,0,0,0
102155,0,0,0,0,0,0,0
9907563,0,0,0,0,0,0,0
211323,0,0,0,0,0,0,0
9605290,1,1,0,0,1,0,0
9406298,1,1,0,0,1,0,0
8194,0,0,0,0,0,0,0
208145,0,0,0,0,0,0,0
205017,1,1,0,0,0,1,2
9409431,0,0,0,0,0,0,0
10033,0,0,0,0,0,0,0
211216,0,0,0,0,0,0,0
301168,0,0,0,0,0,0,0
11294,0,0,0,0,0,0,0
210105,0,0,0,0,0,0,0
110120,1,1,0,0,0,1,6
9608238,0,0,0,0,0,0,0
9511413,0,0,0,0,0,0,0
211003,0,0,0,0,0,0,0
9290,0,0,0,0,0,0,0
210184,0,0,0,0,0,0,0
212235,0,0,0,0,0,0,0
211407,0,0,0,0,0,0,0
211377,0,0,0,0,0,0,0
9809375,0,0,0,0,0,0,0
7090,0,0,0,0,0,0,0
204003,0,0,0,0,0,0,0
212087,0,0,0,0,0,0,0
9804406,0,0,0,0,0,0,0
9705365,0,0,0,0,0,0,0
203105,0,0,0,0,0,0,0
205300,0,0,0,0,0,0,0
210176,0,0,0,0,0,0,0
106010,0,0,0,0,0,0,0
112011,0,0,0,0,0,0,0
9305249,1,1,0,0,1,0,0
9512317,0,0,0,0,0,0,0
211212,0,0,0,0,0,0,0
9706208,0,0,0,0,0,0,0
9302247,70,15,55,223,52,18,18
9304257,94,11,83,828,49,45,45
101118,13,3,10,23,0,13,99
9910291,36,3,33,113,2,34,185
9910417,10,4,6,9,4,6,18
9407406,16,4,12,23,16,0,0
203229,2,2,0,0,0,2,10
9609331,127,17,110,874,7,120,481
202205,13,2,11,25,0,13,65
6032,22,9,13,23,1,21,92
9505433,47,6,41,321,47,0,0
9703463,15,4,11,24,0,15,75
9808217,4,2,2,2,0,4,14
9602224,7,4,3,4,7,0,0
9211292,39,2,37,187,0,39,39
9607328,2,1,1,1,0,2,11
207280,0,0,0,0,0,0,0
1002,68,11,57,337,5,63,640
9603227,37,8,29,50,2,35,98
112334,10,6,4,10,2,8,31
9711396,239,6,233,3258,220,19,25
9410365,9,2,7,19,6,3,3
9611363,48,5,43,166,3,45,159
9801209,34,8,26,126,34,0,0
9511378,46,4,42,194,36,10,11
9407324,3,1,2,2,0,3,3
9711354,10,6,4,8,3,7,14
9712537,78,8,70,487,0,78,544
9812308,6,4,2,2,0,6,22
9610481,55,9,46,281,11,44,208
9207213,35,9,26,94,35,0,0
9808272,96,9,87,454,5,91,259
9905440,16,4,12,21,4,12,25
9505385,74,10,64,364,50,24,31
9308348,14,7,7,11,11,3,3
9412278,12,7,5,10,4,8,15
9503316,21,6,15,31,6,15,25
9609343,27,1,26,112,3,24,40
9707542,16,5,11,20,0,16,45
9306333,87,4,83,631,87,0,0
9711339,14,1,13,39,7,7,12
9511331,9,4,5,5,6,3,4
9704231,36,3,33,187,2,34,142
9502219,11,1,10,28,4,7,7
9712415,21,5,16,31,9,12,15
9209232,170,32,138,743,134,36,37
9501247,19,4,15,29,2,17,33
9502210,18,3,15,32,4,14,26
9810371,42,6,36,173,0,42,485
9602207,11,4,7,17,5,6,8
9709445,17,3,14,39,1,16,47
9808487,26,3,23,73,2,24,87
9506260,28,2,26,110,24,4,4
9711428,35,4,31,98,0,35,143
105253,10,3,7,18,0,10,95
9912264,34,3,31,140,3,31,100
9304307,65,9,56,247,65,0,0
9611204,21,3,18,54,0,21,66
9705307,44,5,39,163,3,41,276
2260,10,2,8,13,0,10,96
9606379,6,4,2,4,0,6,8
9409313,43,1,42,283,43,0,0
9212266,17,6,11,23,13,4,4
9909404,28,4,24,100,1,27,203
9506313,11,4,7,10,3,8,8
9811249,21,4,17,34,3,18,81
9705253,72,3,69,405,0,72,536
9612269,96,7,89,568,21,75,201
9703330,26,10,16,31,11,15,41
9504372,94,5,89,418,48,46,54
9603237,86,7,79,470,13,73,236
9804456,4,1,3,4,0,4,17
9508213,14,2,12,34,14,0,0
9208260,8,5,3,4,8,0,0
9512237,17,5,12,25,7,10,18
9506477,81,7,74,641,11,70,415
9707409,91,1,90,970,51,40,55
9212255,4,2,2,3,4,0,0
9706297,38,2,36,162,0,38,169
9506321,7,4,3,4,1,6,9
9311213,22,2,20,86,20,2,6
9706449,8,4,4,7,1,7,11
9602287,61,2,59,400,56,5,5
9603285,40,9,31,87,9,31,66
9604419,23,8,15,24,3,20,79
9609235,3,3,0,0,0,3,7
9303236,25,4,21,74,25,0,0
9912250,3,3,0,0,2,1,2
9407362,3,2,1,1,1,2,6
9611222,4,4,0,0,4,0,0
9702276,31,3,28,138,9,22,57
9505397,52,7,45,207,1,51,371
9610543,15,4,11,43,0,15,105
9607300,5,3,2,4,5,0,0
9406251,10,4,6,20,10,0,0
9501388,11,4,7,14,2,9,47
9711335,5,4,1,2,0,5,7
9403346,9,6,3,6,9,0,0
9210262,17,4,13,41,17,0,0
9801435,6,4,2,4,3,3,5
9910309,43,6,37,139,1,42,282
9308257,12,7,5,8,7,5,5
9810216,56,5,51,321,2,54,187
9307363,18,7,11,36,12,6,7
9205231,19,4,15,38,19,0,0
9701423,44,2,42,201,1,43,214
9802242,12,4,8,16,0,12,61
9706545,19,6,13,36,1,18,69
9910563,7,4,3,4,0,7,33
9612398,49,2,47,251,2,47,127
9806404,49,15,34,81,39,10,11
109135,9,2,7,18,0,9,116
9906551,52,4,48,413,1,51,514
9308283,14,5,9,12,1,13,39
9803341,10,1,9,35,0,10,29
9903292,24,5,19,41,2,22,68
202093,10,1,9,25,0,10,10
9906523,55,3,52,244,0,55,245
9510377,18,3,15,37,0,18,171
9810442,104,6,98,714,18,86,249
9411233,48,15,33,78,10,38,101
9612363,32,3,29,171,27,5,11
8058,28,4,24,81,0,28,76
9807269,28,6,22,85,0,28,140
9503210,19,5,14,34,6,13,18
9502336,40,14,26,76,23,17,17
9512383,42,7,35,129,1,41,121
9908378,12,2,10,25,1,11,95
9511292,45,2,43,233,22,23,36
9907207,4,4,0,0,1,3,21
9901358,37,6,31,185,0,37,86
9904292,26,3,23,73,3,23,54
9811355,6,2,4,8,0,6,27
102139,0,0,0,0,0,0,0
10153,4,2,2,2,4,0,0
9808346,13,6,7,8,2,11,32
9406339,44,8,36,199,6,38,53
9510238,8,1,7,23,0,8,23
6135,13,9,4,15,2,11,22
207310,6,1,5,6,0,6,18
9205233,12,4,8,19,12,0,0
9507377,7,2,5,10,2,5,5
9501407,50,3,47,265,9,41,74
9602206,17,6,11,23,0,17,152
9912482,14,5,9,16,3,11,47
9606464,9,2,7,23,1,8,13
4028,54,1,53,320,44,10,11
9911307,1,1,0,0,0,1,6
9704403,36,9,27,113,0,36,218
9208213,172,6,166,1247,172,0,0
9801246,23,4,19,68,0,23,93
9406390,51,6,45,255,19,32,57
9502399,24,2,22,82,2,22,58
9311225,16,3,13,28,14,2,2
9907427,10,2,8,19,0,10,38
4193,7,1,6,13,2,5,9
9909395,3,2,1,1,0,3,19
9504279,16,2,14,43,0,16,58
9803406,3,2,1,1,0,3,10
7142,34,5,29,171,1,33,249
9806522,4,1,3,3,4,0,0
9411338,42,2,40,147,17,25,26
9602316,3,2,1,2,2,1,1
2169,2,2,0,0,0,2,2
9907272,33,2,31,137,0,33,214
9912408,67,8,59,245,1,66,381
9604262,3,3,0,0,2,1,1
9604383,91,5,86,590,56,35,47
9905566,65,16,49,194,1,64,408
9511322,2,1,1,1,0,2,2
9193,4,1,3,3,0,4,17
9809429,11,3,8,11,1,10,75
201248,22,4,18,87,0,22,283
11176,6,1,5,8,0,6,20
9604317,144,2,142,1161,19,125,128
9501253,0,0,0,0,0,0,0
7267,7,3,4,8,0,7,45
103214,8,7,1,1,0,8,47
9911421,19,7,12,21,8,11,22
205247,3,2,1,1,0,3,34
9606212,20,4,16,84,2,18,109
9602439,15,2,13,33,1,14,36
9307226,14,5,9,12,10,4,4
9512220,43,4,39,155,7,36,85
9209296,19,2,17,81,19,0,0
9412365,4,2,2,2,0,4,14
9909386,6,5,1,2,0,6,27
105103,12,4,8,23,0,12,183
9903455,26,8,18,65,1,25,151
9401325,8,4,4,5,0,8,26
9505226,13,2,11,15,11,2,2
9808332,14,2,12,41,0,14,182
9406386,86,7,79,663,30,56,81
9404322,3,1,2,2,3,0,0
9608388,2,2,0,0,0,2,9
9503202,9,6,3,3,3,6,21
9601262,7,3,4,8,1,6,16
9702293,8,3,5,8,2,6,6
9407343,21,5,16,44,17,4,4
9209258,9,3,6,11,9,0,0
9708421,15,3,12,39,8,7,9
9707225,18,7,11,29,3,15,22
4115,48,9,39,130,1,47,565
9408235,2,1,1,1,2,0,0
9403217,4,2,2,2,4,0,0
9909286,10,5,5,6,4,6,8
9703420,46,4,42,167,2,44,116
9403251,5,3,2,2,4,1,1
4087,10,2,8,20,0,10,78
4018,8,1,7,19,0,8,41
9312213,5,5,0,0,2,3,11
9702274,44,9,35,94,37,7,8
103111,2,2,0,0,1,1,1
9907495,15,7,8,11,2,13,34
9802357,56,17,39,151,3,53,269
9409212,29,9,20,41,3,26,73
9609515,8,2,6,10,0,8,52
9310204,4,2,2,3,4,0,0
9811412,18,5,13,32,0,18,106
9401206,59,12,47,270,26,33,67
9404253,18,8,10,16,1,17,47
9707345,23,6,17,43,4,19,40
9601380,2,2,0,0,0,2,6
9401249,22,6,16,40,1,21,39
9512410,15,2,13,64,2,13,25
9609345,8,1,7,15,0,8,36
9607232,2,2,0,0,0,2,8
9709433,5,4,1,2,0,5,20
9703448,25,3,22,78,1,24,106
9412237,5,3,2,5,0,5,11
9608479,8,3,5,9,0,8,10
9707532,50,3,47,302,6,44,269
9211303,25,7,18,42,13,12,12
9410282,56,7,49,236,26,30,40
9702378,14,1,13,48,14,0,0
9705266,4,4,0,0,1,3,7
9609457,6,4,2,2,1,5,11
106149,20,5,15,44,0,20,95
5007,34,7,27,109,1,33,255
105105,13,7,6,12,0,13,67
5179,1,1,0,0,0,1,7
9802239,25,5,20,63,2,23,61
9311284,24,1,23,127,24,0,0
9509347,9,6,3,3,1,8,17
9806210,4,1,3,4,0,4,4
5248,20,10,10,14,1,19,52
9807376,1,1,0,0,1,0,0
4127,16,3,13,42,0,16,133
9310228,72,15,57,264,9,63,63
9612353,17,1,16,50,0,17,111
9501349,5,4,1,1,0,5,24
104317,13,6,7,18,0,13,177
9603413,5,1,4,5,2,3,4
9709498,3,3,0,0,0,3,4
3262,14,2,12,32,2,12,31
9305315,28,7,21,102,28,0,0
9308276,38,8,30,119,32,6,6
9903337,30,12,18,49,4,26,119
9311368,13,6,7,19,13,0,0
9909472,8,2,6,16,2,6,27
9907432,25,8,17,42,2,23,246
9911522,2,1,1,1,0,2,8
103256,24,8,16,52,0,24,292
2141,11,3,8,27,3,8,54
106034,8,4,4,4,0,8,60
9712393,5,2,3,4,5,0,0
9309336,6,3,3,3,6,0,0
9804379,40,6,34,142,1,39,236
9510443,8,3,5,11,0,8,36
4139,23,2,21,66,3,20,54
9912407,15,3,12,27,0,15,89
206310,6,2,4,4,1,5,29
4209,4,2,2,5,1,3,8
9806539,5,4,1,1,0,5,11
107188,3,2,1,1,0,3,10
9612349,3,1,2,2,0,3,86
101257,9,2,7,10,0,9,79
9903534,10,7,3,4,1,9,41
9409381,7,2,5,7,7,0,0
9606208,6,3,3,6,0,6,12
9702289,3,2,1,1,2,1,4
9602218,15,5,10,14,1,14,90
10012,7,2,5,6,3,4,4
9803419,10,4,6,14,3,7,19
9305284,24,1,23,69,24,0,0
9403410,3,1,2,3,3,0,0
108268,12,5,7,15,1,11,47
9612329,8,3,5,12,8,0,0
7279,4,3,1,2,1,3,12
9505268,2,1,1,1,2,0,0
9310279,18,1,17,68,18,0,0
9909496,8,4,4,7,0,8,34
9711263,1,1,0,0,0,1,4
9410309,11,3,8,26,11,0,0
9804321,13,6,7,12,13,0,0
109003,2,1,1,1,0,2,12
9510462,2,1,1,1,0,2,5
9305297,1,1,0,0,1,0,0
5064,13,4,9,24,0,13,96
106075,2,1,1,1,0,2,7
9811363,28,5,23,115,1,27,180
209263,1,1,0,0,0,1,6
9812525,12,3,9,16,4,8,24
5088,1,1,0,0,1,0,0
9805432,4,2,2,3,1,3,5
9707250,5,3,2,3,0,5,24
202107,13,2,11,13,0,13,60
9706472,5,2,3,4,5,0,0
101092,7,3,4,5,0,7,20
9205210,22,12,10,31,22,0,0
8005,5,4,1,1,0,5,43
9712381,1,1,0,0,0,1,4
9301232,24,4,20,62,0,24,24
9901381,15,5,10,22,15,0,0
9611449,7,3,4,7,0,7,15
9806299,17,4,13,32,0,17,114
9912528,2,2,0,0,1,1,2
9903484,3,3,0,0,0,3,5
210251,5,5,0,0,0,5,63
9906413,5,1,4,5,0,5,19
9305219,11,3,8,27,0,11,19
103110,6,3,3,5,1,5,16
9601365,14,1,13,42,0,14,123
9709342,8,5,3,5,8,0,0
9605434,29,4,25,109,3,26,47
9707464,15,2,13,33,11,4,4
107005,6,5,1,1,0,6,43
5321,23,2,21,69,0,23,75
9812499,17,4,13,36,1,16,50
102091,1,1,0,0,0,1,10
108001,4,3,1,1,3,1,12
9701336,17,4,13,24,8,9,23
2072,26,3,23,125,10,16,37
9912534,2,2,0,0,0,2,6
105212,19,5,14,34,0,19,48
107313,11,2,9,33,0,11,11
9501280,8,3,5,8,1,7,11
9710522,0,0,0,0,0,0,0
9408252,1,1,0,0,0,1,2
9510425,6,1,5,8,0,6,28
9511407,15,2,13,35,0,15,76
9903288,11,2,9,17,2,9,20
9806434,6,2,4,9,0,6,30
107199,6,1,5,10,0,6,43
9608226,2,2,0,0,0,2,8
9401307,2,2,0,0,2,0,0
9610523,2,1,1,1,0,2,6
5029,10,2,8,14,3,7,7
9710380,13,2,11,26,0,13,72
9802421,7,4,3,4,0,7,51
9612355,4,3,1,2,0,4,17
9911535,10,4,6,10,5,5,8
9907500,7,2,5,10,1,6,23
203132,2,2,0,0,1,1,2
9405382,5,4,1,2,0,5,15
9806231,1,1,0,0,0,1,12
9709448,2,2,0,0,1,1,4
9603313,9,3,6,20,0,9,28
9807322,2,1,1,1,0,2,2
9809321,43,1,42,370,34,9,9
9402341,24,3,21,84,24,0,0
9501286,0,0,0,0,0,0,0
9609220,3,3,0,0,0,3,8
7246,5,2,3,3,2,3,16
9604394,1,1,0,0,1,0,0
203163,2,2,0,0,0,2,3
9406321,5,3,2,5,4,1,2
9237,23,7,16,50,0,23,125
9811274,1,1,0,0,0,1,4
9610418,5,1,4,6,0,5,5
9508311,8,5,3,4,2,6,11
9709214,17,4,13,42,8,9,11
9810325,3,2,1,1,1,2,6
9809513,11,1,10,24,0,11,65
9806305,51,10,41,172,4,47,264
3242,9,5,4,7,0,9,47
204010,1,1,0,0,0,1,8
8022,14,5,9,21,0,14,53
4066,16,4,12,26,4,12,21
9408360,3,2,1,1,3,0,0
9712303,2,1,1,1,0,2,4
9809312,9,4,5,9,4,5,5
9709477,1,1,0,0,1,0,0
9707218,5,2,3,3,1,4,6
9405310,1,1,0,0,0,1,1
112355,0,0,0,0,0,0,0
9612384,5,2,3,4,1,4,11
9805207,6,3,3,3,0,6,14
9712262,0,0,0,0,0,0,0
9503330,1,1,0,0,0,1,2
9908224,6,1,5,14,0,6,8
4227,12,1,11,44,0,12,74
9812514,10,1,9,28,0,10,36
9807560,4,4,0,0,1,3,13
102281,4,4,0,0,1,3,11
1330,7,6,1,1,0,7,12
9905380,1,1,0,0,0,1,3
9502322,2,2,0,0,0,2,2
9605230,18,6,12,32,0,18,74
9401272,12,3,9,21,0,12,35
111179,0,0,0,0,0,0,0
207253,1,1,0,0,0,1,10
9306252,5,4,1,1,0,5,10
9808480,3,2,1,2,0,3,25
9710296,1,1,0,0,0,1,1
302192,0,0,0,0,0,0,0
9601203,6,5,1,2,0,6,12
9606308,3,2,1,1,0,3,3
211374,0,0,0,0,0,0,0
9510267,11,3,8,19,11,0,0
9507310,2,1,1,1,0,2,2
9804392,1,1,0,0,0,1,1
108055,3,3,0,0,1,2,6
108098,22,7,15,48,0,22,124
9903380,3,2,1,2,3,0,0
107206,16,5,11,41,0,16,151
209244,5,2,3,4,0,5,62
8087,3,2,1,1,0,3,16
9902416,3,2,1,2,0,3,21
9206,13,5,8,16,3,10,53
9803286,7,1,6,11,4,3,4
9701374,4,2,2,3,0,4,13
9406316,18,6,12,40,3,15,25
9083,3,3,0,0,1,2,9
9908300,5,3,2,4,0,5,26
9503461,7,3,4,9,1,6,17
9605237,9,4,5,12,1,8,12
9712496,14,2,12,23,3,11,48
9505421,5,3,2,2,5,0,0
9804451,15,4,11,33,1,14,52
106203,5,4,1,2,0,5,29
9706491,3,1,2,3,0,3,10
9906298,8,8,0,0,3,5,12
102120,1,1,0,0,0,1,6
9511387,9,4,5,7,0,9,39
103208,11,4,7,9,6,5,6
9511231,0,0,0,0,0,0,0
9701299,4,3,1,1,0,4,11
6310,3,3,0,0,0,3,6
9906339,3,2,1,1,0,3,17
203265,2,1,1,1,1,1,2
9301264,1,1,0,0,1,0,0
207080,15,7,8,19,0,15,140
10178,29,6,23,73,18,11,17
9406432,13,3,10,40,13,0,0
9908293,0,0,0,0,0,0,0
210265,0,0,0,0,0,0,0
9212310,6,2,4,4,6,0,0
12088,7,2,5,8,1,6,40
205022,19,5,14,40,0,19,154
1189,6,3,3,3,0,6,8
9901405,14,2,12,30,0,14,70
9262,3,2,1,1,0,3,16
9706234,2,1,1,1,0,2,11
112073,0,0,0,0,0,0,0
9405262,28,3,25,120,28,0,0
208243,0,0,0,0,0,0,0
9909241,3,2,1,1,2,1,1
2211,5,1,4,9,0,5,29
9405295,2,2,0,0,0,2,6
9406317,9,1,8,23,9,0,0
9912249,9,6,3,9,0,9,94
9802407,11,5,6,14,1,10,97
9038,11,2,9,22,1,10,19
9801427,0,0,0,0,0,0,0
302222,0,0,0,0,0,0,0
206064,1,1,0,0,0,1,1
107089,4,3,1,1,3,1,1
9808341,3,3,0,0,0,3,32
9702206,3,2,1,1,0,3,18
9602341,5,2,3,3,0,5,18
6063,2,1,1,1,0,2,9
9610230,5,2,3,5,0,5,34
9307357,1,1,0,0,1,0,0
12353,2,1,1,1,0,2,6
9702254,0,0,0,0,0,0,0
9411293,2,1,1,1,0,2,4
12259,18,2,16,42,3,15,221
107204,4,3,1,1,0,4,43
211292,1,1,0,0,0,1,4
9508301,4,1,3,6,4,0,0
9602285,3,2,1,1,0,3,7
9612256,6,1,5,11,0,6,22
9509297,3,2,1,2,1,2,2
201069,2,1,1,1,0,2,4
9810388,6,3,3,4,2,4,11
9807515,7,2,5,11,0,7,25
111037,1,1,0,0,0,1,16
207219,2,1,1,1,0,2,11
9502373,4,2,2,3,1,3,6
9411345,1,1,0,0,1,0,0
9710241,2,1,1,1,1,1,1
9708404,1,1,0,0,1,0,0
106256,2,2,0,0,0,2,3
9712483,22,6,16,33,5,17,56
9706425,0,0,0,0,0,0,0
9511318,5,4,1,1,5,0,0
9911203,11,2,9,15,6,5,10
9706399,8,7,1,1,0,8,31
9411328,4,3,1,1,0,4,12
205230,6,2,4,4,0,6,25
9905365,2,2,0,0,0,2,11
9611228,4,3,1,2,0,4,26
203199,1,1,0,0,0,1,5
9508260,0,0,0,0,0,0,0
9309313,2,1,1,1,2,0,0
9606434,1,1,0,0,0,1,6
9709402,1,1,0,0,0,1,2
9702312,3,3,0,0,0,3,14
9603391,1,1,0,0,1,0,0
9910361,1,1,0,0,0,1,1
9906518,2,2,0,0,1,1,2
9901324,5,5,0,0,0,5,27
2266,5,1,4,7,5,0,0
9606222,8,7,1,1,8,0,0
9310268,1,1,0,0,1,0,0
9405412,4,4,0,0,1,3,7
9311216,6,3,3,4,6,0,0
9705246,4,3,1,1,2,2,4
9412331,1,1,0,0,0,1,1
9607357,1,1,0,0,0,1,1
9807442,20,5,15,51,0,20,86
9608290,0,0,0,0,0,0,0
8280,8,3,5,7,0,8,134
9801226,6,2,4,7,4,2,3
9706319,0,0,0,0,0,0,0
9507467,4,3,1,1,2,2,2
9712442,3,3,0,0,1,2,16
9807330,4,4,0,0,2,2,2
9404360,1,1,0,0,0,1,4
9512306,1,1,0,0,0,1,3
9706421,11,4,7,9,0,11,42
301062,1,1,0,0,0,1,10
103308,7,1,6,12,0,7,80
205254,7,4,3,4,0,7,67
9811211,1,1,0,0,0,1,2
9804236,1,1,0,0,0,1,3
1033,5,2,3,6,0,5,86
204353,4,2,2,2,0,4,8
9305235,0,0,0,0,0,0,0
5041,1,1,0,0,0,1,1
9606483,10,1,9,28,1,9,25
9603259,3,2,1,1,2,1,1
9612458,6,1,5,6,0,6,20
104072,4,3,1,1,0,4,21
9406426,3,3,0,0,1,2,2
9804266,1,1,0,0,0,1,8
9704451,1,1,0,0,0,1,2
9702308,3,2,1,1,2,1,2
9709309,0,0,0,0,0,0,0
9410355,3,3,0,0,3,0,0
9905488,3,2,1,1,0,3,12
109025,2,2,0,0,0,2,6
9805205,1,1,0,0,0,1,1
9212300,1,1,0,0,1,0,0
9704364,7,3,4,4,0,7,18
9901439,8,2,6,10,0,8,24
106218,1,1,0,0,0,1,4
9302320,1,1,0,0,1,0,0
203061,2,2,0,0,0,2,18
9512381,11,3,8,18,11,0,0
9702411,3,2,1,1,0,3,6
9712476,13,4,9,24,2,11,36
9710495,2,2,0,0,0,2,4
9802293,1,1,0,0,0,1,2
9301241,2,1,1,1,2,0,0
212092,4,1,3,4,0,4,41
9505232,6,2,4,6,3,3,5
108222,7,2,5,12,0,7,94
7030,0,0,0,0,0,0,0
9409266,1,1,0,0,1,0,0
9405344,1,1,0,0,0,1,4
9507311,6,2,4,4,4,2,3
202109,6,1,5,11,0,6,10
9510373,4,4,0,0,3,1,1
8115,3,1,2,2,0,3,5
9506308,3,2,1,1,1,2,3
103102,6,4,2,2,1,5,20
9812323,0,0,0,0,0,0,0
204118,2,1,1,1,2,0,0
9702256,9,3,6,14,2,7,9
9606406,5,3,2,2,0,5,12
9908510,2,2,0,0,0,2,12
103212,2,1,1,1,0,2,4
9807472,21,3,18,100,3,18,79
5136,4,3,1,2,0,4,14
12061,1,1,0,0,1,0,0
9805278,2,2,0,0,0,2,8
210146,6,4,2,5,0,6,79
107015,2,2,0,0,1,1,8
103076,1,1,0,0,0,1,5
9812394,1,1,0,0,1,0,0
9503444,2,1,1,1,2,0,0
9502333,0,0,0,0,0,0,0
9408261,9,2,7,13,9,0,0
9504425,1,1,0,0,1,0,0
105347,3,3,0,0,0,3,20
110156,4,2,2,3,1,3,5
9802326,0,0,0,0,0,0,0
9910358,0,0,0,0,0,0,0
1006,1,1,0,0,1,0,0
112063,3,1,2,2,0,3,16
8242,6,2,4,4,0,6,15
9908379,2,2,0,0,0,2,6
1305,0,0,0,0,0,0,0
101237,0,0,0,0,0,0,0
1308,7,2,5,6,0,7,28
9903313,1,1,0,0,1,0,0
207248,2,2,0,0,0,2,16
9308231,0,0,0,0,0,0,0
203041,4,1,3,4,0,4,72
107102,2,2,0,0,0,2,4
9610393,1,1,0,0,1,0,0
9912352,1,1,0,0,0,1,5
9311299,3,3,0,0,1,2,7
101173,0,0,0,0,0,0,0
9210245,6,4,2,2,6,0,0
9612275,2,2,0,0,2,0,0
9401239,2,1,1,1,0,2,2
5084,0,0,0,0,0,0,0
203260,1,1,0,0,1,0,0
5164,6,5,1,1,0,6,22
9711299,5,4,1,1,5,0,0
8066,5,1,4,6,0,5,8
9706250,1,1,0,0,0,1,2
109279,2,2,0,0,0,2,6
9908473,9,2,7,29,2,7,22
9902236,8,1,7,11,0,8,23
206208,4,1,3,4,0,4,44
7284,2,2,0,0,2,0,0
9907437,5,3,2,2,0,5,11
302165,0,0,0,0,0,0,0
9510426,1,1,0,0,0,1,6
7144,5,3,2,3,1,4,4
1326,0,0,0,0,0,0,0
9907351,1,1,0,0,0,1,1
9712328,3,2,1,2,0,3,3
9611353,8,3,5,8,2,6,6
9406393,2,1,1,1,2,0,0
11107,4,3,1,1,0,4,6
9507340,4,3,1,1,2,2,2
106180,3,3,0,0,0,3,10
104096,6,1,5,7,2,4,11
9511411,3,3,0,0,0,3,8
109228,3,2,1,1,0,3,7
9511364,1,1,0,0,1,0,0
9809571,4,1,3,4,0,4,19
9902342,5,3,2,3,5,0,0
9508263,7,5,2,2,0,7,17
9708233,1,1,0,0,1,0,0
9804304,18,1,17,77,1,17,140
9703231,0,0,0,0,0,0,0
9708468,1,1,0,0,0,1,3
111357,9,2,7,15,0,9,115
11072,0,0,0,0,0,0,0
9803260,0,0,0,0,0,0,0
112058,1,1,0,0,0,1,3
206138,4,1,3,5,0,4,14
111338,3,3,0,0,0,3,32
9308366,2,1,1,1,2,0,0
9911400,3,3,0,0,3,0,0
9711464,1,1,0,0,0,1,3
9909258,2,1,1,1,0,2,12
110021,0,0,0,0,0,0,0
2145,1,1,0,0,1,0,0
9405227,1,1,0,0,0,1,1
112248,0,0,0,0,0,0,0
9912303,1,1,0,0,0,1,1
206178,4,3,1,1,2,2,8
104124,2,1,1,1,0,2,4
202153,2,2,0,0,0,2,6
9309311,0,0,0,0,0,0,0
9405417,0,0,0,0,0,0,0
109248,2,1,1,1,0,2,31
9908284,7,1,6,18,7,0,0
107219,19,7,12,18,4,15,37
9504209,2,1,1,1,1,1,1
10092,2,2,0,0,0,2,5
9804413,4,3,1,1,0,4,11
9805394,4,3,1,1,0,4,10
9811207,0,0,0,0,0,0,0
206004,3,3,0,0,0,3,10
212273,0,0,0,0,0,0,0
202156,2,2,0,0,1,1,1
9203212,1,1,0,0,1,0,0
3104,0,0,0,0,0,0,0
202135,2,1,1,1,0,2,14
206098,1,1,0,0,0,1,3
210159,0,0,0,0,0,0,0
1149,3,2,1,1,1,2,2
8077,0,0,0,0,0,0,0
12359,1,1,0,0,1,0,0
112088,4,4,0,0,0,4,37
205280,2,1,1,1,0,2,9
9511439,0,0,0,0,0,0,0
10152,1,1,0,0,1,0,0
9812530,4,1,3,6,0,4,37
9610351,0,0,0,0,0,0,0
9503282,3,2,1,1,0,3,11
9712544,0,0,0,0,0,0,0
206237,5,3,2,2,0,5,8
111427,8,3,5,6,8,0,0
2275,2,2,0,0,2,0,0
9812262,0,0,0,0,0,0,0
212406,1,1,0,0,0,1,8
9607367,2,1,1,1,0,2,2
9511421,0,0,0,0,0,0,0
7345,1,1,0,0,0,1,4
9712481,0,0,0,0,0,0,0
5281,2,1,1,1,0,2,2
3266,1,1,0,0,0,1,3
9808342,3,3,0,0,2,1,1
9806532,0,0,0,0,0,0,0
7121,3,2,1,1,1,2,6
7016,1,1,0,0,0,1,10
9608476,1,1,0,0,0,1,1
105170,2,2,0,0,1,1,9
9511297,2,1,1,1,2,0,0
12069,2,1,1,1,0,2,2
112329,7,3,4,9,0,7,49
101203,0,0,0,0,0,0,0
5115,5,5,0,0,0,5,11
9709277,3,2,1,1,0,3,10
208121,3,2,1,1,0,3,27
302085,0,0,0,0,0,0,0
104272,0,0,0,0,0,0,0
1066,0,0,0,0,0,0,0
203036,0,0,0,0,0,0,0
9902282,1,1,0,0,1,0,0
9609516,0,0,0,0,0,0,0
207138,0,0,0,0,0,0,0
101313,0,0,0,0,0,0,0
9611266,0,0,0,0,0,0,0
9504384,1,1,0,0,0,1,7
9906288,2,2,0,0,2,0,0
9307296,2,1,1,1,2,0,0
110137,1,1,0,0,0,1,1
9506413,1,1,0,0,1,0,0
211261,0,0,0,0,0,0,0
9810497,0,0,0,0,0,0,0
210431,1,1,0,0,0,1,13
111360,0,0,0,0,0,0,0
208265,2,2,0,0,0,2,9
201002,3,2,1,1,0,3,6
9503385,2,2,0,0,1,1,1
9503211,0,0,0,0,0,0,0
9710385,2,2,0,0,0,2,8
106253,3,1,2,3,0,3,31
9708274,3,1,2,2,1,2,5
205054,1,1,0,0,0,1,1
9808228,1,1,0,0,1,0,0
207129,3,2,1,1,0,3,8
104014,4,1,3,6,0,4,11
9903228,2,2,0,0,0,2,3
202125,2,1,1,1,0,2,23
9189,0,0,0,0,0,0,0
103233,4,4,0,0,3,1,1
9911403,0,0,0,0,0,0,0
209016,0,0,0,0,0,0,0
2254,0,0,0,0,0,0,0
9810365,0,0,0,0,0,0,0
9407210,0,0,0,0,0,0,0
9609356,0,0,0,0,0,0,0
102311,1,1,0,0,0,1,1
9408247,2,2,0,0,2,0,0
109076,2,2,0,0,0,2,6
9901270,0,0,0,0,0,0,0
102079,2,2,0,0,0,2,10
9508310,0,0,0,0,0,0,0
9711273,1,1,0,0,1,0,0
6004,1,1,0,0,0,1,7
9309213,2,2,0,0,2,0,0
9506246,0,0,0,0,0,0,0
9612242,1,1,0,0,0,1,1
9705408,7,1,6,12,7,0,0
211440,0,0,0,0,0,0,0
9912225,3,1,2,3,0,3,13
108196,1,1,0,0,0,1,1
9901444,5,1,4,5,2,3,8
302271,0,0,0,0,0,0,0
9711372,0,0,0,0,0,0,0
109050,1,1,0,0,1,0,0
5175,0,0,0,0,0,0,0
9810224,1,1,0,0,0,1,12
9402255,1,1,0,0,1,0,0
11391,0,0,0,0,0,0,0
209350,0,0,0,0,0,0,0
9806473,1,1,0,0,0,1,6
101116,1,1,0,0,0,1,4
9505280,1,1,0,0,0,1,3
109252,0,0,0,0,0,0,0
6287,0,0,0,0,0,0,0
9602261,1,1,0,0,0,1,2
9912365,2,1,1,1,2,0,0
9701340,2,2,0,0,1,1,1
9606366,2,1,1,1,0,2,2
3040,2,2,0,0,1,1,1
9611456,6,2,4,5,2,4,4
207046,1,1,0,0,1,0,0
208108,1,1,0,0,0,1,2
106268,0,0,0,0,0,0,0
9706359,1,1,0,0,0,1,1
2248,0,0,0,0,0,0,0
210377,0,0,0,0,0,0,0
2291,0,0,0,0,0,0,0
211155,2,2,0,0,0,2,7
210396,1,1,0,0,0,1,4
12111,0,0,0,0,0,0,0
9601207,0,0,0,0,0,0,0
9811449,0,0,0,0,0,0,0
211221,1,1,0,0,0,1,2
9910264,0,0,0,0,0,0,0
9810346,0,0,0,0,0,0,0
9411221,0,0,0,0,0,0,0
9712456,2,2,0,0,0,2,2
12172,0,0,0,0,0,0,0
9803350,1,1,0,0,0,1,2
105162,2,2,0,0,0,2,6
9710472,1,1,0,0,0,1,2
2137,5,3,2,2,0,5,19
9604366,9,7,2,3,9,0,0
9810379,0,0,0,0,0,0,0
9310234,5,1,4,5,5,0,0
206215,3,1,2,3,0,3,13
206002,1,1,0,0,0,1,1
111408,0,0,0,0,0,0,0
3206,0,0,0,0,0,0,0
9910421,4,1,3,6,0,4,4
9612360,0,0,0,0,0,0,0
110295,0,0,0,0,0,0,0
9512332,0,0,0,0,0,0,0
110333,4,3,1,1,0,4,22
9702422,0,0,0,0,0,0,0
9910318,0,0,0,0,0,0,0
9411389,0,0,0,0,0,0,0
103277,2,1,1,1,2,0,0
9307206,2,1,1,1,2,0,0
9235,3,2,1,1,1,2,13
9612466,2,2,0,0,1,1,1
110342,1,1,0,0,0,1,2
3043,1,1,0,0,0,1,3
201024,0,0,0,0,0,0,0
9902468,0,0,0,0,0,0,0
212294,0,0,0,0,0,0,0
212038,0,0,0,0,0,0,0
2174,1,1,0,0,1,0,0
9705238,0,0,0,0,0,0,0
205110,0,0,0,0,0,0,0
9807370,0,0,0,0,0,0,0
104138,0,0,0,0,0,0,0
110413,1,1,0,0,0,1,2
2018,0,0,0,0,0,0,0
112080,0,0,0,0,0,0,0
7163,3,2,1,1,0,3,38
208180,0,0,0,0,0,0,0
9504254,1,1,0,0,0,1,1
9911538,1,1,0,0,1,0,0
102205,0,0,0,0,0,0,0
105315,0,0,0,0,0,0,0
212093,2,2,0,0,0,2,8
9411391,0,0,0,0,0,0,0
9509340,0,0,0,0,0,0,0
108011,0,0,0,0,0,0,0
9812243,2,2,0,0,2,0,0
9611303,0,0,0,0,0,0,0
212311,0,0,0,0,0,0,0
9308314,0,0,0,0,0,0,0
205161,2,2,0,0,0,2,15
1240,2,2,0,0,2,0,0
3120,0,0,0,0,0,0,0
202169,1,1,0,0,0,1,2
9807412,1,1,0,0,0,1,7
9407369,0,0,0,0,0,0,0
9706302,0,0,0,0,0,0,0
208148,1,1,0,0,1,0,0
210149,1,1,0,0,0,1,7
9908509,0,0,0,0,0,0,0
9705338,1,1,0,0,1,0,0
9809295,0,0,0,0,0,0,0
207094,1,1,0,0,0,1,1
9905384,0,0,0,0,0,0,0
9905563,0,0,0,0,0,0,0
207207,0,0,0,0,0,0,0
10258,0,0,0,0,0,0,0
9806463,0,0,0,0,0,0,0
5091,1,1,0,0,0,1,4
9704340,0,0,0,0,0,0,0
9505365,0,0,0,0,0,0,0
207063,0,0,0,0,0,0,0
9909320,0,0,0,0,0,0,0
6055,0,0,0,0,0,0,0
204230,1,1,0,0,0,1,4
211094,0,0,0,0,0,0,0
212080,0,0,0,0,0,0,0
5205,0,0,0,0,0,0,0
6170,0,0,0,0,0,0,0
9119,0,0,0,0,0,0,0
9705325,0,0,0,0,0,0,0
9407300,0,0,0,0,0,0,0
204197,0,0,0,0,0,0,0
9708202,0,0,0,0,0,0,0
201185,0,0,0,0,0,0,0
211191,0,0,0,0,0,0,0
208147,0,0,0,0,0,0,0
105044,1,1,0,0,1,0,0
212074,0,0,0,0,0,0,0
9911285,0,0,0,0,0,0,0
210354,0,0,0,0,0,0,0
9703309,0,0,0,0,0,0,0
207176,0,0,0,0,0,0,0
106172,0,0,0,0,0,0,0
205087,0,0,0,0,0,0,0
9901248,3,2,1,1,2,1,1
201165,0,0,0,0,0,0,0
202080,0,0,0,0,0,0,0
9077,3,1,2,3,0,3,18
207027,1,1,0,0,0,1,5
9512376,1,1,0,0,0,1,1
211119,0,0,0,0,0,0,0
9605333,0,0,0,0,0,0,0
9305210,0,0,0,0,0,0,0
211324,0,0,0,0,0,0,0
11024,1,1,0,0,0,1,6
204217,0,0,0,0,0,0,0
105135,0,0,0,0,0,0,0
204199,0,0,0,0,0,0,0
9409214,0,0,0,0,0,0,0
106338,0,0,0,0,0,0,0
8166,0,0,0,0,0,0,0
102045,0,0,0,0,0,0,0
11087,0,0,0,0,0,0,0
9707350,1,1,0,0,1,0,0
9712529,0,0,0,0,0,0,0
9708375,0,0,0,0,0,0,0
212153,0,0,0,0,0,0,0
9908302,0,0,0,0,0,0,0
2069,0,0,0,0,0,0,0
102202,0,0,0,0,0,0,0
9507214,1,1,0,0,0,1,7
207272,1,1,0,0,0,1,5
9098,0,0,0,0,0,0,0
9912259,0,0,0,0,0,0,0
9907429,1,1,0,0,0,1,3
1197,0,0,0,0,0,0,0
9910467,0,0,0,0,0,0,0
9512422,0,0,0,0,0,0,0
9608334,0,0,0,0,0,0,0
9809326,0,0,0,0,0,0,0
104012,0,0,0,0,0,0,0
9305313,0,0,0,0,0,0,0
111397,0,0,0,0,0,0,0
302156,0,0,0,0,0,0,0
107026,1,1,0,0,0,1,9
212221,0,0,0,0,0,0,0
8244,0,0,0,0,0,0,0
9708289,0,0,0,0,0,0,0
101242,0,0,0,0,0,0,0
201279,0,0,0,0,0,0,0
209162,0,0,0,0,0,0,0
9909533,0,0,0,0,0,0,0
9803436,0,0,0,0,0,0,0
302184,1,1,0,0,0,1,10
11278,1,1,0,0,1,0,0
6033,1,1,0,0,0,1,9
111191,0,0,0,0,0,0,0
211260,0,0,0,0,0,0,0
209276,0,0,0,0,0,0,0
206281,0,0,0,0,0,0,0
9809373,0,0,0,0,0,0,0
9904508,0,0,0,0,0,0,0
9906306,0,0,0,0,0,0,0
111347,0,0,0,0,0,0,0
212326,0,0,0,0,0,0,0
9912454,2,1,1,1,2,0,0
104156,0,0,0,0,0,0,0
301147,0,0,0,0,0,0,0
301198,0,0,0,0,0,0,0
212014,0,0,0,0,0,0,0
301058,1,1,0,0,0,1,4
111248,0,0,0,0,0,0,0
9906217,0,0,0,0,0,0,0
9908405,0,0,0,0,0,0,0
106209,0,0,0,0,0,0,0
12130,0,0,0,0,0,0,0
211184,0,0,0,0,0,0,0
107155,0,0,0,0,0,0,0
9510411,0,0,0,0,0,0,0
209356,0,0,0,0,0,0,0
9904503,0,0,0,0,0,0,0
9809400,1,1,0,0,1,0,0
9607364,0,0,0,0,0,0,0
201013,0,0,0,0,0,0,0
12048,0,0,0,0,0,0,0
202108,0,0,0,0,0,0,0
9902248,0,0,0,0,0,0,0
301144,0,0,0,0,0,0,0
209198,0,0,0,0,0,0,0
202187,0,0,0,0,0,0,0
9705247,0,0,0,0,0,0,0
102340,0,0,0,0,0,0,0
9912444,1,1,0,0,0,1,2
6095,1,1,0,0,1,0,0
204157,0,0,0,0,0,0,0
211087,0,0,0,0,0,0,0
9311377,0,0,0,0,0,0,0
9701211,0,0,0,0,0,0,0
12133,0,0,0,0,0,0,0
9506249,0,0,0,0,0,0,0
301211,0,0,0,0,0,0,0
106349,0,0,0,0,0,0,0
9610314,0,0,0,0,0,0,0
9504298,0,0,0,0,0,0,0
9403299,0,0,0,0,0,0,0
204195,0,0,0,0,0,0,0
9708379,0,0,0,0,0,0,0
211453,0,0,0,0,0,0,0
9604307,0,0,0,0,0,0,0
202118,0,0,0,0,0,0,0
9801289,0,0,0,0,0,0,0
3156,2,1,1,1,2,0,0
9503389,1,1,0,0,1,0,0
9808310,0,0,0,0,0,0,0
9310366,0,0,0,0,0,0,0
9806338,0,0,0,0,0,0,0
206114,0,0,0,0,0,0,0
301086,0,0,0,0,0,0,0
103285,0,0,0,0,0,0,0
9912285,0,0,0,0,0,0,0
212363,0,0,0,0,0,0,0
301053,0,0,0,0,0,0,0
12181,0,0,0,0,0,0,0
210203,0,0,0,0,0,0,0
211126,0,0,0,0,0,0,0
108088,0,0,0,0,0,0,0
9309288,0,0,0,0,0,0,0
201116,0,0,0,0,0,0,0
11151,0,0,0,0,0,0,0
9802233,0,0,0,0,0,0,0
203013,0,0,0,0,0,0,0
9603375,0,0,0,0,0,0,0
9207248,1,1,0,0,1,0,0
9811269,0,0,0,0,0,0,0
9702231,0,0,0,0,0,0,0
9501357,63,11,52,180,7,56,152
9406263,22,4,18,47,14,8,20
102012,7,3,4,9,0,7,60
9911250,5,1,4,6,1,4,13
10222,9,4,5,15,7,2,3
9509329,26,6,20,52,2,24,210
204087,12,3,9,14,5,7,20
9704448,108,21,87,474,33,75,239
203206,5,3,2,2,5,0,0
7160,5,2,3,3,1,4,9
9506351,21,2,19,54,15,6,10
9704244,26,2,24,79,10,16,30
9808400,23,3,20,79,3,20,45
9710237,11,3,8,18,5,6,6
9305232,35,3,32,98,3,32,32
9608269,14,3,11,25,1,13,37
9702325,7,4,3,4,1,6,8
12109,8,4,4,10,2,6,11
9705340,3,2,1,1,0,3,10
202199,4,3,1,1,0,4,39
9803386,5,3,2,3,1,4,4
9502370,5,3,2,4,4,1,1
9611445,14,2,12,23,0,14,57
9401357,8,5,3,4,5,3,3
9601306,30,1,29,145,30,0,0
9408315,14,3,11,24,2,12,37
9803449,2,1,1,1,0,2,4
9801327,9,1,8,14,3,6,18
9505402,31,2,29,186,9,22,86
9606360,34,3,31,113,30,4,4
9212204,25,6,19,66,25,0,0
9808296,57,1,56,370,0,57,358
9905470,16,2,14,23,0,16,154
9507371,31,5,26,87,1,30,75
9606226,12,6,6,12,12,0,0
9502263,20,4,16,45,0,20,46
9505334,30,3,27,84,30,0,0
9712291,25,2,23,93,0,25,70
9708213,16,2,14,45,3,13,53
9309223,103,8,95,753,87,16,17
9306255,3,2,1,1,3,0,0
9504338,3,2,1,1,0,3,3
9707235,54,6,48,229,2,52,228
9506319,6,2,4,6,0,6,19
9209205,121,20,101,400,121,0,0
9210240,38,17,21,63,35,3,3
9501325,21,7,14,26,0,21,76
9505347,20,7,13,18,0,20,63
9811498,40,4,36,174,0,40,271
9606251,61,2,59,494,1,60,164
9712219,8,5,3,3,0,8,115
9910211,17,1,16,42,3,14,33
9507460,42,4,38,223,3,39,280
9804393,13,6,7,11,1,12,52
108240,19,1,18,44,0,19,163
9912294,4,2,2,3,1,3,5
9309299,16,3,13,53,7,9,9
9611229,21,6,15,50,1,20,79
9706235,24,3,21,64,3,21,101
3119,26,3,23,84,0,26,307
9607481,9,5,4,9,4,5,5
9607214,47,4,43,275,13,34,73
9304225,290,26,264,2814,290,0,0
1170,4,2,2,2,0,4,9
9509346,11,5,6,11,1,10,18
9903477,17,5,12,19,2,15,40
9707482,31,6,25,117,0,31,289
9704274,34,1,33,105,3,31,86
9801359,5,2,3,4,0,5,13
9511210,120,16,104,427,58,62,62
9607473,24,4,20,72,5,19,25
9707371,12,4,8,13,1,11,32
9607284,11,4,7,16,1,10,10
9209259,12,6,6,8,12,0,0
9603307,26,5,21,147,4,22,32
9406354,18,2,16,42,4,14,31
6290,3,2,1,1,1,2,5
9308245,3,2,1,1,3,0,0
9707323,16,5,11,28,9,7,33
9604244,21,5,16,61,3,18,47
9312218,9,4,5,20,0,9,37
9707313,27,1,26,177,1,26,109
9604250,31,1,30,130,17,14,19
9606443,51,13,38,118,33,18,22
9605231,35,6,29,70,9,26,88
9609295,2,2,0,0,0,2,10
9403244,25,11,14,39,25,0,0
9507327,3,3,0,0,1,2,3
9507372,5,3,2,3,2,3,3
9711483,11,4,7,26,0,11,47
9711287,71,6,65,618,16,55,125
9311243,36,7,29,100,4,32,52
9704245,24,2,22,68,1,23,182
9212289,9,5,4,14,9,0,0
9502346,10,2,8,16,2,8,24
9511216,6,4,2,3,0,6,19
9404270,154,23,131,776,83,71,129
9411235,1,1,0,0,0,1,2
9406214,20,11,9,29,20,0,0
9802442,14,5,9,21,1,13,37
5003,50,4,46,165,5,45,379
9401210,17,8,9,17,4,13,13
9810313,25,3,22,135,0,25,132
9312245,9,5,4,6,6,3,3
9503400,4,3,1,1,1,3,6
9704286,16,3,13,32,8,8,15
9804429,22,2,20,43,1,21,111
9708334,3,1,2,2,0,3,4
9911340,16,4,12,41,2,14,98
9612449,25,3,22,51,1,24,35
202037,7,2,5,6,0,7,97
111178,5,1,4,9,0,5,43
9908212,27,2,25,105,0,27,192
9312258,14,5,9,12,2,12,17
9807318,11,4,7,13,2,9,46
9912274,11,2,9,14,0,11,50
206023,7,2,5,12,0,7,38
9402311,0,0,0,0,0,0,0
9502391,18,5,13,30,11,7,7
9904250,39,3,36,202,2,37,90
9412379,26,8,18,38,2,24,67
9710438,30,4,26,153,2,28,32
106119,17,7,10,24,0,17,144
9405337,25,4,21,64,22,3,4
9510370,19,6,13,39,1,18,24
9309204,3,2,1,1,3,0,0
9606325,25,6,19,40,2,23,125
9206257,9,4,5,9,9,0,0
9511319,12,2,10,21,5,7,8
9907482,15,3,12,30,0,15,75
9906262,34,2,32,197,1,33,35
9904395,59,3,56,423,1,58,428
9411239,24,6,18,71,24,0,0
9805448,15,6,9,18,3,12,43
9905568,16,2,14,37,2,14,25
9405238,22,3,19,47,21,1,1
9408242,28,1,27,101,0,28,72
9502250,7,4,3,3,0,7,28
5183,10,2,8,19,7,3,6
9411377,25,1,24,104,25,0,0
9602211,14,3,11,24,7,7,7
9507379,29,2,27,152,4,25,28
9508288,25,3,22,108,1,24,68
9707401,11,5,6,8,1,10,34
9503306,8,7,1,1,4,4,6
9703367,26,11,15,39,4,22,52
4043,67,5,62,359,3,64,415
9911496,36,2,34,172,0,36,169
9705444,25,6,19,70,1,24,73
9305309,58,9,49,176,58,0,0
9808459,48,3,45,279,8,40,103
9809239,17,3,14,34,2,15,55
9504205,5,2,3,5,5,0,0
9402254,23,8,15,53,19,4,4
9911245,27,9,18,70,1,26,296
5259,27,5,22,75,2,25,57
9610339,11,1,10,31,7,4,8
9505244,20,4,16,60,3,17,17
9812364,6,2,4,7,1,5,6
7289,29,2,27,115,8,21,51
6154,33,3,30,170,3,30,109
9511272,24,9,15,35,21,3,3
9602317,2,1,1,1,2,0,0
9503384,80,10,70,330,69,11,11
9907520,50,6,44,202,0,50,490
6097,25,11,14,22,0,25,251
109047,0,0,0,0,0,0,0
9605302,24,10,14,33,4,20,65
9911228,14,3,11,29,0,14,120
9812250,4,3,1,1,4,0,0
9412338,7,3,4,6,4,3,5
9901277,17,7,10,20,0,17,97
202081,20,5,15,72,0,20,334
102290,14,7,7,11,0,14,103
9706344,79,5,74,467,7,72,217
9305269,41,7,34,159,41,0,0
8333,15,7,8,12,0,15,180
1335,17,6,11,17,0,17,131
9912276,7,2,5,6,0,7,36
9911293,44,2,42,114,3,41,204
9610296,7,4,3,4,0,7,21
9703350,11,2,9,19,2,9,38
9308208,32,11,21,94,24,8,8
9612391,2,2,0,0,0,2,9
9412259,29,3,26,103,16,13,33
9510419,2,2,0,0,0,2,6
9909538,7,2,5,11,1,6,28
109001,12,4,8,19,1,11,68
9904271,5,1,4,5,2,3,20
9402299,12,4,8,13,1,11,78
9506456,19,2,17,39,19,0,0
9809427,54,6,48,192,0,54,482
9407339,297,8,289,2873,178,119,183
9302279,7,3,4,8,7,0,0
9610294,17,9,8,14,0,17,229
9504332,13,8,5,6,0,13,30
9607294,5,5,0,0,0,5,24
9706423,7,5,2,2,0,7,13
9505408,5,2,3,6,0,5,9
9211211,15,7,8,15,6,9,21
9901432,21,4,17,78,2,19,33
9807238,3,1,2,3,0,3,6
2264,7,1,6,8,1,6,30
9502329,29,4,25,174,29,0,0
9404257,2,1,1,1,2,0,0
203171,1,1,0,0,0,1,6
9707500,24,4,20,57,0,24,112
9405323,5,4,1,1,0,5,6
9907509,24,4,20,62,1,23,166
6096,11,3,8,18,0,11,109
9402284,10,3,7,13,3,7,14
9711344,8,3,5,7,0,8,11
5128,1,1,0,0,0,1,1
101059,2,2,0,0,0,2,18
9803229,21,2,19,76,0,21,81
9607217,11,5,6,8,6,5,8
9610214,4,1,3,5,0,4,24
9310346,8,4,4,9,4,4,6
9901453,5,3,2,3,0,5,49
9404353,4,2,2,3,4,0,0
9405419,6,4,2,2,0,6,19
9511405,18,4,14,62,10,8,8
9603439,4,2,2,2,0,4,12
9403396,9,5,4,5,1,8,21
9605207,12,4,8,44,0,12,28
9610492,21,6,15,40,3,18,83
9608355,4,1,3,3,2,2,3
9710252,2,1,1,1,0,2,7
9906337,2,2,0,0,1,1,2
9507432,4,1,3,4,0,4,24
9707322,4,1,3,3,0,4,8
9708480,24,8,16,45,0,24,51
9212224,22,9,13,42,16,6,6
9410294,3,1,2,3,0,3,8
9703311,58,6,52,495,1,57,245
9405428,18,2,16,46,12,6,11
9810440,16,7,9,18,16,0,0
107150,18,8,10,31,0,18,178
105023,0,0,0,0,0,0,0
9806400,15,12,3,5,0,15,193
9909514,7,4,3,3,0,7,23
9804376,8,1,7,19,0,8,24
9406204,37,2,35,160,18,19,19
9511277,3,1,2,2,0,3,4
9809209,4,3,1,1,1,3,35
9911338,13,6,7,8,1,12,25
9810553,24,1,23,62,24,0,0
4210,19,9,10,12,0,19,97
9312349,65,10,55,225,10,55,55
9701309,33,5,28,95,0,33,353
9610298,3,1,2,3,0,3,9
7265,1,1,0,0,1,0,0
9605277,5,2,3,4,0,5,9
9607382,11,4,7,18,1,10,52
6333,6,1,5,10,0,6,18
9506405,2,1,1,1,0,2,10
9810344,1,1,0,0,0,1,6
9907394,3,2,1,1,0,3,6
9405380,13,5,8,22,13,0,0
9911482,13,3,10,27,0,13,74
9908352,36,4,32,145,1,35,368
9806413,25,1,24,99,1,24,71
106029,9,4,5,7,1,8,9
2208,7,1,6,17,0,7,50
107127,3,3,0,0,0,3,12
103126,8,4,4,16,0,8,47
9310306,10,7,3,3,5,5,9
9406237,11,4,7,13,11,0,0
9602305,8,2,6,6,5,3,12
6136,16,11,5,7,1,15,89
108037,13,3,10,13,0,13,98
207051,3,2,1,1,1,2,10
6016,2,1,1,1,0,2,6
9511244,3,2,1,1,2,1,1
9809337,29,7,22,59,3,26,122
9612491,1,1,0,0,0,1,2
9806475,6,2,4,6,0,6,38
9911302,33,9,24,63,1,32,147
9712530,0,0,0,0,0,0,0
1178,5,1,4,5,0,5,27
107234,3,1,2,2,0,3,12
9606217,20,2,18,50,2,18,38
9606454,5,3,2,3,5,0,0
9804244,4,4,0,0,0,4,9
9709420,15,3,12,30,0,15,22
9501250,1,1,0,0,0,1,2
105090,13,2,11,32,0,13,54
9806244,8,3,5,10,1,7,24
9509267,7,4,3,3,2,5,10
9509319,4,3,1,2,2,2,4
9311294,11,1,10,33,11,0,0
2009,5,4,1,2,0,5,19
9609364,12,5,7,18,0,12,46
9507444,13,2,11,27,0,13,21
112241,1,1,0,0,0,1,7
110071,6,5,1,1,0,6,21
9709341,1,1,0,0,0,1,7
3297,4,1,3,5,0,4,8
7066,6,3,3,4,0,6,46
107197,8,2,6,8,1,7,33
9902469,2,2,0,0,0,2,12
8143,19,5,14,52,0,19,173
205216,2,2,0,0,0,2,7
9910307,2,2,0,0,2,0,0
9807440,5,2,3,4,0,5,14
9307329,61,9,52,170,58,3,3
106190,34,4,30,163,1,33,171
9909475,3,3,0,0,1,2,13
9712432,5,1,4,7,0,5,23
9209231,16,4,12,28,16,0,0
10161,4,3,1,1,0,4,23
9603213,10,7,3,3,0,10,31
9302201,17,2,15,46,0,17,17
9302246,10,5,5,7,10,0,0
9702266,13,3,10,31,0,13,55
9812230,9,1,8,15,0,9,14
9901368,6,2,4,7,0,6,35
9803303,0,0,0,0,0,0,0
9912429,2,2,0,0,0,2,10
9602269,9,3,6,9,2,7,16
9307213,5,2,3,7,0,5,10
108272,2,1,1,1,2,0,0
9508290,14,1,13,48,2,12,32
9710223,46,7,39,151,4,42,116
9608434,29,7,22,78,4,25,66
111043,0,0,0,0,0,0,0
107083,6,3,3,4,0,6,42
6076,5,2,3,4,0,5,19
9902240,9,3,6,9,1,8,34
9304308,6,2,4,8,6,0,0
204037,5,1,4,4,0,5,42
9412382,18,3,15,39,15,3,3
6005,18,2,16,71,0,18,43
1110,1,1,0,0,0,1,2
110300,11,2,9,27,1,10,45
8020,12,3,9,17,0,12,49
9606214,6,4,2,3,1,5,11
9606475,10,6,4,5,10,0,0
9903386,5,2,3,3,4,1,2
9510435,2,2,0,0,1,1,1
9810316,0,0,0,0,0,0,0
9709345,4,1,3,4,0,4,18
9905226,26,14,12,17,0,26,226
9612328,18,1,17,44,0,18,53
9611331,7,4,3,3,0,7,18
9208256,5,2,3,6,5,0,0
9702383,5,2,3,6,0,5,9
102317,8,3,5,8,0,8,63
9311249,3,1,2,2,2,1,2
9806253,21,13,8,17,0,21,177
9704310,1,1,0,0,0,1,3
203034,12,3,9,16,2,10,84
9908289,7,0,7,17,0,7,51
9403331,8,2,6,10,1,7,7
9904299,1,1,0,0,1,0,0
9806537,15,2,13,51,0,15,126
9805508,3,2,1,1,0,3,6
9307327,4,1,3,4,4,0,0
210162,0,0,0,0,0,0,0
9906319,42,4,38,308,2,40,58
9503398,9,5,4,8,1,8,8
9302286,3,3,0,0,3,0,0
9704337,8,1,7,10,4,4,4
201287,10,2,8,14,3,7,16
7252,8,2,6,15,0,8,45
206081,2,2,0,0,1,1,2
9905396,1,1,0,0,0,1,2
1202,11,2,9,25,0,11,78
9805452,3,2,1,1,0,3,8
9706537,4,2,2,2,0,4,8
9602301,7,3,4,8,6,1,1
9712524,6,2,4,8,0,6,9
9810520,8,5,3,3,0,8,47
9902244,5,3,2,2,0,5,27
9806390,16,1,15,37,0,16,38
9106,5,1,4,5,0,5,19
3168,23,1,22,68,23,0,0
10151,7,1,6,8,0,7,43
6141,4,3,1,2,0,4,8
9405271,21,3,18,60,0,21,102
9503363,3,1,2,3,3,0,0
9908485,7,2,5,9,3,4,11
9303313,12,5,7,16,12,0,0
9406311,7,4,3,3,1,6,14
9411330,14,1,13,35,1,13,41
7127,2,1,1,1,0,2,7
9612410,2,1,1,1,0,2,6
201104,0,0,0,0,0,0,0
9503275,10,4,6,12,7,3,3
9306301,9,4,5,5,9,0,0
9910393,7,1,6,15,0,7,14
9607386,5,3,2,3,5,0,0
9909406,10,3,7,22,1,9,30
9810425,6,1,5,8,2,4,10
7047,2,2,0,0,0,2,2
2218,7,4,3,5,0,7,21
9905525,2,1,1,1,1,1,6
9604277,4,1,3,4,0,4,11
9612461,16,6,10,21,16,0,0
9509315,2,2,0,0,0,2,8
9709467,2,1,1,1,0,2,8
209216,8,1,7,11,0,8,47
9802319,3,2,1,1,0,3,6
9801333,4,4,0,0,0,4,14
9805321,1,1,0,0,1,0,0
101230,8,4,4,6,0,8,124
8331,0,0,0,0,0,0,0
9404264,1,1,0,0,1,0,0
111471,3,2,1,1,0,3,15
9511352,13,3,10,21,10,3,3
9303210,1,1,0,0,1,0,0
9504321,2,2,0,0,0,2,8
107309,1,1,0,0,0,1,4
9604288,6,3,3,3,6,0,0
9911377,0,0,0,0,0,0,0
9704437,0,0,0,0,0,0,0
210241,1,1,0,0,0,1,6
12369,3,1,2,3,0,3,39
9905208,1,1,0,0,0,1,7
9312,2,2,0,0,0,2,3
9806268,12,5,7,14,3,9,10
9903306,5,3,2,4,0,5,15
9304239,6,2,4,6,6,0,0
9266,3,1,2,3,0,3,23
9908396,4,3,1,1,0,4,26
9812379,0,0,0,0,0,0,0
9903452,2,2,0,0,0,2,3
9801418,5,3,2,3,0,5,11
106160,0,0,0,0,0,0,0
9904351,5,3,2,3,0,5,8
110328,1,1,0,0,0,1,2
9906515,3,2,1,1,1,2,6
5196,0,0,0,0,0,0,0
103025,3,2,1,1,0,3,17
9609375,12,2,10,17,4,8,16
9906484,3,2,1,1,3,0,0
9403271,4,3,1,2,0,4,4
3064,3,2,1,1,1,2,11
7081,11,6,5,6,5,6,6
9908458,21,4,17,58,1,20,161
8121,4,4,0,0,4,0,0
104227,4,3,1,1,1,3,5
108090,11,1,10,21,0,11,35
10232,1,1,0,0,0,1,6
301280,1,1,0,0,0,1,3
9811294,6,6,0,0,0,6,32
2047,4,1,3,6,0,4,5
9303227,6,4,2,2,0,6,9
12230,3,3,0,0,0,3,22
209150,1,1,0,0,0,1,4
9912216,16,6,10,16,4,12,26
9902326,12,2,10,17,1,11,64
9502255,11,1,10,23,0,11,36
9708229,1,1,0,0,0,1,2
9711347,3,2,1,1,1,2,6
9509320,23,3,20,61,6,17,17
206018,1,1,0,0,1,0,0
11191,4,2,2,2,0,4,13
4201,4,1,3,5,0,4,21
9301274,3,2,1,2,3,0,0
5269,5,1,4,4,0,5,7
203204,1,1,0,0,0,1,4
9806359,1,1,0,0,0,1,10
10297,17,5,12,28,3,14,40
9412352,13,7,6,16,8,5,5
9909256,2,2,0,0,0,2,13
210091,6,4,2,3,0,6,60
102081,15,4,11,28,1,14,173
9903333,8,4,4,6,1,7,87
9708438,4,1,3,3,2,2,3
9504272,3,3,0,0,1,2,9
7023,3,1,2,2,0,3,8
207372,0,0,0,0,0,0,0
9312249,9,4,5,12,9,0,0
112356,1,1,0,0,0,1,3
9301228,5,4,1,1,2,3,3
9503304,2,1,1,1,0,2,4
102019,6,2,4,4,0,6,54
9502229,6,1,5,9,6,0,0
9409323,5,1,4,9,5,0,0
9811311,9,3,6,15,4,5,5
9305240,1,1,0,0,1,0,0
9703324,10,5,5,10,1,9,38
9508380,5,3,2,2,5,0,0
108131,4,1,3,5,0,4,43
9810391,2,1,1,1,0,2,3
9705333,15,4,11,44,1,14,51
111472,9,3,6,7,0,9,115
205229,0,0,0,0,0,0,0
9610372,6,5,1,2,0,6,43
212132,3,1,2,2,0,3,38
9502292,4,3,1,1,4,0,0
9610413,1,1,0,0,0,1,6
107222,6,3,3,5,0,6,56
9803221,9,4,5,12,0,9,57
104143,4,4,0,0,0,4,30
102073,0,0,0,0,0,0,0
205111,4,2,2,3,0,4,30
9706400,3,3,0,0,0,3,10
9411329,3,2,1,1,0,3,9
206217,4,3,1,1,4,0,0
9804349,2,2,0,0,0,2,11
9603303,11,5,6,14,2,9,17
9811411,3,3,0,0,0,3,7
9506421,1,1,0,0,0,1,5
9808396,7,4,3,4,3,4,5
9407209,4,2,2,2,1,3,17
9712492,6,2,4,7,0,6,23
5110,4,2,2,2,0,4,6
9707248,2,1,1,1,0,2,5
9705407,3,2,1,1,3,0,0
9906308,6,3,3,7,0,6,9
9711326,3,2,1,1,0,3,22
107248,2,1,1,1,0,2,3
9612473,1,1,0,0,0,1,2
9706296,2,2,0,0,0,2,6
9501279,12,6,6,11,0,12,44
9408212,6,3,3,4,3,3,4
9209246,4,1,3,5,4,0,0
9505394,2,1,1,1,0,2,2
9612201,2,2,0,0,0,2,4
9809503,11,3,8,17,0,11,71
9608335,0,0,0,0,0,0,0
10273,3,1,2,2,0,3,15
9801284,10,1,9,31,9,1,1
9609416,1,1,0,0,0,1,11
9211209,5,3,2,3,5,0,0
301005,0,0,0,0,0,0,0
9509276,2,1,1,1,1,1,1
302060,0,0,0,0,0,0,0
9404234,6,5,1,1,0,6,12
9712399,2,2,0,0,0,2,5
302102,1,1,0,0,0,1,11
106077,7,2,5,10,0,7,67
9912525,12,3,9,15,0,12,57
9607453,0,0,0,0,0,0,0
9407398,8,5,3,3,6,2,2
9502211,3,3,0,0,1,2,9
205027,1,1,0,0,0,1,1
9802285,3,2,1,1,2,1,2
5171,1,1,0,0,0,1,1
9309257,15,4,11,34,11,4,4
10144,2,2,0,0,0,2,10
9211261,7,3,4,9,7,0,0
104168,1,1,0,0,0,1,8
9311245,1,1,0,0,1,0,0
9807556,0,0,0,0,0,0,0
9608255,3,2,1,1,0,3,9
9504343,2,1,1,1,2,0,0
9207203,2,1,1,1,2,0,0
9506449,2,2,0,0,2,0,0
9805487,1,1,0,0,0,1,6
9605337,2,2,0,0,2,0,0
3067,2,2,0,0,0,2,8
205047,1,1,0,0,0,1,8
9706443,1,1,0,0,0,1,5
9902319,8,2,6,10,0,8,19
108213,10,2,8,14,0,10,72
9807474,2,2,0,0,0,2,11
204200,5,4,1,2,0,5,63
9805210,1,1,0,0,0,1,3
9711359,3,2,1,1,0,3,4
9801307,12,2,10,20,0,12,47
9509247,4,1,3,4,4,0,0
9705441,2,2,0,0,0,2,13
9702238,4,3,1,2,4,0,0
301269,1,1,0,0,0,1,8
9412244,6,2,4,5,6,0,0
9807204,2,1,1,1,0,2,4
6156,5,4,1,2,2,3,3
10124,0,0,0,0,0,0,0
9907490,1,1,0,0,1,0,0
9311304,2,2,0,0,1,1,1
11395,1,1,0,0,0,1,4
9406292,2,1,1,1,2,0,0
12331,1,1,0,0,0,1,5
9506464,2,1,1,1,0,2,2
9907280,1,1,0,0,0,1,2
6027,5,4,1,1,0,5,35
9909439,5,3,2,2,1,4,28
9710321,1,1,0,0,0,1,2
9709303,2,1,1,1,1,1,1
109165,0,0,0,0,0,0,0
9605227,7,3,4,8,4,3,6
9810454,10,1,9,25,0,10,26
9908223,11,2,9,30,0,11,38
9136,2,1,1,1,0,2,10
9909234,1,1,0,0,0,1,5
12101,3,2,1,1,0,3,18
109010,2,2,0,0,0,2,21
9708397,5,2,3,5,5,0,0
209224,0,0,0,0,0,0,0
9503216,1,1,0,0,0,1,3
9409336,1,1,0,0,0,1,2
9905270,1,1,0,0,1,0,0
9606257,3,2,1,1,1,2,2
110201,2,2,0,0,1,1,2
110357,1,1,0,0,0,1,4
9209274,2,1,1,1,2,0,0
9906356,4,2,2,3,0,4,9
2301,1,1,0,0,0,1,3
209043,4,2,2,4,0,4,48
9311217,4,3,1,3,4,0,0
108162,1,1,0,0,0,1,2
9704375,6,3,3,4,0,6,12
9712300,12,2,10,19,0,12,57
9907276,2,2,0,0,0,2,8
9709332,3,3,0,0,3,0,0
9908231,8,3,5,9,0,8,69
9305221,3,3,0,0,3,0,0
9906502,9,2,7,20,0,9,49
9812254,4,1,3,4,1,3,6
9612263,0,0,0,0,0,0,0
105065,4,3,1,2,0,4,15
102327,0,0,0,0,0,0,0
9601292,2,2,0,0,0,2,2
9412362,5,4,1,1,5,0,0
9404337,3,2,1,1,3,0,0
9904427,2,2,0,0,0,2,2
9902480,1,1,0,0,0,1,4
9905318,8,5,3,3,2,6,6
8188,12,5,7,15,0,12,45
9909322,3,2,1,1,3,0,0
12120,7,3,4,9,2,5,15
9706246,3,2,1,1,1,2,2
7180,8,5,3,4,0,8,26
9906216,2,1,1,1,0,2,6
3098,1,1,0,0,0,1,9
9501300,2,1,1,1,2,0,0
109108,3,2,1,1,3,0,0
9908398,2,2,0,0,0,2,6
211036,1,1,0,0,0,1,5
9810234,3,2,1,1,0,3,7
11212,2,2,0,0,2,0,0
9811410,11,8,3,3,2,9,36
9710556,6,1,5,5,6,0,0
9811421,1,1,0,0,0,1,1
9612277,0,0,0,0,0,0,0
9601381,1,1,0,0,1,0,0
11109,1,1,0,0,0,1,2
9410270,6,3,3,4,6,0,0
207259,2,2,0,0,0,2,5
107086,6,4,2,2,0,6,34
9510275,3,1,2,2,1,2,2
204085,3,3,0,0,0,3,17
9706398,8,2,6,10,8,0,0
9810341,5,2,3,5,0,5,21
6348,5,1,4,7,0,5,5
10233,1,1,0,0,0,1,2
9508358,0,0,0,0,0,0,0
9808356,15,2,13,44,0,15,183
9607482,0,0,0,0,0,0,0
9608300,1,1,0,0,1,0,0
111362,5,4,1,1,0,5,138
2228,7,2,5,8,6,1,4
204136,5,3,2,2,0,5,31
9407376,1,1,0,0,0,1,1
9808308,1,1,0,0,0,1,2
9901354,3,2,1,1,0,3,31
9401212,3,1,2,2,2,1,1
105063,11,3,8,13,0,11,61
9311212,2,1,1,1,2,0,0
106136,1,1,0,0,0,1,10
9709202,1,1,0,0,0,1,1
9603282,1,1,0,0,0,1,3
9210210,3,1,2,2,3,0,0
103013,3,3,0,0,0,3,9
206015,7,3,4,7,1,6,18
9509252,0,0,0,0,0,0,0
110038,2,1,1,1,2,0,0
204005,2,1,1,1,0,2,6
9609327,0,0,0,0,0,0,0
9601308,10,5,5,13,2,8,9
9911267,1,1,0,0,0,1,1
9908475,5,2,3,9,0,5,20
111025,2,2,0,0,0,2,5
9609523,2,1,1,1,0,2,3
4162,1,1,0,0,0,1,9
9712475,0,0,0,0,0,0,0
9908221,2,2,0,0,0,2,7
202099,0,0,0,0,0,0,0
9312300,0,0,0,0,0,0,0
9712334,1,1,0,0,1,0,0
105052,3,2,1,1,0,3,7
9406355,1,1,0,0,1,0,0
9807551,6,3,3,5,4,2,3
103078,3,1,2,3,0,3,3
9912241,3,1,2,3,0,3,15
9208262,0,0,0,0,0,0,0
111366,0,0,0,0,0,0,0
1311,2,2,0,0,2,0,0
9806374,6,5,1,1,2,4,8
111165,0,0,0,0,0,0,0
206099,12,2,10,21,0,12,65
2288,0,0,0,0,0,0,0
9309331,2,2,0,0,2,0,0
9812274,1,1,0,0,0,1,2
9502386,2,2,0,0,2,0,0
9504389,2,2,0,0,2,0,0
9704252,0,0,0,0,0,0,0
9611314,0,0,0,0,0,0,0
111443,1,1,0,0,1,0,0
9809335,0,0,0,0,0,0,0
9808488,2,1,1,1,0,2,7
208143,3,2,1,1,0,3,16
9505247,0,0,0,0,0,0,0
9706506,0,0,0,0,0,0,0
9807374,4,3,1,1,4,0,0
207133,3,3,0,0,0,3,30
11230,4,1,3,4,0,4,4
1045,2,1,1,1,0,2,6
9707487,4,1,3,4,0,4,12
9607371,1,1,0,0,1,0,0
9610500,0,0,0,0,0,0,0
9906236,0,0,0,0,0,0,0
211215,0,0,0,0,0,0,0
205201,11,6,5,8,0,11,85
9807526,0,0,0,0,0,0,0
3061,3,1,2,3,3,0,0
9092,1,1,0,0,0,1,8
208046,2,1,1,1,0,2,8
9907554,8,3,5,5,8,0,0
9911318,2,2,0,0,0,2,7
206065,1,1,0,0,0,1,15
12365,6,2,4,9,2,4,4
9907442,0,0,0,0,0,0,0
9503261,0,0,0,0,0,0,0
9601222,2,2,0,0,0,2,5
9903551,1,1,0,0,1,0,0
302146,0,0,0,0,0,0,0
9711278,1,1,0,0,0,1,1
9812473,2,1,1,1,0,2,6
9604219,2,2,0,0,2,0,0
205049,0,0,0,0,0,0,0
9411348,0,0,0,0,0,0,0
9507358,4,2,2,2,2,2,2
209199,1,1,0,0,0,1,1
9608303,2,2,0,0,0,2,3
9909528,0,0,0,0,0,0,0
10056,0,0,0,0,0,0,0
203042,4,4,0,0,0,4,9
10292,3,3,0,0,0,3,10
209074,4,2,2,2,0,4,60
101077,1,1,0,0,0,1,3
9803327,3,2,1,2,3,0,0
212063,0,0,0,0,0,0,0
9709495,0,0,0,0,0,0,0
207363,1,1,0,0,0,1,15
7183,1,1,0,0,0,1,2
206008,0,0,0,0,0,0,0
9808347,1,1,0,0,0,1,2
108257,3,3,0,0,0,3,18
104193,3,1,2,3,0,3,11
9508381,1,1,0,0,0,1,1
203184,5,2,3,5,0,5,19
202145,3,2,1,1,0,3,13
208188,1,1,0,0,0,1,11
9709428,3,2,1,1,0,3,3
204128,4,2,2,4,0,4,29
203107,3,1,2,2,1,2,4
9806229,1,1,0,0,0,1,8
9211243,2,2,0,0,2,0,0
9603286,0,0,0,0,0,0,0
110248,3,1,2,2,0,3,15
9811477,2,1,1,1,1,1,1
206131,5,2,3,6,0,5,17
9401318,1,1,0,0,1,0,0
9906429,3,2,1,1,0,3,17
206240,0,0,0,0,0,0,0
9712240,4,3,1,1,4,0,0
9503480,1,1,0,0,1,0,0
101035,0,0,0,0,0,0,0
102296,0,0,0,0,0,0,0
9710303,0,0,0,0,0,0,0
9911493,4,2,2,3,0,4,4
207271,1,1,0,0,1,0,0
9803444,1,1,0,0,0,1,1
208003,0,0,0,0,0,0,0
9912415,7,2,5,8,1,6,14
109020,1,1,0,0,0,1,1
9909210,2,1,1,1,0,2,4
302129,1,1,0,0,0,1,2
8054,0,0,0,0,0,0,0
212085,0,0,0,0,0,0,0
104314,0,0,0,0,0,0,0
9507316,1,1,0,0,1,0,0
2059,2,1,1,1,2,0,0
9806470,1,1,0,0,0,1,1
9905301,1,1,0,0,0,1,3
9309220,3,1,2,3,3,0,0
9508367,0,0,0,0,0,0,0
205195,0,0,0,0,0,0,0
9509431,2,1,1,1,2,0,0
9805227,2,1,1,1,0,2,5
9711500,1,1,0,0,0,1,1
9412399,4,2,2,2,4,0,0
3078,1,1,0,0,1,0,0
9504236,1,1,0,0,1,0,0
5282,2,2,0,0,1,1,3
9510234,1,1,0,0,0,1,1
9912296,0,0,0,0,0,0,0
9608232,0,0,0,0,0,0,0
9508371,0,0,0,0,0,0,0
106197,0,0,0,0,0,0,0
5266,1,1,0,0,0,1,5
211198,1,1,0,0,1,0,0
9906302,0,0,0,0,0,0,0
9602332,0,0,0,0,0,0,0
9505305,1,1,0,0,1,0,0
9912502,0,0,0,0,0,0,0
209046,1,1,0,0,0,1,2
7348,1,1,0,0,0,1,14
111365,0,0,0,0,0,0,0
9906493,0,0,0,0,0,0,0
107312,2,2,0,0,0,2,6
109074,0,0,0,0,0,0,0
9906315,0,0,0,0,0,0,0
9706240,2,2,0,0,0,2,2
9607425,1,1,0,0,1,0,0
9910243,1,1,0,0,0,1,1
9806227,1,1,0,0,0,1,1
9810372,1,1,0,0,1,0,0
5207,0,0,0,0,0,0,0
210165,2,1,1,1,0,2,14
9608448,4,1,3,5,4,0,0
1134,0,0,0,0,0,0,0
111277,0,0,0,0,0,0,0
9805291,3,1,2,3,1,2,10
9810407,0,0,0,0,0,0,0
11218,1,1,0,0,0,1,2
9606436,0,0,0,0,0,0,0
9911288,1,1,0,0,0,1,3
212157,0,0,0,0,0,0,0
9906289,1,1,0,0,0,1,7
111381,1,1,0,0,0,1,1
112238,3,3,0,0,0,3,41
9805412,1,1,0,0,1,0,0
207076,1,1,0,0,0,1,4
9607209,3,2,1,1,3,0,0
204223,1,1,0,0,0,1,3
106069,1,1,0,0,0,1,8
12180,1,1,0,0,0,1,1
9809358,2,2,0,0,0,2,9
9803211,0,0,0,0,0,0,0
209254,0,0,0,0,0,0,0
9907339,1,1,0,0,1,0,0
9509326,1,1,0,0,1,0,0
104248,1,1,0,0,0,1,2
203083,2,2,0,0,0,2,7
9601281,0,0,0,0,0,0,0
201289,2,1,1,1,0,2,10
9704240,1,1,0,0,0,1,2
9803208,0,0,0,0,0,0,0
9902445,0,0,0,0,0,0,0
205348,1,1,0,0,0,1,9
9607445,0,0,0,0,0,0,0
9905484,0,0,0,0,0,0,0
9611464,0,0,0,0,0,0,0
9411373,0,0,0,0,0,0,0
211241,3,2,1,1,1,2,5
9211295,1,1,0,0,1,0,0
207311,1,1,0,0,0,1,2
9506327,2,1,1,1,2,0,0
301186,0,0,0,0,0,0,0
205252,1,1,0,0,0,1,4
207337,1,1,0,0,0,1,4
8174,0,0,0,0,0,0,0
205299,1,1,0,0,0,1,3
11028,0,0,0,0,0,0,0
9607340,2,2,0,0,1,1,1
9810317,0,0,0,0,0,0,0
212350,1,1,0,0,0,1,13
8229,0,0,0,0,0,0,0
207223,0,0,0,0,0,0,0
9507450,0,0,0,0,0,0,0
9022,1,1,0,0,1,0,0
8092,0,0,0,0,0,0,0
104077,0,0,0,0,0,0,0
202038,1,1,0,0,1,0,0
12186,0,0,0,0,0,0,0
9610465,0,0,0,0,0,0,0
9903290,0,0,0,0,0,0,0
9607283,0,0,0,0,0,0,0
9904499,4,3,1,1,4,0,0
9903232,0,0,0,0,0,0,0
9604377,0,0,0,0,0,0,0
301110,0,0,0,0,0,0,0
9406207,2,2,0,0,0,2,2
105223,0,0,0,0,0,0,0
9804373,1,1,0,0,0,1,5
212252,0,0,0,0,0,0,0
104208,2,2,0,0,0,2,3
9709226,0,0,0,0,0,0,0
9808362,1,1,0,0,1,0,0
9906397,0,0,0,0,0,0,0
9906488,1,1,0,0,0,1,6
9909402,0,0,0,0,0,0,0
212060,0,0,0,0,0,0,0
207105,0,0,0,0,0,0,0
202141,1,1,0,0,0,1,2
9612224,1,1,0,0,1,0,0
9510265,0,0,0,0,0,0,0
210358,0,0,0,0,0,0,0
9802343,1,1,0,0,0,1,3
9905496,1,1,0,0,0,1,6
207199,0,0,0,0,0,0,0
108048,0,0,0,0,0,0,0
9609455,0,0,0,0,0,0,0
9807470,0,0,0,0,0,0,0
212169,1,1,0,0,0,1,7
7249,0,0,0,0,0,0,0
9809309,2,1,1,1,0,2,4
9908478,2,1,1,1,2,0,0
9907513,1,1,0,0,0,1,2
104299,0,0,0,0,0,0,0
107267,2,1,1,1,0,2,14
11208,0,0,0,0,0,0,0
211138,0,0,0,0,0,0,0
3166,0,0,0,0,0,0,0
9310339,1,1,0,0,0,1,1
9706290,0,0,0,0,0,0,0
12355,0,0,0,0,0,0,0
11025,2,2,0,0,0,2,15
12027,0,0,0,0,0,0,0
9308326,0,0,0,0,0,0,0
210412,0,0,0,0,0,0,0
101299,0,0,0,0,0,0,0
9607203,0,0,0,0,0,0,0
301243,0,0,0,0,0,0,0
9806492,0,0,0,0,0,0,0
9803471,0,0,0,0,0,0,0
9710306,0,0,0,0,0,0,0
302189,0,0,0,0,0,0,0
9501397,1,1,0,0,0,1,1
9511377,0,0,0,0,0,0,0
5229,1,1,0,0,0,1,3
9509384,0,0,0,0,0,0,0
11284,0,0,0,0,0,0,0
9405275,0,0,0,0,0,0,0
9403260,0,0,0,0,0,0,0
6263,0,0,0,0,0,0,0
212046,0,0,0,0,0,0,0
204045,0,0,0,0,0,0,0
9803414,0,0,0,0,0,0,0
301180,0,0,0,0,0,0,0
210164,0,0,0,0,0,0,0
204094,2,2,0,0,2,0,0
112033,0,0,0,0,0,0,0
9804256,0,0,0,0,0,0,0
9910511,0,0,0,0,0,0,0
212022,0,0,0,0,0,0,0
208198,2,2,0,0,0,2,26
9706451,0,0,0,0,0,0,0
110068,0,0,0,0,0,0,0
211449,0,0,0,0,0,0,0
9808491,0,0,0,0,0,0,0
9706433,0,0,0,0,0,0,0
9401261,1,1,0,0,1,0,0
211417,0,0,0,0,0,0,0
209140,1,1,0,0,0,1,3
111464,0,0,0,0,0,0,0
4245,0,0,0,0,0,0,0
9503410,0,0,0,0,0,0,0
9905430,0,0,0,0,0,0,0
211380,0,0,0,0,0,0,0
207323,1,1,0,0,0,1,1
207016,0,0,0,0,0,0,0
9706422,0,0,0,0,0,0,0
208002,0,0,0,0,0,0,0
202062,0,0,0,0,0,0,0
11052,1,1,0,0,1,0,0
208252,0,0,0,0,0,0,0
3197,0,0,0,0,0,0,0
1085,0,0,0,0,0,0,0
104195,0,0,0,0,0,0,0
212163,0,0,0,0,0,0,0
1094,0,0,0,0,0,0,0
9410264,0,0,0,0,0,0,0
111104,0,0,0,0,0,0,0
3128,0,0,0,0,0,0,0
203176,0,0,0,0,0,0,0
9602244,0,0,0,0,0,0,0
302065,0,0,0,0,0,0,0
206211,1,1,0,0,0,1,17
9609396,0,0,0,0,0,0,0
205307,1,1,0,0,0,1,4
9708422,0,0,0,0,0,0,0
3280,0,0,0,0,0,0,0
9707325,1,1,0,0,0,1,1
9707472,0,0,0,0,0,0,0
10011,1,1,0,0,0,1,12
106303,0,0,0,0,0,0,0
205091,0,0,0,0,0,0,0
10183,0,0,0,0,0,0,0
9407276,0,0,0,0,0,0,0
9707339,0,0,0,0,0,0,0
9901279,0,0,0,0,0,0,0
9812245,0,0,0,0,0,0,0
9904498,0,0,0,0,0,0,0
9610240,0,0,0,0,0,0,0
9608337,0,0,0,0,0,0,0
9611382,0,0,0,0,0,0,0
11015,0,0,0,0,0,0,0
105282,0,0,0,0,0,0,0
10351,0,0,0,0,0,0,0
109286,0,0,0,0,0,0,0
111232,0,0,0,0,0,0,0
9912389,0,0,0,0,0,0,0
207240,0,0,0,0,0,0,0
107333,0,0,0,0,0,0,0
4174,0,0,0,0,0,0,0
201259,0,0,0,0,0,0,0
9505360,1,1,0,0,0,1,1
209293,0,0,0,0,0,0,0
9301210,1,1,0,0,1,0,0
9810310,0,0,0,0,0,0,0
9608429,1,1,0,0,0,1,2
107260,0,0,0,0,0,0,0
9510335,0,0,0,0,0,0,0
9711510,0,0,0,0,0,0,0
9507313,0,0,0,0,0,0,0
9206234,1,1,0,0,1,0,0
3227,0,0,0,0,0,0,0
9807285,0,0,0,0,0,0,0
202230,0,0,0,0,0,0,0
3211,0,0,0,0,0,0,0
9609494,0,0,0,0,0,0,0
111423,0,0,0,0,0,0,0
9406246,0,0,0,0,0,0,0
9501418,0,0,0,0,0,0,0
211035,0,0,0,0,0,0,0
9903529,0,0,0,0,0,0,0
9203209,1,1,0,0,1,0,0
9806529,0,0,0,0,0,0,0
112087,0,0,0,0,0,0,0
212084,0,0,0,0,0,0,0
9908512,0,0,0,0,0,0,0
9807533,0,0,0,0,0,0,0
9412306,1,1,0,0,1,0,0
9408405,0,0,0,0,0,0,0
11224,0,0,0,0,0,0,0
112208,0,0,0,0,0,0,0
9405415,0,0,0,0,0,0,0
9501384,121,21,100,527,51,70,139
9409335,58,5,53,344,37,21,34
102077,11,1,10,32,1,10,53
9911528,18,3,15,41,2,16,58
11086,9,4,5,11,2,7,21
9606354,28,9,19,46,23,5,7
206024,8,7,1,2,0,8,68
9705442,85,17,68,225,44,41,121
205270,9,5,4,4,0,9,88
7316,4,4,0,0,1,3,9
9506461,45,9,36,210,14,31,89
9704259,10,2,8,17,3,7,7
9810485,2,1,1,1,0,2,4
9903289,15,4,11,22,4,11,26
9305258,57,22,35,95,33,24,46
9610446,9,4,5,11,0,9,37
9704229,7,5,2,2,0,7,19
101083,20,7,13,39,6,14,94
9809275,5,2,3,4,0,5,31
202233,14,5,9,19,0,14,85
9804233,134,4,130,1239,21,113,235
9503268,4,1,3,3,0,4,7
9205238,66,10,56,315,66,0,0
9503434,6,2,4,5,0,6,13
9601324,30,2,28,117,1,29,29
9409369,49,5,44,236,7,42,73
6235,6,3,3,3,0,6,53
9803299,55,4,51,315,2,53,243
9509389,111,6,105,677,76,35,49
9706309,17,5,12,37,3,14,27
9305205,22,5,17,41,8,14,26
9808301,88,6,82,738,2,86,284
9906368,11,4,7,15,0,11,100
9703465,47,7,40,209,4,43,91
9702243,24,5,19,73,6,18,34
9502400,17,5,12,27,17,0,0
9601342,8,2,6,13,8,0,0
9802209,35,7,28,126,0,35,316
9711340,5,1,4,5,2,3,5
9310331,17,5,12,23,17,0,0
9505318,2,2,0,0,2,0,0
9509285,14,3,11,20,4,10,16
9710460,59,7,52,234,1,58,277
9606416,33,2,31,121,0,33,124
9610231,27,7,20,53,27,0,0
9306309,87,24,63,239,28,59,91
9501336,23,7,16,36,6,17,37
9507219,5,4,1,1,1,4,5
9901254,48,3,45,275,1,47,181
9608352,27,2,25,68,7,20,51
9806288,6,2,4,7,0,6,24
9701313,40,4,36,207,2,38,139
9509287,26,4,22,65,0,26,114
9809204,13,6,7,11,0,13,140
109113,18,7,11,26,0,18,103
9912513,20,4,16,52,0,20,62
9309335,32,6,26,68,27,5,5
9611243,25,5,20,63,0,25,156
9706268,12,1,11,35,0,12,52
7080,4,3,1,1,0,4,52
9608364,9,4,5,7,3,6,7
9701233,63,6,57,425,3,60,172
9305304,24,9,15,40,2,22,44
9403295,41,13,28,93,33,8,8
9809282,23,4,19,33,4,19,35
9904214,7,5,2,3,0,7,29
9710312,18,2,16,46,2,16,73
9704300,7,2,5,8,4,3,5
9406428,18,1,17,84,3,15,19
6246,1,1,0,0,0,1,6
9609512,48,7,41,219,3,45,147
9708447,5,3,2,3,2,3,9
9704268,21,6,15,41,1,20,125
9803466,265,2,263,3536,37,228,343
9605235,69,1,68,621,3,66,395
9405215,6,4,2,2,1,5,9
9409327,16,2,14,41,16,0,0
9311230,2,1,1,1,2,0,0
9708239,42,5,37,149,2,40,315
9602334,12,4,8,19,1,11,27
9502230,4,2,2,5,0,4,16
9801436,4,4,0,0,1,3,9
9605357,64,1,63,457,40,24,25
9612415,14,4,10,22,0,14,51
9610215,1,1,0,0,0,1,3
9610493,9,5,4,6,4,5,12
9404313,60,6,54,251,52,8,8
9305327,3,2,1,1,3,0,0
9405359,7,6,1,1,1,6,14
9601246,13,6,7,12,3,10,14
9801356,43,1,42,279,6,37,59
9405207,78,9,69,352,13,65,179
9708372,16,2,14,38,0,16,82
9207236,70,9,61,326,70,0,0
9506476,10,1,9,18,1,9,22
9908416,2,1,1,1,0,2,6
9501381,2,2,0,0,1,1,1
9609423,13,4,9,14,6,7,7
9506438,18,6,12,23,6,12,46
9803473,31,6,25,95,3,28,107
9203211,29,6,23,98,29,0,0
9401211,37,8,29,100,12,25,50
9812504,15,1,14,30,0,15,67
9405371,10,5,5,12,5,5,5
9809379,10,3,7,21,2,8,17
9709273,15,2,13,44,1,14,54
9806205,56,3,53,237,5,51,188
9708464,4,3,1,1,1,3,4
9911342,19,6,13,29,0,19,62
9704258,16,2,14,36,5,11,14
1095,41,3,38,216,0,41,434
201059,9,3,6,17,0,9,85
9908248,63,2,61,400,0,63,380
9401303,8,2,6,6,6,2,5
9811387,13,2,11,38,0,13,53
107003,4,1,3,4,0,4,29
207164,2,2,0,0,0,2,8
9206209,5,4,1,1,5,0,0
9304286,17,5,12,26,17,0,0
9904378,48,6,42,276,0,48,213
9508258,44,9,35,127,3,41,101
9406248,26,5,21,107,8,18,18
9701346,11,2,9,31,1,10,19
9511470,6,1,5,7,0,6,9
9808276,2,2,0,0,0,2,18
9406385,57,12,45,209,15,42,42
9606370,41,6,35,162,7,34,51
9612460,0,0,0,0,0,0,0
9511385,35,3,32,125,2,33,60
9908385,27,2,25,107,0,27,112
9711506,1,1,0,0,1,0,0
9905381,61,2,59,433,1,60,453
9703317,38,4,34,115,4,34,111
9903476,15,3,12,26,3,12,53
9902323,76,3,73,623,2,74,240
9410323,2,2,0,0,2,0,0
9501296,13,5,8,23,3,10,32
9405204,22,1,21,56,22,0,0
9806521,3,3,0,0,0,3,8
9505405,47,1,46,276,29,18,18
9304265,22,5,17,51,6,16,19
9510309,77,3,74,493,9,68,193
9709510,8,1,7,19,1,7,7
9907211,18,4,14,37,1,17,107
9305262,39,11,28,100,39,0,0
9801415,14,4,10,29,2,12,55
7113,36,2,34,133,0,36,224
1229,19,2,17,66,0,19,115
9801445,29,5,24,122,3,26,65
9307235,39,8,31,101,20,19,19
9902237,33,4,29,115,1,32,121
9406389,37,5,32,174,22,15,22
9504283,5,1,4,9,0,5,12
9405252,6,2,4,7,1,5,7
9402342,27,4,23,69,14,13,16
9339,6,3,3,3,0,6,31
206184,0,0,0,0,0,0,0
9607488,6,2,4,5,2,4,5
9805418,9,4,5,12,0,9,18
8152,17,4,13,50,0,17,74
9306271,32,7,25,64,32,0,0
9605264,76,10,66,249,31,45,116
105126,0,0,0,0,0,0,0
9607370,23,8,15,44,6,17,40
9907522,37,5,32,101,0,37,446
9909255,79,6,73,337,0,79,540
5049,19,2,17,33,1,18,165
9708275,27,2,25,71,13,14,27
9911242,12,2,10,25,0,12,108
9907327,15,2,13,21,2,13,39
9610499,11,4,7,11,1,10,38
11133,3,1,2,2,1,2,3
202124,13,3,10,36,0,13,207
103207,4,1,3,5,2,2,2
9401237,6,2,4,4,4,2,2
9406266,8,3,5,10,1,7,16
104152,16,12,4,4,1,15,124
4214,13,6,7,11,0,13,58
7048,6,3,3,3,0,6,34
9911323,45,8,37,92,0,45,203
9611286,5,1,4,6,0,5,17
9806273,2,2,0,0,1,1,17
9308271,98,16,82,385,56,42,48
9707407,11,5,6,9,0,11,57
9506369,5,2,3,5,5,0,0
9709350,7,2,5,11,0,7,24
9019,0,0,0,0,0,0,0
109090,8,5,3,8,0,8,60
9904313,7,2,5,10,0,7,69
9406427,15,8,7,10,0,15,103
9705477,53,10,43,121,28,25,40
9809433,39,6,33,159,0,39,406
9410237,39,9,30,125,20,19,26
9305260,15,4,11,39,15,0,0
9609285,11,5,6,15,0,11,117
9903449,3,2,1,1,3,0,0
9610449,37,3,34,107,10,27,116
9710352,0,0,0,0,0,0,0
9506452,78,6,72,553,4,74,376
9609527,14,6,8,18,0,14,103
9903259,9,5,4,8,8,1,2
9808328,14,4,10,16,3,11,23
9706315,87,7,80,599,27,60,127
9509361,9,1,8,31,0,9,22
9406308,2,2,0,0,2,0,0
9403225,11,7,4,9,11,0,0
9707515,9,4,5,8,2,7,24
9508244,1,1,0,0,1,0,0
9911434,27,2,25,91,1,26,233
7197,20,5,15,47,0,20,213
9404217,18,8,10,17,0,18,85
9808298,2,2,0,0,0,2,2
9812404,9,4,5,5,6,3,4
102051,4,3,1,1,0,4,45
9803351,23,5,18,45,3,20,99
9710414,4,1,3,6,3,1,2
9610238,11,3,8,17,1,10,66
9503489,10,3,7,18,10,0,0
9403229,38,10,28,97,22,16,20
9509304,12,3,9,23,0,12,28
9403212,17,8,9,22,2,15,22
9611450,19,3,16,43,4,15,28
9606220,3,2,1,1,0,3,7
9504263,6,5,1,1,0,6,28
9609203,2,1,1,1,1,1,1
9612204,8,2,6,11,1,7,26
9608425,1,1,0,0,0,1,1
9710541,9,4,5,6,0,9,54
9506333,6,4,2,2,0,6,6
9308266,28,10,18,44,1,27,80
9302306,1,1,0,0,1,0,0
9710487,17,3,14,49,1,16,69
9212299,7,3,4,5,5,2,2
9410295,1,1,0,0,0,1,3
9706298,18,4,14,38,0,18,251
9503366,15,6,9,19,0,15,46
9904282,17,4,13,29,4,13,61
108043,22,8,14,63,0,22,174
9311309,6,2,4,8,6,0,0
9909512,8,3,5,7,1,7,13
9812249,2,2,0,0,1,1,5
9804385,8,2,6,8,2,6,24
9410338,34,5,29,99,4,30,48
9511349,8,2,6,8,0,8,50
9811240,5,2,3,4,0,5,29
9082,3,1,2,2,1,2,7
9909459,5,4,1,1,3,2,2
5211,3,3,0,0,0,3,18
9402274,38,10,28,94,1,37,63
9704297,23,6,17,44,1,22,211
9804313,1,1,0,0,0,1,7
5203,1,1,0,0,1,0,0
9705243,21,3,18,57,8,13,19
9606223,9,2,7,14,2,7,13
7357,17,3,14,58,0,17,97
9507220,8,1,7,20,2,6,12
9607463,15,5,10,20,3,12,36
9911413,10,3,7,10,3,7,14
9602302,24,6,18,68,0,24,116
9911489,10,1,9,27,0,10,76
9911365,7,5,2,3,0,7,54
9801411,12,2,10,24,2,10,11
7107,14,5,9,22,0,14,21
7328,6,1,5,10,0,6,36
9501318,30,4,26,118,10,20,36
9901386,14,8,6,9,1,13,70
9410222,6,4,2,3,4,2,10
9707367,7,3,4,4,0,7,15
9610232,6,2,4,7,0,6,11
6250,22,3,19,47,0,22,62
9703338,27,1,26,157,0,27,129
9311297,10,2,8,21,3,7,14
6018,2,1,1,1,0,2,6
11164,2,2,0,0,0,2,26
9909556,4,3,1,2,0,4,22
9701262,2,2,0,0,0,2,7
9807250,8,2,6,12,2,6,7
111101,4,2,2,2,0,4,6
9602325,4,4,0,0,0,4,27
9603337,1,1,0,0,0,1,1
107257,6,1,5,7,0,6,14
9606469,5,1,4,7,0,5,97
9610246,2,2,0,0,2,0,0
9804439,6,2,4,4,0,6,23
9907384,9,5,4,5,1,8,19
9210219,14,6,8,19,14,0,0
106356,22,3,19,55,0,22,70
9902304,5,1,4,8,0,5,31
9810475,22,14,8,16,3,19,29
9510203,2,2,0,0,2,0,0
9409446,14,2,12,39,0,14,24
9912453,8,3,5,10,0,8,36
9405208,2,2,0,0,1,1,2
9608424,4,3,1,1,4,0,0
11234,24,7,17,60,2,22,182
110105,11,2,9,24,0,11,63
9610430,7,2,5,10,0,7,25
9604436,13,1,12,28,13,0,0
11153,3,3,0,0,0,3,17
9710368,12,1,11,31,3,9,17
9508320,5,3,2,4,0,5,26
10195,26,6,20,48,0,26,166
10299,4,2,2,3,1,3,9
9811230,1,1,0,0,1,0,0
9807498,1,1,0,0,0,1,3
9502349,20,2,18,79,20,0,0
111068,25,5,20,65,0,25,161
9608318,20,2,18,47,18,2,2
9210251,16,8,8,12,16,0,0
9707476,10,4,6,10,1,9,35
9809483,45,6,39,150,2,43,171
9807364,5,4,1,1,0,5,14
9412304,10,4,6,11,0,10,60
9411311,4,4,0,0,1,3,4
9412311,26,3,23,78,8,18,36
9902391,3,2,1,1,0,3,8
9905500,12,3,9,29,0,12,333
9409302,2,2,0,0,2,0,0
9604258,1,1,0,0,0,1,3
9608358,14,3,11,30,0,14,96
9308278,6,3,3,7,0,6,18
9908237,7,1,6,7,3,4,9
9511334,4,1,3,6,0,4,18
9812478,9,5,4,4,0,9,20
9610524,2,2,0,0,0,2,3
2078,16,6,10,15,0,16,133
109120,7,3,4,7,0,7,38
7243,18,5,13,40,0,18,185
9905316,9,3,6,9,0,9,63
9610350,6,5,1,1,2,4,8
107039,51,3,48,332,0,51,348
103046,9,3,6,12,0,9,45
9336,16,2,14,39,1,15,41
10303,3,1,2,3,3,0,0
110303,8,2,6,9,0,8,91
9411249,2,2,0,0,0,2,6
9402213,5,2,3,6,1,4,4
207003,8,3,5,12,0,8,119
9506287,9,4,5,5,5,4,5
9604375,2,1,1,1,0,2,14
9308248,12,4,8,13,7,5,5
9206247,3,3,0,0,3,0,0
9804418,1,1,0,0,0,1,8
9704377,35,3,32,111,4,31,82
9908493,6,1,5,9,0,6,16
9303271,6,4,2,3,6,0,0
9712246,1,1,0,0,1,0,0
102318,2,2,0,0,0,2,18
1301,4,1,3,3,0,4,11
9811361,3,3,0,0,0,3,27
9808213,6,5,1,1,1,5,12
5293,18,4,14,46,1,17,71
9511207,2,2,0,0,0,2,5
9811307,5,2,3,3,0,5,19
9712243,1,1,0,0,0,1,8
106346,13,8,5,8,0,13,94
9805393,0,0,0,0,0,0,0
9403371,19,4,15,53,15,4,4
112261,1,1,0,0,0,1,1
9907389,23,2,21,122,0,23,63
9806488,6,3,3,6,1,5,12
9503253,6,1,5,10,2,4,4
9712384,5,3,2,3,0,5,16
109035,6,1,5,10,2,4,12
9710304,12,3,9,31,0,12,36
9911475,2,2,0,0,0,2,4
9709319,8,2,6,10,0,8,106
8294,15,2,13,24,1,14,173
9311331,4,2,2,3,1,3,9
9705312,3,2,1,1,0,3,16
9709455,5,2,3,4,0,5,7
9805231,7,1,6,8,0,7,18
9907205,5,3,2,4,0,5,21
9903431,1,1,0,0,0,1,4
9808449,12,2,10,41,0,12,73
10070,5,1,4,5,0,5,24
3169,20,7,13,30,1,19,19
9401271,14,4,10,36,14,0,0
6244,11,4,7,12,1,10,20
9405366,7,3,4,7,0,7,41
9503365,3,1,2,3,3,0,0
9911449,1,1,0,0,1,0,0
9404359,0,0,0,0,0,0,0
9501386,3,1,2,2,3,0,0
9503376,12,2,10,22,1,11,29
110005,1,1,0,0,0,1,2
9701359,1,1,0,0,0,1,3
9602365,1,1,0,0,1,0,0
9504268,7,1,6,8,1,6,8
9308341,4,3,1,1,4,0,0
9910425,7,2,5,11,0,7,14
9903300,8,1,7,24,0,8,21
207054,0,0,0,0,0,0,0
9905497,2,2,0,0,0,2,4
9804323,2,1,1,1,0,2,3
5081,2,2,0,0,0,2,24
9804375,8,4,4,10,6,2,2
9604224,1,1,0,0,0,1,3
9707298,5,4,1,1,0,5,21
9609358,10,5,5,12,0,10,57
9904488,5,1,4,5,0,5,29
209239,1,1,0,0,0,1,7
9209253,5,2,3,4,5,0,0
9405324,5,1,4,5,5,0,0
208139,1,1,0,0,0,1,3
105295,8,2,6,13,0,8,126
9904352,4,3,1,1,0,4,16
9305212,6,3,3,8,6,0,0
208027,1,1,0,0,0,1,18
9809505,3,3,0,0,0,3,27
9403255,1,1,0,0,1,0,0
9801265,2,2,0,0,1,1,9
101004,2,2,0,0,0,2,7
9804301,7,2,5,8,0,7,11
9908431,1,1,0,0,0,1,1
9506225,2,1,1,1,2,0,0
211147,5,4,1,1,0,5,16
104186,11,3,8,29,0,11,109
9909467,10,1,9,21,2,8,31
110186,4,2,2,3,0,4,22
9806228,24,3,21,83,0,24,94
9805396,8,4,4,8,0,8,25
9408248,12,9,3,3,0,12,31
12194,4,2,2,3,0,4,26
9908525,6,1,5,9,0,6,42
9809527,2,1,1,1,2,0,0
9703413,1,1,0,0,0,1,3
9803312,6,2,4,7,1,5,8
9805331,2,1,1,1,0,2,2
6284,0,0,0,0,0,0,0
6175,15,4,11,25,0,15,86
9411230,2,1,1,1,2,0,0
9902350,4,1,3,3,2,2,2
9802312,8,2,6,6,0,8,32
9706530,24,9,15,27,4,20,108
2011,7,6,1,1,0,7,64
207087,1,1,0,0,0,1,22
12305,6,2,4,5,0,6,54
10040,7,5,2,3,0,7,36
9701272,7,5,2,4,2,5,6
110245,1,1,0,0,0,1,1
5280,3,3,0,0,0,3,30
108181,3,1,2,2,0,3,5
7361,0,0,0,0,0,0,0
3006,5,1,4,5,0,5,7
9901285,0,0,0,0,0,0,0
112354,2,1,1,1,0,2,6
9306232,5,2,3,3,5,0,0
201080,10,3,7,12,1,9,26
6185,2,2,0,0,0,2,6
12035,12,2,10,25,1,11,51
9905350,8,3,5,5,1,7,37
9502309,20,10,10,31,1,19,82
9811441,0,0,0,0,0,0,0
9707490,6,3,3,5,0,6,12
9704394,12,3,9,19,0,12,50
206156,1,1,0,0,1,0,0
102338,6,3,3,4,0,6,21
6314,3,2,1,2,0,3,19
9302231,3,1,2,3,3,0,0
9910395,8,4,4,12,3,5,13
12127,4,1,3,5,4,0,0
9808379,12,2,10,46,0,12,40
103184,5,2,3,3,0,5,19
9504244,5,2,3,8,0,5,8
211252,1,1,0,0,0,1,13
108144,10,4,6,14,0,10,38
9806250,3,1,2,2,0,3,14
9801235,10,5,5,9,0,10,62
9809520,3,2,1,1,1,2,4
9605257,4,4,0,0,1,3,5
11029,1,1,0,0,0,1,5
1011,3,2,1,1,2,1,2
9508209,6,3,3,4,4,2,2
9902214,10,4,6,8,1,9,26
9604273,3,2,1,2,0,3,10
9509360,1,1,0,0,0,1,2
110275,7,2,5,9,0,7,136
12300,3,2,1,1,0,3,28
9506389,4,2,2,5,0,4,4
9912360,0,0,0,0,0,0,0
10015,5,5,0,0,3,2,10
9510428,5,4,1,1,4,1,3
9408351,2,2,0,0,2,0,0
108238,1,1,0,0,0,1,17
9905445,1,1,0,0,0,1,4
9706225,11,4,7,23,2,9,23
9903488,5,4,1,1,0,5,33
9708394,1,1,0,0,1,0,0
9407297,0,0,0,0,0,0,0
207314,5,1,4,7,0,5,34
9407263,0,0,0,0,0,0,0
9406247,0,0,0,0,0,0,0
111188,4,1,3,3,0,4,55
9812261,9,4,5,8,1,8,63
9912344,4,4,0,0,0,4,20
9812309,7,4,3,3,2,5,5
12113,3,2,1,1,3,0,0
9906441,8,3,5,10,0,8,30
9501210,5,4,1,2,0,5,14
211231,2,2,0,0,2,0,0
9602423,9,4,5,5,0,9,130
9612231,8,2,6,9,0,8,56
9911542,4,2,2,2,1,3,6
108234,2,2,0,0,0,2,35
9602340,5,1,4,7,4,1,1
9611280,4,1,3,6,1,3,6
9602251,7,4,3,7,0,7,7
9411264,1,1,0,0,1,0,0
101199,1,1,0,0,0,1,1
9404222,0,0,0,0,0,0,0
9907221,7,4,3,3,2,5,21
9912500,5,4,1,1,0,5,17
110028,3,2,1,1,0,3,9
9612486,1,1,0,0,0,1,2
9907552,4,1,3,3,0,4,30
9212307,6,2,4,12,6,0,0
9904431,6,2,4,6,6,0,0
9509263,8,2,6,13,5,3,3
9704425,0,0,0,0,0,0,0
9308320,2,1,1,1,2,0,0
9904291,8,2,6,14,0,8,34
9812216,3,2,1,1,1,2,3
9909362,9,7,2,3,0,9,40
9906357,9,3,6,10,2,7,13
9502319,4,3,1,1,1,3,4
9045,1,1,0,0,1,0,0
9601252,3,1,2,2,3,0,0
9810548,2,2,0,0,0,2,2
212126,16,6,10,29,5,11,11
12183,1,1,0,0,0,1,8
9911530,1,1,0,0,0,1,6
111303,6,4,2,5,1,5,11
112343,2,2,0,0,0,2,34
5056,4,1,3,4,0,4,17
206110,8,2,6,9,0,8,65
9212208,4,2,2,3,4,0,0
9710233,2,2,0,0,0,2,18
105079,8,2,6,8,0,8,51
9709310,0,0,0,0,0,0,0
8320,3,2,1,1,0,3,7
9312252,5,2,3,5,5,0,0
109067,1,1,0,0,0,1,5
9308265,15,3,12,29,15,0,0
9808359,1,1,0,0,1,0,0
9307277,1,1,0,0,0,1,1
9412291,3,1,2,2,3,0,0
9207246,7,1,6,11,7,0,0
9610494,6,2,4,7,4,2,3
9210258,3,3,0,0,3,0,0
9312321,1,1,0,0,1,0,0
9911448,1,1,0,0,0,1,1
9702278,6,4,2,2,0,6,12
9706516,13,6,7,27,10,3,3
102099,3,1,2,3,0,3,7
8236,3,3,0,0,0,3,30
9904459,2,2,0,0,0,2,11
201076,2,2,0,0,1,1,5
105043,4,3,1,2,2,2,2
206086,1,1,0,0,0,1,4
9808417,1,1,0,0,0,1,3
9709295,15,4,11,16,2,13,31
9505234,3,1,2,2,0,3,14
9509255,8,7,1,1,7,1,2
9702390,4,2,2,2,0,4,28
9702384,9,2,7,17,9,0,0
206297,3,3,0,0,0,3,17
9412394,3,1,2,3,3,0,0
9808389,1,1,0,0,0,1,1
9802353,2,2,0,0,1,1,2
210328,0,0,0,0,0,0,0
211326,1,1,0,0,0,1,2
9708291,2,1,1,1,1,1,2
9907550,6,4,2,4,2,4,6
9504365,1,1,0,0,0,1,2
9812449,11,4,7,13,1,10,81
202154,2,1,1,1,0,2,27
9204239,3,2,1,2,3,0,0
3278,6,1,5,10,0,6,40
109053,3,2,1,1,0,3,10
8230,0,0,0,0,0,0,0
9510438,4,2,2,2,4,0,0
9185,3,2,1,2,0,3,8
9804348,12,5,7,16,5,7,25
9812456,15,2,13,58,0,15,103
1098,5,3,2,3,0,5,20
111394,1,1,0,0,1,0,0
102237,1,1,0,0,0,1,8
201198,4,1,3,4,0,4,4
111396,1,1,0,0,0,1,2
3161,13,1,12,44,0,13,89
11303,1,1,0,0,0,1,5
9507257,0,0,0,0,0,0,0
9403234,0,0,0,0,0,0,0
9712545,1,1,0,0,1,0,0
9803491,3,1,2,2,3,0,0
205100,0,0,0,0,0,0,0
112205,4,3,1,1,2,2,2
9710285,1,1,0,0,0,1,3
9910227,2,2,0,0,2,0,0
9708429,1,1,0,0,0,1,2
210198,2,1,1,1,0,2,37
9712500,2,1,1,1,2,0,0
101269,3,1,2,3,0,3,7
9912362,0,0,0,0,0,0,0
9812427,10,4,6,10,0,10,51
209087,0,0,0,0,0,0,0
209314,0,0,0,0,0,0,0
101272,5,1,4,5,0,5,31
9701368,2,2,0,0,0,2,5
9507221,1,1,0,0,1,0,0
9407267,6,1,5,9,6,0,0
110133,1,1,0,0,0,1,14
11167,2,1,1,1,0,2,9
6211,4,1,3,4,1,3,5
9603312,8,5,3,3,5,3,4
112296,0,0,0,0,0,0,0
9511367,2,2,0,0,0,2,5
9912260,1,1,0,0,0,1,5
9609297,6,4,2,2,0,6,34
111405,0,0,0,0,0,0,0
109191,3,3,0,0,3,0,0
9809450,2,2,0,0,0,2,8
12278,13,9,4,8,0,13,86
10284,0,0,0,0,0,0,0
9905452,6,3,3,5,6,0,0
11282,0,0,0,0,0,0,0
9709418,1,1,0,0,0,1,3
8190,0,0,0,0,0,0,0
11211,1,1,0,0,0,1,1
9707513,7,2,5,5,0,7,15
211321,7,4,3,5,1,6,27
9709219,2,2,0,0,0,2,3
102335,2,1,1,1,0,2,4
9907259,1,1,0,0,0,1,7
9711297,8,5,3,4,3,5,5
9606420,0,0,0,0,0,0,0
212238,0,0,0,0,0,0,0
9502411,2,2,0,0,2,0,0
9911284,4,3,1,1,1,3,7
207302,0,0,0,0,0,0,0
9507278,2,2,0,0,2,0,0
211371,0,0,0,0,0,0,0
9310335,0,0,0,0,0,0,0
9811467,2,1,1,1,2,0,0
9801206,4,2,2,3,0,4,9
9811283,4,3,1,2,0,4,8
9812354,9,3,6,18,3,6,10
9705415,0,0,0,0,0,0,0
9811519,3,1,2,2,0,3,12
9509331,8,4,4,5,2,6,6
9910534,0,0,0,0,0,0,0
9706464,3,2,1,2,0,3,10
204028,13,2,11,22,0,13,189
9904296,5,3,2,2,5,0,0
111013,4,2,2,3,2,2,4
104309,3,3,0,0,0,3,23
107176,6,4,2,2,2,4,23
5144,10,3,7,14,0,10,76
211026,0,0,0,0,0,0,0
8094,6,2,4,7,0,6,22
9903409,0,0,0,0,0,0,0
110017,3,1,2,2,0,3,26
102094,0,0,0,0,0,0,0
7296,0,0,0,0,0,0,0
9301250,1,1,0,0,0,1,1
112246,1,1,0,0,0,1,6
101041,2,2,0,0,0,2,6
107250,2,2,0,0,0,2,10
110348,4,3,1,1,0,4,12
9512430,3,1,2,3,0,3,3
9312231,1,1,0,0,1,0,0
108201,3,1,2,3,0,3,4
9902431,6,5,1,3,4,2,2
9911204,1,1,0,0,0,1,4
206172,9,6,3,3,1,8,16
9503301,0,0,0,0,0,0,0
10054,2,1,1,1,0,2,29
9604305,2,1,1,1,2,0,0
9908304,3,3,0,0,0,3,9
9806377,1,1,0,0,1,0,0
9310272,2,2,0,0,1,1,2
12050,3,1,2,3,0,3,13
9508413,2,2,0,0,2,0,0
9509306,0,0,0,0,0,0,0
9804267,3,2,1,1,0,3,8
104236,6,3,3,7,0,6,76
5198,2,2,0,0,0,2,9
9601347,4,1,3,6,4,0,0
9504347,0,0,0,0,0,0,0
9305226,1,1,0,0,1,0,0
9512403,0,0,0,0,0,0,0
9906220,0,0,0,0,0,0,0
207013,6,2,4,9,0,6,43
207104,0,0,0,0,0,0,0
9608219,1,1,0,0,0,1,1
9603355,2,2,0,0,1,1,1
9310325,1,1,0,0,1,0,0
9611271,2,1,1,1,2,0,0
9807413,1,1,0,0,1,0,0
9205246,5,2,3,4,5,0,0
204165,2,2,0,0,0,2,2
9902252,0,0,0,0,0,0,0
212130,0,0,0,0,0,0,0
210109,1,1,0,0,0,1,4
11122,1,1,0,0,0,1,2
9405300,4,2,2,3,4,0,0
9812204,3,2,1,1,3,0,0
211286,1,1,0,0,0,1,3
12253,3,2,1,1,0,3,7
9602243,3,2,1,1,1,2,4
9712380,2,2,0,0,0,2,6
9501327,1,1,0,0,1,0,0
9605346,2,1,1,1,2,0,0
9706533,2,1,1,1,0,2,4
207201,1,1,0,0,1,0,0
207008,2,2,0,0,0,2,6
9701382,0,0,0,0,0,0,0
107120,0,0,0,0,0,0,0
9804463,0,0,0,0,0,0,0
107072,3,1,2,3,0,3,12
3076,2,2,0,0,0,2,5
210122,0,0,0,0,0,0,0
9611396,1,1,0,0,0,1,2
206214,1,1,0,0,0,1,1
9711458,1,1,0,0,1,0,0
9412350,2,2,0,0,0,2,4
9911388,0,0,0,0,0,0,0
9909303,1,1,0,0,0,1,6
111046,4,1,3,5,0,4,7
9702387,2,1,1,1,2,0,0
9901303,0,0,0,0,0,0,0
7063,0,0,0,0,0,0,0
104313,1,1,0,0,1,0,0
9911224,1,1,0,0,0,1,1
9310290,0,0,0,0,0,0,0
106304,0,0,0,0,0,0,0
6151,0,0,0,0,0,0,0
9806495,2,1,1,1,2,0,0
105227,3,2,1,1,0,3,36
302202,0,0,0,0,0,0,0
9508363,0,0,0,0,0,0,0
9512392,0,0,0,0,0,0,0
203045,1,1,0,0,0,1,5
9802229,0,0,0,0,0,0,0
207238,1,1,0,0,0,1,6
12334,3,2,1,1,0,3,13
212348,1,1,0,0,0,1,8
9703222,1,1,0,0,0,1,1
204063,2,2,0,0,0,2,20
9812469,1,1,0,0,1,0,0
208158,0,0,0,0,0,0,0
9712344,4,1,3,6,4,0,0
205141,3,2,1,1,0,3,44
206284,3,1,2,2,0,3,23
204209,0,0,0,0,0,0,0
206221,5,1,4,9,0,5,46
9908498,3,3,0,0,0,3,9
204308,4,2,2,2,0,4,41
208001,0,0,0,0,0,0,0
9908511,0,0,0,0,0,0,0
5127,1,1,0,0,0,1,14
9501368,2,1,1,1,0,2,5
205317,0,0,0,0,0,0,0
205063,0,0,0,0,0,0,0
209180,6,4,2,2,0,6,15
301033,0,0,0,0,0,0,0
9905432,1,1,0,0,0,1,2
9305243,0,0,0,0,0,0,0
9712461,1,1,0,0,1,0,0
9408223,4,3,1,1,0,4,9
3036,1,1,0,0,0,1,3
9412241,0,0,0,0,0,0,0
9708433,0,0,0,0,0,0,0
10323,2,1,1,1,0,2,4
8234,0,0,0,0,0,0,0
9703274,1,1,0,0,0,1,1
9401275,0,0,0,0,0,0,0
111035,3,2,1,2,0,3,3
9510353,1,1,0,0,1,0,0
9908400,2,2,0,0,1,1,1
111308,1,1,0,0,0,1,6
210104,3,2,1,1,0,3,22
211190,1,1,0,0,0,1,5
108044,1,1,0,0,1,0,0
301172,0,0,0,0,0,0,0
4219,2,1,1,1,2,0,0
110296,2,2,0,0,0,2,9
9804207,0,0,0,0,0,0,0
9406377,4,2,2,2,2,2,2
301049,0,0,0,0,0,0,0
3269,4,3,1,2,3,1,1
104069,0,0,0,0,0,0,0
9910276,4,2,2,3,1,3,6
9910272,2,2,0,0,2,0,0
205179,0,0,0,0,0,0,0
9902424,1,1,0,0,0,1,2
9506234,0,0,0,0,0,0,0
9606462,1,1,0,0,0,1,6
9504381,2,1,1,1,2,0,0
9807444,0,0,0,0,0,0,0
9211333,1,1,0,0,1,0,0
1199,0,0,0,0,0,0,0
104003,0,0,0,0,0,0,0
9310299,2,1,1,1,0,2,2
211232,1,1,0,0,0,1,1
9905308,3,2,1,1,0,3,9
9709475,0,0,0,0,0,0,0
105208,1,1,0,0,0,1,4
9909360,0,0,0,0,0,0,0
9506293,2,1,1,1,2,0,0
9910538,1,1,0,0,0,1,8
9906473,1,1,0,0,0,1,7
101195,0,0,0,0,0,0,0
9803271,1,1,0,0,0,1,3
208015,1,1,0,0,0,1,2
9902297,1,1,0,0,0,1,9
107269,0,0,0,0,0,0,0
6061,2,1,1,1,2,0,0
205154,0,0,0,0,0,0,0
9509394,0,0,0,0,0,0,0
9905460,0,0,0,0,0,0,0
9404320,0,0,0,0,0,0,0
210313,1,1,0,0,0,1,15
9510251,2,1,1,1,0,2,2
205056,0,0,0,0,0,0,0
107112,5,3,2,4,0,5,37
9708391,4,3,1,1,0,4,20
9411288,1,1,0,0,0,1,1
110023,4,1,3,4,0,4,41
9909262,1,1,0,0,0,1,1
6109,0,0,0,0,0,0,0
9810327,0,0,0,0,0,0,0
9905280,1,1,0,0,1,0,0
209054,1,1,0,0,0,1,6
201156,3,2,1,1,0,3,33
6052,0,0,0,0,0,0,0
9803280,2,1,1,1,0,2,4
9412388,1,1,0,0,1,0,0
207291,2,2,0,0,0,2,14
212382,0,0,0,0,0,0,0
9911205,0,0,0,0,0,0,0
212017,0,0,0,0,0,0,0
9911450,0,0,0,0,0,0,0
208192,1,1,0,0,0,1,3
9811399,0,0,0,0,0,0,0
209343,0,0,0,0,0,0,0
9812268,2,1,1,1,0,2,4
9708444,0,0,0,0,0,0,0
9410275,1,1,0,0,1,0,0
9305261,0,0,0,0,0,0,0
9606374,1,1,0,0,0,1,3
7140,0,0,0,0,0,0,0
12068,0,0,0,0,0,0,0
209320,0,0,0,0,0,0,0
208213,0,0,0,0,0,0,0
9710483,2,1,1,1,2,0,0
212309,0,0,0,0,0,0,0
109198,2,2,0,0,1,1,2
9907551,1,1,0,0,0,1,6
9706241,0,0,0,0,0,0,0
211020,0,0,0,0,0,0,0
9710474,1,1,0,0,0,1,1
205151,2,2,0,0,0,2,12
8128,0,0,0,0,0,0,0
9810202,0,0,0,0,0,0,0
110198,0,0,0,0,0,0,0
9405319,0,0,0,0,0,0,0
5018,0,0,0,0,0,0,0
10290,0,0,0,0,0,0,0
9610428,0,0,0,0,0,0,0
204246,0,0,0,0,0,0,0
1038,0,0,0,0,0,0,0
203175,2,2,0,0,2,0,0
9703451,0,0,0,0,0,0,0
9711380,0,0,0,0,0,0,0
112350,0,0,0,0,0,0,0
3216,0,0,0,0,0,0,0
9811310,0,0,0,0,0,0,0
9909306,0,0,0,0,0,0,0
108194,1,1,0,0,0,1,3
9603246,1,1,0,0,0,1,1
9293,0,0,0,0,0,0,0
9911417,0,0,0,0,0,0,0
112120,2,2,0,0,1,1,2
9802444,0,0,0,0,0,0,0
206039,0,0,0,0,0,0,0
210420,0,0,0,0,0,0,0
101189,0,0,0,0,0,0,0
202272,0,0,0,0,0,0,0
9807435,0,0,0,0,0,0,0
9707544,0,0,0,0,0,0,0
202046,0,0,0,0,0,0,0
212248,0,0,0,0,0,0,0
1258,1,1,0,0,0,1,6
9909463,1,1,0,0,0,1,6
9307367,0,0,0,0,0,0,0
201162,0,0,0,0,0,0,0
212282,0,0,0,0,0,0,0
9907395,0,0,0,0,0,0,0
106262,1,1,0,0,0,1,4
209023,0,0,0,0,0,0,0
9709304,0,0,0,0,0,0,0
210227,0,0,0,0,0,0,0
111402,1,1,0,0,0,1,1
202116,1,1,0,0,1,0,0
4144,0,0,0,0,0,0,0
204035,0,0,0,0,0,0,0
211279,1,1,0,0,0,1,8
204231,1,1,0,0,0,1,8
6281,1,1,0,0,0,1,3
9604299,1,1,0,0,1,0,0
2197,2,2,0,0,0,2,4
109289,0,0,0,0,0,0,0
9311224,1,1,0,0,0,1,1
206232,1,1,0,0,0,1,8
12010,0,0,0,0,0,0,0
104241,0,0,0,0,0,0,0
112002,0,0,0,0,0,0,0
9811374,0,0,0,0,0,0,0
211389,0,0,0,0,0,0,0
7271,0,0,0,0,0,0,0
9711306,0,0,0,0,0,0,0
207306,1,1,0,0,1,0,0
202173,0,0,0,0,0,0,0
9085,0,0,0,0,0,0,0
9711228,0,0,0,0,0,0,0
9606330,1,1,0,0,1,0,0
9905335,0,0,0,0,0,0,0
9807296,0,0,0,0,0,0,0
301226,0,0,0,0,0,0,0
106310,0,0,0,0,0,0,0
6094,0,0,0,0,0,0,0
9810541,0,0,0,0,0,0,0
106028,0,0,0,0,0,0,0
6132,0,0,0,0,0,0,0
9912235,0,0,0,0,0,0,0
9802269,0,0,0,0,0,0,0
111354,0,0,0,0,0,0,0
106061,0,0,0,0,0,0,0
9402352,0,0,0,0,0,0,0
9812419,0,0,0,0,0,0,0
104188,0,0,0,0,0,0,0
9911335,1,1,0,0,0,1,2
210367,1,1,0,0,0,1,5
209096,0,0,0,0,0,0,0
9911540,0,0,0,0,0,0,0
207308,0,0,0,0,0,0,0
9508328,0,0,0,0,0,0,0
9805236,0,0,0,0,0,0,0
9902265,0,0,0,0,0,0,0
9910370,0,0,0,0,0,0,0
108133,0,0,0,0,0,0,0
110095,1,1,0,0,0,1,2
12349,2,1,1,1,0,2,6
9804218,2,2,0,0,2,0,0
9701319,0,0,0,0,0,0,0
9408355,1,1,0,0,1,0,0
9309226,0,0,0,0,0,0,0
5117,0,0,0,0,0,0,0
210055,4,3,1,1,0,4,25
211132,0,0,0,0,0,0,0
109086,0,0,0,0,0,0,0
9610474,2,2,0,0,2,0,0
105018,0,0,0,0,0,0,0
9211241,1,1,0,0,1,0,0
9611306,0,0,0,0,0,0,0
106016,0,0,0,0,0,0,0
202067,1,1,0,0,0,1,1
2217,0,0,0,0,0,0,0
9305253,1,1,0,0,1,0,0
9603332,0,0,0,0,0,0,0
9610391,0,0,0,0,0,0,0
9908241,0,0,0,0,0,0,0
210279,0,0,0,0,0,0,0
6111,0,0,0,0,0,0,0
112224,0,0,0,0,0,0,0
9508404,0,0,0,0,0,0,0
9911333,0,0,0,0,0,0,0
9802265,1,1,0,0,0,1,2
9809303,0,0,0,0,0,0,0
9611365,0,0,0,0,0,0,0
209102,0,0,0,0,0,0,0
103227,0,0,0,0,0,0,0
9211237,2,1,1,1,2,0,0
201145,0,0,0,0,0,0,0
9612472,1,1,0,0,1,0,0
9712510,0,0,0,0,0,0,0
9605263,0,0,0,0,0,0,0
9507431,1,1,0,0,1,0,0
9802263,0,0,0,0,0,0,0
302090,0,0,0,0,0,0,0
104231,1,1,0,0,1,0,0
9910354,0,0,0,0,0,0,0
212355,0,0,0,0,0,0,0
9812482,0,0,0,0,0,0,0
9606283,1,1,0,0,1,0,0
9806527,0,0,0,0,0,0,0
9802333,0,0,0,0,0,0,0
207155,0,0,0,0,0,0,0
112220,1,1,0,0,0,1,5
207349,0,0,0,0,0,0,0
212145,0,0,0,0,0,0,0
9610442,0,0,0,0,0,0,0
9910486,0,0,0,0,0,0,0
210400,0,0,0,0,0,0,0
9608228,0,0,0,0,0,0,0
302050,0,0,0,0,0,0,0
9812343,0,0,0,0,0,0,0
12316,0,0,0,0,0,0,0
209234,0,0,0,0,0,0,0
101054,1,1,0,0,1,0,0
9503287,0,0,0,0,0,0,0
9905306,0,0,0,0,0,0,0
9501252,1,1,0,0,1,0,0
204114,0,0,0,0,0,0,0
210066,0,0,0,0,0,0,0
9309273,0,0,0,0,0,0,0
9608473,0,0,0,0,0,0,0
212336,0,0,0,0,0,0,0
6191,0,0,0,0,0,0,0
302175,0,0,0,0,0,0,0
9808420,0,0,0,0,0,0,0
12243,0,0,0,0,0,0,0
9807242,0,0,0,0,0,0,0
9509317,0,0,0,0,0,0,0
211031,0,0,0,0,0,0,0
9711271,0,0,0,0,0,0,0
9304215,1,1,0,0,1,0,0
9806201,0,0,0,0,0,0,0
210201,1,1,0,0,0,1,6
9405280,0,0,0,0,0,0,0
9907441,0,0,0,0,0,0,0
9609332,0,0,0,0,0,0,0
112084,1,1,0,0,1,0,0
9902344,0,0,0,0,0,0,0
9606307,0,0,0,0,0,0,0
212407,0,0,0,0,0,0,0
105272,0,0,0,0,0,0,0
9410246,0,0,0,0,0,0,0
9907566,0,0,0,0,0,0,0
110116,0,0,0,0,0,0,0
110373,0,0,0,0,0,0,0
9502366,50,13,37,138,3,47,123
2227,7,1,6,10,0,7,53
103020,10,3,7,15,0,10,24
9704402,31,8,23,59,3,28,122
12215,4,1,3,4,1,3,16
9610208,44,7,37,134,12,32,59
211047,3,1,2,2,0,3,12
9805244,22,4,18,65,2,20,95
9203223,77,16,61,243,77,0,0
8065,4,2,2,3,0,4,21
9510300,12,2,10,27,4,8,10
9704305,16,3,13,34,0,16,67
9811237,23,4,19,55,0,23,177
9905436,12,4,8,16,3,9,11
9308205,16,3,13,33,4,12,12
9612402,11,5,6,12,0,11,61
1169,11,3,8,21,0,11,75
9210242,42,11,31,116,42,0,0
9912459,3,3,0,0,1,2,4
203123,12,3,9,11,1,11,74
9804290,68,5,63,255,2,66,160
9509305,1,1,0,0,0,1,2
9502291,53,13,40,154,4,49,98
9310358,41,3,38,154,14,27,30
9504393,2,1,1,1,1,1,1
9507453,98,12,86,592,37,61,127
2096,8,4,4,6,0,8,103
9805293,28,7,21,49,6,22,52
9708483,85,6,79,468,52,33,65
9305204,47,7,40,130,44,3,3
9306212,65,14,51,206,50,15,18
9808355,52,7,45,280,1,51,450
9906375,54,8,46,198,6,48,62
9808254,17,2,15,78,0,17,19
9708301,11,4,7,11,0,11,28
9511323,6,1,5,9,5,1,1
9602216,47,3,44,199,5,42,179
9809540,8,7,1,1,8,0,0
9711358,4,4,0,0,2,2,11
9601243,69,10,59,258,1,68,385
9511280,3,2,1,1,0,3,4
9605214,30,8,22,76,24,6,6
9712468,17,4,13,28,0,17,102
9605445,17,4,13,29,0,17,45
9910433,6,4,2,2,0,6,36
9311340,55,16,39,105,24,31,56
9709395,72,10,62,222,5,67,264
9602391,5,5,0,0,0,5,36
9901260,29,6,23,74,0,29,184
9612397,47,5,42,196,19,28,57
9806494,9,1,8,11,0,9,44
9705400,9,3,6,9,1,8,9
9510363,49,4,45,167,4,45,299
9503418,13,3,10,17,1,12,27
110194,8,5,3,4,0,8,48
9707521,56,4,52,221,3,53,381
9405345,28,3,25,130,1,27,34
9611443,18,4,14,73,1,17,156
9706275,25,4,21,51,2,23,111
9403266,107,11,96,545,83,24,28
9701347,5,3,2,5,0,5,35
9812392,19,6,13,30,1,18,162
9308246,267,8,259,2093,73,194,267
9412340,26,2,24,129,26,0,0
1253,24,4,20,77,0,24,296
9906290,1,1,0,0,0,1,10
9710335,73,5,68,400,5,68,542
9708305,26,7,19,55,1,25,86
9601384,27,3,24,118,2,25,45
1177,11,4,7,19,0,11,51
9611393,24,6,18,61,2,22,55
9902355,12,4,8,20,0,12,90
9503486,66,14,52,164,34,32,126
9804223,8,2,6,20,8,0,0
9206266,53,7,46,522,53,0,0
9404201,68,5,63,418,5,63,176
9409349,23,3,20,68,4,19,24
9311267,3,1,2,2,3,0,0
9712385,12,3,9,20,0,12,90
9207240,14,2,12,32,14,0,0
9503454,5,4,1,1,1,4,4
9804251,4,2,2,2,0,4,22
9606427,62,3,59,393,9,53,188
9701252,9,2,7,9,0,9,38
9501254,7,4,3,4,7,0,0
9611320,14,2,12,30,10,4,8
9405398,36,8,28,106,36,0,0
9709270,16,3,13,27,2,14,47
9204211,68,16,52,202,68,0,0
9705230,11,7,4,4,1,10,21
9803363,48,1,47,319,4,44,203
9605465,44,11,33,120,1,43,350
9708396,24,7,17,51,13,11,17
9311215,33,3,30,107,4,29,74
9708486,3,1,2,2,0,3,20
2001,18,10,8,18,0,18,120
9701390,80,7,73,339,32,48,70
9403304,10,2,8,15,10,0,0
9601205,50,7,43,159,25,25,76
9804212,39,9,30,110,9,30,102
9204210,21,5,16,52,21,0,0
9401309,18,3,15,49,18,0,0
9902327,50,4,46,266,5,45,211
9408266,13,4,9,18,8,5,5
9911474,14,1,13,36,0,14,70
9709417,17,1,16,79,1,16,104
9807339,49,6,43,176,1,48,129
9710213,9,2,7,20,0,9,21
9912251,43,2,41,381,2,41,101
9706206,25,4,21,103,1,24,114
1104,31,4,27,118,0,31,585
9512365,15,3,12,24,9,6,6
9908310,59,3,56,419,0,59,576
9402340,26,8,18,56,7,19,42
9812305,14,4,10,29,0,14,95
112028,3,2,1,1,0,3,18
207243,7,1,6,15,0,7,39
9802223,1,1,0,0,0,1,1
9411215,1,1,0,0,0,1,1
9908309,24,2,22,41,2,22,85
9611319,4,3,1,1,0,4,7
9504234,37,2,35,156,8,29,77
9707423,45,1,44,311,18,27,38
9602263,10,2,8,16,0,10,36
9801212,25,5,20,71,1,24,112
9305342,19,4,15,39,19,0,0
9608221,18,8,10,18,4,14,32
9308336,76,2,74,857,76,0,0
9511402,50,3,47,221,4,46,128
9908529,27,5,22,75,2,25,50
9309275,2,2,0,0,2,0,0
9905536,31,6,25,59,1,30,382
9704441,13,4,9,18,0,13,50
9907524,11,1,10,18,3,8,8
9902467,110,2,108,912,3,107,516
9411301,41,1,40,143,41,0,0
9504302,15,2,13,22,2,13,24
9707402,5,2,3,4,0,5,5
9912318,5,2,3,3,0,5,13
9509248,20,4,16,62,4,16,16
9401267,15,2,13,36,0,15,42
9604296,15,1,14,39,1,14,49
9801218,6,2,4,7,2,4,6
9504373,23,6,17,47,0,23,30
9903359,4,1,3,3,0,4,24
9804399,7,2,5,8,0,7,33
9065,32,2,30,132,1,31,113
9355,23,4,19,92,1,22,97
9909497,18,1,17,61,0,18,111
9409254,84,14,70,337,84,0,0
9904469,12,3,9,18,0,12,92
9210241,20,5,15,44,20,0,0
9504322,3,2,1,1,2,1,1
9405313,29,15,14,48,10,19,29
9209213,28,8,20,77,28,0,0
12089,9,4,5,12,2,7,16
9508325,67,24,43,80,41,26,34
9608398,6,3,3,4,0,6,10
101133,9,3,6,9,0,9,63
8184,10,3,7,18,0,10,24
9310281,13,2,11,28,7,6,11
9712541,7,1,6,15,1,6,7
4268,1,1,0,0,1,0,0
3035,10,3,7,12,0,10,70
9909558,30,3,27,101,0,30,156
9911262,60,4,56,348,1,59,456
7192,49,11,38,183,3,46,227
9709432,104,4,100,962,0,104,659
212315,0,0,0,0,0,0,0
108273,10,3,7,16,1,9,58
6304,6,4,2,2,0,6,28
103123,13,3,10,18,0,13,91
203154,12,1,11,29,0,12,166
110235,3,1,2,2,0,3,3
9507298,27,2,25,96,20,7,12
9212215,2,1,1,1,2,0,0
106322,2,2,0,0,0,2,22
5055,2,2,0,0,0,2,14
12028,1,1,0,0,1,0,0
3086,28,2,26,78,0,28,250
9703320,13,4,9,20,0,13,90
9902290,10,3,7,9,0,10,96
9901443,16,6,10,25,0,16,217
9809396,8,2,6,11,1,7,49
9606418,3,2,1,1,0,3,15
9804307,5,1,4,6,0,5,28
7244,2,2,0,0,0,2,6
109197,11,4,7,20,0,11,193
9904321,8,3,5,8,1,7,58
9408345,2,1,1,1,0,2,10
9310330,11,2,9,17,11,0,0
9812257,17,3,14,36,1,16,111
9411303,73,4,69,504,20,53,183
9403387,67,3,64,276,45,22,24
9307315,10,3,7,24,3,7,7
108258,2,2,0,0,0,2,6
9603233,8,4,4,5,1,7,18
9302211,6,2,4,7,6,0,0
9506462,3,2,1,1,0,3,5
9602268,1,1,0,0,0,1,5
9909502,12,2,10,27,0,12,20
4262,15,6,9,19,0,15,136
9707395,62,6,56,424,1,61,405
9603417,22,1,21,118,1,21,29
107095,1,1,0,0,1,0,0
9408331,5,3,2,2,5,0,0
9709436,4,3,1,1,1,3,13
9511299,1,1,0,0,1,0,0
9911490,11,2,9,13,0,11,171
11254,21,6,15,44,2,19,172
9407285,2,2,0,0,1,1,2
9506436,16,6,10,27,12,4,4
9409377,7,3,4,4,7,0,0
104117,5,1,4,7,0,5,53
9807251,39,6,33,112,1,38,287
9406212,38,17,21,62,9,29,48
9311285,19,2,17,46,0,19,19
9507434,13,4,9,26,1,12,21
9203219,15,9,6,10,15,0,0
109195,1,1,0,0,0,1,1
9407208,5,4,1,1,2,3,16
9704324,17,3,14,48,2,15,32
9609284,7,4,3,7,0,7,47
9504275,3,3,0,0,0,3,10
9609263,21,11,10,21,4,17,93
9612300,31,4,27,93,0,31,236
9609231,10,4,6,15,0,10,12
9710559,2,2,0,0,1,1,1
9307311,27,5,22,88,27,0,0
4215,19,15,4,4,0,19,95
9503450,1,1,0,0,1,0,0
9711481,14,3,11,30,0,14,72
9301217,3,2,1,1,1,2,2
9411252,10,3,7,15,0,10,59
9706482,27,6,21,63,0,27,180
9512439,29,6,23,47,12,17,25
9805275,5,3,2,3,1,4,15
108073,25,11,14,33,1,24,219
9801309,1,1,0,0,1,0,0
9505340,27,14,13,39,3,24,33
7181,28,7,21,74,0,28,280
9810322,22,1,21,102,17,5,5
9506276,2,1,1,1,0,2,12
9603384,7,3,4,12,1,6,28
9812447,2,2,0,0,0,2,8
9712502,14,6,8,11,10,4,4
9911305,6,1,5,8,4,2,2
6047,17,4,13,35,0,17,87
9404357,62,9,53,225,50,12,19
9708346,23,7,16,67,1,22,93
5186,2,1,1,1,0,2,8
101351,3,2,1,1,0,3,26
9711411,7,2,5,7,4,3,3
5224,4,1,3,5,0,4,16
11160,24,8,16,37,2,22,71
9507242,15,1,14,62,0,15,41
110014,3,2,1,1,0,3,21
9907470,3,3,0,0,0,3,11
9603322,11,6,5,12,5,6,6
9912520,9,1,8,23,5,4,7
9902273,21,2,19,125,0,21,241
9803368,44,7,37,149,5,39,312
9910416,23,2,21,70,23,0,0
9196,3,1,2,2,0,3,19
9506356,10,3,7,15,10,0,0
9510210,3,2,1,1,1,2,4
9503419,3,3,0,0,1,2,2
9706326,6,1,5,8,2,4,4
9706454,9,3,6,12,0,9,113
101066,3,3,0,0,0,3,14
9704336,15,3,12,46,0,15,126
9411392,13,1,12,38,1,12,94
105034,3,2,1,1,0,3,15
101037,4,2,2,3,1,3,3
9911297,7,4,3,4,0,7,37
9702310,8,5,3,4,0,8,141
9508332,6,2,4,4,1,5,7
9908219,5,5,0,0,0,5,26
9705237,1,1,0,0,0,1,4
9206235,6,6,0,0,6,0,0
9808303,12,2,10,14,1,11,28
9611255,4,1,3,5,0,4,75
9810208,5,3,2,3,5,0,0
9806372,3,3,0,0,0,3,12
9703210,26,3,23,82,8,18,18
9401238,8,4,4,7,1,7,7
107291,26,5,21,73,2,24,57
9908439,2,2,0,0,1,1,2
9902375,25,17,8,11,18,7,12
9510289,18,1,17,35,13,5,7
9502341,22,3,19,121,5,17,17
9810477,2,2,0,0,1,1,1
9612291,12,6,6,7,2,10,40
9701354,6,3,3,4,4,2,5
102111,16,5,11,34,0,16,76
103052,12,5,7,11,1,11,42
9701366,8,6,2,2,0,8,13
9609377,13,2,11,19,0,13,26
9909304,26,5,21,51,3,23,69
105129,10,1,9,15,1,9,24
9610504,4,2,2,2,1,3,6
11143,7,2,5,10,0,7,59
108100,19,8,11,25,0,19,86
9911480,1,1,0,0,0,1,2
9604311,3,1,2,3,3,0,0
9508297,16,2,14,67,2,14,21
201148,9,1,8,19,2,7,13
9708431,10,7,3,7,0,10,23
9507244,3,2,1,1,0,3,21
9410307,11,2,9,25,11,0,0
9810275,31,5,26,88,2,29,148
9505285,30,9,21,55,18,12,12
9607439,26,7,19,53,0,26,55
9710341,6,5,1,1,1,5,20
9606310,31,4,27,90,0,31,162
9903257,5,3,2,2,0,5,40
7161,0,0,0,0,0,0,0
9710533,2,2,0,0,0,2,3
9510212,17,6,11,25,3,14,14
9612450,7,4,3,5,0,7,39
9309231,5,2,3,4,0,5,21
9911369,15,2,13,40,1,14,55
9511341,23,3,20,101,1,22,89
9603397,19,6,13,25,8,11,26
1119,17,1,16,56,0,17,101
10080,12,8,4,5,1,11,89
109264,2,2,0,0,0,2,5
9087,1,1,0,0,0,1,5
9906433,6,4,2,3,2,4,14
9243,0,0,0,0,0,0,0
108021,36,1,35,206,0,36,237
109126,2,1,1,1,0,2,12
105224,6,2,4,9,0,6,50
9804404,9,4,5,10,5,4,4
111133,10,4,6,12,0,10,51
9412372,6,1,5,10,0,6,17
9502272,4,2,2,2,4,0,0
112337,3,2,1,2,0,3,19
9612247,1,1,0,0,1,0,0
9706262,4,3,1,1,0,4,13
9710220,3,2,1,1,3,0,0
9803238,3,3,0,0,2,1,2
9902411,13,5,8,14,0,13,115
9706450,31,1,30,138,2,29,127
9807564,1,1,0,0,0,1,3
9304314,5,2,3,3,4,1,1
3113,11,5,6,19,3,8,22
9910283,10,5,5,12,1,9,113
9612477,0,0,0,0,0,0,0
9901286,1,1,0,0,0,1,9
9405236,13,6,7,14,13,0,0
107162,4,3,1,1,0,4,23
12231,10,1,9,16,0,10,27
9609249,1,1,0,0,0,1,1
9306244,16,7,9,24,1,15,26
4246,5,1,4,6,0,5,16
9502217,7,2,5,7,3,4,4
9609353,5,3,2,2,1,4,7
9910311,2,2,0,0,0,2,3
9910338,49,5,44,420,21,28,41
9403241,3,2,1,2,3,0,0
9508407,7,2,5,7,0,7,23
9801274,1,1,0,0,0,1,2
9703315,15,2,13,40,11,4,7
112150,1,1,0,0,0,1,5
9911529,2,2,0,0,0,2,4
9711352,3,3,0,0,0,3,25
9909388,18,4,14,38,1,17,67
9705390,11,6,5,9,0,11,39
9402252,1,1,0,0,0,1,2
9903508,3,2,1,1,0,3,6
9811302,4,2,2,2,0,4,6
9912325,2,2,0,0,2,0,0
9906304,2,1,1,1,0,2,7
9901315,3,1,2,3,0,3,12
102254,9,4,5,9,0,9,53
6023,10,3,7,24,0,10,18
9612451,29,11,18,72,4,25,47
9910552,2,1,1,1,1,1,2
9604337,13,1,12,28,9,4,25
9511250,7,4,3,3,7,0,0
9412269,8,2,6,13,8,0,0
9211225,3,3,0,0,3,0,0
206003,7,4,3,3,5,2,4
9505222,13,4,9,18,0,13,45
9805306,6,1,5,9,1,5,16
9703263,2,2,0,0,0,2,5
9808465,1,1,0,0,0,1,1
9512418,6,4,2,2,1,5,10
9308355,4,3,1,1,0,4,7
9803201,7,1,6,11,7,0,0
9906490,9,1,8,31,0,9,48
3204,4,1,3,4,0,4,25
9905531,2,2,0,0,0,2,6
9808368,20,8,12,32,2,18,66
9610295,4,1,3,3,1,3,4
9806417,4,2,2,2,2,2,2
9412349,4,2,2,5,4,0,0
9711204,6,2,4,6,0,6,45
9705351,4,1,3,5,4,0,0
9809446,11,6,5,7,0,11,53
211018,5,2,3,3,0,5,48
9407283,9,2,7,9,8,1,1
108034,4,2,2,3,0,4,18
104210,7,2,5,7,0,7,70
110031,10,4,6,12,3,7,10
9903309,1,1,0,0,0,1,3
9603250,6,1,5,6,2,4,11
210318,1,1,0,0,0,1,9
9808431,18,4,14,65,1,17,41
9407288,3,1,2,3,3,0,0
9809272,5,2,3,3,0,5,17
9803387,8,2,6,10,1,7,14
9909393,13,6,7,17,0,13,36
9608385,4,4,0,0,1,3,3
9605442,3,2,1,1,2,1,1
9078,13,4,9,17,1,12,42
105054,3,2,1,1,0,3,24
9912478,5,2,3,6,0,5,38
206068,4,4,0,0,0,4,22
9903390,20,4,16,44,0,20,108
9901314,9,5,4,7,1,8,32
9408291,9,9,0,0,7,2,2
12291,4,2,2,3,0,4,41
9909308,1,1,0,0,0,1,5
9811508,1,1,0,0,0,1,2
9510225,1,1,0,0,1,0,0
9804281,12,3,9,18,1,11,23
9911527,1,1,0,0,0,1,2
5250,10,5,5,6,1,9,26
2007,7,4,3,5,0,7,82
9907573,2,2,0,0,1,1,1
9807230,3,1,2,3,3,0,0
9905439,8,4,4,5,1,7,23
9809461,1,1,0,0,0,1,7
5112,1,1,0,0,0,1,16
106277,4,2,2,3,0,4,33
103307,2,2,0,0,0,2,13
10343,4,4,0,0,0,4,4
9609429,5,1,4,5,4,1,1
201026,4,2,2,2,1,3,5
12381,7,2,5,5,0,7,56
110393,16,4,12,25,1,15,68
3289,8,4,4,6,2,6,11
7223,28,13,15,40,3,25,105
3100,3,2,1,1,0,3,8
112362,1,1,0,0,0,1,4
9401344,1,1,0,0,0,1,4
201134,14,7,7,8,1,13,77
7346,6,4,2,2,1,5,22
9412344,7,3,4,4,4,3,3
9907373,9,3,6,19,4,5,5
9602264,12,4,8,29,1,11,40
9606442,4,2,2,2,4,0,0
107025,0,0,0,0,0,0,0
9412257,21,1,20,65,1,20,20
206226,2,1,1,1,1,1,5
9906448,4,1,3,3,0,4,12
7091,16,2,14,47,0,16,125
9304210,3,2,1,2,3,0,0
9905341,3,2,1,1,0,3,3
108067,4,2,2,3,0,4,12
9809253,8,3,5,10,1,7,15
103275,17,1,16,29,1,16,69
9601247,3,1,2,2,0,3,6
206118,1,1,0,0,0,1,4
208256,4,1,3,3,0,4,28
9808229,2,2,0,0,0,2,5
9603222,3,3,0,0,3,0,0
9907305,2,1,1,1,0,2,7
9508265,19,4,15,31,4,15,30
9412285,8,1,7,19,8,0,0
5193,2,1,1,1,0,2,8
9503258,3,1,2,2,3,0,0
9409459,5,2,3,3,0,5,5
9607335,1,1,0,0,0,1,3
9404275,2,2,0,0,2,0,0
9908347,5,4,1,1,0,5,21
12321,5,2,3,3,0,5,37
107139,5,4,1,1,1,4,15
9810237,1,1,0,0,1,0,0
9911278,1,1,0,0,0,1,3
9806221,2,2,0,0,1,1,1
9507267,11,2,9,24,0,11,11
108247,7,2,5,8,0,7,69
9908471,1,1,0,0,0,1,2
9507270,1,1,0,0,1,0,0
9910460,1,1,0,0,0,1,11
103140,2,2,0,0,0,2,20
9311254,3,2,1,1,3,0,0
211331,4,2,2,3,0,4,49
9609499,1,1,0,0,0,1,1
9211284,16,6,10,24,16,0,0
111382,3,3,0,0,0,3,38
9812388,2,1,1,1,0,2,4
1061,3,2,1,1,0,3,13
207121,0,0,0,0,0,0,0
104263,4,1,3,3,0,4,32
9610213,7,3,4,7,0,7,25
9501366,4,2,2,2,0,4,18
211406,1,1,0,0,0,1,12
9710227,6,3,3,3,0,6,24
9508368,9,5,4,5,0,9,20
9512275,2,2,0,0,0,2,7
109179,3,3,0,0,0,3,37
9602406,3,2,1,1,3,0,0
9611281,2,1,1,1,0,2,6
2133,5,4,1,2,1,4,5
9611411,2,2,0,0,1,1,3
9506348,1,1,0,0,0,1,2
9603371,1,1,0,0,0,1,13
9908411,3,2,1,2,0,3,5
9906444,2,2,0,0,0,2,4
111387,0,0,0,0,0,0,0
9310372,1,1,0,0,1,0,0
207211,2,1,1,1,1,1,9
9402258,4,1,3,3,1,3,8
9706392,1,1,0,0,0,1,9
9608286,4,2,2,4,0,4,6
9509339,2,2,0,0,0,2,3
9401333,1,1,0,0,0,1,1
4133,0,0,0,0,0,0,0
9705450,1,1,0,0,0,1,2
9910379,13,5,8,26,1,12,39
9910423,5,1,4,6,0,5,16
9505286,2,1,1,1,2,0,0
9907493,1,1,0,0,1,0,0
9702302,2,2,0,0,0,2,3
9808300,0,0,0,0,0,0,0
212127,14,3,11,29,2,12,58
9701415,7,6,1,1,1,6,17
7344,2,1,1,1,0,2,13
9912263,1,1,0,0,0,1,13
9808448,0,0,0,0,0,0,0
6104,5,2,3,7,0,5,54
4256,7,3,4,7,0,7,74
9802280,1,1,0,0,0,1,1
9911274,1,1,0,0,0,1,6
204079,15,5,10,20,0,15,153
9909316,0,0,0,0,0,0,0
10036,4,3,1,1,0,4,7
9402221,23,4,19,87,21,2,2
9405291,6,3,3,5,5,1,1
9402238,3,2,1,1,0,3,5
3071,0,0,0,0,0,0,0
9209252,7,4,3,5,7,0,0
9411371,1,1,0,0,0,1,1
204178,0,0,0,0,0,0,0
9611231,4,2,2,2,0,4,4
9406290,1,1,0,0,0,1,1
9301222,4,3,1,1,4,0,0
9907557,2,2,0,0,0,2,14
9808289,11,9,2,3,2,9,21
9712382,7,2,5,7,5,2,2
207171,0,0,0,0,0,0,0
207258,0,0,0,0,0,0,0
9710520,0,0,0,0,0,0,0
206057,22,2,20,38,0,22,97
9902284,1,1,0,0,1,0,0
9407225,1,1,0,0,0,1,3
9809478,1,1,0,0,0,1,8
9508327,3,2,1,1,0,3,12
9611263,1,1,0,0,0,1,4
9607458,3,2,1,1,0,3,3
212019,0,0,0,0,0,0,0
9705223,7,2,5,9,0,7,12
212180,3,1,2,2,0,3,20
9907226,5,5,0,0,0,5,10
9911353,1,1,0,0,0,1,8
9403258,3,1,2,3,3,0,0
110353,4,3,1,1,0,4,31
201061,7,6,1,2,0,7,21
9212220,3,3,0,0,3,0,0
9401231,0,0,0,0,0,0,0
111334,0,0,0,0,0,0,0
9512238,1,1,0,0,0,1,1
9903283,4,2,2,3,0,4,13
9208211,5,2,3,5,5,0,0
5238,3,2,1,1,0,3,24
205061,8,2,6,21,0,8,35
2202,1,1,0,0,1,0,0
9510247,1,1,0,0,0,1,3
10078,1,1,0,0,0,1,2
9608222,13,5,8,12,6,7,21
9904505,24,4,20,82,1,23,135
205180,3,2,1,1,0,3,11
10228,8,3,5,13,1,7,18
207002,2,2,0,0,0,2,16
9402351,3,2,1,1,3,0,0
9909504,5,3,2,2,0,5,47
9706431,3,3,0,0,0,3,8
9910390,1,1,0,0,0,1,7
11205,2,2,0,0,0,2,7
9604414,1,1,0,0,0,1,1
9710502,1,1,0,0,1,0,0
9707374,2,2,0,0,1,1,5
7242,1,1,0,0,0,1,1
9902301,5,2,3,3,1,4,8
9904324,3,1,2,2,0,3,3
9707517,5,2,3,6,0,5,9
2212,7,2,5,11,1,6,24
102168,5,3,2,3,0,5,20
9809575,3,2,1,1,3,0,0
109211,0,0,0,0,0,0,0
9305346,1,1,0,0,1,0,0
9901309,2,2,0,0,0,2,7
202201,3,2,1,1,0,3,8
110050,0,0,0,0,0,0,0
105157,5,2,3,5,0,5,30
9606225,2,1,1,1,0,2,2
9402302,13,5,8,12,13,0,0
9803422,1,1,0,0,0,1,6
4183,6,4,2,3,0,6,25
9802384,8,2,6,16,2,6,7
8139,1,1,0,0,0,1,3
9607353,6,1,5,9,0,6,17
9806479,2,1,1,1,0,2,3
9510338,2,1,1,1,2,0,0
9702202,2,2,0,0,0,2,7
209082,0,0,0,0,0,0,0
11127,2,2,0,0,0,2,6
9706363,9,7,2,3,0,9,30
6080,5,5,0,0,0,5,10
101024,4,1,3,4,0,4,12
6336,3,3,0,0,0,3,4
9905453,14,3,11,34,8,6,6
112319,0,0,0,0,0,0,0
9607252,5,2,3,6,0,5,28
9906330,2,2,0,0,0,2,2
9405349,2,1,1,1,0,2,2
9902432,1,1,0,0,0,1,2
205058,1,1,0,0,0,1,5
202222,1,1,0,0,0,1,9
203167,3,2,1,1,0,3,7
9911219,4,3,1,1,1,3,4
9806397,4,3,1,1,0,4,17
9710542,2,2,0,0,1,1,4
210238,2,2,0,0,0,2,39
9503201,3,3,0,0,3,0,0
9906524,4,2,2,2,0,4,12
4061,1,1,0,0,0,1,6
106037,3,1,2,3,0,3,15
9806306,2,1,1,1,0,2,11
9303235,4,4,0,0,4,0,0
9711279,0,0,0,0,0,0,0
9802320,3,1,2,3,0,3,4
9812422,3,1,2,2,0,3,13
208128,0,0,0,0,0,0,0
9606272,2,1,1,1,0,2,3
9910490,0,0,0,0,0,0,0
9808274,0,0,0,0,0,0,0
203227,0,0,0,0,0,0,0
9404298,1,1,0,0,1,0,0
205037,8,3,5,10,0,8,160
9301257,4,1,3,4,4,0,0
3209,2,1,1,1,0,2,6
9312267,4,3,1,1,4,0,0
204058,3,2,1,1,0,3,23
9127,1,1,0,0,0,1,2
9907465,2,2,0,0,0,2,10
101302,10,1,9,19,0,10,53
201004,5,2,3,4,1,4,9
9902223,6,3,3,5,0,6,44
9704292,3,1,2,3,2,1,2
9807433,1,1,0,0,0,1,1
9409353,0,0,0,0,0,0,0
112203,2,2,0,0,1,1,4
10230,3,1,2,2,1,2,13
5298,1,1,0,0,0,1,3
204242,2,2,0,0,0,2,3
210278,1,1,0,0,0,1,8
301265,0,0,0,0,0,0,0
3056,1,1,0,0,0,1,2
9210265,6,4,2,2,6,0,0
9812352,1,1,0,0,0,1,3
9902320,4,1,3,6,4,0,0
9908420,3,2,1,1,0,3,17
102048,6,1,5,10,0,6,36
203151,1,1,0,0,0,1,5
111173,1,1,0,0,0,1,1
9711495,0,0,0,0,0,0,0
9309317,1,1,0,0,1,0,0
9807539,1,1,0,0,1,0,0
9407265,1,1,0,0,0,1,2
9708399,1,1,0,0,0,1,3
110111,0,0,0,0,0,0,0
112055,2,1,1,1,0,2,4
9911265,4,2,2,3,2,2,2
9607455,3,1,2,3,0,3,13
6261,0,0,0,0,0,0,0
9308206,1,1,0,0,0,1,1
102100,0,0,0,0,0,0,0
9607395,1,1,0,0,0,1,1
207079,9,6,3,5,0,9,96
302049,1,1,0,0,0,1,10
9503311,7,5,2,4,3,4,7
9801202,1,1,0,0,1,0,0
9502344,0,0,0,0,0,0,0
9710326,3,1,2,3,0,3,12
9402305,3,3,0,0,3,0,0
9308345,3,2,1,1,0,3,3
301206,0,0,0,0,0,0,0
9707303,3,2,1,1,3,0,0
2170,1,1,0,0,0,1,1
211434,1,1,0,0,0,1,31
6219,1,1,0,0,0,1,5
1077,1,1,0,0,0,1,2
9707403,1,1,0,0,0,1,1
112134,2,2,0,0,0,2,46
106216,2,1,1,1,0,2,4
9603295,0,0,0,0,0,0,0
9311250,3,1,2,3,0,3,6
9607226,1,1,0,0,0,1,3
9912288,2,2,0,0,1,1,2
9701274,1,1,0,0,0,1,3
7118,0,0,0,0,0,0,0
210078,4,4,0,0,0,4,26
9811510,1,1,0,0,0,1,3
102200,4,2,2,2,3,1,2
110356,1,1,0,0,0,1,1
9909550,3,2,1,1,0,3,6
9910282,4,1,3,4,0,4,18
106305,1,1,0,0,0,1,4
101158,3,1,2,2,0,3,13
9810490,1,1,0,0,0,1,1
9903286,0,0,0,0,0,0,0
9905421,1,1,0,0,0,1,1
9705410,1,1,0,0,0,1,1
9511238,0,0,0,0,0,0,0
204048,3,1,2,2,0,3,8
9808381,0,0,0,0,0,0,0
9811476,1,1,0,0,0,1,1
9908399,3,3,0,0,0,3,21
111214,2,2,0,0,1,1,1
9809502,0,0,0,0,0,0,0
9210274,1,1,0,0,1,0,0
6325,0,0,0,0,0,0,0
205268,0,0,0,0,0,0,0
9809420,1,1,0,0,0,1,1
102223,0,0,0,0,0,0,0
9611245,0,0,0,0,0,0,0
9501371,3,2,1,1,3,0,0
107020,1,1,0,0,0,1,4
8130,0,0,0,0,0,0,0
9408281,1,1,0,0,0,1,1
111247,2,1,1,1,0,2,3
4003,4,2,2,3,0,4,17
211059,2,2,0,0,0,2,16
9410315,2,1,1,1,2,0,0
9205224,0,0,0,0,0,0,0
9812509,2,2,0,0,1,1,1
206144,1,1,0,0,0,1,7
112341,1,1,0,0,0,1,6
204317,2,1,1,1,0,2,2
104252,6,4,2,2,0,6,24
110197,1,1,0,0,0,1,6
207222,4,1,3,5,0,4,48
9906410,2,1,1,1,0,2,4
208189,3,3,0,0,0,3,15
12238,1,1,0,0,1,0,0
9903463,0,0,0,0,0,0,0
9911336,0,0,0,0,0,0,0
9604422,0,0,0,0,0,0,0
9910478,1,1,0,0,1,0,0
9612208,5,3,2,2,1,4,9
211011,2,2,0,0,0,2,15
211145,2,2,0,0,1,1,5
9808442,1,1,0,0,0,1,3
212312,1,1,0,0,0,1,11
9804264,5,4,1,2,3,2,2
9501403,1,1,0,0,0,1,2
9604400,2,2,0,0,0,2,3
2117,1,1,0,0,1,0,0
9404221,1,1,0,0,1,0,0
9905399,4,1,3,3,1,3,11
302148,0,0,0,0,0,0,0
9609479,4,3,1,1,4,0,0
204266,0,0,0,0,0,0,0
210312,0,0,0,0,0,0,0
111199,6,1,5,7,0,6,49
205301,1,1,0,0,0,1,4
2189,1,1,0,0,0,1,4
209038,3,1,2,2,0,3,27
9504315,0,0,0,0,0,0,0
9604274,2,2,0,0,2,0,0
9609426,3,3,0,0,1,2,3
106299,2,1,1,1,1,1,1
102283,2,1,1,1,0,2,6
102016,2,1,1,1,0,2,7
9809382,0,0,0,0,0,0,0
9809316,0,0,0,0,0,0,0
9809370,0,0,0,0,0,0,0
6352,2,1,1,1,0,2,10
9709260,1,1,0,0,0,1,4
9809246,0,0,0,0,0,0,0
11181,0,0,0,0,0,0,0
107065,2,1,1,1,0,2,10
9912247,0,0,0,0,0,0,0
9603275,1,1,0,0,0,1,3
9312271,1,1,0,0,1,0,0
9408280,0,0,0,0,0,0,0
9608204,1,1,0,0,1,0,0
9905501,5,4,1,1,1,4,13
9502241,0,0,0,0,0,0,0
3235,0,0,0,0,0,0,0
210371,2,2,0,0,0,2,27
101198,0,0,0,0,0,0,0
9512256,2,1,1,1,2,0,0
302163,0,0,0,0,0,0,0
9607299,0,0,0,0,0,0,0
101188,1,1,0,0,0,1,4
9605322,0,0,0,0,0,0,0
107322,0,0,0,0,0,0,0
9906535,0,0,0,0,0,0,0
9701221,0,0,0,0,0,0,0
112213,1,1,0,0,0,1,2
9910503,0,0,0,0,0,0,0
101003,1,1,0,0,0,1,26
7123,5,2,3,5,1,4,8
8117,5,3,2,3,0,5,40
110349,0,0,0,0,0,0,0
301051,0,0,0,0,0,0,0
9910472,0,0,0,0,0,0,0
211444,2,1,1,1,0,2,16
9506424,4,2,2,3,4,0,0
9802375,1,1,0,0,1,0,0
208146,1,1,0,0,0,1,1
9602382,0,0,0,0,0,0,0
211177,0,0,0,0,0,0,0
9603432,0,0,0,0,0,0,0
9909257,2,2,0,0,0,2,2
205077,0,0,0,0,0,0,0
212139,0,0,0,0,0,0,0
9905546,1,1,0,0,0,1,2
9605360,1,1,0,0,0,1,1
204251,1,1,0,0,0,1,3
301023,0,0,0,0,0,0,0
9909446,2,1,1,1,0,2,6
9505205,2,2,0,0,2,0,0
9912387,2,2,0,0,0,2,5
109192,1,1,0,0,1,0,0
9607219,0,0,0,0,0,0,0
201265,3,3,0,0,0,3,31
9905285,0,0,0,0,0,0,0
210411,1,1,0,0,1,0,0
9811398,1,1,0,0,1,0,0
206182,2,1,1,1,0,2,13
9905362,1,1,0,0,0,1,2
209359,0,0,0,0,0,0,0
212389,0,0,0,0,0,0,0
212056,0,0,0,0,0,0,0
112336,1,1,0,0,0,1,4
9912244,0,0,0,0,0,0,0
201190,1,1,0,0,0,1,1
105082,1,1,0,0,0,1,5
9903231,0,0,0,0,0,0,0
9902414,1,1,0,0,0,1,4
9603352,3,2,1,1,0,3,4
301268,0,0,0,0,0,0,0
9507338,1,1,0,0,0,1,5
302127,0,0,0,0,0,0,0
106340,2,1,1,1,2,0,0
301030,0,0,0,0,0,0,0
106008,0,0,0,0,0,0,0
9705336,0,0,0,0,0,0,0
9505351,1,1,0,0,1,0,0
212218,0,0,0,0,0,0,0
9711230,0,0,0,0,0,0,0
111451,0,0,0,0,0,0,0
9911374,2,2,0,0,0,2,6
9508240,1,1,0,0,1,0,0
1060,1,1,0,0,1,0,0
9909400,0,0,0,0,0,0,0
9612382,0,0,0,0,0,0,0
9608493,1,1,0,0,1,0,0
9501217,1,1,0,0,1,0,0
9503342,0,0,0,0,0,0,0
9802257,0,0,0,0,0,0,0
9709361,0,0,0,0,0,0,0
210006,0,0,0,0,0,0,0
209104,0,0,0,0,0,0,0
9902249,0,0,0,0,0,0,0
9109,0,0,0,0,0,0,0
9801378,2,2,0,0,2,0,0
9806247,0,0,0,0,0,0,0
9810225,1,1,0,0,0,1,2
10256,0,0,0,0,0,0,0
102026,0,0,0,0,0,0,0
111462,0,0,0,0,0,0,0
9912411,0,0,0,0,0,0,0
9610436,0,0,0,0,0,0,0
9905534,0,0,0,0,0,0,0
9509330,0,0,0,0,0,0,0
9909300,1,1,0,0,0,1,7
6081,1,1,0,0,0,1,2
9610548,0,0,0,0,0,0,0
208236,0,0,0,0,0,0,0
9611339,0,0,0,0,0,0,0
210398,1,1,0,0,0,1,8
202234,0,0,0,0,0,0,0
9706293,0,0,0,0,0,0,0
212058,0,0,0,0,0,0,0
9605415,0,0,0,0,0,0,0
9312242,0,0,0,0,0,0,0
9802355,0,0,0,0,0,0,0
9608381,0,0,0,0,0,0,0
9403372,0,0,0,0,0,0,0
211137,0,0,0,0,0,0,0
9603257,0,0,0,0,0,0,0
209063,1,1,0,0,0,1,13
9503257,0,0,0,0,0,0,0
1068,0,0,0,0,0,0,0
102062,0,0,0,0,0,0,0
9811218,3,2,1,1,3,0,0
9506312,0,0,0,0,0,0,0
9907289,0,0,0,0,0,0,0
9911236,0,0,0,0,0,0,0
9707267,0,0,0,0,0,0,0
301140,0,0,0,0,0,0,0
9408206,1,1,0,0,0,1,1
111459,0,0,0,0,0,0,0
3158,1,1,0,0,0,1,1
9512408,0,0,0,0,0,0,0
11290,0,0,0,0,0,0,0
211234,0,0,0,0,0,0,0
9907404,1,1,0,0,0,1,4
9305316,0,0,0,0,0,0,0
9511475,0,0,0,0,0,0,0
9906464,0,0,0,0,0,0,0
9212269,0,0,0,0,0,0,0
301185,1,1,0,0,0,1,4
9902288,1,1,0,0,0,1,4
9507206,3,1,2,3,1,2,6
9510432,0,0,0,0,0,0,0
209053,1,1,0,0,0,1,2
10034,0,0,0,0,0,0,0
210012,1,1,0,0,0,1,1
1220,0,0,0,0,0,0,0
111238,0,0,0,0,0,0,0
210280,0,0,0,0,0,0,0
9910418,0,0,0,0,0,0,0
9701281,0,0,0,0,0,0,0
103279,0,0,0,0,0,0,0
109251,0,0,0,0,0,0,0
204346,1,1,0,0,0,1,4
209045,0,0,0,0,0,0,0
9901301,1,1,0,0,0,1,3
5289,0,0,0,0,0,0,0
302200,0,0,0,0,0,0,0
9507333,0,0,0,0,0,0,0
205118,0,0,0,0,0,0,0
207209,0,0,0,0,0,0,0
9807437,0,0,0,0,0,0,0
9603399,0,0,0,0,0,0,0
208263,1,1,0,0,0,1,5
302258,0,0,0,0,0,0,0
9706549,0,0,0,0,0,0,0
9912440,0,0,0,0,0,0,0
11042,0,0,0,0,0,0,0
206165,0,0,0,0,0,0,0
9306283,0,0,0,0,0,0,0
209226,2,2,0,0,0,2,8
102115,0,0,0,0,0,0,0
207292,0,0,0,0,0,0,0
9601286,0,0,0,0,0,0,0
209240,1,1,0,0,0,1,2
204177,0,0,0,0,0,0,0
7153,0,0,0,0,0,0,0
9905438,2,1,1,1,1,1,1
204104,0,0,0,0,0,0,0
111126,0,0,0,0,0,0,0
9908282,0,0,0,0,0,0,0
9808208,1,1,0,0,0,1,4
9612350,0,0,0,0,0,0,0
110211,2,1,1,1,2,0,0
3001,2,1,1,1,0,2,5
9806410,0,0,0,0,0,0,0
9406336,0,0,0,0,0,0,0
9803247,0,0,0,0,0,0,0
9705381,0,0,0,0,0,0,0
9601341,1,1,0,0,1,0,0
212409,0,0,0,0,0,0,0
111386,0,0,0,0,0,0,0
101332,1,1,0,0,0,1,22
9309205,1,1,0,0,0,1,7
9904406,0,0,0,0,0,0,0
212013,0,0,0,0,0,0,0
9409228,0,0,0,0,0,0,0
201063,0,0,0,0,0,0,0
210421,0,0,0,0,0,0,0
9611287,0,0,0,0,0,0,0
302008,0,0,0,0,0,0,0
9606322,0,0,0,0,0,0,0
102066,0,0,0,0,0,0,0
9502228,0,0,0,0,0,0,0
211070,0,0,0,0,0,0,0
9807365,0,0,0,0,0,0,0
9607257,2,1,1,1,0,2,2
9609505,0,0,0,0,0,0,0
9912433,0,0,0,0,0,0,0
2025,1,1,0,0,0,1,2
206255,0,0,0,0,0,0,0
9803330,0,0,0,0,0,0,0
110168,0,0,0,0,0,0,0
2296,0,0,0,0,0,0,0
9611269,0,0,0,0,0,0,0
9606479,0,0,0,0,0,0,0
9306312,0,0,0,0,0,0,0
9806464,1,1,0,0,0,1,2
9809536,0,0,0,0,0,0,0
9409462,0,0,0,0,0,0,0
9603280,0,0,0,0,0,0,0
9306215,1,1,0,0,1,0,0
202215,0,0,0,0,0,0,0
301036,0,0,0,0,0,0,0
212237,0,0,0,0,0,0,0
209060,0,0,0,0,0,0,0
9212311,1,1,0,0,1,0,0
9707288,0,0,0,0,0,0,0
9711502,0,0,0,0,0,0,0
9709462,0,0,0,0,0,0,0
302066,0,0,0,0,0,0,0
9902358,0,0,0,0,0,0,0
4022,0,0,0,0,0,0,0
9329,0,0,0,0,0,0,0
9907247,0,0,0,0,0,0,0
210253,0,0,0,0,0,0,0
302113,0,0,0,0,0,0,0
9801367,0,0,0,0,0,0,0
9412262,0,0,0,0,0,0,0
204203,0,0,0,0,0,0,0
9070,0,0,0,0,0,0,0
9809299,0,0,0,0,0,0,0
9506337,0,0,0,0,0,0,0
302229,0,0,0,0,0,0,0
101330,0,0,0,0,0,0,0
302180,0,0,0,0,0,0,0
212338,0,0,0,0,0,0,0
1126,0,0,0,0,0,0,0
9609514,0,0,0,0,0,0,0
106133,0,0,0,0,0,0,0
201269,0,0,0,0,0,0,0
111372,0,0,0,0,0,0,0
9803214,10,1,9,20,1,9,9
3323,31,8,23,113,1,30,362
103211,16,2,14,31,0,16,200
9307318,8,1,7,24,8,0,0
9902256,49,7,42,156,5,44,112
9612433,105,11,94,474,105,0,0
211224,1,1,0,0,0,1,6
9806351,26,3,23,114,2,24,89
9302272,21,9,12,25,21,0,0
104105,3,2,1,1,0,3,6
9511260,26,4,22,53,0,26,54
9705341,20,3,17,45,1,19,70
9811330,4,1,3,3,1,3,17
105325,8,3,5,7,0,8,60
9311320,17,8,9,15,10,7,17
9702265,27,5,22,69,1,26,70
2238,13,4,9,33,0,13,117
9409263,14,4,10,17,12,2,2
9603409,11,3,8,19,0,11,24
9404280,40,6,34,119,20,20,23
9804403,205,5,200,2671,23,182,446
9510310,4,2,2,3,3,1,1
9212285,41,9,32,109,21,20,20
9406404,12,1,11,28,1,11,21
9501222,24,4,20,54,7,17,23
9403364,76,7,69,334,76,0,0
2108,106,6,100,760,14,92,508
9806272,36,3,33,170,3,33,117
9709388,109,8,101,874,43,66,66
9507352,17,9,8,12,7,10,26
9602333,24,5,19,56,5,19,64
9809415,74,4,70,473,4,70,270
9907390,45,4,41,201,0,45,204
9807267,31,5,26,66,17,14,14
9709438,22,3,19,89,3,19,59
9702229,1,1,0,0,0,1,3
9602386,13,6,7,11,3,10,44
9812361,20,2,18,79,17,3,5
9711421,18,6,12,38,4,14,36
9711259,23,2,21,100,13,10,13
9601332,8,3,5,9,0,8,16
9502304,15,5,10,18,4,11,13
9803255,5,1,4,6,1,4,8
9812256,41,6,35,210,3,38,238
9903302,12,3,9,23,0,12,78
9402253,107,24,83,334,21,86,203
9209251,130,7,123,1160,130,0,0
9604251,6,2,4,7,0,6,35
9903465,34,2,32,151,0,34,376
9701253,35,3,32,79,35,0,0
9206238,11,10,1,1,11,0,0
9712398,32,5,27,105,5,27,150
9511462,12,6,6,6,1,11,67
9306259,52,10,42,176,52,0,0
9402363,19,4,15,83,1,18,54
9711246,88,2,86,867,2,86,519
9408384,287,9,278,3253,276,11,11
9612261,13,4,9,17,4,9,46
9706307,19,3,16,43,0,19,174
9412393,27,4,23,60,6,21,27
9703435,1,1,0,0,1,0,0
9902239,35,4,31,99,2,33,127
9312311,131,14,117,654,30,101,211
9510313,16,1,15,53,3,13,26
1266,8,2,6,21,0,8,23
9910297,1,1,0,0,0,1,7
9710336,39,4,35,159,1,38,298
8226,10,1,9,19,0,10,63
9807332,20,2,18,65,0,20,61
9310319,53,4,49,235,53,0,0
9805422,75,9,66,247,31,44,74
9905463,13,4,9,13,0,13,94
9608314,3,1,2,2,0,3,10
9805217,87,3,84,672,9,78,122
9302210,154,24,130,1104,57,97,219
9502321,26,7,19,56,1,25,114
9504349,34,3,31,100,34,0,0
9405232,5,5,0,0,3,2,2
9803267,3,3,0,0,3,0,0
9407401,40,6,34,145,23,17,18
8099,12,5,7,17,0,12,38
9904478,21,6,15,35,5,16,25
9608229,41,1,40,239,24,17,17
9604272,36,12,24,70,15,21,49
9209218,5,3,2,2,5,0,0
9611355,5,3,2,3,2,3,3
9406233,13,6,7,12,13,0,0
9402298,24,4,20,70,21,3,3
9208220,12,4,8,16,12,0,0
102170,0,0,0,0,0,0,0
9803454,45,2,43,232,1,44,260
9610277,4,2,2,2,0,4,7
9804275,13,5,8,29,1,12,175
9311339,72,13,59,397,20,52,114
9203206,13,5,8,11,13,0,0
9403290,146,3,143,1398,85,61,61
9503411,55,3,52,302,18,37,49
106176,6,1,5,8,0,6,34
9604398,31,3,28,102,8,23,91
9804357,15,5,10,18,3,12,42
9206239,13,3,10,34,13,0,0
9401317,21,7,14,54,21,0,0
9902430,40,2,38,172,2,38,149
9411358,5,5,0,0,3,2,2
101251,5,4,1,1,1,4,17
9709443,10,1,9,37,0,10,74
9812289,20,7,13,21,1,19,98
9710255,48,2,46,447,5,43,243
9912329,54,4,50,520,1,53,191
9707263,28,2,26,95,1,27,116
2123,24,1,23,82,0,24,358
9808444,69,2,67,874,0,69,239
9908314,13,1,12,51,0,13,81
9406220,21,2,19,77,5,16,32
9812515,7,2,5,11,0,7,25
112206,15,6,9,27,0,15,123
210415,5,1,4,8,0,5,32
9306214,19,4,15,71,10,9,17
9409358,3,3,0,0,2,1,2
9909334,25,12,13,24,1,24,169
9712255,1,1,0,0,0,1,1
9505245,33,4,29,129,0,33,121
9708226,13,2,11,31,1,12,47
9606241,22,2,20,77,8,14,38
9806213,22,3,19,49,0,22,168
9510287,6,5,1,1,0,6,35
9610544,56,13,43,135,26,30,56
9311316,33,3,30,150,33,0,0
9603410,10,5,5,10,7,3,3
9909266,15,1,14,47,0,15,126
9610545,7,2,5,14,7,0,0
9906281,46,2,44,287,1,45,249
9705391,12,2,10,23,0,12,50
9910315,16,7,9,16,0,16,51
11077,0,0,0,0,0,0,0
9412301,24,5,19,66,3,21,21
9504313,17,3,14,56,3,14,20
9606281,13,5,8,21,8,5,14
9501224,12,2,10,26,12,0,0
9511388,72,3,69,597,9,63,200
9404279,9,2,7,12,9,0,0
9605296,49,8,41,217,0,49,191
9510303,15,5,10,29,2,13,13
9510441,8,2,6,8,0,8,19
9602385,28,5,23,86,23,5,5
9806246,22,8,14,33,2,20,38
9337,59,3,56,429,42,17,17
10194,14,3,11,45,3,11,79
2126,14,10,4,4,1,13,48
9411444,24,4,20,61,2,22,34
9904497,12,2,10,24,1,11,93
9809504,6,4,2,2,0,6,19
107329,5,4,1,1,0,5,59
9406245,45,6,39,185,30,15,18
9210255,10,5,5,8,10,0,0
12168,2,1,1,1,2,0,0
9901256,3,2,1,1,0,3,11
9504335,7,2,5,8,0,7,10
11241,76,4,72,512,0,76,1051
10146,15,3,12,30,5,10,41
9405301,9,5,4,6,3,6,10
9405425,14,3,11,47,14,0,0
5221,7,6,1,1,0,7,52
9702287,28,10,18,34,3,25,101
9910474,35,3,32,153,0,35,235
9911294,40,1,39,234,0,40,230
10315,5,3,2,2,3,2,3
9710539,23,3,20,54,3,20,32
3261,44,3,41,405,0,44,230
109078,32,3,29,158,0,32,410
12129,2,1,1,1,0,2,5
208050,2,1,1,1,0,2,16
204218,11,4,7,12,0,11,155
9904510,26,4,22,132,0,26,502
9510304,28,2,26,109,28,0,0
9304261,6,3,3,7,6,0,0
109258,3,2,1,1,0,3,15
11132,12,8,4,10,0,12,48
103189,1,1,0,0,1,0,0
7320,12,2,10,19,0,12,98
9703321,7,3,4,5,0,7,14
9405342,27,10,17,50,10,17,35
9902423,44,5,39,285,20,24,43
9811215,2,2,0,0,0,2,8
9608313,11,7,4,5,2,9,28
9203213,5,3,2,2,5,0,0
5101,5,4,1,1,0,5,16
109238,25,2,23,77,0,25,187
9905437,22,10,12,26,0,22,276
9203210,4,2,2,3,4,0,0
9505259,18,3,15,41,11,7,9
9609350,3,2,1,2,0,3,11
9601349,54,3,51,207,2,52,366
9508409,53,9,44,130,2,51,162
9502270,39,3,36,143,28,11,11
2135,7,4,3,5,0,7,22
9306321,5,2,3,4,0,5,12
9411246,4,2,2,3,0,4,4
9510207,16,3,13,27,4,12,20
9603356,4,1,3,4,0,4,4
2134,21,5,16,48,1,20,110
9706501,13,4,9,19,0,13,110
9710545,14,2,12,35,0,14,92
9801279,20,2,18,85,0,20,87
8204,22,3,19,77,2,20,65
9408376,15,3,12,28,6,9,12
9712447,5,1,4,7,0,5,23
9603405,1,1,0,0,0,1,1
9912391,34,4,30,107,0,34,173
9912226,23,3,20,106,0,23,246
9502318,9,7,2,2,0,9,42
9602358,6,3,3,4,6,0,0
9707503,2,1,1,1,2,0,0
9901298,2,2,0,0,0,2,6
9807572,2,2,0,0,0,2,7
9406350,23,5,18,60,10,13,14
9312237,21,5,16,33,2,19,32
9509279,29,10,19,47,29,0,0
9302256,11,4,7,14,11,0,0
9710462,4,2,2,3,4,0,0
9507402,2,2,0,0,0,2,5
9706386,3,2,1,1,1,2,2
9701361,10,4,6,8,0,10,62
9507398,33,5,28,69,0,33,145
9610380,8,4,4,11,6,2,3
9612489,3,2,1,1,0,3,12
9609378,11,2,9,19,1,10,27
9711403,21,5,16,46,19,2,3
9207228,20,3,17,42,20,0,0
9406231,13,6,7,20,13,0,0
9506266,4,1,3,5,4,0,0
9712236,13,3,10,15,1,12,109
9301285,7,5,2,4,0,7,15
9411334,29,5,24,64,2,27,98
9606438,10,1,9,20,0,10,129
9601296,2,2,0,0,0,2,2
9605430,5,4,1,1,5,0,0
108147,10,2,8,15,0,10,31
108112,12,5,7,16,2,10,39
9704283,14,3,11,29,6,8,15
203014,0,0,0,0,0,0,0
9810437,16,2,14,56,0,16,20
9507246,39,4,35,197,1,38,197
9608350,13,5,8,17,0,13,94
9708329,14,2,12,18,14,0,0
9807320,11,2,9,16,0,11,17
101160,1,1,0,0,0,1,4
6116,11,3,8,21,0,11,133
9407368,5,4,1,2,0,5,24
9708467,11,5,6,14,0,11,22
9912301,4,3,1,2,0,4,19
108249,2,1,1,1,0,2,2
9801223,13,4,9,29,5,8,9
9132,0,0,0,0,0,0,0
9705354,12,5,7,30,2,10,10
9704330,0,0,0,0,0,0,0
7055,6,2,4,6,0,6,23
209229,0,0,0,0,0,0,0
9603341,13,3,10,15,2,11,11
9603362,1,1,0,0,0,1,7
9904318,8,1,7,26,0,8,37
9312315,18,4,14,40,18,0,0
106245,19,6,13,44,0,19,116
12040,1,1,0,0,0,1,14
9509374,14,1,13,23,6,8,13
9501274,3,2,1,1,3,0,0
9508277,9,3,6,8,0,9,29
9408395,2,1,1,1,0,2,3
9710350,3,3,0,0,0,3,19
104284,15,5,10,23,0,15,106
9704428,23,4,19,116,0,23,278
9508342,2,1,1,1,0,2,10
9404213,5,2,3,9,5,0,0
9607266,9,2,7,16,0,9,14
9405330,3,3,0,0,1,2,3
9703269,1,1,0,0,0,1,13
9352,1,1,0,0,0,1,4
9911257,8,2,6,10,1,7,27
9507323,3,1,2,2,0,3,19
9507381,3,2,1,1,2,1,1
9905366,4,3,1,1,0,4,33
9610549,27,3,24,93,9,18,24
9812455,19,4,15,68,2,17,24
9806476,2,2,0,0,0,2,6
9806499,15,1,14,29,0,15,36
9708432,2,2,0,0,0,2,2
104137,21,3,18,77,5,16,16
9909356,5,2,3,4,0,5,66
9708386,6,5,1,1,0,6,33
9512239,16,8,8,17,2,14,23
9602208,30,1,29,127,5,25,65
9806511,2,1,1,1,2,0,0
9504278,6,1,5,6,5,1,1
9704262,28,8,20,54,5,23,55
105071,42,8,34,124,4,38,187
104266,8,3,5,9,2,6,21
9808322,8,2,6,8,3,5,12
9412305,10,2,8,14,9,1,1
3121,4,3,1,1,0,4,21
106049,2,2,0,0,0,2,11
9808232,28,2,26,123,0,28,190
12289,24,5,19,59,4,20,80
108145,15,3,12,40,0,15,59
9511424,5,3,2,2,2,3,4
9707492,9,4,5,11,2,7,19
9511325,6,3,3,3,1,5,13
202090,11,1,10,20,0,11,52
9710240,2,1,1,1,0,2,10
9605238,6,4,2,2,1,5,18
9603247,30,4,26,116,2,28,68
9908334,15,2,13,31,0,15,57
9612265,10,3,7,15,1,9,19
9709245,8,4,4,5,0,8,27
9604279,20,3,17,39,5,15,40
9407235,4,3,1,1,1,3,3
9903413,13,7,6,9,1,12,58
6090,7,2,5,7,0,7,26
9307325,13,4,9,31,13,0,0
9208244,16,8,8,11,5,11,13
9704359,10,7,3,5,0,10,41
9404312,4,1,3,3,0,4,40
1072,32,5,27,85,0,32,68
9712369,13,3,10,25,1,12,46
9612318,16,5,11,17,1,15,36
1196,15,5,10,31,0,15,61
110036,1,1,0,0,0,1,3
110041,7,5,2,2,2,5,5
10088,7,3,4,7,0,7,45
9907314,15,2,13,31,2,13,42
9912343,25,7,18,44,0,25,119
108139,28,3,25,109,0,28,261
1044,3,1,2,2,0,3,15
107113,11,1,10,34,0,11,37
9602420,1,1,0,0,0,1,1
9702253,5,2,3,4,5,0,0
9503313,5,2,3,3,0,5,34
9509345,2,2,0,0,0,2,6
203223,11,2,9,22,0,11,226
9702374,0,0,0,0,0,0,0
9508225,23,13,10,14,2,21,29
9804322,4,4,0,0,0,4,13
9511253,1,1,0,0,0,1,1
9903536,5,3,2,3,1,4,34
9709348,40,8,32,125,1,39,190
9809425,8,2,6,17,0,8,57
9306305,4,4,0,0,2,2,2
9511441,2,2,0,0,2,0,0
9905571,17,5,12,33,0,17,143
9410318,3,3,0,0,3,0,0
102134,7,5,2,2,0,7,10
9503206,5,2,3,5,5,0,0
110035,12,1,11,27,0,12,115
209187,24,14,10,12,0,24,99
9806207,3,1,2,3,2,1,1
9401291,19,8,11,20,3,16,35
9131,7,2,5,5,2,5,22
9509284,5,2,3,3,1,4,8
9309239,1,1,0,0,0,1,1
9030,3,2,1,1,2,1,1
9912503,35,1,34,309,0,35,99
9409225,16,7,9,27,12,4,4
9312358,7,1,6,8,7,0,0
9610437,8,2,6,15,4,4,4
9809363,28,4,24,108,1,27,149
9905420,2,1,1,1,0,2,6
9801304,14,4,10,13,0,14,52
9808413,3,3,0,0,0,3,20
9601254,5,2,3,4,2,3,3
9706484,4,3,1,1,0,4,14
9506478,2,2,0,0,0,2,2
9601242,9,5,4,7,9,0,0
9902436,5,3,2,2,0,5,19
8290,10,4,6,12,1,9,43
9906324,6,4,2,3,0,6,10
9801388,8,2,6,10,1,7,76
9501344,14,3,11,36,11,3,3
6201,11,2,9,16,0,11,17
9701205,8,2,6,21,0,8,39
9507394,5,3,2,5,5,0,0
9604429,12,1,11,22,2,10,10
9604439,5,4,1,1,5,0,0
9808438,6,1,5,11,3,3,3
9806217,2,2,0,0,0,2,4
9210208,23,4,19,95,23,0,0
9610256,1,1,0,0,0,1,3
9611322,8,3,5,16,0,8,9
9704291,4,3,1,1,0,4,21
9712307,9,4,5,6,0,9,43
9602392,7,6,1,1,5,2,4
9803396,24,6,18,47,8,16,25
9910532,3,3,0,0,1,2,7
9907562,3,3,0,0,3,0,0
7050,3,2,1,1,0,3,19
6292,1,1,0,0,0,1,4
109194,0,0,0,0,0,0,0
102036,0,0,0,0,0,0,0
9508377,2,1,1,1,2,0,0
9501218,2,1,1,1,0,2,2
9711455,7,2,5,7,0,7,22
9802336,3,1,2,2,0,3,3
9607245,26,6,20,55,3,23,36
211069,6,3,3,6,0,6,42
9209273,4,2,2,3,4,0,0
9508305,3,2,1,2,2,1,1
9705364,10,1,9,33,2,8,12
201245,4,1,3,5,0,4,25
9802388,4,3,1,1,1,3,13
9706384,1,1,0,0,0,1,3
205099,2,1,1,1,0,2,27
9803343,14,7,7,13,0,14,66
9408307,2,2,0,0,2,0,0
9705463,9,1,8,21,9,0,0
9512262,5,4,1,2,5,0,0
301003,0,0,0,0,0,0,0
9406342,4,1,3,3,4,0,0
9611410,1,1,0,0,0,1,1
12052,11,4,7,17,0,11,24
105134,2,1,1,1,0,2,8
12279,16,7,9,19,3,13,20
4226,10,2,8,11,0,10,81
9905518,0,0,0,0,0,0,0
9901416,8,3,5,11,3,5,7
107094,1,1,0,0,0,1,12
12317,3,3,0,0,2,1,3
9909408,8,3,5,11,0,8,48
9404224,0,0,0,0,0,0,0
9612482,1,1,0,0,0,1,3
9807395,6,3,3,4,6,0,0
9508246,15,7,8,10,2,13,37
9901267,7,5,2,3,4,3,9
103331,10,2,8,16,0,10,105
9612443,3,2,1,1,0,3,5
109103,3,1,2,2,0,3,24
9909267,6,1,5,5,0,6,18
9811346,7,5,2,3,0,7,28
6300,4,4,0,0,0,4,9
107270,2,1,1,1,0,2,13
9804238,4,4,0,0,1,3,3
11372,8,5,3,5,1,7,12
9612288,2,2,0,0,2,0,0
8286,2,2,0,0,0,2,5
101087,2,2,0,0,0,2,6
111030,8,4,4,6,0,8,53
9908331,1,1,0,0,1,0,0
104097,13,6,7,15,3,10,24
9609351,2,2,0,0,0,2,8
9912431,8,4,4,5,0,8,16
9810443,3,2,1,1,0,3,25
207348,14,4,10,28,0,14,134
208162,1,1,0,0,0,1,23
201129,1,1,0,0,0,1,3
5152,20,2,18,50,15,5,6
9706542,14,6,8,13,1,13,35
9708472,7,2,5,9,1,6,6
9610220,2,2,0,0,1,1,1
9507314,9,1,8,16,0,9,21
207245,1,1,0,0,1,0,0
9701385,3,1,2,3,1,2,3
7129,10,3,7,11,0,10,57
9309314,3,1,2,2,3,0,0
9706336,3,1,2,2,3,0,0
6239,3,3,0,0,3,0,0
9709490,4,3,1,1,3,1,4
103295,12,7,5,7,0,12,63
9606305,6,1,5,9,2,4,14
207006,1,1,0,0,0,1,3
204166,11,1,10,30,0,11,138
9503256,0,0,0,0,0,0,0
9811451,1,1,0,0,0,1,3
9912224,3,3,0,0,0,3,28
9908295,14,6,8,12,0,14,89
9710402,8,3,5,15,8,0,0
10342,1,1,0,0,0,1,2
9403246,9,1,8,18,9,0,0
9205232,3,3,0,0,3,0,0
9610290,1,1,0,0,0,1,4
9412246,1,1,0,0,1,0,0
101039,1,1,0,0,0,1,9
107218,5,2,3,5,0,5,36
9601379,10,2,8,16,6,4,4
9302308,2,1,1,1,2,0,0
6158,5,4,1,1,5,0,0
9903398,0,0,0,0,0,0,0
9702336,0,0,0,0,0,0,0
110164,1,1,0,0,0,1,7
102235,2,2,0,0,1,1,5
9603383,3,1,2,2,3,0,0
9912379,23,3,20,72,0,23,166
6060,4,2,2,2,0,4,32
9803462,21,4,17,29,8,13,20
211366,5,3,2,5,0,5,60
204204,1,1,0,0,0,1,6
9305278,18,9,9,23,18,0,0
111403,3,3,0,0,0,3,15
9904496,4,3,1,1,0,4,38
7347,1,1,0,0,0,1,4
204341,7,3,4,7,0,7,66
204081,2,2,0,0,0,2,10
9805212,7,4,3,3,0,7,16
9503205,4,3,1,1,0,4,13
9808446,3,3,0,0,3,0,0
9710488,2,2,0,0,0,2,13
9608440,1,1,0,0,0,1,2
9208253,11,3,8,12,11,0,0
110202,1,1,0,0,0,1,11
9508335,1,1,0,0,0,1,5
9704234,5,4,1,1,0,5,30
9908526,8,2,6,14,6,2,2
9705327,16,3,13,55,0,16,76
9510227,3,2,1,1,1,2,2
210170,0,0,0,0,0,0,0
9811484,10,3,7,12,0,10,18
9807274,0,0,0,0,0,0,0
9701375,9,2,7,12,0,9,28
9210205,4,3,1,1,4,0,0
103348,2,1,1,1,0,2,2
9312317,6,3,3,3,6,0,0
9905457,0,0,0,0,0,0,0
9611342,0,0,0,0,0,0,0
9411243,4,4,0,0,4,0,0
9603248,10,4,6,11,8,2,2
9810543,13,2,11,27,0,13,109
109111,0,0,0,0,0,0,0
9204219,7,4,3,5,7,0,0
9808253,1,1,0,0,1,0,0
9505297,2,1,1,1,0,2,4
9612312,9,8,1,1,6,3,3
9603357,2,1,1,1,1,1,1
9804240,2,2,0,0,0,2,5
212146,12,3,9,23,0,12,74
102292,2,2,0,0,0,2,16
9712223,4,2,2,4,0,4,32
12364,5,5,0,0,1,4,24
301101,1,1,0,0,0,1,11
110180,2,1,1,1,0,2,47
109217,8,3,5,11,0,8,67
9612324,1,1,0,0,0,1,1
9712484,2,1,1,1,0,2,4
204275,8,5,3,4,0,8,41
9503395,0,0,0,0,0,0,0
9608241,6,3,3,5,0,6,32
9409430,4,2,2,3,1,3,3
2255,4,2,2,2,0,4,14
9403324,7,2,5,9,0,7,18
9606348,5,3,2,2,0,5,9
9901424,0,0,0,0,0,0,0
3090,0,0,0,0,0,0,0
109285,1,1,0,0,0,1,3
9612471,2,2,0,0,0,2,4
9309290,1,1,0,0,1,0,0
9811446,3,3,0,0,2,1,3
9711268,8,5,3,5,2,6,43
9909562,4,4,0,0,0,4,22
9906408,4,2,2,3,0,4,4
202019,0,0,0,0,0,0,0
201170,6,5,1,1,2,4,13
9608363,1,1,0,0,0,1,5
206309,2,2,0,0,0,2,8
9910524,2,1,1,1,0,2,15
9404292,2,2,0,0,1,1,1
9711492,0,0,0,0,0,0,0
9510440,1,1,0,0,0,1,6
9510223,2,1,1,1,0,2,5
9405224,4,4,0,0,4,0,0
107062,2,2,0,0,0,2,9
9709327,5,3,2,3,2,3,3
212397,2,2,0,0,0,2,15
9406280,0,0,0,0,0,0,0
11203,3,3,0,0,0,3,5
9507254,1,1,0,0,1,0,0
210075,1,1,0,0,0,1,2
10063,2,1,1,1,0,2,20
212110,0,0,0,0,0,0,0
9802297,1,1,0,0,1,0,0
1017,1,1,0,0,0,1,7
9505325,1,1,0,0,1,0,0
4067,3,2,1,1,0,3,10
9303259,12,5,7,12,12,0,0
9411390,5,1,4,5,0,5,5
206308,6,1,5,15,0,6,95
9703385,6,4,2,3,0,6,11
9909295,2,1,1,1,0,2,2
11235,1,1,0,0,0,1,4
9411315,0,0,0,0,0,0,0
9910432,8,2,6,10,0,8,29
204027,11,5,6,13,0,11,58
10246,6,1,5,7,1,5,12
205150,5,3,2,3,0,5,40
9210277,8,4,4,6,8,0,0
9707443,0,0,0,0,0,0,0
9602300,2,2,0,0,0,2,3
2166,14,4,10,26,1,13,119
3143,4,1,3,3,0,4,6
9704209,1,1,0,0,0,1,1
9510245,3,2,1,1,0,3,3
9708492,0,0,0,0,0,0,0
9808406,3,3,0,0,0,3,7
9905236,3,3,0,0,1,2,5
9705346,7,2,5,10,7,0,0
9909242,3,1,2,3,0,3,7
11138,0,0,0,0,0,0,0
3053,3,3,0,0,0,3,21
9908226,6,1,5,5,6,0,0
9907381,0,0,0,0,0,0,0
9908521,3,3,0,0,0,3,3
103270,1,1,0,0,0,1,1
6133,2,1,1,1,0,2,2
11376,2,2,0,0,2,0,0
107111,4,3,1,1,0,4,30
9603220,1,1,0,0,1,0,0
9503372,7,2,5,8,7,0,0
9712373,0,0,0,0,0,0,0
101215,7,4,3,6,0,7,57
9810498,2,1,1,1,1,1,1
9305208,5,4,1,1,3,2,2
9611212,3,1,2,2,0,3,5
9807550,1,1,0,0,0,1,3
9707312,1,1,0,0,0,1,4
9801425,2,2,0,0,0,2,18
6262,3,1,2,3,0,3,3
107106,3,2,1,1,0,3,12
208176,2,2,0,0,0,2,6
7274,6,4,2,2,0,6,117
107330,3,2,1,1,0,3,7
9908324,2,2,0,0,0,2,6
9912214,11,2,9,16,1,10,32
9405378,0,0,0,0,0,0,0
6212,4,4,0,0,0,4,10
104179,4,2,2,4,0,4,13
9209260,8,4,4,8,8,0,0
9612487,2,1,1,1,0,2,4
209190,6,2,4,8,0,6,46
9710264,2,2,0,0,0,2,6
209241,1,1,0,0,0,1,5
9908318,5,1,4,6,5,0,0
9802413,0,0,0,0,0,0,0
9143,1,1,0,0,0,1,31
206269,3,1,2,3,0,3,27
9509372,1,1,0,0,1,0,0
9606294,5,3,2,2,4,1,2
9806222,1,1,0,0,0,1,4
9907301,3,3,0,0,0,3,11
9706444,5,1,4,7,0,5,15
9305209,4,4,0,0,4,0,0
9807218,2,2,0,0,0,2,4
9711509,3,2,1,1,0,3,8
9901272,4,1,3,5,0,4,22
102082,1,1,0,0,0,1,5
9801227,0,0,0,0,0,0,0
9902241,1,1,0,0,0,1,2
9711316,5,4,1,1,2,3,7
9909323,1,1,0,0,1,0,0
9508252,5,3,2,3,3,2,2
208007,4,3,1,1,0,4,24
9707332,4,1,3,4,4,0,0
10114,8,3,5,8,2,6,15
9906360,0,0,0,0,0,0,0
211419,0,0,0,0,0,0,0
9802221,3,3,0,0,1,2,15
9608432,1,1,0,0,0,1,4
9910332,1,1,0,0,0,1,1
106350,3,1,2,3,3,0,0
9903202,5,4,1,1,0,5,26
9907571,3,2,1,2,1,2,3
9711241,2,2,0,0,0,2,2
9601250,0,0,0,0,0,0,0
108158,3,1,2,2,0,3,30
9403265,11,6,5,8,11,0,0
12223,3,2,1,1,0,3,14
9504380,2,2,0,0,0,2,2
110358,0,0,0,0,0,0,0
206094,0,0,0,0,0,0,0
201112,1,1,0,0,0,1,2
9902351,6,3,3,4,3,3,3
9807329,1,1,0,0,0,1,6
204162,1,1,0,0,0,1,1
9708414,1,1,0,0,1,0,0
103109,1,1,0,0,0,1,3
111015,4,2,2,2,0,4,16
9712336,0,0,0,0,0,0,0
101013,0,0,0,0,0,0,0
9610228,5,2,3,8,3,2,2
9601238,0,0,0,0,0,0,0
9303243,1,1,0,0,1,0,0
9801213,1,1,0,0,0,1,4
202159,2,1,1,1,0,2,7
202268,2,1,1,1,0,2,4
9806457,3,2,1,1,1,2,2
207293,0,0,0,0,0,0,0
9507276,3,1,2,3,3,0,0
9705214,1,1,0,0,1,0,0
7314,5,3,2,3,0,5,14
9410201,1,1,0,0,0,1,2
208058,4,1,3,5,0,4,18
7302,1,1,0,0,0,1,2
211227,0,0,0,0,0,0,0
9907208,0,0,0,0,0,0,0
9310218,1,1,0,0,0,1,3
9807380,2,1,1,1,0,2,10
9603415,1,1,0,0,1,0,0
103144,1,1,0,0,0,1,6
12193,4,3,1,1,2,2,2
9712416,1,1,0,0,0,1,1
9811232,1,1,0,0,1,0,0
209146,0,0,0,0,0,0,0
212366,0,0,0,0,0,0,0
9711206,6,2,4,8,1,5,9
4051,6,1,5,9,4,2,5
205218,0,0,0,0,0,0,0
1232,1,1,0,0,0,1,2
9804248,4,2,2,4,1,3,5
9206261,1,1,0,0,1,0,0
9405332,8,7,1,1,2,6,6
8173,0,0,0,0,0,0,0
9408241,2,1,1,1,2,0,0
203002,1,1,0,0,0,1,2
210106,2,2,0,0,0,2,25
9508294,3,1,2,3,3,0,0
110313,0,0,0,0,0,0,0
209355,0,0,0,0,0,0,0
6177,1,1,0,0,0,1,10
108198,1,1,0,0,0,1,13
9709224,1,1,0,0,0,1,3
9901448,2,1,1,1,0,2,7
9806323,2,2,0,0,0,2,8
9807428,3,3,0,0,3,0,0
9904216,5,3,2,3,4,1,1
9706500,0,0,0,0,0,0,0
7188,0,0,0,0,0,0,0
206166,2,2,0,0,0,2,7
9306,0,0,0,0,0,0,0
9710519,0,0,0,0,0,0,0
9406313,1,1,0,0,0,1,1
111383,1,1,0,0,1,0,0
9803240,1,1,0,0,0,1,3
9305265,0,0,0,0,0,0,0
8270,2,2,0,0,0,2,11
9708453,1,1,0,0,1,0,0
9810420,3,2,1,1,0,3,4
208181,0,0,0,0,0,0,0
9608439,2,2,0,0,0,2,5
9607406,1,1,0,0,0,1,2
9308297,0,0,0,0,0,0,0
9905218,3,2,1,1,0,3,15
9509402,0,0,0,0,0,0,0
201012,1,1,0,0,0,1,2
9610508,2,1,1,1,2,0,0
212028,5,4,1,1,0,5,42
210024,0,0,0,0,0,0,0
9204213,5,3,2,2,5,0,0
9903537,2,2,0,0,2,0,0
212351,2,2,0,0,0,2,4
9407355,1,1,0,0,1,0,0
202214,1,1,0,0,0,1,2
9409317,2,2,0,0,1,1,2
9807362,5,2,3,4,2,3,15
207276,2,1,1,1,0,2,30
9912309,0,0,0,0,0,0,0
107147,6,2,4,6,0,6,83
9710484,3,3,0,0,2,1,1
9307354,0,0,0,0,0,0,0
207112,0,0,0,0,0,0,0
11361,0,0,0,0,0,0,0
9807355,0,0,0,0,0,0,0
3272,4,4,0,0,0,4,11
5166,0,0,0,0,0,0,0
207290,0,0,0,0,0,0,0
3283,0,0,0,0,0,0,0
5315,2,1,1,1,2,0,0
9805375,2,2,0,0,2,0,0
9705332,0,0,0,0,0,0,0
9707444,0,0,0,0,0,0,0
103204,1,1,0,0,0,1,6
9405404,0,0,0,0,0,0,0
112179,0,0,0,0,0,0,0
204042,2,1,1,1,0,2,31
212150,0,0,0,0,0,0,0
9409405,1,1,0,0,1,0,0
302010,0,0,0,0,0,0,0
9903321,0,0,0,0,0,0,0
110292,1,1,0,0,0,1,12
208105,0,0,0,0,0,0,0
12360,4,2,2,3,0,4,27
302237,0,0,0,0,0,0,0
9206217,2,2,0,0,2,0,0
9607211,3,1,2,2,3,0,0
110239,1,1,0,0,0,1,2
9707506,0,0,0,0,0,0,0
208018,0,0,0,0,0,0,0
209201,0,0,0,0,0,0,0
9805265,0,0,0,0,0,0,0
9704306,0,0,0,0,0,0,0
11011,1,1,0,0,0,1,4
9902209,0,0,0,0,0,0,0
1153,0,0,0,0,0,0,0
210346,0,0,0,0,0,0,0
11090,0,0,0,0,0,0,0
9911330,0,0,0,0,0,0,0
9310289,0,0,0,0,0,0,0
9908481,3,3,0,0,0,3,11
212061,0,0,0,0,0,0,0
209307,0,0,0,0,0,0,0
7204,0,0,0,0,0,0,0
9353,0,0,0,0,0,0,0
10154,1,1,0,0,0,1,13
106129,0,0,0,0,0,0,0
9809332,0,0,0,0,0,0,0
9610376,1,1,0,0,0,1,3
301160,0,0,0,0,0,0,0
101206,0,0,0,0,0,0,0
9603334,0,0,0,0,0,0,0
9506331,3,3,0,0,3,0,0
203057,1,1,0,0,0,1,1
9911409,0,0,0,0,0,0,0
205181,0,0,0,0,0,0,0
208023,0,0,0,0,0,0,0
212098,0,0,0,0,0,0,0
7116,0,0,0,0,0,0,0
8318,1,1,0,0,0,1,5
9708288,2,1,1,1,0,2,10
9701380,0,0,0,0,0,0,0
205345,4,3,1,1,0,4,27
9511211,1,1,0,0,1,0,0
301216,1,1,0,0,0,1,6
9607302,0,0,0,0,0,0,0
9302300,2,2,0,0,2,0,0
9706401,0,0,0,0,0,0,0
9306227,2,2,0,0,2,0,0
9050,2,1,1,1,1,1,1
9810525,0,0,0,0,0,0,0
9307289,2,2,0,0,2,0,0
9608250,0,0,0,0,0,0,0
110057,1,1,0,0,0,1,4
212392,0,0,0,0,0,0,0
9606265,0,0,0,0,0,0,0
206092,3,3,0,0,2,1,3
204196,1,1,0,0,0,1,9
212191,0,0,0,0,0,0,0
9806341,0,0,0,0,0,0,0
1026,1,1,0,0,0,1,2
9609254,1,1,0,0,1,0,0
12071,0,0,0,0,0,0,0
208160,1,1,0,0,0,1,21
207001,0,0,0,0,0,0,0
211341,0,0,0,0,0,0,0
204315,1,1,0,0,0,1,7
208084,1,1,0,0,0,1,7
9908204,0,0,0,0,0,0,0
302151,0,0,0,0,0,0,0
208031,4,2,2,2,0,4,34
208274,0,0,0,0,0,0,0
109105,1,1,0,0,1,0,0
9912243,1,1,0,0,1,0,0
212081,0,0,0,0,0,0,0
9711511,0,0,0,0,0,0,0
9803410,2,2,0,0,2,0,0
9507249,0,0,0,0,0,0,0
9601221,4,2,2,3,4,0,0
9167,1,1,0,0,0,1,2
9412396,0,0,0,0,0,0,0
107238,1,1,0,0,0,1,4
210090,1,1,0,0,0,1,1
9706204,0,0,0,0,0,0,0
10236,0,0,0,0,0,0,0
9608456,0,0,0,0,0,0,0
9412320,0,0,0,0,0,0,0
207340,0,0,0,0,0,0,0
9703398,2,2,0,0,2,0,0
104119,1,1,0,0,1,0,0
8011,0,0,0,0,0,0,0
9605299,1,1,0,0,0,1,1
9912462,0,0,0,0,0,0,0
9709313,0,0,0,0,0,0,0
9705443,0,0,0,0,0,0,0
9311276,1,1,0,0,1,0,0
9810362,0,0,0,0,0,0,0
209366,2,1,1,1,0,2,18
8218,0,0,0,0,0,0,0
210302,0,0,0,0,0,0,0
112268,1,1,0,0,0,1,7
102114,0,0,0,0,0,0,0
212334,0,0,0,0,0,0,0
9804204,1,1,0,0,1,0,0
101284,0,0,0,0,0,0,0
6320,0,0,0,0,0,0,0
9805348,0,0,0,0,0,0,0
10120,1,1,0,0,1,0,0
11038,0,0,0,0,0,0,0
2140,1,1,0,0,0,1,2
9701386,0,0,0,0,0,0,0
211327,0,0,0,0,0,0,0
202119,0,0,0,0,0,0,0
9703426,0,0,0,0,0,0,0
101174,0,0,0,0,0,0,0
301150,0,0,0,0,0,0,0
9505412,1,1,0,0,1,0,0
9609346,1,1,0,0,0,1,8
105298,1,1,0,0,1,0,0
5213,2,2,0,0,0,2,10
9408362,0,0,0,0,0,0,0
9601331,1,1,0,0,0,1,1
110131,0,0,0,0,0,0,0
9705262,0,0,0,0,0,0,0
208278,1,1,0,0,0,1,2
9803468,0,0,0,0,0,0,0
9509218,0,0,0,0,0,0,0
9506339,0,0,0,0,0,0,0
9812431,0,0,0,0,0,0,0
209236,1,1,0,0,0,1,4
109099,2,1,1,1,1,1,1
9405427,2,2,0,0,2,0,0
209327,0,0,0,0,0,0,0
10329,1,1,0,0,1,0,0
112146,0,0,0,0,0,0,0
212011,0,0,0,0,0,0,0
9810434,1,1,0,0,1,0,0
210444,0,0,0,0,0,0,0
9406253,0,0,0,0,0,0,0
302079,0,0,0,0,0,0,0
9902421,0,0,0,0,0,0,0
107193,0,0,0,0,0,0,0
9310277,0,0,0,0,0,0,0
9709256,0,0,0,0,0,0,0
9810462,0,0,0,0,0,0,0
111102,0,0,0,0,0,0,0
9909520,1,1,0,0,0,1,4
102092,0,0,0,0,0,0,0
9811244,0,0,0,0,0,0,0
105169,0,0,0,0,0,0,0
9903393,0,0,0,0,0,0,0
9406405,0,0,0,0,0,0,0
9407240,0,0,0,0,0,0,0
207163,0,0,0,0,0,0,0
103241,0,0,0,0,0,0,0
1047,0,0,0,0,0,0,0
9187,0,0,0,0,0,0,0
201065,0,0,0,0,0,0,0
3192,0,0,0,0,0,0,0
9807534,1,1,0,0,1,0,0
9803461,1,1,0,0,0,1,3
9408227,1,1,0,0,1,0,0
202183,0,0,0,0,0,0,0
9908312,0,0,0,0,0,0,0
9811416,0,0,0,0,0,0,0
7214,0,0,0,0,0,0,0
101141,1,1,0,0,0,1,2
9505292,0,0,0,0,0,0,0
9812439,0,0,0,0,0,0,0
9911239,1,1,0,0,1,0,0
103310,0,0,0,0,0,0,0
9807516,1,1,0,0,1,0,0
209218,0,0,0,0,0,0,0
9806211,0,0,0,0,0,0,0
9405395,0,0,0,0,0,0,0
209351,0,0,0,0,0,0,0
212386,1,1,0,0,0,1,12
9709272,0,0,0,0,0,0,0
205120,0,0,0,0,0,0,0
9510290,1,1,0,0,1,0,0
302112,0,0,0,0,0,0,0
9801404,0,0,0,0,0,0,0
9901393,0,0,0,0,0,0,0
10169,1,1,0,0,0,1,2
209169,0,0,0,0,0,0,0
9401355,0,0,0,0,0,0,0
10185,0,0,0,0,0,0,0
9904231,2,2,0,0,2,0,0
9506363,0,0,0,0,0,0,0
9606321,0,0,0,0,0,0,0
9706301,1,1,0,0,0,1,1
109176,1,1,0,0,0,1,3
301203,0,0,0,0,0,0,0
12295,0,0,0,0,0,0,0
9405221,1,1,0,0,1,0,0
204214,2,1,1,1,2,0,0
3060,1,1,0,0,0,1,2
9810494,0,0,0,0,0,0,0
5008,0,0,0,0,0,0,0
9807562,0,0,0,0,0,0,0
9604306,1,1,0,0,0,1,3
7229,0,0,0,0,0,0,0
6269,1,1,0,0,1,0,0
9609513,0,0,0,0,0,0,0
208190,0,0,0,0,0,0,0
212405,0,0,0,0,0,0,0
210417,1,1,0,0,0,1,1
209212,1,1,0,0,0,1,3
9807387,0,0,0,0,0,0,0
102208,0,0,0,0,0,0,0
9609363,0,0,0,0,0,0,0
9605427,0,0,0,0,0,0,0
9609391,0,0,0,0,0,0,0
9710360,0,0,0,0,0,0,0
9812315,0,0,0,0,0,0,0
6075,0,0,0,0,0,0,0
9507458,0,0,0,0,0,0,0
211361,0,0,0,0,0,0,0
9705473,1,1,0,0,0,1,2
9405402,0,0,0,0,0,0,0
208169,0,0,0,0,0,0,0
112016,2,1,1,1,0,2,11
206273,1,1,0,0,0,1,2
9705360,0,0,0,0,0,0,0
9810335,0,0,0,0,0,0,0
9504339,0,0,0,0,0,0,0
9811317,0,0,0,0,0,0,0
9709384,1,1,0,0,0,1,2
9409328,0,0,0,0,0,0,0
9703416,2,1,1,1,0,2,2
211465,0,0,0,0,0,0,0
212222,0,0,0,0,0,0,0
104171,0,0,0,0,0,0,0
9903525,0,0,0,0,0,0,0
11390,0,0,0,0,0,0,0
9912381,0,0,0,0,0,0,0
9708479,1,1,0,0,0,1,4
9905449,0,0,0,0,0,0,0
106092,0,0,0,0,0,0,0
9706403,1,1,0,0,1,0,0
12098,0,0,0,0,0,0,0
9507203,0,0,0,0,0,0,0
111460,0,0,0,0,0,0,0
302204,0,0,0,0,0,0,0
9605402,0,0,0,0,0,0,0
301173,0,0,0,0,0,0,0
209163,0,0,0,0,0,0,0
9802261,0,0,0,0,0,0,0
210230,0,0,0,0,0,0,0
9809533,0,0,0,0,0,0,0
211117,0,0,0,0,0,0,0
9809579,0,0,0,0,0,0,0
107240,0,0,0,0,0,0,0
9706471,0,0,0,0,0,0,0
9504386,0,0,0,0,0,0,0
207249,0,0,0,0,0,0,0
105316,0,0,0,0,0,0,0
204074,0,0,0,0,0,0,0
9909272,0,0,0,0,0,0,0
202197,0,0,0,0,0,0,0
111417,0,0,0,0,0,0,0
301084,0,0,0,0,0,0,0
9502294,0,0,0,0,0,0,0
302275,0,0,0,0,0,0,0
9301253,40,4,36,170,40,0,0
4004,113,3,110,871,47,66,153
104018,3,2,1,1,0,3,9
9401204,30,2,28,144,30,0,0
9908202,28,5,23,67,1,27,113
9705356,55,8,47,231,9,46,206
211308,4,3,1,1,0,4,23
9809486,4,1,3,6,1,3,3
9401258,44,15,29,93,44,0,0
105318,3,1,2,2,0,3,18
9511337,22,4,18,65,17,5,5
9705388,10,2,8,31,0,10,10
9811482,12,5,7,13,4,8,19
203056,22,12,10,20,0,22,396
9312303,6,2,4,9,1,5,13
9702381,25,10,15,38,1,24,91
9908236,5,2,3,6,0,5,18
9409458,65,7,58,202,50,15,23
9309248,14,2,12,27,14,0,0
9602415,32,14,18,27,12,20,29
3183,11,8,3,4,9,2,2
9511219,2,2,0,0,0,2,8
9308338,8,4,4,6,3,5,9
9409388,42,2,40,189,26,16,16
9210211,7,3,4,5,7,0,0
9408302,3,3,0,0,1,2,2
2246,18,4,14,34,10,8,10
9806328,87,19,68,427,3,84,730
9802328,12,4,8,11,4,8,16
9507393,11,7,4,5,3,8,29
9604415,11,7,4,6,9,2,4
9809554,42,4,38,218,9,33,91
9907452,9,2,7,17,0,9,27
9311204,50,7,43,278,46,4,4
9709439,27,4,23,73,3,24,71
9702372,12,9,3,4,5,7,31
9305257,14,4,10,19,14,0,0
9812381,16,3,13,53,0,16,132
9712278,10,3,7,13,0,10,30
9810435,30,3,27,83,2,28,61
9801409,8,2,6,12,0,8,18
9509205,15,2,13,28,2,13,24
9804261,8,2,6,12,0,8,52
9508316,7,1,6,13,2,5,5
9903399,35,4,31,92,2,33,61
9402266,24,12,12,30,3,21,65
9309310,85,9,76,582,75,10,10
9209220,31,10,21,60,26,5,5
9905549,29,6,23,100,0,29,487
9701283,35,4,31,108,4,31,90
9204225,53,15,38,141,53,0,0
9806471,51,10,41,131,0,51,480
9604233,49,5,44,207,2,47,320
9401278,14,4,10,18,7,7,7
9407226,8,2,6,11,8,0,0
9809545,7,2,5,12,0,7,89
9410203,24,3,21,74,14,10,14
9612396,5,2,3,5,0,5,14
9706382,8,1,7,13,0,8,118
9707259,55,5,50,169,2,53,194
9704355,14,4,10,16,9,5,5
112089,3,3,0,0,0,3,68
9312359,177,20,157,1035,41,136,235
9706441,13,4,9,27,1,12,47
9244,14,2,12,31,0,14,44
110350,0,0,0,0,0,0,0
9802391,61,8,53,277,2,59,519
111073,0,0,0,0,0,0,0
9901365,3,2,1,1,1,2,2
9405352,73,5,68,489,73,0,0
9807254,26,3,23,67,3,23,120
9307291,118,15,103,711,15,103,227
9609503,14,3,11,19,1,13,37
9805471,77,2,75,684,3,74,149
9303317,75,6,69,810,12,63,124
9504265,17,2,15,44,1,16,120
9509213,29,5,24,69,1,28,71
9405373,4,4,0,0,4,0,0
9804296,9,4,5,8,1,8,21
9410401,14,2,12,29,1,13,14
3028,11,2,9,26,0,11,24
9909495,5,4,1,1,0,5,24
9612235,30,2,28,124,4,26,84
9311290,44,7,37,129,44,0,0
9508386,19,6,13,28,1,18,27
9707467,11,3,8,12,5,6,11
9411332,18,4,14,35,1,17,41
9405257,22,3,19,47,22,0,0
9308353,4,2,2,2,4,0,0
3146,13,4,9,14,0,13,102
9804227,59,1,58,414,4,55,215
9811377,17,6,11,23,2,15,105
9805241,21,7,14,41,1,20,62
9312220,27,1,26,96,3,24,54
9207218,31,4,27,133,31,0,0
9811448,159,11,148,1173,2,157,972
9612202,43,2,41,154,9,34,88
3326,26,5,21,81,1,25,103
9609256,35,9,26,81,4,31,96
9804384,12,4,8,11,3,9,26
9301236,74,6,68,349,74,0,0
9401323,14,5,9,13,3,11,11
9903307,9,7,2,4,2,7,17
9501364,6,4,2,4,1,5,9
9709449,14,4,10,18,1,13,49
9804453,11,1,10,31,0,11,71
9812342,2,1,1,1,0,2,4
9712471,20,1,19,84,12,8,8
9912355,23,5,18,57,2,21,80
9709442,44,2,42,176,2,42,192
2209,53,4,49,273,0,53,831
9810509,61,4,57,600,0,61,242
9909296,17,4,13,44,0,17,117
9406236,7,3,4,5,2,5,7
9903416,7,1,6,18,0,7,52
103269,3,1,2,2,0,3,25
208156,3,3,0,0,1,2,4
9408238,8,4,4,15,4,4,7
9603298,4,2,2,3,0,4,12
9304299,43,3,40,154,43,0,0
9609463,0,0,0,0,0,0,0
9506459,12,4,8,18,4,8,26
9709492,74,4,70,510,8,66,151
9606387,10,2,8,10,5,5,26
9902272,3,1,2,2,0,3,7
9604232,20,4,16,40,7,13,33
9611409,21,6,15,40,1,20,54
9502298,94,4,90,726,70,24,32
9603423,38,10,28,130,1,37,64
9909397,6,1,5,8,0,6,28
9701216,6,2,4,8,1,5,5
9906362,17,4,13,39,0,17,187
9707451,15,2,13,34,0,15,77
9206219,9,8,1,2,9,0,0
9607376,6,2,4,8,6,0,0
9607475,4,3,1,1,0,4,9
9504319,41,11,30,144,15,26,35
9701344,4,3,1,1,2,2,9
6006,3,1,2,3,0,3,17
9607259,54,8,46,215,4,50,195
9310380,8,2,6,15,8,0,0
9609307,10,2,8,16,0,10,42
9712358,4,4,0,0,2,2,4
9511464,15,1,14,41,8,7,7
9612267,13,3,10,30,0,13,17
9808415,35,5,30,92,6,29,125
10003,54,3,51,318,2,52,67
10244,11,2,9,19,2,9,44
6049,34,1,33,236,0,34,214
9504220,27,9,18,67,0,27,50
9909228,29,6,23,105,0,29,105
9902352,8,1,7,14,3,5,11
3180,38,7,31,129,1,37,471
9407273,10,7,3,6,0,10,80
9405228,6,3,3,6,3,3,4
101273,12,3,9,25,1,11,26
9912275,2,2,0,0,0,2,7
9503251,22,2,20,89,22,0,0
105268,17,3,14,53,0,17,193
102227,38,2,36,152,5,33,227
9505225,14,5,9,20,6,8,28
9408373,24,4,20,70,24,0,0
10344,3,2,1,1,0,3,16
9708282,1,1,0,0,0,1,1
9911349,17,3,14,39,0,17,152
9809467,35,2,33,130,0,35,140
10345,6,5,1,1,2,4,9
9807462,96,9,87,775,3,93,334
4013,25,2,23,144,3,22,111
109079,25,2,23,110,0,25,150
104052,19,5,14,22,2,17,64
207167,2,1,1,1,0,2,22
1031,27,2,25,123,0,27,116
9909232,30,5,25,76,0,30,646
9605431,141,3,138,1105,8,133,258
9305280,4,4,0,0,1,3,6
111027,9,7,2,2,0,9,70
9908205,14,1,13,24,0,14,235
107331,26,4,22,109,0,26,131
10037,9,3,6,9,5,4,10
9705206,13,1,12,32,1,12,37
9407229,6,2,4,6,1,5,9
9908369,16,7,9,13,1,15,116
9904298,4,2,2,2,0,4,21
9303324,6,3,3,3,6,0,0
9410259,10,4,6,6,0,10,16
9806509,5,3,2,3,2,3,11
203158,5,2,3,4,0,5,42
9905478,4,2,2,3,1,3,6
9407246,11,3,8,25,9,2,2
9512318,2,1,1,1,1,1,2
9701229,69,5,64,448,0,69,356
9603266,37,1,36,132,0,37,224
9605295,39,7,32,104,3,36,128
9409432,2,2,0,0,1,1,1
101048,4,2,2,2,0,4,13
9304310,4,1,3,3,0,4,14
9706231,4,3,1,1,0,4,22
9510343,3,2,1,1,0,3,13
9505220,6,1,5,6,0,6,14
12260,25,4,21,49,6,19,21
9711280,14,4,10,26,1,13,39
9712213,15,2,13,29,0,15,125
9901252,13,4,9,31,0,13,60
105348,4,4,0,0,0,4,21
9409428,8,4,4,6,5,3,3
9802298,9,5,4,6,0,9,21
9608461,1,1,0,0,1,0,0
110032,11,3,8,18,0,11,128
9902276,10,6,4,9,6,4,7
9810303,1,1,0,0,0,1,2
9607263,6,2,4,7,0,6,11
105324,13,3,10,25,0,13,37
9804337,16,5,11,24,0,16,66
9911286,10,4,6,12,1,9,17
9407204,32,6,26,104,9,23,36
9404277,19,7,12,26,14,5,8
9604331,8,4,4,6,0,8,16
9310350,34,10,24,66,34,0,0
9805445,11,2,9,23,10,1,3
9507291,1,1,0,0,0,1,4
211314,1,1,0,0,0,1,3
9703280,17,4,13,34,0,17,141
9510208,5,2,3,4,0,5,39
9612297,12,2,10,28,0,12,38
9701378,9,3,6,11,0,9,37
9609439,6,2,4,13,0,6,13
9709509,5,2,3,5,1,4,30
9510410,22,6,16,41,18,4,4
9412384,20,6,14,31,3,17,19
9511457,4,2,2,3,0,4,7
9802214,3,2,1,1,1,2,3
9302258,10,1,9,24,1,9,10
9412266,14,2,12,30,0,14,34
9612286,7,6,1,1,1,6,31
9606383,18,6,12,17,0,18,91
9512361,1,1,0,0,1,0,0
108148,7,2,5,7,2,5,9
3084,21,11,10,17,0,21,109
9705227,1,1,0,0,1,0,0
107061,6,2,4,9,0,6,29
9812491,5,3,2,2,0,5,19
9603328,24,2,22,163,12,12,12
9612282,2,2,0,0,0,2,35
9903511,11,1,10,24,0,11,59
9812279,2,2,0,0,1,1,1
2221,5,3,2,3,0,5,18
7073,12,3,9,29,0,12,100
9305207,12,2,10,26,3,9,18
9709349,8,2,6,17,0,8,65
9410326,44,14,30,74,6,38,88
206136,6,2,4,7,0,6,48
9803284,13,1,12,23,1,12,41
1274,19,1,18,80,0,19,89
9812413,13,2,11,26,4,9,32
9303256,5,4,1,1,3,2,2
102014,5,1,4,6,0,5,6
2058,2,1,1,1,1,1,4
9604316,24,6,18,53,3,21,65
9503246,1,1,0,0,0,1,1
9904355,29,3,26,188,0,29,268
9401319,11,5,6,12,11,0,0
104076,9,1,8,18,0,9,28
2172,2,2,0,0,0,2,9
9512338,7,3,4,8,7,0,0
9507436,15,4,11,25,15,0,0
9509222,6,3,3,3,2,4,8
205296,1,1,0,0,0,1,5
9902251,10,5,5,6,1,9,50
110255,3,2,1,1,0,3,17
9705236,23,5,18,81,0,23,282
9608368,10,4,6,21,0,10,55
9607255,3,2,1,2,3,0,0
9611307,9,1,8,18,2,7,25
9801282,21,6,15,58,6,15,40
9410349,1,1,0,0,0,1,1
9610529,11,2,9,15,2,9,33
3018,6,4,2,2,0,6,38
9610341,5,3,2,2,3,2,6
9602289,1,1,0,0,0,1,4
9808376,2,2,0,0,0,2,10
9412343,7,1,6,15,3,4,9
9902471,14,4,10,37,3,11,21
9807490,3,3,0,0,0,3,13
9808294,9,2,7,10,0,9,31
9307261,1,1,0,0,1,0,0
104260,12,2,10,29,1,11,33
207191,0,0,0,0,0,0,0
9801330,12,4,8,12,0,12,36
9512251,7,3,4,6,5,2,3
9604313,43,2,41,233,15,28,143
4179,4,3,1,1,0,4,14
9703414,8,7,1,1,1,7,19
9708363,23,9,14,30,3,20,58
106086,6,2,4,4,0,6,17
109257,8,4,4,10,4,4,4
9508324,7,2,5,15,7,0,0
9703208,18,1,17,73,1,17,33
9808331,5,2,3,6,1,4,5
110200,3,3,0,0,0,3,12
9712249,25,7,18,30,0,25,163
104293,10,4,6,9,0,10,65
108193,12,2,10,35,0,12,76
9708262,6,4,2,3,3,3,6
9402223,15,2,13,27,7,8,8
9605456,59,7,52,274,7,52,97
12352,50,5,45,360,0,50,131
9902217,13,3,10,15,0,13,40
9609486,8,2,6,18,0,8,42
9605316,10,2,8,20,0,10,10
9403263,2,1,1,1,2,0,0
9508362,18,7,11,25,2,16,37
9306264,18,4,14,40,1,17,32
9803251,7,4,3,10,0,7,38
9303234,20,5,15,73,20,0,0
9904417,4,3,1,1,0,4,8
9709266,1,1,0,0,0,1,1
9512211,2,1,1,1,1,1,3
9404329,1,1,0,0,0,1,1
9804441,4,2,2,2,1,3,21
9406362,2,1,1,1,0,2,10
7350,19,8,11,28,1,18,50
9811263,11,5,6,12,0,11,40
9703356,10,4,6,12,1,9,23
2091,13,3,10,24,0,13,106
9910252,11,3,8,14,1,10,56
206245,5,2,3,6,0,5,50
10245,12,5,7,10,0,12,40
9908381,4,2,2,2,0,4,22
6038,0,0,0,0,0,0,0
112230,8,5,3,8,1,7,86
9909378,6,2,4,5,5,1,10
110173,12,3,9,33,0,12,40
203122,2,1,1,1,0,2,9
105140,0,0,0,0,0,0,0
9505384,9,4,5,5,0,9,33
9509380,6,2,4,5,3,3,3
205033,13,1,12,31,0,13,255
9401354,3,1,2,2,3,0,0
9410286,9,2,7,15,1,8,8
9410391,2,2,0,0,0,2,4
9305287,11,4,7,14,9,2,2
7261,11,4,7,10,0,11,89
9904230,11,3,8,27,9,2,2
9905539,11,1,10,25,0,11,43
9308284,25,9,16,47,25,0,0
9510366,2,2,0,0,1,1,1
9809517,3,2,1,1,0,3,15
9502352,11,3,8,14,1,10,38
12261,2,1,1,1,0,2,10
9503207,3,1,2,3,3,0,0
110242,10,3,7,14,0,10,82
9803313,9,2,7,9,1,8,8
9708280,4,3,1,1,4,0,0
9305254,19,8,11,21,7,12,23
10328,9,3,6,12,0,9,109
9609277,8,3,5,7,8,0,0
9209223,6,4,2,4,6,0,0
202171,1,1,0,0,1,0,0
9509216,18,2,16,63,18,0,0
9304288,1,1,0,0,1,0,0
9502290,4,3,1,1,2,2,2
9612399,4,1,3,3,4,0,0
9904411,17,5,12,21,4,13,45
9906311,14,5,9,31,0,14,108
9804431,5,3,2,2,1,4,10
9705395,11,2,9,24,0,11,47
9603339,4,3,1,1,3,1,1
9706539,2,1,1,1,2,0,0
9709318,7,5,2,2,2,5,12
9902372,14,3,11,41,1,13,18
9908449,1,1,0,0,0,1,5
9910201,9,3,6,12,0,9,23
9906495,6,4,2,4,1,5,29
9806267,14,4,10,31,0,14,128
9907228,16,4,12,29,6,10,15
9327,4,1,3,5,0,4,13
9802253,6,2,4,10,0,6,41
9802316,4,2,2,3,4,0,0
9606351,10,4,6,10,0,10,18
9703251,3,2,1,1,1,2,2
9510326,5,1,4,7,2,3,3
9411247,6,4,2,2,1,5,10
9303257,13,3,10,23,1,12,12
201236,1,1,0,0,0,1,3
9707307,9,2,7,18,1,8,18
9708436,4,2,2,2,2,2,5
9807289,2,1,1,1,0,2,5
9610249,4,2,2,2,4,0,0
9709274,14,7,7,13,0,14,30
9511221,23,3,20,78,6,17,18
9908417,7,2,5,7,0,7,40
112276,7,4,3,5,0,7,32
9704295,7,4,3,3,4,3,5
109094,2,2,0,0,0,2,14
11383,2,2,0,0,0,2,13
9909500,6,3,3,3,2,4,11
9503357,2,1,1,1,0,2,2
9807201,8,4,4,5,0,8,47
9803245,7,2,5,8,0,7,24
9610275,14,7,7,21,1,13,47
208202,11,3,8,10,0,11,80
9303231,12,5,7,15,8,4,5
9808424,4,2,2,2,1,3,28
9705334,4,2,2,4,0,4,4
201293,3,1,2,2,0,3,36
9804277,12,6,6,8,0,12,82
9807393,6,1,5,9,0,6,94
207221,1,1,0,0,0,1,10
9803407,9,2,7,12,0,9,84
9411340,6,4,2,2,6,0,0
9711438,6,1,5,9,0,6,6
9810419,4,1,3,3,3,1,2
109102,14,1,13,30,1,13,38
9309282,1,1,0,0,1,0,0
9507391,1,1,0,0,1,0,0
102264,18,8,10,21,1,17,56
109080,2,1,1,1,1,1,10
103272,3,1,2,3,1,2,2
9079,3,1,2,2,3,0,0
9609309,4,2,2,2,0,4,34
9410392,3,1,2,2,3,0,0
11006,2,2,0,0,0,2,20
102125,6,3,3,5,0,6,58
9910444,20,1,19,81,0,20,107
9310266,2,2,0,0,0,2,2
9407392,2,1,1,1,0,2,2
9807453,9,4,5,10,0,9,15
9301262,10,3,7,16,10,0,0
9912551,8,6,2,2,0,8,23
9905412,11,2,9,18,2,9,35
9605355,1,1,0,0,0,1,6
9810278,2,2,0,0,0,2,5
9909434,2,2,0,0,2,0,0
9905217,4,2,2,2,3,1,1
9408325,2,1,1,1,1,1,1
111318,2,1,1,1,0,2,39
9704435,2,2,0,0,0,2,2
101162,6,5,1,1,0,6,17
9810247,0,0,0,0,0,0,0
9501315,6,2,4,5,6,0,0
104120,17,3,14,50,0,17,291
111254,11,6,5,6,0,11,63
9906359,8,4,4,4,1,7,12
9902233,12,3,9,25,2,10,21
7268,9,2,7,19,0,9,63
9706350,6,3,3,3,4,2,2
9810394,3,3,0,0,1,2,4
208193,3,2,1,2,0,3,31
202064,10,4,6,16,0,10,88
8223,2,1,1,1,0,2,16
7182,20,2,18,64,1,19,24
9708310,20,3,17,47,2,18,81
9404237,18,8,10,28,18,0,0
6206,2,1,1,1,0,2,9
9611412,6,2,4,6,0,6,14
209189,2,2,0,0,0,2,5
9508306,2,1,1,1,2,0,0
101260,5,3,2,2,0,5,49
9310231,2,1,1,1,0,2,2
9707373,6,3,3,6,1,5,6
9910208,1,1,0,0,1,0,0
9504432,2,1,1,1,0,2,12
106162,4,1,3,3,0,4,23
9305320,3,1,2,3,3,0,0
210207,1,1,0,0,0,1,8
9607256,6,3,3,4,0,6,12
9309307,2,2,0,0,2,0,0
9805449,2,1,1,1,1,1,2
9609453,4,2,2,4,0,4,8
9805274,7,4,3,5,0,7,33
9810516,9,2,7,24,2,7,11
9608451,3,2,1,1,2,1,2
9907486,4,2,2,3,0,4,4
201088,0,0,0,0,0,0,0
9611227,4,4,0,0,0,4,50
105274,0,0,0,0,0,0,0
11139,1,1,0,0,0,1,4
110049,4,2,2,2,0,4,61
9151,8,2,6,8,2,6,11
9704454,2,1,1,1,2,0,0
107073,4,3,1,1,0,4,14
105168,2,2,0,0,0,2,7
9209224,4,3,1,1,4,0,0
111327,6,2,4,11,0,6,18
9184,0,0,0,0,0,0,0
9604326,4,2,2,2,0,4,30
105197,2,2,0,0,0,2,3
10091,1,1,0,0,0,1,5
9809412,9,2,7,12,4,5,5
103341,1,1,0,0,0,1,5
204089,0,0,0,0,0,0,0
9308223,15,9,6,16,3,12,18
9709259,4,1,3,5,0,4,13
9908393,8,3,5,8,0,8,27
11275,9,4,5,12,0,9,67
105049,1,1,0,0,0,1,4
206096,2,2,0,0,0,2,8
9404271,3,2,1,1,0,3,3
9504325,2,2,0,0,1,1,1
9605260,3,3,0,0,2,1,2
9605362,3,2,1,1,1,2,3
9702205,2,1,1,1,2,0,0
9505427,8,5,3,4,1,7,16
110217,2,2,0,0,0,2,7
9807406,3,1,2,2,0,3,6
9705449,2,1,1,1,0,2,16
9909442,3,2,1,1,0,3,5
9809555,5,1,4,6,0,5,17
9503262,2,2,0,0,0,2,4
106343,2,2,0,0,0,2,7
9904477,9,3,6,13,0,9,74
102225,0,0,0,0,0,0,0
9711238,3,1,2,3,0,3,14
9606301,4,4,0,0,1,3,4
9805361,5,2,3,7,0,5,29
9311226,1,1,0,0,1,0,0
9207242,6,5,1,1,6,0,0
9203208,2,1,1,1,2,0,0
9205218,1,1,0,0,1,0,0
9304212,4,3,1,1,4,0,0
9509386,2,1,1,1,2,0,0
104211,3,2,1,1,3,0,0
9707382,3,2,1,1,0,3,3
9901327,8,2,6,17,1,7,7
12084,0,0,0,0,0,0,0
204126,0,0,0,0,0,0,0
9611276,0,0,0,0,0,0,0
9805351,1,1,0,0,0,1,2
212147,13,2,11,29,1,12,74
8007,5,3,2,3,0,5,51
9305248,9,1,8,31,9,0,0
202101,3,3,0,0,0,3,37
9808469,16,4,12,29,0,16,51
110376,2,1,1,1,0,2,13
111324,6,2,4,4,0,6,40
9604431,2,2,0,0,2,0,0
11364,7,1,6,8,0,7,41
9810529,9,3,6,7,0,9,23
9307302,2,1,1,1,2,0,0
9710238,4,1,3,4,0,4,17
9505267,19,5,14,48,2,17,21
105015,0,0,0,0,0,0,0
9403340,12,5,7,13,12,0,0
9409386,11,3,8,14,10,1,2
9610219,14,6,8,16,11,3,3
9906379,1,1,0,0,1,0,0
202053,2,2,0,0,0,2,8
9807331,2,2,0,0,0,2,6
9708496,6,2,4,9,1,5,5
9905426,4,4,0,0,1,3,18
9312234,1,1,0,0,1,0,0
9409384,11,2,9,25,11,0,0
9909220,1,1,0,0,0,1,1
9704430,1,1,0,0,0,1,1
207141,1,1,0,0,1,0,0
9509265,0,0,0,0,0,0,0
9601255,1,1,0,0,0,1,2
9903395,3,1,2,3,0,3,16
108004,2,2,0,0,1,1,4
9710398,4,3,1,1,2,2,2
9602259,9,3,6,7,9,0,0
9705260,6,2,4,5,0,6,17
205310,0,0,0,0,0,0,0
205030,1,1,0,0,0,1,1
9710298,5,4,1,1,1,4,11
302123,0,0,0,0,0,0,0
9912350,0,0,0,0,0,0,0
101262,3,1,2,3,0,3,15
10014,0,0,0,0,0,0,0
1233,15,8,7,10,1,14,65
9901217,0,0,0,0,0,0,0
205051,1,1,0,0,1,0,0
9802237,3,2,1,1,3,0,0
7177,2,2,0,0,0,2,10
9612305,0,0,0,0,0,0,0
9309241,3,1,2,2,0,3,12
9710534,2,2,0,0,1,1,2
9402349,1,1,0,0,1,0,0
111317,6,3,3,4,3,3,8
9806396,2,2,0,0,0,2,8
9609293,2,2,0,0,1,1,1
9503477,14,4,10,14,11,3,3
9702346,0,0,0,0,0,0,0
7240,10,4,6,16,1,9,30
206304,12,2,10,34,0,12,82
10247,6,2,4,6,0,6,17
202174,5,1,4,7,0,5,14
9707529,0,0,0,0,0,0,0
9611451,2,1,1,1,0,2,14
9505261,2,1,1,1,2,0,0
9712534,7,2,5,14,0,7,23
8063,1,1,0,0,0,1,3
5062,0,0,0,0,0,0,0
211057,0,0,0,0,0,0,0
106104,2,2,0,0,0,2,21
205046,4,2,2,3,0,4,10
9911512,1,1,0,0,0,1,3
9705303,1,1,0,0,0,1,4
9808372,1,1,0,0,1,0,0
12325,1,1,0,0,0,1,1
110327,1,1,0,0,0,1,19
111091,0,0,0,0,0,0,0
9807379,4,2,2,4,1,3,8
3212,2,2,0,0,0,2,22
9409338,2,2,0,0,2,0,0
204244,8,5,3,7,1,7,56
9807368,0,0,0,0,0,0,0
108028,2,1,1,1,0,2,7
9612307,0,0,0,0,0,0,0
302145,0,0,0,0,0,0,0
9812450,2,1,1,1,0,2,2
9312320,9,1,8,17,9,0,0
9908222,5,1,4,8,0,5,5
9512412,0,0,0,0,0,0,0
9603438,1,1,0,0,0,1,5
9812376,2,2,0,0,1,1,1
9512333,3,2,1,1,2,1,1
9602330,3,1,2,3,3,0,0
10147,2,1,1,1,0,2,8
9801392,9,2,7,10,9,0,0
204106,0,0,0,0,0,0,0
8260,11,9,2,4,0,11,56
202157,2,1,1,1,0,2,3
9908426,6,2,4,4,4,2,2
1206,3,3,0,0,1,2,2
9312283,1,1,0,0,1,0,0
212165,0,0,0,0,0,0,0
104243,5,2,3,3,0,5,27
9312238,4,4,0,0,1,3,3
9405260,0,0,0,0,0,0,0
211455,0,0,0,0,0,0,0
9705367,3,2,1,1,3,0,0
209336,1,1,0,0,0,1,4
105141,8,4,4,8,0,8,43
9705448,7,3,4,5,0,7,18
4192,7,4,3,7,0,7,63
207047,8,4,4,6,0,8,65
201226,2,2,0,0,0,2,25
9806321,2,2,0,0,0,2,4
111236,2,2,0,0,0,2,7
202077,1,1,0,0,0,1,4
9708367,7,4,3,4,1,6,13
104307,6,2,4,5,2,4,19
9807545,7,5,2,3,0,7,7
9803248,2,1,1,1,0,2,9
9904306,1,1,0,0,0,1,3
202103,3,2,1,1,1,2,8
9706390,0,0,0,0,0,0,0
9912543,1,1,0,0,0,1,1
302274,0,0,0,0,0,0,0
9910284,5,4,1,1,4,1,1
9608240,2,1,1,1,0,2,3
209269,6,3,3,4,0,6,96
9708323,2,1,1,1,0,2,6
11114,3,2,1,1,0,3,18
9502389,0,0,0,0,0,0,0
207269,2,2,0,0,0,2,14
9804279,2,2,0,0,0,2,6
108128,1,1,0,0,0,1,12
9810532,3,3,0,0,3,0,0
108157,6,1,5,11,6,0,0
9908465,1,1,0,0,0,1,5
9909422,3,2,1,2,1,2,3
9401215,1,1,0,0,1,0,0
9907249,5,1,4,7,1,4,7
206085,3,3,0,0,0,3,7
9801292,5,2,3,6,5,0,0
1109,1,1,0,0,0,1,6
9605417,3,3,0,0,0,3,4
5190,10,7,3,7,1,9,35
9912517,1,1,0,0,0,1,1
9909437,2,2,0,0,1,1,1
9504270,0,0,0,0,0,0,0
9611427,0,0,0,0,0,0,0
5178,0,0,0,0,0,0,0
210357,0,0,0,0,0,0,0
104148,4,2,2,3,0,4,19
9610420,4,4,0,0,2,2,3
10024,1,1,0,0,0,1,1
6213,3,2,1,1,3,0,0
9810484,1,1,0,0,0,1,1
9507406,0,0,0,0,0,0,0
9304229,2,2,0,0,1,1,1
9902227,1,1,0,0,0,1,9
102158,5,2,3,4,1,4,9
9910536,5,2,3,8,2,3,9
9907262,1,1,0,0,0,1,1
9804295,8,2,6,15,0,8,23
9603445,3,1,2,3,0,3,7
9209278,4,3,1,1,4,0,0
10254,5,3,2,2,0,5,18
9404232,3,1,2,2,0,3,3
208153,6,4,2,3,3,3,11
7300,3,1,2,3,2,1,1
9010,5,3,2,2,1,4,13
9804312,0,0,0,0,0,0,0
9902422,1,1,0,0,0,1,2
9902316,2,2,0,0,0,2,17
9805426,1,1,0,0,0,1,1
9406379,3,3,0,0,3,0,0
211277,1,1,0,0,1,0,0
9909327,0,0,0,0,0,0,0
9901289,3,1,2,2,1,2,3
9910292,3,2,1,1,0,3,3
201144,2,1,1,1,0,2,11
9911498,3,1,2,2,0,3,11
9708320,4,1,3,5,0,4,4
212298,2,2,0,0,0,2,11
9601218,0,0,0,0,0,0,0
112291,1,1,0,0,0,1,5
9707301,4,4,0,0,3,1,2
9712292,3,2,1,1,0,3,3
4140,3,3,0,0,0,3,14
9707265,4,2,2,3,2,2,4
203239,1,1,0,0,0,1,2
112124,5,2,3,3,0,5,29
9704227,0,0,0,0,0,0,0
102028,3,1,2,3,0,3,4
7358,3,1,2,2,3,0,0
3103,3,3,0,0,3,0,0
9803455,2,1,1,1,0,2,3
9506418,0,0,0,0,0,0,0
9268,1,1,0,0,0,1,4
6148,0,0,0,0,0,0,0
211409,0,0,0,0,0,0,0
9803215,1,1,0,0,0,1,8
9905510,1,1,0,0,1,0,0
9905331,1,1,0,0,0,1,6
207196,4,3,1,1,0,4,14
9606368,7,6,1,1,4,3,3
9606291,1,1,0,0,1,0,0
9512413,1,1,0,0,1,0,0
109006,1,1,0,0,0,1,4
9606358,2,2,0,0,1,1,1
9407323,0,0,0,0,0,0,0
108207,0,0,0,0,0,0,0
9611325,1,1,0,0,1,0,0
9307359,1,1,0,0,1,0,0
202069,4,1,3,3,0,4,23
9608218,1,1,0,0,0,1,9
9612343,0,0,0,0,0,0,0
9205217,1,1,0,0,1,0,0
9905321,2,2,0,0,0,2,3
9507297,0,0,0,0,0,0,0
9912267,2,2,0,0,0,2,3
211053,0,0,0,0,0,0,0
212035,3,3,0,0,0,3,50
209156,1,1,0,0,0,1,1
302120,0,0,0,0,0,0,0
210205,6,5,1,1,0,6,96
210430,2,1,1,1,0,2,8
9811372,1,1,0,0,0,1,2
212105,0,0,0,0,0,0,0
9906347,2,2,0,0,0,2,7
9212293,1,1,0,0,1,0,0
109092,0,0,0,0,0,0,0
9909552,0,0,0,0,0,0,0
102169,5,1,4,10,0,5,66
109015,0,0,0,0,0,0,0
301177,1,1,0,0,0,1,10
6069,4,4,0,0,4,0,0
9812406,3,3,0,0,0,3,13
9901422,0,0,0,0,0,0,0
9909549,6,2,4,8,1,5,14
9706521,0,0,0,0,0,0,0
111358,2,1,1,1,0,2,3
1022,1,1,0,0,1,0,0
9901360,1,1,0,0,1,0,0
9811494,1,1,0,0,0,1,1
9701315,1,1,0,0,1,0,0
9610516,2,2,0,0,2,0,0
5170,0,0,0,0,0,0,0
9402269,0,0,0,0,0,0,0
7220,5,3,2,2,0,5,28
9178,6,1,5,14,0,6,13
208219,3,3,0,0,0,3,12
9809532,0,0,0,0,0,0,0
212257,1,1,0,0,0,1,5
6088,1,1,0,0,0,1,2
9812281,3,1,2,3,3,0,0
4177,6,1,5,10,0,6,12
106202,6,6,0,0,3,3,6
302248,1,1,0,0,0,1,25
9610476,0,0,0,0,0,0,0
9710429,0,0,0,0,0,0,0
111122,0,0,0,0,0,0,0
9905447,0,0,0,0,0,0,0
105101,3,2,1,1,0,3,13
11267,0,0,0,0,0,0,0
8030,1,1,0,0,0,1,3
111419,0,0,0,0,0,0,0
107167,0,0,0,0,0,0,0
9809225,1,1,0,0,0,1,2
9238,0,0,0,0,0,0,0
2087,0,0,0,0,0,0,0
8240,3,2,1,1,3,0,0
9506468,0,0,0,0,0,0,0
9302294,3,3,0,0,3,0,0
9606363,0,0,0,0,0,0,0
112180,3,1,2,2,0,3,19
205239,1,1,0,0,0,1,14
9608266,3,3,0,0,3,0,0
9811309,2,1,1,1,2,0,0
1234,4,3,1,1,0,4,24
103291,1,1,0,0,0,1,8
207098,0,0,0,0,0,0,0
201234,2,2,0,0,0,2,33
9610248,0,0,0,0,0,0,0
210306,0,0,0,0,0,0,0
9708418,1,1,0,0,0,1,4
9510344,1,1,0,0,1,0,0
9211334,5,2,3,3,5,0,0
9806276,0,0,0,0,0,0,0
204032,1,1,0,0,1,0,0
208040,0,0,0,0,0,0,0
202217,1,1,0,0,0,1,6
9411313,0,0,0,0,0,0,0
9609219,4,1,3,5,2,2,2
9905558,4,1,3,4,0,4,22
9701326,1,1,0,0,1,0,0
208212,1,1,0,0,0,1,1
210250,0,0,0,0,0,0,0
9409411,2,2,0,0,2,0,0
10049,0,0,0,0,0,0,0
9607456,0,0,0,0,0,0,0
111097,0,0,0,0,0,0,0
9404341,1,1,0,0,1,0,0
9052,1,1,0,0,0,1,1
4063,2,2,0,0,0,2,7
10249,0,0,0,0,0,0,0
3109,0,0,0,0,0,0,0
209354,2,2,0,0,2,0,0
109071,0,0,0,0,0,0,0
9712235,0,0,0,0,0,0,0
102011,1,1,0,0,1,0,0
206311,1,1,0,0,0,1,10
208079,3,1,2,3,0,3,10
211016,0,0,0,0,0,0,0
9901390,2,2,0,0,2,0,0
9802428,0,0,0,0,0,0,0
7210,3,2,1,1,1,2,3
205223,3,3,0,0,1,2,3
9703371,0,0,0,0,0,0,0
110232,1,1,0,0,1,0,0
209133,0,0,0,0,0,0,0
9606255,0,0,0,0,0,0,0
205086,0,0,0,0,0,0,0
212213,1,1,0,0,0,1,1
210032,2,2,0,0,0,2,18
211142,0,0,0,0,0,0,0
302178,0,0,0,0,0,0,0
207256,0,0,0,0,0,0,0
9809273,1,1,0,0,0,1,6
9912272,0,0,0,0,0,0,0
9207201,0,0,0,0,0,0,0
9801450,0,0,0,0,0,0,0
212083,1,1,0,0,0,1,3
9911380,0,0,0,0,0,0,0
9806206,0,0,0,0,0,0,0
10293,0,0,0,0,0,0,0
10281,2,2,0,0,2,0,0
302097,0,0,0,0,0,0,0
211395,1,1,0,0,0,1,37
9307264,1,1,0,0,1,0,0
9401205,2,2,0,0,2,0,0
108143,1,1,0,0,0,1,6
9811429,0,0,0,0,0,0,0
212174,0,0,0,0,0,0,0
4042,1,1,0,0,0,1,3
212365,0,0,0,0,0,0,0
2084,0,0,0,0,0,0,0
112173,0,0,0,0,0,0,0
9507302,0,0,0,0,0,0,0
9704233,0,0,0,0,0,0,0
9704254,0,0,0,0,0,0,0
107031,0,0,0,0,0,0,0
9408349,0,0,0,0,0,0,0
104023,0,0,0,0,0,0,0
110212,1,1,0,0,0,1,2
9502242,0,0,0,0,0,0,0
208098,1,1,0,0,0,1,2
9902235,0,0,0,0,0,0,0
101216,1,1,0,0,0,1,2
9908408,1,1,0,0,0,1,10
112253,0,0,0,0,0,0,0
4216,0,0,0,0,0,0,0
208022,0,0,0,0,0,0,0
9807252,3,2,1,2,3,0,0
112314,1,1,0,0,0,1,2
207273,3,3,0,0,0,3,72
9409417,0,0,0,0,0,0,0
211376,0,0,0,0,0,0,0
206108,0,0,0,0,0,0,0
205279,1,1,0,0,0,1,1
101256,0,0,0,0,0,0,0
110182,0,0,0,0,0,0,0
9810279,0,0,0,0,0,0,0
11079,2,2,0,0,1,1,5
6214,0,0,0,0,0,0,0
9510330,0,0,0,0,0,0,0
105286,0,0,0,0,0,0,0
9712396,0,0,0,0,0,0,0
9907459,0,0,0,0,0,0,0
212194,0,0,0,0,0,0,0
9503244,1,1,0,0,0,1,1
9408240,0,0,0,0,0,0,0
203084,0,0,0,0,0,0,0
9907357,0,0,0,0,0,0,0
9801371,3,2,1,1,3,0,0
207050,0,0,0,0,0,0,0
9501412,0,0,0,0,0,0,0
9606243,0,0,0,0,0,0,0
1105,0,0,0,0,0,0,0
212299,0,0,0,0,0,0,0
104207,0,0,0,0,0,0,0
103303,1,1,0,0,0,1,7
9402319,1,1,0,0,1,0,0
9506232,1,1,0,0,0,1,2
9801440,0,0,0,0,0,0,0
9905513,1,1,0,0,0,1,3
9910356,1,1,0,0,1,0,0
301104,0,0,0,0,0,0,0
9909493,0,0,0,0,0,0,0
212016,0,0,0,0,0,0,0
208244,0,0,0,0,0,0,0
9506368,0,0,0,0,0,0,0
9308298,0,0,0,0,0,0,0
10047,0,0,0,0,0,0,0
302171,0,0,0,0,0,0,0
206188,0,0,0,0,0,0,0
9501235,0,0,0,0,0,0,0
9305330,0,0,0,0,0,0,0
9705326,0,0,0,0,0,0,0
11329,0,0,0,0,0,0,0
9901311,0,0,0,0,0,0,0
212234,0,0,0,0,0,0,0
9704320,3,1,2,2,0,3,3
208061,2,1,1,1,0,2,9
9809236,0,0,0,0,0,0,0
9608467,0,0,0,0,0,0,0
9703310,1,1,0,0,1,0,0
101222,0,0,0,0,0,0,0
110128,0,0,0,0,0,0,0
9094,0,0,0,0,0,0,0
210035,0,0,0,0,0,0,0
9306304,1,1,0,0,1,0,0
9807416,1,1,0,0,0,1,1
209019,0,0,0,0,0,0,0
207305,0,0,0,0,0,0,0
203100,0,0,0,0,0,0,0
9412386,0,0,0,0,0,0,0
9409226,0,0,0,0,0,0,0
9308312,1,1,0,0,1,0,0
209268,1,1,0,0,0,1,3
301151,1,1,0,0,0,1,9
205107,0,0,0,0,0,0,0
211408,0,0,0,0,0,0,0
210269,0,0,0,0,0,0,0
9411407,0,0,0,0,0,0,0
9250,0,0,0,0,0,0,0
12284,0,0,0,0,0,0,0
3325,1,1,0,0,0,1,5
9510321,0,0,0,0,0,0,0
9609278,1,1,0,0,0,1,5
5271,1,1,0,0,0,1,1
206012,0,0,0,0,0,0,0
9503292,1,1,0,0,1,0,0
9408356,2,2,0,0,2,0,0
210142,0,0,0,0,0,0,0
209064,0,0,0,0,0,0,0
212266,0,0,0,0,0,0,0
101214,0,0,0,0,0,0,0
9505376,0,0,0,0,0,0,0
209283,1,1,0,0,0,1,2
9701417,0,0,0,0,0,0,0
201222,0,0,0,0,0,0,0
11326,0,0,0,0,0,0,0
9908285,0,0,0,0,0,0,0
9608367,0,0,0,0,0,0,0
9502343,0,0,0,0,0,0,0
9909339,1,1,0,0,1,0,0
9511445,0,0,0,0,0,0,0
112269,0,0,0,0,0,0,0
9508266,0,0,0,0,0,0,0
9812330,0,0,0,0,0,0,0
102105,1,1,0,0,0,1,1
9805428,0,0,0,0,0,0,0
9911208,1,1,0,0,1,0,0
110251,0,0,0,0,0,0,0
112258,0,0,0,0,0,0,0
9282,0,0,0,0,0,0,0
206213,0,0,0,0,0,0,0
9711286,1,1,0,0,1,0,0
9907244,0,0,0,0,0,0,0
209310,0,0,0,0,0,0,0
9701395,0,0,0,0,0,0,0
212204,0,0,0,0,0,0,0
9308350,0,0,0,0,0,0,0
9909507,0,0,0,0,0,0,0
9507454,0,0,0,0,0,0,0
211210,0,0,0,0,0,0,0
105329,0,0,0,0,0,0,0
210234,0,0,0,0,0,0,0
5247,0,0,0,0,0,0,0
9906479,0,0,0,0,0,0,0
9611295,2,1,1,1,2,0,0
212158,0,0,0,0,0,0,0
111228,0,0,0,0,0,0,0
211338,1,1,0,0,0,1,1
2037,0,0,0,0,0,0,0
210386,0,0,0,0,0,0,0
9406358,0,0,0,0,0,0,0
212216,0,0,0,0,0,0,0
207355,0,0,0,0,0,0,0
9812480,0,0,0,0,0,0,0
211329,0,0,0,0,0,0,0
9702335,0,0,0,0,0,0,0
9612484,0,0,0,0,0,0,0
8178,0,0,0,0,0,0,0
11265,0,0,0,0,0,0,0
301081,0,0,0,0,0,0,0
209273,0,0,0,0,0,0,0
201124,0,0,0,0,0,0,0
9904294,0,0,0,0,0,0,0
301188,0,0,0,0,0,0,0
111119,0,0,0,0,0,0,0
209282,0,0,0,0,0,0,0
9708340,0,0,0,0,0,0,0
9901435,0,0,0,0,0,0,0
9708235,1,1,0,0,1,0,0
9511303,0,0,0,0,0,0,0
11125,0,0,0,0,0,0,0
9409321,0,0,0,0,0,0,0
9709435,0,0,0,0,0,0,0
9512315,0,0,0,0,0,0,0
9211279,1,1,0,0,1,0,0
9809559,1,1,0,0,1,0,0
207088,0,0,0,0,0,0,0
109132,0,0,0,0,0,0,0
9605274,0,0,0,0,0,0,0
9908452,0,0,0,0,0,0,0
9311333,0,0,0,0,0,0,0
9506257,4,4,0,0,3,1,1
4173,128,5,123,869,1,127,810
9309283,75,6,69,578,75,0,0
9402347,16,3,13,36,4,12,12
9908520,10,3,7,8,3,7,23
9709382,18,5,13,20,10,8,9
9506326,19,2,17,49,19,0,0
9812246,7,2,5,9,1,6,38
9504378,102,12,90,473,21,81,223
9512264,52,5,47,184,18,34,55
9512292,26,4,22,58,1,25,27
9705398,37,8,29,153,4,33,136
9812298,5,3,2,2,0,5,16
203079,12,9,3,3,1,11,90
9312324,47,11,36,129,29,18,23
9704455,24,9,15,43,1,23,112
9804355,28,4,24,116,5,23,29
9504316,139,14,125,1082,40,99,247
9502415,22,7,15,49,1,21,25
9808433,31,8,23,70,6,25,42
9906242,2,2,0,0,0,2,5
9212239,10,4,6,10,10,0,0
9405418,48,3,45,243,15,33,44
9305273,13,11,2,2,2,11,11
9311281,32,6,26,130,12,20,30
9308363,24,3,21,78,6,18,18
3184,50,7,43,253,1,49,500
9806375,14,3,11,33,0,14,89
9806440,48,1,47,373,28,20,26
9906244,18,12,6,8,3,15,32
9611465,12,9,3,4,4,8,24
9809596,84,7,77,577,2,82,820
9907532,47,12,35,151,3,44,320
9611423,43,6,37,145,22,21,34
9712493,83,5,78,429,21,62,162
9707282,12,2,10,17,1,11,38
9711416,4,1,3,4,4,0,0
9903454,58,6,52,285,6,52,304
9803456,4,1,3,5,0,4,33
9810491,30,2,28,151,4,26,187
9807479,10,1,9,21,2,8,24
9706428,3,2,1,1,0,3,6
9304241,29,3,26,159,29,0,0
9609442,5,2,3,4,5,0,0
9907435,12,3,9,28,1,11,63
9411298,17,7,10,15,0,17,29
9403350,34,3,31,156,9,25,32
9211256,49,15,34,161,49,0,0
9906209,49,10,39,111,3,46,200
9701381,24,4,20,45,5,19,41
9205240,21,8,13,26,21,0,0
9811471,30,4,26,91,2,28,119
9604283,78,3,75,466,78,0,0
9405340,43,9,34,116,21,22,27
9409437,29,2,27,149,2,27,118
9810397,19,2,17,52,0,19,216
9503479,15,4,11,21,4,11,33
9612426,45,8,37,207,4,41,215
9706540,49,8,41,174,6,43,178
9903453,62,8,54,171,0,62,414
9705245,16,4,12,30,1,15,56
2161,33,6,27,78,0,33,323
9411296,39,5,34,116,6,33,126
9805337,11,2,9,23,4,7,24
11179,19,8,11,24,1,18,87
12318,5,4,1,1,0,5,32
9803370,11,5,6,11,2,9,54
5323,5,5,0,0,0,5,18
9811234,11,7,4,4,7,4,6
9509413,18,1,17,38,5,13,13
9902208,13,5,8,12,1,12,26
9505392,6,2,4,6,3,3,7
9706247,19,6,13,33,0,19,79
9806292,244,2,242,2618,11,233,745
9305274,70,13,57,440,70,0,0
9504427,29,2,27,139,3,26,135
9710334,20,6,14,24,6,14,14
9408207,21,2,19,72,21,0,0
9305266,30,8,22,67,18,12,12
9504295,15,3,12,36,0,15,22
3277,12,4,8,17,1,11,19
9808351,5,4,1,1,1,4,6
9701303,52,7,45,264,0,52,268
9401266,41,11,30,110,41,0,0
109180,0,0,0,0,0,0,0
9712269,7,3,4,5,0,7,17
9501214,28,6,22,113,21,7,7
9410361,26,5,21,60,5,21,38
9310217,3,1,2,3,1,2,2
6346,11,3,8,17,0,11,70
9804241,75,8,67,519,1,74,391
9410293,23,7,16,65,2,21,89
9805488,15,4,11,23,0,15,90
9408306,62,6,56,302,4,58,312
9306290,35,3,32,195,14,21,21
9903224,50,3,47,192,0,50,420
9804381,1,1,0,0,0,1,7
4060,15,4,11,20,1,14,50
9701410,13,5,8,15,5,8,16
9805271,5,3,2,4,0,5,10
9306219,21,7,14,74,15,6,6
9403335,16,3,13,48,4,12,19
9903389,46,7,39,163,5,41,323
9503328,10,4,6,10,2,8,20
9910344,11,3,8,14,1,10,21
9606463,19,3,16,51,0,19,106
9812476,15,8,7,15,4,11,18
9801442,13,3,10,22,4,9,21
9406315,43,17,26,69,29,14,17
9711223,35,5,30,98,1,34,168
3140,20,2,18,55,1,19,209
9811473,108,4,104,1285,4,104,432
9909419,25,2,23,130,2,23,463
9406295,41,7,34,139,11,30,72
9905465,5,1,4,9,0,5,18
105009,24,4,20,49,0,24,231
108069,9,1,8,12,0,9,47
9408290,54,17,37,166,17,37,102
9607243,9,2,7,15,0,9,43
9512230,38,3,35,174,34,4,4
9404247,42,14,28,83,9,33,35
9811456,9,5,4,9,4,5,9
9711501,13,3,10,23,0,13,69
9606412,17,2,15,31,4,13,33
9506235,0,0,0,0,0,0,0
9604406,21,3,18,53,1,20,85
9612229,5,1,4,4,0,5,39
9503463,46,1,45,334,28,18,21
9607379,29,7,22,81,5,24,28
9911295,6,2,4,10,0,6,48
9703294,5,2,3,4,0,5,5
9906470,41,5,36,171,3,38,196
9804428,13,4,9,14,0,13,48
9206221,10,7,3,6,10,0,0
9603212,47,10,37,193,10,37,82
9607476,4,2,2,3,0,4,11
9505298,25,7,18,62,1,24,84
9503358,15,5,10,16,0,15,65
2049,24,3,21,84,0,24,103
9703220,61,3,58,260,8,53,198
9508303,9,6,3,8,1,8,71
9711348,38,2,36,156,1,37,159
9350,87,19,68,365,28,59,267
9603431,29,5,24,97,13,16,18
9702404,8,2,6,20,0,8,14
9902238,10,2,8,22,0,10,115
102098,62,4,58,374,3,59,418
11359,19,2,17,67,0,19,122
102131,26,1,25,179,19,7,8
9510301,114,11,103,528,15,99,242
9301267,28,2,26,90,28,0,0
9812235,2,2,0,0,1,1,1
8237,24,4,20,85,0,24,299
9409285,30,5,25,81,1,29,64
9212257,8,2,6,15,8,0,0
103318,14,2,12,37,4,10,38
9302249,37,9,28,83,37,0,0
9507388,24,3,21,78,24,0,0
9502289,70,4,66,503,2,68,179
102241,35,9,26,109,1,34,129
9605310,4,3,1,1,2,2,4
9411367,16,3,13,47,16,0,0
9304289,10,2,8,14,10,0,0
9709440,3,2,1,1,1,2,2
9409350,4,2,2,3,3,1,1
9903417,141,8,133,775,17,124,485
101085,12,6,6,8,2,10,28
9808257,48,15,33,98,8,40,113
5328,29,3,26,223,0,29,164
201161,23,4,19,77,0,23,405
105149,2,1,1,1,0,2,2
210009,4,4,0,0,0,4,67
2257,25,4,21,95,0,25,133
112061,18,1,17,67,0,18,96
9609381,252,4,248,2401,35,217,504
9308269,10,1,9,17,8,2,2
112236,1,1,0,0,0,1,5
9909248,34,7,27,98,23,11,11
109121,3,1,2,2,0,3,10
11200,7,4,3,6,0,7,47
9707425,9,2,7,10,0,9,74
9503455,5,4,1,1,0,5,13
204311,4,3,1,1,0,4,13
4123,5,2,3,5,0,5,11
9304255,18,7,11,31,3,15,18
9906539,23,6,17,45,0,23,171
9411362,0,0,0,0,0,0,0
204029,9,2,7,12,0,9,135
9909236,6,3,3,4,3,3,9
9406374,9,4,5,9,4,5,11
9601289,15,1,14,32,7,8,14
9412363,8,3,5,8,0,8,15
9603400,84,7,77,356,0,84,689
9606410,22,9,13,35,0,22,167
9211268,1,1,0,0,1,0,0
9309287,19,5,14,38,7,12,16
106158,0,0,0,0,0,0,0
9411229,98,4,94,603,52,46,47
9512269,2,1,1,1,0,2,14
202150,0,0,0,0,0,0,0
102117,6,3,3,7,0,6,54
9802202,8,3,5,10,0,8,22
9712535,34,6,28,124,0,34,257
9612425,6,2,4,6,0,6,24
106123,6,2,4,6,1,5,14
9712386,4,2,2,2,1,3,5
9507218,18,6,12,39,18,0,0
9610303,2,2,0,0,1,1,2
103182,45,6,39,197,0,45,547
10334,17,4,13,33,2,15,95
9210266,7,4,3,5,7,0,0
9701355,2,2,0,0,1,1,1
5108,31,4,27,94,1,30,84
109160,4,4,0,0,0,4,24
9511217,18,3,15,38,17,1,1
9407287,41,13,28,89,6,35,89
9409455,10,3,7,11,2,8,15
9607390,8,3,5,9,0,8,19
9912386,0,0,0,0,0,0,0
9311363,4,1,3,4,4,0,0
9808334,4,1,3,6,3,1,1
4176,13,3,10,19,0,13,75
9705446,1,1,0,0,0,1,3
9510457,12,4,8,10,0,12,62
9706330,1,1,0,0,0,1,5
9704333,76,6,70,366,37,39,67
9610334,18,6,12,39,4,14,79
9211254,19,4,15,33,19,0,0
9905310,18,5,13,25,0,18,131
9501345,5,5,0,0,4,1,1
9604410,15,2,13,26,2,13,13
9802218,21,3,18,38,1,20,103
9303282,3,1,2,2,0,3,9
9412270,3,2,1,1,1,2,3
9707497,3,1,2,2,0,3,22
9910262,18,4,14,24,3,15,17
9707211,6,2,4,11,4,2,2
108166,10,3,7,12,2,8,26
104088,10,7,3,3,1,9,31
9711310,2,1,1,1,1,1,1
7355,40,11,29,85,2,38,148
9812495,10,5,5,21,0,10,55
9309202,4,1,3,6,4,0,0
9710373,11,2,9,28,0,11,136
9810524,9,2,7,14,9,0,0
9902313,13,4,9,14,1,12,28
5220,4,2,2,3,1,3,3
8103,4,3,1,1,0,4,24
9305291,17,7,10,20,2,15,34
9710256,7,2,5,13,0,7,34
9808447,4,2,2,3,0,4,18
111209,7,1,6,13,0,7,51
9804206,5,2,3,3,0,5,8
2050,19,4,15,58,1,18,230
9902449,42,4,38,111,3,39,132
9310338,18,6,12,17,14,4,4
103137,4,2,2,2,0,4,18
2066,2,1,1,1,1,1,1
9605312,22,9,13,40,11,11,14
9912377,1,1,0,0,1,0,0
9905227,20,1,19,93,0,20,270
9406421,29,4,25,83,21,8,11
107153,1,1,0,0,1,0,0
4091,13,5,8,12,1,12,50
9601237,17,8,9,15,1,16,45
8288,3,2,1,1,1,2,8
9510280,4,1,3,4,0,4,8
2267,44,12,32,94,24,20,22
9903419,12,4,8,29,1,11,29
9610297,12,3,9,21,0,12,21
106199,1,1,0,0,0,1,3
9610397,7,2,5,7,1,6,26
9706523,5,2,3,4,2,3,3
9701389,20,3,17,36,2,18,59
9609247,9,2,7,11,4,5,5
9409382,7,1,6,13,7,0,0
9705294,7,4,3,4,0,7,15
9912515,10,3,7,16,0,10,24
9701345,12,3,9,22,4,8,9
9901306,16,4,12,56,1,15,165
9610222,4,4,0,0,2,2,27
9601234,24,4,20,64,24,0,0
9508308,7,1,6,10,7,0,0
9905231,2,2,0,0,0,2,3
9903295,0,0,0,0,0,0,0
9610532,4,2,2,4,4,0,0
9912451,29,4,25,97,0,29,389
207183,3,3,0,0,0,3,11
9703455,14,2,12,38,0,14,63
9607261,0,0,0,0,0,0,0
9606275,16,2,14,88,0,16,56
9912320,4,1,3,3,1,3,5
9510305,3,2,1,1,0,3,6
9801266,1,1,0,0,0,1,5
110414,10,4,6,16,1,9,27
5274,12,3,9,20,12,0,0
9705462,7,2,5,7,3,4,4
9703226,13,3,10,14,0,13,30
9810309,15,4,11,20,1,14,132
205158,1,1,0,0,1,0,0
9712321,2,2,0,0,0,2,5
104312,13,2,11,28,0,13,95
111224,9,1,8,20,0,9,91
9804302,2,2,0,0,0,2,5
9504431,11,3,8,16,0,11,51
9606273,4,1,3,5,0,4,7
106166,59,2,57,493,0,59,291
9809538,5,2,3,4,0,5,26
108079,1,1,0,0,0,1,3
9409457,8,4,4,5,3,5,5
9601236,8,2,6,12,7,1,1
9404207,18,4,14,36,18,0,0
3318,2,2,0,0,0,2,24
9504261,3,2,1,1,0,3,3
9507413,15,2,13,47,0,15,50
9907428,12,5,7,15,0,12,33
9605344,2,1,1,1,2,0,0
9606407,1,1,0,0,0,1,2
11059,5,1,4,7,0,5,55
210380,1,1,0,0,0,1,4
9407329,3,3,0,0,0,3,34
107307,4,4,0,0,0,4,33
9903242,7,2,5,11,0,7,27
9410337,18,4,14,38,3,15,26
9808426,50,5,45,188,0,50,163
201195,21,13,8,15,4,17,79
101151,12,2,10,38,0,12,99
101350,12,5,7,10,0,12,135
9507299,20,3,17,47,12,8,8
9909510,2,2,0,0,1,1,1
202136,10,8,2,2,0,10,48
104145,9,1,8,23,0,9,17
203267,9,2,7,17,0,9,62
9510209,4,2,2,5,2,2,2
9512345,4,3,1,1,1,3,6
9810315,8,2,6,17,0,8,12
9404361,7,3,4,6,7,0,0
205284,7,1,6,13,0,7,119
3097,0,0,0,0,0,0,0
9411269,2,1,1,1,2,0,0
9312277,4,2,2,3,2,2,2
9312308,5,3,2,3,2,3,3
101099,8,2,6,11,0,8,96
9905309,36,3,33,101,4,32,150
9905543,15,2,13,29,0,15,78
9308327,8,3,5,14,8,0,0
9409333,4,1,3,5,4,0,0
9704389,12,5,7,15,0,12,70
9601334,4,1,3,6,2,2,4
9701334,3,2,1,1,1,2,2
9510293,6,2,4,5,6,0,0
110309,3,2,1,1,0,3,15
9909537,1,1,0,0,0,1,1
9701343,6,3,3,3,1,5,14
9307320,13,8,5,9,0,13,19
12336,3,2,1,1,0,3,22
9705267,4,4,0,0,0,4,6
112139,0,0,0,0,0,0,0
9802220,3,1,2,2,3,0,0
9711367,2,1,1,1,2,0,0
9302301,4,2,2,2,4,0,0
9511380,12,7,5,8,1,11,17
9704453,4,2,2,2,0,4,4
9912363,2,1,1,1,0,2,10
9209276,18,2,16,54,18,0,0
9808364,4,1,3,4,0,4,23
9707227,9,2,7,12,0,9,188
9272,2,1,1,1,0,2,18
9609522,1,1,0,0,0,1,1
9704450,4,2,2,3,0,4,18
9610304,17,2,15,77,17,0,0
9906480,4,4,0,0,0,4,49
9911392,18,1,17,54,0,18,197
9706249,15,1,14,31,3,12,18
111156,0,0,0,0,0,0,0
9906406,6,3,3,4,2,4,6
101258,4,1,3,4,0,4,19
9811300,1,1,0,0,0,1,4
9809494,2,2,0,0,1,1,1
9607484,4,3,1,1,1,3,33
9501267,9,5,4,7,9,0,0
9703383,4,1,3,5,4,0,0
9411201,8,4,4,5,2,6,7
9304204,5,2,3,6,5,0,0
7152,11,7,4,7,0,11,85
9710445,6,2,4,7,0,6,18
9710229,3,3,0,0,1,2,8
9702295,2,1,1,1,1,1,2
9705378,5,5,0,0,1,4,5
9712230,5,3,2,2,2,3,5
9602326,21,4,17,54,2,19,35
9909477,14,1,13,60,0,14,82
9605348,8,1,7,13,4,4,4
9709363,20,2,18,32,1,19,119
9807487,3,1,2,2,0,3,20
101225,27,3,24,36,0,27,179
9209285,16,11,5,7,11,5,5
9512279,1,1,0,0,1,0,0
9810273,7,2,5,10,0,7,55
9805402,4,4,0,0,0,4,11
9705216,19,8,11,31,3,16,41
9503341,1,1,0,0,0,1,3
9502414,5,2,3,4,0,5,32
9702340,2,2,0,0,2,0,0
9402236,3,2,1,1,3,0,0
202177,5,3,2,2,0,5,46
9607227,0,0,0,0,0,0,0
9807508,5,4,1,1,0,5,39
9210271,3,1,2,2,3,0,0
9702358,11,6,5,11,1,10,30
9407289,10,1,9,24,7,3,4
9712276,15,2,13,40,10,5,9
9711218,5,3,2,3,5,0,0
12143,20,2,18,61,2,18,55
108074,7,4,3,4,0,7,60
9405357,1,1,0,0,0,1,3
103243,5,4,1,1,2,3,4
109154,8,2,6,13,0,8,79
104100,3,2,1,1,0,3,13
9080,3,2,1,2,3,0,0
9806350,16,3,13,46,0,16,102
9308225,0,0,0,0,0,0,0
106060,7,4,3,4,0,7,43
103192,4,4,0,0,0,4,36
9911214,18,1,17,57,0,18,96
9402277,3,3,0,0,0,3,3
9504291,4,2,2,3,4,0,0
9808280,8,3,5,10,0,8,60
9303306,17,3,14,46,17,0,0
9411266,2,2,0,0,0,2,4
9401273,2,1,1,1,0,2,4
9610257,2,2,0,0,0,2,7
9603217,21,7,14,37,5,16,25
3196,7,2,5,9,3,4,4
9905572,4,3,1,1,0,4,30
9506420,4,2,2,2,0,4,15
9710267,5,2,3,6,0,5,21
9404243,9,2,7,15,2,7,10
9610369,9,7,2,3,0,9,27
210244,1,1,0,0,0,1,9
9808317,11,4,7,10,3,8,23
9704264,4,2,2,5,1,3,18
106232,4,3,1,1,0,4,13
9905527,1,1,0,0,0,1,1
9903532,7,5,2,2,1,6,10
9607222,10,1,9,29,0,10,81
205305,4,2,2,2,0,4,19
9707258,1,1,0,0,0,1,1
203238,6,1,5,7,0,6,12
202097,7,3,4,10,1,6,37
107053,3,2,1,1,0,3,19
9307356,13,2,11,34,13,0,0
9711429,12,1,11,28,1,11,67
9210212,5,2,3,6,5,0,0
6216,1,1,0,0,0,1,4
9701323,11,5,6,10,1,10,25
106083,2,1,1,1,0,2,22
9601329,4,2,2,3,4,0,0
9504400,3,3,0,0,3,0,0
9811229,1,1,0,0,0,1,1
6062,1,1,0,0,0,1,3
106266,0,0,0,0,0,0,0
9407234,5,4,1,1,2,3,3
106319,18,3,15,39,1,17,181
9401216,2,2,0,0,1,1,2
5123,11,8,3,11,1,10,33
9510415,9,1,8,21,9,0,0
9401304,2,2,0,0,2,0,0
9406294,4,2,2,3,0,4,4
9610373,8,3,5,13,1,7,21
9907359,3,2,1,1,0,3,5
9902279,11,7,4,9,6,5,5
9612354,1,1,0,0,0,1,1
9803483,7,2,5,12,7,0,0
4237,9,4,5,5,0,9,9
9606377,8,2,6,13,0,8,25
9505355,6,3,3,5,5,1,1
1215,0,0,0,0,0,0,0
9909212,13,7,6,12,0,13,154
9903208,1,1,0,0,1,0,0
9706276,3,3,0,0,2,1,2
102003,4,2,2,2,1,3,5
102138,2,1,1,1,0,2,21
9212209,2,2,0,0,2,0,0
112094,7,4,3,3,0,7,73
3286,1,1,0,0,0,1,1
9611248,3,3,0,0,0,3,26
5043,5,3,2,2,1,4,9
12062,9,2,7,15,0,9,102
9409343,2,2,0,0,2,0,0
210258,2,1,1,1,0,2,8
12314,2,2,0,0,1,1,1
9310264,5,5,0,0,5,0,0
9803225,28,4,24,137,3,25,96
9708488,14,5,9,16,11,3,3
9409231,1,1,0,0,0,1,2
5133,4,1,3,4,0,4,8
6174,4,2,2,3,1,3,6
9602273,6,3,3,3,0,6,25
9504309,1,1,0,0,0,1,1
9304258,2,1,1,1,2,0,0
9307340,2,1,1,1,2,0,0
9705316,1,1,0,0,0,1,4
9509310,2,2,0,0,0,2,4
111149,2,2,0,0,0,2,10
9806286,4,1,3,5,0,4,4
9705272,1,1,0,0,0,1,10
7056,11,5,6,16,0,11,48
9712325,13,1,12,38,1,12,37
9505217,8,2,6,19,8,0,0
210004,4,4,0,0,0,4,15
9906409,5,3,2,4,0,5,48
9909414,2,2,0,0,1,1,1
209377,0,0,0,0,0,0,0
9707228,5,5,0,0,0,5,18
9907358,3,1,2,3,0,3,12
9205245,3,3,0,0,3,0,0
206043,1,1,0,0,0,1,3
9503335,1,1,0,0,0,1,2
9302253,2,2,0,0,2,0,0
6173,2,2,0,0,0,2,27
9511294,3,1,2,2,2,1,1
104247,1,1,0,0,1,0,0
9903312,1,1,0,0,0,1,2
6296,2,1,1,1,2,0,0
9508287,1,1,0,0,1,0,0
9905302,4,2,2,3,0,4,9
9508282,3,2,1,1,0,3,4
9501383,3,2,1,1,3,0,0
212202,11,4,7,12,1,10,68
9810332,4,3,1,1,0,4,18
101239,3,3,0,0,3,0,0
3267,2,1,1,1,2,0,0
9206251,1,1,0,0,1,0,0
204279,4,2,2,5,1,3,17
202129,2,1,1,1,0,2,28
9605455,2,1,1,1,1,1,1
111210,0,0,0,0,0,0,0
204274,0,0,0,0,0,0,0
9502345,1,1,0,0,0,1,1
9802344,2,2,0,0,0,2,11
205113,0,0,0,0,0,0,0
9812251,3,3,0,0,0,3,19
9212265,8,5,3,5,8,0,0
9508395,8,2,6,8,4,4,7
9610439,3,1,2,2,1,2,2
9901366,0,0,0,0,0,0,0
110060,0,0,0,0,0,0,0
9707245,4,3,1,1,0,4,23
9410394,3,1,2,3,3,0,0
10065,1,1,0,0,0,1,2
9902378,1,1,0,0,0,1,1
9508411,11,4,7,9,1,10,20
9710420,2,1,1,1,1,1,1
9510221,3,3,0,0,0,3,3
108010,3,2,1,1,2,1,3
204227,0,0,0,0,0,0,0
9607334,1,1,0,0,0,1,5
9307305,1,1,0,0,1,0,0
9808329,5,2,3,6,0,5,8
9405376,2,2,0,0,2,0,0
9506344,2,1,1,1,0,2,4
108039,4,1,3,4,0,4,10
103178,7,6,1,1,4,3,4
112042,4,4,0,0,0,4,17
206090,1,1,0,0,0,1,1
212059,1,1,0,0,0,1,10
9605358,2,2,0,0,0,2,5
202232,0,0,0,0,0,0,0
9901339,12,5,7,12,8,4,10
11292,3,2,1,2,2,1,3
9703204,3,3,0,0,1,2,4
208248,3,3,0,0,1,2,14
12012,1,1,0,0,0,1,2
105321,2,2,0,0,0,2,3
9410223,1,1,0,0,1,0,0
9408297,0,0,0,0,0,0,0
11036,5,2,3,3,2,3,8
301242,0,0,0,0,0,0,0
4196,1,1,0,0,0,1,3
9808325,2,2,0,0,0,2,2
9508286,4,2,2,2,2,2,6
9812368,10,1,9,17,6,4,7
212293,0,0,0,0,0,0,0
103210,7,5,2,3,0,7,55
207236,8,1,7,16,0,8,71
104001,3,2,1,1,0,3,17
204348,6,1,5,8,0,6,23
9410334,0,0,0,0,0,0,0
9702357,2,1,1,1,0,2,4
9904387,0,0,0,0,0,0,0
9810424,18,5,13,44,0,18,54
9708332,2,1,1,1,0,2,9
211178,0,0,0,0,0,0,0
10160,4,4,0,0,3,1,3
102108,1,1,0,0,0,1,3
9711409,1,1,0,0,0,1,15
11260,6,1,5,13,2,4,9
302238,0,0,0,0,0,0,0
9812300,1,1,0,0,1,0,0
9302299,6,3,3,4,6,0,0
210127,2,2,0,0,0,2,22
101053,3,3,0,0,0,3,5
9903331,3,1,2,3,0,3,12
9803477,6,1,5,10,6,0,0
9809212,1,1,0,0,0,1,1
110225,2,2,0,0,1,1,1
7190,2,2,0,0,0,2,12
108261,2,1,1,1,0,2,6
9803279,2,1,1,1,2,0,0
9410348,6,3,3,4,4,2,2
9806355,5,2,3,6,1,4,8
9609262,5,1,4,7,0,5,5
4232,9,3,6,14,6,3,6
9308290,4,3,1,1,1,3,3
9606262,1,1,0,0,0,1,5
9601327,4,3,1,1,0,4,13
9605433,2,1,1,1,1,1,1
9602416,3,1,2,3,3,0,0
109023,1,1,0,0,0,1,5
9712337,0,0,0,0,0,0,0
101286,6,3,3,6,6,0,0
9809226,0,0,0,0,0,0,0
9610409,9,3,6,12,9,0,0
9903458,3,3,0,0,0,3,3
6359,4,1,3,4,0,4,15
9608252,0,0,0,0,0,0,0
207255,4,4,0,0,0,4,25
110289,3,1,2,2,0,3,8
9612361,1,1,0,0,1,0,0
9604221,0,0,0,0,0,0,0
208234,2,2,0,0,1,1,2
9811457,3,3,0,0,0,3,10
9402248,3,1,2,3,3,0,0
110033,5,2,3,4,0,5,20
204077,1,1,0,0,0,1,4
8279,3,1,2,2,0,3,62
207153,4,3,1,1,0,4,55
207059,2,2,0,0,0,2,7
9801358,1,1,0,0,0,1,1
11091,5,1,4,6,0,5,19
108095,3,2,1,1,0,3,12
211467,1,1,0,0,0,1,22
9909568,2,2,0,0,0,2,12
9707453,0,0,0,0,0,0,0
9706469,4,1,3,5,3,1,1
9907338,9,3,6,13,3,6,10
205306,3,2,1,1,0,3,10
1084,4,3,1,1,2,2,12
9907430,3,3,0,0,0,3,8
109277,7,4,3,4,7,0,0
9805362,1,1,0,0,1,0,0
9905502,1,1,0,0,0,1,6
210332,4,3,1,1,0,4,57
9191,0,0,0,0,0,0,0
104135,7,6,1,3,0,7,29
9302235,3,3,0,0,3,0,0
204186,0,0,0,0,0,0,0
9807347,2,2,0,0,0,2,28
110146,1,1,0,0,0,1,7
9506366,0,0,0,0,0,0,0
109212,4,1,3,4,0,4,8
9709365,2,2,0,0,0,2,4
9505357,9,3,6,11,0,9,10
9809276,0,0,0,0,0,0,0
9505271,4,3,1,1,0,4,17
206207,8,4,4,6,0,8,49
9807260,3,1,2,3,0,3,11
206260,0,0,0,0,0,0,0
211239,1,1,0,0,0,1,3
5251,3,3,0,0,0,3,10
1159,0,0,0,0,0,0,0
9604421,1,1,0,0,0,1,6
110209,0,0,0,0,0,0,0
9603329,1,1,0,0,1,0,0
9410220,2,1,1,1,2,0,0
8189,6,4,2,3,3,3,13
105094,4,1,3,5,0,4,17
105244,1,1,0,0,0,1,8
211211,0,0,0,0,0,0,0
9504271,0,0,0,0,0,0,0
109019,0,0,0,0,0,0,0
9806364,2,2,0,0,2,0,0
9309214,4,4,0,0,0,4,5
9808471,5,4,1,1,1,4,8
110148,4,2,2,2,0,4,8
9905504,4,2,2,3,4,0,0
9901308,2,1,1,1,2,0,0
9707441,1,1,0,0,0,1,3
9607320,2,1,1,1,2,0,0
9211285,2,2,0,0,2,0,0
9912514,2,2,0,0,0,2,5
206212,0,0,0,0,0,0,0
208249,5,5,0,0,0,5,29
7301,2,1,1,1,0,2,2
203183,2,2,0,0,0,2,9
9706527,1,1,0,0,1,0,0
9607361,0,0,0,0,0,0,0
9902419,7,2,5,11,3,4,20
9608326,0,0,0,0,0,0,0
3205,3,3,0,0,0,3,9
9909547,3,1,2,2,3,0,0
9711296,2,2,0,0,0,2,13
9712220,3,1,2,3,3,0,0
9804454,5,2,3,4,5,0,0
211046,1,1,0,0,0,1,7
6093,1,1,0,0,0,1,3
9803412,8,4,4,8,1,7,18
102329,1,1,0,0,0,1,4
9409355,0,0,0,0,0,0,0
211194,1,1,0,0,1,0,0
9209286,2,1,1,1,2,0,0
9707428,1,1,0,0,0,1,1
206247,0,0,0,0,0,0,0
9805255,2,2,0,0,0,2,4
9909487,1,1,0,0,0,1,2
205007,3,3,0,0,0,3,32
206115,1,1,0,0,0,1,5
12072,1,1,0,0,0,1,1
12290,2,2,0,0,0,2,2
9404319,2,2,0,0,1,1,1
9610486,2,1,1,1,0,2,2
9910363,1,1,0,0,0,1,1
9809260,1,1,0,0,0,1,4
211096,1,1,0,0,0,1,5
209325,3,3,0,0,0,3,5
109124,1,1,0,0,0,1,7
206140,3,2,1,1,0,3,56
9806215,3,2,1,1,0,3,3
209281,1,1,0,0,0,1,2
9606369,8,7,1,1,2,6,6
302256,0,0,0,0,0,0,0
9801406,3,3,0,0,0,3,9
9902317,0,0,0,0,0,0,0
11382,0,0,0,0,0,0,0
9809264,0,0,0,0,0,0,0
9408311,1,1,0,0,1,0,0
9704411,0,0,0,0,0,0,0
9408387,7,3,4,7,7,0,0
105107,6,4,2,3,0,6,15
9212223,2,1,1,1,2,0,0
9605243,1,1,0,0,1,0,0
209313,0,0,0,0,0,0,0
201187,0,0,0,0,0,0,0
9505290,1,1,0,0,1,0,0
9812247,1,1,0,0,0,1,6
8305,1,1,0,0,0,1,1
204108,0,0,0,0,0,0,0
9407202,1,1,0,0,1,0,0
112165,1,1,0,0,0,1,2
210034,7,2,5,6,1,6,19
105193,1,1,0,0,0,1,1
9608437,0,0,0,0,0,0,0
208095,1,1,0,0,0,1,6
9411270,3,2,1,1,3,0,0
9808271,1,1,0,0,0,1,1
204179,1,1,0,0,1,0,0
9906260,5,5,0,0,0,5,32
109291,1,1,0,0,0,1,11
9905268,1,1,0,0,0,1,1
112036,4,1,3,4,0,4,13
9708376,0,0,0,0,0,0,0
9206201,4,2,2,2,4,0,0
9702401,3,3,0,0,2,1,2
9503397,0,0,0,0,0,0,0
111279,0,0,0,0,0,0,0
207055,3,3,0,0,0,3,36
1222,1,1,0,0,1,0,0
102072,0,0,0,0,0,0,0
9902259,8,3,5,9,4,4,7
4041,0,0,0,0,0,0,0
210115,1,1,0,0,0,1,4
212232,0,0,0,0,0,0,0
9308321,2,2,0,0,0,2,2
9140,2,1,1,1,0,2,34
102153,3,1,2,3,0,3,44
206192,4,3,1,1,0,4,41
12363,2,1,1,1,1,1,2
212322,1,1,0,0,0,1,2
9209233,1,1,0,0,0,1,1
6285,0,0,0,0,0,0,0
11165,5,2,3,5,0,5,13
9807546,1,1,0,0,1,0,0
204073,0,0,0,0,0,0,0
9501268,2,2,0,0,2,0,0
112361,5,2,3,7,0,5,15
106208,4,3,1,1,0,4,24
9904275,0,0,0,0,0,0,0
204345,1,1,0,0,1,0,0
9412376,0,0,0,0,0,0,0
9505287,2,1,1,1,2,0,0
9609366,1,1,0,0,0,1,2
107027,1,1,0,0,0,1,1
9801258,0,0,0,0,0,0,0
9610472,0,0,0,0,0,0,0
9811246,1,1,0,0,0,1,4
9909498,1,1,0,0,0,1,4
9808461,2,2,0,0,0,2,2
201092,1,1,0,0,0,1,2
9805466,0,0,0,0,0,0,0
203144,2,2,0,0,0,2,11
206037,0,0,0,0,0,0,0
10039,0,0,0,0,0,0,0
9901344,1,1,0,0,0,1,8
1251,4,3,1,1,0,4,27
9609477,1,1,0,0,0,1,4
9304291,1,1,0,0,1,0,0
9808335,0,0,0,0,0,0,0
9504359,0,0,0,0,0,0,0
203170,0,0,0,0,0,0,0
9905483,0,0,0,0,0,0,0
9903297,0,0,0,0,0,0,0
9504266,1,1,0,0,0,1,1
9801405,0,0,0,0,0,0,0
111159,2,2,0,0,0,2,5
9606341,0,0,0,0,0,0,0
9057,0,0,0,0,0,0,0
9308346,2,1,1,1,2,0,0
9905548,0,0,0,0,0,0,0
105256,0,0,0,0,0,0,0
211459,0,0,0,0,0,0,0
9411248,1,1,0,0,1,0,0
202240,0,0,0,0,0,0,0
9307339,2,2,0,0,2,0,0
9803388,0,0,0,0,0,0,0
9510250,1,1,0,0,0,1,2
302040,0,0,0,0,0,0,0
9407346,1,1,0,0,1,0,0
9049,1,1,0,0,0,1,1
204015,0,0,0,0,0,0,0
110361,0,0,0,0,0,0,0
209375,0,0,0,0,0,0,0
9904326,2,2,0,0,1,1,1
9112,0,0,0,0,0,0,0
9211236,0,0,0,0,0,0,0
108146,1,1,0,0,0,1,3
105040,1,1,0,0,0,1,12
210224,2,1,1,1,0,2,8
9212219,3,2,1,1,3,0,0
9507296,1,1,0,0,1,0,0
302243,0,0,0,0,0,0,0
9502253,3,1,2,2,3,0,0
210327,0,0,0,0,0,0,0
9412220,1,1,0,0,0,1,1
8299,0,0,0,0,0,0,0
9409233,0,0,0,0,0,0,0
9404328,2,2,0,0,2,0,0
112288,0,0,0,0,0,0,0
210392,2,1,1,1,0,2,7
108052,0,0,0,0,0,0,0
110343,0,0,0,0,0,0,0
208187,0,0,0,0,0,0,0
9709337,1,1,0,0,1,0,0
9701312,1,1,0,0,1,0,0
9604374,0,0,0,0,0,0,0
9205226,1,1,0,0,1,0,0
207038,0,0,0,0,0,0,0
212317,0,0,0,0,0,0,0
207082,0,0,0,0,0,0,0
9706215,0,0,0,0,0,0,0
204268,0,0,0,0,0,0,0
101079,0,0,0,0,0,0,0
212195,1,1,0,0,0,1,11
210391,0,0,0,0,0,0,0
210124,1,1,0,0,1,0,0
9908374,2,1,1,1,0,2,15
201017,0,0,0,0,0,0,0
9702257,2,2,0,0,1,1,1
9410291,0,0,0,0,0,0,0
12042,0,0,0,0,0,0,0
202168,2,2,0,0,1,1,7
204082,0,0,0,0,0,0,0
108232,0,0,0,0,0,0,0
302190,0,0,0,0,0,0,0
9808494,0,0,0,0,0,0,0
208032,0,0,0,0,0,0,0
105314,1,1,0,0,1,0,0
105177,3,1,2,3,0,3,8
9805258,1,1,0,0,0,1,3
206175,0,0,0,0,0,0,0
207090,0,0,0,0,0,0,0
212088,0,0,0,0,0,0,0
9809526,0,0,0,0,0,0,0
9712420,1,1,0,0,1,0,0
8082,1,1,0,0,0,1,1
9810428,1,1,0,0,0,1,3
9510348,0,0,0,0,0,0,0
9409383,0,0,0,0,0,0,0
9909209,2,2,0,0,1,1,3
9706286,2,1,1,1,1,1,1
111283,0,0,0,0,0,0,0
9410312,0,0,0,0,0,0,0
9606245,0,0,0,0,0,0,0
108082,0,0,0,0,0,0,0
212187,0,0,0,0,0,0,0
9608411,0,0,0,0,0,0,0
9310203,0,0,0,0,0,0,0
9308285,0,0,0,0,0,0,0
205232,2,2,0,0,0,2,8
9508238,0,0,0,0,0,0,0
11022,0,0,0,0,0,0,0
302212,1,1,0,0,1,0,0
9607323,0,0,0,0,0,0,0
9812453,0,0,0,0,0,0,0
111195,1,1,0,0,0,1,1
9406429,0,0,0,0,0,0,0
9804278,0,0,0,0,0,0,0
9511296,0,0,0,0,0,0,0
8249,0,0,0,0,0,0,0
9907464,2,1,1,1,1,1,1
9701349,0,0,0,0,0,0,0
208131,0,0,0,0,0,0,0
212201,0,0,0,0,0,0,0
112257,0,0,0,0,0,0,0
3057,0,0,0,0,0,0,0
9406327,0,0,0,0,0,0,0
9707238,0,0,0,0,0,0,0
9407387,0,0,0,0,0,0,0
203168,0,0,0,0,0,0,0
9305259,0,0,0,0,0,0,0
9712498,0,0,0,0,0,0,0
9811409,0,0,0,0,0,0,0
9911412,0,0,0,0,0,0,0
203202,0,0,0,0,0,0,0
10314,0,0,0,0,0,0,0
111110,2,1,1,1,0,2,2
9709299,0,0,0,0,0,0,0
103249,0,0,0,0,0,0,0
205144,0,0,0,0,0,0,0
3329,0,0,0,0,0,0,0
212246,0,0,0,0,0,0,0
9802360,0,0,0,0,0,0,0
206069,0,0,0,0,0,0,0
209008,0,0,0,0,0,0,0
211128,0,0,0,0,0,0,0
9505367,1,1,0,0,1,0,0
105076,1,1,0,0,0,1,7
9812468,0,0,0,0,0,0,0
9802250,0,0,0,0,0,0,0
105036,0,0,0,0,0,0,0
9310214,0,0,0,0,0,0,0
105310,0,0,0,0,0,0,0
9910374,1,1,0,0,1,0,0
9706458,0,0,0,0,0,0,0
7039,1,1,0,0,0,1,9
207193,0,0,0,0,0,0,0
208074,1,1,0,0,0,1,1
9805453,3,1,2,2,3,0,0
208166,0,0,0,0,0,0,0
210111,1,1,0,0,0,1,2
10179,0,0,0,0,0,0,0
9401286,0,0,0,0,0,0,0
9807205,0,0,0,0,0,0,0
2028,0,0,0,0,0,0,0
9310362,0,0,0,0,0,0,0
9510331,0,0,0,0,0,0,0
201021,0,0,0,0,0,0,0
9708417,0,0,0,0,0,0,0
9611298,1,1,0,0,1,0,0
3175,2,2,0,0,0,2,3
9811408,0,0,0,0,0,0,0
9705461,0,0,0,0,0,0,0
9507345,0,0,0,0,0,0,0
12319,1,1,0,0,0,1,2
9605341,0,0,0,0,0,0,0
12245,0,0,0,0,0,0,0
3245,1,1,0,0,0,1,12
9309250,0,0,0,0,0,0,0
9505363,0,0,0,0,0,0,0
9909346,0,0,0,0,0,0,0
9603299,0,0,0,0,0,0,0
210137,1,1,0,0,0,1,4
9412330,0,0,0,0,0,0,0
9608391,0,0,0,0,0,0,0
210432,0,0,0,0,0,0,0
9912405,1,1,0,0,0,1,1
301129,0,0,0,0,0,0,0
9708277,0,0,0,0,0,0,0
9808435,0,0,0,0,0,0,0
9708322,0,0,0,0,0,0,0
9402339,1,1,0,0,0,1,1
9807468,0,0,0,0,0,0,0
211289,0,0,0,0,0,0,0
9504329,0,0,0,0,0,0,0
9710499,0,0,0,0,0,0,0
207128,0,0,0,0,0,0,0
103298,0,0,0,0,0,0,0
9701403,1,1,0,0,1,0,0
9712472,0,0,0,0,0,0,0
9909299,0,0,0,0,0,0,0
101346,1,1,0,0,1,0,0
9402345,0,0,0,0,0,0,0
9312314,0,0,0,0,0,0,0
4054,0,0,0,0,0,0,0
212055,0,0,0,0,0,0,0
212349,0,0,0,0,0,0,0
9602387,0,0,0,0,0,0,0
111349,0,0,0,0,0,0,0
9907406,0,0,0,0,0,0,0
9207,0,0,0,0,0,0,0
112289,0,0,0,0,0,0,0
9702288,0,0,0,0,0,0,0
301013,0,0,0,0,0,0,0
9701280,0,0,0,0,0,0,0
208211,0,0,0,0,0,0,0
110151,0,0,0,0,0,0,0
11066,0,0,0,0,0,0,0
102109,0,0,0,0,0,0,0
9606446,0,0,0,0,0,0,0
9907288,0,0,0,0,0,0,0
9603394,0,0,0,0,0,0,0
101120,0,0,0,0,0,0,0
201196,0,0,0,0,0,0,0
212385,0,0,0,0,0,0,0
211319,0,0,0,0,0,0,0
9609519,0,0,0,0,0,0,0
2269,0,0,0,0,0,0,0
9411402,0,0,0,0,0,0,0
9702439,0,0,0,0,0,0,0
12302,0,0,0,0,0,0,0
210147,0,0,0,0,0,0,0
9901408,0,0,0,0,0,0,0
2031,0,0,0,0,0,0,0
9409271,0,0,0,0,0,0,0
6221,0,0,0,0,0,0,0
9311275,0,0,0,0,0,0,0
9612392,0,0,0,0,0,0,0
9510444,0,0,0,0,0,0,0
209291,0,0,0,0,0,0,0
9605343,0,0,0,0,0,0,0
9906350,0,0,0,0,0,0,0
211278,0,0,0,0,0,0,0
9309255,0,0,0,0,0,0,0
201221,0,0,0,0,0,0,0
9901234,0,0,0,0,0,0,0
207338,0,0,0,0,0,0,0
302084,0,0,0,0,0,0,0
5137,0,0,0,0,0,0,0
104222,2,2,0,0,2,0,0
9608260,0,0,0,0,0,0,0
211013,0,0,0,0,0,0,0
9902466,1,1,0,0,1,0,0
9410208,0,0,0,0,0,0,0
9311274,66,11,55,251,66,0,0
4213,63,7,56,388,2,61,351
9404282,125,8,117,1121,80,45,70
9403254,15,3,12,51,15,0,0
9909478,30,5,25,59,1,29,281
9804254,32,10,22,111,1,31,124
9507396,26,9,17,50,12,14,14
9812472,106,8,98,610,13,93,622
9608317,41,6,35,136,36,5,5
9606419,40,7,33,83,5,35,60
9512417,14,4,10,27,13,1,1
9706218,7,4,3,4,1,6,21
9812387,10,3,7,9,2,8,40
1056,7,2,5,11,0,7,43
9401236,41,20,21,44,28,13,13
9706267,8,2,6,10,0,8,44
9805373,81,5,76,727,12,69,119
9511344,40,7,33,155,14,26,56
9509316,30,8,22,78,0,30,85
9812275,19,8,11,25,1,18,103
9908480,12,3,9,33,1,11,121
9305234,2,1,1,1,2,0,0
9405423,23,4,19,55,6,17,30
9304303,45,5,40,175,24,21,26
9403338,154,13,141,1145,68,86,126
9412367,51,4,47,195,1,50,80
9207257,39,6,33,99,39,0,0
9807216,199,20,179,1068,78,121,279
9807235,110,6,104,998,27,83,148
9911524,59,5,54,278,0,59,459
3058,63,19,44,132,2,61,596
9810308,30,4,26,113,10,20,24
9908262,2,1,1,1,0,2,6
9612243,25,10,15,41,5,20,29
9801368,58,7,51,273,27,31,84
9709483,13,2,11,31,1,12,35
9712238,6,4,2,2,4,2,2
9904328,14,1,13,40,1,13,34
9804310,11,3,8,13,0,11,48
9812344,32,2,30,165,7,25,82
9808321,2,2,0,0,1,1,4
9811381,4,1,3,5,4,0,0
9305290,22,2,20,87,22,0,0
9802445,42,8,34,109,16,26,43
9612332,31,3,28,144,22,9,12
9501277,72,15,57,164,35,37,53
9412208,63,2,61,346,15,48,81
9211260,44,15,29,125,44,0,0
9907275,6,3,3,4,0,6,63
9702421,30,6,24,112,10,20,33
9502201,11,3,8,12,6,5,10
9901278,15,1,14,23,0,15,37
9610357,35,6,29,136,3,32,203
9407250,9,5,4,7,1,8,13
9411285,50,6,44,229,50,0,0
9810482,33,2,31,116,0,33,426
9504296,9,6,3,6,9,0,0
9612464,37,6,31,89,2,35,289
9706554,26,6,20,61,0,26,179
9905296,25,3,22,95,0,25,240
9711322,9,4,5,5,1,8,30
5124,18,7,11,33,0,18,125
9504235,35,8,27,104,12,23,52
9812444,4,2,2,3,0,4,12
11323,10,2,8,15,0,10,320
9307322,44,2,42,287,18,26,68
9804252,41,5,36,180,2,39,225
9710348,9,3,6,15,9,0,0
9506291,9,4,5,10,9,0,0
9610345,63,5,58,311,6,57,133
9907386,13,9,4,7,5,8,22
9506242,43,8,35,122,10,33,71
9707416,1,1,0,0,0,1,4
9807348,48,2,46,255,0,48,181
9305275,49,11,38,180,7,42,91
9506278,14,1,13,40,0,14,76
9803408,14,6,8,12,6,8,8
9411244,3,3,0,0,2,1,2
9706285,32,3,29,143,1,31,116
9508292,10,5,5,9,0,10,18
4267,15,1,14,45,0,15,76
9607374,2,2,0,0,0,2,2
9704267,28,5,23,73,1,27,66
9407337,14,6,8,13,8,6,6
105230,1,1,0,0,0,1,3
9908342,7,4,3,4,2,5,13
9506203,7,3,4,4,5,2,3
9411321,4,1,3,3,0,4,8
9403291,11,4,7,11,2,9,20
9402288,74,18,56,188,16,58,109
9805270,67,5,62,457,2,65,300
9906475,46,7,39,176,0,46,348
9810427,9,5,4,6,1,8,57
9409391,23,3,20,73,7,16,16
9312235,28,4,24,126,28,0,0
9903239,12,5,7,15,0,12,140
9404248,42,5,37,136,33,9,9
6205,20,3,17,64,8,12,68
9804224,42,9,33,161,17,25,74
9805292,12,2,10,27,0,12,53
9306294,78,12,66,339,36,42,42
9403403,45,6,39,135,10,35,52
9904270,13,4,9,20,0,13,59
9503413,7,2,5,11,7,0,0
9910367,13,7,6,11,3,10,14
9809574,24,4,20,89,0,24,162
9901207,11,4,7,8,0,11,65
9802439,54,6,48,475,11,43,260
9410404,55,19,36,90,28,27,34
9801285,2,2,0,0,0,2,2
4095,44,6,38,183,0,44,131
9812287,144,7,137,1646,4,140,673
9909574,63,3,60,482,1,62,654
9406300,18,6,12,28,3,15,33
9905521,5,1,4,9,0,5,40
9409246,7,1,6,10,7,0,0
109068,7,3,4,4,0,7,16
9508242,2,2,0,0,0,2,7
9607418,13,4,9,22,1,12,70
9607383,76,8,68,412,25,51,82
9512441,6,4,2,2,0,6,26
9211228,28,12,16,53,14,14,18
9711514,62,1,61,403,0,62,191
9608336,13,2,11,17,0,13,52
9211332,5,4,1,1,5,0,0
9609374,14,8,6,14,0,14,68
9612389,22,8,14,28,3,19,89
9505251,42,1,41,250,5,37,75
9607485,52,5,47,182,4,48,137
9911468,1,1,0,0,0,1,6
9705362,3,1,2,3,0,3,7
9906481,52,7,45,193,3,49,371
9903207,11,1,10,15,0,11,39
9207216,19,7,12,33,19,0,0
9710441,21,5,16,38,6,15,24
9608487,16,2,14,37,6,10,17
9507228,8,5,3,12,0,8,20
9507261,12,3,9,17,0,12,54
2183,26,3,23,117,0,26,124
9711308,35,8,27,88,6,29,122
9512341,17,3,14,29,7,10,37
9803320,8,1,7,23,1,7,24
1101,62,4,58,281,4,58,389
9704205,20,4,16,40,2,18,18
9703345,12,2,10,20,0,12,18
9904223,16,6,10,13,3,13,51
102145,99,2,97,1004,7,92,307
12020,35,4,31,86,0,35,246
102176,17,2,15,81,1,16,16
9602236,29,13,16,38,11,18,42
106189,21,1,20,86,0,21,209
9705479,5,3,2,2,1,4,7
9212,18,4,14,44,0,18,176
9411276,7,2,5,10,0,7,47
9307303,6,4,2,2,6,0,0
104095,8,4,4,7,1,7,59
9304208,9,7,2,4,9,0,0
9604243,8,3,5,11,0,8,42
9505320,70,4,66,446,0,70,238
9610541,21,3,18,77,21,0,0
2213,36,9,27,103,0,36,238
9506332,11,1,10,26,0,11,11
9306337,30,6,24,79,30,0,0
9803400,27,5,22,43,1,26,60
9901209,94,3,91,915,0,94,927
3051,2,2,0,0,0,2,15
101221,3,3,0,0,2,1,7
9810206,7,2,5,9,0,7,30
7032,26,1,25,147,0,26,136
202266,9,2,7,13,0,9,137
106052,6,5,1,1,2,4,17
209248,4,2,2,2,0,4,33
11014,61,32,29,56,2,59,77
1285,1,1,0,0,0,1,13
9702379,50,3,47,251,0,50,235
9702436,6,4,2,2,0,6,20
205106,11,8,3,3,0,11,113
9904252,8,1,7,11,0,8,70
111016,10,4,6,9,1,9,45
12031,2,2,0,0,0,2,10
9707436,30,4,26,90,2,28,82
9505242,17,1,16,30,0,17,59
4031,5,3,2,2,2,3,12
2053,9,3,6,20,3,6,15
9207209,18,4,14,33,18,0,0
9907421,32,14,18,32,8,24,82
9404284,11,3,8,18,11,0,0
9706261,23,2,21,90,0,23,124
9909476,17,1,16,66,17,0,0
9411435,9,4,5,12,5,4,4
9609250,8,2,6,11,0,8,17
9509311,60,10,50,172,27,33,43
9604237,52,8,44,147,1,51,162
9608296,7,3,4,10,0,7,49
9308337,13,11,2,2,6,7,7
9403237,10,1,9,27,0,10,22
5052,2,1,1,1,0,2,3
9502300,111,6,105,618,8,103,263
9701305,9,5,4,8,2,7,17
102090,41,6,35,158,0,41,200
105097,9,1,8,24,0,9,68
9410267,19,6,13,26,14,5,5
9801391,39,6,33,227,1,38,338
9311349,6,2,4,10,6,0,0
9902354,23,3,20,87,2,21,38
9811208,6,3,3,4,2,4,7
9211202,17,4,13,37,17,0,0
7341,1,1,0,0,0,1,3
9802373,14,1,13,31,0,14,49
2250,27,3,24,79,0,27,214
5067,2,1,1,1,0,2,3
9807303,5,2,3,4,5,0,0
7036,2,2,0,0,0,2,5
1287,9,2,7,14,0,9,91
9702263,13,4,9,14,1,12,58
9502271,14,5,9,16,6,8,12
9501414,3,3,0,0,1,2,10
9612270,10,4,6,13,1,9,30
9403232,6,4,2,3,6,0,0
9711447,3,1,2,3,3,0,0
9207268,18,2,16,32,18,0,0
102074,11,3,8,23,5,6,6
9706270,37,5,32,86,0,37,186
9601333,4,2,2,2,0,4,38
9712301,15,5,10,37,2,13,49
9705290,42,4,38,157,1,41,210
9612251,18,7,11,22,10,8,21
9706430,34,9,25,58,7,27,84
9502383,3,2,1,1,0,3,7
9603281,4,1,3,5,4,0,0
9610204,18,3,15,41,3,15,27
9506425,39,3,36,179,38,1,1
9307268,13,4,9,21,1,12,24
9501216,7,1,6,12,0,7,17
9602438,21,14,7,8,1,20,57
9912312,11,5,6,8,5,6,12
9211272,19,4,15,49,19,0,0
9601346,12,2,10,21,7,5,5
105261,5,3,2,2,0,5,47
9910508,6,2,4,9,0,6,20
1147,3,2,1,2,0,3,14
9901322,5,2,3,5,0,5,36
9505233,14,3,11,41,13,1,1
9712221,32,5,27,99,0,32,350
9905242,46,7,39,157,6,40,225
9912242,10,4,6,18,0,10,24
10108,3,2,1,1,0,3,14
9909376,13,1,12,50,0,13,118
9307297,14,4,10,21,8,6,6
9802381,43,4,39,241,0,43,329
9808458,6,2,4,7,0,6,19
112251,7,3,4,5,0,7,43
9810301,11,4,7,10,0,11,43
2272,24,6,18,82,1,23,190
12362,10,3,7,20,0,10,37
9207241,6,2,4,7,6,0,0
9606346,27,7,20,61,7,20,36
5309,36,6,30,97,1,35,359
9606429,20,3,17,76,6,14,25
9410377,5,3,2,2,2,3,5
5191,24,2,22,98,18,6,10
9704272,19,3,16,51,2,17,43
2151,9,4,5,15,0,9,44
9910456,10,3,7,12,0,10,32
9610360,24,4,20,57,1,23,91
1231,1,1,0,0,0,1,3
9510460,5,1,4,5,0,5,11
9801293,7,2,5,13,7,0,0
9908319,3,2,1,1,1,2,3
9705219,16,1,15,46,0,16,88
9703316,15,4,11,27,12,3,3
9612254,9,2,7,18,0,9,55
105093,6,3,3,6,6,0,0
9703403,4,3,1,1,1,3,16
9609265,7,6,1,3,0,7,18
9706227,6,2,4,7,2,4,17
9706388,2,1,1,1,0,2,5
9707317,6,2,4,6,0,6,15
9705263,13,2,11,26,2,11,22
9409216,5,1,4,6,1,4,4
9709223,18,5,13,29,0,18,171
9710268,17,3,14,38,0,17,44
9709205,14,3,11,26,2,12,27
9910216,1,1,0,0,0,1,3
9402362,17,2,15,35,17,0,0
9708355,1,1,0,0,1,0,0
9912542,29,9,20,83,1,28,361
9403274,13,3,10,22,6,7,11
108017,3,1,2,2,0,3,16
9507397,2,2,0,0,2,0,0
9606474,13,1,12,64,1,12,76
9712494,11,2,9,11,2,9,40
9404250,1,1,0,0,1,0,0
9906325,3,3,0,0,0,3,6
111172,7,2,5,6,0,7,18
109239,0,0,0,0,0,0,0
9805430,10,4,6,10,5,5,5
9704396,17,4,13,59,0,17,77
9903497,4,2,2,5,0,4,22
9209261,13,3,10,21,13,0,0
9501379,22,3,19,63,1,21,36
111047,13,6,7,12,0,13,106
112103,22,9,13,24,0,22,183
9808201,2,2,0,0,0,2,3
9703319,25,3,22,78,5,20,86
9607384,5,1,4,6,1,4,8
110346,9,4,5,6,0,9,118
9709305,6,3,3,4,0,6,10
104278,4,2,2,2,0,4,117
9411204,4,2,2,2,1,3,17
9711229,23,4,19,67,3,20,38
9411286,27,7,20,48,22,5,5
1059,7,3,4,6,0,7,59
9304264,6,1,5,12,6,0,0
9604333,10,3,7,29,0,10,36
9911345,8,6,2,3,1,7,8
6184,6,2,4,7,1,5,14
9603389,9,4,5,9,4,5,5
10277,3,1,2,3,0,3,27
109066,13,4,9,20,0,13,39
9407381,7,2,5,12,1,6,27
9807350,3,1,2,2,3,0,0
9807503,0,0,0,0,0,0,0
9908466,9,1,8,12,0,9,30
9901442,48,6,42,130,0,48,186
105207,5,2,3,3,0,5,18
101307,21,4,17,53,0,21,51
102236,13,5,8,21,2,11,63
9708216,11,2,9,12,3,8,20
9801429,1,1,0,0,0,1,1
107201,13,4,9,23,0,13,101
110227,3,2,1,2,0,3,6
205332,7,1,6,10,0,7,57
111078,8,2,6,10,0,8,53
9610441,1,1,0,0,0,1,6
9909217,16,4,12,21,0,16,176
6192,10,4,6,19,1,9,22
206055,4,3,1,1,0,4,36
9602335,5,4,1,2,0,5,17
9707369,3,2,1,2,1,2,4
9404220,13,1,12,39,10,3,3
9405421,4,4,0,0,0,4,7
9704342,16,3,13,42,3,13,46
9910438,29,8,21,60,0,29,213
9712259,1,1,0,0,0,1,5
9312219,3,1,2,2,0,3,5
9502258,5,1,4,4,2,3,3
3309,7,4,3,5,0,7,36
9605336,9,7,2,2,1,8,33
2046,1,1,0,0,1,0,0
105250,3,2,1,1,0,3,14
111465,10,3,7,10,0,10,83
9712368,7,4,3,4,7,0,0
9512299,3,3,0,0,1,2,2
9411256,5,5,0,0,5,0,0
103339,5,2,3,3,0,5,11
9801270,6,4,2,3,1,5,38
10332,5,3,2,3,0,5,15
9901204,2,1,1,1,0,2,2
9805250,15,3,12,41,7,8,20
211044,0,0,0,0,0,0,0
8251,0,0,0,0,0,0,0
9712360,8,2,6,9,2,6,8
9701376,1,1,0,0,0,1,5
9612245,22,3,19,79,1,21,72
9811365,7,4,3,5,0,7,19
9707299,9,2,7,9,0,9,36
2065,17,5,12,22,0,17,95
9612406,2,2,0,0,0,2,15
9509430,3,3,0,0,1,2,3
9508398,6,4,2,3,5,1,1
10135,1,1,0,0,0,1,1
9911429,3,3,0,0,0,3,41
9711487,8,1,7,17,0,8,72
102021,5,2,3,4,0,5,18
3030,8,1,7,13,0,8,51
105192,4,2,2,3,0,4,18
9802441,27,6,21,75,1,26,112
110256,3,3,0,0,0,3,17
9609404,10,3,7,10,10,0,0
9701412,9,3,6,9,9,0,0
10013,2,2,0,0,0,2,2
9501361,20,6,14,32,6,14,22
9401218,5,4,1,1,5,0,0
109061,2,2,0,0,0,2,14
9806275,4,2,2,3,0,4,10
9804389,1,1,0,0,0,1,10
9803228,7,3,4,6,0,7,55
9402250,4,1,3,6,4,0,0
9805382,1,1,0,0,0,1,1
9902380,1,1,0,0,0,1,2
9911315,19,3,16,51,3,16,52
107064,7,2,5,7,0,7,20
9907467,3,3,0,0,1,2,8
9709213,8,6,2,3,1,7,25
9912341,1,1,0,0,0,1,5
11236,0,0,0,0,0,0,0
9706504,4,3,1,1,0,4,14
9811280,7,5,2,3,0,7,29
9812302,1,1,0,0,0,1,13
9711503,5,3,2,2,0,5,11
9407309,1,1,0,0,1,0,0
9510216,5,2,3,4,1,4,4
9610447,3,1,2,2,0,3,3
3228,4,1,3,4,1,3,3
208043,2,2,0,0,0,2,37
9306267,14,9,5,8,14,0,0
9808290,7,3,4,5,0,7,49
9806214,5,2,3,4,0,5,10
12085,11,3,8,19,0,11,130
9302206,11,4,7,10,11,0,0
9712436,2,1,1,1,0,2,4
9712338,2,1,1,1,0,2,2
101348,14,2,12,30,1,13,43
9502286,17,6,11,28,0,17,65
9906370,1,1,0,0,0,1,5
105236,7,2,5,6,0,7,45
109214,18,1,17,63,18,0,0
110096,17,4,13,28,0,17,43
9081,6,3,3,6,3,3,3
9601215,7,1,6,14,7,0,0
9211224,3,3,0,0,3,0,0
9404210,1,1,0,0,0,1,2
107263,1,1,0,0,1,0,0
9911366,12,1,11,33,0,12,76
9402286,10,7,3,5,10,0,0
9605309,2,1,1,1,0,2,4
9810426,4,2,2,2,0,4,21
9409289,6,1,5,6,6,0,0
9309263,12,8,4,5,12,0,0
9304202,3,1,2,3,3,0,0
9411263,2,2,0,0,2,0,0
9611206,10,1,9,17,0,10,18
102256,4,3,1,1,0,4,29
9906301,12,5,7,16,2,10,55
9411257,3,3,0,0,0,3,11
9803265,5,1,4,7,0,5,13
9310301,4,2,2,2,4,0,0
9806541,8,1,7,9,0,8,22
4191,8,4,4,7,0,8,31
9901221,21,2,19,80,5,16,21
9810239,2,1,1,1,0,2,22
110089,10,6,4,5,5,5,8
102070,4,2,2,2,0,4,11
9506269,16,5,11,27,4,12,12
9902484,21,4,17,60,1,20,173
7323,19,4,15,41,9,10,10
9404307,2,2,0,0,2,0,0
205038,7,3,4,11,0,7,82
203109,2,2,0,0,0,2,11
107304,2,1,1,1,0,2,5
9806528,24,6,18,62,1,23,66
9711499,8,1,7,13,0,8,50
9210214,5,2,3,6,5,0,0
9412238,4,1,3,3,4,0,0
9703201,22,8,14,36,10,12,23
106250,1,1,0,0,0,1,9
9609324,3,2,1,1,0,3,28
9911393,3,1,2,2,0,3,7
203080,0,0,0,0,0,0,0
12250,4,1,3,6,0,4,25
9903296,1,1,0,0,1,0,0
9707531,2,2,0,0,0,2,14
102087,3,3,0,0,0,3,38
9404294,3,1,2,3,3,0,0
2214,4,2,2,2,0,4,26
9604267,10,2,8,14,2,8,8
9909416,1,1,0,0,0,1,5
9511310,3,1,2,3,0,3,8
9908507,2,2,0,0,0,2,5
9903504,2,1,1,1,0,2,25
9801345,6,3,3,5,6,0,0
9706543,3,2,1,2,1,2,2
9601364,1,1,0,0,0,1,1
11352,6,4,2,2,0,6,42
9306222,9,1,8,21,9,0,0
9604385,4,1,3,5,0,4,5
9402232,0,0,0,0,0,0,0
9911327,8,5,3,5,0,8,73
9905326,4,2,2,2,1,3,3
9401338,3,3,0,0,0,3,3
9703432,12,4,8,15,1,11,40
9712333,4,3,1,1,2,2,2
9307209,2,2,0,0,1,1,1
112132,12,3,9,18,0,12,195
9907481,3,2,1,1,1,2,2
9712330,2,1,1,1,0,2,22
9707504,7,3,4,6,0,7,15
9612210,3,1,2,3,1,2,2
9511203,4,2,2,3,4,0,0
9905278,1,1,0,0,0,1,5
9610412,2,1,1,1,1,1,2
9208245,10,6,4,9,10,0,0
9809593,1,1,0,0,0,1,3
11334,7,3,4,8,0,7,33
302138,0,0,0,0,0,0,0
102165,3,2,1,1,0,3,7
105254,5,2,3,3,1,4,24
9701357,4,2,2,2,0,4,20
9302302,5,4,1,1,4,1,1
9304280,1,1,0,0,1,0,0
9905554,7,2,5,12,1,6,17
9804466,1,1,0,0,0,1,3
10283,6,5,1,1,0,6,17
9810384,4,2,2,2,4,0,0
9612342,1,1,0,0,1,0,0
9607403,3,3,0,0,0,3,11
9511320,4,3,1,1,2,2,6
9804407,11,3,8,26,0,11,27
9511461,8,2,6,19,1,7,15
9502226,0,0,0,0,0,0,0
9703238,13,3,10,19,2,11,43
12177,1,1,0,0,0,1,1
9909349,2,2,0,0,0,2,5
9506301,0,0,0,0,0,0,0
208230,0,0,0,0,0,0,0
9709392,3,3,0,0,0,3,47
107105,5,4,1,2,0,5,15
9605329,1,1,0,0,0,1,3
9701317,0,0,0,0,0,0,0
9911422,2,2,0,0,0,2,45
9601354,4,4,0,0,0,4,6
105237,1,1,0,0,0,1,1
111315,14,4,10,20,0,14,97
9611250,2,1,1,1,2,0,0
9710411,0,0,0,0,0,0,0
9304220,4,2,2,3,4,0,0
9512296,5,3,2,3,1,4,7
9602274,19,4,15,60,19,0,0
211062,4,3,1,1,0,4,47
9506469,3,2,1,1,0,3,8
105061,7,4,3,8,0,7,72
104086,5,1,4,8,0,5,50
9707286,12,2,10,36,12,0,0
205112,2,1,1,1,0,2,2
204100,4,3,1,1,0,4,50
9408301,2,2,0,0,1,1,1
9912539,2,1,1,1,0,2,5
7311,1,1,0,0,0,1,1
9306231,9,4,5,7,9,0,0
9803295,4,3,1,1,0,4,7
105078,2,2,0,0,0,2,3
9812202,6,3,3,6,0,6,84
9308364,6,4,2,3,1,5,7
212021,0,0,0,0,0,0,0
9612285,11,10,1,1,6,5,10
9407242,2,2,0,0,1,1,2
1239,6,1,5,11,0,6,22
9511471,2,2,0,0,1,1,1
9906291,2,2,0,0,0,2,11
9507288,3,2,1,1,3,0,0
9611373,1,1,0,0,0,1,6
9606277,8,3,5,7,0,8,15
9403238,2,2,0,0,2,0,0
9802408,7,3,4,6,0,7,18
8206,2,1,1,1,2,0,0
102192,2,1,1,1,0,2,5
9902314,2,1,1,1,0,2,4
9311310,2,2,0,0,2,0,0
10157,0,0,0,0,0,0,0
9701333,4,3,1,3,4,0,0
9709293,6,1,5,7,1,5,18
9603224,0,0,0,0,0,0,0
9705265,0,0,0,0,0,0,0
111117,1,1,0,0,1,0,0
202078,3,2,1,1,0,3,3
301165,1,1,0,0,0,1,6
102121,1,1,0,0,0,1,11
5012,1,1,0,0,1,0,0
9902404,1,1,0,0,0,1,1
110088,7,6,1,1,1,6,27
9512215,1,1,0,0,0,1,2
210089,2,2,0,0,1,1,5
5051,4,1,3,4,0,4,19
108174,1,1,0,0,0,1,11
205337,0,0,0,0,0,0,0
9502358,1,1,0,0,1,0,0
11324,1,1,0,0,0,1,2
203124,2,2,0,0,0,2,4
4094,2,1,1,1,0,2,2
9904208,3,3,0,0,2,1,1
9305341,3,1,2,2,3,0,0
9812526,9,4,5,8,0,9,14
9907334,2,2,0,0,1,1,1
106175,9,1,8,30,0,9,52
208157,10,3,7,20,1,9,14
105152,1,1,0,0,0,1,4
9601319,5,1,4,5,0,5,10
9312301,2,2,0,0,2,0,0
9303201,12,6,6,13,12,0,0
9605252,6,3,3,4,1,5,9
9909225,9,1,8,29,0,9,56
9407294,2,2,0,0,1,1,1
9406254,1,1,0,0,0,1,4
112275,0,0,0,0,0,0,0
106057,2,1,1,1,0,2,47
9406306,4,2,2,2,0,4,9
7349,4,4,0,0,1,3,8
105110,2,2,0,0,2,0,0
9709251,1,1,0,0,1,0,0
9501319,8,5,3,4,8,0,0
9511309,4,2,2,4,0,4,12
10123,1,1,0,0,0,1,3
9407319,1,1,0,0,0,1,1
9812346,7,1,6,7,2,5,5
11047,1,1,0,0,0,1,7
212265,1,1,0,0,0,1,9
9602275,3,2,1,1,1,2,5
206248,2,1,1,1,0,2,40
9603243,1,1,0,0,0,1,1
9401290,1,1,0,0,0,1,1
7135,0,0,0,0,0,0,0
9803227,22,10,12,39,2,20,103
9807317,0,0,0,0,0,0,0
9302313,7,3,4,10,7,0,0
10062,4,1,3,3,0,4,9
9909438,6,3,3,7,0,6,24
9606286,2,1,1,1,1,1,1
10213,1,1,0,0,0,1,8
201009,1,1,0,0,1,0,0
210154,0,0,0,0,0,0,0
104239,5,2,3,6,0,5,9
205081,0,0,0,0,0,0,0
9605203,0,0,0,0,0,0,0
9904484,2,2,0,0,2,0,0
9407228,1,1,0,0,1,0,0
9707329,1,1,0,0,1,0,0
7173,1,1,0,0,0,1,3
9902417,7,2,5,8,2,5,24
9611254,0,0,0,0,0,0,0
6339,3,3,0,0,1,2,19
9411347,1,1,0,0,0,1,1
110125,0,0,0,0,0,0,0
9803347,7,3,4,6,7,0,0
204088,4,2,2,2,0,4,10
2073,1,1,0,0,0,1,3
9014,3,1,2,2,0,3,30
210150,3,1,2,2,0,3,61
11192,7,5,2,2,0,7,25
9911352,0,0,0,0,0,0,0
210103,0,0,0,0,0,0,0
102280,1,1,0,0,0,1,2
112039,4,2,2,2,0,4,45
9910260,4,4,0,0,0,4,13
9909522,1,1,0,0,0,1,4
9810207,3,2,1,1,1,2,3
9910436,3,1,2,3,0,3,9
206014,2,2,0,0,0,2,11
110149,4,2,2,2,0,4,9
9911536,0,0,0,0,0,0,0
207174,2,1,1,1,0,2,19
9905291,13,5,8,14,0,13,58
9612459,9,3,6,10,0,9,23
9248,5,3,2,2,0,5,17
3151,4,2,2,4,2,2,3
9704282,2,2,0,0,1,1,1
9502331,1,1,0,0,1,0,0
3148,2,2,0,0,0,2,3
9809484,1,1,0,0,0,1,14
10118,0,0,0,0,0,0,0
9408278,1,1,0,0,1,0,0
101014,3,2,1,1,1,2,5
9805411,2,2,0,0,0,2,6
10210,1,1,0,0,0,1,2
9404326,1,1,0,0,1,0,0
9609422,1,1,0,0,0,1,3
9901455,0,0,0,0,0,0,0
7191,4,3,1,2,0,4,41
112195,1,1,0,0,0,1,3
2233,1,1,0,0,1,0,0
2095,3,2,1,1,3,0,0
109026,0,0,0,0,0,0,0
6315,1,1,0,0,0,1,11
107055,1,1,0,0,0,1,4
9910473,0,0,0,0,0,0,0
9604358,2,2,0,0,0,2,3
9403204,1,1,0,0,1,0,0
107183,3,2,1,2,0,3,20
9505418,5,2,3,3,5,0,0
207009,1,1,0,0,0,1,7
9412279,2,2,0,0,1,1,1
201077,3,3,0,0,0,3,69
208239,0,0,0,0,0,0,0
9703458,0,0,0,0,0,0,0
9603288,0,0,0,0,0,0,0
9408334,0,0,0,0,0,0,0
9906235,8,2,6,21,0,8,20
4199,1,1,0,0,0,1,2
301071,0,0,0,0,0,0,0
9708286,1,1,0,0,0,1,1
12005,0,0,0,0,0,0,0
3300,9,2,7,20,0,9,36
9903522,0,0,0,0,0,0,0
205034,7,2,5,7,1,6,16
9608259,2,2,0,0,0,2,11
9806208,0,0,0,0,0,0,0
9602248,4,1,3,3,0,4,8
107023,0,0,0,0,0,0,0
9909246,8,2,6,12,1,7,22
9711205,2,2,0,0,2,0,0
9604257,3,2,1,2,0,3,5
9808318,0,0,0,0,0,0,0
9611288,2,2,0,0,0,2,26
9803482,2,1,1,1,0,2,2
9909269,1,1,0,0,0,1,5
209186,0,0,0,0,0,0,0
2146,0,0,0,0,0,0,0
9807477,1,1,0,0,0,1,1
104031,2,1,1,1,0,2,4
301085,0,0,0,0,0,0,0
211115,0,0,0,0,0,0,0
9412286,3,2,1,1,2,1,3
9704374,0,0,0,0,0,0,0
207229,0,0,0,0,0,0,0
9801401,0,0,0,0,0,0,0
203082,0,0,0,0,0,0,0
206033,3,3,0,0,0,3,25
201229,4,2,2,3,0,4,17
9908325,2,2,0,0,0,2,5
9605292,2,2,0,0,2,0,0
9308236,8,6,2,3,8,0,0
103129,0,0,0,0,0,0,0
302027,0,0,0,0,0,0,0
9602298,1,1,0,0,0,1,3
105174,2,2,0,0,0,2,6
212057,0,0,0,0,0,0,0
9706515,2,2,0,0,0,2,2
9905203,2,2,0,0,0,2,3
9304301,1,1,0,0,1,0,0
2013,0,0,0,0,0,0,0
9911415,3,3,0,0,0,3,6
107232,1,1,0,0,1,0,0
104265,0,0,0,0,0,0,0
301119,0,0,0,0,0,0,0
9805482,4,3,1,1,0,4,16
107011,1,1,0,0,0,1,6
1300,0,0,0,0,0,0,0
9610392,1,1,0,0,0,1,2
9607396,2,1,1,1,0,2,2
9307365,2,1,1,1,2,0,0
9505303,2,1,1,1,2,0,0
6344,1,1,0,0,0,1,9
201286,1,1,0,0,0,1,9
9503212,3,3,0,0,3,0,0
211390,1,1,0,0,0,1,4
4055,0,0,0,0,0,0,0
6028,2,1,1,1,0,2,7
211213,1,1,0,0,0,1,12
102141,3,3,0,0,1,2,4
9807276,0,0,0,0,0,0,0
210041,2,1,1,1,0,2,11
9802325,6,4,2,3,2,4,7
9606394,1,1,0,0,1,0,0
202073,2,2,0,0,0,2,7
211363,1,1,0,0,0,1,25
9712430,0,0,0,0,0,0,0
9805353,1,1,0,0,0,1,2
2175,0,0,0,0,0,0,0
9711441,7,1,6,12,0,7,18
9503469,1,1,0,0,1,0,0
9405293,0,0,0,0,0,0,0
9703421,1,1,0,0,0,1,5
9304203,4,2,2,2,4,0,0
9710243,2,2,0,0,0,2,2
9301292,4,3,1,1,4,0,0
106348,1,1,0,0,1,0,0
9906465,1,1,0,0,0,1,1
205075,0,0,0,0,0,0,0
9508392,0,0,0,0,0,0,0
9904361,1,1,0,0,0,1,12
9905201,1,1,0,0,0,1,1
201106,1,1,0,0,0,1,9
208125,1,1,0,0,0,1,2
302252,0,0,0,0,0,0,0
9705203,3,2,1,1,0,3,7
104030,5,1,4,9,0,5,10
107100,1,1,0,0,0,1,2
9709422,2,2,0,0,1,1,1
9808464,1,1,0,0,0,1,4
101094,0,0,0,0,0,0,0
9907299,2,2,0,0,0,2,8
9910290,6,1,5,12,2,4,4
212402,0,0,0,0,0,0,0
205294,0,0,0,0,0,0,0
9509350,0,0,0,0,0,0,0
4132,0,0,0,0,0,0,0
211182,0,0,0,0,0,0,0
9708238,2,1,1,1,2,0,0
102246,0,0,0,0,0,0,0
9708261,0,0,0,0,0,0,0
106272,0,0,0,0,0,0,0
9901291,0,0,0,0,0,0,0
212323,0,0,0,0,0,0,0
1111,0,0,0,0,0,0,0
9905401,0,0,0,0,0,0,0
9503347,1,1,0,0,0,1,1
9806313,0,0,0,0,0,0,0
9804438,4,2,2,4,4,0,0
9612257,2,1,1,1,2,0,0
9511262,3,2,1,1,3,0,0
7122,2,1,1,1,2,0,0
105031,0,0,0,0,0,0,0
9177,1,1,0,0,1,0,0
9801261,0,0,0,0,0,0,0
9606227,1,1,0,0,0,1,5
9289,0,0,0,0,0,0,0
9710338,3,3,0,0,1,2,2
9910446,0,0,0,0,0,0,0
301210,0,0,0,0,0,0,0
9509215,0,0,0,0,0,0,0
212033,1,1,0,0,0,1,5
9612341,1,1,0,0,0,1,2
9307362,3,2,1,1,3,0,0
9908253,0,0,0,0,0,0,0
110337,1,1,0,0,0,1,4
9606355,4,1,3,6,1,3,3
112044,0,0,0,0,0,0,0
9308361,1,1,0,0,0,1,1
9807316,1,1,0,0,0,1,1
103293,1,1,0,0,0,1,3
9801382,1,1,0,0,1,0,0
12265,0,0,0,0,0,0,0
101319,4,2,2,2,1,3,9
9711255,1,1,0,0,0,1,1
9802437,0,0,0,0,0,0,0
212391,0,0,0,0,0,0,0
6267,2,2,0,0,0,2,12
9411322,1,1,0,0,1,0,0
9705288,3,1,2,3,0,3,7
206016,0,0,0,0,0,0,0
9712503,1,1,0,0,1,0,0
111412,0,0,0,0,0,0,0
9608380,0,0,0,0,0,0,0
10272,0,0,0,0,0,0,0
212335,0,0,0,0,0,0,0
9811325,1,1,0,0,1,0,0
202162,0,0,0,0,0,0,0
211136,1,1,0,0,0,1,7
9807338,2,2,0,0,0,2,2
212024,0,0,0,0,0,0,0
111143,0,0,0,0,0,0,0
9907354,2,1,1,1,2,0,0
208011,0,0,0,0,0,0,0
211246,0,0,0,0,0,0,0
208042,0,0,0,0,0,0,0
9610284,0,0,0,0,0,0,0
9404358,1,1,0,0,1,0,0
9811328,2,2,0,0,0,2,9
301270,0,0,0,0,0,0,0
111409,0,0,0,0,0,0,0
211337,0,0,0,0,0,0,0
9507241,0,0,0,0,0,0,0
9412221,0,0,0,0,0,0,0
9907451,2,2,0,0,1,1,1
9910440,0,0,0,0,0,0,0
9310308,0,0,0,0,0,0,0
9512228,1,1,0,0,0,1,6
206186,1,1,0,0,0,1,5
109265,5,3,2,2,0,5,26
9512210,0,0,0,0,0,0,0
109271,1,1,0,0,0,1,1
302032,0,0,0,0,0,0,0
9510337,0,0,0,0,0,0,0
9803205,0,0,0,0,0,0,0
9809383,0,0,0,0,0,0,0
205114,0,0,0,0,0,0,0
12079,0,0,0,0,0,0,0
111429,0,0,0,0,0,0,0
9206226,1,1,0,0,1,0,0
9703344,0,0,0,0,0,0,0
9610263,0,0,0,0,0,0,0
9905476,0,0,0,0,0,0,0
9912553,0,0,0,0,0,0,0
10186,1,1,0,0,1,0,0
204259,0,0,0,0,0,0,0
9912422,1,1,0,0,1,0,0
9812359,3,3,0,0,0,3,8
211170,1,1,0,0,0,1,3
9805243,3,1,2,2,0,3,3
101007,2,1,1,1,2,0,0
112047,0,0,0,0,0,0,0
9802222,0,0,0,0,0,0,0
101015,1,1,0,0,1,0,0
205346,0,0,0,0,0,0,0
3314,0,0,0,0,0,0,0
1182,2,1,1,1,0,2,6
209363,0,0,0,0,0,0,0
9705281,0,0,0,0,0,0,0
12323,1,1,0,0,0,1,1
212319,0,0,0,0,0,0,0
204152,0,0,0,0,0,0,0
9909483,0,0,0,0,0,0,0
4261,0,0,0,0,0,0,0
9801255,1,1,0,0,0,1,1
9709469,0,0,0,0,0,0,0
9707414,0,0,0,0,0,0,0
302109,0,0,0,0,0,0,0
9502288,0,0,0,0,0,0,0
203018,0,0,0,0,0,0,0
106333,4,1,3,4,0,4,40
9808476,0,0,0,0,0,0,0
9712437,0,0,0,0,0,0,0
105171,0,0,0,0,0,0,0
9511222,0,0,0,0,0,0,0
12206,0,0,0,0,0,0,0
211263,0,0,0,0,0,0,0
9510242,1,1,0,0,1,0,0
9604435,1,1,0,0,1,0,0
9711247,0,0,0,0,0,0,0
9612273,1,1,0,0,0,1,1
11045,0,0,0,0,0,0,0
302150,0,0,0,0,0,0,0
301074,0,0,0,0,0,0,0
9905233,1,1,0,0,0,1,5
9905303,1,1,0,0,1,0,0
9912206,0,0,0,0,0,0,0
9808358,0,0,0,0,0,0,0
110162,1,1,0,0,0,1,3
9902287,0,0,0,0,0,0,0
9703461,0,0,0,0,0,0,0
9408243,2,2,0,0,2,0,0
9304221,1,1,0,0,1,0,0
11258,0,0,0,0,0,0,0
9702204,0,0,0,0,0,0,0
301248,0,0,0,0,0,0,0
203145,2,2,0,0,0,2,4
9704303,1,1,0,0,1,0,0
110183,0,0,0,0,0,0,0
9807217,0,0,0,0,0,0,0
12239,0,0,0,0,0,0,0
204233,0,0,0,0,0,0,0
1049,0,0,0,0,0,0,0
10046,0,0,0,0,0,0,0
9908422,0,0,0,0,0,0,0
205225,1,1,0,0,0,1,2
109263,0,0,0,0,0,0,0
9810508,1,1,0,0,0,1,2
9808220,0,0,0,0,0,0,0
112244,0,0,0,0,0,0,0
210311,0,0,0,0,0,0,0
211436,0,0,0,0,0,0,0
9507285,0,0,0,0,0,0,0
110286,0,0,0,0,0,0,0
3147,0,0,0,0,0,0,0
212154,0,0,0,0,0,0,0
208201,1,1,0,0,0,1,11
9810469,0,0,0,0,0,0,0
9806454,1,1,0,0,0,1,3
105303,1,1,0,0,0,1,3
9906228,0,0,0,0,0,0,0
208232,0,0,0,0,0,0,0
9310202,1,1,0,0,1,0,0
109144,0,0,0,0,0,0,0
9511450,0,0,0,0,0,0,0
9503440,0,0,0,0,0,0,0
6353,0,0,0,0,0,0,0
10121,3,2,1,1,2,1,1
9908215,0,0,0,0,0,0,0
102058,0,0,0,0,0,0,0
9806498,0,0,0,0,0,0,0
9401329,1,1,0,0,1,0,0
301192,0,0,0,0,0,0,0
6169,0,0,0,0,0,0,0
9709375,0,0,0,0,0,0,0
112311,0,0,0,0,0,0,0
1198,0,0,0,0,0,0,0
2125,0,0,0,0,0,0,0
9708470,0,0,0,0,0,0,0
111364,0,0,0,0,0,0,0
9909216,1,1,0,0,1,0,0
9707315,1,1,0,0,0,1,4
9903434,0,0,0,0,0,0,0
9910340,0,0,0,0,0,0,0
111371,0,0,0,0,0,0,0
212198,0,0,0,0,0,0,0
206282,0,0,0,0,0,0,0
206301,1,1,0,0,0,1,5
9402359,0,0,0,0,0,0,0
9807403,1,1,0,0,1,0,0
9609464,0,0,0,0,0,0,0
107213,0,0,0,0,0,0,0
210225,0,0,0,0,0,0,0
9608236,0,0,0,0,0,0,0
9710265,0,0,0,0,0,0,0
211302,0,0,0,0,0,0,0
211369,0,0,0,0,0,0,0
204284,0,0,0,0,0,0,0
9611349,0,0,0,0,0,0,0
9701383,0,0,0,0,0,0,0
9906553,0,0,0,0,0,0,0
106157,0,0,0,0,0,0,0
106007,0,0,0,0,0,0,0
9812414,0,0,0,0,0,0,0
9810521,0,0,0,0,0,0,0
201039,0,0,0,0,0,0,0
6118,1,1,0,0,0,1,2
211104,1,1,0,0,0,1,20
105201,0,0,0,0,0,0,0
9701414,0,0,0,0,0,0,0
301136,0,0,0,0,0,0,0
9802349,0,0,0,0,0,0,0
12124,0,0,0,0,0,0,0
7308,0,0,0,0,0,0,0
9408347,0,0,0,0,0,0,0
301212,0,0,0,0,0,0,0
211391,0,0,0,0,0,0,0
2185,0,0,0,0,0,0,0
9310356,0,0,0,0,0,0,0
301193,0,0,0,0,0,0,0
210056,0,0,0,0,0,0,0
9710260,0,0,0,0,0,0,0
111369,0,0,0,0,0,0,0
9802203,0,0,0,0,0,0,0
205175,1,1,0,0,0,1,2
206161,0,0,0,0,0,0,0
108019,0,0,0,0,0,0,0
9604408,0,0,0,0,0,0,0
207058,0,0,0,0,0,0,0
9702440,2,2,0,0,0,2,4
1138,0,0,0,0,0,0,0
9711383,0,0,0,0,0,0,0
209345,0,0,0,0,0,0,0
212197,0,0,0,0,0,0,0
9906380,0,0,0,0,0,0,0
9703323,0,0,0,0,0,0,0
6289,0,0,0,0,0,0,0
9909343,0,0,0,0,0,0,0
302026,0,0,0,0,0,0,0
9706236,0,0,0,0,0,0,0
212066,0,0,0,0,0,0,0
212115,0,0,0,0,0,0,0
105259,1,1,0,0,1,0,0
109136,0,0,0,0,0,0,0
302001,0,0,0,0,0,0,0
301070,0,0,0,0,0,0,0
207316,0,0,0,0,0,0,0
302144,0,0,0,0,0,0,0
9805401,0,0,0,0,0,0,0
302269,0,0,0,0,0,0,0
9906384,0,0,0,0,0,0,0
9711317,0,0,0,0,0,0,0
9304224,0,0,0,0,0,0,0
110271,0,0,0,0,0,0,0
9606210,1,1,0,0,1,0,0
5006,38,2,36,147,0,38,196
9408404,120,9,111,1131,47,73,85
9405259,37,3,34,186,14,23,23
9911263,11,5,6,7,0,11,56
9911321,26,8,18,49,4,22,166
9602234,47,7,40,212,26,21,26
9704288,1,1,0,0,1,0,0
9705337,73,21,52,190,9,64,270
9702305,24,4,20,50,10,14,59
9603333,19,7,12,29,1,18,47
9706379,8,4,4,5,4,4,4
9812518,6,3,3,3,0,6,43
1133,12,8,4,9,0,12,62
9404209,67,12,55,168,19,48,98
9709297,9,3,6,10,3,6,20
9902308,33,1,32,199,0,33,88
9603368,34,5,29,100,11,23,49
9308347,31,6,25,116,31,0,0
9903404,52,10,42,204,3,49,474
9507269,15,3,12,39,3,12,30
9311239,2,1,1,1,2,0,0
9410330,11,8,3,3,1,10,42
9307371,41,7,34,213,30,11,11
9409324,13,3,10,27,5,8,8
9412385,111,3,108,614,9,102,164
9302316,139,12,127,1160,139,0,0
9808367,13,7,6,13,6,7,16
9807283,70,6,64,457,2,68,149
9807325,116,5,111,1065,9,107,315
1306,13,6,7,16,0,13,201
9811252,44,2,42,240,4,40,81
9908294,3,1,2,2,1,2,3
9703240,56,4,52,211,56,0,0
9802201,19,5,14,28,2,17,54
9803244,21,2,19,62,2,19,85
9801276,22,6,16,42,7,15,29
9905320,16,2,14,55,0,16,315
9805305,4,3,1,1,0,4,11
9901320,24,2,22,77,0,24,222
9809537,5,1,4,6,5,0,0
9606260,68,2,66,409,12,56,154
9307279,15,3,12,48,15,0,0
9803397,20,2,18,40,0,20,59
9702361,44,2,42,225,8,36,65
9503214,28,9,19,29,4,24,72
9502385,58,7,51,243,23,35,59
9302234,21,10,11,23,11,10,15
9207221,65,8,57,335,65,0,0
9703255,9,4,5,5,6,3,3
9607363,1,1,0,0,0,1,1
9409244,85,7,78,609,25,60,229
9612446,87,9,78,533,3,84,681
9410304,45,4,41,153,27,18,22
9511465,17,1,16,64,5,12,41
9811335,16,1,15,45,0,16,212
9507378,276,13,263,2778,11,265,569
9612468,22,1,21,91,0,22,111
9707302,13,1,12,27,0,13,94
111376,0,0,0,0,0,0,0
9802352,15,2,13,44,0,15,87
5275,36,4,32,163,8,28,148
9506201,41,4,37,184,1,40,129
9812508,5,2,3,6,0,5,28
105003,27,4,23,111,0,27,211
9505326,36,4,32,146,3,33,194
9804274,18,3,15,56,0,18,113
9807430,6,1,5,8,0,6,6
9602292,6,3,3,4,1,5,5
9711384,32,2,30,96,1,31,187
9908229,28,5,23,63,2,26,158
9506248,46,8,38,125,11,35,109
9711301,1,1,0,0,0,1,3
9811291,251,4,247,3092,4,247,1199
9312215,54,11,43,239,10,44,83
9510271,17,3,14,49,0,17,144
9806435,14,5,9,14,2,12,20
9411307,26,2,24,84,9,17,42
9707309,25,2,23,84,0,25,157
9612334,13,2,11,26,1,12,32
9805424,49,5,44,270,1,48,255
9808233,0,0,0,0,0,0,0
9707390,58,3,55,336,9,49,220
9407359,26,11,15,37,7,19,19
9508391,4,3,1,1,4,0,0
9806317,15,3,12,29,0,15,85
107071,7,2,5,9,1,6,20
9503276,29,3,26,82,4,25,42
9403356,3,1,2,2,0,3,4
9603202,87,8,79,299,4,83,544
9807421,57,6,51,252,1,56,390
9408380,14,1,13,44,14,0,0
9902315,13,3,10,31,1,12,84
9409440,85,8,77,404,3,82,301
9410342,14,3,11,28,0,14,41
9401220,18,10,8,19,8,10,10
9407268,33,6,27,86,19,14,15
7087,6,4,2,4,0,6,14
9308243,9,3,6,8,9,0,0
9807247,8,2,6,8,2,6,9
9306298,28,9,19,69,18,10,15
9404318,10,2,8,22,1,9,9
9905337,50,5,45,232,7,43,226
9505257,2,1,1,1,0,2,9
9702251,6,3,3,5,6,0,0
9903550,5,1,4,8,0,5,38
101032,21,1,20,62,2,19,70
9803475,7,3,4,8,0,7,43
9507428,5,1,4,6,5,0,0
9801375,41,5,36,166,2,39,139
4207,23,1,22,81,0,23,305
9812445,64,1,63,476,1,63,199
9306220,19,3,16,48,19,0,0
9406320,30,10,20,51,7,23,55
9908290,9,1,8,29,0,9,106
4159,5,3,2,3,0,5,16
204222,2,1,1,1,2,0,0
9512363,15,3,12,27,1,14,58
9702300,9,4,5,6,1,8,45
9607394,89,14,75,374,6,83,237
9403240,21,6,15,36,14,7,7
9309281,1,1,0,0,0,1,2
9803380,59,2,57,333,4,55,193
9608359,15,3,12,34,5,10,10
9311335,5,4,1,1,5,0,0
9607414,33,6,27,112,1,32,117
9704457,29,3,26,99,13,16,29
9506256,61,4,57,452,6,55,145
9611397,27,13,14,45,8,19,69
9912463,35,4,31,101,0,35,262
9708359,3,1,2,2,0,3,5
9907400,21,3,18,46,0,21,170
9803333,25,1,24,96,25,0,0
9209207,8,3,5,8,8,0,0
9805447,8,1,7,14,0,8,29
9609339,22,9,13,36,4,18,55
9510325,24,2,22,125,3,21,21
9601303,19,3,16,31,0,19,56
9907218,70,2,68,322,1,69,256
9802241,27,2,25,81,2,25,64
9604336,10,8,2,3,3,7,62
9804283,15,2,13,50,0,15,51
2063,30,1,29,123,1,29,94
9704219,2,2,0,0,0,2,5
9706238,7,2,5,14,0,7,13
9907516,17,7,10,21,0,17,147
102146,112,3,109,1418,39,73,219
101020,12,2,10,19,0,12,60
102180,30,2,28,266,0,30,192
9702281,26,4,22,87,0,26,93
106334,32,6,26,73,0,32,253
9803405,29,8,21,85,1,28,150
12123,9,2,7,20,0,9,108
9501298,24,15,9,17,3,21,76
108191,22,2,20,41,0,22,130
106168,7,1,6,14,0,7,60
9309264,1,1,0,0,1,0,0
9606361,1,1,0,0,1,0,0
9701284,97,5,92,1027,1,96,358
9707448,15,3,12,45,1,14,42
3022,33,7,26,88,0,33,343
9606219,8,2,6,15,0,8,27
9412348,19,2,17,45,7,12,16
9909310,6,3,3,4,0,6,30
9902263,63,2,61,646,0,63,464
9812221,40,4,36,134,0,40,375
102262,2,2,0,0,0,2,2
9901281,121,8,113,977,7,114,823
8287,38,2,36,194,1,37,266
206067,19,3,16,37,0,19,400
106243,7,4,3,5,0,7,34
210135,4,3,1,1,0,4,29
11097,12,2,10,35,0,12,115
1320,10,5,5,6,0,10,98
9703365,2,1,1,1,0,2,3
9402332,13,3,10,23,13,0,0
9912496,13,4,9,26,0,13,81
9904266,40,4,36,262,0,40,702
9909218,16,5,11,21,0,16,371
12096,10,5,5,9,1,9,74
9710453,4,2,2,2,0,4,25
9511324,9,2,7,17,3,6,12
9512415,7,5,2,2,1,6,11
9403257,29,6,23,60,16,13,13
9207269,26,6,20,93,26,0,0
9909231,5,4,1,1,0,5,14
9412215,37,14,23,118,34,3,3
9812209,21,6,15,59,8,13,23
9909479,12,3,9,11,4,8,21
9408218,6,3,3,3,1,5,22
9254,48,13,35,103,0,48,403
9509362,18,8,10,25,18,0,0
9608433,27,10,17,40,0,27,238
9608413,29,9,20,49,0,29,222
9312205,6,4,2,3,6,0,0
9609487,26,4,22,62,1,25,43
103326,1,1,0,0,0,1,2
9505224,63,8,55,215,1,62,191
9411312,12,2,10,24,12,0,0
102301,71,3,68,636,6,65,112
105349,15,7,8,11,0,15,77
9706337,6,4,2,2,2,4,7
9808224,39,6,33,184,1,38,249
9410228,7,3,4,10,2,5,14
5256,13,5,8,24,1,12,37
9504334,19,5,14,36,8,11,14
9310321,6,4,2,2,6,0,0
9907317,3,2,1,1,0,3,10
9803337,12,2,10,13,1,11,29
5066,12,1,11,21,2,10,58
9710529,40,12,28,54,12,28,29
9809385,2,2,0,0,2,0,0
8051,5,2,3,6,0,5,20
3075,7,2,5,8,0,7,43
9501369,78,17,61,265,37,41,79
9502340,47,6,41,199,15,32,64
9502334,18,5,13,30,8,10,14
9709496,5,2,3,5,2,3,8
9412261,4,3,1,1,2,2,2
9805443,2,1,1,1,0,2,4
9804370,1,1,0,0,0,1,3
9707300,1,1,0,0,0,1,1
9708349,20,7,13,37,0,20,154
9409371,29,4,25,97,24,5,5
9405320,66,8,58,299,66,0,0
9705318,23,4,19,77,1,22,66
9612454,30,3,27,69,6,24,76
9907257,4,1,3,5,1,3,3
9503470,8,3,5,9,8,0,0
9603294,5,2,3,4,0,5,5
9610348,5,3,2,4,0,5,13
9403213,2,2,0,0,2,0,0
9308273,15,3,12,34,9,6,6
9501317,15,1,14,49,0,15,57
9607326,2,2,0,0,0,2,17
104246,2,2,0,0,0,2,14
9301265,17,10,7,13,17,0,0
9702395,6,4,2,2,4,2,3
9702315,35,7,28,82,7,28,110
10240,38,3,35,127,6,32,73
1261,5,1,4,9,5,0,0
9902289,1,1,0,0,0,1,5
9601390,7,4,3,6,1,6,26
9801204,8,2,6,10,1,7,44
9802238,39,3,36,142,10,29,127
9801386,18,3,15,33,0,18,50
10276,1,1,0,0,0,1,2
9910481,13,2,11,36,1,12,82
9211282,33,1,32,97,33,0,0
9803342,15,3,12,25,0,15,132
9909251,1,1,0,0,0,1,2
202166,17,7,10,32,0,17,104
9811426,9,3,6,8,1,8,11
3122,16,5,11,34,0,16,170
9705380,14,4,10,22,0,14,48
9504330,18,3,15,24,14,4,4
9709481,5,4,1,1,4,1,1
7062,1,1,0,0,0,1,1
9607317,24,6,18,54,1,23,105
9511300,5,3,2,2,4,1,1
9909567,9,3,6,14,0,9,247
9712364,1,1,0,0,0,1,13
4145,6,2,4,6,0,6,15
103012,18,2,16,74,1,17,219
9701422,20,6,14,43,4,16,26
9909259,4,3,1,1,0,4,14
9511345,13,6,7,12,0,13,67
9806240,7,2,5,6,2,5,5
210145,3,2,1,1,0,3,19
9411278,2,2,0,0,0,2,3
9704280,22,4,18,70,0,22,206
206056,1,1,0,0,0,1,3
9508351,4,3,1,1,2,2,3
9906437,6,2,4,6,0,6,29
9311264,16,9,7,12,16,0,0
108013,1,1,0,0,0,1,4
9504215,14,3,11,25,10,4,9
4024,4,4,0,0,1,3,11
9209215,37,10,27,84,37,0,0
9410331,5,2,3,5,3,2,2
9705396,2,1,1,1,0,2,4
9310337,9,3,6,17,9,0,0
9710280,12,2,10,28,4,8,8
12151,1,1,0,0,0,1,3
9408383,11,5,6,10,1,10,10
9701243,7,3,4,6,4,3,5
209166,0,0,0,0,0,0,0
9704222,22,2,20,62,1,21,87
9029,5,2,3,4,0,5,9
9402268,4,4,0,0,0,4,9
9608343,20,2,18,114,1,19,86
9707459,6,4,2,2,0,6,15
211075,0,0,0,0,0,0,0
108008,1,1,0,0,0,1,2
111342,10,3,7,14,10,0,0
3181,5,2,3,4,5,0,0
9703439,7,1,6,10,1,6,7
9301254,12,3,9,35,12,0,0
2177,20,6,14,41,0,20,163
9709447,7,3,4,6,0,7,15
104164,4,1,3,4,4,0,0
9711424,5,1,4,9,1,4,4
112160,10,5,5,6,0,10,64
9810539,3,2,1,1,2,1,1
9803493,8,3,5,13,1,7,21
9610362,6,3,3,4,1,5,17
108071,42,6,36,228,0,42,422
9507449,20,5,15,27,10,10,10
9801361,2,2,0,0,0,2,7
9307241,78,6,72,617,72,6,16
9802404,8,2,6,8,0,8,21
9504306,26,11,15,37,26,0,0
9509208,12,2,10,29,3,9,11
9406283,7,3,4,8,3,4,4
9608280,12,4,8,16,0,12,71
1175,18,4,14,37,0,18,100
9712345,5,2,3,8,0,5,10
9606340,2,1,1,1,0,2,2
9809506,16,3,13,43,0,16,222
9612320,7,2,5,9,1,6,19
9408274,1,1,0,0,1,0,0
6256,3,3,0,0,0,3,20
9708410,2,2,0,0,1,1,2
1096,1,1,0,0,0,1,2
9906418,8,3,5,6,1,7,43
107262,3,2,1,1,0,3,17
105278,1,1,0,0,0,1,1
104200,19,2,17,52,2,17,125
9807214,3,2,1,1,0,3,15
9903407,10,2,8,17,0,10,91
107266,26,1,25,103,1,25,203
202167,9,1,8,16,0,9,111
207042,7,4,3,5,0,7,55
9806302,0,0,0,0,0,0,0
1073,2,2,0,0,0,2,24
2262,1,1,0,0,0,1,13
1243,14,3,11,32,4,10,22
206060,8,2,6,18,0,8,96
9712445,21,4,17,34,1,20,62
9605234,19,4,15,58,7,12,15
9405299,18,5,13,62,6,12,21
9405212,4,2,2,3,2,2,2
9706373,6,1,5,6,4,2,2
9502243,10,2,8,16,1,9,16
9308352,1,1,0,0,1,0,0
9903248,1,1,0,0,0,1,1
9509322,4,3,1,1,2,2,3
5118,9,5,4,13,0,9,136
9504217,10,3,7,16,0,10,82
9210267,2,1,1,1,2,0,0
8116,5,2,3,4,0,5,14
9908327,12,5,7,10,6,6,19
9805273,3,2,1,1,0,3,6
9610218,8,4,4,12,0,8,23
9308235,2,2,0,0,2,0,0
9809279,5,5,0,0,0,5,38
9609530,14,4,10,22,1,13,42
9909348,13,7,6,6,2,11,33
9905346,18,5,13,19,1,17,52
9810323,4,1,3,4,0,4,8
206191,1,1,0,0,0,1,5
4101,13,3,10,27,0,13,90
9712383,2,1,1,1,2,0,0
9804228,5,2,3,5,0,5,10
9904336,24,6,18,50,1,23,179
9709423,1,1,0,0,0,1,13
9608483,3,1,2,3,0,3,11
9608375,8,1,7,12,0,8,26
9401298,6,5,1,1,1,5,10
9705382,2,2,0,0,2,0,0
9305323,8,4,4,4,8,0,0
4039,0,0,0,0,0,0,0
9705358,8,1,7,15,2,6,17
9703281,2,2,0,0,0,2,24
9294,8,2,6,9,0,8,45
9912410,6,3,3,7,0,6,27
203047,3,2,1,1,0,3,11
9807390,16,5,11,21,1,15,151
11257,11,5,6,8,0,11,67
9612422,3,2,1,1,0,3,22
9307225,2,2,0,0,2,0,0
9411403,1,1,0,0,0,1,5
9905505,9,5,4,7,2,7,15
9401245,8,3,5,8,8,0,0
9812498,17,3,14,31,0,17,67
9508387,8,3,5,8,4,4,5
9604253,6,3,3,3,1,5,9
9708469,8,3,5,10,1,7,28
9512235,1,1,0,0,0,1,2
9408299,54,10,44,195,0,54,158
9710337,24,4,20,77,6,18,18
9911473,2,1,1,1,0,2,3
5258,3,3,0,0,0,3,24
9907569,5,5,0,0,0,5,25
9711382,3,2,1,1,1,2,3
4172,4,3,1,1,0,4,13
9910293,1,1,0,0,1,0,0
9507404,0,0,0,0,0,0,0
9903251,9,4,5,11,0,9,29
9812303,4,2,2,2,0,4,30
9803266,46,5,41,128,5,41,201
9310247,8,5,3,3,3,5,5
9510392,2,1,1,1,0,2,4
9610448,4,1,3,5,4,0,0
9705359,1,1,0,0,0,1,3
201261,2,1,1,1,0,2,15
9307337,13,6,7,12,13,0,0
9810343,5,3,2,3,0,5,22
204243,1,1,0,0,0,1,5
105160,18,4,14,36,0,18,227
9310310,8,3,5,10,5,3,3
9802420,9,1,8,16,2,7,7
9608447,7,2,5,8,7,0,0
9908497,7,2,5,13,2,5,12
9611406,4,1,3,5,0,4,33
9211255,4,1,3,6,4,0,0
107239,3,1,2,2,0,3,30
110002,26,5,21,63,4,22,29
9603416,3,3,0,0,0,3,7
101030,8,6,2,3,2,6,24
9610528,5,1,4,7,3,2,2
9512443,0,0,0,0,0,0,0
9611219,3,2,1,1,0,3,9
111326,2,1,1,1,0,2,20
9912215,21,6,15,60,0,21,176
9303272,2,2,0,0,2,0,0
9605364,2,2,0,0,0,2,2
9901235,5,1,4,5,0,5,22
9501313,12,4,8,14,5,7,19
9509309,2,2,0,0,0,2,4
9305229,5,2,3,4,4,1,1
9305215,8,3,5,11,8,0,0
9602405,26,8,18,32,9,17,24
106292,4,2,2,3,0,4,9
9908213,4,1,3,3,0,4,21
9307223,1,1,0,0,1,0,0
9903299,9,4,5,7,1,8,31
9401349,4,2,2,2,4,0,0
9903388,11,2,9,12,0,11,19
12056,5,4,1,1,1,4,18
9910287,5,2,3,3,0,5,44
9909542,26,3,23,116,0,26,340
111131,6,4,2,5,0,6,45
9708253,7,2,5,6,7,0,0
9712250,6,3,3,5,4,2,4
9904507,9,1,8,22,0,9,73
9090,5,5,0,0,2,3,4
9512405,4,3,1,2,2,2,2
205228,13,4,9,16,0,13,66
204049,4,2,2,4,0,4,20
109162,1,1,0,0,0,1,7
9903450,6,3,3,6,6,0,0
9805229,11,4,7,12,0,11,65
9212296,9,5,4,12,0,9,15
9407236,2,1,1,1,2,0,0
212321,2,2,0,0,0,2,17
111313,1,1,0,0,0,1,2
9404225,12,6,6,12,11,1,1
9911411,2,1,1,1,0,2,8
106098,4,4,0,0,0,4,26
9609321,13,5,8,18,4,9,14
9906428,4,4,0,0,4,0,0
9706357,3,2,1,1,0,3,18
102321,19,3,16,61,0,19,319
9409297,1,1,0,0,0,1,2
9904437,0,0,0,0,0,0,0
111094,7,5,2,2,0,7,45
9510296,6,3,3,5,6,0,0
9609202,13,2,11,25,2,11,15
9907417,5,4,1,1,0,5,17
9710276,4,2,2,2,0,4,10
9811217,2,2,0,0,0,2,2
9712514,5,3,2,3,1,4,7
212151,1,1,0,0,0,1,18
106169,14,5,9,18,2,12,73
9304316,5,3,2,2,5,0,0
9609213,9,2,7,24,5,4,4
9912450,3,3,0,0,0,3,7
106004,3,2,1,1,0,3,39
9311234,4,2,2,2,4,0,0
204120,2,1,1,1,0,2,8
9908479,1,1,0,0,0,1,1
9610266,3,2,1,1,0,3,21
9508269,2,1,1,1,2,0,0
9504210,9,3,6,14,8,1,3
2128,3,3,0,0,0,3,11
9410319,16,3,13,53,2,14,39
9711484,3,2,1,1,0,3,14
9810549,2,1,1,1,0,2,11
10221,2,2,0,0,1,1,2
11370,1,1,0,0,0,1,2
9812347,2,2,0,0,0,2,2
2114,2,1,1,1,0,2,23
9906424,20,2,18,83,1,19,87
9508205,1,1,0,0,1,0,0
103337,5,1,4,7,1,4,5
9409240,8,3,5,9,8,0,0
110040,3,2,1,2,0,3,16
9702349,8,3,5,6,0,8,26
9509296,2,2,0,0,1,1,1
9510406,6,2,4,4,6,0,0
9811206,3,3,0,0,0,3,4
9805261,8,5,3,3,0,8,53
9410344,2,1,1,1,0,2,2
9505218,1,1,0,0,1,0,0
9702330,1,1,0,0,1,0,0
104301,2,1,1,1,0,2,14
9708232,5,2,3,4,1,4,7
9805301,6,1,5,9,1,5,7
9308244,9,6,3,5,7,2,3
9412240,2,2,0,0,2,0,0
1270,8,3,5,6,2,6,6
9405243,3,3,0,0,3,0,0
9908482,5,2,3,3,0,5,19
9503436,4,1,3,5,3,1,1
10090,2,2,0,0,1,1,2
9408312,2,2,0,0,1,1,1
109013,5,3,2,2,0,5,32
9503452,2,1,1,1,0,2,2
9610503,2,2,0,0,0,2,4
9804358,1,1,0,0,0,1,2
9605335,9,4,5,12,2,7,11
9705296,11,5,6,8,0,11,37
204211,7,4,3,4,0,7,54
9910499,4,4,0,0,0,4,31
9512204,8,7,1,1,4,4,8
9809404,1,1,0,0,0,1,2
9610328,3,3,0,0,0,3,6
9804320,3,2,1,1,1,2,2
301042,0,0,0,0,0,0,0
9706355,1,1,0,0,1,0,0
103009,4,2,2,2,0,4,7
104217,10,5,5,10,0,10,109
9711398,12,1,11,29,3,9,11
205273,2,1,1,1,0,2,16
206122,7,4,3,6,0,7,60
9305252,2,1,1,1,2,0,0
12310,1,1,0,0,1,0,0
103011,2,2,0,0,0,2,2
9312289,2,2,0,0,2,0,0
9802270,6,3,3,6,0,6,32
106013,2,2,0,0,2,0,0
9606274,6,1,5,8,0,6,82
302164,1,1,0,0,0,1,1
210044,4,2,2,2,0,4,17
9404289,5,2,3,4,5,0,0
112245,5,2,3,5,0,5,22
3201,9,2,7,17,0,9,31
209080,1,1,0,0,0,1,9
9904332,0,0,0,0,0,0,0
9212273,2,1,1,1,2,0,0
9603239,7,4,3,4,1,6,11
9801349,11,3,8,12,2,9,10
9209219,3,1,2,2,3,0,0
9302213,13,8,5,6,13,0,0
10099,4,3,1,1,4,0,0
202134,1,1,0,0,0,1,4
7272,9,3,6,8,0,9,24
9712397,3,2,1,2,0,3,15
6322,1,1,0,0,0,1,4
9506391,12,3,9,15,4,8,15
9312217,5,3,2,3,5,0,0
9601245,1,1,0,0,0,1,1
3101,1,1,0,0,0,1,4
6279,1,1,0,0,1,0,0
9612241,4,1,3,3,4,0,0
12110,3,2,1,1,1,2,11
9904375,1,1,0,0,0,1,2
102184,8,4,4,4,3,5,18
9907415,1,1,0,0,0,1,1
207205,1,1,0,0,0,1,1
105136,4,1,3,4,0,4,21
211153,1,1,0,0,1,0,0
6057,4,3,1,1,0,4,22
9910235,5,3,2,2,1,4,8
202041,1,1,0,0,0,1,7
9804246,0,0,0,0,0,0,0
9910215,4,4,0,0,0,4,31
8312,4,2,2,2,4,0,0
101341,0,0,0,0,0,0,0
9701320,1,1,0,0,1,0,0
9803217,0,0,0,0,0,0,0
9406312,9,2,7,19,9,0,0
9503300,6,2,4,4,6,0,0
107135,7,2,5,11,0,7,86
209020,9,2,7,17,0,9,52
207264,0,0,0,0,0,0,0
9602240,3,3,0,0,0,3,10
9021,1,1,0,0,1,0,0
9609334,2,1,1,1,0,2,6
9710376,6,3,3,4,1,5,5
9911311,8,1,7,21,0,8,55
9802403,2,2,0,0,0,2,12
11131,0,0,0,0,0,0,0
111093,5,3,2,2,0,5,44
205308,1,1,0,0,0,1,8
9706323,2,2,0,0,0,2,14
9708388,1,1,0,0,1,0,0
9809281,1,1,0,0,0,1,1
9707536,8,1,7,15,0,8,49
9509381,1,1,0,0,0,1,1
9408364,12,4,8,13,4,8,17
9303,1,1,0,0,0,1,1
9309303,6,3,3,6,6,0,0
9907219,4,2,2,2,1,3,6
9801334,0,0,0,0,0,0,0
9903547,2,2,0,0,0,2,6
9702220,4,1,3,4,1,3,3
7280,7,3,4,6,0,7,69
6259,1,1,0,0,0,1,2
9310265,1,1,0,0,1,0,0
9909431,4,2,2,3,0,4,14
9305298,1,1,0,0,1,0,0
9710218,2,2,0,0,0,2,7
9302296,3,1,2,3,3,0,0
9707379,5,2,3,6,3,2,2
9509363,8,1,7,18,8,0,0
208224,1,1,0,0,0,1,4
9605225,5,1,4,5,2,3,3
9811250,6,1,5,12,5,1,2
9907321,1,1,0,0,0,1,1
109204,4,2,2,2,0,4,11
9404263,0,0,0,0,0,0,0
9407312,1,1,0,0,0,1,1
9908338,4,2,2,3,4,0,0
9702262,6,1,5,9,2,4,5
9902311,0,0,0,0,0,0,0
108173,6,4,2,4,0,6,55
9712367,6,2,4,4,1,5,8
9609373,2,1,1,1,2,0,0
7281,9,3,6,12,1,8,36
9604246,1,1,0,0,1,0,0
108262,8,2,6,13,5,3,6
9904290,8,4,4,7,3,5,6
9906247,5,1,4,7,3,2,2
109150,1,1,0,0,0,1,6
9146,3,1,2,2,0,3,47
7014,2,2,0,0,0,2,13
101340,4,3,1,2,0,4,34
211352,3,2,1,1,1,2,6
2051,2,2,0,0,2,0,0
9508374,3,2,1,1,3,0,0
205227,5,4,1,2,0,5,43
9806520,0,0,0,0,0,0,0
9301238,2,2,0,0,2,0,0
9811281,4,4,0,0,2,2,6
9912220,3,1,2,3,0,3,17
101171,6,1,5,11,1,5,10
11100,0,0,0,0,0,0,0
9908335,1,1,0,0,1,0,0
209127,2,2,0,0,0,2,16
9812350,1,1,0,0,0,1,5
9705474,21,8,13,30,5,16,72
106313,3,2,1,1,0,3,28
9710249,2,2,0,0,2,0,0
211127,0,0,0,0,0,0,0
5264,0,0,0,0,0,0,0
3273,1,1,0,0,0,1,1
105119,2,2,0,0,0,2,8
6031,2,1,1,1,0,2,3
101063,1,1,0,0,0,1,1
103226,2,2,0,0,1,1,3
12356,0,0,0,0,0,0,0
9706266,7,2,5,8,7,0,0
9906371,4,4,0,0,2,2,9
9809213,3,1,2,2,3,0,0
9312203,2,1,1,1,2,0,0
9405306,0,0,0,0,0,0,0
9610239,0,0,0,0,0,0,0
202092,1,1,0,0,0,1,2
9904323,4,1,3,4,1,3,3
9199,1,1,0,0,0,1,7
209267,0,0,0,0,0,0,0
9908336,3,2,1,2,0,3,28
9902357,1,1,0,0,1,0,0
9711219,0,0,0,0,0,0,0
9203217,4,3,1,1,4,0,0
9901407,6,1,5,11,1,5,12
9712293,6,4,2,2,1,5,13
105021,8,5,3,3,0,8,39
102149,0,0,0,0,0,0,0
11080,0,0,0,0,0,0,0
9291,4,1,3,4,4,0,0
9810378,0,0,0,0,0,0,0
9906482,0,0,0,0,0,0,0
9306206,2,2,0,0,2,0,0
9908414,8,2,6,13,0,8,28
109161,1,1,0,0,0,1,3
105045,1,1,0,0,0,1,17
9312287,0,0,0,0,0,0,0
209253,0,0,0,0,0,0,0
9905444,6,1,5,10,0,6,17
9708267,0,0,0,0,0,0,0
201216,5,2,3,6,0,5,24
9805441,1,1,0,0,0,1,6
9304268,1,1,0,0,1,0,0
9702250,1,1,0,0,0,1,2
5100,1,1,0,0,1,0,0
101155,1,1,0,0,1,0,0
9909398,1,1,0,0,1,0,0
9708413,2,1,1,1,0,2,6
211351,0,0,0,0,0,0,0
206095,1,1,0,0,0,1,5
9804426,2,2,0,0,2,0,0
201075,3,3,0,0,0,3,22
2278,3,2,1,1,0,3,7
9307290,1,1,0,0,1,0,0
9611414,0,0,0,0,0,0,0
9138,1,1,0,0,0,1,2
212381,0,0,0,0,0,0,0
102325,0,0,0,0,0,0,0
9905424,2,2,0,0,0,2,6
9606409,1,1,0,0,1,0,0
203210,1,1,0,0,0,1,1
9512247,0,0,0,0,0,0,0
9401233,4,4,0,0,4,0,0
106324,5,3,2,2,0,5,20
103145,1,1,0,0,0,1,4
7076,5,3,2,3,3,2,4
9410241,1,1,0,0,1,0,0
106265,0,0,0,0,0,0,0
9612244,3,3,0,0,2,1,1
211228,3,2,1,1,0,3,24
9506299,4,2,2,3,1,3,4
9809561,0,0,0,0,0,0,0
9905290,5,4,1,1,2,3,7
12011,1,1,0,0,0,1,5
9810339,1,1,0,0,0,1,5
206084,0,0,0,0,0,0,0
201068,0,0,0,0,0,0,0
9709409,0,0,0,0,0,0,0
9805322,1,1,0,0,0,1,2
205043,0,0,0,0,0,0,0
210414,2,2,0,0,0,2,15
9606253,1,1,0,0,1,0,0
103056,3,2,1,2,0,3,21
9806465,0,0,0,0,0,0,0
9702215,1,1,0,0,0,1,2
9903318,1,1,0,0,0,1,3
9307366,2,1,1,1,2,0,0
9511268,2,1,1,1,1,1,1
4070,2,1,1,1,0,2,15
109044,2,2,0,0,0,2,5
207284,0,0,0,0,0,0,0
9807571,0,0,0,0,0,0,0
9708217,2,1,1,1,2,0,0
9510316,5,3,2,2,5,0,0
9510215,0,0,0,0,0,0,0
206169,0,0,0,0,0,0,0
9706498,0,0,0,0,0,0,0
203108,5,2,3,4,0,5,106
110236,0,0,0,0,0,0,0
9511406,3,3,0,0,0,3,3
203097,2,2,0,0,0,2,13
208141,5,3,2,3,0,5,90
9512414,1,1,0,0,1,0,0
207226,3,2,1,1,0,3,50
9907277,0,0,0,0,0,0,0
9905363,1,1,0,0,0,1,2
9611289,0,0,0,0,0,0,0
9404316,1,1,0,0,1,0,0
9402296,0,0,0,0,0,0,0
9909375,1,1,0,0,0,1,1
9810478,0,0,0,0,0,0,0
9312330,1,1,0,0,0,1,1
110013,0,0,0,0,0,0,0
212324,0,0,0,0,0,0,0
9805302,0,0,0,0,0,0,0
9506218,0,0,0,0,0,0,0
9908448,1,1,0,0,0,1,1
9907424,1,1,0,0,0,1,1
107125,3,2,1,2,0,3,17
203190,0,0,0,0,0,0,0
9803340,2,2,0,0,1,1,1
9610346,0,0,0,0,0,0,0
109043,5,1,4,9,0,5,26
206197,1,1,0,0,0,1,3
9812373,0,0,0,0,0,0,0
11146,8,4,4,4,2,6,14
9603211,3,1,2,2,2,1,1
103216,1,1,0,0,0,1,3
211284,1,1,0,0,0,1,5
6204,1,1,0,0,0,1,1
111095,0,0,0,0,0,0,0
9510354,0,0,0,0,0,0,0
207077,1,1,0,0,0,1,1
9708273,0,0,0,0,0,0,0
9808311,1,1,0,0,0,1,1
101244,3,3,0,0,3,0,0
9502357,0,0,0,0,0,0,0
204007,0,0,0,0,0,0,0
9808315,1,1,0,0,0,1,2
210334,0,0,0,0,0,0,0
9211289,2,2,0,0,2,0,0
9405222,3,3,0,0,3,0,0
9807388,1,1,0,0,0,1,3
1323,1,1,0,0,0,1,2
9811344,0,0,0,0,0,0,0
9410336,0,0,0,0,0,0,0
9512310,1,1,0,0,0,1,1
302266,0,0,0,0,0,0,0
111155,1,1,0,0,0,1,23
6231,2,2,0,0,1,1,5
9710242,1,1,0,0,1,0,0
9606232,0,0,0,0,0,0,0
9709472,0,0,0,0,0,0,0
12165,0,0,0,0,0,0,0
109063,0,0,0,0,0,0,0
208066,1,1,0,0,0,1,4
9704261,1,1,0,0,1,0,0
9311354,1,1,0,0,1,0,0
9509385,0,0,0,0,0,0,0
9404262,1,1,0,0,0,1,1
9510307,0,0,0,0,0,0,0
104250,1,1,0,0,0,1,9
210153,0,0,0,0,0,0,0
9411325,1,1,0,0,0,1,2
9309222,0,0,0,0,0,0,0
9812434,1,1,0,0,1,0,0
212091,0,0,0,0,0,0,0
101271,0,0,0,0,0,0,0
9504264,2,2,0,0,2,0,0
9804362,0,0,0,0,0,0,0
9503387,1,1,0,0,0,1,1
9904373,1,1,0,0,0,1,5
203032,2,2,0,0,0,2,18
9707507,3,1,2,2,1,2,2
9501271,1,1,0,0,1,0,0
9803283,2,1,1,1,0,2,3
6189,0,0,0,0,0,0,0
9509227,5,3,2,2,5,0,0
104292,1,1,0,0,0,1,6
111433,0,0,0,0,0,0,0
207035,1,1,0,0,0,1,3
11190,1,1,0,0,0,1,1
9710437,0,0,0,0,0,0,0
201243,1,1,0,0,0,1,5
202126,1,1,0,0,0,1,3
4229,0,0,0,0,0,0,0
9710510,1,1,0,0,0,1,3
9188,1,1,0,0,0,1,8
9710221,0,0,0,0,0,0,0
107237,0,0,0,0,0,0,0
9707530,0,0,0,0,0,0,0
204282,3,1,2,3,1,2,22
9908277,0,0,0,0,0,0,0
9711370,0,0,0,0,0,0,0
9409366,0,0,0,0,0,0,0
210301,1,1,0,0,0,1,6
9810305,0,0,0,0,0,0,0
206109,1,1,0,0,0,1,6
12117,0,0,0,0,0,0,0
6117,0,0,0,0,0,0,0
9905519,1,1,0,0,0,1,2
9703300,3,1,2,2,1,2,4
1190,1,1,0,0,0,1,3
203016,1,1,0,0,0,1,5
205297,1,1,0,0,0,1,1
204068,1,1,0,0,0,1,37
207215,0,0,0,0,0,0,0
9611318,1,1,0,0,0,1,1
9712489,0,0,0,0,0,0,0
9602370,0,0,0,0,0,0,0
101196,0,0,0,0,0,0,0
9503435,0,0,0,0,0,0,0
102191,1,1,0,0,0,1,23
9809595,0,0,0,0,0,0,0
106131,1,1,0,0,0,1,17
9905274,0,0,0,0,0,0,0
211294,0,0,0,0,0,0,0
207328,1,1,0,0,1,0,0
9807473,0,0,0,0,0,0,0
9605262,1,1,0,0,1,0,0
9905333,1,1,0,0,1,0,0
9906520,1,1,0,0,1,0,0
9807343,1,1,0,0,1,0,0
105164,0,0,0,0,0,0,0
210261,1,1,0,0,0,1,8
205105,1,1,0,0,0,1,5
105232,1,1,0,0,0,1,1
9260,3,1,2,3,3,0,0
204110,0,0,0,0,0,0,0
9810404,1,1,0,0,1,0,0
9908279,0,0,0,0,0,0,0
211082,0,0,0,0,0,0,0
301046,0,0,0,0,0,0,0
9909264,0,0,0,0,0,0,0
2251,1,1,0,0,0,1,1
9409394,0,0,0,0,0,0,0
302130,0,0,0,0,0,0,0
202084,1,1,0,0,0,1,3
9909379,1,1,0,0,0,1,6
9912256,0,0,0,0,0,0,0
11199,0,0,0,0,0,0,0
9705285,0,0,0,0,0,0,0
9706340,1,1,0,0,0,1,3
104078,0,0,0,0,0,0,0
205166,0,0,0,0,0,0,0
207073,0,0,0,0,0,0,0
108119,0,0,0,0,0,0,0
9410229,1,1,0,0,1,0,0
9701407,2,2,0,0,2,0,0
9609312,0,0,0,0,0,0,0
208272,1,1,0,0,0,1,11
8266,0,0,0,0,0,0,0
9811497,0,0,0,0,0,0,0
9502326,0,0,0,0,0,0,0
112159,0,0,0,0,0,0,0
107191,0,0,0,0,0,0,0
9601315,3,2,1,1,3,0,0
212383,0,0,0,0,0,0,0
101107,1,1,0,0,0,1,2
301065,0,0,0,0,0,0,0
9811354,0,0,0,0,0,0,0
206303,0,0,0,0,0,0,0
202259,0,0,0,0,0,0,0
106293,0,0,0,0,0,0,0
9503493,0,0,0,0,0,0,0
212314,0,0,0,0,0,0,0
9606304,0,0,0,0,0,0,0
301278,0,0,0,0,0,0,0
105112,0,0,0,0,0,0,0
11093,1,1,0,0,0,1,9
302250,0,0,0,0,0,0,0
5195,0,0,0,0,0,0,0
9610366,0,0,0,0,0,0,0
9406234,0,0,0,0,0,0,0
3248,0,0,0,0,0,0,0
9706282,0,0,0,0,0,0,0
302244,0,0,0,0,0,0,0
205142,0,0,0,0,0,0,0
9801315,1,1,0,0,1,0,0
9901274,1,1,0,0,1,0,0
209119,0,0,0,0,0,0,0
205336,0,0,0,0,0,0,0
111132,0,0,0,0,0,0,0
9406353,0,0,0,0,0,0,0
4058,0,0,0,0,0,0,0
9711445,0,0,0,0,0,0,0
9301214,0,0,0,0,0,0,0
9803442,3,3,0,0,0,3,9
9801360,0,0,0,0,0,0,0
11018,0,0,0,0,0,0,0
9903317,1,1,0,0,0,1,4
207034,0,0,0,0,0,0,0
209128,0,0,0,0,0,0,0
9703322,0,0,0,0,0,0,0
9909492,1,1,0,0,0,1,3
110336,0,0,0,0,0,0,0
4036,0,0,0,0,0,0,0
9409292,0,0,0,0,0,0,0
9264,0,0,0,0,0,0,0
12326,0,0,0,0,0,0,0
9910306,0,0,0,0,0,0,0
3308,0,0,0,0,0,0,0
212073,0,0,0,0,0,0,0
9310305,0,0,0,0,0,0,0
9704210,0,0,0,0,0,0,0
9710479,0,0,0,0,0,0,0
209026,1,1,0,0,0,1,9
203216,0,0,0,0,0,0,0
9810481,0,0,0,0,0,0,0
9123,0,0,0,0,0,0,0
9708269,0,0,0,0,0,0,0
5130,0,0,0,0,0,0,0
210188,0,0,0,0,0,0,0
9507408,0,0,0,0,0,0,0
9806261,0,0,0,0,0,0,0
110086,0,0,0,0,0,0,0
103232,0,0,0,0,0,0,0
212090,0,0,0,0,0,0,0
9902224,1,1,0,0,1,0,0
2027,0,0,0,0,0,0,0
210252,1,1,0,0,1,0,0
111170,0,0,0,0,0,0,0
9511312,0,0,0,0,0,0,0
211362,0,0,0,0,0,0,0
9907232,0,0,0,0,0,0,0
9611390,0,0,0,0,0,0,0
211028,0,0,0,0,0,0,0
202117,0,0,0,0,0,0,0
206061,0,0,0,0,0,0,0
112056,0,0,0,0,0,0,0
9912550,0,0,0,0,0,0,0
9345,1,1,0,0,1,0,0
9509434,0,0,0,0,0,0,0
9502367,0,0,0,0,0,0,0
9409305,0,0,0,0,0,0,0
209211,0,0,0,0,0,0,0
9704237,0,0,0,0,0,0,0
9611257,0,0,0,0,0,0,0
302100,0,0,0,0,0,0,0
203245,0,0,0,0,0,0,0
104159,1,1,0,0,0,1,8
201084,0,0,0,0,0,0,0
207325,0,0,0,0,0,0,0
210283,2,1,1,1,0,2,37
9512249,0,0,0,0,0,0,0
9507383,0,0,0,0,0,0,0
12287,0,0,0,0,0,0,0
9608410,1,1,0,0,0,1,5
9801434,0,0,0,0,0,0,0
206256,0,0,0,0,0,0,0
102210,0,0,0,0,0,0,0
302096,0,0,0,0,0,0,0
9805381,0,0,0,0,0,0,0
9305317,0,0,0,0,0,0,0
212070,1,1,0,0,0,1,10
301142,0,0,0,0,0,0,0
9602427,0,0,0,0,0,0,0
9711465,0,0,0,0,0,0,0
204219,0,0,0,0,0,0,0
210001,1,1,0,0,0,1,1
209012,0,0,0,0,0,0,0
5095,0,0,0,0,0,0,0
104045,0,0,0,0,0,0,0
211299,1,1,0,0,0,1,2
9906407,0,0,0,0,0,0,0
9611335,0,0,0,0,0,0,0
9712449,0,0,0,0,0,0,0
9711457,0,0,0,0,0,0,0
110392,1,1,0,0,0,1,1
212119,1,1,0,0,1,0,0
212220,0,0,0,0,0,0,0
9712326,0,0,0,0,0,0,0
9611234,0,0,0,0,0,0,0
9910507,0,0,0,0,0,0,0
212296,0,0,0,0,0,0,0
106043,0,0,0,0,0,0,0
9295,1,1,0,0,0,1,4
212308,0,0,0,0,0,0,0
9706264,0,0,0,0,0,0,0
302083,0,0,0,0,0,0,0
211084,0,0,0,0,0,0,0
9409245,0,0,0,0,0,0,0
2139,0,0,0,0,0,0,0
9801250,0,0,0,0,0,0,0
109087,0,0,0,0,0,0,0
9912346,0,0,0,0,0,0,0
211055,0,0,0,0,0,0,0
9306303,0,0,0,0,0,0,0
9411374,0,0,0,0,0,0,0
106182,0,0,0,0,0,0,0
9903217,17,5,12,33,3,14,27
6001,58,4,54,260,2,56,352
9411308,46,1,45,301,46,0,0
9405368,34,5,29,151,14,20,20
9910236,16,4,12,29,0,16,144
9707293,1,1,0,0,0,1,2
9801317,4,2,2,2,3,1,1
9203216,28,13,15,34,28,0,0
9808468,34,4,30,139,5,29,91
9704312,22,5,17,54,6,16,37
9603435,6,4,2,8,4,2,2
9706412,9,4,5,11,0,9,33
9902202,1,1,0,0,0,1,21
6050,3,3,0,0,0,3,9
9406375,5,4,1,1,2,3,3
9712319,58,7,51,233,12,46,174
9902371,86,8,78,693,0,86,520
9605339,47,5,42,164,21,26,43
9407326,20,5,15,42,9,11,14
9906419,21,3,18,42,4,17,46
9304266,13,3,10,30,13,0,0
9403285,7,3,4,8,2,5,5
9501201,32,5,27,103,0,32,108
9310229,15,10,5,6,15,0,0
9409330,7,2,5,14,0,7,7
9504292,64,5,59,238,0,64,266
9503439,65,7,58,278,65,0,0
9808451,23,4,19,67,0,23,157
9807319,31,4,27,145,1,30,104
9707215,40,7,33,119,15,25,34
2044,14,9,5,7,3,11,61
9811265,30,5,25,99,0,30,137
9909206,6,2,4,4,0,6,35
9703454,45,6,39,127,3,42,154
9803415,39,6,33,139,1,38,90
9803305,13,3,10,32,1,12,27
9804433,8,3,5,9,0,8,29
9906275,28,5,23,98,0,28,476
9805368,6,2,4,7,0,6,58
9902364,5,1,4,4,0,5,104
9301268,24,3,21,62,24,0,0
9408214,118,5,113,876,118,0,0
9408271,6,3,3,7,1,5,10
9805219,20,6,14,20,2,18,18
3301,13,3,10,32,0,13,65
9512268,6,4,2,3,0,6,14
9503263,44,2,42,204,7,37,51
9303280,24,13,11,30,24,0,0
9211204,60,9,51,354,60,0,0
9703299,72,6,66,714,1,71,341
9610431,10,2,8,19,3,7,27
9409290,32,3,29,172,3,29,110
9702353,13,1,12,38,0,13,85
9512219,4,4,0,0,1,3,3
9612394,41,3,38,221,1,40,101
9812278,15,3,12,38,2,13,95
9510219,19,3,16,60,2,17,46
9612490,15,6,9,20,1,14,53
9707386,22,3,19,59,0,22,162
10074,1,1,0,0,1,0,0
9906497,7,2,5,9,5,2,2
6068,12,6,6,14,0,12,139
9507284,66,6,60,264,5,61,463
9901342,11,5,6,7,0,11,68
107320,8,5,3,3,0,8,74
9508346,18,6,12,26,2,16,76
9805303,86,13,73,329,2,84,814
9908353,5,2,3,3,0,5,10
9303309,91,11,80,622,91,0,0
9711258,16,2,14,46,2,14,48
9910221,75,11,64,229,1,74,472
9506264,29,4,25,112,13,16,40
9711362,25,6,19,69,3,22,133
9811337,202,8,194,2289,0,202,874
9312296,71,10,61,751,0,71,356
9512265,3,2,1,1,0,3,22
9811270,14,5,9,20,2,12,40
9411415,19,6,13,58,19,0,0
9707338,16,7,9,15,0,16,49
9601392,7,2,5,14,4,3,3
9901394,35,10,25,95,2,33,92
9310257,26,6,20,39,7,19,19
9711309,18,4,14,44,0,18,89
9708296,2,1,1,1,0,2,3
9708463,12,5,7,12,0,12,47
9805481,5,3,2,4,1,4,37
2258,25,9,16,56,2,23,379
9503280,28,11,17,46,28,0,0
9404239,18,6,12,31,0,18,40
9604225,20,7,13,27,2,18,119
9809423,36,3,33,175,2,34,112
9611388,23,2,21,108,2,21,42
9704325,32,3,29,164,7,25,47
9409453,31,9,22,73,9,22,55
9509256,33,1,32,148,2,31,65
9402218,15,6,9,30,3,12,16
9409376,3,2,1,1,2,1,1
10083,11,3,8,31,0,11,13
9311329,38,3,35,125,38,0,0
9807396,7,2,5,12,0,7,31
9307326,24,3,21,60,24,0,0
9405240,27,7,20,59,10,17,17
9906210,24,4,20,40,0,24,169
9506399,12,2,10,28,6,6,11
9411238,1,1,0,0,1,0,0
9506283,29,7,22,67,9,20,62
5114,12,6,6,17,0,12,97
9805283,2,2,0,0,0,2,6
9511386,27,2,25,53,11,16,21
9801381,1,1,0,0,0,1,5
5094,18,1,17,57,2,16,88
9812510,67,1,66,670,1,66,270
9512385,12,1,11,26,12,0,0
9410280,82,18,64,239,15,67,137
9910295,13,4,9,22,0,13,79
101289,4,3,1,1,0,4,20
206293,4,3,1,2,0,4,16
9603414,25,5,20,44,0,25,160
9612463,24,7,17,58,2,22,58
9607421,36,9,27,134,2,34,46
9905215,57,3,54,364,1,56,196
9310215,8,2,6,13,0,8,19
9804237,30,2,28,117,0,30,175
9703232,22,3,19,59,1,21,76
9409408,16,6,10,19,4,12,14
9508237,10,2,8,17,10,0,0
9304281,16,5,11,22,6,10,23
9507386,75,4,71,717,5,70,180
9701398,30,7,23,65,4,26,114
9912476,8,2,6,19,0,8,93
9708445,2,2,0,0,0,2,9
9902271,7,5,2,2,0,7,17
9804285,38,7,31,176,6,32,56
9212259,9,5,4,9,9,0,0
9805494,25,7,18,40,6,19,49
9610250,5,3,2,2,1,4,16
9511267,5,3,2,2,0,5,8
9603370,2,2,0,0,0,2,23
9907447,121,11,110,653,0,121,395
9802374,22,2,20,45,1,21,63
9606235,1,1,0,0,0,1,10
9805367,30,3,27,103,0,30,155
2147,45,8,37,132,3,42,223
9708446,16,2,14,31,0,16,65
9806409,6,1,5,8,0,6,21
9704358,7,2,5,15,0,7,49
102147,90,3,87,849,11,79,217
102122,120,8,112,1221,24,96,473
102193,34,5,29,282,0,34,201
9704335,35,14,21,47,6,29,46
107151,22,9,13,27,0,22,282
104304,42,3,39,151,0,42,125
101106,23,4,19,40,0,23,177
9503445,12,7,5,8,1,11,61
7155,9,2,7,10,2,7,30
106201,2,2,0,0,0,2,5
9406360,2,1,1,1,2,0,0
105263,3,3,0,0,0,3,19
9706377,94,1,93,966,1,93,372
1001,37,3,34,266,0,37,355
6311,15,3,12,36,3,12,34
9607366,22,5,17,56,10,12,19
9502312,9,8,1,1,5,4,4
9409208,26,5,21,73,26,0,0
9903298,53,6,47,273,0,53,275
9812489,89,3,86,518,2,87,658
102291,16,12,4,6,0,16,60
9903246,41,3,38,166,4,37,331
10075,40,1,39,344,1,39,521
209100,11,2,9,13,2,9,52
108030,13,6,7,15,0,13,38
210369,2,1,1,1,0,2,18
11374,3,2,1,1,0,3,7
2178,46,6,40,162,0,46,327
9703449,70,1,69,478,5,65,182
9501283,5,4,1,1,5,0,0
3089,17,5,12,32,0,17,144
9904433,31,6,25,70,5,26,246
9909294,4,3,1,1,0,4,22
103031,10,2,8,15,0,10,125
9801365,19,3,16,41,2,17,127
9603346,9,3,6,14,2,7,12
9602337,7,4,3,3,0,7,9
9805391,1,1,0,0,0,1,1
9610507,4,1,3,5,3,1,6
9310207,10,6,4,5,10,0,0
9402208,8,2,6,11,8,0,0
9906274,34,8,26,107,4,30,363
9912369,2,2,0,0,0,2,46
9408322,31,3,28,119,0,31,103
3203,39,3,36,236,2,37,128
9511228,31,1,30,86,31,0,0
9611218,81,7,74,382,0,81,443
9609281,6,3,3,3,0,6,29
9403325,2,2,0,0,2,0,0
9704224,17,6,11,24,2,15,34
9612457,24,8,16,25,14,10,16
9509432,28,9,19,55,0,28,125
9412273,11,4,7,12,6,5,6
103151,18,3,15,62,0,18,74
9710313,27,6,21,97,8,19,43
9708214,7,3,4,8,0,7,77
9808292,31,6,25,158,0,31,318
9605226,2,1,1,1,0,2,7
6328,8,4,4,5,3,5,6
9512348,6,4,2,5,0,6,17
9602229,4,3,1,1,3,1,1
9912371,1,1,0,0,0,1,2
8102,25,9,16,44,0,25,271
9145,21,9,12,36,0,21,166
9712352,8,4,4,5,8,0,0
9701275,8,2,6,10,7,1,1
10082,4,4,0,0,0,4,15
5132,5,3,2,3,0,5,7
9510430,2,1,1,1,0,2,2
9512250,7,2,5,5,1,6,16
9505306,5,2,3,3,0,5,12
9801300,19,7,12,24,2,17,71
9510302,2,1,1,1,1,1,1
9603444,1,1,0,0,1,0,0
9507210,10,4,6,11,10,0,0
9603360,5,3,2,3,3,2,2
3142,8,4,4,9,0,8,124
9208201,7,2,5,11,7,0,0
9605367,21,3,18,52,2,19,65
9311376,18,8,10,19,18,0,0
9612469,1,1,0,0,0,1,2
9903519,4,1,3,6,3,1,1
9707438,6,2,4,5,1,5,28
9606335,3,3,0,0,1,2,3
9612351,9,2,7,14,9,0,0
9604247,3,3,0,0,2,1,1
9308310,13,6,7,17,13,0,0
9502313,10,3,7,18,0,10,35
9612376,4,4,0,0,0,4,34
9607289,9,3,6,10,0,9,31
9608306,25,5,20,62,1,24,131
9802424,26,2,24,90,26,0,0
9912492,25,7,18,61,3,22,201
12134,19,5,14,29,1,18,51
3234,5,2,3,9,0,5,28
9903272,1,1,0,0,0,1,3
9402314,6,2,4,6,0,6,24
9801272,40,4,36,218,0,40,496
9802304,25,3,22,75,2,23,79
10115,7,2,5,5,0,7,10
103239,2,2,0,0,0,2,14
9912390,25,3,22,97,0,25,176
9307336,20,8,12,37,20,0,0
9803382,13,4,9,23,0,13,243
9405374,11,5,6,13,1,10,10
9604392,5,1,4,7,0,5,16
9911247,3,3,0,0,0,3,12
6119,22,5,17,60,0,22,298
6254,14,1,13,61,0,14,81
209039,0,0,0,0,0,0,0
9805316,18,6,12,28,3,15,24
9501358,33,3,30,173,33,0,0
9612260,64,14,50,263,7,57,154
9610377,2,2,0,0,0,2,5
9909377,8,1,7,15,0,8,280
9811362,17,3,14,77,0,17,94
7176,35,9,26,94,2,33,185
103064,19,3,16,70,0,19,241
9704212,11,3,8,19,2,9,11
9809489,9,4,5,6,0,9,61
9511401,8,4,4,4,4,4,8
9806241,8,4,4,5,2,6,12
102316,8,2,6,14,1,7,20
9406347,13,6,7,15,13,0,0
9704338,24,5,19,110,24,0,0
2022,11,5,6,6,0,11,34
205210,3,3,0,0,0,3,6
9907469,15,2,13,31,2,13,74
9609466,3,1,2,3,0,3,4
5147,7,6,1,1,0,7,15
9603351,9,6,3,5,0,9,16
109137,6,5,1,1,0,6,54
9503318,16,3,13,38,1,15,15
9503431,5,2,3,3,1,4,6
10171,5,3,2,3,3,2,2
9312239,4,1,3,6,0,4,4
9609239,3,3,0,0,0,3,9
1173,1,1,0,0,1,0,0
9703302,30,6,24,88,0,30,126
201298,2,2,0,0,0,2,5
110115,3,3,0,0,0,3,8
9711327,9,4,5,5,0,9,57
12002,5,1,4,7,1,4,26
9601326,13,3,10,14,1,12,27
9705234,50,2,48,299,4,46,198
9711337,4,1,3,3,0,4,12
109064,20,3,17,50,0,20,89
3172,20,5,15,34,0,20,170
112138,7,4,3,6,0,7,40
101342,7,3,4,9,0,7,23
9712244,8,3,5,10,0,8,77
9304311,11,3,8,32,11,0,0
5267,3,1,2,2,1,2,9
9410347,9,2,7,16,5,4,4
209129,0,0,0,0,0,0,0
207015,0,0,0,0,0,0,0
112310,15,2,13,37,0,15,106
9610387,0,0,0,0,0,0,0
9904304,5,2,3,4,0,5,15
9701384,36,5,31,210,6,30,108
108102,22,4,18,82,0,22,136
9609389,4,4,0,0,3,1,1
106237,1,1,0,0,0,1,2
9307242,62,6,56,482,62,0,0
9804390,2,1,1,1,0,2,3
9909391,5,1,4,7,0,5,11
9603265,10,1,9,20,9,1,2
9703207,4,2,2,3,0,4,8
9504398,9,2,7,14,3,6,9
9711307,12,3,9,16,7,5,23
9902324,13,4,9,18,1,12,50
9508268,8,3,5,11,6,2,3
9905441,21,3,18,69,0,21,250
9605444,13,2,11,38,2,11,30
9605324,11,4,7,9,1,10,14
204119,0,0,0,0,0,0,0
9308211,2,1,1,1,1,1,1
9907350,4,2,2,2,1,3,5
9911207,23,6,17,43,2,21,81
105166,5,2,3,4,0,5,22
107014,17,2,15,60,0,17,108
108020,3,2,1,1,2,1,1
9903428,12,3,9,25,0,12,43
9908391,3,1,2,2,0,3,27
107268,17,3,14,40,0,17,94
207186,7,4,3,3,0,7,60
9508401,9,2,7,17,9,0,0
9805413,1,1,0,0,1,0,0
9905252,12,4,8,16,0,12,57
9812290,5,4,1,1,0,5,38
1244,20,1,19,67,11,9,11
203244,10,5,5,9,0,10,92
9802205,1,1,0,0,0,1,1
9603251,3,2,1,1,1,2,8
9405308,17,5,12,61,16,1,2
9205209,10,7,3,3,10,0,0
9711486,12,5,7,9,1,11,24
9512374,6,2,4,5,1,5,16
9611351,1,1,0,0,0,1,6
9712518,2,2,0,0,2,0,0
9410306,1,1,0,0,1,0,0
103294,13,5,8,26,0,13,148
207332,1,1,0,0,1,0,0
9408372,1,1,0,0,0,1,1
9807456,1,1,0,0,0,1,2
9604390,5,3,2,4,0,5,25
9810531,3,1,2,2,2,1,3
9612470,1,1,0,0,0,1,3
9706524,2,2,0,0,1,1,2
9304305,4,1,3,5,4,0,0
9612262,10,4,6,11,0,10,61
6134,3,1,2,3,0,3,8
9712443,4,2,2,3,4,0,0
9605420,7,2,5,11,7,0,0
9208210,5,1,4,7,5,0,0
4107,16,4,12,48,0,16,92
9411318,4,1,3,3,4,0,0
9809546,1,1,0,0,0,1,5
9906452,22,2,20,121,0,22,87
6249,2,2,0,0,0,2,8
9612385,6,1,5,7,2,4,21
9705319,10,2,8,18,0,10,24
9907270,6,5,1,1,0,6,19
9801377,6,2,4,6,0,6,10
9410335,1,1,0,0,0,1,2
9601375,8,4,4,7,3,5,6
9805307,2,1,1,1,0,2,4
9605241,0,0,0,0,0,0,0
12236,2,2,0,0,0,2,4
3031,3,2,1,2,0,3,12
9911232,4,1,3,5,4,0,0
9812370,7,5,2,3,0,7,32
101142,7,2,5,6,0,7,41
9212226,25,5,20,73,19,6,6
9304282,3,2,1,1,3,0,0
211065,0,0,0,0,0,0,0
9808462,6,4,2,4,1,5,9
9406273,3,2,1,1,3,0,0
9910551,10,5,5,10,0,10,50
9601235,8,4,4,8,4,4,4
9606329,8,2,6,8,2,6,6
9607446,7,1,6,15,0,7,40
9606373,6,3,3,4,6,0,0
9605223,37,5,32,92,0,37,219
1100,2,2,0,0,0,2,10
3072,5,2,3,3,0,5,28
9909298,8,4,4,4,2,6,12
109189,0,0,0,0,0,0,0
9712507,5,2,3,5,2,3,9
106214,1,1,0,0,0,1,2
9511338,3,3,0,0,2,1,1
9312226,10,3,7,12,10,0,0
9906383,12,5,7,16,0,12,100
9904309,2,1,1,1,0,2,4
9805440,3,3,0,0,0,3,15
9212236,12,3,9,18,12,0,0
9910429,0,0,0,0,0,0,0
9611201,2,2,0,0,0,2,4
9807312,4,3,1,1,0,4,16
205084,2,1,1,1,0,2,17
9411394,4,4,0,0,4,0,0
9901218,1,1,0,0,0,1,4
110339,4,3,1,1,0,4,13
105292,17,4,13,29,1,16,80
2055,1,1,0,0,0,1,11
9802436,6,2,4,6,0,6,11
9801342,4,3,1,2,0,4,14
110034,13,6,7,20,0,13,55
9701399,7,4,3,4,4,3,5
9505378,3,1,2,3,0,3,3
109030,13,3,10,24,2,11,62
110072,9,2,7,18,0,9,62
9307239,3,2,1,1,3,0,0
108116,1,1,0,0,0,1,5
9805299,1,1,0,0,0,1,5
9402245,1,1,0,0,1,0,0
9607359,5,3,2,2,0,5,14
112158,2,1,1,1,0,2,15
9308289,3,2,1,1,0,3,3
106105,1,1,0,0,0,1,3
9605378,2,1,1,1,0,2,7
9607428,14,4,10,26,2,12,14
9407330,3,3,0,0,3,0,0
9604360,9,2,7,11,4,5,9
202083,0,0,0,0,0,0,0
9502328,1,1,0,0,0,1,1
9604404,29,7,22,49,11,18,27
108180,1,1,0,0,0,1,6
9402306,7,3,4,5,7,0,0
9309262,3,1,2,2,3,0,0
9704243,18,8,10,13,10,8,19
9311343,0,0,0,0,0,0,0
9904376,10,8,2,2,0,10,18
12350,13,4,9,17,2,11,36
9911541,24,6,18,66,3,21,45
9909554,21,5,16,59,0,21,292
109017,10,3,7,15,0,10,55
9511314,10,5,5,11,10,0,0
9901430,14,3,11,33,4,10,10
9911460,9,1,8,23,0,9,90
10148,23,5,18,56,8,15,29
9704404,8,5,3,3,8,0,0
206292,17,9,8,9,1,16,49
207096,5,4,1,1,2,3,9
9907331,1,1,0,0,0,1,7
9909458,9,3,6,13,9,0,0
9908409,8,5,3,3,0,8,25
9401221,5,3,2,3,0,5,5
9904434,3,2,1,2,1,2,8
209188,3,2,1,1,0,3,8
210112,1,1,0,0,0,1,9
9508317,19,6,13,34,2,17,20
9708423,3,1,2,2,0,3,8
112190,2,2,0,0,0,2,15
103163,15,4,11,29,0,15,60
9801438,0,0,0,0,0,0,0
9706220,5,3,2,2,0,5,30
102337,11,3,8,18,0,11,185
9410320,5,1,4,6,0,5,7
9712304,5,2,3,5,1,4,5
101045,3,2,1,1,0,3,20
9606311,10,4,6,10,1,9,31
9805344,8,2,6,8,0,8,32
9601291,8,3,5,8,8,0,0
9705406,7,4,3,7,3,4,5
9607216,3,1,2,2,0,3,17
9508348,1,1,0,0,1,0,0
204210,2,2,0,0,0,2,12
9911523,13,2,11,23,0,13,89
111321,0,0,0,0,0,0,0
9603235,1,1,0,0,0,1,2
9610330,1,1,0,0,1,0,0
7157,11,3,8,15,0,11,178
9212225,3,1,2,3,3,0,0
9905253,1,1,0,0,0,1,1
12226,3,1,2,3,0,3,5
11397,3,3,0,0,1,2,2
9602212,1,1,0,0,0,1,1
9308339,8,3,5,7,8,0,0
9710443,0,0,0,0,0,0,0
9501392,10,3,7,28,0,10,41
12108,6,3,3,3,0,6,46
9811264,5,3,2,3,0,5,6
209021,0,0,0,0,0,0,0
11161,0,0,0,0,0,0,0
9312209,8,4,4,7,8,0,0
4185,4,2,2,3,1,3,5
9908260,17,4,13,48,1,16,140
9223,4,1,3,5,2,2,9
107136,4,2,2,3,0,4,16
9411258,9,4,5,8,9,0,0
201251,1,1,0,0,0,1,6
9707284,4,3,1,1,0,4,20
9802262,8,3,5,10,1,7,30
9306277,4,4,0,0,4,0,0
9709358,5,2,3,5,5,0,0
9806425,2,1,1,1,0,2,8
9604205,2,1,1,1,2,0,0
109202,4,3,1,1,1,3,13
209306,1,1,0,0,0,1,26
10002,11,2,9,13,0,11,83
9407224,2,2,0,0,0,2,2
9706404,3,1,2,3,0,3,3
9811405,6,1,5,10,0,6,17
106331,2,2,0,0,0,2,11
9911334,1,1,0,0,0,1,1
9504434,12,6,6,8,6,6,7
9812407,0,0,0,0,0,0,0
9907303,0,0,0,0,0,0,0
6073,3,2,1,1,0,3,15
9305233,3,1,2,2,3,0,0
1108,7,2,5,11,0,7,39
9204234,12,6,6,9,12,0,0
9502235,4,2,2,4,4,0,0
9501295,8,2,6,9,4,4,7
9605399,3,1,2,2,1,2,2
3254,2,2,0,0,0,2,12
203030,6,2,4,5,0,6,108
9407271,4,3,1,2,3,1,4
9609361,2,2,0,0,1,1,6
9701314,0,0,0,0,0,0,0
210132,1,1,0,0,0,1,4
9706376,4,2,2,4,4,0,0
102129,1,1,0,0,1,0,0
9609317,0,0,0,0,0,0,0
9709252,6,3,3,4,1,5,8
107255,2,2,0,0,0,2,11
9804221,18,3,15,44,8,10,19
209125,2,1,1,1,0,2,21
9904422,7,1,6,10,0,7,21
9604216,5,4,1,1,0,5,18
111090,2,1,1,1,0,2,16
204014,4,4,0,0,0,4,20
204340,1,1,0,0,0,1,2
9702290,4,4,0,0,0,4,6
110106,1,1,0,0,0,1,1
9611341,6,2,4,6,0,6,53
208215,2,1,1,1,2,0,0
210319,3,3,0,0,0,3,29
9404290,10,5,5,7,10,0,0
112219,1,1,0,0,0,1,3
7340,7,3,4,6,0,7,41
203089,2,2,0,0,0,2,7
9909271,5,3,2,2,0,5,15
9606357,3,3,0,0,0,3,19
9605256,3,2,1,1,0,3,17
9811376,8,5,3,3,0,8,27
12188,0,0,0,0,0,0,0
9702369,0,0,0,0,0,0,0
103101,5,4,1,1,4,1,3
9811364,11,5,6,14,9,2,2
10261,11,6,5,6,0,11,99
9903368,1,1,0,0,0,1,1
12008,1,1,0,0,0,1,3
9712512,4,2,2,3,0,4,9
9903212,0,0,0,0,0,0,0
9609270,2,1,1,1,1,1,1
9812338,1,1,0,0,0,1,5
8233,1,1,0,0,1,0,0
9903201,6,2,4,6,3,3,3
11271,2,1,1,1,2,0,0
9905263,2,2,0,0,0,2,16
4160,1,1,0,0,0,1,6
9607377,9,4,5,7,9,0,0
9810431,1,1,0,0,0,1,2
7017,1,1,0,0,0,1,17
206010,3,2,1,1,0,3,9
9409402,2,1,1,1,2,0,0
11148,1,1,0,0,0,1,5
202042,1,1,0,0,0,1,5
9905516,0,0,0,0,0,0,0
5063,1,1,0,0,0,1,4
104036,2,2,0,0,0,2,6
9804340,6,4,2,5,4,2,2
9905279,1,1,0,0,0,1,6
204097,0,0,0,0,0,0,0
9607249,8,4,4,9,3,5,5
9807210,1,1,0,0,1,0,0
109178,6,3,3,4,0,6,49
209066,3,2,1,1,0,3,8
106244,1,1,0,0,0,1,3
9611256,3,2,1,1,2,1,1
9703355,0,0,0,0,0,0,0
9610356,1,1,0,0,0,1,1
9903381,5,3,2,2,1,4,6
208199,0,0,0,0,0,0,0
9812435,0,0,0,0,0,0,0
9912245,5,2,3,3,5,0,0
9911270,8,2,6,10,1,7,20
3298,3,1,2,3,0,3,13
9310293,0,0,0,0,0,0,0
110191,0,0,0,0,0,0,0
5176,0,0,0,0,0,0,0
9708369,6,3,3,8,0,6,43
9311251,0,0,0,0,0,0,0
9606350,2,1,1,1,1,1,2
9708245,1,1,0,0,0,1,3
12161,1,1,0,0,0,1,1
9910411,8,2,6,8,1,7,18
9611209,2,2,0,0,0,2,2
9907312,1,1,0,0,0,1,4
10132,0,0,0,0,0,0,0
12184,4,2,2,3,1,3,7
9905205,10,2,8,20,5,5,5
9505272,5,1,4,8,1,4,10
9908496,0,0,0,0,0,0,0
9508227,2,1,1,1,1,1,3
212370,0,0,0,0,0,0,0
9312225,3,3,0,0,3,0,0
9802313,6,1,5,8,0,6,12
9705372,13,2,11,37,2,11,23
3293,0,0,0,0,0,0,0
9712335,1,1,0,0,1,0,0
9901346,6,2,4,10,1,5,5
9711210,6,2,4,4,0,6,16
201034,1,1,0,0,0,1,4
9906245,0,0,0,0,0,0,0
9512446,5,5,0,0,2,3,13
112009,0,0,0,0,0,0,0
9805308,4,1,3,4,0,4,6
9705293,4,4,0,0,0,4,9
2284,0,0,0,0,0,0,0
9812536,3,1,2,2,0,3,6
9610410,1,1,0,0,0,1,1
9809556,6,1,5,14,6,0,0
11193,0,0,0,0,0,0,0
9607341,4,3,1,2,0,4,6
9910427,2,2,0,0,0,2,4
11044,1,1,0,0,0,1,1
201258,3,3,0,0,1,2,2
9909211,8,2,6,18,0,8,30
203264,1,1,0,0,0,1,10
7321,2,2,0,0,0,2,11
211080,3,3,0,0,0,3,31
102124,7,3,4,5,0,7,23
9602362,3,2,1,1,3,0,0
206025,2,2,0,0,0,2,5
10129,1,1,0,0,1,0,0
9064,0,0,0,0,0,0,0
6021,3,3,0,0,0,3,12
5212,4,4,0,0,2,2,3
202120,2,2,0,0,0,2,9
11398,2,1,1,1,2,0,0
9912232,3,1,2,2,0,3,8
210043,0,0,0,0,0,0,0
4109,0,0,0,0,0,0,0
9604227,8,2,6,12,0,8,8
203208,4,1,3,5,0,4,48
9810415,5,3,2,4,5,0,0
12115,5,3,2,2,0,5,28
9904269,3,2,1,1,0,3,11
9410372,6,3,3,3,6,0,0
9909443,1,1,0,0,0,1,1
9180,1,1,0,0,0,1,5
11009,2,1,1,1,1,1,1
105055,1,1,0,0,1,0,0
9908267,2,2,0,0,0,2,11
9804326,2,1,1,1,0,2,2
9904226,5,3,2,3,0,5,18
9709209,2,2,0,0,0,2,2
301130,2,2,0,0,0,2,21
9211330,1,1,0,0,1,0,0
9908424,3,3,0,0,0,3,4
205163,1,1,0,0,0,1,1
9905258,2,2,0,0,1,1,1
101245,3,2,1,1,0,3,22
111473,4,2,2,2,0,4,23
9909221,1,1,0,0,0,1,7
9809492,1,1,0,0,1,0,0
9607267,0,0,0,0,0,0,0
204102,0,0,0,0,0,0,0
11309,0,0,0,0,0,0,0
111271,2,1,1,1,1,1,3
209126,0,0,0,0,0,0,0
9912338,9,4,5,13,0,9,87
9811431,0,0,0,0,0,0,0
103051,5,3,2,2,2,3,3
9809314,2,2,0,0,0,2,4
9311231,2,1,1,1,0,2,2
9611275,1,1,0,0,0,1,3
209151,0,0,0,0,0,0,0
10339,0,0,0,0,0,0,0
111152,1,1,0,0,0,1,7
9710523,2,2,0,0,0,2,3
210376,0,0,0,0,0,0,0
9906552,3,1,2,2,0,3,11
9709218,0,0,0,0,0,0,0
204358,4,3,1,1,0,4,22
9803362,0,0,0,0,0,0,0
9510356,0,0,0,0,0,0,0
9612330,0,0,0,0,0,0,0
9802321,1,1,0,0,1,0,0
108254,1,1,0,0,1,0,0
9905435,3,1,2,3,0,3,8
9808409,1,1,0,0,0,1,8
210179,2,2,0,0,0,2,6
101337,1,1,0,0,0,1,8
9812531,4,1,3,3,4,0,0
5139,4,1,3,3,0,4,29
206195,4,4,0,0,0,4,13
9708298,0,0,0,0,0,0,0
9404266,3,3,0,0,3,0,0
207343,2,2,0,0,2,0,0
101267,3,1,2,3,1,2,9
9801296,0,0,0,0,0,0,0
9411386,2,1,1,1,2,0,0
108105,2,2,0,0,2,0,0
9506466,1,1,0,0,0,1,1
9403348,1,1,0,0,1,0,0
8182,0,0,0,0,0,0,0
110150,3,3,0,0,2,1,12
205342,1,1,0,0,0,1,26
12153,2,1,1,1,0,2,13
9703374,0,0,0,0,0,0,0
301026,0,0,0,0,0,0,0
9709479,3,3,0,0,0,3,4
209098,3,3,0,0,1,2,3
9405331,1,1,0,0,1,0,0
9411436,0,0,0,0,0,0,0
9607311,0,0,0,0,0,0,0
2129,2,2,0,0,0,2,22
210381,0,0,0,0,0,0,0
9181,3,2,1,1,0,3,14
9906533,1,1,0,0,1,0,0
101016,0,0,0,0,0,0,0
9409306,0,0,0,0,0,0,0
9906299,5,2,3,5,2,3,3
212113,0,0,0,0,0,0,0
209370,0,0,0,0,0,0,0
107087,0,0,0,0,0,0,0
9709207,3,1,2,3,0,3,12
9709396,0,0,0,0,0,0,0
108063,0,0,0,0,0,0,0
9906445,12,1,11,34,1,11,34
9609304,0,0,0,0,0,0,0
9707321,0,0,0,0,0,0,0
9805352,3,1,2,2,0,3,5
9812327,0,0,0,0,0,0,0
9317,0,0,0,0,0,0,0
9806363,1,1,0,0,0,1,2
9808370,1,1,0,0,0,1,1
9712374,0,0,0,0,0,0,0
2112,2,2,0,0,0,2,4
211257,1,1,0,0,0,1,17
102075,5,3,2,3,0,5,23
9611384,0,0,0,0,0,0,0
9502396,3,2,1,1,1,2,2
9904325,1,1,0,0,0,1,3
202139,5,4,1,1,0,5,25
9405321,0,0,0,0,0,0,0
106181,2,2,0,0,0,2,22
9705215,1,1,0,0,1,0,0
207339,0,0,0,0,0,0,0
9702269,0,0,0,0,0,0,0
7171,0,0,0,0,0,0,0
9210249,5,3,2,3,5,0,0
9510218,3,2,1,1,3,0,0
9711222,0,0,0,0,0,0,0
9412323,1,1,0,0,1,0,0
102334,2,2,0,0,0,2,4
112352,4,2,2,2,0,4,13
212379,0,0,0,0,0,0,0
9503298,0,0,0,0,0,0,0
9909237,5,3,2,3,0,5,6
9802210,0,0,0,0,0,0,0
9905353,0,0,0,0,0,0,0
104102,1,1,0,0,0,1,1
9707473,1,1,0,0,1,0,0
9501410,1,1,0,0,1,0,0
207370,1,1,0,0,0,1,14
9605353,0,0,0,0,0,0,0
9406326,0,0,0,0,0,0,0
9605278,1,1,0,0,1,0,0
9606309,3,3,0,0,3,0,0
9907251,1,1,0,0,0,1,4
6283,1,1,0,0,0,1,7
101071,1,1,0,0,1,0,0
9706383,0,0,0,0,0,0,0
9332,0,0,0,0,0,0,0
302137,0,0,0,0,0,0,0
6347,0,0,0,0,0,0,0
102198,0,0,0,0,0,0,0
202104,1,1,0,0,0,1,2
204107,0,0,0,0,0,0,0
8317,4,4,0,0,0,4,24
10219,0,0,0,0,0,0,0
107080,2,1,1,1,0,2,13
9711269,0,0,0,0,0,0,0
9410211,3,3,0,0,0,3,3
9806478,1,1,0,0,0,1,2
9611360,1,1,0,0,0,1,1
5305,0,0,0,0,0,0,0
9806254,0,0,0,0,0,0,0
9602237,1,1,0,0,1,0,0
207330,1,1,0,0,0,1,18
111003,0,0,0,0,0,0,0
302075,0,0,0,0,0,0,0
9907260,0,0,0,0,0,0,0
9603225,1,1,0,0,0,1,4
204164,0,0,0,0,0,0,0
9708411,2,1,1,1,0,2,5
9704302,0,0,0,0,0,0,0
103162,3,2,1,2,0,3,10
8036,1,1,0,0,0,1,1
9908249,2,2,0,0,0,2,6
9710203,0,0,0,0,0,0,0
9411440,1,1,0,0,0,1,1
9502402,0,0,0,0,0,0,0
9910302,0,0,0,0,0,0,0
4152,3,2,1,1,2,1,1
204235,0,0,0,0,0,0,0
9307343,1,1,0,0,1,0,0
105220,0,0,0,0,0,0,0
109036,2,2,0,0,0,2,6
9710278,2,1,1,1,0,2,2
105137,0,0,0,0,0,0,0
9407331,0,0,0,0,0,0,0
9710351,0,0,0,0,0,0,0
9808402,0,0,0,0,0,0,0
212047,1,1,0,0,0,1,10
9809576,2,1,1,1,0,2,24
9307360,2,1,1,1,0,2,2
9604241,0,0,0,0,0,0,0
9912529,0,0,0,0,0,0,0
9705434,1,1,0,0,0,1,1
9807357,1,1,0,0,0,1,7
110090,1,1,0,0,0,1,1
208200,0,0,0,0,0,0,0
1024,3,3,0,0,1,2,5
9503355,2,1,1,1,0,2,7
202001,0,0,0,0,0,0,0
9902379,4,4,0,0,0,4,8
111384,0,0,0,0,0,0,0
9909261,0,0,0,0,0,0,0
9609268,0,0,0,0,0,0,0
9906237,0,0,0,0,0,0,0
9809569,0,0,0,0,0,0,0
9502392,1,1,0,0,1,0,0
204287,2,1,1,1,0,2,5
3264,0,0,0,0,0,0,0
9612423,0,0,0,0,0,0,0
9409217,0,0,0,0,0,0,0
12147,0,0,0,0,0,0,0
9309271,0,0,0,0,0,0,0
209141,2,2,0,0,0,2,8
9910443,1,1,0,0,0,1,1
9904506,0,0,0,0,0,0,0
210098,1,1,0,0,0,1,5
11008,0,0,0,0,0,0,0
112020,0,0,0,0,0,0,0
112217,0,0,0,0,0,0,0
9907568,0,0,0,0,0,0,0
9906263,1,1,0,0,1,0,0
102284,1,1,0,0,0,1,1
110238,4,1,3,4,0,4,28
212171,0,0,0,0,0,0,0
201060,0,0,0,0,0,0,0
211454,0,0,0,0,0,0,0
3054,0,0,0,0,0,0,0
6125,0,0,0,0,0,0,0
9711494,0,0,0,0,0,0,0
9909336,1,1,0,0,0,1,4
9710496,0,0,0,0,0,0,0
9806459,1,1,0,0,1,0,0
9505212,0,0,0,0,0,0,0
9407327,1,1,0,0,1,0,0
112066,0,0,0,0,0,0,0
9409397,0,0,0,0,0,0,0
9912468,1,1,0,0,1,0,0
207091,0,0,0,0,0,0,0
302105,0,0,0,0,0,0,0
104002,3,1,2,2,0,3,20
110228,0,0,0,0,0,0,0
9712340,0,0,0,0,0,0,0
108106,3,1,2,2,1,2,2
9809339,0,0,0,0,0,0,0
9706492,0,0,0,0,0,0,0
7092,2,2,0,0,0,2,18
107019,0,0,0,0,0,0,0
9811391,1,1,0,0,1,0,0
11340,1,1,0,0,0,1,3
104234,0,0,0,0,0,0,0
203153,0,0,0,0,0,0,0
9606365,2,2,0,0,1,1,1
9216,0,0,0,0,0,0,0
9709437,0,0,0,0,0,0,0
9604324,0,0,0,0,0,0,0
210068,0,0,0,0,0,0,0
9907242,0,0,0,0,0,0,0
302241,0,0,0,0,0,0,0
9710536,0,0,0,0,0,0,0
11216,0,0,0,0,0,0,0
110042,0,0,0,0,0,0,0
9906202,2,2,0,0,2,0,0
207304,0,0,0,0,0,0,0
209257,0,0,0,0,0,0,0
105240,1,1,0,0,0,1,6
110293,5,3,2,5,1,4,17
108206,0,0,0,0,0,0,0
9805320,0,0,0,0,0,0,0
9906229,0,0,0,0,0,0,0
9910304,1,1,0,0,1,0,0
205021,0,0,0,0,0,0,0
111300,0,0,0,0,0,0,0
211078,1,1,0,0,0,1,1
9502231,0,0,0,0,0,0,0
9903433,0,0,0,0,0,0,0
9802318,0,0,0,0,0,0,0
107172,1,1,0,0,0,1,5
201264,0,0,0,0,0,0,0
9905398,0,0,0,0,0,0,0
8014,0,0,0,0,0,0,0
12264,0,0,0,0,0,0,0
9601389,1,1,0,0,1,0,0
211276,1,1,0,0,0,1,4
9708493,0,0,0,0,0,0,0
106300,1,1,0,0,1,0,0
111380,0,0,0,0,0,0,0
9808395,0,0,0,0,0,0,0
211222,0,0,0,0,0,0,0
9908484,0,0,0,0,0,0,0
205182,0,0,0,0,0,0,0
9304313,1,1,0,0,1,0,0
1063,2,2,0,0,2,0,0
9906355,0,0,0,0,0,0,0
9712324,2,2,0,0,2,0,0
102054,0,0,0,0,0,0,0
106249,0,0,0,0,0,0,0
104009,3,1,2,3,0,3,19
102095,2,2,0,0,0,2,3
9804203,0,0,0,0,0,0,0
212362,1,1,0,0,0,1,2
9606218,1,1,0,0,1,0,0
302082,0,0,0,0,0,0,0
112001,0,0,0,0,0,0,0
9406408,0,0,0,0,0,0,0
9910542,1,1,0,0,1,0,0
105345,0,0,0,0,0,0,0
9908472,0,0,0,0,0,0,0
210005,0,0,0,0,0,0,0
9610416,0,0,0,0,0,0,0
207057,0,0,0,0,0,0,0
5239,0,0,0,0,0,0,0
9712424,0,0,0,0,0,0,0
2201,0,0,0,0,0,0,0
9411364,1,1,0,0,0,1,2
9812226,3,2,1,1,0,3,4
9809353,0,0,0,0,0,0,0
204355,0,0,0,0,0,0,0
9611270,2,2,0,0,1,1,1
9210270,3,3,0,0,3,0,0
9503416,2,2,0,0,2,0,0
210366,0,0,0,0,0,0,0
3243,0,0,0,0,0,0,0
9306202,0,0,0,0,0,0,0
9808363,0,0,0,0,0,0,0
9607483,0,0,0,0,0,0,0
210040,0,0,0,0,0,0,0
210087,0,0,0,0,0,0,0
212032,0,0,0,0,0,0,0
209285,0,0,0,0,0,0,0
9803204,1,1,0,0,1,0,0
9709489,0,0,0,0,0,0,0
3214,1,1,0,0,0,1,5
112171,0,0,0,0,0,0,0
6356,0,0,0,0,0,0,0
9610473,0,0,0,0,0,0,0
9911472,0,0,0,0,0,0,0
109112,1,1,0,0,0,1,2
9906453,0,0,0,0,0,0,0
302231,0,0,0,0,0,0,0
9812485,0,0,0,0,0,0,0
9305318,0,0,0,0,0,0,0
9812391,0,0,0,0,0,0,0
204281,0,0,0,0,0,0,0
9902474,0,0,0,0,0,0,0
9807459,0,0,0,0,0,0,0
9401292,0,0,0,0,0,0,0
211193,1,1,0,0,0,1,4
9302282,0,0,0,0,0,0,0
104029,0,0,0,0,0,0,0
302052,0,0,0,0,0,0,0
9907278,0,0,0,0,0,0,0
9812494,0,0,0,0,0,0,0
9902376,1,1,0,0,0,1,3
208137,1,1,0,0,1,0,0
9801220,0,0,0,0,0,0,0
7074,0,0,0,0,0,0,0
10255,1,1,0,0,1,0,0
110132,0,0,0,0,0,0,0
212018,0,0,0,0,0,0,0
9805276,0,0,0,0,0,0,0
9911483,0,0,0,0,0,0,0
9910413,1,1,0,0,1,0,0
3117,0,0,0,0,0,0,0
105339,0,0,0,0,0,0,0
9609421,1,1,0,0,0,1,4
9510314,0,0,0,0,0,0,0
210220,0,0,0,0,0,0,0
9907374,0,0,0,0,0,0,0
9904340,0,0,0,0,0,0,0
107293,0,0,0,0,0,0,0
107092,0,0,0,0,0,0,0
205193,0,0,0,0,0,0,0
105047,0,0,0,0,0,0,0
9605370,0,0,0,0,0,0,0
212050,0,0,0,0,0,0,0
302262,0,0,0,0,0,0,0
9912316,0,0,0,0,0,0,0
9905207,0,0,0,0,0,0,0
9506365,0,0,0,0,0,0,0
212372,0,0,0,0,0,0,0
207374,0,0,0,0,0,0,0
205004,0,0,0,0,0,0,0
112096,0,0,0,0,0,0,0
9807290,0,0,0,0,0,0,0
7331,0,0,0,0,0,0,0
9506458,0,0,0,0,0,0,0
9802385,0,0,0,0,0,0,0
9512257,0,0,0,0,0,0,0
9612432,0,0,0,0,0,0,0
8213,0,0,0,0,0,0,0
9907313,0,0,0,0,0,0,0
9809542,0,0,0,0,0,0,0
207187,0,0,0,0,0,0,0
12330,0,0,0,0,0,0,0
9710527,0,0,0,0,0,0,0
210128,1,1,0,0,1,0,0
9512394,0,0,0,0,0,0,0
209011,0,0,0,0,0,0,0
4017,0,0,0,0,0,0,0
207111,0,0,0,0,0,0,0
212170,0,0,0,0,0,0,0
210365,1,1,0,0,1,0,0
111036,0,0,0,0,0,0,0
9402216,1,1,0,0,1,0,0
301250,0,0,0,0,0,0,0
9605245,19,1,18,46,3,16,16
6022,45,7,38,125,1,44,259
9509204,106,3,103,996,7,99,460
9410388,51,8,43,279,42,9,13
9310311,40,8,32,150,40,0,0
9209291,41,7,34,103,41,0,0
9903229,41,8,33,134,4,37,173
9301281,28,12,16,37,28,0,0
9902434,21,7,14,35,0,21,84
9706304,32,17,15,36,5,27,95
9603442,11,4,7,17,7,4,4
9706489,14,5,9,25,6,8,42
9903215,14,6,8,14,1,13,97
7020,2,2,0,0,0,2,6
9406401,8,5,3,5,3,5,21
9802368,14,3,11,22,1,13,57
9406205,35,12,23,42,12,23,41
9607388,17,4,13,25,3,14,46
1152,5,3,2,2,1,4,11
9907422,42,8,34,204,1,41,316
9402259,10,4,6,8,10,0,0
9408256,0,0,0,0,0,0,0
9606230,42,9,33,125,3,39,137
9310378,26,12,14,23,22,4,7
9502417,55,5,50,199,14,41,86
9504312,37,3,34,127,2,35,136
9504246,76,7,69,545,9,67,86
9808470,26,8,18,58,10,16,16
9808293,117,6,111,881,17,100,177
9710417,35,6,29,127,19,16,16
2155,24,3,21,42,4,20,66
9811266,13,6,7,18,0,13,115
9909249,15,4,11,20,1,14,267
9706426,9,4,5,5,0,9,17
9804400,40,7,33,156,2,38,111
9804367,9,2,7,15,0,9,18
9403311,20,2,18,60,20,0,0
9406241,33,1,32,136,33,0,0
9806256,5,3,2,2,1,4,17
9902392,23,4,19,76,0,23,325
9807321,4,1,3,3,4,0,0
9511381,27,4,23,84,0,27,68
9605319,90,4,86,650,33,57,96
9807307,5,4,1,1,0,5,16
4075,6,2,4,6,1,5,38
9610374,3,2,1,1,2,1,1
9503264,70,3,67,399,15,55,100
9304277,47,15,32,135,12,35,77
9405245,17,1,16,55,17,0,0
9703332,26,3,23,108,0,26,160
9206218,50,17,33,104,50,0,0
9410406,81,6,75,477,80,1,1
9708222,54,6,48,233,0,54,190
9809329,57,7,50,198,10,47,159
9704249,38,8,30,161,3,35,121
112129,5,2,3,4,0,5,17
9601367,131,4,127,1335,26,105,241
9701244,39,5,34,138,2,37,219
9707537,27,6,21,60,0,27,233
9808453,2,1,1,1,0,2,30
9406262,44,9,35,151,26,18,22
7054,7,3,4,7,0,7,107
9508211,34,6,28,95,6,28,75
9902205,12,2,10,27,0,12,53
110093,2,1,1,1,0,2,14
9610337,4,2,2,2,0,4,7
105073,4,3,1,1,1,3,3
9507303,35,6,29,134,1,34,229
9307201,74,5,69,429,73,1,1
9801453,7,6,1,1,1,6,39
9910501,24,8,16,38,1,23,158
9510404,6,5,1,1,0,6,19
9812272,11,5,6,11,0,11,61
9811353,88,4,84,570,9,79,228
9406288,27,7,20,49,3,24,68
9902476,3,1,2,2,0,3,9
9901341,8,2,6,11,6,2,2
9503232,9,6,3,5,9,0,0
9707349,1,1,0,0,0,1,2
9606364,11,5,6,10,5,6,26
9910488,12,3,9,21,0,12,24
9405237,50,7,43,285,26,24,24
9711427,44,4,40,202,0,44,200
9410411,6,3,3,5,6,0,0
9711303,1,1,0,0,0,1,1
9607393,5,5,0,0,5,0,0
9611374,35,3,32,187,24,11,19
9503344,42,1,41,163,34,8,8
9301288,4,3,1,2,4,0,0
9904398,5,3,2,2,0,5,18
9812205,90,6,84,712,9,81,127
9703404,29,1,28,156,8,21,35
9801397,71,5,66,579,18,53,197
9502338,59,7,52,220,0,59,250
9602349,11,5,6,14,2,9,40
9411375,8,4,4,5,3,5,10
9502348,71,7,64,355,45,26,29
101103,31,13,18,28,3,28,302
9403320,27,5,22,81,27,0,0
9807540,23,7,16,69,0,23,112
9402361,7,2,5,5,0,7,7
9405309,7,4,3,6,2,5,11
9906259,13,2,11,34,0,13,98
9508233,16,7,9,31,15,1,1
9501262,7,5,2,3,7,0,0
9612264,19,4,15,47,3,16,46
8191,12,1,11,35,1,11,22
9805341,12,2,10,34,7,5,5
9512281,15,4,11,32,11,4,4
9802414,17,3,14,59,5,12,19
5225,26,4,22,82,0,26,135
9902335,23,2,21,113,2,21,76
9708256,13,4,9,17,4,9,20
9411210,11,4,7,12,4,7,18
9910541,8,2,6,9,0,8,91
3215,2,2,0,0,0,2,33
9807207,6,1,5,12,6,0,0
9605365,5,1,4,6,0,5,17
9305349,7,3,4,7,7,0,0
9610242,8,1,7,20,8,0,0
9205202,14,5,9,16,14,0,0
9805349,11,4,7,24,0,11,63
9905467,9,6,3,4,0,9,39
9703443,10,3,7,17,0,10,25
9711446,6,2,4,6,0,6,23
9606408,2,1,1,1,0,2,7
9601233,16,8,8,12,3,13,30
9512369,60,6,54,339,0,60,233
9702426,26,9,17,52,0,26,106
9912516,51,9,42,166,7,44,197
9902219,0,0,0,0,0,0,0
9806311,23,6,17,56,2,21,23
9805346,16,2,14,45,0,16,26
9303286,8,2,6,10,3,5,9
9805486,6,3,3,5,0,6,17
9611310,13,6,7,11,13,0,0
9601249,38,6,32,172,8,30,69
9603386,11,3,8,23,8,3,7
9911406,80,8,72,422,0,80,451
9805470,103,7,96,634,22,81,339
9601293,11,1,10,21,1,10,77
9810291,20,2,18,87,0,20,97
2186,25,7,18,32,0,25,126
9710389,4,2,2,2,0,4,7
9806472,10,4,6,9,0,10,28
9208221,41,6,35,186,41,0,0
102157,92,4,88,893,0,92,441
9512396,77,1,76,927,11,66,133
102199,35,3,32,279,0,35,245
9709322,63,10,53,232,1,62,136
107316,20,4,16,40,0,20,285
105267,41,8,33,118,1,40,187
103320,32,8,24,56,2,30,220
9503488,9,5,4,8,1,8,54
10009,26,1,25,85,0,26,141
9909453,17,7,10,28,5,12,19
9410305,2,1,1,1,2,0,0
7201,7,1,6,9,1,6,6
9905214,88,6,82,665,0,88,892
2138,3,2,1,1,0,3,10
7006,30,5,25,84,2,28,321
9710323,10,3,7,14,0,10,45
9506226,19,6,13,32,2,17,30
9505410,15,2,13,27,1,14,23
9904232,38,2,36,273,0,38,684
9904446,1,1,0,0,0,1,6
9508319,9,1,8,11,9,0,0
9903358,152,15,137,779,5,147,453
10212,44,2,42,347,0,44,545
102033,20,3,17,49,1,19,31
108033,8,7,1,1,0,8,45
210171,2,2,0,0,2,0,0
103201,30,8,22,64,0,30,169
2224,26,4,22,118,0,26,146
9705279,17,2,15,52,0,17,107
9511417,18,1,17,39,18,0,0
4200,28,5,23,58,0,28,99
9903475,43,3,40,366,0,43,660
2229,15,3,12,25,0,15,126
9408229,18,2,16,39,18,0,0
9803463,3,3,0,0,0,3,16
9702431,4,2,2,3,0,4,17
9809301,4,3,1,1,1,3,7
9809371,6,1,5,11,1,5,8
9302292,14,4,10,33,14,0,0
9811444,16,7,9,11,16,0,0
201207,0,0,0,0,0,0,0
9909297,28,12,16,52,2,26,270
101089,10,6,4,6,0,10,24
9410284,3,3,0,0,0,3,18
3233,28,8,20,37,1,27,109
9604209,6,1,5,11,0,6,39
9701208,13,9,4,5,0,13,148
9609415,5,1,4,6,1,4,14
111316,1,1,0,0,0,1,5
9706279,8,5,3,4,0,8,27
9709470,5,2,3,5,2,3,3
9510437,10,5,5,13,0,10,16
9412236,14,5,9,17,5,9,9
9902332,9,4,5,7,4,5,5
9807565,25,5,20,67,22,3,3
9711266,18,3,15,52,1,17,27
9808412,26,1,25,122,0,26,222
9611433,179,8,171,1368,20,159,457
9710431,57,7,50,272,50,7,7
9404211,9,2,7,23,9,0,0
9806255,21,7,14,34,2,19,39
9806510,3,3,0,0,1,2,14
101236,3,1,2,2,0,3,16
9904330,23,4,19,89,2,21,147
9806386,15,3,12,21,7,8,24
9511361,7,3,4,5,0,7,34
104198,12,3,9,17,0,12,100
7068,21,5,16,34,0,21,122
9604204,6,3,3,3,0,6,18
9602297,7,3,4,5,5,2,4
9505311,5,4,1,1,1,4,10
9804353,16,3,13,29,2,14,58
9603402,2,2,0,0,1,1,1
9710506,5,3,2,3,0,5,9
211313,1,1,0,0,0,1,4
9711453,18,3,15,45,16,2,2
9906540,1,1,0,0,0,1,1
9805232,18,5,13,80,18,0,0
9401270,20,5,15,36,20,0,0
9409374,2,1,1,1,0,2,4
9701241,10,6,4,12,2,8,71
9408265,19,7,12,44,7,12,22
9710257,14,4,10,24,3,11,52
9701421,35,10,25,69,7,28,72
9606202,5,3,2,3,0,5,8
9711392,9,4,5,9,0,9,38
9309242,6,1,5,9,1,5,5
9502327,2,2,0,0,0,2,17
9705248,7,3,4,8,0,7,28
9805208,29,2,27,138,0,29,64
9610306,4,4,0,0,2,2,2
9809424,7,3,4,8,0,7,24
9607279,16,3,13,28,0,16,45
101231,6,3,3,3,1,5,25
9207260,2,2,0,0,2,0,0
9905324,3,1,2,2,0,3,22
9408367,2,2,0,0,0,2,2
9801448,5,2,3,3,0,5,16
9809453,29,5,24,72,8,21,68
203266,6,2,4,10,0,6,32
9610301,12,2,10,37,12,0,0
7001,4,1,3,6,1,3,3
9306260,16,7,9,29,16,0,0
9608239,2,2,0,0,1,1,2
9405399,20,3,17,45,3,17,46
1086,25,14,11,23,25,0,0
9512290,8,4,4,7,1,7,15
9610354,11,3,8,19,2,9,10
105311,19,3,16,62,0,19,165
10190,1,1,0,0,0,1,1
9812520,11,1,10,25,0,11,41
9602351,52,4,48,249,9,43,141
9612409,17,5,12,23,9,8,28
9702208,5,2,3,4,1,4,4
9804297,2,1,1,1,0,2,7
9812236,39,6,33,126,2,37,116
104189,3,2,1,1,0,3,5
103183,30,3,27,119,0,30,327
9707347,21,3,18,59,2,19,44
4269,8,2,6,18,1,7,54
9512267,4,1,3,4,0,4,28
9905247,29,8,21,55,18,11,12
107048,19,6,13,49,0,19,178
9409201,6,2,4,7,0,6,6
9705399,17,2,15,63,0,17,306
204141,2,2,0,0,0,2,7
7003,5,3,2,2,1,4,33
201174,4,4,0,0,0,4,16
9706487,12,2,10,23,0,12,22
103202,4,3,1,2,0,4,10
9911235,3,3,0,0,0,3,25
112057,4,1,3,4,0,4,15
9710418,5,1,4,10,0,5,13
9605432,4,4,0,0,1,3,6
10238,2,1,1,1,1,1,1
9703313,23,3,20,94,5,18,22
9403281,30,5,25,78,30,0,0
9811371,5,5,0,0,0,5,29
9710244,10,3,7,10,3,7,22
6003,5,2,3,4,0,5,9
206252,2,2,0,0,0,2,7
7082,18,5,13,24,2,16,62
102266,2,1,1,1,0,2,22
9602354,2,2,0,0,0,2,5
9708353,5,1,4,10,0,5,38
9310341,6,2,4,5,6,0,0
111107,16,6,10,25,0,16,71
7219,10,4,6,12,0,10,135
9803212,14,2,12,29,5,9,26
102144,4,1,3,4,0,4,12
9812248,2,2,0,0,0,2,15
9507341,2,1,1,1,0,2,3
5292,14,9,5,6,0,14,87
9507225,12,3,9,21,1,11,14
10312,2,2,0,0,1,1,4
8044,16,2,14,64,0,16,93
201089,8,3,5,7,0,8,25
9506437,7,3,4,5,1,6,23
9905249,12,3,9,22,1,11,92
9608393,10,3,7,13,6,4,8
108161,22,2,20,81,1,21,218
9703271,6,2,4,7,3,3,6
103050,16,1,15,59,1,15,36
9307244,60,4,56,482,56,4,11
9805294,7,3,4,10,0,7,13
9408270,2,2,0,0,1,1,1
9701406,6,1,5,9,0,6,30
102027,2,2,0,0,0,2,7
9604254,3,2,1,1,0,3,4
9803304,7,1,6,14,3,4,5
9806394,12,1,11,27,1,11,25
9604275,1,1,0,0,0,1,1
9912278,13,1,12,40,0,13,186
9903494,2,2,0,0,1,1,2
9908415,8,4,4,7,1,7,14
203069,8,5,3,3,0,8,50
9608233,12,2,10,26,0,12,117
9908349,5,3,2,2,0,5,30
9912311,16,2,14,22,2,14,73
9503362,2,2,0,0,1,1,3
108172,15,2,13,53,0,15,127
108168,23,10,13,29,0,23,264
109156,6,5,1,1,0,6,16
9605204,2,2,0,0,1,1,2
108003,17,2,15,75,0,17,151
8073,3,2,1,1,0,3,25
9511252,17,1,16,52,17,0,0
9312346,2,2,0,0,2,0,0
11150,14,5,9,16,1,13,64
9909281,2,1,1,1,0,2,30
1299,28,6,22,84,3,25,45
205024,7,3,4,6,0,7,151
9807497,18,2,16,46,0,18,111
9403405,2,2,0,0,2,0,0
9403386,4,2,2,2,1,3,6
9605219,14,4,10,34,2,12,23
9801277,3,1,2,3,1,2,3
9602394,2,1,1,1,0,2,4
9704213,20,3,17,35,0,20,81
9806291,5,4,1,1,3,2,25
9509226,3,2,1,1,1,2,3
9809306,11,2,9,26,11,0,0
110247,5,5,0,0,0,5,29
9710277,11,2,9,16,1,10,33
9806331,1,1,0,0,0,1,5
9810288,3,1,2,2,0,3,7
9807452,2,2,0,0,0,2,4
9607207,10,3,7,9,0,10,33
9403326,9,4,5,10,9,0,0
9501338,5,3,2,3,0,5,5
9712253,7,2,5,8,0,7,28
8083,6,4,2,3,1,5,10
9908271,5,4,1,2,0,5,18
9906545,26,1,25,149,3,23,45
9312312,19,7,12,41,0,19,65
4110,12,2,10,33,0,12,50
9610216,1,1,0,0,0,1,2
9901428,1,1,0,0,0,1,13
9907548,25,4,21,84,1,24,138
9712418,6,1,5,8,0,6,13
9703372,11,5,6,7,0,11,59
9806462,32,7,25,69,2,30,116
9803428,13,5,8,17,0,13,151
9610454,1,1,0,0,0,1,1
8064,0,0,0,0,0,0,0
9805493,4,1,3,4,0,4,9
9908268,9,2,7,18,1,8,16
9302226,2,2,0,0,1,1,2
104220,9,2,7,14,9,0,0
12283,8,3,5,9,0,8,60
110043,2,2,0,0,0,2,4
210219,1,1,0,0,0,1,2
101344,2,2,0,0,0,2,29
9308317,8,5,3,4,2,6,9
9502307,7,2,5,7,0,7,16
110129,2,1,1,1,1,1,2
9902412,4,3,1,2,0,4,13
9406340,8,5,3,4,8,0,0
3165,8,4,4,8,0,8,73
9609243,2,2,0,0,1,1,1
101029,0,0,0,0,0,0,0
9611371,3,2,1,2,0,3,24
9305202,3,3,0,0,3,0,0
9606263,19,4,15,34,0,19,151
9706232,8,2,6,10,0,8,35
5125,4,1,3,6,0,4,21
7275,1,1,0,0,0,1,2
9806484,28,4,24,94,0,28,159
111044,9,4,5,10,0,9,37
105155,4,4,0,0,0,4,23
9711473,7,3,4,5,3,4,15
9404216,3,2,1,2,0,3,3
9909302,5,1,4,4,0,5,35
11296,5,2,3,5,0,5,27
9506204,19,3,16,42,7,12,13
9209272,4,1,3,4,4,0,0
9708430,2,2,0,0,0,2,6
103234,6,3,3,4,0,6,18
9905576,5,4,1,1,0,5,32
9901312,5,3,2,3,0,5,49
9211223,3,3,0,0,0,3,7
9903335,4,4,0,0,0,4,23
212343,0,0,0,0,0,0,0
9906221,12,1,11,33,0,12,119
9709366,6,4,2,2,0,6,8
9807277,8,1,7,16,0,8,21
9704266,1,1,0,0,1,0,0
7238,8,2,6,11,0,8,19
9704323,8,2,6,8,0,8,62
9701212,8,3,5,7,8,0,0
205246,5,2,3,4,0,5,67
110073,3,2,1,1,0,3,34
9909511,0,0,0,0,0,0,0
109213,3,2,1,1,0,3,7
9812304,3,1,2,2,0,3,22
9410217,1,1,0,0,1,0,0
104103,13,2,11,28,0,13,61
201107,2,1,1,1,0,2,12
9207266,11,3,8,23,11,0,0
101224,9,7,2,2,0,9,47
103185,1,1,0,0,1,0,0
9810376,6,1,5,10,0,6,12
9612223,11,4,7,12,2,9,18
9607399,6,4,2,3,0,6,18
101176,3,2,1,1,1,2,3
9507231,3,2,1,1,2,1,1
9710208,5,3,2,5,0,5,15
111181,2,1,1,1,0,2,4
9806265,1,1,0,0,0,1,1
9311375,8,4,4,8,6,2,2
4065,7,2,5,8,1,6,11
12345,10,3,7,17,10,0,0
9906423,15,9,6,7,2,13,20
105067,12,2,10,17,1,11,42
9407255,1,1,0,0,0,1,1
9912506,8,1,7,12,8,0,0
203169,4,2,2,2,1,3,18
9241,6,3,3,4,2,4,9
9905387,2,2,0,0,0,2,7
104101,3,3,0,0,0,3,7
12292,11,2,9,13,0,11,54
9809355,4,1,3,3,0,4,6
205131,7,2,5,12,0,7,41
208097,2,2,0,0,2,0,0
7094,1,1,0,0,1,0,0
9311365,1,1,0,0,1,0,0
101232,3,3,0,0,0,3,3
9405393,4,1,3,5,0,4,19
9406284,2,2,0,0,1,1,4
210291,5,5,0,0,0,5,67
7298,19,11,8,14,0,19,148
9804395,0,0,0,0,0,0,0
9809589,4,2,2,2,1,3,14
9202,3,2,1,1,1,2,2
104201,2,1,1,1,0,2,12
9311374,7,2,5,7,7,0,0
107145,1,1,0,0,0,1,4
105205,7,2,5,5,0,7,100
9410321,7,2,5,8,0,7,14
9704269,1,1,0,0,0,1,1
104172,1,1,0,0,0,1,6
9611362,8,4,4,6,0,8,10
9408216,10,3,7,12,10,0,0
9712261,3,2,1,1,1,2,7
9802275,2,1,1,1,0,2,17
9508304,2,2,0,0,0,2,4
9509368,1,1,0,0,1,0,0
207010,9,5,4,5,0,9,50
10227,6,2,4,5,0,6,29
9801264,2,2,0,0,2,0,0
9607347,3,1,2,2,0,3,3
9512397,1,1,0,0,1,0,0
9066,3,1,2,3,0,3,73
9411279,11,2,9,17,11,0,0
9908320,8,3,5,7,0,8,27
101277,4,4,0,0,1,3,21
9809380,1,1,0,0,0,1,3
9606278,3,2,1,1,3,0,0
9308340,8,5,3,4,8,0,0
9503407,1,1,0,0,1,0,0
9505309,5,1,4,7,0,5,10
101279,5,4,1,1,3,2,3
4228,7,3,4,6,0,7,44
206071,12,4,8,22,0,12,72
9810338,7,5,2,4,0,7,22
2237,8,3,5,10,0,8,47
7137,4,3,1,1,0,4,49
9908355,14,3,11,44,0,14,57
9905530,3,3,0,0,0,3,10
108253,2,2,0,0,0,2,12
9511212,2,1,1,1,2,0,0
12103,17,8,9,19,0,17,145
9709225,8,5,3,8,0,8,56
9711254,2,2,0,0,1,1,2
9801454,1,1,0,0,0,1,5
9908483,9,5,4,5,3,6,13
9809477,1,1,0,0,0,1,3
9701260,11,5,6,17,0,11,19
102106,3,2,1,1,0,3,10
201121,5,1,4,7,0,5,24
9906492,4,1,3,5,0,4,11
9809249,18,5,13,55,2,16,58
9909312,4,4,0,0,0,4,11
9810283,3,1,2,2,0,3,21
9408354,17,1,16,65,17,0,0
9909394,1,1,0,0,0,1,1
9801225,2,2,0,0,0,2,4
9710525,2,2,0,0,0,2,7
212037,0,0,0,0,0,0,0
9510285,3,2,1,1,0,3,3
9401302,2,1,1,1,1,1,1
7209,3,2,1,1,3,0,0
9411400,2,2,0,0,0,2,3
9509234,2,2,0,0,0,2,2
9810285,0,0,0,0,0,0,0
9605454,8,2,6,13,1,7,15
9908220,6,1,5,9,0,6,29
9008,8,5,3,3,1,7,11
204344,0,0,0,0,0,0,0
9512244,8,6,2,2,0,8,32
9406310,1,1,0,0,0,1,1
207261,5,3,2,3,0,5,16
9705269,4,1,3,3,0,4,17
211264,2,2,0,0,0,2,13
112185,1,1,0,0,0,1,7
6182,3,1,2,2,0,3,10
108246,3,1,2,2,0,3,24
9805507,4,1,3,6,4,0,0
211021,3,1,2,2,0,3,69
9906312,6,2,4,8,0,6,19
103342,5,2,3,6,0,5,21
107068,3,1,2,3,0,3,9
12024,1,1,0,0,1,0,0
206203,2,2,0,0,0,2,5
2226,4,4,0,0,1,3,5
109151,0,0,0,0,0,0,0
9708218,2,1,1,1,0,2,11
108118,4,2,2,3,0,4,8
111166,4,1,3,4,0,4,29
9812238,2,2,0,0,0,2,7
201015,0,0,0,0,0,0,0
107141,10,3,7,22,0,10,48
205039,3,2,1,1,0,3,33
9807392,2,1,1,1,0,2,6
209058,0,0,0,0,0,0,0
210085,3,3,0,0,0,3,21
9909357,3,1,2,3,3,0,0
12187,1,1,0,0,0,1,2
205125,5,3,2,4,0,5,41
9601344,8,4,4,8,8,0,0
1242,1,1,0,0,0,1,1
11069,1,1,0,0,0,1,13
9905223,0,0,0,0,0,0,0
9608212,4,2,2,3,4,0,0
9401326,3,3,0,0,2,1,1
9911442,10,2,8,15,2,8,30
9305337,6,5,1,1,6,0,0
9709480,0,0,0,0,0,0,0
204338,2,2,0,0,1,1,2
9312260,2,2,0,0,2,0,0
11228,2,2,0,0,0,2,4
9906205,9,4,5,15,0,9,28
9812351,3,3,0,0,1,2,2
9705280,2,1,1,1,2,0,0
9708225,0,0,0,0,0,0,0
8008,1,1,0,0,0,1,1
208093,1,1,0,0,0,1,6
9506412,4,1,3,4,4,0,0
8132,4,3,1,2,0,4,13
204190,1,1,0,0,0,1,5
9904288,6,2,4,5,5,1,1
9711386,3,3,0,0,0,3,32
212156,1,1,0,0,0,1,6
9804341,6,4,2,5,6,0,0
9509349,7,3,4,6,7,0,0
107328,0,0,0,0,0,0,0
9412355,4,1,3,4,4,0,0
9810354,2,1,1,1,1,1,1
110345,2,1,1,1,0,2,7
209160,1,1,0,0,0,1,8
7258,12,5,7,14,0,12,170
9507268,5,1,4,8,2,3,3
9702414,7,2,5,10,0,7,15
9905408,1,1,0,0,1,0,0
9211252,4,2,2,2,4,0,0
9610469,0,0,0,0,0,0,0
9401340,4,3,1,1,1,3,3
9712327,2,2,0,0,0,2,4
9011,2,2,0,0,0,2,11
103130,3,2,1,1,0,3,11
9910308,4,2,2,3,3,1,1
10337,3,2,1,1,1,2,2
4258,1,1,0,0,0,1,1
9508361,0,0,0,0,0,0,0
9506288,4,2,2,2,0,4,13
210305,1,1,0,0,0,1,10
9603358,3,1,2,3,3,0,0
9806258,1,1,0,0,0,1,3
9903348,0,0,0,0,0,0,0
9910256,6,1,5,8,1,5,8
9908228,3,2,1,1,0,3,14
204131,1,1,0,0,0,1,3
102173,3,3,0,0,0,3,10
9806334,3,3,0,0,2,1,1
9507290,4,3,1,1,4,0,0
9603354,0,0,0,0,0,0,0
9801421,2,2,0,0,0,2,2
111063,4,3,1,1,2,2,3
9808393,4,2,2,5,0,4,41
9712310,3,2,1,1,0,3,3
9807261,14,4,10,29,4,10,28
2098,4,3,1,1,0,4,6
9807265,1,1,0,0,0,1,16
9906283,4,2,2,3,0,4,8
10215,1,1,0,0,0,1,4
101241,4,1,3,5,0,4,5
9209284,1,1,0,0,1,0,0
9503348,0,0,0,0,0,0,0
1058,5,2,3,3,0,5,19
9907298,3,2,1,1,0,3,6
9403389,5,1,4,7,5,0,0
9401260,0,0,0,0,0,0,0
9804410,4,3,1,1,1,3,7
9604354,0,0,0,0,0,0,0
6277,4,3,1,1,0,4,12
9304228,1,1,0,0,1,0,0
104161,3,1,2,3,0,3,6
103172,2,1,1,1,0,2,6
9608254,1,1,0,0,0,1,3
9910407,6,4,2,2,0,6,33
9909440,3,2,1,2,0,3,21
9412217,4,2,2,2,3,1,1
9610521,1,1,0,0,0,1,2
205153,5,2,3,5,0,5,19
102203,8,1,7,12,0,8,21
9606240,2,1,1,1,2,0,0
208257,1,1,0,0,0,1,5
9901410,0,0,0,0,0,0,0
6215,2,2,0,0,1,1,5
7058,3,3,0,0,0,3,12
9907348,2,1,1,1,2,0,0
203246,0,0,0,0,0,0,0
111171,0,0,0,0,0,0,0
9911358,4,1,3,4,1,3,7
207084,2,2,0,0,2,0,0
6164,0,0,0,0,0,0,0
9606468,15,4,11,29,1,14,23
203213,4,1,3,3,0,4,52
204127,4,1,3,3,0,4,19
208134,2,2,0,0,0,2,20
104289,9,3,6,9,1,8,20
9608258,1,1,0,0,0,1,1
204347,0,0,0,0,0,0,0
111385,0,0,0,0,0,0,0
9907411,2,1,1,1,2,0,0
9710410,2,2,0,0,0,2,6
201135,0,0,0,0,0,0,0
9910512,2,1,1,1,0,2,3
9608319,6,4,2,2,1,5,6
6072,0,0,0,0,0,0,0
111022,3,1,2,2,1,2,4
209083,2,1,1,1,0,2,8
9912333,0,0,0,0,0,0,0
7339,4,4,0,0,0,4,31
9908291,3,2,1,1,0,3,7
9309297,6,2,4,12,6,0,0
9086,11,7,4,6,0,11,48
9907346,0,0,0,0,0,0,0
9707522,0,0,0,0,0,0,0
9504281,2,2,0,0,2,0,0
12094,2,2,0,0,0,2,11
11043,1,1,0,0,0,1,2
105041,8,5,3,3,2,6,45
9907285,1,1,0,0,0,1,7
9808392,1,1,0,0,0,1,4
9401311,10,4,6,9,10,0,0
9409404,2,2,0,0,2,0,0
204322,0,0,0,0,0,0,0
11187,0,0,0,0,0,0,0
9807257,2,2,0,0,0,2,11
203226,0,0,0,0,0,0,0
10149,2,2,0,0,0,2,15
205271,3,2,1,1,0,3,24
105024,0,0,0,0,0,0,0
205176,2,1,1,1,0,2,12
302006,0,0,0,0,0,0,0
9506316,0,0,0,0,0,0,0
109127,6,3,3,3,1,5,12
9712487,1,1,0,0,0,1,1
9412242,4,3,1,1,1,3,10
9407335,2,2,0,0,2,0,0
9503315,1,1,0,0,1,0,0
210016,0,0,0,0,0,0,0
2176,0,0,0,0,0,0,0
9504395,3,1,2,2,0,3,3
210180,1,1,0,0,1,0,0
110304,5,4,1,1,0,5,19
9904312,2,2,0,0,0,2,2
9811342,4,3,1,1,1,3,3
212205,1,1,0,0,0,1,13
9406305,1,1,0,0,0,1,1
9506239,3,3,0,0,1,2,5
9711253,0,0,0,0,0,0,0
104197,2,1,1,1,0,2,8
9907440,0,0,0,0,0,0,0
9809411,4,2,2,3,0,4,10
203200,0,0,0,0,0,0,0
9704409,0,0,0,0,0,0,0
9911326,0,0,0,0,0,0,0
5045,1,1,0,0,0,1,3
201189,4,1,3,3,0,4,46
205328,1,1,0,0,0,1,3
209073,9,6,3,3,0,9,50
12131,1,1,0,0,0,1,6
9412358,1,1,0,0,0,1,4
9804289,0,0,0,0,0,0,0
211025,0,0,0,0,0,0,0
9411265,1,1,0,0,1,0,0
9409379,1,1,0,0,0,1,2
9607313,2,2,0,0,1,1,1
111467,0,0,0,0,0,0,0
204167,1,1,0,0,1,0,0
9811480,2,2,0,0,0,2,2
9809336,1,1,0,0,1,0,0
9808497,2,1,1,1,0,2,34
109168,0,0,0,0,0,0,0
9611441,3,2,1,1,2,1,3
209059,5,4,1,1,0,5,77
207307,1,1,0,0,0,1,1
9910382,1,1,0,0,0,1,1
9504358,3,3,0,0,0,3,7
9811336,2,1,1,1,0,2,2
212136,0,0,0,0,0,0,0
9706424,0,0,0,0,0,0,0
9708307,0,0,0,0,0,0,0
9309245,2,2,0,0,1,1,1
9911441,0,0,0,0,0,0,0
9906392,1,1,0,0,0,1,17
9912298,0,0,0,0,0,0,0
10173,0,0,0,0,0,0,0
9309225,3,2,1,1,3,0,0
9708206,1,1,0,0,1,0,0
103091,1,1,0,0,0,1,8
104213,3,2,1,1,0,3,35
9712378,1,1,0,0,1,0,0
5184,0,0,0,0,0,0,0
9507421,3,1,2,2,2,1,2
112232,2,2,0,0,0,2,3
108025,1,1,0,0,0,1,2
104297,2,2,0,0,2,0,0
9510276,0,0,0,0,0,0,0
9805501,1,1,0,0,1,0,0
9912487,1,1,0,0,1,0,0
212209,0,0,0,0,0,0,0
9905211,3,3,0,0,0,3,7
9303232,1,1,0,0,0,1,1
111458,0,0,0,0,0,0,0
101345,2,1,1,1,0,2,3
211051,0,0,0,0,0,0,0
3132,3,1,2,2,0,3,3
9611418,3,2,1,1,2,1,1
211071,2,2,0,0,0,2,13
9406322,1,1,0,0,0,1,2
110370,1,1,0,0,0,1,5
9904403,1,1,0,0,1,0,0
1053,0,0,0,0,0,0,0
9610434,1,1,0,0,0,1,1
204220,0,0,0,0,0,0,0
9603411,3,2,1,1,0,3,14
202144,3,1,2,3,0,3,12
9408237,1,1,0,0,1,0,0
212263,2,1,1,1,0,2,29
9902300,3,1,2,3,3,0,0
9609244,2,2,0,0,0,2,2
9088,0,0,0,0,0,0,0
204155,2,1,1,1,0,2,13
9812400,1,1,0,0,1,0,0
9904284,2,2,0,0,0,2,11
9711305,2,2,0,0,0,2,10
212117,2,2,0,0,0,2,6
9707253,0,0,0,0,0,0,0
9311338,0,0,0,0,0,0,0
111080,0,0,0,0,0,0,0
9308301,0,0,0,0,0,0,0
103003,2,2,0,0,0,2,4
9906320,1,1,0,0,1,0,0
9910513,1,1,0,0,0,1,1
9709238,1,1,0,0,0,1,4
9505386,2,2,0,0,2,0,0
9910305,4,1,3,5,3,1,1
9512436,4,3,1,2,4,0,0
1065,0,0,0,0,0,0,0
9905418,0,0,0,0,0,0,0
5036,0,0,0,0,0,0,0
11297,1,1,0,0,1,0,0
111231,0,0,0,0,0,0,0
210271,2,2,0,0,2,0,0
9706463,2,1,1,1,0,2,4
9710320,0,0,0,0,0,0,0
112077,0,0,0,0,0,0,0
9212318,0,0,0,0,0,0,0
1193,3,3,0,0,0,3,3
12078,1,1,0,0,0,1,2
9909347,1,1,0,0,0,1,5
211185,0,0,0,0,0,0,0
9712405,0,0,0,0,0,0,0
9604249,0,0,0,0,0,0,0
301156,0,0,0,0,0,0,0
3009,1,1,0,0,0,1,19
9194,0,0,0,0,0,0,0
108015,1,1,0,0,1,0,0
106270,0,0,0,0,0,0,0
3322,2,2,0,0,1,1,6
301194,0,0,0,0,0,0,0
9807485,1,1,0,0,0,1,2
205097,2,1,1,1,0,2,12
9810318,0,0,0,0,0,0,0
206222,0,0,0,0,0,0,0
211168,0,0,0,0,0,0,0
212143,0,0,0,0,0,0,0
9405370,0,0,0,0,0,0,0
206190,2,2,0,0,0,2,4
205200,0,0,0,0,0,0,0
9802301,1,1,0,0,0,1,2
9807271,0,0,0,0,0,0,0
9312344,2,1,1,1,2,0,0
9509382,2,1,1,1,2,0,0
206219,0,0,0,0,0,0,0
9708312,0,0,0,0,0,0,0
9507350,3,1,2,2,0,3,16
8192,1,1,0,0,0,1,12
9804448,1,1,0,0,0,1,1
11312,0,0,0,0,0,0,0
302002,1,1,0,0,0,1,5
2219,0,0,0,0,0,0,0
204297,0,0,0,0,0,0,0
10059,4,1,3,4,1,3,15
9409268,0,0,0,0,0,0,0
207161,1,1,0,0,0,1,2
101149,0,0,0,0,0,0,0
111454,1,1,0,0,0,1,1
9501353,0,0,0,0,0,0,0
201007,1,1,0,0,0,1,1
301233,0,0,0,0,0,0,0
9507324,0,0,0,0,0,0,0
3162,0,0,0,0,0,0,0
207265,0,0,0,0,0,0,0
12228,0,0,0,0,0,0,0
8329,1,1,0,0,1,0,0
9907311,0,0,0,0,0,0,0
9805328,0,0,0,0,0,0,0
9802435,0,0,0,0,0,0,0
9510397,1,1,0,0,1,0,0
9407306,0,0,0,0,0,0,0
103292,3,2,1,1,0,3,19
209260,1,1,0,0,0,1,4
9911398,2,2,0,0,0,2,5
9810276,0,0,0,0,0,0,0
9611332,0,0,0,0,0,0,0
9906334,0,0,0,0,0,0,0
9806245,0,0,0,0,0,0,0
302136,0,0,0,0,0,0,0
9909359,0,0,0,0,0,0,0
9710471,0,0,0,0,0,0,0
9602388,0,0,0,0,0,0,0
9911303,0,0,0,0,0,0,0
102282,1,1,0,0,1,0,0
211066,0,0,0,0,0,0,0
2200,1,1,0,0,0,1,2
9908368,0,0,0,0,0,0,0
9412233,2,2,0,0,2,0,0
105059,1,1,0,0,0,1,6
205138,2,2,0,0,0,2,4
107042,1,1,0,0,1,0,0
108259,2,2,0,0,0,2,3
104204,2,2,0,0,0,2,8
103288,0,0,0,0,0,0,0
8031,0,0,0,0,0,0,0
9322,2,2,0,0,0,2,6
9907543,1,1,0,0,1,0,0
212313,0,0,0,0,0,0,0
212122,0,0,0,0,0,0,0
9809388,1,1,0,0,0,1,1
9307358,0,0,0,0,0,0,0
10021,1,1,0,0,0,1,3
9309295,1,1,0,0,1,0,0
9402267,0,0,0,0,0,0,0
9809350,0,0,0,0,0,0,0
9605380,0,0,0,0,0,0,0
211382,1,1,0,0,0,1,11
101356,0,0,0,0,0,0,0
3008,0,0,0,0,0,0,0
209242,1,1,0,0,0,1,7
212082,0,0,0,0,0,0,0
203011,1,1,0,0,0,1,1
206253,2,2,0,0,0,2,10
9323,0,0,0,0,0,0,0
111220,2,1,1,1,0,2,16
301120,0,0,0,0,0,0,0
9410277,0,0,0,0,0,0,0
210110,1,1,0,0,0,1,2
9811319,0,0,0,0,0,0,0
210361,0,0,0,0,0,0,0
9909311,1,1,0,0,0,1,3
9902330,0,0,0,0,0,0,0
9307377,2,2,0,0,2,0,0
201271,2,2,0,0,0,2,8
9510360,1,1,0,0,0,1,2
9812420,1,1,0,0,1,0,0
9703342,1,1,0,0,0,1,3
9409389,0,0,0,0,0,0,0
302224,0,0,0,0,0,0,0
211346,0,0,0,0,0,0,0
9707314,0,0,0,0,0,0,0
4090,1,1,0,0,0,1,10
9511368,0,0,0,0,0,0,0
206146,0,0,0,0,0,0,0
111264,1,1,0,0,0,1,8
201027,1,1,0,0,0,1,6
201041,0,0,0,0,0,0,0
9811293,1,1,0,0,0,1,2
9811305,1,1,0,0,0,1,1
211343,1,1,0,0,0,1,1
302011,0,0,0,0,0,0,0
102034,0,0,0,0,0,0,0
9405203,0,0,0,0,0,0,0
9604373,0,0,0,0,0,0,0
105284,1,1,0,0,1,0,0
101096,0,0,0,0,0,0,0
212100,0,0,0,0,0,0,0
9604348,0,0,0,0,0,0,0
111275,3,1,2,2,0,3,3
212067,0,0,0,0,0,0,0
204160,1,1,0,0,0,1,3
9711408,1,1,0,0,1,0,0
110118,0,0,0,0,0,0,0
206236,1,1,0,0,0,1,1
211443,0,0,0,0,0,0,0
9607262,0,0,0,0,0,0,0
111422,0,0,0,0,0,0,0
9907287,0,0,0,0,0,0,0
9810395,0,0,0,0,0,0,0
106187,0,0,0,0,0,0,0
212303,0,0,0,0,0,0,0
202085,0,0,0,0,0,0,0
9908468,2,1,1,1,0,2,6
107235,0,0,0,0,0,0,0
9904391,2,2,0,0,0,2,4
207329,1,1,0,0,1,0,0
9705313,0,0,0,0,0,0,0
209298,0,0,0,0,0,0,0
211398,0,0,0,0,0,0,0
210298,1,1,0,0,0,1,6
107096,0,0,0,0,0,0,0
9305301,1,1,0,0,0,1,2
9404260,1,1,0,0,1,0,0
104286,0,0,0,0,0,0,0
9402290,0,0,0,0,0,0,0
212141,0,0,0,0,0,0,0
106281,0,0,0,0,0,0,0
301027,0,0,0,0,0,0,0
9507399,0,0,0,0,0,0,0
104295,0,0,0,0,0,0,0
9002,0,0,0,0,0,0,0
110190,0,0,0,0,0,0,0
212065,0,0,0,0,0,0,0
9601312,0,0,0,0,0,0,0
9506300,0,0,0,0,0,0,0
205189,0,0,0,0,0,0,0
302063,0,0,0,0,0,0,0
112201,0,0,0,0,0,0,0
9811286,1,1,0,0,0,1,2
9207238,2,2,0,0,2,0,0
1127,1,1,0,0,0,1,5
104298,2,2,0,0,2,0,0
1278,0,0,0,0,0,0,0
201218,0,0,0,0,0,0,0
9806370,0,0,0,0,0,0,0
212206,1,1,0,0,0,1,6
206265,0,0,0,0,0,0,0
9603385,0,0,0,0,0,0,0
9604427,0,0,0,0,0,0,0
9503308,0,0,0,0,0,0,0
103006,0,0,0,0,0,0,0
9801247,0,0,0,0,0,0,0
9810444,0,0,0,0,0,0,0
9407340,0,0,0,0,0,0,0
8264,0,0,0,0,0,0,0
8239,0,0,0,0,0,0,0
9903223,0,0,0,0,0,0,0
9609294,0,0,0,0,0,0,0
9701377,0,0,0,0,0,0,0
212177,0,0,0,0,0,0,0
9504249,0,0,0,0,0,0,0
1099,0,0,0,0,0,0,0
112187,0,0,0,0,0,0,0
1014,0,0,0,0,0,0,0
10076,0,0,0,0,0,0,0
9609461,0,0,0,0,0,0,0
203019,0,0,0,0,0,0,0
210294,0,0,0,0,0,0,0
9903316,0,0,0,0,0,0,0
112327,0,0,0,0,0,0,0
9612370,0,0,0,0,0,0,0
201126,0,0,0,0,0,0,0
9708341,0,0,0,0,0,0,0
301006,0,0,0,0,0,0,0
105342,0,0,0,0,0,0,0
108151,0,0,0,0,0,0,0
9905225,0,0,0,0,0,0,0
301182,0,0,0,0,0,0,0
7322,0,0,0,0,0,0,0
9801310,0,0,0,0,0,0,0
5061,0,0,0,0,0,0,0
108203,0,0,0,0,0,0,0
206013,0,0,0,0,0,0,0
111292,0,0,0,0,0,0,0
105313,0,0,0,0,0,0,0
205291,0,0,0,0,0,0,0
9110,0,0,0,0,0,0,0
9912348,0,0,0,0,0,0,0
9303242,0,0,0,0,0,0,0
209312,0,0,0,0,0,0,0
210344,0,0,0,0,0,0,0
212217,0,0,0,0,0,0,0
205079,0,0,0,0,0,0,0
9805290,0,0,0,0,0,0,0
9502410,0,0,0,0,0,0,0
211448,0,0,0,0,0,0,0
12251,0,0,0,0,0,0,0
301044,0,0,0,0,0,0,0
204320,0,0,0,0,0,0,0
210136,0,0,0,0,0,0,0
6008,0,0,0,0,0,0,0
1277,1,1,0,0,1,0,0
208167,0,0,0,0,0,0,0
210082,0,0,0,0,0,0,0
9610282,9,2,7,17,0,9,16
6124,145,8,137,782,7,138,638
9607447,57,4,53,299,8,49,153
9501389,6,3,3,8,1,5,5
9512356,35,6,29,190,0,35,170
9301212,31,11,20,47,2,29,29
9609437,14,4,10,18,1,13,57
9306256,54,12,42,197,51,3,3
9904287,25,8,17,43,4,21,106
9807209,15,5,10,21,3,12,45
9604223,48,7,41,269,14,34,45
9707229,9,2,7,16,0,9,17
9903394,11,3,8,20,4,7,12
7286,10,7,3,5,0,10,79
9409315,20,2,18,45,8,12,29
9803383,2,1,1,1,0,2,9
9203215,8,3,5,7,8,0,0
9610272,31,11,20,47,13,18,30
3170,7,6,1,1,1,6,9
9910301,22,8,14,32,2,20,35
9403398,25,6,19,49,6,19,50
9209204,8,2,6,10,8,0,0
9609432,1,1,0,0,0,1,4
9312223,12,2,10,28,3,9,14
9207245,28,6,22,81,28,0,0
9507238,15,4,11,27,0,15,80
9504342,85,6,79,657,73,12,14
9809508,12,3,9,15,0,12,20
9808333,54,5,49,326,2,52,225
9710516,50,4,46,215,50,0,0
9507376,10,5,5,7,2,8,17
9811379,48,6,42,174,0,48,259
9909415,12,3,9,15,2,10,40
9711311,9,4,5,6,2,7,42
9805343,28,2,26,73,0,28,43
9804421,45,7,38,189,2,43,389
9406351,15,6,9,18,10,5,5
9708366,30,8,22,71,7,23,40
9807360,30,2,28,123,16,14,19
9903203,12,3,9,29,0,12,117
9311312,25,5,20,73,7,18,38
9603378,139,1,138,1269,50,89,96
9807253,6,3,3,6,0,6,29
9807466,7,5,2,2,0,7,20
4151,5,2,3,4,0,5,21
9610419,5,4,1,2,2,3,6
9504314,76,8,68,372,11,65,127
9307301,42,9,33,107,18,24,45
9410283,27,4,23,91,4,23,46
9703347,14,4,10,30,0,14,78
9207219,21,5,16,41,21,0,0
9504326,78,3,75,514,8,70,251
9708356,18,4,14,27,1,17,88
3238,36,10,26,119,0,36,595
9705244,43,2,41,265,8,35,212
7318,12,2,10,36,12,0,0
9602239,94,3,91,803,2,92,213
9701286,59,4,55,334,0,59,393
9708264,10,3,7,7,1,9,66
9206262,31,12,19,47,31,0,0
9610283,34,2,32,129,1,33,61
8255,51,4,47,202,1,50,135
9510378,29,6,23,57,7,22,55
9902482,34,13,21,49,0,34,427
110301,4,3,1,1,0,4,28
9909260,14,5,9,16,1,13,118
9806423,15,4,11,19,1,14,36
9712531,12,2,10,31,0,12,81
9311366,28,2,26,109,22,6,6
9802277,9,7,2,5,0,9,49
9408382,40,5,35,188,40,0,0
9606444,17,3,14,50,4,13,22
9410253,26,5,21,64,26,0,0
9811378,57,1,56,404,0,57,504
9508379,55,4,51,347,9,46,215
9205247,27,1,26,103,27,0,0
9901382,5,4,1,1,1,4,17
9505250,11,3,8,17,11,0,0
9710333,8,3,5,11,2,6,14
9606415,8,3,5,7,0,8,43
9310208,16,3,13,32,16,0,0
9405338,29,7,22,47,21,8,9
9801322,25,2,23,105,5,20,93
9407399,21,7,14,48,12,9,9
9811478,1,1,0,0,0,1,3
9403394,9,7,2,2,1,8,10
9711244,23,2,21,112,4,19,74
9504204,24,6,18,47,0,24,50
9309324,8,3,5,8,8,0,0
9905351,22,3,19,54,0,22,184
9903355,53,5,48,322,2,51,132
9806429,5,3,2,2,0,5,67
9802379,58,2,56,452,1,57,150
9605406,12,5,7,9,0,12,103
9702415,6,3,3,5,0,6,33
9411411,9,2,7,8,2,7,19
9509312,42,7,35,187,2,40,96
101168,2,1,1,1,0,2,8
9509313,43,12,31,96,7,36,84
9808214,4,1,3,4,2,2,8
9403301,42,8,34,116,17,25,49
9409250,42,9,33,150,42,0,0
9906389,3,2,1,1,0,3,32
9508353,13,4,9,20,13,0,0
9403224,67,14,53,179,47,20,22
9705357,36,7,29,119,0,36,225
11002,17,2,15,44,0,17,62
9809397,2,2,0,0,0,2,14
9603327,10,4,6,9,2,8,13
9907512,6,5,1,1,0,6,17
5228,33,4,29,105,1,32,210
9903502,105,3,102,1116,1,104,633
6106,8,6,2,3,0,8,55
9411370,1,1,0,0,0,1,1
9911223,13,2,11,40,0,13,291
10225,3,2,1,1,0,3,12
9807570,12,4,8,21,7,5,5
9203222,12,3,9,14,7,5,5
9310216,9,3,6,9,9,0,0
9702333,20,2,18,58,0,20,47
9311352,2,2,0,0,0,2,2
9205227,12,2,10,23,12,0,0
9909509,39,1,38,147,0,39,217
9704388,7,3,4,7,2,5,10
9603343,12,2,10,21,1,11,37
9607220,12,1,11,18,0,12,51
9707511,9,5,4,5,3,6,19
9606484,8,3,5,6,1,7,7
9703275,9,2,7,18,4,5,6
9812493,1,1,0,0,0,1,1
9610229,44,3,41,304,4,40,106
9901219,14,3,11,17,1,13,36
9809426,12,2,10,27,0,12,31
9303299,15,6,9,25,6,9,9
9607467,2,2,0,0,1,1,1
9611375,17,5,12,24,3,14,33
9602347,12,4,8,28,1,11,88
9605440,8,1,7,13,0,8,24
9911457,58,12,46,233,0,58,309
9810512,31,5,26,103,2,29,215
9502317,30,1,29,101,2,28,64
9810479,58,8,50,250,2,56,289
3038,12,3,9,13,1,11,40
9712532,6,1,5,13,0,6,37
9609428,30,7,23,82,0,30,49
9208238,22,7,15,72,22,0,0
102181,47,3,44,174,2,45,385
9610233,68,4,64,739,1,67,248
102211,11,3,8,42,0,11,21
9906471,6,4,2,2,5,1,1
112013,2,2,0,0,0,2,38
107069,13,3,10,26,0,13,219
103324,14,5,9,16,0,14,172
9512389,7,5,2,3,1,6,18
11306,21,4,17,39,3,18,64
9911248,26,4,22,73,6,20,62
9412336,8,2,6,12,7,1,1
8086,8,1,7,12,1,7,23
101115,4,2,2,3,0,4,26
9307368,9,1,8,20,9,0,0
9208240,10,1,9,25,10,0,0
9901378,5,4,1,1,1,4,8
9608213,14,2,12,26,0,14,43
9601352,8,3,5,9,1,7,17
9905395,20,3,17,80,0,20,513
9905311,62,5,57,338,0,62,627
9607210,29,5,24,98,4,25,32
9908413,14,2,12,23,2,12,59
11056,22,1,21,77,0,22,228
107173,11,2,9,22,0,11,32
110123,4,3,1,1,0,4,17
9606238,15,5,10,22,1,14,47
107057,10,3,7,20,0,10,77
2279,15,1,14,37,0,15,77
9704207,264,14,250,2162,2,262,1072
9512390,5,1,4,5,0,5,10
6114,9,7,2,4,0,9,44
9903538,28,2,26,250,0,28,323
3306,14,9,5,8,0,14,175
9608251,54,5,49,279,45,9,9
9807411,16,2,14,34,0,16,39
9706494,9,2,7,13,0,9,31
4135,0,0,0,0,0,0,0
1128,4,1,3,4,1,3,8
9405385,7,4,3,5,6,1,2
9901404,23,6,17,27,23,0,0
112034,7,3,4,8,0,7,53
10326,6,5,1,1,0,6,69
108024,8,1,7,11,1,7,40
9505339,7,3,4,6,0,7,9
4059,35,3,32,159,0,35,253
9605327,18,1,17,80,0,18,104
9703370,5,1,4,7,0,5,43
9610364,13,5,8,20,0,13,103
9211262,6,1,5,6,6,0,0
9905406,14,4,10,20,0,14,34
9905479,3,2,1,1,1,2,2
9606392,14,3,11,13,2,12,72
9511392,15,7,8,11,5,10,44
9909326,17,8,9,14,0,17,84
9903211,19,1,18,65,0,19,42
9610333,4,3,1,1,0,4,29
9812463,21,8,13,36,1,20,184
9403361,12,7,5,7,12,0,0
9803500,17,3,14,57,14,3,3
9406206,7,2,5,15,3,4,4
9410239,1,1,0,0,1,0,0
9812266,9,5,4,4,0,9,25
105008,16,3,13,26,0,16,191
9911461,7,3,4,10,1,6,27
9808434,9,4,5,9,6,3,3
9608405,4,2,2,2,2,2,5
9603289,44,10,34,130,21,23,49
7218,21,10,11,26,1,20,109
9604230,3,3,0,0,0,3,13
9605330,36,9,27,65,9,27,49
9604210,3,3,0,0,0,3,32
9811247,7,2,5,8,0,7,24
9708482,2,2,0,0,0,2,2
9507339,3,1,2,3,3,0,0
106306,5,2,3,4,4,1,1
9804234,16,3,13,33,4,12,12
9911384,4,4,0,0,0,4,27
9901214,4,2,2,3,2,2,3
9405290,20,2,18,70,13,7,7
9607291,17,4,13,32,3,14,88
9702223,3,2,1,1,0,3,28
9606323,10,3,7,13,0,10,16
9710392,12,5,7,11,1,11,88
9704318,3,1,2,2,0,3,3
9712311,1,1,0,0,1,0,0
9710401,68,7,61,461,1,67,745
9311296,9,5,4,6,6,3,4
9502387,1,1,0,0,0,1,4
9706287,12,5,7,20,0,12,37
9805315,21,3,18,60,0,21,108
9301259,46,6,40,266,46,0,0
9810468,6,5,1,1,2,4,5
9812307,8,2,6,11,3,5,9
104021,7,2,5,11,3,4,4
9312243,6,3,3,5,6,0,0
9907418,6,2,4,7,0,6,10
9410412,9,3,6,7,1,8,27
9802240,4,1,3,5,1,3,45
9809547,20,4,16,41,0,20,126
8205,5,3,2,3,5,0,0
9709249,7,1,6,13,0,7,7
6312,5,2,3,9,1,4,10
9903236,2,1,1,1,0,2,6
9603380,7,2,5,7,7,0,0
9406397,17,5,12,21,1,16,56
9911510,6,3,3,4,1,5,31
9501266,30,4,26,82,21,9,13
9709320,9,4,5,7,0,9,33
106113,6,1,5,9,0,6,13
9910489,3,2,1,1,1,2,4
9911424,6,3,3,3,0,6,24
9710521,48,4,44,214,1,47,252
9702249,7,4,3,5,1,6,16
9512437,9,6,3,4,2,7,15
9411324,8,3,5,12,5,3,4
9904276,12,2,10,31,0,12,74
9812314,1,1,0,0,0,1,4
103224,8,1,7,22,0,8,198
9710214,16,4,12,41,0,16,105
9209238,13,4,9,36,13,0,0
9601287,8,4,4,8,4,4,4
9504225,1,1,0,0,0,1,2
110121,9,1,8,26,0,9,30
9311288,13,1,12,30,1,12,12
9706252,12,1,11,27,0,12,23
205064,4,3,1,1,0,4,24
9609371,2,2,0,0,0,2,4
104262,4,2,2,3,0,4,10
9505330,5,2,3,3,5,0,0
9903509,10,4,6,13,0,10,10
9503353,3,2,1,1,0,3,3
9909372,4,3,1,1,0,4,28
9311298,9,1,8,23,9,0,0
9612321,13,3,10,21,1,12,98
9704412,53,2,51,319,17,36,46
9709408,29,5,24,104,16,13,29
9602246,27,8,19,43,2,25,63
9811420,4,4,0,0,0,4,24
9804352,25,5,20,53,1,24,112
112235,3,2,1,1,1,2,7
9706303,26,2,24,69,0,26,46
12221,16,6,10,24,0,16,106
9511430,35,3,32,133,5,30,74
9702442,0,0,0,0,0,0,0
9708439,13,1,12,66,0,13,96
9911477,3,1,2,2,0,3,3
111114,6,4,2,5,0,6,35
9093,3,3,0,0,0,3,29
8056,20,4,16,35,6,14,25
108195,2,2,0,0,1,1,4
9503390,10,3,7,16,9,1,1
9402315,6,4,2,3,5,1,2
9903273,7,2,5,9,0,7,62
9610533,6,2,4,6,0,6,17
9809360,15,2,13,27,5,10,20
102052,4,3,1,1,1,3,7
202048,7,1,6,8,0,7,109
9409356,8,1,7,13,0,8,15
9907431,9,3,6,13,0,9,45
9501297,23,4,19,72,23,0,0
108170,23,3,20,80,0,23,305
9703273,2,2,0,0,1,1,3
103069,7,3,4,12,0,7,106
9310365,65,1,64,437,11,54,197
9611364,13,4,9,31,0,13,91
9502238,14,6,8,17,6,8,11
9602220,3,3,0,0,0,3,9
9506428,1,1,0,0,1,0,0
9505270,4,3,1,1,1,3,3
9804306,21,1,20,76,2,19,36
9808340,26,6,20,73,0,26,122
9506318,4,3,1,2,4,0,0
2239,6,1,5,11,1,5,35
201036,1,1,0,0,0,1,5
9408219,18,3,15,50,18,0,0
9207222,10,2,8,12,10,0,0
9410269,7,2,5,12,0,7,47
9909305,15,5,10,25,1,14,67
9611359,33,3,30,98,28,5,5
9702311,1,1,0,0,0,1,1
110001,12,2,10,23,0,12,107
109018,12,3,9,26,0,12,110
201225,24,3,21,88,0,24,47
9504218,5,2,3,3,0,5,9
108094,13,8,5,10,0,13,106
103284,6,4,2,3,0,6,78
9702286,6,1,5,10,0,6,17
207231,0,0,0,0,0,0,0
110366,17,6,11,23,0,17,31
9610389,4,2,2,2,4,0,0
9709344,36,10,26,65,24,12,13
205122,3,1,2,2,0,3,39
9709497,1,1,0,0,0,1,4
9504308,0,0,0,0,0,0,0
9503219,18,4,14,34,7,11,20
9312343,10,4,6,18,10,0,0
9902302,5,5,0,0,1,4,11
9407277,7,4,3,6,7,0,0
9711504,14,6,8,15,0,14,75
9605314,5,2,3,5,5,0,0
9312224,9,6,3,4,1,8,22
9912330,13,1,12,28,0,13,125
112191,2,2,0,0,0,2,10
9806361,16,3,13,20,10,6,16
9705471,2,2,0,0,0,2,11
9801355,4,2,2,3,4,0,0
9708311,30,10,20,53,4,26,59
9608274,3,3,0,0,1,2,2
9606247,9,2,7,14,0,9,48
9602345,3,2,1,1,0,3,18
9709291,13,2,11,29,0,13,134
9612336,4,2,2,3,4,0,0
9903371,5,1,4,9,0,5,22
9910278,22,1,21,140,1,21,60
9906215,3,1,2,2,0,3,14
5080,23,3,20,66,0,23,339
9701263,1,1,0,0,0,1,1
9903350,8,8,0,0,1,7,37
9909465,4,3,1,1,0,4,55
9704353,12,3,9,19,0,12,46
9805472,5,2,3,4,0,5,71
209249,0,0,0,0,0,0,0
9303307,9,4,5,11,1,8,15
9308294,3,3,0,0,3,0,0
9204208,4,4,0,0,4,0,0
9809251,5,2,3,4,0,5,19
9905404,12,9,3,3,0,12,37
101034,6,3,3,7,0,6,62
207179,0,0,0,0,0,0,0
9812521,9,5,4,9,7,2,3
9909407,8,5,3,6,6,2,2
9902394,4,3,1,1,0,4,9
9812316,20,4,16,25,2,18,40
9701291,11,3,8,25,1,10,17
9505358,16,2,14,46,2,14,29
203029,5,1,4,5,0,5,7
9708243,6,3,3,5,2,4,9
9601320,10,3,7,12,5,5,14
9705314,4,2,2,2,0,4,32
9611208,5,4,1,1,2,3,7
9901237,1,1,0,0,0,1,3
9710279,6,3,3,4,2,4,11
9810228,1,1,0,0,0,1,1
9612453,23,4,19,42,0,23,130
9707333,5,3,2,2,0,5,15
9806441,18,3,15,56,0,18,54
5208,19,8,11,24,3,16,39
9912388,23,6,17,52,0,23,183
9710400,3,1,2,3,0,3,6
9812383,4,1,3,5,0,4,27
5142,4,2,2,2,1,3,31
9412204,1,1,0,0,0,1,2
9603258,1,1,0,0,0,1,3
103096,5,3,2,3,0,5,25
9702394,15,3,12,28,2,13,35
9309301,2,2,0,0,0,2,5
9701213,5,4,1,1,1,4,12
6257,13,1,12,23,0,13,51
2232,2,2,0,0,1,1,7
205202,0,0,0,0,0,0,0
9409298,0,0,0,0,0,0,0
9507459,0,0,0,0,0,0,0
206076,2,1,1,1,0,2,16
9911362,0,0,0,0,0,0,0
9801234,3,2,1,1,0,3,16
9501316,1,1,0,0,1,0,0
9610427,4,1,3,4,0,4,13
109146,6,1,5,7,0,6,30
9804458,8,5,3,5,0,8,63
9809254,9,5,4,5,0,9,34
9505438,14,3,11,42,7,7,12
110136,3,1,2,3,0,3,32
9703325,1,1,0,0,0,1,1
9708435,4,4,0,0,1,3,3
9911426,0,0,0,0,0,0,0
9912302,3,3,0,0,0,3,26
2102,7,4,3,3,0,7,47
9211231,6,2,4,11,6,0,0
9210213,6,3,3,6,6,0,0
9602422,3,2,1,2,0,3,9
9803372,6,3,3,3,2,4,5
9808407,3,2,1,1,2,1,1
9805304,1,1,0,0,0,1,3
9608338,6,6,0,0,0,6,24
1034,5,3,2,5,2,3,10
9603226,1,1,0,0,0,1,3
9702362,8,4,4,9,0,8,31
112188,3,2,1,1,0,3,17
9609403,3,3,0,0,0,3,14
9407203,7,4,3,4,0,7,13
4190,11,3,8,16,0,11,48
4096,1,1,0,0,0,1,2
9907214,24,11,13,37,0,24,51
106071,10,5,5,6,0,10,71
9401297,7,4,3,5,4,3,4
5197,13,5,8,20,8,5,14
6127,10,2,8,17,2,8,23
9305322,6,2,4,4,6,0,0
9808258,4,4,0,0,0,4,16
104027,4,3,1,1,0,4,32
103124,9,4,5,11,0,9,41
9301231,8,6,2,3,2,6,6
205293,5,3,2,3,0,5,8
202147,4,3,1,1,0,4,12
106326,6,2,4,8,2,4,4
9211221,9,9,0,0,9,0,0
11243,4,2,2,2,0,4,6
9408394,3,1,2,2,0,3,5
9904410,3,3,0,0,0,3,15
211245,5,4,1,1,0,5,12
208035,2,1,1,1,0,2,9
9402251,9,1,8,14,9,0,0
9409204,8,2,6,17,0,8,10
101046,2,2,0,0,0,2,14
109072,8,2,6,8,0,8,59
9502245,7,5,2,2,3,4,5
9609325,4,1,3,5,0,4,9
106248,7,2,5,8,0,7,143
9412353,4,2,2,2,0,4,9
110155,3,2,1,1,0,3,90
9903267,1,1,0,0,0,1,1
9810528,5,4,1,1,1,4,17
9903322,8,3,5,11,0,8,68
9807369,0,0,0,0,0,0,0
9902396,1,1,0,0,0,1,9
9703381,5,4,1,1,0,5,14
9608301,4,4,0,0,4,0,0
208063,2,2,0,0,1,1,8
9808320,20,6,14,59,0,20,98
9606288,0,0,0,0,0,0,0
9407348,4,2,2,2,4,0,0
9310323,2,1,1,1,1,1,1
206009,4,4,0,0,0,4,24
9412231,10,2,8,15,10,0,0
9911254,9,2,7,18,3,6,6
101300,8,3,5,11,0,8,64
10101,3,3,0,0,0,3,11
9402357,1,1,0,0,1,0,0
204070,0,0,0,0,0,0,0
9510228,1,1,0,0,0,1,2
9602304,3,1,2,3,0,3,16
103119,18,6,12,27,0,18,65
10217,8,3,5,8,0,8,36
9612207,3,2,1,1,1,2,2
9911308,3,3,0,0,1,2,2
9712318,9,3,6,8,4,5,5
9906403,5,3,2,2,0,5,18
2144,2,1,1,1,0,2,8
9911373,2,2,0,0,1,1,1
9811214,4,1,3,5,3,1,1
1151,18,3,15,35,4,14,48
105270,2,2,0,0,0,2,7
9710355,4,2,2,2,0,4,26
9904258,10,2,8,20,4,6,18
12254,2,1,1,1,0,2,11
9511358,5,1,4,6,3,2,3
9311324,3,1,2,3,3,0,0
201179,0,0,0,0,0,0,0
104185,2,1,1,1,0,2,2
204092,14,4,10,28,0,14,289
9911471,4,2,2,3,0,4,8
9811212,12,1,11,47,0,12,101
6295,4,1,3,6,0,4,66
9906269,2,2,0,0,0,2,6
9807445,0,0,0,0,0,0,0
4008,12,4,8,22,0,12,85
110069,5,2,3,4,2,3,6
6120,1,1,0,0,0,1,4
7276,4,2,2,3,0,4,40
9510357,7,4,3,5,1,6,6
9404301,2,2,0,0,0,2,2
101110,4,1,3,4,0,4,26
9411442,1,1,0,0,0,1,1
9812203,1,1,0,0,0,1,19
9511286,2,2,0,0,2,0,0
9612290,7,2,5,10,7,0,0
9912395,2,1,1,1,0,2,9
204156,1,1,0,0,0,1,3
201213,1,1,0,0,1,0,0
9502368,6,2,4,5,6,0,0
7033,1,1,0,0,0,1,4
209165,2,1,1,1,0,2,6
9612462,6,1,5,8,0,6,11
211266,4,4,0,0,0,4,55
6200,15,4,11,20,14,1,2
3316,2,2,0,0,0,2,5
112172,4,4,0,0,0,4,39
9807335,9,2,7,11,0,9,32
9805239,3,1,2,3,0,3,8
203110,2,2,0,0,0,2,23
108049,1,1,0,0,0,1,3
110273,1,1,0,0,0,1,9
5245,16,4,12,26,0,16,58
9810429,0,0,0,0,0,0,0
9904201,5,1,4,7,0,5,38
5015,3,1,2,2,2,1,2
9805323,2,1,1,1,0,2,22
110399,2,2,0,0,0,2,6
210027,3,2,1,1,0,3,37
7149,5,5,0,0,5,0,0
9407303,9,3,6,12,8,1,1
104223,0,0,0,0,0,0,0
201159,0,0,0,0,0,0,0
9609383,2,2,0,0,0,2,2
101150,4,2,2,2,0,4,17
9909484,7,2,5,7,0,7,43
9909399,2,1,1,1,0,2,2
12185,0,0,0,0,0,0,0
9219,3,1,2,3,0,3,17
202186,0,0,0,0,0,0,0
9709487,1,1,0,0,1,0,0
9709476,2,2,0,0,1,1,2
9508415,2,2,0,0,1,1,1
9703396,2,1,1,1,0,2,4
9804411,2,1,1,1,2,0,0
9911479,12,4,8,13,0,12,38
9707366,4,4,0,0,0,4,12
9309247,1,1,0,0,1,0,0
204149,3,3,0,0,0,3,14
9411412,1,1,0,0,1,0,0
9404310,1,1,0,0,1,0,0
9506411,4,2,2,3,0,4,11
9706305,0,0,0,0,0,0,0
9811496,2,1,1,1,1,1,2
9712232,6,4,2,2,0,6,12
8338,2,1,1,1,0,2,3
210123,2,2,0,0,0,2,8
9507343,10,1,9,21,10,0,0
102182,1,1,0,0,0,1,4
9808234,3,3,0,0,0,3,3
202256,1,1,0,0,0,1,1
9308342,7,3,4,4,7,0,0
110056,5,2,3,3,1,4,7
9603255,3,1,2,3,3,0,0
9704418,3,1,2,2,1,2,2
212211,0,0,0,0,0,0,0
9504221,4,3,1,1,2,2,3
208154,0,0,0,0,0,0,0
112114,3,1,2,2,0,3,21
210021,4,1,3,4,0,4,44
101128,5,4,1,1,0,5,26
9601370,3,1,2,2,0,3,11
9304248,7,3,4,7,7,0,0
5288,2,1,1,1,0,2,4
9803425,7,1,6,9,7,0,0
9605403,2,2,0,0,2,0,0
9411353,5,2,3,4,5,0,0
9605253,0,0,0,0,0,0,0
9313,3,1,2,2,0,3,8
107171,5,4,1,1,1,4,16
9903209,7,3,4,6,4,3,3
9306203,3,3,0,0,3,0,0
1148,1,1,0,0,1,0,0
9401296,1,1,0,0,1,0,0
9701356,1,1,0,0,0,1,4
112274,13,5,8,14,0,13,90
9605315,10,2,8,14,2,8,8
9906212,3,2,1,1,0,3,26
9802232,2,2,0,0,0,2,4
9905410,5,1,4,7,2,3,3
101009,4,3,1,1,2,2,6
10172,2,2,0,0,1,1,2
108150,2,1,1,1,0,2,20
9608315,1,1,0,0,0,1,3
9512216,3,1,2,3,0,3,11
103193,0,0,0,0,0,0,0
9803501,3,1,2,3,0,3,6
9904317,3,2,1,1,3,0,0
9311319,5,3,2,6,5,0,0
9911351,0,0,0,0,0,0,0
9605381,1,1,0,0,1,0,0
9210206,7,3,4,6,7,0,0
7037,2,1,1,1,0,2,2
9401227,2,2,0,0,2,0,0
8217,6,3,3,3,3,3,4
9711449,1,1,0,0,1,0,0
9301293,3,2,1,1,3,0,0
9301252,2,1,1,1,0,2,2
10347,1,1,0,0,0,1,2
9910280,1,1,0,0,0,1,4
9609314,8,2,6,12,5,3,3
9808354,1,1,0,0,0,1,4
9711336,0,0,0,0,0,0,0
9308209,1,1,0,0,0,1,3
5167,4,1,3,3,0,4,73
9503331,1,1,0,0,0,1,1
102057,0,0,0,0,0,0,0
10218,1,1,0,0,0,1,1
102142,0,0,0,0,0,0,0
9912465,1,1,0,0,0,1,3
7333,5,3,2,2,0,5,26
9601268,5,4,1,1,4,1,1
10269,0,0,0,0,0,0,0
205233,3,1,2,2,0,3,20
9906285,0,0,0,0,0,0,0
9710261,2,2,0,0,2,0,0
211063,1,1,0,0,0,1,7
9809288,1,1,0,0,0,1,2
8327,1,1,0,0,0,1,6
9504433,3,2,1,1,2,1,1
301128,0,0,0,0,0,0,0
3131,6,1,5,10,0,6,43
9809300,5,1,4,7,1,4,6
206075,0,0,0,0,0,0,0
9812470,1,1,0,0,1,0,0
9704315,0,0,0,0,0,0,0
9607411,9,1,8,19,0,9,9
204361,2,2,0,0,0,2,40
104261,8,2,6,17,1,7,28
9807407,5,4,1,1,1,4,4
8136,4,2,2,3,0,4,6
204185,4,1,3,4,0,4,13
102261,3,2,1,1,3,0,0
7195,1,1,0,0,0,1,2
9403343,2,1,1,1,0,2,2
9501329,3,2,1,1,3,0,0
111100,2,2,0,0,0,2,3
9706295,1,1,0,0,1,0,0
9303250,2,1,1,1,2,0,0
9812430,2,2,0,0,0,2,11
205085,10,4,6,11,0,10,122
11195,5,1,4,4,4,1,1
9708287,4,3,1,1,2,2,5
111337,1,1,0,0,0,1,5
9505294,1,1,0,0,1,0,0
9903287,3,1,2,3,0,3,14
101179,2,2,0,0,0,2,2
204039,1,1,0,0,0,1,2
9702406,2,2,0,0,0,2,5
207007,1,1,0,0,0,1,2
205062,0,0,0,0,0,0,0
9903376,4,1,3,3,0,4,11
9809318,0,0,0,0,0,0,0
9806536,2,2,0,0,0,2,4
9901451,2,2,0,0,0,2,8
9806337,4,3,1,2,1,3,7
9810355,3,3,0,0,3,0,0
1329,2,2,0,0,0,2,3
3135,3,1,2,2,0,3,11
9509214,2,1,1,1,0,2,6
9405416,2,2,0,0,1,1,1
103257,1,1,0,0,0,1,1
9911446,3,2,1,1,0,3,17
9116,4,4,0,0,0,4,15
209252,1,1,0,0,0,1,14
101280,3,3,0,0,2,1,3
9411213,1,1,0,0,0,1,3
205344,2,2,0,0,0,2,6
9811231,0,0,0,0,0,0,0
9712452,3,1,2,2,0,3,15
9303314,2,2,0,0,2,0,0
9405287,5,3,2,2,5,0,0
110323,4,1,3,5,0,4,8
9907376,1,1,0,0,1,0,0
9705412,2,2,0,0,0,2,8
211171,1,1,0,0,1,0,0
204181,5,5,0,0,0,5,30
9609241,1,1,0,0,0,1,3
9910496,2,1,1,1,0,2,17
205329,6,3,3,5,0,6,48
7212,2,1,1,1,0,2,5
106226,0,0,0,0,0,0,0
107294,4,3,1,3,4,0,0
211256,1,1,0,0,0,1,2
4264,1,1,0,0,0,1,8
9812492,1,1,0,0,1,0,0
5295,2,1,1,1,0,2,21
9712509,0,0,0,0,0,0,0
9902397,7,3,4,4,2,5,12
2109,2,2,0,0,0,2,4
9608282,0,0,0,0,0,0,0
109104,0,0,0,0,0,0,0
12211,1,1,0,0,0,1,2
9901340,4,2,2,5,4,0,0
6297,0,0,0,0,0,0,0
107181,2,2,0,0,0,2,4
106070,0,0,0,0,0,0,0
206001,0,0,0,0,0,0,0
211438,2,2,0,0,0,2,5
11157,0,0,0,0,0,0,0
107324,0,0,0,0,0,0,0
9401225,2,2,0,0,2,0,0
9807541,3,1,2,2,3,0,0
9905429,5,4,1,1,5,0,0
9407257,0,0,0,0,0,0,0
6255,2,1,1,1,0,2,4
9705241,4,2,2,3,1,3,6
211101,1,1,0,0,0,1,8
203177,2,1,1,1,0,2,12
9507229,0,0,0,0,0,0,0
111009,0,0,0,0,0,0,0
9610258,0,0,0,0,0,0,0
211461,1,1,0,0,0,1,4
205042,0,0,0,0,0,0,0
9405372,1,1,0,0,1,0,0
9512232,1,1,0,0,0,1,3
110380,0,0,0,0,0,0,0
9812232,8,4,4,5,0,8,35
203096,0,0,0,0,0,0,0
101056,0,0,0,0,0,0,0
9610539,0,0,0,0,0,0,0
9809219,0,0,0,0,0,0,0
103329,1,1,0,0,0,1,9
110398,0,0,0,0,0,0,0
9403211,0,0,0,0,0,0,0
12207,0,0,0,0,0,0,0
9901211,1,1,0,0,0,1,2
205121,2,2,0,0,0,2,5
106022,3,2,1,1,0,3,7
3039,3,2,1,1,3,0,0
9308233,1,1,0,0,0,1,1
112218,1,1,0,0,1,0,0
112100,0,0,0,0,0,0,0
207156,4,2,2,2,0,4,20
9706205,0,0,0,0,0,0,0
9306284,2,2,0,0,0,2,2
9809328,2,1,1,1,0,2,6
102300,1,1,0,0,0,1,2
202017,1,1,0,0,0,1,1
6181,4,3,1,1,0,4,9
9907227,1,1,0,0,0,1,3
105233,7,4,3,3,0,7,91
9409230,1,1,0,0,0,1,1
206220,0,0,0,0,0,0,0
101314,0,0,0,0,0,0,0
9806333,0,0,0,0,0,0,0
109169,0,0,0,0,0,0,0
9409205,0,0,0,0,0,0,0
211288,0,0,0,0,0,0,0
9508222,0,0,0,0,0,0,0
9812401,0,0,0,0,0,0,0
206276,1,1,0,0,0,1,7
9509388,1,1,0,0,1,0,0
9601270,2,1,1,1,2,0,0
9911437,0,0,0,0,0,0,0
209322,1,1,0,0,0,1,1
112237,0,0,0,0,0,0,0
9037,3,1,2,2,0,3,14
9256,0,0,0,0,0,0,0
207022,1,1,0,0,0,1,2
9911376,2,1,1,1,1,1,2
9511293,2,1,1,1,2,0,0
9712536,0,0,0,0,0,0,0
9603252,2,1,1,1,0,2,2
7131,3,3,0,0,1,2,7
9709204,0,0,0,0,0,0,0
9511425,0,0,0,0,0,0,0
9512416,0,0,0,0,0,0,0
108184,0,0,0,0,0,0,0
204055,1,1,0,0,0,1,2
9505444,1,1,0,0,1,0,0
9804210,4,2,2,2,0,4,32
9811425,3,3,0,0,3,0,0
4195,2,2,0,0,0,2,2
106254,0,0,0,0,0,0,0
6074,2,2,0,0,1,1,1
301095,1,1,0,0,0,1,5
207198,0,0,0,0,0,0,0
9506216,1,1,0,0,1,0,0
11220,3,1,2,3,0,3,7
301122,0,0,0,0,0,0,0
108006,0,0,0,0,0,0,0
9507308,1,1,0,0,0,1,1
9509401,2,1,1,1,2,0,0
210321,1,1,0,0,1,0,0
105265,0,0,0,0,0,0,0
9205207,1,1,0,0,1,0,0
203028,4,2,2,5,0,4,16
9808496,2,1,1,1,0,2,26
9905288,1,1,0,0,1,0,0
9609450,0,0,0,0,0,0,0
101137,0,0,0,0,0,0,0
3005,3,2,1,1,1,2,4
101282,0,0,0,0,0,0,0
9910531,2,2,0,0,1,1,2
204283,4,2,2,4,0,4,31
210281,0,0,0,0,0,0,0
9601328,0,0,0,0,0,0,0
203114,1,1,0,0,0,1,44
209262,4,1,3,5,0,4,24
9312286,1,1,0,0,1,0,0
111391,0,0,0,0,0,0,0
3110,2,1,1,1,2,0,0
211386,1,1,0,0,0,1,7
5233,0,0,0,0,0,0,0
9604314,3,2,1,1,3,0,0
9705298,3,2,1,1,1,2,3
205078,1,1,0,0,0,1,2
9504240,0,0,0,0,0,0,0
9510371,0,0,0,0,0,0,0
9503409,0,0,0,0,0,0,0
9812402,1,1,0,0,0,1,1
7022,1,1,0,0,0,1,3
302187,0,0,0,0,0,0,0
9503325,0,0,0,0,0,0,0
210049,0,0,0,0,0,0,0
103245,3,2,1,1,0,3,25
301037,0,0,0,0,0,0,0
207239,1,1,0,0,0,1,1
10167,1,1,0,0,0,1,3
12269,0,0,0,0,0,0,0
212131,1,1,0,0,0,1,5
101159,1,1,0,0,0,1,10
110011,1,1,0,0,0,1,2
9811322,0,0,0,0,0,0,0
1155,0,0,0,0,0,0,0
112331,1,1,0,0,0,1,3
9607420,1,1,0,0,0,1,1
211164,0,0,0,0,0,0,0
9153,0,0,0,0,0,0,0
9903281,0,0,0,0,0,0,0
9710505,1,1,0,0,0,1,2
112229,1,1,0,0,0,1,4
3137,0,0,0,0,0,0,0
103247,0,0,0,0,0,0,0
9709359,0,0,0,0,0,0,0
9809334,0,0,0,0,0,0,0
9901398,0,0,0,0,0,0,0
9705342,0,0,0,0,0,0,0
107195,0,0,0,0,0,0,0
9907367,0,0,0,0,0,0,0
102333,1,1,0,0,1,0,0
109284,0,0,0,0,0,0,0
9803294,0,0,0,0,0,0,0
107177,2,2,0,0,0,2,2
9510459,0,0,0,0,0,0,0
9711389,1,1,0,0,1,0,0
9406333,0,0,0,0,0,0,0
9712448,2,1,1,1,1,1,3
108230,0,0,0,0,0,0,0
9608427,0,0,0,0,0,0,0
9503343,0,0,0,0,0,0,0
9508224,0,0,0,0,0,0,0
302095,0,0,0,0,0,0,0
4126,1,1,0,0,0,1,2
9802322,3,1,2,2,3,0,0
9608455,0,0,0,0,0,0,0
9907535,1,1,0,0,0,1,1
301054,0,0,0,0,0,0,0
210378,0,0,0,0,0,0,0
6149,0,0,0,0,0,0,0
9404314,0,0,0,0,0,0,0
110025,1,1,0,0,0,1,5
9306291,3,3,0,0,3,0,0
210072,0,0,0,0,0,0,0
9407278,1,1,0,0,1,0,0
12315,1,1,0,0,0,1,1
206312,1,1,0,0,0,1,1
9907230,0,0,0,0,0,0,0
211360,1,1,0,0,0,1,11
111301,1,1,0,0,0,1,4
209292,0,0,0,0,0,0,0
207345,3,2,1,1,0,3,17
9607308,0,0,0,0,0,0,0
9709217,0,0,0,0,0,0,0
5111,0,0,0,0,0,0,0
302030,0,0,0,0,0,0,0
208152,3,2,1,1,0,3,21
211345,2,2,0,0,2,0,0
212225,2,1,1,1,0,2,9
101265,1,1,0,0,0,1,4
9811213,1,1,0,0,0,1,4
209079,1,1,0,0,0,1,7
9906382,1,1,0,0,0,1,3
9910326,2,1,1,1,2,0,0
11001,0,0,0,0,0,0,0
9407361,0,0,0,0,0,0,0
9412316,0,0,0,0,0,0,0
9910337,0,0,0,0,0,0,0
9806422,0,0,0,0,0,0,0
107258,0,0,0,0,0,0,0
207169,1,1,0,0,0,1,6
212120,0,0,0,0,0,0,0
109185,0,0,0,0,0,0,0
9811499,1,1,0,0,0,1,4
10333,0,0,0,0,0,0,0
8118,1,1,0,0,0,1,1
302080,0,0,0,0,0,0,0
9511451,0,0,0,0,0,0,0
101044,1,1,0,0,0,1,3
12064,0,0,0,0,0,0,0
101238,0,0,0,0,0,0,0
204252,0,0,0,0,0,0,0
9910564,0,0,0,0,0,0,0
9811332,1,1,0,0,1,0,0
210350,0,0,0,0,0,0,0
301275,0,0,0,0,0,0,0
9904462,0,0,0,0,0,0,0
301254,0,0,0,0,0,0,0
211086,0,0,0,0,0,0,0
301197,0,0,0,0,0,0,0
112290,1,1,0,0,0,1,2
209335,0,0,0,0,0,0,0
207342,1,1,0,0,0,1,1
9803474,0,0,0,0,0,0,0
301073,1,1,0,0,0,1,13
9503490,0,0,0,0,0,0,0
206244,0,0,0,0,0,0,0
112315,0,0,0,0,0,0,0
110401,0,0,0,0,0,0,0
9503379,0,0,0,0,0,0,0
201181,0,0,0,0,0,0,0
9907212,0,0,0,0,0,0,0
9407305,0,0,0,0,0,0,0
101270,0,0,0,0,0,0,0
9703237,4,1,3,4,4,0,0
9909280,1,1,0,0,0,1,5
302114,0,0,0,0,0,0,0
9909565,0,0,0,0,0,0,0
12322,0,0,0,0,0,0,0
109022,0,0,0,0,0,0,0
9602401,0,0,0,0,0,0,0
302061,0,0,0,0,0,0,0
209113,0,0,0,0,0,0,0
107246,0,0,0,0,0,0,0
202044,0,0,0,0,0,0,0
6258,1,1,0,0,1,0,0
205145,0,0,0,0,0,0,0
107090,0,0,0,0,0,0,0
206147,0,0,0,0,0,0,0
9712375,2,1,1,1,2,0,0
9312354,0,0,0,0,0,0,0
9408327,0,0,0,0,0,0,0
6144,0,0,0,0,0,0,0
9604409,0,0,0,0,0,0,0
210388,1,1,0,0,0,1,2
2015,0,0,0,0,0,0,0
108229,0,0,0,0,0,0,0
9307332,0,0,0,0,0,0,0
9807372,0,0,0,0,0,0,0
302226,0,0,0,0,0,0,0
110048,0,0,0,0,0,0,0
301021,0,0,0,0,0,0,0
209206,0,0,0,0,0,0,0
9608202,0,0,0,0,0,0,0
9802243,0,0,0,0,0,0,0
12139,0,0,0,0,0,0,0
302270,0,0,0,0,0,0,0
208021,0,0,0,0,0,0,0
106224,0,0,0,0,0,0,0
9810413,0,0,0,0,0,0,0
106036,0,0,0,0,0,0,0
9911501,0,0,0,0,0,0,0
9604322,0,0,0,0,0,0,0
9503302,0,0,0,0,0,0,0
301096,0,0,0,0,0,0,0
9708385,0,0,0,0,0,0,0
9708462,0,0,0,0,0,0,0
9908503,0,0,0,0,0,0,0
110006,2,1,1,1,0,2,5
9712206,0,0,0,0,0,0,0
9604428,0,0,0,0,0,0,0
101117,0,0,0,0,0,0,0
9507295,0,0,0,0,0,0,0
302218,0,0,0,0,0,0,0
9707528,1,1,0,0,1,0,0
211102,0,0,0,0,0,0,0
6140,0,0,0,0,0,0,0
12171,0,0,0,0,0,0,0
3288,0,0,0,0,0,0,0
110009,0,0,0,0,0,0,0
9710419,1,1,0,0,0,1,1
212380,0,0,0,0,0,0,0
202165,0,0,0,0,0,0,0
111065,0,0,0,0,0,0,0
204302,0,0,0,0,0,0,0
212029,1,1,0,0,1,0,0
4026,0,0,0,0,0,0,0
12248,0,0,0,0,0,0,0
203020,0,0,0,0,0,0,0
207190,0,0,0,0,0,0,0
9509425,0,0,0,0,0,0,0
9211265,1,1,0,0,1,0,0
9909289,0,0,0,0,0,0,0
112307,0,0,0,0,0,0,0
9910529,0,0,0,0,0,0,0
9401222,0,0,0,0,0,0,0
210315,0,0,0,0,0,0,0
9811324,0,0,0,0,0,0,0
6330,0,0,0,0,0,0,0
201276,0,0,0,0,0,0,0
9702259,0,0,0,0,0,0,0
208028,0,0,0,0,0,0,0
9812295,0,0,0,0,0,0,0
9807436,0,0,0,0,0,0,0
209123,0,0,0,0,0,0,0
109273,0,0,0,0,0,0,0
9309207,0,0,0,0,0,0,0
9906314,0,0,0,0,0,0,0
212285,0,0,0,0,0,0,0
301238,0,0,0,0,0,0,0
208150,0,0,0,0,0,0,0
9908234,0,0,0,0,0,0,0
201312,0,0,0,0,0,0,0
9711420,0,0,0,0,0,0,0
9608484,0,0,0,0,0,0,0
9708236,0,0,0,0,0,0,0
112133,3,3,0,0,0,3,11
6225,13,6,7,13,0,13,78
9703353,93,4,89,660,29,64,228
9507262,42,1,41,209,20,22,28
9604240,6,3,3,7,6,0,0
9304219,3,1,2,2,3,0,0
9304240,87,19,68,260,87,0,0
9401243,2,2,0,0,2,0,0
9906218,25,1,24,96,1,24,104
9906208,2,1,1,1,0,2,4
9605345,29,7,22,94,3,26,55
9708357,20,7,13,35,4,16,27
9906268,13,3,10,30,1,12,50
11112,7,2,5,6,0,7,36
9410233,10,5,5,9,0,10,44
9805254,47,6,41,163,0,47,188
9207258,8,3,5,10,8,0,0
9612362,37,3,34,111,9,28,98
3246,61,10,51,245,0,61,455
9912236,48,3,45,260,2,46,385
9502284,12,2,10,29,5,7,7
9301295,16,3,13,25,9,7,7
9610457,1,1,0,0,1,0,0
9312323,21,10,11,14,21,0,0
9306293,6,2,4,8,3,3,3
9508322,5,2,3,6,0,5,23
9505359,79,8,71,438,70,9,9
9810505,17,5,12,23,0,17,78
9811299,15,5,10,31,9,6,23
9805266,11,3,8,11,4,7,10
9509351,41,3,38,229,6,35,153
9811447,62,5,57,276,9,53,244
9910314,25,5,20,52,0,25,193
9711400,22,4,18,74,4,18,139
9806218,24,6,18,40,1,23,47
9805281,26,5,21,43,5,21,47
9808284,5,2,3,6,2,3,3
9709473,30,9,21,46,8,22,62
9807475,3,2,1,1,1,2,8
9903499,12,2,10,29,0,12,31
9711476,3,2,1,1,2,1,2
9604444,21,2,19,74,0,21,84
9204205,28,3,25,96,28,0,0
9809381,14,2,12,25,0,14,38
12313,17,4,13,32,2,15,73
9704238,4,2,2,3,0,4,7
9506328,49,3,46,172,3,46,123
9908451,6,3,3,5,0,6,65
9502315,16,3,13,24,15,1,1
9703427,52,3,49,308,3,49,267
9308238,4,3,1,1,2,2,2
9504327,122,4,118,1116,7,115,413
9711262,73,3,70,726,3,70,383
9610252,40,3,37,152,15,25,44
9708395,20,7,13,40,4,16,23
8023,20,3,17,75,10,10,10
9603238,90,4,86,690,10,80,102
9701341,40,2,38,188,0,40,413
9708377,19,5,14,40,0,19,299
9301273,13,6,7,13,13,0,0
9803457,57,3,54,226,0,57,444
11124,7,2,5,7,1,6,23
9511454,65,4,61,289,3,62,473
9912372,7,4,3,4,1,6,19
110411,6,5,1,1,0,6,51
102310,4,1,3,6,0,4,46
9908404,12,5,7,11,1,11,49
9809302,1,1,0,0,0,1,20
9401219,110,7,103,1058,68,42,42
9811273,25,7,18,48,0,25,160
9501276,23,4,19,71,23,0,0
9304302,15,3,12,38,15,0,0
9711248,24,7,17,45,1,23,56
9903294,64,3,61,608,0,64,673
9603208,99,6,93,630,11,88,834
9208205,19,3,16,37,4,15,15
9904389,17,7,10,18,1,16,61
9507293,6,4,2,2,6,0,0
9803322,5,2,3,4,0,5,5
9312276,28,3,25,125,9,19,25
9701294,54,4,50,439,23,31,36
9512329,41,11,30,120,17,24,34
9802290,159,11,148,1120,71,88,292
9602363,43,13,30,94,17,26,44
9912292,1,1,0,0,0,1,1
9604347,8,5,3,5,4,4,4
9811492,22,4,18,60,6,16,86
9506208,22,8,14,40,8,14,42
9605334,3,2,1,1,1,2,6
9209268,102,10,92,781,92,10,10
9411323,20,6,14,32,2,18,96
9810259,8,2,6,9,1,7,26
9503209,34,2,32,182,34,0,0
9610471,12,6,6,11,0,12,90
9409412,10,8,2,3,5,5,11
9608206,9,3,6,9,1,8,14
9607404,36,6,30,134,4,32,88
102020,4,1,3,5,1,3,7
9708412,14,1,13,33,5,9,12
9811401,2,2,0,0,0,2,6
9406276,6,5,1,1,2,4,4
9504256,17,6,11,15,9,8,16
9907545,17,4,13,37,0,17,133
9601214,1,1,0,0,0,1,1
9304315,17,4,13,31,17,0,0
9711360,29,7,22,58,2,27,138
9611213,18,3,15,56,14,4,4
9810319,20,1,19,71,0,20,32
9605269,2,1,1,1,0,2,4
9308229,8,2,6,16,5,3,3
6034,22,3,19,91,0,22,264
9903503,81,4,77,812,0,81,406
9912409,44,5,39,176,0,44,561
9502311,4,2,2,3,1,3,17
9912419,5,3,2,3,0,5,27
12013,6,1,5,8,0,6,44
207275,0,0,0,0,0,0,0
9204237,12,2,10,28,12,0,0
9311287,2,2,0,0,0,2,4
9702359,39,6,33,124,0,39,151
9510220,31,5,26,118,23,8,8
9511350,13,6,7,13,1,12,19
9602260,51,7,44,194,13,38,66
9705386,12,3,9,21,8,4,7
9607241,13,3,10,22,1,12,48
9607234,7,2,5,6,0,7,28
9510324,3,2,1,1,1,2,7
9607319,25,3,22,78,0,25,73
9704331,9,1,8,26,9,0,0
1226,4,3,1,1,1,3,14
9706242,33,2,31,188,0,33,95
9901350,46,4,42,175,6,40,205
9209236,18,3,15,57,18,0,0
9308251,2,1,1,1,0,2,4
9811331,1,1,0,0,0,1,1
9701425,12,4,8,12,0,12,26
9603291,6,3,3,7,3,3,5
9405233,32,5,27,47,17,15,16
9511363,62,11,51,220,26,36,49
9902399,18,3,15,81,18,0,0
9505304,21,4,17,46,5,16,16
9904219,26,1,25,123,0,26,87
3163,16,3,13,50,4,12,41
9804213,1,1,0,0,0,1,2
9511335,59,15,44,138,26,33,50
9208248,38,6,32,137,38,0,0
102204,90,5,85,942,1,89,279
9811489,18,2,16,42,3,15,73
102222,19,3,16,101,0,19,137
9907475,21,3,18,47,1,20,101
1309,17,5,12,31,2,15,95
108192,13,4,9,19,0,13,129
9707336,4,1,3,4,1,3,5
9611217,12,5,7,17,2,10,68
102234,60,1,59,319,26,34,48
104085,3,2,1,1,3,0,0
9605379,10,2,8,15,10,0,0
9288,8,3,5,9,1,7,28
1268,53,5,48,333,0,53,184
9403347,17,8,9,20,6,11,13
9302228,9,3,6,14,9,0,0
9908432,6,4,2,2,1,5,37
9610267,15,3,12,27,0,15,58
9605285,6,3,3,5,6,0,0
9809217,69,4,65,577,3,66,137
9905415,44,2,42,218,0,44,418
9704372,5,4,1,1,5,0,0
9908454,9,2,7,9,0,9,76
11094,41,1,40,262,0,41,629
111255,7,1,6,12,0,7,32
111160,7,1,6,11,0,7,125
9808242,13,5,8,20,2,11,59
107287,3,2,1,1,0,3,17
3129,60,7,53,217,1,59,328
9705264,38,3,35,151,0,38,94
9512428,14,1,13,30,14,0,0
10141,4,1,3,6,0,4,15
9906400,15,4,11,44,0,15,322
8158,7,3,4,6,0,7,91
9904283,27,3,24,71,1,26,141
9608441,21,2,19,56,0,21,56
108104,13,5,8,12,2,11,21
9304226,1,1,0,0,1,0,0
4083,9,3,6,11,3,6,20
9408282,5,2,3,5,5,0,0
9903554,36,8,28,98,26,10,19
9904249,14,1,13,34,0,14,96
110278,7,5,2,3,0,7,72
109088,4,3,1,1,0,4,15
8147,6,4,2,2,0,6,24
5209,10,3,7,18,2,8,35
9608261,6,3,3,8,0,6,8
9703429,38,9,29,88,0,38,366
9612408,14,6,8,16,0,14,111
9608294,12,2,10,19,0,12,43
9810235,7,4,3,5,0,7,58
5004,6,3,3,5,2,4,16
9701418,12,3,9,20,0,12,32
9512336,147,10,137,1036,27,120,616
103058,15,2,13,39,0,15,83
6223,6,4,2,3,1,5,35
9711401,6,4,2,3,0,6,19
9903435,31,3,28,114,0,31,186
9410327,5,3,2,2,2,3,3
9912326,12,4,8,31,12,0,0
9409427,7,2,5,12,1,6,12
9503221,10,6,4,8,10,0,0
9501213,32,5,27,134,19,13,25
107209,2,2,0,0,0,2,15
9505442,4,1,3,4,1,3,5
9809456,4,3,1,2,4,0,0
9608374,6,5,1,1,0,6,13
9710270,66,4,62,450,2,64,311
7248,20,3,17,32,4,16,32
9607254,50,15,35,101,5,45,238
9607442,8,2,6,9,1,7,24
9604264,9,2,7,9,2,7,23
9902280,8,4,4,9,0,8,63
9602241,2,1,1,1,2,0,0
9511398,4,2,2,2,4,0,0
202105,19,7,12,24,4,15,67
9808479,16,5,11,19,0,16,81
9501231,48,8,40,210,18,30,48
9208209,6,2,4,6,6,0,0
9410292,4,1,3,4,0,4,7
9608310,13,3,10,19,6,7,49
9703328,3,1,2,2,0,3,14
9706438,37,2,35,128,1,36,195
9711406,11,1,10,32,0,11,88
9707393,22,8,14,46,5,17,37
9602407,13,5,8,11,7,6,6
9605266,49,1,48,353,2,47,184
9311346,13,8,5,7,2,11,21
9503296,24,6,18,62,1,23,66
9406369,11,3,8,28,0,11,57
9806368,29,6,23,84,0,29,164
9604301,28,6,22,91,5,23,92
9901401,4,3,1,3,1,3,12
9905327,1,1,0,0,0,1,3
105204,13,4,9,27,0,13,53
9403252,21,6,15,46,21,0,0
9907515,7,1,6,9,1,6,6
9502296,5,4,1,1,1,4,13
9803357,27,7,20,66,0,27,333
9810361,9,3,6,9,0,9,55
108217,12,2,10,26,12,0,0
9710236,10,2,8,22,1,9,15
7018,4,1,3,6,0,4,14
9211250,13,4,9,22,13,0,0
9604302,10,3,7,10,0,10,35
9805215,13,1,12,29,1,12,25
9912494,5,3,2,4,0,5,47
9501284,8,2,6,12,5,3,3
9805264,15,5,10,17,2,13,88
106195,14,3,11,38,0,14,98
9803268,3,2,1,1,0,3,6
9307238,5,1,4,5,5,0,0
9803306,28,2,26,99,0,28,114
9702441,5,2,3,8,0,5,12
9405298,13,4,9,15,13,0,0
9411333,9,3,6,15,9,0,0
9904448,13,3,10,50,0,13,54
2287,36,4,32,169,0,36,276
102308,13,3,10,25,0,13,69
9805389,51,11,40,179,1,50,263
9301280,11,3,8,24,11,0,0
9601294,10,5,5,8,2,8,21
9508275,34,1,33,217,20,14,14
204225,7,3,4,9,0,7,41
9508397,10,1,9,20,2,8,26
9706436,6,1,5,6,0,6,6
9911281,0,0,0,0,0,0,0
9701353,19,4,15,34,1,18,18
9504333,35,6,29,139,27,8,10
9607378,11,1,10,15,6,5,5
9912380,21,5,16,40,2,19,60
9601224,6,4,2,2,1,5,10
9911521,1,1,0,0,0,1,6
9401332,9,1,8,23,1,8,8
9607273,3,1,2,3,0,3,19
9705251,53,2,51,316,3,50,77
9802448,3,2,1,1,0,3,4
9605356,10,5,5,9,6,4,8
7295,0,0,0,0,0,0,0
9805436,6,1,5,7,0,6,34
9311256,7,2,5,8,6,1,1
9709243,26,7,19,55,1,25,70
9505434,6,3,3,4,6,0,0
9705254,23,5,18,53,2,21,113
9503448,1,1,0,0,1,0,0
9801268,38,2,36,224,4,34,161
9911447,4,3,1,1,1,3,22
204146,7,3,4,5,0,7,43
9808204,6,1,5,14,6,0,0
11387,21,3,18,89,0,21,259
9507375,5,4,1,1,5,0,0
9507280,13,5,8,14,4,9,14
9406208,3,2,1,1,3,0,0
3066,5,3,2,3,2,3,15
9903284,4,1,3,4,0,4,8
6198,2,2,0,0,0,2,12
102265,27,3,24,90,0,27,241
202058,15,6,9,13,0,15,107
9503290,87,6,81,411,25,62,62
9910223,5,2,3,4,0,5,39
9606267,14,3,11,27,7,7,11
106097,8,2,6,10,2,6,19
9708498,4,3,1,2,1,3,6
103072,17,5,12,51,1,16,117
9310379,95,9,86,511,16,79,372
9505321,12,2,10,26,1,11,20
9703335,10,2,8,21,1,9,17
9608488,4,2,2,2,0,4,4
9509270,2,2,0,0,0,2,12
9412356,8,2,6,9,0,8,32
9806279,46,3,43,205,7,39,89
9810286,9,2,7,14,0,9,33
301251,0,0,0,0,0,0,0
2273,3,1,2,3,0,3,48
11222,5,3,2,2,1,4,13
9611284,19,6,13,30,1,18,80
9303225,15,7,8,15,9,6,7
9502233,1,1,0,0,1,0,0
3177,9,2,7,18,1,8,26
9603428,15,3,12,44,15,0,0
9806365,3,2,1,1,0,3,3
201052,10,1,9,22,0,10,54
110249,14,4,10,29,1,13,132
201262,18,3,15,84,0,18,29
9504311,5,3,2,2,2,3,3
108120,23,1,22,86,0,23,255
107325,8,5,3,4,0,8,81
9912403,11,1,10,37,1,10,21
8232,8,3,5,6,1,7,57
203027,7,3,4,7,0,7,32
9511237,2,2,0,0,2,0,0
9311247,39,10,29,134,39,0,0
205168,3,1,2,3,0,3,31
9801303,0,0,0,0,0,0,0
9804391,6,1,5,9,0,6,11
9705465,4,1,3,3,0,4,18
9601206,7,4,3,5,2,5,5
7133,18,2,16,66,0,18,201
9707406,4,2,2,2,0,4,12
9710425,0,0,0,0,0,0,0
9707360,4,2,2,2,0,4,16
9404214,4,2,2,2,0,4,5
4098,6,2,4,10,0,6,165
9511311,6,2,4,5,2,4,5
9606449,7,3,4,7,1,6,15
9712491,0,0,0,0,0,0,0
9801403,7,2,5,11,7,0,0
9710308,2,1,1,1,0,2,3
9609248,10,4,6,17,1,9,25
9606327,3,1,2,3,0,3,9
202106,2,1,1,1,0,2,12
9612327,4,2,2,2,0,4,26
9706525,7,2,5,7,7,0,0
9803274,10,3,7,27,1,9,23
9411268,4,1,3,4,1,3,3
105128,3,1,2,3,0,3,14
5262,18,4,14,30,0,18,138
9302276,1,1,0,0,1,0,0
9709290,4,2,2,2,1,3,3
9910336,4,3,1,1,2,2,11
9608407,16,3,13,36,6,10,31
205129,0,0,0,0,0,0,0
109052,7,5,2,2,0,7,87
4248,4,1,3,3,0,4,14
9812336,9,3,6,11,5,4,5
9501282,7,5,2,3,3,4,9
9912474,3,2,1,1,0,3,11
9910244,1,1,0,0,1,0,0
9808423,5,2,3,5,1,4,7
9801222,10,6,4,6,0,10,29
9808457,2,1,1,1,0,2,9
9803345,6,2,4,4,3,3,3
9909367,0,0,0,0,0,0,0
9901420,14,9,5,6,0,14,38
9401276,10,2,8,27,10,0,0
9608366,17,4,13,22,8,9,18
207158,6,2,4,8,6,0,0
9712273,9,4,5,7,2,7,32
9509407,3,1,2,3,0,3,7
9804263,5,2,3,4,0,5,13
9507292,1,1,0,0,1,0,0
9910269,2,1,1,1,0,2,5
9610460,2,1,1,1,0,2,17
9607360,7,4,3,9,7,0,0
9802303,1,1,0,0,0,1,10
9709292,26,3,23,114,3,23,78
9906354,2,2,0,0,0,2,3
9501391,2,2,0,0,2,0,0
109114,0,0,0,0,0,0,0
109221,4,2,2,2,0,4,34
9910485,3,1,2,3,0,3,15
9707376,4,1,3,4,4,0,0
9503459,1,1,0,0,0,1,2
3284,4,1,3,4,0,4,17
9304312,4,1,3,3,4,0,0
9706367,3,2,1,1,0,3,9
1332,3,2,1,1,0,3,18
9612274,4,2,2,2,0,4,8
10319,6,1,5,8,0,6,37
9803481,7,4,3,5,2,5,9
12304,5,4,1,2,0,5,47
203242,8,6,2,2,1,7,48
9410254,4,2,2,2,4,0,0
208073,3,3,0,0,0,3,32
9605405,2,2,0,0,2,0,0
9804242,5,1,4,4,0,5,28
103190,0,0,0,0,0,0,0
9607329,1,1,0,0,0,1,5
9810546,15,4,11,37,3,12,47
9908455,7,3,4,6,0,7,24
9810515,2,1,1,1,0,2,4
9803498,6,2,4,7,1,5,31
110199,1,1,0,0,0,1,15
11033,0,0,0,0,0,0,0
9911260,3,2,1,1,0,3,8
9810370,11,7,4,6,1,10,20
9703452,1,1,0,0,0,1,4
9154,9,6,3,5,1,8,24
9211307,9,2,7,18,9,0,0
210118,0,0,0,0,0,0,0
9807394,1,1,0,0,0,1,1
9809227,8,2,6,6,3,5,6
9606432,4,2,2,3,4,0,0
9503260,9,3,6,10,0,9,20
9701254,3,2,1,1,1,2,10
9048,1,1,0,0,0,1,1
9612420,1,1,0,0,1,0,0
9801364,2,1,1,1,0,2,7
204334,4,2,2,4,0,4,24
9611391,8,3,5,8,2,6,14
9408308,2,2,0,0,0,2,7
101294,4,2,2,2,0,4,18
9909208,0,0,0,0,0,0,0
9903489,19,7,12,33,0,19,61
112222,2,2,0,0,0,2,8
9904253,0,0,0,0,0,0,0
9809597,1,1,0,0,0,1,4
106139,13,9,4,5,0,13,122
9908230,8,6,2,2,1,7,35
8043,15,2,13,39,0,15,53
9907397,3,2,1,1,0,3,11
104071,8,5,3,3,0,8,44
205147,2,2,0,0,1,1,6
209017,0,0,0,0,0,0,0
206078,9,3,6,12,1,8,42
9227,5,1,4,5,5,0,0
208120,0,0,0,0,0,0,0
11287,4,2,2,2,0,4,12
9809430,3,1,2,3,0,3,5
9612239,14,1,13,59,14,0,0
212071,2,2,0,0,1,1,2
208171,2,2,0,0,0,2,10
9609496,11,4,7,10,3,8,8
9409299,1,1,0,0,0,1,3
9802422,6,3,3,3,0,6,53
9407308,3,3,0,0,3,0,0
9304236,1,1,0,0,1,0,0
9701292,1,1,0,0,1,0,0
107142,13,4,9,36,0,13,186
9504363,8,3,5,7,1,7,8
103315,7,2,5,10,1,6,10
9803202,1,1,0,0,0,1,3
9401242,7,3,4,9,7,0,0
1236,1,1,0,0,0,1,7
9805370,4,2,2,3,1,3,9
9901220,3,2,1,1,0,3,27
9911386,5,3,2,2,0,5,31
9901367,4,4,0,0,4,0,0
9907519,4,3,1,1,1,3,5
9706306,5,3,2,3,5,0,0
9503396,3,1,2,2,0,3,3
9505324,6,4,2,2,0,6,10
9607480,0,0,0,0,0,0,0
9910296,5,3,2,3,0,5,70
203053,2,2,0,0,0,2,15
9807237,1,1,0,0,0,1,1
102015,4,2,2,2,1,3,10
1291,1,1,0,0,0,1,5
9709280,3,1,2,3,0,3,3
202212,2,2,0,0,0,2,6
9611394,2,1,1,1,2,0,0
203276,1,1,0,0,0,1,3
105046,3,2,1,1,0,3,28
9710357,6,1,5,6,0,6,14
204342,22,4,18,58,0,22,74
9706299,0,0,0,0,0,0,0
9609436,13,3,10,21,13,0,0
9909245,11,2,9,18,0,11,60
5172,11,2,9,21,0,11,48
9808202,7,2,5,9,0,7,33
9803379,1,1,0,0,1,0,0
5069,12,5,7,15,1,11,57
9906329,0,0,0,0,0,0,0
9710358,13,3,10,37,0,13,48
9905379,4,2,2,3,0,4,17
11082,4,2,2,3,0,4,24
106120,12,7,5,11,0,12,124
9610202,4,2,2,4,0,4,30
1218,7,5,2,2,0,7,52
9708420,1,1,0,0,0,1,3
205244,7,3,4,10,0,7,59
9706356,2,2,0,0,0,2,8
9905359,19,3,16,67,0,19,159
5019,7,3,4,11,0,7,105
9908474,2,2,0,0,0,2,11
9310327,7,7,0,0,1,6,6
1157,4,2,2,2,0,4,76
9907248,1,1,0,0,0,1,4
9311259,1,1,0,0,0,1,2
102218,9,1,8,19,0,9,145
9510358,3,2,1,1,0,3,4
108182,3,1,2,2,1,2,16
9805433,5,1,4,6,2,3,3
9407260,18,5,13,44,18,0,0
9507265,7,1,6,15,0,7,53
106014,1,1,0,0,0,1,4
9702327,8,2,6,17,0,8,15
9801308,3,2,1,1,2,1,3
9911221,4,4,0,0,0,4,25
201214,2,2,0,0,1,1,2
9406272,0,0,0,0,0,0,0
9804318,3,2,1,1,0,3,5
106221,11,5,6,11,0,11,73
301143,2,1,1,1,0,2,19
211414,2,2,0,0,0,2,9
12102,9,4,5,8,0,9,10
9609472,6,2,4,8,0,6,24
7307,1,1,0,0,0,1,9
9808366,3,1,2,2,0,3,10
9501246,3,2,1,1,0,3,3
101122,2,2,0,0,0,2,5
103086,7,3,4,5,0,7,50
9501204,10,3,7,16,10,0,0
9406211,6,5,1,1,3,3,6
9404303,8,1,7,12,8,0,0
9904444,5,1,4,4,0,5,35
103094,2,2,0,0,0,2,2
9912336,10,1,9,26,0,10,63
9909531,9,1,8,22,9,0,0
202175,1,1,0,0,0,1,4
9804444,3,3,0,0,3,0,0
302254,1,1,0,0,0,1,1
9509223,1,1,0,0,1,0,0
102339,2,2,0,0,0,2,15
9811278,3,3,0,0,0,3,9
106251,4,2,2,2,0,4,15
9711272,6,4,2,2,0,6,21
9710292,0,0,0,0,0,0,0
9507266,1,1,0,0,0,1,2
102332,10,3,7,23,0,10,36
9504229,12,5,7,11,8,4,6
9802378,3,3,0,0,1,2,3
9711368,1,1,0,0,0,1,10
9504299,0,0,0,0,0,0,0
9903338,1,1,0,0,1,0,0
9604287,1,1,0,0,1,0,0
9811430,0,0,0,0,0,0,0
9612345,1,1,0,0,0,1,3
9301279,1,1,0,0,1,0,0
1136,8,6,2,5,0,8,17
9609286,1,1,0,0,0,1,3
9103,0,0,0,0,0,0,0
204121,0,0,0,0,0,0,0
103146,0,0,0,0,0,0,0
9806284,2,1,1,1,0,2,5
211073,0,0,0,0,0,0,0
9073,4,2,2,2,0,4,80
109177,4,3,1,1,1,3,7
9507395,6,2,4,8,0,6,6
103115,1,1,0,0,0,1,4
9708408,0,0,0,0,0,0,0
9711451,2,1,1,1,2,0,0
9406413,3,3,0,0,0,3,6
203211,0,0,0,0,0,0,0
9605363,3,1,2,2,1,2,2
9707419,3,1,2,2,3,0,0
106213,1,1,0,0,0,1,3
9505432,4,3,1,1,1,3,3
9102,24,3,21,52,3,21,103
112346,5,2,3,3,0,5,41
210048,1,1,0,0,0,1,11
102069,6,4,2,3,0,6,37
9308362,6,5,1,1,6,0,0
9504226,2,1,1,1,2,0,0
9904429,4,1,3,4,4,0,0
9808357,3,2,1,1,1,2,6
9606396,1,1,0,0,0,1,3
9501355,1,1,0,0,0,1,5
9707533,2,2,0,0,1,1,2
9811393,7,3,4,5,5,2,2
107230,3,2,1,1,0,3,12
9803323,7,3,4,5,6,1,2
9804334,0,0,0,0,0,0,0
9711422,6,2,4,6,4,2,2
9408401,0,0,0,0,0,0,0
9504356,3,1,2,3,0,3,3
205109,7,4,3,8,0,7,67
9607457,2,1,1,1,0,2,5
9905313,1,1,0,0,0,1,3
9903345,3,3,0,0,0,3,5
110195,3,2,1,2,0,3,27
108129,1,1,0,0,0,1,3
204061,4,3,1,2,0,4,15
207247,2,1,1,1,0,2,30
9602283,0,0,0,0,0,0,0
9606422,5,3,2,5,0,5,17
9308280,1,1,0,0,1,0,0
9901395,1,1,0,0,0,1,3
9606270,0,0,0,0,0,0,0
9802367,6,2,4,10,0,6,58
11237,0,0,0,0,0,0,0
9611300,3,2,1,2,1,2,2
9905427,15,6,9,22,8,7,11
3279,6,3,3,4,0,6,14
9811415,2,2,0,0,0,2,6
9910471,6,4,2,3,6,0,0
101219,3,1,2,2,3,0,0
9511463,1,1,0,0,1,0,0
9401316,1,1,0,0,0,1,3
106127,3,3,0,0,0,3,14
9911296,4,1,3,3,0,4,46
9611237,4,3,1,1,0,4,5
9507300,0,0,0,0,0,0,0
9709257,2,2,0,0,0,2,9
207032,0,0,0,0,0,0,0
9905229,3,3,0,0,2,1,2
9907271,4,2,2,3,0,4,14
101001,2,1,1,1,2,0,0
9904442,5,2,3,4,1,4,9
9710396,1,1,0,0,1,0,0
9804364,5,4,1,3,5,0,0
3194,0,0,0,0,0,0,0
212144,0,0,0,0,0,0,0
4259,3,2,1,1,0,3,3
205235,1,1,0,0,0,1,12
6039,1,1,0,0,0,1,1
9710319,1,1,0,0,1,0,0
212064,1,1,0,0,0,1,4
9910281,0,0,0,0,0,0,0
8180,1,1,0,0,0,1,3
9211205,2,1,1,1,2,0,0
10327,1,1,0,0,0,1,4
12138,5,1,4,5,0,5,39
9501331,8,4,4,7,8,0,0
106257,3,3,0,0,0,3,18
9409422,2,2,0,0,2,0,0
9512324,1,1,0,0,0,1,2
9610336,3,1,2,3,0,3,19
206216,2,1,1,1,0,2,26
110113,7,2,5,13,0,7,35
6306,3,2,1,1,0,3,6
9265,8,4,4,7,0,8,22
104306,5,1,4,7,0,5,13
104296,1,1,0,0,0,1,1
108113,1,1,0,0,0,1,10
212068,0,0,0,0,0,0,0
9705289,0,0,0,0,0,0,0
202002,0,0,0,0,0,0,0
9403277,4,2,2,3,0,4,5
9404218,4,2,2,2,4,0,0
9809331,3,1,2,2,1,2,4
206229,4,1,3,3,0,4,9
204138,0,0,0,0,0,0,0
9801243,1,1,0,0,0,1,2
208055,1,1,0,0,0,1,5
108083,0,0,0,0,0,0,0
9911383,4,2,2,3,0,4,39
105030,1,1,0,0,0,1,1
202123,3,3,0,0,0,3,5
10331,2,1,1,1,0,2,2
9807507,2,2,0,0,0,2,6
9208216,3,2,1,1,3,0,0
9808227,3,3,0,0,0,3,8
9607264,1,1,0,0,1,0,0
202028,1,1,0,0,0,1,1
9905328,1,1,0,0,0,1,11
211243,1,1,0,0,0,1,4
9607477,1,1,0,0,1,0,0
204318,1,1,0,0,0,1,11
9075,2,2,0,0,0,2,10
10072,2,1,1,1,0,2,11
9303301,4,3,1,1,4,0,0
8274,1,1,0,0,0,1,1
9707221,3,2,1,1,0,3,6
9905262,2,2,0,0,0,2,7
109091,1,1,0,0,0,1,5
201150,7,5,2,2,0,7,38
9105,0,0,0,0,0,0,0
9609252,1,1,0,0,1,0,0
205136,1,1,0,0,0,1,5
9501259,4,2,2,3,2,2,2
2088,4,3,1,1,2,2,3
9407354,4,3,1,1,4,0,0
201247,5,3,2,2,0,5,36
102018,0,0,0,0,0,0,0
9507325,1,1,0,0,0,1,1
211328,1,1,0,0,1,0,0
207131,0,0,0,0,0,0,0
212367,1,1,0,0,0,1,2
9912262,3,1,2,2,0,3,11
210053,1,1,0,0,0,1,4
9901353,0,0,0,0,0,0,0
206137,4,2,2,2,0,4,75
9905485,3,1,2,2,0,3,4
9804382,4,2,2,3,0,4,21
1280,0,0,0,0,0,0,0
9810258,1,1,0,0,0,1,3
106053,2,2,0,0,0,2,33
9610332,2,2,0,0,0,2,8
9911325,1,1,0,0,0,1,9
9805203,0,0,0,0,0,0,0
9601231,0,0,0,0,0,0,0
9811413,0,0,0,0,0,0,0
9060,1,1,0,0,0,1,2
9909205,2,1,1,1,0,2,2
9903445,4,2,2,3,0,4,6
9908242,1,1,0,0,0,1,6
104098,1,1,0,0,0,1,11
9807220,0,0,0,0,0,0,0
204075,0,0,0,0,0,0,0
5272,0,0,0,0,0,0,0
103313,2,2,0,0,0,2,2
105190,1,1,0,0,0,1,1
6299,3,1,2,2,0,3,15
205298,0,0,0,0,0,0,0
9504269,0,0,0,0,0,0,0
8311,1,1,0,0,0,1,1
106279,1,1,0,0,0,1,18
9907324,0,0,0,0,0,0,0
108125,1,1,0,0,0,1,3
211403,0,0,0,0,0,0,0
9412354,6,2,4,6,6,0,0
9406384,1,1,0,0,0,1,1
10042,1,1,0,0,0,1,4
201102,1,1,0,0,0,1,1
9509203,1,1,0,0,0,1,1
9502375,0,0,0,0,0,0,0
207113,0,0,0,0,0,0,0
110174,1,1,0,0,0,1,3
9912384,1,1,0,0,1,0,0
9706278,5,2,3,4,4,1,3
9503269,3,2,1,1,2,1,1
1030,1,1,0,0,0,1,7
103344,1,1,0,0,0,1,1
209091,3,3,0,0,0,3,25
9211251,4,4,0,0,4,0,0
7002,1,1,0,0,1,0,0
109134,0,0,0,0,0,0,0
106211,5,3,2,2,1,4,16
9910525,0,0,0,0,0,0,0
211159,0,0,0,0,0,0,0
12246,0,0,0,0,0,0,0
9712241,0,0,0,0,0,0,0
203119,6,4,2,4,0,6,29
209297,1,1,0,0,0,1,6
110077,0,0,0,0,0,0,0
9606302,3,1,2,2,0,3,3
9412326,3,1,2,3,1,2,3
208019,4,2,2,2,0,4,35
8259,1,1,0,0,0,1,5
9409322,0,0,0,0,0,0,0
104270,1,1,0,0,0,1,12
210175,0,0,0,0,0,0,0
209259,1,1,0,0,0,1,3
207359,3,3,0,0,1,2,7
9907253,0,0,0,0,0,0,0
301012,0,0,0,0,0,0,0
9711314,0,0,0,0,0,0,0
9608475,3,1,2,2,0,3,9
210336,1,1,0,0,0,1,1
9906332,0,0,0,0,0,0,0
9905334,0,0,0,0,0,0,0
208136,3,3,0,0,0,3,29
9903342,0,0,0,0,0,0,0
1207,0,0,0,0,0,0,0
9512402,0,0,0,0,0,0,0
208264,2,1,1,1,2,0,0
106194,2,2,0,0,0,2,3
108149,3,1,2,2,0,3,6
9512347,0,0,0,0,0,0,0
101247,2,2,0,0,2,0,0
209207,1,1,0,0,0,1,1
9603367,0,0,0,0,0,0,0
9712408,2,2,0,0,0,2,11
9401353,5,3,2,3,5,0,0
9311244,1,1,0,0,0,1,2
302166,0,0,0,0,0,0,0
9410257,2,2,0,0,2,0,0
9912437,1,1,0,0,0,1,1
9810227,1,1,0,0,0,1,4
202182,0,0,0,0,0,0,0
9705301,0,0,0,0,0,0,0
9904243,1,1,0,0,0,1,5
9912339,0,0,0,0,0,0,0
9508201,1,1,0,0,0,1,1
9802283,0,0,0,0,0,0,0
211033,0,0,0,0,0,0,0
302054,1,1,0,0,0,1,13
9604213,0,0,0,0,0,0,0
9802348,1,1,0,0,1,0,0
9912202,2,1,1,1,0,2,4
9712521,0,0,0,0,0,0,0
112070,1,1,0,0,0,1,2
9906496,0,0,0,0,0,0,0
9706528,1,1,0,0,0,1,1
9307313,0,0,0,0,0,0,0
9612299,0,0,0,0,0,0,0
9501236,2,2,0,0,2,0,0
206246,2,1,1,1,0,2,18
211450,0,0,0,0,0,0,0
9905570,1,1,0,0,1,0,0
301237,0,0,0,0,0,0,0
8296,1,1,0,0,1,0,0
9905289,1,1,0,0,1,0,0
107021,0,0,0,0,0,0,0
201022,0,0,0,0,0,0,0
202021,4,2,2,2,0,4,23
202026,0,0,0,0,0,0,0
5157,0,0,0,0,0,0,0
209061,2,2,0,0,2,0,0
211023,4,2,2,2,0,4,25
301267,0,0,0,0,0,0,0
103236,2,1,1,1,1,1,2
9909491,0,0,0,0,0,0,0
206159,1,1,0,0,0,1,13
201208,0,0,0,0,0,0,0
208216,0,0,0,0,0,0,0
9901364,1,1,0,0,0,1,1
9906239,3,1,2,3,3,0,0
9809495,0,0,0,0,0,0,0
205256,0,0,0,0,0,0,0
110347,1,1,0,0,0,1,2
9805226,0,0,0,0,0,0,0
302149,0,0,0,0,0,0,0
12170,1,1,0,0,0,1,2
211244,0,0,0,0,0,0,0
9606209,1,1,0,0,0,1,2
205231,0,0,0,0,0,0,0
212008,0,0,0,0,0,0,0
206050,0,0,0,0,0,0,0
110297,1,1,0,0,0,1,1
9903344,1,1,0,0,0,1,5
9412318,2,1,1,1,1,1,1
202229,1,1,0,0,0,1,5
6343,2,1,1,1,0,2,2
105249,0,0,0,0,0,0,0
9908401,0,0,0,0,0,0,0
9911253,2,1,1,1,0,2,3
203015,0,0,0,0,0,0,0
106341,1,1,0,0,0,1,1
9510450,0,0,0,0,0,0,0
9706395,2,1,1,1,0,2,2
9511201,0,0,0,0,0,0,0
212244,0,0,0,0,0,0,0
9711338,0,0,0,0,0,0,0
9812386,0,0,0,0,0,0,0
9707219,0,0,0,0,0,0,0
203231,0,0,0,0,0,0,0
301159,0,0,0,0,0,0,0
9604308,1,1,0,0,0,1,2
102118,0,0,0,0,0,0,0
212259,0,0,0,0,0,0,0
9809408,0,0,0,0,0,0,0
1183,0,0,0,0,0,0,0
207295,0,0,0,0,0,0,0
301007,0,0,0,0,0,0,0
12277,0,0,0,0,0,0,0
302107,0,0,0,0,0,0,0
105346,0,0,0,0,0,0,0
9802425,1,1,0,0,0,1,3
201079,0,0,0,0,0,0,0
211311,0,0,0,0,0,0,0
203219,0,0,0,0,0,0,0
9405367,1,1,0,0,1,0,0
301107,0,0,0,0,0,0,0
9707420,0,0,0,0,0,0,0
9902246,0,0,0,0,0,0,0
9710325,0,0,0,0,0,0,0
1118,0,0,0,0,0,0,0
112309,0,0,0,0,0,0,0
105038,0,0,0,0,0,0,0
9912204,1,1,0,0,1,0,0
205094,0,0,0,0,0,0,0
9811445,0,0,0,0,0,0,0
9605450,0,0,0,0,0,0,0
9502303,1,1,0,0,1,0,0
12214,0,0,0,0,0,0,0
9802208,0,0,0,0,0,0,0
302249,0,0,0,0,0,0,0
212138,1,1,0,0,0,1,4
105138,0,0,0,0,0,0,0
109234,1,1,0,0,0,1,4
9504362,1,1,0,0,0,1,2
9905561,1,1,0,0,1,0,0
302016,0,0,0,0,0,0,0
5329,0,0,0,0,0,0,0
9712274,1,1,0,0,0,1,1
9812443,0,0,0,0,0,0,0
102239,1,1,0,0,0,1,4
111083,0,0,0,0,0,0,0
210287,1,1,0,0,0,1,11
9808416,0,0,0,0,0,0,0
11180,0,0,0,0,0,0,0
205304,0,0,0,0,0,0,0
9909317,0,0,0,0,0,0,0
9906430,0,0,0,0,0,0,0
111401,0,0,0,0,0,0,0
204261,2,2,0,0,1,1,8
9807288,0,0,0,0,0,0,0
9810209,1,1,0,0,1,0,0
9610365,0,0,0,0,0,0,0
9903415,1,1,0,0,1,0,0
212200,0,0,0,0,0,0,0
9907304,0,0,0,0,0,0,0
9198,1,1,0,0,0,1,3
9511442,0,0,0,0,0,0,0
109040,0,0,0,0,0,0,0
9903523,1,1,0,0,0,1,1
3190,2,2,0,0,1,1,4
9411414,1,1,0,0,1,0,0
302103,0,0,0,0,0,0,0
106011,0,0,0,0,0,0,0
210047,0,0,0,0,0,0,0
207021,0,0,0,0,0,0,0
9507301,0,0,0,0,0,0,0
109220,1,1,0,0,0,1,3
9905315,0,0,0,0,0,0,0
204226,1,1,0,0,0,1,1
9504303,0,0,0,0,0,0,0
9511291,0,0,0,0,0,0,0
205095,1,1,0,0,0,1,3
9507202,0,0,0,0,0,0,0
103030,0,0,0,0,0,0,0
206233,0,0,0,0,0,0,0
9602398,0,0,0,0,0,0,0
9808374,0,0,0,0,0,0,0
9907361,0,0,0,0,0,0,0
9808237,0,0,0,0,0,0,0
110288,0,0,0,0,0,0,0
9906451,1,1,0,0,0,1,1
9901284,0,0,0,0,0,0,0
9405263,1,1,0,0,1,0,0
9407281,0,0,0,0,0,0,0
9811403,1,1,0,0,0,1,1
9812405,0,0,0,0,0,0,0
9602402,0,0,0,0,0,0,0
9705456,5,1,4,5,5,0,0
8203,0,0,0,0,0,0,0
9912544,1,1,0,0,1,0,0
208207,0,0,0,0,0,0,0
211280,0,0,0,0,0,0,0
9506286,0,0,0,0,0,0,0
210093,0,0,0,0,0,0,0
110322,0,0,0,0,0,0,0
212189,0,0,0,0,0,0,0
211151,0,0,0,0,0,0,0
9904217,0,0,0,0,0,0,0
9702268,0,0,0,0,0,0,0
109152,0,0,0,0,0,0,0
207137,0,0,0,0,0,0,0
9912480,0,0,0,0,0,0,0
9505264,1,1,0,0,1,0,0
9812466,1,1,0,0,1,0,0
10119,0,0,0,0,0,0,0
108183,0,0,0,0,0,0,0
9903430,0,0,0,0,0,0,0
9608390,0,0,0,0,0,0,0
9811462,1,1,0,0,0,1,2
302106,0,0,0,0,0,0,0
8045,0,0,0,0,0,0,0
5240,0,0,0,0,0,0,0
211043,1,1,0,0,0,1,8
9808339,0,0,0,0,0,0,0
208220,1,1,0,0,0,1,4
211188,0,0,0,0,0,0,0
12114,1,1,0,0,0,1,10
212140,0,0,0,0,0,0,0
301178,0,0,0,0,0,0,0
12335,0,0,0,0,0,0,0
202148,0,0,0,0,0,0,0
201241,0,0,0,0,0,0,0
9801389,1,1,0,0,1,0,0
9905433,0,0,0,0,0,0,0
9901449,1,1,0,0,1,0,0
210443,0,0,0,0,0,0,0
9409363,0,0,0,0,0,0,0
207062,0,0,0,0,0,0,0
11101,0,0,0,0,0,0,0
104059,0,0,0,0,0,0,0
5312,0,0,0,0,0,0,0
210290,0,0,0,0,0,0,0
104209,0,0,0,0,0,0,0
9711366,0,0,0,0,0,0,0
9901383,1,1,0,0,1,0,0
206082,0,0,0,0,0,0,0
9501264,0,0,0,0,0,0,0
9803293,0,0,0,0,0,0,0
206102,0,0,0,0,0,0,0
8167,0,0,0,0,0,0,0
12198,0,0,0,0,0,0,0
212328,0,0,0,0,0,0,0
6252,0,0,0,0,0,0,0
9810502,0,0,0,0,0,0,0
206046,0,0,0,0,0,0,0
7147,0,0,0,0,0,0,0
210067,0,0,0,0,0,0,0
9801452,0,0,0,0,0,0,0
9301,0,0,0,0,0,0,0
106325,0,0,0,0,0,0,0
9512273,0,0,0,0,0,0,0
9704289,0,0,0,0,0,0,0
9310220,0,0,0,0,0,0,0
205171,0,0,0,0,0,0,0
9507347,2,2,0,0,2,0,0
9710557,0,0,0,0,0,0,0
2247,0,0,0,0,0,0,0
210262,0,0,0,0,0,0,0
9409331,0,0,0,0,0,0,0
211203,0,0,0,0,0,0,0
205119,0,0,0,0,0,0,0
302135,1,1,0,0,0,1,5
107028,0,0,0,0,0,0,0
302086,0,0,0,0,0,0,0
111242,0,0,0,0,0,0,0
206139,0,0,0,0,0,0,0
108032,0,0,0,0,0,0,0
4057,0,0,0,0,0,0,0
9411216,0,0,0,0,0,0,0
9512209,0,0,0,0,0,0,0
9804292,0,0,0,0,0,0,0
11085,0,0,0,0,0,0,0
9611439,0,0,0,0,0,0,0
211427,0,0,0,0,0,0,0
210309,0,0,0,0,0,0,0
9811343,0,0,0,0,0,0,0
209342,0,0,0,0,0,0,0
204241,0,0,0,0,0,0,0
9506209,1,1,0,0,1,0,0
2171,26,8,18,55,11,15,24
6351,27,2,25,92,0,27,236
9704423,156,4,152,1717,38,118,376
9508272,21,5,16,45,3,18,112
9604330,34,9,25,121,3,31,51
9405274,2,2,0,0,0,2,2
9311370,22,5,17,72,16,6,6
9403283,37,4,33,138,18,19,22
9906395,15,8,7,13,0,15,58
9906252,2,2,0,0,0,2,9
9605369,2,2,0,0,0,2,3
9708358,16,8,8,20,2,14,77
9906462,15,1,14,38,1,14,65
11144,7,5,2,4,1,6,41
9410242,13,7,6,12,0,13,46
9805478,8,2,6,12,1,7,30
9212229,33,14,19,56,33,0,0
9703402,20,2,18,68,1,19,46
5024,13,3,10,15,0,13,68
208036,2,1,1,1,0,2,2
9503228,24,5,19,51,3,21,34
9303311,34,6,28,96,30,4,4
9408228,55,6,49,312,50,5,5
9403230,53,8,45,234,13,40,50
9308292,45,3,42,167,45,0,0
9509410,36,4,32,120,5,31,107
9505425,118,14,104,516,118,0,0
9811352,15,3,12,19,1,14,74
9503430,15,6,9,20,13,2,3
9806387,159,3,156,1665,78,81,130
9511446,40,5,35,132,29,11,16
9811495,38,4,34,134,1,37,133
9910522,23,2,21,57,0,23,160
9705270,16,2,14,26,3,13,43
9806534,27,4,23,74,14,13,22
9805429,29,4,25,88,1,28,237
9810272,28,8,20,73,0,28,208
9502297,56,12,44,193,18,38,45
9808327,22,6,16,36,4,18,35
104091,13,3,10,18,0,13,73
9807341,2,2,0,0,0,2,6
9605246,20,2,18,77,1,19,65
9608256,24,5,19,94,4,20,43
9811479,10,3,7,9,0,10,82
9809587,6,2,4,5,0,6,26
9706280,1,1,0,0,0,1,2
9506354,62,6,56,234,62,0,0
9405253,35,6,29,135,4,31,54
9504337,17,6,11,28,8,9,15
9703433,44,3,41,251,3,41,167
9308335,40,14,26,66,34,6,6
9505369,44,4,40,197,2,42,103
9711469,75,2,73,609,6,69,178
111262,0,0,0,0,0,0,0
9709484,26,3,23,85,5,21,40
12001,20,3,17,74,2,18,48
9604339,17,9,8,22,0,17,76
9701394,21,5,16,63,1,20,82
9709306,15,5,10,22,0,15,143
9303204,27,3,24,130,27,0,0
9809364,21,5,16,31,0,21,167
11266,18,3,15,44,0,18,73
9603261,53,4,49,187,15,38,93
10073,3,3,0,0,1,2,8
9409443,27,9,18,95,16,11,12
9402348,10,2,8,21,10,0,0
9903363,40,2,38,212,40,0,0
201117,1,1,0,0,0,1,4
9409375,99,7,92,789,40,59,91
9608205,86,5,81,529,11,75,315
9512253,26,1,25,74,3,23,60
9305267,51,9,42,234,48,3,3
9811235,21,10,11,20,7,14,29
9903422,138,5,133,1069,0,138,974
9603420,95,3,92,853,7,88,592
9308217,25,4,21,76,1,24,41
9909288,3,3,0,0,0,3,3
9509426,3,3,0,0,1,2,2
9212308,46,2,44,221,46,0,0
9312333,25,5,20,123,5,20,55
9702218,15,6,9,15,1,14,24
9603214,18,3,15,85,0,18,29
9707362,20,3,17,62,0,20,20
9806260,9,4,5,5,0,9,59
11363,34,11,23,66,17,17,39
9811465,2,1,1,1,0,2,24
9812328,14,3,11,38,1,13,15
9507216,83,14,69,380,15,68,119
9303203,4,4,0,0,2,2,2
9307247,202,2,200,1500,70,132,203
9712237,9,1,8,15,4,5,8
9812371,33,4,29,119,2,31,148
9308344,6,2,4,8,6,0,0
9709333,14,6,8,15,4,10,17
9212305,33,7,26,117,31,2,2
9705464,6,2,4,4,1,5,10
9607426,5,3,2,3,2,3,11
103219,7,1,6,16,0,7,16
9712280,13,4,9,19,1,12,21
9904418,2,1,1,1,0,2,15
9406285,41,14,27,119,2,39,107
9508202,35,2,33,213,32,3,3
9909369,16,4,12,20,0,16,101
9602293,2,1,1,1,1,1,1
9307221,29,4,25,105,29,0,0
9811520,8,1,7,12,1,7,40
9803393,28,4,24,121,15,13,14
9810389,37,2,35,312,0,37,213
5025,18,8,10,32,1,17,133
9403236,7,2,5,10,1,6,6
8208,54,5,49,297,2,52,602
9905448,31,2,29,190,0,31,214
9605342,60,12,48,176,7,53,218
9506207,26,7,19,49,1,25,62
9912475,5,4,1,1,0,5,18
12311,5,1,4,4,0,5,37
9411206,8,3,5,8,8,0,0
9207217,29,5,24,92,29,0,0
9405360,4,2,2,2,0,4,4
9707249,26,11,15,55,3,23,135
9803391,31,3,28,122,6,25,40
9705417,32,3,29,167,31,1,1
9704273,39,2,37,250,39,0,0
9706391,10,2,8,16,0,10,42
9611454,15,10,5,8,7,8,12
9601362,59,3,56,396,16,43,43
9503432,12,4,8,19,2,10,12
9608321,19,5,14,56,2,17,90
9707430,40,7,33,205,9,31,67
3221,12,7,5,8,0,12,36
9805259,27,1,26,108,1,26,107
9902267,30,5,25,80,4,26,36
9512364,46,18,28,80,28,18,24
9311356,27,4,23,79,13,14,17
9711293,2,2,0,0,2,0,0
9704434,10,5,5,8,3,7,15
9305206,46,8,38,127,46,0,0
9906300,5,5,0,0,0,5,39
9209289,50,7,43,154,50,0,0
9803453,19,4,15,32,1,18,80
9505308,19,5,14,36,19,0,0
9911370,25,2,23,88,9,16,45
5261,37,3,34,123,0,37,168
9808410,18,2,16,46,0,18,105
9610527,13,1,12,21,0,13,35
9209256,18,4,14,81,18,0,0
102331,83,4,79,602,0,83,1099
9908499,9,2,7,17,0,9,60
102238,25,2,23,176,0,25,224
9912490,13,8,5,11,0,13,55
9210272,24,1,23,77,24,0,0
9312251,13,1,12,24,13,0,0
9806236,68,4,64,661,1,67,177
9712257,10,2,8,14,0,10,59
102288,17,3,14,36,1,16,43
103062,26,5,21,88,17,9,13
9504353,21,3,18,35,21,0,0
103060,6,2,4,6,0,6,22
10041,13,5,8,24,0,13,76
9706213,5,2,3,4,2,3,5
9404244,8,5,3,6,1,7,9
9711203,0,0,0,0,0,0,0
9702242,11,3,8,11,1,10,26
9608379,2,1,1,1,0,2,3
9811501,59,2,57,674,0,59,395
9906238,17,10,7,11,0,17,73
110409,5,4,1,1,0,5,66
9911371,21,9,12,34,0,21,250
12007,17,2,15,59,0,17,155
112081,27,3,24,92,0,27,560
111164,13,1,12,25,0,13,89
9812529,7,3,4,5,3,4,8
109004,8,3,5,8,0,8,49
3328,10,4,6,8,0,10,78
9706410,30,2,28,145,0,30,185
9605250,25,7,18,33,11,14,28
11295,23,6,17,37,0,23,243
9908328,7,1,6,9,0,7,90
9909481,30,3,27,106,0,30,201
9907555,20,3,17,71,0,20,329
9801446,26,6,20,67,0,26,185
4266,5,2,3,4,0,5,14
9909490,0,0,0,0,0,0,0
9405296,39,7,32,115,39,0,0
9602233,10,4,6,13,0,10,31
9911458,14,5,9,41,0,14,53
9907213,0,0,0,0,0,0,0
4010,16,5,11,27,0,16,123
112295,8,3,5,5,1,7,20
9710228,7,4,3,5,7,0,0
6321,29,2,27,142,0,29,202
9802350,40,6,34,114,26,14,18
9706541,5,3,2,3,0,5,45
9701210,14,1,13,24,0,14,51
9706331,8,3,5,6,6,2,3
9708306,23,4,19,80,2,21,42
9309232,11,3,8,28,11,0,0
9703389,20,4,16,36,4,16,31
9602245,14,4,10,24,0,14,37
12125,73,2,71,779,43,30,45
9610421,9,3,6,10,9,0,0
9712464,18,7,11,22,2,16,89
9903474,18,3,15,42,4,14,149
9403243,34,11,23,44,34,0,0
7178,6,5,1,1,0,6,46
9501402,3,2,1,1,0,3,7
9806249,11,6,5,6,2,9,22
9706502,3,2,1,1,3,0,0
9907240,64,6,58,414,1,63,531
9708448,7,3,4,6,0,7,29
9810281,7,6,1,1,4,3,6
9612356,0,0,0,0,0,0,0
9711227,76,7,69,378,1,75,455
11215,44,21,23,46,6,38,189
9304233,5,1,4,8,5,0,0
9611401,9,3,6,11,1,8,16
9611326,7,3,4,5,0,7,23
9905511,3,2,1,1,1,2,2
9604217,14,3,11,38,0,14,79
9512371,2,1,1,1,2,0,0
204221,12,5,7,13,0,12,69
9707254,22,1,21,95,0,22,200
9501307,60,18,42,251,7,53,72
9512370,7,3,4,7,0,7,8
9501289,6,4,2,3,2,4,4
9609237,3,2,1,1,0,3,3
9703417,17,2,15,37,1,16,94
9706476,33,6,27,111,0,33,209
9802248,9,3,6,15,0,9,71
9709246,5,2,3,5,0,5,7
9802416,19,5,14,25,0,19,132
9605283,69,9,60,535,0,69,571
9312221,28,13,15,34,5,23,73
9503350,9,5,4,4,1,8,22
9505221,2,2,0,0,0,2,9
9806482,65,7,58,243,1,64,295
9508357,5,2,3,6,5,0,0
9904257,10,3,7,11,2,8,37
9906378,3,3,0,0,0,3,11
9808498,9,2,7,15,4,5,7
9407350,22,3,19,56,22,0,0
9912452,8,4,4,10,0,8,38
9503248,7,2,5,9,0,7,33
9803479,28,9,19,39,1,27,338
9903406,19,2,17,94,0,19,73
110377,7,2,5,13,0,7,27
9711240,13,3,10,27,6,7,14
9507441,5,0,5,10,5,0,0
9610265,17,3,14,29,7,10,21
9605359,12,6,6,8,0,12,61
9701308,19,7,12,45,12,7,12
9301258,15,8,7,10,8,7,7
9503223,6,3,3,4,3,3,5
9809291,24,7,17,48,6,18,42
9805360,11,2,9,31,3,8,11
9711430,4,4,0,0,0,4,4
9310246,8,2,6,7,8,0,0
9811481,44,3,41,211,2,42,211
9705429,43,7,36,219,19,24,50
9504340,7,3,4,5,1,6,6
9605407,4,2,2,3,0,4,9
9907282,13,2,11,28,13,0,0
3198,15,6,9,21,0,15,77
108111,0,0,0,0,0,0,0
9806303,18,5,13,33,5,13,28
9308270,19,7,12,54,19,0,0
9601350,7,4,3,6,5,2,3
9402241,33,3,30,165,24,9,9
207036,10,2,8,20,0,10,59
9609517,11,4,7,22,0,11,86
9707387,9,4,5,7,0,9,43
9904470,1,1,0,0,0,1,3
9807542,1,1,0,0,1,0,0
9709215,25,7,18,52,3,22,87
9711257,3,2,1,1,0,3,18
6014,17,6,11,15,0,17,138
9903315,10,1,9,22,2,8,8
9707456,2,2,0,0,0,2,4
9409361,9,3,6,21,1,8,8
9510424,5,3,2,3,0,5,13
9706294,41,4,37,179,1,40,112
9803232,11,2,9,32,0,11,48
9410272,15,7,8,10,5,10,15
9912396,9,6,3,5,9,0,0
9806437,24,10,14,33,2,22,123
9710216,10,3,7,11,6,4,5
9801443,18,7,11,18,0,18,47
9607432,31,9,22,55,7,24,86
9801432,7,2,5,10,0,7,34
9608273,1,1,0,0,0,1,2
9903240,4,4,0,0,0,4,18
9710526,12,2,10,22,0,12,65
204343,8,3,5,6,0,8,37
9903542,3,3,0,0,0,3,16
103258,47,3,44,254,0,47,306
11259,0,0,0,0,0,0,0
9510259,22,6,16,43,3,19,31
9204231,6,1,5,7,6,0,0
11058,3,2,1,1,0,3,8
9407254,0,0,0,0,0,0,0
9609323,16,1,15,43,2,14,71
105089,8,5,3,7,0,8,67
202218,12,6,6,9,1,11,45
212345,2,2,0,0,0,2,11
9605386,6,6,0,0,0,6,27
9702352,2,2,0,0,0,2,8
9802260,0,0,0,0,0,0,0
9608347,13,5,8,24,12,1,1
103083,6,1,5,14,0,6,131
9401232,6,2,4,6,6,0,0
9509268,30,3,27,121,15,15,18
9802291,14,6,8,22,3,11,34
9612479,7,4,3,4,2,5,5
9509272,1,1,0,0,1,0,0
9605392,19,4,15,48,0,19,65
9807336,23,2,21,65,6,17,17
9812318,1,1,0,0,0,1,3
101033,2,2,0,0,1,1,1
9806354,44,3,41,212,3,41,343
102128,6,4,2,3,1,5,27
112300,18,7,11,18,1,17,134
9307285,17,6,11,30,17,0,0
11299,5,2,3,3,0,5,19
9601278,4,2,2,2,1,3,18
9711488,34,6,28,106,0,34,94
9601372,0,0,0,0,0,0,0
202030,23,5,18,87,2,21,131
110283,6,1,5,7,0,6,62
201307,15,3,12,58,1,14,50
9505300,1,1,0,0,0,1,1
8069,7,6,1,1,1,6,13
204071,7,2,5,6,2,5,24
1092,5,4,1,1,4,1,1
112287,10,5,5,8,0,10,89
9604242,10,5,5,7,0,10,13
2168,6,5,1,1,1,5,29
9401320,8,4,4,6,8,0,0
205199,5,3,2,3,0,5,123
9807537,2,2,0,0,0,2,7
9710514,4,2,2,3,3,1,1
9712497,16,2,14,36,0,16,83
112140,11,3,8,18,0,11,84
9911289,29,10,19,60,0,29,191
9809455,4,2,2,2,0,4,20
9612436,18,4,14,44,3,15,67
9411245,3,1,2,2,3,0,0
9502248,4,3,1,1,0,4,21
8052,11,1,10,32,0,11,60
9906280,4,3,1,1,0,4,10
9710395,1,1,0,0,0,1,2
9303279,7,3,4,4,7,0,0
9809292,5,2,3,6,0,5,7
9807222,9,4,5,13,1,8,47
9605351,3,2,1,1,1,2,10
9612366,1,1,0,0,0,1,2
1057,4,2,2,3,2,2,4
9712540,1,1,0,0,0,1,2
9802211,5,3,2,2,1,4,5
203254,5,2,3,4,0,5,105
7096,12,2,10,36,0,12,45
9804450,6,5,1,5,0,6,65
101113,9,1,8,16,0,9,86
9604380,3,1,2,2,3,0,0
101091,12,2,10,25,0,12,49
9910442,12,8,4,10,0,12,83
9703357,10,4,6,13,2,8,8
107148,2,1,1,1,2,0,0
112308,1,1,0,0,0,1,6
3159,8,2,6,10,0,8,45
9805245,9,2,7,10,0,9,25
9504377,3,3,0,0,3,0,0
9804351,3,1,2,2,0,3,11
9807505,10,7,3,6,0,10,16
3222,15,3,12,35,0,15,120
9802224,3,3,0,0,0,3,5
9810246,1,1,0,0,0,1,2
10100,5,4,1,2,0,5,18
9503224,2,1,1,1,2,0,0
8161,2,2,0,0,0,2,10
9612266,1,1,0,0,1,0,0
9608480,18,3,15,57,5,13,38
208196,3,3,0,0,0,3,5
9509251,4,4,0,0,1,3,6
9510277,10,1,9,26,1,9,20
9903410,4,2,2,2,0,4,16
9503326,2,2,0,0,2,0,0
9912406,2,2,0,0,0,2,3
9808350,0,0,0,0,0,0,0
9907473,2,1,1,1,0,2,26
9804344,4,4,0,0,3,1,1
9806506,5,4,1,1,5,0,0
9807293,4,2,2,2,0,4,18
9502305,10,2,8,9,5,5,5
12282,7,4,3,4,0,7,15
102071,18,8,10,19,1,17,66
111411,0,0,0,0,0,0,0
9711417,2,2,0,0,0,2,7
9402275,4,2,2,3,0,4,6
7010,8,5,3,3,0,8,64
9902406,1,1,0,0,0,1,6
9606456,24,6,18,53,24,0,0
9910310,12,3,9,15,0,12,96
9408292,2,2,0,0,1,1,2
4116,7,3,4,5,0,7,58
9712354,2,1,1,1,2,0,0
9501223,15,1,14,44,7,8,15
6183,9,3,6,8,0,9,24
9502405,7,4,3,3,7,0,0
203150,4,3,1,1,0,4,41
9303310,2,2,0,0,2,0,0
9903238,12,2,10,26,1,11,35
2154,2,2,0,0,2,0,0
9608470,7,3,4,6,0,7,36
8321,6,1,5,14,2,4,7
9911241,2,2,0,0,0,2,7
9903326,5,2,3,4,0,5,15
203195,4,2,2,4,0,4,26
110395,1,1,0,0,0,1,1
9907340,2,2,0,0,1,1,1
2162,14,3,11,22,0,14,54
9904255,2,2,0,0,0,2,5
9703230,1,1,0,0,1,0,0
12092,4,3,1,1,0,4,27
9302261,3,2,1,1,3,0,0
101086,12,1,11,28,0,12,103
9607385,2,1,1,1,0,2,3
9810452,7,6,1,1,0,7,12
9807384,9,4,5,7,1,8,21
9604208,2,2,0,0,0,2,4
9710384,1,1,0,0,0,1,3
9408254,8,3,5,11,1,7,7
9406275,7,2,5,13,5,2,2
9706273,7,5,2,3,0,7,7
209048,2,1,1,1,0,2,18
9603209,6,3,3,3,0,6,10
9409340,4,4,0,0,0,4,7
105151,4,3,1,1,4,0,0
9706277,7,1,6,8,0,7,30
9907498,11,5,6,7,2,9,20
112249,2,2,0,0,0,2,5
9801385,3,3,0,0,1,2,8
9810352,1,1,0,0,0,1,2
112338,11,4,7,12,1,10,53
9611460,2,2,0,0,1,1,4
3020,16,1,15,51,2,14,42
9909424,1,1,0,0,0,1,6
105229,40,21,19,37,17,23,43
206080,3,3,0,0,1,2,18
112121,2,2,0,0,0,2,3
9612465,0,0,0,0,0,0,0
102164,3,2,1,1,0,3,3
112025,1,1,0,0,1,0,0
12004,8,5,3,4,0,8,28
9610429,7,1,6,16,7,0,0
9803394,17,5,12,48,4,13,13
103121,11,2,9,20,0,11,96
9708209,4,1,3,3,0,4,6
9803416,4,3,1,1,0,4,7
9406367,0,0,0,0,0,0,0
12205,3,3,0,0,0,3,12
7053,4,1,3,3,2,2,2
9407238,4,2,2,3,2,2,2
9702304,2,1,1,1,0,2,6
107256,9,2,7,13,0,9,186
9505328,10,2,8,14,2,8,15
110114,5,1,4,5,0,5,50
9901352,2,1,1,1,1,1,6
9502205,5,1,4,6,5,0,0
9903245,14,2,12,23,1,13,93
9806458,3,3,0,0,2,1,1
9901345,1,1,0,0,0,1,6
9911517,2,2,0,0,0,2,5
9906282,4,4,0,0,1,3,4
211040,3,2,1,2,0,3,6
12299,8,1,7,24,0,8,50
9508344,3,2,1,1,0,3,3
6350,2,1,1,1,0,2,4
9811254,0,0,0,0,0,0,0
101026,0,0,0,0,0,0,0
107318,4,3,1,2,0,4,11
9701288,3,1,2,2,3,0,0
9806220,1,1,0,0,0,1,3
202056,1,1,0,0,0,1,5
301257,0,0,0,0,0,0,0
106054,10,4,6,8,10,0,0
210374,1,1,0,0,0,1,5
106012,58,17,41,105,0,58,669
9806535,13,4,9,25,2,11,11
9806455,14,2,12,29,0,14,49
205314,13,3,10,27,0,13,68
9507274,2,1,1,1,2,0,0
9701218,8,3,5,15,8,0,0
9909366,6,2,4,7,1,5,23
8295,17,5,12,39,0,17,146
103267,5,2,3,4,1,4,21
9206213,3,1,2,3,3,0,0
101201,6,2,4,7,0,6,15
9405206,2,1,1,1,1,1,1
9801294,6,2,4,7,0,6,36
9904350,1,1,0,0,0,1,4
108212,0,0,0,0,0,0,0
4234,7,4,3,4,0,7,37
9612476,1,1,0,0,0,1,1
9211247,14,6,8,11,14,0,0
9902206,2,2,0,0,0,2,4
206143,2,1,1,1,0,2,13
9805279,3,1,2,3,0,3,21
9909337,12,1,11,44,1,11,130
6271,5,1,4,10,0,5,86
9909224,3,3,0,0,0,3,21
9407290,7,5,2,5,1,6,23
9512270,7,1,6,14,7,0,0
9606465,10,2,8,22,10,0,0
1013,4,1,3,3,0,4,16
107040,10,3,7,16,0,10,132
9604411,1,1,0,0,0,1,1
3034,4,4,0,0,2,2,2
9807408,13,5,8,24,7,6,6
9510281,0,0,0,0,0,0,0
9412335,2,1,1,1,0,2,4
9502404,3,2,1,1,3,0,0
9702428,2,1,1,1,0,2,4
9307233,2,1,1,1,2,0,0
9905348,8,4,4,9,0,8,31
11308,3,2,1,1,0,3,30
9905224,0,0,0,0,0,0,0
4113,3,3,0,0,0,3,14
108197,5,4,1,1,0,5,18
102064,7,1,6,12,0,7,47
212227,1,1,0,0,0,1,2
112027,5,4,1,1,0,5,14
9906517,1,1,0,0,0,1,7
4119,2,2,0,0,0,2,4
212291,1,1,0,0,0,1,3
9407400,5,1,4,7,5,0,0
9712427,2,1,1,1,0,2,3
107004,1,1,0,0,0,1,12
9910492,20,11,9,11,1,19,101
5085,8,4,4,4,2,6,19
9407380,6,2,4,7,6,0,0
9906507,3,3,0,0,0,3,21
11099,1,1,0,0,1,0,0
9505387,7,4,3,6,1,6,13
9911533,8,2,6,14,0,8,9
9504262,1,1,0,0,1,0,0
9901423,1,1,0,0,0,1,2
204254,6,3,3,4,0,6,32
9504350,3,3,0,0,3,0,0
209231,0,0,0,0,0,0,0
9510420,2,2,0,0,0,2,3
107159,3,3,0,0,0,3,15
9810300,1,1,0,0,0,1,8
9604231,10,4,6,7,0,10,20
9210237,3,2,1,1,3,0,0
105142,6,2,4,10,0,6,31
9610530,1,1,0,0,0,1,1
9512440,0,0,0,0,0,0,0
9803230,1,1,0,0,0,1,13
9901349,2,1,1,1,0,2,15
6145,10,2,8,14,2,8,19
9406364,1,1,0,0,1,0,0
9804258,4,2,2,3,2,2,8
9506358,7,4,3,4,0,7,12
9805366,2,2,0,0,0,2,6
3200,1,1,0,0,0,1,1
3044,1,1,0,0,1,0,0
9402279,4,2,2,3,0,4,4
11201,4,4,0,0,0,4,27
9611466,1,1,0,0,1,0,0
209302,3,2,1,1,0,3,17
205093,1,1,0,0,1,0,0
9155,2,1,1,1,0,2,23
111289,3,1,2,3,3,0,0
9906401,9,2,7,17,0,9,27
9911499,2,2,0,0,0,2,9
109130,7,3,4,6,0,7,19
102247,7,4,3,4,1,6,18
9301226,3,3,0,0,3,0,0
101338,5,2,3,4,1,4,4
9511443,14,4,10,14,14,0,0
9803376,4,1,3,4,1,3,10
5098,2,1,1,1,0,2,10
9510272,0,0,0,0,0,0,0
204115,17,6,11,21,0,17,136
203025,5,3,2,3,0,5,30
3112,2,2,0,0,2,0,0
111395,1,1,0,0,0,1,2
9710390,1,1,0,0,0,1,1
9507463,18,7,11,21,18,0,0
9805206,6,3,3,4,2,4,14
9306245,6,3,3,6,6,0,0
111128,0,0,0,0,0,0,0
9406218,5,3,2,3,5,0,0
9508248,6,5,1,3,1,5,5
9912248,2,1,1,1,0,2,2
9910352,8,3,5,14,0,8,31
9808207,6,3,3,5,5,1,2
211283,0,0,0,0,0,0,0
9809320,4,4,0,0,1,3,5
9705478,2,2,0,0,2,0,0
9605304,3,2,1,2,0,3,8
205272,4,2,2,3,2,2,5
9604276,2,2,0,0,2,0,0
9805377,2,1,1,1,0,2,2
9806282,3,3,0,0,0,3,12
9811491,1,1,0,0,0,1,2
112320,4,2,2,3,1,3,10
102189,2,1,1,1,0,2,4
9808338,2,2,0,0,1,1,3
9701411,0,0,0,0,0,0,0
9701225,2,1,1,1,0,2,7
9208212,1,1,0,0,1,0,0
9903446,3,2,1,1,0,3,8
9303221,4,3,1,2,4,0,0
9704299,9,3,6,19,0,9,69
7199,0,0,0,0,0,0,0
209148,0,0,0,0,0,0,0
9910372,1,1,0,0,0,1,3
209246,0,0,0,0,0,0,0
9804311,2,2,0,0,2,0,0
111032,8,6,2,2,0,8,55
112227,1,1,0,0,0,1,4
9902473,2,2,0,0,1,1,1
9028,0,0,0,0,0,0,0
111200,1,1,0,0,0,1,4
101047,0,0,0,0,0,0,0
9701293,3,1,2,2,1,2,8
9501206,5,1,4,5,5,0,0
9709413,2,2,0,0,0,2,4
301255,1,1,0,0,0,1,27
9906498,9,1,8,30,0,9,47
9311246,7,4,3,6,7,0,0
101108,3,1,2,3,3,0,0
203155,13,9,4,4,0,13,61
9506439,3,2,1,1,3,0,0
9910402,1,1,0,0,0,1,3
9901249,0,0,0,0,0,0,0
10280,4,4,0,0,0,4,12
9405336,8,4,4,5,8,0,0
207067,1,1,0,0,0,1,10
204161,0,0,0,0,0,0,0
9808309,7,1,6,13,1,6,10
105042,7,3,4,7,1,6,11
9803398,1,1,0,0,1,0,0
1160,1,1,0,0,0,1,2
10243,2,2,0,0,0,2,2
9804460,9,6,3,3,1,8,11
105148,5,3,2,2,0,5,37
9706452,2,1,1,1,0,2,9
201166,5,2,3,6,1,4,16
112252,0,0,0,0,0,0,0
9408368,1,1,0,0,0,1,1
9702309,5,2,3,4,1,4,5
205198,3,2,1,1,1,2,5
111234,4,1,3,5,0,4,36
3217,2,2,0,0,0,2,7
8246,4,2,2,3,0,4,24
9908225,5,1,4,9,3,2,2
9509427,9,3,6,11,9,0,0
9902231,2,2,0,0,0,2,8
208113,8,1,7,15,0,8,41
9509211,3,3,0,0,2,1,1
111127,1,1,0,0,0,1,2
9309261,8,5,3,5,8,0,0
9605332,6,2,4,4,5,1,1
103340,1,1,0,0,0,1,2
206280,2,2,0,0,0,2,11
109183,1,1,0,0,1,0,0
9708352,1,1,0,0,0,1,1
208114,2,2,0,0,1,1,23
9609229,7,5,2,2,7,0,0
9804271,1,1,0,0,0,1,1
107131,0,0,0,0,0,0,0
111123,3,1,2,2,2,1,1
12247,3,1,2,3,3,0,0
111246,1,1,0,0,0,1,1
9304320,2,1,1,1,2,0,0
9810321,1,1,0,0,0,1,4
9606284,4,4,0,0,3,1,1
9312241,2,1,1,1,2,0,0
6332,1,1,0,0,1,0,0
109206,2,1,1,1,0,2,8
9611420,2,2,0,0,2,0,0
5054,2,1,1,1,0,2,9
9230,1,1,0,0,0,1,1
9810513,0,0,0,0,0,0,0
9609376,0,0,0,0,0,0,0
9901437,1,1,0,0,1,0,0
9604413,0,0,0,0,0,0,0
8076,2,2,0,0,0,2,2
109041,4,2,2,2,0,4,64
206042,1,1,0,0,1,0,0
204313,0,0,0,0,0,0,0
1252,0,0,0,0,0,0,0
9710448,1,1,0,0,1,0,0
9511369,2,1,1,1,0,2,2
9405369,2,1,1,1,0,2,2
9605247,1,1,0,0,0,1,1
204350,2,2,0,0,0,2,19
102030,1,1,0,0,0,1,3
9708316,0,0,0,0,0,0,0
5131,4,1,3,3,0,4,6
210183,1,1,0,0,0,1,7
211258,2,1,1,1,0,2,8
112267,0,0,0,0,0,0,0
202258,6,1,5,12,0,6,38
9806525,0,0,0,0,0,0,0
9809387,1,1,0,0,0,1,3
106143,2,1,1,1,2,0,0
9702272,1,1,0,0,0,1,4
9912280,1,1,0,0,1,0,0
106212,0,0,0,0,0,0,0
12156,4,3,1,1,0,4,30
103321,2,2,0,0,0,2,10
9909505,2,2,0,0,0,2,15
9603215,0,0,0,0,0,0,0
3230,0,0,0,0,0,0,0
104087,3,2,1,2,0,3,13
10191,3,1,2,2,0,3,52
9607274,2,1,1,1,0,2,2
9701297,1,1,0,0,1,0,0
7264,0,0,0,0,0,0,0
301231,2,2,0,0,2,0,0
9801335,1,1,0,0,0,1,5
9507447,1,1,0,0,1,0,0
9904453,0,0,0,0,0,0,0
9036,2,2,0,0,0,2,30
109073,0,0,0,0,0,0,0
9805388,0,0,0,0,0,0,0
202208,2,2,0,0,0,2,21
9503272,1,1,0,0,0,1,3
9705385,1,1,0,0,0,1,2
106328,2,2,0,0,0,2,29
9307372,2,2,0,0,2,0,0
9710246,2,2,0,0,0,2,6
102166,1,1,0,0,0,1,3
9611260,3,2,1,1,0,3,4
9912489,0,0,0,0,0,0,0
9321,1,1,0,0,0,1,10
9905383,2,1,1,1,2,0,0
9909282,0,0,0,0,0,0,0
9305231,1,1,0,0,1,0,0
205242,1,1,0,0,0,1,16
6067,2,1,1,1,2,0,0
11119,0,0,0,0,0,0,0
9711482,2,2,0,0,2,0,0
9503270,2,1,1,1,1,1,1
9908278,0,0,0,0,0,0,0
106274,1,1,0,0,0,1,10
9609506,0,0,0,0,0,0,0
9711505,0,0,0,0,0,0,0
9706310,2,2,0,0,0,2,30
105092,4,4,0,0,0,4,16
204339,3,3,0,0,0,3,13
102190,1,1,0,0,0,1,2
10061,0,0,0,0,0,0,0
9911484,0,0,0,0,0,0,0
9509314,5,1,4,6,5,0,0
107098,3,2,1,1,3,0,0
203220,4,1,3,4,0,4,10
104216,2,2,0,0,0,2,4
9507384,1,1,0,0,0,1,6
9303298,1,1,0,0,1,0,0
104068,3,3,0,0,0,3,13
9806225,3,2,1,1,0,3,6
103021,0,0,0,0,0,0,0
107332,2,2,0,0,0,2,15
5216,3,2,1,1,3,0,0
7027,2,2,0,0,0,2,3
207299,1,1,0,0,0,1,9
9510229,0,0,0,0,0,0,0
205072,3,2,1,1,0,3,12
9603283,2,2,0,0,0,2,2
9608339,6,1,5,10,0,6,12
105153,0,0,0,0,0,0,0
9603221,3,3,0,0,2,1,4
9702236,0,0,0,0,0,0,0
211378,3,1,2,3,0,3,115
206299,0,0,0,0,0,0,0
9902253,0,0,0,0,0,0,0
9406216,1,1,0,0,1,0,0
203085,2,2,0,0,0,2,2
105016,3,1,2,2,2,1,1
108256,4,2,2,4,0,4,20
111081,0,0,0,0,0,0,0
3229,0,0,0,0,0,0,0
107298,0,0,0,0,0,0,0
1179,1,1,0,0,1,0,0
9802247,1,1,0,0,0,1,3
301235,0,0,0,0,0,0,0
9308259,2,2,0,0,1,1,1
9807458,0,0,0,0,0,0,0
205146,0,0,0,0,0,0,0
9611345,3,1,2,2,3,0,0
9506255,4,2,2,4,4,0,0
107008,0,0,0,0,0,0,0
9510355,0,0,0,0,0,0,0
9608436,1,1,0,0,0,1,3
9904412,1,1,0,0,0,1,5
9409280,4,3,1,1,4,0,0
9909571,1,1,0,0,0,1,3
9509387,0,0,0,0,0,0,0
212089,1,1,0,0,0,1,12
9606461,2,1,1,1,1,1,5
9610480,2,1,1,1,0,2,4
301264,0,0,0,0,0,0,0
9612375,4,4,0,0,2,2,2
111005,0,0,0,0,0,0,0
9902211,0,0,0,0,0,0,0
9911497,0,0,0,0,0,0,0
7156,0,0,0,0,0,0,0
105300,1,1,0,0,0,1,1
8101,0,0,0,0,0,0,0
206262,2,1,1,1,0,2,20
9326,0,0,0,0,0,0,0
9905574,2,2,0,0,1,1,2
209358,0,0,0,0,0,0,0
9712215,4,1,3,4,0,4,4
212295,1,1,0,0,0,1,4
106018,1,1,0,0,1,0,0
7138,0,0,0,0,0,0,0
9712465,0,0,0,0,0,0,0
209101,0,0,0,0,0,0,0
9809325,1,1,0,0,0,1,1
205224,3,2,1,1,0,3,16
211342,2,2,0,0,0,2,14
111055,0,0,0,0,0,0,0
109055,1,1,0,0,0,1,1
107049,2,1,1,1,1,1,1
9811490,1,1,0,0,0,1,6
103349,1,1,0,0,1,0,0
111118,0,0,0,0,0,0,0
301032,0,0,0,0,0,0,0
210084,0,0,0,0,0,0,0
9507448,0,0,0,0,0,0,0
9810418,1,1,0,0,0,1,1
101125,2,1,1,1,0,2,2
9506349,2,1,1,1,2,0,0
205183,1,1,0,0,0,1,2
9711202,0,0,0,0,0,0,0
211112,1,1,0,0,0,1,1
9901275,0,0,0,0,0,0,0
9610497,0,0,0,0,0,0,0
9606228,0,0,0,0,0,0,0
9905573,2,2,0,0,2,0,0
5169,2,2,0,0,0,2,3
9808414,2,1,1,1,0,2,4
9806538,1,1,0,0,0,1,3
302160,0,0,0,0,0,0,0
9512254,0,0,0,0,0,0,0
9410202,0,0,0,0,0,0,0
9316,0,0,0,0,0,0,0
9709451,0,0,0,0,0,0,0
10263,1,1,0,0,0,1,1
9100,0,0,0,0,0,0,0
9506306,0,0,0,0,0,0,0
9807463,1,1,0,0,0,1,2
9909468,0,0,0,0,0,0,0
207168,1,1,0,0,0,1,3
9904205,0,0,0,0,0,0,0
9308239,0,0,0,0,0,0,0
9407275,1,1,0,0,1,0,0
9903210,0,0,0,0,0,0,0
207189,0,0,0,0,0,0,0
106234,0,0,0,0,0,0,0
10317,0,0,0,0,0,0,0
302051,0,0,0,0,0,0,0
9910447,0,0,0,0,0,0,0
9705376,0,0,0,0,0,0,0
9212228,1,1,0,0,1,0,0
105022,1,1,0,0,0,1,3
5148,0,0,0,0,0,0,0
210335,1,1,0,0,0,1,5
9015,0,0,0,0,0,0,0
210408,1,1,0,0,0,1,10
111261,2,2,0,0,0,2,5
301229,0,0,0,0,0,0,0
9128,1,1,0,0,0,1,6
9905508,0,0,0,0,0,0,0
205318,3,2,1,1,0,3,20
9706445,0,0,0,0,0,0,0
9308219,0,0,0,0,0,0,0
9910469,0,0,0,0,0,0,0
9804346,0,0,0,0,0,0,0
9802389,0,0,0,0,0,0,0
8067,0,0,0,0,0,0,0
206198,2,1,1,1,2,0,0
205204,0,0,0,0,0,0,0
101228,0,0,0,0,0,0,0
10200,0,0,0,0,0,0,0
8293,0,0,0,0,0,0,0
9903485,0,0,0,0,0,0,0
9104,0,0,0,0,0,0,0
211042,1,1,0,0,0,1,7
107285,0,0,0,0,0,0,0
9607221,0,0,0,0,0,0,0
210390,0,0,0,0,0,0,0
106106,0,0,0,0,0,0,0
112167,0,0,0,0,0,0,0
9804220,0,0,0,0,0,0,0
5237,1,1,0,0,1,0,0
9806320,0,0,0,0,0,0,0
106241,0,0,0,0,0,0,0
104214,2,1,1,1,0,2,17
9406240,0,0,0,0,0,0,0
208195,0,0,0,0,0,0,0
7124,0,0,0,0,0,0,0
111274,0,0,0,0,0,0,0
301088,0,0,0,0,0,0,0
106103,0,0,0,0,0,0,0
9609402,0,0,0,0,0,0,0
9712460,0,0,0,0,0,0,0
211120,0,0,0,0,0,0,0
4102,0,0,0,0,0,0,0
9404304,0,0,0,0,0,0,0
9608298,0,0,0,0,0,0,0
9501321,0,0,0,0,0,0,0
111280,0,0,0,0,0,0,0
9905342,1,1,0,0,0,1,12
203043,1,1,0,0,0,1,1
3310,0,0,0,0,0,0,0
108263,1,1,0,0,0,1,10
9608208,1,1,0,0,0,1,1
108045,2,1,1,1,2,0,0
9411284,0,0,0,0,0,0,0
101296,0,0,0,0,0,0,0
210395,0,0,0,0,0,0,0
209075,0,0,0,0,0,0,0
208258,0,0,0,0,0,0,0
9908517,0,0,0,0,0,0,0
9810326,0,0,0,0,0,0,0
10311,0,0,0,0,0,0,0
3126,0,0,0,0,0,0,0
208094,0,0,0,0,0,0,0
9509202,1,1,0,0,1,0,0
9605390,0,0,0,0,0,0,0
9406244,1,1,0,0,1,0,0
9510445,0,0,0,0,0,0,0
210121,0,0,0,0,0,0,0
9806262,0,0,0,0,0,0,0
205324,0,0,0,0,0,0,0
9908392,0,0,0,0,0,0,0
9608312,1,1,0,0,0,1,2
204172,2,1,1,1,0,2,10
112272,0,0,0,0,0,0,0
9812424,1,1,0,0,0,1,2
207202,0,0,0,0,0,0,0
9805462,1,1,0,0,0,1,3
301169,0,0,0,0,0,0,0
9912239,0,0,0,0,0,0,0
204298,0,0,0,0,0,0,0
9804369,5,1,4,7,0,5,11
9909279,0,0,0,0,0,0,0
110372,0,0,0,0,0,0,0
203268,0,0,0,0,0,0,0
207188,0,0,0,0,0,0,0
9608348,0,0,0,0,0,0,0
9207230,0,0,0,0,0,0,0
9610386,0,0,0,0,0,0,0
9911355,0,0,0,0,0,0,0
9402338,0,0,0,0,0,0,0
9804374,0,0,0,0,0,0,0
4163,1,1,0,0,0,1,2
9906364,0,0,0,0,0,0,0
9909457,0,0,0,0,0,0,0
103071,0,0,0,0,0,0,0
301138,0,0,0,0,0,0,0
7164,0,0,0,0,0,0,0
212196,0,0,0,0,0,0,0
9606276,0,0,0,0,0,0,0
9711490,0,0,0,0,0,0,0
9509417,1,1,0,0,1,0,0
9907236,0,0,0,0,0,0,0
9602227,0,0,0,0,0,0,0
9910455,1,1,0,0,0,1,3
9909370,1,1,0,0,1,0,0
212342,1,1,0,0,0,1,11
109196,0,0,0,0,0,0,0
209195,0,0,0,0,0,0,0
10268,0,0,0,0,0,0,0
301258,0,0,0,0,0,0,0
11185,0,0,0,0,0,0,0
9611405,0,0,0,0,0,0,0
203269,0,0,0,0,0,0,0
207283,0,0,0,0,0,0,0
102220,0,0,0,0,0,0,0
9806330,0,0,0,0,0,0,0
8001,0,0,0,0,0,0,0
105070,0,0,0,0,0,0,0
9504401,0,0,0,0,0,0,0
9508410,0,0,0,0,0,0,0
9811385,0,0,0,0,0,0,0
9912349,0,0,0,0,0,0,0
10085,1,1,0,0,1,0,0
206225,0,0,0,0,0,0,0
9912546,0,0,0,0,0,0,0
9403375,1,1,0,0,1,0,0
105106,0,0,0,0,0,0,0
9911439,0,0,0,0,0,0,0
212155,0,0,0,0,0,0,0
9801231,0,0,0,0,0,0,0
103250,0,0,0,0,0,0,0
9910398,0,0,0,0,0,0,0
102024,0,0,0,0,0,0,0
9506297,0,0,0,0,0,0,0
201270,1,1,0,0,1,0,0
207317,0,0,0,0,0,0,0
210029,0,0,0,0,0,0,0
11279,1,1,0,0,1,0,0
212359,0,0,0,0,0,0,0
105068,0,0,0,0,0,0,0
9705431,0,0,0,0,0,0,0
9310,0,0,0,0,0,0,0
9912414,1,1,0,0,1,0,0
9505202,0,0,0,0,0,0,0
9701259,0,0,0,0,0,0,0
110024,0,0,0,0,0,0,0
4088,1,1,0,0,1,0,0
101164,0,0,0,0,0,0,0
9708424,0,0,0,0,0,0,0
9805267,0,0,0,0,0,0,0
212039,0,0,0,0,0,0,0
9606450,0,0,0,0,0,0,0
211202,0,0,0,0,0,0,0
207173,0,0,0,0,0,0,0
9812329,0,0,0,0,0,0,0
9604433,0,0,0,0,0,0,0
301083,0,0,0,0,0,0,0
9325,0,0,0,0,0,0,0
5187,1,1,0,0,1,0,0
11106,0,0,0,0,0,0,0
5201,0,0,0,0,0,0,0
9907396,0,0,0,0,0,0,0
9404351,1,1,0,0,1,0,0
103268,0,0,0,0,0,0,0
1018,0,0,0,0,0,0,0
106284,0,0,0,0,0,0,0
301052,0,0,0,0,0,0,0
6220,0,0,0,0,0,0,0
102326,0,0,0,0,0,0,0
9809516,0,0,0,0,0,0,0
9710369,0,0,0,0,0,0,0
302242,0,0,0,0,0,0,0
12308,81,8,73,342,30,51,155
6357,1,1,0,0,0,1,3
9705292,83,13,70,420,41,42,60
9308272,60,7,53,429,60,0,0
9608365,33,7,26,168,0,33,137
9505393,10,6,4,4,1,9,16
9312202,26,8,18,44,16,10,11
9404335,12,1,11,19,3,9,12
9911385,28,4,24,83,1,27,149
9912281,3,2,1,1,2,1,2
9606231,33,4,29,139,2,31,111
9709275,3,1,2,3,0,3,13
9907375,1,1,0,0,0,1,6
12256,3,2,1,1,0,3,21
9411426,161,13,148,1045,72,89,208
9806287,33,9,24,91,0,33,234
9212268,17,3,14,37,17,0,0
9704220,9,3,6,10,9,0,0
8125,8,3,5,8,1,7,36
9406430,39,3,36,146,21,18,48
9211240,6,4,2,2,6,0,0
9309211,16,5,11,29,7,9,11
9410310,29,2,27,89,27,2,2
9410232,26,4,22,84,1,25,115
9308325,52,3,49,229,52,0,0
9512378,41,12,29,89,14,27,84
9509423,67,9,58,264,67,0,0
9811390,113,7,106,1036,19,94,277
9805238,21,1,20,73,4,17,23
9806540,101,5,96,673,1,100,100
9607419,13,2,11,20,1,12,12
9812282,90,7,83,480,18,72,377
9911238,8,4,4,5,1,7,16
9712239,7,2,5,7,0,7,46
9807305,57,5,52,225,4,53,238
9806376,9,6,3,4,0,9,86
9603292,3,3,0,0,0,3,8
9307344,11,4,7,15,6,5,7
9809458,17,4,13,31,1,16,55
2060,20,3,17,59,0,20,76
9907476,1,1,0,0,0,1,1
9610517,12,4,8,17,0,12,58
9706385,14,4,10,37,0,14,42
9307275,2,2,0,0,1,1,1
9811205,8,4,4,5,0,8,30
9803335,4,2,2,2,2,2,12
9510439,89,6,83,561,27,62,116
9408224,81,3,78,831,53,28,28
9511444,16,3,13,44,0,16,67
9703436,52,8,44,167,12,40,155
9311269,63,19,44,126,11,52,177
9607392,22,6,16,46,7,15,44
9712224,87,8,79,614,2,85,562
1088,13,1,12,29,0,13,189
9711402,15,4,11,28,1,14,43
106005,1,1,0,0,0,1,1
9604387,88,15,73,301,21,67,167
9702291,18,5,13,50,0,18,237
9709383,13,3,10,22,0,13,153
9303226,31,6,25,95,19,12,12
9910505,7,4,3,5,0,7,9
11336,44,10,34,192,0,44,152
9603314,93,6,87,479,5,88,669
10181,4,2,2,3,0,4,116
9712372,60,8,52,235,2,58,349
9603244,31,2,29,135,8,23,38
9903544,35,1,34,187,4,31,61
1093,18,5,13,35,5,13,17
9606211,85,6,79,600,17,68,284
9401308,61,6,55,222,9,52,52
9610323,60,9,51,269,4,56,230
9306320,170,29,141,654,97,73,174
9812267,18,3,15,35,0,18,93
9904220,49,4,45,355,0,49,373
9604320,85,1,84,833,5,80,514
9512421,16,5,11,35,0,16,63
9310242,35,11,24,99,28,7,7
9602431,4,3,1,2,4,0,0
9302280,76,11,65,541,76,0,0
9405248,3,1,2,3,0,3,17
9707481,93,2,91,804,33,60,186
9607290,48,8,40,137,15,33,64
9611225,23,1,22,96,23,0,0
9501376,14,1,13,33,14,0,0
8197,2,1,1,1,0,2,4
9302225,87,10,77,509,87,0,0
9903218,16,3,13,28,0,16,112
9507237,35,6,29,102,20,15,32
9404235,7,2,5,9,7,0,0
9308262,105,12,93,480,3,102,216
9712242,9,1,8,17,9,0,0
9903260,47,5,42,285,0,47,446
9309272,24,10,14,31,17,7,17
9803236,3,3,0,0,0,3,12
9211230,4,2,2,2,4,0,0
9808380,0,0,0,0,0,0,0
9611453,24,2,22,83,0,24,95
103314,10,6,4,4,2,8,17
9801430,73,4,69,433,15,58,208
9906257,16,3,13,51,0,16,100
9501229,13,2,11,26,4,9,13
9509333,16,6,10,30,13,3,3
9910299,5,2,3,5,0,5,73
9603290,13,2,11,29,3,10,23
9408233,21,8,13,27,7,14,15
9902274,4,2,2,2,0,4,25
9808474,5,1,4,7,0,5,5
9810409,37,2,35,299,0,37,256
7294,43,2,41,192,4,39,125
9408366,10,5,5,6,10,0,0
9058,21,10,11,24,1,20,274
9905523,63,1,62,533,0,63,448
9204207,34,6,28,112,34,0,0
9811227,30,3,27,153,0,30,134
110285,0,0,0,0,0,0,0
9602375,14,5,9,12,13,1,1
9906513,60,2,58,324,0,60,364
9209269,40,9,31,152,40,0,0
9406359,33,8,25,97,27,6,7
9708364,15,4,11,34,0,15,83
9810457,122,9,113,1261,5,117,438
9803290,42,5,37,193,1,41,208
1122,28,4,24,100,0,28,76
9706408,15,3,12,34,0,15,61
9612268,13,6,7,12,4,9,14
9604338,12,1,11,22,3,9,45
9505252,7,3,4,5,1,6,13
9803484,7,4,3,4,6,1,1
9708455,15,5,10,20,1,14,23
9910449,5,4,1,1,2,3,4
9809315,29,3,26,124,0,29,165
9903261,10,5,5,9,0,10,77
9709399,9,3,6,12,6,3,3
9312329,11,1,10,24,3,8,15
9711330,4,2,2,2,4,0,0
9803470,5,4,1,2,0,5,12
9307222,37,7,30,100,37,0,0
9403370,24,7,17,37,12,12,13
9612293,7,3,4,8,0,7,37
205162,1,1,0,0,1,0,0
9506217,23,4,19,57,1,22,89
9912317,20,5,15,47,0,20,127
7227,18,4,14,30,0,18,109
9310250,1,1,0,0,1,0,0
9401285,21,1,20,55,11,10,10
9209275,9,1,8,22,9,0,0
102344,83,5,78,621,0,83,626
9912460,19,1,18,108,0,19,73
102242,21,1,20,126,0,21,187
7202,11,6,5,10,0,11,39
9307208,54,8,46,260,12,42,72
202076,16,4,12,28,0,16,210
9807501,94,2,92,928,14,80,248
9902409,5,2,3,5,0,5,12
105269,28,4,24,74,3,25,256
8012,13,3,10,14,5,8,35
9510422,10,5,5,9,0,10,11
104269,8,2,6,9,1,7,30
9402335,158,5,153,1709,158,0,0
9708392,5,4,1,2,2,3,6
9602318,4,3,1,1,0,4,20
9309276,1,1,0,0,1,0,0
9706334,19,6,13,23,0,19,84
9702389,25,6,19,48,5,20,51
9902407,44,1,43,296,1,43,120
9907362,63,6,57,252,0,63,553
1080,7,6,1,1,1,6,26
9504355,8,6,2,3,3,5,5
101124,34,8,26,106,0,34,422
201206,29,7,22,79,2,27,129
201127,28,8,20,55,1,27,183
9907471,4,3,1,1,0,4,5
109085,26,2,24,164,0,26,158
4086,12,5,7,13,0,12,71
9711405,11,3,8,21,0,11,40
9606428,28,9,19,53,12,16,27
12100,56,10,46,195,6,50,211
9909392,6,3,3,6,0,6,95
9912265,40,8,32,109,0,40,98
9908326,41,6,35,213,0,41,258
9803259,6,3,3,4,0,6,61
9808255,16,3,13,30,3,13,25
9803257,19,10,9,17,0,19,83
9411432,7,4,3,3,7,0,0
9603201,9,3,6,15,1,8,12
8145,6,2,4,11,6,0,0
9302267,21,3,18,46,9,12,12
4255,12,1,11,30,0,12,82
3321,15,5,10,15,9,6,9
9711450,21,3,18,42,15,6,11
7031,39,2,37,200,0,39,234
9803364,6,1,5,7,0,6,23
9707223,34,6,28,82,0,34,304
9701324,10,2,8,24,2,8,10
9707484,9,5,4,8,0,9,50
9712467,20,3,17,64,0,20,101
9408396,12,2,10,31,5,7,7
9704351,17,6,11,25,1,16,80
9808425,15,2,13,53,1,14,89
209372,0,0,0,0,0,0,0
9610495,17,3,14,33,11,6,6
9612421,16,4,12,31,3,13,88
9906224,53,13,40,114,0,53,477
9503437,13,5,8,11,11,2,2
9701264,2,1,1,1,0,2,9
9503234,6,2,4,9,1,5,16
9810220,7,2,5,5,2,5,19
9707352,14,2,12,40,0,14,28
1312,21,2,19,60,0,21,186
9710451,17,6,11,16,5,12,31
9904501,5,3,2,2,1,4,4
9412381,14,1,13,42,10,4,5
9711371,40,6,34,140,0,40,216
105050,3,1,2,3,0,3,3
9610261,3,2,1,1,0,3,4
9702227,14,7,7,16,0,14,65
9703363,7,2,5,8,1,6,39
9911506,2,2,0,0,0,2,12
9301244,81,13,68,406,81,0,0
9601317,9,6,3,3,2,7,12
9401314,9,4,5,7,9,0,0
9805380,49,4,45,183,7,42,168
9503266,28,10,18,61,16,12,21
9703424,6,3,3,3,4,2,3
9511469,8,5,3,3,3,5,12
9511448,22,4,18,34,8,14,27
9705233,2,2,0,0,0,2,5
9707244,26,11,15,43,1,25,92
9806324,26,5,21,54,2,24,87
9710361,3,2,1,1,3,0,0
9310313,33,3,30,166,31,2,2
9612337,11,1,10,31,0,11,81
9312355,32,2,30,120,4,28,54
9505435,4,3,1,1,0,4,21
9510230,2,2,0,0,0,2,10
9906222,12,5,7,15,0,12,175
9306322,23,2,21,102,10,13,14
9907372,19,2,17,65,5,14,52
103328,7,4,3,4,0,7,13
9809206,8,5,3,4,2,6,22
9412219,15,5,10,21,5,10,10
9712389,15,7,8,15,0,15,94
9503456,4,3,1,2,0,4,23
9804255,47,6,41,201,1,46,391
9807557,6,3,3,5,0,6,31
111086,5,2,3,6,0,5,18
9902427,6,4,2,4,1,5,18
9805314,2,1,1,1,2,0,0
9704378,12,6,6,12,0,12,31
9603347,5,4,1,2,0,5,15
9512442,24,4,20,39,12,12,20
9409342,1,1,0,0,0,1,5
9803367,2,2,0,0,0,2,3
9811438,6,4,2,3,1,5,23
9707351,16,2,14,40,0,16,84
9508295,4,3,1,2,0,4,15
9605209,13,3,10,18,2,11,30
9904472,45,7,38,159,2,43,222
9705430,8,4,4,5,5,3,4
202082,0,0,0,0,0,0,0
9610327,1,1,0,0,1,0,0
9907360,20,4,16,43,1,19,129
9907496,31,2,29,166,1,30,268
1188,9,2,7,9,1,8,20
9901384,51,15,36,123,1,50,218
9402295,21,4,17,58,10,11,19
9602319,1,1,0,0,0,1,3
105344,13,4,9,36,13,0,0
207101,12,6,6,13,0,12,93
9610506,14,2,12,36,1,13,44
9707412,32,8,24,81,3,29,357
107214,0,0,0,0,0,0,0
9911455,1,1,0,0,0,1,2
202200,1,1,0,0,0,1,6
9508412,6,1,5,9,1,5,12
8129,17,4,13,27,1,16,22
9606398,8,1,7,15,4,4,7
6168,5,4,1,1,0,5,14
9504368,1,1,0,0,0,1,3
9610479,13,3,10,15,4,9,26
9707316,38,3,35,123,0,38,199
9906459,8,2,6,14,0,8,47
9410273,18,4,14,20,8,10,18
8160,2,2,0,0,0,2,2
9406382,39,10,29,115,39,0,0
9905277,9,4,5,6,1,8,21
204299,7,5,2,3,0,7,79
9712438,18,3,15,30,1,17,67
9812357,18,8,10,20,1,17,122
9503215,16,4,12,17,2,14,35
9806530,6,2,4,5,0,6,27
9806461,8,4,4,13,0,8,41
208103,2,2,0,0,0,2,18
3068,7,1,6,14,0,7,101
105087,24,8,16,66,1,23,260
9511382,8,3,5,8,2,6,17
9711231,36,2,34,150,7,29,58
9205235,10,5,5,8,10,0,0
11104,7,3,4,6,0,7,39
111020,2,2,0,0,0,2,16
9609395,9,2,7,16,0,9,26
106283,3,3,0,0,0,3,5
202269,6,5,1,1,0,6,63
207135,5,1,4,8,0,5,19
9405329,6,2,4,6,0,6,12
9703411,17,4,13,36,2,15,43
9402337,41,4,37,201,27,14,22
112260,11,7,4,4,0,11,30
103105,11,2,9,33,0,11,122
9405431,31,4,27,135,1,30,208
9603340,21,5,16,50,0,21,63
9901329,7,5,2,2,3,4,7
9703224,12,2,10,23,0,12,22
9509392,1,1,0,0,0,1,1
9606216,6,2,4,9,3,3,13
9810504,9,3,6,18,0,9,9
9812366,49,6,43,193,1,48,236
108176,3,1,2,2,0,3,13
9906411,10,1,9,29,7,3,3
102207,6,3,3,4,0,6,27
103087,21,5,16,45,1,20,139
9310324,16,3,13,42,16,0,0
1130,8,5,3,6,2,6,23
9707269,5,2,3,4,0,5,32
7303,4,2,2,2,0,4,19
9503323,4,2,2,3,0,4,23
202210,11,1,10,26,1,10,41
111215,13,4,9,23,0,13,119
202006,13,4,9,22,0,13,53
9206244,13,4,9,19,13,0,0
104112,14,1,13,45,0,14,72
9909563,2,1,1,1,0,2,2
5311,7,1,6,15,0,7,27
203192,2,2,0,0,0,2,3
111319,3,1,2,2,0,3,26
8177,1,1,0,0,0,1,3
9508206,7,3,4,7,2,5,8
204040,5,2,3,3,0,5,66
9405273,25,3,22,96,8,17,17
9803411,2,2,0,0,0,2,3
9409364,5,3,2,4,2,3,3
101275,29,1,28,141,0,29,418
9512427,34,2,32,88,4,30,85
9709453,24,6,18,59,4,20,73
101306,3,3,0,0,0,3,21
9603284,7,3,4,7,7,0,0
9312353,1,1,0,0,0,1,1
9811289,2,2,0,0,0,2,5
9809550,15,5,10,18,0,15,107
9404355,7,2,5,11,0,7,17
9702371,1,1,0,0,1,0,0
9812215,3,3,0,0,0,3,7
110262,11,4,7,15,3,8,8
9602267,4,3,1,2,0,4,6
9611258,5,3,2,3,0,5,18
110375,3,1,2,3,0,3,21
9804434,10,1,9,11,0,10,28
9404325,8,5,3,3,5,3,3
4056,31,2,29,235,0,31,89
101213,3,2,1,1,0,3,35
9803272,18,4,14,28,7,11,18
101347,12,6,6,9,0,12,95
9302255,7,5,2,2,6,1,1
6015,9,5,4,5,5,4,7
6084,1,1,0,0,0,1,6
5194,6,2,4,11,0,6,22
111287,1,1,0,0,0,1,1
105165,6,3,3,3,0,6,57
9902303,14,3,11,22,4,10,31
9807451,2,2,0,0,1,1,1
9309328,3,1,2,2,3,0,0
9206240,4,2,2,3,4,0,0
9503427,1,1,0,0,1,0,0
4001,6,5,1,1,0,6,60
9802412,8,6,2,4,0,8,37
210399,1,1,0,0,0,1,3
101040,0,0,0,0,0,0,0
9712297,9,5,4,8,4,5,5
9312268,28,6,22,44,22,6,6
104170,0,0,0,0,0,0,0
9610456,13,3,10,26,1,12,87
209200,4,2,2,2,0,4,10
9703308,3,3,0,0,0,3,9
111431,0,0,0,0,0,0,0
9910389,2,1,1,1,0,2,6
1140,0,0,0,0,0,0,0
4092,1,1,0,0,0,1,4
9807481,0,0,0,0,0,0,0
9706338,1,1,0,0,0,1,2
9508354,8,2,6,9,1,7,17
9812283,4,2,2,2,0,4,9
9810400,2,1,1,1,0,2,15
9610326,16,4,12,16,0,16,26
105320,2,2,0,0,0,2,7
106206,6,2,4,8,0,6,35
9298,5,5,0,0,0,5,35
9803319,4,3,1,2,0,4,32
9409316,5,2,3,4,4,1,4
8196,4,3,1,1,0,4,24
9302287,2,1,1,1,0,2,3
9609459,4,1,3,5,3,1,2
9810527,0,0,0,0,0,0,0
203271,2,2,0,0,0,2,12
9811417,9,3,6,9,3,6,27
9512201,1,1,0,0,0,1,1
9902464,2,1,1,1,0,2,9
102270,12,2,10,20,1,11,71
9504421,1,1,0,0,0,1,1
7005,16,4,12,49,0,16,149
9403205,1,1,0,0,1,0,0
9606391,5,2,3,5,1,4,4
9708210,2,2,0,0,2,0,0
9604426,2,1,1,1,0,2,4
9001,13,1,12,50,0,13,27
202128,0,0,0,0,0,0,0
9910342,5,3,2,3,0,5,20
204086,2,1,1,1,0,2,26
111233,7,4,3,6,0,7,35
9807422,9,4,5,10,2,7,9
8181,4,1,3,4,0,4,22
9908519,3,3,0,0,0,3,5
9710439,1,1,0,0,0,1,7
9908305,8,5,3,4,1,7,36
9407395,9,3,6,16,2,7,7
104109,16,6,10,20,4,12,33
9610315,8,3,5,13,1,7,17
9301284,6,1,5,6,6,0,0
9707341,10,3,7,21,0,10,28
2259,10,2,8,16,1,9,18
9806352,21,5,16,62,0,21,83
9209282,1,1,0,0,1,0,0
9606384,3,3,0,0,0,3,16
9303269,3,1,2,2,3,0,0
209353,3,2,1,1,0,3,17
9606287,6,3,3,3,1,5,5
9306236,7,3,4,7,7,0,0
9510359,18,4,14,40,1,17,36
9803458,2,1,1,1,0,2,6
9912364,6,3,3,4,0,6,38
207344,2,2,0,0,0,2,11
9907542,8,3,5,16,0,8,24
9304250,1,1,0,0,1,0,0
203021,2,1,1,1,0,2,15
9807211,14,1,13,54,9,5,8
7088,8,2,6,11,0,8,29
9602331,1,1,0,0,1,0,0
105234,8,2,6,8,8,0,0
207352,5,4,1,1,1,4,15
201105,5,5,0,0,0,5,21
9407336,14,2,12,40,14,0,0
106320,6,1,5,7,0,6,17
201171,5,1,4,4,0,5,20
111070,0,0,0,0,0,0,0
9801414,7,2,5,14,1,6,8
9809583,12,1,11,35,0,12,22
202010,15,6,9,13,2,13,54
206133,1,1,0,0,0,1,7
9406324,6,4,2,3,0,6,10
9204232,4,4,0,0,4,0,0
109272,7,4,3,3,0,7,17
9605457,9,6,3,3,1,8,19
9801338,0,0,0,0,0,0,0
9705328,2,2,0,0,1,1,3
111227,7,2,5,16,0,7,124
9506422,9,2,7,11,9,0,0
108274,1,1,0,0,0,1,6
9907388,1,1,0,0,0,1,5
9607474,0,0,0,0,0,0,0
9903418,14,2,12,39,0,14,229
207044,5,3,2,2,0,5,19
9708315,2,1,1,1,0,2,6
9801428,0,0,0,0,0,0,0
9703272,2,2,0,0,2,0,0
201233,5,2,3,5,5,0,0
6197,12,1,11,52,0,12,27
204132,2,2,0,0,0,2,13
7008,9,4,5,11,0,9,64
9808288,1,1,0,0,0,1,11
111198,2,1,1,1,0,2,35
108065,5,2,3,3,2,3,11
9806389,3,2,1,1,0,3,4
9606347,6,2,4,10,6,0,0
106223,3,3,0,0,0,3,31
210140,2,2,0,0,0,2,8
6029,3,3,0,0,0,3,13
208209,9,9,0,0,0,9,191
111048,1,1,0,0,0,1,5
9909534,3,3,0,0,0,3,29
9807492,4,3,1,1,0,4,9
9805480,1,1,0,0,0,1,4
9809248,3,2,1,1,3,0,0
9912357,5,5,0,0,1,4,9
9809417,3,3,0,0,1,2,3
9297,9,5,4,5,0,9,82
106055,12,5,7,7,1,11,41
9308358,3,1,2,2,0,3,3
107254,5,2,3,5,1,4,28
9704276,9,3,6,12,1,8,68
9802305,1,1,0,0,0,1,4
9904460,4,4,0,0,0,4,70
9702294,2,1,1,1,0,2,5
8301,4,2,2,2,0,4,52
9702403,4,2,2,2,2,2,8
105289,0,0,0,0,0,0,0
111010,0,0,0,0,0,0,0
207277,3,2,1,2,0,3,65
9806526,18,3,15,59,0,18,154
9909423,14,4,10,27,1,13,73
9908321,9,1,8,20,5,4,4
7352,3,1,2,3,0,3,8
9408379,3,2,1,1,1,2,2
1035,1,1,0,0,0,1,4
9611426,4,3,1,1,2,2,7
9607459,12,6,6,8,4,8,14
9801336,0,0,0,0,0,0,0
9406332,6,3,3,4,6,0,0
10206,1,1,0,0,0,1,3
9709339,2,2,0,0,0,2,8
9504243,1,1,0,0,1,0,0
10007,2,1,1,1,0,2,20
9802410,7,1,6,13,4,3,4
9703241,16,4,12,45,0,16,55
9907245,12,5,7,18,1,11,36
9910448,2,1,1,1,0,2,5
7015,4,1,3,4,0,4,27
9608327,5,2,3,5,5,0,0
9905368,3,2,1,1,0,3,14
105173,1,1,0,0,0,1,3
111098,10,4,6,12,0,10,57
106275,12,4,8,11,6,6,42
112151,3,3,0,0,2,1,1
9809269,2,2,0,0,0,2,5
12202,3,3,0,0,2,1,3
7169,7,3,4,9,0,7,36
9707514,3,1,2,3,0,3,7
9611282,5,2,3,5,0,5,13
102001,8,3,5,13,0,8,34
8200,2,2,0,0,1,1,1
9903339,1,1,0,0,0,1,2
9410243,4,3,1,1,4,0,0
9503283,1,1,0,0,0,1,2
104008,3,3,0,0,0,3,4
106174,2,2,0,0,0,2,15
208123,2,2,0,0,0,2,13
9409261,2,1,1,1,2,0,0
106030,1,1,0,0,0,1,1
102276,5,2,3,4,2,3,7
208240,1,1,0,0,0,1,18
207122,1,1,0,0,1,0,0
9910412,1,1,0,0,0,1,4
3253,5,2,3,4,0,5,23
210045,1,1,0,0,0,1,7
9709317,1,1,0,0,0,1,8
9304207,4,2,2,2,4,0,0
202194,10,1,9,25,10,0,0
9803390,5,3,2,2,0,5,6
9504422,6,2,4,6,0,6,9
9805295,2,1,1,1,0,2,11
9502207,3,2,1,1,0,3,16
5106,7,2,5,6,1,6,21
9512302,1,1,0,0,1,0,0
211108,1,1,0,0,0,1,5
9701237,2,1,1,1,0,2,2
9509323,0,0,0,0,0,0,0
9903234,14,4,10,18,2,12,22
9611294,2,2,0,0,2,0,0
9412293,2,2,0,0,2,0,0
9808256,9,5,4,8,0,9,31
9806380,2,2,0,0,1,1,2
203140,2,1,1,1,0,2,13
109075,0,0,0,0,0,0,0
9156,5,3,2,4,0,5,36
207260,3,2,1,1,3,0,0
9909532,3,3,0,0,0,3,9
9910521,4,1,3,5,0,4,4
106095,1,1,0,0,0,1,2
12014,1,1,0,0,0,1,6
3069,0,0,0,0,0,0,0
208030,0,0,0,0,0,0,0
9904445,1,1,0,0,0,1,5
9404352,0,0,0,0,0,0,0
9509412,3,3,0,0,1,2,7
201064,0,0,0,0,0,0,0
206290,5,4,1,1,0,5,48
203172,3,1,2,3,0,3,28
9806202,4,3,1,1,4,0,0
9905507,0,0,0,0,0,0,0
9302266,3,3,0,0,3,0,0
9601297,4,2,2,2,1,3,5
9902481,5,4,1,1,0,5,13
9502266,5,1,4,7,5,0,0
110152,1,1,0,0,1,0,0
9410288,5,2,3,4,1,4,14
9505373,3,3,0,0,2,1,1
104192,0,0,0,0,0,0,0
9804378,3,2,1,1,1,2,5
9403377,0,0,0,0,0,0,0
209303,2,2,0,0,0,2,17
9810306,3,3,0,0,1,2,2
9512445,7,1,6,10,3,4,8
1201,4,3,1,1,0,4,12
209178,4,2,2,3,0,4,53
9906207,1,1,0,0,0,1,1
9607351,5,4,1,1,2,3,6
3073,7,5,2,2,0,7,24
302193,0,0,0,0,0,0,0
3223,2,1,1,1,0,2,4
111075,6,3,3,5,1,5,18
104184,1,1,0,0,0,1,6
4081,1,1,0,0,0,1,2
9703459,1,1,0,0,0,1,4
4221,0,0,0,0,0,0,0
9907225,5,3,2,2,0,5,32
9401341,2,1,1,1,1,1,1
9511414,9,1,8,24,0,9,34
9812395,3,2,1,1,0,3,4
11070,1,1,0,0,0,1,8
9908297,1,1,0,0,0,1,1
8335,1,1,0,0,0,1,3
9809459,1,1,0,0,1,0,0
4040,2,1,1,1,2,0,0
209365,0,0,0,0,0,0,0
1191,3,1,2,3,0,3,13
9608463,4,2,2,2,2,2,3
6115,3,3,0,0,0,3,6
3213,8,6,2,3,8,0,0
9804291,1,1,0,0,0,1,1
211061,0,0,0,0,0,0,0
9605303,3,1,2,3,0,3,13
209194,4,1,3,5,0,4,11
4105,3,2,1,1,0,3,15
9801347,8,1,7,15,5,3,3
101109,2,1,1,1,2,0,0
101235,1,1,0,0,0,1,2
101200,3,3,0,0,3,0,0
9503447,2,2,0,0,1,1,1
9905298,1,1,0,0,1,0,0
101049,8,4,4,5,1,7,23
9605242,0,0,0,0,0,0,0
109062,6,3,3,4,0,6,48
9701203,0,0,0,0,0,0,0
9903325,5,2,3,5,0,5,11
109082,3,2,1,1,0,3,11
9710287,1,1,0,0,1,0,0
9803413,0,0,0,0,0,0,0
203164,0,0,0,0,0,0,0
9512213,3,2,1,1,0,3,31
106096,2,2,0,0,0,2,16
9707424,3,1,2,3,1,2,3
11003,4,2,2,2,0,4,39
107288,2,2,0,0,2,0,0
9305329,4,2,2,3,4,0,0
9704345,7,1,6,9,0,7,29
205319,3,3,0,0,0,3,22
11206,6,2,4,8,3,3,5
9910515,3,2,1,1,0,3,8
205251,1,1,0,0,0,1,1
104022,6,3,3,4,1,5,9
9603309,0,0,0,0,0,0,0
9912505,5,3,2,4,0,5,31
209010,9,1,8,11,0,9,47
9507328,0,0,0,0,0,0,0
107038,3,3,0,0,0,3,15
210325,0,0,0,0,0,0,0
101052,0,0,0,0,0,0,0
11335,3,2,1,1,1,2,3
210195,2,1,1,1,0,2,16
11347,0,0,0,0,0,0,0
9909409,3,1,2,2,0,3,9
205092,0,0,0,0,0,0,0
9608267,2,2,0,0,2,0,0
9702338,1,1,0,0,0,1,2
9802230,9,5,4,6,1,8,35
9209206,1,1,0,0,1,0,0
9809511,0,0,0,0,0,0,0
9804293,6,4,2,2,0,6,15
9506302,1,1,0,0,0,1,1
9610226,1,1,0,0,0,1,2
104025,3,1,2,3,0,3,3
9406226,1,1,0,0,0,1,3
104228,8,1,7,13,0,8,88
9908380,6,5,1,1,0,6,25
110314,0,0,0,0,0,0,0
9907556,5,2,3,4,0,5,31
1154,2,1,1,1,0,2,5
9406209,0,0,0,0,0,0,0
1247,1,1,0,0,0,1,9
9905537,2,1,1,1,2,0,0
9911537,3,3,0,0,0,3,16
9606331,0,0,0,0,0,0,0
101154,5,2,3,4,0,5,28
111343,4,3,1,2,1,3,8
9408403,2,2,0,0,2,0,0
11330,0,0,0,0,0,0,0
9607486,4,1,3,5,0,4,4
9609348,9,4,5,9,0,9,25
9401343,3,2,1,1,3,0,0
9712413,0,0,0,0,0,0,0
7291,6,2,4,7,0,6,53
9810212,0,0,0,0,0,0,0
3024,0,0,0,0,0,0,0
9905560,1,1,0,0,0,1,1
208088,6,2,4,6,0,6,72
211301,1,1,0,0,0,1,4
207214,1,1,0,0,0,1,1
203212,3,2,1,1,0,3,40
9351,0,0,0,0,0,0,0
9809283,0,0,0,0,0,0,0
111344,2,2,0,0,0,2,13
4198,3,2,1,1,3,0,0
301158,0,0,0,0,0,0,0
9609315,1,1,0,0,1,0,0
9912217,4,4,0,0,1,3,8
9709261,0,0,0,0,0,0,0
205010,2,2,0,0,0,2,12
9209263,2,1,1,1,2,0,0
9503429,1,1,0,0,1,0,0
5327,0,0,0,0,0,0,0
9807460,4,3,1,1,2,2,4
9610466,1,1,0,0,0,1,2
9712549,2,2,0,0,1,1,1
9912412,1,1,0,0,1,0,0
110066,2,1,1,1,2,0,0
9912219,0,0,0,0,0,0,0
108236,1,1,0,0,0,1,19
208126,1,1,0,0,0,1,9
9107,2,2,0,0,0,2,32
6288,0,0,0,0,0,0,0
9212233,1,1,0,0,1,0,0
109173,8,2,6,13,0,8,76
105007,0,0,0,0,0,0,0
9812428,3,3,0,0,0,3,6
109223,4,3,1,1,0,4,23
11377,5,2,3,5,2,3,3
9407321,3,3,0,0,3,0,0
201295,0,0,0,0,0,0,0
9407386,0,0,0,0,0,0,0
210382,0,0,0,0,0,0,0
9702241,1,1,0,0,1,0,0
9905307,0,0,0,0,0,0,0
9812220,1,1,0,0,0,1,2
9803441,0,0,0,0,0,0,0
204002,6,6,0,0,0,6,54
7167,2,1,1,1,2,0,0
210394,0,0,0,0,0,0,0
9803209,3,2,1,1,2,1,1
9610435,1,1,0,0,0,1,2
9301208,1,1,0,0,1,0,0
112231,1,1,0,0,0,1,12
301125,0,0,0,0,0,0,0
9701391,0,0,0,0,0,0,0
9607387,1,1,0,0,0,1,5
11116,2,1,1,1,0,2,13
105179,3,2,1,1,0,3,15
9511240,2,2,0,0,0,2,3
2222,4,1,3,3,4,0,0
101321,2,2,0,0,0,2,13
9601290,4,3,1,2,0,4,4
204237,2,1,1,1,0,2,5
12209,2,1,1,1,0,2,5
9601259,1,1,0,0,0,1,2
210223,0,0,0,0,0,0,0
9805256,1,1,0,0,0,1,3
204290,9,5,4,7,0,9,92
111305,2,1,1,1,0,2,6
9501207,2,2,0,0,2,0,0
9806418,1,1,0,0,1,0,0
103114,2,1,1,1,2,0,0
107259,3,2,1,2,0,3,10
208155,2,1,1,1,0,2,11
9612344,1,1,0,0,0,1,1
210216,1,1,0,0,0,1,5
9604319,0,0,0,0,0,0,0
112075,0,0,0,0,0,0,0
9609509,1,1,0,0,1,0,0
9512286,0,0,0,0,0,0,0
9905538,0,0,0,0,0,0,0
211393,3,3,0,0,0,3,5
112157,5,2,3,3,0,5,23
9801301,3,3,0,0,0,3,4
109163,1,1,0,0,0,1,1
9511234,2,2,0,0,0,2,3
9310226,0,0,0,0,0,0,0
205267,0,0,0,0,0,0,0
2203,3,3,0,0,1,2,8
9909518,3,3,0,0,3,0,0
9303302,1,1,0,0,1,0,0
9310288,3,3,0,0,3,0,0
9807301,0,0,0,0,0,0,0
101327,1,1,0,0,1,0,0
9307331,0,0,0,0,0,0,0
9309327,1,1,0,0,1,0,0
2180,0,0,0,0,0,0,0
9710202,1,1,0,0,0,1,1
9709404,2,2,0,0,0,2,2
12022,0,0,0,0,0,0,0
206294,3,1,2,2,3,0,0
9711233,1,1,0,0,0,1,6
9705369,0,0,0,0,0,0,0
9502216,1,1,0,0,1,0,0
9706485,2,2,0,0,0,2,6
9410370,2,2,0,0,1,1,4
207023,1,1,0,0,0,1,2
9312230,2,1,1,1,2,0,0
301148,0,0,0,0,0,0,0
212112,1,1,0,0,0,1,3
9612452,0,0,0,0,0,0,0
9806533,0,0,0,0,0,0,0
301217,0,0,0,0,0,0,0
9410374,0,0,0,0,0,0,0
9706442,0,0,0,0,0,0,0
105251,2,1,1,1,1,1,1
208119,1,1,0,0,0,1,4
209369,1,1,0,0,0,1,8
9607356,0,0,0,0,0,0,0
212009,0,0,0,0,0,0,0
7330,2,1,1,1,0,2,14
9808297,3,2,1,1,0,3,6
211223,0,0,0,0,0,0,0
106231,0,0,0,0,0,0,0
9209265,1,1,0,0,1,0,0
302121,0,0,0,0,0,0,0
204153,1,1,0,0,0,1,6
9805406,0,0,0,0,0,0,0
105002,0,0,0,0,0,0,0
2099,0,0,0,0,0,0,0
9806271,2,2,0,0,2,0,0
103225,1,1,0,0,0,1,5
211355,0,0,0,0,0,0,0
9242,1,1,0,0,1,0,0
6180,1,1,0,0,1,0,0
9907479,1,1,0,0,0,1,3
105083,0,0,0,0,0,0,0
108218,1,1,0,0,0,1,1
8224,4,3,1,1,1,3,9
9707486,1,1,0,0,0,1,3
9811292,0,0,0,0,0,0,0
9701424,1,1,0,0,0,1,1
301208,0,0,0,0,0,0,0
9810445,0,0,0,0,0,0,0
3257,1,1,0,0,1,0,0
112012,1,1,0,0,1,0,0
5243,0,0,0,0,0,0,0
9606376,0,0,0,0,0,0,0
206130,1,1,0,0,0,1,3
9611226,2,2,0,0,2,0,0
5105,4,1,3,5,0,4,73
9909331,0,0,0,0,0,0,0
210418,0,0,0,0,0,0,0
9407201,0,0,0,0,0,0,0
9907444,0,0,0,0,0,0,0
9909426,2,1,1,1,0,2,2
9512283,0,0,0,0,0,0,0
9904293,0,0,0,0,0,0,0
211347,0,0,0,0,0,0,0
5102,0,0,0,0,0,0,0
9608262,1,1,0,0,0,1,4
201073,0,0,0,0,0,0,0
5284,0,0,0,0,0,0,0
202045,1,1,0,0,0,1,1
9604361,0,0,0,0,0,0,0
101175,0,0,0,0,0,0,0
9810342,1,1,0,0,1,0,0
9906521,0,0,0,0,0,0,0
9412369,0,0,0,0,0,0,0
11173,0,0,0,0,0,0,0
105290,0,0,0,0,0,0,0
209116,2,2,0,0,1,1,1
211077,0,0,0,0,0,0,0
9807208,0,0,0,0,0,0,0
9812500,0,0,0,0,0,0,0
9509395,0,0,0,0,0,0,0
9609275,0,0,0,0,0,0,0
210363,0,0,0,0,0,0,0
9810377,0,0,0,0,0,0,0
6236,1,1,0,0,0,1,1
204174,2,1,1,1,0,2,13
6224,2,2,0,0,0,2,6
111116,0,0,0,0,0,0,0
210178,1,1,0,0,0,1,6
9608217,0,0,0,0,0,0,0
201267,0,0,0,0,0,0,0
9810518,0,0,0,0,0,0,0
210070,0,0,0,0,0,0,0
109290,2,2,0,0,0,2,14
9910294,0,0,0,0,0,0,0
9908332,0,0,0,0,0,0,0
210015,0,0,0,0,0,0,0
9208,1,1,0,0,1,0,0
210416,0,0,0,0,0,0,0
9309315,0,0,0,0,0,0,0
211139,0,0,0,0,0,0,0
110222,0,0,0,0,0,0,0
9611379,0,0,0,0,0,0,0
102140,0,0,0,0,0,0,0
9905556,0,0,0,0,0,0,0
208149,1,1,0,0,0,1,5
9808209,0,0,0,0,0,0,0
301256,1,1,0,0,0,1,26
9510320,0,0,0,0,0,0,0
203095,0,0,0,0,0,0,0
9609433,1,1,0,0,0,1,1
103278,0,0,0,0,0,0,0
11354,1,1,0,0,0,1,1
9162,0,0,0,0,0,0,0
9505243,0,0,0,0,0,0,0
210384,0,0,0,0,0,0,0
9811468,0,0,0,0,0,0,0
208106,1,1,0,0,1,0,0
210143,0,0,0,0,0,0,0
9904339,0,0,0,0,0,0,0
302255,0,0,0,0,0,0,0
201083,1,1,0,0,1,0,0
206291,0,0,0,0,0,0,0
212051,0,0,0,0,0,0,0
9501409,1,1,0,0,1,0,0
10313,0,0,0,0,0,0,0
207041,0,0,0,0,0,0,0
9909430,2,2,0,0,0,2,2
9506372,0,0,0,0,0,0,0
208068,0,0,0,0,0,0,0
9706255,1,1,0,0,1,0,0
206089,0,0,0,0,0,0,0
9509301,0,0,0,0,0,0,0
104257,0,0,0,0,0,0,0
211368,0,0,0,0,0,0,0
1067,0,0,0,0,0,0,0
9910401,0,0,0,0,0,0,0
111168,1,1,0,0,1,0,0
302056,0,0,0,0,0,0,0
102088,0,0,0,0,0,0,0
210163,0,0,0,0,0,0,0
9707294,0,0,0,0,0,0,0
9710262,0,0,0,0,0,0,0
201260,0,0,0,0,0,0,0
212192,0,0,0,0,0,0,0
9412230,1,1,0,0,1,0,0
9707538,0,0,0,0,0,0,0
9071,0,0,0,0,0,0,0
9911282,0,0,0,0,0,0,0
301075,0,0,0,0,0,0,0
9904222,2,2,0,0,2,0,0
207144,0,0,0,0,0,0,0
5016,0,0,0,0,0,0,0
9710562,0,0,0,0,0,0,0
9702317,0,0,0,0,0,0,0
206171,1,1,0,0,1,0,0
9507456,3,2,1,1,3,0,0
101167,1,1,0,0,0,1,2
9506447,0,0,0,0,0,0,0
211052,0,0,0,0,0,0,0
9901396,4,2,2,3,0,4,10
201016,0,0,0,0,0,0,0
9809515,0,0,0,0,0,0,0
10188,0,0,0,0,0,0,0
206117,1,1,0,0,0,1,2
9604386,0,0,0,0,0,0,0
9706429,0,0,0,0,0,0,0
9907330,0,0,0,0,0,0,0
9705259,0,0,0,0,0,0,0
9402331,1,1,0,0,1,0,0
9406314,0,0,0,0,0,0,0
302022,0,0,0,0,0,0,0
9902457,0,0,0,0,0,0,0
101261,0,0,0,0,0,0,0
9303285,0,0,0,0,0,0,0
112194,0,0,0,0,0,0,0
9908270,0,0,0,0,0,0,0
206261,0,0,0,0,0,0,0
9810380,0,0,0,0,0,0,0
6323,0,0,0,0,0,0,0
106065,0,0,0,0,0,0,0
9906425,1,1,0,0,1,0,0
9812240,0,0,0,0,0,0,0
9504414,2,1,1,1,2,0,0
9511328,0,0,0,0,0,0,0
208250,0,0,0,0,0,0,0
111463,2,2,0,0,0,2,10
202273,0,0,0,0,0,0,0
209090,0,0,0,0,0,0,0
210129,1,1,0,0,1,0,0
110172,0,0,0,0,0,0,0
203249,0,0,0,0,0,0,0
210438,0,0,0,0,0,0,0
201192,1,1,0,0,1,0,0
212167,1,1,0,0,0,1,3
9606242,0,0,0,0,0,0,0
9610253,0,0,0,0,0,0,0
8297,0,0,0,0,0,0,0
9407366,1,1,0,0,1,0,0
206286,0,0,0,0,0,0,0
201020,0,0,0,0,0,0,0
9907215,0,0,0,0,0,0,0
9910385,0,0,0,0,0,0,0
209352,0,0,0,0,0,0,0
7077,0,0,0,0,0,0,0
5231,0,0,0,0,0,0,0
9611370,0,0,0,0,0,0,0
9604350,0,0,0,0,0,0,0
9812507,0,0,0,0,0,0,0
9609328,0,0,0,0,0,0,0
207206,0,0,0,0,0,0,0
3062,0,0,0,0,0,0,0
9411421,3,3,0,0,3,0,0
301034,0,0,0,0,0,0,0
109216,0,0,0,0,0,0,0
103186,0,0,0,0,0,0,0
212333,0,0,0,0,0,0,0
208025,0,0,0,0,0,0,0
110410,0,0,0,0,0,0,0
9607444,0,0,0,0,0,0,0
9704356,0,0,0,0,0,0,0
9907416,0,0,0,0,0,0,0
301152,0,0,0,0,0,0,0
206107,0,0,0,0,0,0,0
10318,0,0,0,0,0,0,0
109143,1,1,0,0,0,1,4
212230,0,0,0,0,0,0,0
301069,1,1,0,0,0,1,8
9707370,0,0,0,0,0,0,0
208059,0,0,0,0,0,0,0
101255,0,0,0,0,0,0,0
9904343,0,0,0,0,0,0,0
207117,0,0,0,0,0,0,0
111148,0,0,0,0,0,0,0
208064,1,1,0,0,0,1,1
9911443,0,0,0,0,0,0,0
212327,1,1,0,0,1,0,0
8142,0,0,0,0,0,0,0
212207,0,0,0,0,0,0,0
9611267,0,0,0,0,0,0,0
9812496,0,0,0,0,0,0,0
210293,0,0,0,0,0,0,0
211205,0,0,0,0,0,0,0
9710535,0,0,0,0,0,0,0
9912233,0,0,0,0,0,0,0
9609492,1,1,0,0,1,0,0
1294,0,0,0,0,0,0,0
9712403,0,0,0,0,0,0,0
10242,0,0,0,0,0,0,0
302208,0,0,0,0,0,0,0
209022,0,0,0,0,0,0,0
212287,0,0,0,0,0,0,0
104062,65,12,53,218,2,63,378
7038,26,6,20,58,0,26,112
9707251,116,8,108,723,18,98,440
7085,29,1,28,153,1,28,180
9701278,14,2,12,43,0,14,87
9502363,26,5,21,126,6,20,65
9405214,39,18,21,43,32,7,7
9406416,14,5,9,12,1,13,21
112313,1,1,0,0,0,1,3
3033,30,11,19,39,0,30,271
9607466,8,3,5,9,5,3,3
9709284,6,2,4,6,1,5,30
9907462,10,2,8,18,1,9,90
12332,9,3,6,7,0,9,67
9503203,57,8,49,309,42,15,15
9806289,8,3,5,6,0,8,29
9304230,19,4,15,32,19,0,0
9803277,120,10,110,967,12,108,417
9271,20,6,14,36,6,14,30
9606317,0,0,0,0,0,0,0
9301286,3,3,0,0,3,0,0
9309268,24,8,16,55,21,3,3
9410311,39,2,37,152,37,2,2
9411260,27,9,18,47,11,16,42
9407247,144,6,138,1344,144,0,0
9310314,31,5,26,90,23,8,12
9510367,63,10,53,221,26,37,109
9812273,28,7,21,47,0,28,198
9807525,36,8,28,77,3,33,53
9807228,81,6,75,513,21,60,125
9705366,32,3,29,145,27,5,5
9812475,88,11,77,422,1,87,762
9911275,14,6,8,11,1,13,58
9210221,15,4,11,23,14,1,1
9807306,3,2,1,1,1,2,3
9806490,1,1,0,0,0,1,7
9606221,1,1,0,0,0,1,3
9505383,9,4,5,5,0,9,20
9809481,8,6,2,2,1,7,44
3208,3,1,2,3,0,3,16
9301220,3,2,1,1,3,0,0
9703361,8,3,5,10,1,7,23
9710314,9,2,7,19,0,9,13
9512388,36,5,31,113,11,25,43
9902312,19,8,11,27,2,17,85
9809464,1,1,0,0,0,1,12
9601387,73,12,61,304,13,60,158
9502237,76,4,72,696,13,63,85
9511473,28,6,22,85,4,24,102
9704214,25,4,21,61,9,16,16
201137,2,2,0,0,1,1,6
9903447,20,6,14,51,0,20,206
9712287,78,6,72,508,1,77,322
2234,45,5,40,221,0,45,545
9801326,35,1,34,190,10,25,78
111144,15,2,13,44,0,15,39
9604452,84,4,80,633,0,84,287
9702299,27,8,19,41,5,22,118
9710217,22,5,17,49,0,22,256
9303294,15,1,14,41,15,0,0
11049,4,3,1,1,1,3,17
102089,13,6,7,19,0,13,93
9603448,47,5,42,197,0,47,298
10229,1,1,0,0,0,1,19
9802409,43,6,37,118,4,39,92
9608231,21,1,20,60,12,9,19
9905464,32,1,31,126,0,32,82
9505240,14,4,10,14,13,1,3
9701392,9,3,6,7,1,8,27
9303281,123,16,107,737,40,83,101
9612480,39,4,35,112,2,37,138
9307364,97,8,89,721,97,0,0
9401226,71,9,62,252,8,63,386
9904234,22,2,20,163,0,22,328
9604440,53,1,52,431,2,51,255
9603388,18,3,15,55,2,16,49
9310276,30,10,20,82,22,8,8
9612331,11,4,7,15,3,8,8
9305239,43,4,39,256,43,0,0
9409265,30,1,29,138,7,23,114
9711292,24,2,22,105,0,24,64
9608203,47,8,39,184,14,33,74
9502308,18,4,14,34,18,0,0
9601201,13,4,9,23,1,12,19
9410244,8,1,7,17,8,0,0
9410258,17,2,15,70,6,11,11
9904348,18,3,15,35,0,18,88
9507277,9,3,6,8,9,0,0
9506430,14,3,11,27,13,1,1
9311325,123,13,110,531,27,96,151
9712346,5,2,3,7,0,5,45
9306201,15,4,11,27,15,0,0
9402326,21,5,16,32,3,18,39
5039,3,2,1,1,0,3,6
9402219,12,3,9,19,12,0,0
9401214,32,1,31,191,32,0,0
9703278,35,1,34,102,4,31,42
105183,3,2,1,1,0,3,31
9808344,9,4,5,9,0,9,60
9906369,1,1,0,0,0,1,8
9502324,30,5,25,72,3,27,100
9509409,15,3,12,25,0,15,59
9910334,9,4,5,9,0,9,35
9607431,14,2,12,21,14,0,0
7043,0,0,0,0,0,0,0
9904315,20,5,15,34,0,20,103
9907231,26,4,22,60,23,3,3
9901201,24,2,22,163,0,24,141
7362,44,4,40,169,0,44,170
9501373,4,2,2,2,3,1,1
9357,13,7,6,12,0,13,168
9906478,82,6,76,720,1,81,750
9206230,30,9,21,74,30,0,0
8207,17,1,16,45,1,16,81
7102,4,1,3,4,2,2,2
9811347,3,2,1,1,0,3,19
9809406,44,4,40,320,0,44,251
9209277,17,5,12,36,5,12,15
9409259,1,1,0,0,1,0,0
9806430,16,3,13,43,0,16,59
9811202,76,4,72,637,3,73,333
9210229,16,3,13,44,16,0,0
2285,33,6,27,122,0,33,211
9706439,14,2,12,22,1,13,38
9703388,6,3,3,5,0,6,39
9707331,14,3,11,28,0,14,82
101331,4,3,1,1,0,4,13
9306324,8,1,7,19,8,0,0
9710447,17,4,13,61,4,13,24
9910357,4,1,3,4,0,4,7
9904404,124,10,114,803,11,113,489
9607433,41,8,33,133,18,23,32
9709485,9,3,6,14,9,0,0
9404323,7,3,4,7,4,3,11
11174,0,0,0,0,0,0,0
8053,0,0,0,0,0,0,0
9401348,8,4,4,8,8,0,0
9405209,12,3,9,26,1,11,11
9704445,8,2,6,14,0,8,24
103088,27,11,16,27,4,23,133
9508338,18,2,16,40,1,17,66
9911272,5,4,1,1,1,4,27
7270,13,5,8,14,0,13,96
9911459,38,8,30,110,0,38,230
9403381,11,2,9,26,1,10,16
9301242,16,1,15,80,16,0,0
103067,84,7,77,476,0,84,902
106084,9,2,7,19,0,9,33
102243,19,1,18,103,1,18,176
12067,6,2,4,7,1,5,5
9408226,12,1,11,18,0,12,20
8336,15,6,9,18,0,15,57
9812229,39,3,36,163,5,34,106
9707546,25,2,23,107,1,24,98
106207,73,3,70,427,41,32,68
11307,23,3,20,62,1,22,76
9604451,12,4,8,9,0,12,17
9805247,27,6,21,54,1,26,39
9807297,37,9,28,78,7,30,42
9903361,3,3,0,0,0,3,20
9602433,10,3,7,12,10,0,0
9503374,3,1,2,2,1,2,2
9712482,16,9,7,11,0,16,49
9702408,15,2,13,22,2,13,35
9903400,49,3,46,303,0,49,363
9908462,7,4,3,5,0,7,31
1120,3,3,0,0,0,3,10
9505396,2,2,0,0,2,0,0
101304,38,2,36,196,0,38,552
207020,6,3,3,3,0,6,110
201146,3,2,1,1,1,2,44
9910224,5,4,1,1,1,4,19
110067,27,8,19,57,0,27,174
4128,8,2,6,13,0,8,35
9802299,28,5,23,50,10,18,22
9701214,5,3,2,2,0,5,5
12378,18,6,12,19,0,18,94
9909454,3,2,1,1,0,3,18
9912266,26,5,21,59,0,26,221
9908443,17,3,14,53,0,17,279
9808401,7,5,2,2,2,5,27
9803258,1,1,0,0,0,1,5
9706468,2,2,0,0,2,0,0
9804354,30,6,24,81,7,23,27
9606452,2,1,1,1,0,2,6
102319,7,3,4,12,2,5,12
9506243,40,3,37,151,5,35,79
10304,1,1,0,0,0,1,4
4120,2,2,0,0,0,2,2
9801433,5,3,2,2,3,2,2
7315,29,1,28,132,0,29,192
9807434,22,4,18,63,0,22,75
9411365,188,15,173,1518,5,183,689
9702385,1,1,0,0,0,1,16
9505313,10,3,7,11,0,10,10
9809230,14,4,10,35,0,14,58
9611311,8,2,6,15,0,8,14
302003,38,10,28,95,38,0,0
9705239,0,0,0,0,0,0,0
106027,17,3,14,35,1,16,164
9612333,16,6,10,19,4,12,24
9701300,20,3,17,42,0,20,67
9906343,23,3,20,71,0,23,237
9507337,3,2,1,1,2,1,2
9707239,10,1,9,21,0,10,134
9510270,1,1,0,0,0,1,3
9312279,35,8,27,112,35,0,0
9703373,8,3,5,11,8,0,0
2075,14,3,11,27,0,14,118
9412272,16,2,14,37,16,0,0
9906398,2,2,0,0,2,0,0
9506355,1,1,0,0,1,0,0
9803316,77,10,67,264,7,70,375
105172,2,1,1,1,0,2,9
9707220,8,5,3,5,1,7,18
9707276,3,2,1,1,0,3,19
9706251,2,1,1,1,1,1,2
4106,6,2,4,6,1,5,20
9409426,17,5,12,56,17,0,0
9605240,17,6,11,13,9,8,8
9705250,13,6,7,14,2,11,16
9709379,54,2,52,327,1,53,313
9504247,16,10,6,11,0,16,25
9802307,5,4,1,1,2,3,3
9706341,0,0,0,0,0,0,0
9608201,4,2,2,2,0,4,15
9706233,2,2,0,0,0,2,4
9801416,19,3,16,44,0,19,104
9807443,83,14,69,237,0,83,742
9804419,10,8,2,2,0,10,30
9408222,82,5,77,795,82,0,0
9612346,34,2,32,226,0,34,241
9401265,18,4,14,38,2,16,38
9506284,34,8,26,82,0,34,138
9506285,9,3,6,13,0,9,31
9911273,20,5,15,36,0,20,242
9509299,26,6,20,120,2,24,99
9907423,46,6,40,192,13,33,60
2282,7,4,3,5,1,6,8
9809234,4,3,1,1,0,4,22
9501411,2,2,0,0,2,0,0
9801376,4,3,1,1,0,4,32
9808377,26,1,25,163,0,26,74
9806519,32,4,28,132,0,32,309
9809304,10,5,5,8,2,8,72
112110,19,3,16,76,8,11,15
9909361,6,2,4,8,0,6,19
9905349,10,6,4,6,0,10,83
9812280,7,5,2,2,1,6,50
9604260,10,2,8,18,0,10,32
9612284,24,9,15,28,24,0,0
107220,4,1,3,6,0,4,107
9708215,7,4,3,5,7,0,0
9802370,17,6,11,22,1,16,67
9901224,11,1,10,43,0,11,67
9511206,6,5,1,1,0,6,22
104176,3,2,1,1,0,3,17
9912261,30,3,27,93,0,30,149
9711439,3,1,2,2,0,3,18
2033,28,4,24,64,3,25,112
9702313,1,1,0,0,1,0,0
9907368,7,4,3,8,0,7,16
9912253,9,4,5,13,0,9,137
1271,4,2,2,2,1,3,4
9902437,30,3,27,107,4,26,129
9507429,25,4,21,81,25,0,0
9603422,7,4,3,3,2,5,10
9703397,5,2,3,3,1,4,4
207241,5,1,4,9,0,5,28
9704322,38,6,32,103,1,37,266
9610408,29,3,26,115,2,27,140
4208,31,7,24,93,0,31,265
9506205,5,2,3,3,2,3,6
108227,6,1,5,6,0,6,50
9702341,6,2,4,4,0,6,53
11357,2,2,0,0,0,2,3
9807417,11,3,8,26,3,8,11
11389,2,2,0,0,0,2,4
9802258,4,3,1,1,2,2,3
9608230,1,1,0,0,0,1,5
9708348,31,7,24,55,0,31,78
9607204,4,1,3,5,0,4,5
9704328,0,0,0,0,0,0,0
9706526,22,6,16,57,4,18,31
9508337,21,6,15,62,8,13,20
9204206,5,4,1,1,5,0,0
8156,10,6,4,7,0,10,136
9902463,4,2,2,4,1,3,3
10175,3,2,1,1,0,3,13
2118,0,0,0,0,0,0,0
9411384,26,2,24,118,1,25,29
9811255,5,2,3,4,0,5,23
9505307,4,3,1,1,0,4,13
6354,7,3,4,9,0,7,107
106210,4,3,1,1,1,3,3
9605376,16,4,12,23,16,0,0
9501221,10,2,8,19,6,4,5
9807221,0,0,0,0,0,0,0
4243,14,6,8,19,0,14,29
107168,2,1,1,1,0,2,17
9707433,3,3,0,0,0,3,5
110166,5,2,3,6,0,5,63
9908357,4,2,2,3,0,4,12
209028,4,1,3,4,4,0,0
9512398,5,1,4,7,0,5,18
106291,15,1,14,37,11,4,4
9409442,14,4,10,16,8,6,7
12145,17,3,14,38,0,17,113
103127,13,3,10,36,2,11,130
9701409,3,2,1,1,1,2,3
9605233,7,4,3,3,0,7,28
9911419,1,1,0,0,0,1,1
9611244,19,3,16,35,8,11,20
9702261,2,2,0,0,0,2,4
9606244,4,3,1,2,0,4,27
9903220,26,6,20,74,2,24,75
9911379,9,1,8,12,0,9,46
203178,3,2,1,1,0,3,8
9907460,16,4,12,40,0,16,269
109246,2,2,0,0,0,2,9
105302,26,2,24,77,0,26,111
9311318,5,2,3,4,1,4,6
2120,23,6,17,39,0,23,109
9712410,6,4,2,4,0,6,36
9805324,6,3,3,5,6,0,0
9308215,8,5,3,6,8,0,0
205349,12,4,8,17,0,12,71
201176,24,7,17,46,0,24,180
209131,2,1,1,1,0,2,14
104316,0,0,0,0,0,0,0
104130,12,1,11,32,0,12,75
9404278,11,5,6,11,11,0,0
7083,7,1,6,11,0,7,26
204021,5,3,2,2,0,5,16
112123,4,4,0,0,0,4,29
9404238,7,4,3,6,5,2,2
9712523,5,3,2,2,2,3,4
204112,3,1,2,2,0,3,36
9501251,21,3,18,66,4,17,27
9805390,16,6,10,22,1,15,27
9401217,9,6,3,4,8,1,1
110325,28,7,21,72,0,28,487
9803497,39,6,33,98,14,25,81
9908261,6,5,1,2,0,6,20
3011,8,3,5,10,1,7,18
9608378,1,1,0,0,0,1,1
9411236,1,1,0,0,1,0,0
9808295,3,1,2,2,1,2,2
9706496,6,1,5,8,0,6,7
9410343,11,3,8,21,2,9,17
2070,0,0,0,0,0,0,0
9206204,2,1,1,1,2,0,0
1146,0,0,0,0,0,0,0
11291,0,0,0,0,0,0,0
9507367,3,1,2,2,0,3,3
201071,11,7,4,5,0,11,179
9507359,5,2,3,3,0,5,24
302087,0,0,0,0,0,0,0
5316,32,2,30,229,0,32,106
103335,16,2,14,74,0,16,195
9707413,1,1,0,0,0,1,10
9804282,33,3,30,158,16,17,50
9609418,9,5,4,4,2,7,16
10077,7,2,5,9,0,7,65
9707505,9,4,5,9,0,9,49
102143,6,2,4,7,6,0,0
9711394,1,1,0,0,0,1,5
107211,3,3,0,0,0,3,16
9412307,1,1,0,0,0,1,4
9708265,5,1,4,6,0,5,9
9402321,14,4,10,24,3,11,11
9708489,2,2,0,0,2,0,0
9410271,2,2,0,0,0,2,2
9809223,12,7,5,7,1,11,50
101023,5,1,4,4,0,5,12
104253,6,1,5,10,5,1,1
9901225,1,1,0,0,1,0,0
9902337,6,4,2,2,0,6,16
9506281,17,6,11,26,0,17,64
2242,10,6,4,5,2,8,38
9610467,13,1,12,35,4,9,22
209316,2,1,1,1,0,2,8
9710309,5,3,2,2,1,4,9
9309,6,2,4,10,1,5,16
8319,3,2,1,1,0,3,21
9612440,9,3,6,11,1,8,21
9310209,2,1,1,1,2,0,0
9804459,5,3,2,2,1,4,11
9607454,16,7,9,23,16,0,0
9709302,6,6,0,0,0,6,10
9904481,6,4,2,2,1,5,8
9812332,3,2,1,1,0,3,29
1123,4,3,1,1,1,3,3
9602379,1,1,0,0,0,1,3
108241,4,1,3,4,0,4,25
9805490,2,1,1,1,1,1,3
9906336,4,4,0,0,0,4,17
9405261,2,1,1,1,0,2,4
10204,3,3,0,0,0,3,14
9804422,2,2,0,0,0,2,10
9711365,9,3,6,11,0,9,78
9805230,2,2,0,0,0,2,6
2048,6,2,4,5,0,6,41
12137,10,2,8,17,1,9,17
9804380,4,4,0,0,1,3,22
9406242,4,4,0,0,4,0,0
105180,9,4,5,8,0,9,73
9403380,3,3,0,0,1,2,2
101323,9,3,6,19,0,9,71
9404249,8,1,7,23,8,0,0
9507420,11,4,7,13,11,0,0
9908445,2,2,0,0,2,0,0
9512272,3,2,1,1,0,3,4
9611232,5,2,3,3,5,0,0
101190,2,1,1,1,0,2,6
9806419,9,8,1,1,1,8,17
201209,4,2,2,3,0,4,43
111348,4,3,1,2,0,4,32
205333,0,0,0,0,0,0,0
108134,2,2,0,0,0,2,7
9410279,13,5,8,13,13,0,0
9811334,14,1,13,29,0,14,55
1219,6,2,4,8,6,0,0
9409202,6,1,5,11,6,0,0
203159,5,1,4,6,0,5,23
9909253,2,1,1,1,1,1,1
9402256,8,2,6,12,5,3,3
9710560,6,5,1,1,0,6,57
9712260,4,2,2,3,1,3,9
9808450,2,2,0,0,0,2,5
9308227,8,1,7,16,8,0,0
9809287,6,5,1,2,1,5,16
9510315,1,1,0,0,1,0,0
211281,1,1,0,0,0,1,5
9611246,2,2,0,0,1,1,5
9307219,4,3,1,1,4,0,0
9702260,7,4,3,5,1,6,19
9809333,1,1,0,0,0,1,4
9506322,5,3,2,2,0,5,6
209130,3,2,1,1,1,2,5
9804247,1,1,0,0,0,1,2
11231,3,2,1,2,3,0,0
1208,5,4,1,2,0,5,27
9812341,2,2,0,0,0,2,4
9801380,11,3,8,20,5,6,9
9512438,1,1,0,0,1,0,0
106017,6,5,1,1,1,5,5
207366,6,2,4,5,0,6,34
204236,4,3,1,1,0,4,22
107227,11,2,9,13,0,11,55
107297,2,2,0,0,1,1,6
203149,7,2,5,5,0,7,15
9610210,7,2,5,8,1,6,17
9610316,4,2,2,3,4,0,0
9811295,6,2,4,8,0,6,24
206045,6,3,3,3,0,6,25
211359,1,1,0,0,0,1,2
9506407,5,5,0,0,2,3,6
9310307,5,1,4,7,5,0,0
106044,10,2,8,23,4,6,8
9609320,12,5,7,9,1,11,34
9701387,3,3,0,0,0,3,11
9708285,0,0,0,0,0,0,0
9503222,5,2,3,5,5,0,0
9506440,2,1,1,1,0,2,3
9711302,0,0,0,0,0,0,0
9903426,9,6,3,4,0,9,42
9703425,0,0,0,0,0,0,0
9903233,2,2,0,0,0,2,3
107118,8,2,6,10,0,8,52
9809366,2,2,0,0,0,2,4
9802296,0,0,0,0,0,0,0
9704432,5,2,3,3,2,3,4
202039,7,5,2,2,1,6,34
10352,11,1,10,40,0,11,42
204001,17,6,11,28,0,17,127
10353,17,1,16,39,0,17,198
9611386,5,3,2,2,0,5,23
207184,7,4,3,4,0,7,49
111258,5,5,0,0,1,4,16
9809218,2,2,0,0,0,2,11
9606433,7,2,5,13,7,0,0
110284,3,1,2,2,0,3,25
210192,6,4,2,2,0,6,48
106125,5,3,2,2,0,5,43
5050,2,2,0,0,0,2,14
112108,29,18,11,26,0,29,306
9905405,1,1,0,0,0,1,1
9401335,3,1,2,3,3,0,0
9305276,38,4,34,198,38,0,0
9712286,2,2,0,0,2,0,0
9804335,7,2,5,6,3,4,4
9908386,3,2,1,1,0,3,6
103136,9,5,4,5,0,9,50
109186,12,8,4,4,0,12,56
3003,2,1,1,1,0,2,11
9807464,20,5,15,27,2,18,40
9704400,2,2,0,0,0,2,5
9809290,5,3,2,4,0,5,42
9906420,4,2,2,2,0,4,35
9702351,1,1,0,0,0,1,3
9279,1,1,0,0,0,1,8
9903285,4,1,3,4,0,4,5
5083,4,2,2,2,0,4,11
9511236,3,2,1,1,0,3,11
208142,4,2,2,3,0,4,91
9808384,1,1,0,0,0,1,7
9912424,16,2,14,50,0,16,141
9912425,11,2,9,18,0,11,124
9911313,4,1,3,6,1,3,13
9804420,6,1,5,7,4,2,4
101253,1,1,0,0,0,1,2
9612203,8,1,7,22,4,4,5
9703218,9,5,4,6,1,8,20
9701235,5,5,0,0,0,5,18
9510282,1,1,0,0,0,1,2
111290,2,2,0,0,0,2,18
9709340,1,1,0,0,0,1,5
9501258,1,1,0,0,0,1,4
9412239,1,1,0,0,0,1,4
4047,6,2,4,5,3,3,3
9706328,3,2,1,1,1,2,9
9902349,0,0,0,0,0,0,0
9603305,1,1,0,0,1,0,0
9605382,31,6,25,91,20,11,11
9704242,2,1,1,1,0,2,2
9612456,7,2,5,11,0,7,7
9909524,2,2,0,0,0,2,7
204076,5,3,2,2,0,5,42
112278,16,2,14,32,0,16,158
9909417,3,2,1,1,3,0,0
9910459,1,1,0,0,0,1,1
101172,3,2,1,1,1,2,10
211432,3,2,1,1,0,3,34
9809544,6,1,5,6,0,6,11
104279,2,2,0,0,0,2,9
9810347,3,2,1,1,3,0,0
9908407,4,1,3,4,0,4,6
9911375,8,5,3,4,2,6,18
9505407,10,3,7,13,4,6,6
9710388,2,2,0,0,0,2,12
110263,4,1,3,4,0,4,23
9055,0,0,0,0,0,0,0
8163,3,3,0,0,0,3,19
9412229,1,1,0,0,0,1,2
12107,2,1,1,1,1,1,2
4249,3,2,1,1,0,3,4
103167,5,2,3,5,0,5,33
9708270,3,1,2,3,1,2,2
9911256,2,2,0,0,0,2,17
9910403,7,1,6,11,0,7,21
107311,2,2,0,0,0,2,4
9508383,5,2,3,3,4,1,1
9410356,12,3,9,32,0,12,32
202195,7,2,5,14,0,7,57
9902346,3,2,1,1,0,3,5
9507251,5,4,1,1,0,5,16
9810262,1,1,0,0,0,1,5
9609352,5,1,4,7,1,4,39
8135,15,6,9,13,4,11,28
9908410,0,0,0,0,0,0,0
111430,1,1,0,0,0,1,2
9606459,3,2,1,1,0,3,5
9402217,3,3,0,0,3,0,0
9908329,2,2,0,0,0,2,6
9305224,2,2,0,0,2,0,0
9702212,2,2,0,0,0,2,10
203252,1,1,0,0,1,0,0
9304209,3,2,1,1,1,2,2
9910355,6,3,3,4,0,6,18
9901290,1,1,0,0,0,1,3
9607312,1,1,0,0,0,1,5
211305,2,2,0,0,0,2,5
9904377,2,1,1,1,0,2,7
5235,5,3,2,2,0,5,38
9710291,1,1,0,0,0,1,4
9601266,1,1,0,0,1,0,0
210410,1,1,0,0,0,1,12
209149,0,0,0,0,0,0,0
9904367,7,1,6,20,1,6,31
9607434,2,2,0,0,0,2,3
9812325,1,1,0,0,0,1,6
9806234,1,1,0,0,1,0,0
112259,6,4,2,2,0,6,72
9506403,2,1,1,1,2,0,0
9507356,0,0,0,0,0,0,0
9806353,6,3,3,6,0,6,10
9601257,1,1,0,0,0,1,3
9212312,1,1,0,0,1,0,0
9307253,4,2,2,3,1,3,3
9708440,3,2,1,2,1,2,3
9510319,8,5,3,4,8,0,0
9312293,0,0,0,0,0,0,0
9403369,2,2,0,0,2,0,0
9807389,1,1,0,0,0,1,1
9806480,2,2,0,0,1,1,3
9512229,5,2,3,3,0,5,23
210125,1,1,0,0,0,1,13
105206,2,2,0,0,2,0,0
9810201,4,3,1,1,0,4,5
9411398,1,1,0,0,1,0,0
210304,3,1,2,3,0,3,17
9612323,5,1,4,7,5,0,0
9706418,2,1,1,1,0,2,3
206306,8,6,2,3,0,8,70
2034,4,2,2,3,0,4,18
109224,6,2,4,5,1,5,9
9906548,5,3,2,2,1,4,4
9907344,2,2,0,0,0,2,9
9404206,4,3,1,1,4,0,0
9706477,1,1,0,0,0,1,1
9509364,2,2,0,0,1,1,1
9501350,3,2,1,1,0,3,3
9403221,3,2,1,1,3,0,0
9611357,8,2,6,15,0,8,57
9709311,1,1,0,0,0,1,1
9905416,2,1,1,1,0,2,10
9407334,4,3,1,1,0,4,5
9710549,4,1,3,6,2,2,4
9908251,1,1,0,0,1,0,0
9023,0,0,0,0,0,0,0
9706374,4,4,0,0,0,4,36
9711234,2,2,0,0,0,2,10
9512266,0,0,0,0,0,0,0
10224,1,1,0,0,0,1,3
9904511,1,1,0,0,1,0,0
9502398,1,1,0,0,0,1,3
12091,4,4,0,0,1,3,10
9612378,3,3,0,0,1,2,6
210433,4,1,3,5,0,4,17
8013,0,0,0,0,0,0,0
9805340,9,3,6,17,2,7,7
102055,2,1,1,1,0,2,2
9711245,2,1,1,1,0,2,3
207037,2,1,1,1,0,2,8
9807566,1,1,0,0,1,0,0
9906278,0,0,0,0,0,0,0
204184,3,3,0,0,0,3,6
203222,5,2,3,6,0,5,64
107059,4,1,3,4,0,4,4
111450,0,0,0,0,0,0,0
9911346,2,1,1,1,0,2,3
205083,4,1,3,4,0,4,15
9803291,0,0,0,0,0,0,0
209296,0,0,0,0,0,0,0
9907398,1,1,0,0,0,1,1
108237,0,0,0,0,0,0,0
9912385,7,2,5,14,1,6,59
9710532,1,1,0,0,0,1,1
105013,1,1,0,0,0,1,7
9025,1,1,0,0,1,0,0
9709298,0,0,0,0,0,0,0
9708425,8,2,6,11,0,8,16
104154,10,4,6,6,2,8,9
207257,0,0,0,0,0,0,0
9910539,4,2,2,2,0,4,22
110091,5,4,1,1,3,2,2
3123,9,3,6,10,0,9,107
9904362,1,1,0,0,0,1,2
9903324,2,1,1,1,0,2,8
209084,8,5,3,3,0,8,50
9409463,3,2,1,1,3,0,0
9707543,9,8,1,1,9,0,0
205156,6,4,2,2,1,5,8
8025,3,2,1,1,2,1,1
9908256,1,1,0,0,0,1,1
210331,4,3,1,1,0,4,20
9410354,2,2,0,0,2,0,0
9603297,0,0,0,0,0,0,0
209245,0,0,0,0,0,0,0
206305,2,1,1,1,1,1,5
9711491,0,0,0,0,0,0,0
9811345,3,3,0,0,0,3,16
9510217,2,2,0,0,2,0,0
9906377,1,1,0,0,0,1,1
301154,0,0,0,0,0,0,0
9404315,0,0,0,0,0,0,0
9901316,2,2,0,0,0,2,26
109249,0,0,0,0,0,0,0
9408303,2,2,0,0,1,1,1
204335,4,2,2,3,0,4,25
9710540,2,2,0,0,0,2,5
6358,2,2,0,0,0,2,6
9709263,0,0,0,0,0,0,0
9809465,7,1,6,13,7,0,0
9901332,10,2,8,25,9,1,1
6042,1,1,0,0,0,1,5
9810495,3,3,0,0,2,1,2
9707295,1,1,0,0,0,1,1
9909358,0,0,0,0,0,0,0
9607212,1,1,0,0,0,1,1
112225,3,2,1,1,1,2,9
9708373,0,0,0,0,0,0,0
8254,0,0,0,0,0,0,0
9603427,0,0,0,0,0,0,0
9710528,4,2,2,2,0,4,19
9909421,0,0,0,0,0,0,0
9706258,7,2,5,12,3,4,5
10301,3,2,1,2,0,3,9
9808391,2,2,0,0,2,0,0
9312250,2,2,0,0,2,0,0
112347,1,1,0,0,0,1,11
209006,4,2,2,2,0,4,83
9304293,7,2,5,6,7,0,0
107194,1,1,0,0,0,1,9
204307,5,1,4,7,0,5,44
9808330,2,2,0,0,1,1,1
9704408,2,2,0,0,2,0,0
202277,5,3,2,3,0,5,15
11202,2,2,0,0,2,0,0
207085,1,1,0,0,0,1,4
210013,0,0,0,0,0,0,0
9901347,0,0,0,0,0,0,0
9701215,6,1,5,8,2,4,10
107290,3,2,1,1,1,2,17
202172,1,1,0,0,0,1,2
9910285,1,1,0,0,1,0,0
9905357,1,1,0,0,1,0,0
9709239,3,2,1,1,0,3,15
11162,1,1,0,0,1,0,0
208231,2,2,0,0,1,1,2
9807441,1,1,0,0,0,1,3
211199,1,1,0,0,0,1,2
302143,0,0,0,0,0,0,0
10113,3,1,2,2,0,3,14
107275,4,3,1,1,0,4,36
9605321,2,1,1,1,2,0,0
9810221,4,1,3,4,0,4,9
9810523,0,0,0,0,0,0,0
109256,10,4,6,8,0,10,74
9412216,1,1,0,0,1,0,0
9812438,0,0,0,0,0,0,0
4236,3,1,2,3,0,3,10
301183,1,1,0,0,0,1,7
9409357,2,2,0,0,2,0,0
105014,5,5,0,0,0,5,95
9305238,1,1,0,0,1,0,0
202235,2,1,1,1,0,2,2
9808405,0,0,0,0,0,0,0
9152,1,1,0,0,0,1,1
9709285,0,0,0,0,0,0,0
9708258,1,1,0,0,0,1,5
204202,3,3,0,0,0,3,26
209373,1,1,0,0,0,1,2
203253,1,1,0,0,0,1,5
9606441,2,2,0,0,2,0,0
9403303,3,3,0,0,3,0,0
9604391,3,3,0,0,3,0,0
205069,1,1,0,0,0,1,5
202236,4,3,1,1,0,4,20
203235,0,0,0,0,0,0,0
210364,0,0,0,0,0,0,0
9503324,1,1,0,0,0,1,1
206250,0,0,0,0,0,0,0
9312340,1,1,0,0,1,0,0
7309,4,4,0,0,1,3,4
3226,2,2,0,0,0,2,2
9602278,1,1,0,0,1,0,0
9603369,1,1,0,0,0,1,2
101295,1,1,0,0,0,1,3
9302310,1,1,0,0,1,0,0
110258,1,1,0,0,0,1,14
9612213,6,4,2,2,4,2,4
209041,0,0,0,0,0,0,0
111208,3,1,2,3,0,3,8
9611279,0,0,0,0,0,0,0
9802369,1,1,0,0,1,0,0
103273,2,1,1,1,0,2,6
9905206,6,3,3,5,1,5,5
9904400,0,0,0,0,0,0,0
9410215,0,0,0,0,0,0,0
9809557,0,0,0,0,0,0,0
9607422,0,0,0,0,0,0,0
4212,2,1,1,1,0,2,4
9711235,2,2,0,0,2,0,0
9512226,1,1,0,0,1,0,0
301224,0,0,0,0,0,0,0
211404,2,1,1,1,0,2,67
201194,1,1,0,0,0,1,5
210237,0,0,0,0,0,0,0
5244,1,1,0,0,0,1,3
9505315,3,1,2,2,3,0,0
9907438,1,1,0,0,0,1,2
2187,1,1,0,0,0,1,3
9503466,1,1,0,0,1,0,0
9703307,0,0,0,0,0,0,0
9705426,0,0,0,0,0,0,0
9403332,3,3,0,0,1,2,5
9702388,3,3,0,0,1,2,2
210046,1,1,0,0,1,0,0
9909314,0,0,0,0,0,0,0
9402346,1,1,0,0,1,0,0
9702224,0,0,0,0,0,0,0
103103,4,4,0,0,0,4,12
302038,0,0,0,0,0,0,0
103198,1,1,0,0,0,1,9
9811394,0,0,0,0,0,0,0
2142,0,0,0,0,0,0,0
112321,0,0,0,0,0,0,0
9507273,1,1,0,0,0,1,2
204072,0,0,0,0,0,0,0
9407384,2,2,0,0,0,2,4
209256,1,1,0,0,0,1,12
9904369,0,0,0,0,0,0,0
201180,0,0,0,0,0,0,0
9903263,1,1,0,0,0,1,1
9411361,0,0,0,0,0,0,0
9712539,0,0,0,0,0,0,0
9803420,1,1,0,0,0,1,1
9906372,0,0,0,0,0,0,0
203205,1,1,0,0,0,1,1
105216,3,2,1,1,3,0,0
9709427,0,0,0,0,0,0,0
201047,3,1,2,3,2,1,3
106288,0,0,0,0,0,0,0
103246,3,2,1,1,0,3,6
9901294,0,0,0,0,0,0,0
9906328,2,2,0,0,0,2,4
210190,1,1,0,0,0,1,5
104181,3,1,2,2,3,0,0
2184,2,1,1,1,1,1,4
302104,2,2,0,0,0,2,14
207086,1,1,0,0,0,1,4
4011,0,0,0,0,0,0,0
212245,1,1,0,0,0,1,4
9910384,1,1,0,0,0,1,9
9501278,1,1,0,0,1,0,0
201223,0,0,0,0,0,0,0
9502239,1,1,0,0,1,0,0
9710552,0,0,0,0,0,0,0
9702232,0,0,0,0,0,0,0
9809317,0,0,0,0,0,0,0
9511304,0,0,0,0,0,0,0
9406225,0,0,0,0,0,0,0
9709276,0,0,0,0,0,0,0
9707422,2,2,0,0,0,2,7
9701207,2,2,0,0,0,2,4
203194,0,0,0,0,0,0,0
111272,0,0,0,0,0,0,0
112153,0,0,0,0,0,0,0
5048,1,1,0,0,0,1,1
9807476,2,2,0,0,2,0,0
111449,0,0,0,0,0,0,0
9810423,0,0,0,0,0,0,0
9608421,0,0,0,0,0,0,0
9705436,0,0,0,0,0,0,0
9510458,0,0,0,0,0,0,0
5230,1,1,0,0,0,1,2
9308247,0,0,0,0,0,0,0
9309259,1,1,0,0,1,0,0
211166,0,0,0,0,0,0,0
201220,0,0,0,0,0,0,0
9812312,0,0,0,0,0,0,0
9510456,0,0,0,0,0,0,0
8050,0,0,0,0,0,0,0
9912269,0,0,0,0,0,0,0
9707212,0,0,0,0,0,0,0
111076,1,1,0,0,0,1,2
9712525,1,1,0,0,0,1,18
210211,0,0,0,0,0,0,0
212279,1,1,0,0,0,1,6
9908359,0,0,0,0,0,0,0
9905378,1,1,0,0,0,1,6
9806443,0,0,0,0,0,0,0
9308307,1,1,0,0,1,0,0
9708297,0,0,0,0,0,0,0
9009,1,1,0,0,0,1,2
8164,1,1,0,0,0,1,1
9504370,0,0,0,0,0,0,0
9808226,0,0,0,0,0,0,0
9912486,0,0,0,0,0,0,0
210099,0,0,0,0,0,0,0
8028,0,0,0,0,0,0,0
111285,1,1,0,0,0,1,7
9508318,0,0,0,0,0,0,0
9812425,0,0,0,0,0,0,0
206181,1,1,0,0,0,1,4
9908491,0,0,0,0,0,0,0
9710435,0,0,0,0,0,0,0
301094,1,1,0,0,0,1,10
108051,2,1,1,1,0,2,14
9609291,0,0,0,0,0,0,0
9209235,2,2,0,0,2,0,0
209040,1,1,0,0,0,1,2
105120,2,2,0,0,0,2,9
9909239,1,1,0,0,0,1,1
9812502,1,1,0,0,0,1,2
212290,0,0,0,0,0,0,0
9811503,0,0,0,0,0,0,0
106001,0,0,0,0,0,0,0
9905547,0,0,0,0,0,0,0
9806343,0,0,0,0,0,0,0
105248,0,0,0,0,0,0,0
9701337,0,0,0,0,0,0,0
9505332,0,0,0,0,0,0,0
9410221,2,2,0,0,2,0,0
9803427,0,0,0,0,0,0,0
9505342,0,0,0,0,0,0,0
211413,0,0,0,0,0,0,0
9904265,1,1,0,0,0,1,2
211014,0,0,0,0,0,0,0
9312328,3,2,1,2,3,0,0
12366,0,0,0,0,0,0,0
212297,0,0,0,0,0,0,0
8303,0,0,0,0,0,0,0
9403202,1,1,0,0,1,0,0
9709326,0,0,0,0,0,0,0
212135,0,0,0,0,0,0,0
210026,1,1,0,0,0,1,12
9907309,0,0,0,0,0,0,0
9509332,0,0,0,0,0,0,0
101058,0,0,0,0,0,0,0
101129,1,1,0,0,0,1,1
9401268,1,1,0,0,1,0,0
104066,2,2,0,0,2,0,0
204047,0,0,0,0,0,0,0
112122,0,0,0,0,0,0,0
106302,0,0,0,0,0,0,0
9902228,3,1,2,2,3,0,0
9901287,0,0,0,0,0,0,0
201182,0,0,0,0,0,0,0
12270,0,0,0,0,0,0,0
9912427,0,0,0,0,0,0,0
9404350,0,0,0,0,0,0,0
104032,1,1,0,0,0,1,4
106200,0,0,0,0,0,0,0
9908206,1,1,0,0,1,0,0
102197,1,1,0,0,0,1,9
12200,0,0,0,0,0,0,0
208010,1,1,0,0,1,0,0
301214,0,0,0,0,0,0,0
9511452,0,0,0,0,0,0,0
9710524,0,0,0,0,0,0,0
209334,0,0,0,0,0,0,0
9506223,0,0,0,0,0,0,0
205187,2,2,0,0,0,2,15
202225,0,0,0,0,0,0,0
9801441,0,0,0,0,0,0,0
9905238,0,0,0,0,0,0,0
206031,0,0,0,0,0,0,0
1195,0,0,0,0,0,0,0
9406297,0,0,0,0,0,0,0
12281,0,0,0,0,0,0,0
9606343,0,0,0,0,0,0,0
9605443,1,1,0,0,1,0,0
205028,0,0,0,0,0,0,0
209112,0,0,0,0,0,0,0
9609412,0,0,0,0,0,0,0
9712435,0,0,0,0,0,0,0
9407217,1,1,0,0,1,0,0
107202,3,3,0,0,0,3,36
9803374,4,2,2,3,0,4,7
105102,1,1,0,0,0,1,1
112196,0,0,0,0,0,0,0
202036,1,1,0,0,1,0,0
102132,0,0,0,0,0,0,0
9512362,0,0,0,0,0,0,0
9801408,0,0,0,0,0,0,0
9809391,1,1,0,0,1,0,0
9909557,0,0,0,0,0,0,0
9211275,0,0,0,0,0,0,0
11341,0,0,0,0,0,0,0
9704341,0,0,0,0,0,0,0
203005,0,0,0,0,0,0,0
9218,0,0,0,0,0,0,0
102126,1,1,0,0,0,1,4
110082,1,1,0,0,0,1,4
211010,0,0,0,0,0,0,0
203157,1,1,0,0,1,0,0
11261,0,0,0,0,0,0,0
9907492,0,0,0,0,0,0,0
9702213,0,0,0,0,0,0,0
9312290,0,0,0,0,0,0,0
210247,0,0,0,0,0,0,0
9810254,0,0,0,0,0,0,0
9506342,0,0,0,0,0,0,0
8278,0,0,0,0,0,0,0
212118,0,0,0,0,0,0,0
9712312,0,0,0,0,0,0,0
9410301,0,0,0,0,0,0,0
9507346,3,2,1,1,3,0,0
9310303,0,0,0,0,0,0,0
9910381,0,0,0,0,0,0,0
9609223,0,0,0,0,0,0,0
210229,0,0,0,0,0,0,0
9810348,0,0,0,0,0,0,0
9411356,0,0,0,0,0,0,0
9907405,0,0,0,0,0,0,0
3037,1,1,0,0,0,1,5
9406435,0,0,0,0,0,0,0
9811329,0,0,0,0,0,0,0
111399,1,1,0,0,0,1,3
9404300,0,0,0,0,0,0,0
203070,0,0,0,0,0,0,0
9709393,0,0,0,0,0,0,0
9710470,1,1,0,0,1,0,0
9511276,0,0,0,0,0,0,0
112105,1,1,0,0,0,1,10
9905526,0,0,0,0,0,0,0
9506252,0,0,0,0,0,0,0
9602376,0,0,0,0,0,0,0
9805444,0,0,0,0,0,0,0
9912314,1,1,0,0,1,0,0
209172,0,0,0,0,0,0,0
9410314,0,0,0,0,0,0,0
110058,0,0,0,0,0,0,0
9411393,0,0,0,0,0,0,0
301244,0,0,0,0,0,0,0
208170,0,0,0,0,0,0,0
2107,0,0,0,0,0,0,0
204133,0,0,0,0,0,0,0
302196,0,0,0,0,0,0,0
210030,0,0,0,0,0,0,0
9605374,0,0,0,0,0,0,0
210341,0,0,0,0,0,0,0
9810519,0,0,0,0,0,0,0
9909328,0,0,0,0,0,0,0
9505223,0,0,0,0,0,0,0
205303,1,1,0,0,0,1,7
9505312,0,0,0,0,0,0,0
2056,1,1,0,0,1,0,0
9705353,0,0,0,0,0,0,0
9806264,0,0,0,0,0,0,0
9407256,0,0,0,0,0,0,0
4112,0,0,0,0,0,0,0
104249,0,0,0,0,0,0,0
9506362,0,0,0,0,0,0,0
204053,0,0,0,0,0,0,0
9909450,0,0,0,0,0,0,0
9411291,0,0,0,0,0,0,0
301017,0,0,0,0,0,0,0
212010,0,0,0,0,0,0,0
210413,0,0,0,0,0,0,0
9909462,0,0,0,0,0,0,0
9608279,1,1,0,0,1,0,0
109218,0,0,0,0,0,0,0
211238,0,0,0,0,0,0,0
9708451,0,0,0,0,0,0,0
9305285,0,0,0,0,0,0,0
1265,1,1,0,0,1,0,0
9311315,0,0,0,0,0,0,0
9911320,0,0,0,0,0,0,0
301164,0,0,0,0,0,0,0
104110,102,19,83,317,2,100,915
7136,6,3,3,4,1,5,19
9712225,111,8,103,898,3,108,504
11184,8,5,3,4,6,2,4
9706260,51,2,49,356,2,49,305
103230,10,6,4,7,8,2,2
9409260,15,4,11,29,1,14,22
9410400,22,4,18,66,2,20,37
1166,51,11,40,107,0,51,380
2305,2,1,1,1,2,0,0
9608460,19,1,18,84,0,19,42
9709493,3,2,1,2,0,3,4
9909222,13,3,10,20,0,13,91
101123,3,3,0,0,0,3,22
9503433,94,9,85,515,2,92,237
9807469,4,3,1,2,0,4,27
9306265,6,4,2,2,6,0,0
9804235,26,6,20,57,9,17,85
10338,71,22,49,179,5,66,656
9606306,1,1,0,0,1,0,0
9301289,16,4,12,31,16,0,0
9209257,20,4,16,40,20,0,0
9505207,42,4,38,153,2,40,61
9506465,13,5,8,23,1,12,28
9407248,37,4,33,100,12,25,44
9311214,88,18,70,287,63,25,32
9604218,13,5,8,10,11,2,2
9812360,89,18,71,265,13,76,443
9404308,23,9,14,18,15,8,8
9503417,34,1,33,114,29,5,5
9709271,5,1,4,9,4,1,1
9812538,60,9,51,190,2,58,309
9911364,20,3,17,36,0,20,122
9411341,23,7,16,43,17,6,6
9809501,11,5,6,12,3,8,28
9807484,1,1,0,0,0,1,9
9805262,73,7,66,365,41,32,72
9702429,16,2,14,49,2,14,35
9810387,11,6,5,11,1,10,39
6331,12,4,8,22,0,12,58
9608420,3,3,0,0,1,2,5
9712446,2,1,1,1,0,2,5
9605377,14,3,11,14,0,14,108
9605224,23,2,21,69,5,18,60
9811296,7,5,2,2,0,7,23
9810398,3,2,1,1,0,3,9
9603363,57,9,48,222,7,50,221
9505248,113,5,108,1097,113,0,0
9602381,73,6,67,486,6,67,174
9704221,60,4,56,399,0,60,588
1290,23,7,16,36,11,12,24
12155,27,3,24,98,8,19,39
9802361,41,5,36,120,0,41,147
2235,18,4,14,34,0,18,167
9802405,62,7,55,428,7,55,362
111406,1,1,0,0,1,0,0
9605222,25,3,22,79,1,24,77
9702307,24,5,19,51,1,23,176
9711216,12,2,10,28,0,12,192
9310243,6,2,4,9,6,0,0
9503277,4,2,2,3,1,3,10
104280,9,3,6,14,0,9,40
9609341,30,5,25,81,1,29,158
102289,7,4,3,4,1,6,20
9806266,12,8,4,5,0,12,93
9611347,8,1,7,17,0,8,15
9906374,38,3,35,152,0,38,139
9707213,16,7,9,14,6,10,42
9703391,9,7,2,3,1,8,28
9508378,41,3,38,206,2,39,77
9701238,31,8,23,55,3,28,102
9308264,27,6,21,44,27,0,0
9403376,16,2,14,21,3,13,88
9904267,99,6,93,546,0,99,641
9203201,68,14,54,359,68,0,0
9207227,20,5,15,64,20,0,0
9407405,14,5,9,26,14,0,0
9701379,10,1,9,16,0,10,10
9306240,57,9,48,273,11,46,64
9503236,32,4,28,151,0,32,216
9711391,69,7,62,554,12,57,153
9702373,28,5,23,69,3,25,82
9609365,12,3,9,26,1,11,29
9602320,39,8,31,77,21,18,39
9806531,8,1,7,11,8,0,0
9703305,26,1,25,104,5,21,51
9904491,13,7,6,16,0,13,64
9509341,21,6,15,40,1,20,92
9310244,7,3,4,7,7,0,0
9402225,42,13,29,79,7,35,59
9803485,9,2,7,17,9,0,0
9310285,34,6,28,116,3,31,79
9402364,71,8,63,381,9,62,140
5278,3,1,2,3,0,3,13
9307217,8,2,6,9,8,0,0
9605317,65,4,61,402,32,33,34
9703284,29,6,23,47,1,28,56
105242,8,7,1,1,1,7,38
9903478,40,2,38,142,1,39,264
9906373,4,1,3,4,1,3,22
9504408,21,8,13,28,6,15,48
9512263,37,6,31,131,34,3,3
9911463,6,2,4,5,0,6,63
9608299,9,4,5,11,0,9,21
3141,6,4,2,3,1,5,53
9909353,24,2,22,89,0,24,243
9912439,22,3,19,86,13,9,9
9902483,26,4,22,81,7,19,61
9912484,4,2,2,3,1,3,3
9505343,6,2,4,4,1,5,17
10321,22,1,21,60,1,21,194
9906512,100,3,97,1066,1,99,633
9206241,43,11,32,107,43,0,0
12039,35,4,31,132,0,35,291
12294,5,4,1,1,2,3,3
110107,1,1,0,0,0,1,8
9810320,36,3,33,165,0,36,182
9211216,14,4,10,29,14,0,0
9504429,1,1,0,0,1,0,0
9810411,23,4,19,65,0,23,97
9903425,21,4,17,76,0,21,49
9412332,11,5,6,18,5,6,17
9908316,15,2,13,42,0,15,104
9707201,18,5,13,42,2,16,69
9708443,3,3,0,0,0,3,17
9410262,15,1,14,45,15,0,0
5151,5,3,2,2,3,2,4
9504300,5,2,3,3,5,0,0
9802294,27,3,24,99,5,22,47
9906251,7,6,1,1,7,0,0
9309289,239,5,234,3120,239,0,0
9903303,8,5,3,7,0,8,36
9802382,11,1,10,25,11,0,0
9404362,10,2,8,20,10,0,0
1004,1,1,0,0,1,0,0
1158,2,2,0,0,0,2,5
9404346,9,1,8,19,9,0,0
9503208,25,5,20,58,3,22,101
9707217,12,4,8,12,0,12,106
203049,4,4,0,0,1,3,21
9509424,11,2,9,25,4,7,7
9511218,12,5,7,13,0,12,35
9041,30,8,22,55,6,24,74
9904295,5,2,3,5,0,5,17
9509337,15,3,12,21,2,13,40
9303207,20,4,16,93,1,19,65
103280,65,12,53,247,0,65,896
9708227,64,10,54,379,1,63,390
102255,29,3,26,179,2,27,270
105004,16,4,12,27,0,16,185
9409301,38,7,31,125,15,23,45
10203,32,10,22,66,0,32,229
9812337,25,4,21,75,1,24,84
9403316,4,1,3,6,4,0,0
106247,87,6,81,405,8,79,238
9910387,19,5,14,43,2,17,86
9808399,4,2,2,3,1,3,3
9907332,10,4,6,11,0,10,13
9908245,23,4,19,63,0,23,140
9905386,6,1,5,6,0,6,6
9711472,17,2,15,37,1,16,61
9612233,2,2,0,0,0,2,3
9910250,21,4,17,32,0,21,150
9512246,11,2,9,23,1,10,19
9903451,56,3,53,340,14,42,65
9908505,20,5,15,37,0,20,206
4014,58,6,52,340,0,58,731
101076,2,2,0,0,0,2,7
102201,38,8,30,179,0,38,657
207043,10,5,5,6,0,10,102
202271,6,3,3,6,0,6,113
9807378,7,3,4,6,6,1,1
110163,34,2,32,223,0,34,256
5286,20,2,18,80,0,20,135
9807358,98,10,88,401,3,95,667
9701311,7,1,6,9,0,7,17
101131,18,4,14,21,0,18,58
9911231,4,3,1,1,0,4,91
9912464,13,9,4,6,0,13,57
9909480,39,2,37,135,1,38,301
9903423,2,1,1,1,0,2,15
9906296,45,5,40,232,0,45,160
9609525,10,3,7,12,3,7,7
9807264,48,13,35,93,30,18,27
9608215,3,1,2,2,0,3,8
4068,7,3,4,10,0,7,38
9507416,35,6,29,103,3,32,76
11064,4,3,1,1,0,4,24
107066,3,3,0,0,0,3,8
9805438,18,3,15,42,13,5,5
8214,17,3,14,50,0,17,135
9808215,7,3,4,8,0,7,22
9503465,12,6,6,12,3,9,22
9301204,9,3,6,17,9,0,0
9507289,12,6,6,12,0,12,43
9702331,16,1,15,53,7,9,17
9902458,6,2,4,9,0,6,18
9411331,7,2,5,8,5,2,2
9208236,25,3,22,82,25,0,0
203121,9,6,3,6,1,8,65
103041,0,0,0,0,0,0,0
9801269,22,11,11,17,1,21,125
9907499,44,4,40,157,4,40,254
9305228,42,5,37,116,42,0,0
9709431,1,1,0,0,0,1,7
8089,0,0,0,0,0,0,0
9510232,22,4,18,48,19,3,3
9905294,5,2,3,3,1,4,4
5020,4,3,1,1,0,4,43
9505416,13,2,11,20,1,12,12
9212210,18,6,12,27,4,14,19
9509258,18,6,12,46,6,12,12
9804284,29,3,26,108,0,29,216
106100,1,1,0,0,0,1,6
9708335,29,8,21,82,2,27,118
9712473,10,2,8,20,0,10,82
9706522,7,2,5,7,0,7,23
9701413,12,1,11,36,0,12,62
9410302,10,1,9,20,4,6,6
9610406,5,2,3,4,1,4,6
5044,16,2,14,23,1,15,57
9801252,20,4,16,61,0,20,177
9504336,30,11,19,66,3,27,53
9508309,2,2,0,0,2,0,0
9412345,12,6,6,8,5,7,16
9505317,21,3,18,44,8,13,30
9706269,2,2,0,0,0,2,15
9803210,12,5,7,21,0,12,78
9809500,8,3,5,7,0,8,65
9805228,16,3,13,42,16,0,0
9411211,90,3,87,853,63,27,27
9612364,65,5,60,518,1,64,495
9401352,32,4,28,123,10,22,34
9506475,31,6,25,101,4,27,93
9304254,14,11,3,4,1,13,26
9908218,24,5,19,51,16,8,8
9606356,20,3,17,75,0,20,90
9910270,4,2,2,3,1,3,4
3013,5,2,3,7,1,4,7
9908489,2,2,0,0,0,2,10
9503238,23,6,17,55,6,17,22
9802446,3,2,1,2,0,3,13
9805474,4,1,3,6,4,0,0
9807454,14,6,8,11,0,14,120
9901337,5,4,1,3,0,5,18
112233,15,2,13,48,1,14,56
9912545,1,1,0,0,0,1,4
8110,4,1,3,6,0,4,9
9903221,3,1,2,3,0,3,9
9604266,17,3,14,50,0,17,45
9612287,23,8,15,29,23,0,0
3251,23,6,17,35,2,21,123
9708427,14,5,9,25,9,5,5
9403269,3,3,0,0,0,3,3
9502251,24,5,19,102,5,19,29
9501212,3,2,1,1,1,2,2
9710561,29,5,24,72,1,28,75
6307,37,10,27,80,1,36,277
9805327,12,1,11,19,4,8,45
2253,8,1,7,12,1,7,39
9803324,4,2,2,4,1,3,9
9907425,20,4,16,77,0,20,84
9708416,7,7,0,0,1,6,9
2193,15,5,10,13,0,15,99
9907264,17,2,15,46,2,15,77
9708303,18,2,16,48,7,11,27
9607223,2,1,1,1,0,2,8
9609216,5,1,4,6,5,0,0
207242,5,1,4,8,0,5,22
9709235,1,1,0,0,0,1,10
9712245,14,7,7,13,0,14,116
8155,7,5,2,3,1,6,24
9302203,28,5,23,70,28,0,0
110141,2,1,1,1,0,2,5
9706311,13,6,7,14,0,13,83
11366,7,4,3,4,1,6,18
9811434,4,3,1,1,0,4,26
9509281,3,3,0,0,1,2,4
9803480,0,0,0,0,0,0,0
9607450,4,3,1,2,0,4,16
9512280,14,3,11,24,11,3,3
9608403,4,1,3,6,4,0,0
9505377,3,2,1,1,1,2,4
9311341,29,3,26,86,29,0,0
9601351,4,2,2,3,0,4,9
1028,11,3,8,12,1,10,70
10130,9,5,4,4,1,8,11
9907539,7,5,2,2,0,7,60
9312325,8,4,4,4,6,2,2
9501340,1,1,0,0,0,1,1
10267,16,3,13,51,0,16,173
9901302,2,1,1,1,0,2,4
9511208,1,1,0,0,0,1,12
9910214,8,3,5,12,0,8,135
107274,4,3,1,1,0,4,14
9611350,8,8,0,0,3,5,13
9601213,3,2,1,1,0,3,3
9802376,2,2,0,0,2,0,0
9504420,6,4,2,2,0,6,13
9811469,10,7,3,4,10,0,0
9712501,2,1,1,1,0,2,9
9903517,7,4,3,5,1,6,27
1273,5,2,3,4,3,2,13
209136,5,1,4,7,0,5,20
9604236,11,5,6,6,2,9,24
9603372,12,4,8,18,0,12,54
9707399,0,0,0,0,0,0,0
110098,4,1,3,3,0,4,29
103223,12,3,9,33,0,12,187
9407223,8,3,5,8,8,0,0
9605349,20,3,17,45,2,18,38
9511329,10,6,4,6,10,0,0
9709355,6,3,3,6,5,1,4
9703206,1,1,0,0,0,1,5
9410332,2,2,0,0,0,2,9
9910445,2,1,1,1,0,2,17
9903436,32,9,23,83,2,30,159
205082,2,2,0,0,0,2,7
9910535,5,2,3,4,0,5,35
9612236,2,2,0,0,0,2,11
112126,7,4,3,5,0,7,53
9403235,5,4,1,2,5,0,0
2268,21,9,12,28,1,20,117
9908490,3,2,1,1,0,3,8
9907265,3,1,2,3,1,2,11
9502246,3,2,1,1,0,3,6
206174,16,2,14,54,1,15,119
201291,28,3,25,88,1,27,221
110307,15,4,11,33,0,15,103
3189,0,0,0,0,0,0,0
105113,10,3,7,13,0,10,63
9411378,1,1,0,0,0,1,5
7359,17,3,14,50,3,14,21
204360,11,6,5,9,0,11,53
201224,20,2,18,85,16,4,6
9706352,6,3,3,5,2,4,4
9911237,24,2,22,94,2,22,62
1225,2,2,0,0,0,2,8
9503279,5,1,4,9,5,0,0
9804309,19,2,17,34,3,16,32
9205237,29,6,23,69,29,0,0
9812311,26,4,22,58,0,26,120
9806298,18,3,15,53,5,13,46
9910537,27,5,22,77,3,24,112
8035,1,1,0,0,0,1,11
9712256,4,4,0,0,0,4,29
9412314,1,1,0,0,1,0,0
9809435,5,2,3,6,5,0,0
9708212,6,2,4,6,0,6,22
9507451,5,2,3,4,0,5,19
9904335,7,3,4,6,0,7,56
9311336,23,6,17,40,23,0,0
9604446,6,3,3,5,0,6,8
9503235,9,9,0,0,7,2,2
9908216,1,1,0,0,0,1,3
10116,5,2,3,3,5,0,0
9508208,3,3,0,0,0,3,8
4182,1,1,0,0,1,0,0
6077,28,2,26,176,0,28,135
2101,2,1,1,1,0,2,9
9712315,2,2,0,0,1,1,4
9912238,17,2,15,67,0,17,72
9308203,11,5,6,13,11,0,0
12044,1,1,0,0,0,1,1
9809548,3,1,2,2,0,3,15
201054,3,3,0,0,0,3,15
111288,1,1,0,0,0,1,4
203088,0,0,0,0,0,0,0
9601208,3,3,0,0,0,3,40
9708208,5,4,1,1,4,1,2
9605291,4,3,1,1,4,0,0
8285,3,2,1,1,0,3,17
2204,11,4,7,11,2,9,19
9902201,6,2,4,5,0,6,40
6345,9,3,6,8,0,9,50
105273,5,1,4,5,0,5,10
9602400,3,2,1,1,3,0,0
9908243,7,6,1,1,3,4,6
9712469,30,11,19,38,3,27,159
103147,3,3,0,0,0,3,17
9610531,2,1,1,1,0,2,4
210193,3,3,0,0,0,3,16
9710345,1,1,0,0,0,1,4
9311,4,1,3,5,0,4,11
101297,15,6,9,18,0,15,79
9311265,6,4,2,5,4,2,2
9312274,9,3,6,10,9,0,0
9609370,9,5,4,4,0,9,23
9806420,1,1,0,0,0,1,4
9704334,13,4,9,12,0,13,20
9905212,7,5,2,3,0,7,18
9901317,6,1,5,10,0,6,59
9703257,14,8,6,13,0,14,26
9606254,20,6,14,29,0,20,77
9612278,4,2,2,2,2,2,2
9608486,6,2,4,6,6,0,0
9904233,12,6,6,7,1,11,65
101170,7,3,4,7,1,6,60
9308275,17,2,15,37,1,16,26
9805407,6,4,2,2,0,6,28
9801297,15,4,11,21,1,14,57
9901283,6,3,3,4,0,6,26
102022,6,3,3,5,0,6,21
6129,11,2,9,23,4,7,12
9807373,6,4,2,2,0,6,27
9910348,6,3,3,6,0,6,39
9403282,8,4,4,8,1,7,11
9511241,1,1,0,0,0,1,3
102343,13,4,9,21,0,13,96
9503438,1,1,0,0,1,0,0
9706478,9,6,3,5,0,9,33
9409450,0,0,0,0,0,0,0
111436,1,1,0,0,0,1,1
107280,1,1,0,0,0,1,2
102219,1,1,0,0,0,1,13
9706394,13,7,6,12,13,0,0
3312,12,4,8,27,0,12,59
202209,1,1,0,0,0,1,10
9709338,2,2,0,0,2,0,0
9903375,15,6,9,19,0,15,68
9807527,8,6,2,3,0,8,39
9403297,7,2,5,14,1,6,14
211307,0,0,0,0,0,0,0
9503295,10,4,6,13,8,2,2
207364,4,2,2,2,0,4,49
9712351,19,4,15,28,1,18,57
9712377,2,1,1,1,0,2,4
9711361,13,7,6,9,13,0,0
9810277,14,4,10,34,0,14,31
9808475,1,1,0,0,0,1,7
105158,1,1,0,0,0,1,1
9706508,1,1,0,0,0,1,3
9602232,18,1,17,49,18,0,0
9210227,15,5,10,20,15,0,0
9604407,5,3,2,3,0,5,5
9405356,3,2,1,1,0,3,11
9707483,1,1,0,0,0,1,2
9403319,3,3,0,0,0,3,3
9508274,7,3,4,6,0,7,13
9211257,10,3,7,11,10,0,0
9602430,1,1,0,0,1,0,0
9810249,5,1,4,6,1,4,10
3299,7,3,4,6,0,7,13
9812398,8,2,6,19,0,8,13
9903364,17,1,16,71,3,14,26
9411280,4,4,0,0,0,4,12
110269,7,5,2,2,0,7,35
208266,5,4,1,1,0,5,26
112359,7,3,4,4,0,7,45
3136,13,2,11,37,0,13,39
9508349,2,2,0,0,1,1,5
204215,1,1,0,0,0,1,3
9701279,4,4,0,0,4,0,0
9806325,2,2,0,0,0,2,4
9904409,10,3,7,18,1,9,33
207228,9,5,4,6,1,8,28
201305,3,2,1,1,0,3,9
9610299,7,2,5,16,1,6,9
9311307,4,2,2,3,0,4,5
105280,3,2,1,2,3,0,0
9811437,7,2,5,7,0,7,41
9612358,5,2,3,5,0,5,11
9609313,2,2,0,0,0,2,3
9508414,3,1,2,2,3,0,0
9507256,6,3,3,3,0,6,6
9606417,10,5,5,8,1,9,29
9504255,0,0,0,0,0,0,0
9305283,6,5,1,3,6,0,0
9601275,6,3,3,5,0,6,7
107200,13,2,11,21,0,13,24
9166,0,0,0,0,0,0,0
9510274,2,2,0,0,2,0,0
9704440,5,2,3,3,2,3,4
211039,2,1,1,1,0,2,5
9810223,12,1,11,52,0,12,27
11229,12,4,8,15,1,11,72
101068,2,2,0,0,0,2,21
9411212,0,0,0,0,0,0,0
210339,0,0,0,0,0,0,0
202203,1,1,0,0,0,1,7
9901446,4,2,2,2,0,4,16
9607280,15,7,8,10,5,10,11
106354,6,2,4,6,0,6,45
211300,4,4,0,0,0,4,39
9502395,9,4,5,7,0,9,24
12030,17,3,14,44,1,16,118
9912289,5,2,3,5,0,5,11
9611383,4,2,2,3,1,3,3
9710408,0,0,0,0,0,0,0
9501263,27,4,23,98,27,0,0
9612441,1,1,0,0,0,1,2
9906415,6,2,4,5,2,4,16
9907307,7,1,6,15,0,7,60
110324,6,5,1,2,0,6,73
9909235,3,3,0,0,0,3,8
9909529,5,4,1,1,0,5,31
112312,0,0,0,0,0,0,0
9806360,2,2,0,0,1,1,4
9811219,4,2,2,2,1,3,8
210296,2,2,0,0,0,2,26
9610520,2,1,1,1,0,2,4
12244,4,2,2,2,0,4,33
9806226,14,5,9,17,3,11,38
7356,3,2,1,1,2,1,1
106217,1,1,0,0,1,0,0
201244,2,2,0,0,1,1,5
9812363,13,2,11,28,2,11,26
9901323,14,3,11,45,1,13,26
9707427,0,0,0,0,0,0,0
9905267,1,1,0,0,1,0,0
9906421,5,3,2,2,0,5,11
5306,3,2,1,1,0,3,8
9711333,11,3,8,25,3,8,14
9912512,8,2,6,15,0,8,48
9701250,3,3,0,0,0,3,19
9611340,4,2,2,3,4,0,0
9909355,6,1,5,11,1,5,13
4006,0,0,0,0,0,0,0
109042,0,0,0,0,0,0,0
9503485,1,1,0,0,0,1,9
8068,4,3,1,1,0,4,6
9707268,6,1,5,9,0,6,12
9502406,3,3,0,0,3,0,0
9701247,6,3,3,5,6,0,0
9609401,11,5,6,15,3,8,27
9807524,3,2,1,1,1,2,3
9810470,2,1,1,1,0,2,4
105215,1,1,0,0,0,1,2
208085,1,1,0,0,0,1,11
204187,3,3,0,0,0,3,7
105104,8,5,3,4,2,6,29
9712466,11,4,7,11,9,2,3
9512307,4,2,2,2,2,2,5
210323,5,4,1,2,0,5,190
9809485,7,4,3,4,4,3,5
4223,11,5,6,8,0,11,67
9907382,12,3,9,27,2,10,43
212378,0,0,0,0,0,0,0
9806248,5,2,3,5,1,4,8
9708263,6,1,5,7,0,6,6
9708249,1,1,0,0,0,1,1
8079,9,1,8,22,9,0,0
1180,1,1,0,0,0,1,8
104005,2,1,1,1,0,2,11
9805218,0,0,0,0,0,0,0
3285,7,5,2,4,4,3,3
212270,8,5,3,4,1,7,53
111012,4,2,2,4,0,4,19
9601371,2,2,0,0,2,0,0
9905545,1,1,0,0,0,1,5
9812484,3,2,1,1,0,3,6
9905287,8,4,4,5,0,8,41
211158,1,1,0,0,0,1,2
9405294,2,1,1,1,2,0,0
202202,7,2,5,9,0,7,51
1227,4,2,2,2,2,2,3
9709222,0,0,0,0,0,0,0
9901216,5,2,3,4,0,5,32
9701358,6,3,3,5,0,6,37
9905241,5,4,1,2,1,4,7
9304243,4,4,0,0,4,0,0
111466,2,1,1,1,0,2,7
9609414,1,1,0,0,0,1,2
9408211,3,3,0,0,0,3,3
10145,0,0,0,0,0,0,0
9604203,0,0,0,0,0,0,0
107034,0,0,0,0,0,0,0
112202,1,1,0,0,0,1,5
9204202,6,4,2,5,6,0,0
9805421,10,1,9,20,10,0,0
9507230,24,2,22,114,7,17,17
1293,0,0,0,0,0,0,0
4077,5,4,1,2,2,3,13
9905540,1,1,0,0,0,1,5
103112,0,0,0,0,0,0,0
4111,3,2,1,1,0,3,23
9908346,0,0,0,0,0,0,0
207056,9,7,2,4,0,9,70
207130,0,0,0,0,0,0,0
9704439,3,2,1,1,1,2,3
7072,1,1,0,0,1,0,0
9806487,4,3,1,1,1,3,5
9705205,2,1,1,1,2,0,0
104044,5,2,3,3,0,5,43
9912284,12,4,8,20,1,11,57
9412282,9,4,5,6,2,7,14
301260,0,0,0,0,0,0,0
9509292,2,1,1,1,2,0,0
9411336,4,3,1,1,0,4,5
212001,0,0,0,0,0,0,0
9708441,4,2,2,3,0,4,7
9603232,4,3,1,1,4,0,0
9904415,0,0,0,0,0,0,0
9501348,3,2,1,1,2,1,1
2100,2,1,1,1,0,2,2
9808326,6,1,5,10,4,2,4
9408319,1,1,0,0,1,0,0
9708254,2,2,0,0,0,2,11
9611315,5,2,3,4,5,0,0
9409236,1,1,0,0,1,0,0
9806239,5,2,3,3,0,5,20
110208,9,4,5,8,0,9,65
9710322,4,2,2,3,0,4,7
1279,1,1,0,0,0,1,6
205208,20,4,16,35,0,20,118
9507374,1,1,0,0,0,1,1
204198,0,0,0,0,0,0,0
210435,0,0,0,0,0,0,0
9910483,9,5,4,8,0,9,38
9502214,2,1,1,1,2,0,0
9809399,1,1,0,0,0,1,6
9812393,5,3,2,2,0,5,9
9903204,4,2,2,3,0,4,4
9406410,1,1,0,0,1,0,0
9512224,1,1,0,0,0,1,6
9810296,5,1,4,4,4,1,1
9602303,1,1,0,0,0,1,3
9207276,1,1,0,0,1,0,0
204123,5,3,2,2,1,4,16
206231,0,0,0,0,0,0,0
9910245,3,1,2,3,2,1,1
9706486,3,2,1,1,0,3,21
109188,3,2,1,1,0,3,9
9412325,1,1,0,0,1,0,0
9912499,3,3,0,0,0,3,19
9411314,6,5,1,1,1,5,17
9502259,2,1,1,1,0,2,6
209027,2,2,0,0,0,2,2
110007,2,2,0,0,1,1,1
211282,4,3,1,2,0,4,23
5285,4,3,1,1,0,4,4
9904386,5,1,4,7,1,4,14
102056,1,1,0,0,0,1,4
107036,2,2,0,0,0,2,10
3019,5,4,1,1,0,5,23
9502353,1,1,0,0,0,1,4
9904244,6,3,3,3,1,5,18
207208,1,1,0,0,0,1,1
203188,6,3,3,7,0,6,37
9910206,6,2,4,6,0,6,9
112250,1,1,0,0,0,1,1
110079,0,0,0,0,0,0,0
212048,1,1,0,0,0,1,5
9910526,2,2,0,0,0,2,3
205057,1,1,0,0,0,1,7
9703214,6,2,4,5,3,3,3
9346,2,2,0,0,0,2,6
9711201,19,4,15,60,0,19,76
105218,0,0,0,0,0,0,0
9808349,4,2,2,3,0,4,15
9906443,1,1,0,0,0,1,6
9802259,0,0,0,0,0,0,0
9710397,2,2,0,0,0,2,15
210139,5,3,2,2,0,5,27
9512424,1,1,0,0,1,0,0
209062,0,0,0,0,0,0,0
9905356,5,5,0,0,5,0,0
6089,2,1,1,1,0,2,2
9709374,3,2,1,1,3,0,0
9809340,1,1,0,0,0,1,6
211041,1,1,0,0,0,1,7
9409311,0,0,0,0,0,0,0
11149,1,1,0,0,1,0,0
207217,1,1,0,0,0,1,1
9306238,2,1,1,1,2,0,0
9902439,2,2,0,0,0,2,2
212283,2,1,1,1,0,2,12
104310,0,0,0,0,0,0,0
9810506,1,1,0,0,0,1,5
9809208,0,0,0,0,0,0,0
9502236,0,0,0,0,0,0,0
9710407,3,3,0,0,0,3,10
209049,0,0,0,0,0,0,0
205243,0,0,0,0,0,0,0
9405315,0,0,0,0,0,0,0
112022,3,2,1,2,0,3,35
9811287,0,0,0,0,0,0,0
9806442,3,1,2,2,0,3,31
108167,2,2,0,0,0,2,16
9904360,5,3,2,2,1,4,15
9910480,0,0,0,0,0,0,0
9710327,5,4,1,1,0,5,40
9707494,0,0,0,0,0,0,0
9212256,5,1,4,7,5,0,0
9812527,7,1,6,9,1,6,6
9612372,0,0,0,0,0,0,0
103053,5,4,1,1,0,5,57
4084,3,3,0,0,1,2,3
9603447,3,2,1,1,1,2,4
9406222,3,2,1,1,3,0,0
9606393,2,2,0,0,0,2,13
206204,0,0,0,0,0,0,0
110250,0,0,0,0,0,0,0
9902365,1,1,0,0,0,1,1
9711285,1,1,0,0,1,0,0
9502249,2,2,0,0,1,1,1
9807547,2,2,0,0,0,2,11
9905564,0,0,0,0,0,0,0
110144,2,2,0,0,0,2,10
9911347,1,1,0,0,0,1,3
9703223,0,0,0,0,0,0,0
102177,4,2,2,3,0,4,9
208034,2,1,1,1,0,2,12
9503230,5,5,0,0,1,4,5
112004,2,1,1,1,0,2,11
208102,2,2,0,0,0,2,6
9710511,0,0,0,0,0,0,0
12257,2,1,1,1,0,2,5
203059,3,1,2,2,0,3,24
101211,3,1,2,2,2,1,1
8282,3,2,1,1,0,3,3
7049,1,1,0,0,0,1,1
9510339,0,0,0,0,0,0,0
9810287,0,0,0,0,0,0,0
4124,6,3,3,5,0,6,52
112330,0,0,0,0,0,0,0
9910533,0,0,0,0,0,0,0
6230,1,1,0,0,0,1,5
9712341,0,0,0,0,0,0,0
9809560,1,1,0,0,0,1,2
9912334,0,0,0,0,0,0,0
9808369,1,1,0,0,0,1,6
202063,6,3,3,5,0,6,25
203040,2,2,0,0,0,2,3
102156,2,1,1,1,0,2,29
110379,0,0,0,0,0,0,0
108027,1,1,0,0,0,1,16
9811222,2,2,0,0,0,2,5
212347,0,0,0,0,0,0,0
204064,3,2,1,1,0,3,36
9808408,2,2,0,0,0,2,16
9711493,0,0,0,0,0,0,0
9310298,7,3,4,7,7,0,0
9610286,1,1,0,0,1,0,0
9509209,2,2,0,0,2,0,0
209122,0,0,0,0,0,0,0
202185,1,1,0,0,0,1,1
206155,1,1,0,0,0,1,2
9512295,2,1,1,1,2,0,0
9803249,0,0,0,0,0,0,0
9906506,0,0,0,0,0,0,0
9605268,2,2,0,0,0,2,20
207118,1,1,0,0,0,1,2
210373,0,0,0,0,0,0,0
4147,2,2,0,0,2,0,0
11349,0,0,0,0,0,0,0
9809395,0,0,0,0,0,0,0
212076,1,1,0,0,0,1,12
9605275,2,1,1,1,1,1,1
9511269,0,0,0,0,0,0,0
107093,1,1,0,0,0,1,1
205126,1,1,0,0,1,0,0
9612430,0,0,0,0,0,0,0
210299,0,0,0,0,0,0,0
9405387,2,1,1,1,2,0,0
9909471,5,2,3,3,5,0,0
9506241,3,1,2,2,0,3,3
9602348,0,0,0,0,0,0,0
9303209,2,1,1,1,2,0,0
102233,2,1,1,1,0,2,6
9711407,0,0,0,0,0,0,0
106252,1,1,0,0,0,1,1
9704391,0,0,0,0,0,0,0
111031,0,0,0,0,0,0,0
9803252,3,1,2,3,3,0,0
9405213,1,1,0,0,1,0,0
110153,4,1,3,3,1,3,13
108215,3,1,2,2,1,2,8
9608362,0,0,0,0,0,0,0
9611346,1,1,0,0,0,1,1
201290,1,1,0,0,0,1,3
9511373,0,0,0,0,0,0,0
1029,0,0,0,0,0,0,0
111355,1,1,0,0,0,1,5
9909330,1,1,0,0,1,0,0
9807239,1,1,0,0,1,0,0
9505236,1,1,0,0,1,0,0
207373,3,2,1,1,0,3,26
204271,1,1,0,0,0,1,16
9409234,0,0,0,0,0,0,0
9812390,1,1,0,0,1,0,0
6064,2,1,1,1,1,1,1
110396,0,0,0,0,0,0,0
9811321,4,2,2,3,0,4,34
9904242,3,2,1,1,0,3,8
9801221,0,0,0,0,0,0,0
207159,0,0,0,0,0,0,0
210407,0,0,0,0,0,0,0
9808314,1,1,0,0,1,0,0
301137,1,1,0,0,1,0,0
204216,2,2,0,0,0,2,7
9609264,1,1,0,0,1,0,0
9302321,2,2,0,0,2,0,0
112065,0,0,0,0,0,0,0
212175,2,2,0,0,0,2,11
9803472,1,1,0,0,0,1,3
9706461,0,0,0,0,0,0,0
9907235,3,2,1,1,3,0,0
111014,1,1,0,0,0,1,9
204016,0,0,0,0,0,0,0
6228,1,1,0,0,1,0,0
9708402,2,1,1,1,0,2,23
102080,2,2,0,0,1,1,7
9709201,0,0,0,0,0,0,0
110055,0,0,0,0,0,0,0
9806329,2,1,1,1,1,1,2
9710440,0,0,0,0,0,0,0
9804287,0,0,0,0,0,0,0
11178,2,1,1,1,0,2,4
110351,0,0,0,0,0,0,0
108097,0,0,0,0,0,0,0
109107,0,0,0,0,0,0,0
9711468,0,0,0,0,0,0,0
110311,1,1,0,0,0,1,7
10220,0,0,0,0,0,0,0
104255,5,4,1,1,0,5,16
9711375,0,0,0,0,0,0,0
212390,0,0,0,0,0,0,0
11117,0,0,0,0,0,0,0
9907538,1,1,0,0,1,0,0
9909363,2,2,0,0,0,2,6
9601340,0,0,0,0,0,0,0
201014,1,1,0,0,0,1,16
9905317,1,1,0,0,1,0,0
9811432,0,0,0,0,0,0,0
9411418,0,0,0,0,0,0,0
9610554,0,0,0,0,0,0,0
201212,1,1,0,0,0,1,2
9404297,0,0,0,0,0,0,0
9803224,0,0,0,0,0,0,0
207078,1,1,0,0,0,1,1
9709323,1,1,0,0,0,1,2
9206202,1,1,0,0,1,0,0
302159,0,0,0,0,0,0,0
211048,0,0,0,0,0,0,0
9807493,3,3,0,0,0,3,5
9704407,1,1,0,0,0,1,1
206189,1,1,0,0,0,1,2
9602434,1,1,0,0,0,1,2
210310,1,1,0,0,0,1,10
10055,1,1,0,0,0,1,4
208107,0,0,0,0,0,0,0
105343,0,0,0,0,0,0,0
9806269,1,1,0,0,0,1,2
210347,0,0,0,0,0,0,0
9512349,2,2,0,0,0,2,2
9504214,0,0,0,0,0,0,0
204301,1,1,0,0,0,1,5
9901257,0,0,0,0,0,0,0
9912286,0,0,0,0,0,0,0
102345,1,1,0,0,1,0,0
212354,0,0,0,0,0,0,0
9802295,0,0,0,0,0,0,0
9612240,0,0,0,0,0,0,0
9908444,0,0,0,0,0,0,0
9221,0,0,0,0,0,0,0
9705335,1,1,0,0,0,1,2
4230,2,2,0,0,0,2,4
9707461,2,1,1,1,0,2,5
9605410,0,0,0,0,0,0,0
212307,3,2,1,2,0,3,21
301118,0,0,0,0,0,0,0
9811400,1,1,0,0,0,1,4
201252,0,0,0,0,0,0,0
301004,0,0,0,0,0,0,0
207148,0,0,0,0,0,0,0
211415,0,0,0,0,0,0,0
9902225,0,0,0,0,0,0,0
9401240,2,2,0,0,2,0,0
302230,0,0,0,0,0,0,0
302172,0,0,0,0,0,0,0
103135,0,0,0,0,0,0,0
9408324,0,0,0,0,0,0,0
208182,0,0,0,0,0,0,0
211143,0,0,0,0,0,0,0
9805400,0,0,0,0,0,0,0
112282,1,1,0,0,1,0,0
207368,0,0,0,0,0,0,0
204041,0,0,0,0,0,0,0
105319,0,0,0,0,0,0,0
9505208,0,0,0,0,0,0,0
9502314,1,1,0,0,1,0,0
9812324,0,0,0,0,0,0,0
9802337,0,0,0,0,0,0,0
6082,0,0,0,0,0,0,0
302265,0,0,0,0,0,0,0
9805415,0,0,0,0,0,0,0
12267,3,1,2,3,0,3,9
206239,0,0,0,0,0,0,0
9904401,0,0,0,0,0,0,0
9809369,0,0,0,0,0,0,0
212137,0,0,0,0,0,0,0
105035,0,0,0,0,0,0,0
11110,0,0,0,0,0,0,0
9707440,1,1,0,0,0,1,2
8300,0,0,0,0,0,0,0
9801396,1,1,0,0,1,0,0
9408201,2,2,0,0,2,0,0
201168,2,1,1,1,0,2,6
9704362,0,0,0,0,0,0,0
205286,2,1,1,1,0,2,14
9510240,0,0,0,0,0,0,0
11197,3,3,0,0,0,3,9
207237,4,4,0,0,0,4,11
9910504,0,0,0,0,0,0,0
209299,0,0,0,0,0,0,0
9612309,2,2,0,0,2,0,0
9200,0,0,0,0,0,0,0
9906556,1,1,0,0,1,0,0
9411443,1,1,0,0,0,1,3
9409415,1,1,0,0,1,0,0
206228,0,0,0,0,0,0,0
7342,1,1,0,0,0,1,5
9401293,1,1,0,0,1,0,0
9808398,0,0,0,0,0,0,0
9806456,0,0,0,0,0,0,0
11369,0,0,0,0,0,0,0
105060,0,0,0,0,0,0,0
3023,0,0,0,0,0,0,0
9711239,0,0,0,0,0,0,0
107236,2,2,0,0,0,2,8
9310205,0,0,0,0,0,0,0
211269,0,0,0,0,0,0,0
9212247,1,1,0,0,1,0,0
9901269,0,0,0,0,0,0,0
111250,0,0,0,0,0,0,0
9912533,2,2,0,0,2,0,0
9904273,2,2,0,0,0,2,4
12173,1,1,0,0,1,0,0
301127,1,1,0,0,1,0,0
9908406,0,0,0,0,0,0,0
212274,1,1,0,0,0,1,1
9808222,1,1,0,0,0,1,6
202005,0,0,0,0,0,0,0
9602257,0,0,0,0,0,0,0
301181,0,0,0,0,0,0,0
104305,0,0,0,0,0,0,0
108209,0,0,0,0,0,0,0
9702347,1,1,0,0,0,1,1
9708308,0,0,0,0,0,0,0
9076,0,0,0,0,0,0,0
9505269,1,1,0,0,0,1,13
9257,0,0,0,0,0,0,0
9504289,0,0,0,0,0,0,0
9706245,0,0,0,0,0,0,0
111407,0,0,0,0,0,0,0
104065,0,0,0,0,0,0,0
9810447,0,0,0,0,0,0,0
10109,0,0,0,0,0,0,0
112323,0,0,0,0,0,0,0
209315,0,0,0,0,0,0,0
11367,0,0,0,0,0,0,0
5268,0,0,0,0,0,0,0
2298,1,1,0,0,1,0,0
204189,1,1,0,0,0,1,3
11057,3,2,1,1,1,2,6
9902329,1,1,0,0,0,1,7
9706327,0,0,0,0,0,0,0
9804424,0,0,0,0,0,0,0
9168,0,0,0,0,0,0,0
9907308,0,0,0,0,0,0,0
302210,0,0,0,0,0,0,0
210254,0,0,0,0,0,0,0
105337,0,0,0,0,0,0,0
9808418,0,0,0,0,0,0,0
208183,0,0,0,0,0,0,0
9711443,0,0,0,0,0,0,0
9157,0,0,0,0,0,0,0
204295,1,1,0,0,1,0,0
9805330,0,0,0,0,0,0,0
212357,1,1,0,0,0,1,6
9706475,0,0,0,0,0,0,0
9212234,1,1,0,0,1,0,0
104212,0,0,0,0,0,0,0
9809359,0,0,0,0,0,0,0
9809305,0,0,0,0,0,0,0
9512245,0,0,0,0,0,0,0
9809432,0,0,0,0,0,0,0
12132,0,0,0,0,0,0,0
212054,0,0,0,0,0,0,0
9905402,1,1,0,0,0,1,1
105032,0,0,0,0,0,0,0
9907558,0,0,0,0,0,0,0
11204,0,0,0,0,0,0,0
209331,1,1,0,0,0,1,20
9804286,1,1,0,0,0,1,1
103276,0,0,0,0,0,0,0
9810263,0,0,0,0,0,0,0
210246,0,0,0,0,0,0,0
9209230,3,3,0,0,3,0,0
9709378,0,0,0,0,0,0,0
104046,0,0,0,0,0,0,0
9811233,0,0,0,0,0,0,0
202263,0,0,0,0,0,0,0
9803429,0,0,0,0,0,0,0
9810356,1,1,0,0,1,0,0
9712272,0,0,0,0,0,0,0
9808221,2,1,1,1,0,2,4
9707340,0,0,0,0,0,0,0
9501393,0,0,0,0,0,0,0
9508218,0,0,0,0,0,0,0
112240,0,0,0,0,0,0,0
203017,0,0,0,0,0,0,0
7089,0,0,0,0,0,0,0
9808267,0,0,0,0,0,0,0
9509397,0,0,0,0,0,0,0
9901232,0,0,0,0,0,0,0
203196,0,0,0,0,0,0,0
9405219,0,0,0,0,0,0,0
103152,1,1,0,0,0,1,12
9809216,0,0,0,0,0,0,0
212152,0,0,0,0,0,0,0
9611252,0,0,0,0,0,0,0
9901325,0,0,0,0,0,0,0
9802398,0,0,0,0,0,0,0
104219,0,0,0,0,0,0,0
106117,0,0,0,0,0,0,0
301271,0,0,0,0,0,0,0
9905297,0,0,0,0,0,0,0
9904359,0,0,0,0,0,0,0
9807314,0,0,0,0,0,0,0
9502208,0,0,0,0,0,0,0
205055,0,0,0,0,0,0,0
103073,0,0,0,0,0,0,0
9904381,0,0,0,0,0,0,0
302140,0,0,0,0,0,0,0
211295,0,0,0,0,0,0,0
9907534,0,0,0,0,0,0,0
111410,0,0,0,0,0,0,0
211383,0,0,0,0,0,0,0
107273,0,0,0,0,0,0,0
211100,0,0,0,0,0,0,0
210008,0,0,0,0,0,0,0
11207,0,0,0,0,0,0,0
207089,0,0,0,0,0,0,0
9805359,0,0,0,0,0,0,0
302024,0,0,0,0,0,0,0
9608454,0,0,0,0,0,0,0
9402355,0,0,0,0,0,0,0
10216,0,0,0,0,0,0,0
9608353,0,0,0,0,0,0,0
9907433,1,1,0,0,1,0,0
211373,0,0,0,0,0,0,0
112008,1,1,0,0,0,1,3
7256,33,14,19,67,0,33,138
9712306,36,3,33,117,15,21,41
11269,7,4,3,5,6,1,1
9802300,63,3,60,508,7,56,266
9206236,43,5,38,187,43,0,0
9501362,17,4,13,53,3,14,27
9502225,9,1,8,16,6,3,5
11311,78,8,70,396,8,70,341
9301283,5,1,4,7,5,0,0
9609246,6,5,1,1,0,6,9
9710372,30,6,24,103,3,27,133
9909352,18,3,15,36,0,18,96
103159,4,2,2,2,1,3,5
9504399,6,2,4,6,0,6,25
9809470,53,7,46,167,0,53,139
9306306,15,3,12,32,15,0,0
9807275,19,7,12,35,5,14,30
101165,23,7,16,33,4,19,85
9504417,1,1,0,0,0,1,1
9301290,22,3,19,69,4,18,18
9302217,33,5,28,108,33,0,0
9505350,31,4,27,81,2,29,88
9511261,9,2,7,11,0,9,28
9503367,1,1,0,0,0,1,4
9311306,50,13,37,146,22,28,36
9606411,100,10,90,650,10,90,384
9901388,48,3,45,196,2,46,458
9902460,2,2,0,0,1,1,4
9504222,34,4,30,116,5,29,44
9712488,43,3,40,214,22,21,28
9901228,58,4,54,321,1,57,602
9911465,7,2,5,5,1,6,28
9502306,20,9,11,26,11,9,13
9810542,3,3,0,0,0,3,15
9809368,14,2,12,25,0,14,163
9904302,1,1,0,0,0,1,1
9710565,46,7,39,206,19,27,48
9810493,2,2,0,0,0,2,22
9338,3,1,2,3,0,3,19
9612400,2,1,1,1,0,2,4
9204215,27,3,24,74,27,0,0
9611293,17,7,10,20,2,15,82
9609342,15,2,13,35,1,14,43
9706546,11,3,8,20,1,10,38
9811463,13,3,10,34,1,12,40
9704275,47,6,41,229,5,42,384
9506416,86,5,81,595,48,38,80
9602389,17,3,14,24,3,14,34
9704257,26,1,25,118,5,21,148
11337,12,7,5,5,1,11,88
102159,8,6,2,3,0,8,59
9804319,57,5,52,355,0,57,481
4247,36,3,33,155,0,36,241
9804462,22,2,20,107,2,20,69
6146,27,2,25,91,0,27,164
9605398,100,8,92,717,4,96,528
9702410,11,1,10,16,1,10,35
9711220,9,1,8,17,0,9,101
9402358,17,5,12,35,0,17,37
9602366,45,8,37,131,16,29,57
105066,9,4,5,10,0,9,52
9703213,20,3,17,28,2,18,39
9507439,22,6,16,60,1,21,57
9812375,30,6,24,93,12,18,20
9704287,50,8,42,185,9,41,101
9907572,20,6,14,38,0,20,84
9806515,10,4,6,11,7,3,9
7353,0,0,0,0,0,0,0
9601377,12,2,10,27,0,12,20
9707222,8,4,4,12,0,8,20
9311357,53,11,42,174,6,47,47
9507213,10,4,6,6,0,10,39
9211309,98,2,96,755,98,0,0
9203203,174,32,142,1222,174,0,0
9308234,4,3,1,1,1,3,14
9503349,6,2,4,6,6,0,0
9702235,12,4,8,15,12,0,0
9405386,53,8,45,326,5,48,65
9511336,20,2,18,68,0,20,149
9802365,36,3,33,222,0,36,195
9703314,15,7,8,10,2,13,58
9612338,4,1,3,6,0,4,10
9608401,41,2,39,178,36,5,5
9809451,28,5,23,94,4,24,33
9703358,26,3,23,89,1,25,73
9905443,34,4,30,171,0,34,227
9812415,17,5,12,24,0,17,42
9406395,5,4,1,1,1,4,13
9403313,14,4,10,26,2,12,22
9804416,10,3,7,15,0,10,62
9312306,33,11,22,54,5,28,50
9407394,42,6,36,163,4,38,199
9805404,8,4,4,8,1,7,10
9308222,33,9,24,72,33,0,0
9710364,17,2,15,49,1,16,32
9706467,29,6,23,67,2,27,171
106141,6,1,5,10,0,6,27
9905239,36,6,30,100,0,36,256
9906536,13,1,12,32,1,12,56
9607303,50,13,37,129,6,44,201
9609369,7,2,5,5,4,3,6
9912305,11,2,9,23,0,11,134
9611328,1,1,0,0,1,0,0
9610477,78,3,75,478,1,77,350
9712506,13,5,8,24,0,13,79
9801444,19,3,16,45,7,12,21
9903515,39,3,36,272,4,35,185
101051,23,4,19,52,0,23,87
9601385,4,3,1,1,0,4,14
11333,102,15,87,452,2,100,1093
9908227,62,1,61,506,0,62,646
9209239,57,14,43,166,44,13,13
12274,15,4,11,39,0,15,71
9506309,5,2,3,4,4,1,1
9401310,39,4,35,92,39,0,0
9812296,28,3,25,69,5,23,39
9211222,14,4,10,29,14,0,0
9602372,12,2,10,42,12,0,0
9810500,28,3,25,93,2,26,252
9812397,43,6,37,138,1,42,454
9210280,18,5,13,45,11,7,9
9603324,19,7,12,34,0,19,72
9707273,22,3,19,56,0,22,82
9303316,6,3,3,5,6,0,0
9608275,16,3,13,27,0,16,120
9201,5,3,2,2,0,5,23
9601310,44,4,40,238,4,40,138
9806315,41,11,30,105,6,35,147
9906381,19,5,14,58,2,17,50
9311205,181,3,178,2210,181,0,0
9903329,20,3,17,32,5,15,40
9206206,13,5,8,14,13,0,0
9411237,18,5,13,39,7,11,11
4220,2,2,0,0,0,2,2
9701222,17,5,12,38,17,0,0
9503356,50,8,42,123,30,20,59
9512334,12,5,7,11,1,11,33
209056,0,0,0,0,0,0,0
9602429,29,4,25,88,1,28,77
9510372,33,5,28,81,6,27,100
9604445,25,4,21,77,4,21,58
9408275,17,11,6,10,16,1,1
9810328,25,6,19,66,1,24,73
9603234,7,2,5,7,1,6,24
9310309,9,2,7,22,2,7,14
104028,12,2,10,18,6,6,11
9609212,8,6,2,2,0,8,45
102259,22,3,19,115,0,22,219
105056,30,6,24,72,1,29,168
9701219,34,5,29,100,0,34,110
102163,14,3,11,27,3,11,21
9812369,23,2,21,59,0,23,119
9803384,20,4,16,57,1,19,90
106258,88,19,69,330,14,74,210
8019,44,5,39,173,2,42,239
9903277,6,6,0,0,1,5,16
9907352,12,3,9,27,0,12,19
2163,8,3,5,9,0,8,36
9910545,9,3,6,14,1,8,19
9807262,7,1,6,12,1,6,24
9603330,9,4,5,6,2,7,7
9503484,41,5,36,158,3,38,71
9708452,8,2,6,11,0,8,34
9903479,48,6,42,255,0,48,694
9908515,13,5,8,18,0,13,100
4044,54,6,48,373,0,54,562
1161,7,3,4,7,0,7,17
104178,9,3,6,13,0,9,189
12191,8,2,6,14,1,7,7
203064,5,2,3,3,0,5,15
9406202,8,3,5,9,2,6,8
110382,26,1,25,171,0,26,262
9904236,29,6,23,74,4,25,86
9903520,26,7,19,42,2,24,87
9701420,16,9,7,14,6,10,29
103235,10,3,7,20,1,9,38
7226,29,13,16,24,0,29,311
9909494,3,1,2,3,0,3,15
9510342,22,2,20,65,6,16,20
9906341,10,8,2,2,0,10,147
9306226,25,10,15,37,9,16,29
9511422,19,4,15,35,19,0,0
9912240,6,4,2,2,0,6,10
9610319,5,3,2,2,3,2,2
8127,12,3,9,21,0,12,171
9603210,9,5,4,6,1,8,29
12154,7,2,5,10,1,6,16
110365,5,4,1,1,0,5,56
9807245,2,2,0,0,2,0,0
9255,68,8,60,257,1,67,563
9307248,14,3,11,20,11,3,3
9505329,166,10,156,1154,5,161,509
9411372,38,7,31,135,23,15,29
9606382,3,1,2,2,2,1,1
9209266,3,1,2,2,3,0,0
9510256,3,3,0,0,3,0,0
9412265,58,2,56,215,8,50,87
9304223,25,3,22,82,25,0,0
204292,2,2,0,0,0,2,8
8029,2,1,1,1,0,2,21
9912308,6,2,4,6,0,6,40
9908286,17,4,13,46,0,17,336
9407227,9,4,5,6,0,9,15
9709511,10,1,9,22,0,10,139
9210239,7,4,3,5,7,0,0
9609226,18,5,13,37,1,17,50
9908425,12,3,9,15,1,11,53
9810496,23,1,22,100,1,22,119
9609419,33,4,29,146,9,24,45
9310345,1,1,0,0,0,1,1
9609490,8,2,6,8,8,0,0
9805342,76,7,69,331,2,74,466
9401328,53,18,35,146,45,8,8
1046,39,5,34,88,4,35,224
9801281,8,4,4,6,0,8,19
9707478,8,2,6,8,3,5,19
9903411,9,4,5,10,0,9,81
9507319,112,4,108,769,20,92,194
9611249,1,1,0,0,0,1,7
5129,24,2,22,63,0,24,150
9611207,23,1,22,61,1,22,38
9507307,40,10,30,132,1,39,80
9609448,27,8,19,47,9,18,29
9506233,30,6,24,96,0,30,113
9601356,46,4,42,246,3,43,172
9706314,2,2,0,0,1,1,3
9811257,7,3,4,9,2,5,17
9811351,14,5,9,19,8,6,11
9806493,12,3,9,15,1,11,26
9504219,106,4,102,801,28,78,174
9702409,77,5,72,518,0,77,855
9402204,21,3,18,58,21,0,0
9508352,7,1,6,9,2,5,18
9211219,18,9,9,28,15,3,3
9409346,1,1,0,0,1,0,0
9605318,6,5,1,1,0,6,11
108137,0,0,0,0,0,0,0
9907408,20,2,18,48,20,0,0
9611301,2,2,0,0,0,2,2
9506314,11,5,6,13,9,2,2
7134,6,2,4,12,1,5,6
9904203,13,3,10,24,0,13,60
9809529,3,3,0,0,0,3,43
9607253,13,3,10,25,10,3,7
112279,11,4,7,22,0,11,31
9806450,5,3,2,4,0,5,10
9404349,8,2,6,10,2,6,6
9601386,0,0,0,0,0,0,0
9604298,15,6,9,14,1,14,83
4189,1,1,0,0,0,1,2
5093,6,5,1,1,0,6,68
9712429,19,4,15,74,3,16,33
103311,2,2,0,0,0,2,2
9607314,25,4,21,110,10,15,16
9407311,19,6,13,28,5,14,28
6025,2,1,1,1,0,2,13
108114,2,2,0,0,0,2,9
9805355,3,2,1,1,0,3,15
4181,6,3,3,5,0,6,21
107276,0,0,0,0,0,0,0
9907474,21,6,15,39,0,21,139
109125,15,3,12,27,0,15,153
3118,9,5,4,8,0,9,49
9907333,29,7,22,60,1,28,144
9710234,26,3,23,68,6,20,52
9607336,10,4,6,22,1,9,9
9710391,1,1,0,0,0,1,2
208159,5,1,4,6,0,5,25
9709315,3,1,2,2,0,3,14
9906385,5,2,3,6,0,5,16
11375,7,2,5,11,0,7,37
9306224,8,1,7,11,8,0,0
111158,2,2,0,0,0,2,10
9502377,4,1,3,4,2,2,4
12195,3,2,1,1,2,1,1
5074,1,1,0,0,0,1,7
9312269,4,1,3,5,4,0,0
9711232,3,3,0,0,1,2,2
9805240,1,1,0,0,0,1,2
9706214,7,2,5,5,1,6,6
9806336,27,4,23,79,0,27,95
9507332,11,4,7,12,1,10,19
9412289,3,2,1,1,3,0,0
9605297,25,1,24,97,5,20,28
9810358,3,1,2,3,2,1,2
12053,6,5,1,1,1,5,10
9909284,17,10,7,9,0,17,82
9811303,10,3,7,9,4,6,8
9307284,3,2,1,1,1,2,2
104162,13,2,11,30,0,13,185
9908350,4,2,2,3,0,4,19
1230,8,2,6,12,1,7,18
9910441,12,2,10,31,0,12,139
108109,5,4,1,1,1,4,22
9807529,11,5,6,8,10,1,1
9706316,23,2,21,89,1,22,33
9712347,5,5,0,0,4,1,1
9606297,12,2,10,34,12,0,0
9306210,6,5,1,1,6,0,0
9812501,4,2,2,3,0,4,16
207031,1,1,0,0,0,1,4
9502330,9,5,4,7,2,7,17
209258,3,0,3,3,0,3,8
9806513,17,6,11,23,2,15,37
9702430,11,2,9,18,0,11,37
9507418,32,9,23,79,6,26,57
9812225,6,1,5,10,6,0,0
103317,4,1,3,3,0,4,43
9410266,18,7,11,24,1,17,60
9607332,18,5,13,20,4,14,72
9810552,4,1,3,3,1,3,7
9307298,18,2,16,50,18,0,0
9703285,18,4,14,55,17,1,2
301232,0,0,0,0,0,0,0
9905403,9,5,4,6,0,9,54
9707237,1,1,0,0,0,1,2
212142,3,2,1,1,0,3,3
1087,13,4,9,18,0,13,235
9810489,6,2,4,6,1,5,16
9910220,35,6,29,114,2,33,197
9407342,5,4,1,2,0,5,5
9701330,34,3,31,103,0,34,105
9412310,33,4,29,143,32,1,1
9801341,10,5,5,8,1,9,45
210276,5,4,1,1,0,5,13
210007,3,3,0,0,0,3,16
202074,10,3,7,20,2,8,44
112060,22,8,14,40,1,21,130
9901433,9,3,6,9,0,9,28
106021,6,3,3,4,0,6,40
9412281,5,1,4,5,1,4,13
11393,19,3,16,66,1,18,70
206258,4,3,1,1,0,4,60
9606467,13,3,10,22,1,12,44
9812389,3,3,0,0,1,2,3
9912428,5,3,2,3,5,0,0
9307,2,2,0,0,0,2,9
9503332,16,3,13,38,2,14,39
9707404,2,2,0,0,2,0,0
102050,0,0,0,0,0,0,0
9904420,21,3,18,70,0,21,162
9808454,39,3,36,124,0,39,202
9411382,9,1,8,17,9,0,0
9902456,6,1,5,10,0,6,6
9802449,2,1,1,1,0,2,4
9406400,1,1,0,0,1,0,0
11055,14,3,11,25,0,14,259
9905391,10,4,6,10,2,8,21
9508291,14,5,9,24,2,12,28
9803253,10,3,7,19,0,10,19
9412275,11,8,3,5,3,8,14
9708459,6,3,3,5,0,6,20
9604432,5,3,2,2,0,5,7
9605389,31,11,20,45,3,28,74
9302214,7,3,4,9,7,0,0
9508293,6,5,1,1,0,6,54
205237,3,2,1,1,1,2,2
7224,20,2,18,90,1,19,70
9605313,9,1,8,19,0,9,9
9512337,7,3,4,5,3,4,8
9810536,35,6,29,136,3,32,269
9404333,11,2,9,16,11,0,0
12075,45,6,39,154,1,44,60
9910359,3,1,2,2,0,3,14
202132,2,2,0,0,0,2,6
108080,3,3,0,0,0,3,8
9712350,5,1,4,5,0,5,11
9604417,18,2,16,91,0,18,64
9312229,6,2,4,5,5,1,1
9812322,14,3,11,14,3,11,42
9810381,6,3,3,4,0,6,27
9612326,25,5,20,88,25,0,0
9906233,18,5,13,20,3,15,68
202018,6,3,3,8,0,6,56
205255,4,3,1,1,0,4,11
9312255,3,2,1,1,3,0,0
9908274,1,1,0,0,0,1,6
105277,11,2,9,19,4,7,18
9909207,9,1,8,19,0,9,42
9704436,14,2,12,32,2,12,30
202152,3,2,1,2,0,3,3
9710367,2,2,0,0,0,2,4
103080,4,2,2,2,0,4,20
103164,8,5,3,3,3,5,14
9407367,1,1,0,0,0,1,2
9909243,7,3,4,4,2,5,18
9912441,0,0,0,0,0,0,0
9608469,0,0,0,0,0,0,0
9602357,5,4,1,1,1,4,4
9905446,5,3,2,2,0,5,13
9903249,6,2,4,7,0,6,30
9807504,15,8,7,19,4,11,18
9703236,4,2,2,2,2,2,6
9710381,4,2,2,2,2,2,5
9708458,1,1,0,0,0,1,1
9708490,5,2,3,7,0,5,14
10079,9,2,7,23,0,9,109
9810282,4,1,3,5,0,4,28
106063,0,0,0,0,0,0,0
9607436,9,1,8,17,7,2,2
9906261,3,2,1,1,0,3,12
104033,2,2,0,0,0,2,18
6147,8,2,6,14,2,6,7
9809493,6,3,3,3,0,6,16
103142,0,0,0,0,0,0,0
9405325,26,8,18,82,26,0,0
9308241,13,7,6,7,13,0,0
103217,19,3,16,52,0,19,219
9504318,2,1,1,1,1,1,1
9803222,1,1,0,0,0,1,3
9904333,1,1,0,0,0,1,3
5310,13,4,9,17,0,13,45
9909387,11,4,7,15,1,10,43
9710503,1,1,0,0,0,1,1
9709325,6,2,4,11,0,6,15
102174,6,3,3,6,0,6,73
202211,1,1,0,0,0,1,6
7069,22,7,15,27,14,8,8
9908247,18,10,8,11,1,17,39
9812382,2,2,0,0,0,2,25
9508212,5,1,4,8,5,0,0
202122,6,5,1,1,0,6,59
9507306,6,2,4,8,1,5,5
1254,1,1,0,0,0,1,12
9701248,24,4,20,75,1,23,27
9212206,8,2,6,11,8,0,0
9601321,11,5,6,17,2,9,16
9704380,14,3,11,36,1,13,142
9809344,10,5,5,6,2,8,19
9605384,1,1,0,0,0,1,2
9307259,14,7,7,19,12,2,2
302055,0,0,0,0,0,0,0
9903291,5,3,2,2,1,4,11
9601348,0,0,0,0,0,0,0
6327,5,1,4,5,0,5,28
9708228,11,2,9,14,0,11,48
9305251,21,7,14,28,21,0,0
2240,6,4,2,2,0,6,20
9812228,3,2,1,1,2,1,1
9704417,7,3,4,7,7,0,0
9902348,6,5,1,3,1,5,17
12158,2,1,1,1,2,0,0
107060,5,2,3,3,0,5,27
9910204,15,1,14,57,1,14,34
9312360,5,3,2,5,5,0,0
204180,3,2,1,1,0,3,20
209035,5,3,2,3,0,5,17
206087,6,3,3,5,0,6,33
104256,8,3,5,13,0,8,40
212125,0,0,0,0,0,0,0
206104,2,2,0,0,1,1,1
9711213,4,1,3,3,0,4,16
9603325,5,1,4,7,5,0,0
9807523,4,1,3,6,0,4,8
207324,1,1,0,0,0,1,22
206058,3,2,1,1,0,3,6
9504382,1,1,0,0,0,1,2
9401274,2,1,1,1,0,2,4
105323,9,3,6,21,4,5,20
108264,13,6,7,12,9,4,6
9303258,8,4,4,10,0,8,8
9509273,2,2,0,0,0,2,3
9812446,7,1,6,7,1,6,24
9507318,3,1,2,2,2,1,2
9704215,5,4,1,2,0,5,21
9602271,13,7,6,14,4,9,14
9402214,18,13,5,8,7,11,19
9702345,9,2,7,12,7,2,2
111193,10,5,5,10,0,10,25
9607206,1,1,0,0,0,1,2
9712426,1,1,0,0,0,1,4
9708314,3,2,1,1,1,2,2
109096,2,1,1,1,0,2,14
9704203,3,3,0,0,0,3,3
110267,7,3,4,6,1,6,15
111125,1,1,0,0,0,1,10
9210264,4,2,2,3,4,0,0
208112,3,3,0,0,0,3,32
202275,5,5,0,0,0,5,117
9707432,5,3,2,2,0,5,14
9609289,5,2,3,3,0,5,9
9810451,4,1,3,6,0,4,10
212129,11,3,8,18,1,10,50
9611369,11,3,8,12,1,10,13
103018,3,2,1,1,0,3,18
12160,1,1,0,0,0,1,3
9708279,2,1,1,1,2,0,0
9507353,12,8,4,8,0,12,84
9510213,12,5,7,18,1,11,21
9401345,4,3,1,1,2,2,3
9408249,2,2,0,0,1,1,1
9910263,4,2,2,3,0,4,44
102269,2,2,0,0,0,2,10
9204212,17,9,8,18,17,0,0
9906546,7,4,3,4,0,7,39
101138,3,2,1,1,1,2,2
9311257,12,5,7,17,7,5,8
9904228,1,1,0,0,0,1,3
205068,5,2,3,3,0,5,84
109254,0,0,0,0,0,0,0
12296,3,2,1,1,0,3,21
9506375,21,5,16,50,21,0,0
101144,1,1,0,0,0,1,1
9704387,2,1,1,1,2,0,0
208226,7,2,5,6,0,7,39
8108,0,0,0,0,0,0,0
9703336,3,1,2,2,1,2,4
9706283,3,3,0,0,0,3,3
102130,2,2,0,0,0,2,10
9912436,5,3,2,3,2,3,10
9047,1,1,0,0,0,1,2
9805384,7,2,5,11,0,7,20
9904452,9,3,6,10,0,9,52
9608457,1,1,0,0,0,1,4
9804219,5,3,2,2,2,3,5
5068,2,2,0,0,0,2,6
9911504,7,7,0,0,0,7,43
108126,1,1,0,0,1,0,0
10208,9,4,5,10,1,8,59
103174,9,2,7,21,0,9,45
9710284,3,1,2,2,1,2,3
9510205,1,1,0,0,1,0,0
9608481,6,1,5,7,6,0,0
9705204,6,2,4,9,0,6,28
9905243,2,2,0,0,1,1,2
9812503,3,2,1,2,3,0,0
9203,1,1,0,0,0,1,7
210284,4,1,3,4,0,4,20
205325,3,3,0,0,0,3,34
9901415,10,1,9,21,6,4,5
9410313,4,2,2,3,4,0,0
9610417,4,3,1,1,1,3,3
10174,5,3,2,2,0,5,36
9609217,3,1,2,3,3,0,0
9805318,15,5,10,26,3,12,118
1115,10,5,5,5,0,10,98
103149,6,4,2,3,3,3,7
9411439,6,4,2,2,2,4,8
9708460,5,3,2,2,0,5,17
9710467,1,1,0,0,0,1,3
107110,9,1,8,24,2,7,7
9802278,3,2,1,1,0,3,9
107243,2,1,1,1,0,2,4
204240,1,1,0,0,0,1,6
9605280,2,1,1,1,2,0,0
212212,7,2,5,7,0,7,77
112210,3,3,0,0,0,3,26
203131,7,5,2,2,0,7,63
9910360,1,1,0,0,0,1,1
9912228,2,2,0,0,0,2,5
212280,0,0,0,0,0,0,0
110374,4,1,3,5,4,0,0
9506370,11,2,9,24,11,0,0
106031,6,3,3,3,0,6,25
106026,3,2,1,1,0,3,5
9606425,4,2,2,2,2,2,2
9902384,1,1,0,0,0,1,4
9712440,4,3,1,1,0,4,20
9905260,4,3,1,1,0,4,11
9811313,2,2,0,0,0,2,13
201282,2,1,1,1,0,2,7
9910239,2,1,1,1,0,2,18
11289,3,2,1,1,0,3,24
9607462,4,3,1,1,4,0,0
9708347,0,0,0,0,0,0,0
7332,6,2,4,6,0,6,27
9211234,3,1,2,3,3,0,0
9027,2,1,1,1,0,2,5
9906442,8,1,7,12,1,7,14
9811298,6,2,4,8,0,6,33
9406424,4,3,1,1,4,0,0
103170,8,3,5,11,2,6,14
9608490,5,3,2,4,5,0,0
9905293,2,2,0,0,0,2,11
9305250,9,5,4,9,9,0,0
9401299,9,5,4,8,4,5,5
5099,2,1,1,1,0,2,6
204326,1,1,0,0,1,0,0
9711516,10,2,8,28,0,10,58
202221,1,1,0,0,1,0,0
10105,1,1,0,0,0,1,1
9705375,1,1,0,0,0,1,1
112050,4,1,3,4,4,0,0
4029,10,1,9,18,0,10,71
9408323,3,3,0,0,0,3,3
3157,2,2,0,0,1,1,2
9710507,0,0,0,0,0,0,0
9901266,6,2,4,7,0,6,30
9610206,1,1,0,0,1,0,0
9709279,0,0,0,0,0,0,0
9904435,0,0,0,0,0,0,0
9707439,2,1,1,1,0,2,17
9403261,5,4,1,1,5,0,0
9709421,1,1,0,0,0,1,5
9808336,2,1,1,1,1,1,2
9212211,2,2,0,0,2,0,0
7206,5,1,4,7,0,5,15
9709230,6,2,4,4,3,3,3
9412254,9,2,7,7,9,0,0
9806373,6,4,2,4,0,6,22
112322,9,1,8,26,0,9,81
9802427,1,1,0,0,0,1,3
1281,3,1,2,2,3,0,0
107149,1,1,0,0,0,1,1
9601248,7,6,1,2,0,7,16
1121,0,0,0,0,0,0,0
202254,1,1,0,0,0,1,2
9311359,0,0,0,0,0,0,0
9906416,2,2,0,0,0,2,5
9810375,1,1,0,0,0,1,3
9604289,5,1,4,5,5,0,0
9611223,6,2,4,10,3,3,5
9501400,2,1,1,1,1,1,1
8306,4,2,2,3,0,4,11
9709329,4,2,2,2,0,4,20
9802371,2,2,0,0,0,2,13
1185,1,1,0,0,0,1,9
110108,7,1,6,10,0,7,11
9405201,2,1,1,1,0,2,2
1248,0,0,0,0,0,0,0
9612222,3,3,0,0,1,2,2
5026,7,3,4,8,0,7,21
9602311,0,0,0,0,0,0,0
6247,0,0,0,0,0,0,0
9609206,1,1,0,0,0,1,5
9347,0,0,0,0,0,0,0
12016,2,2,0,0,0,2,2
106153,3,2,1,1,3,0,0
9809285,0,0,0,0,0,0,0
10341,1,1,0,0,0,1,17
9906432,5,1,4,7,0,5,19
9704232,4,2,2,4,0,4,17
110087,1,1,0,0,0,1,14
207012,3,3,0,0,0,3,17
3085,3,2,1,1,0,3,8
9604206,0,0,0,0,0,0,0
9604211,1,1,0,0,1,0,0
204144,6,3,3,7,0,6,11
9906544,1,1,0,0,1,0,0
203072,2,2,0,0,0,2,8
9602408,2,2,0,0,2,0,0
208205,2,2,0,0,0,2,8
9607270,1,1,0,0,1,0,0
110117,3,2,1,2,0,3,12
9710305,4,2,2,3,2,2,3
9310333,0,0,0,0,0,0,0
9807334,22,1,21,78,0,22,234
205264,0,0,0,0,0,0,0
9909474,1,1,0,0,0,1,2
209274,0,0,0,0,0,0,0
211247,0,0,0,0,0,0,0
9710282,0,0,0,0,0,0,0
9709459,1,1,0,0,0,1,3
9502274,1,1,0,0,1,0,0
204135,3,1,2,2,0,3,11
103209,1,1,0,0,1,0,0
6098,4,2,2,3,0,4,68
9811514,4,3,1,1,3,1,1
9607337,0,0,0,0,0,0,0
105304,12,2,10,29,1,11,80
9904390,1,1,0,0,0,1,3
202094,0,0,0,0,0,0,0
9801219,5,3,2,2,5,0,0
9403267,1,1,0,0,0,1,1
9512431,1,1,0,0,1,0,0
301057,2,1,1,1,0,2,20
102162,1,1,0,0,0,1,9
9206255,4,2,2,2,2,2,2
9911391,1,1,0,0,0,1,3
110196,1,1,0,0,0,1,7
109065,0,0,0,0,0,0,0
102068,5,1,4,6,0,5,14
201186,1,1,0,0,0,1,1
207320,0,0,0,0,0,0,0
210028,1,1,0,0,0,1,15
4211,0,0,0,0,0,0,0
302017,0,0,0,0,0,0,0
101316,2,1,1,1,0,2,12
106294,1,1,0,0,0,1,13
9711321,4,4,0,0,4,0,0
9612206,0,0,0,0,0,0,0
205177,1,1,0,0,0,1,9
9308261,4,1,3,6,1,3,3
9903429,3,1,2,3,0,3,8
9609411,3,2,1,1,0,3,11
110308,1,1,0,0,0,1,7
9608386,1,1,0,0,1,0,0
9606326,1,1,0,0,0,1,1
9710461,1,1,0,0,0,1,1
9609283,4,2,2,2,2,2,7
111453,0,0,0,0,0,0,0
9306287,2,1,1,1,2,0,0
9901356,1,1,0,0,0,1,1
9910345,1,1,0,0,0,1,4
1200,0,0,0,0,0,0,0
9812517,2,2,0,0,1,1,1
9906386,5,2,3,4,5,0,0
9403406,2,1,1,1,2,0,0
9710377,0,0,0,0,0,0,0
9707283,0,0,0,0,0,0,0
108224,7,2,5,15,0,7,76
9907378,1,1,0,0,0,1,1
9912472,2,2,0,0,0,2,6
106020,1,1,0,0,0,1,5
209009,1,1,0,0,0,1,12
207360,0,0,0,0,0,0,0
3152,2,1,1,1,0,2,4
201217,5,3,2,4,0,5,16
101293,2,2,0,0,1,1,1
112298,0,0,0,0,0,0,0
9708454,2,2,0,0,2,0,0
211091,0,0,0,0,0,0,0
9501326,0,0,0,0,0,0,0
208222,0,0,0,0,0,0,0
9804333,0,0,0,0,0,0,0
9811433,4,3,1,1,0,4,16
9811348,0,0,0,0,0,0,0
9311202,4,2,2,2,4,0,0
9907454,1,1,0,0,0,1,4
302118,0,0,0,0,0,0,0
9905304,2,1,1,1,0,2,10
202068,6,3,3,5,0,6,41
9506401,0,0,0,0,0,0,0
102196,2,2,0,0,0,2,12
9707290,0,0,0,0,0,0,0
211030,0,0,0,0,0,0,0
9703366,1,1,0,0,1,0,0
2283,3,3,0,0,0,3,9
103099,7,4,3,6,0,7,49
9607271,6,2,4,6,6,0,0
211150,0,0,0,0,0,0,0
9510231,4,1,3,6,4,0,0
9609531,0,0,0,0,0,0,0
105124,0,0,0,0,0,0,0
208117,1,1,0,0,0,1,5
9611457,0,0,0,0,0,0,0
9504267,1,1,0,0,1,0,0
9808240,1,1,0,0,0,1,1
9705420,0,0,0,0,0,0,0
9307361,0,0,0,0,0,0,0
9702328,0,0,0,0,0,0,0
206288,5,3,2,3,0,5,33
5283,1,1,0,0,0,1,1
112040,0,0,0,0,0,0,0
202149,1,1,0,0,0,1,3
9601368,0,0,0,0,0,0,0
201188,2,1,1,1,0,2,12
9606453,2,2,0,0,0,2,3
9509245,1,1,0,0,0,1,3
108078,1,1,0,0,0,1,2
9805277,0,0,0,0,0,0,0
9510266,2,2,0,0,2,0,0
109029,1,1,0,0,0,1,2
9509354,1,1,0,0,0,1,3
7231,2,2,0,0,0,2,4
11194,0,0,0,0,0,0,0
9605216,3,3,0,0,1,2,4
9402242,1,1,0,0,1,0,0
302260,0,0,0,0,0,0,0
105296,1,1,0,0,1,0,0
11353,4,4,0,0,0,4,10
9309265,3,1,2,2,3,0,0
107032,1,1,0,0,0,1,3
9904227,3,1,2,3,3,0,0
9910222,0,0,0,0,0,0,0
9901282,0,0,0,0,0,0,0
206157,3,3,0,0,0,3,4
9802309,0,0,0,0,0,0,0
9708494,0,0,0,0,0,0,0
9803375,1,1,0,0,0,1,2
9510263,2,2,0,0,0,2,3
9812299,0,0,0,0,0,0,0
209036,0,0,0,0,0,0,0
9707391,0,0,0,0,0,0,0
9710201,1,1,0,0,1,0,0
9703306,0,0,0,0,0,0,0
102215,2,2,0,0,0,2,11
11318,1,1,0,0,1,0,0
9304292,1,1,0,0,1,0,0
5079,0,0,0,0,0,0,0
9912404,2,1,1,1,1,1,1
9603418,0,0,0,0,0,0,0
9912273,1,1,0,0,0,1,1
202220,0,0,0,0,0,0,0
9301275,2,1,1,1,2,0,0
205260,2,2,0,0,0,2,2
9611203,1,1,0,0,0,1,3
9512411,0,0,0,0,0,0,0
9807255,4,4,0,0,4,0,0
111335,5,1,4,8,0,5,7
9803494,0,0,0,0,0,0,0
9506415,1,1,0,0,1,0,0
106068,2,2,0,0,0,2,3
212331,2,2,0,0,0,2,17
205217,0,0,0,0,0,0,0
9706291,0,0,0,0,0,0,0
12086,0,0,0,0,0,0,0
9707455,0,0,0,0,0,0,0
9312208,0,0,0,0,0,0,0
106196,1,1,0,0,1,0,0
209154,0,0,0,0,0,0,0
208276,1,1,0,0,0,1,6
302185,0,0,0,0,0,0,0
103336,2,1,1,1,1,1,1
11385,3,1,2,2,0,3,15
8002,0,0,0,0,0,0,0
9712480,0,0,0,0,0,0,0
9808273,1,1,0,0,0,1,7
102127,0,0,0,0,0,0,0
9504257,1,1,0,0,1,0,0
12074,1,1,0,0,1,0,0
9406331,2,1,1,1,1,1,1
109187,0,0,0,0,0,0,0
9812294,1,1,0,0,0,1,2
203081,1,1,0,0,0,1,4
9704426,2,2,0,0,0,2,2
211229,1,1,0,0,0,1,1
302207,0,0,0,0,0,0,0
9503265,0,0,0,0,0,0,0
9510328,0,0,0,0,0,0,0
9509356,1,1,0,0,1,0,0
105115,2,1,1,1,0,2,9
9704427,1,1,0,0,1,0,0
9712308,1,1,0,0,1,0,0
9809482,0,0,0,0,0,0,0
5022,0,0,0,0,0,0,0
9808427,0,0,0,0,0,0,0
301031,0,0,0,0,0,0,0
204356,0,0,0,0,0,0,0
201122,0,0,0,0,0,0,0
203125,0,0,0,0,0,0,0
207119,0,0,0,0,0,0,0
302013,0,0,0,0,0,0,0
9307333,1,1,0,0,1,0,0
9711214,3,1,2,3,0,3,5
9504253,2,1,1,1,2,0,0
9910509,5,4,1,3,0,5,14
210100,0,0,0,0,0,0,0
208237,1,1,0,0,0,1,15
10264,1,1,0,0,0,1,3
206289,1,1,0,0,0,1,1
9609214,1,1,0,0,0,1,5
11249,0,0,0,0,0,0,0
9503426,0,0,0,0,0,0,0
201109,0,0,0,0,0,0,0
9504203,1,1,0,0,1,0,0
302036,0,0,0,0,0,0,0
12252,1,1,0,0,1,0,0
9601299,2,1,1,1,0,2,4
207170,1,1,0,0,1,0,0
9220,0,0,0,0,0,0,0
9312247,2,1,1,1,2,0,0
211297,0,0,0,0,0,0,0
9707324,1,1,0,0,0,1,1
3319,0,0,0,0,0,0,0
9512339,2,1,1,1,2,0,0
9907565,0,0,0,0,0,0,0
9710555,0,0,0,0,0,0,0
201203,0,0,0,0,0,0,0
11142,0,0,0,0,0,0,0
206158,2,2,0,0,0,2,22
10044,0,0,0,0,0,0,0
9604449,0,0,0,0,0,0,0
9610519,0,0,0,0,0,0,0
9705480,0,0,0,0,0,0,0
9809221,0,0,0,0,0,0,0
201288,0,0,0,0,0,0,0
9409223,2,2,0,0,2,0,0
9610382,1,1,0,0,0,1,3
204310,1,1,0,0,1,0,0
9908506,0,0,0,0,0,0,0
9809231,0,0,0,0,0,0,0
212371,0,0,0,0,0,0,0
9805312,0,0,0,0,0,0,0
112254,0,0,0,0,0,0,0
202248,2,1,1,1,0,2,30
209321,0,0,0,0,0,0,0
9801267,0,0,0,0,0,0,0
6260,0,0,0,0,0,0,0
111388,1,1,0,0,0,1,2
9906317,1,1,0,0,0,1,5
206164,0,0,0,0,0,0,0
111074,0,0,0,0,0,0,0
9708466,1,1,0,0,0,1,3
302181,1,1,0,0,0,1,1
5150,0,0,0,0,0,0,0
110019,2,1,1,1,0,2,22
212404,1,1,0,0,0,1,12
1221,0,0,0,0,0,0,0
9506219,0,0,0,0,0,0,0
9310354,0,0,0,0,0,0,0
206134,0,0,0,0,0,0,0
302199,0,0,0,0,0,0,0
212346,0,0,0,0,0,0,0
109237,0,0,0,0,0,0,0
204078,1,1,0,0,1,0,0
9408205,0,0,0,0,0,0,0
206154,1,1,0,0,0,1,5
9710387,0,0,0,0,0,0,0
207204,1,1,0,0,0,1,5
208100,0,0,0,0,0,0,0
209367,0,0,0,0,0,0,0
110139,1,1,0,0,0,1,2
9612228,0,0,0,0,0,0,0
207024,1,1,0,0,0,1,6
210273,0,0,0,0,0,0,0
9505439,0,0,0,0,0,0,0
207331,0,0,0,0,0,0,0
9712247,0,0,0,0,0,0,0
111204,0,0,0,0,0,0,0
301035,0,0,0,0,0,0,0
9607339,0,0,0,0,0,0,0
9810487,0,0,0,0,0,0,0
9412211,0,0,0,0,0,0,0
9805504,1,1,0,0,0,1,7
9609508,0,0,0,0,0,0,0
9909405,5,4,1,2,0,5,12
111470,0,0,0,0,0,0,0
5092,0,0,0,0,0,0,0
104165,3,1,2,2,3,0,0
9275,1,1,0,0,0,1,6
109123,0,0,0,0,0,0,0
9507351,0,0,0,0,0,0,0
9402334,0,0,0,0,0,0,0
110076,1,1,0,0,1,0,0
107179,0,0,0,0,0,0,0
9710383,0,0,0,0,0,0,0
9805350,0,0,0,0,0,0,0
206091,0,0,0,0,0,0,0
301106,0,0,0,0,0,0,0
301024,0,0,0,0,0,0,0
301170,0,0,0,0,0,0,0
203024,0,0,0,0,0,0,0
9509307,1,1,0,0,1,0,0
104017,0,0,0,0,0,0,0
9502354,0,0,0,0,0,0,0
9901305,1,1,0,0,1,0,0
7324,0,0,0,0,0,0,0
210409,0,0,0,0,0,0,0
9124,0,0,0,0,0,0,0
9912203,0,0,0,0,0,0,0
6002,0,0,0,0,0,0,0
302139,0,0,0,0,0,0,0
208172,0,0,0,0,0,0,0
204323,1,1,0,0,0,1,1
210424,0,0,0,0,0,0,0
201149,1,1,0,0,0,1,3
9912375,1,1,0,0,0,1,2
9410247,0,0,0,0,0,0,0
11084,0,0,0,0,0,0,0
9186,1,1,0,0,0,1,2
9311334,0,0,0,0,0,0,0
9503305,0,0,0,0,0,0,0
9608323,0,0,0,0,0,0,0
9712422,1,1,0,0,1,0,0
209250,1,1,0,0,0,1,22
104004,0,0,0,0,0,0,0
9805409,0,0,0,0,0,0,0
11219,0,0,0,0,0,0,0
207029,0,0,0,0,0,0,0
9601223,0,0,0,0,0,0,0
112335,0,0,0,0,0,0,0
9705472,0,0,0,0,0,0,0
103302,0,0,0,0,0,0,0
9911402,0,0,0,0,0,0,0
203112,0,0,0,0,0,0,0
210360,1,1,0,0,0,1,5
9710207,0,0,0,0,0,0,0
1131,0,0,0,0,0,0,0
107170,0,0,0,0,0,0,0
208008,0,0,0,0,0,0,0
205258,0,0,0,0,0,0,0
10340,1,1,0,0,1,0,0
104194,0,0,0,0,0,0,0
109129,0,0,0,0,0,0,0
9501352,0,0,0,0,0,0,0
9806399,0,0,0,0,0,0,0
9706460,0,0,0,0,0,0,0
2029,1,1,0,0,1,0,0
209328,0,0,0,0,0,0,0
1007,1,1,0,0,1,0,0
9611230,0,0,0,0,0,0,0
9907508,0,0,0,0,0,0,0
107169,0,0,0,0,0,0,0
104093,0,0,0,0,0,0,0
103035,1,1,0,0,1,0,0
9712265,0,0,0,0,0,0,0
301133,0,0,0,0,0,0,0
9706499,0,0,0,0,0,0,0
9504290,0,0,0,0,0,0,0
302115,0,0,0,0,0,0,0
9811435,0,0,0,0,0,0,0
210340,0,0,0,0,0,0,0
9803317,1,1,0,0,0,1,3
9812285,1,1,0,0,1,0,0
9908477,0,0,0,0,0,0,0
205016,0,0,0,0,0,0,0
5143,0,0,0,0,0,0,0
9503218,0,0,0,0,0,0,0
9505255,1,1,0,0,1,0,0
9046,0,0,0,0,0,0,0
204065,0,0,0,0,0,0,0
9809389,0,0,0,0,0,0,0
9612218,0,0,0,0,0,0,0
9206265,1,1,0,0,1,0,0
9711471,0,0,0,0,0,0,0
208179,0,0,0,0,0,0,0
210208,0,0,0,0,0,0,0
206227,0,0,0,0,0,0,0
210217,0,0,0,0,0,0,0
9607375,1,1,0,0,0,1,1
9511418,0,0,0,0,0,0,0
301207,0,0,0,0,0,0,0
106009,0,0,0,0,0,0,0
102302,0,0,0,0,0,0,0
106078,0,0,0,0,0,0,0
2080,0,0,0,0,0,0,0
104118,0,0,0,0,0,0,0
9705371,0,0,0,0,0,0,0
9811466,0,0,0,0,0,0,0
9605372,0,0,0,0,0,0,0
210086,0,0,0,0,0,0,0
1331,0,0,0,0,0,0,0
106032,0,0,0,0,0,0,0
207166,0,0,0,0,0,0,0
105198,0,0,0,0,0,0,0
9906519,1,1,0,0,1,0,0
9912401,0,0,0,0,0,0,0
111121,0,0,0,0,0,0,0
212128,0,0,0,0,0,0,0
9311201,0,0,0,0,0,0,0
9906294,0,0,0,0,0,0,0
9239,0,0,0,0,0,0,0
301174,0,0,0,0,0,0,0
1139,0,0,0,0,0,0,0
9801275,0,0,0,0,0,0,0
111320,0,0,0,0,0,0,0
9608316,0,0,0,0,0,0,0
106003,0,0,0,0,0,0,0
203156,0,0,0,0,0,0,0
302215,0,0,0,0,0,0,0
9910430,0,0,0,0,0,0,0
9403384,81,7,74,637,51,30,35
7360,23,2,21,92,1,22,108
9802394,65,8,57,333,65,0,0
11392,8,5,3,6,1,7,99
9811472,49,2,47,322,3,46,297
9306323,23,6,17,68,23,0,0
9502376,18,4,14,45,0,18,45
9503359,5,2,3,3,0,5,14
104199,7,3,4,5,0,7,44
9302291,14,7,7,21,14,0,0
9609279,49,8,41,128,9,40,115
9712394,12,1,11,22,4,8,18
9911407,3,2,1,1,0,3,10
107117,2,2,0,0,0,2,14
9505256,1,1,0,0,0,1,3
9809472,13,4,9,13,0,13,51
9308343,2,2,0,0,2,0,0
9807423,82,3,79,624,1,81,490
102023,10,3,7,9,3,7,19
9410322,6,3,3,6,6,0,0
9307295,18,7,11,46,2,16,38
9301276,44,4,40,200,44,0,0
9507424,14,4,10,27,5,9,14
9505366,1,1,0,0,0,1,3
9212245,12,4,8,23,12,0,0
9403345,14,8,6,13,7,7,7
9607372,121,14,107,754,18,103,665
9902215,17,1,16,40,7,10,10
9505275,78,10,68,521,2,76,173
9504405,45,3,42,231,40,5,5
9802314,86,4,82,498,15,71,144
9901243,36,5,31,86,2,34,239
9912205,17,6,11,13,9,8,9
9310363,32,4,28,82,32,0,0
9508247,46,3,43,283,5,41,79
9811407,2,2,0,0,0,2,6
9906469,113,11,102,533,30,83,208
9712390,7,5,2,2,0,7,17
9811267,16,4,12,19,7,9,28
102306,6,1,5,10,6,0,0
9801321,7,2,5,18,2,5,5
9205234,43,5,38,208,43,0,0
9612442,13,1,12,22,0,13,86
9706497,4,3,1,1,1,3,15
9805386,16,6,10,20,4,12,34
9506222,22,3,19,32,4,18,59
9707435,130,19,111,667,15,115,691
9511288,133,7,126,1400,45,88,104
9603219,20,5,15,34,4,16,28
9704363,12,5,7,14,0,12,104
12099,11,5,6,9,0,11,38
103040,6,5,1,2,3,3,8
9804330,4,3,1,1,0,4,7
5156,15,5,10,35,0,15,148
9805335,22,2,20,87,2,20,67
7196,21,7,14,49,1,20,142
9605408,94,9,85,740,1,93,437
9703211,45,10,35,144,0,45,605
9711264,20,6,14,35,0,20,202
9408316,9,3,6,14,0,9,29
9810488,3,2,1,1,1,2,2
105217,7,2,5,13,0,7,44
9703277,27,2,25,78,3,24,41
9605220,55,4,51,272,1,54,290
9912201,2,2,0,0,0,2,3
9806308,47,7,40,162,1,46,403
9908255,23,1,22,80,0,23,82
9907549,7,5,2,2,2,5,10
9712294,3,2,1,1,3,0,0
9603317,14,5,9,17,0,14,53
9708299,16,4,12,36,1,15,37
9312262,6,4,2,2,6,0,0
9604378,6,2,4,6,1,5,6
9602350,23,2,21,78,23,0,0
9204228,46,9,37,213,46,0,0
9302202,35,9,26,160,12,23,23
9511321,18,3,15,37,6,12,23
9704424,24,4,20,65,12,12,21
9409393,61,7,54,426,1,60,227
9601359,18,2,16,57,0,18,110
9809341,21,2,19,43,3,18,31
9705278,9,2,7,15,1,8,13
9801352,12,4,8,21,6,6,9
9610260,29,3,26,119,2,27,27
9906412,1,1,0,0,1,0,0
9703359,17,1,16,68,1,16,48
9906230,27,3,24,101,1,26,220
9905495,4,3,1,1,0,4,28
9703446,6,3,3,3,0,6,28
9407344,54,7,47,207,8,46,132
9805297,12,3,9,20,1,11,36
9503404,30,6,24,101,2,28,167
9407407,32,5,27,111,0,32,214
9903258,11,5,6,14,0,11,52
9511376,22,1,21,89,3,19,30
9801224,9,3,6,8,0,9,11
9710302,36,5,31,100,0,36,168
9408273,18,8,10,24,18,0,0
9906485,22,7,15,39,0,22,257
9907267,15,3,12,32,1,14,111
9706397,28,8,20,69,2,26,100
9609481,64,2,62,428,32,32,32
9912306,14,4,10,25,0,14,106
9612448,3,2,1,2,0,3,9
9704452,151,10,141,939,25,126,564
9701304,14,5,9,16,2,12,60
9501230,36,6,30,168,36,0,0
9903516,44,4,40,298,2,42,381
9303255,37,11,26,71,37,0,0
9603304,10,3,7,21,1,9,10
11379,25,6,19,47,4,21,114
9910254,40,3,37,188,0,40,504
9209241,53,14,39,162,53,0,0
9910225,46,5,41,213,0,46,629
9705438,3,3,0,0,1,2,2
105150,34,3,31,109,0,34,323
9812365,16,3,13,28,4,12,12
9908362,31,7,24,114,31,0,0
9604349,9,3,6,10,1,8,9
9811386,8,4,4,8,0,8,39
9707434,7,2,5,6,7,0,0
9302227,29,10,19,56,29,0,0
9801280,3,1,2,3,0,3,19
9707330,4,2,2,3,2,2,4
9304206,16,9,7,11,16,0,0
9609524,31,3,28,76,9,22,115
101208,9,5,4,9,1,8,57
9607268,3,1,2,2,0,3,3
9807349,34,3,31,101,1,33,154
9908450,11,7,4,6,11,0,0
9605446,108,1,107,990,2,106,314
9903464,17,5,12,24,1,16,52
9501244,12,6,6,12,12,0,0
9411326,1,1,0,0,1,0,0
9909204,4,1,3,3,4,0,0
9710450,13,1,12,26,2,11,18
9303205,116,12,104,1060,96,20,20
9602324,20,4,16,44,0,20,120
8262,20,3,17,60,4,16,25
9709242,3,3,0,0,0,3,9
9512288,29,5,24,58,1,28,126
9609458,9,3,6,9,0,9,24
9304218,7,6,1,2,7,0,0
9903506,2,2,0,0,2,0,0
9806216,3,2,1,1,0,3,13
9401209,11,2,9,38,0,11,60
106204,20,8,12,23,0,20,262
9610470,10,4,6,8,0,10,57
102297,28,4,24,151,1,27,128
9312248,16,1,15,31,16,0,0
9903468,17,7,10,30,0,17,56
104258,15,5,10,25,0,15,221
9903402,53,3,50,322,2,51,254
9803451,8,2,6,10,0,8,56
106264,69,10,59,259,1,68,216
11054,42,11,31,121,4,38,138
9907320,3,1,2,2,1,2,2
9504379,19,5,14,31,19,0,0
2190,5,4,1,1,0,5,25
9412342,3,2,1,1,0,3,6
9807424,16,4,12,25,2,14,39
9705221,39,11,28,57,9,30,39
9511396,3,2,1,1,0,3,7
9504285,3,2,1,1,2,1,2
9904504,36,5,31,131,0,36,454
9908530,12,4,8,17,0,12,79
6233,22,9,13,32,0,22,226
10104,6,2,4,5,0,6,37
201274,16,3,13,44,0,16,386
110083,14,2,12,31,0,14,183
9205205,18,5,13,44,18,0,0
9405318,1,1,0,0,0,1,1
111052,13,1,12,40,0,13,66
9906266,52,4,48,254,0,52,501
4238,0,0,0,0,0,0,0
9305308,11,4,7,12,11,0,0
103312,2,2,0,0,0,2,30
9908358,15,5,10,27,0,15,277
5146,12,6,6,10,0,12,99
9607362,23,6,17,68,1,22,72
9906508,9,5,4,7,0,9,60
9506206,1,1,0,0,0,1,6
9501323,8,4,4,5,4,4,4
9912417,5,2,3,6,0,5,9
9601269,5,3,2,2,1,4,22
11360,3,1,2,2,0,3,14
2150,59,14,45,173,3,56,410
12162,4,4,0,0,1,3,16
1321,3,2,1,1,0,3,7
9807500,16,1,15,26,1,15,27
10296,29,4,25,96,0,29,214
9501314,13,6,7,15,5,8,8
9511315,166,7,159,1159,3,163,576
9503346,17,7,10,22,0,17,65
9703428,3,1,2,2,1,2,3
9501303,8,1,7,15,8,0,0
9610426,6,4,2,2,1,5,13
9501240,39,4,35,135,35,4,4
9505201,24,5,19,73,3,21,46
9302,7,1,6,12,7,0,0
8071,11,3,8,12,1,10,109
9903270,0,0,0,0,0,0,0
9909429,32,6,26,105,0,32,385
9402280,2,2,0,0,1,1,2
11156,1,1,0,0,0,1,1
9507465,24,2,22,79,18,6,6
9405303,6,4,2,2,6,0,0
112328,1,1,0,0,0,1,22
9904278,32,3,29,113,0,32,380
9610313,27,4,23,86,2,25,83
9711324,7,5,2,2,0,7,12
9601336,18,7,11,28,16,2,2
9807212,5,3,2,3,1,4,11
9405250,22,6,16,41,22,0,0
4251,5,1,4,9,0,5,55
9803237,44,10,34,112,3,41,219
9311255,36,4,32,108,15,21,21
9906321,4,1,3,3,0,4,12
9510254,12,2,10,33,1,11,28
9501305,1,1,0,0,0,1,4
102230,9,6,3,5,0,9,42
9704406,30,3,27,119,1,29,138
9511263,18,6,12,29,7,11,56
9604437,11,4,7,13,4,7,14
9506357,21,3,18,73,0,21,78
9802366,4,1,3,5,0,4,4
9706371,2,1,1,1,0,2,25
9810294,3,2,1,1,3,0,0
9812348,8,2,6,13,0,8,52
9808481,5,2,3,5,1,4,7
9504248,77,2,75,541,4,73,160
9702423,17,1,16,73,0,17,149
9403215,23,8,15,44,7,16,22
9508405,5,1,4,4,0,5,13
9206227,16,10,6,10,16,0,0
9812429,1,1,0,0,0,1,1
101263,0,0,0,0,0,0,0
4171,13,6,7,10,0,13,136
9907450,7,2,5,5,0,7,7
9905246,7,6,1,1,0,7,66
9508323,6,5,1,1,4,2,2
9907393,7,2,5,17,5,2,2
9812349,22,2,20,73,1,21,112
9810261,10,6,4,7,0,10,71
9811470,13,2,11,31,6,7,7
9606486,28,4,24,83,28,0,0
9283,2,1,1,1,0,2,10
9806412,8,6,2,2,3,5,5
9310359,2,1,1,1,2,0,0
9602380,0,0,0,0,0,0,0
9707474,6,3,3,3,1,5,16
7145,4,3,1,1,1,3,15
9707489,7,5,2,2,0,7,38
9407241,5,2,3,4,5,0,0
9710339,19,4,15,95,3,16,48
9409460,7,3,4,5,2,5,9
9905489,4,2,2,2,0,4,19
104150,2,1,1,1,0,2,15
9807465,13,3,10,23,4,9,21
7222,15,5,10,17,0,15,80
9907446,35,6,29,193,0,35,410
9908311,19,3,16,67,0,19,204
104146,12,6,6,11,0,12,117
3258,39,8,31,116,2,37,206
9909292,34,2,32,125,10,24,41
9905358,10,2,8,20,0,10,44
9704313,1,1,0,0,0,1,2
9511371,14,7,7,11,3,11,12
210031,4,2,2,2,0,4,27
9703346,28,2,26,171,0,28,151
9903250,1,1,0,0,1,0,0
103122,1,1,0,0,0,1,8
9308351,9,2,7,15,9,0,0
9707523,20,4,16,53,3,17,46
9307245,39,5,34,209,35,4,4
9906335,2,2,0,0,0,2,12
6309,5,3,2,2,0,5,35
9506265,3,1,2,2,0,3,3
9801410,5,3,2,3,0,5,23
9407382,12,2,10,24,0,12,12
9612401,7,3,4,4,3,4,4
9211239,14,5,9,21,14,0,0
9510346,8,4,4,5,8,0,0
9505203,8,3,5,11,2,6,6
9608438,15,1,14,46,0,15,45
9701277,10,3,7,15,1,9,83
102253,3,1,2,2,0,3,20
9309260,3,1,2,2,3,0,0
9911206,8,7,1,1,1,7,45
9608272,13,2,11,27,1,12,71
9801350,25,1,24,134,2,23,195
9910437,11,4,7,14,0,11,49
10177,13,3,10,28,1,12,54
9912510,4,1,3,6,0,4,14
111130,6,3,3,4,0,6,41
9902356,5,4,1,1,0,5,10
9712478,9,3,6,13,1,8,67
9411220,5,5,0,0,5,0,0
9906366,18,3,15,41,1,17,70
9912208,4,2,2,3,2,2,4
9905216,4,2,2,2,0,4,18
10198,11,5,6,13,1,10,154
9612439,5,2,3,4,0,5,26
211318,1,1,0,0,0,1,5
9302232,53,5,48,310,53,0,0
9905275,5,1,4,9,0,5,47
9611253,39,7,32,125,4,35,83
106023,6,3,3,6,0,6,36
104056,10,2,8,22,0,10,171
9507336,12,7,5,9,1,11,40
9608297,16,2,14,42,1,15,57
9903343,2,2,0,0,0,2,8
9310286,30,7,23,77,19,11,13
9604335,19,5,14,33,4,15,20
5236,10,7,3,5,0,10,56
9610235,4,3,1,1,0,4,30
9506453,1,1,0,0,0,1,3
103242,12,2,10,24,1,11,34
9810267,6,2,4,11,0,6,40
9905276,8,6,2,2,0,8,46
9911348,8,1,7,15,0,8,49
9408390,19,3,16,42,5,14,17
9710465,15,6,9,14,0,15,94
9605439,35,2,33,129,11,24,24
9905524,4,4,0,0,1,3,9
110119,1,1,0,0,0,1,2
8314,2,1,1,1,1,1,1
202086,11,4,7,11,0,11,114
202095,5,3,2,2,0,5,12
9905388,8,4,4,5,0,8,31
106072,7,2,5,8,0,7,54
9504239,10,6,4,5,1,9,47
103007,4,1,3,5,0,4,38
9911314,2,2,0,0,0,2,11
7266,13,6,7,17,0,13,61
10068,3,2,1,2,0,3,5
9611361,9,1,8,18,9,0,0
102010,21,3,18,57,3,18,57
9601309,17,5,12,37,0,17,77
9502393,2,2,0,0,0,2,3
2158,11,3,8,12,5,6,9
9907281,14,3,11,24,0,14,127
9903265,10,4,6,6,1,9,27
9610217,24,3,21,108,16,8,8
9906240,1,1,0,0,1,0,0
9308295,20,7,13,28,20,0,0
9409401,4,1,3,4,1,3,4
3111,5,2,3,4,0,5,88
101088,3,2,1,1,0,3,18
9605463,14,2,12,40,0,14,57
207123,3,1,2,2,0,3,7
9512358,8,4,4,9,1,7,9
9907297,3,3,0,0,0,3,9
9512325,5,2,3,5,5,0,0
9710547,18,6,12,14,4,14,69
9310369,63,1,62,433,12,51,132
9601358,8,5,3,5,1,7,19
210402,2,1,1,1,0,2,5
7329,33,2,31,224,0,33,199
9609520,8,2,6,10,0,8,15
9803459,22,9,13,30,1,21,74
9909318,15,4,11,18,1,14,101
9405390,3,3,0,0,1,2,2
9704314,3,2,1,1,3,0,0
9809466,7,4,3,3,0,7,114
103306,3,2,1,1,0,3,14
201131,7,3,4,6,0,7,61
9705447,5,3,2,3,0,5,11
9607343,2,2,0,0,0,2,14
9805287,0,0,0,0,0,0,0
9702216,36,6,30,70,6,30,48
9908340,3,2,1,1,0,3,70
9706365,9,3,6,14,3,6,24
9907505,13,8,5,8,1,12,53
102013,27,2,25,122,0,27,148
201210,4,1,3,4,3,1,3
9006,18,10,8,12,0,18,57
9411302,20,6,14,22,8,12,12
9707485,22,2,20,99,0,22,189
9912491,8,3,5,7,0,8,27
9706462,7,3,4,6,0,7,44
209109,4,2,2,3,0,4,4
9710501,1,1,0,0,0,1,7
108061,4,2,2,2,0,4,17
107052,3,2,1,1,0,3,12
9512311,6,4,2,2,3,3,3
9910324,0,0,0,0,0,0,0
9911432,3,1,2,3,0,3,24
9808306,4,1,3,4,0,4,7
9608422,5,2,3,3,5,0,0
9412234,1,1,0,0,1,0,0
9709389,4,1,3,4,0,4,4
111377,2,1,1,1,0,2,14
9410250,5,1,4,9,4,1,1
9711373,8,2,6,11,0,8,23
10163,5,2,3,3,1,4,15
9712550,5,2,3,4,0,5,19
9912210,12,3,9,23,2,10,87
9902448,4,1,3,6,0,4,6
4064,1,1,0,0,0,1,1
9512234,17,4,13,29,2,15,20
9909445,4,1,3,3,0,4,23
108009,7,1,6,14,1,6,16
7187,1,1,0,0,0,1,2
9903471,3,3,0,0,0,3,24
9308368,1,1,0,0,1,0,0
9411363,1,1,0,0,0,1,5
9404240,4,3,1,1,4,0,0
110213,9,2,7,10,0,9,119
9605423,13,3,10,43,0,13,24
9303239,6,3,3,6,6,0,0
9806335,9,4,5,10,2,7,7
6123,9,6,3,7,1,8,21
9909517,1,1,0,0,0,1,5
9705404,7,2,5,8,0,7,29
9709372,9,4,5,9,1,8,27
103215,9,1,8,20,0,9,68
203062,5,2,3,6,0,5,63
9911408,10,10,0,0,7,3,4
9811366,12,4,8,14,1,11,41
9810441,6,3,3,7,0,6,53
9608245,5,2,3,6,3,2,2
203180,7,6,1,1,0,7,12
9507427,9,2,7,17,9,0,0
203031,7,4,3,3,0,7,99
9701266,15,4,11,34,1,14,14
9410329,4,4,0,0,0,4,6
9601369,16,4,12,25,5,11,17
9704241,3,1,2,2,0,3,14
9809374,1,1,0,0,0,1,9
9806503,0,0,0,0,0,0,0
9310340,7,3,4,10,7,0,0
110220,1,1,0,0,0,1,6
209255,1,1,0,0,0,1,1
9205242,2,1,1,1,2,0,0
9703456,4,1,3,6,0,4,4
9804368,2,2,0,0,2,0,0
9712404,0,0,0,0,0,0,0
9705224,3,2,1,1,0,3,7
9902222,2,1,1,1,2,0,0
9709501,2,1,1,1,0,2,3
9512301,4,1,3,5,0,4,10
111432,16,4,12,29,1,15,60
9811261,6,3,3,3,3,3,3
9609269,3,2,1,2,3,0,0
9409227,6,2,4,4,4,2,2
9411438,14,2,12,37,14,0,0
209294,3,3,0,0,0,3,14
207110,7,4,3,4,0,7,68
9610371,3,1,2,3,0,3,4
8048,1,1,0,0,1,0,0
9804432,7,2,5,6,2,5,5
9711477,6,2,4,4,0,6,18
9606426,6,2,4,4,0,6,15
9809409,9,3,6,11,2,7,23
207327,9,5,4,5,0,9,56
211271,3,2,1,1,0,3,11
9309309,0,0,0,0,0,0,0
9403315,1,1,0,0,0,1,3
4072,2,2,0,0,0,2,7
105291,11,4,7,24,1,10,26
9306237,13,2,11,36,1,12,12
9411352,0,0,0,0,0,0,0
9904277,19,9,10,12,0,19,44
9508299,2,1,1,1,0,2,11
9706406,3,2,1,1,0,3,13
9507335,8,1,7,18,2,6,6
9402285,9,4,5,8,9,0,0
9811493,2,2,0,0,2,0,0
9803300,2,2,0,0,0,2,9
9812477,0,0,0,0,0,0,0
9801370,3,1,2,2,0,3,5
9709461,3,2,1,1,2,1,1
112086,0,0,0,0,0,0,0
9711291,5,3,2,2,1,4,5
202098,5,2,3,6,0,5,16
10069,6,3,3,6,0,6,15
202115,1,1,0,0,0,1,2
108122,18,4,14,36,2,16,220
106311,11,6,5,15,0,11,115
9803371,10,3,7,15,0,10,37
9705226,11,6,5,8,9,2,2
102217,2,1,1,1,1,1,2
209094,2,1,1,1,0,2,18
101334,5,3,2,3,0,5,53
111307,7,2,5,6,2,5,9
9808305,8,7,1,1,0,8,38
9803378,4,3,1,1,2,2,5
9707449,4,2,2,2,0,4,36
9609476,5,1,4,7,0,5,5
9510448,2,1,1,1,0,2,3
9305227,4,3,1,1,4,0,0
9910415,4,2,2,2,0,4,41
102171,4,3,1,1,4,0,0
9707491,4,2,2,3,0,4,5
9711236,15,2,13,22,1,14,69
105005,10,3,7,13,0,10,88
9409224,8,2,6,12,8,0,0
9910543,2,2,0,0,0,2,12
207254,1,1,0,0,0,1,6
5200,1,1,0,0,0,1,6
9409286,6,5,1,1,0,6,6
9705409,11,3,8,24,2,9,22
9511423,4,2,2,2,4,0,0
9903387,0,0,0,0,0,0,0
9807400,9,6,3,4,4,5,6
9711507,1,1,0,0,0,1,2
2038,7,3,4,10,1,6,21
103036,3,3,0,0,0,3,23
9111,2,1,1,1,0,2,14
6234,1,1,0,0,0,1,3
9709316,3,2,1,2,0,3,5
9901258,4,2,2,3,0,4,16
9906489,6,1,5,7,0,6,34
9610505,1,1,0,0,0,1,5
9901334,8,6,2,2,0,8,38
11141,3,2,1,1,1,2,9
9611435,1,1,0,0,1,0,0
9311358,2,2,0,0,2,0,0
8062,1,1,0,0,0,1,2
104237,4,1,3,4,4,0,0
9710289,16,1,15,60,1,15,83
9607409,2,2,0,0,2,0,0
9505230,2,1,1,1,0,2,3
9807233,3,2,1,1,0,3,6
9403392,1,1,0,0,1,0,0
9902472,1,1,0,0,0,1,16
9906246,0,0,0,0,0,0,0
11365,9,5,4,7,0,9,37
209309,3,3,0,0,0,3,9
6085,6,3,3,3,4,2,5
9709233,1,1,0,0,1,0,0
9906342,0,0,0,0,0,0,0
209265,2,1,1,1,0,2,11
9709429,1,1,0,0,1,0,0
9249,0,0,0,0,0,0,0
9807402,3,2,1,1,0,3,5
106066,11,8,3,4,1,10,23
10265,2,2,0,0,0,2,15
9803239,4,3,1,1,1,3,16
9712538,1,1,0,0,0,1,3
108068,8,2,6,16,0,8,14
9908315,1,1,0,0,1,0,0
108186,4,1,3,4,0,4,12
106082,1,1,0,0,0,1,16
9610405,4,1,3,3,4,0,0
7237,8,2,6,21,0,8,20
204122,2,2,0,0,0,2,9
202009,12,3,9,21,0,12,74
9910371,5,3,2,3,0,5,20
9807446,3,1,2,2,0,3,6
8238,3,2,1,1,0,3,6
206027,2,1,1,1,0,2,6
9607247,2,1,1,1,0,2,5
4141,2,2,0,0,0,2,11
109278,0,0,0,0,0,0,0
9901351,2,2,0,0,1,1,6
9907356,2,2,0,0,0,2,23
9903469,1,1,0,0,0,1,1
9905261,3,3,0,0,0,3,3
9709211,9,3,6,16,0,9,60
204354,1,1,0,0,0,1,2
9708389,2,2,0,0,0,2,4
9503457,2,1,1,1,1,1,1
9810299,3,1,2,3,0,3,4
9701224,1,1,0,0,1,0,0
9061,3,3,0,0,0,3,3
9303277,7,3,4,8,7,0,0
9607424,5,2,3,4,1,4,4
9908459,1,1,0,0,1,0,0
9602336,18,3,15,73,0,18,43
9902478,3,1,2,3,1,2,4
203181,6,1,5,10,1,5,15
3191,2,1,1,1,0,2,7
10010,2,2,0,0,0,2,15
9908456,2,2,0,0,0,2,7
9512330,2,1,1,1,0,2,7
211255,0,0,0,0,0,0,0
110214,1,1,0,0,0,1,2
9712343,9,2,7,20,0,9,32
6226,2,2,0,0,2,0,0
8324,1,1,0,0,0,1,2
106316,3,2,1,1,0,3,16
9707480,8,1,7,17,0,8,40
9808455,7,3,4,4,0,7,15
9307232,10,8,2,4,10,0,0
202140,3,1,2,2,3,0,0
9501342,1,1,0,0,1,0,0
9608223,11,2,9,30,0,11,27
9901202,3,2,1,1,0,3,17
9510224,4,3,1,1,2,2,17
9710478,2,1,1,1,2,0,0
9801295,5,3,2,2,2,3,8
9803311,2,1,1,1,0,2,7
212007,1,1,0,0,0,1,4
9207244,3,2,1,1,3,0,0
9404347,2,2,0,0,2,0,0
103161,4,2,2,3,0,4,29
9803402,2,1,1,1,2,0,0
9809228,2,1,1,1,2,0,0
9904319,6,3,3,8,0,6,30
201030,11,1,10,33,0,11,88
9805385,2,2,0,0,0,2,4
6302,1,1,0,0,0,1,3
204337,7,1,6,18,0,7,74
201183,0,0,0,0,0,0,0
4239,0,0,0,0,0,0,0
201253,8,4,4,5,0,8,84
201029,0,0,0,0,0,0,0
9712543,9,4,5,6,0,9,49
9408330,3,2,1,1,2,1,1
9710544,6,1,5,7,6,0,0
106154,0,0,0,0,0,0,0
9601345,1,1,0,0,0,1,3
7232,4,3,1,1,0,4,43
9503314,1,1,0,0,0,1,5
9806516,2,2,0,0,0,2,12
9806438,5,1,4,10,0,5,31
201201,6,3,3,4,0,6,10
9811245,6,3,3,4,1,5,9
9410226,1,1,0,0,0,1,2
4271,9,3,6,16,4,5,5
10302,3,1,2,3,0,3,6
106296,0,0,0,0,0,0,0
110387,0,0,0,0,0,0,0
9606234,3,3,0,0,0,3,16
6270,0,0,0,0,0,0,0
9610245,0,0,0,0,0,0,0
9805298,1,1,0,0,1,0,0
9805423,5,4,1,1,1,4,18
4020,2,1,1,1,0,2,12
9406383,7,1,6,11,7,0,0
9709505,2,1,1,1,2,0,0
104111,3,3,0,0,0,3,13
9163,12,1,11,30,0,12,48
105191,0,0,0,0,0,0,0
9409344,4,2,2,3,0,4,20
6066,2,2,0,0,1,1,1
102136,10,1,9,31,0,10,71
9912321,0,0,0,0,0,0,0
4007,2,2,0,0,1,1,1
9605255,0,0,0,0,0,0,0
207213,1,1,0,0,0,1,43
9702402,2,2,0,0,2,0,0
203033,3,2,1,1,0,3,19
9710404,2,1,1,1,0,2,4
9211331,2,2,0,0,2,0,0
9812440,18,4,14,43,0,18,207
9510390,1,1,0,0,0,1,1
9608464,1,1,0,0,0,1,2
9801455,0,0,0,0,0,0,0
202011,3,1,2,2,0,3,4
9710393,0,0,0,0,0,0,0
209341,0,0,0,0,0,0,0
9809256,1,1,0,0,0,1,1
209111,1,1,0,0,0,1,6
9809268,1,1,0,0,1,0,0
9811367,11,2,9,25,1,10,36
9812442,4,2,2,2,4,0,0
9026,0,0,0,0,0,0,0
111314,2,2,0,0,0,2,18
9706318,2,1,1,1,0,2,3
104300,15,2,13,27,0,15,245
9810446,10,2,8,11,5,5,6
6019,2,1,1,1,2,0,0
9606249,3,1,2,2,3,0,0
301093,1,1,0,0,0,1,2
7287,1,1,0,0,0,1,7
9309334,1,1,0,0,0,1,1
5226,0,0,0,0,0,0,0
207177,0,0,0,0,0,0,0
9034,3,3,0,0,0,3,4
207165,2,2,0,0,0,2,12
9203207,6,2,4,10,6,0,0
2093,1,1,0,0,0,1,1
209164,2,2,0,0,1,1,5
9704211,0,0,0,0,0,0,0
301061,2,2,0,0,0,2,7
108029,1,1,0,0,0,1,14
104153,5,4,1,1,0,5,24
9406409,0,0,0,0,0,0,0
9511332,2,2,0,0,2,0,0
202226,1,1,0,0,0,1,6
9407318,2,1,1,1,0,2,3
9905499,8,3,5,9,1,7,13
9509400,1,1,0,0,0,1,2
107084,0,0,0,0,0,0,0
9609354,1,1,0,0,0,1,2
9511468,0,0,0,0,0,0,0
9704248,3,3,0,0,3,0,0
9609271,1,1,0,0,1,0,0
9804408,3,2,1,1,0,3,3
9810507,1,1,0,0,0,1,5
9908211,1,1,0,0,0,1,2
207070,0,0,0,0,0,0,0
9506330,1,1,0,0,1,0,0
9905491,2,2,0,0,1,1,4
11298,0,0,0,0,0,0,0
9412368,3,1,2,3,3,0,0
9610443,1,1,0,0,0,1,1
9812461,3,1,2,2,0,3,9
9302257,5,2,3,5,5,0,0
112182,1,1,0,0,0,1,5
9311351,0,0,0,0,0,0,0
9901402,2,2,0,0,0,2,8
9806310,2,2,0,0,0,2,3
107229,0,0,0,0,0,0,0
101019,3,2,1,1,0,3,17
104019,5,4,1,2,0,5,12
203023,2,1,1,1,0,2,2
209324,0,0,0,0,0,0,0
9911310,2,1,1,1,0,2,15
2121,0,0,0,0,0,0,0
102025,2,2,0,0,2,0,0
11068,1,1,0,0,0,1,1
9802244,1,1,0,0,1,0,0
207097,0,0,0,0,0,0,0
205212,1,1,0,0,0,1,4
9311203,1,1,0,0,1,0,0
103176,1,1,0,0,1,0,0
4121,0,0,0,0,0,0,0
9910350,1,1,0,0,0,1,4
205014,4,4,0,0,0,4,21
9410376,2,2,0,0,2,0,0
9901292,2,2,0,0,0,2,6
209095,0,0,0,0,0,0,0
104303,2,2,0,0,2,0,0
9804371,1,1,0,0,0,1,8
207225,0,0,0,0,0,0,0
112144,2,1,1,1,0,2,26
9705220,3,1,2,3,3,0,0
111270,0,0,0,0,0,0,0
210243,0,0,0,0,0,0,0
9016,1,1,0,0,0,1,6
111375,0,0,0,0,0,0,0
208076,6,4,2,2,0,6,20
9701270,1,1,0,0,0,1,1
9506237,1,1,0,0,0,1,1
208129,1,1,0,0,0,1,12
9309329,0,0,0,0,0,0,0
9206249,3,3,0,0,3,0,0
9503421,1,1,0,0,0,1,1
9910565,3,2,1,1,0,3,13
207018,0,0,0,0,0,0,0
5057,0,0,0,0,0,0,0
9510394,0,0,0,0,0,0,0
9605366,0,0,0,0,0,0,0
9805387,1,1,0,0,1,0,0
9706292,2,1,1,1,0,2,11
9411205,2,1,1,1,0,2,4
111256,0,0,0,0,0,0,0
202251,2,2,0,0,0,2,9
9208229,1,1,0,0,1,0,0
203065,2,2,0,0,0,2,11
9503460,1,1,0,0,0,1,2
9910203,7,2,5,7,6,1,1
9612246,0,0,0,0,0,0,0
9706481,0,0,0,0,0,0,0
9410362,1,1,0,0,1,0,0
209230,1,1,0,0,0,1,4
107158,0,0,0,0,0,0,0
9508231,1,1,0,0,0,1,2
9708331,0,0,0,0,0,0,0
9906537,0,0,0,0,0,0,0
209015,1,1,0,0,0,1,3
9902278,0,0,0,0,0,0,0
9805503,0,0,0,0,0,0,0
9165,2,2,0,0,1,1,1
9812253,3,1,2,3,0,3,3
107041,0,0,0,0,0,0,0
9608416,5,2,3,4,0,5,7
9808388,0,0,0,0,0,0,0
9912456,0,0,0,0,0,0,0
12213,5,1,4,5,0,5,37
9605248,1,1,0,0,0,1,1
9806296,0,0,0,0,0,0,0
9511224,1,1,0,0,0,1,4
9710307,1,1,0,0,0,1,7
103097,0,0,0,0,0,0,0
105039,0,0,0,0,0,0,0
9504346,0,0,0,0,0,0,0
9807548,0,0,0,0,0,0,0
9411306,1,1,0,0,0,1,1
9801244,5,3,2,3,0,5,39
9608431,0,0,0,0,0,0,0
9605249,1,1,0,0,0,1,1
9707526,0,0,0,0,0,0,0
9508232,3,1,2,3,2,1,1
9912538,0,0,0,0,0,0,0
9811318,1,1,0,0,0,1,1
112118,5,1,4,6,0,5,9
9505216,1,1,0,0,1,0,0
110178,0,0,0,0,0,0,0
108140,0,0,0,0,0,0,0
301014,2,2,0,0,0,2,34
9609208,0,0,0,0,0,0,0
9508251,1,1,0,0,1,0,0
9707469,1,1,0,0,0,1,2
9511259,0,0,0,0,0,0,0
9612280,0,0,0,0,0,0,0
9902442,1,1,0,0,1,0,0
111363,0,0,0,0,0,0,0
107216,2,2,0,0,0,2,13
206017,1,1,0,0,0,1,17
3247,1,1,0,0,0,1,4
109118,3,3,0,0,0,3,19
9402350,0,0,0,0,0,0,0
211225,0,0,0,0,0,0,0
9909412,0,0,0,0,0,0,0
111175,1,1,0,0,0,1,3
302188,0,0,0,0,0,0,0
9405251,0,0,0,0,0,0,0
212258,0,0,0,0,0,0,0
9911423,2,1,1,1,0,2,2
9805379,0,0,0,0,0,0,0
301047,0,0,0,0,0,0,0
11040,2,1,1,1,0,2,6
9712513,1,1,0,0,0,1,3
9903216,3,2,1,1,0,3,3
12276,1,1,0,0,0,1,5
9608278,0,0,0,0,0,0,0
9501306,0,0,0,0,0,0,0
102049,1,1,0,0,0,1,6
208277,0,0,0,0,0,0,0
9708339,0,0,0,0,0,0,0
210119,0,0,0,0,0,0,0
9512444,1,1,0,0,1,0,0
101274,0,0,0,0,0,0,0
109024,1,1,0,0,0,1,2
209247,0,0,0,0,0,0,0
9811512,1,1,0,0,1,0,0
203048,0,0,0,0,0,0,0
9911515,1,1,0,0,1,0,0
212108,1,1,0,0,1,0,0
9411262,1,1,0,0,0,1,2
9803270,2,1,1,1,0,2,5
212053,0,0,0,0,0,0,0
9712485,1,1,0,0,0,1,2
9510233,0,0,0,0,0,0,0
9608246,1,1,0,0,0,1,1
1246,0,0,0,0,0,0,0
107223,2,2,0,0,0,2,7
207030,1,1,0,0,0,1,9
9910502,2,2,0,0,0,2,6
9303222,1,1,0,0,1,0,0
9411416,1,1,0,0,0,1,1
9706414,0,0,0,0,0,0,0
301038,0,0,0,0,0,0,0
9801426,1,1,0,0,1,0,0
9904289,0,0,0,0,0,0,0
212226,0,0,0,0,0,0,0
9802400,0,0,0,0,0,0,0
9712454,1,1,0,0,0,1,1
9906426,1,1,0,0,1,0,0
9505424,6,3,3,5,0,6,14
302025,1,1,0,0,0,1,7
9605416,2,1,1,1,2,0,0
9804427,0,0,0,0,0,0,0
9911359,0,0,0,0,0,0,0
104229,0,0,0,0,0,0,0
109131,0,0,0,0,0,0,0
109201,2,2,0,0,0,2,24
107130,0,0,0,0,0,0,0
9403228,1,1,0,0,0,1,1
9507369,2,2,0,0,0,2,5
209371,0,0,0,0,0,0,0
11256,0,0,0,0,0,0,0
3232,1,1,0,0,0,1,13
2104,0,0,0,0,0,0,0
201098,0,0,0,0,0,0,0
208053,0,0,0,0,0,0,0
9611436,0,0,0,0,0,0,0
211274,0,0,0,0,0,0,0
204182,1,1,0,0,0,1,2
9504207,0,0,0,0,0,0,0
206224,0,0,0,0,0,0,0
112029,1,1,0,0,0,1,12
102008,2,2,0,0,0,2,2
210161,3,2,1,1,0,3,37
9910383,0,0,0,0,0,0,0
111189,1,1,0,0,0,1,2
9712295,0,0,0,0,0,0,0
6317,0,0,0,0,0,0,0
202278,0,0,0,0,0,0,0
9911462,1,1,0,0,1,0,0
302201,1,1,0,0,0,1,2
201175,0,0,0,0,0,0,0
212286,1,1,0,0,0,1,14
9907302,0,0,0,0,0,0,0
9712227,0,0,0,0,0,0,0
302041,0,0,0,0,0,0,0
9712527,0,0,0,0,0,0,0
9912535,0,0,0,0,0,0,0
9708400,0,0,0,0,0,0,0
9803278,0,0,0,0,0,0,0
205139,0,0,0,0,0,0,0
205257,1,1,0,0,0,1,4
208246,0,0,0,0,0,0,0
205316,0,0,0,0,0,0,0
9712263,0,0,0,0,0,0,0
9302304,2,1,1,1,2,0,0
301016,0,0,0,0,0,0,0
9712208,0,0,0,0,0,0,0
101246,0,0,0,0,0,0,0
1052,0,0,0,0,0,0,0
9905514,0,0,0,0,0,0,0
209228,0,0,0,0,0,0,0
101310,1,1,0,0,1,0,0
1082,0,0,0,0,0,0,0
9609305,0,0,0,0,0,0,0
9320,0,0,0,0,0,0,0
211367,1,1,0,0,0,1,3
202091,0,0,0,0,0,0,0
203146,0,0,0,0,0,0,0
9611377,0,0,0,0,0,0,0
9801302,1,1,0,0,0,1,2
9311240,0,0,0,0,0,0,0
9707202,5,1,4,9,3,2,2
9907323,2,2,0,0,2,0,0
9807202,0,0,0,0,0,0,0
9704431,0,0,0,0,0,0,0
9707495,3,2,1,1,0,3,10
9810401,0,0,0,0,0,0,0
10189,0,0,0,0,0,0,0
106142,0,0,0,0,0,0,0
9907284,0,0,0,0,0,0,0
210168,0,0,0,0,0,0,0
9512294,1,1,0,0,0,1,10
9912549,0,0,0,0,0,0,0
9607468,0,0,0,0,0,0,0
208178,2,2,0,0,0,2,23
212358,0,0,0,0,0,0,0
9609440,0,0,0,0,0,0,0
7060,2,2,0,0,0,2,2
110418,0,0,0,0,0,0,0
108086,1,1,0,0,0,1,2
9407219,0,0,0,0,0,0,0
9810324,0,0,0,0,0,0,0
9907413,0,0,0,0,0,0,0
209300,2,2,0,0,0,2,8
209030,1,1,0,0,0,1,2
210419,0,0,0,0,0,0,0
9908272,0,0,0,0,0,0,0
9610343,0,0,0,0,0,0,0
205096,0,0,0,0,0,0,0
209266,0,0,0,0,0,0,0
9605371,0,0,0,0,0,0,0
9907283,2,1,1,1,2,0,0
9907463,0,0,0,0,0,0,0
105125,0,0,0,0,0,0,0
101062,1,1,0,0,0,1,1
9407360,0,0,0,0,0,0,0
9402246,0,0,0,0,0,0,0
103281,1,1,0,0,0,1,3
207175,0,0,0,0,0,0,0
11371,0,0,0,0,0,0,0
205135,0,0,0,0,0,0,0
9902213,0,0,0,0,0,0,0
12159,0,0,0,0,0,0,0
211429,0,0,0,0,0,0,0
8154,0,0,0,0,0,0,0
209202,0,0,0,0,0,0,0
206257,1,1,0,0,0,1,6
210404,0,0,0,0,0,0,0
9812533,0,0,0,0,0,0,0
9609336,0,0,0,0,0,0,0
211242,0,0,0,0,0,0,0
9709464,0,0,0,0,0,0,0
209114,1,1,0,0,0,1,7
201096,0,0,0,0,0,0,0
11232,0,0,0,0,0,0,0
9506435,0,0,0,0,0,0,0
110229,0,0,0,0,0,0,0
301196,0,0,0,0,0,0,0
9906449,0,0,0,0,0,0,0
210059,0,0,0,0,0,0,0
109089,0,0,0,0,0,0,0
9609435,0,0,0,0,0,0,0
9611205,1,1,0,0,0,1,1
202260,0,0,0,0,0,0,0
211401,0,0,0,0,0,0,0
9707343,0,0,0,0,0,0,0
9810256,0,0,0,0,0,0,0
9901238,1,1,0,0,0,1,6
4154,0,0,0,0,0,0,0
11343,0,0,0,0,0,0,0
103196,0,0,0,0,0,0,0
9608356,0,0,0,0,0,0,0
210307,0,0,0,0,0,0,0
9511429,1,1,0,0,1,0,0
9408263,0,0,0,0,0,0,0
1125,0,0,0,0,0,0,0
3182,0,0,0,0,0,0,0
302213,0,0,0,0,0,0,0
9912442,0,0,0,0,0,0,0
9808252,0,0,0,0,0,0,0
212182,0,0,0,0,0,0,0
11171,0,0,0,0,0,0,0
9610462,0,0,0,0,0,0,0
9604346,0,0,0,0,0,0,0
9604318,0,0,0,0,0,0,0
9912541,0,0,0,0,0,0,0
212330,0,0,0,0,0,0,0
9901259,0,0,0,0,0,0,0
301162,0,0,0,0,0,0,0
9606334,0,0,0,0,0,0,0
9509302,0,0,0,0,0,0,0
201239,0,0,0,0,0,0,0
203191,0,0,0,0,0,0,0
9810483,0,0,0,0,0,0,0
9907402,0,0,0,0,0,0,0
9711343,0,0,0,0,0,0,0
9406371,0,0,0,0,0,0,0
201050,2,1,1,1,2,0,0
9508350,0,0,0,0,0,0,0
9709287,0,0,0,0,0,0,0
9511390,0,0,0,0,0,0,0
105210,0,0,0,0,0,0,0
5145,0,0,0,0,0,0,0
301276,0,0,0,0,0,0,0
301155,0,0,0,0,0,0,0
104206,0,0,0,0,0,0,0
9804457,0,0,0,0,0,0,0
301236,0,0,0,0,0,0,0
203026,0,0,0,0,0,0,0
5002,0,0,0,0,0,0,0
208051,0,0,0,0,0,0,0
109270,0,0,0,0,0,0,0
301010,0,0,0,0,0,0,0
102035,0,0,0,0,0,0,0
110294,0,0,0,0,0,0,0
4025,0,0,0,0,0,0,0
9812271,1,1,0,0,0,1,7
9505436,0,0,0,0,0,0,0
210036,0,0,0,0,0,0,0
302043,0,0,0,0,0,0,0
9907546,0,0,0,0,0,0,0
111072,0,0,0,0,0,0,0
203007,0,0,0,0,0,0,0
9911234,0,0,0,0,0,0,0
9309233,0,0,0,0,0,0,0
9911519,0,0,0,0,0,0,0
111444,0,0,0,0,0,0,0
