fp_int_id,cp_level,cp_r_citing_zero,cp_r_citing_nonzero,tr_citing,cp_r_cited_zero,cp_r_cited_nonzero,tr_cited
9907233,2,2,0,0,1,1,5
9210215,4,4,0,0,4,0,0
12152,28,7,21,81,1,27,160
9903456,56,8,48,261,1,55,594
9909478,30,5,25,59,1,29,281
9707293,1,1,0,0,0,1,2
9801317,4,2,2,2,3,1,1
9304240,65,14,51,200,65,0,0
9906395,14,7,7,13,0,14,53
9505409,33,7,26,91,22,11,16
9804343,8,2,6,11,0,8,25
1133,12,8,4,9,0,12,61
9406401,8,5,3,5,3,5,19
9802368,13,3,10,21,0,13,57
9406205,26,12,14,24,5,21,39
9612362,30,4,26,77,7,23,85
108059,4,4,0,0,0,4,53
9711396,225,2,223,3207,214,11,11
9502370,5,3,2,4,4,1,1
9611445,14,2,12,23,0,14,57
9310358,40,2,38,154,13,27,30
9306293,6,2,4,8,3,3,3
9310314,29,5,24,79,22,7,11
9509423,59,6,53,252,59,0,0
9811390,111,7,104,1028,17,94,276
9807525,34,7,27,73,2,32,51
9807228,76,6,70,503,19,57,120
9705366,28,3,25,126,24,4,4
9812538,56,6,50,188,2,54,300
9912205,14,4,10,11,8,6,7
9505281,22,3,19,63,17,5,6
9710371,21,5,16,49,7,14,25
9902283,52,9,43,225,0,52,656
9711294,1,1,0,0,0,1,3
9804310,11,3,8,13,0,11,41
9903203,12,3,9,29,0,12,116
9807321,4,1,3,3,4,0,0
9511381,23,2,21,81,1,22,54
9706385,13,4,9,34,0,13,38
9505295,5,3,2,3,1,4,15
9606342,58,2,56,245,12,46,101
9406224,25,8,17,32,13,12,18
9507219,1,1,0,0,0,1,2
9410283,22,5,17,63,1,21,43
9609342,2,2,0,0,1,1,4
9410406,78,6,72,471,77,1,1
9604283,73,3,70,447,73,0,0
9410304,29,1,28,92,18,11,11
9912513,20,4,16,52,0,20,62
9408384,251,8,243,2966,240,11,11
9612426,44,8,36,201,4,40,204
9707302,12,1,11,26,0,12,93
9808453,2,1,1,1,0,2,10
9709301,18,7,11,25,0,18,108
106205,2,2,0,0,1,1,4
9811239,19,3,16,51,0,19,223
9808328,21,2,19,62,16,5,5
9402227,77,6,71,353,77,0,0
9406239,24,3,21,96,7,17,35
7170,8,1,7,15,0,8,39
9901389,85,1,84,755,1,84,344
9606211,78,4,74,583,16,62,274
9303281,124,15,109,758,39,85,104
9512253,26,1,25,74,3,23,42
9401254,76,8,68,390,22,54,54
9906286,35,3,32,90,1,34,199
9508271,69,5,64,501,7,62,88
9305345,77,12,65,512,32,45,45
9408217,16,1,15,50,3,13,36
9702235,11,3,8,15,11,0,0
9712385,11,2,9,20,0,11,83
9511336,19,2,17,65,0,19,140
9712222,67,3,64,588,9,58,145
9606427,61,3,58,386,9,52,186
9407337,13,6,7,11,7,6,6
9703348,17,3,14,28,1,16,27
9712269,7,3,4,5,0,7,20
9406233,14,6,8,13,14,0,0
9405257,22,3,19,47,22,0,0
9310244,8,5,3,4,7,1,1
6346,10,3,7,16,0,10,68
9803363,47,1,46,317,3,44,203
9811377,15,5,10,20,2,13,94
9805488,11,5,6,12,0,11,79
9312220,18,1,17,57,3,15,36
9207218,28,4,24,118,28,0,0
9401220,16,10,6,17,6,10,10
9706467,25,6,19,51,1,24,158
9408276,64,2,62,413,64,0,0
9405343,17,1,16,73,17,0,0
9907461,17,4,13,38,1,16,75
9907439,2,2,0,0,0,2,5
9710436,35,2,33,158,1,34,167
9910451,8,1,7,15,0,8,40
9907342,6,1,5,10,1,5,23
9507414,56,3,53,297,2,54,117
9806205,50,3,47,202,4,46,176
9802439,53,6,47,472,10,43,260
9809544,15,2,13,29,1,14,28
9501373,4,2,2,2,4,0,0
101067,23,3,20,88,0,23,195
9912531,39,2,37,231,0,39,239
9211267,13,6,7,15,5,8,8
9910347,22,4,18,65,0,22,483
9129,13,3,10,20,0,13,201
211218,5,1,4,8,0,5,30
9812365,16,3,13,28,4,12,12
9412324,24,5,19,65,15,9,19
9910506,2,2,0,0,0,2,6
9807415,46,3,43,251,0,46,220
9412332,6,3,3,9,2,4,6
9711501,8,3,5,12,1,7,52
9704286,13,3,10,26,7,6,9
9711446,6,2,4,6,0,6,21
9707331,10,2,8,25,0,10,43
9409380,23,2,21,84,23,0,0
9303293,14,1,13,30,5,9,9
9902270,8,1,7,19,0,8,41
9901358,37,6,31,185,0,37,86
9906509,3,3,0,0,1,2,2
9906345,4,2,2,4,0,4,26
9802351,1,1,0,0,0,1,2
9704317,26,4,22,106,0,26,117
9610280,21,10,11,17,6,15,35
9305344,2,2,0,0,2,0,0
9408287,16,2,14,59,10,6,6
9705402,3,1,2,3,0,3,21
112102,43,7,36,122,0,43,175
9205233,14,4,10,22,14,0,0
9305214,1,1,0,0,1,0,0
9501407,51,3,48,278,9,42,75
9710389,4,2,2,2,0,4,7
9511335,58,15,43,133,26,32,48
9401209,11,2,9,38,0,11,60
9905481,83,10,73,556,9,74,278
9509260,35,2,33,146,1,34,119
9307235,25,4,21,57,7,18,18
9701301,45,10,35,142,3,42,236
103218,18,2,16,64,0,18,268
9306325,16,6,10,42,9,7,7
9909325,26,3,23,90,2,24,149
9907211,14,4,10,30,1,13,81
107310,12,2,10,30,1,11,25
9906456,9,4,5,14,0,9,232
9707512,1,1,0,0,1,0,0
7108,51,4,47,258,0,51,469
9903414,13,3,10,19,2,11,32
6053,2,2,0,0,1,1,7
9710323,7,2,5,8,0,7,27
9610267,17,3,14,33,1,16,55
9409208,27,6,21,73,27,0,0
9901209,90,3,87,903,0,90,895
3051,1,1,0,0,0,1,8
9512418,8,5,3,4,1,7,13
9505396,2,2,0,0,2,0,0
101304,37,2,35,195,0,37,547
207043,10,5,5,6,0,10,102
9506432,30,4,26,104,30,0,0
111042,47,4,43,365,0,47,418
8153,2,1,1,1,0,2,4
9910498,19,2,17,57,0,19,97
9703233,9,3,6,8,1,8,47
9312204,6,3,3,5,6,0,0
104074,15,3,12,21,0,15,143
9908358,15,5,10,27,0,15,277
8087,10,3,7,20,0,10,37
9908326,40,6,34,210,0,40,256
9606386,20,5,15,41,2,18,79
9609480,13,5,8,14,0,13,22
9904248,13,8,5,8,0,13,86
5310,16,4,12,26,0,16,58
9309216,13,10,3,4,2,11,11
9503489,12,2,10,31,5,7,7
9603210,9,4,5,7,1,8,29
11064,4,3,1,1,0,4,24
9305310,11,4,7,15,11,0,0
9906225,4,3,1,1,0,4,12
6321,29,2,27,142,0,29,202
9803364,6,1,5,7,0,6,23
9601298,58,4,54,273,0,58,174
9510333,14,2,12,20,0,14,42
9609318,6,5,1,1,0,6,8
9411413,9,4,5,6,2,7,15
9509337,9,1,8,13,1,8,32
9205213,30,10,20,70,30,0,0
9512387,5,3,2,2,4,1,1
105053,15,3,12,31,0,15,87
9709330,9,3,6,11,1,8,54
9905338,6,3,3,4,0,6,50
10106,8,1,7,17,0,8,80
9302234,13,7,6,12,6,7,10
9408331,5,3,2,2,5,0,0
9804288,16,3,13,28,10,6,6
9604393,25,4,21,78,1,24,55
9802373,14,1,13,31,0,14,49
2250,27,3,24,79,0,27,214
9210266,7,4,3,5,7,0,0
9511361,6,3,3,4,0,6,24
9409377,6,2,4,4,6,0,0
104117,5,1,4,7,0,5,53
9511217,17,3,14,34,17,0,0
9512250,7,2,5,5,1,6,16
9505306,3,2,1,1,0,3,8
9701413,11,1,10,31,0,11,54
9510254,11,1,10,31,1,10,25
9912271,8,4,4,4,0,8,57
9705250,11,4,7,13,8,3,3
9709379,56,2,54,345,1,55,324
9501231,48,8,40,210,18,30,48
9512370,7,3,4,7,0,7,8
9706341,0,0,0,0,0,0,0
9607232,2,2,0,0,0,2,10
9907257,4,1,3,5,1,3,3
9712286,3,2,1,1,3,0,0
9603281,5,2,3,5,5,0,0
9610348,5,3,2,4,0,5,13
9711481,14,3,11,30,0,14,72
9301285,7,5,2,4,0,7,15
9501216,7,1,6,12,0,7,17
9705287,33,4,29,128,2,31,340
9503351,22,4,18,32,10,12,23
9805317,5,4,1,1,3,2,8
9207212,17,6,11,21,17,0,0
104226,16,5,11,36,1,15,45
4048,10,3,7,19,1,9,51
105294,0,0,0,0,0,0,0
9703270,3,3,0,0,0,3,7
9406204,37,3,34,159,17,20,20
9710373,11,2,9,28,0,11,136
9802304,24,3,21,69,1,23,79
203266,6,2,4,10,0,6,30
9902427,6,4,2,4,1,5,18
9808232,29,3,26,124,0,29,196
9807229,20,8,12,22,1,19,93
7213,9,3,6,9,0,9,43
104317,13,6,7,18,0,13,177
9711411,3,1,2,2,1,2,2
9132,0,0,0,0,0,0,0
9705354,12,5,7,30,2,10,10
9410333,13,1,12,47,13,0,0
9608325,0,0,0,0,0,0,0
9907470,3,3,0,0,0,3,11
5121,11,3,8,17,0,11,62
9603362,3,3,0,0,0,3,11
9904355,29,3,26,188,0,29,268
9909562,4,2,2,2,0,4,20
7107,14,6,8,19,1,13,18
103256,22,7,15,51,0,22,269
9805389,43,9,34,150,1,42,222
9308270,17,5,12,54,17,0,0
9607223,2,1,1,1,0,2,8
9207204,15,5,10,18,15,0,0
104284,31,3,28,129,0,31,182
9901278,14,3,11,36,6,8,8
9704336,15,3,12,46,0,15,126
9801251,14,5,9,15,0,14,96
202061,1,1,0,0,0,1,1
210061,0,0,0,0,0,0,0
111158,2,2,0,0,0,2,9
9806539,2,2,0,0,0,2,7
9706227,6,2,4,7,2,4,17
9705294,6,3,3,4,0,6,12
4024,4,4,0,0,1,3,10
9409361,10,2,8,29,1,9,9
9603337,3,1,2,3,2,1,2
111053,2,2,0,0,0,2,17
9503278,20,2,18,53,1,19,20
9507258,2,1,1,1,2,0,0
108228,0,0,0,0,0,0,0
9505203,7,3,4,8,2,5,5
9804352,22,4,18,50,0,22,100
9710216,5,4,1,1,5,0,0
9302311,25,4,21,116,25,0,0
112085,5,4,1,1,0,5,13
101023,4,3,1,1,1,3,8
9503215,15,4,11,18,1,14,36
9604313,41,3,38,207,15,26,135
9912453,8,3,5,10,0,8,36
9405208,2,2,0,0,1,1,2
9708363,21,7,14,29,1,20,57
102111,16,5,11,34,0,16,76
103052,11,4,7,11,0,11,42
9703439,7,1,6,10,1,6,7
9301254,12,3,9,35,12,0,0
2177,20,6,14,41,0,20,163
9410347,9,2,7,16,5,4,4
9707433,2,2,0,0,0,2,3
110166,5,2,3,6,0,5,63
1264,13,9,4,7,0,13,78
9911300,1,1,0,0,0,1,1
9703343,13,5,8,24,1,12,40
11121,1,1,0,0,0,1,18
9511223,2,1,1,1,2,0,0
9609458,5,2,3,3,0,5,11
104141,9,4,5,7,0,9,178
9407223,6,4,2,2,6,0,0
9703438,16,6,10,23,0,16,88
9502275,4,2,2,2,4,0,0
9412309,8,2,6,13,5,3,3
9610510,2,1,1,1,0,2,18
9702426,13,4,9,22,1,12,43
9902368,9,2,7,18,0,9,49
9603241,1,1,0,0,1,0,0
10142,3,3,0,0,0,3,5
9802276,13,4,9,30,0,13,60
9301255,5,2,3,6,0,5,5
9607389,41,4,37,189,11,30,50
9808400,23,3,20,74,3,20,47
9711485,81,8,73,373,1,80,333
1130,7,3,4,8,2,5,20
9604442,9,2,7,13,7,2,2
204051,1,1,0,0,0,1,3
207266,2,1,1,1,0,2,12
9806523,5,3,2,2,1,4,15
207326,9,3,6,9,0,9,86
204037,6,1,5,6,0,6,52
103284,6,4,2,3,0,6,79
9508401,13,3,10,22,8,5,5
9606448,3,2,1,1,1,2,3
105140,0,0,0,0,0,0,0
9810315,7,2,5,12,0,7,17
9402213,6,2,4,9,1,5,5
205284,7,1,6,13,0,7,100
3097,0,0,0,0,0,0,0
9707369,2,1,1,1,0,2,4
9312277,4,2,2,3,2,2,2
9711369,6,2,4,6,5,1,1
110158,11,1,10,22,0,11,223
9904230,10,3,7,22,8,2,2
9807564,1,1,0,0,0,1,3
9308284,20,8,12,43,20,0,0
9410306,1,1,0,0,1,0,0
3309,6,3,3,5,0,6,32
207332,0,0,0,0,0,0,0
9606449,8,3,5,8,1,7,18
9807456,1,1,0,0,0,1,2
9604390,4,2,2,4,0,4,21
9810531,4,2,2,2,3,1,2
9602267,4,3,1,2,0,4,7
9606247,9,2,7,14,0,9,48
9501338,5,3,2,3,0,5,5
9507359,6,1,5,5,0,6,27
2297,8,4,4,5,8,0,0
104205,11,1,10,34,0,11,177
5301,6,4,2,5,0,6,29
9506406,6,2,4,4,0,6,24
9806382,15,3,12,54,0,15,131
9904411,12,3,9,15,3,9,27
9209276,18,2,16,54,18,0,0
9801304,14,4,10,13,0,14,52
9406321,5,3,2,5,4,1,2
1202,7,1,6,13,0,7,40
9705390,11,6,5,9,0,11,39
9703336,9,4,5,10,4,5,9
9907380,9,2,7,13,0,9,39
9908343,5,4,1,1,0,5,90
9802372,5,3,2,4,0,5,23
9907505,13,8,5,8,1,12,52
207179,1,1,0,0,0,1,3
205255,3,2,1,1,0,3,8
9312255,2,2,0,0,2,0,0
9503224,2,1,1,1,2,0,0
9605231,15,3,12,21,1,14,53
104170,0,0,0,0,0,0,0
9610531,2,1,1,1,0,2,4
9702248,1,1,0,0,1,0,0
9711418,5,3,2,3,1,4,8
7125,2,2,0,0,0,2,3
9810257,11,5,6,8,0,11,77
9609347,2,2,0,0,0,2,8
9812485,2,1,1,1,2,0,0
9705378,5,5,0,0,1,4,5
9709274,14,7,7,13,0,14,30
1090,4,2,2,5,0,4,16
9607386,4,1,3,6,4,0,0
9811475,3,3,0,0,0,3,19
9807560,4,4,0,0,1,3,11
7047,2,2,0,0,0,2,2
1021,12,6,6,8,0,12,36
9905380,1,1,0,0,0,1,3
9412349,4,2,2,5,4,0,0
9307265,3,1,2,3,0,3,8
9909275,0,0,0,0,0,0,0
9904488,5,1,4,5,0,5,29
207253,1,1,0,0,0,1,8
10037,2,1,1,1,0,2,5
9411304,6,3,3,4,3,3,3
9203225,21,5,16,62,21,0,0
9708283,3,1,2,2,0,3,16
9712359,13,3,10,18,0,13,72
101018,3,3,0,0,3,0,0
201296,32,1,31,106,5,27,39
211426,0,0,0,0,0,0,0
9809496,4,1,3,5,0,4,4
9801265,2,2,0,0,1,1,9
107309,1,1,0,0,0,1,4
9810546,15,4,11,37,3,12,47
9197,5,5,0,0,2,3,8
9709372,9,4,5,9,1,8,27
12057,5,2,3,5,0,5,20
104100,3,2,1,1,0,3,12
101030,8,6,2,3,2,6,21
9609309,4,2,2,2,0,4,35
9712519,5,3,2,2,5,0,0
9406316,15,5,10,34,2,13,22
111326,3,1,2,2,1,2,20
9207266,6,2,4,6,6,0,0
9710290,8,3,5,7,0,8,8
9803372,6,3,3,3,2,4,5
9807384,9,4,5,7,1,8,21
9712219,3,3,0,0,0,3,59
111249,4,2,2,2,1,3,13
9611304,4,3,1,1,0,4,17
210362,0,0,0,0,0,0,0
9802312,7,1,6,6,0,7,29
9602405,20,8,12,19,3,17,23
207140,0,0,0,0,0,0,0
207087,1,1,0,0,0,1,22
9509229,9,3,6,13,1,8,11
4143,17,9,8,13,0,17,64
9708370,7,6,1,1,6,1,2
8121,4,4,0,0,1,3,3
9909542,26,3,23,116,0,26,340
111131,6,4,2,5,0,6,45
9410318,4,2,2,3,4,0,0
9801380,10,2,8,20,5,5,5
9411280,4,4,0,0,0,4,12
9905259,1,1,0,0,0,1,2
210155,2,2,0,0,0,2,7
10270,2,2,0,0,0,2,6
9410317,7,1,6,12,4,3,3
102164,2,1,1,1,2,0,0
209153,1,1,0,0,1,0,0
9805252,1,1,0,0,0,1,3
9806325,1,1,0,0,0,1,2
9707502,5,3,2,3,0,5,13
207327,9,5,4,5,0,9,56
211271,3,2,1,1,0,3,11
9211311,14,5,9,19,14,0,0
9310368,2,1,1,1,2,0,0
101046,1,1,0,0,0,1,12
9605457,9,6,3,3,1,8,19
9407238,4,2,2,3,2,2,2
9705328,3,2,1,1,1,2,6
107256,9,2,7,13,0,9,179
9410321,7,2,5,8,0,7,14
9806202,5,3,2,2,5,0,0
9907388,1,1,0,0,0,1,2
9401242,9,3,6,12,9,0,0
9903322,7,3,4,10,0,7,65
9807369,0,0,0,0,0,0,0
9166,0,0,0,0,0,0,0
9801428,0,0,0,0,0,0,0
9712379,2,1,1,1,0,2,8
9711489,3,3,0,0,0,3,10
9709334,6,1,5,14,0,6,16
9502409,2,2,0,0,2,0,0
12141,0,0,0,0,0,0,0
2164,2,1,1,1,2,0,0
203251,3,1,2,2,0,3,51
110332,3,1,2,3,0,3,15
9701288,3,1,2,2,3,0,0
9606433,7,2,5,13,7,0,0
111106,2,2,0,0,0,2,9
210428,3,1,2,2,0,3,31
101181,1,1,0,0,0,1,5
205312,6,3,3,3,0,6,35
12136,29,2,27,76,0,29,281
9604215,2,1,1,1,0,2,4
10091,0,0,0,0,0,0,0
9609476,5,1,4,7,0,5,5
9401345,3,2,1,1,2,1,2
9408249,1,1,0,0,0,1,1
9906403,5,3,2,2,0,5,18
9512379,7,1,6,17,2,5,5
103267,5,2,3,4,1,4,21
9206213,3,1,2,3,3,0,0
204341,7,3,4,7,0,7,62
105254,2,1,1,1,0,2,14
1317,2,2,0,0,0,2,4
210296,2,2,0,0,0,2,20
5200,2,2,0,0,1,1,6
9701360,13,3,10,15,0,13,74
9409221,5,4,1,1,1,4,4
9503453,0,0,0,0,0,0,0
9404327,11,2,9,30,8,3,3
9507461,12,3,9,22,0,12,62
9805279,3,1,2,3,0,3,21
9909337,12,1,11,44,1,11,130
9706404,3,1,2,3,0,3,3
9603391,0,0,0,0,0,0,0
9603371,1,1,0,0,0,1,8
4008,9,4,5,12,0,9,72
9504434,12,6,6,8,6,6,7
9812407,1,1,0,0,0,1,1
9212267,2,2,0,0,2,0,0
9506269,16,6,10,11,1,15,20
10206,1,1,0,0,0,1,3
7209,3,2,1,1,3,0,0
9411400,2,2,0,0,0,2,3
9701317,0,0,0,0,0,0,0
9401333,1,1,0,0,0,1,1
9506271,21,2,19,108,21,0,0
201087,4,3,1,1,0,4,14
9603331,4,2,2,5,0,4,4
9709240,1,1,0,0,0,1,1
201213,1,1,0,0,1,0,0
9807524,3,2,1,1,1,2,3
9804347,7,3,4,10,7,0,0
108197,4,3,1,1,0,4,15
11365,9,5,4,7,0,9,37
204111,5,2,3,5,0,5,19
9910300,3,2,1,1,1,2,3
1254,0,0,0,0,0,0,0
12202,3,3,0,0,2,1,3
211432,3,2,1,1,0,3,34
9407400,3,1,2,2,3,0,0
4223,11,5,6,8,0,11,67
1115,9,5,4,4,0,9,90
212378,0,0,0,0,0,0,0
9806248,5,2,3,5,1,4,8
9506436,18,7,11,27,14,4,4
9809498,15,1,14,45,1,14,85
9312252,6,3,3,5,6,0,0
9911322,3,2,1,1,0,3,9
111109,2,1,1,1,0,2,21
204330,2,1,1,1,0,2,15
9811442,3,2,1,1,0,3,30
8271,0,0,0,0,0,0,0
9901215,12,4,8,19,3,9,12
3201,10,2,8,21,0,10,33
205039,2,1,1,1,0,2,31
9906291,1,1,0,0,0,1,10
3034,1,1,0,0,1,0,0
9312234,1,1,0,0,1,0,0
9604231,10,4,6,7,0,10,22
9410356,11,3,8,27,0,11,30
9302213,8,7,1,2,8,0,0
207258,0,0,0,0,0,0,0
9608363,1,1,0,0,0,1,1
104099,4,4,0,0,0,4,13
9912376,8,1,7,14,0,8,29
211017,0,0,0,0,0,0,0
205219,4,1,3,3,0,4,44
9710206,11,3,8,28,1,10,50
211105,2,1,1,1,0,2,7
9910239,2,1,1,1,0,2,18
9609509,1,1,0,0,1,0,0
9903234,14,4,10,18,2,12,22
9602276,2,1,1,1,2,0,0
3134,5,2,3,3,0,5,23
9401259,4,2,2,4,2,2,2
9027,2,1,1,1,0,2,5
9811496,3,2,1,1,2,1,1
205093,3,3,0,0,0,3,5
9607312,1,1,0,0,0,1,5
210123,2,2,0,0,0,2,8
9804449,4,3,1,1,0,4,10
4053,5,3,2,2,0,5,35
204190,1,1,0,0,0,1,4
12014,2,1,1,1,1,1,3
9610522,11,6,5,9,11,0,0
208030,0,0,0,0,0,0,0
9505372,5,3,2,2,5,0,0
9710321,1,1,0,0,0,1,2
9901352,1,1,0,0,0,1,6
11235,1,1,0,0,0,1,4
9804348,11,4,7,16,4,7,25
112283,7,3,4,5,0,7,65
5136,4,3,1,3,0,4,13
111394,1,1,0,0,1,0,0
9805278,3,2,1,1,0,3,11
204142,8,2,6,12,0,8,38
111396,1,1,0,0,0,1,2
103076,1,1,0,0,0,1,5
102223,1,1,0,0,0,1,9
9503444,3,2,1,1,3,0,0
9803329,2,2,0,0,0,2,3
9908264,16,1,15,38,0,16,153
109058,7,2,5,5,0,7,85
9810526,1,1,0,0,0,1,1
9408319,1,1,0,0,1,0,0
103161,5,2,3,5,1,4,29
5101,2,2,0,0,0,2,9
9508361,0,0,0,0,0,0,0
9708429,1,1,0,0,0,1,1
112063,3,1,2,2,0,3,16
8242,6,2,4,4,0,6,14
12047,1,1,0,0,0,1,6
3103,1,1,0,0,1,0,0
9911464,3,2,1,1,0,3,20
9703218,7,4,3,3,1,6,15
9903313,1,1,0,0,1,0,0
9512352,3,2,1,1,3,0,0
10250,1,1,0,0,0,1,4
9804249,4,1,3,6,0,4,31
10306,7,3,4,4,1,6,26
9803223,1,1,0,0,1,0,0
9905245,2,1,1,1,0,2,6
9712453,2,1,1,1,0,2,4
8248,1,1,0,0,0,1,1
9611444,4,2,2,3,1,3,3
9601327,3,2,1,1,0,3,12
9511301,10,8,2,4,10,0,0
9706531,5,2,3,5,0,5,17
4072,1,1,0,0,0,1,3
9712337,0,0,0,0,0,0,0
109204,4,2,2,2,0,4,11
9906245,0,0,0,0,0,0,0
9512446,3,3,0,0,1,2,12
9904484,2,2,0,0,2,0,0
9911296,4,1,3,3,0,4,46
9605279,1,1,0,0,1,0,0
3098,1,1,0,0,0,1,9
9710237,2,2,0,0,0,2,3
208057,0,0,0,0,0,0,0
9508312,2,1,1,1,0,2,2
9608371,2,2,0,0,1,1,5
210242,0,0,0,0,0,0,0
9511281,1,1,0,0,0,1,5
9504323,0,0,0,0,0,0,0
9286,10,5,5,11,0,10,41
7075,3,3,0,0,2,1,3
9310240,2,2,0,0,2,0,0
6066,2,2,0,0,1,1,1
203051,6,3,3,7,0,6,32
107059,4,1,3,4,0,4,4
9701203,0,0,0,0,0,0,0
9808309,7,1,6,13,1,6,10
205238,0,0,0,0,0,0,0
9702402,2,2,0,0,2,0,0
203033,3,2,1,1,0,3,20
9504433,3,2,1,1,2,1,1
5212,2,2,0,0,0,2,3
101171,6,1,5,11,1,5,10
105218,0,0,0,0,0,0,0
11003,4,2,2,2,0,4,39
107288,0,0,0,0,0,0,0
9512324,1,1,0,0,0,1,2
9607411,9,1,8,19,0,9,9
204361,2,2,0,0,0,2,40
110113,7,2,5,13,0,7,35
9807407,4,3,1,1,0,4,4
8136,4,2,2,3,0,4,6
104022,5,2,3,4,1,4,8
9802221,1,1,0,0,0,1,12
9608432,1,1,0,0,0,1,4
9809485,5,4,1,2,3,2,2
108157,6,1,5,11,6,0,0
110017,3,1,2,2,0,3,26
102094,0,0,0,0,0,0,0
102137,0,0,0,0,0,0,0
9803487,1,1,0,0,0,1,2
9312336,1,1,0,0,1,0,0
301011,1,1,0,0,0,1,5
9602209,1,1,0,0,1,0,0
9704276,7,2,5,11,0,7,66
205108,6,1,5,9,0,6,54
203147,2,2,0,0,0,2,8
9508282,2,1,1,1,0,2,3
209049,0,0,0,0,0,0,0
111123,3,1,2,2,3,0,0
9809492,1,1,0,0,1,0,0
9910552,1,1,0,0,0,1,2
9908420,3,2,1,1,0,3,17
10092,2,2,0,0,0,2,5
111015,4,2,2,2,0,4,16
9908304,3,3,0,0,0,3,9
9806377,1,1,0,0,1,0,0
9910275,5,5,0,0,0,5,32
9503405,1,1,0,0,1,0,0
9810314,0,0,0,0,0,0,0
9407390,9,2,7,12,1,8,22
9810363,8,1,7,15,8,0,0
9406209,0,0,0,0,0,0,0
9609376,1,1,0,0,0,1,2
109161,1,1,0,0,0,1,3
9304259,1,1,0,0,1,0,0
211024,2,2,0,0,0,2,12
212352,0,0,0,0,0,0,0
208075,0,0,0,0,0,0,0
9602321,1,1,0,0,1,0,0
207346,4,1,3,5,0,4,25
9901356,1,1,0,0,0,1,1
9412362,4,3,1,1,4,0,0
203183,2,2,0,0,0,2,9
9704427,1,1,0,0,1,0,0
9310325,1,1,0,0,1,0,0
9611271,2,1,1,1,2,0,0
9704252,0,0,0,0,0,0,0
9308345,3,2,1,1,0,3,3
9812259,1,1,0,0,0,1,3
202066,2,2,0,0,0,2,19
7174,0,0,0,0,0,0,0
9809460,1,1,0,0,0,1,7
103262,1,1,0,0,0,1,2
9410335,0,0,0,0,0,0,0
106185,3,3,0,0,3,0,0
6121,3,1,2,3,0,3,7
9510423,1,1,0,0,1,0,0
9312231,0,0,0,0,0,0,0
209357,0,0,0,0,0,0,0
9404339,3,2,1,1,3,0,0
9506377,1,1,0,0,1,0,0
9305337,5,3,2,3,5,0,0
9410408,4,1,3,5,0,4,4
9902425,0,0,0,0,0,0,0
9804372,4,4,0,0,0,4,24
106132,9,1,8,28,0,9,61
9311203,1,1,0,0,1,0,0
9512217,1,1,0,0,1,0,0
4121,0,0,0,0,0,0,0
9912509,0,0,0,0,0,0,0
9702240,1,1,0,0,1,0,0
202071,3,3,0,0,0,3,6
9805497,0,0,0,0,0,0,0
204325,1,1,0,0,0,1,3
7312,6,1,5,8,0,6,46
9312322,4,4,0,0,3,1,1
8193,1,1,0,0,0,1,5
212305,0,0,0,0,0,0,0
9508234,2,1,1,1,0,2,6
9411226,5,4,1,2,5,0,0
9909287,0,0,0,0,0,0,0
302131,2,1,1,1,1,1,1
10251,2,1,1,1,0,2,13
9306286,0,0,0,0,0,0,0
9812321,2,2,0,0,0,2,2
9809420,1,1,0,0,0,1,1
9308293,1,1,0,0,1,0,0
9810511,1,1,0,0,0,1,4
10292,3,3,0,0,0,3,10
207335,4,2,2,2,0,4,18
201002,3,2,1,1,0,3,6
11020,1,1,0,0,0,1,6
203253,1,1,0,0,0,1,5
9803209,3,2,1,1,2,1,1
9403303,3,3,0,0,3,0,0
9908278,0,0,0,0,0,0,0
112231,1,1,0,0,0,1,8
9609506,0,0,0,0,0,0,0
203235,0,0,0,0,0,0,0
9706310,2,2,0,0,0,2,30
9502396,3,2,1,1,1,2,2
208095,1,1,0,0,0,1,5
203184,5,2,3,5,0,5,19
9189,0,0,0,0,0,0,0
103106,4,4,0,0,4,0,0
9508413,0,0,0,0,0,0,0
9910319,0,0,0,0,0,0,0
9403206,0,0,0,0,0,0,0
109269,0,0,0,0,0,0,0
107009,3,1,2,3,0,3,26
201237,0,0,0,0,0,0,0
102006,2,2,0,0,0,2,4
211103,1,1,0,0,0,1,24
9911343,0,0,0,0,0,0,0
101308,3,2,1,1,0,3,9
11123,0,0,0,0,0,0,0
111135,2,1,1,1,2,0,0
9712296,0,0,0,0,0,0,0
3240,2,1,1,1,0,2,8
9208211,3,1,2,3,3,0,0
11269,1,1,0,0,1,0,0
9605328,4,1,3,4,2,2,5
9505265,0,0,0,0,0,0,0
9803355,3,2,1,1,0,3,7
9803410,1,1,0,0,0,1,3
111328,2,2,0,0,0,2,22
9912222,1,1,0,0,0,1,1
104020,1,1,0,0,0,1,10
9705468,1,1,0,0,0,1,1
9809313,1,1,0,0,0,1,2
9509367,0,0,0,0,0,0,0
9809296,1,1,0,0,0,1,1
9306302,0,0,0,0,0,0,0
9506238,2,1,1,1,2,0,0
103107,2,2,0,0,2,0,0
9409359,0,0,0,0,0,0,0
212208,1,1,0,0,0,1,1
9502282,8,1,7,11,8,0,0
1079,1,1,0,0,0,1,8
12214,1,1,0,0,1,0,0
9505216,1,1,0,0,1,0,0
9309206,1,1,0,0,0,1,1
9911532,2,2,0,0,2,0,0
301014,2,2,0,0,0,2,34
9609208,0,0,0,0,0,0,0
9706461,0,0,0,0,0,0,0
9904243,1,1,0,0,0,1,5
9912339,0,0,0,0,0,0,0
9508201,1,1,0,0,0,1,1
9902442,1,1,0,0,1,0,0
9509387,0,0,0,0,0,0,0
210271,2,2,0,0,2,0,0
9707403,0,0,0,0,0,0,0
9606227,1,1,0,0,0,1,5
103291,1,1,0,0,0,1,8
9906302,0,0,0,0,0,0,0
9602332,0,0,0,0,0,0,0
12266,2,1,1,1,2,0,0
9912299,1,1,0,0,1,0,0
9611235,0,0,0,0,0,0,0
9907574,0,0,0,0,0,0,0
111213,0,0,0,0,0,0,0
5241,1,1,0,0,0,1,3
2143,4,4,0,0,0,4,15
209349,0,0,0,0,0,0,0
9803350,1,1,0,0,0,1,6
9608304,1,1,0,0,1,0,0
111339,1,1,0,0,1,0,0
210017,0,0,0,0,0,0,0
9712500,0,0,0,0,0,0,0
9412371,1,1,0,0,1,0,0
211466,0,0,0,0,0,0,0
1181,0,0,0,0,0,0,0
111291,2,2,0,0,0,2,13
9908441,1,1,0,0,1,0,0
9402309,1,1,0,0,1,0,0
110321,1,1,0,0,0,1,1
9407383,0,0,0,0,0,0,0
103026,0,0,0,0,0,0,0
9910311,1,1,0,0,0,1,2
9901310,1,1,0,0,0,1,2
112035,1,1,0,0,0,1,7
104123,2,1,1,1,0,2,2
103260,1,1,0,0,0,1,4
202027,2,1,1,1,0,2,9
9611428,0,0,0,0,0,0,0
9709258,0,0,0,0,0,0,0
9709508,3,1,2,3,0,3,4
7165,0,0,0,0,0,0,0
111211,1,1,0,0,0,1,3
2136,2,2,0,0,1,1,5
7310,3,2,1,1,0,3,18
111206,2,2,0,0,0,2,15
211312,0,0,0,0,0,0,0
9707246,0,0,0,0,0,0,0
110231,0,0,0,0,0,0,0
203197,0,0,0,0,0,0,0
9910431,1,1,0,0,0,1,4
9508356,3,2,1,1,0,3,3
209077,4,4,0,0,0,4,29
212226,0,0,0,0,0,0,0
211152,0,0,0,0,0,0,0
9712454,1,1,0,0,0,1,2
9510456,0,0,0,0,0,0,0
211347,0,0,0,0,0,0,0
9907311,0,0,0,0,0,0,0
9903281,0,0,0,0,0,0,0
212317,0,0,0,0,0,0,0
207082,0,0,0,0,0,0,0
9208208,2,2,0,0,2,0,0
9211295,1,1,0,0,1,0,0
12065,0,0,0,0,0,0,0
9911368,0,0,0,0,0,0,0
1223,1,1,0,0,0,1,2
205252,1,1,0,0,0,1,4
3041,1,1,0,0,1,0,0
202253,2,2,0,0,0,2,3
3259,0,0,0,0,0,0,0
9707527,0,0,0,0,0,0,0
103066,1,1,0,0,1,0,0
105095,0,0,0,0,0,0,0
3257,0,0,0,0,0,0,0
9908354,0,0,0,0,0,0,0
9503471,1,1,0,0,0,1,2
212371,0,0,0,0,0,0,0
301189,1,1,0,0,0,1,8
205253,0,0,0,0,0,0,0
9512360,0,0,0,0,0,0,0
9908209,1,1,0,0,1,0,0
9908492,2,2,0,0,2,0,0
9912387,1,1,0,0,0,1,1
9704321,0,0,0,0,0,0,0
302221,0,0,0,0,0,0,0
6317,0,0,0,0,0,0,0
4172,1,1,0,0,0,1,6
302147,0,0,0,0,0,0,0
301046,0,0,0,0,0,0,0
11340,1,1,0,0,0,1,3
212122,0,0,0,0,0,0,0
9809388,1,1,0,0,0,1,1
9307358,0,0,0,0,0,0,0
210072,0,0,0,0,0,0,0
302119,0,0,0,0,0,0,0
9606245,0,0,0,0,0,0,0
9909300,1,1,0,0,0,1,7
9906397,0,0,0,0,0,0,0
203165,0,0,0,0,0,0,0
208077,0,0,0,0,0,0,0
9412347,1,1,0,0,0,1,1
110030,1,1,0,0,1,0,0
9912537,0,0,0,0,0,0,0
211303,0,0,0,0,0,0,0
9603260,0,0,0,0,0,0,0
9406282,1,1,0,0,1,0,0
9411430,2,2,0,0,0,2,6
9812255,0,0,0,0,0,0,0
212102,1,1,0,0,0,1,3
9704332,0,0,0,0,0,0,0
109021,1,1,0,0,1,0,0
211344,1,1,0,0,0,1,22
207176,0,0,0,0,0,0,0
106172,0,0,0,0,0,0,0
111181,1,1,0,0,0,1,1
1263,1,1,0,0,0,1,2
108099,0,0,0,0,0,0,0
9505380,0,0,0,0,0,0,0
10095,1,1,0,0,0,1,1
211267,1,1,0,0,0,1,2
211442,0,0,0,0,0,0,0
9811516,0,0,0,0,0,0,0
9811459,1,1,0,0,1,0,0
8330,0,0,0,0,0,0,0
301082,0,0,0,0,0,0,0
212360,1,1,0,0,0,1,3
9906227,0,0,0,0,0,0,0
11099,0,0,0,0,0,0,0
203162,0,0,0,0,0,0,0
209197,0,0,0,0,0,0,0
9604356,0,0,0,0,0,0,0
9706226,0,0,0,0,0,0,0
9912549,0,0,0,0,0,0,0
206091,1,1,0,0,1,0,0
109220,1,1,0,0,0,1,3
9801315,1,1,0,0,1,0,0
301275,0,0,0,0,0,0,0
105284,1,1,0,0,1,0,0
9511291,0,0,0,0,0,0,0
205187,2,2,0,0,0,2,15
104305,0,0,0,0,0,0,0
9707538,0,0,0,0,0,0,0
210121,0,0,0,0,0,0,0
9911282,0,0,0,0,0,0,0
1195,0,0,0,0,0,0,0
9505269,1,1,0,0,0,1,13
9801390,1,1,0,0,1,0,0
9610343,0,0,0,0,0,0,0
208172,0,0,0,0,0,0,0
205028,0,0,0,0,0,0,0
104065,0,0,0,0,0,0,0
9907283,2,1,1,1,2,0,0
9912375,1,1,0,0,0,1,1
9407217,1,1,0,0,1,0,0
101062,1,1,0,0,0,1,1
9603254,0,0,0,0,0,0,0
9909545,0,0,0,0,0,0,0
9906491,0,0,0,0,0,0,0
9704316,2,2,0,0,2,0,0
12182,0,0,0,0,0,0,0
112239,0,0,0,0,0,0,0
203098,0,0,0,0,0,0,0
103029,1,1,0,0,0,1,4
4009,0,0,0,0,0,0,0
105270,0,0,0,0,0,0,0
9903278,0,0,0,0,0,0,0
9706222,0,0,0,0,0,0,0
105337,0,0,0,0,0,0,0
9218,0,0,0,0,0,0,0
206147,0,0,0,0,0,0,0
9505264,1,1,0,0,1,0,0
9312354,0,0,0,0,0,0,0
110086,0,0,0,0,0,0,0
3214,1,1,0,0,0,1,5
212090,0,0,0,0,0,0,0
9902207,1,1,0,0,1,0,0
9910340,0,0,0,0,0,0,0
9911472,0,0,0,0,0,0,0
109112,1,1,0,0,1,0,0
9906453,0,0,0,0,0,0,0
302231,0,0,0,0,0,0,0
9907232,0,0,0,0,0,0,0
9807403,1,1,0,0,1,0,0
9708322,0,0,0,0,0,0,0
11037,0,0,0,0,0,0,0
6269,1,1,0,0,1,0,0
111386,0,0,0,0,0,0,0
101332,1,1,0,0,0,1,22
110205,0,0,0,0,0,0,0
107155,0,0,0,0,0,0,0
9510411,0,0,0,0,0,0,0
3280,0,0,0,0,0,0,0
9904503,0,0,0,0,0,0,0
302099,0,0,0,0,0,0,0
9607364,0,0,0,0,0,0,0
302090,0,0,0,0,0,0,0
104231,1,1,0,0,1,0,0
102066,0,0,0,0,0,0,0
9308252,0,0,0,0,0,0,0
9812482,0,0,0,0,0,0,0
9510239,0,0,0,0,0,0,0
112271,0,0,0,0,0,0,0
9512255,0,0,0,0,0,0,0
9607282,0,0,0,0,0,0,0
112220,0,0,0,0,0,0,0
9611382,0,0,0,0,0,0,0
11015,0,0,0,0,0,0,0
105282,0,0,0,0,0,0,0
9712365,0,0,0,0,0,0,0
109286,0,0,0,0,0,0,0
12133,0,0,0,0,0,0,0
10144,1,1,0,0,1,0,0
209110,0,0,0,0,0,0,0
12316,0,0,0,0,0,0,0
9803417,0,0,0,0,0,0,0
9603280,0,0,0,0,0,0,0
9503287,0,0,0,0,0,0,0
11390,0,0,0,0,0,0,0
207355,0,0,0,0,0,0,0
212237,0,0,0,0,0,0,0
211329,0,0,0,0,0,0,0
106092,0,0,0,0,0,0,0
9612484,0,0,0,0,0,0,0
9712449,0,0,0,0,0,0,0
210147,0,0,0,0,0,0,0
9901408,0,0,0,0,0,0,0
209273,0,0,0,0,0,0,0
9605402,0,0,0,0,0,0,0
9807242,0,0,0,0,0,0,0
9907247,0,0,0,0,0,0,0
111119,0,0,0,0,0,0,0
209282,0,0,0,0,0,0,0
9708340,0,0,0,0,0,0,0
9412262,0,0,0,0,0,0,0
211035,0,0,0,0,0,0,0
9811389,0,0,0,0,0,0,0
9804406,0,0,0,0,0,0,0
9806529,0,0,0,0,0,0,0
203105,0,0,0,0,0,0,0
9902344,0,0,0,0,0,0,0
204074,0,0,0,0,0,0,0
5137,0,0,0,0,0,0,0
202197,0,0,0,0,0,0,0
109132,0,0,0,0,0,0,0
211013,0,0,0,0,0,0,0
9902466,1,1,0,0,1,0,0
302275,0,0,0,0,0,0,0
9504304,28,4,24,67,28,0,0
9211304,80,13,67,664,80,0,0
12208,14,3,11,24,0,14,133
9903535,46,12,34,202,9,37,82
9911263,10,4,6,7,0,10,52
9209291,37,6,31,95,37,0,0
9903229,38,7,31,128,2,36,168
9306256,51,11,40,191,51,0,0
9911385,28,4,24,85,1,27,160
9505433,44,4,40,300,44,0,0
9805358,7,3,4,6,0,7,28
6050,3,3,0,0,0,3,9
9409315,19,1,18,45,7,12,28
9803383,2,1,1,1,0,2,9
9203215,8,3,5,7,8,0,0
9803277,114,9,105,947,12,102,403
110320,16,8,8,20,2,14,50
9803386,5,3,2,3,1,4,4
9503268,4,1,3,3,0,4,7
9205238,57,8,49,289,57,0,0
9406404,12,1,11,28,1,11,21
9308292,31,10,21,72,31,0,0
9311214,73,13,60,254,53,20,27
9510367,57,8,49,214,22,35,101
9812273,27,6,21,47,0,27,196
9404308,21,10,11,15,13,8,8
9503417,33,1,32,112,28,5,5
9709271,5,1,4,9,4,1,1
9901228,58,4,54,321,1,57,602
9912358,53,9,44,113,4,49,334
9505301,23,3,20,70,15,8,13
9806339,12,1,11,47,11,1,1
9701306,4,3,1,2,0,4,8
9609343,27,1,26,112,3,24,40
9805305,4,3,1,1,0,4,11
9903499,12,2,10,29,0,12,31
9311312,26,5,21,72,9,17,37
9603378,132,1,131,1220,46,86,93
9710314,10,2,8,20,0,10,18
9510340,3,1,2,2,0,3,19
9606423,54,5,49,181,2,52,126
9309252,27,12,15,45,27,0,0
9604251,6,2,4,7,0,6,35
9504337,14,4,10,23,9,5,7
9204215,19,9,10,24,19,0,0
9504326,78,3,75,514,8,70,251
9610357,36,6,30,149,3,33,207
9809329,57,7,50,198,10,47,159
9707521,55,4,51,220,2,53,381
9410203,23,3,20,73,13,10,14
9612464,31,4,27,82,0,31,275
9707386,21,4,17,55,0,21,155
9206262,28,12,16,55,28,0,0
9802315,27,2,25,69,3,24,49
107074,11,7,4,6,0,11,130
9903305,17,6,11,24,0,17,152
2116,26,4,22,76,1,25,140
9411422,13,4,9,24,0,13,16
9406286,9,3,6,13,1,8,18
12219,14,4,10,35,0,14,136
9704220,4,3,1,1,2,2,2
9703330,20,10,10,22,7,13,30
9508378,38,3,35,198,2,36,68
9610323,61,9,52,263,6,55,210
9401277,51,6,45,217,51,0,0
7179,2,2,0,0,2,0,0
9512277,4,3,1,1,0,4,10
9308315,23,3,20,109,1,22,37
9504260,8,1,7,19,0,8,20
9705422,12,5,7,19,0,12,36
9602277,50,4,46,293,15,35,62
9601359,18,2,16,57,0,18,110
9712302,54,2,52,368,1,53,102
9608229,41,1,40,239,24,17,17
9407359,26,11,15,37,7,19,19
9708463,12,5,7,12,0,12,47
9908342,7,4,3,4,0,7,16
9411332,18,3,15,34,0,18,44
9410361,26,5,21,60,4,22,42
9310340,9,4,5,15,9,0,0
9402288,61,16,45,149,10,51,95
9803454,43,2,41,223,1,42,257
9307291,104,15,89,611,9,95,200
9810427,8,5,3,5,0,8,57
9401226,58,9,49,188,7,51,334
9306290,36,4,32,195,14,22,22
9402218,14,5,9,30,2,12,16
9710302,30,5,25,83,0,30,119
9409434,24,2,22,94,23,1,1
9406318,23,2,21,105,8,15,15
9911350,1,1,0,0,0,1,8
1216,6,3,3,3,0,6,81
9810216,54,3,51,321,1,53,185
9909229,21,7,14,23,0,21,66
9907502,14,2,12,29,3,11,23
9606431,5,2,3,5,0,5,31
9807339,45,6,39,155,1,44,119
9803475,6,2,4,8,0,6,32
9811351,12,2,10,22,12,0,0
9505343,5,2,3,3,0,5,15
101326,16,1,15,67,0,16,110
1043,5,1,4,7,5,0,0
9212205,3,1,2,3,3,0,0
9906346,39,7,32,157,5,34,151
9172,2,2,0,0,0,2,33
105239,39,3,36,200,39,0,0
9812483,54,4,50,318,1,53,492
9310216,9,3,6,9,6,3,6
9303291,19,2,17,50,19,0,0
9807522,32,4,28,104,0,32,175
9210280,15,5,10,31,11,4,5
9801280,2,1,1,1,0,2,13
9704388,6,3,3,6,1,5,10
9603343,12,2,10,21,1,11,35
9410262,14,1,13,44,14,0,0
9503377,21,3,18,79,1,20,125
9305277,13,2,11,42,13,0,0
9905266,8,3,5,10,0,8,66
9906262,33,1,32,197,0,33,35
9907458,1,1,0,0,0,1,16
9603272,15,2,13,35,5,10,24
9708497,7,2,5,10,3,4,4
9704331,7,2,5,8,7,0,0
9904461,5,2,3,3,2,3,5
9605451,7,1,6,13,0,7,65
9406243,1,1,0,0,1,0,0
9709386,14,3,11,26,0,14,101
112255,37,8,29,73,0,37,204
9602211,14,2,12,28,7,7,7
103065,26,4,22,78,1,25,177
9508288,25,3,22,108,1,24,68
9712532,6,1,5,13,0,6,37
9610527,11,1,10,17,0,11,33
9402205,13,2,11,52,0,13,55
9907261,50,3,47,265,0,50,230
9704403,33,8,25,80,0,33,206
9409254,67,12,55,246,67,0,0
9801246,23,4,19,68,0,23,93
106130,6,1,5,10,0,6,13
9309218,39,5,34,205,14,25,45
9909485,30,3,27,119,0,30,338
9812298,1,1,0,0,0,1,3
108108,11,3,8,15,2,9,23
9912211,6,1,5,9,0,6,129
9507276,4,2,2,3,4,0,0
9906322,61,5,56,296,3,58,210
9911213,6,2,4,6,0,6,28
9806522,4,1,3,3,4,0,0
9901378,5,4,1,1,1,4,6
9702242,10,3,7,10,0,10,26
9505410,16,2,14,28,1,15,25
9902263,63,2,61,646,0,63,464
9812221,30,3,27,106,0,30,353
9606373,8,5,3,4,8,0,0
101076,2,2,0,0,0,2,7
102201,36,7,29,177,0,36,648
12191,8,2,6,14,1,7,7
9806357,12,2,10,17,0,12,49
111099,37,3,34,279,0,37,260
102065,20,6,14,52,2,18,51
9911252,55,12,43,192,1,54,453
9707452,1,1,0,0,0,1,5
9408255,8,2,6,14,8,0,0
104113,2,2,0,0,0,2,18
9232,19,3,16,69,0,19,139
9401313,1,1,0,0,0,1,1
9908443,17,3,14,53,0,17,279
9703293,5,3,2,2,0,5,12
9707401,9,5,4,5,1,8,29
9211214,26,4,22,109,26,0,0
9211257,11,4,7,12,11,0,0
9312278,11,7,4,5,0,11,32
9612380,6,4,2,2,0,6,26
2150,57,13,44,165,2,55,406
12162,3,3,0,0,0,3,16
9507213,11,2,9,17,8,3,3
9303264,13,5,8,16,13,0,0
7031,39,2,37,200,0,39,234
9807434,21,4,17,60,0,21,74
9403401,48,3,45,240,3,45,94
9511433,29,3,26,88,0,29,161
9412206,20,13,7,14,0,20,70
9405429,8,3,5,9,8,0,0
9512384,11,2,9,16,1,10,23
9307266,58,15,43,127,39,19,21
9509420,2,1,1,1,2,0,0
107271,8,1,7,12,0,8,66
9807238,3,1,2,3,0,3,6
4115,49,10,39,130,1,48,566
9502329,29,4,25,174,29,0,0
9411290,4,2,2,2,0,4,7
9408376,13,3,10,26,4,9,16
9507218,17,6,11,27,17,0,0
9306241,26,2,24,102,26,0,0
9803337,13,3,10,17,1,12,31
5066,12,1,11,21,2,10,58
5067,0,0,0,0,0,0,0
9602260,25,4,21,76,25,0,0
9707503,2,1,1,1,2,0,0
9901298,2,2,0,0,0,2,6
9512218,86,9,77,355,59,27,28
9605330,36,9,27,65,9,27,46
9505311,5,4,1,1,1,4,10
9903411,8,4,4,9,0,8,72
9511397,118,13,105,727,14,104,219
9709465,9,2,7,13,0,9,34
5044,16,2,14,23,1,15,57
9801252,20,4,16,61,0,20,177
9501307,59,17,42,251,7,52,71
9703424,6,3,3,3,4,2,3
9405320,62,6,56,290,62,0,0
9608355,4,1,3,3,2,2,6
9903519,4,1,3,6,3,1,1
9809500,5,2,3,4,0,5,25
9605379,8,2,6,9,8,0,0
9612351,9,2,7,14,9,0,0
9712236,13,2,11,17,1,12,113
9302258,9,1,8,22,0,9,10
9501317,15,1,14,49,1,14,52
9705416,27,5,22,119,0,27,331
9506454,14,6,8,23,1,13,21
9804365,3,1,2,2,0,3,20
9811308,19,2,17,60,4,15,22
9911481,16,5,11,19,0,16,162
4049,24,5,19,89,0,24,124
9905458,4,2,2,3,0,4,5
9704326,3,2,1,1,0,3,11
9410338,32,3,29,96,1,31,49
9712221,31,5,26,97,0,31,344
9809453,23,4,19,57,8,15,51
108217,11,2,9,25,11,0,0
9909361,6,2,4,8,0,6,19
9806412,8,6,2,2,3,5,5
9811225,5,3,2,4,0,5,18
11356,1,1,0,0,0,1,15
7265,1,1,0,0,1,0,0
9801223,9,3,6,16,3,6,7
1274,19,1,18,80,0,19,89
9812413,13,2,11,26,4,9,32
9608435,2,1,1,1,0,2,26
9405214,20,12,8,16,15,5,5
209229,0,0,0,0,0,0,0
9405380,14,6,8,22,14,0,0
9405298,10,3,7,12,2,8,8
9905227,20,1,19,93,0,20,270
9806413,25,1,24,99,1,24,71
9910416,24,2,22,75,24,0,0
103012,19,2,17,76,1,18,221
9806303,16,4,12,32,4,12,25
9402295,21,4,17,58,10,11,19
9704313,1,1,0,0,0,1,2
9504225,1,1,0,0,0,1,2
108037,23,1,22,93,1,22,89
9411278,2,2,0,0,0,2,3
9704428,23,4,19,116,0,23,278
9801348,7,2,5,8,7,0,0
9511287,4,3,1,1,4,0,0
109056,16,6,10,17,0,16,91
9409335,50,4,46,345,38,12,12
9609247,9,2,7,11,4,5,5
108013,0,0,0,0,0,0,0
9706388,2,1,1,1,0,2,5
109137,6,5,1,1,0,6,54
9504368,2,1,1,1,0,2,6
1178,5,1,4,5,0,5,27
108096,8,6,2,3,0,8,26
9602218,15,5,10,14,1,14,90
9701400,21,4,17,44,1,20,52
9401342,8,4,4,4,8,0,0
9704239,12,2,10,22,4,8,11
9706437,2,1,1,1,0,2,6
1113,13,4,9,17,2,11,32
9411395,20,3,17,64,13,7,7
7279,4,3,1,2,1,3,12
9912353,1,1,0,0,0,1,4
2118,0,0,0,0,0,0,0
9606275,16,2,14,88,0,16,56
9810477,2,2,0,0,1,1,1
9612291,8,5,3,4,0,8,37
9801266,1,1,0,0,0,1,5
105071,41,8,33,123,3,38,187
104266,11,4,7,14,3,8,26
9712244,8,3,5,10,0,8,73
9304311,11,3,8,32,11,0,0
5267,3,1,2,2,1,2,9
9507225,12,3,9,21,1,11,14
9712501,2,1,1,1,0,2,9
9903517,7,4,3,5,1,6,27
9907222,3,3,0,0,0,3,9
9805214,10,2,8,14,3,7,7
9706420,25,1,24,82,7,18,44
9909326,14,5,9,14,0,14,71
9803488,23,5,18,45,8,15,19
9611422,5,2,3,3,1,4,22
104151,16,2,14,33,0,16,268
9407308,5,5,0,0,5,0,0
9706284,5,3,2,3,0,5,13
201133,2,1,1,1,0,2,11
9610404,3,1,2,2,0,3,10
9611449,7,3,4,7,0,7,15
9710286,10,1,9,16,0,10,58
4155,0,0,0,0,0,0,0
9901241,6,2,4,7,0,6,66
211446,0,0,0,0,0,0,0
2012,1,1,0,0,0,1,3
9303321,11,5,6,16,11,0,0
9803366,27,1,26,111,2,25,61
9903387,6,3,3,5,0,6,21
9812522,25,4,21,50,1,24,82
9412310,28,3,25,119,28,0,0
9608393,9,3,6,11,5,4,8
204273,5,1,4,6,0,5,18
9402277,7,4,3,4,0,7,7
9807549,8,4,4,8,0,8,32
208026,14,4,10,18,0,14,105
204062,3,1,2,3,0,3,8
107325,5,3,2,2,0,5,71
9511252,17,1,16,52,12,5,5
9607399,4,4,0,0,1,3,8
9512345,4,2,2,2,0,4,8
9909217,15,4,11,20,0,15,174
9502272,4,2,2,2,4,0,0
206055,4,3,1,1,0,4,23
9602335,5,4,1,2,0,5,16
9605234,19,4,15,58,7,12,15
9405299,16,2,14,60,7,9,12
9903288,11,2,9,17,2,9,20
110169,11,4,7,17,0,11,137
9905309,34,2,32,99,3,31,149
9809425,8,2,6,17,0,8,57
9308327,9,3,6,17,9,0,0
9312224,7,4,3,4,0,7,19
5118,9,5,4,13,0,9,131
110247,5,5,0,0,0,5,29
9710395,1,1,0,0,0,1,3
9806331,1,1,0,0,0,1,5
9810288,3,1,2,2,0,3,7
204134,3,2,1,1,1,2,5
11291,0,0,0,0,0,0,0
9606327,3,1,2,3,0,3,9
9602345,3,2,1,1,0,3,13
9508208,2,2,0,0,0,2,5
9606372,3,1,2,3,3,0,0
104232,19,5,14,55,0,19,213
6009,6,1,5,11,0,6,24
9609467,15,4,11,23,1,14,40
9811203,2,2,0,0,0,2,9
9912363,2,1,1,1,0,2,10
9612245,23,3,20,83,1,22,73
9804431,5,3,2,2,1,4,10
9905396,1,1,0,0,0,1,2
8294,15,2,13,24,1,14,173
9706484,3,2,1,1,0,3,10
9708208,5,4,1,1,4,1,2
9907401,3,1,2,2,0,3,39
9703410,12,2,10,24,12,0,0
9807494,17,4,13,29,0,17,119
9609413,5,2,3,4,1,4,16
105154,4,2,2,3,1,3,13
201210,3,1,2,3,2,1,3
9006,14,9,5,6,0,14,52
9712297,8,4,4,8,4,4,4
9712469,23,9,14,27,2,21,122
2242,10,6,4,5,2,8,37
9704436,11,1,10,27,2,9,16
203054,1,1,0,0,0,1,1
9810480,5,4,1,1,0,5,12
102209,11,2,9,16,0,11,54
9810408,19,4,15,44,7,12,26
9610509,2,1,1,1,1,1,2
201104,0,0,0,0,0,0,0
9402250,4,1,3,6,4,0,0
9712230,5,3,2,2,2,3,5
9811301,9,1,8,28,4,5,5
9903300,8,1,7,24,0,8,21
2127,18,6,12,45,0,18,168
9905497,1,1,0,0,0,1,3
9804323,2,1,1,1,0,2,2
1330,4,4,0,0,0,4,8
9905525,2,1,1,1,1,1,6
9501218,2,1,1,1,0,2,2
9402244,2,1,1,1,2,0,0
9904483,10,2,8,13,3,7,9
9809446,11,6,5,7,0,11,53
209216,5,2,3,5,0,5,18
9910273,2,1,1,1,0,2,7
9604367,3,3,0,0,0,3,11
9509414,2,1,1,1,0,2,2
9607324,10,5,5,13,0,10,49
9610237,8,4,4,4,1,7,8
9408269,0,0,0,0,0,0,0
204004,31,6,25,70,0,31,129
110147,1,1,0,0,0,1,5
9407288,4,2,2,2,4,0,0
9905495,2,2,0,0,0,2,10
101004,3,3,0,0,0,3,5
9506253,11,1,10,42,0,11,23
9809479,2,2,0,0,0,2,5
9803246,8,3,5,9,0,8,23
3270,9,3,6,14,0,9,63
107212,4,2,2,2,0,4,11
108116,1,1,0,0,0,1,4
9806350,17,4,13,46,0,17,103
9709452,12,2,10,19,3,9,18
9408248,12,9,3,3,0,12,31
112158,2,1,1,1,0,2,16
210118,0,0,0,0,0,0,0
9712508,15,2,13,34,0,15,92
9809227,6,2,4,4,3,3,4
9707341,10,3,7,21,0,10,28
9704327,16,3,13,52,0,16,170
206242,3,3,0,0,0,3,11
12034,0,0,0,0,0,0,0
5196,4,2,2,2,0,4,9
9905439,7,4,3,4,1,6,16
9609375,12,2,10,17,4,8,16
107261,2,2,0,0,0,2,6
106277,5,3,2,3,0,5,35
9612388,3,3,0,0,0,3,7
7081,9,4,5,6,9,0,0
9701321,4,2,2,3,0,4,12
110245,1,1,0,0,0,1,1
9909554,21,5,16,59,0,21,292
109017,10,3,7,15,0,10,55
9808330,3,3,0,0,0,3,8
9810322,17,1,16,84,12,5,5
9504393,2,1,1,1,2,0,0
9910248,2,2,0,0,0,2,4
210181,2,2,0,0,1,1,5
108070,6,5,1,1,0,6,14
9412345,5,2,3,4,1,4,11
106320,7,1,6,9,1,6,17
9906520,2,2,0,0,2,0,0
9902218,1,1,0,0,0,1,3
9204231,5,1,4,6,5,0,0
9807523,4,1,3,6,0,4,8
207356,15,2,13,54,0,15,67
9901431,12,6,6,13,1,11,45
4242,0,0,0,0,0,0,0
9307344,6,6,0,0,1,5,15
9802422,6,3,3,3,0,6,53
9609320,12,5,7,9,1,11,36
9801338,0,0,0,0,0,0,0
9708285,0,0,0,0,0,0,0
111227,7,2,5,16,0,7,123
9412353,4,2,2,2,0,4,9
9904437,1,1,0,0,0,1,4
9504255,0,0,0,0,0,0,0
9409320,7,3,4,7,4,3,6
1236,1,1,0,0,0,1,7
207044,5,3,2,2,0,5,19
9501329,2,2,0,0,2,0,0
9802296,0,0,0,0,0,0,0
9802279,1,1,0,0,0,1,3
9712283,4,4,0,0,4,0,0
9712363,6,1,5,14,0,6,20
9511383,0,0,0,0,0,0,0
7351,2,2,0,0,0,2,31
9304256,5,2,3,4,1,4,4
208012,7,3,4,6,0,7,104
110341,6,2,4,6,0,6,157
9806389,3,2,1,1,0,3,3
9609289,5,2,3,3,0,5,9
8165,3,2,1,1,0,3,10
211095,1,1,0,0,0,1,10
4137,10,2,8,17,5,5,14
206101,16,5,11,28,0,16,102
101335,27,6,21,54,0,27,150
9510452,1,1,0,0,1,0,0
9401335,2,1,1,1,2,0,0
9710239,3,2,1,1,0,3,6
9605289,2,2,0,0,2,0,0
9305227,4,3,1,1,4,0,0
9909245,10,1,9,18,0,10,57
2144,2,1,1,1,0,2,8
106055,7,5,2,2,0,7,29
9308358,3,1,2,2,0,3,3
9906329,2,1,1,1,1,1,2
110040,3,2,1,2,0,3,16
9610318,0,0,0,0,0,0,0
205068,5,2,3,3,0,5,84
10350,3,3,0,0,0,3,18
9703422,13,8,5,7,0,13,72
9309270,4,3,1,1,3,1,1
9209216,1,1,0,0,1,0,0
9406378,9,3,6,12,1,8,15
9807400,7,3,4,4,3,4,5
9805370,3,1,2,3,0,3,9
9909423,14,3,11,30,2,12,70
9909312,4,4,0,0,0,4,11
9707248,2,1,1,1,0,2,5
210170,0,0,0,0,0,0,0
1157,4,2,2,2,0,4,76
9801225,2,2,0,0,0,2,4
9908482,4,3,1,1,0,4,18
9301291,6,5,1,1,6,0,0
9510282,1,1,0,0,0,1,2
107264,2,2,0,0,0,2,24
101110,4,1,3,4,0,4,26
9306336,1,1,0,0,1,0,0
9610503,2,2,0,0,0,2,4
9607357,0,0,0,0,0,0,0
9603430,33,6,27,183,8,25,25
109275,3,2,1,1,0,3,7
9611430,3,1,2,3,0,3,5
9610535,1,1,0,0,0,1,2
201214,1,1,0,0,1,0,0
9905243,2,2,0,0,1,1,2
9810470,3,2,1,1,1,2,4
105173,1,1,0,0,0,1,3
107099,11,1,10,23,3,8,54
208089,6,2,4,10,0,6,92
6024,17,7,10,15,3,14,24
9809269,2,2,0,0,0,2,5
101172,3,2,1,1,1,2,9
210323,5,4,1,2,0,5,186
9403328,1,1,0,0,1,0,0
9805318,14,4,10,26,3,11,112
9807402,3,2,1,1,0,3,5
103149,6,4,2,3,3,3,7
9411439,5,3,2,2,1,4,8
9607263,5,1,4,7,0,5,10
9810297,7,2,5,11,0,7,77
9402221,23,4,19,87,21,2,2
5230,2,2,0,0,1,1,2
9812313,3,2,1,2,0,3,16
9503473,13,1,12,32,13,0,0
9907318,2,2,0,0,1,1,3
4184,7,3,4,8,0,7,30
212270,7,4,3,4,0,7,53
7340,8,3,5,9,0,8,45
201159,0,0,0,0,0,0,0
9408351,1,1,0,0,1,0,0
9605350,1,1,0,0,1,0,0
9902378,1,1,0,0,0,1,1
9709317,1,1,0,0,0,1,10
9505358,10,1,9,22,2,8,16
9702369,0,0,0,0,0,0,0
108010,4,3,1,1,3,1,3
204227,0,0,0,0,0,0,0
106218,1,1,0,0,0,1,4
9604397,1,1,0,0,0,1,4
6276,2,2,0,0,2,0,0
205098,2,1,1,1,0,2,13
9809245,9,1,8,20,0,9,44
9301205,4,3,1,1,4,0,0
9812417,7,1,6,20,4,3,3
9503312,1,1,0,0,1,0,0
9908329,2,2,0,0,0,2,6
9708347,0,0,0,0,0,0,0
9704422,3,1,2,2,1,2,2
9511347,7,3,4,11,0,7,13
9607424,5,2,3,4,1,4,4
9806284,2,1,1,1,0,2,5
9901290,1,1,0,0,0,1,4
9406424,5,4,1,1,5,0,0
109177,4,3,1,1,1,3,6
9808477,3,3,0,0,0,3,9
10010,2,2,0,0,0,2,15
9808234,3,3,0,0,0,3,3
9409283,1,1,0,0,1,0,0
9811488,1,1,0,0,1,0,0
209149,1,1,0,0,1,0,0
4196,1,1,0,0,0,1,3
8230,0,0,0,0,0,0,0
9510247,1,1,0,0,0,1,3
9503477,11,3,8,12,8,3,3
9411315,0,0,0,0,0,0,0
206079,5,3,2,2,0,5,50
1098,5,3,2,3,0,5,20
202025,0,0,0,0,0,0,0
9512213,4,2,2,2,0,4,35
204258,9,3,6,11,0,9,39
9909504,4,4,0,0,0,4,21
9708397,5,2,3,5,5,0,0
107187,4,1,3,4,0,4,53
9503216,0,0,0,0,0,0,0
9407230,1,1,0,0,1,0,0
9908265,19,7,12,40,0,19,178
9507410,1,1,0,0,0,1,8
9806327,4,2,2,2,4,0,0
9212211,2,2,0,0,2,0,0
201284,3,2,1,1,0,3,28
105206,2,2,0,0,2,0,0
9401296,1,1,0,0,0,1,1
9405332,9,8,1,1,3,6,6
209043,4,2,2,4,0,4,48
9311217,4,3,1,3,4,0,0
9908379,1,1,0,0,0,1,3
9912362,0,0,0,0,0,0,0
108244,9,4,5,7,0,9,91
9907276,2,2,0,0,0,2,8
9709332,2,2,0,0,2,0,0
109222,2,1,1,1,0,2,2
9171,1,1,0,0,0,1,5
9808313,3,1,2,3,0,3,30
201310,1,1,0,0,0,1,9
9304306,1,1,0,0,1,0,0
9912352,1,1,0,0,0,1,5
9602359,15,3,12,30,15,0,0
9402354,0,0,0,0,0,0,0
9803296,2,1,1,1,0,2,5
9608222,4,2,2,3,0,4,13
9602330,2,1,1,1,2,0,0
9709221,6,2,4,8,0,6,23
9909335,0,0,0,0,0,0,0
210154,0,0,0,0,0,0,0
201034,1,1,0,0,0,1,4
9209284,1,1,0,0,1,0,0
9503348,0,0,0,0,0,0,0
9908338,4,2,2,3,4,0,0
101047,0,0,0,0,0,0,0
9902311,1,1,0,0,0,1,2
9709418,1,1,0,0,0,1,3
9207267,3,2,1,1,3,0,0
7284,2,2,0,0,2,0,0
1241,0,0,0,0,0,0,0
9406281,5,4,1,1,2,3,3
9501302,0,0,0,0,0,0,0
10094,0,0,0,0,0,0,0
9608283,1,1,0,0,0,1,3
9908467,5,1,4,5,1,4,7
9608478,9,3,6,12,9,0,0
9503412,4,1,3,6,0,4,15
9702407,3,2,1,1,1,2,4
203168,1,1,0,0,1,0,0
9910206,5,1,4,6,0,5,8
111450,0,0,0,0,0,0,0
9903325,5,2,3,5,0,5,11
105285,1,1,0,0,0,1,5
9705349,2,2,0,0,2,0,0
108072,1,1,0,0,0,1,7
9211205,2,1,1,1,2,0,0
9907348,2,1,1,1,2,0,0
12216,3,3,0,0,3,0,0
12160,1,1,0,0,1,0,0
105013,1,1,0,0,0,1,7
7070,1,1,0,0,0,1,1
9408368,1,1,0,0,0,1,1
9610336,3,1,2,3,0,3,19
206216,2,1,1,1,0,2,26
111234,4,1,3,5,0,4,36
6306,5,3,2,3,2,3,6
9265,8,4,4,7,0,8,22
2166,12,5,7,20,1,11,102
9806273,1,1,0,0,0,1,17
108128,1,1,0,0,0,1,12
10050,0,0,0,0,0,0,0
109212,4,1,3,4,0,4,8
9902223,6,3,3,5,0,6,44
9704292,3,1,2,3,2,1,2
1269,1,1,0,0,0,1,9
110141,0,0,0,0,0,0,0
4257,1,1,0,0,0,1,2
106090,3,2,1,1,0,3,22
302034,2,2,0,0,1,1,3
9810506,1,1,0,0,0,1,5
209174,4,2,2,3,0,4,66
201152,5,2,3,3,0,5,13
9702303,1,1,0,0,0,1,2
102068,5,1,4,6,0,5,14
9302276,0,0,0,0,0,0,0
9707522,0,0,0,0,0,0,0
204162,1,1,0,0,0,1,1
9708414,1,1,0,0,1,0,0
4162,1,1,0,0,0,1,9
111271,3,3,0,0,0,3,3
111173,1,1,0,0,0,1,1
9711495,2,1,1,1,2,0,0
9808361,5,3,2,3,1,4,8
9607441,0,0,0,0,0,0,0
9710394,6,4,2,2,6,0,0
9407318,0,0,0,0,0,0,0
9903222,8,3,5,8,1,7,7
9901332,10,2,8,25,9,1,1
9405416,2,2,0,0,1,1,1
10339,0,0,0,0,0,0,0
107176,3,3,0,0,0,3,15
1149,3,2,1,1,1,2,2
212181,2,2,0,0,0,2,7
9712533,4,2,2,2,0,4,6
202242,0,0,0,0,0,0,0
209051,3,1,2,2,0,3,21
9908211,1,1,0,0,0,1,2
9608259,2,2,0,0,0,2,11
9806208,0,0,0,0,0,0,0
9612330,0,0,0,0,0,0,0
9502344,0,0,0,0,0,0,0
9710326,3,1,2,3,0,3,12
9608326,0,0,0,0,0,0,0
103144,1,1,0,0,0,1,6
302203,0,0,0,0,0,0,0
11272,3,2,1,1,2,1,17
9810290,2,2,0,0,0,2,2
9708389,1,1,0,0,0,1,2
211038,1,1,0,0,0,1,4
9609288,0,0,0,0,0,0,0
9911227,3,2,1,1,2,1,2
7305,5,1,4,6,0,5,17
8212,1,1,0,0,0,1,2
208197,0,0,0,0,0,0,0
1106,0,0,0,0,0,0,0
9706263,0,0,0,0,0,0,0
9606349,2,2,0,0,2,0,0
9097,3,3,0,0,1,2,2
9502342,4,2,2,2,0,4,12
204257,1,1,0,0,0,1,1
9511297,2,1,1,1,2,0,0
112184,7,1,6,11,0,7,59
9404273,3,2,1,1,1,2,10
103176,1,1,0,0,1,0,0
9609452,1,1,0,0,1,0,0
204018,0,0,0,0,0,0,0
107070,0,0,0,0,0,0,0
206145,1,1,0,0,0,1,2
9809422,0,0,0,0,0,0,0
9909451,3,2,1,1,0,3,8
9512391,0,0,0,0,0,0,0
9905327,0,0,0,0,0,0,0
8179,0,0,0,0,0,0,0
208191,2,2,0,0,0,2,10
9507305,3,1,2,3,0,3,5
106121,2,1,1,1,2,0,0
9504383,2,2,0,0,0,2,10
209368,1,1,0,0,0,1,1
9214,2,2,0,0,0,2,12
9811419,0,0,0,0,0,0,0
9707411,2,2,0,0,1,1,3
9810420,3,2,1,1,0,3,4
9705367,3,3,0,0,3,0,0
9510317,0,0,0,0,0,0,0
9508363,0,0,0,0,0,0,0
208265,2,2,0,0,0,2,9
101077,1,1,0,0,0,1,3
9708449,0,0,0,0,0,0,0
4147,2,2,0,0,2,0,0
9502292,2,1,1,1,2,0,0
205293,2,2,0,0,0,2,3
9301208,1,1,0,0,1,0,0
205069,1,1,0,0,0,1,5
301125,0,0,0,0,0,0,0
107093,1,1,0,0,0,1,1
9607387,1,1,0,0,0,1,5
9507421,3,1,2,2,2,1,2
9401233,3,3,0,0,3,0,0
206284,3,1,2,2,0,3,21
1120,2,2,0,0,0,2,8
103233,4,4,0,0,0,4,4
9502267,0,0,0,0,0,0,0
9711507,1,1,0,0,1,0,0
212104,0,0,0,0,0,0,0
209013,0,0,0,0,0,0,0
212278,0,0,0,0,0,0,0
1020,1,1,0,0,1,0,0
106144,0,0,0,0,0,0,0
209191,1,1,0,0,0,1,19
9612314,7,1,6,15,7,0,0
9603293,1,1,0,0,1,0,0
106285,0,0,0,0,0,0,0
9803435,2,1,1,1,2,0,0
202137,0,0,0,0,0,0,0
9911251,1,1,0,0,0,1,3
9510409,1,1,0,0,0,1,2
9809255,6,3,3,5,6,0,0
9612242,1,1,0,0,0,1,1
202065,0,0,0,0,0,0,0
9702221,3,1,2,3,1,2,5
9503451,0,0,0,0,0,0,0
204312,0,0,0,0,0,0,0
9807559,4,2,2,3,1,3,5
105247,2,2,0,0,0,2,6
9908303,0,0,0,0,0,0,0
9712431,2,1,1,1,1,1,3
210329,0,0,0,0,0,0,0
106253,2,1,1,1,0,2,14
211029,0,0,0,0,0,0,0
1298,0,0,0,0,0,0,0
104175,2,2,0,0,2,0,0
9903367,3,2,1,1,0,3,16
12105,0,0,0,0,0,0,0
9505273,7,4,3,4,0,7,7
1141,1,1,0,0,0,1,2
209031,0,0,0,0,0,0,0
9509224,1,1,0,0,1,0,0
9810306,2,2,0,0,0,2,2
9611416,1,1,0,0,0,1,2
212166,2,1,1,1,0,2,31
9607305,1,1,0,0,1,0,0
9706291,0,0,0,0,0,0,0
9608436,1,1,0,0,0,1,3
9904412,0,0,0,0,0,0,0
9409280,3,2,1,1,3,0,0
109183,0,0,0,0,0,0,0
9410370,2,2,0,0,1,1,4
301095,1,1,0,0,0,1,5
9907260,1,1,0,0,0,1,3
9606232,0,0,0,0,0,0,0
108156,0,0,0,0,0,0,0
9905308,3,2,1,1,0,3,9
9709475,0,0,0,0,0,0,0
301113,0,0,0,0,0,0,0
2023,3,1,2,3,0,3,16
211460,0,0,0,0,0,0,0
9912406,1,1,0,0,1,0,0
9711267,0,0,0,0,0,0,0
9708260,1,1,0,0,1,0,0
9806483,1,1,0,0,1,0,0
112243,0,0,0,0,0,0,0
9906315,0,0,0,0,0,0,0
9404329,0,0,0,0,0,0,0
9608414,0,0,0,0,0,0,0
201268,0,0,0,0,0,0,0
9503416,3,2,1,1,3,0,0
9503243,1,1,0,0,1,0,0
110094,1,1,0,0,0,1,1
302007,0,0,0,0,0,0,0
9607460,0,0,0,0,0,0,0
9902388,0,0,0,0,0,0,0
112292,1,1,0,0,0,1,3
8119,1,1,0,0,1,0,0
9404363,1,1,0,0,1,0,0
9805505,0,0,0,0,0,0,0
9607229,1,1,0,0,0,1,2
9804409,1,1,0,0,1,0,0
7326,3,1,2,2,0,3,40
112043,2,2,0,0,0,2,2
9911225,2,1,1,1,0,2,6
106019,6,2,4,10,0,6,13
6155,0,0,0,0,0,0,0
9911261,0,0,0,0,0,0,0
104281,1,1,0,0,0,1,3
7141,0,0,0,0,0,0,0
205031,2,1,1,1,0,2,8
9807518,3,1,2,3,1,2,2
9410410,1,1,0,0,1,0,0
9409241,1,1,0,0,0,1,3
210351,0,0,0,0,0,0,0
9712423,0,0,0,0,0,0,0
12249,0,0,0,0,0,0,0
104139,0,0,0,0,0,0,0
9809297,0,0,0,0,0,0,0
9412271,4,1,3,4,4,0,0
206223,3,1,2,2,0,3,19
9708442,0,0,0,0,0,0,0
9709463,0,0,0,0,0,0,0
9910322,0,0,0,0,0,0,0
9612240,0,0,0,0,0,0,0
8050,0,0,0,0,0,0,0
9153,0,0,0,0,0,0,0
9611226,1,1,0,0,1,0,0
206186,1,1,0,0,0,1,5
109265,5,3,2,2,0,5,26
9506308,0,0,0,0,0,0,0
9706241,0,0,0,0,0,0,0
207311,1,1,0,0,0,1,2
108011,0,0,0,0,0,0,0
9311295,0,0,0,0,0,0,0
106181,1,1,0,0,0,1,17
110165,0,0,0,0,0,0,0
9307215,1,1,0,0,1,0,0
210288,1,1,0,0,0,1,10
109116,0,0,0,0,0,0,0
9404215,2,2,0,0,2,0,0
106332,0,0,0,0,0,0,0
9912486,1,1,0,0,0,1,3
9611436,0,0,0,0,0,0,0
208047,0,0,0,0,0,0,0
204182,1,1,0,0,0,1,2
212004,0,0,0,0,0,0,0
302167,0,0,0,0,0,0,0
209261,0,0,0,0,0,0,0
11030,0,0,0,0,0,0,0
9508376,0,0,0,0,0,0,0
9910478,1,1,0,0,1,0,0
9602339,0,0,0,0,0,0,0
211330,0,0,0,0,0,0,0
9703362,0,0,0,0,0,0,0
9708388,4,3,1,2,4,0,0
112309,0,0,0,0,0,0,0
9305202,2,2,0,0,2,0,0
212313,0,0,0,0,0,0,0
9404314,0,0,0,0,0,0,0
110025,1,1,0,0,0,1,4
9803395,0,0,0,0,0,0,0
9502303,1,1,0,0,1,0,0
9909483,0,0,0,0,0,0,0
4261,0,0,0,0,0,0,0
101174,0,0,0,0,0,0,0
1258,1,1,0,0,0,1,6
10180,1,1,0,0,0,1,8
9412202,1,1,0,0,1,0,0
112064,0,0,0,0,0,0,0
110290,1,1,0,0,0,1,1
204197,0,0,0,0,0,0,0
9708202,0,0,0,0,0,0,0
9510265,0,0,0,0,0,0,0
9901434,0,0,0,0,0,0,0
106173,0,0,0,0,0,0,0
9905496,1,1,0,0,0,1,6
204267,2,1,1,1,2,0,0
9911285,0,0,0,0,0,0,0
7290,0,0,0,0,0,0,0
9402211,0,0,0,0,0,0,0
212169,1,1,0,0,0,1,7
7249,0,0,0,0,0,0,0
9074,1,1,0,0,0,1,3
9901248,2,1,1,1,2,0,0
8198,0,0,0,0,0,0,0
109153,0,0,0,0,0,0,0
9803233,0,0,0,0,0,0,0
212031,0,0,0,0,0,0,0
9802327,0,0,0,0,0,0,0
9507207,0,0,0,0,0,0,0
9710457,0,0,0,0,0,0,0
9508256,0,0,0,0,0,0,0
108208,0,0,0,0,0,0,0
111056,0,0,0,0,0,0,0
109164,0,0,0,0,0,0,0
9510395,0,0,0,0,0,0,0
212045,0,0,0,0,0,0,0
109141,1,1,0,0,0,1,1
9910463,0,0,0,0,0,0,0
109057,1,1,0,0,0,1,4
201167,0,0,0,0,0,0,0
208010,1,1,0,0,1,0,0
9810326,0,0,0,0,0,0,0
9405203,0,0,0,0,0,0,0
204226,0,0,0,0,0,0,0
9904462,0,0,0,0,0,0,0
9509202,1,1,0,0,1,0,0
301181,0,0,0,0,0,0,0
205140,0,0,0,0,0,0,0
9801441,0,0,0,0,0,0,0
9071,0,0,0,0,0,0,0
206031,0,0,0,0,0,0,0
9076,0,0,0,0,0,0,0
9912203,1,1,0,0,0,1,1
9908272,0,0,0,0,0,0,0
4168,0,0,0,0,0,0,0
205096,0,0,0,0,0,0,0
111407,0,0,0,0,0,0,0
210424,0,0,0,0,0,0,0
9902306,0,0,0,0,0,0,0
9907463,0,0,0,0,0,0,0
112323,0,0,0,0,0,0,0
12126,2,1,1,1,2,0,0
9710318,0,0,0,0,0,0,0
9912347,0,0,0,0,0,0,0
7057,0,0,0,0,0,0,0
9710299,0,0,0,0,0,0,0
301025,0,0,0,0,0,0,0
103222,1,1,0,0,0,1,1
9018,3,2,1,1,2,1,1
9909252,2,1,1,1,0,2,8
9510278,0,0,0,0,0,0,0
9701239,0,0,0,0,0,0,0
212268,0,0,0,0,0,0,0
211249,0,0,0,0,0,0,0
9705472,0,0,0,0,0,0,0
9808418,0,0,0,0,0,0,0
9912480,0,0,0,0,0,0,0
301138,0,0,0,0,0,0,0
9812466,1,1,0,0,1,0,0
9709489,0,0,0,0,0,0,0
9002,0,0,0,0,0,0,0
112171,0,0,0,0,0,0,0
9902224,1,1,0,0,1,0,0
2027,0,0,0,0,0,0,0
9506300,0,0,0,0,0,0,0
9307332,0,0,0,0,0,0,0
302063,0,0,0,0,0,0,0
112201,0,0,0,0,0,0,0
9709201,1,1,0,0,1,0,0
9611390,0,0,0,0,0,0,0
9609464,0,0,0,0,0,0,0
9502343,0,0,0,0,0,0,0
9909339,1,1,0,0,1,0,0
9609513,0,0,0,0,0,0,0
208190,0,0,0,0,0,0,0
211184,0,0,0,0,0,0,0
205307,1,1,0,0,0,1,6
9708422,0,0,0,0,0,0,0
9712510,0,0,0,0,0,0,0
9707325,0,0,0,0,0,0,0
9907252,0,0,0,0,0,0,0
10011,1,1,0,0,0,1,12
302008,0,0,0,0,0,0,0
9606322,0,0,0,0,0,0,0
9812315,0,0,0,0,0,0,0
9502228,0,0,0,0,0,0,0
9405354,0,0,0,0,0,0,0
111049,0,0,0,0,0,0,0
211189,0,0,0,0,0,0,0
9705247,0,0,0,0,0,0,0
9709220,0,0,0,0,0,0,0
2025,0,0,0,0,0,0,0
207349,0,0,0,0,0,0,0
212145,0,0,0,0,0,0,0
9610442,0,0,0,0,0,0,0
2296,0,0,0,0,0,0,0
210400,0,0,0,0,0,0,0
111232,0,0,0,0,0,0,0
9506249,0,0,0,0,0,0,0
301211,0,0,0,0,0,0,0
9809536,0,0,0,0,0,0,0
2037,0,0,0,0,0,0,0
104171,0,0,0,0,0,0,0
9306215,1,1,0,0,1,0,0
212216,0,0,0,0,0,0,0
9809416,0,0,0,0,0,0,0
9708479,1,1,0,0,0,1,4
2269,0,0,0,0,0,0,0
9702335,0,0,0,0,0,0,0
9702439,0,0,0,0,0,0,0
205004,0,0,0,0,0,0,0
9711383,0,0,0,0,0,0,0
209345,0,0,0,0,0,0,0
2031,0,0,0,0,0,0,0
201124,0,0,0,0,0,0,0
9329,0,0,0,0,0,0,0
209163,0,0,0,0,0,0,0
9612392,0,0,0,0,0,0,0
9510444,0,0,0,0,0,0,0
209291,0,0,0,0,0,0,0
211117,0,0,0,0,0,0,0
210201,1,1,0,0,0,1,6
208245,0,0,0,0,0,0,0
211126,0,0,0,0,0,0,0
9609332,0,0,0,0,0,0,0
9309288,0,0,0,0,0,0,0
101330,0,0,0,0,0,0,0
9211279,1,1,0,0,1,0,0
9805401,0,0,0,0,0,0,0
207088,0,0,0,0,0,0,0
9608260,0,0,0,0,0,0,0
9711317,0,0,0,0,0,0,0
9304224,0,0,0,0,0,0,0
9311333,0,0,0,0,0,0,0
9505235,21,4,17,54,21,0,0
9211321,72,11,61,614,72,0,0
12271,16,4,12,23,0,16,60
9905312,183,12,171,1304,110,73,85
9910236,14,3,11,28,0,14,136
9301212,28,13,15,41,2,26,26
9609437,13,2,11,19,1,12,51
9403283,36,4,32,134,17,19,22
112313,1,1,0,0,0,1,1
9506351,19,2,17,47,14,5,9
9805372,2,1,1,1,0,2,6
7020,2,2,0,0,0,2,6
9410233,9,4,5,9,0,9,43
9805254,47,6,41,163,0,47,188
9207258,8,3,5,10,8,0,0
9804235,26,6,20,57,8,18,86
110340,5,3,2,2,1,4,12
9804233,122,3,119,1191,15,107,224
9509305,1,1,0,0,0,1,2
9502291,44,12,32,109,4,40,86
9409388,41,2,39,191,27,14,14
9308325,37,10,27,108,37,0,0
9311306,46,11,35,142,19,27,35
9604218,13,5,8,10,11,2,2
9812360,81,16,65,252,10,71,418
9902460,2,2,0,0,1,1,4
9504222,32,3,29,114,5,27,42
9712488,41,3,38,205,22,19,22
9901243,35,5,30,84,2,33,231
9608311,23,5,18,46,2,21,37
9505395,22,2,20,56,18,4,6
9807315,12,2,10,37,11,1,1
9602383,7,3,4,9,1,6,12
9712291,25,2,23,93,0,25,70
9805368,6,2,4,7,0,6,58
104091,12,3,9,16,0,12,66
9405374,4,3,1,1,0,4,5
9604444,21,2,19,74,0,21,84
9605377,11,2,9,10,0,11,95
9305268,1,1,0,0,1,0,0
9609431,15,6,9,20,0,15,61
9501247,20,4,16,33,2,18,34
9908451,7,3,4,8,0,7,65
9511444,15,3,12,37,0,15,62
9204225,52,13,39,146,52,0,0
9504327,123,5,118,1116,7,116,414
9612446,85,8,77,550,2,83,691
3238,34,8,26,129,0,34,624
9711246,89,2,87,888,2,87,525
9503479,15,4,11,21,5,10,31
9612468,22,1,21,91,0,22,111
9707537,25,4,21,60,0,25,224
9301273,8,5,3,3,8,0,0
9807447,22,4,18,37,1,21,126
110124,5,2,3,6,0,5,14
9905520,15,3,12,25,1,14,140
9309203,10,3,7,11,1,9,9
9605441,30,4,26,98,1,29,40
9506374,77,3,74,711,21,56,125
101276,18,4,14,51,0,18,171
9404241,6,1,5,7,0,6,9
9703391,7,6,1,2,1,6,20
9601377,12,2,10,27,0,12,20
9612480,35,4,31,93,2,33,130
9502378,23,3,20,89,17,6,6
9604238,1,1,0,0,1,0,0
9601382,4,3,1,2,0,4,7
9403219,62,6,56,330,2,60,160
9505241,9,1,8,15,1,8,33
9808492,2,2,0,0,0,2,2
9605323,77,13,64,454,11,66,219
9607309,9,2,7,15,1,8,35
9512327,18,2,16,66,12,6,6
9612235,30,2,28,124,4,26,84
9410411,6,3,3,5,6,0,0
9711303,1,1,0,0,0,1,1
9806317,15,3,12,29,0,15,85
9501214,29,7,22,113,22,7,7
9411321,4,1,3,3,0,4,8
9312274,11,4,7,15,11,0,0
9503486,37,15,22,43,14,23,101
9804227,59,1,58,414,4,55,215
9410293,22,7,15,63,1,21,89
9902315,11,3,8,23,0,11,84
9408306,51,5,46,245,3,48,262
9312235,33,6,27,135,33,0,0
9411375,5,2,3,4,1,4,9
9710364,14,1,13,47,1,13,26
9410218,13,1,12,29,12,1,1
9409269,18,1,17,54,1,17,28
9308232,36,5,31,104,36,0,0
4046,5,3,2,5,0,5,50
9810313,25,3,22,135,0,25,129
9302298,10,3,7,21,10,0,0
9908269,13,1,12,28,6,7,16
9610400,72,3,69,504,1,71,201
9812289,19,7,12,20,0,19,98
9805341,12,2,10,34,7,5,5
9902241,3,2,1,1,0,3,12
9601385,4,3,1,1,0,4,13
102047,56,10,46,141,0,56,525
1318,18,2,16,45,0,18,125
9212295,12,5,7,11,2,10,26
9908235,25,3,22,120,0,25,166
9173,17,6,11,16,0,17,254
202089,17,2,15,78,0,17,21
9902381,17,1,16,37,0,17,54
9211226,6,1,5,7,0,6,6
9712234,14,1,13,44,4,10,11
9809582,57,2,55,285,0,57,278
9402226,3,1,2,2,1,2,5
9802271,5,2,3,5,0,5,39
9705386,13,3,10,22,10,3,3
9607241,13,3,10,22,1,12,43
9607448,14,1,13,53,14,0,0
9504382,3,2,1,1,1,2,4
9311372,48,9,39,250,43,5,9
9905542,28,3,25,124,4,24,120
9711506,1,1,0,0,1,0,0
9810471,31,4,27,144,0,31,113
9605325,15,6,9,22,0,15,75
9709485,4,2,2,2,0,4,6
9705414,26,5,21,58,0,26,396
9412248,9,9,0,0,9,0,0
9204238,16,5,11,35,16,0,0
9505238,8,5,3,9,0,8,71
9710512,8,3,5,6,0,8,43
205102,8,2,6,11,0,8,101
9304265,19,5,14,45,3,16,19
5159,7,2,5,12,0,7,91
9709510,7,1,6,13,1,6,6
9804213,1,1,0,0,0,1,2
9806216,3,2,1,1,0,3,8
9402310,17,5,12,42,0,17,41
9911307,1,1,0,0,0,1,6
9909497,16,1,15,42,0,16,94
9411444,22,4,18,57,1,21,32
9808459,47,3,44,274,6,41,105
112117,41,6,35,111,0,41,189
9402215,10,2,8,14,6,4,4
9910465,19,3,16,38,1,18,48
9707546,24,2,22,106,1,23,97
2293,33,8,25,135,4,29,136
9912282,4,2,2,3,0,4,28
9603353,10,3,7,10,3,7,11
9909203,59,2,57,386,0,59,586
105331,0,0,0,0,0,0,0
6154,30,3,27,156,3,27,95
9711203,2,2,0,0,1,1,1
9706334,19,6,13,23,0,19,84
9511358,6,3,3,4,2,4,7
9903298,50,6,44,256,0,50,259
9812489,53,5,48,272,0,53,544
9609234,1,1,0,0,0,1,1
1161,7,3,4,7,0,7,17
104178,9,3,6,13,0,9,189
110083,14,2,12,31,0,14,183
9807528,17,6,11,31,0,17,96
112161,24,1,23,118,0,24,180
109184,6,2,4,7,0,6,29
9912498,34,2,32,166,0,34,248
9501249,4,4,0,0,2,2,2
9505210,5,2,3,3,1,4,7
106165,2,2,0,0,0,2,26
10103,6,3,3,3,0,6,58
9212301,39,6,33,117,39,0,0
9909480,41,3,38,139,1,40,317
5009,4,1,3,4,0,4,11
9707462,5,4,1,1,0,5,27
9211328,17,2,15,68,17,0,0
9410384,26,5,21,62,21,5,5
9312347,13,5,8,12,1,12,27
9904450,7,1,6,11,0,7,28
2263,3,3,0,0,0,3,11
12204,7,5,2,2,0,7,29
9410310,32,3,29,98,23,9,11
9502360,16,5,11,23,11,5,5
7315,29,1,28,132,0,29,192
9808215,6,2,4,8,0,6,21
9509375,57,3,54,271,1,56,344
9601283,4,3,1,1,0,4,13
9506450,6,6,0,0,0,6,20
9406256,17,6,11,22,10,7,12
9601361,6,1,5,8,1,5,9
9406373,11,1,10,36,10,1,1
9508369,2,2,0,0,0,2,7
110020,9,3,6,17,0,9,118
9302244,18,5,13,41,18,0,0
2264,7,1,6,8,1,6,30
9509361,9,1,8,31,0,9,19
9307231,3,2,1,1,3,0,0
9409428,3,2,1,1,0,3,4
9601388,17,6,11,22,11,6,6
9402214,17,2,15,45,1,16,16
8102,25,9,16,44,0,25,271
9145,21,9,12,36,0,21,162
9712352,8,4,4,5,8,0,0
9608374,6,5,1,1,0,6,13
105324,13,3,10,25,0,13,37
9804337,16,5,11,25,0,16,68
9603366,56,17,39,121,8,48,70
9607442,6,2,4,6,0,6,23
9604210,3,3,0,0,0,3,31
9906321,3,1,2,2,0,3,9
9512404,76,3,73,366,1,75,234
9606323,17,3,14,38,2,15,22
5129,26,4,22,65,0,26,168
9611207,28,1,27,85,1,27,57
9503266,25,9,16,55,13,12,21
9802307,4,3,1,1,1,3,3
9506357,21,3,18,73,0,21,81
9609231,10,4,6,15,0,10,12
9408265,19,7,12,45,7,12,19
9812348,10,3,7,17,1,9,34
9606335,3,3,0,0,1,2,3
9606202,5,3,2,3,0,5,5
9802214,3,2,1,1,1,2,3
9303282,3,1,2,2,0,3,9
9502313,10,3,7,18,0,10,34
9706298,18,3,15,39,0,18,246
9407372,17,2,15,51,12,5,5
9706332,3,2,1,1,0,3,27
9909540,20,3,17,62,0,20,219
9809499,1,1,0,0,0,1,3
5173,12,7,5,14,4,8,11
9912295,20,5,15,33,1,19,111
9705242,31,3,28,157,14,17,25
9506276,2,1,1,1,0,2,12
9801204,8,2,6,10,1,7,44
9809547,18,2,16,41,0,18,119
110377,7,2,5,13,0,7,27
9912545,1,1,0,0,0,1,4
9711426,8,3,5,7,7,1,1
9805484,8,6,2,2,1,7,126
106352,7,1,6,17,0,7,47
5203,2,2,0,0,2,0,0
9802423,2,2,0,0,0,2,2
2050,19,4,15,58,1,18,230
9902449,33,3,30,89,1,32,113
9703341,6,2,4,9,0,6,75
9308276,34,6,28,114,28,6,6
7062,1,1,0,0,1,0,0
9602302,24,6,18,68,0,24,116
9503246,2,2,0,0,0,2,2
5191,23,1,22,98,23,0,0
9801411,15,1,14,28,2,13,17
106245,19,6,13,44,0,19,116
103064,19,3,16,70,0,19,241
9901384,44,14,30,99,0,44,194
9507429,19,3,16,62,19,0,0
9602282,2,2,0,0,0,2,6
9508275,35,1,34,228,21,14,14
110121,21,3,18,67,0,21,119
9406347,13,6,7,15,13,0,0
9705236,22,4,18,74,0,22,275
9802251,17,4,13,37,1,16,87
3271,5,2,3,5,0,5,16
109077,9,5,4,5,1,8,39
9504334,10,3,7,15,1,9,10
9609265,7,6,1,3,0,7,18
5147,6,3,3,3,6,0,0
9504215,14,3,11,25,10,4,9
112057,4,1,3,4,0,4,15
9605238,7,2,5,20,0,7,20
9206235,1,1,0,0,1,0,0
9710275,5,3,2,3,2,3,9
9606217,17,1,16,45,3,14,28
9506448,23,3,20,68,1,22,33
8265,0,0,0,0,0,0,0
9711344,7,3,4,5,0,7,8
9806437,20,7,13,30,2,18,98
108268,12,5,7,15,1,11,47
9506292,7,5,2,3,3,4,4
9509267,6,4,2,2,3,3,6
207183,2,2,0,0,0,2,6
9603335,12,5,7,12,0,12,48
9606474,13,1,12,64,1,12,76
9806511,2,1,1,1,2,0,0
9504278,5,1,4,5,4,1,1
9906325,3,3,0,0,0,3,6
106086,6,2,4,4,0,6,17
109257,7,3,4,10,3,4,4
9812248,2,2,0,0,0,2,15
9507341,3,1,2,2,0,3,6
5292,14,9,5,7,0,14,92
9610533,6,2,4,6,0,6,20
9812501,4,2,2,3,0,4,16
207031,1,1,0,0,0,1,4
9910365,11,9,2,2,0,11,36
9812519,0,0,0,0,0,0,0
9706511,26,3,23,66,1,25,71
9912511,6,2,4,7,0,6,25
9609359,1,1,0,0,0,1,5
9703434,22,2,20,68,4,18,38
104174,9,2,7,16,0,9,115
9506391,13,4,9,17,3,10,18
9406213,4,1,3,6,4,0,0
103100,5,1,4,6,0,5,35
9606201,10,3,7,13,4,6,7
9702266,12,2,10,31,0,12,33
9802329,16,3,13,29,1,15,45
9912528,2,2,0,0,1,1,2
9903484,3,3,0,0,0,3,5
210251,3,3,0,0,0,3,58
9707540,13,4,9,27,0,13,156
9303322,7,4,3,8,2,5,5
9803460,31,3,28,120,2,29,132
9905407,9,4,5,10,0,9,51
9902250,16,6,10,18,7,9,21
9605439,28,2,26,101,6,22,22
9709394,7,4,3,5,0,7,23
204291,8,2,6,12,0,8,25
9402286,18,5,13,26,18,0,0
9812499,17,4,13,36,1,16,48
208132,5,3,2,2,0,5,46
9911421,12,6,6,10,12,0,0
204071,3,2,1,1,0,3,22
9702286,7,2,5,10,0,7,21
9609245,12,3,9,20,1,11,32
9610441,1,1,0,0,0,1,6
2286,5,3,2,3,0,5,48
9509345,2,2,0,0,0,2,6
206060,9,2,7,23,0,9,88
9712445,19,3,16,32,1,18,59
9603251,3,2,1,1,1,2,8
9404220,11,1,10,36,10,1,2
9709345,4,1,3,4,0,4,18
9706411,13,2,11,27,0,13,13
9910438,28,7,21,60,0,28,212
9905539,11,1,10,25,0,11,42
9903248,1,1,0,0,0,1,1
9404214,4,2,2,2,0,4,5
5313,7,4,3,9,0,7,40
112191,2,2,0,0,0,2,7
9404355,8,2,6,13,0,8,18
9705471,2,2,0,0,0,2,11
9710308,3,1,2,3,3,0,0
110262,10,4,6,13,3,7,7
9503235,8,8,0,0,8,0,0
9612366,1,1,0,0,0,1,2
202106,2,1,1,1,0,2,9
9508293,7,6,1,1,0,7,57
9809286,3,2,1,1,1,2,2
104245,12,2,10,25,0,12,152
104127,14,4,10,31,0,14,125
9501286,0,0,0,0,0,0,0
9803334,4,1,3,3,0,4,4
9701376,1,1,0,0,0,1,5
9901404,11,4,7,15,3,8,15
206081,0,0,0,0,0,0,0
9709319,7,2,5,9,0,7,103
9909388,16,4,12,32,0,16,64
9609522,1,1,0,0,0,1,1
9312229,6,2,4,5,5,1,1
9908469,2,2,0,0,0,2,26
9709369,10,3,7,15,0,10,23
9808206,4,2,2,3,0,4,8
9801242,4,2,2,3,0,4,16
202018,6,3,3,8,0,6,59
204043,2,1,1,1,0,2,2
9812467,22,4,18,59,0,22,114
9902337,13,5,8,21,1,12,25
106307,8,3,5,10,1,7,14
103147,3,3,0,0,0,3,17
9707510,25,10,15,49,0,25,159
206150,2,1,1,1,0,2,2
9402308,3,1,2,2,0,3,3
9611239,1,1,0,0,1,0,0
9907399,14,1,13,36,1,13,29
9610513,3,1,2,3,0,3,6
9602365,1,1,0,0,1,0,0
9512235,1,1,0,0,0,1,2
9805382,1,1,0,0,0,1,1
9908224,6,1,5,14,0,6,8
9906490,9,1,8,31,0,9,51
9812514,10,1,9,28,0,10,36
6292,1,1,0,0,0,1,4
9808368,20,8,12,32,2,18,66
2218,7,4,3,5,0,7,21
9508377,2,1,1,1,2,0,0
9503357,2,1,1,1,0,2,2
9411406,22,7,15,39,0,22,62
9908508,6,3,3,4,0,6,14
9607245,25,6,19,52,3,22,35
211018,4,1,3,3,0,4,24
9408359,17,3,14,43,17,0,0
9809215,7,2,5,17,0,7,28
9310270,2,2,0,0,2,0,0
9509210,3,3,0,0,0,3,18
9712551,21,6,15,33,2,19,81
9505388,4,1,3,6,0,4,16
208038,15,9,6,9,0,15,90
9149,6,3,3,3,0,6,28
9507310,2,2,0,0,0,2,2
9809272,5,2,3,3,0,5,17
9512262,5,4,1,2,5,0,0
8321,6,1,5,14,2,4,7
9601204,3,2,1,1,1,2,11
9807519,7,1,6,12,0,7,31
5162,8,4,4,9,0,8,51
9603416,3,3,0,0,0,3,6
109213,2,1,1,1,0,2,6
9610528,5,1,4,7,3,2,2
9903306,5,3,2,4,0,5,15
9408291,8,8,0,0,7,1,1
201107,2,1,1,1,0,2,13
101086,7,3,4,6,0,7,40
9802362,17,1,16,58,0,17,32
9810452,4,4,0,0,0,4,7
9710560,6,5,1,1,0,6,57
9704343,14,5,9,35,0,14,84
2216,27,4,23,69,0,27,137
9300,1,1,0,0,0,1,6
12021,4,3,1,1,1,3,5
9909267,6,1,5,5,0,6,14
9706530,24,9,15,27,4,20,108
5255,3,2,1,2,3,0,0
107270,2,1,1,1,0,2,13
9708358,12,7,5,12,0,12,64
10040,5,4,1,1,0,5,28
9906339,3,2,1,1,0,3,16
201026,4,2,2,2,1,3,8
9912451,28,4,24,88,0,28,387
203169,4,2,2,2,1,3,18
9812341,1,1,0,0,0,1,4
9810437,11,1,10,45,0,11,15
9512438,0,0,0,0,0,0,0
1112,6,1,5,11,0,6,6
210342,3,3,0,0,0,3,7
104116,6,3,3,4,5,1,2
9608338,4,4,0,0,0,4,13
107297,3,3,0,0,1,2,7
101166,1,1,0,0,0,1,5
9509359,3,3,0,0,1,2,6
9603325,5,1,4,7,5,0,0
9809409,9,3,6,11,2,7,28
208016,13,2,11,40,1,12,39
9412228,1,1,0,0,0,1,3
3291,1,1,0,0,0,1,1
9403268,2,2,0,0,0,2,7
105280,3,2,1,2,3,0,0
9806432,8,5,3,4,2,6,6
9701387,3,3,0,0,0,3,11
9604417,18,3,15,87,0,18,59
9508414,4,1,3,3,4,0,0
9504363,8,3,5,7,1,7,8
9704269,1,1,0,0,0,1,1
9602271,12,5,7,15,2,10,17
9502205,4,1,3,5,4,0,0
9903245,14,2,12,23,1,13,93
107118,8,2,6,10,0,8,52
9607206,2,2,0,0,0,2,5
9712426,1,1,0,0,0,1,4
9802215,0,0,0,0,0,0,0
9712376,2,1,1,1,2,0,0
9801387,4,1,3,5,0,4,29
9204236,9,5,4,8,9,0,0
9906501,11,2,9,19,0,11,130
9407207,2,1,1,1,0,2,3
208067,4,2,2,2,0,4,66
201001,3,1,2,2,0,3,111
9809218,2,2,0,0,0,2,11
9706419,5,2,3,3,0,5,9
12309,1,1,0,0,0,1,4
211111,4,2,2,2,0,4,33
11062,9,3,6,8,1,8,10
206121,5,4,1,1,0,5,53
102303,11,4,7,13,1,10,59
302076,1,1,0,0,0,1,3
9612210,1,1,0,0,0,1,1
9804402,0,0,0,0,0,0,0
9408294,3,2,1,2,3,0,0
9412258,0,0,0,0,0,0,0
9909366,6,2,4,7,1,5,23
5172,12,3,9,21,0,12,49
9707491,4,2,2,3,0,4,5
3003,2,1,1,1,0,2,10
105049,1,1,0,0,0,1,4
201251,1,1,0,0,0,1,6
9605318,4,3,1,1,4,0,0
206072,4,2,2,4,0,4,95
12037,1,1,0,0,0,1,4
9712434,14,6,8,8,0,14,78
210092,0,0,0,0,0,0,0
9308216,5,3,2,2,5,0,0
9411388,10,4,6,17,10,0,0
9610411,7,3,4,5,6,1,1
9806526,17,2,15,57,0,17,148
9912424,16,2,14,50,0,16,141
6295,4,1,3,6,0,4,66
101199,1,1,0,0,0,1,1
106343,2,2,0,0,0,2,7
9904277,14,8,6,6,0,14,32
302257,0,0,0,0,0,0,0
9710525,2,2,0,0,0,2,7
9907303,0,0,0,0,0,0,0
9510285,2,2,0,0,0,2,4
111290,2,2,0,0,0,2,18
9805433,5,1,4,6,2,3,3
9311279,2,2,0,0,2,0,0
9607466,4,3,1,1,0,4,5
9612201,1,1,0,0,0,1,2
9706378,11,3,8,26,0,11,30
9806466,1,1,0,0,0,1,2
9606379,4,2,2,4,0,4,6
9609274,1,1,0,0,0,1,4
11308,3,2,1,1,0,3,29
9403392,1,1,0,0,1,0,0
9812503,3,2,1,2,3,0,0
9909524,2,2,0,0,0,2,7
9806395,3,3,0,0,0,3,9
209192,2,1,1,1,0,2,22
9334,0,0,0,0,0,0,0
9910459,1,1,0,0,0,1,1
9906342,0,0,0,0,0,0,0
10174,5,3,2,2,0,5,36
9707514,4,1,3,4,0,4,11
9249,0,0,0,0,0,0,0
9903438,2,1,1,1,2,0,0
106066,10,7,3,4,1,9,21
10265,2,2,0,0,0,2,15
9708263,7,1,6,8,1,6,6
9902401,3,1,2,3,0,3,43
9409430,4,2,2,3,1,3,3
9511214,2,1,1,1,2,0,0
9502293,9,2,7,12,9,0,0
9711478,5,3,2,5,0,5,9
202100,1,1,0,0,0,1,1
9811482,5,3,2,4,4,1,6
212212,7,2,5,7,0,7,75
9602274,18,3,15,59,18,0,0
102339,2,2,0,0,0,2,15
9904332,0,0,0,0,0,0,0
9811446,1,1,0,0,1,0,0
9611373,1,1,0,0,0,1,6
211158,1,1,0,0,0,1,2
9506465,10,4,6,14,1,9,22
205125,5,3,2,4,0,5,41
109278,1,1,0,0,1,0,0
102192,2,1,1,1,0,2,5
108213,10,2,8,14,0,10,72
108241,0,0,0,0,0,0,0
12192,3,3,0,0,1,2,6
202138,3,1,2,2,0,3,19
9506254,6,2,4,8,5,1,1
109182,2,2,0,0,0,2,5
9902360,2,1,1,1,0,2,17
11289,3,2,1,1,0,3,23
10145,0,0,0,0,0,0,0
9701224,0,0,0,0,0,0,0
9901296,2,2,0,0,0,2,8
9908308,4,4,0,0,0,4,11
9907483,3,1,2,3,1,2,2
209302,3,2,1,1,0,3,17
9507230,28,2,26,123,11,17,17
9902478,3,1,2,3,1,2,4
111289,2,1,1,1,2,0,0
9310222,6,4,2,3,5,1,1
6202,3,1,2,2,0,3,14
9708408,1,1,0,0,0,1,3
9601266,1,1,0,0,1,0,0
210410,2,2,0,0,0,2,14
9227,2,2,0,0,1,1,1
4094,2,1,1,1,0,2,2
2202,1,1,0,0,1,0,0
9508286,3,1,2,2,1,2,4
9812368,10,1,9,17,6,4,7
9208241,5,3,2,2,5,0,0
9807472,21,3,18,100,3,18,79
204027,8,3,5,12,0,8,33
10228,6,2,4,12,1,5,11
9811262,2,1,1,1,0,2,2
209134,1,1,0,0,0,1,4
9707443,0,0,0,0,0,0,0
3161,13,1,12,44,0,13,87
9710489,1,1,0,0,0,1,3
9607345,0,0,0,0,0,0,0
9604329,2,1,1,1,2,0,0
9905270,1,1,0,0,1,0,0
9704350,1,1,0,0,0,1,4
9708477,7,3,4,8,5,2,6
9401346,0,0,0,0,0,0,0
202043,2,2,0,0,0,2,8
9611315,5,2,3,4,5,0,0
9408401,0,0,0,0,0,0,0
9809207,0,0,0,0,0,0,0
210198,2,1,1,1,0,2,37
9908226,5,4,1,1,5,0,0
108162,1,1,0,0,0,1,2
9305346,1,1,0,0,1,0,0
4108,1,1,0,0,0,1,10
209087,0,0,0,0,0,0,0
209314,0,0,0,0,0,0,0
4062,3,1,2,3,2,1,1
9804338,5,3,2,3,0,5,16
9709247,2,1,1,1,0,2,3
9610281,4,4,0,0,4,0,0
9802311,1,1,0,0,0,1,2
105065,4,3,1,2,0,4,15
9603273,5,4,1,1,3,2,4
6168,3,3,0,0,0,3,12
9806298,9,4,5,9,1,8,24
9909438,6,3,3,7,0,6,24
9607331,5,5,0,0,4,1,3
9609222,1,1,0,0,0,1,3
9609297,6,4,2,2,0,6,34
10215,2,2,0,0,0,2,7
101241,4,1,3,5,0,4,5
9301293,3,2,1,1,3,0,0
9401316,2,2,0,0,0,2,3
112009,0,0,0,0,0,0,0
9904511,1,1,0,0,1,0,0
9403389,7,1,6,12,7,0,0
9607252,5,2,3,6,0,5,28
9303263,9,3,6,8,9,0,0
109108,3,2,1,1,3,0,0
9907437,4,2,2,2,0,4,10
302165,0,0,0,0,0,0,0
9704360,2,2,0,0,0,2,2
111333,1,1,0,0,0,1,4
9509269,10,5,5,6,10,0,0
9703423,1,1,0,0,0,1,2
112062,0,0,0,0,0,0,0
9505338,4,1,3,4,0,4,12
9607417,0,0,0,0,0,0,0
203188,6,3,3,7,0,6,33
9906544,1,1,0,0,1,0,0
112250,1,1,0,0,1,0,0
9911346,2,1,1,1,0,2,3
204359,4,3,1,1,0,4,15
9710553,3,3,0,0,3,0,0
9004,4,2,2,3,0,4,8
10243,2,2,0,0,0,2,2
301128,0,0,0,0,0,0,0
202120,2,2,0,0,0,2,9
205264,0,0,0,0,0,0,0
9808349,4,2,2,3,0,4,15
9025,1,1,0,0,1,0,0
9305329,4,2,2,3,4,0,0
9702309,5,2,3,4,1,4,5
205198,3,2,1,1,1,2,5
11206,6,2,4,8,3,3,5
3217,2,2,0,0,0,2,7
8246,4,2,2,3,0,4,24
3123,9,3,6,10,0,9,104
9807347,2,2,0,0,0,2,28
110146,1,1,0,0,0,1,7
9711243,2,2,0,0,2,0,0
101014,3,2,1,1,1,2,5
9903202,3,2,1,1,0,3,22
9907571,3,2,1,2,1,2,3
9712229,3,2,1,1,1,2,10
9807367,5,3,2,3,0,5,15
9610273,0,0,0,0,0,0,0
9911216,0,0,0,0,0,0,0
4037,1,1,0,0,1,0,0
9310353,2,2,0,0,1,1,1
212374,1,1,0,0,0,1,17
106047,0,0,0,0,0,0,0
9704381,2,2,0,0,2,0,0
207165,2,2,0,0,0,2,14
9209206,1,1,0,0,1,0,0
9502369,3,3,0,0,3,0,0
5178,0,0,0,0,0,0,0
9606268,0,0,0,0,0,0,0
10054,2,1,1,1,0,2,29
9606284,2,2,0,0,1,1,1
9712336,0,0,0,0,0,0,0
101013,0,0,0,0,0,0,0
302264,0,0,0,0,0,0,0
9503242,0,0,0,0,0,0,0
9211263,1,1,0,0,1,0,0
9303248,4,4,0,0,4,0,0
104070,0,0,0,0,0,0,0
9612372,0,0,0,0,0,0,0
9303301,3,2,1,1,3,0,0
10149,2,2,0,0,0,2,15
9308304,4,1,3,3,4,0,0
9704372,1,1,0,0,1,0,0
202206,1,1,0,0,0,1,6
9710517,5,2,3,8,0,5,9
201266,1,1,0,0,0,1,4
9911431,2,2,0,0,1,1,2
9302261,3,3,0,0,3,0,0
9805441,1,1,0,0,0,1,6
9510356,0,0,0,0,0,0,0
9407335,2,2,0,0,2,0,0
9310218,0,0,0,0,0,0,0
9807380,2,1,1,1,0,2,10
9706539,1,1,0,0,0,1,1
3205,3,3,0,0,0,3,9
112242,5,2,3,4,0,5,20
9705394,0,0,0,0,0,0,0
209105,1,1,0,0,0,1,7
103156,0,0,0,0,0,0,0
101057,5,5,0,0,0,5,18
9122,0,0,0,0,0,0,0
9411387,4,2,2,3,4,0,0
9812449,9,2,7,13,0,9,62
9806474,0,0,0,0,0,0,0
205188,1,1,0,0,1,0,0
9906313,1,1,0,0,0,1,5
9806532,0,0,0,0,0,0,0
110070,1,1,0,0,0,1,4
9909510,0,0,0,0,0,0,0
9608476,1,1,0,0,0,1,1
302142,0,0,0,0,0,0,0
9510296,4,2,2,3,4,0,0
111151,7,2,5,15,0,7,57
9601339,3,3,0,0,0,3,9
9905431,0,0,0,0,0,0,0
9504227,0,0,0,0,0,0,0
210199,0,0,0,0,0,0,0
7285,2,2,0,0,2,0,0
209235,1,1,0,0,0,1,1
9902307,0,0,0,0,0,0,0
9811453,4,2,2,3,4,0,0
9409373,0,0,0,0,0,0,0
110330,0,0,0,0,0,0,0
9310269,1,1,0,0,1,0,0
211175,1,1,0,0,0,1,7
9902347,0,0,0,0,0,0,0
9912416,4,2,2,2,4,0,0
9504384,1,1,0,0,0,1,7
212116,0,0,0,0,0,0,0
9805253,0,0,0,0,0,0,0
5153,0,0,0,0,0,0,0
9506413,1,1,0,0,1,0,0
9307359,1,1,0,0,1,0,0
9806417,2,1,1,1,1,1,1
210431,1,1,0,0,0,1,13
9501371,2,2,0,0,2,0,0
209074,4,2,2,2,0,4,59
203045,1,1,0,0,0,1,5
9509240,1,1,0,0,0,1,4
112040,0,0,0,0,0,0,0
9606441,2,2,0,0,2,0,0
9809395,0,0,0,0,0,0,0
9604391,3,3,0,0,3,0,0
9605275,2,1,1,1,1,1,1
202236,4,3,1,1,0,4,20
108078,1,1,0,0,0,1,2
210364,0,0,0,0,0,0,0
9901211,1,1,0,0,0,1,2
202073,2,2,0,0,0,2,7
9409317,2,2,0,0,1,1,2
202145,3,2,1,1,0,3,13
208188,0,0,0,0,0,0,0
109225,1,1,0,0,0,1,2
9705322,1,1,0,0,1,0,0
201173,2,2,0,0,0,2,6
207120,3,3,0,0,1,2,5
9902402,2,2,0,0,2,0,0
301018,0,0,0,0,0,0,0
9909570,2,1,1,1,0,2,7
109232,1,1,0,0,0,1,4
9909518,2,2,0,0,0,2,2
9409262,0,0,0,0,0,0,0
9608419,0,0,0,0,0,0,0
103158,0,0,0,0,0,0,0
101065,2,1,1,1,2,0,0
9908292,0,0,0,0,0,0,0
9812211,3,2,1,1,1,2,3
9506246,0,0,0,0,0,0,0
9710303,0,0,0,0,0,0,0
10322,7,1,6,7,3,4,7
9410396,0,0,0,0,0,0,0
9304284,1,1,0,0,0,1,2
12293,0,0,0,0,0,0,0
9504233,5,1,4,9,5,0,0
301262,0,0,0,0,0,0,0
9604424,4,3,1,1,4,0,0
302240,0,0,0,0,0,0,0
208184,2,2,0,0,0,2,6
9804324,0,0,0,0,0,0,0
204020,2,2,0,0,0,2,8
2210,0,0,0,0,0,0,0
111039,2,2,0,0,2,0,0
9909226,0,0,0,0,0,0,0
9803318,0,0,0,0,0,0,0
9810330,1,1,0,0,1,0,0
205115,0,0,0,0,0,0,0
205207,0,0,0,0,0,0,0
205124,0,0,0,0,0,0,0
204319,0,0,0,0,0,0,0
9812537,2,2,0,0,2,0,0
2294,0,0,0,0,0,0,0
9610452,0,0,0,0,0,0,0
9508251,1,1,0,0,1,0,0
9711233,1,1,0,0,0,1,6
9705369,0,0,0,0,0,0,0
9502216,1,1,0,0,1,0,0
107221,1,1,0,0,1,0,0
9407384,2,2,0,0,0,2,4
302054,1,1,0,0,0,1,13
9808386,2,1,1,1,0,2,6
9603225,1,1,0,0,0,1,3
9301216,1,1,0,0,1,0,0
101198,0,0,0,0,0,0,0
9512256,2,1,1,1,2,0,0
9904241,1,1,0,0,0,1,1
9802225,1,1,0,0,0,1,1
204139,2,1,1,1,0,2,12
9801312,0,0,0,0,0,0,0
110359,1,1,0,0,0,1,2
9411221,1,1,0,0,0,1,1
9810460,0,0,0,0,0,0,0
102004,0,0,0,0,0,0,0
9902297,1,1,0,0,0,1,7
9206228,2,2,0,0,2,0,0
9605247,0,0,0,0,0,0,0
107239,0,0,0,0,0,0,0
9704210,1,1,0,0,0,1,1
106171,0,0,0,0,0,0,0
9807366,0,0,0,0,0,0,0
202279,3,1,2,3,0,3,18
9603269,1,1,0,0,0,1,1
9612427,1,1,0,0,1,0,0
110268,0,0,0,0,0,0,0
10307,4,2,2,4,4,0,0
9510244,0,0,0,0,0,0,0
9802347,0,0,0,0,0,0,0
9506402,1,1,0,0,0,1,3
2194,1,1,0,0,1,0,0
11321,3,2,1,1,0,3,48
201032,1,1,0,0,0,1,2
9312206,0,0,0,0,0,0,0
108062,4,1,3,6,0,4,16
111124,1,1,0,0,0,1,4
209272,4,3,1,1,2,2,5
1042,2,1,1,1,0,2,2
9410290,0,0,0,0,0,0,0
9812241,0,0,0,0,0,0,0
9905361,3,1,2,3,3,0,0
211130,0,0,0,0,0,0,0
9910475,1,1,0,0,1,0,0
106062,0,0,0,0,0,0,0
2304,1,1,0,0,0,1,1
5304,2,2,0,0,1,1,3
205110,0,0,0,0,0,0,0
9807370,0,0,0,0,0,0,0
9805324,3,2,1,2,0,3,3
201235,0,0,0,0,0,0,0
9407316,0,0,0,0,0,0,0
9612368,0,0,0,0,0,0,0
9905574,1,1,0,0,0,1,1
211297,0,0,0,0,0,0,0
9409220,0,0,0,0,0,0,0
9510450,0,0,0,0,0,0,0
9706395,2,1,1,1,0,2,2
205297,1,1,0,0,0,1,1
204068,1,1,0,0,0,1,37
9806206,0,0,0,0,0,0,0
302127,0,0,0,0,0,0,0
9506403,1,1,0,0,1,0,0
9710474,1,1,0,0,0,1,2
301186,0,0,0,0,0,0,0
9705336,0,0,0,0,0,0,0
111177,1,1,0,0,1,0,0
9508216,0,0,0,0,0,0,0
207147,0,0,0,0,0,0,0
9611241,0,0,0,0,0,0,0
301274,0,0,0,0,0,0,0
212233,0,0,0,0,0,0,0
302172,0,0,0,0,0,0,0
9411345,1,1,0,0,1,0,0
9806452,0,0,0,0,0,0,0
301131,0,0,0,0,0,0,0
210330,0,0,0,0,0,0,0
211015,1,1,0,0,0,1,2
9709403,0,0,0,0,0,0,0
111153,0,0,0,0,0,0,0
9310263,0,0,0,0,0,0,0
9809575,1,1,0,0,1,0,0
207116,1,1,0,0,0,1,1
210033,1,1,0,0,0,1,4
9410386,1,1,0,0,1,0,0
9802337,0,0,0,0,0,0,0
9802389,0,0,0,0,0,0,0
9907543,0,0,0,0,0,0,0
6149,0,0,0,0,0,0,0
205094,0,0,0,0,0,0,0
9811445,0,0,0,0,0,0,0
9605450,0,0,0,0,0,0,0
8293,0,0,0,0,0,0,0
9909379,1,1,0,0,0,1,6
9807391,2,2,0,0,2,0,0
206108,0,0,0,0,0,0,0
6081,1,1,0,0,0,1,2
211032,0,0,0,0,0,0,0
9119,0,0,0,0,0,0,0
11320,3,2,1,1,0,3,14
9904384,3,2,1,1,3,0,0
9907395,0,0,0,0,0,0,0
9612224,1,1,0,0,1,0,0
209023,0,0,0,0,0,0,0
211191,0,0,0,0,0,0,0
101111,0,0,0,0,0,0,0
111402,1,1,0,0,0,1,1
212074,0,0,0,0,0,0,0
108048,0,0,0,0,0,0,0
9910207,1,1,0,0,1,0,0
9703309,0,0,0,0,0,0,0
204231,1,1,0,0,0,1,8
6281,2,2,0,0,2,0,0
205087,0,0,0,0,0,0,0
9908478,2,1,1,1,2,0,0
210213,2,2,0,0,0,2,8
3145,0,0,0,0,0,0,0
9612230,1,1,0,0,1,0,0
9812293,0,0,0,0,0,0,0
9402344,0,0,0,0,0,0,0
9411292,1,1,0,0,1,0,0
9701408,0,0,0,0,0,0,0
9411208,1,1,0,0,0,1,3
9302319,0,0,0,0,0,0,0
110397,0,0,0,0,0,0,0
208099,0,0,0,0,0,0,0
9910266,0,0,0,0,0,0,0
7104,0,0,0,0,0,0,0
9812237,0,0,0,0,0,0,0
9507317,0,0,0,0,0,0,0
302154,0,0,0,0,0,0,0
9411369,0,0,0,0,0,0,0
301127,1,1,0,0,1,0,0
102088,0,0,0,0,0,0,0
210350,0,0,0,0,0,0,0
3126,0,0,0,0,0,0,0
208094,0,0,0,0,0,0,0
201260,0,0,0,0,0,0,0
108086,1,1,0,0,0,1,2
9502354,0,0,0,0,0,0,0
108209,0,0,0,0,0,0,0
9905238,0,0,0,0,0,0,0
9708308,0,0,0,0,0,0,0
9124,0,0,0,0,0,0,0
210419,0,0,0,0,0,0,0
9608425,0,0,0,0,0,0,0
204116,0,0,0,0,0,0,0
106146,1,1,0,0,0,1,9
204323,1,1,0,0,0,1,1
9605371,0,0,0,0,0,0,0
9807363,0,0,0,0,0,0,0
11315,0,0,0,0,0,0,0
105125,0,0,0,0,0,0,0
9510299,0,0,0,0,0,0,0
9804405,0,0,0,0,0,0,0
203086,0,0,0,0,0,0,0
9612455,0,0,0,0,0,0,0
9702329,0,0,0,0,0,0,0
103139,0,0,0,0,0,0,0
12312,0,0,0,0,0,0,0
111424,1,1,0,0,1,0,0
208161,0,0,0,0,0,0,0
9804325,0,0,0,0,0,0,0
9610226,1,1,0,0,1,0,0
110298,0,0,0,0,0,0,0
9602328,0,0,0,0,0,0,0
210404,0,0,0,0,0,0,0
103302,0,0,0,0,0,0,0
103071,0,0,0,0,0,0,0
112194,0,0,0,0,0,0,0
7164,0,0,0,0,0,0,0
104295,0,0,0,0,0,0,0
9610322,0,0,0,0,0,0,0
9604409,0,0,0,0,0,0,0
6356,0,0,0,0,0,0,0
9610473,0,0,0,0,0,0,0
108229,0,0,0,0,0,0,0
8045,0,0,0,0,0,0,0
9807372,0,0,0,0,0,0,0
302226,0,0,0,0,0,0,0
9811286,1,1,0,0,1,0,0
9410399,1,1,0,0,1,0,0
211028,0,0,0,0,0,0,0
9402339,1,1,0,0,0,1,1
9807468,0,0,0,0,0,0,0
9511445,1,1,0,0,1,0,0
112269,0,0,0,0,0,0,0
9609396,0,0,0,0,0,0,0
9904406,0,0,0,0,0,0,0
9612472,1,1,0,0,1,0,0
9409228,0,0,0,0,0,0,0
9605263,0,0,0,0,0,0,0
9707472,0,0,0,0,0,0,0
9802263,0,0,0,0,0,0,0
9609391,0,0,0,0,0,0,0
9710360,0,0,0,0,0,0,0
9711286,1,1,0,0,1,0,0
6075,0,0,0,0,0,0,0
211070,0,0,0,0,0,0,0
209198,0,0,0,0,0,0,0
202187,0,0,0,0,0,0,0
9904498,0,0,0,0,0,0,0
9912392,0,0,0,0,0,0,0
112016,1,1,0,0,0,1,4
206255,0,0,0,0,0,0,0
9803330,0,0,0,0,0,0,0
9411376,1,1,0,0,1,0,0
9504339,0,0,0,0,0,0,0
9811317,0,0,0,0,0,0,0
9608228,0,0,0,0,0,0,0
9912389,0,0,0,0,0,0,0
207240,0,0,0,0,0,0,0
211465,0,0,0,0,0,0,0
9603394,0,0,0,0,0,0,0
210386,0,0,0,0,0,0,0
9903525,0,0,0,0,0,0,0
212385,0,0,0,0,0,0,0
211319,0,0,0,0,0,0,0
9812480,0,0,0,0,0,0,0
9604408,0,0,0,0,0,0,0
9411402,0,0,0,0,0,0,0
9702440,1,1,0,0,0,1,1
5061,0,0,0,0,0,0,0
9711457,0,0,0,0,0,0,0
110392,1,1,0,0,0,1,1
212197,0,0,0,0,0,0,0
9409271,0,0,0,0,0,0,0
301173,0,0,0,0,0,0,0
301188,0,0,0,0,0,0,0
9909343,0,0,0,0,0,0,0
302026,0,0,0,0,0,0,0
9706236,0,0,0,0,0,0,0
9901435,0,0,0,0,0,0,0
204203,0,0,0,0,0,0,0
212087,0,0,0,0,0,0,0
9203209,1,1,0,0,1,0,0
9506337,0,0,0,0,0,0,0
112087,0,0,0,0,0,0,0
105316,0,0,0,0,0,0,0
302084,0,0,0,0,0,0,0
109087,0,0,0,0,0,0,0
104222,2,2,0,0,2,0,0
9906384,0,0,0,0,0,0,0
9306303,0,0,0,0,0,0,0
9411374,0,0,0,0,0,0,0
9410208,0,0,0,0,0,0,0
9506257,3,3,0,0,3,0,0
9212203,68,3,65,609,68,0,0
101118,13,3,10,23,0,13,99
9909564,9,5,4,7,0,9,64
9310311,42,5,37,161,42,0,0
9505393,10,6,4,4,1,9,16
9311370,16,4,12,60,16,0,0
9404335,10,1,9,15,2,8,11
101114,3,3,0,0,1,2,6
9510300,12,2,10,27,4,8,8
9806332,20,2,18,61,1,19,126
7286,10,7,3,5,0,10,79
9410242,13,7,6,12,0,13,46
9805478,8,2,6,12,1,7,30
9211223,4,2,2,3,4,0,0
9807275,19,7,12,35,5,14,30
111312,15,3,12,42,2,13,20
9804290,56,3,53,218,2,54,127
9510310,4,2,2,3,3,1,1
9212285,37,7,30,101,18,19,19
9305273,10,8,2,2,0,10,10
9404334,5,1,4,8,5,0,0
9403345,13,7,6,13,7,6,6
9606411,96,10,86,620,8,88,367
9901388,48,4,44,193,3,45,443
9505275,75,9,66,500,2,73,162
9504405,44,3,41,228,39,5,5
9802314,82,4,78,484,15,67,131
9901245,24,3,21,72,0,24,239
9706228,9,6,3,5,0,9,22
9605273,86,9,77,400,36,50,147
9807517,21,3,18,72,0,21,127
9807361,20,5,15,103,16,4,4
9802209,36,7,29,129,0,36,322
9806256,5,3,2,2,1,4,17
2060,19,3,16,53,0,19,72
9711476,4,2,2,2,3,1,2
9605246,20,2,18,77,1,19,63
9611293,13,4,9,17,0,13,70
9511456,2,2,0,0,1,1,2
3007,1,1,0,0,0,1,3
9501325,22,7,15,30,0,22,74
9405253,19,2,17,54,1,18,35
9511473,26,6,20,74,3,23,96
9205240,21,8,13,26,21,0,0
9505369,44,4,40,197,2,42,103
9702353,14,1,13,43,0,14,89
101336,27,6,21,77,1,26,517
9809545,7,2,5,12,0,7,89
9504296,7,4,3,6,7,0,0
9612490,15,6,9,20,1,14,52
9708264,8,3,5,5,1,7,61
9303226,21,5,16,57,21,0,0
9807496,15,4,11,19,0,15,45
110253,7,5,2,3,0,7,33
9906376,7,2,5,9,0,7,37
9511255,30,2,28,164,4,26,113
9610478,10,2,8,12,6,4,4
9602281,77,3,74,527,1,76,302
102295,3,1,2,3,0,3,23
9206205,40,3,37,141,40,0,0
7353,1,1,0,0,1,0,0
9603317,11,5,6,12,0,11,44
9707222,8,4,4,12,1,7,19
9505314,8,4,4,5,2,6,7
9208260,8,5,3,4,8,0,0
9606256,16,3,13,34,5,11,47
9404302,49,7,42,299,4,45,109
9708456,107,6,101,1187,19,88,152
9601271,3,1,2,3,3,0,0
9705218,11,1,10,29,0,11,40
9610553,24,5,19,74,1,23,139
9608491,46,6,40,321,33,13,17
9701303,50,6,44,259,0,50,264
9706354,6,6,0,0,0,6,12
9811478,2,2,0,0,0,2,5
9805481,5,3,2,4,1,4,37
107071,8,3,5,9,2,6,20
9503276,31,5,26,87,3,28,49
9403356,1,1,0,0,0,1,1
9603202,73,7,66,237,4,69,460
9804241,74,7,67,519,0,74,391
9906475,44,7,37,168,0,44,341
9704325,32,3,29,164,7,25,47
9409391,23,3,20,73,7,16,16
9410342,22,8,14,40,4,18,53
9411411,7,1,6,7,0,7,19
9609301,7,3,4,4,4,3,6
9410360,73,2,71,568,73,0,0
2198,25,8,17,27,1,24,155
9508280,28,3,25,68,6,22,37
5223,10,4,6,6,0,10,56
9812504,15,1,14,30,0,15,63
9307363,18,6,12,40,13,5,5
9205231,17,3,14,37,17,0,0
9701423,41,2,39,186,0,41,203
9812342,2,1,1,1,0,2,4
9809397,2,2,0,0,0,2,12
9904344,16,1,15,32,16,0,0
9603304,11,4,7,22,1,10,11
103092,5,2,3,4,0,5,25
2277,18,4,14,84,0,18,195
9212315,9,5,4,7,9,0,0
9908360,17,7,10,21,1,16,197
10274,12,1,11,29,0,12,81
204193,11,1,10,44,0,11,31
9903319,18,4,14,41,0,18,70
9212277,8,2,6,14,8,0,0
9801353,11,1,10,24,0,11,17
9810280,53,3,50,265,2,51,132
9405278,3,2,1,1,0,3,13
9810334,3,2,1,1,0,3,19
9706391,11,2,9,15,0,11,44
9703388,5,2,3,5,0,5,29
9610458,15,3,12,61,2,13,20
9506417,39,3,36,227,8,31,103
9312201,31,9,22,139,28,3,3
9906422,1,1,0,0,0,1,15
9309275,2,2,0,0,2,0,0
9904292,25,3,22,70,3,22,53
9807281,9,2,7,8,0,9,12
102139,0,0,0,0,0,0,0
9705435,16,4,12,19,2,14,59
9808346,12,6,6,6,1,11,32
9402210,60,11,49,334,41,19,19
9412249,14,5,9,25,0,14,19
9805222,11,4,7,11,0,11,102
207310,7,1,6,8,0,7,21
9309272,22,6,16,45,10,12,24
10348,15,4,11,24,0,15,81
9801218,6,2,4,7,2,4,6
9808410,17,2,15,44,0,17,101
9807215,3,2,1,1,0,3,10
9407214,12,3,9,49,0,12,74
9911496,36,2,34,172,0,36,169
102331,54,3,51,388,0,54,629
9504220,27,9,18,67,0,27,50
9902237,32,4,28,109,1,31,117
3186,31,3,28,109,0,31,185
9403239,10,1,9,24,6,4,4
9910553,37,6,31,148,0,37,584
9403316,4,1,3,6,4,0,0
11245,21,8,13,45,0,21,127
6026,5,2,3,3,0,5,26
9305230,11,1,10,24,11,0,0
9909456,35,6,29,111,3,32,105
5025,11,5,6,20,0,11,106
9306271,28,5,23,61,28,0,0
9309276,1,1,0,0,1,0,0
9712482,19,9,10,18,2,17,48
9601352,7,2,5,9,0,7,17
9904232,38,2,36,273,0,38,684
9904446,1,1,0,0,0,1,6
110409,4,4,0,0,0,4,60
10104,6,2,4,5,0,6,37
201274,16,3,13,44,0,16,386
110315,6,4,2,2,0,6,32
9810215,13,5,8,14,0,13,99
112247,39,4,35,236,0,39,461
9710431,64,5,59,327,57,7,7
9912552,17,6,11,22,0,17,121
9701322,7,5,2,2,1,6,31
9509254,8,2,6,12,1,7,11
107156,9,6,3,4,0,9,74
101278,16,6,10,14,0,16,152
9302220,6,4,2,2,4,2,4
9705417,31,3,28,153,18,13,17
5185,10,2,8,18,0,10,61
11147,0,0,0,0,0,0,0
9405239,20,4,16,68,6,14,24
9703265,5,1,4,7,0,5,5
9407328,10,6,4,6,0,10,43
9906467,5,2,3,4,0,5,25
6138,2,1,1,1,0,2,8
101145,3,1,2,3,0,3,32
9507419,2,1,1,1,2,0,0
9710226,1,1,0,0,1,0,0
8214,17,3,14,50,0,17,135
9501314,7,5,2,5,4,3,3
9602374,79,15,64,261,0,79,755
9602223,75,2,73,324,1,74,279
9503202,9,6,3,3,3,6,21
9304281,10,3,7,14,1,9,22
9601373,7,2,5,9,0,7,16
9406399,5,1,4,7,5,0,0
9603376,4,1,3,6,0,4,12
112045,18,4,14,26,3,15,35
9307274,9,3,6,15,9,0,0
9706315,86,7,79,589,27,59,125
9603417,22,1,21,118,1,21,29
9403217,6,2,4,6,2,4,4
9712386,2,1,1,1,0,2,3
9211202,9,3,6,18,9,0,0
9402285,12,1,11,27,12,0,0
101236,3,1,2,2,0,3,16
9904330,22,3,19,89,1,21,125
9808298,3,3,0,0,0,3,3
9612356,0,0,0,0,0,0,0
5108,31,4,27,94,1,30,84
109160,3,3,0,0,0,3,20
9702263,10,4,6,9,0,10,53
9611401,9,3,6,11,1,8,16
9604264,6,2,4,5,1,5,18
9706435,1,1,0,0,1,0,0
9601285,16,2,14,48,0,16,75
9601374,1,1,0,0,0,1,1
102230,9,6,3,5,0,9,42
9704406,30,3,27,119,1,29,138
9504247,15,9,6,11,0,15,24
9706289,0,0,0,0,0,0,0
9507211,7,1,6,15,0,7,34
9609378,11,2,9,19,1,10,27
9610242,7,1,6,16,7,0,0
9712546,22,2,20,53,0,22,131
9701421,32,9,23,67,8,24,61
9602407,13,5,8,11,7,6,6
9802218,19,3,16,35,1,18,85
9307268,12,4,8,19,0,12,21
9502327,2,2,0,0,0,2,17
9706387,12,2,10,33,0,12,156
9705348,10,5,5,7,2,8,42
9707357,3,1,2,2,0,3,12
7110,3,2,1,1,0,3,18
9706368,3,1,2,3,3,0,0
105196,11,1,10,41,0,11,89
3219,38,6,32,174,2,36,282
9705267,9,3,6,19,6,3,4
9507246,37,4,33,194,1,36,194
9801272,39,4,35,217,0,39,495
9810361,8,2,6,9,0,8,47
111086,5,2,3,6,0,5,18
9806450,5,3,2,4,0,5,10
9709460,2,1,1,1,2,0,0
9604388,48,1,47,235,2,46,193
107097,9,2,7,17,0,9,68
108249,2,1,1,1,0,2,2
9803367,4,3,1,1,1,3,5
2272,24,6,18,82,1,23,190
103049,20,2,18,56,1,19,54
9305315,23,4,19,98,23,0,0
9810344,1,1,0,0,0,1,6
9205207,2,2,0,0,2,0,0
9603341,12,2,10,15,1,11,11
9511300,4,3,1,1,4,0,0
9909567,9,3,6,14,0,9,247
9312315,19,5,14,40,19,0,0
104076,9,1,8,18,0,9,28
103183,31,3,28,120,0,31,328
9902437,30,3,27,107,4,26,129
9708303,17,2,15,52,8,9,17
9308279,8,2,6,8,8,0,0
9402241,35,4,31,173,26,9,9
112305,13,5,8,14,0,13,85
9409201,6,2,4,7,0,6,6
207160,0,0,0,0,0,0,0
9804339,13,3,10,27,0,13,70
9904334,9,2,7,14,2,7,19
111140,5,4,1,1,0,5,31
9612394,40,4,36,213,1,39,85
9609466,2,1,1,1,2,0,0
11357,1,1,0,0,0,1,2
9603351,9,6,3,5,0,9,16
9909372,5,4,1,1,0,5,29
9802258,2,2,0,0,0,2,4
9503244,1,1,0,0,1,0,0
9906396,3,1,2,2,0,3,19
9606469,4,1,3,5,0,4,93
9508393,19,4,15,35,1,18,33
3017,5,5,0,0,4,1,3
9711345,6,1,5,7,3,3,3
9707319,12,3,9,17,0,12,69
105090,13,2,11,32,0,13,54
9604328,13,2,11,39,1,12,39
9810475,17,10,7,15,7,10,15
9403274,12,2,10,22,6,6,10
9709350,6,2,4,7,0,6,20
9608343,20,2,18,114,1,19,86
4179,4,3,1,1,0,4,14
9608272,5,3,2,2,0,5,39
108008,1,1,0,0,0,1,2
110414,10,4,6,16,1,9,27
5274,11,3,8,17,11,0,0
9503390,10,3,7,16,9,1,1
9308243,6,4,2,3,6,0,0
9903273,7,2,5,9,0,7,62
9903284,4,1,3,4,0,4,8
9905216,4,2,2,2,0,4,18
10198,11,5,6,13,1,10,150
12018,6,1,5,8,5,1,1
9501304,23,4,19,66,5,18,33
9707208,25,8,17,37,2,23,47
9912524,9,3,6,24,0,9,114
9512426,4,3,1,2,0,4,17
9707256,22,2,20,45,0,22,89
104225,8,4,4,7,0,8,185
9302312,17,2,15,29,0,17,17
9408204,8,3,5,8,8,0,0
103244,6,1,5,8,0,6,19
9608418,1,1,0,0,0,1,2
9407235,4,3,1,1,1,3,3
9804208,8,2,6,14,4,4,7
9912542,27,8,19,73,0,27,359
9803303,0,0,0,0,0,0,0
9912429,1,1,0,0,0,1,8
9906413,5,1,4,5,0,5,19
9305219,11,3,8,27,0,11,19
9810307,17,2,15,54,1,16,60
9812384,9,4,5,6,2,7,14
9908281,1,1,0,0,0,1,4
9609207,19,6,13,39,0,19,56
9902345,2,2,0,0,0,2,21
108216,21,4,17,61,0,21,43
9901377,6,2,4,7,1,5,5
9902240,8,3,5,7,0,8,34
105199,4,3,1,1,1,3,24
108021,37,1,36,209,0,37,242
11081,3,2,1,1,1,2,2
9912403,11,1,10,37,1,10,26
203122,2,1,1,1,0,2,9
9807502,1,1,0,0,0,1,6
2262,1,1,0,0,0,1,12
9509380,6,2,4,5,3,3,3
203244,8,3,5,9,0,8,49
9802205,1,1,0,0,0,1,1
9805201,0,0,0,0,0,0,0
9404244,5,1,4,8,5,0,0
9707220,11,4,7,14,11,0,0
9806434,6,2,4,9,0,6,30
9502243,8,1,7,13,1,7,13
9905543,15,2,13,29,0,15,78
9712518,2,2,0,0,2,0,0
9502248,4,3,1,1,0,4,21
103294,13,5,8,26,0,13,148
9809550,6,4,2,3,0,6,44
9410343,11,3,8,21,2,9,17
9712491,0,0,0,0,0,0,0
9801355,5,3,2,3,5,0,0
1146,0,0,0,0,0,0,0
9604432,7,3,4,4,1,6,8
9611258,5,3,2,3,0,5,22
110375,3,1,2,3,0,3,21
9601358,5,4,1,2,1,4,12
9911324,2,1,1,1,1,1,2
106298,18,5,13,54,0,18,165
103316,7,2,5,15,0,7,50
9302286,2,2,0,0,2,0,0
9704337,9,2,7,10,5,4,9
9804228,6,3,3,5,0,6,12
9904336,25,5,20,53,1,24,189
9307323,3,2,1,2,3,0,0
9711352,3,3,0,0,0,3,24
9601254,5,2,3,4,2,3,3
9612406,2,2,0,0,0,2,15
9805287,0,0,0,0,0,0,0
9910202,0,0,0,0,0,0,0
9810325,2,1,1,1,0,2,4
9809510,15,3,12,29,0,15,63
9608340,6,3,3,3,0,6,16
102013,27,2,25,122,0,27,157
9910399,11,2,9,29,1,10,60
9901429,18,3,15,40,0,18,137
9908243,6,6,0,0,2,4,6
4066,13,3,10,23,1,12,21
9909207,9,1,8,19,0,9,42
9710222,13,4,9,28,0,13,43
208196,2,2,0,0,0,2,3
9703447,6,3,3,6,6,0,0
9806243,0,0,0,0,0,0,0
201147,0,0,0,0,0,0,0
9611336,3,2,1,2,0,3,8
9808465,0,0,0,0,0,0,0
9701201,2,2,0,0,1,1,1
9408299,53,9,44,195,0,53,157
9910393,7,1,6,15,0,7,14
9907562,3,3,0,0,3,0,0
9909406,11,3,8,24,2,9,30
9704295,7,4,3,3,4,3,5
109194,0,0,0,0,0,0,0
5081,2,2,0,0,0,2,24
9209285,7,7,0,0,3,4,4
9510233,1,1,0,0,1,0,0
9603440,14,5,9,25,1,13,50
6040,9,3,6,9,0,9,122
9610275,13,6,7,19,0,13,47
211069,5,3,2,3,0,5,26
9810214,2,2,0,0,0,2,2
9806514,7,1,6,13,1,6,6
9506356,11,3,8,16,11,0,0
9603315,0,0,0,0,0,0,0
9710434,2,1,1,1,0,2,37
9512366,12,5,7,15,0,12,63
212025,1,1,0,0,0,1,20
9912430,12,4,8,14,0,12,101
9702297,5,1,4,9,5,0,0
9705463,9,1,8,21,9,0,0
9808352,2,2,0,0,2,0,0
9001,13,1,12,50,0,13,28
9710551,3,3,0,0,0,3,16
9811370,6,2,4,7,0,6,28
8041,15,2,13,40,0,15,45
9909511,0,0,0,0,0,0,0
9911260,3,2,1,1,0,3,8
9805299,1,1,0,0,0,1,5
9805396,8,4,4,8,0,8,25
104103,14,2,12,30,2,12,51
9211231,6,2,4,11,6,0,0
207364,0,0,0,0,0,0,0
9802406,20,4,16,42,5,15,27
9301284,6,1,5,6,6,0,0
9711361,13,7,6,9,13,0,0
9807483,3,2,1,1,0,3,3
106203,5,4,1,2,0,5,30
9604259,7,1,6,13,7,0,0
9712315,7,3,4,7,0,7,9
102256,4,3,1,1,0,4,29
9809461,1,1,0,0,0,1,7
103208,13,5,8,13,1,12,16
111318,2,1,1,1,0,2,39
9809590,5,3,2,2,0,5,10
11372,7,4,3,4,3,4,4
9908458,21,4,17,58,1,20,161
8286,2,2,0,0,0,2,5
9912506,8,1,7,12,8,0,0
6127,10,2,8,17,2,8,23
107060,7,4,3,3,0,7,51
9903364,17,1,16,71,3,14,26
9501252,2,2,0,0,2,0,0
1008,4,4,0,0,1,3,4
211074,5,3,2,4,0,5,29
202189,1,1,0,0,0,1,3
9705466,2,2,0,0,0,2,8
9508349,2,2,0,0,1,1,5
3218,5,4,1,1,1,4,16
9802335,1,1,0,0,0,1,4
9606426,6,3,3,4,0,6,15
9304273,2,2,0,0,2,0,0
208048,4,2,2,2,0,4,20
209225,0,0,0,0,0,0,0
3292,0,0,0,0,0,0,0
9411396,0,0,0,0,0,0,0
9905466,5,4,1,1,0,5,31
9811437,8,2,6,8,0,8,44
9606329,7,2,5,7,2,5,5
9509273,1,1,0,0,0,1,2
6263,1,1,0,0,1,0,0
9505328,11,3,8,17,2,9,16
110155,4,3,1,1,1,3,90
9507335,9,2,7,18,3,6,6
9607474,0,0,0,0,0,0,0
9903418,14,2,12,39,0,14,228
107200,12,2,10,20,1,11,20
9812477,0,0,0,0,0,0,0
9310227,21,8,13,27,19,2,2
9406407,6,2,4,6,3,3,4
207026,6,1,5,7,0,6,54
9704346,5,2,3,5,1,4,8
9401284,3,1,2,3,0,3,3
8042,5,2,3,5,0,5,16
211310,1,1,0,0,0,1,9
208078,6,3,3,3,0,6,63
107327,5,4,1,1,1,4,18
9901446,4,2,2,2,0,4,16
9711298,4,3,1,2,0,4,17
105057,2,1,1,1,0,2,7
111108,1,1,0,0,0,1,1
11168,2,1,1,1,0,2,7
206206,3,2,1,1,0,3,14
103343,16,5,11,37,0,16,122
207235,3,2,1,1,0,3,14
2261,1,1,0,0,0,1,6
9712421,2,2,0,0,2,0,0
9611442,1,1,0,0,1,0,0
9510211,1,1,0,0,1,0,0
9908386,3,2,1,1,0,3,4
8295,16,6,10,36,0,16,138
9510319,6,3,3,3,6,0,0
9909529,5,4,1,1,0,5,31
5133,4,1,3,4,0,4,8
12103,15,7,8,18,0,15,129
9609454,1,1,0,0,0,1,1
207254,2,1,1,1,0,2,7
106229,1,1,0,0,1,0,0
9905374,3,2,1,1,0,3,33
5202,1,1,0,0,1,0,0
9409354,1,1,0,0,0,1,1
9501404,8,3,5,11,1,7,23
9310344,4,3,1,2,4,0,0
9808384,1,1,0,0,0,1,6
9901323,12,1,11,45,0,12,25
5019,7,3,4,11,0,7,105
9510227,3,2,1,1,2,1,1
210004,3,3,0,0,0,3,11
9605376,8,1,7,17,8,0,0
110069,7,3,4,5,3,4,9
6120,1,1,0,0,0,1,4
212037,0,0,0,0,0,0,0
9510358,0,0,0,0,0,0,0
9909355,6,1,5,11,1,5,13
9807408,13,5,8,24,7,6,6
9411442,1,1,0,0,0,1,1
9609389,3,3,0,0,2,1,1
9507245,7,4,3,3,7,0,0
9709494,17,1,16,75,0,17,46
9703350,13,2,11,30,1,12,46
9601239,0,0,0,0,0,0,0
9808223,4,1,3,5,2,2,3
7015,4,1,3,4,0,4,26
9411251,2,2,0,0,2,0,0
9603223,1,1,0,0,0,1,1
105215,1,1,0,0,0,1,2
9912446,5,2,3,6,1,4,7
204173,6,3,3,4,1,5,17
1027,3,3,0,0,2,1,1
9712466,11,4,7,11,9,2,3
206135,10,3,7,12,0,10,43
208226,5,2,3,3,0,5,34
9609217,4,1,3,4,4,0,0
9912290,4,3,1,1,0,4,24
9905228,9,1,8,15,8,1,1
110312,5,3,2,2,0,5,12
9910364,1,1,0,0,0,1,5
9708460,5,3,2,2,0,5,17
9904201,6,1,5,11,0,6,51
205113,0,0,0,0,0,0,0
9909544,2,2,0,0,2,0,0
9511455,17,3,14,43,3,14,36
9903396,9,2,7,16,1,8,35
204080,9,4,5,13,0,9,114
9507222,9,2,7,13,0,9,9
3055,16,3,13,63,2,14,23
107141,9,3,6,19,0,9,44
209231,1,1,0,0,1,0,0
9909271,5,3,2,2,0,5,15
10065,1,1,0,0,0,1,2
9603239,7,4,3,4,1,6,9
110374,4,1,3,5,3,1,1
9405294,2,1,1,1,2,0,0
9219,3,1,2,3,0,3,17
8206,2,1,1,1,2,0,0
202134,1,1,0,0,0,1,4
109186,10,6,4,4,0,10,47
9711323,1,1,0,0,0,1,1
209137,1,1,0,0,0,1,5
9907443,1,1,0,0,0,1,1
9506445,13,5,8,18,8,5,5
12205,2,2,0,0,0,2,7
9809431,2,2,0,0,0,2,11
11133,2,2,0,0,0,2,2
9810299,3,1,2,3,0,3,4
9401315,3,1,2,2,3,0,0
9908376,7,3,4,9,0,7,31
9610468,1,1,0,0,1,0,0
9503468,1,1,0,0,1,0,0
203140,2,1,1,1,0,2,13
9710301,10,4,6,9,2,8,8
105287,0,0,0,0,0,0,0
207260,2,1,1,1,2,0,0
9809452,1,1,0,0,0,1,3
205090,3,2,1,1,2,1,1
109130,7,3,4,6,0,7,19
9908346,0,0,0,0,0,0,0
207056,7,5,2,3,1,6,53
207130,0,0,0,0,0,0,0
101341,0,0,0,0,0,0,0
9703385,6,4,2,3,0,6,11
9605265,0,0,0,0,0,0,0
9812526,9,4,5,8,0,9,14
9702346,0,0,0,0,0,0,0
9810454,10,1,9,25,0,10,19
206304,12,2,10,34,0,12,85
10246,3,1,2,3,0,3,7
102237,1,1,0,0,0,1,8
205206,1,1,0,0,0,1,2
9611451,2,1,1,1,0,2,14
9603213,12,5,7,9,6,6,7
209329,1,1,0,0,0,1,6
9606290,0,0,0,0,0,0,0
9502333,0,0,0,0,0,0,0
9712545,0,0,0,0,0,0,0
102060,2,1,1,1,0,2,15
9801337,2,1,1,1,1,1,11
2110,1,1,0,0,0,1,1
209005,1,1,0,0,0,1,7
9709230,6,2,4,4,3,3,3
9705478,2,2,0,0,2,0,0
9412390,4,2,2,2,4,0,0
102168,5,3,2,3,0,5,20
111091,0,0,0,0,0,0,0
101269,3,1,2,3,0,3,7
9908521,3,3,0,0,0,3,3
101237,0,0,0,0,0,0,0
202201,3,2,1,1,0,3,8
110050,1,1,0,0,0,1,1
1250,1,1,0,0,0,1,1
9708201,0,0,0,0,0,0,0
211195,1,1,0,0,0,1,2
9712214,1,1,0,0,0,1,1
9712314,2,2,0,0,0,2,5
11167,2,1,1,1,0,2,9
9710232,11,2,9,25,2,9,9
9809310,12,2,10,23,0,12,43
9506394,3,3,0,0,0,3,5
9509363,8,1,7,18,8,0,0
9608279,2,2,0,0,1,1,1
9401239,2,1,1,1,0,2,2
209082,0,0,0,0,0,0,0
9907321,1,1,0,0,0,1,2
9711449,1,1,0,0,1,0,0
9511463,1,1,0,0,1,0,0
9028,0,0,0,0,0,0,0
10347,0,0,0,0,0,0,0
9411314,6,5,1,1,1,5,17
9411405,4,1,3,4,4,0,0
6212,4,4,0,0,0,4,11
9604381,2,1,1,1,0,2,3
11211,0,0,0,0,0,0,0
9908398,2,2,0,0,0,2,6
211036,1,1,0,0,0,1,5
9402351,2,1,1,1,2,0,0
12076,0,0,0,0,0,0,0
302089,0,0,0,0,0,0,0
110110,0,0,0,0,0,0,0
105017,1,1,0,0,0,1,1
9212309,2,2,0,0,2,0,0
9309320,1,1,0,0,0,1,2
204144,6,3,3,7,0,6,11
9912321,0,0,0,0,0,0,0
203072,2,2,0,0,0,2,9
110079,0,0,0,0,0,0,0
9509293,1,1,0,0,0,1,1
9802310,4,2,2,3,3,1,2
9810433,0,0,0,0,0,0,0
203164,0,0,0,0,0,0,0
10327,1,1,0,0,0,1,4
203246,0,0,0,0,0,0,0
9902394,1,1,0,0,0,1,1
9608464,1,1,0,0,0,1,2
9906443,1,1,0,0,0,1,6
9709298,0,0,0,0,0,0,0
9704345,7,1,6,9,0,7,29
205319,3,3,0,0,0,3,22
9512424,1,1,0,0,1,0,0
9910515,3,2,1,1,0,3,8
205251,1,1,0,0,0,1,2
6089,2,1,1,1,0,2,2
9809484,1,1,0,0,0,1,14
10118,0,0,0,0,0,0,0
105063,11,3,8,13,0,11,61
103226,2,2,0,0,1,1,3
9908465,2,1,1,1,1,1,1
9909422,3,2,1,2,1,2,3
4250,4,3,1,1,2,2,2
9810430,1,1,0,0,0,1,1
9307239,3,1,2,2,3,0,0
212292,0,0,0,0,0,0,0
11388,1,1,0,0,0,1,4
108231,0,0,0,0,0,0,0
301167,2,1,1,1,0,2,30
9712316,2,2,0,0,2,0,0
112116,0,0,0,0,0,0,0
9907454,1,1,0,0,1,0,0
9510217,2,2,0,0,2,0,0
9702406,2,2,0,0,0,2,2
9410220,2,1,1,1,2,0,0
210357,0,0,0,0,0,0,0
102048,6,1,5,10,0,6,36
9610420,6,6,0,0,4,2,3
9810451,0,0,0,0,0,0,0
6213,3,2,1,1,3,0,0
206004,3,3,0,0,0,3,10
9605305,0,0,0,0,0,0,0
206296,0,0,0,0,0,0,0
9504412,0,0,0,0,0,0,0
1209,4,3,1,2,0,4,6
9609411,3,2,1,1,0,3,11
9804412,3,2,1,1,0,3,3
103257,1,1,0,0,0,1,1
9511424,5,2,3,6,5,0,0
111366,0,0,0,0,0,0,0
205327,4,4,0,0,0,4,32
9906326,0,0,0,0,0,0,0
111278,1,1,0,0,0,1,7
9410247,1,1,0,0,1,0,0
9710452,4,1,3,4,4,0,0
9803362,0,0,0,0,0,0,0
9412242,4,3,1,1,1,3,10
9303314,2,2,0,0,2,0,0
7247,1,1,0,0,0,1,2
9902316,2,2,0,0,0,2,17
9911400,2,2,0,0,2,0,0
9604257,3,2,1,2,0,3,5
302195,1,1,0,0,0,1,2
9909449,2,2,0,0,0,2,8
9905541,0,0,0,0,0,0,0
11339,1,1,0,0,0,1,2
301230,0,0,0,0,0,0,0
9610552,0,0,0,0,0,0,0
9801263,5,3,2,3,0,5,15
9909253,2,1,1,1,2,0,0
9909256,1,1,0,0,0,1,7
12383,6,4,2,4,1,5,19
9911466,0,0,0,0,0,0,0
9802336,1,1,0,0,0,1,4
7121,3,2,1,1,1,2,6
9807243,4,2,2,2,0,4,18
211215,0,0,0,0,0,0,0
105170,2,2,0,0,1,1,9
9807526,0,0,0,0,0,0,0
9910523,2,2,0,0,1,1,4
9502213,2,2,0,0,2,0,0
9902377,0,0,0,0,0,0,0
9310241,6,5,1,1,6,0,0
206070,5,4,1,1,0,5,37
9506272,1,1,0,0,1,0,0
206230,1,1,0,0,0,1,2
106177,1,1,0,0,0,1,1
9603429,3,2,1,1,0,3,4
105221,2,2,0,0,0,2,5
202193,0,0,0,0,0,0,0
102320,5,3,2,3,2,3,6
12203,5,1,4,10,0,5,27
9204201,2,2,0,0,2,0,0
9912508,2,2,0,0,0,2,2
205049,0,0,0,0,0,0,0
210411,2,2,0,0,1,1,3
9905344,0,0,0,0,0,0,0
9509221,0,0,0,0,0,0,0
9608303,2,2,0,0,0,2,3
9408387,7,3,4,7,7,0,0
302223,0,0,0,0,0,0,0
203042,3,3,0,0,0,3,5
9607406,1,1,0,0,0,1,2
9512392,0,0,0,0,0,0,0
9609269,0,0,0,0,0,0,0
203185,0,0,0,0,0,0,0
5057,0,0,0,0,0,0,0
11349,0,0,0,0,0,0,0
9601368,0,0,0,0,0,0,0
212076,1,1,0,0,0,1,12
9606453,2,2,0,0,0,2,3
9511269,0,0,0,0,0,0,0
111256,0,0,0,0,0,0,0
205126,1,1,0,0,1,0,0
109134,0,0,0,0,0,0,0
203097,2,2,0,0,0,2,13
9906347,2,2,0,0,0,2,7
204209,0,0,0,0,0,0,0
106175,4,1,3,6,0,4,28
5217,4,2,2,2,4,0,0
9710486,1,1,0,0,1,0,0
111225,1,1,0,0,0,1,6
9810365,0,0,0,0,0,0,0
101328,0,0,0,0,0,0,0
211068,0,0,0,0,0,0,0
110389,0,0,0,0,0,0,0
204263,0,0,0,0,0,0,0
9908262,0,0,0,0,0,0,0
9311280,1,1,0,0,1,0,0
9610353,2,2,0,0,0,2,12
9605435,1,1,0,0,0,1,1
301263,0,0,0,0,0,0,0
205127,0,0,0,0,0,0,0
9204239,2,1,1,1,2,0,0
9412241,0,0,0,0,0,0,0
9708433,0,0,0,0,0,0,0
12032,5,5,0,0,0,5,11
9403275,2,2,0,0,1,1,2
1050,0,0,0,0,0,0,0
9190,0,0,0,0,0,0,0
9712411,5,2,3,7,1,4,4
301055,1,1,0,0,0,1,9
9704203,1,1,0,0,1,0,0
5059,3,2,1,1,1,2,3
5175,0,0,0,0,0,0,0
9712258,2,2,0,0,0,2,6
206141,0,0,0,0,0,0,0
5299,0,0,0,0,0,0,0
111136,1,1,0,0,1,0,0
110015,1,1,0,0,0,1,2
9709311,0,0,0,0,0,0,0
101290,0,0,0,0,0,0,0
9504411,2,2,0,0,0,2,3
104147,2,1,1,1,2,0,0
4002,0,0,0,0,0,0,0
9304203,0,0,0,0,0,0,0
9211274,1,1,0,0,1,0,0
9907349,1,1,0,0,0,1,8
9605458,0,0,0,0,0,0,0
11399,1,1,0,0,0,1,1
2142,0,0,0,0,0,0,0
112321,0,0,0,0,0,0,0
9507273,1,1,0,0,0,1,2
109227,0,0,0,0,0,0,0
9708402,2,1,1,1,0,2,23
211394,2,2,0,0,0,2,17
9706463,2,1,1,1,0,2,4
9710320,0,0,0,0,0,0,0
9609477,1,1,0,0,0,1,4
9809332,0,0,0,0,0,0,0
9610376,1,1,0,0,0,1,1
9601207,0,0,0,0,0,0,0
9811449,0,0,0,0,0,0,0
211275,1,1,0,0,0,1,3
101193,1,1,0,0,0,1,2
9810346,0,0,0,0,0,0,0
9906493,0,0,0,0,0,0,0
201119,0,0,0,0,0,0,0
12172,0,0,0,0,0,0,0
9910503,0,0,0,0,0,0,0
9903219,0,0,0,0,0,0,0
212193,0,0,0,0,0,0,0
101223,5,3,2,2,0,5,34
9905482,1,1,0,0,0,1,3
8170,0,0,0,0,0,0,0
9704420,5,2,3,3,1,4,4
206215,3,1,2,3,0,3,13
9608448,4,2,2,4,4,0,0
111408,0,0,0,0,0,0,0
107160,1,1,0,0,1,0,0
9912331,1,1,0,0,0,1,1
9612360,0,0,0,0,0,0,0
9706370,0,0,0,0,0,0,0
202181,1,1,0,0,0,1,4
3088,2,1,1,1,0,2,5
9901205,1,1,0,0,0,1,3
9910318,0,0,0,0,0,0,0
111381,1,1,0,0,0,1,1
111322,3,1,2,3,0,3,12
12340,1,1,0,0,0,1,3
110394,2,1,1,1,0,2,3
9709428,3,1,2,3,3,0,0
9802317,0,0,0,0,0,0,0
9805347,2,2,0,0,1,1,2
9908201,3,1,2,3,1,2,2
202142,1,1,0,0,0,1,1
9803339,0,0,0,0,0,0,0
209034,0,0,0,0,0,0,0
9402235,0,0,0,0,0,0,0
9909283,1,1,0,0,1,0,0
104248,1,1,0,0,0,1,2
203083,2,2,0,0,0,2,8
201155,1,1,0,0,0,1,7
9704270,0,0,0,0,0,0,0
12190,0,0,0,0,0,0,0
9702425,0,0,0,0,0,0,0
206275,0,0,0,0,0,0,0
9906426,1,1,0,0,1,0,0
9908444,0,0,0,0,0,0,0
9506306,0,0,0,0,0,0,0
9807463,1,1,0,0,0,1,2
9907568,0,0,0,0,0,0,0
9906263,1,1,0,0,1,0,0
4124,3,3,0,0,0,3,36
107238,1,1,0,0,0,1,4
211020,0,0,0,0,0,0,0
9704209,1,1,0,0,1,0,0
205151,1,1,0,0,0,1,3
9608456,0,0,0,0,0,0,0
104136,0,0,0,0,0,0,0
208206,0,0,0,0,0,0,0
205161,2,2,0,0,0,2,15
105012,0,0,0,0,0,0,0
9411327,0,0,0,0,0,0,0
11331,0,0,0,0,0,0,0
204310,1,1,0,0,1,0,0
9512221,1,1,0,0,1,0,0
212271,1,1,0,0,0,1,7
9183,1,1,0,0,0,1,4
212261,0,0,0,0,0,0,0
105211,0,0,0,0,0,0,0
9910353,0,0,0,0,0,0,0
108075,0,0,0,0,0,0,0
208118,0,0,0,0,0,0,0
9508257,0,0,0,0,0,0,0
110207,3,2,1,2,3,0,0
110408,0,0,0,0,0,0,0
9504202,0,0,0,0,0,0,0
111074,0,0,0,0,0,0,0
109290,2,2,0,0,0,2,14
210378,0,0,0,0,0,0,0
9708371,0,0,0,0,0,0,0
205204,0,0,0,0,0,0,0
9801285,1,1,0,0,1,0,0
10200,0,0,0,0,0,0,0
9309315,0,0,0,0,0,0,0
9709437,0,0,0,0,0,0,0
9912256,0,0,0,0,0,0,0
108082,0,0,0,0,0,0,0
301150,0,0,0,0,0,0,0
6170,0,0,0,0,0,0,0
9711408,1,1,0,0,0,1,1
9803465,0,0,0,0,0,0,0
9407300,0,0,0,0,0,0,0
202234,0,0,0,0,0,0,0
106262,1,1,0,0,0,1,4
212058,0,0,0,0,0,0,0
210358,0,0,0,0,0,0,0
10202,0,0,0,0,0,0,0
9802355,0,0,0,0,0,0,0
207199,0,0,0,0,0,0,0
4144,0,0,0,0,0,0,0
9709314,0,0,0,0,0,0,0
211279,1,1,0,0,0,1,9
209063,1,1,0,0,0,1,13
9503257,0,0,0,0,0,0,0
9809309,2,1,1,1,0,2,4
2197,2,2,0,0,0,2,4
9811241,1,1,0,0,0,1,1
9901391,2,2,0,0,1,1,2
106170,0,0,0,0,0,0,0
9810248,1,1,0,0,1,0,0
9703202,0,0,0,0,0,0,0
208255,0,0,0,0,0,0,0
9502325,0,0,0,0,0,0,0
9507252,1,1,0,0,0,1,3
202079,0,0,0,0,0,0,0
109205,0,0,0,0,0,0,0
109011,1,1,0,0,0,1,1
9909503,0,0,0,0,0,0,0
9604450,1,1,0,0,0,1,2
9503458,0,0,0,0,0,0,0
302015,0,0,0,0,0,0,0
9701258,0,0,0,0,0,0,0
6316,0,0,0,0,0,0,0
9607468,0,0,0,0,0,0,0
9701405,1,1,0,0,1,0,0
9905315,0,0,0,0,0,0,0
9707294,0,0,0,0,0,0,0
9710262,0,0,0,0,0,0,0
9506223,0,0,0,0,0,0,0
101187,0,0,0,0,0,0,0
9407219,0,0,0,0,0,0,0
9901305,1,1,0,0,1,0,0
9702347,1,1,0,0,0,1,1
210409,0,0,0,0,0,0,0
209030,0,0,0,0,0,0,0
9307257,0,0,0,0,0,0,0
9905234,1,1,0,0,1,0,0
212160,0,0,0,0,0,0,0
105185,0,0,0,0,0,0,0
209266,0,0,0,0,0,0,0
210202,2,2,0,0,0,2,31
9902366,1,1,0,0,1,0,0
9510292,0,0,0,0,0,0,0
111352,0,0,0,0,0,0,0
9502310,0,0,0,0,0,0,0
209204,0,0,0,0,0,0,0
9903545,0,0,0,0,0,0,0
12144,0,0,0,0,0,0,0
9911356,0,0,0,0,0,0,0
9605338,0,0,0,0,0,0,0
112183,0,0,0,0,0,0,0
9810544,0,0,0,0,0,0,0
204022,0,0,0,0,0,0,0
212114,0,0,0,0,0,0,0
9412317,0,0,0,0,0,0,0
9901300,0,0,0,0,0,0,0
111281,0,0,0,0,0,0,0
9406229,0,0,0,0,0,0,0
9812533,0,0,0,0,0,0,0
9303285,0,0,0,0,0,0,0
110082,1,1,0,0,0,1,4
9908270,0,0,0,0,0,0,0
9408327,0,0,0,0,0,0,0
6144,0,0,0,0,0,0,0
9903430,0,0,0,0,0,0,0
212065,0,0,0,0,0,0,0
9601312,0,0,0,0,0,0,0
7060,1,1,0,0,0,1,1
9910455,1,1,0,0,0,1,3
202198,0,0,0,0,0,0,0
211043,1,1,0,0,0,1,6
110048,0,0,0,0,0,0,0
9305318,0,0,0,0,0,0,0
9812391,0,0,0,0,0,0,0
202117,0,0,0,0,0,0,0
210225,0,0,0,0,0,0,0
211289,0,0,0,0,0,0,0
9402202,0,0,0,0,0,0,0
9211237,2,1,1,1,2,0,0
210417,1,1,0,0,0,1,1
212013,0,0,0,0,0,0,0
9406223,0,0,0,0,0,0,0
201063,0,0,0,0,0,0,0
9507431,1,1,0,0,1,0,0
9611287,0,0,0,0,0,0,0
9282,0,0,0,0,0,0,0
206213,0,0,0,0,0,0,0
4054,0,0,0,0,0,0,0
9907244,0,0,0,0,0,0,0
9507458,0,0,0,0,0,0,0
9901279,0,0,0,0,0,0,0
9812245,0,0,0,0,0,0,0
9802333,0,0,0,0,0,0,0
9610240,0,0,0,0,0,0,0
9507454,0,0,0,0,0,0,0
206273,1,1,0,0,0,1,2
9705360,0,0,0,0,0,0,0
110168,0,0,0,0,0,0,0
9603407,0,0,0,0,0,0,0
9906479,0,0,0,0,0,0,0
9606479,0,0,0,0,0,0,0
302050,0,0,0,0,0,0,0
9812343,0,0,0,0,0,0,0
211338,1,1,0,0,0,1,1
9710260,0,0,0,0,0,0,0
210252,1,1,0,0,1,0,0
9406358,0,0,0,0,0,0,0
205175,1,1,0,0,0,1,2
206161,0,0,0,0,0,0,0
9609519,0,0,0,0,0,0,0
211299,1,1,0,0,0,1,2
207058,0,0,0,0,0,0,0
9611335,0,0,0,0,0,0,0
9909289,0,0,0,0,0,0,0
112096,0,0,0,0,0,0,0
9807290,0,0,0,0,0,0,0
212119,1,1,0,0,1,0,0
9906380,0,0,0,0,0,0,0
9904294,0,0,0,0,0,0,0
9311275,0,0,0,0,0,0,0
9910507,0,0,0,0,0,0,0
212296,0,0,0,0,0,0,0
106043,0,0,0,0,0,0,0
9605343,0,0,0,0,0,0,0
9809579,0,0,0,0,0,0,0
210203,0,0,0,0,0,0,0
9907441,0,0,0,0,0,0,0
105075,0,0,0,0,0,0,0
302229,0,0,0,0,0,0,0
9512315,0,0,0,0,0,0,0
302144,0,0,0,0,0,0,0
207111,0,0,0,0,0,0,0
302269,0,0,0,0,0,0,0
9901335,1,1,0,0,1,0,0
111036,0,0,0,0,0,0,0
9402216,1,1,0,0,1,0,0
110271,0,0,0,0,0,0,0
9606402,19,2,17,41,3,16,21
9303284,88,9,79,762,27,61,61
102012,7,3,4,9,0,7,60
9910291,33,3,30,110,0,33,178
9512356,35,5,30,192,0,35,159
9502363,28,6,22,127,6,22,68
9312202,13,3,10,31,13,0,0
9406416,10,4,6,8,0,10,15
103338,2,1,1,1,2,0,0
9511260,20,4,16,42,0,20,45
9806401,8,7,1,1,0,8,45
11112,7,2,5,6,0,7,37
9411426,151,8,143,1024,67,84,203
9806287,33,9,24,91,0,33,234
9212229,25,10,15,37,25,0,0
9807423,79,3,76,615,1,78,481
112177,36,6,30,101,0,36,326
9804403,198,5,193,2656,22,176,434
9511219,2,2,0,0,0,2,8
9405418,26,3,23,91,14,12,13
9304303,42,3,39,173,22,20,25
9407248,14,4,10,21,2,12,23
9406372,36,9,27,77,24,12,13
9607372,115,13,102,722,15,100,649
9902215,17,1,16,40,7,10,10
9507212,79,5,74,534,19,60,128
9506350,50,4,46,183,8,42,99
9802334,89,12,77,430,36,53,205
9901318,38,4,34,115,0,38,138
9706230,31,11,20,71,2,29,101
9903408,23,8,15,46,0,23,47
9808489,10,3,7,21,6,4,11
9705392,41,7,34,138,6,35,73
9809540,8,7,1,1,8,0,0
9807360,28,2,26,117,14,14,19
3208,3,1,2,3,0,3,16
9807341,2,2,0,0,0,2,6
9610517,9,3,6,12,0,9,52
9612442,12,1,11,18,0,12,80
9707311,2,2,0,0,0,2,5
9209232,152,21,131,707,119,33,34
9501336,25,8,17,46,6,19,41
9408224,79,3,76,820,51,28,28
9602381,70,6,64,470,6,64,167
9502201,10,2,8,12,5,5,10
9607392,19,4,15,44,5,14,37
9708222,52,6,46,229,0,52,186
9610252,38,3,35,151,12,26,47
9810397,18,2,16,50,0,18,213
9507378,242,10,232,2552,10,232,532
9701244,37,5,32,133,1,36,215
9708377,19,5,14,40,0,19,297
9303294,14,1,13,44,14,0,0
9808487,12,2,10,15,1,11,23
111167,2,1,1,1,0,2,10
9907391,20,2,18,70,0,20,80
9606279,5,1,4,6,0,5,11
9701396,62,8,54,344,1,61,284
9603404,108,3,105,946,7,101,355
9708398,16,4,12,35,12,4,4
9303241,54,6,48,188,28,26,26
9712294,3,2,1,1,3,0,0
9604340,36,3,33,220,2,34,95
9708299,16,4,12,36,1,15,28
9408370,29,6,23,83,29,0,0
9209259,12,6,6,8,12,0,0
9606447,3,3,0,0,0,3,16
9406289,54,13,41,254,6,48,122
9306318,15,2,13,38,15,0,0
9903205,3,3,0,0,1,2,2
9708239,40,5,35,145,2,38,303
9702424,25,4,21,99,0,25,221
9610209,95,1,94,1009,95,0,0
9704267,27,5,22,70,1,26,62
9407399,10,1,9,21,7,3,3
9912292,1,1,0,0,0,1,1
9607393,6,6,0,0,6,0,0
2258,25,9,16,56,2,23,385
9503344,43,1,42,164,35,8,8
9404343,8,5,3,6,5,3,3
9604225,16,4,12,26,1,15,106
9805270,65,4,61,450,2,63,295
9408380,14,1,13,44,14,0,0
9801397,69,5,64,573,16,53,197
9409440,75,8,67,351,2,73,266
9509256,28,1,27,122,1,27,59
9808380,0,0,0,0,0,0,0
9211319,4,3,1,1,4,0,0
9501375,45,4,41,165,9,36,100
9604327,14,4,10,24,5,9,9
9704416,23,4,19,39,4,19,41
9161,1,1,0,0,0,1,21
9902430,40,2,38,172,2,38,149
9312245,9,5,4,6,6,3,3
9702376,47,5,42,264,3,44,113
9709273,14,2,12,42,0,14,54
9812476,14,7,7,15,3,11,18
9810319,19,1,18,68,0,19,33
9905310,30,9,21,61,4,26,99
9701364,9,3,6,20,0,9,14
103168,11,5,6,17,0,11,66
3185,8,3,5,8,0,8,115
9302265,12,4,8,16,0,12,17
2148,1,1,0,0,0,1,1
11027,3,1,2,2,0,3,71
102307,11,2,9,26,7,4,7
9903524,13,2,11,28,1,12,46
9304309,2,2,0,0,0,2,4
9801449,7,3,4,10,7,0,0
9810410,61,4,57,389,1,60,344
9411281,2,1,1,1,1,1,1
9812345,4,2,2,2,1,3,19
9706408,13,3,10,25,0,13,53
9708443,3,3,0,0,0,3,12
9611312,16,2,14,79,16,0,0
101331,3,2,1,1,0,3,8
9406431,21,3,18,81,21,0,0
9907207,4,4,0,0,1,3,21
9610545,7,2,5,14,7,0,0
9904395,59,3,56,423,1,58,428
9712254,11,4,7,13,7,4,4
9805448,14,5,9,18,2,12,43
9708419,12,9,3,4,1,11,156
9405238,21,3,18,49,21,0,0
9403208,47,6,41,230,47,0,0
9503491,8,2,6,8,1,7,12
9809553,1,1,0,0,0,1,5
9403385,7,3,4,5,7,0,0
9401267,15,2,13,36,0,15,42
101250,6,1,5,6,0,6,44
9811211,3,2,1,1,1,2,2
9904295,5,2,3,5,0,5,17
9804273,26,5,21,57,1,25,119
9412302,16,1,15,49,0,16,106
102344,53,4,49,429,0,53,315
6049,32,1,31,222,0,32,195
9510301,108,9,99,515,13,95,235
9904469,12,3,9,18,0,12,92
6266,22,2,20,69,0,22,167
9404227,11,3,8,10,1,10,10
9911337,26,6,20,61,0,26,150
9803384,22,5,17,59,2,20,97
103179,34,8,26,99,8,26,116
11251,72,3,69,397,16,56,164
9408244,6,2,4,9,0,6,6
9702397,8,1,7,9,1,7,7
7099,19,1,18,69,2,17,57
2213,33,8,25,94,0,33,231
9503374,3,2,1,2,3,0,0
9910250,21,4,17,32,0,21,127
9603305,2,2,0,0,0,2,3
9905395,20,3,17,80,0,20,513
9905311,57,4,53,318,0,57,581
1080,5,4,1,1,1,4,14
9509373,13,7,6,12,10,3,3
204316,12,2,10,15,0,12,218
201114,10,4,6,13,0,10,76
9806280,20,2,18,67,11,9,9
201139,30,3,27,174,0,30,399
9319,4,1,3,4,0,4,16
5104,23,7,16,43,3,20,109
9702320,4,2,2,3,1,3,26
9509418,7,3,4,6,7,0,0
110126,16,6,10,20,0,16,101
102216,8,5,3,6,1,7,23
9206216,13,5,8,14,13,0,0
9709364,38,1,37,226,1,37,120
104051,8,3,5,14,0,8,55
6217,3,1,2,2,0,3,19
9410353,31,1,30,124,13,18,18
9806392,4,1,3,3,0,4,12
103017,1,1,0,0,1,0,0
9909243,10,4,6,8,2,8,37
9906232,10,1,9,12,0,10,68
9704277,45,6,39,138,5,40,86
9309286,5,3,2,3,5,0,0
9406267,12,5,7,11,12,0,0
9255,67,8,59,253,1,66,562
9706347,38,2,36,134,6,32,47
9605462,8,5,3,6,0,8,71
9610401,15,4,11,22,0,15,59
9504332,12,8,4,5,1,11,31
9306321,5,2,3,4,0,5,12
9603234,3,2,1,1,0,3,18
9507253,68,3,65,404,5,63,215
9206214,32,11,21,140,32,0,0
112109,5,2,3,4,0,5,20
9809437,5,1,4,6,0,5,35
9707395,59,6,53,414,1,58,392
9801279,20,2,18,85,0,20,84
9404257,2,1,1,1,2,0,0
9811208,3,2,1,2,0,3,6
9310321,5,4,1,1,5,0,0
9506280,37,3,34,195,25,12,15
105008,15,3,12,24,0,15,186
9905387,10,3,7,11,0,10,37
9808434,6,2,4,6,3,3,3
9304276,16,11,5,9,16,0,0
7036,2,2,0,0,0,2,5
1287,9,2,7,14,0,9,90
9410375,7,5,2,3,7,0,0
9702227,10,6,4,8,0,10,50
9611326,7,3,4,5,0,7,21
9409416,11,3,8,20,3,8,22
9403390,46,7,39,240,15,31,52
9306268,9,4,5,10,9,0,0
9911476,6,2,4,8,1,5,14
9609448,18,8,10,19,5,13,17
9504336,30,11,19,66,3,27,53
9811395,3,1,2,3,1,2,4
9507321,20,6,14,52,0,20,98
9609439,4,1,3,5,0,4,9
9706438,34,2,32,121,0,34,188
9506446,4,3,1,1,1,3,3
9704318,2,1,1,1,0,2,2
9802416,18,6,12,20,0,18,137
9506425,38,3,35,175,37,1,1
9308310,10,4,6,12,10,0,0
9503296,23,6,17,61,1,22,65
9707275,8,5,3,7,0,8,90
9705266,4,4,0,0,1,3,7
9708325,2,1,1,1,0,2,9
8125,5,3,2,2,1,4,27
9806318,1,1,0,0,1,0,0
9605301,20,8,12,49,15,5,5
9809491,3,1,2,3,0,3,7
9706551,10,1,9,17,1,9,15
9603328,24,2,22,160,14,10,10
9801448,6,2,4,4,0,6,18
9903406,19,2,17,94,0,19,79
112110,18,2,16,76,8,10,13
9283,2,1,1,1,0,2,10
9805286,0,0,0,0,0,0,0
9605229,26,3,23,102,0,26,184
110203,3,1,2,3,0,3,22
206136,6,2,4,7,0,6,48
9804206,4,3,1,1,0,4,5
3122,16,5,11,34,0,16,169
12362,11,3,8,23,0,11,40
9506405,2,1,1,1,0,2,10
110014,3,2,1,1,0,3,21
9209260,5,5,0,0,5,0,0
9604316,24,6,18,53,3,21,65
9610377,1,1,0,0,0,1,1
9909377,8,1,7,15,0,8,280
9401319,11,5,6,11,11,0,0
107153,1,1,0,0,1,0,0
103224,8,1,7,22,0,8,198
9907264,16,2,14,45,1,15,77
9710234,30,3,27,89,9,21,44
9311278,25,3,22,64,17,8,10
105344,12,3,9,36,12,0,0
204225,12,5,7,17,0,12,96
9311288,12,1,11,24,0,12,12
106199,1,1,0,0,0,1,2
9905486,10,1,9,26,0,10,74
9905565,6,3,3,4,1,5,8
202265,3,2,1,1,0,3,19
9704249,33,8,25,132,1,32,135
9505330,4,1,3,3,4,0,0
9903509,4,2,2,3,4,0,0
9911235,3,3,0,0,0,3,25
9911521,1,1,0,0,0,1,6
9702334,13,9,4,8,2,11,19
9901306,16,3,13,59,1,15,165
9504360,14,2,12,32,14,0,0
9611255,4,1,3,5,0,4,75
302225,0,0,0,0,0,0,0
9212276,1,1,0,0,1,0,0
9309333,4,1,3,5,3,1,1
9708478,3,2,1,1,0,3,4
106356,13,2,11,31,0,13,31
9612329,8,3,5,12,8,0,0
9902375,24,17,7,9,17,7,12
9704222,22,3,19,60,1,21,86
9804307,4,1,3,3,0,4,23
9705234,45,3,42,283,4,41,185
9912320,4,1,3,3,1,3,5
9703414,7,7,0,0,1,6,18
3172,20,5,15,34,0,20,170
111172,7,2,5,6,0,7,18
109239,2,1,1,1,1,1,1
9507280,12,5,7,13,4,8,13
9402315,5,3,2,3,5,0,0
3066,5,3,2,3,2,3,15
9407254,0,0,0,0,0,0,0
9908351,6,2,4,8,0,6,48
102093,27,6,21,68,0,27,315
111150,34,10,24,74,1,33,236
9807486,8,3,5,8,1,7,17
9710300,14,6,8,15,1,13,59
3059,0,0,0,0,0,0,0
7299,0,0,0,0,0,0,0
9504371,5,1,4,10,3,2,4
104242,11,3,8,18,0,11,191
9604303,6,2,4,8,0,6,13
9410363,2,1,1,1,2,0,0
110246,4,2,2,2,0,4,28
9611240,1,1,0,0,0,1,2
9609447,15,5,10,38,0,15,86
9804265,14,2,12,28,8,6,9
9901368,6,2,4,7,0,6,35
9512211,2,2,0,0,1,1,1
9307212,1,1,0,0,1,0,0
9602269,9,3,6,9,2,7,16
9307213,5,2,3,7,0,5,10
110317,6,4,2,2,0,6,36
9503313,6,2,4,4,0,6,37
9908412,13,4,9,30,0,13,28
9611452,8,3,5,8,1,7,9
9903354,33,13,20,45,0,33,186
105175,21,2,19,87,2,19,104
9905392,12,1,11,29,7,5,9
9905316,9,3,6,9,0,9,43
102091,2,2,0,0,0,2,12
108139,32,6,26,115,0,32,272
9709234,3,2,1,1,0,3,4
1092,4,4,0,0,4,0,0
9510209,4,2,2,5,2,2,2
1073,2,2,0,0,0,2,22
9712389,12,5,7,13,0,12,80
9404361,7,3,4,6,7,0,0
205024,7,3,4,6,0,7,137
9807497,19,2,17,47,0,19,114
9712480,1,1,0,0,1,0,0
9302281,11,5,6,10,11,0,0
9810425,12,1,11,16,0,12,14
9905226,20,8,12,17,0,20,120
9512374,3,1,2,2,0,3,9
9712259,0,0,0,0,0,0,0
9806291,5,4,1,1,3,2,25
9312353,1,1,0,0,0,1,1
9809306,11,2,9,26,11,0,0
9706496,6,1,5,8,0,6,7
9507451,5,2,3,4,0,5,19
9303279,9,4,5,6,9,0,0
9801403,7,2,5,11,7,0,0
9604446,6,3,3,5,0,6,8
9512325,4,1,3,5,4,0,0
9504245,9,1,8,29,9,0,0
9310369,57,1,56,403,6,51,132
9507234,4,2,2,2,0,4,14
9912218,3,2,1,1,0,3,10
108221,12,2,10,24,0,12,150
9612348,3,1,2,3,3,0,0
9503253,5,1,4,7,2,3,3
9712384,5,3,2,3,0,5,14
9809546,1,1,0,0,0,1,5
9906452,22,2,20,121,0,22,87
9511322,1,1,0,0,0,1,1
9808413,3,3,0,0,0,3,20
9603339,4,3,1,1,3,1,1
9907468,7,1,6,9,0,7,7
9708252,1,1,0,0,0,1,4
9709214,14,3,11,30,9,5,5
9810520,6,3,3,3,0,6,40
9809513,11,1,10,24,0,11,65
9606237,12,3,9,45,1,11,12
109181,8,2,6,13,0,8,22
12026,5,5,0,0,0,5,64
9909489,20,2,18,51,0,20,149
9908274,1,1,0,0,0,1,6
105277,9,2,7,16,2,7,22
9912491,8,3,5,7,0,8,27
9710413,9,5,4,14,0,9,38
111019,3,1,2,3,0,3,7
9805434,4,2,2,3,0,4,11
9408326,25,7,18,72,8,17,17
109200,4,2,2,3,0,4,16
9612304,3,2,1,1,1,2,8
9807289,1,1,0,0,0,1,3
9810228,1,1,0,0,0,1,1
9605223,37,5,32,92,0,37,219
9910425,7,2,5,11,0,7,14
9908417,7,2,5,7,0,7,40
207054,0,0,0,0,0,0,0
9709363,20,2,18,32,1,19,119
109094,2,2,0,0,0,2,18
9610295,4,1,3,3,1,3,4
9203206,22,14,8,10,22,0,0
9512279,1,1,0,0,1,0,0
9605230,18,6,12,32,0,18,74
9401272,12,3,9,21,0,12,35
9705216,19,8,11,31,3,16,41
9712242,2,2,0,0,2,0,0
9306252,5,4,1,1,0,5,10
9906305,3,1,2,3,1,2,6
6044,0,0,0,0,0,0,0
9401244,1,1,0,0,0,1,1
9706288,8,4,4,11,0,8,139
9603301,4,2,2,3,0,4,21
9907488,8,3,5,12,0,8,44
9909291,0,0,0,0,0,0,0
9303210,2,2,0,0,2,0,0
9711438,6,1,5,9,0,6,6
9810419,4,1,3,3,3,1,2
105235,2,1,1,1,0,2,8
7105,1,1,0,0,1,0,0
9904421,9,3,6,13,0,9,54
11216,3,2,1,2,3,0,0
9703325,1,1,0,0,1,0,0
206068,3,3,0,0,0,3,20
9812304,3,1,2,2,0,3,22
9901314,8,4,4,7,1,7,29
11006,1,1,0,0,0,1,10
9211307,8,1,7,18,8,0,0
203031,7,4,3,3,0,7,95
9804397,11,2,9,14,0,11,52
9402256,5,2,3,6,2,3,3
9706417,8,3,5,10,0,8,35
9911292,1,1,0,0,0,1,5
110328,1,1,0,0,0,1,3
9702370,5,2,3,6,0,5,9
9902350,6,2,4,7,2,4,12
106292,4,2,2,3,0,4,9
9811346,7,5,2,3,0,7,28
9906484,2,1,1,1,0,2,3
9611244,10,2,8,15,2,8,14
9303290,2,1,1,1,2,0,0
9610369,9,7,2,3,0,9,27
9701272,7,5,2,4,2,5,6
9501315,6,2,4,5,6,0,0
9809597,1,1,0,0,0,1,4
106139,13,9,4,5,0,13,122
9906267,6,1,5,7,0,6,47
9910204,14,1,13,56,0,14,34
109046,1,1,0,0,0,1,1
9603421,1,1,0,0,0,1,1
211236,1,1,0,0,0,1,1
107054,1,1,0,0,0,1,2
9707463,17,3,14,34,1,16,30
9506428,0,0,0,0,0,0,0
1150,4,2,2,2,0,4,5
9901307,2,2,0,0,1,1,2
9711221,4,3,1,1,2,2,5
104173,0,0,0,0,0,0,0
208083,2,2,0,0,0,2,62
3125,5,3,2,2,1,4,5
203256,3,3,0,0,0,3,16
9207235,7,7,0,0,7,0,0
8277,0,0,0,0,0,0,0
108264,13,6,7,12,9,4,6
9612358,5,2,3,5,0,5,11
9707475,9,2,7,18,0,9,58
9812212,10,3,7,8,1,9,26
9506422,10,3,7,14,10,0,0
103315,7,2,5,10,1,6,10
9905498,2,2,0,0,1,1,2
9703425,0,0,0,0,0,0,0
9903233,2,2,0,0,0,2,2
111193,9,4,5,10,0,9,21
9604448,4,2,2,3,4,0,0
9211250,10,6,4,8,10,0,0
9409444,7,3,4,8,7,0,0
205259,8,2,6,13,0,8,15
9702254,0,0,0,0,0,0,0
9411293,2,1,1,1,0,2,4
9245,7,3,4,7,0,7,51
11248,16,5,11,23,0,16,224
105260,13,4,9,19,0,13,120
7278,5,2,3,3,3,2,2
9707432,5,3,2,2,0,5,14
9808231,1,1,0,0,0,1,2
9910435,7,2,5,11,0,7,22
112074,10,4,6,16,0,10,54
9607278,7,4,3,7,7,0,0
9912527,20,5,15,55,2,18,71
106124,12,2,10,21,0,12,138
105147,11,3,8,21,0,11,31
9502359,13,5,8,27,1,12,16
9802444,1,1,0,0,1,0,0
9502220,1,1,0,0,1,0,0
9908214,3,1,2,3,0,3,21
9907307,7,1,6,15,0,7,60
10291,1,1,0,0,0,1,6
10199,2,2,0,0,0,2,10
9906546,7,4,3,4,0,7,29
102165,3,2,1,1,0,3,7
9311257,13,5,8,23,7,6,11
9508212,1,1,0,0,0,1,2
209337,7,4,3,6,0,7,83
107063,1,1,0,0,1,0,0
9610379,5,2,3,4,3,2,2
10043,2,1,1,1,0,2,8
9508260,0,0,0,0,0,0,0
9509207,8,3,5,13,8,0,0
9311277,7,3,4,7,1,6,16
9812363,13,2,11,28,2,11,24
2038,6,3,3,8,0,6,21
6271,5,1,4,10,0,5,86
9505217,8,2,6,19,8,0,0
9502226,0,0,0,0,0,0,0
101253,0,0,0,0,0,0,0
9261,2,1,1,1,0,2,4
9311259,1,1,0,0,0,1,2
7276,4,2,2,3,0,4,40
9804219,4,3,1,1,1,3,5
11141,1,1,0,0,0,1,3
9709339,2,2,0,0,0,2,8
9407260,17,5,12,36,17,0,0
9502235,4,2,2,4,4,0,0
9512344,8,4,4,7,8,0,0
9802387,19,2,17,39,2,17,22
105220,3,2,1,2,0,3,21
206241,11,6,5,7,0,11,165
9909313,0,0,0,0,0,0,0
9605382,30,6,24,84,19,11,11
9802235,2,2,0,0,0,2,6
9411288,3,3,0,0,1,2,2
9203,1,1,0,0,0,1,7
103141,3,1,2,3,0,3,8
209222,5,1,4,4,0,5,31
9911394,4,3,1,1,1,3,4
9709466,0,0,0,0,0,0,0
209124,5,2,3,5,0,5,21
209265,2,1,1,1,0,2,11
9511416,0,0,0,0,0,0,0
9712357,5,2,3,4,2,3,13
1035,4,1,3,6,0,4,16
111187,1,1,0,0,0,1,9
5042,3,1,2,3,0,3,10
9803239,4,3,1,1,0,4,17
9904444,5,1,4,6,0,5,45
105078,2,2,0,0,0,2,3
9709210,2,2,0,0,0,2,3
9706223,7,5,2,4,1,6,18
9910321,2,1,1,1,0,2,2
202178,8,2,6,11,2,6,55
9601313,10,3,7,15,2,8,20
7237,8,2,6,21,0,8,20
104223,0,0,0,0,0,0,0
9708270,3,2,1,1,2,1,1
9812415,1,1,0,0,0,1,3
9606357,3,3,0,0,0,3,18
9605256,3,2,1,1,0,3,17
206027,2,1,1,1,0,2,6
9706462,5,3,2,3,0,5,26
102332,10,3,7,23,0,10,36
10099,4,3,1,1,4,0,0
1242,1,1,0,0,0,1,1
110324,5,4,1,2,0,5,60
9910555,0,0,0,0,0,0,0
202032,2,2,0,0,0,2,16
9902429,4,4,0,0,0,4,10
9603264,1,1,0,0,0,1,3
8061,3,2,1,1,0,3,54
9711410,1,1,0,0,0,1,5
111336,3,1,2,3,1,2,6
9811474,10,2,8,10,2,8,13
9502374,2,2,0,0,1,1,1
9511278,2,2,0,0,0,2,15
9207261,1,1,0,0,1,0,0
9402317,2,2,0,0,2,0,0
9910355,6,3,3,4,0,6,18
9803438,6,4,2,5,0,6,23
104063,0,0,0,0,0,0,0
208024,1,1,0,0,0,1,6
201042,1,1,0,0,0,1,5
201086,6,4,2,2,5,1,2
106095,1,1,0,0,0,1,2
9401299,9,5,4,8,4,5,5
211255,0,0,0,0,0,0,0
204326,2,2,0,0,2,0,0
9804340,6,4,2,5,4,2,2
9806396,2,2,0,0,0,2,8
9604263,1,1,0,0,1,0,0
9406312,9,2,7,19,9,0,0
9507293,5,4,1,1,5,0,0
9812456,15,2,13,58,0,15,100
207236,8,1,7,16,0,8,71
10247,6,2,4,6,0,6,15
207002,1,1,0,0,0,1,8
203126,3,1,2,3,0,3,39
9209290,10,6,4,6,10,0,0
9701251,4,2,2,2,1,3,4
9812394,1,1,0,0,1,0,0
11205,1,1,0,0,0,1,3
9409336,1,1,0,0,0,1,2
9710502,1,1,0,0,1,0,0
9511400,1,1,0,0,1,0,0
9707318,2,2,0,0,0,2,13
9811483,3,3,0,0,1,2,2
209309,0,0,0,0,0,0,0
9803402,2,1,1,1,2,0,0
9612207,2,2,0,0,2,0,0
9506214,1,1,0,0,1,0,0
3053,3,3,0,0,0,3,21
101053,3,3,0,0,0,3,5
109211,0,0,0,0,0,0,0
3212,3,3,0,0,1,2,22
9712300,12,2,10,19,0,12,56
6133,2,1,1,1,0,2,2
11376,3,2,1,1,3,0,0
210425,0,0,0,0,0,0,0
9411383,5,2,3,3,0,5,16
105279,6,2,4,5,0,6,28
201309,4,1,3,3,0,4,6
9702364,6,2,4,7,2,4,9
9802384,8,2,6,16,2,6,7
102327,0,0,0,0,0,0,0
9809562,11,4,7,9,0,11,41
9610385,2,2,0,0,0,2,15
9705372,15,2,13,44,2,13,25
9612275,2,2,0,0,2,0,0
9903449,0,0,0,0,0,0,0
109023,1,1,0,0,0,1,5
9711210,6,2,4,4,0,6,17
101219,3,1,2,2,3,0,0
9902473,3,3,0,0,0,3,6
9608463,4,2,2,2,2,2,3
6115,3,3,0,0,0,3,6
9609206,1,1,0,0,0,1,5
9701293,4,1,3,3,1,3,10
207255,3,3,0,0,0,3,23
9707454,4,2,2,2,2,2,4
9405349,1,1,0,0,1,0,0
9707513,7,2,5,5,0,7,14
205058,1,1,0,0,0,1,6
9511395,0,0,0,0,0,0,0
5204,0,0,0,0,0,0,0
105156,3,3,0,0,1,2,5
109009,2,2,0,0,0,2,4
9910528,0,0,0,0,0,0,0
203071,0,0,0,0,0,0,0
9507312,1,1,0,0,0,1,3
102136,10,1,9,31,0,10,71
9709351,2,1,1,1,0,2,9
9812213,1,1,0,0,0,1,1
9602408,1,1,0,0,1,0,0
9506267,2,2,0,0,2,0,0
9805365,4,3,1,1,2,2,2
9502334,18,7,11,16,18,0,0
9907398,1,1,0,0,0,1,1
9804460,7,5,2,2,4,3,3
3131,5,1,4,8,0,5,29
11213,1,1,0,0,0,1,4
9711376,1,1,0,0,0,1,1
209274,0,0,0,0,0,0,0
9802259,0,0,0,0,0,0,0
9708425,8,2,6,11,0,8,16
104154,6,2,4,4,0,6,7
9502274,1,1,0,0,1,0,0
9910539,4,2,2,2,0,4,24
10223,3,2,1,1,1,2,2
6098,4,2,2,3,0,4,67
105119,2,2,0,0,0,2,7
6031,2,1,1,1,0,2,3
8094,6,2,4,7,0,6,22
105055,1,1,0,0,1,0,0
9805411,2,2,0,0,0,2,6
9510434,0,0,0,0,0,0,0
2145,1,1,0,0,1,0,0
9711288,0,0,0,0,0,0,0
9505211,4,1,3,5,4,0,0
205214,1,1,0,0,0,1,4
2181,4,3,1,1,0,4,11
9607277,0,0,0,0,0,0,0
301187,2,1,1,1,0,2,28
9911514,6,1,5,14,0,6,20
101287,2,2,0,0,2,0,0
9601227,0,0,0,0,0,0,0
205243,0,0,0,0,0,0,0
10331,2,1,1,1,0,2,2
9604358,2,2,0,0,0,2,4
204102,1,1,0,0,1,0,0
103109,1,1,0,0,0,1,3
105244,1,1,0,0,0,1,8
10024,0,0,0,0,0,0,0
9504271,0,0,0,0,0,0,0
9312300,0,0,0,0,0,0,0
9405317,2,2,0,0,2,0,0
203060,1,1,0,0,0,1,2
9811223,0,0,0,0,0,0,0
9908273,1,1,0,0,1,0,0
9509400,1,1,0,0,0,1,2
9901409,0,0,0,0,0,0,0
9901437,1,1,0,0,1,0,0
207293,0,0,0,0,0,0,0
9504347,0,0,0,0,0,0,0
205331,5,3,2,3,0,5,45
9404267,0,0,0,0,0,0,0
12049,8,5,3,3,0,8,41
9802418,3,2,1,1,1,2,2
9806411,3,2,1,1,0,3,3
9712487,1,1,0,0,0,1,1
9712452,3,1,2,2,0,3,15
9501337,0,0,0,0,0,0,0
9902422,1,1,0,0,0,1,2
9902419,6,1,5,11,2,4,20
9909398,1,1,0,0,1,0,0
9708413,2,1,1,1,0,2,6
9912245,4,2,2,2,4,0,0
110388,0,0,0,0,0,0,0
9608428,0,0,0,0,0,0,0
9504203,1,1,0,0,1,0,0
9503231,4,3,1,1,4,0,0
9506224,1,1,0,0,1,0,0
202020,1,1,0,0,0,1,1
9703384,2,2,0,0,2,0,0
9402294,0,0,0,0,0,0,0
9904314,0,0,0,0,0,0,0
9506395,1,1,0,0,0,1,1
9606409,3,1,2,2,3,0,0
9606442,2,2,0,0,2,0,0
9503252,1,1,0,0,0,1,2
207201,1,1,0,0,1,0,0
205201,11,6,5,8,0,11,85
9701382,0,0,0,0,0,0,0
12069,2,1,1,1,0,2,2
203038,0,0,0,0,0,0,0
9901421,3,3,0,0,0,3,3
104129,8,3,5,9,0,8,98
9905271,7,5,2,2,1,6,34
206268,3,3,0,0,1,2,5
202059,0,0,0,0,0,0,0
9906254,2,2,0,0,0,2,5
9609322,1,1,0,0,0,1,3
9810298,1,1,0,0,1,0,0
208174,0,0,0,0,0,0,0
9607373,0,0,0,0,0,0,0
210037,3,1,2,3,0,3,41
9910543,6,4,2,3,0,6,17
208194,0,0,0,0,0,0,0
111214,1,1,0,0,1,0,0
211462,0,0,0,0,0,0,0
9611431,0,0,0,0,0,0,0
101202,0,0,0,0,0,0,0
6151,0,0,0,0,0,0,0
9607396,2,1,1,1,0,2,2
212095,0,0,0,0,0,0,0
302202,0,0,0,0,0,0,0
9612343,0,0,0,0,0,0,0
107020,1,1,0,0,0,1,4
8130,0,0,0,0,0,0,0
9701331,1,1,0,0,1,0,0
9505246,4,4,0,0,3,1,1
202149,1,1,0,0,0,1,3
9605366,0,0,0,0,0,0,0
201188,2,1,1,1,0,2,12
9706292,2,1,1,1,0,2,11
9411205,3,1,2,2,0,3,4
9905425,2,1,1,1,0,2,9
9805277,0,0,0,0,0,0,0
105092,4,4,0,0,0,4,16
9908291,1,1,0,0,0,1,4
9411270,3,2,1,1,3,0,0
110197,1,1,0,0,0,1,6
108224,3,1,2,3,0,3,43
6286,2,2,0,0,0,2,2
212078,2,2,0,0,0,2,13
7126,0,0,0,0,0,0,0
9806229,1,1,0,0,0,1,8
9610482,0,0,0,0,0,0,0
108214,1,1,0,0,0,1,7
5032,2,1,1,1,2,0,0
202238,0,0,0,0,0,0,0
9706361,1,1,0,0,1,0,0
11202,0,0,0,0,0,0,0
9809289,1,1,0,0,1,0,0
9404345,3,2,1,1,3,0,0
203050,4,2,2,3,3,1,2
108190,1,1,0,0,0,1,7
101035,0,0,0,0,0,0,0
103204,1,1,0,0,0,1,7
9404221,1,1,0,0,1,0,0
9705408,7,1,6,12,7,0,0
9902245,0,0,0,0,0,0,0
9910329,1,1,0,0,1,0,0
201110,0,0,0,0,0,0,0
9707518,1,1,0,0,0,1,17
107047,1,1,0,0,1,0,0
9805326,0,0,0,0,0,0,0
109050,1,1,0,0,1,0,0
9908510,1,1,0,0,0,1,9
209025,0,0,0,0,0,0,0
201299,4,4,0,0,0,4,16
9909357,1,1,0,0,1,0,0
111260,1,1,0,0,1,0,0
102179,2,1,1,1,0,2,4
9806457,0,0,0,0,0,0,0
103085,0,0,0,0,0,0,0
111041,0,0,0,0,0,0,0
112214,2,1,1,1,0,2,7
2295,2,2,0,0,0,2,4
103301,0,0,0,0,0,0,0
9310225,1,1,0,0,1,0,0
211411,1,1,0,0,0,1,1
9810359,0,0,0,0,0,0,0
9911218,2,1,1,1,2,0,0
12086,0,0,0,0,0,0,0
111014,1,1,0,0,0,1,9
204016,0,0,0,0,0,0,0
9702283,3,2,1,1,2,1,1
209154,0,0,0,0,0,0,0
212089,1,1,0,0,0,1,12
9712288,1,1,0,0,0,1,5
9610480,0,0,0,0,0,0,0
9289,0,0,0,0,0,0,0
207098,0,0,0,0,0,0,0
201234,2,2,0,0,0,2,33
9505305,1,1,0,0,1,0,0
9912502,0,0,0,0,0,0,0
211221,1,1,0,0,0,1,2
9910264,0,0,0,0,0,0,0
111365,0,0,0,0,0,0,0
101195,0,0,0,0,0,0,0
110080,2,2,0,0,0,2,14
109074,0,0,0,0,0,0,0
212098,0,0,0,0,0,0,0
9712422,1,1,0,0,1,0,0
9901247,1,1,0,0,1,0,0
2137,5,3,2,2,0,5,19
9611461,1,1,0,0,0,1,2
9509291,1,1,0,0,0,1,2
9310234,5,1,4,5,5,0,0
210165,2,1,1,1,0,2,14
9703237,6,2,4,5,4,2,2
1134,0,0,0,0,0,0,0
9407307,0,0,0,0,0,0,0
204232,3,1,2,3,0,3,17
9810407,0,0,0,0,0,0,0
9701290,0,0,0,0,0,0,0
201113,3,3,0,0,0,3,10
5287,1,1,0,0,0,1,3
9702422,0,0,0,0,0,0,0
9906289,1,1,0,0,0,1,7
209054,1,1,0,0,0,1,6
9807530,0,0,0,0,0,0,0
103309,3,1,2,2,0,3,11
9812326,1,1,0,0,1,0,0
9912530,1,1,0,0,1,0,0
9503254,1,1,0,0,1,0,0
9311252,0,0,0,0,0,0,0
9909354,2,1,1,1,0,2,4
9705283,0,0,0,0,0,0,0
107010,4,2,2,3,0,4,29
206005,4,1,3,3,0,4,19
9212313,1,1,0,0,1,0,0
9705238,0,0,0,0,0,0,0
9812268,2,1,1,1,0,2,4
9708444,0,0,0,0,0,0,0
9801232,2,1,1,1,2,0,0
9708409,0,0,0,0,0,0,0
206040,1,1,0,0,0,1,2
9402247,0,0,0,0,0,0,0
9505283,1,1,0,0,1,0,0
109128,1,1,0,0,0,1,5
9707324,2,2,0,0,2,0,0
5102,0,0,0,0,0,0,0
9608262,0,0,0,0,0,0,0
9802435,0,0,0,0,0,0,0
9510397,1,1,0,0,1,0,0
9706215,0,0,0,0,0,0,0
10293,0,0,0,0,0,0,0
106340,2,1,1,1,2,0,0
301030,0,0,0,0,0,0,0
106008,0,0,0,0,0,0,0
9307264,1,1,0,0,1,0,0
9606259,0,0,0,0,0,0,0
109203,0,0,0,0,0,0,0
205299,1,1,0,0,0,1,3
9907455,2,2,0,0,0,2,6
9407220,1,1,0,0,1,0,0
9610361,1,1,0,0,0,1,1
208053,0,0,0,0,0,0,0
9609387,0,0,0,0,0,0,0
205128,1,1,0,0,0,1,6
11163,0,0,0,0,0,0,0
211268,1,1,0,0,1,0,0
301126,0,0,0,0,0,0,0
9809214,1,1,0,0,0,1,7
9712289,0,0,0,0,0,0,0
10155,1,1,0,0,1,0,0
112175,0,0,0,0,0,0,0
210295,0,0,0,0,0,0,0
210285,0,0,0,0,0,0,0
105167,0,0,0,0,0,0,0
202278,0,0,0,0,0,0,0
105120,1,1,0,0,0,1,4
105038,0,0,0,0,0,0,0
206198,0,0,0,0,0,0,0
210015,0,0,0,0,0,0,0
101228,0,0,0,0,0,0,0
9912479,0,0,0,0,0,0,0
9604384,0,0,0,0,0,0,0
9309295,1,1,0,0,1,0,0
9604324,0,0,0,0,0,0,0
9801255,1,1,0,0,0,1,1
205279,0,0,0,0,0,0,0
9906488,1,1,0,0,0,1,7
9909402,0,0,0,0,0,0,0
3027,0,0,0,0,0,0,0
207105,0,0,0,0,0,0,0
202141,0,0,0,0,0,0,0
9706293,0,0,0,0,0,0,0
110131,0,0,0,0,0,0,0
9709304,0,0,0,0,0,0,0
208147,0,0,0,0,0,0,0
9803468,0,0,0,0,0,0,0
202116,1,1,0,0,1,0,0
9403372,0,0,0,0,0,0,0
210354,0,0,0,0,0,0,0
9603257,0,0,0,0,0,0,0
109099,2,1,1,1,1,1,1
9405427,2,2,0,0,2,0,0
1068,0,0,0,0,0,0,0
102062,0,0,0,0,0,0,0
106118,0,0,0,0,0,0,0
202080,0,0,0,0,0,0,0
209004,0,0,0,0,0,0,0
201090,0,0,0,0,0,0,0
204247,0,0,0,0,0,0,0
9906295,0,0,0,0,0,0,0
9611291,0,0,0,0,0,0,0
9407358,0,0,0,0,0,0,0
9602219,0,0,0,0,0,0,0
107038,1,1,0,0,0,1,2
208033,0,0,0,0,0,0,0
9605262,1,1,0,0,1,0,0
9906258,0,0,0,0,0,0,0
302078,0,0,0,0,0,0,0
12169,1,1,0,0,1,0,0
9505284,1,1,0,0,1,0,0
4079,1,1,0,0,1,0,0
9803409,1,1,0,0,0,1,4
301214,0,0,0,0,0,0,0
10311,0,0,0,0,0,0,0
9710524,0,0,0,0,0,0,0
209334,0,0,0,0,0,0,0
9602257,0,0,0,0,0,0,0
204170,0,0,0,0,0,0,0
9307289,1,1,0,0,1,0,0
9810324,0,0,0,0,0,0,0
7324,0,0,0,0,0,0,0
209300,2,2,0,0,0,2,8
109059,1,1,0,0,0,1,7
210355,0,0,0,0,0,0,0
210077,0,0,0,0,0,0,0
103098,0,0,0,0,0,0,0
212276,0,0,0,0,0,0,0
9610338,0,0,0,0,0,0,0
12375,2,1,1,1,0,2,8
301008,0,0,0,0,0,0,0
207072,0,0,0,0,0,0,0
9701302,0,0,0,0,0,0,0
9405333,1,1,0,0,1,0,0
105322,0,0,0,0,0,0,0
106259,0,0,0,0,0,0,0
9905370,0,0,0,0,0,0,0
302042,0,0,0,0,0,0,0
9406215,0,0,0,0,0,0,0
106048,0,0,0,0,0,0,0
9704279,0,0,0,0,0,0,0
9910549,0,0,0,0,0,0,0
9807270,0,0,0,0,0,0,0
9407385,0,0,0,0,0,0,0
9807506,0,0,0,0,0,0,0
9804350,0,0,0,0,0,0,0
9509295,0,0,0,0,0,0,0
302068,0,0,0,0,0,0,0
102126,1,1,0,0,0,1,4
203112,0,0,0,0,0,0,0
211010,0,0,0,0,0,0,0
10119,0,0,0,0,0,0,0
108183,0,0,0,0,0,0,0
9711490,0,0,0,0,0,0,0
210388,1,1,0,0,0,1,2
110230,0,0,0,0,0,0,0
302106,0,0,0,0,0,0,0
9504414,2,1,1,1,2,0,0
5240,1,1,0,0,0,1,3
212342,1,1,0,0,0,1,9
9808339,0,0,0,0,0,0,0
9207238,2,2,0,0,2,0,0
1127,1,1,0,0,0,1,3
204281,0,0,0,0,0,0,0
206061,0,0,0,0,0,0,0
9608236,0,0,0,0,0,0,0
9504329,0,0,0,0,0,0,0
9309205,1,1,0,0,0,1,7
9812330,0,0,0,0,0,0,0
209212,1,1,0,0,0,1,3
9807387,0,0,0,0,0,0,0
102208,0,0,0,0,0,0,0
210421,0,0,0,0,0,0,0
112258,0,0,0,0,0,0,0
9402345,0,0,0,0,0,0,0
9312314,0,0,0,0,0,0,0
9810521,0,0,0,0,0,0,0
212055,0,0,0,0,0,0,0
209310,0,0,0,0,0,0,0
9606283,1,1,0,0,1,0,0
9611381,0,0,0,0,0,0,0
9609505,0,0,0,0,0,0,0
207155,0,0,0,0,0,0,0
112289,0,0,0,0,0,0,0
211210,0,0,0,0,0,0,0
105329,0,0,0,0,0,0,0
9810335,0,0,0,0,0,0,0
5247,0,0,0,0,0,0,0
110151,0,0,0,0,0,0,0
9709384,1,1,0,0,0,1,2
9306312,0,0,0,0,0,0,0
9806464,1,1,0,0,0,1,2
9907288,0,0,0,0,0,0,0
9711465,0,0,0,0,0,0,0
101120,0,0,0,0,0,0,0
201196,0,0,0,0,0,0,0
209012,0,0,0,0,0,0,0
5095,0,0,0,0,0,0,0
108019,0,0,0,0,0,0,0
9506365,0,0,0,0,0,0,0
9906407,0,0,0,0,0,0,0
207374,0,0,0,0,0,0,0
9710557,0,0,0,0,0,0,0
108203,0,0,0,0,0,0,0
206013,0,0,0,0,0,0,0
7331,0,0,0,0,0,0,0
212220,0,0,0,0,0,0,0
6221,0,0,0,0,0,0,0
9611234,0,0,0,0,0,0,0
9612432,0,0,0,0,0,0,0
8213,0,0,0,0,0,0,0
1047,1,1,0,0,1,0,0
212066,0,0,0,0,0,0,0
9708235,1,1,0,0,1,0,0
9903529,0,0,0,0,0,0,0
9809299,0,0,0,0,0,0,0
9409321,0,0,0,0,0,0,0
207249,0,0,0,0,0,0,0
207338,0,0,0,0,0,0,0
9801250,0,0,0,0,0,0,0
204320,0,0,0,0,0,0,0
9912346,0,0,0,0,0,0,0
211055,0,0,0,0,0,0,0
1277,1,1,0,0,1,0,0
208167,0,0,0,0,0,0,0
106182,0,0,0,0,0,0,0
9607354,20,6,14,34,0,20,45
9304257,92,10,82,823,46,46,46
102077,11,1,10,32,1,10,53
9911528,17,3,14,40,1,16,58
9604240,5,2,3,7,5,0,0
103230,6,2,4,7,5,1,1
9409260,10,1,9,27,1,9,14
9410400,20,4,16,61,1,19,33
106344,2,2,0,0,1,1,7
9512292,25,3,22,58,1,24,26
9807340,26,6,20,69,0,26,174
11144,7,5,2,4,1,6,41
9503203,53,5,48,307,38,15,15
9806289,8,3,5,6,0,8,29
9212268,17,3,14,37,17,0,0
9812320,59,1,58,408,1,58,453
112334,10,6,4,10,2,8,29
3183,8,5,3,4,8,0,0
9212239,10,4,6,10,10,0,0
9405423,20,5,15,44,6,14,27
9307371,37,6,31,197,29,8,8
9503367,1,1,0,0,0,1,4
9406396,10,5,5,10,1,9,18
9607437,68,5,63,576,30,38,51
9903262,25,6,19,45,1,24,78
9604364,59,5,54,347,4,55,288
9705300,7,3,4,6,0,7,43
9802340,12,4,8,12,1,11,16
9902204,33,6,27,87,4,29,66
9803309,22,6,16,50,3,19,48
9808251,62,2,60,410,1,61,428
9809307,31,6,25,64,22,9,9
9710491,21,7,14,35,15,6,6
9812361,20,2,18,79,17,3,5
9808327,20,6,14,32,3,17,34
6331,10,3,7,18,0,10,51
9907476,1,1,0,0,0,1,1
9703361,7,4,3,8,1,6,20
9808277,17,3,14,50,7,10,10
9302212,8,1,7,14,8,0,0
9210240,33,13,20,58,33,0,0
9709395,70,9,61,222,6,64,231
9502237,75,4,71,689,13,62,84
9602389,12,3,9,16,1,11,31
9607363,3,2,1,1,0,3,15
9903447,20,6,14,51,0,20,206
9708356,18,5,13,28,1,17,90
111262,0,0,0,0,0,0,0
9810482,31,2,29,114,0,31,421
9510219,19,3,16,60,2,17,46
9701286,58,3,55,333,0,58,390
9709306,14,5,9,20,0,14,134
9306270,24,6,18,66,14,10,10
9308272,37,14,23,82,37,0,0
111392,5,3,2,2,0,5,33
9909404,26,4,22,93,2,24,180
9806204,9,2,7,23,0,9,16
9707368,8,2,6,9,1,7,14
9612313,137,7,130,1246,27,110,476
9710245,10,1,9,28,0,10,12
9312348,2,1,1,1,1,1,2
9912270,4,1,3,3,4,0,0
9608458,80,1,79,521,2,78,316
9710428,6,2,4,7,1,5,17
9503285,19,6,13,25,3,16,25
9807344,334,3,331,4220,3,331,958
9607401,40,3,37,275,21,19,28
9409295,16,1,15,39,3,13,28
9502401,46,2,44,370,46,0,0
9503494,9,2,7,15,9,0,0
9708342,11,1,10,23,0,11,89
9704308,6,2,4,8,1,5,10
9610534,27,1,26,207,27,0,0
9707390,56,3,53,330,8,48,214
9602363,24,7,17,44,9,15,23
9511321,17,3,14,32,6,11,20
9403394,9,7,2,2,1,8,10
9611374,33,1,32,185,23,10,13
9504204,24,6,18,47,0,24,50
9309324,5,2,3,3,5,0,0
9904398,5,3,2,2,0,5,18
9807421,54,6,48,241,0,54,386
9611388,23,2,21,108,2,21,38
9802379,57,2,55,448,1,56,149
9409453,31,9,22,73,9,22,55
9602349,11,4,7,18,0,11,46
9801224,5,2,3,5,3,2,3
9308274,41,7,34,143,33,8,8
9507380,76,4,72,401,13,63,197
9605213,28,4,24,70,10,18,28
9708207,25,8,17,60,1,24,47
9204216,24,4,20,60,24,0,0
9903307,7,5,2,3,2,5,14
9405371,10,4,6,13,5,5,5
9708426,26,3,23,94,3,23,93
9709417,16,1,15,77,0,16,103
9901207,9,3,6,7,0,9,63
9810389,37,2,35,312,0,37,213
9907310,4,3,1,1,0,4,18
9903282,44,6,38,68,11,33,88
104073,23,5,18,69,0,23,263
3327,9,1,8,13,0,9,124
9305267,36,4,32,106,20,16,16
11273,6,2,4,5,0,6,40
11034,1,1,0,0,0,1,4
107331,24,2,22,111,0,24,114
9904221,21,5,16,54,0,21,221
9608277,20,4,16,42,11,9,9
9808275,16,4,12,26,1,15,41
9810535,40,4,36,151,0,40,242
9607292,25,1,24,75,25,0,0
9903286,1,1,0,0,1,0,0
9706439,11,3,8,13,1,10,24
9611454,5,4,1,1,1,4,7
9612253,16,2,14,52,1,15,33
5151,5,3,2,2,3,2,4
9412209,37,7,30,182,32,5,5
9907482,15,3,12,30,0,15,75
9701216,6,2,4,8,1,5,5
9905381,61,2,59,433,1,60,453
9806361,19,4,15,34,11,8,23
9903476,13,2,11,24,2,11,52
9708437,10,5,5,7,0,10,113
9410323,2,2,0,0,2,0,0
9406339,42,7,35,198,6,36,51
9510238,8,1,7,23,0,8,23
9904449,1,1,0,0,0,1,5
9703220,60,3,57,256,6,54,213
9404279,10,2,8,15,10,0,0
9408406,78,5,73,575,75,3,3
9510303,14,5,9,23,2,12,12
9810328,24,6,18,64,1,23,72
9501417,21,2,19,75,13,8,8
9501356,8,4,4,15,0,8,79
1229,17,2,15,56,0,17,107
102131,27,1,26,182,20,7,8
9602236,22,10,12,27,7,15,36
9904497,9,2,7,12,1,8,70
9406390,37,5,32,166,8,29,53
9406346,13,3,10,30,9,4,4
9711461,1,1,0,0,0,1,3
9803451,8,2,6,10,0,8,56
104166,14,3,11,39,0,14,55
104221,19,8,11,22,5,14,28
9209292,7,1,6,13,7,0,0
9702398,7,2,5,8,2,5,5
7142,34,5,29,171,1,33,249
3022,30,6,24,81,0,30,324
9603330,4,3,1,2,3,1,1
9503484,45,7,38,170,3,42,75
9605285,6,3,3,5,6,0,0
9809217,62,4,58,557,1,61,129
9905415,43,2,41,209,0,43,402
4014,58,6,52,340,0,58,731
9807236,15,3,12,34,5,10,24
205184,2,2,0,0,0,2,25
202176,3,2,1,1,0,3,9
209193,4,3,1,1,0,4,64
201228,17,2,15,68,0,17,202
11176,10,3,7,11,2,8,25
108098,24,6,18,58,0,24,159
9802216,2,1,1,1,0,2,4
9404299,6,3,3,6,6,0,0
110391,14,4,10,19,0,14,152
104199,6,3,3,3,0,6,43
9211215,3,1,2,3,3,0,0
9709397,41,2,39,208,4,37,118
112021,3,1,2,2,0,3,32
6238,27,3,24,83,5,22,87
9505353,21,3,18,61,8,13,22
9901403,5,2,3,5,0,5,11
9511227,3,2,1,1,1,2,7
9912373,6,2,4,6,3,3,5
9908435,10,2,8,10,1,9,33
9711215,14,2,12,32,0,14,57
9402341,20,4,16,73,20,0,0
9505420,5,1,4,6,5,0,0
10296,29,4,25,96,0,29,214
9806212,15,4,11,28,10,5,5
9610381,37,5,32,126,0,37,237
9705286,49,8,41,146,0,49,279
108258,1,1,0,0,0,1,4
9304310,4,1,3,3,0,4,14
9606355,5,1,4,10,0,5,9
9512203,23,6,17,68,7,16,16
9208215,11,6,5,8,11,0,0
9708421,15,3,12,39,8,7,9
9707225,12,5,7,12,2,10,17
9710545,14,2,12,35,0,14,92
9901252,13,4,9,31,0,13,60
107095,2,2,0,0,1,1,1
9403254,13,5,8,21,13,0,0
9602229,4,3,1,1,3,1,1
9507403,24,3,21,113,1,23,25
107209,2,2,0,0,0,2,15
9911461,7,3,4,10,1,6,27
9809456,4,4,0,0,4,0,0
9310298,10,7,3,7,10,0,0
8051,5,2,3,6,0,5,20
3075,4,1,3,5,1,3,31
9510430,1,1,0,0,0,1,1
9707276,3,2,1,1,0,3,19
9703363,6,2,4,7,1,5,32
9806345,12,4,8,14,4,8,32
9408346,54,8,46,250,13,41,85
9404253,13,8,5,9,1,12,33
9606485,4,2,2,2,4,0,0
9710427,37,1,36,208,0,37,299
9507307,40,10,30,132,1,39,80
9303216,5,2,3,4,5,0,0
9511375,4,3,1,1,0,4,14
9610334,18,6,12,39,4,14,79
9706476,30,6,24,105,0,30,201
9412243,2,2,0,0,1,1,1
9707393,23,9,14,46,6,17,37
9310313,36,3,33,176,34,2,2
9603294,3,2,1,1,3,0,0
9309242,6,1,5,9,1,5,5
9505435,2,1,1,1,0,2,10
9707355,16,4,12,30,0,16,129
9405428,21,2,19,57,14,7,12
9304216,19,7,12,27,1,18,30
110189,0,0,0,0,0,0,0
9807359,3,1,2,3,1,2,2
9909390,20,3,17,76,2,18,108
9904349,7,1,6,10,0,7,16
9707327,31,2,29,140,1,30,52
9505233,15,3,12,44,15,0,0
9802240,4,1,3,5,1,3,45
9807557,5,2,3,5,0,5,30
112233,15,2,13,48,1,14,56
9912426,2,1,1,1,0,2,8
9605459,6,4,2,3,6,0,0
9608394,29,2,27,94,0,29,218
201081,6,2,4,6,0,6,53
111209,7,1,6,13,0,7,51
9805502,1,1,0,0,0,1,1
6119,22,5,17,60,0,22,298
9705380,12,3,9,21,0,12,45
9507220,8,1,7,20,2,6,12
7055,6,2,4,6,0,6,23
9501236,3,3,0,0,3,0,0
9605312,21,8,13,40,11,10,10
9702208,3,1,2,3,0,3,3
9804297,5,3,2,2,0,5,12
9406421,27,3,24,78,20,7,10
4145,6,2,4,6,0,6,15
102308,13,3,10,25,0,13,63
9907333,29,7,22,60,1,28,144
9905358,10,2,8,20,0,10,37
9410235,13,6,7,8,1,12,32
9703397,5,2,3,3,1,4,4
207036,12,4,8,19,0,12,76
9508397,10,1,9,20,2,8,26
112228,5,2,3,6,0,5,15
9607423,3,2,1,1,2,1,2
9612485,2,1,1,1,0,2,9
9301276,39,3,36,178,39,0,0
9707523,18,6,12,39,0,18,55
9607378,11,1,10,15,6,5,5
103202,2,2,0,0,0,2,4
9503353,3,2,1,1,0,3,3
9509281,3,3,0,0,1,2,4
9802219,2,1,1,1,0,2,2
9409216,1,1,0,0,0,1,1
9702289,3,2,1,1,2,1,4
9610549,25,2,23,92,20,5,5
9711460,18,5,13,20,1,17,72
9509324,17,2,15,41,17,0,0
9304238,2,1,1,1,2,0,0
9712299,12,5,7,15,3,9,20
107291,20,4,16,65,1,19,52
9806244,8,3,5,10,1,7,24
9508351,4,4,0,0,2,2,3
9711327,8,4,4,4,0,8,54
9601311,13,4,9,16,5,8,17
9708353,5,1,4,10,0,5,38
9912396,7,4,3,5,7,0,0
9510305,3,2,1,1,0,3,5
7219,10,4,6,12,0,10,135
111342,10,3,7,14,10,0,0
107232,2,2,0,0,2,0,0
9510259,22,6,16,43,3,19,28
9406208,4,2,2,3,4,0,0
11058,3,2,1,1,0,3,8
111020,2,2,0,0,0,2,16
9910461,8,4,4,7,0,8,79
108265,5,3,2,3,0,5,26
112216,9,5,4,7,1,8,36
9803301,23,1,22,65,11,12,19
9604220,18,3,15,46,12,6,6
9912323,1,1,0,0,1,0,0
9706472,6,5,1,1,6,0,0
9405420,9,1,8,27,1,8,20
9901411,2,2,0,0,0,2,5
9602310,5,2,3,6,0,5,17
9608396,9,3,6,11,6,3,3
9402243,42,5,37,147,0,42,136
9408298,9,2,7,13,9,0,0
9303233,26,5,21,131,26,0,0
9806299,13,5,8,15,1,12,84
9905500,12,3,9,29,0,12,333
9602263,8,4,4,6,1,7,19
9604258,1,1,0,0,0,1,3
9608358,14,3,11,30,0,14,96
9308278,6,3,3,7,0,6,18
5089,12,2,10,16,5,7,14
9505302,4,2,2,3,2,2,4
9304232,14,2,12,34,14,0,0
9702354,13,3,10,31,0,13,50
206202,0,0,0,0,0,0,0
107164,26,3,23,99,5,21,55
5321,23,2,21,69,0,23,75
9906433,6,4,2,3,2,4,14
9610350,5,4,1,1,1,4,6
112230,6,3,3,8,1,5,72
9411378,1,1,0,0,0,1,5
5311,7,1,6,15,0,7,30
111078,8,2,6,10,0,8,56
9807246,9,1,8,14,1,8,74
9812290,5,4,1,1,0,5,38
6192,10,4,6,19,1,9,22
205122,3,1,2,2,0,3,39
9709497,2,1,1,1,0,2,10
9504308,0,0,0,0,0,0,0
9305335,13,7,6,11,13,0,0
9902258,11,6,5,5,0,11,23
9804418,1,1,0,0,0,1,8
9602394,1,1,0,0,0,1,3
9611351,1,1,0,0,0,1,6
9605314,5,2,3,5,5,0,0
9502258,2,1,1,1,1,1,1
9912330,13,1,12,28,0,13,125
9708212,7,2,5,7,0,7,27
9508291,14,5,9,24,2,12,28
2070,0,0,0,0,0,0,0
9807452,3,2,1,1,1,2,2
9708459,6,3,3,5,0,6,16
9601279,7,1,6,10,4,3,3
9507367,3,1,2,2,0,3,3
212043,0,0,0,0,0,0,0
9611354,5,1,4,8,1,4,12
302014,0,0,0,0,0,0,0
112030,11,4,7,20,0,11,139
12196,4,3,1,1,0,4,32
9508407,6,2,4,6,0,6,20
9801274,0,0,0,0,0,0,0
9901428,1,1,0,0,0,1,13
9907548,26,4,22,91,1,25,147
9709209,5,4,1,1,2,3,3
9705395,11,2,9,24,0,11,47
9272,2,1,1,1,0,2,18
9401298,2,2,0,0,2,0,0
9705453,13,5,8,17,0,13,47
9712524,6,2,4,8,0,6,8
9912325,2,2,0,0,2,0,0
9902244,5,3,2,2,0,5,27
9607403,5,3,2,3,0,5,14
9805468,3,2,1,1,0,3,9
9607427,6,4,2,2,1,5,5
9911381,10,4,6,7,0,10,41
9411302,24,7,17,29,8,16,16
9707485,20,2,18,92,0,20,180
10097,3,1,2,2,0,3,9
9711437,1,1,0,0,0,1,5
205012,2,1,1,1,0,2,6
9808230,6,2,4,5,6,0,0
9308374,21,1,20,86,21,0,0
112355,0,0,0,0,0,0,0
9612384,5,2,3,4,1,4,11
9803228,7,3,4,6,0,7,55
11366,4,4,0,0,1,3,7
9606263,20,4,16,36,0,20,155
9803201,7,1,6,11,7,0,0
9909477,14,1,13,60,0,14,81
3204,4,1,3,4,0,4,23
9902440,14,7,7,12,0,14,84
9507434,9,2,7,12,9,0,0
102036,0,0,0,0,0,0,0
11236,0,0,0,0,0,0,0
9706504,4,3,1,1,0,4,14
9612461,16,6,10,21,16,0,0
9509315,2,2,0,0,0,2,8
9711503,4,2,2,2,0,4,10
9503341,1,1,0,0,0,1,3
9408367,2,2,0,0,0,2,2
9908372,10,1,9,27,0,10,47
9807294,8,5,3,3,2,6,7
9509206,1,1,0,0,1,0,0
9707328,2,2,0,0,0,2,8
9511275,12,3,9,32,0,12,56
9402303,4,2,2,2,0,4,6
9510267,11,3,8,19,11,0,0
9403255,1,1,0,0,1,0,0
9712276,15,2,13,40,10,5,9
9711218,4,2,2,3,4,0,0
9909517,1,1,0,0,0,1,5
103319,1,1,0,0,0,1,1
211233,0,0,0,0,0,0,0
12369,3,1,2,3,0,3,38
11033,0,0,0,0,0,0,0
2162,11,3,8,14,0,11,43
9911426,0,0,0,0,0,0,0
9901416,8,3,5,11,3,5,7
9611219,2,2,0,0,0,2,8
9407395,9,3,6,16,2,7,7
205281,6,4,2,2,0,6,23
9808305,9,8,1,1,0,9,47
9712377,2,1,1,1,0,2,4
9505356,4,3,1,1,0,4,11
9512222,0,0,0,0,0,0,0
6175,15,4,11,25,0,15,86
9706491,3,1,2,3,0,3,12
9906298,6,3,3,3,2,4,11
108180,1,1,0,0,0,1,6
9905217,4,2,2,2,3,1,1
2011,7,6,1,1,0,7,57
9612211,13,1,12,32,13,0,0
9509233,2,1,1,1,0,2,8
9904376,10,8,2,2,0,10,18
9609429,5,1,4,5,4,1,1
9808317,10,4,6,9,2,8,23
9808446,1,1,0,0,1,0,0
112338,14,5,9,18,1,13,58
9903483,3,2,1,2,0,3,14
4021,9,3,6,10,1,8,21
103238,1,1,0,0,0,1,6
9404255,3,3,0,0,0,3,11
7011,9,2,7,12,1,8,36
210359,0,0,0,0,0,0,0
9511333,12,5,7,9,2,10,17
212125,0,0,0,0,0,0,0
9307251,0,0,0,0,0,0,0
9604404,14,8,6,10,2,12,20
9503333,8,1,7,15,4,4,4
109268,5,5,0,0,0,5,11
208087,10,3,7,18,0,10,70
108188,6,3,3,4,0,6,31
3115,5,3,2,3,0,5,20
9308308,10,9,1,1,1,9,9
9803276,2,2,0,0,2,0,0
105291,11,4,7,24,1,10,26
9303258,8,4,4,10,0,8,8
9411352,0,0,0,0,0,0,0
9710547,13,4,9,10,1,12,57
9506440,2,1,1,1,0,2,3
110114,5,1,4,5,0,5,50
9802268,3,1,2,2,3,0,0
9305283,7,4,3,5,7,0,0
9506330,1,1,0,0,1,0,0
9807351,6,2,4,10,6,0,0
9801283,8,4,4,7,5,3,3
9406250,5,2,3,5,0,5,9
9707496,7,3,4,4,0,7,50
9901231,4,3,1,1,0,4,10
9301228,4,3,1,1,1,3,3
9503304,2,1,1,1,0,2,4
12043,10,3,7,28,0,10,55
111332,9,2,7,11,0,9,119
201297,21,8,13,24,0,21,151
10130,6,3,3,3,2,4,4
9803371,10,3,7,15,0,10,37
4217,10,5,5,6,0,10,40
9810271,4,2,2,3,1,3,13
112226,4,4,0,0,1,3,12
9707205,1,1,0,0,0,1,1
212277,0,0,0,0,0,0,0
106228,2,1,1,1,0,2,14
203092,7,2,5,8,0,7,38
9904416,7,2,5,10,0,7,25
8003,1,1,0,0,0,1,3
9606261,11,6,5,10,1,10,39
9801447,4,2,2,2,0,4,15
9910263,4,2,2,3,0,4,44
103136,7,4,3,4,0,7,39
207108,9,4,5,8,0,9,221
9801277,0,0,0,0,0,0,0
9409240,9,4,5,9,9,0,0
9409224,8,2,6,12,8,0,0
9508360,1,1,0,0,1,0,0
207139,7,3,4,5,0,7,108
9901333,3,3,0,0,1,2,10
9612475,3,3,0,0,1,2,5
203199,1,1,0,0,0,1,4
9407409,1,1,0,0,1,0,0
9510269,9,1,8,18,0,9,55
203255,3,2,1,1,0,3,3
8108,0,0,0,0,0,0,0
9503273,11,2,9,22,6,5,5
9908321,9,1,8,20,5,4,4
9511461,8,2,6,19,1,7,15
9412240,2,2,0,0,2,0,0
7298,14,8,6,11,0,14,125
9907248,0,0,0,0,0,0,0
5253,5,3,2,2,1,4,22
102218,9,1,8,19,0,9,145
9901334,10,8,2,2,0,10,52
7001,5,2,3,4,5,0,0
9709340,1,1,0,0,0,1,5
9510281,0,0,0,0,0,0,0
9509234,2,2,0,0,0,2,2
9603248,7,4,3,6,7,0,0
9807442,21,6,15,51,1,20,86
101002,1,1,0,0,0,1,1
111092,5,4,1,1,0,5,59
9904443,0,0,0,0,0,0,0
9608206,9,3,6,9,0,9,14
9505331,3,2,1,1,2,1,1
9504228,3,2,1,2,3,0,0
9906246,0,0,0,0,0,0,0
107017,12,8,4,11,0,12,87
111021,0,0,0,0,0,0,0
9803321,1,1,0,0,0,1,4
9707358,1,1,0,0,1,0,0
210038,3,2,1,1,0,3,19
209290,6,2,4,5,0,6,43
9309316,1,1,0,0,1,0,0
9311332,24,4,20,62,24,0,0
9908413,6,2,4,6,1,5,22
201123,2,2,0,0,0,2,4
9703247,4,2,2,3,2,2,2
9809565,1,1,0,0,0,1,7
9906507,4,2,2,2,0,4,33
206064,0,0,0,0,0,0,0
9603259,2,1,1,1,1,1,1
9710422,7,2,5,8,1,6,16
9911500,0,0,0,0,0,0,0
202191,12,5,7,11,0,12,173
9706444,7,1,6,12,0,7,22
9306297,1,1,0,0,1,0,0
9509223,1,1,0,0,1,0,0
207122,0,0,0,0,0,0,0
9609383,1,1,0,0,0,1,1
209058,0,0,0,0,0,0,0
210085,3,3,0,0,0,3,21
2271,4,2,2,2,4,0,0
9506370,9,1,8,22,9,0,0
105142,6,2,4,10,0,6,31
103101,5,4,1,1,4,1,3
9802378,3,3,0,0,1,2,3
201076,2,2,0,0,1,1,5
9302320,1,1,0,0,1,0,0
207278,1,1,0,0,0,1,1
9512381,8,3,5,8,8,0,0
9611242,2,2,0,0,0,2,5
9911375,1,1,0,0,0,1,3
9611265,4,4,0,0,0,4,12
9407402,6,2,4,6,2,4,4
9903420,3,1,2,2,0,3,8
9406388,0,0,0,0,0,0,0
111147,4,2,2,3,0,4,23
9309313,2,2,0,0,2,0,0
210069,0,0,0,0,0,0,0
9805421,10,1,9,20,10,0,0
9811298,7,2,5,9,1,6,35
9509277,1,1,0,0,1,0,0
112125,8,2,6,12,0,8,44
101207,2,2,0,0,0,2,4
9609392,1,1,0,0,0,1,2
9710291,1,1,0,0,0,1,4
9512330,2,1,1,1,0,2,6
204129,5,2,3,4,1,4,23
110214,1,1,0,0,0,1,2
9804341,7,5,2,7,7,0,0
9808325,2,2,0,0,0,2,2
204097,0,0,0,0,0,0,0
9607249,6,3,3,8,1,5,5
212293,0,0,0,0,0,0,0
9904505,23,4,19,81,1,22,132
208157,10,3,7,20,1,9,14
104001,3,2,1,1,0,3,15
205150,3,2,1,1,0,3,28
210146,5,3,2,5,0,5,77
9303201,11,6,5,8,11,0,0
9706431,3,3,0,0,0,3,8
9910390,1,1,0,0,0,1,7
3143,3,1,2,2,0,3,4
9403234,0,0,0,0,0,0,0
9510245,3,2,1,1,0,3,3
104182,2,1,1,1,0,2,4
9801230,6,3,3,4,0,6,47
9809258,1,1,0,0,0,1,1
106089,6,3,3,4,0,6,61
9909340,1,1,0,0,0,1,2
9512445,7,1,6,10,4,3,5
9806496,2,2,0,0,0,2,8
110327,1,1,0,0,0,1,19
10123,1,1,0,0,0,1,3
9907381,0,0,0,0,0,0,0
9907550,2,1,1,1,2,0,0
9812427,10,4,6,10,0,10,51
204244,10,7,3,7,1,9,62
9807368,0,0,0,0,0,0,0
2220,2,2,0,0,0,2,3
9508402,4,1,3,3,0,4,23
205076,4,3,1,1,0,4,58
203173,0,0,0,0,0,0,0
9304239,6,3,3,4,6,0,0
9810498,2,1,1,1,1,1,1
9802220,5,1,4,7,5,0,0
9176,2,1,1,1,0,2,11
9203213,1,1,0,0,1,0,0
9807261,13,4,9,27,2,11,30
9511367,1,1,0,0,0,1,4
9909236,3,2,1,1,1,2,6
201009,1,1,0,0,1,0,0
9702387,3,2,1,1,2,1,1
112227,1,1,0,0,0,1,4
1191,3,1,2,3,0,3,13
9512266,0,0,0,0,0,0,0
10224,1,1,0,0,0,1,3
9606234,3,3,0,0,0,3,16
9705293,7,4,3,3,1,6,13
108173,6,4,2,4,0,6,53
104179,4,2,2,4,0,4,13
9312238,2,2,0,0,1,1,1
9902432,1,1,0,0,0,1,2
9908401,1,1,0,0,0,1,3
9510426,1,1,0,0,0,1,5
9701217,0,0,0,0,0,0,0
202246,7,4,3,5,0,7,39
9911287,2,2,0,0,2,0,0
7255,7,3,4,8,3,4,9
9802380,0,0,0,0,0,0,0
9406422,4,4,0,0,0,4,7
107161,3,1,2,3,0,3,20
9712285,2,1,1,1,0,2,7
4007,1,1,0,0,1,0,0
9605255,1,1,0,0,1,0,0
9812319,1,1,0,0,0,1,4
9906526,3,1,2,2,2,1,1
9804461,3,3,0,0,0,3,21
9703214,6,2,4,5,3,3,3
9705305,7,2,5,12,1,6,13
12138,4,1,3,4,0,4,29
8080,2,2,0,0,0,2,10
9712233,4,2,2,2,1,3,5
9801455,0,0,0,0,0,0,0
211247,0,0,0,0,0,0,0
9710397,2,2,0,0,0,2,15
210139,5,3,2,2,0,5,27
9809256,2,1,1,1,0,2,3
9709429,0,0,0,0,0,0,0
110091,5,4,1,1,3,2,2
9811367,11,2,9,25,1,10,36
9909443,1,1,0,0,0,1,1
9180,1,1,0,0,0,1,5
101302,10,1,9,19,0,10,53
9802324,2,2,0,0,0,2,3
12356,0,0,0,0,0,0,0
9505357,9,3,6,11,0,9,10
9603282,0,0,0,0,0,0,0
9711475,2,1,1,1,0,2,5
210052,0,0,0,0,0,0,0
109012,3,1,2,3,0,3,9
9903513,8,3,5,5,0,8,48
9901273,3,3,0,0,2,1,2
301219,1,1,0,0,0,1,20
107139,2,1,1,1,0,2,13
106080,2,2,0,0,1,1,1
9501273,3,1,2,3,3,0,0
201186,1,1,0,0,0,1,1
12247,3,1,2,3,3,0,0
9409381,5,4,1,2,5,0,0
205062,1,1,0,0,0,1,2
104148,4,2,2,3,0,4,19
9505418,5,2,3,3,5,0,0
211211,0,0,0,0,0,0,0
9409338,1,1,0,0,1,0,0
9303272,1,1,0,0,1,0,0
212288,0,0,0,0,0,0,0
9707465,2,2,0,0,2,0,0
9904254,2,2,0,0,0,2,3
9912312,7,2,5,7,7,0,0
9801331,1,1,0,0,0,1,4
201125,0,0,0,0,0,0,0
9905537,2,1,1,1,2,0,0
9804295,8,2,6,15,0,8,38
9304207,3,1,2,2,3,0,0
8077,0,0,0,0,0,0,0
12359,1,1,0,0,1,0,0
9602253,3,1,2,3,0,3,3
12307,1,1,0,0,0,1,2
9708498,4,4,0,0,1,3,6
9811231,0,0,0,0,0,0,0
9501259,4,2,2,3,2,2,2
9309215,2,2,0,0,2,0,0
9607361,0,0,0,0,0,0,0
9904357,2,2,0,0,0,2,23
9911311,7,1,6,15,0,7,42
9808409,1,1,0,0,0,1,8
211430,1,1,0,0,0,1,4
9706550,3,3,0,0,0,3,3
9510264,2,2,0,0,0,2,4
9908494,0,0,0,0,0,0,0
9410227,1,1,0,0,1,0,0
9706393,2,2,0,0,0,2,7
106221,9,4,5,6,0,9,44
9805450,0,0,0,0,0,0,0
10020,0,0,0,0,0,0,0
9701232,0,0,0,0,0,0,0
9607435,1,1,0,0,0,1,1
9607226,2,1,1,1,0,2,4
9610500,0,0,0,0,0,0,0
9612434,1,1,0,0,0,1,1
9409415,1,1,0,0,1,0,0
207008,2,2,0,0,0,2,6
9811510,1,1,0,0,0,1,3
3061,3,1,2,3,3,0,0
105058,1,1,0,0,0,1,3
11303,0,0,0,0,0,0,0
110404,2,1,1,1,0,2,4
9807279,4,2,2,3,0,4,13
9809421,2,1,1,1,2,0,0
111437,1,1,0,0,1,0,0
9703333,0,0,0,0,0,0,0
9610547,3,1,2,2,3,0,0
110008,0,0,0,0,0,0,0
104084,2,2,0,0,1,1,3
9604261,3,1,2,2,1,2,4
110096,13,4,9,18,0,13,24
210218,0,0,0,0,0,0,0
9905332,0,0,0,0,0,0,0
111383,1,1,0,0,1,0,0
207281,1,1,0,0,0,1,6
9510324,0,0,0,0,0,0,0
212264,0,0,0,0,0,0,0
205268,0,0,0,0,0,0,0
9903318,0,0,0,0,0,0,0
211272,1,1,0,0,0,1,11
208017,0,0,0,0,0,0,0
9605243,1,1,0,0,1,0,0
9308297,0,0,0,0,0,0,0
1054,2,2,0,0,0,2,4
9710399,1,1,0,0,0,1,2
9705397,2,2,0,0,1,1,5
9510394,0,0,0,0,0,0,0
9207262,1,1,0,0,1,0,0
112007,1,1,0,0,0,1,5
9711355,6,4,2,3,1,5,9
9504403,2,2,0,0,0,2,6
8111,0,0,0,0,0,0,0
202251,1,1,0,0,0,1,5
11116,2,1,1,1,0,2,12
9904323,2,1,1,1,0,2,2
211363,1,1,0,0,0,1,25
9807362,5,2,3,4,2,3,15
109092,3,1,2,3,0,3,8
9603228,5,3,2,3,5,0,0
101248,1,1,0,0,0,1,9
104007,0,0,0,0,0,0,0
9908511,0,0,0,0,0,0,0
9409288,1,1,0,0,1,0,0
9510429,1,1,0,0,0,1,1
102311,1,1,0,0,0,1,1
201285,1,1,0,0,0,1,19
9301215,1,1,0,0,1,0,0
208270,0,0,0,0,0,0,0
9912519,4,1,3,5,1,3,10
302091,0,0,0,0,0,0,0
209029,2,2,0,0,0,2,6
201111,0,0,0,0,0,0,0
3036,1,1,0,0,0,1,2
5170,0,0,0,0,0,0,0
9405404,0,0,0,0,0,0,0
9911493,4,2,2,3,0,4,4
211440,0,0,0,0,0,0,0
9909519,0,0,0,0,0,0,0
9804435,0,0,0,0,0,0,0
210116,0,0,0,0,0,0,0
206006,0,0,0,0,0,0,0
9808348,2,1,1,1,0,2,4
111308,2,2,0,0,0,2,8
8054,0,0,0,0,0,0,0
302101,0,0,0,0,0,0,0
211248,0,0,0,0,0,0,0
11017,0,0,0,0,0,0,0
111040,1,1,0,0,1,0,0
5246,2,1,1,1,0,2,4
9606380,5,2,3,5,5,0,0
9810463,5,3,2,2,0,5,7
9311241,0,0,0,0,0,0,0
205029,1,1,0,0,0,1,2
9903293,4,2,2,2,4,0,0
107278,3,3,0,0,0,3,21
9701352,1,1,0,0,1,0,0
9407294,0,0,0,0,0,0,0
301092,2,1,1,1,0,2,32
109060,0,0,0,0,0,0,0
9707469,1,1,0,0,0,1,2
9707455,0,0,0,0,0,0,0
9312208,0,0,0,0,0,0,0
9808390,1,1,0,0,0,1,2
111363,0,0,0,0,0,0,0
207023,1,1,0,0,0,1,4
207198,0,0,0,0,0,0,0
9802348,0,0,0,0,0,0,0
9709472,0,0,0,0,0,0,0
12165,1,1,0,0,1,0,0
9910446,0,0,0,0,0,0,0
105208,1,1,0,0,0,1,4
9706503,1,1,0,0,1,0,0
209046,1,1,0,0,0,1,2
7348,1,1,0,0,0,1,14
9506376,0,0,0,0,0,0,0
9409230,0,0,0,0,0,0,0
107312,2,2,0,0,0,2,6
208015,0,0,0,0,0,0,0
112044,3,2,1,1,0,3,8
105162,2,2,0,0,0,2,6
9710472,1,1,0,0,0,1,2
9910243,1,1,0,0,0,1,1
12374,0,0,0,0,0,0,0
112046,0,0,0,0,0,0,0
5207,0,0,0,0,0,0,0
210313,1,1,0,0,0,1,15
9510251,2,1,1,1,0,2,2
205056,0,0,0,0,0,0,0
112107,0,0,0,0,0,0,0
6273,5,1,4,10,0,5,12
211177,0,0,0,0,0,0,0
9504213,2,1,1,1,2,0,0
106073,6,3,3,4,0,6,8
9706248,0,0,0,0,0,0,0
212157,0,0,0,0,0,0,0
212392,0,0,0,0,0,0,0
102341,1,1,0,0,0,1,3
103344,0,0,0,0,0,0,0
9801373,1,1,0,0,0,1,1
207076,0,0,0,0,0,0,0
9612466,2,2,0,0,1,1,1
1235,1,1,0,0,0,1,3
204293,1,1,0,0,0,1,5
9806312,0,0,0,0,0,0,0
9704449,0,0,0,0,0,0,0
9340,2,1,1,1,0,2,6
206022,3,3,0,0,0,3,17
6028,1,1,0,0,0,1,4
9509326,1,1,0,0,1,0,0
9905362,1,1,0,0,0,1,2
209359,0,0,0,0,0,0,0
9904229,3,2,1,1,1,2,10
301146,0,0,0,0,0,0,0
202261,4,2,2,3,4,0,0
7139,0,0,0,0,0,0,0
301115,0,0,0,0,0,0,0
9612492,1,1,0,0,1,0,0
9812512,1,1,0,0,1,0,0
9912269,0,0,0,0,0,0,0
9703393,0,0,0,0,0,0,0
9710505,1,1,0,0,0,1,2
112229,1,1,0,0,0,1,4
9911277,2,2,0,0,2,0,0
204268,0,0,0,0,0,0,0
210090,1,1,0,0,0,1,1
9706204,0,0,0,0,0,0,0
10236,0,0,0,0,0,0,0
210124,0,0,0,0,0,0,0
9404336,2,2,0,0,2,0,0
9308314,0,0,0,0,0,0,0
9405319,0,0,0,0,0,0,0
108053,2,2,0,0,2,0,0
7205,1,1,0,0,0,1,2
9278,1,1,0,0,0,1,4
9808216,1,1,0,0,1,0,0
9504328,0,0,0,0,0,0,0
212241,0,0,0,0,0,0,0
3295,1,1,0,0,0,1,1
301223,0,0,0,0,0,0,0
10298,0,0,0,0,0,0,0
9708276,0,0,0,0,0,0,0
8175,0,0,0,0,0,0,0
11328,1,1,0,0,1,0,0
211425,0,0,0,0,0,0,0
110185,0,0,0,0,0,0,0
112090,1,1,0,0,0,1,7
9072,3,3,0,0,0,3,17
210204,1,1,0,0,0,1,8
6082,0,0,0,0,0,0,0
8067,0,0,0,0,0,0,0
9908332,0,0,0,0,0,0,0
212290,0,0,0,0,0,0,0
9811503,0,0,0,0,0,0,0
210416,1,1,0,0,0,1,1
9905547,0,0,0,0,0,0,0
9407278,1,1,0,0,1,0,0
9402267,0,0,0,0,0,0,0
11199,0,0,0,0,0,0,0
212187,0,0,0,0,0,0,0
9909463,1,1,0,0,0,1,7
9307367,0,0,0,0,0,0,0
9705325,0,0,0,0,0,0,0
212282,0,0,0,0,0,0,0
6214,0,0,0,0,0,0,0
9601331,0,0,0,0,0,0,0
105286,0,0,0,0,0,0,0
9605415,0,0,0,0,0,0,0
9802343,1,1,0,0,0,1,3
212194,0,0,0,0,0,0,0
9608381,0,0,0,0,0,0,0
9506339,0,0,0,0,0,0,0
9609455,0,0,0,0,0,0,0
209236,1,1,0,0,0,1,4
9801371,3,2,1,1,3,0,0
207050,0,0,0,0,0,0,0
209327,0,0,0,0,0,0,0
10329,1,1,0,0,1,0,0
9908266,0,0,0,0,0,0,0
9712540,0,0,0,0,0,0,0
3239,4,1,3,6,0,4,16
9902398,0,0,0,0,0,0,0
110188,1,1,0,0,0,1,16
2265,0,0,0,0,0,0,0
9609293,0,0,0,0,0,0,0
112357,0,0,0,0,0,0,0
212272,0,0,0,0,0,0,0
211235,0,0,0,0,0,0,0
203257,3,3,0,0,0,3,6
9903505,0,0,0,0,0,0,0
206234,0,0,0,0,0,0,0
302035,1,1,0,0,0,1,21
9712311,0,0,0,0,0,0,0
203248,1,1,0,0,0,1,2
4080,1,1,0,0,1,0,0
11304,0,0,0,0,0,0,0
9908406,0,0,0,0,0,0,0
210163,0,0,0,0,0,0,0
9808222,1,1,0,0,0,1,6
202005,0,0,0,0,0,0,0
9509307,1,1,0,0,1,0,0
204262,0,0,0,0,0,0,0
9603405,0,0,0,0,0,0,0
9312331,0,0,0,0,0,0,0
9907413,0,0,0,0,0,0,0
12121,0,0,0,0,0,0,0
208171,1,1,0,0,0,1,5
9401289,0,0,0,0,0,0,0
9906474,0,0,0,0,0,0,0
9612414,0,0,0,0,0,0,0
9501288,0,0,0,0,0,0,0
210259,0,0,0,0,0,0,0
110244,2,1,1,1,0,2,12
211022,0,0,0,0,0,0,0
9403207,0,0,0,0,0,0,0
9812306,2,2,0,0,1,1,1
203241,0,0,0,0,0,0,0
9709237,0,0,0,0,0,0,0
207285,0,0,0,0,0,0,0
9306216,3,2,1,1,3,0,0
111129,1,1,0,0,0,1,7
9203221,1,1,0,0,1,0,0
9607415,0,0,0,0,0,0,0
2256,0,0,0,0,0,0,0
105257,0,0,0,0,0,0,0
9702233,1,1,0,0,0,1,1
211458,0,0,0,0,0,0,0
8250,0,0,0,0,0,0,0
301171,1,1,0,0,0,1,5
9707306,0,0,0,0,0,0,0
111446,0,0,0,0,0,0,0
208183,0,0,0,0,0,0,0
211242,0,0,0,0,0,0,0
9157,0,0,0,0,0,0,0
212196,0,0,0,0,0,0,0
9606276,0,0,0,0,0,0,0
6323,0,0,0,0,0,0,0
9608390,0,0,0,0,0,0,0
2015,0,0,0,0,0,0,0
9812240,0,0,0,0,0,0,0
9810254,0,0,0,0,0,0,0
9909370,1,1,0,0,1,0,0
208250,0,0,0,0,0,0,0
109196,0,0,0,0,0,0,0
301021,0,0,0,0,0,0,0
209206,0,0,0,0,0,0,0
104298,2,2,0,0,2,0,0
9902474,0,0,0,0,0,0,0
112056,0,0,0,0,0,0,0
9710265,0,0,0,0,0,0,0
212405,0,0,0,0,0,0,0
207128,0,0,0,0,0,0,0
102105,1,1,0,0,0,1,1
9805428,0,0,0,0,0,0,0
9911208,1,1,0,0,0,1,1
110251,0,0,0,0,0,0,0
101346,1,1,0,0,1,0,0
106007,0,0,0,0,0,0,0
9812414,0,0,0,0,0,0,0
104159,1,1,0,0,0,1,8
7130,1,1,0,0,1,0,0
212349,0,0,0,0,0,0,0
9807365,0,0,0,0,0,0,0
9806527,0,0,0,0,0,0,0
9405402,0,0,0,0,0,0,0
9912433,0,0,0,0,0,0,0
9802349,0,0,0,0,0,0,0
9702288,0,0,0,0,0,0,0
301013,0,0,0,0,0,0,0
210234,0,0,0,0,0,0,0
208211,0,0,0,0,0,0,0
4230,1,1,0,0,0,1,2
9611295,2,1,1,1,2,0,0
9409328,0,0,0,0,0,0,0
9703416,2,1,1,1,0,2,2
210056,0,0,0,0,0,0,0
105047,0,0,0,0,0,0,0
111369,0,0,0,0,0,0,0
9802203,0,0,0,0,0,0,0
302262,0,0,0,0,0,0,0
9912316,0,0,0,0,0,0,0
104045,0,0,0,0,0,0,0
301182,0,0,0,0,0,0,0
212372,0,0,0,0,0,0,0
9801310,0,0,0,0,0,0,0
9708424,0,0,0,0,0,0,0
112307,0,0,0,0,0,0,0
9507217,0,0,0,0,0,0,0
9507405,0,0,0,0,0,0,0
9506458,0,0,0,0,0,0,0
9511283,0,0,0,0,0,0,0
9512257,0,0,0,0,0,0,0
9912348,0,0,0,0,0,0,0
9303242,0,0,0,0,0,0,0
9907313,0,0,0,0,0,0,0
9295,1,1,0,0,0,1,4
9906350,0,0,0,0,0,0,0
9812432,1,1,0,0,1,0,0
9706471,0,0,0,0,0,0,0
201221,0,0,0,0,0,0,0
9709435,0,0,0,0,0,0,0
207316,0,0,0,0,0,0,0
4017,0,0,0,0,0,0,0
207371,0,0,0,0,0,0,0
212170,0,0,0,0,0,0,0
210365,0,0,0,0,0,0,0
9711420,0,0,0,0,0,0,0
9608484,0,0,0,0,0,0,0
301250,0,0,0,0,0,0,0
9611297,18,2,16,28,4,14,24
2227,7,1,6,10,0,7,53
103020,9,3,6,13,0,9,23
9405259,31,3,28,153,31,0,0
9604330,33,8,25,121,2,31,53
9206236,41,4,37,183,41,0,0
9410307,6,2,4,6,6,0,0
9503359,4,1,3,3,0,4,13
1048,4,3,1,1,0,4,10
9512417,14,4,10,27,13,1,1
9807420,3,2,1,1,1,2,2
12256,3,2,1,1,0,3,21
9503433,92,8,84,510,2,90,234
9807469,4,3,1,2,0,4,27
9304230,18,4,14,30,18,0,0
9903382,11,6,5,11,0,11,58
202233,12,3,9,19,0,12,81
9906242,2,2,0,0,0,2,5
9305234,2,1,1,1,2,0,0
9410330,6,5,1,1,0,6,21
9310229,12,8,4,5,12,0,0
9212245,14,4,10,34,14,0,0
9408234,42,7,35,138,21,21,48
9608253,21,3,18,56,2,19,19
9903308,76,8,68,453,34,42,94
9604370,47,3,44,239,39,8,8
1124,13,2,11,23,0,13,81
9806294,34,2,32,214,9,25,75
9902293,16,7,9,17,0,16,172
9702343,52,5,47,229,24,28,45
9901208,18,8,10,23,3,15,109
9703267,29,4,25,101,28,1,1
9503316,18,5,13,29,5,13,23
9812381,16,3,13,53,0,16,132
9809481,8,6,2,2,1,7,44
9338,4,2,2,3,0,4,20
9301220,3,2,1,1,3,0,0
9205234,40,5,35,199,40,0,0
9712201,46,15,31,84,46,0,0
9712415,16,3,13,27,9,7,7
9306309,75,21,54,206,20,55,88
9209251,121,6,115,1032,121,0,0
9505248,114,4,110,1116,104,10,10
9603219,15,3,12,19,4,11,22
9610431,9,2,7,16,2,7,27
12155,25,3,22,95,8,17,27
9711262,72,2,70,724,3,69,381
1088,13,1,12,29,0,13,189
9811335,16,1,15,45,0,16,212
9601367,121,4,117,1257,20,101,233
9701341,39,2,37,185,0,39,408
9709383,13,3,10,22,0,13,153
9310243,5,2,3,5,5,0,0
9503299,2,2,0,0,2,0,0
9207214,217,14,203,2211,217,0,0
1170,4,2,2,2,0,4,9
9908232,16,3,13,52,0,16,132
9803328,14,4,10,17,3,11,44
9702318,49,5,44,215,2,47,194
9909560,19,6,13,60,0,19,117
9806515,4,3,1,1,0,4,9
9912438,4,4,0,0,1,3,4
9610396,29,5,24,87,2,27,109
9802401,16,3,13,35,1,15,87
9409229,14,3,11,20,13,1,1
9803315,500,2,498,7683,500,0,0
9511447,2,2,0,0,1,1,4
9506477,81,7,74,641,11,70,415
9602299,46,3,43,302,14,32,35
9710334,12,7,5,7,4,8,8
9708344,10,3,7,17,0,10,98
9604399,0,0,0,0,0,0,0
9702245,71,6,65,566,14,57,58
9711309,18,4,14,44,0,18,89
9806260,7,3,4,4,0,7,47
11363,32,9,23,66,15,17,44
9604347,8,5,3,5,4,4,4
9711244,21,2,19,105,1,20,80
9506208,23,9,14,40,8,15,46
9605334,2,2,0,0,0,2,6
9905351,21,3,18,53,0,21,174
9809423,36,3,33,175,2,34,112
9703404,29,1,28,156,8,21,35
9503209,34,2,32,182,34,0,0
9502338,52,6,46,195,0,52,224
9702415,8,3,5,8,0,8,41
9803439,3,1,2,2,0,3,3
105340,1,1,0,0,0,1,1
9508406,36,2,34,138,1,35,148
9607440,46,3,43,258,16,30,44
9904305,5,2,3,4,4,1,4
9305241,36,3,33,140,36,0,0
9903389,44,6,38,162,4,40,321
9408266,10,4,6,13,5,5,5
9809379,10,3,7,21,2,8,17
9709443,10,1,9,37,0,10,74
101032,16,1,15,44,1,15,58
9810409,37,2,35,299,0,37,256
9908349,7,6,1,1,1,6,31
9511386,16,2,14,24,11,5,5
106110,7,4,3,3,0,7,44
4074,28,7,21,61,0,28,450
9305348,59,5,54,270,59,0,0
9802284,12,1,11,36,0,12,23
9812516,4,3,1,2,0,4,21
111327,6,2,4,9,0,6,17
9904383,12,4,8,13,1,11,19
9602242,14,3,11,31,3,11,11
9810374,9,4,5,9,1,8,25
9811323,72,4,68,592,0,72,390
9705444,29,8,21,65,1,28,75
9904438,2,2,0,0,0,2,10
9707201,15,4,11,35,1,14,50
9204211,58,13,45,175,58,0,0
9703286,18,1,17,75,1,17,37
9201,5,3,2,2,0,5,23
9412276,16,1,15,59,10,6,6
9908385,27,2,25,107,0,27,112
9703294,5,2,3,4,0,5,5
9905536,30,6,24,58,0,30,377
9811355,6,2,4,8,0,6,27
9907524,8,1,7,13,1,7,7
9710353,8,5,3,3,0,8,112
9411301,44,1,43,153,44,0,0
9408242,28,1,27,101,0,28,72
9502250,7,4,3,3,0,7,28
9912318,4,1,3,3,4,0,0
9711308,34,8,26,86,3,31,129
9310380,8,2,6,15,8,0,0
9507377,7,2,5,10,2,5,5
9712358,3,3,0,0,1,2,4
10086,15,3,12,27,1,14,46
9506473,9,3,6,18,9,0,0
9503307,15,4,11,36,0,15,88
10194,13,3,10,42,3,10,74
102145,77,2,75,838,5,72,211
9702281,26,4,22,87,1,25,89
9909228,28,6,22,101,0,28,104
9809239,16,3,13,31,1,15,55
9406389,23,5,18,85,10,13,19
9906394,6,2,4,5,0,6,35
9712515,7,5,2,2,0,7,11
106128,15,3,12,23,2,13,29
105080,8,2,6,9,0,8,44
9301240,5,1,4,9,5,0,0
9705425,5,3,2,2,0,5,13
7289,29,2,27,115,8,21,51
6311,14,3,11,35,3,11,38
9612233,1,1,0,0,0,1,1
9511396,3,2,1,1,0,3,6
9608379,2,1,1,1,0,2,3
9811501,58,2,56,670,0,58,390
9906238,17,10,7,11,0,17,73
4044,54,6,48,373,0,54,562
9809403,13,4,9,23,13,0,0
209107,6,3,3,5,1,5,12
204023,2,1,1,1,0,2,9
209219,6,3,3,5,0,6,19
201248,22,3,19,96,0,22,248
103207,7,1,6,11,0,7,22
110201,4,3,1,1,1,3,5
9803219,13,6,7,12,1,12,63
9607208,2,2,0,0,0,2,6
9806263,64,2,62,434,1,63,215
105084,17,3,14,61,1,16,46
9212286,2,1,1,1,0,2,4
9712542,29,1,28,114,0,29,124
9803290,18,1,17,54,0,18,94
10260,9,3,6,11,0,9,60
9511220,7,2,5,8,2,5,9
9901450,3,1,2,2,0,3,12
9207209,12,1,11,22,12,0,0
9409263,9,4,5,9,4,5,5
9911395,49,8,41,198,0,49,319
9802202,10,5,5,9,2,8,14
9412346,4,2,2,3,0,4,16
9401288,15,1,14,35,15,0,0
9712251,40,2,38,168,0,40,274
9806367,7,3,4,10,2,5,11
9609504,14,4,10,24,0,14,104
9706369,9,2,7,13,0,9,100
2135,7,4,3,5,0,7,22
106158,0,0,0,0,0,0,0
9608373,9,4,5,6,1,8,40
9603359,9,3,6,7,2,7,11
9208227,11,2,9,27,11,0,0
9901432,20,3,17,77,1,19,37
4262,17,6,11,23,1,16,130
9712213,15,2,13,29,0,15,125
9612425,7,2,5,9,0,7,29
8204,21,2,19,77,2,19,64
9512348,4,2,2,4,0,4,8
9809243,5,3,2,2,0,5,12
9501213,33,4,29,152,19,14,22
9907240,64,6,58,414,1,63,525
9708448,7,3,4,6,0,7,29
9904501,4,2,2,2,0,4,4
9609490,9,2,7,11,7,2,2
10082,4,4,0,0,0,4,15
5132,5,3,2,3,0,5,7
9304233,5,1,4,8,5,0,0
9712473,9,2,7,16,0,9,74
9706251,2,1,1,1,1,1,2
9908500,1,1,0,0,0,1,1
9502285,17,2,15,64,1,16,34
9405419,5,4,1,1,0,5,14
9805475,2,2,0,0,0,2,2
9702216,25,3,22,51,0,25,95
9511263,16,6,10,26,5,11,63
9305340,4,2,2,3,4,0,0
9512223,2,1,1,1,0,2,2
9612251,18,7,11,22,10,8,21
9707244,23,9,14,42,1,22,82
9304274,3,3,0,0,3,0,0
9709246,5,2,3,5,0,5,7
9408222,84,5,79,806,84,0,0
9403213,2,2,0,0,2,0,0
9311296,9,5,4,6,6,3,4
9506284,34,8,26,82,0,34,138
9606438,10,1,9,20,0,10,129
9503366,17,6,11,25,0,17,54
9508254,16,5,11,15,8,8,12
4100,6,4,2,2,0,6,65
9807432,3,1,2,2,1,2,2
9910246,8,6,2,2,3,5,16
9707372,1,1,0,0,0,1,14
9707421,7,3,4,9,0,7,12
9601390,9,5,4,8,2,7,33
9803357,26,7,19,65,0,26,327
9809304,10,5,5,8,2,8,72
112279,11,4,7,22,0,11,31
9811404,7,2,5,9,0,7,16
9608291,10,5,5,12,10,0,0
9612300,22,3,19,64,0,22,205
207126,3,2,1,1,0,3,23
112251,6,3,3,4,0,6,39
9811426,6,3,3,4,0,6,11
9709320,10,3,7,10,0,10,34
107129,14,4,10,26,1,13,83
9507242,15,1,14,62,0,15,41
102014,5,1,4,6,0,5,6
9912377,2,2,0,0,2,0,0
9606429,20,3,17,76,6,14,25
9412268,8,2,6,19,8,0,0
9606311,18,4,14,34,2,16,39
9310212,17,8,9,9,0,17,41
7176,38,7,31,108,2,36,230
108111,0,0,0,0,0,0,0
9909292,30,1,29,116,6,24,41
9906241,6,2,4,8,0,6,44
9503217,7,4,3,4,0,7,9
9609216,5,1,4,6,5,0,0
207241,6,2,4,6,0,6,60
9609517,11,4,7,22,0,11,86
9703316,15,4,11,27,12,3,3
207136,0,0,0,0,0,0,0
9408310,9,3,6,11,2,7,13
9306211,3,2,1,1,3,0,0
9708300,13,2,11,25,0,13,45
9711257,2,1,1,1,0,2,14
9912380,19,4,15,37,2,17,55
9601224,6,4,2,2,1,5,9
9312269,4,1,3,5,4,0,0
9803480,0,0,0,0,0,0,0
9210205,6,4,2,2,6,0,0
107234,3,1,2,2,0,3,10
9412343,6,1,5,14,2,4,9
10017,21,7,14,35,7,14,26
9509369,14,2,12,20,14,0,0
9705384,5,2,3,3,0,5,11
9709425,5,1,4,4,1,4,7
104137,21,3,18,77,5,16,16
9902304,5,1,4,8,0,5,31
9706430,23,7,16,35,3,20,66
9708221,0,0,0,0,0,0,0
9501340,1,1,0,0,0,1,1
9708439,13,1,12,66,0,13,96
9712494,9,2,7,8,1,8,39
211075,0,0,0,0,0,0,0
9093,3,3,0,0,0,3,29
112138,7,4,3,6,0,7,40
108195,2,2,0,0,2,0,0
9501221,10,2,8,19,6,4,5
9807221,0,0,0,0,0,0,0
11104,3,2,1,1,0,3,20
107168,2,1,1,1,0,2,17
207319,0,0,0,0,0,0,0
203258,19,10,9,11,0,19,54
204253,67,5,62,449,17,50,125
203143,0,0,0,0,0,0,0
9607470,7,1,6,10,1,6,7
9402320,6,1,5,13,6,0,0
9909475,3,3,0,0,0,3,7
9406238,7,2,5,15,0,7,22
9712394,11,1,10,18,4,7,15
9607296,3,3,0,0,0,3,28
9712381,1,1,0,0,0,1,2
9504274,18,2,16,38,0,18,70
9808421,12,3,9,29,0,12,56
9303234,19,4,15,66,19,0,0
9812230,8,1,7,15,1,7,8
7161,0,0,0,0,0,0,0
9710533,2,2,0,0,0,2,5
9510212,17,6,11,25,2,15,16
9612450,7,4,3,5,0,7,39
9309231,5,2,3,4,0,5,21
5181,19,8,11,26,0,19,41
9505384,9,3,6,7,0,9,35
9408257,22,1,21,53,12,10,10
9805225,11,1,10,33,3,8,8
10289,8,4,4,5,0,8,23
104294,12,6,6,11,1,11,32
6076,5,2,3,4,0,5,19
9907314,15,2,13,31,2,13,32
9243,0,0,0,0,0,0,0
202136,8,7,1,1,1,7,30
9412281,5,1,4,5,1,4,13
7083,7,1,6,11,0,7,33
9806302,0,0,0,0,0,0,0
9905252,12,4,8,16,0,12,54
9909281,2,1,1,1,0,2,30
1243,14,3,11,32,4,10,22
205168,4,1,3,5,0,4,33
9803267,1,1,0,0,1,0,0
9804391,6,1,5,9,0,6,17
9503219,16,4,12,31,5,11,20
9511253,1,1,0,0,0,1,1
9902411,11,3,8,14,0,11,106
9407277,6,3,3,6,6,0,0
9704213,18,3,15,32,0,18,75
9707360,4,2,2,2,0,4,14
9409333,5,2,3,6,5,0,0
4098,6,2,4,10,0,6,164
9906280,4,2,2,3,0,4,11
9605463,15,2,13,44,0,15,61
9904335,7,3,4,6,0,7,55
9809292,7,3,4,7,2,5,11
9907297,3,3,0,0,0,3,7
9505253,0,0,0,0,0,0,0
5086,0,0,0,0,0,0,0
9504354,10,1,9,13,10,0,0
9406299,21,2,19,104,17,4,6
1333,4,2,2,2,0,4,15
112273,9,3,6,12,0,9,150
9807427,2,2,0,0,1,1,4
9312358,7,1,6,8,7,0,0
9410265,13,8,5,9,11,2,2
9903350,6,6,0,0,0,6,31
9909465,4,3,1,1,0,4,54
9809213,1,1,0,0,0,1,2
9707227,9,2,7,12,0,9,182
2065,17,5,12,22,0,17,96
9901445,11,2,9,18,11,0,0
9707280,2,2,0,0,0,2,10
9805231,6,1,5,7,0,6,10
8290,10,4,6,12,1,9,43
9903431,1,1,0,0,0,1,4
9607465,11,3,8,28,0,11,30
9802224,3,3,0,0,0,3,8
9510243,4,2,2,3,0,4,7
9811243,2,1,1,1,2,0,0
9504379,16,4,12,28,16,0,0
9405272,31,4,27,162,1,30,166
9912366,7,2,5,6,1,6,34
9712228,27,8,19,47,9,18,49
206124,4,2,2,3,0,4,13
9402323,1,1,0,0,1,0,0
9703377,11,2,9,16,8,3,3
7127,2,1,1,1,0,2,7
9612410,2,1,1,1,0,2,6
9611371,3,2,1,2,0,3,19
9907473,2,1,1,1,0,2,20
9612453,23,4,19,42,0,23,130
9910532,3,3,0,0,1,2,6
9911315,18,3,15,50,1,17,61
7050,3,2,1,1,0,3,18
9907467,3,3,0,0,1,2,8
9807487,4,1,3,4,0,4,24
11383,2,2,0,0,0,2,13
9910293,1,1,0,0,1,0,0
9507404,0,0,0,0,0,0,0
9707298,5,4,1,1,0,5,21
9609358,10,5,5,12,0,10,57
9803266,38,4,34,93,4,34,173
9407309,1,1,0,0,1,0,0
9802319,2,1,1,1,0,2,4
10252,2,2,0,0,0,2,16
9809539,2,2,0,0,0,2,7
9407352,1,1,0,0,1,0,0
9707334,13,1,12,25,3,10,37
9611261,0,0,0,0,0,0,0
211374,0,0,0,0,0,0,0
9803428,8,3,5,7,0,8,58
9408307,2,2,0,0,2,0,0
9712436,2,1,1,1,0,2,4
9712338,2,1,1,1,0,2,2
9506381,7,3,4,10,0,7,15
9910530,2,2,0,0,0,2,16
11134,11,4,7,20,0,11,106
104186,11,4,7,24,0,11,101
9907340,2,2,0,0,1,1,1
8181,4,1,3,4,0,4,22
9709499,26,3,23,52,4,22,49
9410392,3,1,2,2,3,0,0
9404210,0,0,0,0,0,0,0
9409202,6,1,5,11,6,0,0
8117,6,4,2,4,0,6,44
9811484,11,3,8,15,0,11,20
9212206,16,5,11,24,16,0,0
9705209,3,2,1,1,0,3,22
9506202,1,1,0,0,1,0,0
9712346,4,1,3,5,0,4,32
9906515,2,1,1,1,0,2,6
9712368,6,4,2,3,6,0,0
112188,3,2,1,1,0,3,16
9905572,4,3,1,1,0,4,30
5112,1,1,0,0,0,1,14
9702350,26,1,25,88,9,17,36
9904365,2,1,1,1,1,1,5
9906423,14,9,5,6,14,0,0
9612288,2,2,0,0,2,0,0
9901221,21,2,19,80,8,13,16
9810352,1,1,0,0,0,1,2
203021,2,1,1,1,0,2,15
9811275,11,4,7,12,1,10,62
103274,11,4,7,13,0,11,41
9408336,8,4,4,7,0,8,13
9211329,9,2,7,9,9,0,0
102103,5,2,3,5,0,5,12
10136,3,3,0,0,0,3,3
9207211,3,3,0,0,3,0,0
208120,1,1,0,0,0,1,1
9211296,3,3,0,0,3,0,0
9704392,4,1,3,3,3,1,2
9412334,14,2,12,28,14,0,0
12324,3,3,0,0,0,3,6
208091,10,3,7,19,0,10,58
110254,3,2,1,1,1,2,3
103014,6,1,5,7,0,6,18
9308371,10,9,1,1,1,9,9
9912434,14,6,8,14,2,12,16
9805414,2,2,0,0,2,0,0
9306237,13,2,11,36,1,12,12
301102,0,0,0,0,0,0,0
9812446,7,1,6,7,1,6,20
9507256,6,3,3,3,0,6,6
108274,1,1,0,0,0,1,6
9512212,2,1,1,1,0,2,4
9507469,7,2,5,5,7,0,0
9702345,9,2,7,14,9,0,0
9803300,2,2,0,0,1,1,8
107175,3,1,2,3,0,3,13
9402207,4,2,2,2,1,3,3
9801419,1,1,0,0,0,1,1
9801417,1,1,0,0,0,1,4
9604273,3,2,1,2,0,3,10
9404275,2,2,0,0,2,0,0
103187,3,1,2,2,0,3,23
203182,4,3,1,1,0,4,29
202047,1,1,0,0,0,1,1
10131,7,4,3,3,3,4,7
9810473,4,3,1,1,0,4,28
8186,22,7,15,25,0,22,110
9702427,0,0,0,0,0,0,0
108057,6,3,3,4,0,6,34
9707234,1,1,0,0,0,1,3
12063,2,2,0,0,0,2,12
106329,6,2,4,7,0,6,94
205013,8,2,6,11,0,8,31
1334,2,2,0,0,1,1,3
11209,3,1,2,2,1,2,5
9710295,7,2,5,9,0,7,14
9807398,6,3,3,4,0,6,22
9910415,4,2,2,2,0,4,41
102269,2,2,0,0,0,2,10
2122,1,1,0,0,0,1,8
9704342,14,3,11,33,4,10,16
9411258,9,4,5,8,9,0,0
9603240,10,2,8,21,10,0,0
9504325,1,1,0,0,1,0,0
204117,3,2,1,1,0,3,15
9905493,4,3,1,1,4,0,0
9703258,11,8,3,5,0,11,87
9811411,3,3,0,0,0,3,7
9506421,1,1,0,0,0,1,5
9510386,8,3,5,9,2,6,33
106108,11,5,6,10,3,8,24
9013,2,1,1,1,0,2,17
9809262,8,4,4,9,0,8,38
9912425,11,2,9,18,0,11,124
9508255,7,2,5,8,0,7,14
106331,2,2,0,0,0,2,11
9047,1,1,0,0,0,1,2
9606465,10,2,8,22,10,0,0
9607459,7,3,4,6,7,0,0
107040,10,3,7,16,0,10,132
9510357,8,3,5,5,1,7,9
8110,2,1,1,1,0,2,4
4006,0,0,0,0,0,0,0
9504243,1,1,0,0,1,0,0
9604395,3,2,1,1,1,2,2
9304212,4,3,1,1,4,0,0
9809503,11,3,8,17,0,11,71
9702219,3,2,1,1,0,3,16
203137,22,6,16,44,0,22,391
9811314,2,2,0,0,2,0,0
9609401,9,3,6,15,1,8,27
9209288,4,2,2,3,4,0,0
9902472,1,1,0,0,0,1,16
9809454,1,1,0,0,1,0,0
112106,1,1,0,0,0,1,8
108220,5,5,0,0,0,5,24
9708330,2,1,1,1,0,2,60
9708247,5,4,1,1,5,0,0
9601284,3,1,2,2,0,3,13
107205,1,1,0,0,0,1,9
9405405,2,2,0,0,2,0,0
1322,5,2,3,8,0,5,91
9812334,3,1,2,2,0,3,3
9711312,3,1,2,3,3,0,0
9707394,2,1,1,1,0,2,5
9285,2,1,1,1,0,2,13
9503283,1,1,0,0,0,1,2
110106,3,2,1,1,0,3,6
110041,1,1,0,0,0,1,7
9712202,3,1,2,3,0,3,3
9711518,2,2,0,0,0,2,16
9401337,3,2,1,1,3,0,0
9708367,9,4,5,8,1,8,19
110310,1,1,0,0,0,1,1
9504350,3,3,0,0,3,0,0
9706502,3,2,1,1,3,0,0
9811278,3,3,0,0,0,3,7
101150,4,2,2,2,0,4,17
9909484,7,2,5,7,0,7,37
102067,7,3,4,7,2,5,6
9607247,3,2,1,1,0,3,8
202194,9,1,8,22,9,0,0
9601344,8,4,4,8,8,0,0
9512440,0,0,0,0,0,0,0
206057,22,2,20,38,0,22,97
9807474,2,2,0,0,0,2,11
107100,4,2,2,2,0,4,11
9805210,1,1,0,0,0,1,3
9702411,3,2,1,1,0,3,6
9403209,4,2,2,3,4,0,0
9507411,0,0,0,0,0,0,0
9506479,1,1,0,0,1,0,0
9904346,3,2,1,1,0,3,13
9801314,3,1,2,2,0,3,11
9910330,1,1,0,0,0,1,2
9708362,1,1,0,0,0,1,1
8227,3,1,2,3,2,1,1
9906442,7,1,6,10,0,7,14
9602336,18,3,15,73,0,18,43
9809298,3,3,0,0,1,2,4
110187,3,1,2,3,0,3,4
112104,6,2,4,8,0,6,23
6355,1,1,0,0,0,1,1
4111,3,2,1,1,0,3,23
9403302,4,3,1,1,1,3,3
111115,13,3,10,28,1,12,19
102240,0,0,0,0,0,0,0
9603255,3,1,2,3,3,0,0
9904208,3,3,0,0,2,1,1
4031,4,3,1,2,0,4,12
9412355,5,2,3,4,5,0,0
9907334,2,2,0,0,1,1,1
9910432,8,2,6,10,0,8,27
209020,9,2,7,17,0,9,52
105152,1,1,0,0,0,1,4
202174,5,1,4,7,0,5,14
105281,0,0,0,0,0,0,0
9410377,2,2,0,0,0,2,4
9602300,2,2,0,0,0,2,3
208199,0,0,0,0,0,0,0
8063,1,1,0,0,0,1,3
9604414,1,1,0,0,0,1,1
211057,0,0,0,0,0,0,0
103128,4,1,3,4,4,0,0
9803407,2,2,0,0,0,2,19
9807356,0,0,0,0,0,0,0
106275,3,2,1,1,0,3,29
9810403,2,2,0,0,0,2,2
9811376,8,7,1,1,0,8,24
2212,7,2,5,11,1,6,24
210127,2,2,0,0,0,2,22
9303,1,1,0,0,0,1,1
9807379,4,2,2,4,1,3,8
9506407,6,2,4,8,6,0,0
9901309,2,2,0,0,0,2,7
212265,0,0,0,0,0,0,0
7190,2,2,0,0,0,2,12
207248,2,2,0,0,0,2,15
9511327,3,3,0,0,0,3,24
210019,1,1,0,0,0,1,5
107102,2,2,0,0,0,2,4
9309251,5,2,3,4,5,0,0
9908222,5,1,4,8,0,5,5
9806506,1,1,0,0,0,1,1
9904500,2,1,1,1,0,2,6
9803498,4,2,2,3,0,4,29
9605381,1,1,0,0,1,0,0
9707312,1,1,0,0,0,1,4
9912260,1,1,0,0,0,1,5
9901346,6,2,4,10,1,5,5
8217,7,4,3,3,3,4,5
209365,0,0,0,0,0,0,0
9711234,0,0,0,0,0,0,0
9412325,1,1,0,0,1,0,0
106127,1,1,0,0,0,1,4
9309323,7,4,3,5,7,0,0
9706337,3,2,1,1,0,3,4
2284,0,0,0,0,0,0,0
104243,5,2,3,3,0,5,26
9612361,1,1,0,0,1,0,0
9612487,2,1,1,1,0,2,4
211321,6,3,3,5,1,5,25
9810234,3,2,1,1,0,3,7
101143,4,2,2,2,0,4,28
1326,0,0,0,0,0,0,0
9907351,1,1,0,0,0,1,1
1023,6,2,4,7,4,2,2
9409239,0,0,0,0,0,0,0
9410224,4,2,2,4,2,2,2
110287,11,4,7,31,0,11,96
9902362,2,2,0,0,0,2,11
9811506,1,1,0,0,0,1,2
9609255,0,0,0,0,0,0,0
206163,2,2,0,0,0,2,5
9402293,7,3,4,5,7,0,0
9709468,6,2,4,6,0,6,23
9710305,4,2,2,3,3,1,2
9410234,3,1,2,2,3,0,0
105148,3,2,1,1,0,3,25
8276,0,0,0,0,0,0,0
9712425,8,6,2,2,4,4,5
9509271,7,2,5,7,7,0,0
202011,3,1,2,2,0,3,4
9710282,0,0,0,0,0,0,0
9709459,1,1,0,0,0,1,3
9611414,1,1,0,0,1,0,0
209062,0,0,0,0,0,0,0
9905356,5,5,0,0,5,0,0
112358,0,0,0,0,0,0,0
204347,0,0,0,0,0,0,0
111385,0,0,0,0,0,0,0
9810532,3,3,0,0,3,0,0
9710410,3,3,0,0,0,3,10
9908267,2,2,0,0,0,2,8
9503457,2,1,1,1,2,0,0
7296,0,0,0,0,0,0,0
9405227,1,1,0,0,0,1,1
203261,3,3,0,0,0,3,14
201257,2,1,1,1,0,2,6
9406277,0,0,0,0,0,0,0
9810233,4,3,1,1,3,1,2
4252,3,1,2,2,3,0,0
7250,4,1,3,4,0,4,11
9902336,7,4,3,4,7,0,0
9507279,2,1,1,1,0,2,2
9203207,6,2,4,10,6,0,0
9809511,0,0,0,0,0,0,0
9607267,0,0,0,0,0,0,0
9304320,4,2,2,2,4,0,0
105094,4,1,3,5,0,4,17
9712293,6,4,2,2,1,5,13
207009,1,1,0,0,0,1,7
9412279,2,2,0,0,1,1,1
9310272,3,3,0,0,2,1,2
203022,2,2,0,0,1,1,3
8112,0,0,0,0,0,0,0
9901380,1,1,0,0,1,0,0
1081,0,0,0,0,0,0,0
9506290,7,0,7,19,7,0,0
1247,1,1,0,0,0,1,9
9810495,3,3,0,0,2,1,2
9707441,1,1,0,0,0,1,5
9605407,3,2,1,1,0,3,7
1311,2,2,0,0,2,0,0
9609459,1,1,0,0,1,0,0
201044,3,3,0,0,0,3,10
9807241,4,4,0,0,1,3,3
201120,0,0,0,0,0,0,0
9609252,1,1,0,0,1,0,0
9511369,2,1,1,1,0,2,2
7064,0,0,0,0,0,0,0
107023,0,0,0,0,0,0,0
9909246,8,2,6,12,1,7,22
9905435,3,1,2,3,0,3,8
9504395,3,1,2,2,0,3,3
301112,1,1,0,0,0,1,2
111461,0,0,0,0,0,0,0
9903391,0,0,0,0,0,0,0
9804308,0,0,0,0,0,0,0
9807419,0,0,0,0,0,0,0
9175,1,1,0,0,0,1,4
9150,3,2,1,1,0,3,9
202014,0,0,0,0,0,0,0
107076,1,1,0,0,0,1,2
110179,0,0,0,0,0,0,0
9902353,2,2,0,0,2,0,0
9607371,3,1,2,3,0,3,3
9607327,1,1,0,0,1,0,0
9412313,0,0,0,0,0,0,0
9207223,1,1,0,0,1,0,0
210078,4,4,0,0,0,4,26
9704227,0,0,0,0,0,0,0
107120,0,0,0,0,0,0,0
9909401,4,1,3,5,0,4,23
111469,0,0,0,0,0,0,0
9908407,0,0,0,0,0,0,0
11276,4,1,3,3,0,4,15
9808212,0,0,0,0,0,0,0
112017,1,1,0,0,1,0,0
9305328,1,1,0,0,1,0,0
9807342,3,3,0,0,1,2,2
3092,1,1,0,0,1,0,0
202249,0,0,0,0,0,0,0
111145,0,0,0,0,0,0,0
210073,0,0,0,0,0,0,0
9804205,1,1,0,0,0,1,3
9308334,1,1,0,0,1,0,0
109006,1,1,0,0,0,1,2
210113,1,1,0,0,0,1,1
107137,2,1,1,1,0,2,4
110137,1,1,0,0,0,1,1
9704411,0,0,0,0,0,0,0
108063,0,0,0,0,0,0,0
9810497,0,0,0,0,0,0,0
9611245,0,0,0,0,0,0,0
6344,1,1,0,0,0,1,9
9205217,1,1,0,0,1,0,0
9907221,4,3,1,1,1,3,5
9807511,0,0,0,0,0,0,0
9901271,0,0,0,0,0,0,0
102214,0,0,0,0,0,0,0
302005,0,0,0,0,0,0,0
105109,5,4,1,1,0,5,19
9711397,1,1,0,0,0,1,1
9509245,0,0,0,0,0,0,0
302245,0,0,0,0,0,0,0
103089,1,1,0,0,0,1,5
9607380,0,0,0,0,0,0,0
9904325,2,1,1,1,0,2,2
208141,4,2,2,3,0,4,87
9212293,1,1,0,0,1,0,0
204179,4,2,2,3,0,4,9
9911403,0,0,0,0,0,0,0
107300,1,1,0,0,0,1,5
2254,0,0,0,0,0,0,0
9903463,0,0,0,0,0,0,0
9602361,0,0,0,0,0,0,0
9609356,0,0,0,0,0,0,0
110248,3,1,2,2,0,3,15
8098,0,0,0,0,0,0,0
9612386,0,0,0,0,0,0,0
9508340,0,0,0,0,0,0,0
203193,0,0,0,0,0,0,0
11319,1,1,0,0,0,1,1
212178,1,1,0,0,0,1,9
9507270,0,0,0,0,0,0,0
9604400,1,1,0,0,0,1,1
212232,0,0,0,0,0,0,0
9402269,0,0,0,0,0,0,0
10323,2,1,1,1,0,2,4
207271,1,1,0,0,1,0,0
111050,1,1,0,0,0,1,1
210002,3,3,0,0,1,2,7
202033,2,2,0,0,0,2,3
209159,0,0,0,0,0,0,0
9708491,3,3,0,0,1,2,10
2189,1,1,0,0,0,1,5
210104,3,2,1,1,0,3,22
107247,1,1,0,0,0,1,4
210442,4,1,3,3,0,4,21
11021,0,0,0,0,0,0,0
9902229,1,1,0,0,0,1,3
9904237,1,1,0,0,0,1,15
105027,0,0,0,0,0,0,0
9811209,1,1,0,0,1,0,0
6305,0,0,0,0,0,0,0
9809419,0,0,0,0,0,0,0
9905533,0,0,0,0,0,0,0
9608220,0,0,0,0,0,0,0
209071,0,0,0,0,0,0,0
9709416,0,0,0,0,0,0,0
212375,2,1,1,1,2,0,0
5099,0,0,0,0,0,0,0
9704429,3,1,2,3,3,0,0
9511259,0,0,0,0,0,0,0
212250,1,1,0,0,0,1,3
9801423,0,0,0,0,0,0,0
110046,2,2,0,0,0,2,12
209256,0,0,0,0,0,0,0
9604213,0,0,0,0,0,0,0
9601258,1,1,0,0,1,0,0
204164,0,0,0,0,0,0,0
9304291,1,1,0,0,1,0,0
109063,0,0,0,0,0,0,0
302163,0,0,0,0,0,0,0
9909360,0,0,0,0,0,0,0
9506293,2,1,1,1,2,0,0
9910538,1,1,0,0,0,1,8
9906473,1,1,0,0,0,1,7
9911409,0,0,0,0,0,0,0
9803271,1,1,0,0,0,1,3
112213,1,1,0,0,0,1,2
202217,1,1,0,0,0,1,7
9706240,1,1,0,0,0,1,1
9607425,1,1,0,0,1,0,0
205154,0,0,0,0,0,0,0
9904204,1,1,0,0,0,1,3
9411223,0,0,0,0,0,0,0
9404320,0,0,0,0,0,0,0
211444,2,1,1,1,0,2,16
9506424,4,2,2,3,4,0,0
9802375,1,1,0,0,1,0,0
9805455,1,1,0,0,1,0,0
107108,4,1,3,6,0,4,13
9050,2,1,1,1,1,1,1
9707519,0,0,0,0,0,0,0
9908418,0,0,0,0,0,0,0
110333,4,3,1,1,0,4,15
9810327,0,0,0,0,0,0,0
109071,0,0,0,0,0,0,0
9605360,1,1,0,0,0,1,1
9903487,0,0,0,0,0,0,0
2206,2,2,0,0,0,2,2
9803280,2,2,0,0,0,2,2
9607209,3,2,1,1,3,0,0
110342,1,1,0,0,0,1,2
9807450,0,0,0,0,0,0,0
9808279,0,0,0,0,0,0,0
209089,1,1,0,0,0,1,7
201240,2,1,1,1,0,2,9
9305263,1,1,0,0,1,0,0
2174,1,1,0,0,1,0,0
209343,0,0,0,0,0,0,0
9908204,0,0,0,0,0,0,0
9902284,0,0,0,0,0,0,0
9904261,5,4,1,1,0,5,16
109280,1,1,0,0,0,1,13
211162,1,1,0,0,0,1,1
9712317,0,0,0,0,0,0,0
7024,2,2,0,0,2,0,0
107303,0,0,0,0,0,0,0
9505424,6,3,3,5,0,6,14
9221,0,0,0,0,0,0,0
9707212,0,0,0,0,0,0,0
9511201,0,0,0,0,0,0,0
212244,0,0,0,0,0,0,0
9512210,0,0,0,0,0,0,0
109271,1,1,0,0,0,1,1
10281,2,2,0,0,2,0,0
302097,0,0,0,0,0,0,0
211395,1,1,0,0,0,1,19
9809383,0,0,0,0,0,0,0
11098,0,0,0,0,0,0,0
8174,0,0,0,0,0,0,0
9711230,0,0,0,0,0,0,0
1240,2,2,0,0,2,0,0
12149,0,0,0,0,0,0,0
9901250,3,2,1,1,1,2,2
7146,0,0,0,0,0,0,0
111096,0,0,0,0,0,0,0
110412,1,1,0,0,0,1,2
9810373,2,2,0,0,2,0,0
212353,1,1,0,0,0,1,2
9031,0,0,0,0,0,0,0
104163,0,0,0,0,0,0,0
9804315,0,0,0,0,0,0,0
9905209,0,0,0,0,0,0,0
209205,1,1,0,0,0,1,5
7225,0,0,0,0,0,0,0
11063,0,0,0,0,0,0,0
104015,0,0,0,0,0,0,0
9706308,1,1,0,0,0,1,1
9708466,1,1,0,0,0,1,3
9910294,0,0,0,0,0,0,0
9812502,1,1,0,0,0,1,5
110019,2,1,1,1,0,2,18
206239,0,0,0,0,0,0,0
106001,0,0,0,0,0,0,0
9809369,0,0,0,0,0,0,0
9903485,0,0,0,0,0,0,0
12315,1,1,0,0,0,1,1
210068,0,0,0,0,0,0,0
212180,2,1,1,1,0,2,11
9610548,0,0,0,0,0,0,0
208236,0,0,0,0,0,0,0
212060,0,0,0,0,0,0,0
210398,1,1,0,0,0,1,8
9508238,0,0,0,0,0,0,0
9510330,0,0,0,0,0,0,0
302212,0,0,0,0,0,0,0
9705262,0,0,0,0,0,0,0
210227,0,0,0,0,0,0,0
111195,1,1,0,0,0,1,1
9604299,1,1,0,0,0,1,1
9506274,1,1,0,0,0,1,1
204035,0,0,0,0,0,0,0
9907357,0,0,0,0,0,0,0
9907464,2,1,1,1,1,1,1
11045,0,0,0,0,0,0,0
9501412,0,0,0,0,0,0,0
9606243,0,0,0,0,0,0,0
201165,0,0,0,0,0,0,0
104299,0,0,0,0,0,0,0
9077,3,1,2,3,0,3,21
9712267,0,0,0,0,0,0,0
9810436,2,1,1,1,0,2,11
212403,0,0,0,0,0,0,0
203106,0,0,0,0,0,0,0
9403222,0,0,0,0,0,0,0
9407215,0,0,0,0,0,0,0
107045,0,0,0,0,0,0,0
9701310,0,0,0,0,0,0,0
11301,1,1,0,0,0,1,1
8219,1,1,0,0,1,0,0
212219,0,0,0,0,0,0,0
9602202,1,1,0,0,1,0,0
210166,0,0,0,0,0,0,0
302177,0,0,0,0,0,0,0
6296,0,0,0,0,0,0,0
301106,0,0,0,0,0,0,0
9511452,1,1,0,0,0,1,2
301170,0,0,0,0,0,0,0
203024,0,0,0,0,0,0,0
110418,0,0,0,0,0,0,0
204306,3,3,0,0,0,3,35
9509335,1,1,0,0,0,1,1
10182,1,1,0,0,0,1,2
9910450,1,1,0,0,0,1,2
9707479,1,1,0,0,0,1,1
103033,1,1,0,0,0,1,3
6294,0,0,0,0,0,0,0
9503201,2,2,0,0,2,0,0
111207,3,2,1,1,0,3,3
103075,1,1,0,0,0,1,4
9712407,1,1,0,0,1,0,0
107143,2,2,0,0,0,2,12
9402222,0,0,0,0,0,0,0
9208261,1,1,0,0,1,0,0
212133,0,0,0,0,0,0,0
211056,0,0,0,0,0,0,0
209050,1,1,0,0,0,1,15
6187,0,0,0,0,0,0,0
201158,0,0,0,0,0,0,0
11338,0,0,0,0,0,0,0
9808266,0,0,0,0,0,0,0
212179,0,0,0,0,0,0,0
211106,0,0,0,0,0,0,0
107013,0,0,0,0,0,0,0
11378,0,0,0,0,0,0,0
210379,0,0,0,0,0,0,0
206132,0,0,0,0,0,0,0
9608248,1,1,0,0,1,0,0
9809522,0,0,0,0,0,0,0
9402312,0,0,0,0,0,0,0
9911402,0,0,0,0,0,0,0
210255,0,0,0,0,0,0,0
210360,1,1,0,0,0,1,5
206261,0,0,0,0,0,0,0
9810380,0,0,0,0,0,0,0
9907492,0,0,0,0,0,0,0
9509417,1,1,0,0,1,0,0
9811462,1,1,0,0,0,1,2
210247,0,0,0,0,0,0,0
9809359,0,0,0,0,0,0,0
9511328,0,0,0,0,0,0,0
8278,0,0,0,0,0,0,0
111463,2,2,0,0,0,2,10
208220,1,1,0,0,0,1,4
211188,0,0,0,0,0,0,0
9608202,0,0,0,0,0,0,0
1278,0,0,0,0,0,0,0
9807459,1,1,0,0,0,1,1
9912550,0,0,0,0,0,0,0
9508266,0,0,0,0,0,0,0
211369,0,0,0,0,0,0,0
103298,0,0,0,0,0,0,0
9701403,1,1,0,0,1,0,0
9712472,0,0,0,0,0,0,0
9909299,0,0,0,0,0,0,0
106157,0,0,0,0,0,0,0
302100,0,0,0,0,0,0,0
203245,0,0,0,0,0,0,0
7074,0,0,0,0,0,0,0
201039,0,0,0,0,0,0,0
6118,1,1,0,0,0,1,1
211361,0,0,0,0,0,0,0
9607257,2,1,1,1,0,2,2
9308350,0,0,0,0,0,0,0
208169,0,0,0,0,0,0,0
9608410,1,1,0,0,0,1,5
12124,0,0,0,0,0,0,0
7308,0,0,0,0,0,0,0
9701280,0,0,0,0,0,0,0
301212,0,0,0,0,0,0,0
211391,0,0,0,0,0,0,0
11066,0,0,0,0,0,0,0
212158,0,0,0,0,0,0,0
111228,0,0,0,0,0,0,0
9602427,0,0,0,0,0,0,0
201126,0,0,0,0,0,0,0
204219,0,0,0,0,0,0,0
210001,1,1,0,0,0,1,1
105342,0,0,0,0,0,0,0
108151,0,0,0,0,0,0,0
9905207,0,0,0,0,0,0,0
207190,0,0,0,0,0,0,0
7322,0,0,0,0,0,0,0
9211265,1,1,0,0,1,0,0
9707370,0,0,0,0,0,0,0
2247,0,0,0,0,0,0,0
9910529,0,0,0,0,0,0,0
111292,0,0,0,0,0,0,0
105313,0,0,0,0,0,0,0
9703323,0,0,0,0,0,0,0
9311242,1,1,0,0,1,0,0
201276,0,0,0,0,0,0,0
9702259,0,0,0,0,0,0,0
209312,0,0,0,0,0,0,0
9809542,0,0,0,0,0,0,0
212115,0,0,0,0,0,0,0
9405280,0,0,0,0,0,0,0
11125,0,0,0,0,0,0,0
302001,0,0,0,0,0,0,0
9901234,0,0,0,0,0,0,0
2139,0,0,0,0,0,0,0
301044,0,0,0,0,0,0,0
208150,0,0,0,0,0,0,0
210136,0,0,0,0,0,0,0
6008,0,0,0,0,0,0,0
209342,0,0,0,0,0,0,0
9508273,0,0,0,0,0,0,0
210082,0,0,0,0,0,0,0
9704296,8,6,2,3,1,7,19
3323,30,7,23,113,1,29,359
103211,16,2,14,31,0,16,200
9405368,28,4,24,133,28,0,0
9608365,31,5,26,158,0,31,119
9306323,23,6,17,68,23,0,0
9410369,3,2,1,1,3,0,0
9504426,44,8,36,124,7,37,63
1304,7,2,5,9,2,5,26
9603333,18,6,12,29,0,18,47
9808217,2,2,0,0,0,2,7
12332,9,3,6,7,0,9,67
9504399,6,2,4,6,0,6,25
9809470,49,6,43,155,0,49,134
9306265,6,4,2,2,4,2,2
2205,1,1,0,0,0,1,5
203123,12,3,9,11,1,11,74
9908480,12,3,9,33,1,11,121
9311239,2,1,1,1,2,0,0
9501201,31,4,27,99,0,31,107
9310378,24,11,13,21,20,4,7
9306242,66,9,57,228,66,0,0
9408304,21,9,12,35,6,15,21
9609276,39,7,32,184,10,29,67
9904281,30,2,28,157,5,25,77
9710209,43,4,39,168,0,43,362
1129,4,2,2,2,2,2,4
9807234,14,3,11,26,2,12,42
9902385,18,4,14,32,3,15,24
9805272,60,7,53,267,20,40,119
9902261,1,1,0,0,0,1,3
9809531,39,5,34,141,10,29,95
9505334,30,3,27,86,30,0,0
9903454,56,6,50,273,6,50,293
9810387,10,6,4,9,0,10,39
102306,7,2,5,10,6,1,1
9608420,2,2,0,0,1,1,4
9303275,13,5,8,11,13,0,0
9310248,11,2,9,27,11,0,0
9209205,67,9,58,231,67,0,0
9311340,55,13,42,118,27,28,46
9403350,32,2,30,147,7,25,32
9506416,84,4,80,594,47,37,77
9608415,22,7,15,27,3,19,53
9401241,52,8,44,220,49,3,3
102159,5,4,1,1,0,5,53
9711469,75,2,73,622,5,70,181
2234,43,4,39,219,0,43,542
9812278,14,2,12,38,1,13,95
9602239,87,3,84,765,1,86,203
9701394,20,5,15,62,1,19,81
9710217,21,5,16,48,0,21,248
9402358,16,4,12,40,1,15,36
9708326,15,4,11,32,1,14,25
9209271,17,6,11,38,17,0,0
9403295,35,13,22,73,28,7,7
9911390,8,3,5,17,0,8,72
9806270,4,3,1,2,0,4,32
9702322,46,4,42,275,0,46,228
9612269,92,7,85,557,20,72,197
9304248,6,1,5,9,6,0,0
6301,1,1,0,0,0,1,3
9702244,33,2,31,196,0,33,266
9803269,7,2,5,8,0,7,23
9406203,37,5,32,121,0,37,57
9803466,220,1,219,3110,14,206,311
9603307,26,5,21,152,4,22,32
9405215,3,3,0,0,0,3,6
9707409,89,1,88,967,50,39,54
9704383,23,8,15,44,23,0,0
9709283,6,4,2,3,0,6,11
9306236,5,2,3,5,5,0,0
9703298,38,2,36,262,7,31,59
9711427,43,4,39,199,0,43,193
9602320,35,8,27,67,18,17,41
8197,2,1,1,1,0,2,6
9711212,14,7,7,11,1,13,44
9808371,12,3,9,27,12,0,0
9507216,83,15,68,377,14,69,122
9303203,4,4,0,0,2,2,2
9209268,93,11,82,709,83,10,10
9812205,91,5,86,723,9,82,129
9806429,4,2,2,2,0,4,63
9402326,20,5,15,30,3,17,37
9605406,12,5,7,9,0,12,103
9409412,7,5,2,3,2,5,11
9803446,2,2,0,0,0,2,4
9611344,4,3,1,1,4,0,0
9510408,71,12,59,377,1,70,313
9608322,75,4,71,385,15,60,101
7109,19,7,12,28,1,18,127
9308257,9,4,5,8,4,5,5
9904270,13,4,9,20,0,13,59
9411358,7,6,1,2,4,3,3
9911474,16,2,14,38,1,15,72
9804453,10,1,9,30,0,10,66
8191,11,1,10,32,1,10,21
9901201,24,2,22,163,0,24,141
9912484,3,2,1,2,0,3,7
9806467,42,3,39,226,4,38,197
107024,7,3,4,7,0,7,67
6059,14,3,11,45,0,14,194
9306310,16,5,11,36,5,11,17
9803341,10,1,9,35,0,10,29
9903292,20,5,15,29,1,19,53
201148,13,3,10,29,7,6,7
9904485,18,4,14,44,0,18,109
9403253,9,4,5,9,1,8,9
9908309,31,1,30,106,21,10,33
9811428,124,1,123,989,5,119,831
9411233,46,15,31,73,9,37,104
9607298,19,4,15,54,0,19,66
9707273,16,3,13,29,0,16,64
9303316,4,2,2,2,4,0,0
9706268,12,1,11,35,1,11,27
101208,9,5,4,9,1,8,44
9506455,13,2,11,22,0,13,29
9908529,27,5,22,75,2,25,50
9705362,3,1,2,3,0,3,7
9906281,46,2,44,287,1,45,249
9411239,24,6,18,71,24,0,0
9910315,13,5,8,14,0,13,47
102085,4,4,0,0,3,1,1
9412301,24,5,19,66,3,21,21
9501296,12,4,8,23,3,9,30
9405204,21,1,20,55,21,0,0
6006,3,1,2,3,0,3,17
9802241,28,3,25,81,2,26,69
9508303,8,5,3,8,0,8,71
9507379,30,2,28,164,4,26,29
9350,84,16,68,367,28,56,262
9910420,52,7,45,198,1,51,320
9705437,43,10,33,111,5,38,118
9509398,6,2,4,7,1,5,34
102122,114,8,106,1169,25,89,449
102147,64,2,62,661,4,60,154
9704335,27,11,16,34,6,21,34
9301267,26,3,23,79,26,0,0
9210241,20,5,15,44,20,0,0
9407351,13,1,12,24,5,8,11
9308324,6,5,1,1,0,6,8
9811284,5,1,4,4,0,5,16
6078,21,2,19,59,1,20,88
7065,5,5,0,0,2,3,4
9307317,20,4,16,95,20,0,0
9803406,3,2,1,1,0,3,9
8152,17,4,13,50,0,17,74
7006,26,4,22,79,0,26,312
9504394,1,1,0,0,1,0,0
9601302,35,7,28,147,0,35,88
9612449,25,2,23,56,1,24,24
9902407,41,1,40,282,1,40,113
9907362,60,6,54,234,0,60,521
6233,22,9,13,32,0,22,219
111390,8,3,5,8,0,8,75
210130,7,4,3,7,0,7,74
206194,11,5,6,7,0,11,110
210023,3,3,0,0,0,3,14
202081,22,5,17,85,0,22,305
105064,28,5,23,89,1,27,84
201232,15,1,14,54,0,15,224
9207278,21,5,16,32,21,0,0
212269,3,3,0,0,0,3,17
9909555,17,7,10,20,0,17,109
106140,15,1,14,48,1,14,51
211180,0,0,0,0,0,0,0
9802267,23,2,21,87,0,23,139
9405342,21,8,13,42,4,17,33
9805378,5,2,3,5,0,5,15
9512220,34,4,30,104,9,25,60
9909393,14,5,9,27,0,14,40
9209299,14,4,10,25,3,11,11
9703301,4,3,1,1,1,3,10
205134,8,2,6,10,0,8,23
9804327,2,1,1,1,0,2,12
9209220,16,6,10,25,16,0,0
9503260,14,3,11,21,1,13,13
9801233,15,6,9,19,0,15,66
9807448,17,6,11,41,0,17,118
9612301,9,4,5,10,0,9,55
9505379,63,6,57,251,0,63,333
101048,3,2,1,1,0,3,12
5052,2,1,1,1,0,2,3
9906457,1,1,0,0,0,1,1
9604431,1,1,0,0,0,1,1
9211211,9,6,3,7,1,8,20
9903259,9,5,4,8,8,1,2
9711280,13,4,9,23,1,12,33
9712535,28,4,24,114,0,28,237
9509311,45,4,41,157,7,38,61
11156,2,2,0,0,0,2,2
9404211,5,1,4,9,5,0,0
9609498,5,2,3,4,5,0,0
9707352,15,2,13,53,0,15,30
1312,21,2,19,60,0,21,180
9710451,24,9,15,30,9,15,43
9906398,1,1,0,0,1,0,0
9411368,12,6,6,16,12,0,0
104198,12,3,9,17,0,12,100
7068,18,4,14,30,0,18,100
9607254,39,8,31,96,4,35,210
9801281,6,3,3,4,0,6,16
9706522,5,1,4,6,0,5,17
9912345,2,2,0,0,0,2,13
9402318,17,5,12,30,3,14,18
9403212,17,8,9,22,2,15,22
9810357,7,1,6,15,0,7,11
9710356,32,5,27,119,2,30,108
9603230,1,1,0,0,0,1,3
9706379,3,2,1,1,0,3,3
9609425,3,2,1,1,3,0,0
9612454,30,3,27,69,6,24,76
9707249,20,8,12,44,1,19,119
9410212,2,1,1,1,2,0,0
9710361,2,1,1,1,2,0,0
9411211,94,3,91,875,65,29,29
9604247,2,2,0,0,1,1,1
9311346,12,7,5,7,2,10,20
9506475,28,5,23,95,2,26,91
9612286,7,6,1,1,1,6,31
9512439,18,2,16,30,5,13,18
9609457,5,3,2,2,1,4,9
6171,7,2,5,14,0,7,29
9904245,11,4,7,11,1,10,31
9909461,6,2,4,5,0,6,12
10335,1,1,0,0,0,1,8
9712459,22,2,20,81,0,22,55
9402314,5,1,4,6,0,5,23
9803479,24,6,18,36,0,24,318
9901337,5,4,1,3,0,5,18
9606486,21,2,19,78,21,0,0
9811406,7,1,6,13,2,5,11
9804465,2,1,1,1,0,2,3
9612353,17,1,16,50,0,17,111
9404226,6,6,0,0,3,3,8
202166,15,5,10,32,0,15,101
9911247,2,2,0,0,0,2,7
9805264,14,5,9,16,1,13,88
6254,14,1,13,61,0,14,81
9704330,0,0,0,0,0,0,0
103137,4,2,2,2,0,4,18
2066,0,0,0,0,0,0,0
9607317,24,6,18,54,1,23,105
9512437,4,3,1,1,0,4,10
9610327,3,1,2,2,3,0,0
9211256,53,24,29,128,53,0,0
104189,3,2,1,1,0,3,7
1188,9,2,7,9,1,8,20
9912398,14,4,10,20,0,14,89
9908524,2,1,1,1,0,2,6
9507201,2,1,1,1,0,2,3
9710391,1,1,0,0,0,1,2
207242,4,1,3,4,0,4,28
9610506,14,2,12,36,1,13,44
9704214,24,4,20,58,9,15,15
206148,6,4,2,4,0,6,34
210114,0,0,0,0,0,0,0
9604416,46,5,41,188,13,33,33
9709300,3,2,1,1,1,2,3
9508412,6,1,5,9,1,5,12
6014,17,6,11,15,0,17,134
9805445,13,2,11,31,13,0,0
9506265,4,2,2,2,1,3,3
9612279,9,1,8,9,3,6,7
9303224,5,3,2,2,5,0,0
107257,5,1,4,6,0,5,13
9801298,13,7,6,7,0,13,37
6152,4,1,3,3,1,3,4
9510258,11,3,8,11,1,10,10
9706210,7,1,6,8,1,6,20
9606470,4,2,2,3,0,4,5
104260,12,2,10,29,1,11,33
9909356,5,2,3,4,0,5,66
9708386,5,4,1,1,0,5,30
9512415,4,3,1,1,1,3,8
9307284,2,1,1,1,1,1,1
9801257,5,1,4,8,5,0,0
9707459,6,4,2,2,0,6,10
109064,19,2,17,50,0,19,88
9808204,6,1,5,14,6,0,0
9803212,14,2,12,29,5,9,26
9507375,3,3,0,0,3,0,0
9706316,23,4,19,77,1,22,33
9802376,2,2,0,0,2,0,0
9805405,12,2,10,14,11,1,1
9811469,7,4,3,4,7,0,0
10193,10,5,5,5,0,10,22
5270,7,3,4,5,0,7,35
207157,21,5,16,22,0,21,139
111190,23,2,21,79,23,0,0
9701371,3,2,1,1,1,2,7
9512298,5,1,4,6,3,2,2
9708255,12,4,8,12,1,11,21
10058,6,4,2,3,0,6,23
9802392,4,3,1,1,0,4,4
12220,2,1,1,1,0,2,4
9706428,4,2,2,2,0,4,8
11078,3,2,1,1,3,0,0
9901381,15,5,10,22,15,0,0
9405394,33,2,31,179,10,23,35
9902391,2,2,0,0,0,2,6
6090,7,2,5,7,0,7,26
9501275,2,1,1,1,2,0,0
9208244,14,7,7,10,5,9,11
9704359,10,7,3,5,0,10,41
9404312,4,1,3,3,0,4,40
9160,4,1,3,5,0,4,25
9507315,2,2,0,0,0,2,4
9412283,37,1,36,152,10,27,39
9903512,9,2,7,18,0,9,30
105121,3,2,1,1,0,3,6
106286,3,2,1,1,0,3,6
7243,18,5,13,40,0,18,185
9908381,4,2,2,2,0,4,22
6038,1,1,0,0,1,0,0
107094,6,2,4,9,0,6,45
9508253,12,6,6,8,0,12,134
7359,17,3,14,50,3,14,21
9805413,1,1,0,0,1,0,0
9910497,1,1,0,0,0,1,10
9511237,4,1,3,3,4,0,0
1244,20,1,19,67,11,9,11
205199,6,3,3,5,0,6,139
9801303,0,0,0,0,0,0,0
9710514,4,2,2,3,3,1,1
9705465,4,1,3,3,0,4,17
9305287,11,4,7,14,9,2,2
9903536,5,3,2,3,1,4,34
9707406,4,2,2,2,0,4,12
9711504,14,6,8,15,0,14,75
9411245,3,1,2,2,3,0,0
9411236,2,2,0,0,2,0,0
8052,11,1,10,32,0,11,60
9511311,5,1,4,7,5,0,0
9612377,10,2,8,19,0,10,55
207123,4,2,2,2,0,4,14
9812215,3,3,0,0,0,3,6
9507455,7,2,5,7,2,5,17
9506443,0,0,0,0,0,0,0
9908216,3,2,1,1,2,1,3
9512259,8,5,3,3,1,7,7
9407338,18,4,14,69,14,4,4
11389,1,1,0,0,0,1,2
9503442,16,1,15,76,16,0,0
9503398,7,3,4,5,0,7,7
9502290,4,3,1,1,2,2,2
9610437,7,1,6,12,4,3,3
101091,11,2,9,24,0,11,43
9910336,4,3,1,1,2,2,11
9808364,4,1,3,4,0,4,23
9707299,9,2,7,9,0,9,36
9608375,8,1,7,12,0,8,26
9303307,5,4,1,1,0,5,10
9506340,4,4,0,0,2,2,8
9811302,4,2,2,2,0,4,6
9910201,9,3,6,12,0,9,23
9906304,2,1,1,1,0,2,7
9909410,1,1,0,0,0,1,1
9312325,3,3,0,0,2,1,1
9607438,0,0,0,0,0,0,0
9901225,0,0,0,0,0,0,0
9705257,8,4,4,6,1,7,21
9406227,33,1,32,216,2,31,184
204006,4,1,3,4,0,4,12
9801383,6,2,4,5,2,4,7
9707381,4,1,3,4,4,0,0
9211232,2,2,0,0,2,0,0
9401203,6,2,4,6,6,0,0
110005,1,1,0,0,0,1,2
9701359,1,1,0,0,0,1,3
9710279,3,2,1,1,0,3,9
9706338,1,1,0,0,1,0,0
9802303,1,1,0,0,0,1,10
9301213,3,1,2,3,3,0,0
9911473,3,1,2,3,0,3,3
112276,7,4,3,5,0,7,32
9907569,5,5,0,0,0,5,25
9709213,8,6,2,3,1,7,25
101225,28,3,25,37,0,28,183
9511338,2,2,0,0,1,1,1
9312226,10,3,7,12,10,0,0
9711204,6,2,4,6,0,6,45
9803245,7,2,5,8,0,7,24
9805440,3,3,0,0,0,3,15
9310247,8,5,3,3,3,5,5
9209253,4,2,2,3,4,0,0
9708244,1,1,0,0,0,1,5
9808432,3,2,1,1,0,3,8
9509231,0,0,0,0,0,0,0
9812421,2,2,0,0,0,2,3
9306285,6,1,5,10,3,3,3
111471,3,2,1,1,0,3,15
9809505,4,4,0,0,0,4,33
9407289,7,1,6,15,5,2,2
9802420,9,1,8,16,2,7,7
9610427,4,1,3,4,0,4,13
4203,2,1,1,1,0,2,21
9903490,5,3,2,2,2,3,16
204270,4,1,3,6,1,3,14
105054,2,2,0,0,0,2,11
9807422,5,4,1,2,1,4,5
9903375,13,5,8,17,0,13,64
9807527,8,6,2,3,0,8,39
9308225,0,0,0,0,0,0,0
106060,6,4,2,3,0,6,36
9503295,10,4,6,13,8,2,2
6182,1,1,0,0,0,1,4
9904477,10,3,7,17,0,10,86
9410329,6,5,1,1,0,6,8
9609501,1,1,0,0,0,1,4
5234,10,2,8,18,0,10,85
2007,8,5,3,5,1,7,77
9411230,3,2,1,1,3,0,0
9807230,3,1,2,3,1,2,4
204334,4,2,2,4,0,4,24
9906301,13,6,7,16,2,11,62
9408325,2,1,1,1,1,1,1
9704244,23,3,20,62,8,15,27
9906461,4,1,3,5,0,4,26
9907214,23,10,13,37,0,23,50
9810247,0,0,0,0,0,0,0
9910287,5,2,3,3,0,5,43
11231,3,2,1,2,3,0,0
1208,5,4,1,2,0,5,27
9906358,5,3,2,3,0,5,10
10096,7,2,5,7,0,7,13
9605272,1,1,0,0,0,1,6
9212287,7,3,4,6,7,0,0
106335,5,4,1,1,1,4,12
205022,19,5,14,40,0,19,154
9303259,15,3,12,27,15,0,0
9609445,35,4,31,104,2,33,72
209007,0,0,0,0,0,0,0
9706453,3,1,2,3,3,0,0
9402325,9,1,8,21,2,7,7
9707396,0,0,0,0,0,0,0
112148,6,4,2,2,0,6,15
111309,1,1,0,0,0,1,7
108252,4,2,2,2,0,4,26
112189,5,1,4,5,1,4,12
9311344,18,4,14,46,18,0,0
9602352,15,5,10,15,7,8,8
9601216,7,2,5,13,0,7,16
207185,1,1,0,0,0,1,4
9905562,3,3,0,0,0,3,10
9507318,3,1,2,2,2,1,2
9711302,0,0,0,0,0,0,0
9802266,0,0,0,0,0,0,0
9604342,0,0,0,0,0,0,0
9811493,2,2,0,0,2,0,0
105214,6,1,5,9,0,6,82
7101,8,3,5,10,0,8,26
9306295,5,4,1,1,0,5,5
9406411,3,2,1,1,3,0,0
12353,2,1,1,1,0,2,3
9607335,1,1,0,0,0,1,3
105274,0,0,0,0,0,0,0
103248,3,3,0,0,1,2,8
206030,4,2,2,2,0,4,33
203243,3,2,1,1,0,3,23
103037,5,3,2,3,4,1,1
9902286,3,1,2,2,0,3,15
9907504,14,5,9,22,0,14,45
9303288,4,2,2,3,4,0,0
108131,4,1,3,5,0,4,35
9810388,6,3,3,4,2,4,12
3073,5,2,3,5,0,5,33
109139,4,3,1,1,0,4,25
205274,3,1,2,2,0,3,22
6102,0,0,0,0,0,0,0
9610270,6,1,5,11,5,1,2
9903247,1,1,0,0,0,1,5
9711434,1,1,0,0,0,1,4
9802302,3,2,1,1,0,3,12
102171,4,3,1,1,4,0,0
104050,1,1,0,0,0,1,24
9711236,13,2,11,19,1,12,32
9511212,2,1,1,1,2,0,0
9208228,10,4,6,10,10,0,0
9504310,3,2,1,1,0,3,26
9910346,3,1,2,2,0,3,75
9905555,3,2,1,1,0,3,17
9309235,18,7,11,25,9,9,15
9512275,2,2,0,0,0,2,7
112054,3,3,0,0,0,3,21
9604344,3,1,2,2,3,0,0
110081,6,3,3,9,4,2,10
9905480,8,1,7,17,0,8,58
9809372,8,3,5,8,4,4,8
9707427,0,0,0,0,0,0,0
9301278,3,1,2,3,3,0,0
9902393,6,2,4,9,1,5,7
3260,9,3,6,8,0,9,65
9611426,4,3,1,1,2,2,9
9912512,6,2,4,7,2,4,13
9801336,0,0,0,0,0,0,0
9709231,12,5,7,17,4,8,21
9507441,3,1,2,3,3,0,0
9911504,7,7,0,0,0,7,32
9501258,1,1,0,0,0,1,4
9604405,1,1,0,0,1,0,0
6173,2,2,0,0,0,2,27
9904291,8,2,6,14,0,8,34
9608290,0,0,0,0,0,0,0
204277,9,2,7,14,0,9,96
9811315,3,3,0,0,3,0,0
9705204,6,2,4,9,0,6,28
9308256,2,1,1,1,0,2,2
9401283,5,1,4,6,5,0,0
9811380,4,2,2,3,4,0,0
209270,2,1,1,1,0,2,10
107295,3,1,2,2,0,3,12
9711315,6,1,5,13,0,6,6
9906352,0,0,0,0,0,0,0
106267,8,2,6,11,0,8,117
5141,3,2,1,1,0,3,11
9203202,2,2,0,0,2,0,0
9911505,18,2,16,53,5,13,47
9905434,1,1,0,0,0,1,3
9803462,11,6,5,7,2,9,14
9801366,7,6,1,1,0,7,25
9512375,8,2,6,18,8,0,0
9710388,2,2,0,0,0,2,14
109151,0,0,0,0,0,0,0
109067,1,1,0,0,0,1,5
9407388,19,3,16,60,6,13,35
9808430,0,0,0,0,0,0,0
12255,0,0,0,0,0,0,0
9806306,4,2,2,2,0,4,17
204254,5,2,3,4,0,5,29
208240,1,1,0,0,0,1,18
9601371,1,1,0,0,1,0,0
9510420,2,2,0,0,0,2,3
106251,4,2,2,2,0,4,15
9711272,6,4,2,2,0,6,21
104055,3,3,0,0,1,2,2
9612204,4,1,3,5,0,4,19
202195,6,1,5,12,0,6,52
202186,0,0,0,0,0,0,0
9504422,5,1,4,6,0,5,5
206309,2,2,0,0,0,2,8
9910524,2,1,1,1,0,2,15
203061,2,2,0,0,0,2,18
9808417,1,1,0,0,0,1,3
9711359,3,2,1,1,0,3,4
9407250,4,3,1,1,1,3,5
9408362,1,1,0,0,1,0,0
9409307,2,2,0,0,2,0,0
9701332,2,2,0,0,1,1,2
112340,2,1,1,1,1,1,1
9403339,8,3,5,9,4,4,4
9911222,1,1,0,0,0,1,4
108091,2,1,1,1,1,1,1
9908459,1,1,0,0,1,0,0
9607242,19,4,15,65,2,17,53
10107,0,0,0,0,0,0,0
12080,12,3,9,29,2,10,17
109174,8,3,5,9,0,8,71
3303,3,3,0,0,1,2,2
9305250,9,5,4,9,9,0,0
9403322,10,5,5,9,10,0,0
112003,10,5,5,13,0,10,47
9605461,0,0,0,0,0,0,0
9909471,5,2,3,3,1,4,8
9905279,1,1,0,0,0,1,6
9907256,2,1,1,1,2,0,0
9504221,4,3,1,1,2,2,3
9503300,6,2,4,4,6,0,0
7240,10,4,6,16,1,9,30
209066,3,2,1,1,0,3,8
207264,0,0,0,0,0,0,0
204348,6,1,5,8,0,6,23
12101,2,2,0,0,0,2,15
9610356,2,2,0,0,0,2,3
9505261,2,1,1,1,2,0,0
9610469,0,0,0,0,0,0,0
9708332,2,1,1,1,0,2,8
5062,0,0,0,0,0,0,0
10160,3,3,0,0,2,1,3
107107,0,0,0,0,0,0,0
9709446,0,0,0,0,0,0,0
9211264,1,1,0,0,1,0,0
208106,1,1,0,0,0,1,1
9710405,1,1,0,0,1,0,0
9409384,10,2,8,19,10,0,0
12325,1,1,0,0,0,1,1
9511309,4,2,2,4,0,4,9
9708245,1,1,0,0,0,1,3
9903331,3,1,2,3,0,3,11
9803477,7,1,6,16,7,0,0
9405217,2,2,0,0,1,1,1
205246,2,2,0,0,0,2,16
9602275,2,1,1,1,0,2,5
9908231,8,3,5,9,0,8,69
9307275,1,1,0,0,0,1,2
112115,6,3,3,8,0,6,49
9406391,2,1,1,1,2,0,0
9402282,7,3,4,7,2,5,8
9809494,1,1,0,0,0,1,1
6211,1,1,0,0,0,1,2
101173,0,0,0,0,0,0,0
9904371,1,1,0,0,0,1,5
9611300,3,2,1,2,1,2,2
9512333,3,2,1,1,2,1,1
9702202,2,2,0,0,0,2,7
9906283,4,2,2,3,0,4,8
9910471,6,4,2,3,6,0,0
9706374,5,5,0,0,0,5,40
109188,2,1,1,1,0,2,6
9602311,0,0,0,0,0,0,0
1058,3,2,1,1,0,3,11
9708321,0,0,0,0,0,0,0
9606371,1,1,0,0,1,0,0
10238,0,0,0,0,0,0,0
110289,3,1,2,2,0,3,8
9611254,0,0,0,0,0,0,0
9405260,0,0,0,0,0,0,0
209190,6,2,4,8,0,6,46
9709219,2,2,0,0,0,2,3
212124,0,0,0,0,0,0,0
9907259,1,1,0,0,0,1,7
9710556,6,1,5,5,6,0,0
4222,2,1,1,1,0,2,3
211034,0,0,0,0,0,0,0
9503483,2,2,0,0,0,2,5
111203,6,1,5,11,0,6,63
9412300,0,0,0,0,0,0,0
210196,0,0,0,0,0,0,0
9511204,0,0,0,0,0,0,0
205070,1,1,0,0,0,1,12
9506396,2,1,1,1,0,2,2
9910234,0,0,0,0,0,0,0
9710404,2,1,1,1,0,2,4
108237,0,0,0,0,0,0,0
106096,1,1,0,0,0,1,11
8334,2,2,0,0,1,1,15
201053,6,2,4,10,0,6,17
210348,1,1,0,0,0,1,5
204255,2,1,1,1,0,2,12
9710393,0,0,0,0,0,0,0
209341,0,0,0,0,0,0,0
202029,1,1,0,0,0,1,2
105182,9,6,3,4,0,9,44
103209,1,1,0,0,1,0,0
9608349,2,1,1,1,0,2,10
102261,3,2,1,1,3,0,0
7195,1,1,0,0,0,1,2
9506366,0,0,0,0,0,0,0
9705289,0,0,0,0,0,0,0
201135,0,0,0,0,0,0,0
10210,1,1,0,0,0,1,2
9807433,1,1,0,0,0,1,1
9210210,3,1,2,2,3,0,0
9809541,0,0,0,0,0,0,0
206083,2,1,1,1,0,2,2
9402356,0,0,0,0,0,0,0
301040,3,2,1,1,0,3,27
204044,3,2,1,1,0,3,60
8131,3,2,1,1,0,3,26
108189,3,2,1,1,0,3,14
9507331,1,1,0,0,0,1,2
9206252,4,1,3,6,0,4,4
9906377,1,1,0,0,0,1,1
9504281,3,3,0,0,3,0,0
9403204,3,2,1,1,3,0,0
107183,3,2,1,2,0,3,20
105041,6,5,1,1,0,6,45
105021,7,4,3,3,0,7,32
102149,0,0,0,0,0,0,0
9309317,1,1,0,0,1,0,0
108132,2,1,1,1,0,2,4
4104,2,1,1,1,2,0,0
5215,3,2,1,1,0,3,7
9612311,0,0,0,0,0,0,0
9807206,4,1,3,6,0,4,8
6042,1,1,0,0,0,1,5
4084,3,3,0,0,1,2,3
9701335,0,0,0,0,0,0,0
9411324,6,2,4,8,4,2,3
9308206,1,1,0,0,0,1,1
9806374,6,5,1,1,2,4,8
101204,1,1,0,0,1,0,0
9408329,0,0,0,0,0,0,0
9512350,0,0,0,0,0,0,0
205136,1,1,0,0,0,1,5
9609348,9,4,5,9,0,9,25
2088,4,3,1,1,2,2,3
9802321,1,1,0,0,1,0,0
101155,1,1,0,0,1,0,0
9909225,8,1,7,22,0,8,49
9705412,2,2,0,0,0,2,10
209364,1,1,0,0,0,1,1
101161,1,1,0,0,0,1,8
9804464,1,1,0,0,1,0,0
9712355,1,1,0,0,0,1,2
9608395,1,1,0,0,1,0,0
9510349,1,1,0,0,0,1,1
105174,6,3,3,3,0,6,19
9704446,0,0,0,0,0,0,0
2252,10,3,7,16,9,1,4
3266,4,2,2,2,0,4,7
9808342,3,3,0,0,2,1,1
9704374,1,1,0,0,0,1,3
9605346,2,1,1,1,2,0,0
9906236,0,0,0,0,0,0,0
7118,0,0,0,0,0,0,0
210106,2,2,0,0,0,2,25
206115,1,1,0,0,0,1,5
102200,4,2,2,2,3,1,2
9609303,0,0,0,0,0,0,0
10275,1,1,0,0,0,1,4
9907315,1,1,0,0,0,1,2
101139,3,1,2,2,0,3,10
106056,0,0,0,0,0,0,0
112197,2,2,0,0,0,2,6
9809327,0,0,0,0,0,0,0
9808264,4,3,1,1,2,2,2
203036,0,0,0,0,0,0,0
110101,1,1,0,0,0,1,1
9805464,1,1,0,0,0,1,3
211019,1,1,0,0,0,1,3
111222,0,0,0,0,0,0,0
9703203,0,0,0,0,0,0,0
104313,0,0,0,0,0,0,0
9809392,0,0,0,0,0,0,0
9307296,2,1,1,1,2,0,0
209199,1,1,0,0,0,1,1
9610392,1,1,0,0,0,1,2
212136,0,0,0,0,0,0,0
105227,3,2,1,1,0,3,33
9608439,2,2,0,0,0,2,5
4070,2,1,1,1,0,2,15
209313,0,0,0,0,0,0,0
9905218,2,2,0,0,0,2,7
9610311,3,3,0,0,2,1,1
9810349,5,2,3,5,0,5,9
202204,4,2,2,2,0,4,41
106038,3,1,2,2,1,2,3
9709336,4,4,0,0,0,4,7
9903470,2,1,1,1,0,2,22
109158,5,3,2,2,0,5,16
112178,1,1,0,0,0,1,1
9812408,0,0,0,0,0,0,0
9503324,1,1,0,0,0,1,1
205121,0,0,0,0,0,0,0
202139,5,4,1,1,0,5,24
9808271,1,1,0,0,0,1,1
206221,2,1,1,1,0,2,36
9607367,1,1,0,0,0,1,1
204036,1,1,0,0,0,1,2
203107,3,1,2,2,1,2,4
9307354,0,0,0,0,0,0,0
9810203,0,0,0,0,0,0,0
9603286,0,0,0,0,0,0,0
205317,0,0,0,0,0,0,0
9304214,6,3,3,4,5,1,1
302234,1,1,0,0,0,1,1
9405266,0,0,0,0,0,0,0
101055,3,3,0,0,0,3,7
203141,1,1,0,0,0,1,2
112211,3,3,0,0,0,3,11
9810539,2,1,1,1,2,0,0
9707444,0,0,0,0,0,0,0
208125,2,2,0,0,0,2,7
9308321,2,2,0,0,0,2,2
9905399,4,1,3,3,1,3,11
8234,0,0,0,0,0,0,0
9809473,1,1,0,0,1,0,0
110265,0,0,0,0,0,0,0
9901444,5,1,4,5,2,3,8
9809265,1,1,0,0,0,1,3
9711372,0,0,0,0,0,0,0
302129,0,0,0,0,0,0,0
209038,3,1,2,2,0,3,27
9810224,1,1,0,0,0,1,12
211007,3,3,0,0,0,3,21
8075,1,1,0,0,0,1,1
209350,0,0,0,0,0,0,0
9410256,6,3,3,4,4,2,2
4122,2,2,0,0,0,2,6
9903546,0,0,0,0,0,0,0
9507209,0,0,0,0,0,0,0
111006,1,1,0,0,0,1,5
9702279,1,1,0,0,0,1,11
9703297,0,0,0,0,0,0,0
302021,1,1,0,0,0,1,2
9704370,0,0,0,0,0,0,0
211134,1,1,0,0,0,1,7
207103,0,0,0,0,0,0,0
9706536,2,1,1,1,0,2,2
9510341,1,1,0,0,0,1,5
203046,2,1,1,1,0,2,5
9802288,1,1,0,0,1,0,0
7040,0,0,0,0,0,0,0
3045,6,4,2,3,0,6,38
9606461,3,1,2,2,2,1,2
301148,0,0,0,0,0,0,0
112077,0,0,0,0,0,0,0
9708411,2,1,1,1,0,2,5
9704302,0,0,0,0,0,0,0
110232,1,1,0,0,0,1,1
9607299,0,0,0,0,0,0,0
101188,1,1,0,0,0,1,4
9605322,0,0,0,0,0,0,0
107322,0,0,0,0,0,0,0
9806276,0,0,0,0,0,0,0
9701221,0,0,0,0,0,0,0
208023,0,0,0,0,0,0,0
9057,0,0,0,0,0,0,0
107269,0,0,0,0,0,0,0
6061,2,1,1,1,2,0,0
9708288,2,1,1,1,0,2,10
9604366,9,7,2,3,9,0,0
9709377,0,0,0,0,0,0,0
9910472,0,0,0,0,0,0,0
301216,1,1,0,0,0,1,6
9607302,0,0,0,0,0,0,0
9607456,0,0,0,0,0,0,0
3206,0,0,0,0,0,0,0
9812479,7,1,6,19,7,0,0
9052,1,1,0,0,0,1,1
110295,0,0,0,0,0,0,0
9809407,1,1,0,0,0,1,1
9911288,1,1,0,0,0,1,3
212139,0,0,0,0,0,0,0
9112,0,0,0,0,0,0,0
9606265,0,0,0,0,0,0,0
208072,0,0,0,0,0,0,0
9307206,3,1,2,2,3,0,0
9909446,2,1,1,1,0,2,3
9412388,1,1,0,0,1,0,0
204223,1,1,0,0,0,1,3
9603319,0,0,0,0,0,0,0
9704293,2,2,0,0,0,2,3
205341,2,2,0,0,0,2,3
12376,1,1,0,0,1,0,0
9309332,2,1,1,1,2,0,0
9907339,1,1,0,0,1,0,0
206182,2,1,1,1,0,2,13
205086,0,0,0,0,0,0,0
9808407,1,1,0,0,1,0,0
9711284,0,0,0,0,0,0,0
302117,0,0,0,0,0,0,0
210214,1,1,0,0,1,0,0
105241,0,0,0,0,0,0,0
6012,3,1,2,2,1,2,10
105133,0,0,0,0,0,0,0
9707236,1,1,0,0,1,0,0
3319,0,0,0,0,0,0,0
9705335,2,2,0,0,0,2,3
9909468,0,0,0,0,0,0,0
9712525,1,1,0,0,0,1,18
9606452,1,1,0,0,0,1,3
9611318,1,1,0,0,0,1,1
101079,0,0,0,0,0,0,0
212195,1,1,0,0,0,1,10
210391,0,0,0,0,0,0,0
9503435,0,0,0,0,0,0,0
212311,0,0,0,0,0,0,0
110198,0,0,0,0,0,0,0
9703398,2,2,0,0,2,0,0
11028,0,0,0,0,0,0,0
9607340,2,2,0,0,1,1,1
9705317,0,0,0,0,0,0,0
5206,1,1,0,0,0,1,1
101012,0,0,0,0,0,0,0
201115,0,0,0,0,0,0,0
211348,2,2,0,0,0,2,14
9308377,0,0,0,0,0,0,0
9908509,0,0,0,0,0,0,0
12006,0,0,0,0,0,0,0
9809295,0,0,0,0,0,0,0
209221,0,0,0,0,0,0,0
107326,0,0,0,0,0,0,0
202070,0,0,0,0,0,0,0
9602403,0,0,0,0,0,0,0
206179,1,1,0,0,0,1,8
9910241,0,0,0,0,0,0,0
9911462,0,0,0,0,0,0,0
9909239,0,0,0,0,0,0,0
9805415,0,0,0,0,0,0,0
212286,1,1,0,0,0,1,12
212404,1,1,0,0,0,1,12
9904401,1,1,0,0,0,1,1
9506219,0,0,0,0,0,0,0
211139,0,0,0,0,0,0,0
9802208,0,0,0,0,0,0,0
9809350,0,0,0,0,0,0,0
9709469,0,0,0,0,0,0,0
9505412,1,1,0,0,1,0,0
9609346,1,1,0,0,0,1,8
201162,0,0,0,0,0,0,0
5213,2,2,0,0,0,2,9
9608440,0,0,0,0,0,0,0
11022,0,0,0,0,0,0,0
9712437,0,0,0,0,0,0,0
9712396,0,0,0,0,0,0,0
9312242,0,0,0,0,0,0,0
12206,0,0,0,0,0,0,0
9509218,0,0,0,0,0,0,0
9408240,0,0,0,0,0,0,0
211137,0,0,0,0,0,0,0
8249,0,0,0,0,0,0,0
9612273,1,1,0,0,0,1,1
212383,0,0,0,0,0,0,0
208131,0,0,0,0,0,0,0
212201,0,0,0,0,0,0,0
9907513,1,1,0,0,0,1,2
9311224,1,1,0,0,0,1,1
107267,2,1,1,1,0,2,16
207027,0,0,0,0,0,0,0
106222,3,2,1,1,0,3,3
211119,0,0,0,0,0,0,0
9605333,0,0,0,0,0,0,0
301245,0,0,0,0,0,0,0
212260,0,0,0,0,0,0,0
9711237,1,1,0,0,0,1,3
210397,0,0,0,0,0,0,0
9609224,0,0,0,0,0,0,0
11246,1,1,0,0,1,0,0
9802383,0,0,0,0,0,0,0
9503446,1,1,0,0,0,1,3
212243,0,0,0,0,0,0,0
301221,1,1,0,0,0,1,11
9908430,0,0,0,0,0,0,0
208178,2,2,0,0,0,2,23
212274,1,1,0,0,0,1,1
9609440,0,0,0,0,0,0,0
9401201,0,0,0,0,0,0,0
203120,1,1,0,0,1,0,0
9906309,0,0,0,0,0,0,0
204239,0,0,0,0,0,0,0
9905532,0,0,0,0,0,0,0
11046,0,0,0,0,0,0,0
102043,0,0,0,0,0,0,0
9804447,0,0,0,0,0,0,0
210439,0,0,0,0,0,0,0
302247,0,0,0,0,0,0,0
9902277,0,0,0,0,0,0,0
212075,0,0,0,0,0,0,0
9907541,0,0,0,0,0,0,0
10052,0,0,0,0,0,0,0
109261,0,0,0,0,0,0,0
206277,1,1,0,0,0,1,7
301228,0,0,0,0,0,0,0
9811458,0,0,0,0,0,0,0
9810422,0,0,0,0,0,0,0
210051,0,0,0,0,0,0,0
108248,1,1,0,0,0,1,3
207220,0,0,0,0,0,0,0
9402357,1,1,0,0,1,0,0
8027,0,0,0,0,0,0,0
209162,0,0,0,0,0,0,0
9909533,0,0,0,0,0,0,0
211357,0,0,0,0,0,0,0
302071,0,0,0,0,0,0,0
112294,0,0,0,0,0,0,0
9707545,0,0,0,0,0,0,0
12166,0,0,0,0,0,0,0
9204,0,0,0,0,0,0,0
9609336,0,0,0,0,0,0,0
208164,1,1,0,0,1,0,0
9709464,0,0,0,0,0,0,0
9710207,0,0,0,0,0,0,0
11261,0,0,0,0,0,0,0
212357,0,0,0,0,0,0,0
106065,0,0,0,0,0,0,0
9907236,0,0,0,0,0,0,0
104212,0,0,0,0,0,0,0
104194,0,0,0,0,0,0,0
9506342,0,0,0,0,0,0,0
9512245,0,0,0,0,0,0,0
212118,0,0,0,0,0,0,0
209195,0,0,0,0,0,0,0
211194,1,1,0,0,1,0,0
12114,1,1,0,0,0,1,10
9802243,0,0,0,0,0,0,0
201218,0,0,0,0,0,0,0
9401292,0,0,0,0,0,0,0
9710499,0,0,0,0,0,0,0
9509434,0,0,0,0,0,0,0
204284,0,0,0,0,0,0,0
9611349,0,0,0,0,0,0,0
9701383,0,0,0,0,0,0,0
9812494,0,0,0,0,0,0,0
9611257,0,0,0,0,0,0,0
208137,1,1,0,0,1,0,0
9801220,0,0,0,0,0,0,0
8264,0,0,0,0,0,0,0
201084,0,0,0,0,0,0,0
207325,0,0,0,0,0,0,0
9701395,0,0,0,0,0,0,0
9705473,1,1,0,0,0,1,2
9701414,0,0,0,0,0,0,0
9909507,0,0,0,0,0,0,0
3117,0,0,0,0,0,0,0
9801434,0,0,0,0,0,0,0
206256,0,0,0,0,0,0,0
9408347,0,0,0,0,0,0,0
302096,0,0,0,0,0,0,0
9805381,0,0,0,0,0,0,0
2185,0,0,0,0,0,0,0
102109,0,0,0,0,0,0,0
9606446,0,0,0,0,0,0,0
205193,0,0,0,0,0,0,0
111065,0,0,0,0,0,0,0
9605370,0,0,0,0,0,0,0
212050,0,0,0,0,0,0,0
4026,0,0,0,0,0,0,0
9811452,0,0,0,0,0,0,0
9905225,0,0,0,0,0,0,0
9310220,0,0,0,0,0,0,0
9509425,0,0,0,0,0,0,0
9601238,1,1,0,0,1,0,0
9505312,0,0,0,0,0,0,0
9805267,0,0,0,0,0,0,0
210262,0,0,0,0,0,0,0
9401222,0,0,0,0,0,0,0
210315,0,0,0,0,0,0,0
9712326,0,0,0,0,0,0,0
9110,0,0,0,0,0,0,0
107028,0,0,0,0,0,0,0
302086,0,0,0,0,0,0,0
208028,0,0,0,0,0,0,0
210344,0,0,0,0,0,0,0
212308,0,0,0,0,0,0,0
9070,0,0,0,0,0,0,0
9309255,0,0,0,0,0,0,0
211084,0,0,0,0,0,0,0
301070,0,0,0,0,0,0,0
209011,0,0,0,0,0,0,0
301238,0,0,0,0,0,0,0
211427,0,0,0,0,0,0,0
9908234,0,0,0,0,0,0,0
201312,0,0,0,0,0,0,0
9809516,0,0,0,0,0,0,0
204241,0,0,0,0,0,0,0
9708236,0,0,0,0,0,0,0
9611296,6,2,4,6,2,4,4
4004,114,3,111,883,47,67,154
104018,2,1,1,1,0,2,8
9410388,51,8,43,279,42,9,13
9701278,13,1,12,43,0,13,83
9307263,6,2,4,10,6,0,0
9501212,7,2,5,10,4,3,3
9506457,9,7,2,2,2,7,15
2006,17,1,16,40,0,17,81
9603435,5,3,2,6,3,2,2
9812387,10,3,7,9,2,8,34
101123,3,3,0,0,0,3,22
9505256,1,1,0,0,0,1,3
9809472,13,4,9,13,0,13,51
9306306,17,3,14,41,17,0,0
104016,5,4,1,1,1,4,9
9602415,21,13,8,11,13,8,13
9507269,12,2,10,32,3,9,25
9403285,7,3,4,8,2,5,5
9606230,40,7,33,122,1,39,128
9312223,11,2,9,24,2,9,14
9406249,13,8,5,8,3,10,34
9408397,25,7,18,37,7,18,18
9612444,29,1,28,174,0,29,80
9904474,19,4,15,43,4,15,61
9712495,69,7,62,383,17,52,137
2064,58,5,53,225,11,47,140
9807308,7,2,5,10,0,7,49
9903334,12,4,8,15,0,12,68
9808270,57,12,45,219,2,55,277
9706239,53,8,45,201,8,45,126
9903252,13,7,6,10,3,10,44
9602216,45,2,43,198,4,41,171
9904328,14,1,13,40,1,13,34
9810493,2,2,0,0,0,2,20
9210256,20,1,19,53,20,0,0
9511426,2,2,0,0,1,1,2
9303320,107,13,94,485,107,0,0
9401208,12,2,10,12,10,2,2
9910433,7,5,2,3,0,7,39
9402253,88,21,67,273,16,72,169
9412208,58,2,56,307,13,45,80
9511288,132,5,127,1416,45,87,102
9609451,21,1,20,95,8,13,39
9206218,27,9,18,53,27,0,0
103040,4,4,0,0,1,3,8
9712224,85,7,78,625,2,83,566
2235,18,4,14,34,0,18,167
112129,5,2,3,4,0,5,17
9603238,87,4,83,680,8,79,101
9702291,18,5,13,50,0,18,225
9711216,11,1,10,28,0,11,183
9404280,21,4,17,33,4,17,26
9802345,4,2,2,4,0,4,6
9212266,13,5,8,19,13,0,0
9412340,26,2,24,131,26,0,0
12099,2,2,0,0,0,2,6
9806278,24,4,20,66,1,23,149
9702380,46,4,42,291,0,46,79
9704274,33,1,32,103,3,30,79
9507463,19,7,12,24,19,0,0
9403264,63,4,59,231,55,8,8
9703327,48,3,45,183,1,47,288
9804294,44,8,36,139,1,43,219
9307310,6,3,3,4,6,0,0
9804398,399,4,395,5351,5,394,636
9605235,68,1,67,617,3,65,394
9404201,66,4,62,414,4,62,169
6290,3,2,1,1,1,2,4
9808429,5,1,4,8,2,3,5
9310242,40,17,23,98,32,8,8
9410414,32,1,31,162,32,0,0
9706449,7,3,4,7,0,7,11
9801322,24,2,22,100,4,20,93
9608401,39,2,37,177,34,5,5
9410244,7,1,6,16,7,0,0
9811465,2,1,1,1,0,2,20
9811492,22,4,18,60,5,17,94
9507237,31,6,25,95,16,15,32
9309248,12,3,9,16,8,4,4
9307247,170,2,168,1260,56,114,179
9903355,54,5,49,330,2,52,134
9810259,7,2,5,8,1,6,23
9402364,69,8,61,367,10,59,136
9610471,12,6,6,11,0,12,90
9402219,20,4,16,40,20,0,0
9605317,46,2,44,299,20,26,26
12303,1,1,0,0,0,1,2
9710463,38,4,34,156,11,27,64
9612431,13,3,10,32,2,11,11
11250,23,7,16,49,1,22,127
9401210,15,7,8,16,3,12,12
9906210,24,4,20,40,0,24,169
9501364,5,3,2,4,1,4,8
9509409,14,3,11,23,0,14,48
9606463,17,3,14,46,0,17,89
11002,27,5,22,58,5,22,84
9902483,26,4,22,81,7,19,61
9912543,1,1,0,0,1,0,0
9808467,29,2,27,108,1,28,111
108036,5,4,1,2,0,5,17
10156,3,3,0,0,0,3,33
9307330,23,7,16,51,5,18,46
9807318,9,3,6,12,0,9,46
9912274,8,4,4,8,0,8,36
202093,13,2,11,31,0,13,19
9904495,22,4,18,61,1,21,116
9307216,11,6,5,9,1,10,33
9909334,36,3,33,106,7,29,47
9210228,15,3,12,44,15,0,0
9311222,56,15,41,159,17,39,87
9503233,13,4,9,23,3,10,16
9707330,2,1,1,1,0,2,4
9304206,13,8,5,8,13,0,0
9306204,25,6,19,67,25,0,0
9701257,11,4,7,15,10,1,2
9508283,8,2,6,16,6,2,2
9909266,16,1,15,49,0,16,133
9708359,3,1,2,2,0,3,5
9906362,16,4,12,38,0,16,181
9703317,36,3,33,114,3,33,109
9206219,9,8,1,2,9,0,0
10153,4,2,2,2,4,0,0
9607475,4,3,1,1,0,4,9
9504302,15,2,13,22,2,13,24
9707402,4,2,2,3,0,4,4
2049,24,3,21,84,0,24,103
9802374,24,3,21,46,1,23,69
9512341,17,3,14,29,7,10,37
9510309,74,3,71,484,6,68,196
1101,57,4,53,268,4,53,361
9908429,29,5,24,109,0,29,249
9711483,10,3,7,22,0,10,45
9510268,5,1,4,9,0,5,58
102146,89,3,86,1155,35,54,183
102176,17,2,15,81,1,16,16
9709322,57,10,47,212,1,56,109
106189,19,1,18,79,0,19,80
9809504,5,4,1,1,0,5,18
9408246,9,1,8,19,4,5,5
105056,28,5,23,71,1,27,160
9609300,1,1,0,0,0,1,6
6319,24,4,20,76,0,24,261
7154,4,2,2,2,1,3,17
9504279,16,2,14,43,0,16,58
9812364,6,2,4,7,1,5,6
8184,10,3,7,18,0,10,24
9302228,9,3,6,14,9,0,0
9705221,34,10,24,45,6,28,37
9608342,3,3,0,0,1,2,4
9701256,20,7,13,30,1,19,57
9903400,44,2,42,284,0,44,339
9908462,7,4,3,5,0,7,31
12167,33,1,32,197,0,33,461
10029,9,4,5,6,0,9,94
210157,6,5,1,1,0,6,109
207004,24,4,20,48,0,24,147
10031,4,2,2,3,0,4,33
202124,14,3,11,43,0,14,180
110235,3,1,2,2,0,3,6
202072,12,2,10,23,0,12,43
9907477,3,3,0,0,0,3,6
7100,11,3,8,18,0,11,58
1166,33,10,23,50,0,33,264
106336,22,6,16,56,0,22,174
6251,13,2,11,43,5,8,45
9803405,25,8,17,69,0,25,150
9407229,8,3,5,7,2,6,12
4175,6,2,4,5,0,6,48
9612391,2,2,0,0,0,2,9
3149,6,1,5,8,0,6,18
9302290,8,3,5,9,1,7,7
9912467,2,2,0,0,0,2,8
201094,1,1,0,0,0,1,1
9903455,27,8,19,72,1,26,164
9211228,19,10,9,26,9,10,10
9601369,20,5,15,37,20,0,0
9801260,77,6,71,430,1,76,461
9804217,21,2,19,63,2,19,120
9702230,12,4,8,19,0,12,48
9607236,12,3,9,16,0,12,92
9309287,18,5,13,36,6,12,16
103326,1,1,0,0,0,1,2
9710352,3,3,0,0,0,3,3
9405218,52,6,46,226,30,22,34
9609527,13,5,8,18,0,13,99
9909502,12,2,10,27,0,12,20
9410267,15,4,11,22,12,3,3
9801391,38,5,33,224,1,37,333
9611433,179,5,174,1425,16,163,507
105348,4,4,0,0,0,4,21
9406206,6,2,4,12,0,6,9
9806255,20,6,14,31,2,18,37
9703373,8,3,5,11,7,1,1
2075,14,3,11,27,0,14,118
9308222,22,4,18,49,22,0,0
9806386,14,2,12,19,7,7,23
9509258,20,5,15,55,2,18,33
9603289,34,5,29,119,20,14,23
7218,19,9,10,24,1,18,86
9708335,28,8,20,81,2,26,116
9803237,40,10,30,95,1,39,204
9707478,3,2,1,1,0,3,17
9910388,13,4,9,30,0,13,58
9405341,57,5,52,275,34,23,27
9407208,4,4,0,0,1,3,16
9908339,6,5,1,1,0,6,14
8302,10,2,8,17,0,10,46
9605395,12,5,7,18,4,8,13
9605326,15,3,12,20,12,3,3
9610268,3,1,2,2,0,3,9
9701241,10,6,4,12,2,8,74
9801416,19,3,16,44,0,19,104
9410268,1,1,0,0,1,0,0
9804419,9,7,2,2,0,9,25
9504219,107,4,103,819,26,81,178
9711392,9,4,5,9,0,9,38
9312221,23,11,12,28,2,21,67
9508352,5,1,4,6,0,5,18
9707497,5,2,3,3,0,5,29
9601296,2,2,0,0,0,2,2
9904282,15,3,12,25,2,13,60
9356,25,3,22,80,6,19,38
5007,35,7,28,111,1,34,256
9411299,14,7,7,14,6,8,15
3139,8,5,3,3,1,7,28
9802239,24,5,19,57,2,22,60
9410412,9,3,6,7,1,8,27
9804255,45,5,40,197,1,44,388
9607253,13,3,10,25,10,3,7
9809549,16,3,13,41,0,16,16
9812353,2,1,1,1,0,2,4
9805220,1,1,0,0,0,1,2
9701309,32,5,27,94,0,32,348
9411255,14,4,10,11,4,10,10
9604392,5,1,4,7,0,5,16
9708215,9,3,6,10,6,3,3
9809291,23,6,17,48,5,18,42
105311,20,3,17,64,0,20,174
9303256,5,4,1,1,3,2,2
9606346,27,7,20,61,7,20,36
2058,1,1,0,0,0,1,4
9612260,63,14,49,264,6,57,154
9504340,6,4,2,2,1,5,9
9611362,12,3,9,15,2,10,12
9303280,18,10,8,16,18,0,0
9809401,9,2,7,16,9,0,0
3118,9,5,4,8,0,9,49
9308254,7,2,5,14,7,0,0
9904206,29,3,26,94,3,26,80
9211219,12,5,7,21,12,0,0
9511371,14,7,7,11,3,11,12
208159,5,3,2,2,0,5,47
9704322,35,5,30,97,1,34,257
9704280,22,4,18,70,0,22,206
206310,4,2,2,2,0,4,26
4209,4,2,2,5,1,3,8
9803242,40,3,37,153,2,38,91
9709430,3,2,1,1,0,3,20
9702341,6,2,4,4,0,6,53
8129,15,4,11,22,1,14,20
9606398,9,2,7,16,5,4,7
9507348,16,2,14,34,1,15,26
9801407,2,2,0,0,0,2,3
9309306,3,3,0,0,1,2,2
9808303,12,2,10,14,1,11,28
9207233,5,1,4,6,5,0,0
10012,7,2,5,6,3,4,4
9602225,11,3,8,17,11,0,0
9706320,3,2,1,1,2,1,2
9403410,6,1,5,13,6,0,0
209166,0,0,0,0,0,0,0
207191,2,2,0,0,1,1,1
9710257,11,4,7,17,3,8,42
9602337,4,2,2,2,0,4,6
9610354,8,2,6,20,1,7,18
9801268,35,2,33,212,4,31,153
9711337,3,1,2,2,0,3,10
111107,16,6,10,25,0,16,71
9903542,3,3,0,0,0,3,16
8056,20,4,16,35,6,14,25
11259,0,0,0,0,0,0,0
9712478,9,3,6,13,0,9,69
9712347,7,5,2,3,4,3,3
9904310,21,5,16,43,3,18,81
9306210,6,5,1,1,6,0,0
109245,2,2,0,0,0,2,11
9605354,3,3,0,0,0,3,16
207227,31,11,20,61,0,31,256
9805432,4,2,2,3,1,3,5
9702239,24,4,20,50,2,22,38
9705231,3,3,0,0,1,2,3
9707474,5,3,2,2,1,4,9
105262,0,0,0,0,0,0,0
9811237,19,4,15,38,0,19,123
8005,6,5,1,1,0,6,61
9912242,5,2,3,5,4,1,1
9207264,78,5,73,404,1,77,77
9411311,4,4,0,0,1,3,4
9412311,23,3,20,69,7,16,34
9903257,5,2,3,3,0,5,28
9709266,1,1,0,0,0,1,1
9708427,13,6,7,22,4,9,10
9503430,6,2,4,8,6,0,0
9804441,4,2,2,2,1,3,21
9406362,2,1,1,1,0,2,10
103110,6,3,3,5,1,5,16
9605400,3,1,2,3,0,3,5
9501202,25,4,21,61,0,25,71
9907420,9,1,8,17,0,9,36
9707464,7,2,5,13,7,0,0
107005,4,4,0,0,0,4,32
9087,1,1,0,0,0,1,5
9507299,17,2,15,35,10,7,7
9801429,1,1,0,0,1,0,0
107201,12,3,9,23,0,12,87
9511313,2,1,1,1,1,1,4
11393,19,3,16,66,1,18,70
9312346,2,2,0,0,2,0,0
9911510,4,2,2,3,0,4,30
9610389,5,2,3,6,5,0,0
1299,27,5,22,84,2,25,45
204040,5,2,3,3,0,5,53
9807537,2,2,0,0,0,2,7
9803411,2,2,0,0,0,2,3
9712497,14,4,10,20,0,14,66
9312308,7,4,3,4,4,3,3
7261,10,4,6,9,0,10,80
9809455,4,2,2,2,0,4,20
9710425,0,0,0,0,0,0,0
9603284,7,3,4,7,7,0,0
9412314,1,1,0,0,1,0,0
9811289,1,1,0,0,0,1,1
9701334,3,1,2,3,3,0,0
9702301,8,1,7,15,1,7,35
109097,6,2,4,6,1,5,9
9311336,23,6,17,40,23,0,0
9601295,4,2,2,3,3,1,1
9310273,4,3,1,2,4,0,0
9605389,31,12,19,43,7,24,24
9606471,3,3,0,0,1,2,4
9410409,5,2,3,8,3,2,2
103045,4,2,2,2,0,4,28
9612390,15,1,14,61,0,15,15
9607286,13,5,8,13,2,11,44
9511380,12,7,5,8,5,7,9
9612399,4,1,3,3,4,0,0
10077,7,2,5,9,0,7,65
9910442,12,8,4,10,0,12,83
9811365,7,4,3,5,0,7,19
9608483,3,1,2,3,0,3,11
9705319,10,2,8,18,0,10,22
4248,4,1,3,3,0,4,14
9503414,7,6,1,1,3,4,16
9902436,4,2,2,2,0,4,9
9911429,3,3,0,0,0,3,41
9906324,6,4,2,3,0,6,10
7148,1,1,0,0,0,1,8
9609436,15,3,12,26,7,8,8
9312264,8,2,6,12,8,0,0
9611308,3,1,2,2,0,3,11
9705275,13,4,9,17,1,12,51
9411234,58,9,49,269,1,57,301
102206,10,3,7,20,2,8,8
9802429,5,3,2,2,0,5,18
207114,2,1,1,1,0,2,11
9307254,3,3,0,0,3,0,0
9311258,0,0,0,0,0,0,0
9805306,6,1,5,9,1,5,16
9703263,2,2,0,0,0,2,5
9610460,2,1,1,1,0,2,17
9806420,1,1,0,0,0,1,4
9804344,4,4,0,0,3,1,1
9511221,24,3,21,84,6,18,19
3072,5,2,3,3,0,5,28
107064,7,2,5,7,0,7,20
109189,0,0,0,0,0,0,0
9711382,3,2,1,1,1,2,3
9912341,1,1,0,0,0,1,5
9711473,7,3,4,5,4,3,9
9404216,3,2,1,2,0,3,3
9711455,7,2,5,7,0,7,22
9805402,4,4,0,0,0,4,11
9506204,17,3,14,36,6,11,12
9212236,11,2,9,18,11,0,0
9407283,8,3,5,7,6,2,2
9803226,17,4,13,47,3,14,51
9809444,4,4,0,0,0,4,18
9412273,4,4,0,0,1,3,4
9505214,1,1,0,0,1,0,0
9406349,5,1,4,5,0,5,7
208027,1,1,0,0,0,1,18
9803343,14,7,7,12,0,14,60
9310310,6,2,4,8,6,0,0
9802436,6,2,4,6,0,6,11
9607329,1,1,0,0,0,1,5
5317,1,1,0,0,0,1,5
107189,4,2,2,3,0,4,28
206272,4,2,2,3,0,4,22
105134,2,1,1,1,0,2,5
205333,0,0,0,0,0,0,0
9908247,15,7,8,11,1,14,34
9812382,2,2,0,0,0,2,25
9211224,3,3,0,0,3,0,0
1219,6,2,4,8,6,0,0
9507306,6,2,4,8,1,5,5
203159,2,2,0,0,0,2,5
9906205,10,4,6,16,0,10,30
9809233,1,1,0,0,0,1,2
9503294,10,4,6,7,2,8,8
9908373,2,2,0,0,0,2,25
103331,10,2,8,16,0,10,117
9907573,2,2,0,0,1,1,1
109103,3,1,2,2,0,3,24
209048,2,1,1,1,0,2,18
9908213,4,1,3,3,0,4,21
9506420,4,2,2,2,0,4,13
9704305,13,3,10,25,0,13,52
101017,1,1,0,0,0,1,5
9903489,19,7,12,33,0,19,61
9807307,0,0,0,0,0,0,0
9911541,24,6,18,66,3,21,37
9810249,5,1,4,6,1,4,10
3299,6,2,4,6,0,6,11
5155,2,1,1,1,0,2,7
10057,4,1,3,3,4,0,0
210265,0,0,0,0,0,0,0
9212310,6,2,4,4,6,0,0
111373,2,2,0,0,0,2,14
210260,1,1,0,0,0,1,4
9305245,5,4,1,1,5,0,0
9311219,6,1,5,10,3,3,3
207181,1,1,0,0,1,0,0
9412246,2,1,1,1,2,0,0
9702420,1,1,0,0,0,1,5
9212296,5,5,0,0,1,4,4
205323,14,5,9,18,0,14,93
9812258,13,7,6,7,6,7,12
9712209,16,3,13,47,3,13,61
5197,9,1,8,23,9,0,0
9911291,12,2,10,25,5,7,12
11031,7,3,4,5,0,7,33
8313,1,1,0,0,0,1,2
9803431,7,2,5,8,0,7,23
9911433,8,6,2,2,0,8,29
9508299,2,1,1,1,0,2,11
9606417,9,4,5,8,0,9,29
9305322,4,1,3,3,4,0,0
9405323,3,3,0,0,3,0,0
9601275,2,1,1,1,0,2,3
106045,4,1,3,4,0,4,58
105132,3,1,2,3,0,3,11
9306208,7,1,6,7,7,0,0
9307357,1,1,0,0,1,0,0
112356,1,1,0,0,0,1,3
9610290,1,1,0,0,0,1,4
9311303,7,4,3,5,7,0,0
9909508,5,4,1,1,0,5,10
207334,6,3,3,4,0,6,53
211293,0,0,0,0,0,0,0
9709387,10,2,8,16,10,0,0
9812277,11,11,0,0,0,11,30
9603377,28,3,25,105,6,22,32
9511460,2,1,1,1,0,2,2
108238,1,1,0,0,0,1,17
9810391,2,1,1,1,0,2,3
9807515,8,2,6,13,0,8,26
110062,9,2,7,15,0,9,110
207219,2,1,1,1,0,2,11
1255,4,3,1,1,1,3,8
9709444,5,2,3,6,0,5,6
9508365,3,2,1,1,0,3,8
9604281,9,2,7,9,1,8,17
3087,3,2,1,1,0,3,14
9212218,4,2,2,2,4,0,0
105327,1,1,0,0,0,1,8
9711277,10,2,8,11,1,9,12
1151,19,3,16,36,4,15,50
9210278,3,2,1,1,0,3,4
9310245,15,3,12,18,2,13,13
103175,3,1,2,2,0,3,8
9505279,4,4,0,0,3,1,2
9604300,4,1,3,3,0,4,12
9208253,9,2,7,10,9,0,0
108234,2,2,0,0,0,2,35
9604271,1,1,0,0,1,0,0
9910540,14,9,5,7,4,10,20
9906338,5,1,4,9,0,5,55
9901264,4,2,2,3,0,4,17
9706283,2,2,0,0,1,1,1
9308244,2,1,1,1,2,0,0
9408354,20,3,17,65,20,0,0
6342,2,2,0,0,0,2,13
9612203,7,1,6,16,3,4,5
9904452,9,3,6,10,0,9,51
9701235,5,5,0,0,0,5,18
9712388,8,4,4,7,2,6,12
101005,3,3,0,0,1,2,14
9611435,1,1,0,0,1,0,0
109042,0,0,0,0,0,0,0
9812203,1,1,0,0,0,1,19
9911422,2,2,0,0,0,2,45
4133,0,0,0,0,0,0,0
9608335,0,0,0,0,0,0,0
205167,11,5,6,13,0,11,141
9801354,0,0,0,0,0,0,0
9901370,4,2,2,2,0,4,5
9403352,3,2,1,2,2,1,2
9403294,3,1,2,2,1,2,2
9603338,2,2,0,0,0,2,7
11154,2,2,0,0,1,1,1
9309230,2,1,1,1,2,0,0
9803253,10,1,9,25,1,9,14
9607461,5,4,1,2,5,0,0
210448,2,2,0,0,0,2,16
9705423,10,4,6,18,0,10,10
9804383,1,1,0,0,0,1,3
9903357,3,2,1,2,1,2,2
9806314,2,1,1,1,1,1,1
202008,2,2,0,0,0,2,2
9903443,3,1,2,3,0,3,17
9810245,2,1,1,1,0,2,7
9812283,6,1,5,13,0,6,33
106013,1,1,0,0,0,1,1
9405291,6,3,3,5,5,1,1
9808238,1,1,0,0,0,1,2
9706447,2,2,0,0,0,2,12
12227,4,3,1,1,0,4,33
4178,1,1,0,0,0,1,1
201224,16,4,12,54,11,5,8
103167,5,2,3,5,0,5,33
9212297,5,5,0,0,5,0,0
9907387,3,2,1,1,1,2,2
107159,3,3,0,0,0,3,15
9810300,1,1,0,0,0,1,7
111398,2,1,1,1,2,0,0
9612489,2,1,1,1,0,2,10
202202,7,2,5,9,0,7,51
9610530,1,1,0,0,0,1,1
9507251,5,4,1,1,0,5,16
9601255,1,1,0,0,0,1,2
9707228,2,2,0,0,0,2,2
204200,5,4,1,2,0,5,62
9809478,1,1,0,0,0,1,6
9608305,3,1,2,2,0,3,3
9607230,1,1,0,0,0,1,3
9503337,2,1,1,1,2,0,0
9704355,4,1,3,3,1,3,3
9701329,3,2,1,2,3,0,0
9905455,0,0,0,0,0,0,0
110085,0,0,0,0,0,0,0
9302270,17,2,15,21,17,0,0
205245,2,1,1,1,0,2,2
9905255,9,3,6,13,9,0,0
9610352,4,2,2,3,0,4,17
9910394,1,1,0,0,0,1,3
5029,7,1,6,15,7,0,0
9911509,0,0,0,0,0,0,0
9910349,1,1,0,0,1,0,0
9701215,9,2,7,7,9,0,0
9508399,8,3,5,8,0,8,15
112143,7,2,5,8,0,7,48
9501268,2,2,0,0,1,1,1
9204208,2,2,0,0,2,0,0
9509349,7,3,4,6,7,0,0
103165,1,1,0,0,0,1,5
9505432,4,3,1,1,1,3,3
9807210,1,1,0,0,1,0,0
8283,9,3,6,17,4,5,16
209160,1,1,0,0,0,1,8
106244,1,1,0,0,0,1,3
9601319,5,1,4,5,0,5,10
201198,4,1,3,4,0,4,4
9905408,1,1,0,0,1,0,0
9904387,0,0,0,0,0,0,0
9606396,1,1,0,0,0,1,3
9905386,3,1,2,2,2,1,1
9504269,1,1,0,0,0,1,4
112275,0,0,0,0,0,0,0
9806381,3,2,1,1,0,3,3
9708378,2,2,0,0,0,2,4
9806349,0,0,0,0,0,0,0
208251,4,3,1,1,0,4,12
10125,0,0,0,0,0,0,0
9508411,10,4,6,7,0,10,19
9509381,1,1,0,0,1,0,0
9408364,10,2,8,13,10,0,0
9603358,3,1,2,3,3,0,0
9407319,1,1,0,0,0,1,1
9812346,9,1,8,20,3,6,6
9809212,1,1,0,0,0,1,1
9903547,2,2,0,0,0,2,6
9702220,4,1,3,4,1,3,3
101272,4,1,3,4,0,4,30
9308231,0,0,0,0,0,0,0
203041,4,1,3,4,0,4,74
9312352,1,1,0,0,1,0,0
9610393,1,1,0,0,1,0,0
4232,9,3,6,14,6,3,6
9305208,7,2,5,6,5,2,2
9601292,2,2,0,0,0,2,2
9609442,3,3,0,0,2,1,1
209148,0,0,0,0,0,0,0
9605433,2,1,1,1,1,1,1
9801425,2,2,0,0,0,2,17
9811415,2,2,0,0,0,2,6
111032,8,6,2,2,0,8,55
9706486,3,2,1,1,0,3,21
5026,4,3,1,2,0,4,17
106296,0,0,0,0,0,0,0
9912499,3,3,0,0,0,3,19
8235,1,1,0,0,0,1,3
9302303,7,2,5,12,7,0,0
9808354,1,1,0,0,0,1,2
9902417,7,2,5,8,2,5,21
9604354,0,0,0,0,0,0,0
6339,3,3,0,0,1,2,19
211455,0,0,0,0,0,0,0
202222,1,1,0,0,0,1,9
7144,5,3,2,3,1,4,4
9911219,4,3,1,1,1,3,4
9711297,8,5,3,4,3,5,5
9904489,2,1,1,1,2,0,0
209217,2,2,0,0,0,2,39
9312225,3,3,0,0,3,0,0
111269,8,3,5,16,0,8,97
9405242,2,2,0,0,2,0,0
107308,4,4,0,0,0,4,13
9712331,2,2,0,0,0,2,2
202158,8,5,3,4,0,8,30
9606298,1,1,0,0,1,0,0
9703295,0,0,0,0,0,0,0
9804230,3,2,1,2,1,2,4
9346,2,2,0,0,0,2,6
9912385,6,1,5,13,1,5,34
9903323,1,1,0,0,0,1,1
9501226,0,0,0,0,0,0,0
9710363,3,2,1,1,1,2,2
204332,3,2,1,1,0,3,17
9909566,0,0,0,0,0,0,0
9812416,1,1,0,0,0,1,4
109210,1,1,0,0,0,1,1
204135,3,1,2,2,0,3,12
9403305,4,3,1,1,1,3,5
9701282,1,1,0,0,0,1,5
104296,1,1,0,0,0,1,1
9710554,0,0,0,0,0,0,0
9408278,1,1,0,0,1,0,0
9208256,3,1,2,2,3,0,0
111100,2,2,0,0,0,2,3
9706266,7,2,5,8,7,0,0
9711241,2,2,0,0,0,2,2
9301250,1,1,0,0,0,1,1
112248,0,0,0,0,0,0,0
8114,9,3,6,16,2,7,39
7327,2,1,1,1,0,2,11
209057,0,0,0,0,0,0,0
207092,5,1,4,6,0,5,26
10034,3,2,1,2,0,3,15
2165,5,4,1,1,0,5,7
9807226,0,0,0,0,0,0,0
9702342,5,2,3,6,2,3,6
9405315,0,0,0,0,0,0,0
207007,1,1,0,0,0,1,2
8189,1,1,0,0,0,1,7
9901407,6,1,5,11,1,5,12
9809318,0,0,0,0,0,0,0
209126,0,0,0,0,0,0,0
9912338,8,3,5,13,0,8,86
9610228,5,2,3,8,3,2,2
9306231,5,2,3,4,5,0,0
6020,1,1,0,0,0,1,2
2097,5,2,3,4,0,5,10
9410371,0,0,0,0,0,0,0
9704216,4,1,3,6,0,4,7
103053,5,4,1,1,0,5,57
9608386,1,1,0,0,1,0,0
9409246,4,3,1,1,4,0,0
9411333,7,2,5,11,7,0,0
9705214,1,1,0,0,1,0,0
9606277,8,5,3,3,1,7,13
112088,4,4,0,0,0,4,37
9509376,0,0,0,0,0,0,0
9907217,0,0,0,0,0,0,0
9710448,1,1,0,0,1,0,0
9710528,4,2,2,2,0,4,19
9405369,2,1,1,1,0,2,2
9503315,0,0,0,0,0,0,0
108254,1,1,0,0,1,0,0
9711464,0,0,0,0,0,0,0
9277,0,0,0,0,0,0,0
111427,8,3,5,6,5,3,3
102275,3,3,0,0,0,3,11
9804366,1,1,0,0,0,1,1
9910369,1,1,0,0,0,1,1
9610484,1,1,0,0,1,0,0
9504385,0,0,0,0,0,0,0
9812532,4,1,3,3,4,0,0
9408295,0,0,0,0,0,0,0
5281,2,1,1,1,0,2,2
1045,5,1,4,6,5,0,0
9711322,3,3,0,0,0,3,4
9705351,2,1,1,1,0,2,4
9912288,2,2,0,0,1,1,2
9706533,3,2,1,1,0,3,5
9909487,1,1,0,0,0,1,2
112124,5,2,3,3,0,5,29
201229,4,2,2,3,0,4,17
9409420,0,0,0,0,0,0,0
9902380,0,0,0,0,0,0,0
102031,0,0,0,0,0,0,0
1016,4,1,3,4,0,4,15
102195,4,3,1,2,1,3,10
209168,1,1,0,0,0,1,6
106342,5,3,2,3,0,5,16
3049,0,0,0,0,0,0,0
9911405,1,1,0,0,0,1,5
9911388,0,0,0,0,0,0,0
9803412,6,3,3,5,0,6,12
9609516,0,0,0,0,0,0,0
206026,5,4,1,1,0,5,17
7230,1,1,0,0,0,1,3
9611266,0,0,0,0,0,0,0
9811388,0,0,0,0,0,0,0
106059,2,2,0,0,0,2,11
9507358,4,2,2,2,2,2,2
106304,0,0,0,0,0,0,0
9702215,1,1,0,0,0,1,2
211461,1,1,0,0,0,1,4
9712534,6,3,3,9,0,6,20
9608218,1,1,0,0,0,1,9
9707321,0,0,0,0,0,0,0
108076,3,2,1,1,0,3,11
9905321,2,2,0,0,1,1,1
9609334,1,1,0,0,0,1,5
9710430,0,0,0,0,0,0,0
207288,2,2,0,0,0,2,21
109142,3,2,1,1,0,3,6
9903426,6,5,1,1,0,6,30
9907366,2,2,0,0,1,1,6
9906249,2,2,0,0,1,1,2
9504419,3,3,0,0,0,3,3
302047,0,0,0,0,0,0,0
9612430,0,0,0,0,0,0,0
204339,2,2,0,0,0,2,9
108025,1,1,0,0,0,1,2
9712430,0,0,0,0,0,0,0
207222,1,1,0,0,0,1,20
9908498,2,2,0,0,0,2,8
9706217,2,2,0,0,0,2,12
208001,0,0,0,0,0,0,0
301177,1,1,0,0,0,1,10
9310278,0,0,0,0,0,0,0
9501368,2,1,1,1,0,2,5
9807355,0,0,0,0,0,0,0
109175,0,0,0,0,0,0,0
212199,3,2,1,1,0,3,49
9812301,1,1,0,0,0,1,1
104092,0,0,0,0,0,0,0
110240,2,1,1,1,0,2,2
9608295,1,1,0,0,0,1,1
6004,1,1,0,0,0,1,7
9610516,2,2,0,0,2,0,0
203190,0,0,0,0,0,0,0
302252,0,0,0,0,0,0,0
112179,0,0,0,0,0,0,0
302148,0,0,0,0,0,0,0
2188,1,1,0,0,0,1,1
9809591,0,0,0,0,0,0,0
9912415,7,2,5,8,1,6,14
7019,0,0,0,0,0,0,0
9909210,2,1,1,1,0,2,4
208105,0,0,0,0,0,0,0
12360,4,2,2,3,0,4,27
212085,0,0,0,0,0,0,0
8149,0,0,0,0,0,0,0
6178,0,0,0,0,0,0,0
2059,1,1,0,0,1,0,0
9806473,1,1,0,0,0,1,6
101074,1,1,0,0,0,1,1
9806504,1,1,0,0,1,0,0
9901425,0,0,0,0,0,0,0
9908287,3,2,1,1,0,3,9
9511415,2,1,1,1,0,2,6
9703296,1,1,0,0,1,0,0
9907536,0,0,0,0,0,0,0
209055,0,0,0,0,0,0,0
301072,3,3,0,0,0,3,30
9408279,0,0,0,0,0,0,0
9505206,1,1,0,0,0,1,2
106260,3,2,1,1,0,3,10
212086,0,0,0,0,0,0,0
9706465,0,0,0,0,0,0,0
4103,1,1,0,0,1,0,0
102080,1,1,0,0,0,1,7
9312230,3,2,1,1,3,0,0
201180,0,0,0,0,0,0,0
9607333,0,0,0,0,0,0,0
9212318,0,0,0,0,0,0,0
1193,2,2,0,0,0,2,4
102235,3,2,1,1,3,0,0
101206,0,0,0,0,0,0,0
9603334,0,0,0,0,0,0,0
9506331,3,3,0,0,3,0,0
203057,1,1,0,0,0,1,1
9801405,1,1,0,0,0,1,2
9404276,4,2,2,2,4,0,0
208040,0,0,0,0,0,0,0
104114,0,0,0,0,0,0,0
101003,1,1,0,0,0,1,26
102158,1,1,0,0,0,1,2
9905558,4,1,3,4,0,4,22
9906214,0,0,0,0,0,0,0
9810379,0,0,0,0,0,0,0
9902359,0,0,0,0,0,0,0
9409411,2,2,0,0,2,0,0
10049,0,0,0,0,0,0,0
9510250,1,1,0,0,0,1,2
111277,0,0,0,0,0,0,0
9910421,4,1,3,6,0,4,4
9049,1,1,0,0,0,1,1
11218,1,1,0,0,0,1,2
211114,0,0,0,0,0,0,0
2076,3,2,1,2,0,3,16
110057,1,1,0,0,0,1,4
10272,0,0,0,0,0,0,0
9712235,0,0,0,0,0,0,0
103277,2,1,1,1,2,0,0
112025,0,0,0,0,0,0,0
212191,0,0,0,0,0,0,0
9505205,2,2,0,0,2,0,0
207291,2,2,0,0,0,2,14
3043,1,1,0,0,0,1,3
9707534,2,2,0,0,0,2,3
111329,0,0,0,0,0,0,0
104013,0,0,0,0,0,0,0
9905265,0,0,0,0,0,0,0
9811399,0,0,0,0,0,0,0
208084,1,1,0,0,0,1,8
112288,0,0,0,0,0,0,0
302151,0,0,0,0,0,0,0
9706224,1,1,0,0,1,0,0
110261,4,1,3,4,0,4,7
211083,2,2,0,0,1,1,2
9805511,0,0,0,0,0,0,0
9810385,4,2,2,3,0,4,10
9712450,0,0,0,0,0,0,0
9810459,1,1,0,0,0,1,5
302025,1,1,0,0,0,1,7
9512339,3,1,2,2,3,0,0
201073,0,0,0,0,0,0,0
9707461,2,1,1,1,0,2,4
207215,0,0,0,0,0,0,0
110238,4,1,3,4,0,4,28
302032,0,0,0,0,0,0,0
9510337,0,0,0,0,0,0,0
9803205,0,0,0,0,0,0,0
3054,0,0,0,0,0,0,0
207337,1,1,0,0,0,1,4
212218,0,0,0,0,0,0,0
9811429,0,0,0,0,0,0,0
5018,0,0,0,0,0,0,0
10290,0,0,0,0,0,0,0
205036,0,0,0,0,0,0,0
9909233,0,0,0,0,0,0,0
9706342,0,0,0,0,0,0,0
9811274,0,0,0,0,0,0,0
101075,0,0,0,0,0,0,0
212398,0,0,0,0,0,0,0
8092,0,0,0,0,0,0,0
9803264,0,0,0,0,0,0,0
202038,1,1,0,0,0,1,1
201095,1,1,0,0,0,1,3
111282,0,0,0,0,0,0,0
112318,0,0,0,0,0,0,0
208122,1,1,0,0,0,1,5
9511248,0,0,0,0,0,0,0
107305,0,0,0,0,0,0,0
9506221,0,0,0,0,0,0,0
302265,0,0,0,0,0,0,0
5150,0,0,0,0,0,0,0
9905251,3,1,2,3,0,3,19
9907302,0,0,0,0,0,0,0
1221,0,0,0,0,0,0,0
302041,0,0,0,0,0,0,0
9806343,0,0,0,0,0,0,0
9104,0,0,0,0,0,0,0
302249,0,0,0,0,0,0,0
9705285,0,0,0,0,0,0,0
101256,0,0,0,0,0,0,0
110182,0,0,0,0,0,0,0
9611339,0,0,0,0,0,0,0
11079,2,2,0,0,1,1,5
106333,4,1,3,4,0,4,40
9808476,0,0,0,0,0,0,0
9701407,3,3,0,0,2,1,1
105171,0,0,0,0,0,0,0
208278,1,1,0,0,0,1,2
8266,0,0,0,0,0,0,0
9402361,2,2,0,0,2,0,0
9804278,0,0,0,0,0,0,0
9812431,0,0,0,0,0,0,0
9711247,0,0,0,0,0,0,0
9601315,3,2,1,1,3,0,0
9902330,0,0,0,0,0,0,0
302150,0,0,0,0,0,0,0
301074,0,0,0,0,0,0,0
109289,0,0,0,0,0,0,0
9506312,0,0,0,0,0,0,0
206232,1,1,0,0,0,1,9
11208,0,0,0,0,0,0,0
9512376,0,0,0,0,0,0,0
3166,0,0,0,0,0,0,0
9404262,0,0,0,0,0,0,0
9276,0,0,0,0,0,0,0
212123,1,1,0,0,0,1,27
9305339,0,0,0,0,0,0,0
205073,0,0,0,0,0,0,0
105135,0,0,0,0,0,0,0
9808250,2,2,0,0,2,0,0
9409214,0,0,0,0,0,0,0
12263,0,0,0,0,0,0,0
210074,1,1,0,0,0,1,3
301078,0,0,0,0,0,0,0
9802399,0,0,0,0,0,0,0
205026,2,2,0,0,0,2,22
301024,0,0,0,0,0,0,0
9912213,0,0,0,0,0,0,0
10285,0,0,0,0,0,0,0
9808482,0,0,0,0,0,0,0
203127,0,0,0,0,0,0,0
111251,1,1,0,0,1,0,0
302046,0,0,0,0,0,0,0
9511230,0,0,0,0,0,0,0
9089,1,1,0,0,1,0,0
9904482,0,0,0,0,0,0,0
11152,0,0,0,0,0,0,0
302088,0,0,0,0,0,0,0
7042,0,0,0,0,0,0,0
210406,0,0,0,0,0,0,0
111201,0,0,0,0,0,0,0
9702405,0,0,0,0,0,0,0
9511251,0,0,0,0,0,0,0
3065,0,0,0,0,0,0,0
212377,0,0,0,0,0,0,0
205155,0,0,0,0,0,0,0
9607344,1,1,0,0,1,0,0
302077,0,0,0,0,0,0,0
302158,0,0,0,0,0,0,0
9601318,0,0,0,0,0,0,0
9805483,1,1,0,0,0,1,1
9709482,0,0,0,0,0,0,0
211417,0,0,0,0,0,0,0
209140,1,1,0,0,0,1,4
211064,0,0,0,0,0,0,0
9603401,0,0,0,0,0,0,0
209003,0,0,0,0,0,0,0
208111,1,1,0,0,0,1,4
210101,0,0,0,0,0,0,0
9711498,0,0,0,0,0,0,0
9611214,0,0,0,0,0,0,0
9602231,0,0,0,0,0,0,0
9709391,1,1,0,0,1,0,0
209114,1,1,0,0,0,1,7
9805330,0,0,0,0,0,0,0
107170,0,0,0,0,0,0,0
9702213,0,0,0,0,0,0,0
9906425,1,1,0,0,1,0,0
10340,1,1,0,0,1,0,0
9906449,0,0,0,0,0,0,0
9809305,0,0,0,0,0,0,0
9501352,0,0,0,0,0,0,0
9809432,0,0,0,0,0,0,0
202273,0,0,0,0,0,0,0
10268,0,0,0,0,0,0,0
301258,0,0,0,0,0,0,0
212140,0,0,0,0,0,0,0
12139,0,0,0,0,0,0,0
9806370,0,0,0,0,0,0,0
211302,0,0,0,0,0,0,0
9302282,0,0,0,0,0,0,0
9502367,0,0,0,0,0,0,0
9409305,0,0,0,0,0,0,0
209211,0,0,0,0,0,0,0
103006,0,0,0,0,0,0,0
9902376,1,1,0,0,0,1,2
9810444,0,0,0,0,0,0,0
9407340,0,0,0,0,0,0,0
9708462,0,0,0,0,0,0,0
10255,1,1,0,0,1,0,0
110132,0,0,0,0,0,0,0
9602387,0,0,0,0,0,0,0
212204,0,0,0,0,0,0,0
9507383,0,0,0,0,0,0,0
9207,0,0,0,0,0,0,0
1099,0,0,0,0,0,0,0
9208202,2,2,0,0,2,0,0
9609421,1,1,0,0,0,1,4
102210,0,0,0,0,0,0,0
210220,0,0,0,0,0,0,0
9907374,0,0,0,0,0,0,0
9305317,0,0,0,0,0,0,0
9310356,0,0,0,0,0,0,0
301193,0,0,0,0,0,0,0
9612370,0,0,0,0,0,0,0
210067,0,0,0,0,0,0,0
9708341,0,0,0,0,0,0,0
301006,0,0,0,0,0,0,0
106325,0,0,0,0,0,0,0
12248,0,0,0,0,0,0,0
9407228,0,0,0,0,0,0,0
110024,0,0,0,0,0,0,0
205171,0,0,0,0,0,0,0
101164,0,0,0,0,0,0,0
9904359,0,0,0,0,0,0,0
208059,0,0,0,0,0,0,0
212039,0,0,0,0,0,0,0
9409331,0,0,0,0,0,0,0
211203,0,0,0,0,0,0,0
9802385,0,0,0,0,0,0,0
6330,0,0,0,0,0,0,0
9604433,0,0,0,0,0,0,0
301083,0,0,0,0,0,0,0
111242,0,0,0,0,0,0,0
9812295,0,0,0,0,0,0,0
207187,0,0,0,0,0,0,0
107240,0,0,0,0,0,0,0
109136,0,0,0,0,0,0,0
210128,1,1,0,0,1,0,0
9512394,0,0,0,0,0,0,0
12251,0,0,0,0,0,0,0
9611439,0,0,0,0,0,0,0
301052,0,0,0,0,0,0,0
210309,0,0,0,0,0,0,0
9811343,0,0,0,0,0,0,0
302208,0,0,0,0,0,0,0
9710369,0,0,0,0,0,0,0
9506209,1,1,0,0,1,0,0
9612258,1,1,0,0,0,1,1
4173,126,5,121,870,1,125,821
9309283,75,6,69,591,75,0,0
9507262,39,2,37,188,17,22,22
9706260,53,2,51,371,3,50,307
9310355,12,4,8,31,0,12,12
9501362,18,5,13,54,3,15,28
9507204,8,5,3,5,8,0,0
3294,6,3,3,4,1,5,8
9603442,7,5,2,5,3,4,4
9902202,1,1,0,0,0,1,14
103159,4,2,2,2,1,3,5
9505336,15,4,11,29,7,8,14
9809523,5,4,1,2,0,5,19
9308343,2,2,0,0,2,0,0
9307342,26,5,21,43,26,0,0
9808433,29,8,21,67,6,23,40
9304266,10,1,9,25,10,0,0
9408256,0,0,0,0,0,0,0
9609432,1,1,0,0,0,1,4
9312323,17,10,7,9,17,0,0
9407264,5,4,1,4,0,5,27
9409372,28,5,23,75,10,18,37
9703351,74,2,72,681,20,54,119
9905240,29,1,28,190,16,13,19
9909254,56,2,54,377,1,55,266
9808205,103,10,93,502,24,79,370
9807310,86,6,80,593,69,17,17
9903460,27,3,24,89,0,27,187
9810501,31,5,26,118,2,29,59
9808485,11,1,10,31,1,10,10
9412278,11,6,5,10,4,7,12
9602386,13,6,7,11,3,10,44
9905320,16,2,14,55,0,16,308
9811267,14,4,10,13,6,8,27
9301261,15,3,12,24,15,0,0
9607446,12,4,8,15,6,6,8
9405256,17,4,13,30,3,14,15
9510306,3,1,2,2,3,0,0
9903302,12,3,9,23,0,12,78
9402266,22,12,10,28,2,20,37
9502385,32,6,26,96,10,22,40
9604343,14,6,8,11,1,13,58
9610540,89,11,78,727,0,89,442
9308335,30,10,20,47,25,5,5
105194,10,8,2,3,0,10,51
9712287,79,6,73,521,1,78,325
6172,13,3,10,25,0,13,50
7318,12,2,10,36,12,0,0
9604339,16,8,8,20,0,16,71
9702299,20,7,13,28,1,19,111
9711220,9,1,8,17,0,9,101
9408316,10,3,7,17,0,10,39
9808289,19,7,12,17,4,15,51
9304225,235,25,210,2242,235,0,0
9510313,17,2,15,54,3,14,27
9401204,18,4,14,24,18,0,0
9807495,7,1,6,12,2,5,12
9703349,69,4,65,457,0,69,493
9704300,7,2,5,8,4,3,5
9611345,5,2,3,3,5,0,0
9606362,28,7,21,38,6,22,36
9706207,21,5,16,42,0,21,110
9810336,33,4,29,98,0,33,109
9508213,14,2,12,34,14,0,0
9805217,84,3,81,659,9,75,113
9206266,51,7,44,519,51,0,0
9502321,24,6,18,55,1,23,108
9409327,16,2,14,41,16,0,0
9706325,4,1,3,6,1,3,3
9703227,4,3,1,3,1,3,4
9605449,2,2,0,0,1,1,2
9707313,27,1,26,177,1,26,109
9802290,147,7,140,1096,63,84,282
9610260,28,3,25,121,2,26,26
9806531,8,1,7,11,8,0,0
9212246,19,3,16,88,19,0,0
9812328,14,3,11,38,1,13,25
9507277,9,3,6,8,9,0,0
9404235,3,1,2,3,3,0,0
9308262,98,12,86,448,3,95,202
9411323,17,7,10,19,1,16,92
9812371,31,4,27,116,0,31,148
9407394,40,5,35,162,4,36,190
9709333,13,6,7,14,3,10,20
9511376,18,1,17,59,3,15,25
9401214,27,1,26,173,27,0,0
9411273,17,3,14,29,17,0,0
9607355,58,3,55,323,32,26,26
9701227,20,6,14,28,1,19,67
9407313,5,2,3,4,5,0,0
9401211,36,7,29,100,11,25,50
9906259,13,2,11,34,0,13,97
9503328,8,4,4,9,1,7,18
7087,5,3,2,4,0,5,12
9809574,24,4,20,89,0,24,162
9611213,27,4,23,77,9,18,19
9903515,39,3,36,272,4,35,185
101051,18,4,14,39,0,18,72
9811340,5,3,2,4,0,5,11
108175,6,4,2,2,0,6,78
9810514,58,4,54,617,0,58,224
9308283,12,3,9,11,0,12,38
9811387,13,2,11,38,0,13,53
107003,4,1,3,4,0,4,29
204109,3,2,1,1,0,3,9
9905204,21,4,17,50,0,21,123
9311232,28,4,24,98,2,26,63
9710473,11,2,9,23,4,7,24
9412322,32,12,20,51,10,22,26
9904378,40,3,37,242,0,40,181
9503402,2,2,0,0,2,0,0
9709502,11,3,8,17,0,11,44
9401306,4,3,1,1,1,3,4
9310211,18,5,13,45,18,0,0
9701342,14,7,7,14,8,6,10
9511292,38,1,37,200,33,5,5
9909397,6,1,5,8,0,6,27
9708445,2,2,0,0,0,2,9
9906470,39,3,36,170,2,37,195
9704441,13,4,9,18,0,13,50
9206221,10,7,3,6,10,0,0
9905568,15,2,13,36,1,14,25
9607476,4,2,2,3,0,4,11
9504313,16,3,13,55,2,14,20
9606281,21,3,18,57,15,6,16
2183,25,3,22,107,0,25,119
9805470,93,8,85,563,15,78,331
9604336,10,8,2,3,3,7,62
9604296,15,1,14,39,1,14,49
2063,30,1,29,123,1,29,94
9910231,44,2,42,155,1,43,361
9712231,12,5,7,23,3,9,10
9607412,4,2,2,5,0,4,58
102157,67,4,63,662,0,67,332
102180,30,2,28,266,0,30,192
9906471,5,3,2,2,5,0,0
106334,28,6,22,62,0,28,200
9902352,9,2,7,14,3,6,13
9408391,22,4,18,75,8,14,19
111243,4,3,1,1,0,4,25
9703260,5,2,3,3,0,5,16
10231,12,3,9,15,4,8,27
9269,10,8,2,2,1,9,40
9505244,18,2,16,59,2,16,16
9805418,7,2,5,12,0,7,13
10146,13,2,11,27,5,8,35
9602318,4,3,1,1,0,4,20
9909368,13,4,9,21,5,8,8
9610211,2,2,0,0,0,2,4
9702389,24,6,18,49,6,18,49
9903451,52,3,49,311,14,38,59
9908505,16,4,12,29,0,16,188
101070,17,2,15,51,0,17,93
11270,14,5,9,15,0,14,145
210171,2,2,0,0,1,1,1
208096,9,2,7,13,0,9,51
104315,8,6,2,2,0,8,28
203154,13,1,12,36,0,13,152
9808324,33,3,30,123,4,29,40
9804354,33,6,27,109,8,25,30
9505327,6,2,4,5,6,0,0
7267,7,3,4,8,0,7,46
9062,12,8,4,4,0,12,34
110067,15,7,8,10,0,15,98
103028,12,1,11,38,0,12,74
9808447,5,3,2,2,0,5,17
9503455,6,5,1,1,0,6,16
5265,1,1,0,0,0,1,10
9703240,34,4,30,109,34,0,0
9508317,17,4,13,30,2,15,18
9307316,8,2,6,11,2,6,9
9710424,2,2,0,0,2,0,0
202170,24,3,21,69,0,24,127
9904271,3,1,2,3,0,3,18
9306226,11,5,6,17,5,6,14
9605349,9,2,7,9,4,5,6
9801262,76,7,69,349,0,76,414
9701236,15,4,11,38,8,7,11
9506378,34,2,32,113,0,34,146
9608388,2,2,0,0,0,2,9
9403237,10,1,9,27,0,10,22
9709470,4,1,3,5,4,0,0
9302211,8,3,5,9,8,0,0
9405304,47,3,44,311,47,0,0
9602268,1,1,0,0,0,1,4
2134,19,3,16,47,0,19,102
9708214,7,3,4,8,0,7,70
9808224,36,4,32,182,1,35,244
9305228,40,2,38,114,40,0,0
106123,6,2,4,6,1,5,14
9403370,18,6,12,26,10,8,8
9807211,14,2,12,53,10,4,4
9905294,6,3,3,3,0,6,10
5020,4,3,1,1,0,4,43
9412272,19,2,17,43,19,0,0
9212210,17,7,10,23,3,14,19
9212212,45,8,37,143,45,0,0
9710270,66,3,63,461,2,64,315
7248,19,2,17,32,4,15,28
1046,33,4,29,75,4,29,201
9807572,2,2,0,0,1,1,1
106100,0,0,0,0,0,0,0
9806433,2,2,0,0,0,2,6
9411253,15,3,12,33,6,9,19
9507402,2,2,0,0,0,2,5
9910219,4,1,3,4,0,4,11
4263,12,3,9,24,0,12,46
9702282,16,4,12,36,0,16,45
9508314,10,4,6,14,6,4,5
9607275,11,1,10,32,0,11,23
9702223,3,2,1,1,0,3,30
9803210,12,5,7,21,0,12,78
9408328,8,2,6,9,7,1,1
9805228,16,3,13,42,16,0,0
9504248,78,2,76,554,3,75,163
9710401,64,5,59,454,0,64,740
9312355,32,2,30,120,4,28,54
9508405,5,1,4,4,0,5,13
9601383,3,2,1,1,3,0,0
9606383,14,6,8,10,0,14,79
9805275,5,3,2,3,1,4,15
12354,11,1,10,28,0,11,31
105023,0,0,0,0,0,0,0
104218,19,4,15,31,0,19,182
5179,1,1,0,0,0,1,7
9804376,8,1,7,19,0,8,24
9502296,5,3,2,2,0,5,15
9806519,31,3,28,130,0,31,305
9811470,9,1,8,21,5,4,4
112059,10,3,7,26,10,0,0
9312297,1,1,0,0,1,0,0
9708380,0,0,0,0,0,0,0
9704297,24,7,17,44,1,23,213
9501349,5,4,1,1,0,5,25
8228,0,0,0,0,0,0,0
9710292,2,2,0,0,0,2,4
9802370,16,5,11,21,1,15,56
106113,6,1,5,9,0,6,13
9310338,17,5,12,17,13,4,4
9805316,18,6,12,28,4,14,23
9501358,33,3,30,173,33,0,0
9612409,17,5,12,23,9,8,28
202082,0,0,0,0,0,0,0
107276,0,0,0,0,0,0,0
9211260,50,23,27,116,50,0,0
9907559,18,4,14,40,0,18,104
3258,30,6,24,89,0,30,191
9408231,6,1,5,7,0,6,6
9907510,37,8,29,107,3,34,117
9505341,7,3,4,4,0,7,11
9607250,17,3,14,37,12,5,5
210031,1,1,0,0,0,1,12
9709235,1,1,0,0,0,1,9
9704338,24,5,19,110,24,0,0
207051,3,3,0,0,0,3,12
6016,2,1,1,1,0,2,6
9804209,43,7,36,110,1,42,137
9709484,19,3,16,47,4,15,34
9706311,13,6,7,14,0,13,83
3276,1,1,0,0,1,0,0
9807417,10,3,7,25,3,7,10
9205214,10,2,8,25,10,0,0
9803427,1,1,0,0,1,0,0
9410331,6,2,4,9,3,3,3
9905366,3,3,0,0,0,3,29
9302304,4,1,3,5,4,0,0
9606454,5,3,2,3,5,0,0
9603308,11,2,9,16,3,8,15
108046,0,0,0,0,0,0,0
9405367,3,2,1,1,3,0,0
10175,10,4,6,11,0,10,37
10089,9,5,4,7,7,2,2
9801330,11,4,7,11,0,11,39
9611389,4,3,1,1,0,4,14
9308214,34,5,29,107,34,0,0
9903240,4,4,0,0,0,4,19
9310341,5,2,3,4,5,0,0
111114,6,4,2,5,0,6,35
3068,8,2,6,14,0,8,104
11387,21,3,18,89,0,21,259
9511382,8,3,5,8,2,6,17
9803356,16,3,13,33,0,16,43
9411220,9,6,3,5,9,0,0
9906366,14,2,12,33,0,14,66
9710370,7,3,4,10,1,6,34
105159,12,4,8,27,0,12,74
9612227,10,4,6,13,1,9,29
103004,0,0,0,0,0,0,0
9807440,6,2,4,7,0,6,16
9706413,12,3,9,21,0,12,46
9907540,1,1,0,0,1,0,0
9708431,10,7,3,7,0,10,23
8268,4,2,2,3,0,4,47
9504392,0,0,0,0,0,0,0
10161,4,3,1,1,0,4,23
9504306,29,10,19,52,29,0,0
9212271,38,4,34,134,1,37,37
9710341,6,5,1,1,1,5,20
9507413,15,2,13,47,0,15,46
9903413,7,5,2,2,0,7,40
9605344,2,1,1,1,2,0,0
9409302,0,0,0,0,0,0,0
9309292,1,1,0,0,1,0,0
210380,1,1,0,0,0,1,4
9407329,3,3,0,0,0,3,34
9908237,9,2,7,8,5,4,9
9602255,4,3,1,1,0,4,23
9511420,18,2,16,31,0,18,52
9909539,7,1,6,9,0,7,34
9810253,6,3,3,6,1,5,5
107083,6,3,3,4,0,6,42
10088,6,2,4,6,0,6,43
9708216,8,2,6,9,3,5,14
9912343,21,6,15,38,0,21,105
107266,29,2,27,111,0,29,207
9512335,1,1,0,0,0,1,9
103007,4,1,3,5,0,4,39
207231,0,0,0,0,0,0,0
11150,13,4,9,13,1,12,61
2168,6,5,1,1,1,5,29
9709344,31,8,23,57,19,12,13
204112,4,1,3,5,0,4,42
9405273,25,3,22,96,8,17,17
9805390,16,6,10,22,1,15,27
9401217,8,6,2,3,7,1,1
9405421,4,4,0,0,0,4,7
101099,8,2,6,11,0,8,96
9906437,4,2,2,2,0,4,18
9612436,16,4,12,42,1,15,67
9608378,1,1,0,0,0,1,1
9406400,2,1,1,1,1,1,1
9606348,7,4,3,4,2,5,9
9223,2,1,1,1,0,2,5
9703318,8,2,6,11,0,8,25
110177,1,1,0,0,1,0,0
9412275,10,7,3,5,2,8,14
9804211,23,4,19,70,13,10,19
9310349,4,1,3,4,3,1,1
9712216,11,3,8,14,1,10,26
9509237,12,4,8,17,12,0,0
9502257,3,2,1,1,0,3,6
9406296,5,1,4,8,5,0,0
9809321,43,1,42,370,34,9,9
9403241,3,2,1,2,3,0,0
9502371,4,2,2,2,4,0,0
9712360,8,2,6,9,2,6,8
12075,45,6,39,154,1,44,60
6084,1,1,0,0,0,1,6
9709423,1,1,0,0,0,1,13
9612385,6,1,5,7,2,4,21
9806462,30,6,24,67,1,29,115
3159,7,2,5,9,0,7,43
9602256,4,2,2,2,0,4,17
9908449,1,1,0,0,0,1,4
9705358,8,1,7,16,1,7,25
9906495,6,4,2,4,1,5,29
9902309,5,2,3,5,0,5,9
9702384,11,2,9,21,3,8,8
9405426,7,4,3,4,7,0,0
9601322,3,1,2,2,3,0,0
9705329,22,4,18,50,12,10,23
9506273,29,3,26,100,0,29,223
105225,2,1,1,1,0,2,4
9807222,8,3,5,12,0,8,47
103047,5,1,4,4,2,3,12
9711466,0,0,0,0,0,0,0
9702207,1,1,0,0,0,1,5
9604280,13,1,12,34,13,0,0
9704291,4,3,1,1,0,4,21
9808350,0,0,0,0,0,0,0
9608469,0,0,0,0,0,0,0
9508354,8,2,6,9,1,7,16
9602326,22,4,18,59,1,21,39
5125,4,1,3,6,0,4,21
2302,0,0,0,0,0,0,0
9806484,25,2,23,84,0,25,136
9712507,4,2,2,4,1,3,9
106214,1,1,0,0,0,1,2
5142,3,1,2,2,0,3,30
9412204,1,1,0,0,0,1,2
9807201,8,4,4,5,0,8,47
9812302,1,1,0,0,0,1,13
9702394,15,3,12,28,3,12,34
9209272,4,1,3,4,4,0,0
9209273,5,2,3,4,5,0,0
9808480,3,2,1,2,0,3,25
9710296,2,1,1,1,0,2,2
302192,0,0,0,0,0,0,0
9601203,5,4,1,1,1,4,7
9606239,10,2,8,15,6,4,8
210318,1,1,0,0,0,1,9
9702358,11,6,5,11,1,10,30
2055,1,1,0,0,0,1,10
9807277,8,1,7,16,0,8,21
9608470,7,3,4,6,0,7,36
10112,2,1,1,1,0,2,8
106159,16,4,12,29,0,16,88
209244,3,2,1,2,0,3,12
109080,2,1,1,1,1,1,10
9709338,0,0,0,0,0,0,0
9604265,1,1,0,0,0,1,2
9904317,3,2,1,1,3,0,0
9512443,0,0,0,0,0,0,0
211307,0,0,0,0,0,0,0
9507427,8,1,7,17,8,0,0
202039,7,6,1,1,0,7,23
9906409,6,3,3,6,0,6,61
9612407,0,0,0,0,0,0,0
9510329,6,4,2,2,0,6,14
9812210,3,2,1,1,0,3,10
9905412,11,2,9,18,2,9,33
9612443,3,2,1,1,0,3,5
9810278,2,2,0,0,0,2,5
209353,3,2,1,1,0,3,17
9806265,1,1,0,0,0,1,1
9908280,1,1,0,0,0,1,3
9707229,7,2,5,9,0,7,12
3064,3,2,1,1,1,2,9
9907498,11,5,6,7,2,9,20
9501220,7,5,2,3,7,0,0
9407255,1,1,0,0,0,1,1
9902348,5,4,1,3,1,4,15
12158,2,1,1,1,2,0,0
12297,2,1,1,1,0,2,12
1075,16,2,14,31,0,16,22
2047,4,1,3,6,0,4,5
9303227,6,4,2,2,0,6,9
207347,1,1,0,0,0,1,8
6185,4,1,3,6,0,4,4
9310375,1,1,0,0,0,1,1
9405335,3,1,2,3,0,3,6
9910519,1,1,0,0,1,0,0
9509360,2,2,0,0,0,2,3
9602329,9,6,3,4,0,9,92
9704421,3,1,2,3,0,3,31
9505361,7,2,5,7,7,0,0
9905250,2,2,0,0,1,1,6
9806402,12,2,10,28,1,11,20
10178,11,2,9,28,11,0,0
209330,1,1,0,0,0,1,18
108123,0,0,0,0,0,0,0
6338,9,1,8,13,0,9,17
9911438,5,4,1,3,0,5,18
9805204,1,1,0,0,0,1,4
9509283,4,2,2,2,0,4,12
9704215,5,4,1,2,0,5,21
9305323,4,2,2,2,4,0,0
10053,0,0,0,0,0,0,0
9411423,4,3,1,1,4,0,0
9801344,10,3,7,11,1,9,30
9808218,5,3,2,4,0,5,14
9809259,0,0,0,0,0,0,0
9312249,10,4,6,13,10,0,0
9902214,8,2,6,8,1,7,20
9611227,4,4,0,0,0,4,50
9604385,4,1,3,5,0,4,5
12259,17,2,15,40,2,15,220
208009,3,3,0,0,0,3,15
210014,2,1,1,1,0,2,5
9801384,4,3,1,1,3,1,1
9901233,3,2,1,1,0,3,7
9606320,4,1,3,4,1,3,3
9512241,1,1,0,0,0,1,2
108247,7,2,5,8,0,7,69
9905445,1,1,0,0,0,1,4
9607454,14,6,8,22,14,0,0
110075,18,2,16,41,0,18,90
205229,0,0,0,0,0,0,0
9501376,13,3,10,29,13,0,0
9303262,2,1,1,1,2,0,0
205060,0,0,0,0,0,0,0
9607336,6,2,4,11,0,6,11
12358,2,2,0,0,0,2,3
9301229,29,5,24,126,29,0,0
106161,2,2,0,0,0,2,25
9711442,12,8,4,7,0,12,27
5069,13,6,7,15,1,12,68
111237,1,1,0,0,0,1,1
9403300,13,7,6,12,6,7,7
112083,3,1,2,2,3,0,0
104052,12,6,6,9,1,11,44
9611228,4,3,1,2,0,4,26
9505427,7,4,3,4,0,7,16
108235,5,4,1,1,0,5,66
9710297,1,1,0,0,1,0,0
9805336,1,1,0,0,0,1,7
9910240,4,2,2,3,0,4,40
9903206,6,3,3,3,0,6,19
9611406,0,0,0,0,0,0,0
9502249,3,3,0,0,1,2,3
9807445,0,0,0,0,0,0,0
7086,3,2,1,2,0,3,14
9711333,10,3,7,18,3,7,13
9906489,5,1,4,6,0,5,32
9701250,3,3,0,0,0,3,19
9806233,4,3,1,2,0,4,8
5011,1,1,0,0,1,0,0
9306279,0,0,0,0,0,0,0
108126,1,1,0,0,1,0,0
9507265,7,1,6,15,0,7,53
9804358,1,1,0,0,0,1,1
9810543,13,2,11,27,0,13,109
9812216,0,0,0,0,0,0,0
3042,18,5,13,29,1,17,35
9405384,0,0,0,0,0,0,0
9910560,10,3,7,8,0,10,14
9410350,1,1,0,0,1,0,0
9407349,2,2,0,0,0,2,5
9609438,1,1,0,0,0,1,3
7297,2,2,0,0,2,0,0
9705324,3,3,0,0,0,3,5
9812528,2,1,1,1,2,0,0
302174,0,0,0,0,0,0,0
10081,5,3,2,3,0,5,24
9903446,4,2,2,3,0,4,8
9609495,5,2,3,5,0,5,7
9705374,4,2,2,3,4,0,0
9807431,0,0,0,0,0,0,0
111051,0,0,0,0,0,0,0
9711256,4,2,2,3,0,4,19
8069,3,2,1,1,0,3,5
9708249,1,1,0,0,0,1,1
5015,2,1,1,1,2,0,0
2255,3,2,1,1,0,3,13
9612276,2,1,1,1,0,2,4
9610349,4,3,1,1,2,2,4
9908305,5,4,1,2,0,5,29
9711463,5,2,3,3,4,1,1
202143,8,2,6,17,0,8,16
111012,4,2,2,4,0,4,19
9406414,1,1,0,0,1,0,0
9908307,1,1,0,0,1,0,0
3253,5,2,3,4,0,5,23
210045,0,0,0,0,0,0,0
205130,2,1,1,1,0,2,6
9703268,16,3,13,54,0,16,66
106031,6,3,3,3,0,6,25
207141,0,0,0,0,0,0,0
9709222,0,0,0,0,0,0,0
9607334,1,1,0,0,0,1,4
9903395,3,1,2,3,0,3,16
206086,1,1,0,0,0,1,5
9710398,4,2,2,2,1,3,3
9508327,3,2,1,1,0,3,9
9612416,3,3,0,0,2,1,2
9304269,4,2,2,2,4,0,0
9611299,4,1,3,5,4,0,0
9602360,3,3,0,0,3,0,0
9408338,1,1,0,0,0,1,1
9601267,6,5,1,1,0,6,17
9603406,2,1,1,1,0,2,2
209145,1,1,0,0,0,1,3
9906500,4,2,2,3,0,4,4
9702319,14,6,8,28,1,13,46
204303,0,0,0,0,0,0,0
7046,1,1,0,0,0,1,1
9802234,3,1,2,3,0,3,3
1303,0,0,0,0,0,0,0
9908456,2,2,0,0,0,2,6
9509318,2,2,0,0,0,2,2
202121,7,2,5,10,0,7,34
9408225,2,1,1,1,2,0,0
9304213,0,0,0,0,0,0,0
9704418,3,1,2,2,1,2,2
107328,0,0,0,0,0,0,0
9510272,0,0,0,0,0,0,0
9810354,2,1,1,1,1,1,1
103210,7,5,2,3,0,7,55
210021,4,1,3,4,0,4,44
7258,11,4,7,14,0,11,163
9602240,3,3,0,0,0,3,10
9707529,0,0,0,0,0,0,0
5288,2,1,1,1,0,2,4
9608412,11,2,9,18,11,0,0
9605403,0,0,0,0,0,0,0
9907305,2,2,0,0,0,2,5
9503322,1,1,0,0,0,1,1
104192,1,1,0,0,0,1,5
9909381,0,0,0,0,0,0,0
9604382,3,1,2,3,0,3,4
9712282,1,1,0,0,0,1,6
9606271,6,5,1,2,3,3,3
5038,7,6,1,2,0,7,35
9801349,10,3,7,8,2,8,9
9303305,10,9,1,1,10,0,0
9606350,2,1,1,1,1,1,2
9605315,10,2,8,14,2,8,8
9309303,6,3,3,6,6,0,0
9907219,5,1,4,5,1,4,11
11047,1,1,0,0,0,1,7
9907312,1,1,0,0,0,1,4
10132,0,0,0,0,0,0,0
105157,5,2,3,5,0,5,30
9305221,3,3,0,0,3,0,0
9906502,9,2,7,20,0,9,49
9812254,4,1,3,4,1,3,7
9612263,0,0,0,0,0,0,0
9807317,0,0,0,0,0,0,0
9512412,0,0,0,0,0,0,0
9803375,1,1,0,0,1,0,0
9812234,2,2,0,0,0,2,9
11070,1,1,0,0,0,1,8
9606286,2,1,1,1,1,1,1
9602416,3,1,2,3,3,0,0
9809459,1,1,0,0,1,0,0
9023,0,0,0,0,0,0,0
4271,8,3,5,15,4,4,4
9910558,5,3,2,2,0,5,31
105116,1,1,0,0,0,1,6
111200,0,0,0,0,0,0,0
9709412,4,2,2,2,0,4,13
9609314,8,2,6,12,2,6,8
9507300,0,0,0,0,0,0,0
9712367,6,2,4,4,1,5,8
9308209,0,0,0,0,0,0,0
7281,9,3,6,12,1,8,36
208234,1,1,0,0,1,0,0
9710264,2,2,0,0,0,2,6
11212,2,2,0,0,2,0,0
9908318,5,1,4,6,5,0,0
6162,2,2,0,0,1,1,1
9808307,2,2,0,0,0,2,2
9610526,3,3,0,0,0,3,9
101082,0,0,0,0,0,0,0
203214,7,1,6,16,0,7,91
9509259,1,1,0,0,0,1,1
9411224,3,2,1,2,3,0,0
9710444,2,1,1,1,1,1,1
204091,6,5,1,1,0,6,45
11286,1,1,0,0,1,0,0
111192,0,0,0,0,0,0,0
206156,0,0,0,0,0,0,0
9310333,0,0,0,0,0,0,0
101329,1,1,0,0,1,0,0
9802217,1,1,0,0,0,1,6
9511264,2,2,0,0,0,2,3
7234,8,5,3,3,1,7,38
205040,7,4,3,4,0,7,38
211439,0,0,0,0,0,0,0
107226,0,0,0,0,0,0,0
201256,4,4,0,0,0,4,17
209111,1,1,0,0,0,1,6
9204220,2,1,1,1,2,0,0
9712270,1,1,0,0,0,1,1
9509427,9,3,6,11,9,0,0
108113,1,1,0,0,0,1,10
101063,1,1,0,0,0,1,1
9507328,3,1,2,2,2,1,1
202002,0,0,0,0,0,0,0
9804326,2,1,1,1,0,2,2
9809276,0,0,0,0,0,0,0
9409353,0,0,0,0,0,0,0
103013,3,3,0,0,0,3,9
9912303,1,1,0,0,0,1,1
208069,5,4,1,1,0,5,52
205290,7,2,5,7,0,7,28
207358,4,3,1,2,0,4,11
12224,1,1,0,0,0,1,8
7293,5,1,4,4,0,5,22
9903374,4,1,3,4,0,4,18
9710442,4,1,3,5,1,3,7
207320,0,0,0,0,0,0,0
9807507,2,2,0,0,0,2,6
9203217,3,3,0,0,3,0,0
11309,0,0,0,0,0,0,0
9502372,7,5,2,2,7,0,0
9907285,1,1,0,0,0,1,7
9901451,2,2,0,0,0,2,8
9810484,1,1,0,0,0,1,1
212273,0,0,0,0,0,0,0
202156,1,1,0,0,1,0,0
110052,1,1,0,0,0,1,20
203002,3,2,1,1,0,3,8
9307290,0,0,0,0,0,0,0
110308,1,1,0,0,0,1,7
9609354,0,0,0,0,0,0,0
301071,0,0,0,0,0,0,0
9303239,5,3,2,4,5,0,0
9209278,4,3,1,1,4,0,0
9512403,0,0,0,0,0,0,0
111165,0,0,0,0,0,0,0
9505443,3,3,0,0,3,0,0
9509280,1,1,0,0,1,0,0
9607486,4,1,3,5,0,4,4
1200,0,0,0,0,0,0,0
9401343,3,2,1,1,3,0,0
9405287,4,3,1,1,4,0,0
9709337,2,2,0,0,2,0,0
2176,0,0,0,0,0,0,0
9909563,7,3,4,5,4,3,4
111443,1,1,0,0,1,0,0
2275,2,2,0,0,2,0,0
9601378,1,1,0,0,0,1,2
9910232,0,0,0,0,0,0,0
9506227,3,1,2,2,1,2,2
9511421,0,0,0,0,0,0,0
212344,0,0,0,0,0,0,0
9712481,0,0,0,0,0,0,0
11230,4,1,3,4,0,4,4
101121,0,0,0,0,0,0,0
9707487,2,1,1,1,0,2,4
9712292,3,2,1,1,0,3,3
8173,0,0,0,0,0,0,0
9701274,1,1,0,0,0,1,3
203082,0,0,0,0,0,0,0
205007,3,3,0,0,0,3,31
103145,1,1,0,0,0,1,4
102028,3,1,2,3,0,3,4
9906303,3,1,2,3,0,3,12
9906344,3,2,1,1,0,3,7
9411380,0,0,0,0,0,0,0
108255,2,2,0,0,0,2,12
208121,3,2,1,1,0,3,27
9901268,0,0,0,0,0,0,0
9806310,0,0,0,0,0,0,0
9404265,0,0,0,0,0,0,0
9706500,0,0,0,0,0,0,0
9903551,1,1,0,0,1,0,0
302146,0,0,0,0,0,0,0
201264,1,1,0,0,1,0,0
9907444,2,1,1,1,0,2,9
9604219,2,2,0,0,2,0,0
9411389,1,1,0,0,1,0,0
12347,0,0,0,0,0,0,0
9310290,0,0,0,0,0,0,0
6325,0,0,0,0,0,0,0
9709396,0,0,0,0,0,0,0
10042,1,1,0,0,0,1,4
208181,0,0,0,0,0,0,0
9212223,2,1,1,1,2,0,0
9306291,3,3,0,0,3,0,0
201286,1,1,0,0,0,1,9
201187,0,0,0,0,0,0,0
9908488,1,1,0,0,0,1,3
9712226,0,0,0,0,0,0,0
211333,0,0,0,0,0,0,0
111162,1,1,0,0,0,1,2
12060,0,0,0,0,0,0,0
205074,0,0,0,0,0,0,0
105276,0,0,0,0,0,0,0
9405305,0,0,0,0,0,0,0
9911268,1,1,0,0,0,1,2
9510266,2,2,0,0,2,0,0
105179,3,2,1,1,0,3,15
9910525,3,1,2,3,2,1,1
9512414,1,1,0,0,1,0,0
9805353,5,2,3,6,0,5,18
9902351,3,2,1,1,1,2,2
209016,0,0,0,0,0,0,0
9804452,2,2,0,0,2,0,0
112036,4,1,3,4,0,4,13
9407210,0,0,0,0,0,0,0
9611348,0,0,0,0,0,0,0
9901422,1,1,0,0,0,1,1
9408247,2,2,0,0,2,0,0
110274,1,1,0,0,1,0,0
9901270,0,0,0,0,0,0,0
102079,2,2,0,0,0,2,10
1267,0,0,0,0,0,0,0
9706358,1,1,0,0,1,0,0
9408223,4,3,1,1,0,4,9
210115,1,1,0,0,0,1,4
104102,1,1,0,0,0,1,1
9803340,2,2,0,0,1,1,1
7220,4,2,2,2,0,4,27
204042,0,0,0,0,0,0,0
9903235,4,2,2,3,4,0,0
302216,0,0,0,0,0,0,0
111035,3,2,1,2,0,3,3
102249,0,0,0,0,0,0,0
9908400,2,2,0,0,1,1,1
4177,6,1,5,10,0,6,12
106202,5,5,0,0,2,3,6
211190,1,1,0,0,0,1,5
9503392,0,0,0,0,0,0,0
11391,0,0,0,0,0,0,0
4219,2,1,1,1,2,0,0
9806470,1,1,0,0,0,1,1
101116,1,1,0,0,1,0,0
10032,0,0,0,0,0,0,0
9902454,0,0,0,0,0,0,0
202163,1,1,0,0,0,1,1
9906333,0,0,0,0,0,0,0
212251,0,0,0,0,0,0,0
9803234,0,0,0,0,0,0,0
207049,0,0,0,0,0,0,0
212341,0,0,0,0,0,0,0
9507288,1,1,0,0,1,0,0
210215,0,0,0,0,0,0,0
1137,0,0,0,0,0,0,0
107224,5,2,3,3,0,5,52
208165,0,0,0,0,0,0,0
10301,1,1,0,0,0,1,2
208276,1,1,0,0,0,1,4
9904369,0,0,0,0,0,0,0
110055,0,0,0,0,0,0,0
11220,3,1,2,3,0,3,8
301122,0,0,0,0,0,0,0
108006,0,0,0,0,0,0,0
301160,0,0,0,0,0,0,0
210306,0,0,0,0,0,0,0
9708418,1,1,0,0,0,1,4
9510344,1,1,0,0,1,0,0
9211334,8,5,3,3,8,0,0
9908253,0,0,0,0,0,0,0
205181,0,0,0,0,0,0,0
9606341,0,0,0,0,0,0,0
9411325,1,1,0,0,0,1,2
9411313,0,0,0,0,0,0,0
7123,4,2,2,3,1,3,6
9910325,1,1,0,0,0,1,7
9806227,1,1,0,0,0,1,1
9810372,1,1,0,0,1,0,0
9511211,1,1,0,0,1,0,0
9307339,2,2,0,0,2,0,0
9803388,0,0,0,0,0,0,0
212391,0,0,0,0,0,0,0
107112,5,3,2,4,0,5,34
9805291,3,1,2,3,1,2,10
9705288,0,0,0,0,0,0,0
110023,4,1,3,4,0,4,41
9707417,0,0,0,0,0,0,0
9905426,0,0,0,0,0,0,0
209354,2,2,0,0,2,0,0
110037,1,1,0,0,1,0,0
9211236,0,0,0,0,0,0,0
112238,3,3,0,0,0,3,36
6052,0,0,0,0,0,0,0
208079,3,1,2,3,0,3,10
9806341,0,0,0,0,0,0,0
1026,0,0,0,0,0,0,0
106069,1,1,0,0,0,1,8
201024,0,0,0,0,0,0,0
9902468,0,0,0,0,0,0,0
212294,0,0,0,0,0,0,0
212038,0,0,0,0,0,0,0
204315,1,1,0,0,0,1,7
9606255,0,0,0,0,0,0,0
9811328,2,2,0,0,0,2,7
212213,0,0,0,0,0,0,0
104138,0,0,0,0,0,0,0
110400,5,2,3,3,0,5,16
203063,0,0,0,0,0,0,0
102299,1,1,0,0,0,1,4
9903533,2,1,1,1,0,2,14
211353,2,1,1,1,0,2,18
9512240,0,0,0,0,0,0,0
210197,1,1,0,0,0,1,3
9605416,2,1,1,1,2,0,0
111076,1,1,0,0,0,1,2
9710555,0,0,0,0,0,0,0
102284,1,1,0,0,0,1,1
103292,3,2,1,1,0,3,19
9712489,0,0,0,0,0,0,0
9602370,0,0,0,0,0,0,0
101196,0,0,0,0,0,0,0
9611332,0,0,0,0,0,0,0
9810202,0,0,0,0,0,0,0
207340,0,0,0,0,0,0,0
9702257,2,2,0,0,1,1,1
111451,0,0,0,0,0,0,0
9911374,1,1,0,0,0,1,3
202169,1,1,0,0,0,1,2
9807536,0,0,0,0,0,0,0
9908259,0,0,0,0,0,0,0
9504201,1,1,0,0,1,0,0
9710366,1,1,0,0,1,0,0
301108,0,0,0,0,0,0,0
112350,0,0,0,0,0,0,0
9804336,0,0,0,0,0,0,0
9811310,0,0,0,0,0,0,0
207094,1,1,0,0,0,1,1
107228,1,1,0,0,1,0,0
9511365,0,0,0,0,0,0,0
104132,1,1,0,0,1,0,0
208186,0,0,0,0,0,0,0
9901372,0,0,0,0,0,0,0
9405281,1,1,0,0,1,0,0
302201,0,0,0,0,0,0,0
201175,0,0,0,0,0,0,0
9907537,2,1,1,1,0,2,6
9304244,0,0,0,0,0,0,0
9811261,3,3,0,0,3,0,0
208006,0,0,0,0,0,0,0
212137,0,0,0,0,0,0,0
110222,0,0,0,0,0,0,0
211042,1,1,0,0,0,1,6
9907242,0,0,0,0,0,0,0
9608411,0,0,0,0,0,0,0
9310203,0,0,0,0,0,0,0
105298,1,1,0,0,1,0,0
205232,2,2,0,0,0,2,8
108119,0,0,0,0,0,0,0
9410229,1,1,0,0,1,0,0
209257,0,0,0,0,0,0,0
9411316,0,0,0,0,0,0,0
9907459,0,0,0,0,0,0,0
2112,1,1,0,0,0,1,1
6193,0,0,0,0,0,0,0
9510242,1,1,0,0,1,0,0
203084,0,0,0,0,0,0,0
9602308,0,0,0,0,0,0,0
9603232,1,1,0,0,1,0,0
3269,3,2,1,1,2,1,1
101107,1,1,0,0,0,1,2
301065,0,0,0,0,0,0,0
112146,0,0,0,0,0,0,0
212011,0,0,0,0,0,0,0
9907289,1,1,0,0,1,0,0
12010,0,0,0,0,0,0,0
211138,0,0,0,0,0,0,0
112002,0,0,0,0,0,0,0
9307362,2,2,0,0,2,0,0
9602228,0,0,0,0,0,0,0
206279,3,2,1,1,0,3,86
209215,0,0,0,0,0,0,0
9908447,2,2,0,0,2,0,0
9308326,0,0,0,0,0,0,0
204199,0,0,0,0,0,0,0
9910245,0,0,0,0,0,0,0
12344,0,0,0,0,0,0,0
9906477,0,0,0,0,0,0,0
9807244,0,0,0,0,0,0,0
9508331,0,0,0,0,0,0,0
9308202,0,0,0,0,0,0,0
212358,0,0,0,0,0,0,0
9303318,0,0,0,0,0,0,0
212376,0,0,0,0,0,0,0
9801256,0,0,0,0,0,0,0
9709265,1,1,0,0,1,0,0
201138,0,0,0,0,0,0,0
9912432,0,0,0,0,0,0,0
11007,0,0,0,0,0,0,0
109027,0,0,0,0,0,0,0
9805491,0,0,0,0,0,0,0
9905492,1,1,0,0,0,1,8
9117,1,1,0,0,0,1,5
9705455,0,0,0,0,0,0,0
9611211,0,0,0,0,0,0,0
9905325,1,1,0,0,1,0,0
302182,0,0,0,0,0,0,0
9801320,0,0,0,0,0,0,0
207218,0,0,0,0,0,0,0
9910380,0,0,0,0,0,0,0
9808439,0,0,0,0,0,0,0
3315,0,0,0,0,0,0,0
211451,0,0,0,0,0,0,0
9605282,0,0,0,0,0,0,0
10271,0,0,0,0,0,0,0
9803231,0,0,0,0,0,0,0
9405211,1,1,0,0,1,0,0
9309226,0,0,0,0,0,0,0
5117,0,0,0,0,0,0,0
12009,0,0,0,0,0,0,0
302194,0,0,0,0,0,0,0
9611372,0,0,0,0,0,0,0
5192,0,0,0,0,0,0,0
202130,0,0,0,0,0,0,0
108154,0,0,0,0,0,0,0
203174,0,0,0,0,0,0,0
212318,0,0,0,0,0,0,0
205152,0,0,0,0,0,0,0
9406355,0,0,0,0,0,0,0
1131,0,0,0,0,0,0,0
11232,0,0,0,0,0,0,0
9706475,0,0,0,0,0,0,0
9312290,0,0,0,0,0,0,0
301196,0,0,0,0,0,0,0
105202,0,0,0,0,0,0,0
109129,0,0,0,0,0,0,0
109089,0,0,0,0,0,0,0
9806399,0,0,0,0,0,0,0
9712312,0,0,0,0,0,0,0
209090,0,0,0,0,0,0,0
210129,1,1,0,0,1,0,0
11185,0,0,0,0,0,0,0
301178,0,0,0,0,0,0,0
302270,0,0,0,0,0,0,0
9345,1,1,0,0,1,0,0
206265,0,0,0,0,0,0,0
104029,0,0,0,0,0,0,0
302052,0,0,0,0,0,0,0
9907278,0,0,0,0,0,0,0
9604322,0,0,0,0,0,0,0
9801247,0,0,0,0,0,0,0
301096,0,0,0,0,0,0,0
9708385,0,0,0,0,0,0,0
104059,0,0,0,0,0,0,0
8239,0,0,0,0,0,0,0
9511202,0,0,0,0,0,0,0
211104,1,1,0,0,0,1,20
111349,0,0,0,0,0,0,0
9911483,0,0,0,0,0,0,0
301136,0,0,0,0,0,0,0
302218,0,0,0,0,0,0,0
105339,0,0,0,0,0,0,0
1014,0,0,0,0,0,0,0
9510314,0,0,0,0,0,0,0
108153,1,1,0,0,1,0,0
203019,0,0,0,0,0,0,0
9904340,0,0,0,0,0,0,0
212070,1,1,0,0,0,1,9
301142,0,0,0,0,0,0,0
202165,0,0,0,0,0,0,0
105068,0,0,0,0,0,0,0
204302,0,0,0,0,0,0,0
212029,1,1,0,0,1,0,0
9912414,1,1,0,0,1,0,0
9512273,0,0,0,0,0,0,0
203020,0,0,0,0,0,0,0
109143,1,1,0,0,0,1,4
4088,0,0,0,0,0,0,0
301069,1,1,0,0,0,1,8
301276,0,0,0,0,0,0,0
2056,1,1,0,0,1,0,0
101255,0,0,0,0,0,0,0
9606450,0,0,0,0,0,0,0
105264,1,1,0,0,1,0,0
205291,0,0,0,0,0,0,0
302135,1,1,0,0,0,1,5
9911443,0,0,0,0,0,0,0
212327,1,1,0,0,1,0,0
9325,0,0,0,0,0,0,0
206139,0,0,0,0,0,0,0
9502347,0,0,0,0,0,0,0
9511303,0,0,0,0,0,0,0
302083,0,0,0,0,0,0,0
9502410,0,0,0,0,0,0,0
211448,0,0,0,0,0,0,0
212285,0,0,0,0,0,0,0
106284,0,0,0,0,0,0,0
1294,0,0,0,0,0,0,0
6220,0,0,0,0,0,0,0
102326,0,0,0,0,0,0,0
9311315,0,0,0,0,0,0,0
209022,0,0,0,0,0,0,0
302242,0,0,0,0,0,0,0
9301203,7,3,4,7,7,0,0
4213,63,7,56,388,2,61,351
9404282,121,7,114,1111,77,44,68
9508272,19,5,14,40,2,17,103
9802300,64,3,61,518,7,57,265
9403233,10,5,5,16,1,9,17
9502376,14,2,12,43,1,13,33
9604309,13,3,10,31,0,13,51
6032,21,8,13,23,0,21,88
9604223,44,6,38,254,11,33,42
9903215,13,6,7,13,1,12,93
107117,2,2,0,0,0,2,14
9506305,33,4,29,151,1,32,61
9810252,5,4,1,2,1,4,22
9309228,10,4,6,10,10,0,0
9504241,18,6,12,29,0,18,40
9812275,16,6,10,23,0,16,99
9402259,10,4,6,8,10,0,0
9209204,8,2,6,10,8,0,0
9610457,0,0,0,0,0,0,0
9403230,51,8,43,238,13,38,48
9504307,19,4,15,40,12,7,8
9409464,20,8,12,39,6,14,32
9705208,60,2,58,454,3,57,170
9906525,29,1,28,147,1,28,132
9909301,19,4,15,39,0,19,208
9809205,10,4,6,8,2,8,17
9807353,95,5,90,685,4,91,304
9904210,36,2,34,132,0,36,444
9903424,30,5,25,77,0,30,104
9809252,12,3,9,24,1,11,20
9502263,17,4,13,37,0,17,39
9305257,13,4,9,17,13,0,0
9906275,26,4,22,97,0,26,463
9301239,14,5,9,18,14,0,0
9306235,22,2,20,53,14,8,8
9612400,2,1,1,1,0,2,6
9504208,8,3,5,7,0,8,21
9704366,4,1,3,3,0,4,22
9903399,36,4,32,95,2,34,63
9411298,12,6,6,10,0,12,22
9503263,40,2,38,167,6,34,46
9606388,111,5,106,963,0,111,531
9702247,21,2,19,99,3,18,65
9311269,43,14,29,94,7,36,106
9712401,26,2,24,70,16,10,15
9802361,41,5,36,120,0,41,146
7208,36,8,28,90,0,36,654
8023,21,3,18,77,11,10,10
9604387,68,14,54,224,11,57,153
9702307,22,5,17,48,0,22,171
9711264,17,5,12,31,0,17,193
9409396,10,3,7,14,0,10,39
9328,7,3,4,6,0,7,44
9305304,21,7,14,39,0,21,38
9706441,13,4,9,27,1,12,47
9506313,11,7,4,4,2,9,11
9811249,19,4,15,31,3,16,79
9703442,22,4,18,49,5,17,44
9704402,29,7,22,56,2,27,120
9702414,10,2,8,15,1,9,23
9607297,12,2,10,21,1,11,12
9707516,15,5,10,20,0,15,38
9905528,4,2,2,3,0,4,14
9607284,6,2,4,6,0,6,6
9805471,71,2,69,636,1,70,141
9302210,130,17,113,1024,48,82,186
9504265,17,2,15,44,1,16,120
9409349,23,3,20,68,4,19,24
9708390,23,4,19,94,5,18,20
9704424,19,4,15,51,8,11,19
9305296,5,4,1,1,5,0,0
9804251,4,2,2,2,0,4,22
9502308,17,4,13,32,17,0,0
9610276,19,8,11,25,11,8,17
9809451,28,5,23,94,4,24,33
9410258,18,2,16,74,7,11,11
9903218,12,1,11,25,0,12,101
9509341,21,6,15,40,1,20,92
9406395,6,4,2,2,1,5,16
9308288,82,14,68,297,3,79,297
9803485,6,2,4,11,6,0,0
9903260,46,5,41,284,0,46,443
9407407,32,5,27,111,0,32,214
9803236,1,1,0,0,0,1,8
9511391,18,4,14,44,0,18,66
9602214,12,4,8,22,2,10,12
9501334,85,9,76,595,16,69,71
9411409,43,4,39,229,43,0,0
9704255,41,6,35,211,2,39,154
9910309,39,4,35,135,0,39,256
9401309,17,2,15,49,17,0,0
9906389,3,2,1,1,0,3,32
9503413,6,1,5,11,6,0,0
9709449,15,5,10,18,2,13,48
9903550,5,1,4,8,0,5,38
9803393,24,5,19,94,8,16,20
9903516,44,4,40,298,2,42,381
6148,2,1,1,1,0,2,6
9811382,22,2,20,75,0,22,70
108185,2,2,0,0,0,2,9
9904353,104,11,93,857,1,103,692
9312258,16,5,11,15,0,16,32
9812305,14,4,10,29,0,14,95
112028,3,2,1,1,0,3,18
206023,8,2,6,15,0,8,47
9905244,10,2,8,22,0,10,98
9403407,16,5,11,33,0,16,137
9408313,13,3,10,14,13,0,0
9306248,22,7,15,52,22,0,0
9804359,4,1,3,5,0,4,11
9404293,6,2,4,10,6,0,0
9710259,8,2,6,13,0,8,31
9403358,12,6,6,10,0,12,16
9403307,19,8,11,33,11,8,8
9811256,15,3,12,26,6,9,16
9511319,12,2,10,21,5,7,8
9911295,6,2,4,10,0,6,46
9902219,0,0,0,0,0,0,0
9906481,49,7,42,190,3,46,364
9705391,12,2,10,23,0,12,54
9207216,19,7,12,33,19,0,0
9902323,71,3,68,580,2,69,227
9608487,16,2,14,37,6,10,17
9504319,38,9,29,142,13,25,34
9701344,3,2,1,1,1,2,11
9907218,62,2,60,282,0,62,241
9810512,30,5,25,101,2,28,212
9606235,1,1,0,0,0,1,10
9605296,50,9,41,223,0,50,196
2147,41,6,35,129,2,39,197
12333,13,5,8,19,0,13,89
9712479,18,6,12,25,1,17,68
9703219,2,1,1,1,0,2,28
102204,69,5,64,761,0,69,242
102193,34,5,29,282,0,34,201
9907475,21,3,18,47,1,20,101
107151,18,6,12,24,0,18,118
9812235,1,1,0,0,0,1,1
9408392,12,3,9,33,2,10,24
5027,9,3,6,15,0,9,87
104034,37,6,31,89,2,35,273
9904399,24,1,23,82,8,16,35
9906450,12,3,9,19,3,9,45
9607488,6,2,4,5,2,4,5
101133,9,3,6,9,0,9,63
102227,37,2,35,148,5,32,221
9711472,13,1,12,32,1,12,43
9702417,14,3,11,30,7,7,16
9612398,50,2,48,243,2,48,132
9512246,12,2,10,24,2,10,19
9903479,46,6,40,245,0,46,682
9908515,12,5,7,15,0,12,96
103032,45,6,39,175,0,45,634
11368,5,3,2,2,0,5,23
211141,4,4,0,0,1,3,18
208115,7,3,4,5,0,7,28
209295,3,1,2,2,0,3,39
204218,13,5,8,15,0,13,160
9909232,30,5,25,76,0,30,646
109247,4,1,3,4,0,4,4
9904207,3,2,1,1,1,2,4
8333,15,7,8,12,0,15,180
10192,19,5,14,29,0,19,158
111435,6,5,1,1,0,6,39
107030,9,1,8,19,0,9,50
9408253,29,10,19,70,2,27,109
9505242,16,1,15,26,2,14,48
102096,1,1,0,0,0,1,6
9703454,27,5,22,66,1,26,113
9809556,7,1,6,19,7,0,0
9412365,4,2,2,2,0,4,14
9803257,15,6,9,17,0,15,66
203004,1,1,0,0,0,1,2
9904313,7,2,5,10,0,7,69
9401325,6,3,3,4,0,6,20
9606296,4,2,2,2,4,0,0
9811253,69,8,61,234,0,69,499
9801240,1,1,0,0,0,1,6
9302279,6,2,4,8,6,0,0
9610294,17,9,8,14,0,17,227
9609487,26,4,22,62,1,25,43
9905479,3,2,1,1,1,2,2
9411246,6,3,3,7,0,6,7
9407343,21,5,16,44,17,4,4
9603356,4,1,3,4,0,4,4
12260,18,3,15,29,5,13,13
9711266,18,4,14,50,3,15,24
9808292,31,6,25,158,0,31,320
9503437,14,1,13,22,4,10,15
9902354,23,3,20,87,2,21,38
9409427,4,2,2,4,0,4,10
9312279,36,8,28,116,36,0,0
9908425,12,3,9,15,0,12,67
9810496,22,1,21,99,0,22,119
9505416,15,3,12,20,1,14,14
9310345,1,1,0,0,0,1,1
9403276,26,8,18,54,7,19,19
9711227,76,7,69,388,0,76,483
11215,39,18,21,43,5,34,180
4251,5,1,4,9,0,5,55
9610261,2,1,1,1,2,0,0
9311255,34,4,30,104,15,19,19
9810230,8,4,4,8,0,8,35
9509217,12,5,7,12,5,7,11
9808334,4,1,3,6,3,1,1
8241,20,6,14,29,0,20,118
9803256,39,8,31,103,0,39,343
9702418,17,6,11,32,1,16,63
9811396,2,1,1,1,0,2,6
9607472,6,2,4,6,0,6,16
9703328,2,2,0,0,0,2,13
9810411,22,4,18,57,0,22,87
9305305,13,4,9,15,13,0,0
9806493,12,3,9,15,1,11,26
9505391,48,3,45,289,1,47,160
9605266,48,1,47,350,2,46,183
9401265,18,4,14,38,2,16,38
9509338,2,2,0,0,0,2,6
9602438,17,11,6,7,1,16,48
105088,10,3,7,11,5,5,5
9811386,5,1,4,10,0,5,21
101093,8,5,3,6,1,7,29
9311309,6,2,4,8,6,0,0
105105,13,7,6,12,0,13,66
9909514,7,4,3,3,0,7,23
9804385,8,2,6,8,2,6,24
9503248,8,2,6,11,0,8,37
9807454,13,5,8,11,0,13,116
9502283,7,4,3,3,0,7,36
9411272,11,1,10,32,11,0,0
9906272,2,2,0,0,1,1,3
9210253,99,9,90,394,99,0,0
9708346,23,7,16,67,1,22,93
9610298,3,1,2,3,0,3,9
9301258,18,10,8,13,9,9,11
9803284,11,2,9,16,1,10,30
9403269,5,5,0,0,1,4,5
106195,14,3,11,38,0,14,98
9207241,6,2,4,7,6,0,0
9812520,11,1,10,25,0,11,40
9601233,19,9,10,16,9,10,25
9702249,7,4,3,5,2,5,13
1215,2,1,1,1,2,0,0
9911522,5,5,0,0,0,5,30
9811362,17,3,14,77,0,17,94
9312251,12,1,11,20,12,0,0
5297,27,2,25,75,1,26,115
7304,15,7,8,13,2,13,128
9909282,1,1,0,0,1,0,0
9506419,3,3,0,0,0,3,10
9706212,15,5,10,24,1,14,17
9807350,16,1,15,57,12,4,4
9709315,2,1,1,1,0,2,10
9704363,11,5,6,12,0,11,96
9311297,10,2,8,21,3,7,14
6018,2,1,1,1,0,2,7
9805334,36,8,28,67,2,34,91
9804299,14,2,12,49,0,14,101
9502377,4,1,3,4,2,2,4
10233,1,1,0,0,0,1,2
9811434,4,3,1,1,0,4,25
9505319,19,4,15,61,15,4,4
9406328,10,5,5,6,2,8,18
9503431,6,2,4,8,1,5,9
9808376,2,2,0,0,0,2,10
9605337,7,2,5,11,7,0,0
9610246,2,2,0,0,2,0,0
9609491,6,3,3,3,0,6,10
3305,5,5,0,0,0,5,11
9501250,1,1,0,0,0,1,2
108205,3,2,1,1,0,3,17
206171,1,1,0,0,1,0,0
108135,2,2,0,0,0,2,11
9701325,1,1,0,0,0,1,10
9503334,14,6,8,19,1,13,18
9806530,6,2,4,5,0,6,27
9911477,3,1,2,2,0,3,3
204146,7,3,4,5,0,7,43
6354,7,3,4,9,0,7,107
103258,47,3,44,254,0,47,306
9611350,8,8,0,0,3,5,13
9805451,10,3,7,12,0,10,32
9501303,11,6,5,7,7,4,5
9504420,4,2,2,2,0,4,7
9807299,2,1,1,1,0,2,9
4114,32,4,28,132,0,32,179
9612340,3,2,1,2,1,2,7
9910307,1,1,0,0,1,0,0
9807498,1,1,0,0,0,1,3
9707250,4,2,2,3,0,4,20
202107,11,2,9,10,0,11,37
9710240,1,1,0,0,0,1,5
9125,3,3,0,0,0,3,27
9305324,7,4,3,6,4,3,4
9809483,42,5,37,143,2,40,166
9505285,32,10,22,64,20,12,12
9301232,24,4,20,62,0,24,24
9604279,14,3,11,21,1,13,34
9604333,9,2,7,29,0,9,22
9904417,4,3,1,1,0,4,9
6184,5,1,4,7,1,4,13
9606407,1,1,0,0,0,1,1
11059,5,1,4,7,0,5,55
109066,13,4,9,20,0,13,40
9407381,7,2,5,12,1,6,27
9911369,13,1,12,38,1,12,50
9311264,12,7,5,5,12,0,0
9610407,13,1,12,31,0,13,34
9101,8,4,4,5,0,8,19
111043,0,0,0,0,0,0,0
109120,7,3,4,7,0,7,34
10245,12,5,7,10,0,12,40
9807214,3,2,1,1,0,3,15
9903407,10,2,8,17,0,10,91
107268,18,3,15,43,0,18,111
9606414,1,1,0,0,0,1,4
103213,2,1,1,1,0,2,10
8232,8,3,5,6,1,7,55
110366,16,6,10,22,0,16,29
8177,1,1,0,0,0,1,3
9311247,36,8,28,119,36,0,0
112337,2,1,1,1,0,2,14
9501251,20,2,18,66,3,17,27
9804309,19,2,17,34,3,16,32
9205237,29,6,23,69,29,0,0
9405212,5,3,2,3,3,2,2
9902302,5,5,0,0,1,4,11
9709453,24,6,18,59,4,20,70
101306,3,3,0,0,0,3,17
9712256,4,4,0,0,0,4,29
9409401,4,1,3,4,1,3,4
9808295,1,1,0,0,0,1,1
101088,2,1,1,1,0,2,17
9708405,8,6,2,3,0,8,39
111028,12,6,6,9,1,11,30
9512358,8,4,4,9,1,7,9
9506329,10,2,8,22,2,8,16
9405216,5,4,1,1,2,3,3
9807488,8,5,3,4,0,8,20
9306288,1,1,0,0,1,0,0
9603313,9,3,6,20,0,9,28
9805510,2,1,1,1,2,0,0
9906319,42,4,38,308,2,40,58
9409225,14,6,8,26,11,3,3
8251,0,0,0,0,0,0,0
9712383,2,1,1,1,2,0,0
211008,1,1,0,0,0,1,3
9707505,9,4,5,9,0,9,49
6249,1,1,0,0,0,1,4
9703372,10,4,6,7,0,10,55
209249,0,0,0,0,0,0,0
9902303,14,3,11,22,4,10,31
109069,0,0,0,0,0,0,0
9906480,3,3,0,0,0,3,40
9707243,6,1,5,9,2,4,8
9909305,14,4,10,26,1,13,64
4012,1,1,0,0,0,1,10
9705223,8,3,5,10,0,8,21
9605411,4,1,3,4,0,4,7
9608360,3,1,2,2,0,3,6
9707308,5,3,2,3,0,5,13
9612252,21,1,20,93,0,21,173
201242,6,1,5,9,0,6,13
9811414,6,4,2,3,0,6,20
202114,1,1,0,0,0,1,3
9504250,13,4,9,28,3,10,18
9411330,12,1,11,30,1,11,35
9611322,8,3,5,16,0,8,9
9708436,4,2,2,2,2,2,5
9512337,6,2,4,5,2,4,12
9505355,9,5,4,7,9,0,0
9709302,6,6,0,0,0,6,10
9710337,23,4,19,70,5,18,18
9806441,19,4,15,59,1,18,52
9410236,9,3,6,7,2,7,20
109114,0,0,0,0,0,0,0
111044,9,4,5,10,0,9,37
105155,3,3,0,0,0,3,18
9711417,2,2,0,0,0,2,7
9503459,1,1,0,0,0,1,2
9810273,7,2,5,10,0,7,55
9812303,4,2,2,2,0,4,30
9706367,3,2,1,1,0,3,7
9309301,2,2,0,0,0,2,5
9511266,2,1,1,1,0,2,7
9801333,4,4,0,0,0,4,13
9805321,1,1,0,0,1,0,0
101230,8,4,4,6,0,8,124
8331,1,1,0,0,0,1,5
9606308,3,2,1,1,0,3,3
205099,2,1,1,1,0,2,26
12085,11,3,8,19,0,11,130
9709366,5,3,2,2,0,5,7
9501316,1,1,0,0,1,0,0
9604426,2,1,1,1,0,2,4
9801328,3,1,2,2,0,3,13
107165,34,6,28,110,1,33,358
210241,1,1,0,0,0,1,3
109154,7,2,5,9,0,7,66
7069,10,5,5,7,6,4,5
9511305,5,2,3,4,0,5,16
9601215,3,2,1,1,3,0,0
9402245,1,1,0,0,1,0,0
202122,7,5,2,2,0,7,61
9604341,5,1,4,6,5,0,0
202083,1,1,0,0,0,1,1
9912289,6,3,3,5,0,6,14
9604245,2,2,0,0,2,0,0
9411379,6,3,3,3,1,5,5
9903467,1,1,0,0,0,1,6
9502286,14,5,9,24,0,14,57
9605355,1,1,0,0,0,1,6
9611206,11,1,10,19,5,6,6
211281,1,1,0,0,0,1,5
9601350,6,5,1,2,6,0,0
9411257,3,3,0,0,0,3,8
9710267,4,1,3,6,0,4,18
12305,6,2,4,5,0,6,45
9912364,6,3,3,4,0,6,38
9709474,3,1,2,2,1,2,4
9907542,8,3,5,16,0,8,23
9512301,4,1,3,5,0,4,10
111432,16,4,12,29,1,15,60
101132,9,4,5,8,1,8,66
3114,20,4,16,49,0,20,70
10148,22,3,19,57,7,15,23
9306232,5,2,3,3,5,0,0
209117,2,1,1,1,0,2,27
6343,3,1,2,3,0,3,6
9408260,12,4,8,16,2,10,10
9411217,31,1,30,127,7,24,45
8157,3,3,0,0,0,3,8
9303269,2,1,1,1,2,0,0
9611264,6,2,4,7,0,6,28
9707271,3,2,1,1,0,3,13
212015,0,0,0,0,0,0,0
9811276,4,2,2,2,1,3,6
9903328,12,3,9,20,0,12,73
108199,12,1,11,30,1,11,23
7335,10,3,7,13,0,10,51
111226,0,0,0,0,0,0,0
7004,8,4,4,5,0,8,19
212161,1,1,0,0,0,1,12
9803263,4,3,1,1,0,4,9
9509366,3,2,1,1,0,3,3
9706406,3,2,1,1,0,3,12
9504286,1,1,0,0,0,1,2
9903301,0,0,0,0,0,0,0
9903427,4,1,3,5,0,4,4
201308,13,4,9,22,0,13,102
9902446,3,1,2,3,0,3,8
9607349,7,4,3,5,3,4,5
9709355,1,1,0,0,0,1,4
9409459,5,2,3,3,0,5,5
9606377,8,2,6,13,0,8,25
9507236,4,1,3,5,0,4,5
12379,17,4,13,31,4,13,22
210182,3,2,1,1,0,3,42
211290,2,1,1,1,0,2,5
9809341,10,6,4,7,3,7,7
9907453,1,1,0,0,0,1,4
9612256,5,1,4,9,0,5,15
9511458,1,1,0,0,0,1,1
110164,1,1,0,0,0,1,7
9908471,1,1,0,0,0,1,2
9705333,16,4,12,48,1,15,52
111037,1,1,0,0,0,1,16
9708394,1,1,0,0,1,0,0
9508319,7,1,6,13,7,0,0
9403218,6,4,2,2,6,0,0
7198,15,11,4,4,14,1,1
9610315,4,2,2,4,0,4,11
9911485,3,2,1,1,0,3,3
9503241,13,3,10,17,3,10,18
9804222,5,5,0,0,0,5,17
9711486,7,3,4,8,1,6,10
101201,6,2,4,7,0,6,15
9806439,1,1,0,0,1,0,0
9405244,3,3,0,0,0,3,11
202013,6,2,4,5,0,6,31
9903439,12,8,4,6,2,10,57
9612231,8,2,6,9,0,8,56
9509310,2,2,0,0,0,2,4
109179,3,3,0,0,0,3,37
9805489,1,1,0,0,0,1,2
9703320,8,2,6,14,0,8,44
9805463,2,2,0,0,0,2,7
9909371,2,2,0,0,1,1,5
104080,4,3,1,1,1,3,4
9502411,2,1,1,1,0,2,2
9310327,6,6,0,0,1,5,5
5306,2,2,0,0,0,2,5
9805384,6,2,4,6,0,6,18
9803281,0,0,0,0,0,0,0
9608457,1,1,0,0,0,1,4
9808225,11,3,8,13,1,10,34
111137,6,1,5,14,0,6,20
9207205,3,3,0,0,3,0,0
9311358,1,1,0,0,1,0,0
9412335,2,1,1,1,0,2,4
9609484,1,1,0,0,0,1,1
9509386,2,1,1,1,2,0,0
9705450,2,2,0,0,1,1,2
8280,8,3,5,7,0,8,129
203012,0,0,0,0,0,0,0
9912356,6,3,3,6,0,6,14
9702377,0,0,0,0,0,0,0
6218,0,0,0,0,0,0,0
9711226,2,2,0,0,1,1,1
9708336,7,2,5,6,7,0,0
9405235,3,3,0,0,0,3,7
111105,0,0,0,0,0,0,0
2191,2,1,1,1,0,2,33
202199,2,1,1,1,0,2,25
9805454,1,1,0,0,0,1,2
8141,7,2,5,9,1,6,16
9708259,1,1,0,0,0,1,1
9711448,0,0,0,0,0,0,0
8252,3,2,1,1,1,2,2
9907294,4,2,2,3,0,4,23
11004,1,1,0,0,0,1,5
9710467,1,1,0,0,0,1,3
103094,1,1,0,0,0,1,1
9908208,4,3,1,2,0,4,21
9612458,6,1,5,6,0,6,20
209072,1,1,0,0,0,1,5
201018,4,4,0,0,0,4,11
9807302,5,3,2,2,1,4,6
11342,1,1,0,0,0,1,1
112210,3,3,0,0,0,3,25
203131,7,5,2,2,0,7,52
9910412,1,1,0,0,0,1,4
9910403,7,1,6,11,0,7,20
9905287,9,5,4,5,0,9,45
9408317,9,4,5,14,9,0,0
212393,0,0,0,0,0,0,0
4141,1,1,0,0,0,1,5
1227,4,2,2,2,2,2,2
9606425,4,2,2,2,2,2,2
7272,9,3,6,8,0,9,24
9307305,1,1,0,0,1,0,0
9407225,1,1,0,0,0,1,3
9405376,2,2,0,0,2,0,0
9510440,1,1,0,0,0,1,4
101233,0,0,0,0,0,0,0
9407269,3,3,0,0,3,0,0
9807399,7,1,6,8,1,6,8
111311,8,2,6,16,5,3,3
9602412,7,5,2,3,0,7,14
5163,2,1,1,1,0,2,11
9904447,2,1,1,1,0,2,2
9703400,6,2,4,5,6,0,0
9907273,5,4,1,1,5,0,0
9710415,9,2,7,16,1,8,34
203135,14,8,6,7,1,13,62
9603398,4,2,2,2,4,0,0
9709491,0,0,0,0,0,0,0
9612325,5,2,3,5,1,4,13
9905506,0,0,0,0,0,0,0
9710273,0,0,0,0,0,0,0
202223,3,1,2,3,0,3,10
9404208,0,0,0,0,0,0,0
9904445,1,1,0,0,0,1,5
9707419,3,1,2,2,3,0,0
212211,0,0,0,0,0,0,0
9709504,1,1,0,0,1,0,0
208154,0,0,0,0,0,0,0
107135,4,1,3,5,0,4,40
210048,1,1,0,0,0,1,11
101128,3,3,0,0,0,3,14
9611256,3,2,1,1,2,1,1
9505354,1,1,0,0,0,1,3
9904429,4,1,3,4,4,0,0
9710376,6,3,3,4,1,5,5
9302253,1,1,0,0,1,0,0
9802403,3,2,1,1,0,3,12
107294,3,2,1,1,3,0,0
111093,5,3,2,2,0,5,41
9909307,2,1,1,1,0,2,15
9610205,2,1,1,1,0,2,7
4125,0,0,0,0,0,0,0
9608357,4,1,3,6,0,4,16
9802419,15,7,8,21,0,15,129
9810201,4,3,1,1,0,4,5
9311251,0,0,0,0,0,0,0
210305,1,1,0,0,0,1,10
9607457,2,1,1,1,0,2,5
12161,0,0,0,0,0,0,0
9502383,0,0,0,0,0,0,0
9801334,0,0,0,0,0,0,0
9908228,3,2,1,1,0,3,14
204131,1,1,0,0,0,1,1
107111,3,2,1,1,0,3,28
9610430,5,1,4,6,0,5,14
9507221,1,1,0,0,1,0,0
9507357,0,0,0,0,0,0,0
110133,1,1,0,0,0,1,12
9904426,0,0,0,0,0,0,0
9308290,4,3,1,1,1,3,3
9607353,6,1,5,9,0,6,17
9711283,0,0,0,0,0,0,0
9905416,2,1,1,1,0,2,10
208224,1,1,0,0,0,1,4
10213,1,1,0,0,0,1,8
9908251,1,1,0,0,1,0,0
1248,3,2,1,1,2,1,1
106312,4,1,3,5,0,4,6
108223,1,1,0,0,0,1,2
9809354,2,1,1,1,0,2,3
6247,0,0,0,0,0,0,0
9711207,0,0,0,0,0,0,0
9611237,4,3,1,1,0,4,7
9501206,5,1,4,5,5,0,0
9408318,2,2,0,0,2,0,0
207032,0,0,0,0,0,0,0
6277,4,3,1,1,0,4,14
207294,2,2,0,0,1,1,2
7063,1,1,0,0,0,1,3
102335,2,1,1,1,0,2,4
105141,8,4,4,8,0,8,43
9806397,4,3,1,1,0,4,18
9709373,4,1,3,5,4,0,0
9510407,8,2,6,15,0,8,35
9910331,1,1,0,0,0,1,2
206125,0,0,0,0,0,0,0
9503424,1,1,0,0,1,0,0
9509390,1,1,0,0,0,1,1
9710466,1,1,0,0,0,1,2
9901387,4,2,2,3,0,4,22
8307,1,1,0,0,0,1,2
4033,4,4,0,0,0,4,35
109250,0,0,0,0,0,0,0
9211331,2,2,0,0,2,0,0
9906264,0,0,0,0,0,0,0
3252,0,0,0,0,0,0,0
9608400,1,1,0,0,0,1,5
104039,3,3,0,0,0,3,18
201275,2,2,0,0,1,1,2
102053,5,4,1,1,2,3,21
11065,0,0,0,0,0,0,0
9251,5,1,4,7,0,5,16
3307,6,1,5,5,0,6,20
9901414,1,1,0,0,1,0,0
9905330,2,2,0,0,0,2,26
9603309,0,0,0,0,0,0,0
9902231,2,2,0,0,0,2,8
11009,2,1,1,1,1,1,1
9509211,5,5,0,0,2,3,4
111127,1,1,0,0,0,1,2
9910512,2,1,1,1,0,2,3
9603316,3,2,1,1,3,0,0
9601250,0,0,0,0,0,0,0
112246,1,1,0,0,0,1,6
206015,7,3,4,7,1,6,18
111229,3,3,0,0,0,3,18
201277,0,0,0,0,0,0,0
109274,3,1,2,2,0,3,6
104183,3,2,1,2,0,3,5
108187,4,3,1,1,0,4,22
9503239,4,1,3,6,3,1,1
9711474,2,1,1,1,0,2,6
2093,1,1,0,0,0,1,1
111246,0,0,0,0,0,0,0
12094,2,2,0,0,0,2,11
11043,1,1,0,0,0,1,2
9503305,2,2,0,0,2,0,0
9806536,1,1,0,0,1,0,0
9905328,1,1,0,0,0,1,11
109019,0,0,0,0,0,0,0
9712334,1,1,0,0,1,0,0
6313,1,1,0,0,1,0,0
6222,3,2,1,1,0,3,7
203239,2,2,0,0,0,2,8
9502244,2,2,0,0,2,0,0
107084,0,0,0,0,0,0,0
12122,0,0,0,0,0,0,0
105045,1,1,0,0,0,1,15
6261,0,0,0,0,0,0,0
9211285,2,2,0,0,2,0,0
102100,0,0,0,0,0,0,0
9905420,0,0,0,0,0,0,0
209158,3,3,0,0,0,3,14
107174,0,0,0,0,0,0,0
9603427,0,0,0,0,0,0,0
9809308,2,2,0,0,2,0,0
9909421,0,0,0,0,0,0,0
9407354,4,3,1,1,4,0,0
210016,0,0,0,0,0,0,0
9807276,2,1,1,1,0,2,2
9507325,1,1,0,0,0,1,1
204165,2,2,0,0,0,2,4
9809335,0,0,0,0,0,0,0
9704444,2,1,1,1,0,2,7
9401330,6,6,0,0,6,0,0
9509396,2,2,0,0,0,2,2
101351,3,2,1,2,0,3,28
9701298,1,1,0,0,0,1,11
207133,3,3,0,0,0,3,28
12253,3,2,1,1,0,3,7
9602243,3,2,1,1,1,2,4
9712380,1,1,0,0,0,1,2
9707428,1,1,0,0,0,1,1
4140,3,3,0,0,0,3,14
9408241,2,1,1,1,2,0,0
8182,1,1,0,0,0,1,3
206033,3,3,0,0,0,3,25
205342,1,1,0,0,0,1,26
9912294,1,1,0,0,0,1,1
9802397,5,1,4,7,2,3,3
9809365,7,1,6,8,1,6,16
12163,0,0,0,0,0,0,0
9709277,4,2,2,2,0,4,11
206065,1,1,0,0,0,1,15
204300,0,0,0,0,0,0,0
1296,1,1,0,0,0,1,10
1066,0,0,0,0,0,0,0
9905510,1,1,0,0,1,0,0
9909303,1,1,0,0,0,1,6
111046,4,1,3,5,0,4,7
203275,5,3,2,5,0,5,13
205020,0,0,0,0,0,0,0
9908399,3,3,0,0,0,3,18
301119,0,0,0,0,0,0,0
9411348,0,0,0,0,0,0,0
9210274,1,1,0,0,1,0,0
8270,2,2,0,0,0,2,10
9811336,0,0,0,0,0,0,0
9321,1,1,0,0,0,1,10
202069,3,1,2,2,0,3,19
9511268,2,1,1,1,1,1,1
9502375,1,1,0,0,1,0,0
9805361,4,2,2,4,0,4,28
9503212,3,3,0,0,3,0,0
102041,0,0,0,0,0,0,0
5010,0,0,0,0,0,0,0
9808373,1,1,0,0,0,1,5
9503420,7,4,3,4,7,0,0
9309308,1,1,0,0,1,0,0
7325,6,1,5,10,0,6,32
210403,1,1,0,0,0,1,2
9301235,1,1,0,0,1,0,0
9901330,1,1,0,0,0,1,10
205015,0,0,0,0,0,0,0
106211,4,3,1,1,1,3,10
9802283,1,1,0,0,0,1,1
9405321,0,0,0,0,0,0,0
207276,1,1,0,0,0,1,8
9906410,2,1,1,1,0,2,4
204128,4,2,2,4,0,4,29
109015,0,0,0,0,0,0,0
9405293,0,0,0,0,0,0,0
9211243,2,2,0,0,2,0,0
9604422,0,0,0,0,0,0,0
9702401,3,3,0,0,2,1,2
9904216,3,1,2,3,2,1,1
110338,1,1,0,0,0,1,1
9401318,1,1,0,0,1,0,0
9906429,2,1,1,1,0,2,15
9907530,1,1,0,0,0,1,4
9711273,1,1,0,0,1,0,0
9501403,1,1,0,0,0,1,2
201106,1,1,0,0,0,1,9
9709461,1,1,0,0,1,0,0
9610312,2,2,0,0,2,0,0
9140,2,1,1,1,0,2,33
207370,1,1,0,0,0,1,10
9909573,1,1,0,0,0,1,1
108089,1,1,0,0,0,1,1
210312,0,0,0,0,0,0,0
11041,1,1,0,0,1,0,0
205301,1,1,0,0,0,1,4
11165,5,2,3,5,0,5,13
9807546,2,2,0,0,1,1,2
9504315,0,0,0,0,0,0,0
104314,0,0,0,0,0,0,0
9507316,2,2,0,0,2,0,0
110239,1,1,0,0,0,1,1
205180,1,1,0,0,0,1,2
9905301,1,1,0,0,0,1,3
210232,1,1,0,0,0,1,1
210095,1,1,0,0,0,1,1
9910548,0,0,0,0,0,0,0
9805237,1,1,0,0,0,1,5
201215,0,0,0,0,0,0,0
4073,0,0,0,0,0,0,0
9318,2,2,0,0,1,1,2
106093,2,2,0,0,0,2,8
210080,0,0,0,0,0,0,0
9808397,1,1,0,0,1,0,0
102330,0,0,0,0,0,0,0
10346,0,0,0,0,0,0,0
107077,2,2,0,0,1,1,3
9911491,3,1,2,2,0,3,19
107216,2,2,0,0,0,2,13
9903494,0,0,0,0,0,0,0
103336,2,1,1,1,1,1,1
9912202,2,1,1,1,0,2,4
9712521,0,0,0,0,0,0,0
112070,0,0,0,0,0,0,0
9610248,0,0,0,0,0,0,0
203170,0,0,0,0,0,0,0
9504366,0,0,0,0,0,0,0
9603323,0,0,0,0,0,0,0
9504266,1,1,0,0,0,1,1
9510307,0,0,0,0,0,0,0
204032,1,1,0,0,1,0,0
210153,0,0,0,0,0,0,0
204235,0,0,0,0,0,0,0
9308346,2,1,1,1,2,0,0
8318,1,1,0,0,0,1,6
105256,0,0,0,0,0,0,0
9509394,0,0,0,0,0,0,0
301051,0,0,0,0,0,0,0
210250,0,0,0,0,0,0,0
9711255,1,1,0,0,0,1,1
9802437,0,0,0,0,0,0,0
203032,3,2,1,1,0,3,20
208146,1,1,0,0,0,1,1
9708391,4,3,1,1,0,4,20
9803283,4,2,2,3,0,4,14
9603432,0,0,0,0,0,0,0
9606436,2,1,1,1,2,0,0
6109,0,0,0,0,0,0,0
9904326,2,2,0,0,1,1,1
207035,1,1,0,0,0,1,3
212335,0,0,0,0,0,0,0
201156,3,2,1,1,0,3,34
301023,0,0,0,0,0,0,0
210224,2,1,1,1,0,2,8
211016,0,0,0,0,0,0,0
9901390,2,2,0,0,2,0,0
212382,0,0,0,0,0,0,0
12180,1,1,0,0,1,0,0
9809358,2,2,0,0,0,2,9
9803211,0,0,0,0,0,0,0
209254,0,0,0,0,0,0,0
9710215,0,0,0,0,0,0,0
9404328,2,2,0,0,2,0,0
9602289,0,0,0,0,0,0,0
207143,2,2,0,0,2,0,0
9410275,1,1,0,0,0,1,1
110413,1,1,0,0,0,1,2
207071,1,1,0,0,0,1,7
12240,2,1,1,1,0,2,6
9907412,0,0,0,0,0,0,0
9808282,0,0,0,0,0,0,0
9511229,0,0,0,0,0,0,0
209280,1,1,0,0,0,1,4
9910368,0,0,0,0,0,0,0
9907565,0,0,0,0,0,0,0
9911359,0,0,0,0,0,0,0
9407306,0,0,0,0,0,0,0
103247,0,0,0,0,0,0,0
212171,0,0,0,0,0,0,0
201060,0,0,0,0,0,0,0
211454,0,0,0,0,0,0,0
9705342,0,0,0,0,0,0,0
9505351,1,1,0,0,1,0,0
108143,1,1,0,0,0,1,6
111429,0,0,0,0,0,0,0
110143,1,1,0,0,1,0,0
8011,0,0,0,0,0,0,0
9810317,0,0,0,0,0,0,0
9903530,1,1,0,0,0,1,5
7168,0,0,0,0,0,0,0
9205215,1,1,0,0,1,0,0
8096,0,0,0,0,0,0,0
210149,0,0,0,0,0,0,0
9503342,0,0,0,0,0,0,0
9908402,0,0,0,0,0,0,0
9709361,0,0,0,0,0,0,0
12186,0,0,0,0,0,0,0
9902433,0,0,0,0,0,0,0
209175,1,1,0,0,0,1,8
10045,0,0,0,0,0,0,0
9808323,0,0,0,0,0,0,0
103134,0,0,0,0,0,0,0
9707498,0,0,0,0,0,0,0
211334,2,2,0,0,1,1,8
9259,0,0,0,0,0,0,0
9909273,1,1,0,0,0,1,5
201062,0,0,0,0,0,0,0
9712227,0,0,0,0,0,0,0
202207,1,1,0,0,0,1,3
9310354,0,0,0,0,0,0,0
105248,0,0,0,0,0,0,0
9611379,0,0,0,0,0,0,0
9605380,0,0,0,0,0,0,0
9707414,0,0,0,0,0,0,0
9704365,0,0,0,0,0,0,0
9308285,0,0,0,0,0,0,0
203018,0,0,0,0,0,0,0
9906202,1,1,0,0,0,1,2
207304,0,0,0,0,0,0,0
206002,1,1,0,0,1,0,0
9307372,1,1,0,0,1,0,0
9812453,1,1,0,0,0,1,1
108206,0,0,0,0,0,0,0
211263,0,0,0,0,0,0,0
9502326,0,0,0,0,0,0,0
9511296,0,0,0,0,0,0,0
205021,0,0,0,0,0,0,0
111300,0,0,0,0,0,0,0
9910326,2,1,1,1,2,0,0
9409242,0,0,0,0,0,0,0
9903433,0,0,0,0,0,0,0
1105,0,0,0,0,0,0,0
212299,0,0,0,0,0,0,0
9810434,1,1,0,0,1,0,0
9911236,0,0,0,0,0,0,0
104241,0,0,0,0,0,0,0
301140,0,0,0,0,0,0,0
9310339,1,1,0,0,0,1,1
9406308,2,2,0,0,2,0,0
210236,3,3,0,0,0,3,80
9605300,1,1,0,0,1,0,0
204217,1,1,0,0,0,1,1
202173,0,0,0,0,0,0,0
210412,0,0,0,0,0,0,0
9906528,1,1,0,0,1,0,0
9612281,0,0,0,0,0,0,0
9606258,2,2,0,0,2,0,0
11300,1,1,0,0,0,1,4
103116,0,0,0,0,0,0,0
204030,0,0,0,0,0,0,0
209044,1,1,0,0,0,1,2
211339,0,0,0,0,0,0,0
205330,0,0,0,0,0,0,0
9612418,1,1,0,0,0,1,1
9507390,0,0,0,0,0,0,0
9507360,1,1,0,0,1,0,0
104082,1,1,0,0,0,1,3
8015,0,0,0,0,0,0,0
110061,1,1,0,0,1,0,0
302259,0,0,0,0,0,0,0
211067,0,0,0,0,0,0,0
5252,0,0,0,0,0,0,0
9705355,1,1,0,0,0,1,4
9409395,1,1,0,0,1,0,0
204026,0,0,0,0,0,0,0
9905322,0,0,0,0,0,0,0
9607391,1,1,0,0,1,0,0
202052,0,0,0,0,0,0,0
2159,0,0,0,0,0,0,0
9803404,0,0,0,0,0,0,0
211098,0,0,0,0,0,0,0
110371,2,2,0,0,0,2,9
8244,0,0,0,0,0,0,0
9602222,0,0,0,0,0,0,0
9802249,0,0,0,0,0,0,0
201279,0,0,0,0,0,0,0
11042,1,1,0,0,0,1,2
206165,0,0,0,0,0,0,0
9506460,0,0,0,0,0,0,0
302184,1,1,0,0,0,1,10
9503382,0,0,0,0,0,0,0
5307,0,0,0,0,0,0,0
9912374,0,0,0,0,0,0,0
9307308,0,0,0,0,0,0,0
9903271,0,0,0,0,0,0,0
106242,0,0,0,0,0,0,0
9608370,0,0,0,0,0,0,0
9906279,0,0,0,0,0,0,0
201096,0,0,0,0,0,0,0
3244,1,1,0,0,0,1,11
208008,0,0,0,0,0,0,0
9212234,1,1,0,0,1,0,0
211270,0,0,0,0,0,0,0
206176,0,0,0,0,0,0,0
210059,0,0,0,0,0,0,0
11400,1,1,0,0,1,0,0
9609435,0,0,0,0,0,0,0
12132,0,0,0,0,0,0,0
9410301,0,0,0,0,0,0,0
9507346,3,2,1,1,3,0,0
110172,0,0,0,0,0,0,0
9611405,0,0,0,0,0,0,0
12335,0,0,0,0,0,0,0
211193,1,1,0,0,0,1,4
106224,0,0,0,0,0,0,0
9610216,0,0,0,0,0,0,0
9604427,0,0,0,0,0,0,0
9503308,0,0,0,0,0,0,0
210443,0,0,0,0,0,0,0
9503302,0,0,0,0,0,0,0
207062,0,0,0,0,0,0,0
9912349,0,0,0,0,0,0,0
10085,1,1,0,0,1,0,0
9908503,0,0,0,0,0,0,0
9903223,0,0,0,0,0,0,0
210283,2,1,1,1,0,2,37
105201,0,0,0,0,0,0,0
212177,0,0,0,0,0,0,0
9504249,0,0,0,0,0,0,0
9501264,0,0,0,0,0,0,0
112187,0,0,0,0,0,0,0
211102,0,0,0,0,0,0,0
10076,0,0,0,0,0,0,0
9609461,0,0,0,0,0,0,0
3288,0,0,0,0,0,0,0
210294,0,0,0,0,0,0,0
107293,0,0,0,0,0,0,0
107092,0,0,0,0,0,0,0
7147,0,0,0,0,0,0,0
9607444,0,0,0,0,0,0,0
9801452,0,0,0,0,0,0,0
9301,0,0,0,0,0,0,0
301152,0,0,0,0,0,0,0
9505202,0,0,0,0,0,0,0
9704289,0,0,0,0,0,0,0
9909328,0,0,0,0,0,0,0
212230,0,0,0,0,0,0,0
205303,1,1,0,0,0,1,7
201169,0,0,0,0,0,0,0
9807314,0,0,0,0,0,0,0
9705353,0,0,0,0,0,0,0
9904343,0,0,0,0,0,0,0
211202,0,0,0,0,0,0,0
205119,0,0,0,0,0,0,0
9812329,0,0,0,0,0,0,0
9506362,0,0,0,0,0,0,0
204053,0,0,0,0,0,0,0
8142,0,0,0,0,0,0,0
5187,1,1,0,0,1,0,0
9502233,1,1,0,0,1,0,0
211278,0,0,0,0,0,0,0
9710527,0,0,0,0,0,0,0
9309207,0,0,0,0,0,0,0
9804292,0,0,0,0,0,0,0
11085,0,0,0,0,0,0,0
211238,0,0,0,0,0,0,0
9708451,0,0,0,0,0,0,0
9712403,0,0,0,0,0,0,0
10242,0,0,0,0,0,0,0
9608353,0,0,0,0,0,0,0
9911320,0,0,0,0,0,0,0
212287,0,0,0,0,0,0,0
9503474,9,4,5,10,5,4,4
5006,38,2,36,147,0,38,196
9408404,118,8,110,1128,45,73,85
7085,22,1,21,110,0,22,139
9811472,47,2,45,314,1,46,289
9409255,21,3,18,98,9,12,28
9505429,11,3,8,20,6,5,9
9609326,15,6,9,20,0,15,69
8065,4,2,2,3,0,4,21
9605345,27,5,22,93,3,24,52
9903394,11,3,8,20,4,7,16
108041,8,6,2,2,0,8,47
9506427,27,10,17,51,0,27,77
9810367,22,4,18,48,0,22,75
201227,3,2,1,1,0,3,11
9512313,4,1,3,4,0,4,14
9903404,51,10,41,203,2,49,474
9403398,26,6,20,57,6,20,53
9302247,50,11,39,138,45,5,5
9411377,29,1,28,115,29,0,0
9410232,24,4,20,81,1,23,105
9311326,20,3,17,47,20,0,0
9602364,9,6,3,3,1,8,36
9705339,81,11,70,267,36,45,79
9907234,47,7,40,205,2,45,570
9910516,16,4,12,38,0,16,86
9904465,14,4,10,18,3,11,18
9807386,34,5,29,151,0,34,140
9904303,16,2,14,35,1,15,54
9903481,27,3,24,112,10,17,53
9211320,40,6,34,176,40,0,0
9502400,15,4,11,22,15,0,0
9711416,4,1,3,4,4,0,0
9406241,28,1,27,119,28,0,0
9411219,18,3,15,46,15,3,8
9408333,32,2,30,118,13,19,48
9801321,7,2,5,14,2,5,5
9805427,21,4,17,71,0,21,134
9302223,31,4,27,140,31,0,0
9907435,12,3,9,28,1,11,63
9501277,68,16,52,151,26,42,66
9503264,62,2,60,340,12,50,89
9609443,54,7,47,249,2,52,101
9408315,15,3,12,42,15,0,0
201137,2,2,0,0,1,1,6
105306,0,0,0,0,0,0,0
9804319,57,5,52,355,0,57,481
7313,16,4,12,23,0,16,240
12001,21,3,18,75,2,19,47
9604452,79,4,75,603,0,79,277
9702410,8,1,7,12,0,8,32
9712499,26,3,23,74,2,24,246
9410413,3,3,0,0,0,3,3
103305,11,3,8,22,0,11,114
9308246,213,9,204,1671,49,164,230
9805337,11,2,9,23,4,7,24
9806501,14,3,11,20,2,12,25
9903477,16,5,11,16,2,14,39
9705253,66,3,63,396,0,66,438
9708305,25,7,18,52,0,25,86
9704304,7,5,2,5,1,6,9
9810386,23,10,13,21,9,14,20
9709232,28,5,23,55,2,26,113
9307369,6,2,4,5,6,0,0
9704268,19,6,13,33,1,18,109
9806292,194,3,191,2260,3,191,655
9303317,73,5,68,809,12,61,120
9504427,29,2,27,139,3,26,135
9504349,21,5,16,45,21,0,0
9804296,2,2,0,0,0,2,8
9512328,60,2,58,349,15,45,129
9310276,29,11,18,80,20,9,9
3028,6,2,4,6,0,6,9
9712371,12,2,10,30,3,9,10
9610450,7,3,4,5,2,5,9
9810440,10,4,6,12,10,0,0
9703305,22,1,21,83,6,16,33
9904348,18,3,15,35,0,18,86
9803322,3,2,1,1,3,0,0
9703446,5,2,3,3,0,5,23
9311325,107,10,97,450,19,88,140
9804416,9,3,6,13,0,9,51
9310285,33,7,26,113,1,32,81
9410387,54,5,49,289,5,49,138
5039,3,2,1,1,0,3,6
9302224,38,6,32,219,17,21,21
9302208,28,5,23,55,25,3,3
9906446,15,3,12,24,0,15,107
9408344,41,5,36,209,34,7,7
9801435,6,4,2,4,3,3,5
105183,0,0,0,0,0,0,0
9401317,19,5,14,54,19,0,0
9907545,16,4,12,36,0,16,130
9505257,2,1,1,1,0,2,9
9910344,11,3,8,14,1,10,22
9612264,19,4,15,47,3,16,46
9808474,3,1,2,3,0,3,3
9905283,13,2,11,30,3,10,29
9809480,17,10,7,14,17,0,0
9806404,34,10,24,64,29,5,5
109135,9,2,7,18,0,9,116
9906551,51,4,47,405,1,50,511
9401303,7,1,6,6,2,5,13
9812515,7,2,5,11,0,7,25
112206,13,5,8,26,0,13,115
206029,4,1,3,5,0,4,10
9905487,38,1,37,221,0,38,154
9405314,6,2,4,6,0,6,6
9511289,11,1,10,29,11,0,0
9307347,35,6,29,175,35,0,0
9903448,52,3,49,323,1,51,123
9705361,17,3,14,66,4,13,13
9710329,5,1,4,6,0,5,20
9406257,4,4,0,0,4,0,0
9404212,25,5,20,75,10,15,15
9609420,13,4,9,26,6,7,29
9511385,28,2,26,99,1,27,36
9912463,29,3,26,87,0,29,206
9610229,45,3,42,322,3,42,118
9907400,21,3,18,46,0,21,170
9707451,15,2,13,34,0,15,82
9209207,8,3,5,8,8,0,0
9902467,107,2,105,878,3,104,493
9609339,25,9,16,40,5,20,59
9505298,25,7,18,62,1,24,84
9501222,20,6,14,31,8,12,15
9907447,108,9,99,603,0,108,363
9902399,19,4,15,91,12,7,7
9601293,11,2,9,21,0,11,86
9609307,10,2,8,16,0,10,42
2186,25,7,18,32,0,25,126
3220,22,2,20,54,0,22,128
9910242,45,9,36,109,45,0,0
9703234,2,1,1,1,0,2,31
9610233,64,3,61,672,2,62,238
102199,35,3,32,279,0,35,245
9912490,13,8,5,11,0,13,55
107316,18,4,14,33,0,18,196
9609524,20,3,17,27,2,18,99
9501365,7,1,6,13,0,7,15
3154,3,2,1,1,0,3,37
9409454,22,2,20,70,16,6,6
9910286,34,4,30,102,5,29,92
9909395,3,2,1,1,0,3,19
9608398,6,3,3,4,0,6,10
11241,76,4,72,512,0,76,1051
102241,35,9,26,109,1,34,129
9807262,7,1,6,12,1,6,24
9706518,4,2,2,3,4,0,0
9312318,37,4,33,105,32,5,5
9707263,27,3,24,83,0,27,121
9904504,33,4,29,124,0,33,434
9908530,12,4,8,17,0,12,79
104285,16,6,10,18,1,15,201
9705470,14,2,12,50,0,14,28
211144,2,2,0,0,1,1,7
9602417,14,4,10,25,14,0,0
9809429,11,3,8,11,1,10,75
1031,37,4,33,184,8,29,76
105336,13,4,9,22,0,13,48
9706344,78,3,75,477,7,71,219
9403318,29,5,24,72,2,27,47
103104,9,4,5,7,1,8,63
11095,5,1,4,7,0,5,23
202155,9,3,6,7,0,9,82
202023,8,1,7,11,0,8,56
9411241,15,4,11,30,6,9,24
9602206,17,6,11,25,0,17,143
9307226,10,4,6,9,10,0,0
9707407,10,4,6,9,0,10,54
9907203,9,1,8,26,0,9,22
9910205,23,5,18,55,2,21,84
9812488,15,4,11,22,3,12,34
204101,17,3,14,49,0,17,360
9904321,7,2,5,7,0,7,58
9402299,8,2,6,10,1,7,45
9607332,20,8,12,24,5,15,46
9812448,177,4,173,1556,177,0,0
9406386,86,7,79,663,30,56,81
9305260,15,4,11,39,15,0,0
9609285,11,5,6,15,0,11,117
9704224,16,6,10,22,1,15,34
5004,5,3,2,4,0,5,23
9411285,40,2,38,183,40,0,0
9505408,5,2,3,6,0,5,9
9505220,5,1,4,5,0,5,12
102117,6,3,3,7,0,6,54
9610333,4,3,1,1,0,4,27
9808412,25,1,24,119,0,25,211
9511228,28,3,25,104,4,24,24
5256,12,4,8,24,1,11,36
9501402,2,1,1,1,0,2,7
9510232,20,3,17,47,17,3,3
112328,1,1,0,0,0,1,22
9904278,31,2,29,113,0,31,379
9605412,25,3,22,91,8,17,33
9710529,34,12,22,44,9,25,26
9406255,15,9,6,13,2,13,13
9711371,42,7,35,152,0,42,236
9401328,44,13,31,137,37,7,7
9412255,10,2,8,16,4,6,8
9305306,35,6,29,106,19,16,16
9405326,18,2,16,33,14,4,4
9810453,9,4,5,10,0,9,24
9307262,16,4,12,30,16,0,0
9207268,18,2,16,32,18,0,0
105062,3,2,1,1,0,3,4
9911276,10,4,6,16,0,10,72
9701404,18,2,16,57,1,17,29
9401311,13,4,9,14,13,0,0
9609345,6,1,5,10,0,6,27
9703417,17,2,15,37,1,16,94
9811257,6,3,3,7,1,5,17
9411433,4,2,2,2,0,4,9
9808481,5,2,3,5,1,4,7
9506317,65,2,63,494,5,60,122
9605283,68,9,59,532,0,68,568
9401352,32,4,28,123,10,22,34
9509352,16,2,14,42,1,15,63
9603310,34,11,23,52,1,33,206
9908218,26,6,20,56,18,8,8
9704272,21,3,18,56,3,18,44
106149,18,4,14,41,0,18,91
108112,10,3,7,15,2,8,36
9806400,15,12,3,5,0,15,193
9812249,2,2,0,0,1,1,5
9812491,5,3,2,2,0,5,20
9503456,5,3,2,3,0,5,27
9809529,3,3,0,0,0,3,43
9501339,10,5,5,7,0,10,43
9707380,11,3,8,16,11,0,0
12275,0,0,0,0,0,0,0
9310228,71,15,56,268,7,64,64
9708467,11,5,6,14,0,11,22
9804313,1,1,0,0,0,1,7
9409342,1,1,0,0,0,1,5
9705243,17,1,16,41,5,12,17
103311,2,2,0,0,0,2,2
9805360,11,2,9,31,3,8,11
9504330,16,4,12,27,13,3,3
9911424,6,3,3,3,0,6,24
9602351,53,4,49,253,10,43,140
9702441,5,2,3,8,0,5,12
2033,25,3,22,65,1,24,93
9907446,36,6,30,195,0,36,413
9904276,12,2,10,31,0,12,74
9812314,1,1,0,0,0,1,4
7095,5,2,3,4,0,5,25
9401324,8,3,5,7,1,7,11
9701276,1,1,0,0,0,1,5
9304245,13,4,9,23,13,0,0
9311321,12,3,9,21,12,0,0
9909476,32,1,31,197,17,15,15
9703346,28,2,26,164,1,27,146
9705229,7,3,4,4,0,7,25
9411392,12,1,11,37,1,11,90
105034,3,2,1,1,0,3,11
9806416,5,1,4,5,0,5,18
9805335,22,2,20,86,1,21,99
9607443,6,2,4,6,0,6,51
102342,1,1,0,0,1,0,0
5074,1,1,0,0,0,1,7
9509327,61,5,56,451,24,37,59
9310371,6,3,3,6,6,0,0
9605432,5,3,2,2,1,4,13
9610222,3,3,0,0,1,2,26
9711377,14,2,12,14,1,13,20
9810208,5,3,2,3,5,0,0
9803285,6,2,4,6,6,0,0
9305284,23,1,22,67,23,0,0
9210219,15,7,8,19,15,0,0
110115,4,4,0,0,0,4,14
9404331,3,1,2,2,3,0,0
108110,2,1,1,1,1,1,5
9412361,4,1,3,4,0,4,12
9505267,20,5,15,52,3,17,21
9411384,26,2,24,118,1,25,29
9911447,4,3,1,1,0,4,23
204343,8,3,5,6,0,8,37
9910214,9,3,6,13,0,9,137
105087,24,8,16,66,1,23,260
9709341,5,2,3,3,5,0,0
9402203,12,4,8,11,12,0,0
9608462,4,2,2,4,4,0,0
9707296,13,1,12,29,0,13,29
9710543,13,6,7,9,0,13,74
8024,1,1,0,0,0,1,8
9703215,6,2,4,6,0,6,14
9911480,6,2,4,6,6,0,0
9910224,5,4,1,1,0,5,23
9502349,16,1,15,70,16,0,0
106190,33,4,29,163,0,33,132
9507304,8,2,6,9,8,0,0
9809475,8,3,5,10,0,8,44
9308204,8,4,4,5,5,3,3
9810275,32,6,26,94,2,30,156
9508362,20,8,12,27,2,18,42
9302201,17,2,15,46,0,17,17
9803251,7,4,3,10,0,7,38
9608280,12,4,8,16,0,12,71
9906535,2,2,0,0,1,1,2
9712345,5,2,3,8,0,5,10
9604275,2,2,0,0,1,1,1
10277,3,1,2,3,0,3,27
107181,3,1,2,3,0,3,19
9408274,1,1,0,0,1,0,0
1072,27,5,22,69,0,27,58
9510396,12,1,11,17,2,10,17
9703303,16,5,11,33,0,16,38
9207265,21,9,12,26,21,0,0
2078,17,6,11,17,0,17,139
109264,2,2,0,0,0,2,5
101350,12,5,7,10,0,12,135
9903428,12,3,9,25,1,11,37
9908391,3,1,2,2,0,3,28
108003,17,2,15,75,0,17,147
111057,2,1,1,1,0,2,4
104230,6,1,5,10,0,6,34
112287,10,5,5,8,0,10,88
203027,7,3,4,7,0,7,32
9702295,2,2,0,0,1,1,2
9401320,7,3,4,6,7,0,0
1225,2,2,0,0,0,2,8
9503279,5,1,4,9,5,0,0
9707404,2,2,0,0,2,0,0
102050,0,0,0,0,0,0,0
9205209,12,8,4,4,12,0,0
7133,18,2,16,66,0,18,201
9908261,6,5,1,2,0,6,20
3011,8,3,5,10,1,7,10
9802449,2,1,1,1,0,2,4
9405225,10,2,8,16,1,9,12
11055,14,3,11,25,0,14,259
107138,4,2,2,2,1,3,11
9712547,1,1,0,0,0,1,5
112302,13,5,8,27,9,4,7
9608324,3,2,1,1,0,3,6
9807413,4,2,2,2,4,0,0
9407391,1,1,0,0,0,1,1
207341,0,0,0,0,0,0,0
9405331,2,2,0,0,2,0,0
9403371,17,4,13,40,15,2,2
9807322,2,1,1,1,1,1,1
9907389,23,2,21,122,0,23,63
211044,0,0,0,0,0,0,0
4101,13,3,10,27,0,13,93
9310312,8,5,3,4,8,0,0
109167,2,2,0,0,0,2,7
9809548,3,1,2,2,0,3,15
9712418,6,1,5,8,0,6,13
9805472,5,2,3,4,0,5,71
109052,7,5,2,2,0,7,87
9601208,3,3,0,0,0,3,30
8064,1,1,0,0,0,1,1
10135,1,1,0,0,1,0,0
9805307,2,1,1,1,2,0,0
9706249,15,1,14,31,3,12,18
9902318,13,2,11,25,1,12,51
9908363,15,6,9,41,15,0,0
9606390,4,3,1,1,1,3,5
9805369,0,0,0,0,0,0,0
9708294,7,3,4,6,0,7,30
9704235,9,6,3,5,0,9,69
9908207,9,1,8,24,9,0,0
112223,0,0,0,0,0,0,0
1204,7,4,3,6,0,7,46
9705255,4,2,2,2,1,3,4
9503376,10,2,8,17,1,9,26
9612302,7,1,6,17,2,5,10
9710229,3,3,0,0,1,2,8
9807481,0,0,0,0,0,0,0
9808306,4,1,3,4,0,4,6
9704334,10,3,7,10,0,10,13
1100,2,2,0,0,0,2,10
9906354,2,2,0,0,0,2,3
5258,3,3,0,0,0,3,24
12282,6,3,3,4,0,6,16
9710400,3,1,2,3,0,3,6
9812383,4,1,3,5,0,4,25
9803319,4,3,1,2,0,4,32
9501293,1,1,0,0,0,1,1
9811280,7,5,2,3,0,7,29
9904309,2,1,1,1,0,2,4
9606456,21,5,16,48,21,0,0
1332,3,2,1,1,0,3,17
9303231,11,5,6,12,8,3,4
9405324,5,1,4,5,5,0,0
208139,1,1,0,0,0,1,3
105295,8,2,6,13,0,8,126
9903309,2,1,1,1,0,2,6
9404264,1,1,0,0,1,0,0
207221,1,1,0,0,0,1,10
105160,17,4,13,33,0,17,209
9801234,3,2,1,1,0,3,16
103190,0,0,0,0,0,0,0
9512272,3,2,1,1,0,3,4
9803424,8,1,7,13,0,8,78
107206,16,5,11,41,0,16,151
211147,2,2,0,0,0,2,2
110072,8,2,6,16,0,8,60
9610432,4,1,3,4,0,4,4
9605368,1,1,0,0,0,1,4
9810441,6,3,3,7,0,6,58
9410217,1,1,0,0,1,0,0
203180,7,6,1,1,0,7,12
9608215,2,1,1,1,0,2,5
202084,2,2,0,0,0,2,9
9912379,25,4,21,75,0,25,190
9603278,7,3,4,5,3,4,7
9505421,5,3,2,2,5,0,0
9903528,0,0,0,0,0,0,0
9304263,4,4,0,0,0,4,4
9610257,2,2,0,0,0,2,7
9710208,6,3,3,6,0,6,11
9903291,5,3,2,2,1,4,10
9602297,6,5,1,2,6,0,0
9311375,7,4,3,4,7,0,0
9803265,5,1,4,7,0,5,13
103307,2,2,0,0,0,2,12
6310,1,1,0,0,1,0,0
9806210,2,2,0,0,0,2,4
9804247,1,1,0,0,0,1,2
208163,6,3,3,6,0,6,83
203273,6,1,5,10,0,6,32
9609258,3,1,2,2,3,0,0
9509404,2,1,1,1,1,1,1
112354,2,1,1,1,0,2,6
9401344,1,1,0,0,0,1,4
12088,7,2,5,8,1,6,40
103281,2,1,1,1,0,2,7
9509357,0,0,0,0,0,0,0
9506392,15,1,14,36,0,15,27
1074,5,2,3,3,0,5,16
9206240,2,2,0,0,2,0,0
108121,4,3,1,2,0,4,53
9707285,2,2,0,0,1,1,1
201142,2,2,0,0,0,2,2
9902400,3,2,1,1,2,1,1
9903412,7,2,5,8,0,7,16
201211,6,2,4,8,0,6,23
12004,7,4,3,4,0,7,26
105226,1,1,0,0,1,0,0
9901440,14,2,12,24,4,10,17
4206,8,3,5,8,2,6,26
107044,1,1,0,0,0,1,3
9605217,1,1,0,0,0,1,1
9806385,3,2,1,1,1,2,5
9310306,3,2,1,1,1,2,2
9504345,4,3,1,1,0,4,27
9208204,1,1,0,0,1,0,0
5051,4,1,3,4,0,4,10
1102,5,2,3,4,2,3,3
9212253,11,5,6,14,11,0,0
9508209,6,3,3,4,3,3,5
9205232,4,3,1,1,4,0,0
9306222,9,1,8,21,9,0,0
9609213,8,2,6,20,4,4,6
102019,6,2,4,4,0,6,54
104040,4,3,1,1,0,4,79
211292,1,1,0,0,0,1,4
101194,6,4,2,3,0,6,13
9708345,0,0,0,0,0,0,0
9703432,6,1,5,12,0,6,26
9404340,4,2,2,2,4,0,0
112094,7,4,3,3,0,7,65
9184,0,0,0,0,0,0,0
9706225,11,4,7,23,2,9,23
111472,9,3,6,7,0,9,117
103140,2,2,0,0,0,2,19
9601201,10,3,7,16,2,8,11
9404332,4,3,1,1,4,0,0
102194,3,3,0,0,1,2,2
9710309,3,2,1,2,0,3,6
204206,2,2,0,0,0,2,5
9509393,25,2,23,95,1,24,48
9609302,3,1,2,3,0,3,3
9812459,7,4,3,8,0,7,31
107254,5,2,3,5,1,4,25
9701246,6,4,2,2,4,2,3
9405279,2,1,1,1,1,1,2
203198,14,8,6,10,0,14,124
5242,1,1,0,0,0,1,5
9508368,9,5,4,5,0,9,20
10283,5,4,1,1,1,4,12
110202,1,1,0,0,0,1,11
9607481,5,2,3,5,5,0,0
9707425,6,1,5,7,0,6,37
9809413,4,2,2,2,0,4,39
8017,2,1,1,1,0,2,4
12154,2,1,1,1,1,1,1
9811405,6,1,5,10,0,6,17
9407290,7,5,2,5,1,6,23
9609482,3,2,1,1,0,3,11
9901258,3,2,1,1,0,3,13
211349,0,0,0,0,0,0,0
9610505,1,1,0,0,0,1,5
9908356,4,2,2,2,0,4,5
111138,7,1,6,14,0,7,25
203236,2,2,0,0,1,1,1
9902269,1,1,0,0,1,0,0
10007,2,1,1,1,0,2,20
9501295,8,2,6,9,4,4,7
9511294,3,1,2,2,2,1,1
9702357,1,1,0,0,0,1,1
9903495,0,0,0,0,0,0,0
9903332,7,2,5,11,0,7,14
9705302,7,3,4,5,1,6,7
9301287,3,2,1,1,3,0,0
9504348,0,0,0,0,0,0,0
9806371,9,8,1,2,0,9,38
9807292,2,2,0,0,0,2,3
9512306,1,1,0,0,0,1,3
7317,4,1,3,4,0,4,28
106255,5,4,1,1,0,5,72
301111,0,0,0,0,0,0,0
9806444,4,3,1,1,1,3,6
6159,8,2,6,11,0,8,28
9702228,1,1,0,0,0,1,2
9703255,8,4,4,4,6,2,2
8243,4,1,3,4,4,0,0
9610279,2,1,1,1,0,2,9
9712406,3,3,0,0,0,3,21
9712538,1,1,0,0,0,1,3
104008,4,4,0,0,1,3,4
105015,0,0,0,0,0,0,0
9211261,7,3,4,9,7,0,0
104072,4,3,1,1,0,4,21
9406426,3,3,0,0,1,2,2
9708435,4,2,2,2,2,2,2
9409413,6,4,2,2,6,0,0
204122,2,2,0,0,0,2,9
202009,11,3,8,20,0,11,72
9805283,0,0,0,0,0,0,0
9812484,3,2,1,1,0,3,6
212280,0,0,0,0,0,0,0
9410351,6,1,5,8,6,0,0
6291,1,1,0,0,1,0,0
9608471,1,1,0,0,0,1,1
106026,3,2,1,1,0,3,5
9901351,2,2,0,0,0,2,12
10261,11,6,5,6,0,11,98
9311310,2,2,0,0,1,1,1
9404292,2,2,0,0,1,1,1
9701333,4,3,1,3,4,0,0
9602259,8,2,6,7,8,0,0
9804316,1,1,0,0,0,1,4
9710495,2,2,0,0,0,2,4
9803273,8,2,6,14,8,0,0
9503293,7,3,4,8,7,0,0
9701271,3,1,2,2,0,3,7
9705226,8,4,4,7,4,4,5
9505296,3,2,1,1,0,3,7
7217,4,4,0,0,1,3,3
9812457,1,1,0,0,1,0,0
9501387,21,1,20,102,21,0,0
9905529,3,3,0,0,0,3,9
202112,4,1,3,5,0,4,20
9502339,0,0,0,0,0,0,0
9603373,1,1,0,0,0,1,4
9902210,2,2,0,0,2,0,0
9612478,2,2,0,0,1,1,4
207095,0,0,0,0,0,0,0
9304217,7,3,4,8,1,6,6
9904367,8,2,6,20,2,6,31
9803376,4,1,3,4,1,3,10
106213,1,1,0,0,0,1,3
9709505,2,1,1,1,2,0,0
9102,24,3,21,52,3,21,104
109178,6,3,3,4,0,6,49
3112,2,2,0,0,2,0,0
102069,6,4,2,3,0,6,37
9507268,5,1,4,8,2,3,3
9410334,0,0,0,0,0,0,0
9805206,5,2,3,4,1,4,12
9903381,3,2,1,1,1,2,3
111128,0,0,0,0,0,0,0
9812435,0,0,0,0,0,0,0
9707346,1,1,0,0,1,0,0
9911270,7,2,5,9,0,7,20
9807461,6,3,3,5,0,6,36
9611208,3,2,1,1,0,3,7
105330,3,1,2,2,0,3,6
9806235,0,0,0,0,0,0,0
9910544,1,1,0,0,0,1,4
9409236,1,1,0,0,1,0,0
9506288,4,2,2,2,0,4,13
112274,12,4,8,14,0,12,83
9906207,2,2,0,0,0,2,7
9806258,1,1,0,0,0,1,3
9910411,1,1,0,0,0,1,2
9611209,3,3,0,0,1,2,2
108129,1,1,0,0,0,1,3
102189,1,1,0,0,1,0,0
108028,2,1,1,1,0,2,7
9504297,0,0,0,0,0,0,0
9402302,13,5,8,12,13,0,0
9803422,1,1,0,0,0,1,6
4183,6,4,2,3,0,6,25
9809366,2,1,1,1,1,1,1
9302313,7,3,4,10,7,0,0
9611212,3,1,2,2,0,3,5
9311368,6,3,3,5,6,0,0
9602303,1,1,0,0,0,1,3
3293,0,0,0,0,0,0,0
9807265,1,1,0,0,0,1,16
206231,0,0,0,0,0,0,0
9410226,1,1,0,0,0,1,2
9906276,4,1,3,5,0,4,19
10302,2,1,1,1,0,2,2
9910413,1,1,0,0,1,0,0
110387,0,0,0,0,0,0,0
9408303,3,2,1,1,3,0,0
9804291,1,1,0,0,0,1,1
211061,0,0,0,0,0,0,0
9610303,1,1,0,0,1,0,0
301255,1,1,0,0,0,1,25
5167,4,1,3,3,0,4,71
9411347,1,1,0,0,0,1,1
9512413,2,1,1,1,0,2,2
203167,3,2,1,1,0,3,7
110033,5,2,3,4,0,5,17
9802413,0,0,0,0,0,0,0
9712328,3,2,1,2,0,3,3
9607281,3,2,1,1,0,3,6
102101,2,2,0,0,0,2,3
8084,2,1,1,1,0,2,6
204090,1,1,0,0,0,1,1
9809592,0,0,0,0,0,0,0
9909543,2,2,0,0,0,2,3
9406394,4,1,3,3,4,0,0
9510298,2,2,0,0,2,0,0
10273,0,0,0,0,0,0,0
201043,1,1,0,0,0,1,4
9608376,1,1,0,0,1,0,0
9312271,2,2,0,0,2,0,0
9410341,2,2,0,0,0,2,4
9608468,1,1,0,0,0,1,5
106015,1,1,0,0,0,1,2
302098,0,0,0,0,0,0,0
107185,4,3,1,1,1,3,14
9905355,3,1,2,2,0,3,21
110038,3,1,2,3,3,0,0
9903401,0,0,0,0,0,0,0
207303,1,1,0,0,0,1,2
9903500,0,0,0,0,0,0,0
9904362,1,1,0,0,0,1,2
9912505,5,3,2,4,0,5,31
9907411,2,1,1,1,2,0,0
9312219,1,1,0,0,0,1,1
11149,1,1,0,0,1,0,0
9706295,1,1,0,0,1,0,0
9404326,1,1,0,0,1,0,0
9907249,5,1,4,7,1,4,5
112203,1,1,0,0,0,1,4
101041,2,2,0,0,0,2,6
112280,2,2,0,0,0,2,7
112010,1,1,0,0,0,1,1
202153,2,2,0,0,0,2,6
107115,2,1,1,1,0,2,3
111180,2,2,0,0,0,2,8
9708205,6,1,5,13,1,5,11
103084,4,1,3,3,0,4,36
11137,1,1,0,0,0,1,1
9804293,6,4,2,2,0,6,15
9208216,2,2,0,0,2,0,0
9903376,1,1,0,0,0,1,2
104025,3,1,2,3,0,3,3
9702236,1,1,0,0,1,0,0
6332,1,1,0,0,1,0,0
201077,3,3,0,0,0,3,69
12050,3,1,2,3,0,3,12
101138,1,1,0,0,0,1,1
101266,4,2,2,3,0,4,11
207336,0,0,0,0,0,0,0
9503462,6,2,4,9,6,0,0
9610422,0,0,0,0,0,0,0
9711242,0,0,0,0,0,0,0
111152,1,1,0,0,0,1,7
9703392,1,1,0,0,1,0,0
12005,0,0,0,0,0,0,0
7314,5,3,2,3,0,5,14
9906220,1,1,0,0,0,1,1
202257,6,2,4,7,1,5,42
104160,1,1,0,0,0,1,1
9711285,1,1,0,0,1,0,0
3316,1,1,0,0,0,1,3
9807547,2,2,0,0,0,2,9
5100,0,0,0,0,0,0,0
110323,4,1,3,5,0,4,8
9907376,1,1,0,0,0,1,1
207066,0,0,0,0,0,0,0
301206,0,0,0,0,0,0,0
9902252,0,0,0,0,0,0,0
9812262,0,0,0,0,0,0,0
9603256,2,2,0,0,2,0,0
9505247,0,0,0,0,0,0,0
9706506,0,0,0,0,0,0,0
9906522,0,0,0,0,0,0,0
211286,1,1,0,0,0,1,3
106216,2,1,1,1,0,2,4
9603295,0,0,0,0,0,0,0
9612308,2,2,0,0,0,2,3
108105,2,2,0,0,2,0,0
206247,0,0,0,0,0,0,0
9707265,3,1,2,3,2,1,3
5045,1,1,0,0,0,1,2
106324,5,3,2,2,0,5,20
205328,1,1,0,0,0,1,3
9908325,2,2,0,0,0,2,5
9804303,3,1,2,3,3,0,0
9901242,6,3,3,4,0,6,14
9601274,0,0,0,0,0,0,0
9911318,2,2,0,0,0,2,7
9611396,1,1,0,0,1,0,0
111139,2,2,0,0,0,2,9
104272,0,0,0,0,0,0,0
9503261,0,0,0,0,0,0,0
206140,3,2,1,1,0,3,56
9511238,0,0,0,0,0,0,0
204048,3,1,2,2,0,3,8
205266,2,2,0,0,0,2,5
9606326,2,2,0,0,1,1,1
9801406,3,3,0,0,1,2,2
210414,2,2,0,0,0,2,15
9911224,0,0,0,0,0,0,0
9305265,0,0,0,0,0,0,0
108207,0,0,0,0,0,0,0
9406384,1,1,0,0,0,1,1
9702241,1,1,0,0,0,1,1
105107,6,4,2,3,0,6,15
9609304,0,0,0,0,0,0,0
9512232,0,0,0,0,0,0,0
9805352,3,1,2,2,0,3,5
207284,0,0,0,0,0,0,0
104203,4,3,1,2,0,4,6
210267,0,0,0,0,0,0,0
9810545,3,3,0,0,1,2,4
9701255,2,1,1,1,2,0,0
9412296,0,0,0,0,0,0,0
6036,6,1,5,13,0,6,30
3304,7,4,3,4,0,7,7
110175,0,0,0,0,0,0,0
101147,0,0,0,0,0,0,0
9208229,1,1,0,0,1,0,0
206250,0,0,0,0,0,0,0
9909571,2,1,1,1,2,0,0
104297,2,2,0,0,2,0,0
207226,3,2,1,1,0,3,35
9912309,0,0,0,0,0,0,0
204308,4,2,2,2,0,4,41
9409266,0,0,0,0,0,0,0
9404316,1,1,0,0,1,0,0
5127,1,1,0,0,0,1,14
11361,0,0,0,0,0,0,0
9710243,2,2,0,0,0,2,2
9811477,2,1,1,1,1,1,1
9910500,1,1,0,0,1,0,0
301033,0,0,0,0,0,0,0
9905432,1,1,0,0,0,1,2
206028,1,1,0,0,0,1,5
9712240,4,3,1,1,4,0,0
9705332,0,0,0,0,0,0,0
107125,2,1,1,1,0,2,13
9610434,0,0,0,0,0,0,0
9707473,1,1,0,0,1,0,0
9705203,3,2,1,1,0,3,10
9178,5,1,4,10,0,5,14
9705379,0,0,0,0,0,0,0
108196,1,1,0,0,0,1,1
302010,0,0,0,0,0,0,0
302271,0,0,0,0,0,0,0
110292,1,1,0,0,0,1,12
9910290,6,1,5,12,2,4,4
212402,0,0,0,0,0,0,0
302237,0,0,0,0,0,0,0
108044,1,1,0,0,1,0,0
301172,0,0,0,0,0,0,0
106299,0,0,0,0,0,0,0
110296,2,2,0,0,0,2,9
301022,0,0,0,0,0,0,0
105305,2,1,1,1,1,1,3
109252,1,1,0,0,0,1,1
9811486,1,1,0,0,1,0,0
9605438,0,0,0,0,0,0,0
101349,0,0,0,0,0,0,0
207149,0,0,0,0,0,0,0
9904288,5,1,4,5,5,0,0
209287,0,0,0,0,0,0,0
107311,1,1,0,0,1,0,0
104125,0,0,0,0,0,0,0
101333,4,1,3,4,0,4,31
9506360,1,1,0,0,0,1,2
11348,4,2,2,2,0,4,8
111416,0,0,0,0,0,0,0
10067,2,2,0,0,0,2,7
302185,0,0,0,0,0,0,0
3247,1,1,0,0,0,1,4
301264,0,0,0,0,0,0,0
9612375,4,4,0,0,2,2,3
111005,0,0,0,0,0,0,0
9412297,0,0,0,0,0,0,0
9507457,1,1,0,0,1,0,0
9905483,0,0,0,0,0,0,0
9903297,0,0,0,0,0,0,0
9307335,3,3,0,0,2,1,1
9503272,0,0,0,0,0,0,0
111159,2,2,0,0,0,2,5
9704314,1,1,0,0,1,0,0
108015,2,2,0,0,2,0,0
9308361,1,1,0,0,0,1,1
9609219,3,1,2,3,2,1,1
103293,1,1,0,0,0,1,3
110385,0,0,0,0,0,0,0
205345,4,3,1,1,0,4,27
202240,1,1,0,0,0,1,1
9503387,1,1,0,0,0,1,1
9410274,4,4,0,0,4,0,0
212047,2,1,1,1,0,2,23
9401243,1,1,0,0,1,0,0
9411322,1,1,0,0,1,0,0
9706314,1,1,0,0,0,1,3
9510260,0,0,0,0,0,0,0
9512332,1,1,0,0,1,0,0
205077,0,0,0,0,0,0,0
9608380,0,0,0,0,0,0,0
208200,0,0,0,0,0,0,0
11190,2,1,1,1,1,1,1
206092,3,3,0,0,2,1,3
204196,1,1,0,0,0,1,9
211136,1,1,0,0,0,1,6
9807338,1,1,0,0,0,1,1
9507296,1,1,0,0,1,0,0
109192,1,1,0,0,1,0,0
9911205,0,0,0,0,0,0,0
212017,0,0,0,0,0,0,0
9911450,0,0,0,0,0,0,0
208192,1,1,0,0,0,1,3
209133,0,0,0,0,0,0,0
9404358,1,1,0,0,1,0,0
9409366,0,0,0,0,0,0,0
210392,1,1,0,0,0,1,3
212389,0,0,0,0,0,0,0
201289,2,1,1,1,0,2,9
211027,0,0,0,0,0,0,0
9503245,0,0,0,0,0,0,0
202146,0,0,0,0,0,0,0
9510414,0,0,0,0,0,0,0
301199,0,0,0,0,0,0,0
9902450,0,0,0,0,0,0,0
102250,1,1,0,0,0,1,4
9804427,0,0,0,0,0,0,0
205157,0,0,0,0,0,0,0
3137,0,0,0,0,0,0,0
9510226,0,0,0,0,0,0,0
209260,1,1,0,0,0,1,4
9911398,2,2,0,0,0,2,5
9810276,0,0,0,0,0,0,0
9604308,1,1,0,0,0,1,2
9412320,0,0,0,0,0,0,0
201017,0,0,0,0,0,0,0
106131,1,1,0,0,0,1,16
104119,1,1,0,0,1,0,0
4042,1,1,0,0,0,1,3
9610428,0,0,0,0,0,0,0
204137,1,1,0,0,0,1,8
9904451,0,0,0,0,0,0,0
12237,0,0,0,0,0,0,0
102110,0,0,0,0,0,0,0
9022,1,1,0,0,1,0,0
209366,2,1,1,1,0,2,18
9705338,1,1,0,0,1,0,0
210302,0,0,0,0,0,0,0
9909306,0,0,0,0,0,0,0
9905384,0,0,0,0,0,0,0
9710288,0,0,0,0,0,0,0
9608442,0,0,0,0,0,0,0
108266,0,0,0,0,0,0,0
9902455,0,0,0,0,0,0,0
9709268,0,0,0,0,0,0,0
302181,0,0,0,0,0,0,0
9704226,2,2,0,0,1,1,2
101324,0,0,0,0,0,0,0
4150,1,1,0,0,0,1,4
4231,0,0,0,0,0,0,0
12210,2,2,0,0,0,2,6
9712527,0,0,0,0,0,0,0
9912535,0,0,0,0,0,0,0
9701337,0,0,0,0,0,0,0
9907230,0,0,0,0,0,0,0
9706340,1,1,0,0,0,1,2
302109,0,0,0,0,0,0,0
205166,0,0,0,0,0,0,0
207073,0,0,0,0,0,0,0
212082,0,0,0,0,0,0,0
203011,1,1,0,0,0,1,1
206253,1,1,0,0,0,1,3
9609312,0,0,0,0,0,0,0
9511222,0,0,0,0,0,0,0
301120,0,0,0,0,0,0,0
101227,1,1,0,0,1,0,0
9906229,0,0,0,0,0,0,0
9604435,1,1,0,0,1,0,0
210361,0,0,0,0,0,0,0
9909311,1,1,0,0,0,1,3
9906430,0,0,0,0,0,0,0
9502231,0,0,0,0,0,0,0
201271,2,2,0,0,0,2,7
112257,0,0,0,0,0,0,0
3057,0,0,0,0,0,0,0
104207,0,0,0,0,0,0,0
210444,0,0,0,0,0,0,0
9707267,0,0,0,0,0,0,0
302079,0,0,0,0,0,0,0
9811374,0,0,0,0,0,0,0
9305210,0,0,0,0,0,0,0
211324,0,0,0,0,0,0,0
11140,0,0,0,0,0,0,0
12027,0,0,0,0,0,0,0
211234,0,0,0,0,0,0,0
9085,0,0,0,0,0,0,0
9711228,0,0,0,0,0,0,0
9712356,0,0,0,0,0,0,0
11186,0,0,0,0,0,0,0
9712439,0,0,0,0,0,0,0
101191,0,0,0,0,0,0,0
112149,0,0,0,0,0,0,0
9603415,1,1,0,0,0,1,1
208140,0,0,0,0,0,0,0
203152,0,0,0,0,0,0,0
9912258,0,0,0,0,0,0,0
1167,0,0,0,0,0,0,0
9511249,1,1,0,0,1,0,0
9709434,0,0,0,0,0,0,0
1186,0,0,0,0,0,0,0
206173,0,0,0,0,0,0,0
9068,1,1,0,0,0,1,2
3171,0,0,0,0,0,0,0
9607295,0,0,0,0,0,0,0
106261,0,0,0,0,0,0,0
9504409,1,1,0,0,1,0,0
9804442,0,0,0,0,0,0,0
9809570,1,1,0,0,1,0,0
9407364,0,0,0,0,0,0,0
201072,1,1,0,0,1,0,0
208229,0,0,0,0,0,0,0
9701269,1,1,0,0,1,0,0
9410308,0,0,0,0,0,0,0
110068,0,0,0,0,0,0,0
211449,0,0,0,0,0,0,0
9708289,0,0,0,0,0,0,0
9611268,0,0,0,0,0,0,0
9401261,1,1,0,0,1,0,0
9510290,1,1,0,0,1,0,0
302112,0,0,0,0,0,0,0
9803436,0,0,0,0,0,0,0
211132,0,0,0,0,0,0,0
106273,0,0,0,0,0,0,0
9807227,1,1,0,0,0,1,12
9812227,0,0,0,0,0,0,0
9225,0,0,0,0,0,0,0
9610388,0,0,0,0,0,0,0
7150,1,1,0,0,1,0,0
9606252,0,0,0,0,0,0,0
111011,0,0,0,0,0,0,0
203139,0,0,0,0,0,0,0
9710469,0,0,0,0,0,0,0
9606328,0,0,0,0,0,0,0
205258,0,0,0,0,0,0,0
9405409,0,0,0,0,0,0,0
9611459,0,0,0,0,0,0,0
6112,0,0,0,0,0,0,0
9904299,1,1,0,0,1,0,0
9507464,0,0,0,0,0,0,0
9706460,0,0,0,0,0,0,0
212054,0,0,0,0,0,0,0
9905402,1,1,0,0,0,1,1
9310303,0,0,0,0,0,0,0
203249,0,0,0,0,0,0,0
203269,0,0,0,0,0,0,0
212206,1,1,0,0,0,1,4
201241,0,0,0,0,0,0,0
9603385,0,0,0,0,0,0,0
106036,0,0,0,0,0,0,0
9911501,0,0,0,0,0,0,0
9504401,0,0,0,0,0,0,0
9409363,0,0,0,0,0,0,0
9811385,0,0,0,0,0,0,0
9805426,0,0,0,0,0,0,0
9910385,0,0,0,0,0,0,0
5312,0,0,0,0,0,0,0
110006,2,1,1,1,0,2,5
212018,0,0,0,0,0,0,0
9805276,0,0,0,0,0,0,0
9303245,0,0,0,0,0,0,0
9507295,0,0,0,0,0,0,0
9801231,0,0,0,0,0,0,0
9803293,0,0,0,0,0,0,0
206102,0,0,0,0,0,0,0
4163,1,1,0,0,1,0,0
12171,0,0,0,0,0,0,0
212328,0,0,0,0,0,0,0
110009,0,0,0,0,0,0,0
9903316,0,0,0,0,0,0,0
112327,0,0,0,0,0,0,0
212359,0,0,0,0,0,0,0
204133,0,0,0,0,0,0,0
9705431,0,0,0,0,0,0,0
9310,0,0,0,0,0,0,0
9605374,0,0,0,0,0,0,0
206107,0,0,0,0,0,0,0
9701259,0,0,0,0,0,0,0
106117,0,0,0,0,0,0,0
9505223,0,0,0,0,0,0,0
9905297,0,0,0,0,0,0,0
6058,0,0,0,0,0,0,0
9811466,0,0,0,0,0,0,0
9502208,0,0,0,0,0,0,0
9806264,0,0,0,0,0,0,0
207117,0,0,0,0,0,0,0
207173,0,0,0,0,0,0,0
208064,1,1,0,0,0,1,1
211295,0,0,0,0,0,0,0
9907534,0,0,0,0,0,0,0
9909450,0,0,0,0,0,0,0
212207,0,0,0,0,0,0,0
212217,0,0,0,0,0,0,0
105259,1,1,0,0,1,0,0
9805290,0,0,0,0,0,0,0
9512209,0,0,0,0,0,0,0
103268,0,0,0,0,0,0,0
1018,0,0,0,0,0,0,0
302024,0,0,0,0,0,0,0
9608454,0,0,0,0,0,0,0
9305285,0,0,0,0,0,0,0
1265,1,1,0,0,1,0,0
9309233,0,0,0,0,0,0,0
302215,0,0,0,0,0,0,0
301164,0,0,0,0,0,0,0
9803214,8,3,5,8,0,8,14
6001,59,5,54,268,2,57,358
9411308,45,1,44,300,45,0,0
11184,7,4,3,4,5,2,2
9902334,47,5,42,257,0,47,339
9502254,16,2,14,33,7,9,32
9505430,5,3,2,2,2,3,9
9611316,15,7,8,17,0,15,86
104105,3,2,1,1,0,3,6
9606397,11,2,9,22,4,7,12
9907462,8,1,7,14,0,8,80
111297,1,1,0,0,0,1,12
9507438,5,2,3,5,1,4,5
9811216,4,2,2,2,0,4,28
9602414,26,3,23,129,4,22,73
9603227,22,7,15,23,0,22,54
9906419,21,3,18,42,4,17,46
9502284,9,2,7,20,9,0,0
9303311,31,5,26,89,27,4,4
9502298,101,5,96,766,77,24,32
9411260,22,7,15,40,8,14,38
9503259,8,1,7,12,2,6,6
9308363,19,4,15,45,3,16,23
9706281,51,3,48,386,0,51,193
9910554,13,2,11,34,0,13,76
9402229,22,4,18,85,5,17,32
9906487,66,3,63,517,0,66,534
9807449,8,3,5,16,4,4,5
9904338,28,6,22,69,2,26,96
9908513,34,5,29,117,1,33,416
9308348,12,7,5,9,9,3,3
9702229,1,1,0,0,0,1,3
9712238,6,4,2,2,4,2,2
9708366,25,4,21,69,5,20,31
9506228,11,5,6,9,0,11,33
9601337,24,4,20,43,4,20,26
9710406,7,2,5,15,7,0,0
9411366,76,3,73,509,46,30,51
9211325,6,1,5,6,0,6,6
9612332,30,3,27,141,21,9,12
9503214,28,7,21,37,5,23,74
9504314,73,8,65,360,11,62,123
9612447,76,6,70,548,5,71,165
9511466,15,2,13,34,2,13,35
1290,23,7,16,35,10,13,27
1293,1,1,0,0,0,1,2
9804330,4,3,1,1,0,4,7
7319,14,3,11,24,0,14,205
106005,1,1,0,0,0,1,1
9605222,22,3,19,69,1,21,69
9703211,42,10,32,137,0,42,592
9501287,67,3,64,486,50,17,20
9411318,6,2,4,6,6,0,0
104126,29,6,23,47,0,29,219
9312311,103,14,89,450,21,82,176
9812444,4,2,2,3,0,4,12
9509346,11,5,6,11,1,10,18
9904214,6,4,2,3,0,6,27
9707482,33,7,26,119,0,33,279
8226,10,1,9,19,0,10,59
9307259,23,13,10,33,22,1,1
9912354,6,3,3,3,0,6,13
9709267,10,4,6,15,0,10,38
9408213,89,4,85,597,66,23,23
9705400,5,2,3,5,1,4,13
9905221,263,18,245,1800,39,224,916
9305274,65,12,53,427,65,0,0
9506278,14,1,13,40,0,14,76
9509213,28,5,23,68,1,27,70
9305266,25,6,19,58,14,11,11
9612413,18,5,13,40,1,17,37
9302250,13,2,11,25,13,0,0
9904478,13,3,10,26,10,3,3
9501232,19,3,16,41,19,0,0
9703445,29,11,18,47,1,28,84
9908388,15,6,9,44,0,15,46
9703358,22,3,19,68,0,22,68
9904491,11,5,6,16,0,11,63
9312357,7,1,6,20,5,2,2
9611224,5,3,2,4,0,5,25
9402225,38,12,26,72,5,33,55
9805297,8,3,5,10,0,8,31
9312306,28,9,19,43,3,25,45
9506210,9,2,7,16,1,8,23
5278,3,1,2,3,0,3,13
9212305,27,2,25,115,27,0,0
9402276,18,3,15,34,5,13,20
9909265,19,3,16,45,1,18,134
9210262,18,4,14,45,18,0,0
9802442,6,4,2,7,1,5,16
101103,18,11,7,10,0,18,180
9401323,12,4,8,11,2,10,10
9909369,16,4,12,20,0,16,96
9506399,13,3,10,28,6,7,12
9910367,12,6,6,11,2,10,14
9705357,36,7,29,119,0,36,225
9907231,18,3,15,46,17,1,1
9905323,74,2,72,940,74,0,0
9410404,30,12,18,32,9,21,27
202037,7,2,5,6,0,7,97
111178,5,1,4,9,0,5,43
9908212,27,2,25,105,0,27,192
9402340,25,7,18,56,6,19,42
9903416,7,1,6,18,0,7,52
103269,3,1,2,2,0,3,25
207164,3,2,1,1,0,3,16
9905577,6,4,2,2,0,6,76
9504231,8,2,6,15,0,8,27
9904250,34,2,32,192,2,32,81
9409419,29,4,25,56,29,0,0
108171,2,2,0,0,0,2,17
5103,7,1,6,8,0,7,41
9710347,4,3,1,1,0,4,35
9410364,22,8,14,43,4,18,39
9404342,16,4,12,27,8,8,8
2035,17,11,6,18,0,17,84
9511402,43,3,40,199,4,39,88
9912476,8,2,6,19,0,8,95
9706242,34,2,32,198,0,34,105
9906381,17,3,14,50,2,15,47
9804428,13,4,9,14,0,13,48
9212259,9,5,4,9,9,0,0
9603212,49,8,41,203,12,37,82
9610250,5,3,2,2,1,4,16
9507228,8,5,3,12,0,8,20
9503358,15,5,10,18,0,15,69
9911406,71,6,65,383,0,71,420
9803453,20,5,15,32,1,19,86
9408228,58,6,52,331,52,6,6
9711348,38,2,36,162,1,37,162
3038,12,3,9,13,1,11,40
3231,6,4,2,3,0,6,38
9906555,5,5,0,0,0,5,26
208092,0,0,0,0,0,0,0
9908499,9,2,7,17,0,9,60
102211,11,3,8,42,0,11,21
1086,14,3,11,28,14,0,0
112013,3,3,0,0,0,3,27
9611437,15,12,3,4,0,15,86
9502399,23,2,21,75,2,21,58
9308333,82,23,59,246,25,57,104
9507248,13,3,10,26,2,11,32
9299,31,7,24,73,3,28,171
9610339,10,1,9,28,6,4,8
9504335,7,2,5,8,0,7,10
105268,17,3,14,53,0,17,193
9610541,21,3,18,77,21,0,0
9807424,14,4,10,22,2,12,41
9512432,6,1,5,13,3,3,3
9709442,43,2,41,143,0,43,181
9708452,8,2,6,11,0,8,35
9905423,23,3,20,88,0,23,506
9909240,4,1,3,4,0,4,28
109115,44,11,33,138,0,44,900
9812523,17,5,12,40,0,17,61
211156,2,2,0,0,0,2,24
9905237,33,2,31,163,20,13,13
9901277,17,7,10,20,0,17,97
2257,33,4,29,155,0,33,109
111112,10,2,8,24,0,10,71
9507298,26,1,25,96,20,6,9
9501253,0,0,0,0,0,0,0
104152,12,9,3,3,1,11,108
12306,5,3,2,3,0,5,21
203091,14,7,7,11,0,14,135
205071,7,4,3,4,0,7,47
9501394,49,6,43,147,49,0,0
9603346,9,3,6,14,2,7,12
9901443,16,6,10,25,0,16,217
9809396,6,1,5,7,0,6,40
9907419,3,2,1,1,0,3,5
9510419,2,2,0,0,0,2,6
9905369,5,3,2,3,0,5,16
8021,10,2,8,24,0,10,21
9905437,11,5,6,15,0,11,185
9406427,11,6,5,7,0,11,59
9806358,24,10,14,32,9,15,21
9908337,29,6,23,92,0,29,210
9407339,280,8,272,2828,165,115,178
9403387,66,3,63,273,44,22,24
9307315,10,3,7,24,3,7,7
9706279,8,5,3,4,0,8,27
9309232,11,1,10,37,11,0,0
9608318,24,2,22,65,24,0,0
9506452,78,5,73,555,2,76,385
202150,0,0,0,0,0,0,0
105097,9,1,8,24,0,9,68
8071,3,2,1,1,0,3,28
9812463,20,7,13,36,1,19,175
9605226,0,0,0,0,0,0,0
6328,12,3,9,16,4,8,11
9503234,6,2,4,5,0,6,13
9609226,18,5,13,48,0,18,54
1295,13,2,11,23,2,11,60
9904468,46,4,42,182,1,45,539
9609419,27,4,23,101,7,20,45
9711324,7,5,2,2,0,7,12
9412381,13,1,12,41,6,7,13
9803316,72,9,63,255,5,67,371
9405250,20,6,14,32,20,0,0
9501369,56,12,44,204,26,30,65
9306289,59,3,56,287,42,17,17
9604423,29,8,21,79,4,25,76
9908446,10,3,7,16,0,10,59
9401206,51,9,42,251,20,31,65
9804370,1,1,0,0,0,1,3
106347,13,5,8,17,1,12,84
8316,13,3,10,15,0,13,49
9707365,17,6,11,20,0,17,121
9804268,2,1,1,1,0,2,2
9409374,2,1,1,1,0,2,4
9705233,2,2,0,0,0,2,5
9810294,3,2,1,1,3,0,0
9308226,8,7,1,1,1,7,11
9904455,10,5,5,7,0,10,14
9512407,26,6,20,74,26,0,0
9612337,11,1,10,31,0,11,81
9402204,21,3,18,58,21,0,0
9512202,7,1,6,12,0,7,32
9605447,12,5,7,9,0,12,56
104246,2,2,0,0,0,2,14
9803368,40,7,33,146,6,34,223
107150,17,7,10,25,0,17,170
3084,22,11,11,19,0,22,107
9909512,7,3,4,6,1,6,10
7181,27,6,21,74,0,27,278
9812495,9,5,4,16,0,9,53
9808377,26,1,25,163,0,26,74
9810261,10,6,4,7,0,10,71
207197,2,1,1,1,0,2,12
9801253,7,3,4,4,0,7,7
2232,2,2,0,0,0,2,9
9312349,66,11,55,230,10,56,56
9709349,8,2,6,17,0,8,65
5186,1,1,0,0,0,1,2
107220,4,1,3,6,0,4,107
9712429,18,3,15,74,3,15,32
9407241,5,2,3,4,5,0,0
9508383,6,3,3,4,6,0,0
9503258,4,1,3,5,4,0,0
9310246,8,2,6,7,8,0,0
9710521,48,4,44,214,1,47,252
9705429,42,7,35,215,18,24,50
2253,8,1,7,12,1,7,39
5303,8,3,5,8,0,8,62
9904448,13,3,10,50,0,13,54
2287,38,4,34,180,0,38,280
8124,5,4,1,1,0,5,53
9409304,5,3,2,2,1,4,9
11105,4,1,3,4,0,4,4
9304272,8,3,5,9,8,0,0
9504294,10,2,8,12,8,2,2
9204226,12,2,10,34,12,0,0
9703375,39,3,36,251,0,39,255
9705399,17,2,15,63,0,17,306
9508342,2,1,1,1,0,2,10
9404213,6,3,3,9,6,0,0
9511244,3,2,1,1,3,0,0
9809338,5,4,1,1,1,4,15
9608211,27,10,17,39,0,27,332
9907449,1,1,0,0,0,1,1
6309,5,3,2,2,0,5,35
9608270,24,1,23,137,1,23,23
9804305,0,0,0,0,0,0,0
9612321,13,3,10,21,1,12,98
9709223,18,5,13,29,0,18,171
9710268,17,3,14,38,0,17,36
9812455,19,4,15,68,2,17,27
9803289,13,4,9,19,13,0,0
9709420,15,4,11,27,0,15,22
9401238,7,3,4,7,0,7,7
206252,2,2,0,0,0,2,9
7082,16,5,11,20,0,16,56
5156,13,5,8,28,0,13,150
9509242,15,7,8,12,5,10,10
9606468,16,5,11,31,1,15,24
10267,16,3,13,51,0,16,173
9710526,14,2,12,26,0,14,77
208103,2,2,0,0,0,2,18
9910441,12,2,10,31,0,12,139
106210,4,3,1,1,1,3,3
9807529,12,6,6,8,11,1,1
9502408,11,4,7,11,11,0,0
9611399,5,4,1,1,5,0,0
9606297,12,3,9,30,3,9,9
9903486,1,1,0,0,0,1,22
10308,9,5,4,9,0,9,34
9812525,13,3,10,18,4,9,25
5088,0,0,0,0,0,0,0
9604311,3,1,2,3,3,0,0
9508297,17,2,15,70,2,15,15
111068,28,7,21,70,0,28,150
9511273,3,1,2,3,0,3,3
12337,8,2,6,17,0,8,56
9308328,10,3,7,14,10,0,0
9908334,13,2,11,26,0,13,55
9601343,17,9,8,13,1,16,33
9412304,10,4,6,11,0,10,60
9504261,3,2,1,1,0,3,3
9504398,10,2,8,15,3,7,10
9907428,8,5,3,6,0,8,28
9902324,13,4,9,18,1,12,50
9606340,2,1,1,1,2,0,0
9809506,16,3,13,43,0,16,219
9612320,7,2,5,9,0,7,25
9605324,10,4,6,12,0,10,12
7350,16,8,8,22,0,16,46
9510286,1,1,0,0,0,1,10
9709342,8,5,3,5,8,0,0
9403227,41,1,40,169,33,8,11
10080,13,9,4,5,1,12,95
206245,5,2,3,6,0,5,50
102236,13,5,8,21,2,11,62
109156,6,5,1,1,0,6,14
9605204,1,1,0,0,0,1,2
108094,7,4,3,7,1,6,69
5260,6,3,3,5,2,4,31
105145,14,5,9,27,0,14,64
204021,2,1,1,1,0,2,8
9604242,11,5,6,8,0,11,14
9708469,8,2,6,11,0,8,29
9508206,7,3,4,7,2,5,8
9307,2,2,0,0,0,2,9
9503332,16,3,13,38,2,14,39
9502393,2,2,0,0,0,2,3
2158,13,4,9,14,8,5,6
9605219,13,3,10,34,1,12,23
9911289,29,9,20,62,0,29,189
9910537,25,4,21,72,2,23,110
8035,1,1,0,0,0,1,9
9308295,17,5,12,26,17,0,0
9211314,6,2,4,6,6,0,0
3111,5,2,3,4,0,5,88
9702296,7,2,5,16,0,7,12
9812340,1,1,0,0,0,1,7
203132,5,4,1,1,1,4,11
9610375,1,1,0,0,0,1,3
203224,2,1,1,1,0,2,15
9503327,3,2,1,1,3,0,0
109007,7,2,5,8,7,0,0
9710458,0,0,0,0,0,0,0
9309239,1,1,0,0,0,1,1
210162,0,0,0,0,0,0,0
9910338,49,5,44,420,21,28,41
206191,1,1,0,0,0,1,5
4107,16,4,12,48,0,16,92
9411289,13,2,11,22,13,0,0
111359,5,1,4,5,5,0,0
9910359,3,1,2,2,0,3,14
9704353,12,3,9,19,0,12,45
205129,0,0,0,0,0,0,0
112308,1,1,0,0,0,1,6
9707278,2,2,0,0,0,2,13
10016,1,1,0,0,0,1,5
4039,0,0,0,0,0,0,0
9908268,9,2,7,18,1,8,16
9711406,9,1,8,25,0,9,80
9902410,19,6,13,29,1,18,88
9511362,10,8,2,3,2,8,15
9906223,12,5,7,17,0,12,23
9706552,2,1,1,1,1,1,1
9803346,2,2,0,0,2,0,0
9402206,11,3,8,17,3,8,22
106022,3,2,1,2,0,3,4
9095,5,1,4,5,0,5,13
201143,4,1,3,3,4,0,0
9707218,5,2,3,3,1,4,6
9505222,12,4,8,16,0,12,40
9707307,10,2,8,19,1,9,19
9804389,1,1,0,0,0,1,9
9804459,5,3,2,2,1,4,11
9711452,5,1,4,8,3,2,2
9702332,1,1,0,0,0,1,1
9706232,9,3,6,14,0,9,40
9807293,4,2,2,2,0,4,18
9909298,8,4,4,4,2,6,12
105320,2,2,0,0,0,2,8
109221,4,2,2,2,0,4,31
9910485,3,1,2,3,0,3,15
9906336,4,4,0,0,0,4,17
9402275,4,2,2,2,1,3,4
9903251,9,4,5,11,0,9,29
11296,5,2,3,5,0,5,27
9711365,9,3,6,11,0,9,77
9910310,12,3,9,15,0,12,96
9502414,3,1,2,3,0,3,13
9406276,3,2,1,1,2,1,1
104210,8,2,6,9,0,8,77
110031,10,4,6,12,3,7,10
9904352,5,2,3,5,0,5,14
9305212,6,3,3,8,6,0,0
9210271,3,1,2,2,3,0,0
105292,22,5,17,38,3,19,99
9801410,4,2,2,3,0,4,19
2154,4,2,2,2,4,0,0
9508387,5,3,2,3,3,2,3
9902338,4,1,3,4,0,4,40
9704437,0,0,0,0,0,0,0
208268,1,1,0,0,0,1,13
110073,2,2,0,0,0,2,16
9702273,8,7,1,1,0,8,23
9912293,1,1,0,0,0,1,2
9804298,17,1,16,77,1,16,82
9912302,3,3,0,0,0,3,26
204265,3,3,0,0,2,1,1
9608354,2,2,0,0,0,2,8
207351,1,1,0,0,0,1,6
9701248,25,5,20,75,1,24,28
9912548,5,2,3,5,0,5,43
106160,0,0,0,0,0,0,0
9703239,4,2,2,2,0,4,40
9401273,2,1,1,1,0,2,3
9509226,4,2,2,2,0,4,9
9702362,8,5,3,4,2,6,19
9602232,11,6,5,5,2,9,38
9611391,6,4,2,4,2,4,8
9408308,2,2,0,0,0,2,6
9805498,18,5,13,33,2,16,68
9804238,3,3,0,0,1,2,2
9506322,5,3,2,2,0,5,6
210244,1,1,0,0,0,1,10
9602430,1,1,0,0,1,0,0
8222,25,6,19,65,14,11,13
204008,7,2,5,6,3,4,5
9901239,13,4,9,30,0,13,96
9704301,32,2,30,108,23,9,10
112362,1,1,0,0,0,1,4
9701299,2,1,1,1,0,2,8
12230,3,3,0,0,0,3,22
9912540,5,1,4,10,4,1,1
9509362,10,6,4,9,10,0,0
9607238,6,2,4,9,0,6,10
105238,1,1,0,0,0,1,4
9905319,0,0,0,0,0,0,0
201103,13,2,11,32,0,13,109
9405262,28,3,25,120,28,0,0
209181,1,1,0,0,0,1,1
9907570,2,2,0,0,0,2,3
9912501,6,1,5,11,0,6,13
110243,7,1,6,12,0,7,89
103155,5,2,3,5,0,5,29
109147,1,1,0,0,0,1,5
4153,4,1,3,3,4,0,0
9038,5,2,3,6,0,5,11
9903441,1,1,0,0,0,1,4
9506279,0,0,0,0,0,0,0
9903403,7,1,6,15,0,7,22
9408292,1,1,0,0,0,1,2
9811505,3,3,0,0,0,3,13
9501246,3,3,0,0,2,1,1
105189,1,1,0,0,0,1,7
12128,1,1,0,0,0,1,5
9401347,7,4,3,5,7,0,0
9403246,8,1,7,17,8,0,0
201088,0,0,0,0,0,0,0
9504410,6,1,5,8,4,2,2
9410362,3,1,2,2,3,0,0
110275,7,2,5,9,0,7,136
202054,2,2,0,0,0,2,24
9409323,5,1,4,9,5,0,0
301117,0,0,0,0,0,0,0
9211254,19,3,16,34,19,0,0
9701338,14,4,10,35,1,13,24
9509297,3,2,1,2,1,2,2
112132,12,3,9,18,0,12,192
3286,2,2,0,0,0,2,2
9603383,3,1,2,2,3,0,0
9903488,5,4,1,1,0,5,33
6060,4,2,2,2,0,4,32
9604437,10,4,6,14,2,8,13
9807225,2,2,0,0,0,2,6
9404348,7,6,1,1,7,0,0
9711224,3,3,0,0,0,3,10
1307,11,3,8,22,0,11,54
9512319,19,4,15,44,4,15,40
9810492,0,0,0,0,0,0,0
9502403,5,4,1,1,5,0,0
9807464,19,5,14,26,2,17,37
9405220,11,4,7,18,5,6,6
9407212,1,1,0,0,0,1,1
204357,3,1,2,2,2,1,1
9804445,5,2,3,4,0,5,34
9805261,9,5,4,4,0,9,58
9604205,2,1,1,1,2,0,0
110217,2,2,0,0,0,2,7
9808396,7,4,3,4,3,4,6
9710453,2,1,1,1,0,2,12
9711290,2,1,1,1,0,2,21
9504229,14,5,9,17,10,4,4
12222,5,2,3,4,2,3,3
9810283,3,1,2,2,0,3,21
9408379,3,2,1,1,1,2,2
9706434,1,1,0,0,0,1,1
9403342,12,2,10,23,12,0,0
9911357,1,1,0,0,1,0,0
102172,6,2,4,6,0,6,16
9703262,2,1,1,1,0,2,6
302072,0,0,0,0,0,0,0
109016,1,1,0,0,0,1,2
9705232,1,1,0,0,1,0,0
9412239,1,1,0,0,0,1,4
106087,0,0,0,0,0,0,0
9601354,4,4,0,0,0,4,6
109111,0,0,0,0,0,0,0
9204219,7,2,5,7,7,0,0
9910406,3,3,0,0,0,3,11
9506433,5,2,3,3,3,2,2
9312254,2,1,1,1,1,1,1
9510455,2,2,0,0,1,1,2
9503399,1,1,0,0,1,0,0
9609277,6,3,3,3,6,0,0
9404234,6,5,1,1,0,6,12
105161,2,2,0,0,0,2,11
203067,3,2,1,1,0,3,43
109283,3,3,0,0,0,3,8
9904363,8,2,6,12,0,8,41
9805376,7,4,3,6,0,7,23
9603320,3,1,2,3,3,0,0
9703283,3,2,1,1,3,0,0
207014,1,1,0,0,0,1,4
9612383,2,1,1,1,0,2,11
9906363,6,4,2,2,0,6,32
9710477,2,1,1,1,0,2,3
9908442,1,1,0,0,0,1,2
9812251,3,3,0,0,0,3,19
9301271,10,4,6,13,10,0,0
104168,1,1,0,0,0,1,8
9311245,1,1,0,0,1,0,0
205185,0,0,0,0,0,0,0
1163,3,2,1,1,0,3,18
205103,1,1,0,0,0,1,9
106035,2,2,0,0,0,2,16
9602356,2,1,1,1,0,2,2
9912228,2,2,0,0,0,2,5
8238,3,2,1,1,0,3,6
9801205,9,4,5,8,4,5,5
106101,6,1,5,7,0,6,19
107282,7,4,3,3,0,7,28
9601219,2,2,0,0,2,0,0
9808281,2,1,1,1,1,1,3
11069,1,1,0,0,0,1,12
9712397,3,2,1,2,0,3,15
108004,1,1,0,0,0,1,4
9712512,4,2,2,3,0,4,9
9506344,2,1,1,1,0,2,4
9607307,0,0,0,0,0,0,0
9509247,4,1,3,4,4,0,0
9404271,2,2,0,0,0,2,2
9907345,1,1,0,0,1,0,0
9902441,6,3,3,6,1,5,8
9412244,6,1,5,9,6,0,0
3179,9,3,6,17,0,9,78
105252,1,1,0,0,1,0,0
9904213,1,1,0,0,0,1,1
9601376,13,2,11,38,0,13,23
9410300,0,0,0,0,0,0,0
12189,6,1,5,8,6,0,0
9204217,2,2,0,0,2,0,0
9411336,5,4,1,1,0,5,6
9903310,3,3,0,0,2,1,1
102248,0,0,0,0,0,0,0
205065,2,2,0,0,0,2,25
9402292,1,1,0,0,1,0,0
9704439,3,2,1,1,1,2,3
9404352,0,0,0,0,0,0,0
5098,2,1,1,1,0,2,10
201064,0,0,0,0,0,0,0
204115,13,5,8,9,0,13,98
110345,1,1,0,0,0,1,6
9507356,0,0,0,0,0,0,0
111395,1,1,0,0,0,1,2
9601370,3,1,2,2,0,3,11
9312301,2,2,0,0,2,0,0
9808455,5,1,4,4,1,4,15
9211252,3,3,0,0,3,0,0
110152,1,1,0,0,1,0,0
9401340,3,2,1,1,1,2,2
9607377,7,4,3,5,7,0,0
9011,0,0,0,0,0,0,0
9504425,1,1,0,0,1,0,0
9701292,0,0,0,0,0,0,0
110326,1,1,0,0,0,1,13
9510206,5,4,1,1,1,4,4
9512308,1,1,0,0,1,0,0
9412254,10,2,8,9,10,0,0
9701356,1,1,0,0,0,1,4
205109,7,4,3,8,0,7,64
9612323,6,1,5,11,6,0,0
9906212,3,2,1,1,0,3,26
9903348,0,0,0,0,0,0,0
9910256,6,1,5,8,1,5,8
203118,2,1,1,1,0,2,11
9911408,8,8,0,0,5,3,4
108261,2,1,1,1,0,2,6
9701368,1,1,0,0,0,1,1
9503372,7,2,5,8,7,0,0
9712373,0,0,0,0,0,0,0
101215,6,3,3,6,0,6,47
9810537,4,2,2,2,0,4,5
9302296,3,1,2,3,3,0,0
9603438,1,1,0,0,0,1,5
9503364,1,1,0,0,1,0,0
9802371,2,2,0,0,0,2,13
2098,4,3,1,1,0,4,6
7037,0,0,0,0,0,0,0
9405201,2,1,1,1,0,2,2
9409319,2,1,1,1,0,2,3
9803448,2,1,1,1,0,2,12
9803467,3,1,2,3,3,0,0
9904407,1,1,0,0,1,0,0
9609493,1,1,0,0,0,1,2
9705225,1,1,0,0,0,1,5
9502398,1,1,0,0,0,1,3
12091,4,4,0,0,1,3,10
9804410,3,3,0,0,0,3,6
209194,4,1,3,5,0,4,8
9905229,3,3,0,0,2,1,2
9605269,2,1,1,1,2,0,0
9811457,3,3,0,0,0,3,10
209241,1,1,0,0,0,1,5
204088,4,2,2,2,0,4,10
107280,0,0,0,0,0,0,0
9811421,1,1,0,0,0,1,1
9611353,7,3,4,6,2,5,5
9312217,4,2,2,3,4,0,0
5014,2,1,1,1,0,2,3
210389,0,0,0,0,0,0,0
9707284,1,1,0,0,0,1,8
9903254,2,1,1,1,0,2,2
9511411,3,3,0,0,0,3,8
210117,0,0,0,0,0,0,0
9307214,0,0,0,0,0,0,0
9904494,6,3,3,3,1,5,6
9401252,7,4,3,5,7,0,0
9707437,6,2,4,5,1,5,11
9905354,0,0,0,0,0,0,0
9610203,1,1,0,0,0,1,4
112072,1,1,0,0,0,1,3
9912234,6,3,3,4,0,6,28
210189,1,1,0,0,0,1,2
8195,7,2,5,9,0,7,11
110348,4,2,2,3,0,4,24
9702284,4,2,2,2,1,3,8
205048,6,3,3,5,1,5,11
9707508,1,1,0,0,0,1,3
9709374,4,3,1,1,4,0,0
9903324,2,1,1,1,0,2,8
9403343,2,1,1,1,0,2,2
9409463,5,3,2,3,4,1,1
202094,0,0,0,0,0,0,0
9403277,4,2,2,3,0,4,5
9607212,1,1,0,0,1,0,0
9505271,4,3,1,1,0,4,17
108158,3,1,2,2,0,3,29
10230,3,1,2,2,1,2,13
206178,4,3,1,1,2,2,8
302170,0,0,0,0,0,0,0
204005,2,1,1,1,0,2,6
9610538,3,1,2,3,3,0,0
9801316,3,3,0,0,1,2,2
9805339,5,1,4,8,0,5,12
105077,4,3,1,1,0,4,97
202244,1,1,0,0,1,0,0
301154,0,0,0,0,0,0,0
9506302,1,1,0,0,0,1,1
9808227,2,2,0,0,0,2,2
109249,0,0,0,0,0,0,0
202028,0,0,0,0,0,0,0
104228,8,1,7,13,0,8,85
11080,0,0,0,0,0,0,0
9807539,1,1,0,0,1,0,0
108138,4,4,0,0,3,1,2
104144,2,1,1,1,0,2,32
207230,3,2,1,1,0,3,29
9284,0,0,0,0,0,0,0
111367,1,1,0,0,0,1,2
9606225,1,1,0,0,1,0,0
205271,3,2,1,1,0,3,24
9603445,3,1,2,3,0,3,7
209253,0,0,0,0,0,0,0
10254,5,3,2,2,0,5,18
9607395,2,1,1,1,1,1,1
205143,8,4,4,4,0,8,80
9911488,2,2,0,0,0,2,8
9501331,5,3,2,3,5,0,0
9910323,2,2,0,0,0,2,15
9812517,2,2,0,0,1,1,1
9712413,0,0,0,0,0,0,0
201247,4,2,2,2,0,4,28
102018,0,0,0,0,0,0,0
9708316,0,0,0,0,0,0,0
12193,4,3,1,1,2,2,2
9707303,3,2,1,1,3,0,0
9808488,1,1,0,0,0,1,5
9704401,0,0,0,0,0,0,0
11122,0,0,0,0,0,0,0
9405300,4,2,2,3,4,0,0
8315,3,2,1,1,0,3,7
112134,2,2,0,0,0,2,25
1232,1,1,0,0,0,1,2
9804248,4,2,2,4,1,3,5
9311250,3,1,2,3,0,3,6
9711205,0,0,0,0,0,0,0
5284,1,1,0,0,1,0,0
9805255,2,2,0,0,0,2,4
2109,2,2,0,0,0,2,5
110150,2,2,0,0,1,1,12
109104,0,0,0,0,0,0,0
9806487,0,0,0,0,0,0,0
9812436,5,2,3,6,2,3,8
9804276,0,0,0,0,0,0,0
10110,0,0,0,0,0,0,0
210122,0,0,0,0,0,0,0
101158,3,1,2,2,0,3,13
302085,0,0,0,0,0,0,0
9907442,0,0,0,0,0,0,0
9412350,2,2,0,0,0,2,4
9905203,2,2,0,0,0,2,3
7188,0,0,0,0,0,0,0
206166,2,2,0,0,0,2,7
9409276,0,0,0,0,0,0,0
101313,0,0,0,0,0,0,0
9907205,2,2,0,0,0,2,2
212113,0,0,0,0,0,0,0
9809502,0,0,0,0,0,0,0
9407323,0,0,0,0,0,0,0
1300,0,0,0,0,0,0,0
9912489,0,0,0,0,0,0,0
9607264,0,0,0,0,0,0,0
9307365,2,1,1,1,2,0,0
9708307,0,0,0,0,0,0,0
9304282,1,1,0,0,1,0,0
9707456,1,1,0,0,0,1,4
9804279,0,0,0,0,0,0,0
208045,3,1,2,2,3,0,0
101285,0,0,0,0,0,0,0
1314,0,0,0,0,0,0,0
302155,0,0,0,0,0,0,0
9407379,1,1,0,0,1,0,0
9312205,5,3,2,3,5,0,0
206167,0,0,0,0,0,0,0
9509262,1,1,0,0,0,1,1
9806524,2,2,0,0,1,1,7
9301245,2,2,0,0,2,0,0
210299,0,0,0,0,0,0,0
102190,1,1,0,0,1,0,0
3039,3,2,1,1,3,0,0
9608409,4,1,3,5,0,4,8
9909552,0,0,0,0,0,0,0
208189,3,3,0,0,0,3,15
9503469,1,1,0,0,1,0,0
109121,0,0,0,0,0,0,0
9911336,0,0,0,0,0,0,0
9812406,3,3,0,0,0,3,9
9810478,0,0,0,0,0,0,0
205063,0,0,0,0,0,0,0
209214,2,1,1,1,0,2,34
211145,2,2,0,0,1,1,5
1222,1,1,0,0,0,1,1
9508310,0,0,0,0,0,0,0
9712461,1,1,0,0,1,0,0
9701315,1,1,0,0,1,0,0
9905353,0,0,0,0,0,0,0
109169,0,0,0,0,0,0,0
204220,0,0,0,0,0,0,0
6181,3,3,0,0,0,3,5
10164,2,1,1,1,2,0,0
9912225,3,1,2,3,0,3,12
208003,0,0,0,0,0,0,0
212257,1,1,0,0,0,1,4
9510353,1,1,0,0,1,0,0
9812281,3,1,2,3,3,0,0
211284,1,1,0,0,0,1,5
6204,1,1,0,0,0,1,1
302248,1,1,0,0,0,1,23
9604274,2,2,0,0,2,0,0
9609426,3,3,0,0,1,2,3
105265,1,1,0,0,0,1,1
102283,2,1,1,1,0,2,6
9804207,0,0,0,0,0,0,0
9406377,4,2,2,2,2,2,2
9508367,0,0,0,0,0,0,0
9402263,2,2,0,0,2,0,0
11225,2,2,0,0,0,2,2
6017,1,1,0,0,0,1,1
2094,0,0,0,0,0,0,0
9911467,4,3,1,1,0,4,4
105245,5,5,0,0,5,0,0
9808259,0,0,0,0,0,0,0
9907407,0,0,0,0,0,0,0
203160,0,0,0,0,0,0,0
108155,0,0,0,0,0,0,0
9403279,1,1,0,0,1,0,0
5273,6,5,1,1,1,5,10
9710459,0,0,0,0,0,0,0
206017,1,1,0,0,0,1,11
101184,1,1,0,0,1,0,0
212112,1,1,0,0,0,1,3
9612452,0,0,0,0,0,0,0
9806533,0,0,0,0,0,0,0
9504359,0,0,0,0,0,0,0
9509215,0,0,0,0,0,0,0
212033,1,1,0,0,0,1,5
9612341,1,1,0,0,0,1,2
9411440,1,1,0,0,0,1,1
9502402,0,0,0,0,0,0,0
110337,1,1,0,0,0,1,4
4152,0,0,0,0,0,0,0
9609450,0,0,0,0,0,0,0
9309222,0,0,0,0,0,0,0
9705456,7,2,5,6,7,0,0
212091,0,0,0,0,0,0,0
109118,3,2,1,1,1,2,10
208212,1,1,0,0,0,1,1
101319,4,2,2,2,1,3,5
9506472,2,2,0,0,0,2,3
9904373,1,1,0,0,0,1,5
212143,1,1,0,0,0,1,6
111097,0,0,0,0,0,0,0
9501271,1,1,0,0,1,0,0
9604241,0,0,0,0,0,0,0
9409324,3,3,0,0,3,0,0
9909262,1,1,0,0,0,1,1
9608250,0,0,0,0,0,0,0
111433,0,0,0,0,0,0,0
206219,0,0,0,0,0,0,0
9404341,2,1,1,1,2,0,0
204251,0,0,0,0,0,0,0
206311,1,1,0,0,0,1,10
202126,1,1,0,0,0,1,3
9610317,1,1,0,0,1,0,0
9809268,0,0,0,0,0,0,0
9609254,1,1,0,0,1,0,0
9510297,0,0,0,0,0,0,0
201265,3,3,0,0,0,3,31
9905285,1,1,0,0,0,1,1
211341,0,0,0,0,0,0,0
9409233,0,0,0,0,0,0,0
109276,0,0,0,0,0,0,0
9409217,0,0,0,0,0,0,0
301270,0,0,0,0,0,0,0
208031,4,2,2,2,0,4,35
9305261,0,0,0,0,0,0,0
107006,1,1,0,0,0,1,4
9908487,0,0,0,0,0,0,0
9709324,1,1,0,0,0,1,3
9908461,3,1,2,2,0,3,6
9809586,0,0,0,0,0,0,0
104251,0,0,0,0,0,0,0
9810311,2,2,0,0,0,2,6
8104,0,0,0,0,0,0,0
9179,0,0,0,0,0,0,0
9711338,0,0,0,0,0,0,0
9812386,0,0,0,0,0,0,0
9810238,0,0,0,0,0,0,0
103341,1,1,0,0,0,1,3
9901398,0,0,0,0,0,0,0
106234,0,0,0,0,0,0,0
9401205,2,2,0,0,2,0,0
12079,0,0,0,0,0,0,0
9909336,1,1,0,0,0,1,2
9410291,0,0,0,0,0,0,0
12042,0,0,0,0,0,0,0
9501383,2,2,0,0,2,0,0
1184,2,1,1,1,0,2,8
9812244,0,0,0,0,0,0,0
9307258,0,0,0,0,0,0,0
209032,0,0,0,0,0,0,0
9711380,0,0,0,0,0,0,0
107031,0,0,0,0,0,0,0
104077,0,0,0,0,0,0,0
104023,0,0,0,0,0,0,0
210006,0,0,0,0,0,0,0
9610465,0,0,0,0,0,0,0
9905563,0,0,0,0,0,0,0
9911269,0,0,0,0,0,0,0
207270,0,0,0,0,0,0,0
212173,0,0,0,0,0,0,0
111353,2,1,1,1,0,2,4
301234,1,1,0,0,0,1,13
9606224,1,1,0,0,0,1,1
12267,0,0,0,0,0,0,0
9708387,0,0,0,0,0,0,0
207246,0,0,0,0,0,0,0
9709486,0,0,0,0,0,0,0
9312332,0,0,0,0,0,0,0
9601272,1,1,0,0,0,1,2
11110,0,0,0,0,0,0,0
9910343,0,0,0,0,0,0,0
302241,0,0,0,0,0,0,0
104078,0,0,0,0,0,0,0
11198,0,0,0,0,0,0,0
110042,0,0,0,0,0,0,0
9607308,0,0,0,0,0,0,0
5329,0,0,0,0,0,0,0
5111,0,0,0,0,0,0,0
105240,1,1,0,0,0,1,6
208272,1,1,0,0,0,1,10
211345,2,2,0,0,2,0,0
9811497,0,0,0,0,0,0,0
210110,1,1,0,0,0,1,1
112159,0,0,0,0,0,0,0
209079,1,1,0,0,0,1,8
9906382,1,1,0,0,0,1,3
9609402,0,0,0,0,0,0,0
9307377,3,3,0,0,3,0,0
9407361,0,0,0,0,0,0,0
9905233,1,1,0,0,0,1,5
9905303,0,0,0,0,0,0,0
9406327,0,0,0,0,0,0,0
103303,1,1,0,0,0,1,6
9406253,0,0,0,0,0,0,0
9506232,1,1,0,0,0,1,2
9408206,2,2,0,0,0,2,2
9706290,0,0,0,0,0,0,0
12355,0,0,0,0,0,0,0
11024,1,1,0,0,0,1,6
207306,1,1,0,0,1,0,0
111102,0,0,0,0,0,0,0
9907404,1,1,0,0,0,1,4
9305316,0,0,0,0,0,0,0
111202,0,0,0,0,0,0,0
8166,0,0,0,0,0,0,0
208082,0,0,0,0,0,0,0
9602252,0,0,0,0,0,0,0
211397,0,0,0,0,0,0,0
9912495,0,0,0,0,0,0,0
212289,0,0,0,0,0,0,0
6209,0,0,0,0,0,0,0
9903243,1,1,0,0,0,1,3
201202,1,1,0,0,0,1,1
9904466,0,0,0,0,0,0,0
210010,0,0,0,0,0,0,0
102154,0,0,0,0,0,0,0
9605205,1,1,0,0,0,1,1
2124,0,0,0,0,0,0,0
9411275,0,0,0,0,0,0,0
301247,0,0,0,0,0,0,0
9910362,0,0,0,0,0,0,0
103143,0,0,0,0,0,0,0
10279,0,0,0,0,0,0,0
9706544,0,0,0,0,0,0,0
9302275,1,1,0,0,1,0,0
9511437,2,1,1,1,0,2,6
9506463,0,0,0,0,0,0,0
302251,0,0,0,0,0,0,0
211161,0,0,0,0,0,0,0
110095,1,1,0,0,0,1,2
12349,2,1,1,1,0,2,6
9808491,0,0,0,0,0,0,0
101242,0,0,0,0,0,0,0
9408355,1,1,0,0,1,0,0
210269,0,0,0,0,0,0,0
9411407,0,0,0,0,0,0,0
111464,0,0,0,0,0,0,0
209226,2,2,0,0,0,2,8
11278,1,1,0,0,1,0,0
301191,0,0,0,0,0,0,0
9808382,2,1,1,1,0,2,4
9508329,0,0,0,0,0,0,0
110074,0,0,0,0,0,0,0
9902374,0,0,0,0,0,0,0
302141,0,0,0,0,0,0,0
2090,0,0,0,0,0,0,0
103323,1,1,0,0,0,1,1
9902254,0,0,0,0,0,0,0
9905454,0,0,0,0,0,0,0
110229,0,0,0,0,0,0,0
212369,0,0,0,0,0,0,0
108251,0,0,0,0,0,0,0
210210,0,0,0,0,0,0,0
106039,0,0,0,0,0,0,0
106046,0,0,0,0,0,0,0
9611205,1,1,0,0,1,0,0
2029,1,1,0,0,1,0,0
209328,0,0,0,0,0,0,0
105032,0,0,0,0,0,0,0
9910381,0,0,0,0,0,0,0
210438,0,0,0,0,0,0,0
208021,0,0,0,0,0,0,0
102220,0,0,0,0,0,0,0
9810413,0,0,0,0,0,0,0
9905433,0,0,0,0,0,0,0
9901449,0,0,0,0,0,0,0
9407366,1,1,0,0,1,0,0
9508410,0,0,0,0,0,0,0
201020,0,0,0,0,0,0,0
9404300,0,0,0,0,0,0,0
203070,0,0,0,0,0,0,0
206225,0,0,0,0,0,0,0
210290,0,0,0,0,0,0,0
9609294,0,0,0,0,0,0,0
9206201,1,1,0,0,1,0,0
101117,0,0,0,0,0,0,0
206082,0,0,0,0,0,0,0
9609328,0,0,0,0,0,0,0
103250,0,0,0,0,0,0,0
9910398,0,0,0,0,0,0,0
6140,0,0,0,0,0,0,0
12198,0,0,0,0,0,0,0
201270,1,1,0,0,1,0,0
6252,0,0,0,0,0,0,0
9710419,1,1,0,0,0,1,1
212380,0,0,0,0,0,0,0
110410,0,0,0,0,0,0,0
9809216,0,0,0,0,0,0,0
9704356,0,0,0,0,0,0,0
210030,0,0,0,0,0,0,0
9901325,0,0,0,0,0,0,0
210341,0,0,0,0,0,0,0
10318,0,0,0,0,0,0,0
106078,0,0,0,0,0,0,0
301271,0,0,0,0,0,0,0
104118,0,0,0,0,0,0,0
9702234,0,0,0,0,0,0,0
301155,0,0,0,0,0,0,0
9605372,0,0,0,0,0,0,0
205055,0,0,0,0,0,0,0
9407256,0,0,0,0,0,0,0
111148,0,0,0,0,0,0,0
104249,0,0,0,0,0,0,0
105198,0,0,0,0,0,0,0
9906519,1,1,0,0,1,0,0
111410,0,0,0,0,0,0,0
9411291,0,0,0,0,0,0,0
9807436,0,0,0,0,0,0,0
9706264,0,0,0,0,0,0,0
109273,0,0,0,0,0,0,0
9404351,1,1,0,0,1,0,0
9710535,0,0,0,0,0,0,0
9912233,0,0,0,0,0,0,0
9801275,0,0,0,0,0,0,0
111320,0,0,0,0,0,0,0
9402355,0,0,0,0,0,0,0
10216,0,0,0,0,0,0,0
9506429,0,0,0,0,0,0,0
9911519,0,0,0,0,0,0,0
211373,0,0,0,0,0,0,0
9702314,32,2,30,141,32,0,0
6022,45,7,38,125,1,44,259
9509204,105,3,102,991,7,98,459
11392,7,4,3,5,0,7,99
9903230,20,3,17,81,0,20,119
9502335,39,4,35,187,9,30,63
9511282,1,1,0,0,0,1,2
2036,40,7,33,129,3,37,186
105318,3,1,2,2,0,3,18
9608460,19,1,18,84,0,19,42
9909352,15,3,12,30,0,15,87
9204204,50,4,46,301,50,0,0
9510376,63,7,56,305,0,63,193
9811357,21,4,17,33,0,21,121
9504418,8,1,7,16,8,0,0
9809275,5,2,3,4,0,5,31
9907422,40,7,33,194,1,39,310
9503228,23,5,18,47,3,20,33
9309211,14,5,9,26,5,9,11
9503463,46,1,45,331,28,18,21
9511261,9,2,7,11,0,9,28
9503375,17,3,14,36,2,15,20
9812460,1,1,0,0,0,1,1
9707203,15,2,13,44,0,15,43
9912457,58,5,53,278,0,58,354
9402333,38,5,33,218,38,0,0
9906516,32,2,30,170,0,32,201
9807552,33,3,30,102,0,33,156
9904366,13,4,9,14,8,5,10
9505385,69,7,62,346,49,20,25
9606226,12,6,6,12,12,0,0
9702372,8,6,2,3,3,5,18
9801276,21,6,15,41,7,14,28
9709473,30,9,21,46,8,22,62
9612259,5,5,0,0,4,1,2
9811427,24,3,21,95,6,18,36
9606289,36,3,33,116,23,13,13
9604229,61,1,60,470,44,17,17
9207237,8,2,6,15,8,0,0
9702361,42,3,39,220,8,34,59
9512268,6,4,2,3,0,6,14
9506328,47,3,44,160,3,44,119
9711517,12,1,11,23,0,12,51
9602207,11,4,7,17,6,5,6
11337,11,7,4,4,1,10,84
4247,34,2,32,149,0,34,240
9805235,6,2,4,7,1,5,20
12371,11,4,7,11,2,9,83
111144,15,2,13,44,0,15,39
9605398,87,6,81,652,0,87,487
9703246,34,2,32,76,3,31,236
9507329,36,4,32,103,3,33,136
9412203,11,5,6,12,8,3,3
109243,1,1,0,0,0,1,6
9312359,152,19,133,858,31,121,209
9812508,5,2,3,6,0,5,28
9809282,23,4,19,33,4,19,35
9906290,1,1,0,0,0,1,10
9710312,21,2,19,57,4,17,78
111073,0,0,0,0,0,0,0
9308330,24,9,15,48,23,1,1
9311209,4,2,2,3,4,0,0
6107,0,0,0,0,0,0,0
9505352,38,5,33,133,5,33,52
9608314,3,1,2,2,0,3,10
9807348,46,2,44,250,0,46,176
9305275,46,10,36,175,6,40,89
9510271,17,3,14,49,0,17,141
9803408,14,6,8,12,6,8,8
9609460,36,2,34,243,4,32,68
9403226,66,4,62,655,18,48,114
9304249,9,3,6,16,5,4,4
9910488,8,2,6,11,0,8,8
9603218,9,4,5,10,3,6,6
9706427,38,7,31,110,6,32,54
9507422,13,4,9,36,11,2,2
9703359,18,1,17,73,2,16,34
9905443,34,4,30,171,0,34,229
9206246,30,3,27,123,30,0,0
6083,4,1,3,4,0,4,18
9403313,13,4,9,22,1,12,22
9907501,5,1,4,8,0,5,37
9503404,29,5,24,100,1,28,167
9706265,19,4,15,30,2,17,55
9805404,6,2,4,8,0,6,9
9402278,17,5,12,29,4,13,31
9410240,40,3,37,148,28,12,12
12087,10,2,8,15,4,6,10
9911367,20,2,18,67,3,17,47
9803473,30,5,25,95,2,28,107
9203211,26,4,22,83,26,0,0
9403335,16,3,13,48,4,12,19
9910299,5,2,3,5,0,5,72
9508233,16,7,9,33,15,1,1
9702251,3,3,0,0,1,2,4
9711360,26,5,21,57,1,25,116
9912439,19,4,15,67,6,13,18
9905551,12,2,10,26,0,12,40
9303255,23,8,15,38,23,0,0
1095,40,3,37,212,0,40,429
201059,9,3,6,17,0,9,85
9908248,63,2,61,400,0,63,380
9405209,8,4,4,5,1,7,13
9905465,5,1,4,9,0,5,18
105009,24,4,20,49,0,24,231
207243,8,2,6,16,0,8,45
9906265,25,4,21,57,0,25,276
9505289,24,7,17,40,0,24,130
9512230,36,3,33,168,32,4,4
9503443,64,8,56,392,12,52,99
5031,13,4,9,21,0,13,64
9712212,35,2,33,148,0,35,116
9801451,2,1,1,1,0,2,9
9411277,9,5,4,6,9,0,0
9412374,14,3,11,33,10,4,4
9712400,29,5,24,96,18,11,21
9603423,35,8,27,129,1,34,55
9912516,43,5,38,155,5,38,170
9805259,28,1,27,116,1,27,112
9902271,5,4,1,1,0,5,13
9903207,11,1,10,15,0,11,39
9303286,8,2,6,10,3,5,9
9710441,21,5,16,38,4,17,28
9611310,12,5,7,11,12,0,0
9510325,24,2,22,125,3,21,21
9507261,10,4,6,9,0,10,52
9911457,53,10,43,209,0,53,288
205162,1,1,0,0,1,0,0
9410311,44,2,42,185,34,10,12
9803320,7,1,6,19,1,6,21
3163,15,2,13,48,4,11,36
8269,13,8,5,5,0,13,72
9910351,5,2,3,4,0,5,65
1005,48,7,41,179,8,40,158
9912460,18,1,17,102,0,18,69
102222,19,3,16,101,0,19,137
7202,11,6,5,10,0,11,40
1309,16,4,12,30,1,15,95
9705479,5,3,2,2,1,4,7
9504205,5,2,3,5,5,0,0
9311225,15,3,12,26,13,2,2
9612483,49,5,44,302,8,41,41
4193,6,1,5,10,1,5,8
206184,0,0,0,0,0,0,0
9503251,19,2,17,81,19,0,0
9502289,65,4,61,481,2,63,171
9707448,15,3,12,45,1,14,42
9808278,12,2,10,24,4,8,10
9412366,6,3,3,5,6,0,0
9711223,33,5,28,70,0,33,158
10117,13,4,9,14,0,13,160
9906234,99,7,92,568,1,98,1362
9910277,9,3,6,7,0,9,85
9403256,70,9,61,439,70,0,0
9901222,15,8,7,17,2,13,25
211169,1,1,0,0,0,1,18
9812529,11,1,10,32,11,0,0
103123,10,1,9,15,0,10,71
11097,15,3,12,50,0,15,56
112061,17,1,16,67,0,17,49
9510304,30,2,28,124,30,0,0
9305269,41,7,34,159,41,0,0
106322,2,2,0,0,0,2,22
103214,6,5,1,1,0,6,41
204067,5,4,1,1,0,5,49
205247,3,2,1,1,0,3,23
9501395,23,3,20,61,6,17,35
9702431,4,2,2,3,0,4,16
9908369,12,5,7,11,1,11,105
9809458,10,2,8,13,1,9,27
9911298,10,1,9,22,1,9,17
1039,6,3,3,5,0,6,15
9909386,5,4,1,2,0,5,23
8292,19,3,16,49,0,19,310
9909479,11,3,8,10,3,8,21
9408345,2,1,1,1,0,2,10
9505226,11,1,10,14,11,0,0
9809232,2,2,0,0,1,1,3
9410237,38,8,30,123,20,18,24
9508409,51,8,43,130,0,51,163
9502270,34,3,31,128,23,11,11
9905406,14,4,10,20,0,14,34
9408396,13,2,11,42,5,8,8
9708395,17,7,10,27,4,13,29
9506462,3,2,1,1,0,3,5
11311,61,4,57,355,51,10,10
105349,13,6,7,8,0,13,66
9612421,12,3,9,19,1,11,75
9903435,32,3,29,119,0,32,194
9311349,3,2,1,1,3,0,0
9803500,16,2,14,57,16,0,0
9510270,1,1,0,0,0,1,3
9507465,20,3,17,46,15,5,5
7251,16,3,13,37,0,16,158
9406329,6,2,4,7,6,0,0
9610313,21,3,18,55,1,20,76
9711346,13,6,7,12,6,7,7
9503394,20,7,13,54,20,0,0
9804284,29,3,26,108,0,29,216
9407374,8,4,4,5,8,0,0
9510262,13,2,11,29,10,3,4
9411267,13,5,8,15,3,10,24
9507354,21,5,16,43,10,11,40
9802358,15,3,12,38,1,14,19
9509304,12,3,9,23,0,12,28
9507210,9,3,6,11,9,0,0
111002,5,1,4,5,2,3,5
8091,10,4,6,10,0,10,48
9709376,24,8,16,52,0,24,247
9509236,15,4,11,19,8,7,14
9512309,7,2,5,10,2,5,17
9706233,2,2,0,0,0,2,4
9809568,1,1,0,0,0,1,5
9410324,6,6,0,0,0,6,11
9905367,4,3,1,1,0,4,9
9512433,17,5,12,31,0,17,113
9612346,33,2,31,224,0,33,237
9403215,21,6,15,45,6,15,20
9512340,9,2,7,15,0,9,53
9607326,1,1,0,0,0,1,12
9607289,10,4,6,10,1,9,31
9808431,19,5,14,70,1,18,44
108043,21,7,14,63,0,21,154
104088,8,6,2,2,0,8,30
9505340,27,14,13,39,3,24,33
203014,0,0,0,0,0,0,0
9901322,5,2,3,5,0,5,28
9805474,4,1,3,6,4,0,0
9811369,15,4,11,28,0,15,192
8090,19,8,11,25,2,17,25
9905494,3,2,1,1,0,3,5
9195,13,4,9,20,0,13,154
9402274,38,10,28,94,1,37,63
9710256,7,2,5,13,0,7,34
9912301,2,2,0,0,0,2,6
3251,22,6,16,33,2,20,113
9707489,7,5,2,2,0,7,38
9506215,1,1,0,0,0,1,1
9707351,16,2,14,40,0,16,84
209039,0,0,0,0,0,0,0
9605209,13,3,10,18,2,11,30
9803306,28,2,26,99,0,28,114
9705430,8,4,4,5,5,3,4
4181,7,3,4,6,0,7,22
9707209,12,7,5,9,1,11,34
9907282,13,2,11,28,13,0,0
3198,15,6,9,21,0,15,77
11026,7,3,4,5,0,7,58
9912526,3,2,1,1,0,3,33
9904419,1,1,0,0,0,1,2
9210227,14,5,9,19,10,4,4
9607258,0,0,0,0,0,0,0
9303238,32,3,29,182,32,0,0
9704275,30,6,24,167,0,30,345
9706252,12,1,11,27,0,12,23
9608368,10,4,6,21,0,10,55
9607255,3,2,1,2,3,0,0
101037,3,2,1,1,0,3,3
9904370,14,2,12,30,0,14,130
9307230,8,4,4,6,5,3,3
9906335,2,2,0,0,0,2,12
210050,0,0,0,0,0,0,0
9506393,11,8,3,3,0,11,54
9803323,8,4,4,5,7,1,2
9607273,3,1,2,3,0,3,19
9704412,52,3,49,284,15,37,49
9310337,8,2,6,17,8,0,0
9902471,14,4,10,37,3,11,21
9803419,11,5,6,14,6,5,13
9907384,9,5,4,5,1,8,19
9708432,2,2,0,0,0,2,2
9706303,34,2,32,104,2,32,56
12221,15,5,10,24,0,15,102
110193,4,1,3,4,0,4,31
9411397,11,4,7,21,0,11,27
9606483,11,2,9,30,1,10,26
104162,13,2,11,30,0,13,185
9802242,16,5,11,23,0,16,80
9503400,2,1,1,1,0,2,5
9912510,4,1,3,6,0,4,14
107274,4,3,1,1,0,4,14
9902356,5,4,1,1,0,5,8
9604314,4,1,3,5,4,0,0
9312337,2,1,1,1,2,0,0
9408321,4,2,2,3,4,0,0
9909364,5,3,2,2,0,5,27
12017,37,8,29,140,0,37,346
205216,2,2,0,0,0,2,7
9811230,1,1,0,0,1,0,0
9707492,11,4,7,20,3,8,20
9511325,5,2,3,3,0,5,7
202090,9,1,8,15,0,9,41
9701267,2,1,1,1,0,2,4
101092,9,5,4,6,0,9,31
9205210,20,8,12,33,20,0,0
9812269,24,5,19,58,0,24,125
9807320,2,1,1,1,0,2,8
9607439,26,7,19,53,0,26,55
9304264,6,1,5,12,6,0,0
9604254,3,2,1,1,0,3,4
9911345,3,3,0,0,0,3,4
9806394,12,1,11,27,1,11,25
9603389,5,2,3,5,1,4,4
9905441,21,3,18,69,0,21,250
9605444,14,2,12,44,2,12,31
9704447,9,2,7,15,3,6,7
107307,3,3,0,0,0,3,26
9311228,16,11,5,10,0,16,84
9710223,42,5,37,146,1,41,113
9408305,19,2,17,47,19,0,0
110036,1,1,0,0,0,1,3
101151,13,2,11,44,0,13,103
104200,16,2,14,38,2,14,120
202034,12,5,7,30,0,12,50
9504218,5,2,3,3,0,5,9
108120,23,1,22,86,0,23,255
7009,1,1,0,0,0,1,4
9701419,19,5,14,64,1,18,34
204360,9,5,4,8,0,9,48
111319,3,1,2,2,0,3,26
9712307,8,4,4,5,0,8,39
9712523,5,3,2,2,2,3,4
102010,17,4,13,42,0,17,55
9601309,17,5,12,37,0,17,77
9504404,8,4,4,5,0,8,28
12372,2,2,0,0,0,2,4
9312343,9,3,6,18,9,0,0
9803497,17,2,15,42,4,13,27
9411382,9,1,8,17,9,0,0
9902456,0,0,0,0,0,0,0
302124,0,0,0,0,0,0,0
9308273,13,3,10,31,13,0,0
9809435,4,1,3,6,4,0,0
9808375,6,3,3,6,0,6,40
9408372,0,0,0,0,0,0,0
101342,3,2,1,1,0,3,13
9704217,14,9,5,8,3,11,34
103001,4,1,3,6,0,4,22
9604222,5,2,3,3,0,5,10
109008,5,3,2,2,0,5,5
9602422,9,3,6,9,1,8,9
9209223,5,4,1,3,5,0,0
9030,3,2,1,1,2,1,1
9912503,35,1,34,309,0,35,99
9208210,5,1,4,7,5,0,0
4110,12,2,10,33,0,12,50
9701263,1,1,0,0,0,1,1
204025,6,5,1,1,0,6,28
9809466,7,4,3,3,0,7,114
9608407,13,3,10,25,3,10,31
107148,4,3,1,1,0,4,4
105165,6,3,3,3,0,6,57
9804437,3,3,0,0,0,3,8
9508311,8,5,3,4,2,6,11
9601375,8,4,4,7,3,5,6
9905404,11,8,3,3,0,11,33
9711487,8,1,7,17,0,8,72
9902451,62,7,55,282,0,62,436
9504430,2,2,0,0,2,0,0
9806356,33,2,31,107,6,27,78
9503340,10,3,7,20,10,0,0
9807258,14,6,8,14,2,12,39
9502227,44,5,39,187,3,41,332
9310376,1,1,0,0,1,0,0
102039,2,2,0,0,0,2,6
9503470,6,2,4,7,6,0,0
9406311,7,4,3,3,1,6,16
9610256,1,1,0,0,0,1,3
9710445,6,2,4,7,0,6,18
9708256,0,0,0,0,0,0,0
9609370,8,4,4,4,0,8,20
9802306,7,3,4,5,2,5,10
9506345,4,2,2,3,2,2,4
9706538,5,3,2,3,0,5,17
9810400,2,1,1,1,0,2,15
7275,1,1,0,0,0,1,2
9606254,20,6,14,29,0,20,77
102071,18,8,10,19,1,17,66
111411,0,0,0,0,0,0,0
9904233,12,6,6,7,1,11,60
9409316,4,1,3,4,0,4,6
9906383,12,5,7,16,0,12,100
103096,5,3,2,3,0,5,25
9801297,12,2,10,16,0,12,52
9810527,0,0,0,0,0,0,0
9510216,2,1,1,1,0,2,2
9508305,3,2,1,2,2,1,1
9705364,10,1,9,33,2,8,12
201245,4,1,3,5,0,4,25
9508269,3,1,2,3,3,0,0
9603250,5,1,4,5,2,3,9
9806214,5,2,3,4,0,5,10
9906221,12,1,11,33,0,12,119
9606391,5,2,3,5,1,4,4
9807428,3,3,0,0,3,0,0
111436,1,1,0,0,0,1,1
9911332,7,2,5,10,0,7,47
9506225,2,1,1,1,2,0,0
12052,8,1,7,12,2,6,14
110136,3,1,2,3,0,3,28
9809442,6,5,1,2,4,2,2
9511326,7,6,1,1,0,7,11
9704453,6,2,4,10,1,5,8
9703452,0,0,0,0,0,0,0
2002,1,1,0,0,0,1,6
9610399,7,2,5,10,0,7,9
9907254,13,7,6,10,0,13,24
9701266,15,4,11,34,1,14,14
9805357,3,3,0,0,0,3,11
9805331,2,1,1,1,0,2,2
9706479,2,2,0,0,0,2,13
9304202,6,3,3,4,6,0,0
9406275,11,3,8,20,8,3,3
9801364,2,1,1,1,0,2,5
209255,0,0,0,0,0,0,0
9611246,2,2,0,0,1,1,5
9409340,4,4,0,0,0,4,7
9806486,17,3,14,41,0,17,87
9704435,2,2,0,0,0,2,2
9508274,8,4,4,6,1,7,13
12056,5,4,1,1,1,4,22
9704417,7,3,4,7,7,0,0
9091,11,4,7,13,0,11,74
204208,9,1,8,18,0,9,50
9712369,11,3,8,22,1,10,42
9712248,9,4,5,9,2,7,11
205305,5,3,2,2,0,5,23
9611319,3,2,1,1,0,3,6
201134,8,5,3,3,1,7,35
7346,6,4,2,2,1,5,22
8109,0,0,0,0,0,0,0
8048,0,0,0,0,0,0,0
9262,3,2,1,1,0,3,19
9409392,3,2,1,1,1,2,3
107163,7,1,6,10,0,7,58
9509320,23,3,20,61,6,17,17
208243,0,0,0,0,0,0,0
9909241,3,2,1,1,2,1,2
9805224,9,1,8,20,3,6,9
110272,5,3,2,5,0,5,51
104057,8,4,4,8,0,8,82
110299,2,2,0,0,1,1,1
9909321,3,1,2,2,0,3,10
11281,3,2,1,1,0,3,3
9811218,1,1,0,0,0,1,1
209078,0,0,0,0,0,0,0
9802341,12,1,11,25,7,5,5
9503419,1,1,0,0,1,0,0
9301225,10,6,4,6,10,0,0
9411424,2,2,0,0,2,0,0
9401356,6,2,4,8,6,0,0
1162,7,1,6,14,0,7,23
9312266,4,2,2,2,0,4,6
9907486,3,1,2,3,0,3,3
4237,8,3,5,5,0,8,8
9304316,6,3,3,4,6,0,0
9607347,4,1,3,5,1,3,3
110346,7,3,4,5,0,7,102
107204,4,3,1,1,0,4,42
9506389,4,2,2,5,0,4,4
203133,1,1,0,0,0,1,3
9802438,4,2,2,2,0,4,13
9702356,6,2,4,7,0,6,28
9508380,5,3,2,2,5,0,0
9504210,9,3,6,14,8,1,3
9907481,4,2,2,3,2,2,2
9604326,4,2,2,2,0,4,30
9910460,1,1,0,0,0,1,11
12062,9,2,7,15,0,9,102
9502373,4,2,2,3,1,3,6
9412293,3,2,1,1,3,0,0
9410405,6,4,2,4,3,3,3
9606332,7,3,4,7,0,7,11
5210,12,1,11,32,0,12,123
9512326,8,2,6,17,0,8,20
9805223,3,2,1,1,0,3,18
9509303,16,6,10,30,16,0,0
9811303,8,2,6,8,3,5,7
9511225,2,1,1,1,2,0,0
9407252,22,10,12,20,1,21,93
205052,3,2,1,1,0,3,54
9905365,2,2,0,0,0,2,11
9311324,3,1,2,3,3,0,0
9701260,12,4,8,20,0,12,12
111149,2,2,0,0,0,2,10
9602340,5,1,4,7,4,1,1
9802331,1,1,0,0,0,1,8
9806333,3,1,2,3,3,0,0
9803390,6,3,3,3,0,6,6
103036,4,4,0,0,0,4,26
9704400,1,1,0,0,1,0,0
9804420,8,2,6,8,5,3,6
9711385,3,3,0,0,0,3,17
9407266,24,3,21,49,24,0,0
9911492,4,3,1,1,2,2,4
211163,0,0,0,0,0,0,0
9610440,9,2,7,11,1,8,16
205165,6,5,1,1,0,6,42
9812252,5,5,0,0,0,5,45
9212264,1,1,0,0,1,0,0
9503485,1,1,0,0,0,1,9
9304308,1,1,0,0,1,0,0
9605335,9,4,5,12,2,7,11
104211,3,2,1,1,3,0,0
9707382,4,3,1,2,0,4,4
3096,4,2,2,2,0,4,19
9503408,3,2,1,1,1,2,2
9701351,3,3,0,0,1,2,3
9405205,1,1,0,0,0,1,2
9807330,3,3,0,0,1,2,2
9803381,2,2,0,0,0,2,4
12183,1,1,0,0,0,1,8
106186,3,3,0,0,0,3,16
204280,4,2,2,3,1,3,9
110362,2,2,0,0,0,2,16
205287,3,3,0,0,0,3,32
5113,3,1,2,3,2,1,1
9701397,2,1,1,1,0,2,2
9711282,1,1,0,0,0,1,14
201302,4,2,2,3,0,4,8
9809237,2,1,1,1,0,2,8
9202,1,1,0,0,0,1,3
9810279,2,2,0,0,1,1,2
110263,4,1,3,4,0,4,23
9812202,6,3,3,6,0,6,85
9308265,15,3,12,29,15,0,0
9808359,1,1,0,0,1,0,0
9307277,1,1,0,0,0,1,1
110276,5,1,4,6,0,5,34
9806469,0,0,0,0,0,0,0
208214,2,1,1,1,0,2,34
2151,8,3,5,15,0,8,46
9708334,1,1,0,0,0,1,2
9807446,3,1,2,2,0,3,6
110354,1,1,0,0,0,1,5
9904202,3,2,1,1,3,0,0
202113,1,1,0,0,0,1,3
5218,6,1,5,9,0,6,31
201170,5,4,1,1,1,4,13
9602384,1,1,0,0,1,0,0
9711368,1,1,0,0,0,1,8
9901365,1,1,0,0,1,0,0
9808329,5,2,3,6,0,5,8
9401326,1,1,0,0,1,0,0
9709295,14,3,11,16,2,12,26
9509403,0,0,0,0,0,0,0
9509255,8,7,1,1,7,1,2
9308313,1,1,0,0,0,1,2
9702285,3,3,0,0,2,1,1
302094,1,1,0,0,0,1,7
9412394,4,1,3,5,4,0,0
108222,7,2,5,12,0,7,94
4244,1,1,0,0,1,0,0
302268,0,0,0,0,0,0,0
9610262,11,1,10,30,1,10,24
9809356,3,3,0,0,0,3,8
202004,4,1,3,6,0,4,14
9510373,3,3,0,0,2,1,1
9609249,0,0,0,0,0,0,0
9905329,8,8,0,0,0,8,79
8150,8,2,6,12,0,8,34
9710287,7,1,6,12,7,0,0
9209242,1,1,0,0,1,0,0
9711516,15,3,12,34,5,10,47
9302222,4,4,0,0,4,0,0
9509412,3,3,0,0,1,2,7
9806234,1,1,0,0,1,0,0
206290,5,4,1,1,0,5,48
112114,3,1,2,2,0,3,17
9412282,8,3,5,6,1,7,14
9905507,0,0,0,0,0,0,0
9710390,1,1,0,0,0,1,1
9021,0,0,0,0,0,0,0
9902481,6,3,3,3,0,6,20
9803425,7,1,6,9,7,0,0
9911373,0,0,0,0,0,0,0
9411353,4,2,2,3,4,0,0
211178,0,0,0,0,0,0,0
6244,10,3,7,12,1,9,18
9606257,3,2,1,1,1,2,2
204296,0,0,0,0,0,0,0
201006,5,2,3,3,2,3,8
9701355,2,2,0,0,2,0,0
9506410,0,0,0,0,0,0,0
9809228,2,1,1,1,2,0,0
9408261,4,1,3,5,4,0,0
205272,3,2,1,1,2,1,4
9710322,5,2,3,6,0,5,9
9905313,1,1,0,0,0,1,3
9802232,2,2,0,0,0,2,4
9905410,5,1,4,7,2,3,3
112320,4,2,2,3,1,3,10
204061,3,2,1,1,0,3,13
206248,2,1,1,1,0,2,41
9603220,1,1,0,0,1,0,0
302145,0,0,0,0,0,0,0
9812450,2,1,1,1,0,2,2
9312320,5,1,4,7,5,0,0
9708315,2,2,0,0,0,2,3
9808393,4,2,2,5,0,4,37
9606262,1,1,0,0,0,1,5
9603312,6,6,0,0,4,2,2
9806516,2,2,0,0,0,2,12
9210206,7,3,4,6,7,0,0
3279,6,3,3,4,0,6,14
9811245,4,2,2,2,2,2,2
9403323,11,5,6,13,2,9,16
9708234,1,1,0,0,0,1,3
9904454,7,2,5,9,0,7,38
12285,0,0,0,0,0,0,0
9811279,7,3,4,4,0,7,19
9604323,1,1,0,0,1,0,0
9502259,2,1,1,1,0,2,6
209027,2,2,0,0,0,2,2
9401314,4,4,0,0,4,0,0
210433,4,1,3,5,0,4,18
9906498,9,1,8,30,0,9,47
9607390,4,1,3,4,1,3,3
110125,0,0,0,0,0,0,0
209336,1,1,0,0,0,1,4
9906247,5,1,4,7,3,2,2
204077,0,0,0,0,0,0,0
9606420,0,0,0,0,0,0,0
9612277,0,0,0,0,0,0,0
7189,2,2,0,0,0,2,15
7059,2,1,1,1,0,2,8
106107,3,1,2,2,1,2,2
206074,3,3,0,0,0,3,7
9508230,2,2,0,0,2,0,0
9310335,0,0,0,0,0,0,0
109110,3,1,2,2,0,3,6
6203,1,1,0,0,0,1,6
9712298,2,2,0,0,0,2,15
9902453,5,2,3,3,0,5,17
9509416,4,1,3,5,0,4,6
9807563,0,0,0,0,0,0,0
9611216,1,1,0,0,0,1,4
9904457,10,2,8,21,1,9,19
9803292,2,2,0,0,2,0,0
9806431,5,4,1,1,0,5,14
12015,13,3,10,23,1,12,43
11242,2,2,0,0,0,2,5
9702326,6,4,2,2,4,2,5
5071,2,2,0,0,1,1,14
9405224,2,2,0,0,0,2,2
9811514,4,3,1,1,3,1,1
9809340,1,1,0,0,0,1,6
212068,0,0,0,0,0,0,0
9409311,0,0,0,0,0,0,0
104300,15,2,13,27,0,15,245
9309261,8,5,3,5,8,0,0
9608258,1,1,0,0,1,0,0
9609422,1,1,0,0,0,1,3
206085,2,2,0,0,0,2,6
9403265,7,4,3,4,7,0,0
206266,8,3,5,8,0,8,88
104124,3,2,1,1,0,3,11
9512243,4,1,3,6,4,0,0
9910479,2,1,1,1,0,2,7
9910268,4,4,0,0,2,2,5
9501261,1,1,0,0,1,0,0
106145,1,1,0,0,0,1,2
9812464,3,2,1,2,3,0,0
112022,3,2,1,2,0,3,35
9404315,0,0,0,0,0,0,0
9810321,1,1,0,0,0,1,4
108167,2,2,0,0,0,2,16
9904360,3,1,2,2,0,3,6
203194,1,1,0,0,0,1,1
9707301,6,6,0,0,4,2,2
9507406,0,0,0,0,0,0,0
105052,3,2,1,1,0,3,7
105266,1,1,0,0,0,1,5
3104,0,0,0,0,0,0,0
9911249,1,1,0,0,0,1,6
104061,1,1,0,0,1,0,0
9808483,0,0,0,0,0,0,0
9911446,3,2,1,1,0,3,17
9607320,2,1,1,1,2,0,0
210376,0,0,0,0,0,0,0
9912514,2,2,0,0,0,2,5
9410201,1,1,0,0,0,1,2
205280,2,1,1,1,0,2,7
9811485,2,2,0,0,0,2,8
9910345,1,1,0,0,0,1,4
106183,1,1,0,0,0,1,4
9905491,2,2,0,0,1,1,5
9706258,7,2,5,12,3,4,5
204350,2,2,0,0,0,2,15
102030,1,1,0,0,0,1,4
9705448,7,3,4,4,1,6,12
9909547,3,1,2,2,3,0,0
9712416,1,1,0,0,0,1,1
301100,0,0,0,0,0,0,0
212406,1,1,0,0,0,1,8
6219,1,1,0,0,0,1,5
1077,1,1,0,0,0,1,2
4051,6,3,3,6,2,4,8
205218,0,0,0,0,0,0,0
9601218,0,0,0,0,0,0,0
112291,1,1,0,0,0,1,5
9206261,1,1,0,0,1,0,0
9409257,2,2,0,0,2,0,0
207229,0,0,0,0,0,0,0
9801401,0,0,0,0,0,0,0
9805203,0,0,0,0,0,0,0
201189,4,1,3,3,0,4,46
9308372,0,0,0,0,0,0,0
9711270,2,2,0,0,0,2,7
9407356,1,1,0,0,1,0,0
9506320,3,3,0,0,3,0,0
5115,3,3,0,0,0,3,3
106305,1,1,0,0,0,1,4
9901448,2,1,1,1,0,2,7
12365,6,2,4,9,2,4,4
9711458,3,3,0,0,2,1,1
9803215,1,1,0,0,0,1,8
9810339,1,1,0,0,0,1,5
9905331,1,1,0,0,0,1,5
207196,4,3,1,1,0,4,14
207138,0,0,0,0,0,0,0
9812473,2,1,1,1,0,2,6
104265,0,0,0,0,0,0,0
209059,5,4,1,1,0,5,77
9803240,1,1,0,0,0,1,3
9809264,1,1,0,0,1,0,0
9806465,0,0,0,0,0,0,0
210382,0,0,0,0,0,0,0
9411317,1,1,0,0,1,0,0
9307366,2,1,1,1,2,0,0
9509203,1,1,0,0,0,1,1
9305231,1,1,0,0,1,0,0
9911441,0,0,0,0,0,0,0
9703204,4,4,0,0,3,1,1
9405267,1,1,0,0,0,1,1
9906255,3,1,2,2,3,0,0
9805354,1,1,0,0,0,1,1
211418,1,1,0,0,0,1,9
106134,0,0,0,0,0,0,0
9807382,6,5,1,1,0,6,13
110145,0,0,0,0,0,0,0
9406402,4,2,2,2,2,2,2
9910339,1,1,0,0,0,1,6
9135,0,0,0,0,0,0,0
109029,1,1,0,0,0,1,2
9511240,2,2,0,0,0,2,3
211159,0,0,0,0,0,0,0
9810223,4,1,3,5,0,4,11
9906260,5,5,0,0,0,5,32
9811339,0,0,0,0,0,0,0
9611289,0,0,0,0,0,0,0
7171,0,0,0,0,0,0,0
207112,0,0,0,0,0,0,0
9908239,0,0,0,0,0,0,0
9603303,7,3,4,5,0,7,14
9612208,5,3,2,2,1,4,9
7269,8,1,7,22,6,2,6
207290,0,0,0,0,0,0,0
9808442,2,1,1,1,2,0,0
206240,0,0,0,0,0,0,0
9804264,5,4,1,2,3,2,2
9907424,1,1,0,0,0,1,2
301012,0,0,0,0,0,0,0
9711314,0,0,0,0,0,0,0
9409205,0,0,0,0,0,0,0
3132,0,0,0,0,0,0,0
102153,2,1,1,1,0,2,19
9505274,0,0,0,0,0,0,0
204266,0,0,0,0,0,0,0
212322,0,0,0,0,0,0,0
111199,6,1,5,7,0,6,49
6285,0,0,0,0,0,0,0
6283,1,1,0,0,0,1,7
101071,1,1,0,0,1,0,0
204073,0,0,0,0,0,0,0
9206217,2,2,0,0,2,0,0
9501323,6,3,3,4,6,0,0
111122,0,0,0,0,0,0,0
9712511,0,0,0,0,0,0,0
102016,2,1,1,1,0,2,7
9809382,0,0,0,0,0,0,0
301049,0,0,0,0,0,0,0
9412357,2,2,0,0,2,0,0
9602261,1,1,0,0,0,1,1
9912365,2,1,1,1,2,0,0
9701340,2,2,0,0,1,1,1
9805234,3,3,0,0,1,2,2
3040,2,2,0,0,1,1,1
9708361,0,0,0,0,0,0,0
101130,0,0,0,0,0,0,0
106318,1,1,0,0,0,1,4
302126,0,0,0,0,0,0,0
9706359,1,1,0,0,0,1,1
302059,0,0,0,0,0,0,0
210233,0,0,0,0,0,0,0
110184,1,1,0,0,0,1,14
9606336,2,2,0,0,1,1,1
9903263,1,1,0,0,0,1,1
9411361,0,0,0,0,0,0,0
9712539,0,0,0,0,0,0,0
301210,0,0,0,0,0,0,0
9704261,0,0,0,0,0,0,0
9311354,1,1,0,0,1,0,0
9509385,0,0,0,0,0,0,0
9604249,0,0,0,0,0,0,0
301156,0,0,0,0,0,0,0
104250,1,1,0,0,0,1,9
9194,0,0,0,0,0,0,0
301237,0,0,0,0,0,0,0
9307343,1,1,0,0,1,0,0
9905548,0,0,0,0,0,0,0
109036,2,2,0,0,0,2,6
110349,1,1,0,0,0,1,1
9411248,1,1,0,0,1,0,0
9804362,0,0,0,0,0,0,0
9710351,0,0,0,0,0,0,0
9808402,0,0,0,0,0,0,0
208261,5,1,4,9,0,5,29
302040,0,0,0,0,0,0,0
9407346,0,0,0,0,0,0,0
205200,0,0,0,0,0,0,0
9810525,0,0,0,0,0,0,0
9909257,2,2,0,0,0,2,2
207154,0,0,0,0,0,0,0
110090,1,1,0,0,0,1,1
205078,1,1,0,0,0,1,2
1024,2,2,0,0,0,2,5
102011,1,1,0,0,1,0,0
105040,1,1,0,0,0,1,11
9902379,4,4,0,0,0,4,8
4229,0,0,0,0,0,0,0
212024,0,0,0,0,0,0,0
9802428,0,0,0,0,0,0,0
9607219,0,0,0,0,0,0,0
208160,1,1,0,0,0,1,21
207001,0,0,0,0,0,0,0
8299,0,0,0,0,0,0,0
9610284,0,0,0,0,0,0,0
9711370,0,0,0,0,0,0,0
9312317,3,3,0,0,3,0,0
210301,1,1,0,0,0,1,6
210032,2,2,0,0,0,2,18
212056,0,0,0,0,0,0,0
2018,0,0,0,0,0,0,0
112080,0,0,0,0,0,0,0
3296,1,1,0,0,1,0,0
9906510,2,1,1,1,0,2,2
102285,0,0,0,0,0,0,0
202051,0,0,0,0,0,0,0
103120,0,0,0,0,0,0,0
9811320,0,0,0,0,0,0,0
9906543,2,2,0,0,0,2,10
9904205,0,0,0,0,0,0,0
9308239,0,0,0,0,0,0,0
9709359,0,0,0,0,0,0,0
9809334,0,0,0,0,0,0,0
9601225,0,0,0,0,0,0,0
9412369,0,0,0,0,0,0,0
9908374,2,1,1,1,0,2,15
9809595,0,0,0,0,0,0,0
302136,0,0,0,0,0,0,0
9206226,1,1,0,0,1,0,0
9908519,1,1,0,0,1,0,0
9507231,2,1,1,1,2,0,0
11129,0,0,0,0,0,0,0
104026,0,0,0,0,0,0,0
9405286,0,0,0,0,0,0,0
207134,1,1,0,0,0,1,3
9810362,0,0,0,0,0,0,0
105314,1,1,0,0,1,0,0
3216,0,0,0,0,0,0,0
9805258,1,1,0,0,0,1,3
112268,1,1,0,0,0,1,9
9604276,2,2,0,0,2,0,0
104054,0,0,0,0,0,0,0
207207,0,0,0,0,0,0,0
9910303,1,1,0,0,0,1,5
207142,2,1,1,1,0,2,17
112162,2,2,0,0,0,2,24
302191,0,0,0,0,0,0,0
9506434,2,1,1,1,2,0,0
210368,0,0,0,0,0,0,0
9805408,0,0,0,0,0,0,0
9809471,0,0,0,0,0,0,0
206111,0,0,0,0,0,0,0
1076,0,0,0,0,0,0,0
9805425,1,1,0,0,0,1,2
302199,0,0,0,0,0,0,0
212138,0,0,0,0,0,0,0
211382,1,1,0,0,0,1,11
101356,0,0,0,0,0,0,0
3008,0,0,0,0,0,0,0
209242,1,1,0,0,0,1,7
302016,0,0,0,0,0,0,0
5237,1,1,0,0,1,0,0
9712274,1,1,0,0,0,1,1
9323,0,0,0,0,0,0,0
110293,5,3,2,5,1,4,17
111083,0,0,0,0,0,0,0
9805320,0,0,0,0,0,0,0
101265,0,0,0,0,0,0,0
9811319,0,0,0,0,0,0,0
205304,0,0,0,0,0,0,0
9909317,0,0,0,0,0,0,0
9904339,0,0,0,0,0,0,0
11001,0,0,0,0,0,0,0
204261,0,0,0,0,0,0,0
9811354,0,0,0,0,0,0,0
206303,0,0,0,0,0,0,0
9912206,0,0,0,0,0,0,0
9707238,0,0,0,0,0,0,0
9407387,0,0,0,0,0,0,0
9902287,0,0,0,0,0,0,0
9902421,0,0,0,0,0,0,0
211389,0,0,0,0,0,0,0
7271,0,0,0,0,0,0,0
11025,2,2,0,0,0,2,15
11290,0,0,0,0,0,0,0
212016,0,0,0,0,0,0,0
9909520,1,1,0,0,0,1,5
9506368,0,0,0,0,0,0,0
9212251,0,0,0,0,0,0,0
301243,0,0,0,0,0,0,0
111197,2,2,0,0,0,2,8
9711404,0,0,0,0,0,0,0
9810268,0,0,0,0,0,0,0
9807333,0,0,0,0,0,0,0
211217,0,0,0,0,0,0,0
9711209,0,0,0,0,0,0,0
302217,0,0,0,0,0,0,0
9705316,0,0,0,0,0,0,0
207203,0,0,0,0,0,0,0
302209,0,0,0,0,0,0,0
111018,0,0,0,0,0,0,0
207033,0,0,0,0,0,0,0
9908344,1,1,0,0,1,0,0
9907429,1,1,0,0,0,1,2
9810414,0,0,0,0,0,0,0
9602413,0,0,0,0,0,0,0
9709248,0,0,0,0,0,0,0
9501413,0,0,0,0,0,0,0
212176,0,0,0,0,0,0,0
110065,0,0,0,0,0,0,0
211157,0,0,0,0,0,0,0
9607348,0,0,0,0,0,0,0
301109,0,0,0,0,0,0,0
107026,1,1,0,0,0,1,9
9603399,0,0,0,0,0,0,0
208263,1,1,0,0,0,1,5
9804218,2,2,0,0,2,0,0
9706433,0,0,0,0,0,0,0
9912440,0,0,0,0,0,0,0
9611298,1,1,0,0,1,0,0
3175,2,2,0,0,0,2,3
210055,4,3,1,1,0,4,25
9901393,0,0,0,0,0,0,0
9503410,0,0,0,0,0,0,0
6033,1,1,0,0,0,1,9
9808383,1,1,0,0,0,1,2
212159,0,0,0,0,0,0,0
107196,1,1,0,0,0,1,3
9608302,0,0,0,0,0,0,0
211089,0,0,0,0,0,0,0
109038,0,0,0,0,0,0,0
208090,0,0,0,0,0,0,0
210249,0,0,0,0,0,0,0
9904215,1,1,0,0,1,0,0
9805374,1,1,0,0,0,1,11
302053,0,0,0,0,0,0,0
9709238,0,0,0,0,0,0,0
9605453,0,0,0,0,0,0,0
9901251,0,0,0,0,0,0,0
9710365,0,0,0,0,0,0,0
3290,0,0,0,0,0,0,0
7044,0,0,0,0,0,0,0
9701348,0,0,0,0,0,0,0
1007,1,1,0,0,1,0,0
9907558,0,0,0,0,0,0,0
9609223,0,0,0,0,0,0,0
202148,0,0,0,0,0,0,0
212167,1,1,0,0,0,1,3
9801389,1,1,0,0,1,0,0
9605352,0,0,0,0,0,0,0
9506250,0,0,0,0,0,0,0
9406435,0,0,0,0,0,0,0
206286,0,0,0,0,0,0,0
111399,1,1,0,0,0,1,3
9811233,0,0,0,0,0,0,0
202263,1,1,0,0,1,0,0
209352,0,0,0,0,0,0,0
9912546,0,0,0,0,0,0,0
9712206,0,0,0,0,0,0,0
9701377,0,0,0,0,0,0,0
9410305,1,1,0,0,1,0,0
212155,0,0,0,0,0,0,0
9609299,1,1,0,0,1,0,0
207206,0,0,0,0,0,0,0
3062,0,0,0,0,0,0,0
8167,0,0,0,0,0,0,0
9506297,0,0,0,0,0,0,0
109216,0,0,0,0,0,0,0
9809528,0,0,0,0,0,0,0
9810502,0,0,0,0,0,0,0
206046,0,0,0,0,0,0,0
2107,0,0,0,0,0,0,0
210217,0,0,0,0,0,0,0
302196,0,0,0,0,0,0,0
9611252,0,0,0,0,0,0,0
301207,0,0,0,0,0,0,0
9802398,0,0,0,0,0,0,0
9810519,0,0,0,0,0,0,0
9511390,0,0,0,0,0,0,0
2080,0,0,0,0,0,0,0
5097,0,0,0,0,0,0,0
9709253,0,0,0,0,0,0,0
205222,0,0,0,0,0,0,0
104206,0,0,0,0,0,0,0
210086,0,0,0,0,0,0,0
103073,0,0,0,0,0,0,0
4112,0,0,0,0,0,0,0
302140,0,0,0,0,0,0,0
208051,0,0,0,0,0,0,0
109270,0,0,0,0,0,0,0
9912401,0,0,0,0,0,0,0
301134,0,0,0,0,0,0,0
108032,0,0,0,0,0,0,0
12330,0,0,0,0,0,0,0
9411216,0,0,0,0,0,0,0
211205,0,0,0,0,0,0,0
207089,0,0,0,0,0,0,0
109218,0,0,0,0,0,0,0
9907546,0,0,0,0,0,0,0
111072,0,0,0,0,0,0,0
9608316,0,0,0,0,0,0,0
106003,0,0,0,0,0,0,0
9505228,0,0,0,0,0,0,0
9909548,0,0,0,0,0,0,0
9910430,0,0,0,0,0,0,0
9706487,13,3,10,31,0,13,13
6124,138,6,132,768,5,133,638
9607366,18,2,16,81,13,5,5
101259,4,2,2,4,0,4,48
9904408,55,5,50,377,6,49,414
9412375,7,3,4,4,2,5,5
9606435,9,2,7,11,0,9,53
9158,15,7,8,17,6,9,20
9512264,50,5,45,169,16,34,54
9609311,6,3,3,3,0,6,21
9912458,14,2,12,25,1,13,38
9204214,75,4,71,299,75,0,0
9601217,3,2,1,1,0,3,6
9812377,13,4,9,23,0,13,78
9506386,6,1,5,7,1,5,5
9912459,3,3,0,0,1,2,4
9910301,21,7,14,32,2,19,33
9211240,5,3,2,2,5,0,0
9309268,21,6,15,53,18,3,3
9505251,43,1,42,250,5,38,77
9505366,1,1,0,0,0,1,3
9502418,36,2,34,170,1,35,81
9809266,10,2,8,14,6,4,8
9708403,22,5,17,59,9,13,22
9304271,13,2,11,38,13,0,0
9403201,24,6,18,80,20,4,4
9909425,46,2,44,293,1,45,269
9808241,19,6,13,36,10,9,10
9905202,18,2,16,47,0,18,99
9507371,31,5,26,86,1,30,75
9702243,24,5,19,73,6,18,34
9707282,12,2,10,17,1,11,38
9804433,6,3,3,3,0,6,23
9502297,45,8,37,166,11,34,41
9804262,20,2,18,91,4,16,20
9901203,6,3,3,8,0,6,11
9405414,51,8,43,149,51,0,0
9607310,53,6,47,283,4,49,120
9702400,10,5,5,6,3,7,23
3301,13,3,10,32,0,13,65
9610419,6,5,1,2,2,4,10
9506354,53,5,48,216,53,0,0
9712392,44,3,41,246,22,22,26
9606251,60,2,58,490,1,59,171
103299,13,3,10,26,0,13,98
5189,40,5,35,152,0,40,539
9805260,8,4,4,8,1,7,24
102017,23,3,20,77,0,23,183
6146,27,2,25,91,0,27,164
9605408,92,8,84,732,1,91,429
9703250,24,5,19,54,0,24,227
9605259,41,9,32,139,8,33,101
9412227,2,2,0,0,2,0,0
109260,20,8,12,23,0,20,165
9411296,34,5,29,101,6,28,113
9901342,12,5,7,9,0,12,76
1253,24,4,20,77,0,24,296
9910297,1,1,0,0,0,1,7
9710335,72,5,67,416,6,66,496
5323,3,3,0,0,0,3,9
9406428,21,5,16,80,4,17,19
9511205,41,10,31,114,41,0,0
9501281,156,8,148,1165,57,99,205
9512225,43,4,39,145,5,38,43
9609503,13,2,11,19,1,12,32
9811291,221,4,217,2767,4,217,1112
9312215,48,8,40,234,8,40,77
9512265,3,2,1,1,0,3,22
9806435,13,4,9,14,2,11,19
9609474,42,1,41,271,8,34,121
9605460,8,2,6,12,1,7,20
9311213,21,2,19,83,19,2,6
9911410,3,2,1,1,1,2,4
9603214,17,3,14,70,0,17,27
9709390,11,8,3,3,0,11,56
9309234,21,4,17,59,21,0,0
9705295,14,4,10,33,0,14,56
9906230,26,3,23,99,0,26,224
9902230,9,2,7,19,1,8,23
9610414,28,4,24,104,16,12,19
9403376,9,4,5,6,0,9,77
9205228,45,10,35,147,45,0,0
9708327,24,5,19,59,0,24,287
9208207,17,3,14,42,17,0,0
9903258,9,5,4,8,0,9,49
9503255,3,3,0,0,0,3,20
9403231,7,4,3,5,7,0,0
9507386,66,3,63,643,4,62,138
9406214,17,9,8,26,17,0,0
9804212,41,10,31,121,8,33,109
9204210,17,5,12,35,17,0,0
9403403,42,6,36,130,9,33,48
9910334,8,3,5,9,0,8,31
9508353,13,4,9,20,13,0,0
9307221,28,3,25,98,28,0,0
9811520,7,1,6,11,1,6,39
9801444,15,1,14,43,8,7,7
9907385,57,4,53,651,2,55,63
9308370,5,2,3,4,0,5,5
1104,30,4,26,115,0,30,578
9512365,13,2,11,23,13,0,0
9908310,59,3,56,419,0,59,576
9406220,18,1,17,74,5,13,29
9905521,5,1,4,9,0,5,40
101289,4,3,1,1,0,4,20
210133,5,2,3,4,0,5,41
9906523,50,2,48,236,0,50,234
9506398,18,4,14,29,11,7,12
9607421,34,9,25,126,2,32,39
9612363,28,1,27,166,28,0,0
6128,16,4,12,23,0,16,104
9807269,27,5,22,84,0,27,133
9802443,3,1,2,2,1,2,2
9511298,2,2,0,0,0,2,4
9501382,17,2,15,61,17,0,0
9808443,25,5,20,73,8,17,20
9607379,28,7,21,80,4,24,28
9812493,1,1,0,0,0,1,1
9809315,29,3,26,124,0,29,167
9901219,12,3,9,14,0,12,35
9803333,21,1,20,87,21,0,0
9303299,14,5,9,25,5,9,9
9805447,8,1,7,14,0,8,29
9611375,18,6,12,24,3,15,37
9511267,5,3,2,2,0,5,8
9511469,5,5,0,0,1,4,19
9511363,57,9,48,217,24,33,38
103088,18,8,10,19,0,18,114
9502317,36,1,35,129,2,34,84
9804283,14,2,12,45,0,14,47
5261,37,3,34,123,0,37,167
9174,17,7,10,23,2,15,26
9606464,9,2,7,23,1,8,13
4028,47,1,46,261,40,7,8
106084,9,2,7,19,0,9,33
102238,25,2,23,176,0,25,224
12067,6,2,4,7,1,5,5
3138,4,1,3,4,2,2,4
104304,39,3,36,140,1,38,119
9504283,5,1,4,9,0,5,12
9402254,21,8,13,49,18,3,3
9809438,22,9,13,25,5,17,46
5259,25,4,21,72,2,23,51
9508325,47,21,26,45,41,6,6
9507388,22,3,19,74,22,0,0
9505320,65,3,62,430,0,65,225
1001,36,3,33,265,0,36,354
9808287,17,3,14,57,1,16,47
9402270,20,2,18,33,20,0,0
9902299,3,3,0,0,0,3,18
2199,55,6,49,271,0,55,306
9906327,32,4,28,118,0,32,321
9912455,7,6,1,1,0,7,61
9408245,59,6,53,488,59,0,0
9901229,58,4,54,252,3,55,250
211296,2,1,1,1,1,1,1
9907471,8,2,6,17,0,8,20
208050,2,1,1,1,0,2,16
12350,14,3,11,26,2,12,37
112351,15,1,14,30,0,15,74
9603249,235,3,232,2389,156,79,90
9406266,8,3,5,10,1,7,16
109004,3,2,1,2,0,3,24
1335,17,6,11,17,0,17,131
9909411,32,8,24,71,0,32,173
9506467,22,4,18,34,2,20,47
9507368,16,7,9,18,3,13,17
9706494,9,2,7,13,0,9,31
204311,2,1,1,1,0,2,5
9810510,14,1,13,29,0,14,53
9712362,9,1,8,16,0,9,73
9906539,22,5,17,45,0,22,134
9909538,7,2,5,11,1,6,28
11355,12,3,9,16,0,12,242
9912369,1,1,0,0,0,1,36
9507424,9,2,7,21,1,8,9
9506456,14,1,13,15,14,0,0
9907209,3,2,1,1,0,3,44
9411303,72,4,68,503,19,53,183
9605295,33,7,26,89,1,32,129
9409432,2,1,1,1,0,2,2
9810235,7,4,3,5,0,7,58
9410372,9,3,6,10,6,3,6
9706231,4,3,1,1,0,4,22
9510207,16,3,13,24,4,12,20
102090,36,4,32,143,2,34,38
9710313,24,5,19,93,8,16,33
9701300,10,2,8,14,0,10,41
9903474,18,3,15,42,4,14,149
9410228,2,2,0,0,1,1,1
9912326,11,3,8,31,11,0,0
8089,0,0,0,0,0,0,0
9405303,6,4,2,2,6,0,0
101305,20,4,16,55,1,19,196
9707525,1,1,0,0,0,1,2
9610490,22,7,15,39,5,17,35
9711349,20,5,15,48,20,0,0
9306253,15,3,12,43,15,0,0
9805342,76,7,69,338,2,74,476
9502261,32,9,23,41,14,18,23
9603302,11,3,8,12,2,9,17
9502262,21,3,18,50,21,0,0
9706229,9,4,5,10,0,9,40
9811412,18,5,13,32,0,18,94
109195,1,1,0,0,0,1,1
211313,1,1,0,0,0,1,4
201066,5,2,3,3,0,5,13
9252,2,1,1,1,0,2,12
9808360,17,9,8,23,0,17,156
9401264,11,5,6,9,11,0,0
9607291,17,4,13,32,3,14,88
9706269,2,2,0,0,0,2,18
9705323,12,2,10,28,0,12,56
9303310,2,2,0,0,2,0,0
9905477,10,1,9,18,10,0,0
9601356,42,4,38,235,1,41,166
9612364,64,5,59,512,0,64,495
9403388,11,7,4,9,1,10,20
9404272,9,1,8,16,3,6,8
9609209,12,6,6,15,3,9,48
9805208,29,2,27,138,0,29,64
9512361,0,0,0,0,0,0,0
108073,23,10,13,30,1,22,200
105261,5,3,2,2,0,5,47
9704283,14,3,11,29,6,8,15
107061,6,2,4,9,0,6,25
9902289,1,1,0,0,0,1,5
9409350,0,0,0,0,0,0,0
9810350,8,2,6,11,8,0,0
110159,3,3,0,0,1,2,4
8205,1,1,0,0,1,0,0
1172,21,3,18,28,3,18,47
9404357,61,8,53,232,48,13,20
9710392,8,3,5,9,1,7,74
9410326,39,14,25,58,2,37,90
5093,6,5,1,1,0,6,68
9709401,9,3,6,10,1,8,25
6160,31,3,28,164,3,28,129
4159,0,0,0,0,0,0,0
10190,2,2,0,0,0,2,2
104176,3,2,1,1,0,3,17
9811481,44,3,41,211,2,42,211
9711439,3,1,2,2,0,3,18
7222,17,4,13,23,0,17,88
9308208,13,4,9,33,5,8,8
9907360,10,2,8,19,0,10,79
9907496,31,2,29,166,1,30,262
101127,9,6,3,3,0,9,54
106029,10,3,7,16,1,9,9
9710266,8,6,2,3,1,7,11
9211303,15,4,11,21,15,0,0
301079,0,0,0,0,0,0,0
9306229,27,4,23,110,4,23,23
9307218,9,3,6,10,9,0,0
9706436,6,1,5,6,0,6,6
9610397,6,2,4,6,0,6,26
9706401,2,1,1,1,2,0,0
9607266,9,2,7,16,0,9,14
9905264,13,4,9,18,0,13,66
9311337,13,2,11,51,0,13,35
9606359,11,5,6,9,3,8,26
11159,12,2,10,22,0,12,49
9512429,9,2,7,13,9,0,0
9406375,2,1,1,1,1,1,1
9510424,4,2,2,3,0,4,11
9705251,58,2,56,329,4,54,82
9312239,4,1,3,6,0,4,4
9701379,6,1,5,7,6,0,0
9804244,4,4,0,0,0,4,9
9703210,26,4,22,78,9,17,17
9307261,1,1,0,0,1,0,0
9709243,33,6,27,85,1,32,86
9505434,6,3,3,4,6,0,0
9703455,15,2,13,42,0,15,76
9607405,6,4,2,2,0,6,18
203009,4,2,2,3,0,4,18
9801350,25,1,24,134,2,23,195
9806461,8,4,4,13,0,8,41
9505307,3,2,1,1,0,3,10
8113,4,1,3,4,0,4,38
108109,5,4,1,1,1,4,22
9710293,1,1,0,0,1,0,0
9611303,2,1,1,1,0,2,2
9402304,5,3,2,4,4,1,1
9609441,11,2,9,33,8,3,5
9904473,4,3,1,1,0,4,20
102046,19,4,15,54,0,19,199
10299,4,2,2,3,1,3,9
9610387,0,0,0,0,0,0,0
9402223,12,2,10,20,6,6,6
9605456,41,3,38,221,6,35,70
12352,53,5,48,380,0,53,103
9703278,32,3,29,120,8,24,28
9712432,5,1,4,7,0,5,22
9209231,16,3,13,29,16,0,0
9403263,2,1,1,1,2,0,0
9807364,1,1,0,0,0,1,4
9709245,8,4,4,5,0,8,27
9406283,7,3,4,8,3,4,5
9505270,4,3,1,1,1,3,3
1175,14,1,13,34,0,14,67
9808340,26,6,20,73,0,26,122
9508268,7,3,4,9,5,2,2
9912278,13,1,12,40,0,13,186
201036,1,1,0,0,0,1,4
9606287,6,2,4,6,1,5,5
6256,3,3,0,0,0,3,20
9412225,4,2,2,2,0,4,30
9812478,9,5,4,4,2,7,16
1272,4,3,1,2,0,4,10
9910252,12,3,9,17,1,11,53
101307,16,2,14,48,0,16,36
108020,3,2,1,1,2,1,1
201225,18,2,16,55,0,18,33
9504311,5,3,2,2,2,3,3
104112,13,1,12,40,0,13,43
7206,2,2,0,0,0,2,12
9705258,20,4,16,85,3,17,29
206258,4,3,1,1,0,4,56
112123,4,4,0,0,0,4,29
10068,3,2,1,2,0,3,4
9911237,24,2,22,94,2,22,57
103180,2,2,0,0,0,2,8
9602338,4,1,3,5,4,0,0
9511412,6,4,2,2,0,6,15
1327,7,3,4,7,6,1,1
9601206,8,4,4,6,2,6,6
9808454,29,2,27,95,0,29,116
9610217,24,3,21,108,16,8,8
9804223,3,2,1,1,3,0,0
8220,6,2,4,10,2,4,6
9611440,0,0,0,0,0,0,0
9903274,6,4,2,3,1,5,111
9902426,2,1,1,1,1,1,8
9210267,1,1,0,0,1,0,0
3170,2,1,1,1,0,2,4
2054,4,1,3,3,0,4,48
106094,3,1,2,3,0,3,18
9405385,7,3,4,5,2,5,5
206201,2,2,0,0,1,1,1
9702363,28,6,22,73,1,27,43
112139,0,0,0,0,0,0,0
201164,1,1,0,0,1,0,0
9405390,3,1,2,3,3,0,0
9312312,19,7,12,41,0,19,65
5080,24,3,21,69,0,24,359
9702222,6,2,4,5,0,6,8
9802231,2,2,0,0,0,2,5
9907485,1,1,0,0,0,1,32
9703357,7,3,4,6,2,5,5
110102,11,7,4,7,1,10,10
107211,3,3,0,0,0,3,16
9808466,1,1,0,0,0,1,8
9602301,9,4,5,12,5,4,5
9805493,4,1,3,4,0,4,9
9910244,1,1,0,0,1,0,0
9802248,7,2,5,10,0,7,61
9903327,14,4,10,12,0,14,86
9503496,4,4,0,0,4,0,0
9601256,2,1,1,1,2,0,0
9507259,1,1,0,0,0,1,3
9809441,3,2,1,2,1,2,6
9510421,4,2,2,2,1,3,12
9301249,1,1,0,0,1,0,0
9809312,8,3,5,9,3,5,5
9709477,0,0,0,0,0,0,0
9501386,4,1,3,5,4,0,0
201236,1,1,0,0,0,1,3
9806275,4,2,2,3,0,4,10
101029,1,1,0,0,1,0,0
9912441,0,0,0,0,0,0,0
9706513,2,2,0,0,0,2,4
9404230,1,1,0,0,1,0,0
9707333,5,3,2,2,0,5,15
9812332,5,3,2,2,0,5,32
5208,19,8,11,24,3,16,39
9703236,3,1,2,2,2,1,5
106206,5,2,3,4,0,5,33
9298,5,5,0,0,0,5,33
9708490,5,2,3,7,0,5,12
9306201,9,4,5,7,9,0,0
9909302,5,1,4,4,0,5,35
9304312,4,1,3,3,4,0,0
9607436,8,1,7,16,8,0,0
9805230,2,2,0,0,0,2,6
9510392,1,1,0,0,0,1,1
9808424,3,1,2,2,0,3,28
9705334,5,3,2,4,0,5,5
201293,3,1,2,2,0,3,36
9804277,14,6,8,9,1,13,76
9807393,6,1,5,9,0,6,87
204243,1,1,0,0,0,1,5
9911362,0,0,0,0,0,0,0
9507420,12,5,7,13,12,0,0
9409450,0,0,0,0,0,0,0
6123,9,5,4,8,0,9,32
9224,7,4,3,3,0,7,37
9605442,3,2,1,1,2,1,1
109030,11,1,10,15,1,10,29
110199,1,1,0,0,0,1,15
9901375,3,3,0,0,0,3,4
9311293,6,1,5,9,6,0,0
9403386,3,2,1,1,1,2,5
9710439,1,1,0,0,0,1,7
2086,4,2,2,3,0,4,41
9702324,1,1,0,0,0,1,2
9809551,1,1,0,0,1,0,0
3102,0,0,0,0,0,0,0
9805500,12,7,5,13,1,11,74
9911527,1,1,0,0,0,1,2
9904351,5,3,2,3,0,5,8
9305229,2,1,1,1,2,0,0
9411263,4,2,2,2,4,0,0
9706273,11,6,5,8,8,3,3
9910332,3,3,0,0,0,3,5
9609403,2,2,0,0,0,2,12
9307219,5,4,1,1,5,0,0
9903299,9,4,5,7,1,8,31
9707317,5,2,3,4,0,5,12
9707543,6,1,5,7,3,3,3
112222,2,2,0,0,0,2,9
9709501,2,1,1,1,0,2,3
105297,17,7,10,36,1,16,55
7283,4,1,3,5,0,4,23
9704265,3,3,0,0,0,3,9
9802274,3,1,2,3,0,3,3
9706350,5,2,3,3,3,2,2
9810443,2,1,1,1,0,2,18
207348,14,4,10,28,0,14,134
208162,1,1,0,0,0,1,23
9407274,6,5,1,1,5,1,1
9807383,3,2,1,1,3,0,0
9502255,11,1,10,23,0,11,36
9706234,2,1,1,1,0,2,11
9807414,6,2,4,7,0,6,23
9704394,12,3,9,19,0,12,50
202192,1,1,0,0,1,0,0
11191,4,2,2,2,0,4,13
2211,5,1,4,9,0,5,21
107022,4,2,2,2,0,4,14
110402,3,2,1,1,0,3,39
102116,4,2,2,3,0,4,53
9702382,0,0,0,0,0,0,0
207210,3,2,1,1,0,3,19
9609388,5,1,4,5,1,4,17
104067,2,2,0,0,0,2,10
9805364,0,0,0,0,0,0,0
9712275,0,0,0,0,0,0,0
9301265,11,6,5,11,11,0,0
9711304,1,1,0,0,0,1,1
9510237,1,1,0,0,0,1,1
2003,5,3,2,5,0,5,23
9609262,2,1,1,1,0,2,5
9803483,6,2,4,11,6,0,0
11352,6,4,2,2,0,6,40
111321,0,0,0,0,0,0,0
9412230,1,1,0,0,1,0,0
9908347,4,3,1,1,0,4,19
12300,3,2,1,1,0,3,28
9601379,10,2,8,16,6,4,4
210349,1,1,0,0,0,1,2
9709312,5,1,4,7,0,5,13
9703324,6,2,4,6,0,6,29
9507267,11,2,9,24,0,11,11
9308339,8,3,5,7,8,0,0
2128,3,3,0,0,0,3,11
9611248,3,3,0,0,0,3,26
9707504,6,3,3,3,0,6,11
9810549,1,1,0,0,0,1,6
9602226,0,0,0,0,0,0,0
9605397,5,2,3,5,4,1,1
9410249,9,2,7,12,2,7,7
9404287,5,1,4,6,5,0,0
10166,1,1,0,0,0,1,2
9610402,12,2,10,24,0,12,43
9805476,3,2,1,1,0,3,11
9706373,4,1,3,5,1,3,4
112312,0,0,0,0,0,0,0
210263,8,1,7,25,8,0,0
9408286,2,1,1,1,0,2,5
205230,7,2,5,5,0,7,34
9804349,2,2,0,0,0,2,11
9610202,4,2,2,4,0,4,30
9212226,20,6,14,44,20,0,0
9708420,2,1,1,1,0,2,4
9602406,2,1,1,1,2,0,0
9604239,2,1,1,1,0,2,5
9903280,3,2,1,1,0,3,3
9902346,5,3,2,4,0,5,8
102150,4,1,3,3,1,3,20
9908474,2,2,0,0,0,2,11
9906421,5,3,2,2,0,5,11
9909383,4,1,3,3,1,3,3
9504423,4,1,3,3,0,4,8
9405311,5,3,2,5,5,0,0
209093,0,0,0,0,0,0,0
9612238,3,1,2,3,0,3,7
302067,2,2,0,0,1,1,1
9601301,2,2,0,0,0,2,6
10237,4,1,3,3,0,4,12
10208,7,3,4,7,1,6,45
9810285,0,0,0,0,0,0,0
9605399,3,1,2,2,1,2,2
104247,1,1,0,0,1,0,0
9710338,1,1,0,0,0,1,3
9801226,7,3,4,8,3,4,6
9807233,1,1,0,0,0,1,6
9402313,0,0,0,0,0,0,0
9607413,0,0,0,0,0,0,0
9810548,2,2,0,0,2,0,0
9804446,2,2,0,0,1,1,3
9701415,8,6,2,2,1,7,20
9706421,11,4,7,9,0,11,42
209305,3,2,1,2,0,3,35
204031,0,0,0,0,0,0,0
3188,11,4,7,17,0,11,93
9910233,7,1,6,12,1,6,17
9807568,0,0,0,0,0,0,0
9803358,1,1,0,0,0,1,5
203148,2,1,1,1,0,2,4
9812437,2,1,1,1,0,2,9
9806443,1,1,0,0,1,0,0
101182,0,0,0,0,0,0,0
8079,9,1,8,22,9,0,0
9606274,6,1,5,8,0,6,82
9402238,3,2,1,1,0,3,5
3071,0,0,0,0,0,0,0
9209252,6,3,3,4,6,0,0
202050,6,4,2,2,0,6,36
2132,5,3,2,2,0,5,26
8081,2,1,1,1,2,0,0
11130,6,3,3,5,0,6,48
9911256,2,2,0,0,0,2,15
3116,0,0,0,0,0,0,0
202228,2,1,1,1,0,2,3
9506211,0,0,0,0,0,0,0
202276,2,2,0,0,0,2,6
104048,8,4,4,6,0,8,37
4156,1,1,0,0,0,1,1
9606295,9,2,7,15,6,3,3
9803230,1,1,0,0,0,1,13
9903368,1,1,0,0,0,1,1
10157,0,0,0,0,0,0,0
9207251,6,6,0,0,6,0,0
9709293,6,1,5,7,1,5,15
103181,1,1,0,0,0,1,4
9607458,3,2,1,1,0,3,3
9302209,0,0,0,0,0,0,0
6007,6,3,3,3,0,6,26
212023,5,1,4,5,0,5,38
9312241,2,1,1,1,2,0,0
9807204,2,1,1,1,0,2,4
9711412,0,0,0,0,0,0,0
10134,3,1,2,2,1,2,2
9611398,10,2,8,20,0,10,28
9708407,1,1,0,0,0,1,2
202109,8,2,6,13,0,8,15
9406292,2,1,1,1,2,0,0
110122,4,2,2,2,4,0,0
9407304,1,1,0,0,1,0,0
102044,1,1,0,0,0,1,6
9809584,0,0,0,0,0,0,0
9906390,0,0,0,0,0,0,0
9712343,9,2,7,20,0,9,31
9607434,2,2,0,0,0,2,3
9812325,1,1,0,0,0,1,6
9705205,2,1,1,1,2,0,0
112259,6,4,2,2,0,6,72
112346,4,1,3,3,0,4,34
9408323,3,3,0,0,0,3,3
9810370,4,2,2,3,2,2,5
9305215,6,3,3,5,6,0,0
9703355,0,0,0,0,0,0,0
9507423,0,0,0,0,0,0,0
9605252,4,3,1,1,0,4,6
9904435,0,0,0,0,0,0,0
9501355,1,1,0,0,0,1,4
9406254,1,1,0,0,0,1,3
9313,3,1,2,2,0,3,8
9809417,2,2,0,0,0,2,3
105347,3,3,0,0,0,3,20
110156,4,2,2,3,1,3,5
9705321,1,1,0,0,1,0,0
9302293,4,3,1,1,4,0,0
9904476,0,0,0,0,0,0,0
9410279,6,2,4,8,6,0,0
209178,4,2,2,3,0,4,53
9802427,2,1,1,1,0,2,6
9607351,5,4,1,1,2,3,6
9903345,3,3,0,0,0,3,5
110195,3,2,1,2,0,3,27
109224,6,2,4,5,1,5,9
111075,5,2,3,5,0,5,16
7280,7,3,4,6,0,7,69
9612307,0,0,0,0,0,0,0
9410348,6,3,3,4,4,2,2
9806355,4,2,2,4,4,0,0
9305298,1,1,0,0,1,0,0
212370,0,0,0,0,0,0,0
9311319,5,3,2,6,5,0,0
10062,4,1,3,3,0,4,9
9603322,7,6,1,1,4,3,3
101080,1,1,0,0,0,1,4
9905427,15,6,9,22,8,7,11
209246,0,0,0,0,0,0,0
9907547,7,3,4,9,0,7,38
9405285,2,2,0,0,2,0,0
9811258,1,1,0,0,0,1,3
209223,1,1,0,0,1,0,0
6334,5,1,4,6,0,5,14
9709353,19,4,15,34,1,18,62
9808440,2,1,1,1,0,2,10
9501227,0,0,0,0,0,0,0
12016,2,2,0,0,0,2,2
9711336,0,0,0,0,0,0,0
211282,4,3,1,2,0,4,20
4105,3,2,1,1,0,3,15
11193,0,0,0,0,0,0,0
108262,6,2,4,6,4,2,5
9402248,3,1,2,3,3,0,0
11044,1,1,0,0,0,1,2
2073,1,1,0,0,0,1,3
9710542,2,2,0,0,1,1,4
212238,0,0,0,0,0,0,0
102029,2,2,0,0,0,2,8
204147,1,1,0,0,0,1,3
107215,3,2,1,1,0,3,12
9903531,5,4,1,1,0,5,55
302004,0,0,0,0,0,0,0
9303235,4,4,0,0,4,0,0
204085,2,2,0,0,0,2,11
104180,2,1,1,1,0,2,8
9905352,3,3,0,0,0,3,4
9807309,1,1,0,0,1,0,0
9409457,3,2,1,1,3,0,0
9803387,4,2,2,3,2,2,4
101027,3,2,1,1,0,3,3
9905377,9,2,7,15,0,9,22
9904439,3,2,1,1,3,0,0
1325,2,2,0,0,0,2,12
4138,6,1,5,13,4,2,2
9809222,3,1,2,3,0,3,6
9801402,2,2,0,0,0,2,2
211110,2,2,0,0,0,2,15
9409312,1,1,0,0,0,1,1
9812442,4,2,2,2,4,0,0
9607337,0,0,0,0,0,0,0
208113,8,1,7,15,0,8,41
105091,1,1,0,0,1,0,0
106353,13,1,12,25,0,13,223
210325,0,0,0,0,0,0,0
9510256,2,2,0,0,2,0,0
6072,0,0,0,0,0,0,0
206207,8,4,4,6,0,8,49
9801292,4,1,3,6,4,0,0
9509252,1,1,0,0,0,1,1
204242,2,2,0,0,0,2,5
9512430,3,1,2,3,0,3,3
9309311,0,0,0,0,0,0,0
9405417,0,0,0,0,0,0,0
301056,0,0,0,0,0,0,0
9501248,1,1,0,0,1,0,0
9309284,2,2,0,0,2,0,0
210028,1,1,0,0,0,1,15
9811287,0,0,0,0,0,0,0
6300,3,3,0,0,0,3,8
101316,2,1,1,1,0,2,12
106294,1,1,0,0,0,1,13
204335,4,2,2,3,0,4,26
9302214,5,3,2,2,5,0,0
208239,0,0,0,0,0,0,0
9901357,3,3,0,0,2,1,1
9509306,0,0,0,0,0,0,0
9807551,6,3,3,5,4,2,3
9411398,0,0,0,0,0,0,0
9312244,4,3,1,1,4,0,0
1283,0,0,0,0,0,0,0
9707221,3,2,1,1,0,3,6
9708286,1,1,0,0,0,1,1
205176,2,1,1,1,0,2,12
3300,9,2,7,20,0,9,36
9404232,3,1,2,2,0,3,3
207013,4,2,2,3,0,4,16
101343,1,1,0,0,0,1,2
206297,2,2,0,0,0,2,5
9912204,1,1,0,0,0,1,1
9809439,4,3,1,1,0,4,6
9905564,0,0,0,0,0,0,0
7291,4,2,2,2,0,4,35
9810212,0,0,0,0,0,0,0
9712255,0,0,0,0,0,0,0
101221,1,1,0,0,0,1,2
9909327,0,0,0,0,0,0,0
212130,1,1,0,0,1,0,0
208143,3,2,1,1,0,3,16
212366,0,0,0,0,0,0,0
9711206,6,2,4,8,1,5,9
7345,2,1,1,1,0,2,8
212298,2,2,0,0,0,2,11
9409355,0,0,0,0,0,0,0
211115,0,0,0,0,0,0,0
9209286,1,1,0,0,1,0,0
203200,0,0,0,0,0,0,0
203210,1,1,0,0,0,1,1
9512247,0,0,0,0,0,0,0
9603215,0,0,0,0,0,0,0
9608282,0,0,0,0,0,0,0
9302257,2,2,0,0,2,0,0
7076,4,2,2,3,2,2,4
9709415,5,2,3,3,5,0,0
101203,0,0,0,0,0,0,0
9907554,6,3,3,4,6,0,0
9709224,1,1,0,0,0,1,3
9268,1,1,0,0,0,1,4
206214,1,1,0,0,0,1,1
211409,0,0,0,0,0,0,0
109124,1,1,0,0,0,1,7
210381,0,0,0,0,0,0,0
9702262,5,1,4,6,2,3,4
209281,1,1,0,0,0,1,2
9711278,1,1,0,0,0,1,1
9703272,1,1,0,0,1,0,0
205043,0,0,0,0,0,0,0
211101,1,1,0,0,0,1,8
9606358,2,2,0,0,1,1,1
107011,1,1,0,0,0,1,7
9709207,3,1,2,3,0,3,13
202235,2,1,1,1,0,2,3
9808405,0,0,0,0,0,0,0
9706424,0,0,0,0,0,0,0
10027,0,0,0,0,0,0,0
9803441,0,0,0,0,0,0,0
110380,0,0,0,0,0,0,0
9602270,2,1,1,1,2,0,0
9503385,2,2,0,0,1,1,1
9912485,2,2,0,0,0,2,4
9412264,1,1,0,0,0,1,1
301015,1,1,0,0,0,1,10
101210,2,2,0,0,2,0,0
9809202,1,1,0,0,0,1,1
102072,2,2,0,0,0,2,15
9312267,4,2,2,3,4,0,0
101152,0,0,0,0,0,0,0
9310287,1,1,0,0,1,0,0
203065,2,2,0,0,0,2,11
9312340,1,1,0,0,1,0,0
10061,0,0,0,0,0,0,0
9909269,1,1,0,0,0,1,2
2175,0,0,0,0,0,0,0
107147,6,2,4,6,0,6,81
212209,0,0,0,0,0,0,0
9905211,3,3,0,0,0,3,7
9504223,0,0,0,0,0,0,0
9909375,1,1,0,0,0,1,1
9708320,1,1,0,0,0,1,1
3272,4,4,0,0,0,4,11
109076,1,1,0,0,0,1,2
111358,2,1,1,1,0,2,3
9907378,3,2,1,2,2,1,1
206018,0,0,0,0,0,0,0
9805375,2,2,0,0,2,0,0
9802210,0,0,0,0,0,0,0
205072,4,3,1,1,0,4,14
9603283,3,3,0,0,0,3,3
9608475,3,1,2,2,0,3,9
9610346,0,0,0,0,0,0,0
104030,4,1,3,6,0,4,8
9803444,1,1,0,0,0,1,1
9809532,0,0,0,0,0,0,0
9808464,1,1,0,0,0,1,3
9903321,0,0,0,0,0,0,0
9907299,2,2,0,0,0,2,8
204155,2,1,1,1,0,2,13
9812400,0,0,0,0,0,0,0
205294,0,0,0,0,0,0,0
9610476,0,0,0,0,0,0,0
9607211,3,1,2,2,3,0,0
6241,0,0,0,0,0,0,0
9906386,3,3,0,0,3,0,0
208018,0,0,0,0,0,0,0
209201,0,0,0,0,0,0,0
9809316,0,0,0,0,0,0,0
6287,0,0,0,0,0,0,0
104069,0,0,0,0,0,0,0
9805227,2,1,1,1,0,2,5
9710241,2,1,1,1,2,0,0
9606366,2,1,1,1,0,2,2
3078,1,1,0,0,1,0,0
9312282,1,1,0,0,0,1,1
9910312,0,0,0,0,0,0,0
101301,2,2,0,0,1,1,3
9012,2,1,1,1,2,0,0
9608232,0,0,0,0,0,0,0
9810265,0,0,0,0,0,0,0
9709282,1,1,0,0,0,1,6
204034,3,3,0,0,0,3,6
9809394,1,1,0,0,0,1,4
9806329,2,1,1,1,1,1,2
9710440,0,0,0,0,0,0,0
9804287,0,0,0,0,0,0,0
208066,1,1,0,0,0,1,4
9311212,1,1,0,0,1,0,0
9908249,2,2,0,0,0,2,6
9603298,1,1,0,0,0,1,1
8101,0,0,0,0,0,0,0
203028,4,2,2,5,0,4,15
9910302,0,0,0,0,0,0,0
9906518,1,1,0,0,0,1,1
209358,0,0,0,0,0,0,0
106270,0,0,0,0,0,0,0
9807316,1,1,0,0,0,1,1
301194,0,0,0,0,0,0,0
9701380,0,0,0,0,0,0,0
12265,0,0,0,0,0,0,0
9407331,0,0,0,0,0,0,0
206222,1,1,0,0,0,1,1
211168,0,0,0,0,0,0,0
209262,5,1,4,8,0,5,31
6267,1,1,0,0,0,1,10
9307360,2,1,1,1,0,2,2
9909491,0,0,0,0,0,0,0
204015,0,0,0,0,0,0,0
9906438,0,0,0,0,0,0,0
3109,1,1,0,0,0,1,2
9509382,2,1,1,1,2,0,0
9906239,3,1,2,3,3,0,0
9807558,0,0,0,0,0,0,0
106148,1,1,0,0,0,1,9
202162,0,0,0,0,0,0,0
9804448,1,1,0,0,0,1,1
111384,0,0,0,0,0,0,0
9807392,0,0,0,0,0,0,0
302243,0,0,0,0,0,0,0
9303212,3,3,0,0,3,0,0
205223,1,1,0,0,1,0,0
103297,1,1,0,0,1,0,0
208042,0,0,0,0,0,0,0
9908277,0,0,0,0,0,0,0
12269,0,0,0,0,0,0,0
9501353,0,0,0,0,0,0,0
103348,0,0,0,0,0,0,0
108052,0,0,0,0,0,0,0
208274,0,0,0,0,0,0,0
9704240,1,1,0,0,0,1,2
9803208,0,0,0,0,0,0,0
7163,3,2,1,1,0,3,36
9812214,0,0,0,0,0,0,0
9507370,0,0,0,0,0,0,0
9511472,0,0,0,0,0,0,0
302057,0,0,0,0,0,0,0
9310370,1,1,0,0,1,0,0
9908275,0,0,0,0,0,0,0
7117,0,0,0,0,0,0,0
9604361,0,0,0,0,0,0,0
9707219,0,0,0,0,0,0,0
203231,0,0,0,0,0,0,0
301159,0,0,0,0,0,0,0
9308307,1,1,0,0,1,0,0
205114,0,0,0,0,0,0,0
9711494,0,0,0,0,0,0,0
102333,1,1,0,0,1,0,0
9905274,0,0,0,0,0,0,0
9703344,0,0,0,0,0,0,0
9508240,1,1,0,0,1,0,0
9608446,0,0,0,0,0,0,0
9407369,0,0,0,0,0,0,0
9906483,0,0,0,0,0,0,0
208148,0,0,0,0,0,0,0
9704254,0,0,0,0,0,0,0
9812359,3,3,0,0,0,3,8
9802257,0,0,0,0,0,0,0
9805243,3,1,2,2,0,3,3
206175,0,0,0,0,0,0,0
108194,1,1,0,0,0,1,3
9903290,0,0,0,0,0,0,0
9607283,0,0,0,0,0,0,0
9903347,1,1,0,0,0,1,2
208056,1,1,0,0,0,1,5
9905201,0,0,0,0,0,0,0
207180,0,0,0,0,0,0,0
9812462,0,0,0,0,0,0,0
9711331,0,0,0,0,0,0,0
9607228,0,0,0,0,0,0,0
9809519,0,0,0,0,0,0,0
9810218,0,0,0,0,0,0,0
106164,0,0,0,0,0,0,0
9412383,1,1,0,0,0,1,2
9708400,0,0,0,0,0,0,0
209243,1,1,0,0,1,0,0
211360,1,1,0,0,0,1,11
4063,1,1,0,0,0,1,1
209292,0,0,0,0,0,0,0
207345,3,2,1,1,0,3,18
9804220,0,0,0,0,0,0,0
203095,0,0,0,0,0,0,0
9806320,0,0,0,0,0,0,0
9910513,0,0,0,0,0,0,0
111220,2,1,1,1,0,2,16
9406240,0,0,0,0,0,0,0
9410277,0,0,0,0,0,0,0
9808416,0,0,0,0,0,0,0
9811213,1,1,0,0,0,1,3
301088,0,0,0,0,0,0,0
106103,0,0,0,0,0,0,0
9509332,1,1,0,0,1,0,0
111401,0,0,0,0,0,0,0
211120,0,0,0,0,0,0,0
9802318,0,0,0,0,0,0,0
107172,1,1,0,0,0,1,5
202259,0,0,0,0,0,0,0
9808358,0,0,0,0,0,0,0
110162,0,0,0,0,0,0,0
212314,0,0,0,0,0,0,0
9909234,0,0,0,0,0,0,0
9912400,1,1,0,0,1,0,0
9310277,0,0,0,0,0,0,0
9711306,0,0,0,0,0,0,0
9810462,0,0,0,0,0,0,0
10314,0,0,0,0,0,0,0
208244,0,0,0,0,0,0,0
9709299,0,0,0,0,0,0,0
106338,1,1,0,0,0,1,9
9905335,0,0,0,0,0,0,0
110171,0,0,0,0,0,0,0
212186,0,0,0,0,0,0,0
9605429,1,1,0,0,1,0,0
9909216,0,0,0,0,0,0,0
9608237,0,0,0,0,0,0,0
9911312,0,0,0,0,0,0,0
212079,0,0,0,0,0,0,0
211226,0,0,0,0,0,0,0
212255,0,0,0,0,0,0,0
301163,1,1,0,0,0,1,3
12164,1,1,0,0,0,1,2
204245,1,1,0,0,0,1,1
1165,0,0,0,0,0,0,0
204045,0,0,0,0,0,0,0
9709281,0,0,0,0,0,0,0
9910467,0,0,0,0,0,0,0
101352,0,0,0,0,0,0,0
301202,0,0,0,0,0,0,0
207045,2,2,0,0,0,2,8
9803353,0,0,0,0,0,0,0
6318,0,0,0,0,0,0,0
204304,0,0,0,0,0,0,0
302156,0,0,0,0,0,0,0
9706451,0,0,0,0,0,0,0
9311263,2,2,0,0,2,0,0
209351,0,0,0,0,0,0,0
302258,0,0,0,0,0,0,0
9701319,0,0,0,0,0,0,0
205120,0,0,0,0,0,0,0
102058,0,0,0,0,0,0,0
9806498,0,0,0,0,0,0,0
9306283,0,0,0,0,0,0,0
12284,0,0,0,0,0,0,0
109086,0,0,0,0,0,0,0
9905430,0,0,0,0,0,0,0
11128,0,0,0,0,0,0,0
9908383,0,0,0,0,0,0,0
101126,0,0,0,0,0,0,0
210081,0,0,0,0,0,0,0
9402228,0,0,0,0,0,0,0
211099,0,0,0,0,0,0,0
1213,0,0,0,0,0,0,0
209323,1,1,0,0,0,1,4
9310342,1,1,0,0,1,0,0
9603231,0,0,0,0,0,0,0
205089,1,1,0,0,0,1,10
9903514,0,0,0,0,0,0,0
302220,0,0,0,0,0,0,0
209344,0,0,0,0,0,0,0
205285,0,0,0,0,0,0,0
9505389,0,0,0,0,0,0,0
112221,0,0,0,0,0,0,0
212224,0,0,0,0,0,0,0
9707343,0,0,0,0,0,0,0
9706255,1,1,0,0,1,0,0
11204,0,0,0,0,0,0,0
207283,0,0,0,0,0,0,0
9810348,0,0,0,0,0,0,0
9806330,0,0,0,0,0,0,0
8001,0,0,0,0,0,0,0
105070,0,0,0,0,0,0,0
9209230,3,3,0,0,3,0,0
9408263,0,0,0,0,0,0,0
104046,0,0,0,0,0,0,0
9811435,0,0,0,0,0,0,0
210340,0,0,0,0,0,0,0
9709393,0,0,0,0,0,0,0
7077,0,0,0,0,0,0,0
104209,0,0,0,0,0,0,0
9604428,0,0,0,0,0,0,0
9901383,1,1,0,0,1,0,0
9812507,0,0,0,0,0,0,0
9602376,0,0,0,0,0,0,0
9805444,0,0,0,0,0,0,0
9912314,1,1,0,0,1,0,0
102024,0,0,0,0,0,0,0
301034,0,0,0,0,0,0,0
110058,0,0,0,0,0,0,0
207317,0,0,0,0,0,0,0
210029,0,0,0,0,0,0,0
11279,1,1,0,0,1,0,0
103152,1,1,0,0,0,1,12
9907402,0,0,0,0,0,0,0
209176,0,0,0,0,0,0,0
9511418,0,0,0,0,0,0,0
201050,2,1,1,1,2,0,0
106009,0,0,0,0,0,0,0
104219,0,0,0,0,0,0,0
9806448,0,0,0,0,0,0,0
105210,0,0,0,0,0,0,0
212036,0,0,0,0,0,0,0
209213,0,0,0,0,0,0,0
9607346,0,0,0,0,0,0,0
104157,0,0,0,0,0,0,0
9804457,0,0,0,0,0,0,0
1331,0,0,0,0,0,0,0
9904381,0,0,0,0,0,0,0
207166,0,0,0,0,0,0,0
9084,0,0,0,0,0,0,0
1187,0,0,0,0,0,0,0
301010,0,0,0,0,0,0,0
211383,0,0,0,0,0,0,0
11106,0,0,0,0,0,0,0
205079,0,0,0,0,0,0,0
210293,0,0,0,0,0,0,0
9909462,0,0,0,0,0,0,0
301174,0,0,0,0,0,0,0
9805359,0,0,0,0,0,0,0
12327,0,0,0,0,0,0,0
9609446,0,0,0,0,0,0,0
9902257,0,0,0,0,0,0,0
9911234,0,0,0,0,0,0,0
111310,0,0,0,0,0,0,0
9508214,0,0,0,0,0,0,0
111444,0,0,0,0,0,0,0
9606210,1,1,0,0,1,0,0
6225,13,6,7,13,0,13,78
9607447,36,4,32,180,5,31,75
102274,1,1,0,0,0,1,5
9906434,65,4,61,469,1,64,464
9510323,2,1,1,1,0,2,4
106233,3,3,0,0,1,2,2
12351,20,5,15,40,0,20,85
9606419,38,7,31,70,4,34,59
9610368,15,3,12,25,0,15,44
6035,7,2,5,10,2,5,8
9205203,14,5,9,18,14,0,0
9601305,3,1,2,2,1,2,13
9903369,13,2,11,17,1,12,96
9506409,9,2,7,18,9,0,0
9603409,12,4,8,19,0,12,24
9912236,47,3,44,257,1,46,379
9301286,3,3,0,0,3,0,0
9301295,10,5,5,9,8,2,2
9505405,49,1,48,282,31,18,18
9302288,31,6,25,74,16,15,15
9303303,39,4,35,114,39,0,0
9403270,9,3,6,9,9,0,0
9711415,30,4,26,146,27,3,5
9602342,18,4,14,37,8,10,61
9404354,16,4,12,42,14,2,2
9909469,53,4,49,405,2,51,375
9808261,20,3,17,69,3,17,66
9905340,7,2,5,10,7,0,0
9703465,47,8,39,204,4,43,92
9708301,10,4,6,9,0,10,27
9709483,13,2,11,31,1,12,30
9403311,16,2,14,47,16,0,0
9505383,9,4,5,5,1,8,17
2149,36,7,29,106,5,31,289
9904301,22,2,20,91,0,22,62
9612217,41,8,33,77,5,36,107
9608308,60,4,56,381,4,56,148
9707457,8,4,4,6,2,6,8
4075,6,2,4,6,1,5,38
9704238,4,2,2,3,0,4,7
9510439,81,6,75,459,24,57,105
9802292,6,4,2,2,2,4,27
9608352,27,4,23,61,8,19,48
104090,13,8,5,7,0,13,47
6056,19,1,18,45,0,19,219
9806347,4,1,3,4,0,4,16
102287,7,1,6,8,0,7,28
7196,20,6,14,48,0,20,142
9606203,38,4,34,203,1,37,125
9703312,22,3,19,88,0,22,130
9807514,3,3,0,0,3,0,0
9504270,2,2,0,0,2,0,0
9409313,42,1,41,282,42,0,0
9504235,31,7,24,89,10,21,50
9902205,12,2,10,27,0,12,53
1266,8,2,6,21,0,8,23
110350,0,0,0,0,0,0,0
9710336,39,3,36,169,1,38,293
9710348,10,4,6,15,10,0,0
9601384,28,4,24,105,1,27,50
9707377,12,7,5,5,0,12,23
9506289,55,2,53,257,42,13,13
9601360,64,4,60,330,9,55,104
9706247,20,7,13,34,0,20,79
9811337,184,8,176,2128,0,184,807
9312296,69,8,61,751,0,69,348
9503227,3,2,1,2,3,0,0
9811270,13,4,9,20,5,8,21
9610370,50,6,44,258,1,49,267
9506321,7,4,3,4,1,6,9
9312218,8,4,4,18,0,8,30
9607374,2,2,0,0,2,0,0
9405237,48,6,42,241,26,22,22
9710500,5,3,2,2,0,5,17
9901438,4,1,3,4,0,4,4
9708350,14,4,10,30,0,14,69
9909435,22,4,18,59,0,22,177
9311261,9,4,5,6,9,0,0
9702339,19,4,15,63,1,18,47
9407344,37,7,30,128,1,36,104
9302269,9,4,5,8,2,7,14
9710513,21,4,17,49,0,21,141
9307260,9,5,4,10,7,2,2
9405346,36,4,32,130,1,35,159
9211249,21,4,17,86,21,0,0
9409405,3,2,1,1,3,0,0
9512396,72,2,70,838,10,62,126
9506438,16,4,12,23,6,10,35
9804357,15,5,10,18,3,12,42
9206239,11,2,9,24,11,0,0
9404318,10,2,8,22,1,9,9
9911463,6,2,4,5,0,6,62
9601214,2,2,0,0,0,2,2
9309263,11,8,3,4,11,0,0
9902274,4,2,2,2,0,4,25
9501230,28,5,23,146,28,0,0
9907472,37,3,34,202,3,34,75
9312319,96,8,88,599,91,5,5
2123,24,1,23,82,0,24,358
9808444,69,2,67,874,0,69,239
9908314,13,1,12,51,0,13,81
9406236,5,2,3,4,1,4,6
9908290,9,1,8,29,0,9,106
3215,2,2,0,0,0,2,33
210134,2,2,0,0,0,2,8
9402311,0,0,0,0,0,0,0
9509358,17,4,13,32,0,17,44
9805289,18,5,13,33,0,18,163
9710438,28,2,26,151,2,26,26
8058,25,5,20,65,0,25,70
9807278,55,25,30,80,3,52,240
9804214,12,2,10,16,0,12,54
9601393,4,4,0,0,0,4,11
9502260,34,5,29,134,20,14,14
9910271,13,5,8,15,6,7,11
9607485,36,5,31,129,14,22,46
1226,4,3,1,1,1,3,14
9904404,110,7,103,763,9,101,458
9901350,37,4,33,138,6,31,124
9804285,39,6,33,186,9,30,52
9308251,2,1,1,1,0,2,4
9805494,18,6,12,25,1,17,50
9701425,12,4,8,12,0,12,26
9601249,38,6,32,172,8,30,69
9601303,19,3,16,30,0,19,59
9209289,46,7,39,137,46,0,0
203049,3,3,0,0,1,2,17
9505207,40,4,36,148,3,37,46
9805367,30,3,27,107,0,30,158
7227,19,4,15,31,1,18,109
9205,17,4,13,23,0,17,54
9703367,22,9,13,31,4,18,46
4043,59,7,52,260,0,59,420
111059,51,5,46,179,2,49,163
102242,21,1,20,126,0,21,187
105004,16,4,12,27,0,16,121
9210272,23,1,22,77,23,0,0
105267,40,8,32,115,1,39,185
107329,5,4,1,1,0,5,59
9405252,6,2,4,7,1,5,7
9907427,10,2,8,19,0,10,38
12089,8,3,5,11,2,6,14
9901256,3,2,1,1,0,3,11
9610514,14,5,9,22,8,6,11
9701284,97,5,92,1027,1,96,357
9307368,9,1,8,20,9,0,0
9902443,20,4,16,71,6,14,14
9503476,14,4,10,22,6,8,12
9702408,17,3,14,23,3,14,34
4129,4,2,2,2,0,4,46
9906431,22,3,19,51,0,22,495
9904380,34,4,30,209,0,34,656
9504284,8,1,7,15,0,8,16
9901331,30,3,27,108,0,30,200
211412,3,3,0,0,1,2,20
9193,4,1,3,3,0,4,17
207167,2,1,1,1,0,2,22
105067,16,2,14,32,2,14,47
6041,64,17,47,165,0,64,767
9604317,142,1,141,1169,20,122,122
9212215,2,1,1,1,2,0,0
109258,2,1,1,1,0,2,9
4214,8,4,4,4,0,8,50
9912276,7,2,5,6,0,7,29
9507366,27,9,18,47,3,24,56
9610296,7,4,3,4,0,7,23
9812513,17,5,12,34,0,17,55
9809301,5,2,3,4,3,2,3
9811215,2,2,0,0,0,2,8
9610507,13,5,8,15,8,5,5
9907421,30,13,17,31,7,23,73
9019,0,0,0,0,0,0,0
105103,12,4,8,23,0,12,183
101089,10,6,4,6,0,10,24
9203210,4,2,2,3,4,0,0
9705477,59,23,36,76,30,29,53
9501324,43,3,40,252,0,43,114
9601349,52,3,49,205,0,52,366
9606410,19,8,11,31,0,19,158
111316,1,1,0,0,0,1,5
9708306,18,2,16,76,3,15,22
9610451,37,14,23,52,12,25,66
9411229,93,4,89,582,47,46,47
9510343,3,2,1,1,0,3,13
103151,16,2,14,54,0,16,39
9807565,18,4,14,39,17,1,1
9706501,8,2,6,8,0,8,72
9906224,50,12,38,107,0,50,442
9311237,35,8,27,75,12,23,23
5030,5,2,3,4,1,4,14
7341,3,3,0,0,0,3,9
9602213,12,6,6,7,11,1,1
102257,16,7,9,32,0,16,203
9805216,10,2,8,22,1,9,18
9611232,3,1,2,2,0,3,8
9711350,4,1,3,6,4,0,0
9407206,13,3,10,33,9,4,4
9807212,4,2,2,3,1,3,8
9508347,151,15,136,794,73,78,177
9807405,14,6,8,18,0,14,71
9504277,25,6,19,65,3,22,49
9710379,19,4,15,30,4,15,80
9901453,4,2,2,3,0,4,29
9710462,4,2,2,3,4,0,0
106306,5,2,3,4,4,1,1
9707345,18,4,14,38,2,16,37
9911436,33,8,25,81,0,33,235
9810364,13,5,8,12,0,13,81
9408363,11,7,4,6,10,1,1
9608310,13,3,10,19,6,7,49
9706371,2,1,1,1,0,2,25
9707291,82,10,72,380,1,81,406
9610355,2,2,0,0,0,2,8
9907487,8,1,7,11,2,6,11
9602272,25,3,22,86,0,25,107
9702409,74,4,70,513,0,74,846
9403391,12,7,5,9,1,11,17
9605288,57,6,51,203,10,47,141
9612376,4,4,0,0,0,4,33
9805315,21,3,18,60,0,21,108
9212298,9,9,0,0,9,0,0
108147,10,2,8,15,0,10,31
9702315,29,6,23,69,5,24,74
9705227,1,1,0,0,1,0,0
9907255,7,5,2,3,0,7,42
9903272,1,1,0,0,0,1,3
9904203,11,2,9,21,0,11,51
9806230,1,1,0,0,1,0,0
112285,7,6,1,1,1,6,18
3287,5,3,2,3,0,5,6
1249,21,5,16,80,1,20,98
9407368,5,4,1,2,0,5,24
9802381,43,4,39,243,0,43,329
9909251,2,1,1,1,0,2,3
7145,4,3,1,1,1,3,15
9809535,4,1,3,4,0,4,43
3105,16,1,15,75,1,15,40
9603217,20,7,13,34,10,10,16
9910489,4,2,2,2,2,2,4
9710561,28,4,24,70,1,27,66
9904472,46,6,40,158,2,44,221
9805327,12,1,11,19,4,8,45
106155,5,4,1,2,2,3,11
9311352,5,4,1,1,5,0,0
9907368,6,3,3,8,0,6,11
9912253,9,4,5,13,0,9,138
101264,2,2,0,0,1,1,8
104024,13,2,11,31,13,0,0
9503464,20,5,15,57,7,13,26
9304234,9,2,7,14,9,0,0
6196,5,4,1,1,2,3,7
9307324,28,3,25,127,2,26,26
9708211,14,3,11,23,0,14,73
9707214,16,4,12,24,0,16,25
9612254,9,2,7,18,0,9,55
9706523,5,2,3,4,2,3,3
9611307,7,1,6,12,2,5,9
9909559,4,2,2,2,0,4,11
9404296,9,4,5,10,0,9,35
9608209,3,1,2,2,0,3,15
12097,12,4,8,19,0,12,42
9601391,7,5,2,2,2,5,14
9401227,4,3,1,1,4,0,0
9608230,1,1,0,0,0,1,4
9706294,39,4,35,168,0,39,111
9703313,29,5,24,136,6,23,27
9709205,10,2,8,20,2,8,13
9804439,7,3,4,4,0,7,24
9806499,15,1,14,29,0,15,36
9610532,4,2,2,4,4,0,0
9712451,8,3,5,9,0,8,14
9607432,28,9,19,49,5,23,85
9804462,22,2,20,110,2,20,91
9504320,10,3,7,16,1,9,12
4027,23,2,21,87,1,22,85
9902305,4,1,3,6,4,0,0
9811255,4,1,3,4,0,4,22
9511208,1,1,0,0,0,1,8
8328,3,2,1,1,0,3,42
111130,6,3,3,4,0,6,41
9906204,0,0,0,0,0,0,0
9409296,17,4,13,42,12,5,5
9508284,1,1,0,0,1,0,0
9904428,5,1,4,8,0,5,41
9611285,12,2,10,19,10,2,2
9507344,10,2,8,26,8,2,5
108100,18,7,11,25,0,18,82
9506437,7,3,4,5,1,6,23
9504431,11,3,8,16,0,11,51
9606273,5,1,4,9,0,5,8
108071,40,4,36,223,0,40,400
9708454,4,2,2,2,4,0,0
9507244,3,2,1,1,0,3,21
9707476,5,2,3,5,0,5,18
9601236,7,2,5,11,7,0,0
9909391,6,2,4,7,0,6,13
9306264,17,3,14,40,0,17,32
102027,0,0,0,0,0,0,0
9412356,7,1,6,9,0,7,28
9711307,12,3,9,22,7,5,23
9810286,9,2,7,14,0,9,33
9506318,4,3,1,2,4,0,0
2239,6,1,5,11,1,5,35
11222,5,3,2,2,1,4,10
112300,23,8,15,26,1,22,146
109140,18,9,9,17,0,18,176
9601365,15,2,13,42,0,15,94
9602377,6,2,4,9,6,0,0
9605434,23,4,19,79,6,17,28
201195,12,5,7,14,0,12,71
105278,2,2,0,0,0,2,2
108168,21,9,12,28,0,21,258
201231,30,6,24,119,19,11,20
9505300,1,1,0,0,0,1,1
104130,12,2,10,28,0,12,44
9803218,12,2,10,39,1,11,84
9902294,18,7,11,37,5,13,35
9808458,10,2,8,18,2,8,8
7266,13,6,7,17,0,13,62
2245,9,5,4,5,0,9,63
9912428,4,2,2,3,4,0,0
107056,13,4,9,24,0,13,57
9605422,3,1,2,2,0,3,3
9709381,0,0,0,0,0,0,0
9506231,1,1,0,0,0,1,1
112140,11,3,8,18,0,11,84
9903341,26,3,23,64,0,26,72
9801215,16,2,14,48,2,14,16
9906240,1,1,0,0,1,0,0
8221,10,4,6,14,2,8,31
9609290,2,2,0,0,0,2,3
9907279,7,3,4,7,0,7,48
9902295,0,0,0,0,0,0,0
9309246,9,4,5,9,2,7,14
3249,1,1,0,0,0,1,5
9408365,7,5,2,7,0,7,22
202131,12,3,9,24,0,12,76
9602369,1,1,0,0,0,1,5
9210281,12,1,11,29,12,0,0
9504375,11,2,9,33,1,10,68
10332,4,2,2,3,0,4,12
202171,3,2,1,2,3,0,0
9509216,18,2,16,63,17,1,1
9906215,3,1,2,2,0,3,14
5262,19,4,15,31,0,19,149
9609220,3,3,0,0,0,3,8
11155,3,3,0,0,1,2,11
9610479,11,5,6,17,3,8,8
5194,6,2,4,11,0,6,20
111287,2,2,0,0,0,2,5
203088,0,0,0,0,0,0,0
9809495,1,1,0,0,0,1,6
9709455,5,2,3,6,0,5,12
9809251,5,2,3,4,0,5,19
9807505,9,6,3,5,0,9,15
9602382,1,1,0,0,1,0,0
9905376,24,7,17,43,0,24,208
105317,0,0,0,0,0,0,0
204010,1,1,0,0,0,1,8
4205,7,3,4,4,1,6,11
9809497,3,3,0,0,0,3,6
9205243,25,5,20,83,25,0,0
9712303,2,1,1,1,0,2,4
9908485,7,2,5,9,3,4,11
9403203,2,2,0,0,2,0,0
206003,7,4,3,3,3,4,6
7152,8,5,3,5,0,8,46
9910375,2,1,1,1,0,2,10
4092,3,2,1,1,2,1,4
9911432,3,1,2,3,0,3,24
9712526,3,2,1,1,3,0,0
9802356,7,3,4,5,0,7,14
9709292,26,3,23,114,3,23,78
9901317,6,1,5,10,0,6,59
9502305,9,1,8,9,4,5,5
9410250,5,1,4,9,4,1,1
9612278,4,2,2,2,2,2,2
9805490,2,1,1,1,1,1,3
9712550,5,2,3,4,0,5,16
9308241,13,7,6,12,13,0,0
9603258,1,1,0,0,0,1,3
9902406,1,1,0,0,0,1,6
9512234,16,4,12,25,2,14,19
9901283,6,3,3,4,0,6,26
9910429,0,0,0,0,0,0,0
9702340,0,0,0,0,0,0,0
9608347,11,2,9,25,10,1,1
202177,4,2,2,2,0,4,45
9811443,3,3,0,0,0,3,19
9808290,7,3,4,5,0,7,35
110339,4,3,1,1,0,4,13
9605405,2,2,0,0,2,0,0
9706478,9,6,3,5,0,9,33
9904333,1,1,0,0,0,1,3
9017,5,3,2,2,3,2,6
7292,16,7,9,28,0,16,129
9611410,1,1,0,0,0,1,1
111089,8,1,7,11,0,8,33
110395,1,1,0,0,0,1,1
9912431,10,5,5,7,0,10,20
9503383,9,2,7,8,4,5,5
9310299,3,2,1,1,3,0,0
9811334,12,1,11,25,0,12,43
2223,7,1,6,8,2,5,15
9711249,4,2,2,4,2,2,2
9706488,2,2,0,0,1,1,1
9708410,1,1,0,0,0,1,1
9807286,10,4,6,11,1,9,14
9508246,11,3,8,10,0,11,35
6284,0,0,0,0,0,0,0
101176,3,2,1,1,1,2,3
9801379,12,2,10,28,0,12,60
302055,0,0,0,0,0,0,0
108242,1,1,0,0,0,1,3
9502288,1,1,0,0,1,0,0
9405356,3,2,1,1,0,3,11
9906462,13,1,12,29,1,12,55
9311343,0,0,0,0,0,0,0
2240,6,4,2,2,0,6,15
112249,2,2,0,0,0,2,5
9612367,0,0,0,0,0,0,0
108085,30,5,25,110,1,29,232
105163,2,1,1,1,0,2,17
205282,0,0,0,0,0,0,0
9803377,5,4,1,1,1,4,9
103057,8,1,7,8,2,6,10
9810394,1,1,0,0,0,1,2
208193,3,2,1,2,0,3,31
202064,7,3,4,10,0,7,56
9703399,1,1,0,0,1,0,0
9909338,5,5,0,0,2,3,13
9502309,19,10,9,29,1,18,80
9811441,0,0,0,0,0,0,0
9711347,2,1,1,1,0,2,6
9412257,21,1,20,65,1,20,20
208144,1,1,0,0,1,0,0
102338,6,3,3,4,0,6,21
4201,4,1,3,5,0,4,17
201080,9,2,7,16,0,9,24
5269,4,2,2,2,0,4,6
9703387,7,2,5,11,0,7,16
9702412,10,2,8,17,0,10,39
9402324,11,6,5,12,10,1,1
9408366,5,3,2,3,5,0,0
9703326,3,3,0,0,0,3,36
210173,4,1,3,3,0,4,60
9703460,6,2,4,10,6,0,0
9404330,4,3,1,3,1,3,7
9704419,3,2,1,1,3,0,0
9502222,1,1,0,0,1,0,0
5302,2,1,1,1,0,2,8
9610230,5,2,3,5,0,5,34
9601364,1,1,0,0,0,1,1
106169,12,4,8,17,2,10,59
9801264,2,2,0,0,2,0,0
9407348,4,2,2,2,4,0,0
3120,2,1,1,1,0,2,2
12321,5,2,3,3,0,5,37
9151,6,2,4,5,0,6,11
105332,1,1,0,0,0,1,1
9710205,1,1,0,0,0,1,1
9806221,1,1,0,0,1,0,0
9702336,0,0,0,0,0,0,0
9308340,8,5,3,4,8,0,0
9710443,0,0,0,0,0,0,0
9712330,2,1,1,1,0,2,25
9711484,3,2,1,1,0,3,14
4228,7,3,4,6,0,7,44
9610372,6,5,1,2,0,6,43
9209266,1,1,0,0,1,0,0
9407263,0,0,0,0,0,0,0
9609521,1,1,0,0,0,1,4
101325,8,2,6,10,1,7,33
9610445,18,4,14,43,5,13,29
9809564,1,1,0,0,0,1,2
1260,2,2,0,0,0,2,19
105005,10,3,7,13,0,10,88
9411425,12,3,9,34,12,0,0
9409218,1,1,0,0,0,1,1
205265,1,1,0,0,0,1,13
9602423,9,4,5,5,0,9,130
9702403,4,2,2,2,2,2,8
201179,0,0,0,0,0,0,0
102106,3,2,1,1,0,3,10
9609324,2,2,0,0,0,2,11
9512258,9,4,5,8,0,9,31
9902418,2,2,0,0,0,2,5
9804458,7,4,3,5,0,7,58
9602411,11,5,6,16,0,11,51
9909224,4,3,1,1,0,4,22
9912436,8,5,3,4,0,8,27
9910495,4,4,0,0,0,4,25
9511434,18,7,11,22,4,14,27
9707539,2,1,1,1,0,2,2
101102,3,3,0,0,2,1,12
9609465,1,1,0,0,0,1,3
302070,2,1,1,1,1,1,1
9801372,1,1,0,0,0,1,6
111142,0,0,0,0,0,0,0
8062,1,1,0,0,0,1,2
9511286,2,2,0,0,2,0,0
9605454,8,2,6,13,1,7,15
105237,1,1,0,0,0,1,1
9903312,1,1,0,0,0,1,2
9801284,10,1,9,31,9,1,1
9702360,9,4,5,8,2,7,7
9409330,0,0,0,0,0,0,0
9711399,2,2,0,0,0,2,11
9808300,0,0,0,0,0,0,0
9404360,1,1,0,0,0,1,4
102292,2,2,0,0,0,2,16
9712399,2,2,0,0,0,2,5
211204,4,3,1,3,0,4,59
103308,7,1,6,12,0,7,80
9133,15,2,13,22,0,15,111
9403331,4,3,1,1,1,3,3
9903482,1,1,0,0,0,1,13
9411445,6,3,3,5,0,6,10
109231,7,3,4,9,0,7,76
9305235,0,0,0,0,0,0,0
9706272,4,1,3,5,0,4,22
9503403,4,4,0,0,4,0,0
107110,9,1,8,24,2,7,7
9611341,6,2,4,6,0,6,53
9403324,7,2,5,9,0,7,18
9409386,11,3,8,14,10,1,2
9901424,0,0,0,0,0,0,0
111205,6,2,4,6,0,6,50
9912283,6,6,0,0,0,6,19
203186,2,1,1,1,0,2,20
103229,4,2,2,4,0,4,37
4194,1,1,0,0,0,1,1
9506298,7,6,1,1,2,5,5
203044,1,1,0,0,0,1,2
9505227,2,2,0,0,2,0,0
9410245,2,1,1,1,2,0,0
104142,2,1,1,1,0,2,16
3311,2,1,1,1,2,0,0
9606353,3,1,2,3,1,2,2
9805295,2,1,1,1,0,2,11
9905223,1,1,0,0,1,0,0
6322,1,1,0,0,0,1,4
9804411,3,2,1,1,3,0,0
9502390,1,1,0,0,1,0,0
9712476,14,3,11,28,2,12,38
9412370,0,0,0,0,0,0,0
9210275,1,1,0,0,1,0,0
3234,2,2,0,0,0,2,14
212092,3,2,1,1,0,3,27
9406226,1,1,0,0,0,1,1
9808389,1,1,0,0,0,1,1
9512219,1,1,0,0,1,0,0
205019,2,2,0,0,0,2,4
9612205,7,3,4,12,0,7,39
9903527,4,4,0,0,1,3,6
11395,1,1,0,0,0,1,4
9504365,1,1,0,0,0,1,2
9912394,3,3,0,0,2,1,2
9805251,10,3,7,13,0,10,85
9908514,7,2,5,13,2,5,5
9807304,0,0,0,0,0,0,0
9811204,4,1,3,4,4,0,0
9801329,13,6,7,23,0,13,37
7072,1,1,0,0,1,0,0
10105,1,1,0,0,0,1,1
9705375,1,1,0,0,0,1,1
104044,5,2,3,3,0,5,43
203025,5,3,2,3,0,5,29
9710220,1,1,0,0,1,0,0
9711291,3,2,1,1,0,3,4
9502217,3,1,2,2,0,3,3
9601297,5,2,3,5,2,3,5
9307253,4,4,0,0,4,0,0
9808357,3,2,1,1,1,2,6
9509319,1,1,0,0,0,1,2
9308203,8,5,3,8,8,0,0
11131,0,0,0,0,0,0,0
9811393,5,2,3,4,5,0,0
9803491,3,1,2,2,2,1,2
10152,2,1,1,1,0,2,3
110357,1,1,0,0,0,1,4
9909434,0,0,0,0,0,0,0
9907246,0,0,0,0,0,0,0
9304292,1,1,0,0,1,0,0
9504356,3,1,2,3,0,3,3
210304,3,1,2,3,0,3,16
9805385,3,2,1,1,0,3,6
9706418,2,1,1,1,0,2,3
9806282,4,4,0,0,0,4,18
9811491,1,1,0,0,0,1,2
204198,0,0,0,0,0,0,0
10172,1,1,0,0,0,1,2
12184,4,2,2,3,1,3,6
9803279,3,1,2,2,3,0,0
9401290,1,1,0,0,0,1,1
7135,0,0,0,0,0,0,0
9508227,2,1,1,1,1,1,3
111063,3,3,0,0,1,2,5
9709211,8,2,6,16,0,8,48
9802313,6,1,5,8,0,6,9
9707446,1,1,0,0,1,0,0
8168,5,4,1,1,0,5,35
9910372,1,1,0,0,0,1,3
8335,1,1,0,0,0,1,3
205170,3,2,1,1,0,3,11
9902291,1,1,0,0,0,1,6
9803275,1,1,0,0,0,1,1
208081,2,1,1,1,1,1,6
7262,6,2,4,5,0,6,18
9803361,1,1,0,0,0,1,1
201025,0,0,0,0,0,0,0
9347,0,0,0,0,0,0,0
9610245,0,0,0,0,0,0,0
9709257,2,2,0,0,0,2,10
9809285,0,0,0,0,0,0,0
8013,0,0,0,0,0,0,0
9304228,1,1,0,0,1,0,0
9607341,4,3,1,2,0,4,6
9803347,6,2,4,6,6,0,0
9505260,1,1,0,0,0,1,1
201258,4,2,2,2,1,3,6
9143,1,1,0,0,0,1,31
210238,2,2,0,0,0,2,39
9404356,10,3,7,17,0,10,22
112281,2,2,0,0,0,2,7
9903457,1,1,0,0,0,1,4
10158,1,1,0,0,0,1,3
104096,6,1,5,7,2,4,11
9305209,4,4,0,0,4,0,0
9711279,1,1,0,0,0,1,1
12195,0,0,0,0,0,0,0
9707499,1,1,0,0,0,1,4
9506379,3,2,1,1,3,0,0
9805417,0,0,0,0,0,0,0
9711225,1,1,0,0,1,0,0
3167,16,6,10,26,5,11,68
9504391,1,1,0,0,1,0,0
9904405,0,0,0,0,0,0,0
4268,2,2,0,0,2,0,0
11023,1,1,0,0,0,1,6
9909427,4,3,1,3,0,4,11
9803486,7,7,0,0,7,0,0
206235,3,2,1,1,0,3,19
9605212,2,2,0,0,0,2,6
9903352,1,1,0,0,0,1,2
9208224,1,1,0,0,1,0,0
209010,7,1,6,8,0,7,43
9904253,1,1,0,0,1,0,0
111026,15,5,10,16,2,13,227
205156,6,4,2,2,1,5,8
9906371,2,2,0,0,0,2,9
9812430,2,2,0,0,0,2,11
9901455,0,0,0,0,0,0,0
9807260,3,1,2,3,0,3,11
9312265,2,1,1,1,2,0,0
211239,2,2,0,0,2,0,0
210278,1,1,0,0,0,1,8
9609327,0,0,0,0,0,0,0
9601308,10,5,5,13,2,8,9
208202,7,2,5,6,0,7,60
102305,0,0,0,0,0,0,0
209277,0,0,0,0,0,0,0
209164,1,1,0,0,0,1,5
4211,0,0,0,0,0,0,0
9901316,2,2,0,0,0,2,26
108029,1,1,0,0,0,1,14
104153,4,3,1,1,0,4,16
9910480,0,0,0,0,0,0,0
9811431,0,0,0,0,0,0,0
9291,4,1,3,4,4,0,0
9808302,1,1,0,0,1,0,0
9708399,1,1,0,0,0,1,3
9804267,3,2,1,1,0,3,8
204269,0,0,0,0,0,0,0
9312305,8,7,1,1,8,0,0
9902321,3,3,0,0,1,2,11
9911537,3,3,0,0,0,3,16
9803324,3,1,2,3,0,3,9
209252,1,1,0,0,0,1,14
9905444,6,1,5,10,0,6,17
206212,0,0,0,0,0,0,0
207079,9,6,3,5,0,9,97
2288,0,0,0,0,0,0,0
207070,0,0,0,0,0,0,0
9510368,4,2,2,2,4,0,0
9712470,1,1,0,0,0,1,9
11298,0,0,0,0,0,0,0
110144,2,2,0,0,0,2,10
9808391,2,2,0,0,2,0,0
201292,1,1,0,0,1,0,0
9808318,0,0,0,0,0,0,0
9711296,2,2,0,0,0,2,12
2170,1,1,0,0,0,1,1
210109,1,1,0,0,0,1,4
201144,2,1,1,1,0,2,11
9911498,3,1,2,2,0,3,11
9807374,7,2,5,9,6,1,1
102329,1,1,0,0,0,1,4
301085,0,0,0,0,0,0,0
10124,3,1,2,3,3,0,0
9512299,4,2,2,2,4,0,0
5295,2,1,1,1,0,2,21
112263,1,1,0,0,0,1,1
9911326,0,0,0,0,0,0,0
9209263,2,1,1,1,2,0,0
9601231,0,0,0,0,0,0,0
9811413,0,0,0,0,0,0,0
12153,2,1,1,1,0,2,13
9504369,3,2,1,1,2,1,7
208046,2,1,1,1,0,2,9
9509421,1,1,0,0,1,0,0
9506418,0,0,0,0,0,0,0
9809260,1,1,0,0,0,1,4
9810490,1,1,0,0,0,1,1
209325,2,2,0,0,0,2,3
9706515,2,2,0,0,0,2,2
204167,1,1,0,0,1,0,0
9805308,3,1,2,2,0,3,5
2013,0,0,0,0,0,0,0
9808381,0,0,0,0,0,0,0
9901303,0,0,0,0,0,0,0
9906299,2,2,0,0,1,1,1
9907324,0,0,0,0,0,0,0
11382,0,0,0,0,0,0,0
9312,3,1,2,3,3,0,0
9504358,3,3,0,0,0,3,7
206155,1,1,0,0,0,1,2
9512295,2,1,1,1,2,0,0
205042,0,0,0,0,0,0,0
9812220,0,0,0,0,0,0,0
9708258,1,1,0,0,0,1,5
207113,0,0,0,0,0,0,0
9812327,0,0,0,0,0,0,0
9803327,1,1,0,0,1,0,0
9702275,4,2,2,2,1,3,3
203111,0,0,0,0,0,0,0
301064,0,0,0,0,0,0,0
9810464,0,0,0,0,0,0,0
9803331,1,1,0,0,0,1,4
211154,1,1,0,0,0,1,3
208225,1,1,0,0,0,1,5
9605311,1,1,0,0,0,1,1
9511410,0,0,0,0,0,0,0
9907201,1,1,0,0,0,1,12
9405387,2,1,1,1,2,0,0
2222,4,1,3,3,0,4,11
9308233,1,1,0,0,0,1,1
9907277,0,0,0,0,0,0,0
102169,5,1,4,10,0,5,64
207156,4,2,2,2,0,4,22
9706205,0,0,0,0,0,0,0
9708376,0,0,0,0,0,0,0
9810229,0,0,0,0,0,0,0
105123,0,0,0,0,0,0,0
9607376,5,1,4,8,5,0,0
211012,0,0,0,0,0,0,0
207055,3,3,0,0,0,3,35
3283,0,0,0,0,0,0,0
9305243,0,0,0,0,0,0,0
9811494,1,1,0,0,0,1,1
9904403,1,1,0,0,1,0,0
210216,1,1,0,0,0,1,5
9604319,0,0,0,0,0,0,0
9608339,6,1,5,10,0,6,12
9501410,1,1,0,0,1,0,0
109043,4,1,3,6,0,4,10
9703274,1,1,0,0,0,1,1
12363,2,1,1,1,1,1,2
11146,4,1,3,3,2,2,2
6088,1,1,0,0,0,1,2
103216,1,1,0,0,0,1,3
209322,1,1,0,0,0,1,1
112237,0,0,0,0,0,0,0
111095,0,0,0,0,0,0,0
9509350,0,0,0,0,0,0,0
9710429,0,0,0,0,0,0,0
106208,2,2,0,0,0,2,8
9707506,0,0,0,0,0,0,0
103272,2,2,0,0,2,0,0
11267,0,0,0,0,0,0,0
9805265,0,0,0,0,0,0,0
205195,0,0,0,0,0,0,0
6352,2,1,1,1,0,2,10
9910276,4,2,2,3,1,3,6
9711500,1,1,0,0,0,1,1
9412399,4,2,2,2,4,0,0
9902424,1,1,0,0,0,1,1
7079,1,1,0,0,1,0,0
9906201,0,0,0,0,0,0,0
212148,0,0,0,0,0,0,0
107166,1,1,0,0,0,1,5
9211333,1,1,0,0,1,0,0
101119,2,1,1,1,0,2,22
110415,0,0,0,0,0,0,0
111265,0,0,0,0,0,0,0
9909365,3,2,1,1,0,3,14
211011,0,0,0,0,0,0,0
9402350,0,0,0,0,0,0,0
9507260,1,1,0,0,1,0,0
103162,3,2,1,2,0,3,10
8036,1,1,0,0,0,1,1
211185,0,0,0,0,0,0,0
9710203,0,0,0,0,0,0,0
208119,1,1,0,0,0,1,4
206246,2,1,1,1,0,2,9
3009,1,1,0,0,0,1,18
212009,0,0,0,0,0,0,0
7330,2,1,1,1,0,2,14
101137,0,0,0,0,0,0,0
3322,2,2,0,0,1,1,6
207214,0,0,0,0,0,0,0
9701326,1,1,0,0,1,0,0
9504264,2,2,0,0,2,0,0
9810318,0,0,0,0,0,0,0
9601328,0,0,0,0,0,0,0
203114,1,1,0,0,0,1,30
209371,1,1,0,0,0,1,3
9707507,2,1,1,1,0,2,2
206190,2,2,0,0,0,2,4
107049,2,1,1,1,1,1,1
206016,0,0,0,0,0,0,0
10249,0,0,0,0,0,0,0
209375,0,0,0,0,0,0,0
9705298,3,2,1,1,1,2,3
210084,0,0,0,0,0,0,0
9411337,4,3,1,1,4,0,0
108146,1,1,0,0,0,1,3
201243,1,1,0,0,0,1,5
9812402,1,1,0,0,0,1,1
3076,2,2,0,0,0,2,10
9710510,1,1,0,0,0,1,3
111143,0,0,0,0,0,0,0
12071,0,0,0,0,0,0,0
201230,0,0,0,0,0,0,0
9703371,0,0,0,0,0,0,0
204282,3,1,2,3,1,2,22
3264,0,0,0,0,0,0,0
9903344,1,1,0,0,0,1,7
212131,1,1,0,0,0,1,5
10266,1,1,0,0,1,0,0
111409,0,0,0,0,0,0,0
9902340,2,2,0,0,2,0,0
9606374,1,1,0,0,0,1,3
9401329,1,1,0,0,1,0,0
1292,3,2,1,1,0,3,4
9908518,0,0,0,0,0,0,0
103055,1,1,0,0,0,1,7
9406344,0,0,0,0,0,0,0
112067,1,1,0,0,0,1,2
9505231,1,1,0,0,0,1,1
9802346,1,1,0,0,1,0,0
202045,1,1,0,0,0,1,1
212279,1,1,0,0,0,1,6
9407275,1,1,0,0,1,0,0
9903210,0,0,0,0,0,0,0
207189,1,1,0,0,0,1,2
301004,0,0,0,0,0,0,0
102191,1,1,0,0,0,1,21
9806245,0,0,0,0,0,0,0
9809408,0,0,0,0,0,0,0
9710496,0,0,0,0,0,0,0
211294,0,0,0,0,0,0,0
9605299,1,1,0,0,0,1,1
9906532,0,0,0,0,0,0,0
8229,0,0,0,0,0,0,0
9903346,0,0,0,0,0,0,0
9608493,1,1,0,0,0,1,1
208032,0,0,0,0,0,0,0
105164,0,0,0,0,0,0,0
8218,0,0,0,0,0,0,0
205105,1,1,0,0,0,1,6
101007,2,1,1,1,2,0,0
209104,0,0,0,0,0,0,0
9708292,0,0,0,0,0,0,0
9293,0,0,0,0,0,0,0
10258,0,0,0,0,0,0,0
2270,0,0,0,0,0,0,0
9410379,0,0,0,0,0,0,0
210239,1,1,0,0,0,1,1
105258,1,1,0,0,1,0,0
301227,0,0,0,0,0,0,0
109215,1,1,0,0,0,1,5
11051,0,0,0,0,0,0,0
9506336,0,0,0,0,0,0,0
9712433,0,0,0,0,0,0,0
9206263,2,1,1,1,2,0,0
211045,0,0,0,0,0,0,0
107285,0,0,0,0,0,0,0
105138,0,0,0,0,0,0,0
111301,1,1,0,0,0,1,2
9504362,1,1,0,0,0,1,2
112167,0,0,0,0,0,0,0
9510320,0,0,0,0,0,0,0
211014,0,0,0,0,0,0,0
9802430,0,0,0,0,0,0,0
302030,0,0,0,0,0,0,0
208152,3,2,1,1,0,3,21
9162,0,0,0,0,0,0,0
212225,2,1,1,1,0,2,9
7124,0,0,0,0,0,0,0
11180,0,0,0,0,0,0,0
210026,1,1,0,0,0,1,12
9907309,0,0,0,0,0,0,0
111204,0,0,0,0,0,0,0
9712460,0,0,0,0,0,0,0
201083,1,1,0,0,1,0,0
9510360,1,1,0,0,0,1,2
9812420,1,1,0,0,1,0,0
9703342,1,1,0,0,0,1,3
106293,0,0,0,0,0,0,0
9503493,0,0,0,0,0,0,0
12264,0,0,0,0,0,0,0
9801440,0,0,0,0,0,0,0
111459,0,0,0,0,0,0,0
9710230,0,0,0,0,0,0,0
9512408,0,0,0,0,0,0,0
9909493,0,0,0,0,0,0,0
301248,0,0,0,0,0,0,0
203145,2,2,0,0,0,2,3
9704303,1,1,0,0,1,0,0
9607203,0,0,0,0,0,0,0
9906464,0,0,0,0,0,0,0
9510374,0,0,0,0,0,0,0
1276,0,0,0,0,0,0,0
9807401,0,0,0,0,0,0,0
9610347,0,0,0,0,0,0,0
6030,0,0,0,0,0,0,0
101177,0,0,0,0,0,0,0
207353,1,1,0,0,0,1,9
212052,0,0,0,0,0,0,0
208020,0,0,0,0,0,0,0
9905280,0,0,0,0,0,0,0
203077,1,1,0,0,1,0,0
9504341,1,1,0,0,1,0,0
9505258,0,0,0,0,0,0,0
104188,0,0,0,0,0,0,0
209167,1,1,0,0,1,0,0
301180,0,0,0,0,0,0,0
9512422,0,0,0,0,0,0,0
3094,0,0,0,0,0,0,0
9809326,0,0,0,0,0,0,0
104012,0,0,0,0,0,0,0
9305313,0,0,0,0,0,0,0
212022,0,0,0,0,0,0,0
208198,2,2,0,0,0,2,26
108133,0,0,0,0,0,0,0
9401295,1,1,0,0,1,0,0
209268,1,1,0,0,0,1,3
212386,1,1,0,0,0,1,13
9706549,0,0,0,0,0,0,0
211408,0,0,0,0,0,0,0
9710479,0,0,0,0,0,0,0
209026,1,1,0,0,0,1,9
9801404,0,0,0,0,0,0,0
108022,0,0,0,0,0,0,0
102115,0,0,0,0,0,0,0
9610474,2,2,0,0,2,0,0
5001,0,0,0,0,0,0,0
9808403,2,1,1,1,2,0,0
9909342,0,0,0,0,0,0,0
9609489,0,0,0,0,0,0,0
106006,0,0,0,0,0,0,0
209108,1,1,0,0,1,0,0
9901371,0,0,0,0,0,0,0
209209,0,0,0,0,0,0,0
208135,0,0,0,0,0,0,0
204249,0,0,0,0,0,0,0
3108,0,0,0,0,0,0,0
9808495,0,0,0,0,0,0,0
211372,0,0,0,0,0,0,0
112097,0,0,0,0,0,0,0
201163,0,0,0,0,0,0,0
209308,0,0,0,0,0,0,0
1089,0,0,0,0,0,0,0
9910547,0,0,0,0,0,0,0
9912332,0,0,0,0,0,0,0
9611230,0,0,0,0,0,0,0
9907508,0,0,0,0,0,0,0
201192,1,1,0,0,1,0,0
9804286,1,1,0,0,0,1,1
9606242,0,0,0,0,0,0,0
9610253,0,0,0,0,0,0,0
8297,0,0,0,0,0,0,0
9706499,0,0,0,0,0,0,0
9909569,0,0,0,0,0,0,0
302115,0,0,0,0,0,0,0
3182,0,0,0,0,0,0,0
302213,0,0,0,0,0,0,0
9803429,0,0,0,0,0,0,0
9810356,1,1,0,0,1,0,0
9403375,1,1,0,0,1,0,0
9711366,0,0,0,0,0,0,0
9911439,0,0,0,0,0,0,0
9506252,0,0,0,0,0,0,0
9508218,0,0,0,0,0,0,0
112240,0,0,0,0,0,0,0
203017,0,0,0,0,0,0,0
9411421,2,2,0,0,2,0,0
9410314,0,0,0,0,0,0,0
9907239,0,0,0,0,0,0,0
103186,0,0,0,0,0,0,0
212333,0,0,0,0,0,0,0
208025,0,0,0,0,0,0,0
206227,0,0,0,0,0,0,0
1176,0,0,0,0,0,0,0
212152,0,0,0,0,0,0,0
9406371,0,0,0,0,0,0,0
210383,1,1,0,0,0,1,1
9508350,0,0,0,0,0,0,0
9709287,0,0,0,0,0,0,0
211422,0,0,0,0,0,0,0
9707247,0,0,0,0,0,0,0
211410,0,0,0,0,0,0,0
9509298,0,0,0,0,0,0,0
109002,1,1,0,0,0,1,1
9611447,0,0,0,0,0,0,0
9310274,0,0,0,0,0,0,0
301236,0,0,0,0,0,0,0
106032,0,0,0,0,0,0,0
5002,0,0,0,0,0,0,0
210228,0,0,0,0,0,0,0
9803495,0,0,0,0,0,0,0
210065,0,0,0,0,0,0,0
111121,0,0,0,0,0,0,0
9611267,0,0,0,0,0,0,0
209123,0,0,0,0,0,0,0
210413,0,0,0,0,0,0,0
11207,0,0,0,0,0,0,0
210036,0,0,0,0,0,0,0
1139,0,0,0,0,0,0,0
209196,0,0,0,0,0,0,0
9503250,0,0,0,0,0,0,0
9910386,0,0,0,0,0,0,0
12341,0,0,0,0,0,0,0
112091,0,0,0,0,0,0,0
302081,0,0,0,0,0,0,0
212214,0,0,0,0,0,0,0
9903217,15,4,11,28,3,12,17
6351,27,2,25,92,0,27,236
9703353,91,4,87,669,26,65,232
103197,16,2,14,39,0,16,42
9907335,28,5,23,116,0,28,170
9510383,1,1,0,0,0,1,2
9702321,8,4,4,5,8,0,0
107180,9,1,8,14,4,5,21
9702305,21,3,18,41,12,9,28
9610424,8,2,6,21,8,0,0
101229,5,2,3,5,1,4,7
9205204,4,3,1,2,4,0,0
9602221,59,7,52,258,0,59,267
9905347,16,6,10,24,0,16,98
9507294,26,2,24,146,16,10,12
9502415,16,3,13,47,1,15,17
208036,2,1,1,1,0,2,2
9301289,16,4,12,31,16,0,0
9210208,26,5,21,110,26,0,0
9506256,63,4,59,466,5,58,154
9610383,0,0,0,0,0,0,0
9309240,10,4,6,18,10,0,0
9512300,16,3,13,31,8,8,14
9711444,14,2,12,51,3,11,18
9605413,37,1,36,244,24,13,25
9411274,18,3,15,36,12,6,12
9911440,1,1,0,0,0,1,13
9808269,19,1,18,58,0,19,74
9905440,16,4,12,21,4,12,24
9808254,18,3,15,78,0,18,20
9709438,20,2,18,88,2,18,47
9803244,20,2,18,59,2,18,79
9406351,14,6,8,17,9,5,5
9702429,16,2,14,49,2,14,27
9810467,13,4,9,23,2,11,19
9910230,19,1,18,64,0,19,50
9504397,13,7,6,7,1,12,12
9611425,23,2,21,94,0,23,116
9802287,19,4,15,44,0,19,71
4151,5,2,3,4,0,5,21
9706280,1,1,0,0,0,1,2
9601387,67,11,56,262,11,56,145
9803308,18,6,12,19,2,16,64
9612397,46,4,42,195,18,28,57
104122,3,2,1,1,0,3,7
10008,12,4,8,16,0,12,187
9806348,65,11,54,399,0,65,716
108240,18,1,17,41,0,18,156
7338,10,2,8,19,1,9,19
9607225,60,3,57,402,2,58,303
9703390,10,2,8,20,0,10,113
9305271,2,2,0,0,2,0,0
9504424,6,3,3,3,0,6,28
9607214,47,4,43,279,13,34,71
9506201,33,4,29,128,2,31,95
9902482,33,12,21,49,0,33,424
9244,13,2,11,29,0,13,41
12318,5,4,1,1,0,5,32
9802391,59,7,52,284,2,57,459
9807430,6,1,5,8,0,6,6
9801359,2,1,1,1,0,2,3
9802286,2,2,0,0,0,2,3
9510403,55,7,48,232,4,51,137
9608361,33,8,25,85,3,30,62
9707416,1,1,0,0,0,1,4
9811350,201,6,195,2269,0,201,1064
9406288,27,7,20,49,3,24,68
9403296,1,1,0,0,0,1,1
9901341,8,2,6,11,6,2,2
9706285,31,3,28,138,1,30,112
9604244,20,4,16,58,2,18,47
9502230,4,2,2,5,0,4,14
9808233,2,1,1,1,0,2,6
9608203,32,5,27,135,7,25,46
9804332,52,5,47,265,4,48,48
9404338,10,4,6,11,10,0,0
9709360,9,4,5,11,0,9,50
9909526,3,2,1,1,0,3,17
9312228,15,7,8,26,15,0,0
9705401,20,3,17,54,0,20,63
9409418,5,4,1,1,0,5,41
9306320,120,21,99,453,53,67,147
9902369,4,1,3,5,0,4,20
9308337,10,4,6,11,10,0,0
9405347,11,4,7,17,3,8,8
9412247,2,1,1,1,0,2,6
9506451,108,9,99,516,66,42,47
9307269,10,5,5,7,10,0,0
9601205,42,5,37,147,19,23,74
9804384,12,4,8,11,3,9,26
9301236,64,6,58,324,64,0,0
9405240,26,6,20,57,9,17,17
9912305,11,2,9,23,0,11,127
9602293,2,1,1,1,1,1,1
9403224,61,14,47,161,41,20,22
9904315,15,5,10,19,0,15,62
5114,7,4,3,9,0,7,83
9907523,27,2,25,159,1,26,28
9803445,37,1,36,141,11,26,81
2209,53,4,49,273,0,53,831
9810509,60,4,56,599,0,60,233
9909296,16,4,12,43,0,16,116
9406295,44,8,36,151,10,34,95
9910295,12,3,9,20,0,12,67
10225,3,2,1,1,0,3,12
210257,4,2,2,3,0,4,21
9206209,6,5,1,1,6,0,0
9510377,16,3,13,35,0,16,163
9810442,87,6,81,621,16,71,199
9509212,9,4,5,8,1,8,19
106119,17,7,10,24,0,17,143
9207245,24,4,20,68,24,0,0
9806281,3,1,2,2,0,3,14
9311248,26,7,19,72,19,7,7
9503271,46,4,42,209,19,27,84
9806301,9,3,6,13,3,6,32
9611397,26,12,14,46,7,19,57
3221,6,4,2,2,0,6,20
9309289,220,5,215,3006,220,0,0
9902267,27,7,20,64,4,23,32
9805346,14,1,13,43,0,14,24
9311356,23,3,20,74,10,13,16
9805486,6,3,3,5,0,6,17
9704434,10,5,5,8,3,7,15
9602347,12,4,8,28,1,11,88
9603370,2,2,0,0,0,2,19
9612293,7,3,4,8,0,7,37
9311274,60,8,52,238,60,0,0
9505304,22,2,20,50,4,18,18
9810291,19,2,17,81,0,19,91
7270,11,4,7,13,0,11,86
9901210,10,4,6,12,0,10,49
9801415,11,3,8,23,2,9,45
7113,32,1,31,111,0,32,215
9708227,62,10,52,367,1,61,390
102243,19,1,18,103,1,18,176
9312248,15,1,14,26,15,0,0
9307208,51,7,44,235,10,41,71
107069,13,3,10,26,0,13,219
3180,39,8,31,136,0,39,485
9405313,28,13,15,50,9,19,23
9209213,17,6,11,28,17,0,0
101273,10,3,7,21,1,9,21
9912275,2,2,0,0,0,2,7
9604243,8,3,5,11,0,8,42
9706377,94,1,93,966,1,93,372
9403347,16,7,9,20,5,11,13
9306319,16,4,12,40,4,12,17
8255,31,5,26,94,1,30,80
9311260,36,5,31,120,31,5,5
4130,11,2,9,27,0,11,68
9906514,16,3,13,27,0,16,279
9904425,28,1,27,153,0,28,520
9509286,24,3,21,83,18,6,7
9904464,9,3,6,15,1,8,75
5232,32,1,31,236,0,32,160
9412338,6,3,3,4,3,3,5
210009,4,4,0,0,0,4,67
106071,16,4,12,25,0,16,120
1285,1,1,0,0,0,1,13
9605431,142,3,139,1148,7,135,262
9304261,6,3,3,7,6,0,0
111027,5,5,0,0,0,5,40
9905281,11,4,7,11,5,6,6
9912287,26,6,20,58,0,26,384
9707436,26,3,23,71,2,24,60
9611286,5,1,4,6,0,5,17
108104,18,8,10,25,1,17,73
4135,0,0,0,0,0,0,0
9904298,4,2,2,2,0,4,21
9309208,3,3,0,0,3,0,0
9909231,4,3,1,1,0,4,7
7244,2,2,0,0,0,2,5
109001,12,4,8,19,1,11,68
108024,8,1,7,11,1,7,40
9407246,11,3,8,25,9,2,2
9305224,2,2,0,0,2,0,0
9508302,77,4,73,426,1,76,214
9603266,37,1,36,132,0,37,224
9608296,7,3,4,10,0,7,49
9210277,6,1,5,6,6,0,0
9712467,20,3,17,64,0,20,101
9611311,8,2,6,15,0,8,14
9502300,106,6,100,596,7,99,250
9512269,2,1,1,1,0,2,14
9909248,19,1,18,79,19,0,0
9903211,18,1,17,63,0,18,37
9801269,14,9,5,5,1,13,77
9906343,23,3,20,71,0,23,235
9305225,32,4,28,115,32,0,0
10066,6,2,4,9,2,4,4
9508243,4,1,3,3,4,0,0
9606345,20,9,11,34,7,13,24
104259,10,1,9,25,0,10,106
9504273,16,3,13,46,4,12,12
9602378,17,4,13,46,3,14,21
9711351,9,4,5,6,9,0,0
9407332,3,3,0,0,1,2,3
9807397,4,2,2,2,0,4,4
9509406,23,3,20,55,23,0,0
9808262,15,4,11,30,2,13,50
9507271,56,9,47,174,39,17,31
9808248,23,5,18,48,0,23,165
9403229,38,10,28,97,22,16,20
9710506,5,3,2,3,0,5,9
202105,19,7,12,24,4,15,67
9511405,17,4,13,60,17,0,0
9405348,24,6,18,47,1,23,45
9907497,8,2,6,12,0,8,40
9807249,6,1,5,13,0,6,24
9609237,2,2,0,0,0,2,2
9706459,2,2,0,0,0,2,11
9802338,6,3,3,5,0,6,38
9309219,30,7,23,80,30,0,0
9910226,11,3,8,13,0,11,47
9609368,7,4,3,4,0,7,65
9702423,17,1,16,73,0,17,149
9405234,32,9,23,92,5,27,84
9605387,20,3,17,86,0,20,287
9701392,8,3,5,7,0,8,20
9806368,29,6,23,84,0,29,164
9707211,6,2,4,11,4,2,2
108148,8,2,6,8,3,5,9
9912492,23,6,17,59,1,22,199
9711310,2,1,1,1,1,1,1
9609325,10,2,8,18,2,8,16
9905324,2,1,1,1,0,2,13
9812349,21,2,19,70,1,20,110
9711208,3,2,1,1,1,2,5
9909561,12,5,7,8,2,10,28
5037,10,6,4,4,2,8,23
3081,26,6,20,100,0,26,185
9305207,12,2,10,26,3,9,18
9803342,13,2,11,24,0,13,128
9210251,12,9,3,4,12,0,0
7254,19,8,11,32,0,19,96
9901213,3,2,1,1,0,3,18
9906538,18,5,13,48,1,17,80
9705452,18,2,16,36,0,18,45
9803268,3,2,1,1,0,3,6
6025,2,1,1,1,0,2,13
9912261,30,3,27,93,0,30,149
9805355,2,2,0,0,0,2,14
108117,15,7,8,19,2,13,44
9404311,9,6,3,7,3,6,6
9907425,15,3,12,64,0,15,53
9708416,5,5,0,0,0,5,8
102213,4,2,2,2,1,3,30
9806366,17,9,8,9,3,14,26
9303308,8,4,4,12,4,4,4
9311353,5,3,2,4,0,5,6
9304211,30,3,27,108,30,0,0
9208242,32,3,29,173,32,0,0
9801420,3,1,2,2,0,3,20
9707274,12,5,7,15,0,12,260
206056,1,1,0,0,0,1,3
9505347,19,8,11,17,0,19,64
9701389,16,2,14,27,2,14,27
9911454,4,4,0,0,1,3,24
9412398,9,4,5,11,0,9,54
9610221,2,2,0,0,0,2,12
12142,26,14,12,41,4,22,90
9502210,17,4,13,29,3,14,28
9712446,0,0,0,0,0,0,0
9510342,19,2,17,58,4,15,17
9707316,35,2,33,99,0,35,190
9709408,35,2,33,154,23,12,20
9710280,12,2,10,28,4,8,8
9806372,3,3,0,0,0,3,12
9808294,9,2,7,10,0,9,31
9708355,1,1,0,0,1,0,0
9801443,23,6,17,34,0,23,83
9712438,18,3,15,30,1,17,67
9909244,18,3,15,60,0,18,161
9603336,14,5,9,16,1,13,39
101226,7,1,6,13,0,7,36
101205,9,3,6,13,0,9,117
9901302,5,3,2,2,0,5,10
1230,8,2,6,12,1,7,17
111001,0,0,0,0,0,0,0
5134,13,3,10,26,0,13,92
9701366,3,3,0,0,0,3,4
9305247,13,6,7,15,13,0,0
2106,2,1,1,1,0,2,5
9802415,7,3,4,12,0,7,52
9707297,7,1,6,12,0,7,31
9809524,20,4,16,63,1,19,52
108145,15,3,12,40,0,15,59
9409356,8,1,7,13,0,8,15
9703319,25,3,22,78,5,20,80
9607384,6,1,5,10,1,5,11
108102,19,4,15,70,0,19,121
9812497,5,4,1,1,0,5,14
9609486,8,2,6,18,0,8,38
9511337,15,2,13,42,15,0,0
9711229,27,5,22,90,4,23,56
9507290,6,4,2,2,4,2,4
3318,1,1,0,0,0,1,19
9509270,2,2,0,0,0,2,11
9605392,19,4,15,48,0,19,65
9803304,8,1,7,15,4,4,5
9812318,1,1,0,0,0,1,3
301251,0,0,0,0,0,0,0
2273,3,1,2,3,0,3,48
102128,5,3,2,3,0,5,21
204119,9,5,4,6,0,9,63
203069,13,2,11,33,0,13,44
9403330,13,2,11,45,0,13,21
9603397,16,4,12,27,11,5,7
9608434,24,5,19,59,4,20,48
105207,5,2,3,3,0,5,19
107014,18,2,16,65,0,18,119
109018,10,3,7,18,0,10,104
201262,16,3,13,69,1,15,15
9206244,12,3,9,19,12,0,0
105113,10,3,7,13,0,10,34
9810266,17,3,14,51,0,17,128
9910405,8,3,5,12,1,7,21
9911314,2,2,0,0,0,2,9
7016,4,2,2,3,0,4,50
6329,5,3,2,3,0,5,38
9611361,9,1,8,18,9,0,0
9609386,0,0,0,0,0,0,0
9703248,7,1,6,10,0,7,27
9703207,1,1,0,0,1,0,0
9610443,1,1,0,0,0,1,2
101275,29,1,28,141,0,29,418
9503381,9,2,7,14,9,0,0
9804201,20,2,18,82,2,18,39
9211301,17,1,16,65,17,0,0
103287,4,1,3,3,0,4,7
9307328,2,2,0,0,0,2,4
5109,4,3,1,1,0,4,100
9506474,4,4,0,0,1,3,6
9704309,2,1,1,1,0,2,3
9209255,15,3,12,15,15,0,0
9506382,11,1,10,21,0,11,25
9902332,3,1,2,2,0,3,8
9205220,6,2,4,7,6,0,0
9510283,5,4,1,3,0,5,14
9807510,0,0,0,0,0,0,0
9909348,11,6,5,5,1,10,31
9901204,3,2,1,2,0,3,5
9711367,2,1,1,1,0,2,2
9509272,3,1,2,2,1,2,3
101113,9,1,8,16,0,9,86
9604380,3,1,2,2,2,1,1
9901348,5,2,3,3,0,5,22
9610319,5,3,2,2,2,3,4
102143,6,2,4,7,6,0,0
9711394,1,1,0,0,0,1,5
9712350,5,1,4,5,0,5,11
9810295,2,2,0,0,0,2,6
9812322,7,3,4,7,2,5,13
9912474,3,2,1,1,0,3,11
9503427,1,1,0,0,1,0,0
9908439,1,1,0,0,0,1,1
9712203,10,3,7,17,6,4,6
3242,9,5,4,7,0,9,46
3168,24,1,23,70,24,0,0
8022,14,5,9,21,0,14,53
9907286,4,2,2,2,0,4,4
9302274,7,2,5,18,0,7,7
9412298,1,1,0,0,1,0,0
9911449,1,1,0,0,1,0,0
9206247,3,1,2,2,3,0,0
9303257,15,4,11,30,1,14,14
109061,2,2,0,0,0,2,12
9812331,0,0,0,0,0,0,0
9901237,1,1,0,0,0,1,3
9509433,18,5,13,34,0,18,184
9606319,4,2,2,2,1,3,5
9405247,0,0,0,0,0,0,0
9904481,5,4,1,1,1,4,7
9903249,6,2,4,7,0,6,30
9610326,16,4,12,16,0,16,26
9609329,6,3,3,4,1,5,13
9710381,3,2,1,1,1,2,5
9608486,6,2,4,6,6,0,0
9807509,7,2,5,7,0,7,28
9405261,2,2,0,0,1,1,1
3284,4,1,3,4,0,4,17
9302287,2,1,1,1,0,2,3
9702226,9,5,4,4,0,9,22
9906261,3,2,1,1,0,3,12
9708430,3,3,0,0,0,3,9
9610447,3,1,2,2,0,3,3
9402236,3,2,1,1,3,0,0
208043,3,3,0,0,0,3,41
9902409,7,3,4,8,1,6,7
9810343,5,3,2,3,0,5,14
212343,0,0,0,0,0,0,0
9403205,1,1,0,0,1,0,0
9803222,3,2,1,1,0,3,7
9806335,9,4,5,10,2,7,7
106337,2,1,1,1,0,2,7
102032,7,5,2,3,0,7,7
9507391,1,1,0,0,1,0,0
202239,18,4,14,34,1,17,118
111233,5,3,2,4,0,5,25
9903353,0,0,0,0,0,0,0
9609410,9,4,5,8,2,7,7
9403329,2,2,0,0,2,0,0
9608245,5,2,3,6,3,2,2
4032,1,1,0,0,0,1,19
9712284,7,3,4,12,0,7,24
9405202,5,1,4,6,3,2,2
9710409,2,2,0,0,0,2,5
9811366,10,3,7,13,0,10,40
9301262,10,3,7,16,10,0,0
5250,6,3,3,3,3,3,4
1034,5,3,2,5,2,3,10
9410219,5,1,4,6,5,0,0
110220,1,1,0,0,0,1,5
9812465,4,2,2,3,0,4,10
9604407,5,3,2,3,0,5,5
9407203,7,2,5,8,7,0,0
9909222,11,3,8,13,0,11,69
12345,10,3,7,17,10,0,0
9806541,6,1,5,10,2,4,11
207344,2,2,0,0,0,2,13
9305272,1,1,0,0,0,1,1
112119,24,4,20,91,0,24,198
106088,7,4,3,8,1,6,44
105073,2,2,0,0,2,0,0
9912383,7,3,4,11,0,7,13
103124,10,5,5,11,0,10,44
9707258,1,1,0,0,0,1,1
208223,3,2,1,1,1,2,6
202097,7,3,4,10,1,6,37
9609384,17,3,14,61,16,1,1
9907491,24,9,15,29,1,23,136
9503432,9,4,5,14,3,6,9
9708472,7,2,5,9,1,6,6
9707490,6,3,3,5,0,6,12
9507314,9,1,8,16,0,9,21
209001,1,1,0,0,1,0,0
9906448,4,1,3,3,0,4,12
6314,3,2,1,2,0,3,17
106002,2,2,0,0,0,2,13
9810522,1,1,0,0,1,0,0
9709506,8,1,7,17,1,7,26
9709365,2,2,0,0,0,2,18
9511384,2,1,1,1,0,2,2
108018,1,1,0,0,0,1,1
9401351,8,3,5,9,2,6,9
202127,8,2,6,16,0,8,92
9705370,2,2,0,0,0,2,10
9302230,4,2,2,4,4,0,0
3275,0,0,0,0,0,0,0
202087,5,2,3,3,0,5,26
6063,2,1,1,1,0,2,9
207372,0,0,0,0,0,0,0
9501262,6,4,2,3,6,0,0
10345,4,3,1,1,0,4,8
9606288,0,0,0,0,0,0,0
9505324,6,4,2,2,0,6,10
101039,1,1,0,0,0,1,9
107218,5,2,3,5,0,5,36
9903208,1,1,0,0,1,0,0
9809390,1,1,0,0,0,1,4
9710211,1,1,0,0,0,1,2
9903398,0,0,0,0,0,0,0
9209224,4,3,1,1,4,0,0
9404225,5,3,2,2,4,1,1
9503407,1,1,0,0,1,0,0
9310281,6,4,2,2,3,3,5
12108,4,2,2,2,0,4,40
10217,8,3,5,8,0,8,36
9407297,0,0,0,0,0,0,0
9908501,2,1,1,1,0,2,4
9609499,1,1,0,0,0,1,1
9708231,1,1,0,0,0,1,4
102119,3,2,1,1,0,3,30
9701296,10,2,8,14,1,9,19
9605425,0,0,0,0,0,0,0
3070,2,1,1,1,0,2,27
105025,5,2,3,5,0,5,50
9911516,13,3,10,29,0,13,42
9411328,4,3,1,1,0,4,12
211231,2,2,0,0,2,0,0
9710227,6,3,3,3,0,6,24
9903285,1,1,0,0,0,1,2
1218,7,5,2,2,0,7,52
104185,2,1,1,1,0,2,2
9508335,1,1,0,0,0,1,3
9609218,11,5,6,14,0,11,25
9801341,5,3,2,2,0,5,23
9704323,7,2,5,7,0,7,54
9904471,5,3,2,4,0,5,23
7352,3,1,2,3,0,3,8
6234,1,1,0,0,0,1,2
2113,0,0,0,0,0,0,0
9609399,4,2,2,3,0,4,9
207301,1,1,0,0,1,0,0
206300,12,1,11,26,0,12,111
9603321,0,0,0,0,0,0,0
204250,3,1,2,2,0,3,20
9806445,1,1,0,0,0,1,5
110104,3,3,0,0,0,3,14
9605375,3,2,1,1,0,3,33
203001,2,1,1,1,0,2,2
9612290,5,1,4,9,5,0,0
9705296,7,3,4,4,0,7,12
111315,14,4,10,20,0,14,97
9807470,2,1,1,1,1,1,1
9711313,5,3,2,3,0,5,13
9507215,8,3,5,14,7,1,1
9312363,3,2,1,1,0,3,3
9804240,6,5,1,2,1,5,13
302060,0,0,0,0,0,0,0
8007,5,3,2,3,0,5,51
9911530,1,1,0,0,0,1,6
211206,1,1,0,0,0,1,19
106077,7,2,5,10,0,7,67
103039,10,7,3,4,0,10,77
9906271,0,0,0,0,0,0,0
9407398,8,5,3,3,6,2,2
1033,5,2,3,6,0,5,86
205215,0,0,0,0,0,0,0
9802285,2,2,0,0,1,1,2
207234,0,0,0,0,0,0,0
9908389,0,0,0,0,0,0,0
108068,8,2,6,16,0,8,14
9708218,2,1,1,1,0,2,13
9403340,17,6,11,24,17,0,0
9508395,8,2,6,8,4,4,7
9610219,14,6,8,16,11,3,3
9509342,4,1,3,5,0,4,7
9906231,3,2,1,1,2,1,1
9704390,4,2,2,2,2,2,6
9904502,6,2,4,9,0,6,24
9808286,4,2,2,2,0,4,5
9909278,4,1,3,4,0,4,19
203087,1,1,0,0,0,1,4
9405372,3,3,0,0,3,0,0
9412251,3,2,1,1,3,0,0
105338,3,2,1,1,1,2,8
9712391,1,1,0,0,1,0,0
9707542,6,3,3,5,0,6,9
9810262,1,1,0,0,0,1,5
9508415,2,2,0,0,1,1,1
12008,1,1,0,0,0,1,3
9604287,1,1,0,0,1,0,0
9812518,5,3,2,2,0,5,31
9801307,13,2,11,21,0,13,50
9312360,5,3,2,3,5,0,0
9802363,0,0,0,0,0,0,0
9908217,7,3,4,4,0,7,38
301269,0,0,0,0,0,0,0
9409277,1,1,0,0,1,0,0
9911353,1,1,0,0,0,1,8
7030,0,0,0,0,0,0,0
111084,4,3,1,1,3,1,1
9910391,2,2,0,0,0,2,28
9811242,1,1,0,0,1,0,0
9911329,3,1,2,3,0,3,12
111334,0,0,0,0,0,0,0
8115,3,1,2,2,1,2,4
9902322,4,2,2,2,0,4,37
11076,4,1,3,4,0,4,7
9608482,4,3,1,2,4,0,0
9903444,3,2,1,1,0,3,7
9805282,5,1,4,9,0,5,30
202221,1,1,0,0,1,0,0
8324,1,1,0,0,0,1,2
106316,2,2,0,0,0,2,12
112050,4,1,3,4,4,0,0
203172,3,1,2,3,0,3,28
9307232,9,8,1,2,9,0,0
9712339,9,2,7,17,9,0,0
9509284,3,2,1,1,1,2,5
9504226,0,0,0,0,0,0,0
212001,0,0,0,0,0,0,0
9306245,6,3,3,6,6,0,0
9710478,2,1,1,1,2,0,0
9406218,5,3,2,3,5,0,0
9712327,2,2,0,0,1,1,3
9912248,2,1,1,1,0,2,2
9707374,2,2,0,0,1,1,5
205100,0,0,0,0,0,0,0
112205,4,3,1,1,2,2,2
112145,0,0,0,0,0,0,0
9602309,5,4,1,1,0,5,18
9707206,3,3,0,0,3,0,0
9605304,4,3,1,2,1,3,8
111340,1,1,0,0,0,1,2
9706349,0,0,0,0,0,0,0
1279,1,1,0,0,0,1,6
1313,1,1,0,0,0,1,1
302193,0,0,0,0,0,0,0
1121,0,0,0,0,0,0,0
9906548,5,3,2,2,1,4,4
102173,3,3,0,0,0,3,10
9603243,1,1,0,0,0,1,1
9310265,1,1,0,0,1,0,0
9909431,4,2,2,3,0,4,14
9801421,2,2,0,0,0,2,2
9606270,0,0,0,0,0,0,0
9711318,8,2,6,16,0,8,40
9712310,3,2,1,1,0,3,3
9805248,1,1,0,0,0,1,4
9409445,2,1,1,1,0,2,6
9908297,1,1,0,0,0,1,1
9710549,4,1,3,6,2,2,4
202255,2,2,0,0,1,1,2
9812451,1,1,0,0,0,1,4
9809402,6,3,3,3,0,6,17
208271,1,1,0,0,0,1,1
11074,11,4,7,18,1,10,90
9506397,2,1,1,1,0,2,2
10030,11,1,10,31,4,7,19
6270,0,0,0,0,0,0,0
9512372,1,1,0,0,0,1,5
9709413,2,2,0,0,0,2,4
9805423,5,4,1,1,1,4,21
5285,4,3,1,1,0,4,4
9907271,4,2,2,3,0,4,17
104161,2,1,1,1,0,2,4
9904290,8,4,4,7,3,5,6
9502229,3,2,1,1,3,0,0
109150,0,0,0,0,0,0,0
4192,7,4,3,7,0,7,63
206269,3,1,2,3,0,3,27
9501360,1,1,0,0,1,0,0
7184,5,5,0,0,2,3,10
9701295,0,0,0,0,0,0,0
11280,1,1,0,0,0,1,5
107086,6,4,2,2,0,6,34
104307,0,0,0,0,0,0,0
9811467,0,0,0,0,0,0,0
9303297,0,0,0,0,0,0,0
9906284,5,4,1,1,0,5,19
9510391,0,0,0,0,0,0,0
9805457,2,2,0,0,0,2,15
9708233,1,1,0,0,1,0,0
9804304,18,1,17,77,1,17,140
9809357,4,3,1,1,0,4,9
9805309,1,1,0,0,0,1,7
3255,0,0,0,0,0,0,0
9801424,0,0,0,0,0,0,0
8146,1,1,0,0,0,1,2
9703409,3,3,0,0,3,0,0
206259,11,4,7,9,0,11,50
9409249,0,0,0,0,0,0,0
9804356,4,3,1,1,4,0,0
9510348,1,1,0,0,1,0,0
209084,6,4,2,2,0,6,44
9904390,1,1,0,0,0,1,1
111141,12,6,6,6,0,12,217
207217,1,1,0,0,0,1,1
9904226,5,3,2,3,0,5,16
9809331,3,1,2,2,1,2,4
9312203,3,2,1,1,3,0,0
9405306,0,0,0,0,0,0,0
9505440,0,0,0,0,0,0,0
9504380,2,2,0,0,0,2,2
110358,0,0,0,0,0,0,0
301265,0,0,0,0,0,0,0
108201,3,1,2,3,0,3,4
212162,1,1,0,0,0,1,3
6087,4,1,3,5,0,4,8
206151,2,2,0,0,0,2,2
208185,3,2,1,1,0,3,14
9704211,0,0,0,0,0,0,0
9806442,3,1,2,2,0,3,31
12003,0,0,0,0,0,0,0
104290,4,2,2,2,0,4,12
9711321,4,4,0,0,4,0,0
9806337,3,2,1,1,0,3,7
103051,5,3,2,2,2,3,3
9407265,1,1,0,0,0,1,2
9801213,1,1,0,0,0,1,4
9807457,0,0,0,0,0,0,0
9903265,4,3,1,1,1,3,3
9612234,0,0,0,0,0,0,0
9806307,6,2,4,6,0,6,24
9809210,0,0,0,0,0,0,0
9312287,0,0,0,0,0,0,0
109091,1,1,0,0,0,1,5
6011,7,5,2,6,0,7,23
9903522,0,0,0,0,0,0,0
208058,2,1,1,1,0,2,4
9812536,0,0,0,0,0,0,0
202096,1,1,0,0,0,1,4
9601281,1,1,0,0,0,1,1
9909290,0,0,0,0,0,0,0
9901321,7,5,2,3,0,7,21
9403406,2,1,1,1,2,0,0
9911347,0,0,0,0,0,0,0
3024,1,1,0,0,1,0,0
9311256,1,1,0,0,1,0,0
9611288,2,2,0,0,0,2,26
9811232,2,2,0,0,2,0,0
211434,1,1,0,0,0,1,31
211046,1,1,0,0,0,1,6
6093,1,1,0,0,0,1,3
9812204,3,2,1,1,3,0,0
104031,2,1,1,1,0,2,4
212381,0,0,0,0,0,0,0
102325,0,0,0,0,0,0,0
9905424,2,2,0,0,0,2,6
106053,2,2,0,0,0,2,33
9909466,0,0,0,0,0,0,0
9902397,7,3,4,4,2,5,12
202172,1,1,0,0,0,1,3
3230,0,0,0,0,0,0,0
104087,3,2,1,2,0,3,13
9705387,2,1,1,1,2,0,0
112329,7,3,4,9,0,7,49
107072,3,1,2,3,0,3,13
108198,1,1,0,0,0,1,13
9910363,1,1,0,0,0,1,1
9602298,1,1,0,0,0,1,3
9806323,2,2,0,0,0,2,8
212057,0,0,0,0,0,0,0
12011,1,1,0,0,0,1,5
105190,1,1,0,0,0,1,1
9806215,3,2,1,1,0,3,3
11351,0,0,0,0,0,0,0
9306,0,0,0,0,0,0,0
9811476,1,1,0,0,0,1,1
9611441,1,1,0,0,1,0,0
11377,5,2,3,5,2,3,3
9805482,4,3,1,1,0,4,21
103056,3,2,1,2,0,3,23
10241,0,0,0,0,0,0,0
9506237,1,1,0,0,0,1,2
9808240,1,1,0,0,0,1,1
201102,1,1,0,0,0,1,1
9906506,0,0,0,0,0,0,0
9605268,2,2,0,0,0,2,16
205242,1,1,0,0,0,1,16
9906392,1,1,0,0,0,1,17
9802229,0,0,0,0,0,0,0
9503211,0,0,0,0,0,0,0
9710385,1,1,0,0,0,1,1
210441,1,1,0,0,0,1,5
9807538,2,2,0,0,0,2,20
102314,0,0,0,0,0,0,0
5161,3,2,1,1,0,3,5
301213,0,0,0,0,0,0,0
107128,2,1,1,1,0,2,9
9802213,2,2,0,0,1,1,2
6143,2,2,0,0,0,2,2
9509354,1,1,0,0,0,1,3
7309,6,5,1,1,0,6,12
12246,0,0,0,0,0,0,0
9705215,1,1,0,0,1,0,0
109291,1,1,0,0,0,1,11
209297,1,1,0,0,0,1,7
110077,0,0,0,0,0,0,0
9703421,1,1,0,0,0,1,5
111458,0,0,0,0,0,0,0
101345,2,1,1,1,0,2,3
9909549,5,1,4,7,0,5,14
206131,4,2,2,3,0,4,15
212324,0,0,0,0,0,0,0
1022,1,1,0,0,0,1,1
9211230,2,2,0,0,2,0,0
9902259,5,3,2,4,1,4,9
101314,0,0,0,0,0,0,0
9809557,0,0,0,0,0,0,0
9701316,1,1,0,0,0,1,10
112075,0,0,0,0,0,0,0
9603411,3,2,1,1,0,3,14
202144,3,1,2,3,0,3,12
9609479,2,1,1,1,2,0,0
9812373,1,1,0,0,0,1,1
9404285,1,1,0,0,1,0,0
101094,0,0,0,0,0,0,0
9907251,1,1,0,0,0,1,4
208264,2,1,1,1,2,0,0
106194,2,2,0,0,0,2,11
9709275,2,2,0,0,0,2,3
9332,0,0,0,0,0,0,0
112361,5,2,3,7,0,5,15
211182,0,0,0,0,0,0,0
9904275,0,0,0,0,0,0,0
105101,3,2,1,1,0,3,13
9412376,0,0,0,0,0,0,0
8030,1,1,0,0,0,1,3
9809370,0,0,0,0,0,0,0
11011,1,1,0,0,0,1,4
9709260,1,1,0,0,0,1,4
9910272,2,2,0,0,2,0,0
205179,0,0,0,0,0,0,0
107065,1,1,0,0,0,1,6
301090,0,0,0,0,0,0,0
9911354,0,0,0,0,0,0,0
201311,2,2,0,0,1,1,5
9306228,1,1,0,0,1,0,0
9608204,1,1,0,0,1,0,0
212003,1,1,0,0,0,1,15
9605202,0,0,0,0,0,0,0
204294,0,0,0,0,0,0,0
9703205,3,1,2,2,3,0,0
11385,1,1,0,0,0,1,3
107132,3,1,2,3,0,3,24
9711454,0,0,0,0,0,0,0
12078,1,1,0,0,0,1,2
9909347,1,1,0,0,0,1,5
7156,0,0,0,0,0,0,0
9712405,0,0,0,0,0,0,0
9709427,0,0,0,0,0,0,0
206262,2,1,1,1,0,2,10
9808496,2,1,1,1,0,2,24
103246,3,2,1,1,0,3,6
9901294,0,0,0,0,0,0,0
8296,1,1,0,0,1,0,0
3005,1,1,0,0,0,1,1
101282,0,0,0,0,0,0,0
211459,0,0,0,0,0,0,0
105137,0,0,0,0,0,0,0
210281,0,0,0,0,0,0,0
9809325,1,1,0,0,0,1,1
212245,0,0,0,0,0,0,0
211023,5,2,3,4,0,5,35
9809576,2,1,1,1,0,2,24
111391,1,1,0,0,0,1,5
9812243,2,1,1,1,2,0,0
6189,0,0,0,0,0,0,0
110361,0,0,0,0,0,0,0
104292,1,1,0,0,0,1,6
9901364,1,1,0,0,0,1,1
108218,1,1,0,0,0,1,1
9412307,0,0,0,0,0,0,0
9811325,1,1,0,0,1,0,0
202001,0,0,0,0,0,0,0
9810513,2,2,0,0,2,0,0
9611210,4,1,3,5,4,0,0
9909261,0,0,0,0,0,0,0
9188,1,1,0,0,0,1,8
7210,3,2,1,1,1,2,3
9501328,0,0,0,0,0,0,0
9412220,1,1,0,0,0,1,1
204287,2,1,1,1,0,2,5
101149,0,0,0,0,0,0,0
9302301,3,2,1,1,3,0,0
9412318,2,1,1,1,1,1,1
12147,0,0,0,0,0,0,0
9810305,0,0,0,0,0,0,0
8055,0,0,0,0,0,0,0
112336,1,1,0,0,0,1,6
7140,0,0,0,0,0,0,0
9608422,3,1,2,2,3,0,0
9910265,1,1,0,0,0,1,6
9405375,1,1,0,0,1,0,0
9802434,0,0,0,0,0,0,0
201200,0,0,0,0,0,0,0
9412274,2,1,1,1,2,0,0
9511346,0,0,0,0,0,0,0
210211,0,0,0,0,0,0,0
212307,3,2,1,2,0,3,21
101175,0,0,0,0,0,0,0
9810342,1,1,0,0,1,0,0
9906521,0,0,0,0,0,0,0
9610519,0,0,0,0,0,0,0
6125,0,0,0,0,0,0,0
212259,0,0,0,0,0,0,0
9910447,0,0,0,0,0,0,0
9909359,0,0,0,0,0,0,0
9806459,1,1,0,0,1,0,0
212365,0,0,0,0,0,0,0
9807412,1,1,0,0,0,1,7
1038,0,0,0,0,0,0,0
9706302,0,0,0,0,0,0,0
9403228,1,1,0,0,0,1,1
9912422,1,1,0,0,1,0,0
302105,0,0,0,0,0,0,0
9408349,0,0,0,0,0,0,0
110228,0,0,0,0,0,0,0
105232,1,1,0,0,0,1,1
102114,0,0,0,0,0,0,0
9603246,1,1,0,0,0,1,1
9109,0,0,0,0,0,0,0
9904499,4,3,1,1,4,0,0
9806425,1,1,0,0,0,1,4
9809448,0,0,0,0,0,0,0
102267,1,1,0,0,0,1,1
9703462,0,0,0,0,0,0,0
105085,1,1,0,0,0,1,1
9611290,1,1,0,0,0,1,3
102133,0,0,0,0,0,0,0
105177,0,0,0,0,0,0,0
9711515,1,1,0,0,1,0,0
9307349,2,1,1,1,2,0,0
210393,1,1,0,0,1,0,0
102140,0,0,0,0,0,0,0
9607221,0,0,0,0,0,0,0
109234,1,1,0,0,0,1,2
9403374,3,2,1,1,3,0,0
301256,1,1,0,0,0,1,25
9904265,1,1,0,0,0,1,2
205286,2,1,1,1,0,2,14
9609433,1,1,0,0,0,1,1
9704387,1,1,0,0,1,0,0
104214,2,1,1,1,0,2,16
8303,0,0,0,0,0,0,0
210287,1,1,0,0,0,1,12
210384,0,0,0,0,0,0,0
111274,0,0,0,0,0,0,0
9906556,1,1,0,0,1,0,0
9411443,1,1,0,0,0,1,3
110139,0,0,0,0,0,0,0
302255,0,0,0,0,0,0,0
101129,1,1,0,0,0,1,2
9412316,0,0,0,0,0,0,0
9910337,0,0,0,0,0,0,0
9806422,0,0,0,0,0,0,0
9905398,0,0,0,0,0,0,0
8014,0,0,0,0,0,0,0
212120,0,0,0,0,0,0,0
9305259,0,0,0,0,0,0,0
107193,0,0,0,0,0,0,0
211037,0,0,0,0,0,0,0
9709256,0,0,0,0,0,0,0
203202,0,0,0,0,0,0,0
5195,0,0,0,0,0,0,0
111110,0,0,0,0,0,0,0
9406234,0,0,0,0,0,0,0
9606330,1,1,0,0,1,0,0
105169,0,0,0,0,0,0,0
102045,0,0,0,0,0,0,0
105301,0,0,0,0,0,0,0
9806446,0,0,0,0,0,0,0
207074,0,0,0,0,0,0,0
211420,0,0,0,0,0,0,0
4164,0,0,0,0,0,0,0
9705419,0,0,0,0,0,0,0
2069,0,0,0,0,0,0,0
112048,1,1,0,0,0,1,5
9609272,0,0,0,0,0,0,0
3173,2,2,0,0,2,0,0
201178,1,1,0,0,0,1,2
9912259,0,0,0,0,0,0,0
103279,0,0,0,0,0,0,0
9405312,0,0,0,0,0,0,0
210367,1,1,0,0,0,1,5
210164,0,0,0,0,0,0,0
9911279,1,1,0,0,0,1,2
112033,0,0,0,0,0,0,0
9804256,0,0,0,0,0,0,0
9910511,0,0,0,0,0,0,0
9902265,0,0,0,0,0,0,0
9910370,0,0,0,0,0,0,0
9807437,0,0,0,0,0,0,0
9405395,1,1,0,0,1,0,0
9310362,0,0,0,0,0,0,0
301151,1,1,0,0,0,1,9
9709272,0,0,0,0,0,0,0
9708417,0,0,0,0,0,0,0
210366,0,0,0,0,0,0,0
3243,0,0,0,0,0,0,0
9250,0,0,0,0,0,0,0
9705461,0,0,0,0,0,0,0
10169,1,1,0,0,0,1,2
207292,0,0,0,0,0,0,0
105117,0,0,0,0,0,0,0
9904251,1,1,0,0,0,1,5
9405339,0,0,0,0,0,0,0
212041,0,0,0,0,0,0,0
9810455,0,0,0,0,0,0,0
110027,0,0,0,0,0,0,0
9510380,1,1,0,0,1,0,0
9703419,0,0,0,0,0,0,0
301039,0,0,0,0,0,0,0
206278,0,0,0,0,0,0,0
211113,0,0,0,0,0,0,0
301190,0,0,0,0,0,0,0
205240,0,0,0,0,0,0,0
112006,1,1,0,0,0,1,2
108087,0,0,0,0,0,0,0
10139,0,0,0,0,0,0,0
207068,0,0,0,0,0,0,0
106276,0,0,0,0,0,0,0
9505348,0,0,0,0,0,0,0
9810256,0,0,0,0,0,0,0
9901238,1,1,0,0,0,1,6
210229,0,0,0,0,0,0,0
104093,0,0,0,0,0,0,0
9411356,0,0,0,0,0,0,0
9907405,0,0,0,0,0,0,0
3037,1,1,0,0,0,1,5
9511429,1,1,0,0,1,0,0
105176,0,0,0,0,0,0,0
1125,0,0,0,0,0,0,0
9708465,0,0,0,0,0,0,0
9707231,0,0,0,0,0,0,0
9803317,1,1,0,0,0,1,3
9812285,1,1,0,0,1,0,0
5231,0,0,0,0,0,0,0
105106,0,0,0,0,0,0,0
9604350,0,0,0,0,0,0,0
9501393,0,0,0,0,0,0,0
9604318,0,0,0,0,0,0,0
9046,0,0,0,0,0,0,0
204065,0,0,0,0,0,0,0
209172,0,0,0,0,0,0,0
9808267,0,0,0,0,0,0,0
9509397,0,0,0,0,0,0,0
9411393,0,0,0,0,0,0,0
301244,0,0,0,0,0,0,0
208170,0,0,0,0,0,0,0
201101,0,0,0,0,0,0,0
301020,0,0,0,0,0,0,0
9607375,1,1,0,0,0,1,1
212332,0,0,0,0,0,0,0
9906219,1,1,0,0,1,0,0
9508226,1,1,0,0,0,1,1
9808422,0,0,0,0,0,0,0
205137,0,0,0,0,0,0,0
9809345,0,0,0,0,0,0,0
9406323,0,0,0,0,0,0,0
212185,0,0,0,0,0,0,0
9706360,0,0,0,0,0,0,0
9610201,0,0,0,0,0,0,0
9409360,0,0,0,0,0,0,0
212027,1,1,0,0,0,1,10
203026,0,0,0,0,0,0,0
9904424,0,0,0,0,0,0,0
209237,0,0,0,0,0,0,0
101135,0,0,0,0,0,0,0
112136,0,0,0,0,0,0,0
102035,0,0,0,0,0,0,0
301017,0,0,0,0,0,0,0
4057,1,1,0,0,0,1,1
210008,0,0,0,0,0,0,0
9239,0,0,0,0,0,0,0
9911531,0,0,0,0,0,0,0
302043,0,0,0,0,0,0,0
111088,0,0,0,0,0,0,0
11169,0,0,0,0,0,0,0
107289,0,0,0,0,0,0,0
9811297,0,0,0,0,0,0,0
302029,0,0,0,0,0,0,0
211250,0,0,0,0,0,0,0
211423,0,0,0,0,0,0,0
9301253,37,3,34,145,37,0,0
6357,1,1,0,0,0,1,3
9704423,153,3,150,1744,34,119,378
9408332,25,7,18,62,21,4,4
9908395,24,3,21,86,2,22,223
9405274,1,1,0,0,0,1,1
9508343,154,11,143,1341,51,103,304
201023,8,3,5,8,0,8,24
9704312,21,4,17,54,6,15,26
9611247,13,2,11,44,0,13,41
108245,9,2,7,15,0,9,136
9206225,23,4,19,32,23,0,0
9602390,15,2,13,29,5,10,17
9905468,2,1,1,1,1,1,6
9509275,4,1,3,3,1,3,6
9509316,26,4,22,71,1,25,65
9406430,34,2,32,136,24,10,17
9301290,23,3,20,78,4,19,19
9302217,32,5,27,107,32,0,0
9509248,24,5,19,69,4,20,20
9403259,4,4,0,0,2,2,3
9310320,67,3,64,329,16,51,66
9710476,4,2,2,3,4,0,0
9712290,124,4,120,1087,124,0,0
9607251,59,11,48,206,7,52,144
9610481,54,9,45,279,11,43,202
9207213,30,7,23,82,30,0,0
9808272,92,9,83,446,5,87,245
9905470,15,2,13,22,0,15,150
9807267,27,4,23,59,13,14,14
9709439,26,4,22,70,3,23,70
9803305,13,3,10,32,2,11,23
9810272,28,8,20,73,0,28,208
9710565,45,6,39,206,19,26,47
9905220,52,6,46,150,7,45,146
9601241,2,1,1,1,2,0,0
9508276,28,8,20,51,11,17,17
9704231,46,3,43,268,3,43,167
9502219,10,1,9,22,3,7,7
12313,17,4,13,32,2,15,73
9803335,2,1,1,1,0,2,12
9603363,54,9,45,190,7,47,207
9807327,65,2,63,563,3,62,214
9701253,26,3,23,62,26,0,0
104238,12,1,11,21,0,12,171
105011,19,5,14,21,0,19,298
11317,4,3,1,1,0,4,42
109113,17,6,11,24,0,17,94
10111,2,1,1,1,0,2,21
9607397,62,9,53,370,0,62,354
9704206,16,5,11,27,1,15,62
107121,4,1,3,5,1,3,8
9511242,2,2,0,0,2,0,0
9701233,63,5,58,431,3,60,167
9507284,49,3,46,203,2,47,416
9912372,6,3,3,4,1,5,18
11179,17,7,10,23,0,17,83
9307322,43,1,42,287,17,26,68
9803370,11,4,7,12,1,10,55
9908353,5,2,3,3,0,5,10
9807332,17,2,15,48,0,17,53
9504372,85,4,81,376,40,45,52
9603237,85,7,78,448,14,71,205
9609449,51,9,42,229,3,48,251
9711301,1,1,0,0,0,1,3
9811353,77,2,75,544,3,74,220
9508379,52,4,48,339,7,45,214
9902476,3,1,2,2,0,3,9
9901382,4,4,0,0,0,4,17
9706297,36,2,34,153,0,36,156
9602334,12,4,8,19,1,11,27
8099,6,3,3,6,0,6,20
9611225,24,1,23,100,24,0,0
9409362,14,3,11,55,0,14,14
9707375,4,3,1,1,0,4,9
9409291,8,5,3,5,8,0,0
9802359,3,2,1,2,0,3,19
9812433,1,1,0,0,0,1,12
9405359,7,3,4,9,0,7,18
9711319,10,4,6,12,0,10,40
9412299,2,2,0,0,0,2,9
9405410,116,12,104,678,20,96,390
9903480,3,1,2,2,0,3,23
9312227,16,3,13,41,12,4,6
9407353,9,2,7,17,0,9,22
9502206,31,3,28,141,1,30,90
9302240,21,4,17,42,21,0,0
9403346,5,4,1,1,5,0,0
9604398,30,3,27,101,8,22,81
9805271,5,2,3,7,0,5,11
9306219,21,7,14,74,15,6,6
9405309,7,4,3,6,2,5,11
9912306,14,4,10,25,0,14,102
9603290,13,2,11,29,3,10,23
9408233,22,10,12,29,6,16,17
9909353,24,2,22,89,0,24,243
1103,15,0,15,50,0,15,59
9908523,36,3,33,209,0,36,335
9310233,47,4,43,321,47,0,0
3140,20,2,18,55,1,19,209
9811473,104,2,102,1270,3,101,427
9909419,25,2,23,130,2,23,463
9406300,18,6,12,28,3,15,33
9910541,8,2,6,9,0,8,91
12013,5,1,4,6,0,5,41
210415,5,1,4,8,0,5,32
9802223,1,1,0,0,0,1,1
9502391,17,4,13,30,10,7,7
9811316,17,4,13,42,0,17,98
9406248,25,5,20,101,6,19,19
9707423,45,1,44,311,18,27,38
9304247,8,3,5,10,8,0,0
9806426,4,2,2,3,0,4,11
9502336,40,12,28,84,6,34,38
9512383,40,6,34,129,0,40,114
9712271,27,2,25,92,12,15,55
9703275,9,2,7,18,4,5,6
9910449,3,2,1,1,1,2,3
9311205,171,3,168,2156,171,0,0
9903261,10,5,5,9,0,10,77
9809426,11,2,9,26,0,11,29
9312329,11,1,10,24,3,8,15
9607467,2,2,0,0,1,1,1
9803470,5,4,1,2,0,5,12
9603291,6,3,3,7,3,3,5
9603386,14,3,11,34,11,3,7
9704445,3,3,0,0,0,3,10
9602429,26,3,23,86,1,25,72
9505308,13,4,9,19,13,0,0
9810479,56,8,48,250,2,54,288
9041,28,8,20,53,5,23,73
9910392,12,2,10,24,1,11,36
9804399,7,2,5,8,0,7,33
9065,31,2,29,127,1,30,111
9607394,74,11,63,318,4,70,204
102255,30,2,28,181,2,28,271
9403240,18,2,16,31,18,0,0
9408226,11,1,10,16,0,11,19
108192,13,4,9,19,0,13,130
8237,24,4,20,85,0,24,299
9407251,26,9,17,44,2,24,111
9210255,10,4,6,10,10,0,0
103318,14,2,12,37,4,10,38
9309264,1,1,0,0,1,0,0
9606361,1,1,0,0,1,0,0
9905214,88,6,82,666,0,88,889
9708392,5,4,1,2,4,1,3
9803250,3,2,1,1,1,2,8
9702443,51,11,40,107,2,49,111
9505419,26,5,21,60,5,21,46
6122,5,2,3,4,0,5,49
9909389,2,1,1,1,0,2,35
9904432,8,2,6,11,0,8,140
9509353,21,3,18,63,1,20,44
9905566,64,16,48,192,1,63,405
9812250,4,3,1,1,4,0,0
9610499,11,4,7,11,1,10,38
209248,4,2,2,2,0,4,32
107057,14,3,11,38,0,14,49
1320,10,5,5,6,0,10,98
9609381,245,3,242,2425,32,213,502
9305280,4,4,0,0,1,3,6
112236,1,1,0,0,0,1,5
5055,2,2,0,0,0,2,14
7048,6,3,3,3,0,6,34
9803463,6,3,3,4,0,6,19
9703321,10,4,6,8,0,10,19
4266,5,2,3,3,1,4,5
9304226,1,1,0,0,1,0,0
4123,5,2,3,5,0,5,11
9310291,19,3,16,43,19,0,0
9910494,4,4,0,0,2,2,8
9806509,5,3,2,3,2,3,11
109090,7,4,3,8,0,7,53
109088,2,2,0,0,0,2,7
9406374,8,4,4,6,3,5,11
9310330,11,3,8,11,11,0,0
9610423,7,3,4,7,6,1,1
9603400,84,7,77,356,0,84,689
9608413,28,8,20,49,0,28,219
9211262,6,1,5,6,6,0,0
9809230,14,4,10,35,0,14,57
9902458,7,3,4,9,0,7,25
9505224,61,8,53,210,1,60,185
9701305,8,4,4,7,1,7,17
103058,14,2,12,32,0,14,26
6223,5,3,2,3,0,5,34
9912308,3,1,2,2,0,3,18
9907499,45,4,41,158,5,40,254
9407227,6,4,2,2,0,6,10
11138,3,1,2,2,0,3,5
9606314,52,2,50,223,19,33,66
9506233,31,7,24,104,0,31,114
108084,14,4,10,20,0,14,176
9605424,5,1,4,9,0,5,11
9603206,33,6,27,139,18,15,23
9611400,6,5,1,1,0,6,10
9503226,7,3,4,6,1,6,7
9810466,44,8,36,146,0,44,311
9512406,138,26,112,659,57,81,174
9810270,27,8,19,47,0,27,171
9510418,7,2,5,7,1,6,11
9905512,20,8,12,23,5,15,51
9203219,14,9,5,9,14,0,0
9507339,3,1,2,3,3,0,0
204221,12,5,7,13,0,12,69
9611450,19,3,16,43,4,15,28
9907507,4,1,3,6,0,4,10
9504242,12,5,7,20,0,12,60
9504357,8,2,6,16,2,6,6
9511448,25,4,21,50,10,15,25
9706529,26,4,22,43,1,25,118
9605436,10,3,7,19,0,10,30
9309277,4,2,2,5,3,1,1
9509249,26,3,23,78,26,0,0
9610344,2,1,1,1,0,2,2
9703212,61,8,53,365,0,61,717
9405365,9,1,8,20,1,8,13
9610247,9,3,6,10,1,8,53
9705248,7,3,4,8,0,7,28
9806482,66,8,58,239,1,65,296
9211272,21,6,15,49,21,0,0
108166,9,3,6,11,1,8,26
9607279,16,3,13,28,0,16,44
9910508,6,2,4,9,0,6,20
7355,35,9,26,79,1,34,133
9907418,4,2,2,3,0,4,8
9904510,25,3,22,132,0,25,489
9602404,11,1,10,32,0,11,69
11183,4,2,2,3,0,4,29
5182,2,2,0,0,0,2,4
3187,14,2,12,43,0,14,104
9305291,17,7,10,20,2,15,34
9803382,13,4,9,23,0,13,241
9405399,20,3,17,45,3,17,46
8010,15,7,8,17,2,13,68
9901304,26,1,25,112,1,25,90
9907533,10,3,7,21,1,9,18
9804351,3,2,1,1,0,3,14
9711430,4,4,0,0,0,4,4
9905489,4,2,2,2,0,4,19
108114,2,2,0,0,0,2,9
9807465,10,2,8,18,3,7,15
9708481,20,1,19,80,8,12,12
9408322,25,2,23,102,0,25,63
9907474,12,5,7,14,0,12,112
109125,15,3,12,27,0,15,147
103063,16,3,13,18,1,15,79
9711357,4,1,3,3,0,4,11
9404228,10,1,9,24,0,10,19
9209258,7,3,4,6,7,0,0
9309266,59,10,49,299,7,52,136
9404321,14,6,8,29,3,11,11
101105,5,3,2,2,0,5,32
9707387,9,4,5,7,0,9,43
2022,12,5,7,8,0,12,37
9510224,4,3,1,1,2,2,13
9703403,3,2,1,1,0,3,13
11096,4,3,1,1,0,4,10
9507322,2,1,1,1,0,2,8
9808484,7,2,5,6,2,5,7
103231,5,2,3,4,0,5,30
9211310,15,3,12,30,15,0,0
9703235,4,4,0,0,0,4,18
9607362,21,5,16,65,1,20,70
9708348,32,7,25,57,0,32,79
9803232,11,2,9,32,0,11,42
9609239,3,3,0,0,0,3,8
9806476,1,1,0,0,1,0,0
9903295,0,0,0,0,0,0,0
9701243,4,3,1,1,3,1,2
9304258,4,2,2,3,2,2,2
9902463,4,2,2,4,1,3,3
108017,2,1,1,1,0,2,15
9207253,16,11,5,11,16,0,0
104277,14,2,12,34,2,12,53
9812487,17,4,13,42,0,17,119
9908350,4,2,2,3,0,4,19
10177,13,3,10,28,1,12,54
9703430,2,2,0,0,2,0,0
9141,15,1,14,40,1,14,134
9903405,1,1,0,0,0,1,1
9211305,7,3,4,8,7,0,0
9409211,4,1,3,5,4,0,0
9908333,9,1,8,19,0,9,28
9802323,7,5,2,3,0,7,15
9906530,7,2,5,6,1,6,15
108193,12,2,10,35,0,12,76
9503290,84,6,78,401,23,61,61
9803493,8,3,5,13,1,7,21
9610362,7,1,6,8,1,6,22
108161,21,1,20,81,0,21,218
9902217,11,3,8,13,0,11,30
108079,2,2,0,0,0,2,8
9603247,21,2,19,81,2,19,31
9802404,9,3,6,8,0,9,22
9512215,3,2,1,1,0,3,6
1059,6,3,3,5,0,6,54
9509392,2,2,0,0,0,2,9
9606216,6,2,4,9,3,3,11
9804306,22,1,21,80,3,19,36
9812366,49,5,44,195,0,49,239
108176,2,1,1,1,0,2,5
9806354,41,2,39,208,2,39,338
102207,6,3,3,4,0,6,23
107048,7,4,3,7,0,7,113
9511352,14,3,11,24,11,3,3
9503388,6,1,5,12,0,6,45
9607217,6,2,4,6,3,3,3
9610524,2,2,0,0,0,2,3
110123,3,2,1,1,0,3,14
108172,16,2,14,56,0,16,135
110249,14,4,10,29,1,13,123
201307,11,1,10,39,0,11,31
104316,0,0,0,0,0,0,0
106021,6,3,3,4,0,6,26
9909448,5,2,3,5,0,5,53
9608443,2,2,0,0,0,2,2
3224,10,5,5,5,0,10,56
7041,11,3,8,19,0,11,198
9309249,7,2,5,7,7,0,0
9708319,8,1,7,12,2,6,6
9407292,19,3,16,64,2,17,32
9707385,10,3,7,12,2,8,20
206116,0,0,0,0,0,0,0
9710377,1,1,0,0,0,1,1
110325,27,6,21,72,0,27,479
9512316,4,2,2,2,4,0,0
9805356,25,4,21,92,0,25,97
9603396,22,1,21,93,6,16,16
103289,3,3,0,0,0,3,6
9402240,2,1,1,1,2,0,0
101249,7,3,4,6,0,7,112
9511360,8,1,7,13,1,7,7
9603390,12,2,10,33,8,4,10
9702416,3,2,1,1,0,3,8
9507401,3,1,2,2,0,3,8
9905442,6,3,3,4,0,6,10
9208230,8,6,2,2,8,0,0
9610207,2,1,1,1,0,2,10
101100,2,2,0,0,0,2,3
6134,3,1,2,3,0,3,8
9905346,18,5,13,19,2,16,47
9805250,15,3,12,41,7,8,21
105128,4,1,3,5,0,4,19
101347,12,6,6,9,0,12,95
9609418,9,5,4,4,2,7,15
9701328,5,1,4,8,0,5,36
9707541,6,4,2,3,0,6,24
201054,3,3,0,0,0,3,15
111288,1,1,0,0,0,1,5
9705447,5,3,2,3,0,5,11
9610418,5,1,4,6,0,5,5
9903508,3,2,1,1,0,3,9
8285,3,2,1,1,0,3,17
9410271,3,2,1,1,1,2,2
9703281,3,3,0,0,0,3,20
9806232,37,6,31,142,0,37,307
9106,5,1,4,5,0,5,19
3169,21,7,14,31,1,20,24
10151,7,1,6,8,0,7,43
110405,6,1,5,9,2,4,8
9405297,7,2,5,8,0,7,26
9503363,3,1,2,3,3,0,0
9412269,8,2,6,13,8,0,0
203035,0,0,0,0,0,0,0
9304204,5,2,3,6,5,0,0
9812498,17,3,14,31,0,17,54
9601235,4,1,3,4,4,0,0
9910269,2,1,1,1,0,2,5
9803349,20,8,12,30,2,18,156
9608242,6,4,2,3,0,6,37
9709367,2,2,0,0,0,2,7
9905446,5,3,2,2,0,5,13
9709389,4,1,3,4,0,4,4
1123,4,3,1,1,1,3,3
9701365,10,3,7,15,0,10,50
110334,0,0,0,0,0,0,0
9708458,1,1,0,0,0,1,1
9811440,3,2,1,1,0,3,18
9412289,0,0,0,0,0,0,0
7010,8,5,3,3,0,8,64
9804422,2,2,0,0,0,2,10
9609475,0,0,0,0,0,0,0
9909445,4,1,3,3,0,4,23
9701213,4,3,1,1,0,4,12
9610448,4,1,3,5,4,0,0
3228,4,1,3,4,1,3,3
201261,2,1,1,1,0,2,15
9802388,5,4,1,1,1,4,19
9901218,1,1,0,0,0,1,4
206076,2,1,1,1,0,2,16
9404249,8,1,7,23,8,0,0
9411357,3,3,0,0,3,0,0
9806403,20,5,15,33,0,20,32
9502268,6,4,2,4,6,0,0
110407,5,2,3,4,0,5,56
9405357,1,1,0,0,0,1,3
9505438,8,1,7,15,3,5,5
111348,4,3,1,2,0,4,32
9502386,4,4,0,0,4,0,0
9907383,7,5,2,4,3,4,4
9803426,12,3,9,28,0,12,56
9206255,3,1,2,3,3,0,0
6103,7,4,3,5,1,6,27
9805398,5,1,4,4,5,0,0
9701230,3,1,2,2,2,1,1
11053,16,1,15,64,1,15,117
9901374,5,5,0,0,3,2,4
9303306,19,4,15,49,19,0,0
9901267,7,5,2,3,4,3,8
9048,1,1,0,0,0,1,1
9606384,4,4,0,0,0,4,25
212107,2,2,0,0,0,2,12
105283,3,3,0,0,1,2,6
9601348,0,0,0,0,0,0,0
9406429,1,1,0,0,1,0,0
9705341,18,3,15,35,1,17,52
4096,1,1,0,0,0,1,2
9507450,1,1,0,0,0,1,2
209130,3,2,1,1,1,2,6
4005,1,1,0,0,0,1,6
112345,12,1,11,30,0,12,95
107007,6,4,2,2,0,6,102
9904311,4,1,3,3,0,4,13
9908293,0,0,0,0,0,0,0
106017,6,5,1,1,2,4,5
9209218,3,2,1,1,3,0,0
207352,2,2,0,0,0,2,13
203109,2,2,0,0,0,2,11
9609385,14,3,11,36,14,0,0
9812333,6,3,3,5,0,6,20
9505252,4,2,2,3,1,3,7
9404237,15,5,10,27,15,0,0
107025,0,0,0,0,0,0,0
9611412,6,2,4,6,0,6,14
210049,1,1,0,0,1,0,0
9701385,3,1,2,3,0,3,5
7091,16,2,14,47,0,16,125
102063,3,3,0,0,0,3,5
9910395,7,3,4,10,2,5,5
2039,10,6,4,5,0,10,88
9811326,6,1,5,8,0,6,21
111244,15,4,11,24,0,15,202
209177,2,1,1,1,0,2,50
9302314,4,3,1,1,2,2,2
208080,16,2,14,45,0,16,73
9706519,3,2,1,1,0,3,32
9701245,1,1,0,0,0,1,2
9503425,12,9,3,4,0,12,34
12199,3,2,1,1,0,3,10
7023,3,1,2,2,0,3,8
1011,1,1,0,0,0,1,2
212151,1,1,0,0,0,1,18
9911523,13,2,11,23,0,13,88
9503396,3,1,2,2,0,3,3
7008,9,4,5,11,0,9,64
9502247,13,1,12,24,11,2,3
110049,4,2,2,2,0,4,61
9905326,5,3,2,2,2,3,3
9907506,7,1,6,16,0,7,18
9710272,4,1,3,3,0,4,12
105168,2,2,0,0,0,2,5
9212209,2,2,0,0,2,0,0
204070,1,1,0,0,0,1,1
9605430,5,4,1,1,5,0,0
9405308,15,2,13,60,15,0,0
101279,4,3,1,1,2,2,2
9710357,6,1,5,6,0,6,14
9311254,3,2,1,1,3,0,0
9808258,3,3,0,0,0,3,9
204204,1,1,0,0,0,1,6
9505218,3,2,1,2,3,0,0
106184,8,4,4,6,1,7,48
9703406,7,1,6,11,0,7,42
9601212,1,1,0,0,1,0,0
9811312,2,2,0,0,0,2,12
105037,13,3,10,20,0,13,171
9504232,3,1,2,3,1,2,2
9411329,3,2,1,1,0,3,9
211406,1,1,0,0,0,1,12
9710488,2,2,0,0,0,2,13
9506375,19,3,16,50,19,0,0
9211247,6,4,2,2,6,0,0
9902206,4,1,3,3,0,4,7
9807406,3,1,2,2,0,3,6
9512435,11,2,9,18,0,11,50
9712395,9,1,8,16,0,9,38
9908203,2,1,1,1,0,2,10
9809386,3,1,2,3,2,1,1
9911313,4,1,3,6,1,3,13
9912216,12,5,7,9,1,11,24
9810474,4,2,2,2,0,4,26
202102,3,2,1,1,0,3,9
9032,1,1,0,0,1,0,0
207053,8,3,5,11,0,8,80
9311379,5,1,4,6,1,4,4
205334,4,4,0,0,0,4,32
9810292,5,3,2,2,0,5,108
3302,2,1,1,1,0,2,12
9909324,9,3,6,11,0,9,62
106014,1,1,0,0,0,1,4
9702327,8,2,6,17,0,8,15
3254,2,2,0,0,0,2,12
204211,7,4,3,4,0,7,54
9906357,8,2,6,10,1,7,13
9706319,0,0,0,0,0,0,0
9507467,4,3,1,1,2,2,2
9708204,1,1,0,0,0,1,10
9805351,1,1,0,0,0,1,5
212126,16,6,10,29,5,11,11
9810332,4,3,1,1,0,4,18
7344,2,1,1,1,0,2,13
211384,1,1,0,0,0,1,12
112343,2,2,0,0,0,2,34
103133,8,1,7,10,0,8,26
9607453,0,0,0,0,0,0,0
9212208,5,3,2,3,5,0,0
9502211,2,2,0,0,0,2,9
204353,4,2,2,2,0,4,8
9709310,0,0,0,0,0,0,0
102113,5,3,2,2,0,5,36
9505399,3,2,1,1,3,0,0
9809284,1,1,0,0,0,1,6
9805323,2,1,1,1,0,2,22
9212265,8,5,3,5,8,0,0
212021,0,0,0,0,0,0,0
9610439,3,1,2,2,1,2,2
9804266,1,1,0,0,0,1,8
9603209,5,2,3,3,0,5,7
3236,1,1,0,0,0,1,4
8183,0,0,0,0,0,0,0
9711496,1,1,0,0,0,1,3
9909444,3,2,1,1,0,3,19
107046,4,3,1,1,0,4,19
9710481,0,0,0,0,0,0,0
9509415,8,6,2,2,5,3,4
208109,0,0,0,0,0,0,0
9512231,5,4,1,1,5,0,0
9712304,2,1,1,1,0,2,3
9901216,5,2,3,4,0,5,32
9504299,0,0,0,0,0,0,0
9608212,4,2,2,3,4,0,0
9406364,1,1,0,0,1,0,0
9903212,0,0,0,0,0,0,0
9505234,3,1,2,2,0,3,14
9409227,3,3,0,0,1,2,2
9802293,1,1,0,0,0,1,1
9804377,13,5,8,10,0,13,74
302123,0,0,0,0,0,0,0
9907226,1,1,0,0,0,1,5
11203,2,2,0,0,0,2,4
6069,6,6,0,0,3,3,3
9306266,2,1,1,1,2,0,0
9701402,0,0,0,0,0,0,0
12262,1,1,0,0,0,1,7
9401231,0,0,0,0,0,0,0
1017,1,1,0,0,0,1,7
9603422,4,4,0,0,0,4,11
9902390,5,1,4,4,0,5,49
9407267,7,1,6,15,7,0,0
9812323,0,0,0,0,0,0,0
9904486,0,0,0,0,0,0,0
9404204,2,2,0,0,1,1,1
6226,2,2,0,0,1,1,1
106287,1,1,0,0,1,0,0
102336,4,2,2,2,0,4,21
9707480,8,1,7,17,0,8,40
9910210,4,1,3,4,1,3,5
9607301,4,4,0,0,3,1,2
9806353,5,2,3,6,0,5,9
9702293,4,2,2,3,2,2,2
9901266,6,2,4,7,0,6,28
9506240,1,1,0,0,1,0,0
9502266,5,1,4,7,5,0,0
210094,1,1,0,0,0,1,5
9410288,5,2,3,4,1,4,10
9605253,0,0,0,0,0,0,0
6341,10,3,7,13,1,9,51
9708492,0,0,0,0,0,0,0
7242,1,1,0,0,0,1,1
9902301,5,2,3,3,1,4,8
9802326,0,0,0,0,0,0,0
9312304,13,7,6,8,0,13,37
9610287,0,0,0,0,0,0,0
1201,4,3,1,1,0,4,12
110208,8,3,5,7,0,8,62
9611337,2,2,0,0,2,0,0
1281,3,1,2,2,3,0,0
9910404,1,1,0,0,0,1,1
2034,4,2,2,3,0,4,18
4239,0,0,0,0,0,0,0
9911420,1,1,0,0,0,1,1
108150,2,1,1,1,0,2,12
6259,0,0,0,0,0,0,0
9603357,1,1,0,0,1,0,0
9908496,0,0,0,0,0,0,0
9803501,4,1,3,4,0,4,13
9303221,4,3,1,2,4,0,0
9802367,6,2,4,10,0,6,51
9707379,0,0,0,0,0,0,0
9210245,6,4,2,2,6,0,0
9204223,1,1,0,0,1,0,0
9407334,4,3,1,1,0,4,5
204123,5,3,2,2,1,4,16
9508307,1,1,0,0,1,0,0
9805512,1,1,0,0,0,1,3
9808411,3,2,1,1,3,0,0
9108,3,2,1,1,0,3,7
9809558,2,1,1,1,0,2,2
9510236,3,2,1,1,0,3,3
11282,1,1,0,0,1,0,0
2289,1,1,0,0,1,0,0
9501389,0,0,0,0,0,0,0
9605303,3,1,2,3,0,3,15
9604204,5,3,2,2,0,5,17
10341,1,1,0,0,0,1,17
9311246,7,4,3,6,7,0,0
9152,1,1,0,0,0,1,1
9910427,2,2,0,0,0,2,4
9608254,1,1,0,0,0,1,3
9339,3,3,0,0,0,3,15
8279,3,1,2,2,0,3,62
207047,8,4,4,6,0,8,65
9509372,1,1,0,0,1,0,0
11107,4,3,1,1,0,4,6
9507340,4,3,1,1,2,2,2
9609211,0,0,0,0,0,0,0
211371,0,0,0,0,0,0,0
1013,2,1,1,1,0,2,8
9807218,2,2,0,0,0,2,4
9401297,2,1,1,1,1,1,1
9910414,2,1,1,1,0,2,2
9903372,5,3,2,4,0,5,34
9707287,0,0,0,0,0,0,0
9508358,0,0,0,0,0,0,0
9807334,20,1,19,73,0,20,225
9710564,1,1,0,0,1,0,0
9803490,2,2,0,0,0,2,4
212236,0,0,0,0,0,0,0
11072,0,0,0,0,0,0,0
9912361,3,2,1,1,0,3,12
210039,0,0,0,0,0,0,0
209085,3,2,1,1,0,3,25
9310238,1,1,0,0,1,0,0
9710548,1,1,0,0,1,0,0
9604278,1,1,0,0,1,0,0
211041,1,1,0,0,0,1,7
9306238,5,3,2,4,5,0,0
8133,1,1,0,0,0,1,9
9801219,6,4,2,2,6,0,0
9608319,4,4,0,0,0,4,6
103340,1,1,0,0,0,1,2
301130,2,2,0,0,0,2,21
9211330,1,1,0,0,1,0,0
107250,2,2,0,0,0,2,10
2233,1,1,0,0,1,0,0
5190,8,5,3,5,0,8,30
206094,0,0,0,0,0,0,0
3056,1,1,0,0,0,1,2
206105,1,1,0,0,0,1,8
9903304,7,1,6,18,1,6,6
206249,3,3,0,0,1,2,5
207061,1,1,0,0,1,0,0
9601342,4,4,0,0,4,0,0
302017,0,0,0,0,0,0,0
106339,1,1,0,0,0,1,3
10176,1,1,0,0,0,1,3
9406409,0,0,0,0,0,0,0
211243,1,1,0,0,0,1,4
9409404,2,2,0,0,2,0,0
9303243,1,1,0,0,1,0,0
9902227,1,1,0,0,0,1,9
9608447,2,1,1,1,2,0,0
9601277,3,2,1,1,0,3,6
9911470,4,4,0,0,2,2,11
9811373,4,2,2,2,0,4,28
9707295,1,1,0,0,0,1,1
9710523,2,2,0,0,0,2,3
109041,4,2,2,2,0,4,68
9906552,3,1,2,2,0,3,11
9708267,0,0,0,0,0,0,0
208153,6,4,2,3,4,2,5
9610258,1,1,0,0,0,1,1
302162,0,0,0,0,0,0,0
1114,0,0,0,0,0,0,0
9905469,1,1,0,0,0,1,1
9903440,4,2,2,3,0,4,8
9503288,2,1,1,1,0,2,2
9912277,0,0,0,0,0,0,0
9811330,1,1,0,0,0,1,5
211351,0,0,0,0,0,0,0
206095,1,1,0,0,0,1,5
9708298,1,1,0,0,1,0,0
209146,0,0,0,0,0,0,0
209186,0,0,0,0,0,0,0
9410248,1,1,0,0,1,0,0
9303313,10,2,8,17,10,0,0
9138,1,1,0,0,0,1,2
101267,2,1,1,1,1,1,5
9801296,0,0,0,0,0,0,0
9809411,4,2,2,3,0,4,9
12156,4,3,1,1,0,4,30
9712509,0,0,0,0,0,0,0
9911325,1,1,0,0,0,1,9
112330,0,0,0,0,0,0,0
9503429,1,1,0,0,1,0,0
5327,0,0,0,0,0,0,0
9612209,2,2,0,0,1,1,1
9092,1,1,0,0,0,1,8
9903227,6,2,4,6,0,6,11
9803455,2,1,1,1,0,2,3
302027,0,0,0,0,0,0,0
9506299,4,2,2,3,1,3,4
211096,1,1,0,0,0,1,3
9607311,0,0,0,0,0,0,0
2129,2,2,0,0,0,2,22
109073,0,0,0,0,0,0,0
9304301,1,1,0,0,1,0,0
201068,0,0,0,0,0,0,0
9606368,7,6,1,1,4,3,3
9710519,0,0,0,0,0,0,0
9705241,2,1,1,1,1,1,2
301183,1,1,0,0,0,1,7
9606253,0,0,0,0,0,0,0
9507229,0,0,0,0,0,0,0
111009,0,0,0,0,0,0,0
9401221,3,2,1,1,3,0,0
208129,0,0,0,0,0,0,0
9905383,2,1,1,1,2,0,0
9806488,5,2,3,6,1,4,10
9702328,0,0,0,0,0,0,0
204002,6,6,0,0,0,6,54
9908219,1,1,0,0,0,1,9
9210243,2,1,1,1,2,0,0
212063,0,0,0,0,0,0,0
9709495,0,0,0,0,0,0,0
205088,2,2,0,0,0,2,21
9810450,3,3,0,0,0,3,21
5073,2,2,0,0,0,2,4
9909201,1,1,0,0,0,1,3
109005,3,2,1,1,0,3,8
5300,5,1,4,10,0,5,7
301089,0,0,0,0,0,0,0
103160,1,1,0,0,0,1,3
9503460,1,1,0,0,0,1,2
7231,2,2,0,0,0,2,10
9911484,0,0,0,0,0,0,0
9805501,1,1,0,0,1,0,0
9711441,7,1,6,12,0,7,17
203220,5,2,3,4,0,5,11
104216,2,2,0,0,0,2,4
9402296,0,0,0,0,0,0,0
9809328,1,1,0,0,0,1,4
102300,1,1,0,0,0,1,2
11243,3,2,1,1,0,3,5
208241,2,2,0,0,0,2,9
112352,4,2,2,2,0,4,13
205075,0,0,0,0,0,0,0
212312,1,1,0,0,0,1,11
9904361,1,1,0,0,0,1,12
9907253,0,0,0,0,0,0,0
9511373,0,0,0,0,0,0,0
9607422,0,0,0,0,0,0,0
4212,2,1,1,1,0,2,4
211288,0,0,0,0,0,0,0
9209212,1,1,0,0,1,0,0
212150,0,0,0,0,0,0,0
9406326,0,0,0,0,0,0,0
9605278,1,1,0,0,1,0,0
9603211,3,1,2,2,2,1,1
9088,0,0,0,0,0,0,0
203085,2,2,0,0,0,2,2
107012,1,1,0,0,0,1,5
9037,3,1,2,2,0,3,14
9711305,2,2,0,0,0,2,10
4132,0,0,0,0,0,0,0
9708273,0,0,0,0,0,0,0
9808311,1,1,0,0,0,1,1
202104,1,1,0,0,1,0,0
9708261,0,0,0,0,0,0,0
9505287,2,1,1,1,2,0,0
9704306,1,1,0,0,0,1,5
107167,0,0,0,0,0,0,0
9902209,0,0,0,0,0,0,0
9809246,0,0,0,0,0,0,0
11181,0,0,0,0,0,0,0
11090,0,0,0,0,0,0,0
9803325,1,1,0,0,0,1,2
208052,0,0,0,0,0,0,0
209161,5,3,2,2,1,4,12
6264,2,2,0,0,1,1,3
209307,0,0,0,0,0,0,0
9808235,0,0,0,0,0,0,0
208005,0,0,0,0,0,0,0
107198,0,0,0,0,0,0,0
9910510,2,2,0,0,0,2,2
9710433,0,0,0,0,0,0,0
9905360,1,1,0,0,0,1,2
9703217,2,2,0,0,2,0,0
9507308,1,1,0,0,0,1,1
9707400,0,0,0,0,0,0,0
9706442,0,0,0,0,0,0,0
9612299,0,0,0,0,0,0,0
9711468,0,0,0,0,0,0,0
209369,1,1,0,0,0,1,6
211450,0,0,0,0,0,0,0
104255,5,4,1,1,0,5,16
9711375,0,0,0,0,0,0,0
9712215,4,1,3,4,0,4,4
9905289,2,1,1,1,2,0,0
107021,0,0,0,0,0,0,0
9801382,1,1,0,0,1,0,0
205097,2,1,1,1,0,2,12
202026,0,0,0,0,0,0,0
9805406,0,0,0,0,0,0,0
9809476,0,0,0,0,0,0,0
211342,3,2,1,1,0,3,22
9405370,0,0,0,0,0,0,0
109055,0,0,0,0,0,0,0
211355,0,0,0,0,0,0,0
9912529,0,0,0,0,0,0,0
9712503,1,1,0,0,1,0,0
9807357,1,1,0,0,0,1,6
301032,0,0,0,0,0,0,0
9406225,0,0,0,0,0,0,0
9708312,0,0,0,0,0,0,0
9710437,0,0,0,0,0,0,0
8192,1,1,0,0,0,1,12
9805226,0,0,0,0,0,0,0
9910282,4,2,2,4,0,4,25
302002,1,1,0,0,0,1,5
9609268,0,0,0,0,0,0,0
9502253,3,1,2,2,3,0,0
9701362,0,0,0,0,0,0,0
211246,0,0,0,0,0,0,0
206130,1,1,0,0,1,0,0
10167,1,1,0,0,0,1,3
9808414,2,1,1,1,0,2,4
9806538,1,1,0,0,0,1,3
6070,0,0,0,0,0,0,0
9309271,0,0,0,0,0,0,0
211142,0,0,0,0,0,0,0
109105,1,1,0,0,1,0,0
9912244,0,0,0,0,0,0,0
9902445,0,0,0,0,0,0,0
208180,0,0,0,0,0,0,0
110176,1,1,0,0,0,1,2
9510416,1,1,0,0,1,0,0
9903466,2,2,0,0,2,0,0
9911201,0,0,0,0,0,0,0
302263,0,0,0,0,0,0,0
9510381,3,3,0,0,3,0,0
212028,3,2,1,1,0,3,19
9908359,0,0,0,0,0,0,0
9905378,1,1,0,0,0,1,3
201252,0,0,0,0,0,0,0
9507369,2,2,0,0,0,2,5
9906334,0,0,0,0,0,0,0
302051,0,0,0,0,0,0,0
209116,2,2,0,0,1,1,1
9811345,2,2,0,0,0,2,8
9710471,0,0,0,0,0,0,0
202168,1,1,0,0,1,0,0
212350,1,1,0,0,0,1,6
9909400,0,0,0,0,0,0,0
207223,0,0,0,0,0,0,0
9704233,0,0,0,0,0,0,0
9807343,1,1,0,0,1,0,0
301099,1,1,0,0,1,0,0
211170,1,1,0,0,0,1,3
9802330,0,0,0,0,0,0,0
9712340,0,0,0,0,0,0,0
9502242,0,0,0,0,0,0,0
9902249,0,0,0,0,0,0,0
9804204,2,2,0,0,2,0,0
9911417,0,0,0,0,0,0,0
9702205,0,0,0,0,0,0,0
101218,0,0,0,0,0,0,0
9611395,0,0,0,0,0,0,0
108038,0,0,0,0,0,0,0
102123,0,0,0,0,0,0,0
9804440,0,0,0,0,0,0,0
9902459,0,0,0,0,0,0,0
6308,0,0,0,0,0,0,0
9803430,0,0,0,0,0,0,0
9804329,5,1,4,10,0,5,18
210282,0,0,0,0,0,0,0
9505332,0,0,0,0,0,0,0
9905556,0,0,0,0,0,0,0
9712370,3,1,2,2,3,0,0
106106,0,0,0,0,0,0,0
211413,0,0,0,0,0,0,0
9712364,0,0,0,0,0,0,0
207204,1,1,0,0,0,1,6
9312328,3,2,1,2,3,0,0
9812443,0,0,0,0,0,0,0
110012,1,1,0,0,0,1,1
9910504,0,0,0,0,0,0,0
208195,0,0,0,0,0,0,0
9709326,0,0,0,0,0,0,0
9811468,0,0,0,0,0,0,0
207331,0,0,0,0,0,0,0
104172,0,0,0,0,0,0,0
9320,0,0,0,0,0,0,0
101058,0,0,0,0,0,0,0
7342,1,1,0,0,0,1,5
9807288,0,0,0,0,0,0,0
9810209,1,1,0,0,1,0,0
9610365,0,0,0,0,0,0,0
9501367,0,0,0,0,0,0,0
302224,0,0,0,0,0,0,0
9907304,0,0,0,0,0,0,0
9703461,0,0,0,0,0,0,0
101235,0,0,0,0,0,0,0
9910356,1,1,0,0,1,0,0
301104,0,0,0,0,0,0,0
109044,1,1,0,0,0,1,2
9808395,0,0,0,0,0,0,0
9610366,0,0,0,0,0,0,0
9908484,0,0,0,0,0,0,0
9308298,0,0,0,0,0,0,0
10047,1,1,0,0,0,1,2
9806492,0,0,0,0,0,0,0
9804272,1,1,0,0,1,0,0
9606481,1,1,0,0,0,1,1
4167,0,0,0,0,0,0,0
9307229,0,0,0,0,0,0,0
1135,2,1,1,1,0,2,4
9409247,0,0,0,0,0,0,0
9509384,0,0,0,0,0,0,0
211445,0,0,0,0,0,0,0
9802264,0,0,0,0,0,0,0
111351,1,1,0,0,1,0,0
209220,0,0,0,0,0,0,0
212046,0,0,0,0,0,0,0
9908312,0,0,0,0,0,0,0
1197,0,0,0,0,0,0,0
204346,1,1,0,0,0,1,4
209096,0,0,0,0,0,0,0
9608334,0,0,0,0,0,0,0
207308,0,0,0,0,0,0,0
9508328,0,0,0,0,0,0,0
9805236,0,0,0,0,0,0,0
205118,0,0,0,0,0,0,0
207209,0,0,0,0,0,0,0
9806211,1,1,0,0,0,1,2
9308312,1,1,0,0,1,0,0
9503440,0,0,0,0,0,0,0
9510331,0,0,0,0,0,0,0
205107,0,0,0,0,0,0,0
9908215,0,0,0,0,0,0,0
210298,1,1,0,0,0,1,4
107096,0,0,0,0,0,0,0
9811408,0,0,0,0,0,0,0
301192,0,0,0,0,0,0,0
3325,1,1,0,0,0,1,5
209169,0,0,0,0,0,0,0
111191,0,0,0,0,0,0,0
211332,0,0,0,0,0,0,0
9911520,1,1,0,0,0,1,6
9905382,0,0,0,0,0,0,0
111438,0,0,0,0,0,0,0
4149,1,1,0,0,0,1,3
107296,0,0,0,0,0,0,0
110134,0,0,0,0,0,0,0
211179,0,0,0,0,0,0,0
9508219,0,0,0,0,0,0,0
101069,0,0,0,0,0,0,0
2026,0,0,0,0,0,0,0
205123,0,0,0,0,0,0,0
103019,1,1,0,0,0,1,5
9809518,0,0,0,0,0,0,0
302020,0,0,0,0,0,0,0
9802212,0,0,0,0,0,0,0
9512331,0,0,0,0,0,0,0
9708293,0,0,0,0,0,0,0
302023,0,0,0,0,0,0,0
9708324,0,0,0,0,0,0,0
209331,1,1,0,0,0,1,21
11343,0,0,0,0,0,0,0
103276,0,0,0,0,0,0,0
9810263,0,0,0,0,0,0,0
210246,0,0,0,0,0,0,0
207267,0,0,0,0,0,0,0
9905273,0,0,0,0,0,0,0
9509290,0,0,0,0,0,0,0
9707501,1,1,0,0,1,0,0
9705352,1,1,0,0,0,1,5
9912442,0,0,0,0,0,0,0
9808252,0,0,0,0,0,0,0
9511276,0,0,0,0,0,0,0
9611370,0,0,0,0,0,0,0
9905526,0,0,0,0,0,0,0
9503218,0,0,0,0,0,0,0
110241,0,0,0,0,0,0,0
9912541,0,0,0,0,0,0,0
212330,0,0,0,0,0,0,0
9809389,0,0,0,0,0,0,0
9806458,1,1,0,0,1,0,0
9206265,1,1,0,0,1,0,0
9901232,0,0,0,0,0,0,0
208179,0,0,0,0,0,0,0
9405219,0,0,0,0,0,0,0
9605421,0,0,0,0,0,0,0
103325,1,1,0,0,0,1,5
9711343,0,0,0,0,0,0,0
9056,0,0,0,0,0,0,0
9906531,0,0,0,0,0,0,0
205203,0,0,0,0,0,0,0
210144,0,0,0,0,0,0,0
108039,1,1,0,0,1,0,0
7106,0,0,0,0,0,0,0
9706517,0,0,0,0,0,0,0
9610459,0,0,0,0,0,0,0
9310249,0,0,0,0,0,0,0
209317,0,0,0,0,0,0,0
9606352,0,0,0,0,0,0,0
301116,0,0,0,0,0,0,0
301175,0,0,0,0,0,0,0
9701265,1,1,0,0,1,0,0
211365,0,0,0,0,0,0,0
9501239,0,0,0,0,0,0,0
9707255,0,0,0,0,0,0,0
10184,0,0,0,0,0,0,0
107273,0,0,0,0,0,0,0
5201,0,0,0,0,0,0,0
9906294,0,0,0,0,0,0,0
9505436,0,0,0,0,0,0,0
302045,0,0,0,0,0,0,0
112204,0,0,0,0,0,0,0
110039,0,0,0,0,0,0,0
4260,0,0,0,0,0,0,0
9504282,0,0,0,0,0,0,0
9908403,0,0,0,0,0,0,0
11126,0,0,0,0,0,0,0
8126,1,1,0,0,1,0,0
9901240,0,0,0,0,0,0,0
9605245,17,1,16,42,2,15,15
7038,26,6,20,58,0,26,112
9705292,77,11,66,393,39,38,52
9704376,54,11,43,205,5,49,528
9909530,3,1,2,3,0,3,8
9304219,2,1,1,1,2,0,0
9511342,49,8,41,199,11,38,85
201249,9,2,7,17,2,7,10
9706304,31,17,14,31,4,27,94
9611367,25,3,22,97,2,23,79
109166,23,9,14,27,23,0,0
9207249,14,5,9,16,14,0,0
9603311,31,5,26,99,7,24,56
9906292,6,3,3,4,0,6,44
9510308,16,1,15,94,3,13,13
9308347,27,3,24,97,27,0,0
9606317,0,0,0,0,0,0,0
9307295,19,7,12,54,2,17,40
9304275,25,4,21,77,25,0,0
9509378,22,5,17,56,22,0,0
9302221,10,4,6,11,10,0,0
9403338,135,7,128,1039,58,77,100
9711354,10,6,4,8,3,7,14
9712537,77,8,69,482,0,77,533
9812308,6,4,2,2,0,6,22
9606360,33,3,30,109,29,4,4
9212204,21,6,15,59,21,0,0
9808296,56,1,55,368,0,56,357
9906368,10,4,6,14,0,10,98
9311204,47,4,43,278,43,4,4
9712493,81,4,77,422,21,60,156
9804367,8,2,6,12,0,8,17
9603292,3,3,0,0,0,3,8
9801431,44,3,41,202,2,42,198
9910335,12,4,8,13,11,1,1
2292,8,1,7,11,0,8,47
9604304,1,1,0,0,0,1,3
9707235,47,5,42,211,1,46,213
9506319,6,2,4,6,0,6,19
9809587,6,2,4,5,0,6,26
9809464,1,1,0,0,0,1,11
9707435,117,10,107,655,16,101,498
9808265,58,4,54,376,1,57,494
9701283,31,4,27,97,2,29,82
105200,8,4,4,5,0,8,61
9802405,60,7,53,420,4,56,360
12212,11,7,4,5,0,11,77
9402363,20,5,15,84,1,19,55
10162,2,1,1,1,0,2,12
9607487,35,2,33,168,0,35,243
9704225,19,2,17,74,1,18,208
9603379,7,1,6,15,7,0,0
9608364,4,4,0,0,0,4,8
9812392,19,6,13,30,1,18,162
9508211,28,4,24,84,5,23,67
10073,3,3,0,0,1,2,8
11323,10,2,8,15,0,10,317
9505326,36,4,32,146,3,33,194
9804252,38,5,33,180,2,36,212
9507303,34,5,29,134,0,34,229
9810432,15,2,13,33,0,15,62
9511210,109,15,94,390,49,60,60
9607473,26,4,22,82,7,19,20
9804456,4,1,3,4,0,4,17
9711362,23,6,17,62,4,19,93
9811356,168,7,161,1939,0,168,820
9603208,92,5,87,621,7,85,815
9205247,26,1,25,101,26,0,0
9904389,13,4,9,15,1,12,31
9707309,24,2,22,81,0,24,149
9207240,15,2,13,34,15,0,0
3277,7,2,5,11,0,7,10
9707362,21,3,18,65,0,21,21
9806344,40,5,35,131,18,22,28
9403363,7,5,2,2,7,0,0
9605225,1,1,0,0,0,1,2
9802431,9,4,5,11,0,9,53
9703360,6,3,3,7,0,6,17
9507233,1,1,0,0,0,1,1
9802426,14,6,8,26,0,14,32
9512303,25,4,21,92,0,25,111
9508250,8,5,3,3,1,7,21
9903518,6,3,3,3,0,6,45
9410297,5,3,2,2,1,4,4
9409215,23,3,20,80,23,0,0
9607400,13,4,9,24,10,3,3
9404270,124,15,109,683,59,65,118
9411235,4,3,1,1,3,1,2
9609256,31,8,23,75,3,28,85
9805292,12,2,10,27,0,12,53
9306294,69,9,60,323,31,38,41
9409250,41,9,32,148,35,6,6
9912307,6,1,5,7,0,6,39
9607431,12,2,10,17,12,0,0
9304315,16,4,12,29,16,0,0
9712506,13,5,8,24,0,13,79
2032,8,4,4,9,1,7,28
9909464,20,2,18,46,1,19,174
9503213,9,4,5,12,4,5,6
4095,44,6,38,183,0,44,131
9812287,141,6,135,1642,4,137,664
9909574,63,3,60,482,1,62,651
9406320,30,9,21,54,7,23,57
9911223,13,2,11,40,0,13,291
12311,4,2,2,2,0,4,34
208156,3,2,1,1,0,3,5
9306214,17,4,13,57,8,9,17
9304286,17,5,12,26,17,0,0
9312272,68,8,60,309,11,57,112
9504234,34,1,33,153,7,27,74
9709492,72,4,68,504,8,64,146
9405337,11,3,8,20,11,0,0
9806477,8,1,7,9,0,8,37
9406315,33,5,28,74,17,16,19
9606325,23,5,18,39,2,21,116
9907291,7,2,5,9,5,2,4
9707430,40,7,33,205,8,32,75
9910357,0,0,0,0,0,0,0
9605446,106,1,105,985,1,105,311
9607433,37,6,31,128,16,21,30
9209236,18,2,16,61,18,0,0
9404323,7,3,4,7,4,3,11
9811331,1,1,0,0,0,1,1
8053,0,0,0,0,0,0,0
9305206,43,7,36,121,43,0,0
9605440,11,1,10,19,1,10,24
9707217,11,3,8,12,0,11,103
9704443,8,1,7,26,5,3,3
9505350,34,3,31,97,2,32,105
9904219,26,1,25,129,0,26,87
9408275,12,8,4,6,11,1,1
9911341,26,6,20,60,5,21,122
9806246,17,5,12,31,2,15,32
10003,34,2,32,125,29,5,5
9608275,14,3,11,23,0,14,111
102259,22,3,19,115,0,22,219
9811402,9,2,7,20,3,6,6
9409301,25,5,20,69,4,21,41
9337,29,4,25,96,4,25,210
9212,18,4,14,44,0,18,176
9407273,9,6,3,6,0,9,45
9405228,6,3,3,6,3,3,4
104095,8,4,4,7,1,7,59
9406360,2,1,1,1,2,0,0
105263,4,4,0,0,0,4,20
101115,4,2,2,3,0,4,23
9903361,3,3,0,0,0,3,20
9907494,14,4,10,45,1,13,16
9603408,23,3,20,42,15,8,8
9510253,3,2,1,1,0,3,3
6278,31,4,27,114,0,31,313
9905474,71,12,59,228,0,71,676
9905417,21,2,19,40,1,20,45
9601220,8,1,7,14,0,8,30
9911228,12,3,9,23,0,12,118
9907327,13,2,11,18,2,11,36
6304,6,4,2,2,0,6,26
210135,3,2,1,1,0,3,25
107287,4,2,2,3,0,4,21
2178,43,5,38,160,0,43,310
9702379,52,3,49,267,0,52,249
9308269,10,1,9,17,8,2,2
205106,8,6,2,2,0,8,79
11132,4,4,0,0,0,4,25
12028,1,1,0,0,1,0,0
9807411,16,1,15,34,0,16,38
9705206,13,1,12,32,1,12,37
12125,80,2,78,829,37,43,47
9909490,0,0,0,0,0,0,0
2053,9,3,6,20,3,6,15
9310374,7,2,5,8,7,0,0
9310207,9,6,3,4,9,0,0
9411362,0,0,0,0,0,0,0
109197,11,4,7,20,0,11,179
112295,8,3,5,5,1,7,20
9411435,10,4,6,17,5,5,5
9502214,5,3,2,3,5,0,0
9704201,38,2,36,217,0,38,183
9604237,50,7,43,144,0,50,161
9609281,6,3,3,3,0,6,29
9608294,12,2,10,19,0,12,43
9702331,16,1,15,53,7,9,17
9610426,6,4,2,2,1,5,13
9509432,26,7,19,55,0,26,121
9411312,11,2,9,22,11,0,0
209372,0,0,0,0,0,0,0
9610421,9,3,6,10,9,0,0
9903270,0,0,0,0,0,0,0
9908286,17,4,13,46,0,17,335
9401278,7,2,5,7,7,0,0
9910316,11,5,6,8,0,11,39
9702367,34,5,29,106,31,3,3
9506442,5,2,3,4,2,3,3
109122,6,1,5,7,0,6,66
9708223,17,5,12,44,1,16,69
9603410,8,5,3,7,5,3,3
9507365,9,2,7,13,9,0,0
9303237,10,4,6,10,10,0,0
5028,18,2,16,55,0,18,144
9701289,83,18,65,361,3,80,385
9904320,8,3,5,7,1,7,27
9510449,88,19,69,365,7,81,268
2157,8,6,2,2,0,8,42
9302256,10,3,7,14,10,0,0
9511398,4,2,2,2,4,0,0
9802350,38,3,35,81,15,23,57
9704324,17,3,14,48,2,15,32
9506338,8,2,6,19,8,0,0
9304270,5,2,3,4,5,0,0
9512208,13,1,12,24,0,13,58
9608201,4,2,2,2,0,4,15
9707240,7,4,3,3,0,7,21
9707305,8,3,5,11,0,8,41
9412237,5,3,2,5,0,5,11
9704319,14,3,11,19,1,13,26
9610492,17,6,11,25,2,15,80
9704347,11,5,6,19,0,11,224
9405424,14,4,10,30,0,14,27
9610335,5,2,3,4,0,5,24
9706287,12,5,7,20,0,12,37
9906222,12,5,7,15,0,12,175
9608306,24,4,20,62,1,23,123
9601346,11,2,9,20,6,5,5
9812307,7,2,5,10,2,5,9
10240,37,3,34,125,6,31,69
1147,3,2,1,2,0,3,14
9907515,7,1,6,9,0,7,10
9905295,20,3,17,102,0,20,457
9510311,11,1,10,25,0,11,110
9509428,35,3,32,96,2,33,224
9807376,1,1,0,0,1,0,0
4127,16,3,13,42,0,16,133
9307297,15,4,11,24,9,6,6
9608239,3,3,0,0,1,2,4
9406397,18,6,12,21,1,17,60
9287,12,4,8,17,0,12,119
9903462,16,1,15,54,0,16,101
9411342,27,9,18,28,14,13,15
9901224,11,1,10,43,0,11,67
9404239,17,6,11,29,1,16,38
9709481,3,3,0,0,2,1,1
104150,2,1,1,1,0,2,15
9810416,11,2,9,29,1,10,45
9904209,8,2,6,18,2,6,27
9411429,11,2,9,19,2,9,25
9908311,19,3,16,67,0,19,204
104146,12,6,6,11,0,12,120
103157,13,6,7,12,0,13,107
9712393,5,2,3,4,5,0,0
9407347,19,3,16,47,9,10,20
9812490,3,2,1,1,0,3,17
9309310,71,9,62,497,61,10,10
9406235,18,7,11,45,1,17,82
1224,9,1,8,16,0,9,34
9707412,32,7,25,82,3,29,344
204141,1,1,0,0,0,1,2
205210,3,3,0,0,0,3,6
9907469,13,2,11,21,2,11,49
9403348,3,1,2,2,3,0,0
9512419,5,3,2,3,0,5,58
9810211,3,2,1,1,0,3,31
104037,4,1,3,5,0,4,7
9311227,7,4,3,3,5,2,6
9312339,4,1,3,3,4,0,0
9607450,3,2,1,1,0,3,15
9512280,12,3,9,21,9,3,3
9906459,8,2,6,14,0,8,45
9403281,28,4,24,84,28,0,0
9807490,3,3,0,0,0,3,9
9402362,13,2,11,24,13,0,0
9604352,7,1,6,9,7,0,0
9406263,15,2,13,29,15,0,0
9907539,7,5,2,2,0,7,60
9029,5,2,3,4,0,5,9
9505268,2,1,1,1,2,0,0
110004,6,2,4,8,0,6,10
9807443,73,13,60,196,0,73,698
9609246,2,2,0,0,0,2,3
103044,14,3,11,35,0,14,50
11264,4,2,2,3,3,1,1
11247,25,5,20,67,0,25,193
9409451,13,1,12,24,13,0,0
9502412,4,2,2,4,4,0,0
9908433,29,7,22,59,14,15,72
9910437,9,2,7,14,0,9,42
9811363,29,5,24,123,1,28,185
209263,1,1,0,0,0,1,6
111224,9,1,8,20,0,9,86
212345,2,2,0,0,0,2,7
9904304,5,2,3,4,0,5,16
9612250,5,3,2,2,0,5,23
108170,22,3,19,78,0,22,293
9806324,23,3,20,53,2,21,61
104278,5,2,3,3,0,5,123
9605316,6,1,5,12,6,0,0
9804390,2,1,1,1,0,2,3
9802291,15,7,8,22,3,12,37
9509208,11,2,9,25,2,9,11
9702261,2,2,0,0,0,2,4
9606238,15,4,11,27,0,15,49
9806279,32,3,29,133,9,23,54
9911379,10,1,9,15,0,10,50
203178,2,1,1,1,0,2,4
9906411,10,1,9,29,7,3,3
109246,2,2,0,0,0,2,8
9908415,9,4,5,9,2,7,16
9307285,18,7,11,31,18,0,0
9508290,14,1,13,48,9,5,5
9612318,14,4,10,14,2,12,19
1119,16,1,15,53,0,16,97
107262,0,0,0,0,0,0,0
110001,13,3,10,23,0,13,115
110283,6,1,5,7,0,6,62
202006,10,2,8,16,0,10,24
3189,0,0,0,0,0,0,0
106072,6,2,4,6,0,6,35
11092,11,4,7,17,2,9,10
9805268,21,5,16,22,3,18,55
7233,5,5,0,0,0,5,20
201250,3,2,1,1,0,3,11
9707450,9,7,2,2,2,7,41
9906318,23,5,18,67,4,19,28
9409436,10,1,9,20,2,8,17
9707509,13,4,9,15,3,10,34
9605388,1,1,0,0,1,0,0
9808351,4,3,1,1,3,1,1
9812311,24,4,20,55,0,24,117
9808486,4,2,2,2,0,4,12
9805371,4,2,2,3,0,4,6
9805477,9,1,8,18,2,7,8
103290,3,3,0,0,0,3,9
9310267,5,2,3,6,5,0,0
11019,1,1,0,0,0,1,15
9512248,25,2,23,73,1,24,63
9606466,6,2,4,9,0,6,30
6324,8,2,6,8,3,5,5
9611463,10,1,9,24,0,10,30
9905472,10,6,4,5,0,10,63
9307252,4,4,0,0,4,0,0
9710349,6,3,3,6,6,0,0
9806436,9,1,8,11,4,5,9
8083,4,4,0,0,0,4,8
9908271,5,4,1,2,0,5,18
9810323,4,1,3,4,0,4,8
9906527,14,6,8,12,3,11,11
9804282,32,3,29,155,15,17,51
10143,0,0,0,0,0,0,0
9908483,7,4,3,3,0,7,14
9506388,7,1,6,11,7,0,0
202132,1,1,0,0,0,1,1
108080,3,3,0,0,0,3,9
9609469,11,3,8,19,1,10,20
9706537,4,2,2,2,0,4,8
9501282,8,6,2,2,8,0,0
9810381,7,3,4,5,0,7,33
9901418,0,0,0,0,0,0,0
9605241,1,1,0,0,1,0,0
9806305,52,10,42,175,4,48,283
10070,5,1,4,5,0,5,24
6023,10,3,7,24,0,10,18
9401271,14,4,10,36,14,0,0
9608384,6,2,4,9,2,4,6
9406338,5,2,3,6,0,5,8
9503365,3,1,2,3,3,0,0
9808438,6,1,5,11,3,3,3
10171,1,1,0,0,1,0,0
9401218,6,4,2,2,6,0,0
9910551,10,5,5,10,0,10,50
9507292,1,1,0,0,1,0,0
9310209,2,1,1,1,2,0,0
9406406,9,1,8,17,0,9,62
9206229,6,3,3,6,6,0,0
9605215,10,3,7,22,6,4,4
9412234,1,1,0,0,1,0,0
9812270,0,0,0,0,0,0,0
9703257,12,8,4,9,0,12,24
9710518,3,2,1,1,1,2,8
9711373,3,1,2,2,0,3,8
10163,5,2,3,3,1,4,15
9811454,7,6,1,1,1,6,40
9403361,8,6,2,3,8,0,0
8196,4,3,1,1,0,4,24
9805407,6,4,2,2,0,6,28
9608490,5,3,2,4,5,0,0
9803298,8,3,5,12,3,5,15
9612274,4,2,2,2,0,4,8
9611201,2,2,0,0,0,2,4
9807312,3,2,1,1,0,3,10
205084,2,1,1,1,0,2,17
9607227,0,0,0,0,0,0,0
9903335,4,4,0,0,0,4,15
208073,3,3,0,0,0,3,32
9503438,1,1,0,0,1,0,0
9510350,16,4,12,26,16,0,0
9901413,2,2,0,0,0,2,2
9805419,7,4,3,6,1,6,12
9903380,3,2,1,2,3,0,0
9906370,0,0,0,0,0,0,0
203195,4,2,2,4,0,4,26
202209,1,1,0,0,0,1,8
9710271,4,2,2,3,2,2,2
9712462,3,2,1,1,3,0,0
9507445,22,4,18,57,4,18,59
9409332,4,4,0,0,4,0,0
6274,3,2,1,1,1,2,2
9805467,10,5,5,14,0,10,13
9411310,8,4,4,5,5,3,6
7025,8,3,5,9,6,2,2
9908377,4,2,2,2,0,4,10
9409289,4,1,3,4,4,0,0
9912551,2,2,0,0,0,2,4
9408254,8,3,5,11,1,7,7
9809287,6,5,1,2,1,5,16
9809346,13,4,9,23,2,11,63
10133,2,1,1,1,0,2,22
9205242,2,1,1,1,2,0,0
6327,4,1,3,3,0,4,23
4065,7,2,5,8,1,6,14
9909208,0,0,0,0,0,0,0
9605409,6,3,3,6,5,1,2
11310,10,6,4,9,0,10,41
4034,2,1,1,1,0,2,16
203099,8,1,7,18,0,8,127
107231,3,2,1,2,0,3,30
9303215,8,2,6,12,8,0,0
9811294,5,5,0,0,0,5,30
110269,8,6,2,2,0,8,34
9404307,2,2,0,0,2,0,0
106291,11,1,10,28,11,0,0
204049,4,2,2,4,0,4,20
9808378,22,1,21,84,1,21,67
9901405,14,2,12,30,0,14,89
9602264,11,3,8,29,0,11,40
9602288,0,0,0,0,0,0,0
9610220,2,2,0,0,1,1,1
9701323,11,5,6,10,1,10,25
106083,2,1,1,1,0,2,21
9403351,7,5,2,3,7,0,0
7129,10,3,7,11,0,10,57
104190,1,1,0,0,0,1,3
9905341,3,2,1,1,0,3,3
9402265,10,4,6,11,0,10,15
9806505,9,4,5,11,2,7,46
204191,6,4,2,2,0,6,43
9912421,1,1,0,0,0,1,3
9406301,1,1,0,0,0,1,1
209002,12,1,11,32,0,12,115
110224,0,0,0,0,0,0,0
211146,0,0,0,0,0,0,0
9509278,8,2,6,12,0,8,31
112112,2,2,0,0,0,2,29
11029,1,1,0,0,0,1,5
5193,2,1,1,1,0,2,8
204210,2,2,0,0,0,2,12
9808320,19,6,13,50,0,19,83
9508344,4,2,2,3,0,4,4
10353,17,1,16,39,0,17,198
9510431,18,6,12,25,4,14,15
9909212,13,7,6,12,0,13,154
9404238,3,2,1,1,3,0,0
9508301,4,1,3,6,4,0,0
9703228,7,1,6,8,0,7,9
102138,2,1,1,1,0,2,21
9307209,2,2,0,0,1,1,1
202212,3,3,0,0,0,3,11
9510228,2,2,0,0,0,2,4
9410319,17,5,12,57,2,15,42
105046,3,2,1,1,0,3,27
9806455,13,2,11,26,0,13,45
9809412,8,2,6,11,6,2,2
212132,3,1,2,2,0,3,38
204089,0,0,0,0,0,0,0
9302283,7,2,5,10,7,0,0
106256,1,1,0,0,0,1,2
9703415,4,1,3,5,4,0,0
9706425,0,0,0,0,0,0,0
9712443,3,2,1,1,1,2,4
107182,8,7,1,2,0,8,39
9706399,9,8,1,1,0,9,34
9501210,5,4,1,2,0,5,14
9810384,4,1,3,4,4,0,0
9605362,3,2,1,1,1,2,3
9806226,14,5,9,18,2,12,39
9911542,3,2,1,1,0,3,9
111010,0,0,0,0,0,0,0
9408272,5,1,4,9,5,0,0
9606434,1,1,0,0,0,1,6
9905531,0,0,0,0,0,0,0
9805461,16,2,14,49,0,16,94
9311308,2,1,1,1,0,2,11
102130,1,1,0,0,0,1,9
9905567,6,3,3,3,1,5,43
9901324,5,5,0,0,0,5,27
11221,5,1,4,6,0,5,15
9701369,3,3,0,0,3,0,0
2236,2,1,1,1,0,2,12
9312207,4,2,2,2,1,3,3
203128,3,3,0,0,0,3,20
9711211,8,1,7,8,0,8,29
10259,1,1,0,0,0,1,10
9909396,1,1,0,0,0,1,4
9502404,3,2,1,1,3,0,0
9702428,2,1,1,1,0,2,4
9908220,6,1,5,9,0,6,29
203030,6,2,4,5,0,6,108
9910423,5,1,4,6,0,5,16
9609416,1,1,0,0,0,1,11
9211209,5,3,2,3,5,0,0
9612335,2,2,0,0,0,2,10
9412235,16,1,15,41,16,0,0
212127,14,3,11,29,2,12,58
9710340,3,2,1,1,1,2,2
9712223,4,2,2,4,0,4,31
212020,5,4,1,2,0,5,75
9808448,0,0,0,0,0,0,0
103261,9,7,2,2,0,9,53
206110,7,3,4,7,0,7,63
9804236,0,0,0,0,0,0,0
9710233,2,2,0,0,0,2,18
205027,1,1,0,0,0,1,1
9909316,0,0,0,0,0,0,0
205205,4,2,2,3,0,4,22
9707353,1,1,0,0,0,1,1
9504428,2,2,0,0,0,2,3
9912336,10,1,9,26,0,10,63
9308364,7,5,2,3,2,5,7
210044,4,2,2,2,0,4,17
9612285,10,9,1,1,5,5,10
9807556,0,0,0,0,0,0,0
9906402,5,3,2,2,0,5,10
9908240,5,2,3,3,0,5,32
6253,2,2,0,0,0,2,13
9708487,2,1,1,1,0,2,3
9911425,2,2,0,0,0,2,12
9024,0,0,0,0,0,0,0
9708337,2,2,0,0,1,1,1
9902447,10,1,9,28,10,0,0
201051,1,1,0,0,1,0,0
9709280,2,2,0,0,2,0,0
9712390,2,2,0,0,1,1,3
9907356,2,2,0,0,0,2,23
9901349,2,1,1,1,0,2,15
9703396,2,1,1,1,0,2,4
9512302,1,1,0,0,1,0,0
9707535,8,7,1,1,0,8,34
9611263,1,1,0,0,0,1,4
205310,0,0,0,0,0,0,0
9705441,2,2,0,0,0,2,13
9301241,2,1,1,1,2,0,0
212059,1,1,0,0,0,1,10
9406280,0,0,0,0,0,0,0
101262,3,1,2,3,0,3,15
6156,3,3,0,0,0,3,3
12118,0,0,0,0,0,0,0
9609319,1,1,0,0,1,0,0
9507311,3,2,1,1,1,2,3
9802297,1,1,0,0,1,0,0
7177,1,1,0,0,0,1,6
12331,1,1,0,0,0,1,4
9606248,0,0,0,0,0,0,0
9710534,1,1,0,0,0,1,2
6027,4,3,1,1,0,4,33
9307238,2,2,0,0,2,0,0
9802254,1,1,0,0,0,1,5
7215,6,4,2,2,3,3,3
9702255,3,3,0,0,0,3,20
111024,0,0,0,0,0,0,0
9803447,6,1,5,10,0,6,29
9912284,12,3,9,20,0,12,60
206063,4,3,1,1,0,4,12
301260,0,0,0,0,0,0,0
9706423,4,4,0,0,0,4,5
9608223,10,1,9,30,0,10,25
9610206,1,1,0,0,1,0,0
9708440,3,2,1,2,1,2,2
207313,3,3,0,0,0,3,25
9311313,4,1,3,3,0,4,4
9707533,2,2,0,0,1,1,2
10059,5,1,4,5,1,4,15
106104,2,2,0,0,0,2,21
9808406,3,3,0,0,0,3,7
9905236,3,3,0,0,1,2,5
9209274,2,1,1,1,2,0,0
9405226,2,1,1,1,0,2,8
205172,2,1,1,1,0,2,4
9801346,6,3,3,7,2,4,4
112322,9,1,8,26,0,9,81
9501225,2,1,1,1,2,0,0
9912335,1,1,0,0,0,1,4
206306,8,6,2,3,0,8,70
9507374,1,1,0,0,0,1,1
9705406,5,3,2,2,0,5,23
210435,0,0,0,0,0,0,0
207247,2,1,1,1,0,2,19
9905205,10,2,8,20,5,5,5
9505272,5,1,4,8,1,4,10
9603354,1,1,0,0,1,0,0
9907225,5,3,2,2,0,5,34
9401341,2,1,1,1,1,1,1
9704299,9,3,6,19,0,9,60
9704290,2,2,0,0,1,1,3
9304305,1,1,0,0,1,0,0
9403216,4,2,2,3,1,3,3
9207276,1,1,0,0,1,0,0
110108,7,1,6,10,0,7,11
9506341,1,1,0,0,1,0,0
211131,0,0,0,0,0,0,0
211237,0,0,0,0,0,0,0
12235,2,1,1,1,0,2,2
9906460,9,1,8,22,0,9,24
9606264,15,4,11,22,15,0,0
107178,6,3,3,5,0,6,25
9410278,1,1,0,0,1,0,0
9607304,1,1,0,0,0,1,2
9612378,3,3,0,0,1,2,7
9604230,2,2,0,0,0,2,8
4020,2,1,1,1,0,2,12
9801347,8,1,7,15,5,3,3
9905307,1,1,0,0,0,1,1
103172,2,1,1,1,0,2,6
102142,0,0,0,0,0,0,0
9909250,10,4,6,9,0,10,56
9014,3,1,2,2,0,3,30
207153,4,3,1,1,0,4,55
201226,2,2,0,0,0,2,25
11109,1,1,0,0,0,1,2
9410270,6,3,3,4,6,0,0
211219,0,0,0,0,0,0,0
211467,1,1,0,0,0,1,22
11164,1,1,0,0,0,1,9
9807545,7,5,2,3,0,7,7
103090,3,3,0,0,0,3,11
7151,1,1,0,0,0,1,5
9607288,0,0,0,0,0,0,0
301179,0,0,0,0,0,0,0
9811519,3,1,2,2,0,3,12
9808356,15,2,13,44,0,15,183
9703231,0,0,0,0,0,0,0
9909513,0,0,0,0,0,0,0
9409294,1,1,0,0,0,1,1
2228,9,2,7,11,8,1,4
111067,3,3,0,0,0,3,10
202227,3,2,1,2,0,3,8
9905336,1,1,0,0,0,1,5
9403251,3,3,0,0,3,0,0
9601261,1,1,0,0,0,1,3
9026,0,0,0,0,0,0,0
105304,9,2,7,23,0,9,76
9706318,1,1,0,0,0,1,2
9305237,2,2,0,0,2,0,0
9810446,10,2,8,11,5,5,6
9303250,2,1,1,1,2,0,0
11335,3,2,1,1,1,2,3
111022,3,1,2,2,1,2,4
209083,2,1,1,1,0,2,8
5298,1,1,0,0,0,1,3
210286,0,0,0,0,0,0,0
5251,3,3,0,0,0,3,10
9912517,1,1,0,0,0,1,1
201112,1,1,0,0,0,1,2
103154,4,1,3,6,0,4,28
9906468,5,1,4,8,0,5,5
207125,9,3,6,18,1,8,29
205133,0,0,0,0,0,0,0
9910251,5,3,2,5,5,0,0
301061,2,2,0,0,0,2,7
207224,3,1,2,2,0,3,20
9508326,4,4,0,0,0,4,4
9309221,2,2,0,0,2,0,0
109206,2,1,1,1,0,2,8
9810355,3,3,0,0,3,0,0
9304229,2,2,0,0,1,1,1
9603288,0,0,0,0,0,0,0
9801342,1,1,0,0,0,1,1
9509300,1,1,0,0,0,1,1
209142,0,0,0,0,0,0,0
9807323,4,3,1,1,0,4,12
9603447,2,2,0,0,0,2,4
105024,0,0,0,0,0,0,0
101154,3,2,1,1,0,3,25
302006,0,0,0,0,0,0,0
9709218,0,0,0,0,0,0,0
208249,4,4,0,0,0,4,28
9711202,1,1,0,0,0,1,1
110331,3,2,1,1,0,3,26
108042,0,0,0,0,0,0,0
9902296,4,3,1,1,4,0,0
9912378,4,4,0,0,1,3,6
9505249,3,2,1,1,2,1,3
9405403,1,1,0,0,0,1,2
9312250,1,1,0,0,1,0,0
210180,1,1,0,0,1,0,0
101337,1,1,0,0,0,1,8
9712220,4,1,3,5,4,0,0
9910292,3,2,1,1,0,3,3
2278,2,1,1,1,0,2,5
2146,0,0,0,0,0,0,0
9807477,1,1,0,0,0,1,1
207343,2,2,0,0,2,0,0
211256,1,1,0,0,0,1,1
9907440,0,0,0,0,0,0,0
9810258,1,1,0,0,0,1,3
9912217,4,4,0,0,1,3,7
9610332,2,2,0,0,0,2,4
9909505,2,2,0,0,0,2,15
9804333,0,0,0,0,0,0,0
9910285,1,1,0,0,1,0,0
9905357,2,2,0,0,2,0,0
9306282,1,1,0,0,1,0,0
9804463,0,0,0,0,0,0,0
9909550,3,2,1,1,0,3,8
9610486,2,1,1,1,0,2,2
211228,3,2,1,1,0,3,24
9411265,1,1,0,0,1,0,0
9809561,0,0,0,0,0,0,0
9605418,2,2,0,0,2,0,0
111467,0,0,0,0,0,0,0
4241,4,4,0,0,1,3,9
206084,0,0,0,0,0,0,0
9906533,1,1,0,0,1,0,0
9606369,8,7,1,1,2,6,6
302256,0,0,0,0,0,0,0
106279,1,1,0,0,0,1,18
9609531,0,0,0,0,0,0,0
209370,0,0,0,0,0,0,0
211403,0,0,0,0,0,0,0
2283,2,2,0,0,0,2,6
9404309,1,1,0,0,0,1,1
104158,1,1,0,0,0,1,2
9803249,0,0,0,0,0,0,0
9307361,0,0,0,0,0,0,0
9503421,1,1,0,0,0,1,1
204202,3,3,0,0,0,3,26
9812232,7,4,3,4,0,7,32
9408281,1,1,0,0,0,1,1
207238,1,1,0,0,0,1,6
12334,3,2,1,1,0,3,13
204108,1,1,0,0,0,1,9
9912368,2,1,1,1,1,1,4
9807482,2,1,1,1,2,0,0
9808228,1,1,0,0,1,0,0
207129,3,2,1,1,0,3,8
104014,4,1,3,6,0,4,11
209339,1,1,0,0,1,0,0
9712204,3,2,1,1,2,1,1
9204235,2,1,1,1,2,0,0
9910203,7,2,5,7,0,7,8
101321,2,2,0,0,0,2,13
112218,0,0,0,0,0,0,0
9905363,0,0,0,0,0,0,0
12209,3,2,1,2,0,3,6
9601259,1,1,0,0,0,1,2
9210249,5,3,2,3,5,0,0
9412326,2,1,1,1,0,2,3
1271,2,1,1,1,0,2,3
11287,3,1,2,2,0,3,9
9706521,0,0,0,0,0,0,0
9611418,3,2,1,1,2,1,1
9805302,0,0,0,0,0,0,0
5315,0,0,0,0,0,0,0
9908448,1,1,0,0,0,1,1
9510229,0,0,0,0,0,0,0
9510263,2,2,0,0,0,2,3
1029,0,0,0,0,0,0,0
111355,1,1,0,0,0,1,3
210336,1,1,0,0,0,1,1
9810377,1,1,0,0,0,1,1
208219,3,3,0,0,0,3,12
212263,2,1,1,1,0,2,27
9902300,3,1,2,3,3,0,0
9606309,3,3,0,0,3,0,0
9911437,0,0,0,0,0,0,0
9511234,2,2,0,0,0,2,3
9810402,1,1,0,0,1,0,0
108149,3,1,2,2,0,3,6
9256,0,0,0,0,0,0,0
207077,0,0,0,0,0,0,0
6347,0,0,0,0,0,0,0
102198,0,0,0,0,0,0,0
204345,1,1,0,0,1,0,0
9502357,0,0,0,0,0,0,0
106272,0,0,0,0,0,0,0
102309,0,0,0,0,0,0,0
107027,1,1,0,0,1,0,0
9809225,1,1,0,0,0,1,2
9238,0,0,0,0,0,0,0
210346,0,0,0,0,0,0,0
8240,3,2,1,1,3,0,0
9511440,5,1,4,8,5,0,0
206185,1,1,0,0,1,0,0
212109,1,1,0,0,0,1,6
106268,0,0,0,0,0,0,0
5033,1,1,0,0,1,0,0
9810369,1,1,0,0,0,1,3
206177,0,0,0,0,0,0,0
9511232,1,1,0,0,0,1,4
9604288,3,1,2,2,3,0,0
9707468,1,1,0,0,1,0,0
9207256,3,1,2,2,3,0,0
211225,0,0,0,0,0,0,0
9906496,0,0,0,0,0,0,0
9706528,1,1,0,0,1,0,0
203205,1,1,0,0,0,1,1
105300,1,1,0,0,0,1,1
9406331,0,0,0,0,0,0,0
201047,3,1,2,3,3,0,0
9326,0,0,0,0,0,0,0
203081,1,1,0,0,0,1,4
9704426,2,2,0,0,0,2,2
9808297,3,2,1,1,0,3,6
212295,1,1,0,0,0,1,4
106018,1,1,0,0,1,0,0
101271,0,0,0,0,0,0,0
204283,4,2,2,4,0,4,35
209101,0,0,0,0,0,0,0
4011,0,0,0,0,0,0,0
9811432,0,0,0,0,0,0,0
2099,0,0,0,0,0,0,0
9312286,1,1,0,0,1,0,0
201223,0,0,0,0,0,0,0
9502239,0,0,0,0,0,0,0
9802301,1,1,0,0,0,1,2
9509227,5,3,2,2,5,0,0
9312344,2,1,1,1,2,0,0
9207208,0,0,0,0,0,0,0
9404347,1,1,0,0,1,0,0
9607343,1,1,0,0,0,1,6
9503355,2,1,1,1,0,2,7
9503409,0,0,0,0,0,0,0
9506349,2,1,1,1,2,0,0
11312,0,0,0,0,0,0,0
302187,0,0,0,0,0,0,0
2219,0,0,0,0,0,0,0
9907354,2,1,1,1,2,0,0
210327,0,0,0,0,0,0,0
9707530,0,0,0,0,0,0,0
207161,1,1,0,0,0,1,2
110297,1,1,0,0,0,1,1
5105,4,1,3,5,0,4,72
9909331,0,0,0,0,0,0,0
201007,1,1,0,0,0,1,1
301233,0,0,0,0,0,0,0
211337,0,0,0,0,0,0,0
302178,0,0,0,0,0,0,0
9912243,1,1,0,0,1,0,0
12068,0,0,0,0,0,0,0
205348,1,1,0,0,0,1,9
204124,3,3,0,0,0,3,10
211183,0,0,0,0,0,0,0
9906367,1,1,0,0,1,0,0
9503378,0,0,0,0,0,0,0
301059,1,1,0,0,0,1,4
9605410,0,0,0,0,0,0,0
11142,0,0,0,0,0,0,0
9608424,1,1,0,0,1,0,0
9811400,1,1,0,0,0,1,4
9604449,0,0,0,0,0,0,0
8291,1,1,0,0,0,1,12
107195,0,0,0,0,0,0,0
105290,0,0,0,0,0,0,0
112261,0,0,0,0,0,0,0
109284,0,0,0,0,0,0,0
9803294,0,0,0,0,0,0,0
9610263,0,0,0,0,0,0,0
204246,1,1,0,0,0,1,3
9709313,0,0,0,0,0,0,0
203175,2,2,0,0,2,0,0
9808494,0,0,0,0,0,0,0
207091,0,0,0,0,0,0,0
9808319,0,0,0,0,0,0,0
210261,1,1,0,0,0,1,8
205138,2,2,0,0,0,2,4
107042,1,1,0,0,1,0,0
207090,0,0,0,0,0,0,0
212334,0,0,0,0,0,0,0
9902235,0,0,0,0,0,0,0
9801378,2,2,0,0,2,0,0
9501401,0,0,0,0,0,0,0
108101,1,1,0,0,0,1,5
211208,0,0,0,0,0,0,0
9809240,0,0,0,0,0,0,0
9810226,0,0,0,0,0,0,0
1262,0,0,0,0,0,0,0
9904238,2,2,0,0,0,2,30
9904212,0,0,0,0,0,0,0
9204224,1,1,0,0,1,0,0
206187,0,0,0,0,0,0,0
9806447,0,0,0,0,0,0,0
9905545,0,0,0,0,0,0,0
9410221,2,2,0,0,2,0,0
210390,0,0,0,0,0,0,0
9808209,0,0,0,0,0,0,0
206154,1,1,0,0,0,1,6
9704362,0,0,0,0,0,0,0
9905559,0,0,0,0,0,0,0
9510240,0,0,0,0,0,0,0
106241,0,0,0,0,0,0,0
212297,0,0,0,0,0,0,0
9612228,0,0,0,0,0,0,0
9505243,0,0,0,0,0,0,0
9612309,2,2,0,0,2,0,0
212135,0,0,0,0,0,0,0
1082,0,0,0,0,0,0,0
9712247,1,1,0,0,0,1,3
9608285,0,0,0,0,0,0,0
206228,0,0,0,0,0,0,0
9604212,1,1,0,0,1,0,0
206291,0,0,0,0,0,0,0
9404304,0,0,0,0,0,0,0
9608298,0,0,0,0,0,0,0
9409389,0,0,0,0,0,0,0
207169,1,1,0,0,0,1,6
9905342,1,1,0,0,0,1,12
9606304,0,0,0,0,0,0,0
9905513,1,1,0,0,0,1,3
9811409,0,0,0,0,0,0,0
9911412,0,0,0,0,0,0,0
9702204,0,0,0,0,0,0,0
201027,0,0,0,0,0,0,0
211222,0,0,0,0,0,0,0
9905411,0,0,0,0,0,0,0
103249,0,0,0,0,0,0,0
205144,0,0,0,0,0,0,0
9807296,0,0,0,0,0,0,0
11087,0,0,0,0,0,0,0
9803492,0,0,0,0,0,0,0
9908437,0,0,0,0,0,0,0
9610340,0,0,0,0,0,0,0
102258,0,0,0,0,0,0,0
9908302,0,0,0,0,0,0,0
9912235,0,0,0,0,0,0,0
102202,0,0,0,0,0,0,0
9507214,1,1,0,0,0,1,7
9912418,0,0,0,0,0,0,0
5325,1,1,0,0,0,1,4
101144,0,0,0,0,0,0,0
101222,0,0,0,0,0,0,0
9803414,1,1,0,0,0,1,1
7214,0,0,0,0,0,0,0
209045,0,0,0,0,0,0,0
204094,2,2,0,0,2,0,0
5289,0,0,0,0,0,0,0
302200,0,0,0,0,0,0,0
9507333,0,0,0,0,0,0,0
9807516,0,0,0,0,0,0,0
209218,0,0,0,0,0,0,0
9409226,0,0,0,0,0,0,0
2028,0,0,0,0,0,0,0
9912342,0,0,0,0,0,0,0
6353,0,0,0,0,0,0,0
201021,0,0,0,0,0,0,0
211398,0,0,0,0,0,0,0
302061,0,0,0,0,0,0,0
209113,0,0,0,0,0,0,0
9212282,1,1,0,0,1,0,0
9810481,0,0,0,0,0,0,0
9507345,0,0,0,0,0,0,0
9510321,0,0,0,0,0,0,0
211380,0,0,0,0,0,0,0
212361,1,1,0,0,0,1,2
9710468,0,0,0,0,0,0,0
9603274,1,1,0,0,1,0,0
109266,0,0,0,0,0,0,0
9912507,3,2,1,1,3,0,0
9712490,0,0,0,0,0,0,0
11170,0,0,0,0,0,0,0
111134,1,1,0,0,0,1,1
209288,0,0,0,0,0,0,0
9905373,0,0,0,0,0,0,0
208104,0,0,0,0,0,0,0
111404,1,1,0,0,0,1,1
6048,0,0,0,0,0,0,0
9505400,0,0,0,0,0,0,0
209088,0,0,0,0,0,0,0
9804245,0,0,0,0,0,0,0
9901227,0,0,0,0,0,0,0
9901441,0,0,0,0,0,0,0
103282,1,1,0,0,1,0,0
7311,0,0,0,0,0,0,0
107169,0,0,0,0,0,0,0
210401,0,0,0,0,0,0,0
103035,1,1,0,0,1,0,0
9608356,0,0,0,0,0,0,0
301133,0,0,0,0,0,0,0
11386,0,0,0,0,0,0,0
204333,0,0,0,0,0,0,0
208273,0,0,0,0,0,0,0
5070,0,0,0,0,0,0,0
211392,0,0,0,0,0,0,0
9602294,0,0,0,0,0,0,0
204234,0,0,0,0,0,0,0
9712272,0,0,0,0,0,0,0
112105,1,1,0,0,0,1,10
9707340,0,0,0,0,0,0,0
9604346,0,0,0,0,0,0,0
9309312,0,0,0,0,0,0,0
3046,0,0,0,0,0,0,0
11050,0,0,0,0,0,0,0
302044,0,0,0,0,0,0,0
9612218,0,0,0,0,0,0,0
9606334,0,0,0,0,0,0,0
9711471,0,0,0,0,0,0,0
201239,0,0,0,0,0,0,0
210208,0,0,0,0,0,0,0
9509266,0,0,0,0,0,0,0
9811511,0,0,0,0,0,0,0
9710446,1,1,0,0,0,1,1
211004,0,0,0,0,0,0,0
10126,0,0,0,0,0,0,0
111268,0,0,0,0,0,0,0
205178,0,0,0,0,0,0,0
301098,0,0,0,0,0,0,0
207233,0,0,0,0,0,0,0
9511257,0,0,0,0,0,0,0
9226,0,0,0,0,0,0,0
107323,0,0,0,0,0,0,0
9812374,0,0,0,0,0,0,0
9601251,0,0,0,0,0,0,0
9710378,0,0,0,0,0,0,0
2244,0,0,0,0,0,0,0
9608372,0,0,0,0,0,0,0
205174,1,1,0,0,0,1,2
9408385,0,0,0,0,0,0,0
112348,0,0,0,0,0,0,0
210275,0,0,0,0,0,0,0
212128,0,0,0,0,0,0,0
9812496,0,0,0,0,0,0,0
9812271,1,1,0,0,0,1,7
209348,0,0,0,0,0,0,0
207262,0,0,0,0,0,0,0
110223,0,0,0,0,0,0,0
9808337,0,0,0,0,0,0,0
9801313,0,0,0,0,0,0,0
9902444,0,0,0,0,0,0,0
209182,0,0,0,0,0,0,0
301091,0,0,0,0,0,0,0
111219,0,0,0,0,0,0,0
210156,0,0,0,0,0,0,0
9610282,9,2,7,17,0,9,16
7136,6,3,3,4,1,5,19
9707251,108,7,101,646,16,92,423
9709288,40,3,37,191,4,36,120
8298,10,5,5,8,0,10,40
301097,0,0,0,0,0,0,0
9602250,28,7,21,38,5,23,59
202205,13,2,11,25,0,13,70
9807209,14,4,10,21,2,12,41
9611455,20,2,18,85,0,20,60
201219,13,5,8,15,0,13,142
9207273,18,3,15,45,18,0,0
9603349,19,4,15,33,1,18,34
9907414,9,4,5,10,0,9,29
9512401,20,1,19,125,2,18,30
9407326,16,4,12,37,7,9,11
9606306,1,1,0,0,1,0,0
9308258,2,1,1,1,0,2,4
9703264,2,1,1,1,0,2,12
9511388,72,3,69,592,8,64,210
9304321,9,4,5,7,3,6,6
9409369,48,5,43,235,7,41,66
9803449,2,1,1,1,0,2,4
9801327,9,1,8,14,3,6,18
9505402,31,2,29,186,9,22,77
9706309,17,5,12,37,3,14,27
9305205,20,3,17,40,7,13,23
9808301,87,6,81,732,2,85,282
9906375,47,8,39,178,6,41,51
9611423,40,4,36,143,20,20,32
9801368,54,5,49,269,24,30,82
9804421,42,7,35,178,1,41,375
9805262,72,7,65,368,41,31,71
9803440,47,6,41,138,4,43,155
9910546,22,1,21,51,6,16,27
9312214,3,2,1,1,1,2,5
9605448,9,4,5,8,3,6,6
9710460,64,6,58,299,0,64,314
9606416,30,2,28,107,0,30,103
9811205,8,4,4,5,0,8,30
9810398,3,2,1,1,0,3,9
9402291,33,7,26,73,1,32,32
9808304,49,2,47,243,0,49,272
9701381,22,4,18,40,4,18,39
105213,6,5,1,1,0,6,19
9910237,32,3,29,166,1,31,233
105246,6,4,2,2,0,6,38
9407226,9,2,7,12,9,0,0
10209,2,1,1,1,0,2,10
9608224,69,4,65,436,1,68,514
9704246,11,3,8,21,1,10,10
9608450,9,2,7,13,3,6,6
9609502,6,6,0,0,0,6,10
9902239,32,3,29,95,1,31,123
9511454,60,4,56,250,3,57,445
10181,4,2,2,3,0,4,116
105003,27,4,23,111,0,27,219
9508346,18,6,12,26,2,16,76
9804274,18,3,15,56,0,18,113
9712531,12,2,10,31,0,12,81
9405401,26,3,23,109,26,0,0
6246,1,1,0,0,0,1,6
9609512,47,7,40,209,4,43,125
9707371,12,4,8,13,1,11,29
9812272,13,6,7,14,1,12,62
9811378,56,1,55,397,0,56,500
9603420,92,2,90,850,5,87,590
9208205,19,3,16,37,4,15,15
9909288,3,3,0,0,0,3,3
9707323,7,4,3,5,1,6,27
9407401,41,6,35,151,23,18,19
4267,10,1,9,31,0,10,61
9708296,4,1,3,4,1,3,5
9305319,25,9,16,28,7,18,18
9606375,11,7,4,7,8,3,3
9611432,2,2,0,0,0,2,3
9807489,3,1,2,3,0,3,24
9811464,2,1,1,1,0,2,19
9812378,9,1,8,26,3,6,6
9811518,24,10,14,19,6,18,46
9604412,39,11,28,63,0,39,512
9602262,42,4,38,146,0,42,277
9907363,4,3,1,1,0,4,29
9507342,10,2,8,21,7,3,4
9505288,15,4,11,28,3,12,60
9501320,11,6,5,9,9,2,2
9501381,2,2,0,0,1,1,1
9609423,13,3,10,18,7,6,6
9701410,11,4,7,13,4,7,14
9807247,7,2,5,7,1,6,9
9306298,19,6,13,43,10,9,13
9504256,8,6,2,3,0,8,16
4016,2,1,1,1,0,2,8
9608299,10,5,5,13,0,10,24
7043,0,0,0,0,0,0,0
9701304,12,3,9,14,1,11,59
9208249,17,2,15,46,17,0,0
9909506,65,4,61,678,0,65,134
9505404,11,3,8,27,11,0,0
4207,23,1,22,81,0,23,305
9812445,60,1,59,470,2,58,181
9512385,12,1,11,26,12,0,0
9410280,85,20,65,298,9,76,179
9912419,5,3,2,3,0,5,27
9811347,2,1,1,1,0,2,13
108069,9,1,8,12,0,9,52
9408238,8,4,4,15,4,4,7
9411215,1,1,0,0,0,1,1
9801445,28,3,25,113,3,25,66
9505245,32,4,28,130,0,32,117
9711514,63,1,62,404,1,62,181
9405389,56,7,49,237,40,16,20
4050,16,3,13,42,0,16,118
9406385,49,10,39,175,9,40,40
9606370,39,6,33,158,8,31,43
9908378,11,2,9,23,0,11,97
9708455,15,5,10,20,1,14,23
9809543,56,5,51,295,2,54,365
9606280,40,4,36,181,18,22,33
9903303,7,5,2,5,0,7,35
9512364,60,14,46,172,37,23,30
9404362,10,2,8,20,10,0,0
9711293,2,2,0,0,2,0,0
1158,2,2,0,0,0,2,5
9307222,35,6,29,96,35,0,0
9405233,44,7,37,138,30,14,15
209056,0,0,0,0,0,0,0
9709242,2,2,0,0,0,2,7
9506217,28,6,22,70,1,27,98
9911370,23,2,21,89,7,16,43
9304218,3,2,1,1,3,0,0
9912482,14,4,10,17,3,11,39
9808415,33,5,28,88,6,27,116
102098,52,7,45,236,2,50,335
9609212,8,6,2,2,0,8,44
102297,29,4,25,153,2,27,128
11233,17,8,9,21,0,17,143
9701219,32,5,27,91,0,32,114
7078,2,1,1,1,0,2,18
12123,9,2,7,20,0,9,108
9407404,30,9,21,60,9,21,45
9212257,10,4,6,15,10,0,0
106168,7,1,6,14,0,7,60
9412336,8,2,6,12,7,1,1
7201,8,1,7,10,2,6,6
1268,53,5,48,333,0,53,170
9910545,7,3,4,10,0,7,17
12140,21,4,17,80,0,21,116
9602315,5,1,4,4,4,1,1
103330,2,1,1,1,1,1,2
8049,36,4,32,140,0,36,182
9904262,45,5,40,216,0,45,797
9906542,18,5,13,31,0,18,88
9604383,81,3,78,556,52,29,32
9911242,10,2,8,19,0,10,106
108273,10,3,7,16,1,9,58
12129,2,1,1,1,0,2,5
210369,2,1,1,1,0,2,18
109085,24,2,22,155,0,24,91
2224,24,4,20,100,0,24,137
9703365,2,1,1,1,0,2,3
9702436,6,4,2,2,0,6,20
9906549,43,8,35,105,0,43,394
9908205,14,1,13,24,0,14,235
111016,9,4,5,6,1,8,44
9809250,21,4,17,41,1,20,93
9801365,17,3,14,38,1,16,100
102301,72,3,69,663,5,67,91
9501392,11,3,8,29,1,10,38
9403257,29,6,23,60,16,13,13
9403349,15,4,11,38,10,5,5
9811444,16,7,9,11,16,0,0
9404284,13,3,10,21,13,0,0
109238,25,2,23,77,0,25,187
3321,15,6,9,18,8,7,10
9303302,2,1,1,1,2,0,0
9505259,27,7,20,54,14,13,20
9706329,16,1,15,69,0,16,147
9608433,27,10,17,40,0,27,238
9609415,5,1,4,6,1,4,14
9706331,8,3,5,6,6,2,3
9611313,8,2,6,8,0,8,13
9302238,17,11,6,11,17,0,0
9510437,10,5,5,14,1,9,14
9412236,14,5,9,17,5,9,9
106027,16,2,14,33,1,15,157
9610495,16,3,13,32,11,5,5
9705383,5,5,0,0,1,4,7
9909429,33,6,27,109,0,33,403
9402280,1,1,0,0,0,1,1
9701264,2,1,1,1,0,2,9
9703420,48,4,44,176,3,45,117
9805509,18,4,14,39,5,13,13
110277,5,3,2,2,0,5,34
9808463,35,3,32,179,0,35,174
9605340,13,3,10,34,1,12,17
9808394,2,2,0,0,1,1,1
9310261,54,14,40,174,54,0,0
5318,10,2,8,12,0,10,101
9705344,49,14,35,158,1,48,216
9908387,10,4,6,17,1,9,34
9511330,12,4,8,22,0,12,59
5320,1,1,0,0,0,1,3
9310350,30,8,22,61,30,0,0
9512371,2,1,1,1,2,0,0
9402321,17,4,13,41,5,12,12
9706386,2,2,0,0,0,2,2
9904492,4,1,3,6,0,4,6
9401249,22,6,16,40,1,21,39
9512410,10,1,9,31,2,8,17
9508270,1,1,0,0,0,1,1
9707262,6,2,4,6,1,5,10
9709406,4,2,2,2,0,4,17
9507432,2,1,1,1,0,2,12
9304208,5,3,2,2,5,0,0
9701378,5,2,3,4,0,5,27
9705201,29,5,24,121,0,29,260
9406268,13,4,9,34,0,13,28
9611462,4,2,2,3,0,4,43
9406369,11,3,8,28,0,11,57
9911273,20,5,15,36,0,20,242
9610306,3,3,0,0,1,2,2
9702395,6,4,2,2,4,2,3
9906378,3,3,0,0,0,3,11
12134,17,4,13,28,0,17,44
1261,5,1,4,9,1,4,4
9912452,7,4,3,6,0,7,36
9702393,9,2,7,16,2,7,54
9512434,13,5,8,30,0,13,128
9710342,14,6,8,17,2,12,23
9810553,22,1,21,60,22,0,0
4210,14,7,7,8,0,14,71
9211282,34,1,33,101,34,0,0
9603380,8,3,5,8,8,0,0
9805215,13,1,12,29,1,12,25
9304205,33,8,25,72,33,0,0
102152,6,5,1,3,1,5,17
9206232,4,3,1,1,4,0,0
9502251,22,3,19,102,4,18,28
9508295,4,3,1,2,0,4,15
9408353,6,3,3,5,6,0,0
9206242,113,8,105,814,113,0,0
9902343,14,2,12,39,2,12,50
9912447,19,8,11,20,0,19,123
9412397,1,1,0,0,0,1,2
9908390,16,1,15,55,0,16,48
108275,5,1,4,7,0,5,30
103221,4,1,3,3,0,4,11
103126,8,4,4,16,0,8,47
9502280,4,1,3,6,0,4,9
9802411,24,3,21,75,2,22,113
9312341,34,7,27,101,9,25,55
9407317,24,7,17,79,1,23,72
2130,6,3,3,6,0,6,9
9902251,5,3,2,2,0,5,15
205064,4,3,1,1,0,4,24
7003,5,3,2,2,1,4,31
201174,4,4,0,0,0,4,16
9707347,9,2,7,24,2,7,10
9604376,14,3,11,30,0,14,90
9812276,11,3,8,22,0,11,68
109230,11,4,7,10,1,10,69
9612493,6,1,5,7,1,5,21
9308299,4,3,1,1,4,0,0
9805240,1,1,0,0,0,1,2
9706214,7,2,5,5,1,6,6
9610244,22,3,19,53,1,21,63
9602246,24,6,18,37,3,21,58
9905231,1,1,0,0,0,1,1
9408383,10,5,5,7,2,8,8
9607272,6,3,3,3,0,6,6
9601234,18,1,17,75,16,2,2
9909284,16,9,7,9,0,16,80
12002,4,1,3,5,0,4,26
9510289,12,1,11,24,7,5,6
9801324,31,3,28,141,11,20,24
9911299,13,5,8,10,1,12,49
9308359,6,2,4,6,6,0,0
104121,5,1,4,6,0,5,21
5168,1,1,0,0,0,1,2
9912435,27,9,18,73,10,17,33
9502407,2,2,0,0,2,0,0
9406252,19,5,14,44,19,0,0
9905222,12,6,6,17,0,12,94
4243,10,5,5,10,0,10,19
9902469,2,2,0,0,0,2,13
8143,18,4,14,52,0,18,170
112103,20,7,13,24,0,20,163
203010,1,1,0,0,1,0,0
9905249,13,3,10,29,1,12,99
9701384,35,5,30,206,5,30,108
106097,10,2,8,16,6,4,15
9809538,5,2,3,4,0,5,26
9801361,4,3,1,1,0,4,14
9606231,23,4,19,88,2,21,58
9805294,10,3,7,19,0,10,33
9404207,19,4,15,39,19,0,0
9603265,10,1,9,20,10,0,0
9703206,1,1,0,0,0,1,5
9606244,4,3,1,2,0,4,27
9807336,23,2,21,61,7,16,16
9903436,30,8,22,78,2,28,146
205082,1,1,0,0,0,1,2
9907460,16,4,12,40,0,16,269
9612236,2,2,0,0,0,2,11
9408219,18,3,15,50,18,0,0
9310324,17,3,14,44,17,0,0
9511334,4,1,3,6,0,4,7
9505317,20,4,16,37,7,13,30
1196,15,5,10,31,0,15,61
7191,5,4,1,2,0,5,46
201052,10,1,9,22,0,10,54
111215,12,3,9,23,0,12,114
209131,2,1,1,1,0,2,14
9901433,9,3,6,9,1,8,21
107233,7,6,1,1,0,7,43
12229,3,2,1,1,0,3,8
9806340,8,7,1,1,0,8,21
106085,4,4,0,0,0,4,21
202247,11,4,7,13,0,11,65
9709450,6,4,2,2,1,5,26
9910514,4,1,3,4,4,0,0
9411207,22,5,17,53,0,22,77
9801210,7,5,2,2,0,7,42
9901280,2,2,0,0,0,2,6
9902276,4,3,1,1,2,2,2
9904420,21,3,18,70,0,21,162
9706448,2,2,0,0,0,2,7
9808387,3,1,2,3,1,2,2
9903472,9,7,2,3,5,4,12
9712504,15,7,8,20,0,15,61
9503495,9,1,8,18,0,9,21
12077,3,1,2,2,0,3,19
9609500,13,6,7,13,0,13,203
9608330,4,3,1,1,0,4,11
102144,8,1,7,10,5,3,3
9709208,7,3,4,8,0,7,20
9912227,3,3,0,0,0,3,12
9405382,5,4,1,2,0,5,15
9803254,7,2,5,7,0,7,37
9807425,7,4,3,3,0,7,17
9612336,4,2,2,3,4,0,0
9903371,6,1,5,13,0,6,33
9605420,5,1,4,8,5,0,0
9804450,6,5,1,5,0,6,65
9912238,16,1,15,67,0,16,69
9903255,2,1,1,1,2,0,0
201281,4,1,3,3,1,3,11
9705315,6,4,2,3,0,6,17
103306,2,1,1,1,0,2,8
201131,7,3,4,6,0,7,57
9610455,6,2,4,5,0,6,34
9705312,3,2,1,1,0,3,16
9504377,6,4,2,3,6,0,0
9908340,4,2,2,2,0,4,107
9712252,4,2,2,3,4,0,0
9310367,3,2,1,1,3,0,0
9806390,16,1,15,37,0,16,38
102254,8,3,5,8,0,8,50
6201,11,2,9,16,0,11,17
9612451,29,11,18,72,4,25,47
9812458,5,1,4,9,2,3,5
9408360,2,2,0,0,2,0,0
9504309,3,2,1,1,3,0,0
9510326,5,1,4,7,2,3,3
9402343,1,1,0,0,1,0,0
9401245,8,3,5,8,5,3,3
9705314,4,2,2,2,0,4,32
9503326,2,2,0,0,2,0,0
9910324,0,0,0,0,0,0,0
9407211,11,2,9,21,1,10,59
9209210,6,6,0,0,6,0,0
9608404,3,1,2,3,0,3,5
9212304,1,1,0,0,1,0,0
9307299,2,2,0,0,1,1,1
9807504,15,8,7,19,4,11,18
9711423,4,3,1,2,0,4,34
9909403,1,1,0,0,0,1,2
7051,1,1,0,0,1,0,0
3225,3,2,1,1,0,3,28
9406381,1,1,0,0,1,0,0
10204,3,3,0,0,0,3,14
106063,0,0,0,0,0,0,0
9605267,1,1,0,0,1,0,0
9607244,8,1,7,13,8,0,0
203271,3,3,0,0,0,3,16
103234,3,2,1,1,0,3,10
9905576,5,4,1,1,0,5,28
9901312,5,3,2,3,0,5,49
9306267,11,7,4,6,11,0,0
9507459,0,0,0,0,0,0,0
203150,4,3,1,1,0,4,41
9504318,2,1,1,1,1,1,1
9706383,1,1,0,0,0,1,2
9606316,0,0,0,0,0,0,0
9806408,3,2,1,1,0,3,11
9911377,0,0,0,0,0,0,0
9701212,8,3,5,7,8,0,0
204086,2,1,1,1,0,2,24
202211,1,1,0,0,0,1,5
9803494,1,1,0,0,1,0,0
9901289,5,2,3,7,2,3,4
9705245,12,5,7,21,1,11,49
9702386,1,1,0,0,0,1,1
7185,9,2,7,17,0,9,81
9809563,4,4,0,0,0,4,4
9503461,7,3,4,9,1,6,17
9906486,10,1,9,35,1,9,36
9908470,1,1,0,0,0,1,4
9612223,11,4,7,12,2,9,18
9411266,2,2,0,0,0,2,4
9308227,8,1,7,16,8,0,0
9406228,5,2,3,3,0,5,14
9405396,26,2,24,91,26,0,0
106050,11,6,5,12,3,8,186
9508245,3,2,1,1,2,1,1
9703456,4,1,3,6,0,4,4
4190,12,3,9,19,0,12,43
9706277,8,2,6,8,0,8,33
9703451,1,1,0,0,0,1,1
103023,11,8,3,3,1,10,51
9911452,4,2,2,4,0,4,14
204171,7,2,5,10,0,7,66
112297,6,2,4,5,0,6,56
9405301,2,2,0,0,0,2,4
9408302,2,2,0,0,0,2,2
2300,16,7,9,14,7,9,14
9512405,3,2,1,2,2,1,1
203238,8,1,7,9,0,8,16
207096,5,4,1,1,2,3,9
9812398,8,2,6,19,0,8,15
9902326,12,1,11,19,0,12,74
9706542,10,5,5,7,1,9,23
9502223,3,3,0,0,3,0,0
6206,2,1,1,1,0,2,8
9703201,22,8,14,36,10,12,23
106250,1,1,0,0,0,1,9
9508306,2,1,1,1,2,0,0
101260,5,3,2,2,0,5,49
9405295,2,2,0,0,0,2,6
9305327,1,1,0,0,1,0,0
9912249,8,5,3,9,0,8,91
9210211,5,4,1,2,5,0,0
10297,15,4,11,25,2,13,31
9801427,1,1,0,0,0,1,2
9503360,2,1,1,1,0,2,15
209014,14,4,10,23,0,14,153
2160,1,1,0,0,0,1,4
9904458,0,0,0,0,0,0,0
9609427,8,3,5,9,2,6,27
9602341,5,2,3,3,0,5,18
9412285,8,1,7,19,8,0,0
10342,1,1,0,0,0,1,2
207010,9,5,4,5,0,9,47
9706306,4,2,2,3,4,0,0
204132,2,2,0,0,0,2,13
101068,2,2,0,0,0,2,21
9607276,4,1,3,4,0,4,4
9911327,8,5,3,5,0,8,73
9204234,18,9,9,17,18,0,0
9811311,6,1,5,14,2,4,4
9602285,3,2,1,1,0,3,5
9712333,4,3,1,1,2,2,2
9602212,1,1,0,0,1,0,0
106054,9,4,5,7,9,0,0
9611394,2,1,1,1,2,0,0
9505309,5,1,4,7,0,5,15
9806535,14,5,9,25,2,12,12
9807492,4,3,1,1,0,4,9
9810486,2,2,0,0,0,2,2
207314,5,1,4,7,0,5,34
12314,2,2,0,0,1,1,1
9712279,2,1,1,1,0,2,6
107222,6,3,3,5,0,6,54
9707226,6,4,2,2,2,4,6
104143,3,3,0,0,0,3,18
9808244,1,1,0,0,0,1,3
107279,5,2,3,3,0,5,49
9706400,4,4,0,0,0,4,13
9501366,4,2,2,2,0,4,18
9605260,3,2,1,1,2,1,1
9307340,2,1,1,1,2,0,0
9705409,11,3,8,24,2,9,22
9712492,8,2,6,8,0,8,17
9511236,3,2,1,1,0,3,11
9806286,4,1,3,5,0,4,4
9703289,3,2,1,1,0,3,16
8140,2,2,0,0,2,0,0
9511285,1,1,0,0,0,1,1
10137,3,3,0,0,0,3,10
9111,2,1,1,1,0,2,14
9904368,5,4,1,1,0,5,33
9606389,5,2,3,3,0,5,21
110047,4,1,3,4,1,3,5
9711295,4,4,0,0,4,0,0
7021,4,1,3,5,0,4,15
9403291,9,3,6,10,1,8,19
6237,9,5,4,7,0,9,37
9302246,4,3,1,2,4,0,0
9612494,1,1,0,0,0,1,6
9910371,1,1,0,0,0,1,7
9802410,7,1,6,13,4,3,4
9703241,16,4,12,45,0,16,55
9912395,2,1,1,1,0,2,9
9008,5,3,2,2,1,4,4
9808253,1,1,0,0,1,0,0
9502319,4,3,1,1,1,3,3
9045,1,1,0,0,1,0,0
9607318,1,1,0,0,0,1,6
9607408,16,3,13,31,2,14,14
212146,12,3,9,23,0,12,74
9807346,3,2,1,1,0,3,15
9602279,2,1,1,1,2,0,0
301062,1,1,0,0,0,1,10
9705382,1,1,0,0,1,0,0
203003,9,6,3,4,0,9,39
4256,7,3,4,7,0,7,74
9612324,1,1,0,0,0,1,1
9809319,2,1,1,1,0,2,5
105079,8,2,6,8,0,8,51
9503395,0,0,0,0,0,0,0
5041,1,1,0,0,0,1,1
107244,0,0,0,0,0,0,0
9508382,1,1,0,0,0,1,2
9505232,9,2,7,14,5,4,7
302164,1,1,0,0,0,1,1
210319,3,3,0,0,0,3,29
9612312,8,7,1,1,5,3,3
9412291,3,1,2,2,3,0,0
9610403,3,2,1,1,0,3,7
9705274,2,2,0,0,1,1,1
9407209,2,1,1,1,0,2,12
9309202,3,3,0,0,1,2,2
9803489,4,3,1,1,0,4,10
9908298,5,2,3,3,2,3,5
3067,2,2,0,0,0,2,8
9910476,10,3,7,19,0,10,14
108058,1,1,0,0,1,0,0
9609280,1,1,0,0,0,1,6
9712455,2,1,1,1,0,2,4
9805410,1,1,0,0,0,1,3
9502207,3,2,1,1,0,3,16
9903338,1,1,0,0,1,0,0
9908410,0,0,0,0,0,0,0
9911442,10,2,8,15,2,8,30
9510223,2,1,1,1,0,2,5
103178,6,5,1,1,3,3,4
9704442,1,1,0,0,1,0,0
9702238,4,3,1,2,4,0,0
301165,1,1,0,0,0,1,6
9912350,0,0,0,0,0,0,0
9707447,7,2,5,14,3,4,4
9802273,7,4,3,3,5,2,2
9712428,2,1,1,1,2,0,0
9405344,1,1,0,0,0,1,4
9311304,1,1,0,0,1,0,0
9802237,3,2,1,1,3,0,0
11177,1,1,0,0,0,1,13
9403314,15,6,9,21,15,0,0
9506464,2,1,1,1,0,2,3
11036,4,2,2,2,1,3,8
3278,6,1,5,10,0,6,41
9303276,6,3,3,3,1,5,5
9808219,1,1,0,0,0,1,8
8326,5,3,2,3,5,0,0
9612319,3,2,1,2,0,3,26
101183,1,1,0,0,0,1,6
105166,1,1,0,0,0,1,13
4029,10,1,9,18,0,10,76
212099,1,1,0,0,0,1,18
3157,2,2,0,0,1,1,2
9603226,0,0,0,0,0,0,0
9608351,6,3,3,3,0,6,11
9901202,3,2,1,1,0,3,17
9708441,4,2,2,3,0,4,7
207365,1,1,0,0,0,1,10
9312293,0,0,0,0,0,0,0
9508248,5,4,1,3,1,4,4
103245,4,3,1,1,0,4,32
102108,1,1,0,0,0,1,3
205046,4,2,2,3,0,4,10
9911512,1,1,0,0,0,1,3
9710285,1,1,0,0,0,1,3
9505392,0,0,0,0,0,0,0
110319,1,1,0,0,0,1,1
9806239,5,2,3,3,0,5,20
201030,11,1,10,33,0,11,88
9511432,1,1,0,0,0,1,1
208235,2,1,1,1,0,2,11
205208,20,4,16,35,0,20,118
9601248,7,6,1,2,0,7,14
9904388,3,3,0,0,0,3,46
202254,4,2,2,2,2,2,8
9808338,2,2,0,0,1,1,3
9806334,0,0,0,0,0,0,0
9512216,4,1,3,4,1,3,11
103193,0,0,0,0,0,0,0
106154,0,0,0,0,0,0,0
9403221,3,2,1,1,3,0,0
9511414,9,1,8,24,0,9,26
9911351,0,0,0,0,0,0,0
9505442,0,0,0,0,0,0,0
109109,1,1,0,0,0,1,5
1185,1,1,0,0,0,1,9
201201,7,4,3,4,0,7,11
202188,0,0,0,0,0,0,0
11089,5,3,2,2,0,5,27
7111,6,3,3,4,1,5,5
203225,2,1,1,1,2,0,0
9909341,3,1,2,2,0,3,14
9802206,9,4,5,9,0,9,61
6153,7,1,6,18,2,5,7
9911244,0,0,0,0,0,0,0
9604228,2,2,0,0,0,2,4
110007,3,3,0,0,1,2,3
9605348,8,1,7,13,8,0,0
4118,4,4,0,0,1,3,5
9805340,10,4,6,17,0,10,16
102057,0,0,0,0,0,0,0
10218,1,1,0,0,0,1,1
9710396,1,1,0,0,1,0,0
9910407,5,3,2,2,0,5,29
9146,3,1,2,2,0,3,46
210150,3,1,2,2,0,3,61
207059,2,2,0,0,0,2,7
9911284,4,3,1,1,1,3,7
207302,1,1,0,0,0,1,2
106180,3,3,0,0,0,3,11
112039,4,2,2,2,0,4,45
9407321,2,2,0,0,1,1,1
109228,1,1,0,0,0,1,5
12175,3,1,2,2,0,3,7
9511404,6,3,3,6,0,6,21
9804314,0,0,0,0,0,0,0
110363,3,3,0,0,0,3,44
9910490,0,0,0,0,0,0,0
9812440,16,3,13,41,0,16,196
9607482,0,0,0,0,0,0,0
9610292,6,3,3,4,0,6,10
201097,0,0,0,0,0,0,0
9501319,6,4,2,3,6,0,0
10257,5,2,3,5,0,5,14
206093,1,1,0,0,0,1,4
9404322,2,2,0,0,0,2,2
9405363,0,0,0,0,0,0,0
9512400,2,1,1,1,2,0,0
8122,1,1,0,0,1,0,0
111314,2,2,0,0,0,2,18
9710359,1,1,0,0,1,0,0
5116,0,0,0,0,0,0,0
9905210,4,4,0,0,0,4,5
9404218,4,2,2,2,4,0,0
9908256,1,1,0,0,0,1,1
205085,10,4,6,11,0,10,122
103170,7,3,4,8,2,5,13
12223,3,2,1,1,0,3,14
202092,1,1,0,0,0,1,2
2095,3,2,1,1,3,0,0
1159,0,0,0,0,0,0,0
9909437,2,2,0,0,1,1,1
109248,2,1,1,1,0,2,31
9907274,5,2,3,6,5,0,0
206035,1,1,0,0,0,1,6
9606205,1,1,0,0,1,0,0
9908263,1,1,0,0,1,0,0
9505209,2,1,1,1,2,0,0
102221,11,3,8,15,0,11,38
9907353,1,1,0,0,0,1,2
9809220,1,1,0,0,0,1,2
103243,1,1,0,0,0,1,2
9607477,1,1,0,0,1,0,0
9309214,2,2,0,0,0,2,2
9906482,0,0,0,0,0,0,0
110111,0,0,0,0,0,0,0
9512409,2,1,1,1,2,0,0
2016,5,1,4,5,0,5,12
9502337,3,2,1,1,1,2,4
9501291,1,1,0,0,1,0,0
9116,4,4,0,0,0,4,15
9606393,2,2,0,0,0,2,13
101280,3,3,0,0,2,1,2
9506316,0,0,0,0,0,0,0
205034,7,2,5,7,2,5,8
9803484,2,2,0,0,2,0,0
8325,0,0,0,0,0,0,0
108054,2,1,1,1,0,2,17
9706389,1,1,0,0,0,1,13
9409293,1,1,0,0,1,0,0
9506444,2,1,1,1,0,2,2
9911319,0,0,0,0,0,0,0
9703223,0,0,0,0,0,0,0
211328,1,1,0,0,1,0,0
110304,5,4,1,1,0,5,19
9803482,2,1,1,1,0,2,2
9804454,5,2,3,4,5,0,0
206195,4,4,0,0,0,4,13
9307278,5,3,2,2,5,0,0
9404266,3,3,0,0,3,0,0
9711253,0,0,0,0,0,0,0
9804382,3,2,1,1,0,3,12
4264,2,2,0,0,0,2,5
106212,0,0,0,0,0,0,0
9901347,0,0,0,0,0,0,0
103321,2,2,0,0,0,2,10
205010,2,2,0,0,0,2,5
9802244,1,1,0,0,1,0,0
9910533,0,0,0,0,0,0,0
6230,1,1,0,0,0,1,5
9610321,1,1,0,0,1,0,0
110356,1,1,0,0,0,1,1
9902282,3,3,0,0,0,3,5
103129,0,0,0,0,0,0,0
209098,3,3,0,0,1,2,3
107106,0,0,0,0,0,0,0
9411436,1,1,0,0,0,1,3
9607313,1,1,0,0,0,1,1
107324,0,0,0,0,0,0,0
6288,0,0,0,0,0,0,0
9181,3,2,1,1,1,2,12
9809336,1,1,0,0,1,0,0
9911415,3,3,0,0,0,3,6
9409306,0,0,0,0,0,0,0
106328,2,2,0,0,0,2,29
9212219,5,4,1,1,2,3,3
207307,1,1,0,0,0,1,1
102166,1,1,0,0,0,1,3
202185,0,0,0,0,0,0,0
9503371,0,0,0,0,0,0,0
9805443,0,0,0,0,0,0,0
9705420,0,0,0,0,0,0,0
9206249,4,4,0,0,4,0,0
9604353,11,6,5,9,0,11,24
207118,0,0,0,0,0,0,0
9802230,9,5,4,6,1,8,16
9509402,0,0,0,0,0,0,0
111247,2,1,1,1,0,2,3
4003,4,2,2,3,0,4,17
201132,1,1,0,0,1,0,0
9708274,3,1,2,2,1,2,5
205054,1,1,0,0,0,1,1
9808347,1,1,0,0,0,1,2
108257,3,3,0,0,0,3,18
104193,3,1,2,3,0,3,11
204012,1,1,0,0,1,0,0
211385,0,0,0,0,0,0,0
9310275,3,2,1,1,3,0,0
9611330,2,1,1,1,2,0,0
3226,2,2,0,0,0,2,2
9712241,0,0,0,0,0,0,0
207339,0,0,0,0,0,0,0
101295,1,1,0,0,0,1,3
9302310,1,1,0,0,1,0,0
9303232,1,1,0,0,0,1,1
9805256,1,1,0,0,0,1,3
208019,4,2,2,2,0,4,34
9503397,0,0,0,0,0,0,0
111279,0,0,0,0,0,0,0
9907227,1,1,0,0,0,1,3
212379,0,0,0,0,0,0,0
9901360,0,0,0,0,0,0,0
9909237,2,1,1,1,0,2,4
9612476,0,0,0,0,0,0,0
9808388,0,0,0,0,0,0,0
9812299,0,0,0,0,0,0,0
209036,0,0,0,0,0,0,0
105153,0,0,0,0,0,0,0
9609205,1,1,0,0,0,1,2
206192,2,2,0,0,0,2,21
206276,1,1,0,0,0,1,7
9509388,1,1,0,0,1,0,0
9609244,2,2,0,0,0,2,2
9512402,0,0,0,0,0,0,0
9505315,3,1,2,2,3,0,0
105016,2,1,1,1,0,2,8
108256,4,2,2,4,0,4,20
111081,0,0,0,0,0,0,0
9902222,0,0,0,0,0,0,0
9707253,0,0,0,0,0,0,0
9311338,0,0,0,0,0,0,0
102246,0,0,0,0,0,0,0
204107,0,0,0,0,0,0,0
204007,0,0,0,0,0,0,0
111419,0,0,0,0,0,0,0
212323,0,0,0,0,0,0,0
9801258,0,0,0,0,0,0,0
9610472,0,0,0,0,0,0,0
2087,0,0,0,0,0,0,0
9909498,1,1,0,0,0,1,4
9611456,6,2,4,5,2,4,4
207046,1,1,0,0,1,0,0
208108,1,1,0,0,0,1,2
9912296,0,0,0,0,0,0,0
206037,0,0,0,0,0,0,0
9601209,2,1,1,1,2,0,0
9512351,0,0,0,0,0,0,0
9806517,0,0,0,0,0,0,0
9607410,1,1,0,0,0,1,3
11166,0,0,0,0,0,0,0
9801248,3,2,1,1,0,3,9
9710511,1,1,0,0,1,0,0
9902211,0,0,0,0,0,0,0
9410374,0,0,0,0,0,0,0
9235,4,2,2,3,0,4,22
105251,2,1,1,1,2,0,0
212258,0,0,0,0,0,0,0
110311,1,1,0,0,0,1,6
9607356,0,0,0,0,0,0,0
301047,0,0,0,0,0,0,0
11040,2,1,1,1,0,2,6
9906328,2,2,0,0,0,2,4
211223,0,0,0,0,0,0,0
106231,0,0,0,0,0,0,0
9710278,2,1,1,1,0,2,2
202021,4,2,2,2,0,4,27
107068,1,1,0,0,0,1,3
9212273,1,1,0,0,1,0,0
9712308,1,1,0,0,1,0,0
9910384,1,1,0,0,0,1,9
301267,0,0,0,0,0,0,0
201212,1,1,0,0,0,1,2
9404297,0,0,0,0,0,0,0
211386,1,1,0,0,0,1,7
9705434,1,1,0,0,0,1,1
111118,0,0,0,0,0,0,0
105083,0,0,0,0,0,0,0
302159,0,0,0,0,0,0,0
9701350,1,1,0,0,0,1,1
9507350,3,1,2,2,0,3,16
110347,1,1,0,0,0,1,2
9701424,1,1,0,0,0,1,1
7022,2,2,0,0,0,2,12
12170,1,1,0,0,0,1,2
9401247,2,2,0,0,2,0,0
9710221,0,0,0,0,0,0,0
208011,0,0,0,0,0,0,0
9502392,1,1,0,0,1,0,0
207239,1,1,0,0,0,1,1
5169,2,2,0,0,0,2,3
9510458,0,0,0,0,0,0,0
9907317,2,1,1,1,0,2,4
101159,1,1,0,0,0,1,11
110011,1,1,0,0,0,1,2
206109,1,1,0,0,0,1,3
208187,0,0,0,0,0,0,0
207256,0,0,0,0,0,0,0
201190,1,1,0,0,0,1,1
209320,0,0,0,0,0,0,0
9807213,3,3,0,0,0,3,4
211129,1,1,0,0,1,0,0
208175,1,1,0,0,0,1,4
9612317,0,0,0,0,0,0,0
105228,1,1,0,0,0,1,3
201203,0,0,0,0,0,0,0
109131,0,0,0,0,0,0,0
301118,0,0,0,0,0,0,0
10044,0,0,0,0,0,0,0
302179,0,0,0,0,0,0,0
9411386,2,1,1,1,2,0,0
102118,0,0,0,0,0,0,0
9009,1,1,0,0,0,1,3
8164,1,1,0,0,0,1,1
1183,0,0,0,0,0,0,0
9401349,2,2,0,0,2,0,0
207328,0,0,0,0,0,0,0
1060,1,1,0,0,1,0,0
112173,0,0,0,0,0,0,0
9612382,0,0,0,0,0,0,0
204259,0,0,0,0,0,0,0
108230,0,0,0,0,0,0,0
9606285,0,0,0,0,0,0,0
104002,2,1,1,1,0,2,17
9508224,0,0,0,0,0,0,0
302095,0,0,0,0,0,0,0
112047,0,0,0,0,0,0,0
208098,1,1,0,0,0,1,2
9809526,0,0,0,0,0,0,0
101284,0,0,0,0,0,0,0
9806463,0,0,0,0,0,0,0
10102,0,0,0,0,0,0,0
106282,1,1,0,0,0,1,4
9905517,0,0,0,0,0,0,0
106074,0,0,0,0,0,0,0
9612214,3,2,1,1,3,0,0
6298,0,0,0,0,0,0,0
206243,1,1,0,0,0,1,4
9910556,0,0,0,0,0,0,0
106252,0,0,0,0,0,0,0
204024,0,0,0,0,0,0,0
9707440,1,1,0,0,0,1,2
8300,0,0,0,0,0,0,0
9801396,1,1,0,0,1,0,0
9505342,0,0,0,0,0,0,0
205316,0,0,0,0,0,0,0
9710387,0,0,0,0,0,0,0
101028,0,0,0,0,0,0,0
208100,0,0,0,0,0,0,0
103278,0,0,0,0,0,0,0
207237,3,3,0,0,0,3,10
1052,0,0,0,0,0,0,0
9403202,1,1,0,0,1,0,0
210273,0,0,0,0,0,0,0
9200,1,1,0,0,0,1,2
10019,2,2,0,0,1,1,2
9609305,0,0,0,0,0,0,0
9507412,0,0,0,0,0,0,0
301035,0,0,0,0,0,0,0
9607339,0,0,0,0,0,0,0
9401268,1,1,0,0,1,0,0
212051,0,0,0,0,0,0,0
9501409,1,1,0,0,1,0,0
107258,0,0,0,0,0,0,0
212200,0,0,0,0,0,0,0
9909430,2,2,0,0,0,2,2
9601389,1,1,0,0,1,0,0
301278,0,0,0,0,0,0,0
9304221,1,1,0,0,1,0,0
11258,0,0,0,0,0,0,0
302250,0,0,0,0,0,0,0
9511451,0,0,0,0,0,0,0
201041,0,0,0,0,0,0,0
12064,0,0,0,0,0,0,0
110183,0,0,0,0,0,0,0
9807217,0,0,0,0,0,0,0
9903393,0,0,0,0,0,0,0
9803471,0,0,0,0,0,0,0
210088,0,0,0,0,0,0,0
211209,0,0,0,0,0,0,0
9703376,0,0,0,0,0,0,0
212153,0,0,0,0,0,0,0
5229,1,1,0,0,0,1,3
9409337,0,0,0,0,0,0,0
11284,0,0,0,0,0,0,0
9405275,0,0,0,0,0,0,0
207272,1,1,0,0,0,1,5
9911468,0,0,0,0,0,0,0
9812419,0,0,0,0,0,0,0
9910374,1,1,0,0,1,0,0
9911335,1,1,0,0,0,1,2
9094,0,0,0,0,0,0,0
101141,1,1,0,0,1,0,0
9911540,0,0,0,0,0,0,0
9812439,0,0,0,0,0,0,0
9911239,1,1,0,0,1,0,0
103310,0,0,0,0,0,0,0
203100,0,0,0,0,0,0,0
9412386,0,0,0,0,0,0,0
6224,0,0,0,0,0,0,0
9511450,0,0,0,0,0,0,0
3308,0,0,0,0,0,0,0
212073,0,0,0,0,0,0,0
10121,3,2,1,1,2,1,1
9602401,0,0,0,0,0,0,0
110322,0,0,0,0,0,0,0
212189,0,0,0,0,0,0,0
203216,0,0,0,0,0,0,0
9808363,0,0,0,0,0,0,0
9502358,2,2,0,0,2,0,0
12319,1,1,0,0,0,1,2
105018,0,0,0,0,0,0,0
9908250,0,0,0,0,0,0,0
207216,0,0,0,0,0,0,0
9908322,0,0,0,0,0,0,0
112192,0,0,0,0,0,0,0
208267,0,0,0,0,0,0,0
109031,0,0,0,0,0,0,0
9903506,1,1,0,0,1,0,0
106317,1,1,0,0,0,1,5
9510405,0,0,0,0,0,0,0
106051,0,0,0,0,0,0,0
204349,0,0,0,0,0,0,0
107283,0,0,0,0,0,0,0
211125,0,0,0,0,0,0,0
110026,0,0,0,0,0,0,0
302111,0,0,0,0,0,0,0
206119,0,0,0,0,0,0,0
9402300,0,0,0,0,0,0,0
8137,0,0,0,0,0,0,0
9708251,1,1,0,0,0,1,3
9407377,0,0,0,0,0,0,0
4154,0,0,0,0,0,0,0
202164,0,0,0,0,0,0,0
103196,0,0,0,0,0,0,0
110054,0,0,0,0,0,0,0
210307,0,0,0,0,0,0,0
212301,0,0,0,0,0,0,0
9608268,0,0,0,0,0,0,0
207081,3,1,2,2,0,3,8
9706493,0,0,0,0,0,0,0
11039,0,0,0,0,0,0,0
103220,0,0,0,0,0,0,0
9412303,1,1,0,0,1,0,0
9908477,0,0,0,0,0,0,0
9808221,2,1,1,1,0,2,4
5143,0,0,0,0,0,0,0
9808441,0,0,0,0,0,0,0
102272,0,0,0,0,0,0,0
101050,0,0,0,0,0,0,0
9406415,0,0,0,0,0,0,0
212281,1,1,0,0,1,0,0
301162,0,0,0,0,0,0,0
9512261,0,0,0,0,0,0,0
9908394,0,0,0,0,0,0,0
102212,1,1,0,0,0,1,1
203191,0,0,0,0,0,0,0
9712264,0,0,0,0,0,0,0
10138,0,0,0,0,0,0,0
112363,0,0,0,0,0,0,0
9410380,0,0,0,0,0,0,0
3250,1,1,0,0,1,0,0
9506414,0,0,0,0,0,0,0
110406,0,0,0,0,0,0,0
210141,0,0,0,0,0,0,0
9910434,0,0,0,0,0,0,0
9303300,1,1,0,0,1,0,0
101073,0,0,0,0,0,0,0
212387,0,0,0,0,0,0,0
9809578,0,0,0,0,0,0,0
301215,0,0,0,0,0,0,0
9408335,0,0,0,0,0,0,0
6013,0,0,0,0,0,0,0
9809271,0,0,0,0,0,0,0
9908348,1,1,0,0,0,1,7
203142,0,0,0,0,0,0,0
9809201,0,0,0,0,0,0,0
9607338,0,0,0,0,0,0,0
110294,0,0,0,0,0,0,0
212010,0,0,0,0,0,0,0
112128,0,0,0,0,0,0,0
208133,0,0,0,0,0,0,0
9911469,0,0,0,0,0,0,0
210138,0,0,0,0,0,0,0
301103,0,0,0,0,0,0,0
209092,0,0,0,0,0,0,0
9611309,0,0,0,0,0,0,0
302246,0,0,0,0,0,0,0
9512214,0,0,0,0,0,0,0
2117,1,1,0,0,1,0,0
208049,0,0,0,0,0,0,0
112133,3,3,0,0,0,3,11
7256,33,13,20,68,0,33,138
9712225,110,8,102,914,3,107,509
9711217,19,6,13,26,0,19,134
11396,5,3,2,2,0,5,22
106315,43,11,32,88,9,34,171
9603205,38,3,35,192,11,27,44
205270,9,5,4,4,0,9,86
9906208,2,1,1,1,0,2,4
9612424,32,3,29,159,1,31,186
206205,2,1,1,1,0,2,9
9209244,10,3,7,11,10,0,0
9606233,34,7,27,97,0,34,159
9908330,18,4,14,35,0,18,48
9601357,21,3,18,83,0,21,61
1152,5,3,2,2,1,4,11
9504417,1,1,0,0,0,1,1
9308318,2,2,0,0,0,2,7
9309298,24,14,10,16,6,18,30
9512369,63,6,57,341,0,63,246
9602424,28,4,24,82,0,28,47
9507453,68,4,64,505,36,32,38
6235,5,2,3,3,0,5,41
9803299,53,4,49,297,2,51,232
9509389,104,4,100,648,73,31,45
9305204,38,6,32,104,35,3,3
9306212,59,13,46,194,45,14,14
9808355,51,7,44,275,0,51,450
9907390,44,4,40,199,0,44,202
9612243,23,8,15,41,5,18,26
9802201,18,5,13,26,2,16,53
9805281,27,5,22,45,5,22,46
9904302,2,2,0,0,0,2,3
9805311,11,2,9,16,4,7,11
9904279,91,4,87,694,0,91,930
9403312,18,3,15,52,9,9,9
9606460,26,2,24,71,5,21,21
9712468,17,4,13,28,0,17,102
9812256,44,6,38,231,3,41,266
9902312,18,7,11,25,2,16,83
9811463,12,3,9,31,1,11,31
9406423,10,6,4,6,0,10,12
9810232,69,11,58,229,2,67,477
9702421,29,5,24,108,10,19,31
105308,14,8,6,10,0,14,47
9911233,52,2,50,279,4,48,511
9704357,90,2,88,608,57,33,38
9409437,28,3,25,147,1,27,118
12019,9,1,8,16,0,9,37
9608276,26,6,20,109,3,23,135
9704307,14,5,9,22,0,14,196
9702337,7,4,3,5,1,6,13
9701347,2,2,0,0,0,2,20
112089,3,3,0,0,0,3,54
9603261,50,4,46,178,13,37,92
10229,1,1,0,0,0,1,19
107320,8,5,3,3,0,8,74
9610337,4,2,2,2,0,4,7
9805303,65,11,54,270,1,64,494
9809302,1,1,0,0,0,1,20
9703402,18,4,14,44,2,16,46
1177,11,4,7,19,0,11,51
9611393,23,6,17,60,1,22,54
9708447,5,3,2,3,2,3,9
9410253,29,6,23,70,29,0,0
9903294,63,3,60,602,0,63,667
9604320,85,1,84,833,5,80,514
9308217,25,4,21,76,1,24,41
9407405,13,4,9,26,13,0,0
9707338,14,6,8,14,0,14,46
9410401,14,2,12,29,1,13,14
9805424,46,4,42,261,1,45,246
9801352,13,5,8,21,7,6,9
9310257,18,4,14,27,5,13,13
9705278,5,1,4,6,0,5,8
9706201,14,5,9,32,1,13,51
9809530,8,5,3,3,1,7,18
9710375,7,7,0,0,1,6,14
9812411,3,1,2,3,3,0,0
9505219,44,7,37,139,44,0,0
9608247,17,2,15,44,0,17,114
9610425,20,3,17,63,0,20,127
9907517,8,1,7,18,0,8,63
9507425,19,4,15,36,7,12,25
9507437,24,3,21,74,0,24,126
111061,0,0,0,0,0,0,0
9701390,65,8,57,235,24,41,62
9403304,11,3,8,18,11,0,0
9804224,37,8,29,154,14,23,72
9807396,7,2,5,12,0,7,31
9307326,24,3,21,60,24,0,0
9508202,34,2,32,210,31,3,3
4052,7,4,3,5,1,6,11
9610210,2,1,1,1,0,2,6
3141,5,3,2,3,0,5,53
9705347,67,7,60,346,1,66,241
9302225,71,6,65,452,71,0,0
9910253,8,3,5,10,1,7,46
9507363,35,3,32,182,1,34,48
5094,17,1,16,56,1,16,88
9812510,66,1,65,661,0,66,270
6106,8,6,2,3,0,8,55
9411210,11,4,7,12,4,7,18
9912475,5,4,1,1,0,5,18
110107,1,1,0,0,0,1,8
109068,6,2,4,4,0,6,17
9408290,44,12,32,149,8,36,92
9409358,3,3,0,0,2,1,2
9609463,0,0,0,0,0,0,0
9506459,11,4,7,14,4,7,24
9803380,60,2,58,334,6,54,183
9503331,3,2,1,1,0,3,3
102187,14,2,12,34,0,14,58
9305342,19,3,16,44,19,0,0
9608221,15,6,9,17,1,14,32
9206257,8,4,4,8,8,0,0
9710447,16,3,13,61,3,13,22
9810269,40,5,35,205,0,40,318
9606337,155,4,151,1717,3,152,646
9903329,18,2,16,28,3,15,40
9802382,10,1,9,24,10,0,0
9411237,18,4,14,41,8,10,10
9711330,4,2,2,2,4,0,0
9701222,17,5,12,38,17,0,0
9401348,7,3,4,8,7,0,0
9407291,28,8,20,74,28,0,0
8262,21,3,18,61,5,16,30
9701231,44,5,39,219,2,42,159
9508338,17,2,15,38,1,16,60
9912317,20,4,16,53,0,20,126
9512354,5,3,2,3,0,5,10
9503306,5,4,1,1,1,4,6
9902238,10,2,8,22,0,10,115
102181,37,10,27,112,0,37,309
9610470,9,4,5,7,0,9,53
102304,18,5,13,65,0,18,189
103079,2,2,0,0,1,1,3
9903468,16,8,8,23,0,16,53
7259,11,2,9,28,0,11,176
101106,17,4,13,30,0,17,123
9409285,23,7,16,43,0,23,58
9307303,5,3,2,2,5,0,0
106201,2,2,0,0,0,2,5
9504353,21,3,18,35,21,0,0
8086,8,1,7,12,1,7,23
10041,13,5,8,24,0,13,75
9412342,3,2,1,1,0,3,6
9401256,15,7,8,14,15,0,0
9602316,3,2,1,2,2,1,1
2169,2,2,0,0,0,2,2
8144,24,1,23,87,0,24,258
6190,4,4,0,0,0,4,63
9907223,4,3,1,1,0,4,34
9605302,14,5,9,17,4,10,33
212315,0,0,0,0,0,0,0
109078,32,3,29,158,0,32,410
106052,6,5,1,1,2,4,17
9807378,4,2,2,3,3,1,1
109202,10,5,5,8,1,9,61
2279,15,1,14,37,0,15,77
9703449,73,1,72,505,5,68,208
9402332,13,3,10,23,13,0,0
9912496,12,3,9,24,0,12,79
9904252,8,1,7,11,0,8,70
9909218,16,5,11,21,0,16,368
9902290,11,5,6,8,0,11,103
9911293,31,1,30,78,2,29,138
102323,44,5,39,276,0,44,148
9505225,12,3,9,26,4,8,33
9503369,1,1,0,0,1,0,0
9602395,4,4,0,0,0,4,12
9903554,31,7,24,90,31,0,0
9412215,36,14,22,117,31,5,5
201071,21,8,13,36,1,20,294
4120,2,2,0,0,0,2,2
9505339,6,3,3,5,3,3,3
9511443,17,3,14,31,17,0,0
9808332,14,2,12,41,0,14,182
9611218,82,7,75,387,0,82,447
9610364,13,5,8,20,0,13,103
9707484,9,5,4,8,0,9,53
9501406,4,3,1,1,4,0,0
9302239,26,9,17,59,26,0,0
9606392,13,2,11,13,1,12,72
9511392,15,7,8,11,5,10,43
203121,10,7,3,6,1,9,68
9612333,15,5,10,19,3,12,23
9707242,11,6,5,11,0,11,106
9910320,27,4,23,87,1,26,307
9802256,1,1,0,0,0,1,3
9707239,10,1,9,21,0,10,134
9707500,26,4,22,70,0,26,123
9809398,9,1,8,17,9,0,0
9310236,57,3,54,382,57,0,0
9903498,31,1,30,102,2,29,246
9501292,16,5,11,29,16,0,0
9810281,0,0,0,0,0,0,0
9405388,90,12,78,513,90,0,0
7277,5,3,2,2,0,5,37
9710374,11,3,8,15,1,10,44
9308263,24,5,19,47,2,22,22
9601280,14,4,10,22,2,12,65
9310204,4,2,2,3,4,0,0
9912386,0,0,0,0,0,0,0
9601317,8,5,3,3,2,6,11
9407272,4,2,2,3,4,0,0
211314,1,1,0,0,0,1,3
9601380,2,2,0,0,0,2,6
9403396,9,5,4,5,1,8,21
9605207,8,4,4,17,0,8,19
9802366,4,1,3,5,0,4,4
9707348,3,2,1,1,0,3,19
9508204,43,8,35,157,7,36,72
9303270,41,17,24,82,41,0,0
9410340,15,5,10,20,14,1,1
9702270,6,2,4,4,0,6,46
9705469,12,4,8,33,0,12,154
9406270,3,2,1,1,0,3,9
9612212,12,2,10,43,0,12,97
9505221,2,2,0,0,0,2,9
9409346,1,1,0,0,1,0,0
9409243,33,3,30,154,7,26,36
9809424,6,3,3,5,2,4,11
103328,7,4,3,4,0,7,13
101231,6,3,3,3,1,5,25
9312243,6,3,3,5,6,0,0
9404243,10,2,8,17,2,8,11
9406271,36,3,33,209,16,20,20
9404259,2,2,0,0,0,2,3
9606207,23,5,18,43,1,22,22
9909459,5,4,1,1,3,2,2
5211,3,3,0,0,0,3,18
9307336,20,7,13,42,20,0,0
9604302,11,3,8,12,0,11,36
9602391,4,4,0,0,0,4,32
9911264,6,2,4,10,0,6,46
11227,4,1,3,3,0,4,9
9211206,5,3,2,2,5,0,0
9607314,25,4,21,110,10,15,16
9511206,5,4,1,1,0,5,18
9703254,6,3,3,8,0,6,43
9212284,51,7,44,209,0,51,51
9904385,3,3,0,0,2,1,6
9409399,0,0,0,0,0,0,0
9508258,33,5,28,99,2,31,79
9908397,13,3,10,33,0,13,172
9610485,4,1,3,6,0,4,14
103263,9,7,2,2,0,9,54
9901386,15,9,6,10,1,14,71
9309336,5,3,2,2,5,0,0
9804379,42,6,36,153,1,41,252
9406354,12,1,11,31,0,12,28
9407324,1,1,0,0,0,1,2
3012,17,5,12,27,1,16,96
9504239,8,5,3,5,0,8,46
9911281,0,0,0,0,0,0,0
9609371,2,2,0,0,0,2,4
104262,4,2,2,3,0,4,12
9801305,5,1,4,7,0,5,10
9608392,14,8,6,9,0,14,162
9906307,3,2,1,1,2,1,15
202031,7,3,4,5,0,7,31
9306269,7,3,4,6,7,0,0
9412287,2,2,0,0,1,1,2
9407382,13,2,11,25,0,13,13
9612401,7,3,4,4,3,4,4
9207222,10,2,8,13,10,0,0
9605356,8,4,4,8,8,0,0
9910216,1,1,0,0,0,1,1
9710244,8,6,2,2,4,4,13
201298,2,2,0,0,0,2,5
204299,7,5,2,3,0,7,79
9309260,4,2,2,2,4,0,0
102266,2,1,1,1,0,2,22
9512239,8,2,6,12,1,7,15
9912488,18,2,16,76,1,17,73
9809247,20,4,16,61,0,20,194
9409238,7,2,5,8,3,4,4
104134,5,1,4,7,0,5,35
9305289,7,5,2,2,2,5,5
105029,19,10,9,17,4,15,94
9809577,1,1,0,0,0,1,1
9508221,20,9,11,33,2,18,57
9907503,4,1,3,5,0,4,34
9503210,10,3,7,15,9,1,1
9508320,3,1,2,3,0,3,22
10195,22,4,18,45,0,22,148
112160,9,5,4,5,0,9,59
207135,5,1,4,8,5,0,0
9907431,10,3,7,16,0,10,51
9501297,15,5,10,29,15,0,0
9402337,41,4,37,201,28,13,18
9709305,6,3,3,4,0,6,9
106237,1,1,0,0,0,1,2
9703450,21,2,19,58,3,18,50
9611364,8,2,6,17,0,8,31
9411286,25,5,20,48,20,5,5
9701406,6,1,5,9,0,6,30
9703285,17,4,13,54,16,1,2
9410332,2,2,0,0,0,2,8
9810504,8,2,6,18,0,8,8
9707237,1,1,0,0,0,1,2
101033,1,1,0,0,0,1,1
9910535,5,2,3,4,0,5,35
9810489,6,2,4,6,1,5,16
9611284,25,7,18,46,1,24,106
9311318,6,3,3,4,2,4,6
9511341,23,3,20,101,1,22,87
9703356,8,4,4,7,1,7,18
2091,13,3,10,24,0,13,106
9912388,25,6,19,58,0,25,191
202030,23,5,18,86,2,21,137
201176,24,7,17,46,0,24,173
110307,15,4,11,33,0,15,103
9905388,8,3,5,6,0,8,34
107190,20,3,17,97,1,19,134
104109,7,2,5,7,0,7,25
106246,12,3,9,15,0,12,45
9907521,11,3,8,13,0,11,40
203113,4,3,1,1,0,4,17
9710328,1,1,0,0,0,1,2
9809211,9,1,8,30,2,7,7
9505266,16,4,12,27,1,15,46
9809224,2,1,1,1,0,2,12
9501347,8,5,3,5,5,3,3
12053,4,3,1,1,1,3,5
9907281,14,3,11,24,0,14,127
9408280,1,1,0,0,1,0,0
9510318,8,2,6,13,1,7,11
9803220,0,0,0,0,0,0,0
9604355,13,3,10,17,1,12,20
9507452,10,2,8,17,0,10,40
9908246,14,3,11,31,0,14,97
9611321,4,3,1,1,0,4,36
9608387,5,1,4,5,0,5,27
105069,2,2,0,0,0,2,3
9709229,10,5,5,13,3,7,24
9906465,9,2,7,14,1,8,16
9408282,2,2,0,0,2,0,0
9804401,3,2,1,1,1,2,10
9808478,0,0,0,0,0,0,0
9802211,5,3,2,2,1,4,5
9803274,13,4,9,48,1,12,29
9906545,26,1,25,149,3,23,45
9803272,15,4,11,23,6,9,16
9610504,3,1,2,3,0,3,7
9912255,1,1,0,0,0,1,1
201191,0,0,0,0,0,0,0
9811358,3,1,2,2,3,0,0
202237,0,0,0,0,0,0,0
201300,11,3,8,22,0,11,98
9611236,1,1,0,0,0,1,4
9402252,1,1,0,0,0,1,2
9908230,4,4,0,0,1,3,15
9911250,3,3,0,0,0,3,11
2204,9,3,6,10,2,7,17
9502225,7,2,5,16,0,7,7
9808449,12,2,10,41,0,12,75
9501344,14,3,11,36,11,3,3
9327,4,1,3,5,0,4,13
9701205,8,2,6,21,0,8,39
11035,2,1,1,1,2,0,0
9410213,7,1,6,10,0,7,47
9604439,5,4,1,1,5,0,0
9703383,4,1,3,5,4,0,0
9404359,1,1,0,0,1,0,0
9406273,3,2,1,1,3,0,0
9804263,3,2,1,1,0,3,9
1140,0,0,0,0,0,0,0
9907336,6,2,4,6,6,0,0
9411434,4,1,3,6,0,4,12
9608263,7,1,6,12,2,5,14
9701345,7,2,5,10,1,6,6
9708295,2,2,0,0,0,2,2
9706480,3,1,2,2,0,3,7
111377,2,1,1,1,0,2,14
9902266,2,2,0,0,0,2,6
102340,2,1,1,1,0,2,5
9901419,4,3,1,1,0,4,7
3174,7,4,3,3,1,6,50
101170,7,3,4,7,1,6,60
9308275,17,2,15,37,1,16,26
4064,1,1,0,0,0,1,1
211358,0,0,0,0,0,0,0
9707335,3,1,2,3,2,1,1
2048,6,2,4,5,0,6,41
6129,10,1,9,26,3,7,12
9701273,6,1,5,6,0,6,6
205202,0,0,0,0,0,0,0
9307337,10,7,3,4,10,0,0
9410254,4,2,2,2,4,0,0
7005,17,4,13,52,0,17,152
9605423,13,3,10,43,0,13,22
9412245,2,1,1,1,0,2,2
9602357,4,3,1,1,1,3,3
9811221,7,3,4,10,0,7,13
9908431,1,1,0,0,0,1,1
9809254,9,5,4,5,0,9,34
201209,4,2,2,3,0,4,43
203062,5,2,3,6,0,5,62
9512367,27,6,21,73,0,27,75
9912445,0,0,0,0,0,0,0
9710225,5,2,3,6,5,0,0
9708250,1,1,0,0,0,1,3
7186,8,3,5,7,0,8,26
9809598,6,3,3,5,0,6,26
9812379,1,1,0,0,0,1,2
9707434,2,2,0,0,0,2,2
9911339,5,3,2,2,5,0,0
9805304,1,1,0,0,0,1,3
9806352,20,4,16,61,0,20,66
9605384,1,1,0,0,0,1,1
9407393,4,2,2,2,0,4,15
9407249,20,2,18,61,20,0,0
5013,6,1,5,11,0,6,24
5199,2,2,0,0,0,2,4
111223,1,1,0,0,0,1,3
101294,5,2,3,3,0,5,15
9803458,2,1,1,1,0,2,6
9705224,5,2,3,3,0,5,11
201273,12,2,10,14,0,12,61
9507239,1,1,0,0,0,1,2
204352,20,5,15,47,2,18,131
203052,2,1,1,1,0,2,7
9406432,14,4,10,43,12,2,2
3100,3,2,1,1,0,3,8
7323,20,6,14,40,4,16,25
9605383,1,1,0,0,1,0,0
205228,10,3,7,11,0,10,47
202147,1,1,0,0,0,1,7
9607210,29,5,24,101,3,26,30
9905350,8,3,5,5,1,7,40
9708310,20,4,16,45,2,18,80
9210212,5,2,3,6,5,0,0
4040,4,2,2,2,4,0,0
212321,1,1,0,0,0,1,8
111313,1,1,0,0,0,1,2
9601329,4,2,2,3,4,0,0
9911393,3,1,2,2,0,3,7
9301274,3,2,1,2,3,0,0
9706336,3,1,2,2,3,0,0
203204,1,1,0,0,0,1,4
9802407,11,5,6,14,1,10,97
103184,5,2,3,3,0,5,16
9609287,7,2,5,8,1,6,15
302222,0,0,0,0,0,0,0
209208,13,6,7,13,0,13,119
9911428,1,1,0,0,0,1,4
9806398,3,3,0,0,0,3,14
9702206,2,1,1,1,0,2,14
9504272,3,3,0,0,1,2,8
9710402,8,3,5,15,7,1,1
9608451,3,2,1,1,2,1,2
208063,2,2,0,0,1,1,8
12299,4,1,3,6,0,4,30
204001,17,6,11,28,0,17,127
111125,2,2,0,0,0,2,5
9402232,0,0,0,0,0,0,0
106004,3,2,1,1,0,3,38
9311234,4,2,2,2,4,0,0
105236,4,3,1,1,0,4,22
201085,0,0,0,0,0,0,0
9610266,2,1,1,1,0,2,20
9606278,3,2,1,1,3,0,0
6029,3,3,0,0,0,3,13
210374,1,1,0,0,0,1,3
9507382,10,3,7,22,1,9,33
9909534,3,3,0,0,0,3,29
9710408,0,0,0,0,0,0,0
9409343,2,2,0,0,2,0,0
211331,4,2,2,3,0,4,48
9610412,2,1,1,1,1,1,2
9910327,3,3,0,0,0,3,10
111188,4,1,3,3,0,4,52
9712441,2,1,1,1,0,2,2
9912344,3,3,0,0,0,3,16
12073,13,4,9,15,0,13,110
110157,1,1,0,0,0,1,9
9906441,8,3,5,10,0,8,30
9503205,4,3,1,1,0,4,13
9304280,1,1,0,0,1,0,0
9905554,7,2,5,12,1,6,17
9805246,0,0,0,0,0,0,0
105289,0,0,0,0,0,0,0
9609518,2,1,1,1,0,2,8
9612342,1,1,0,0,1,0,0
9705449,3,1,2,3,0,3,26
9709402,2,2,0,0,0,2,4
9302206,9,6,3,5,9,0,0
9810547,1,1,0,0,0,1,6
9706466,1,1,0,0,1,0,0
9911210,0,0,0,0,0,0,0
9703395,4,4,0,0,0,4,25
9909436,16,3,13,27,0,16,38
9908233,1,1,0,0,1,0,0
105001,2,2,0,0,0,2,10
9405412,5,5,0,0,2,3,7
201005,4,3,1,2,0,4,9
9612412,3,2,1,1,0,3,10
9609201,3,1,2,2,0,3,3
1083,7,4,3,6,0,7,36
4047,6,2,4,5,3,3,3
9706328,2,1,1,1,0,2,9
9801308,3,2,1,1,2,1,3
204156,1,1,0,0,0,1,3
9901327,8,2,6,17,1,7,7
9505286,2,1,1,1,2,0,0
9907493,1,1,0,0,1,0,0
9609367,2,2,0,0,0,2,3
9612462,13,3,10,22,0,13,23
212147,13,2,11,29,1,12,74
9506469,4,3,1,1,1,3,8
9403297,5,1,4,8,0,5,9
302102,1,1,0,0,0,1,11
301101,1,1,0,0,0,1,11
205254,7,4,3,4,0,7,65
109217,8,3,5,11,0,8,67
9605455,2,1,1,1,1,1,1
9911274,1,1,0,0,0,1,6
204079,15,5,10,20,0,15,153
9307302,4,3,1,1,4,0,0
5171,1,1,0,0,0,1,1
9907322,8,3,5,19,3,5,12
9706402,2,2,0,0,2,0,0
9510428,3,2,1,1,1,2,4
208215,2,1,1,1,2,0,0
111166,4,1,3,4,0,4,29
9404289,5,2,3,4,5,0,0
3090,0,0,0,0,0,0,0
9607287,1,1,0,0,0,1,3
210003,0,0,0,0,0,0,0
9504406,1,1,0,0,0,1,5
9409206,0,0,0,0,0,0,0
9505335,9,3,6,14,5,4,4
9912497,2,2,0,0,0,2,3
9706516,13,6,7,27,10,3,3
103015,3,1,2,3,0,3,6
9912384,1,1,0,0,1,0,0
9703394,0,0,0,0,0,0,0
9611368,3,1,2,2,0,3,4
9906503,4,3,1,1,2,2,3
9609352,5,1,4,7,1,4,38
6145,9,2,7,13,2,7,18
9304243,4,4,0,0,4,0,0
9911479,12,4,8,13,0,12,38
9705260,6,2,4,5,0,6,17
9705265,0,0,0,0,0,0,0
9702390,3,1,2,2,0,3,22
9709327,5,3,2,3,2,3,3
12110,2,1,1,1,0,2,9
9605358,2,2,0,0,0,2,6
9601363,7,2,5,12,7,0,0
9403258,1,1,0,0,1,0,0
9805314,1,1,0,0,0,1,1
9907490,1,1,0,0,1,0,0
9403325,3,2,1,1,3,0,0
12012,1,1,0,0,0,1,2
12092,3,3,0,0,0,3,19
9606272,3,1,2,3,0,3,4
9509244,3,2,1,1,3,0,0
4136,8,3,5,13,0,8,8
5238,3,2,1,1,0,3,24
9205235,9,4,5,7,9,0,0
9910484,2,2,0,0,0,2,3
9170,5,2,3,3,0,5,11
9608369,3,1,2,3,0,3,10
9907426,5,1,4,8,0,5,9
3082,3,2,1,1,1,2,12
106152,0,0,0,0,0,0,0
12241,12,3,9,26,2,10,44
202140,3,1,2,2,3,0,0
9302266,3,3,0,0,3,0,0
9802227,1,1,0,0,0,1,3
9805446,2,2,0,0,0,2,4
9709279,1,1,0,0,1,0,0
107149,3,1,2,2,3,0,0
9904415,0,0,0,0,0,0,0
9505373,3,3,0,0,2,1,1
9807263,17,2,15,33,0,17,60
106057,2,1,1,1,0,2,47
9711409,1,1,0,0,0,1,15
11260,6,1,5,13,2,4,9
9904324,2,1,1,1,0,2,2
9910358,0,0,0,0,0,0,0
206036,1,1,0,0,0,1,4
9806373,6,4,2,4,0,6,22
205315,6,3,3,4,0,6,76
9708415,1,1,0,0,0,1,10
210240,1,1,0,0,0,1,5
204337,7,1,6,18,0,7,74
201183,0,0,0,0,0,0,0
207005,4,3,1,1,0,4,39
201168,3,1,2,3,0,3,8
104184,1,1,0,0,0,1,6
9608315,0,0,0,0,0,0,0
9606422,6,4,2,5,0,6,18
9308280,1,1,0,0,1,0,0
9610417,1,1,0,0,1,0,0
9406410,1,1,0,0,1,0,0
9611357,8,2,6,15,0,8,49
11237,0,0,0,0,0,0,0
112296,0,0,0,0,0,0,0
9803369,3,3,0,0,0,3,17
9806438,5,1,4,10,0,5,31
8231,3,2,1,1,0,3,10
9606424,0,0,0,0,0,0,0
210314,3,3,0,0,0,3,34
202216,3,2,1,1,0,3,6
204205,13,9,4,4,0,13,51
9904285,8,2,6,10,0,8,28
9512233,0,0,0,0,0,0,0
10305,6,1,5,13,0,6,16
111428,0,0,0,0,0,0,0
9701357,0,0,0,0,0,0,0
9805298,0,0,0,0,0,0,0
9407244,7,3,4,4,5,2,2
9910261,3,3,0,0,0,3,15
9904386,5,1,4,7,1,4,14
101001,2,1,1,1,2,0,0
9904442,4,1,3,4,1,3,7
9506439,3,2,1,1,3,0,0
9907478,7,6,1,1,0,7,32
9909211,8,2,6,18,0,8,30
7014,2,2,0,0,0,2,13
9810382,4,2,2,2,0,4,5
9906524,3,1,2,2,0,3,7
111236,4,3,1,1,0,4,17
202077,3,3,0,0,0,3,6
205227,5,4,1,2,0,5,43
9910260,3,3,0,0,0,3,10
9707453,0,0,0,0,0,0,0
9705308,0,0,0,0,0,0,0
9612216,1,1,0,0,0,1,5
9099,0,0,0,0,0,0,0
106351,0,0,0,0,0,0,0
9706213,1,1,0,0,0,1,2
9509331,8,4,4,5,1,7,8
9910534,0,0,0,0,0,0,0
9708468,2,1,1,1,1,1,3
212316,0,0,0,0,0,0,0
9904296,6,4,2,3,6,0,0
9912351,8,2,6,14,0,8,14
207318,1,1,0,0,0,1,6
206138,4,1,3,5,0,4,14
9302259,3,3,0,0,3,0,0
9510279,3,3,0,0,0,3,14
9907337,1,1,0,0,0,1,3
111060,2,1,1,1,0,2,32
9904246,3,1,2,2,0,3,25
9703282,0,0,0,0,0,0,0
205173,0,0,0,0,0,0,0
9605332,4,1,3,3,3,1,1
9902439,2,2,0,0,0,2,3
206229,4,1,3,3,0,4,9
11195,5,1,4,4,4,1,1
1109,1,1,0,0,0,1,6
205163,0,0,0,0,0,0,0
9905258,2,2,0,0,1,1,1
9805496,10,4,6,9,10,0,0
9604421,1,1,0,0,0,1,6
203055,2,1,1,1,0,2,10
9908284,7,1,6,18,7,0,0
111294,2,2,0,0,0,2,2
109101,1,1,0,0,0,1,5
109155,0,0,0,0,0,0,0
11240,4,4,0,0,0,4,16
110181,8,2,6,16,0,8,12
106321,3,1,2,2,0,3,17
203215,0,0,0,0,0,0,0
9903492,3,3,0,0,0,3,12
9611420,2,2,0,0,2,0,0
9703458,0,0,0,0,0,0,0
9311231,2,1,1,1,0,2,2
202159,2,1,1,1,0,2,4
9409390,1,1,0,0,1,0,0
106024,5,2,3,5,0,5,52
9707272,5,1,4,9,1,4,6
9707493,0,0,0,0,0,0,0
9905262,2,2,0,0,0,2,7
9408243,3,2,1,1,3,0,0
201150,7,5,2,2,0,7,38
9411213,1,1,0,0,0,1,3
201216,4,3,1,1,0,4,18
9907434,1,1,0,0,0,1,2
9907560,1,1,0,0,0,1,2
101292,3,1,2,3,0,3,36
108142,1,1,0,0,0,1,2
1064,7,1,6,20,0,7,11
301253,0,0,0,0,0,0,0
9606403,11,2,9,19,8,3,3
9707283,0,0,0,0,0,0,0
211171,0,0,0,0,0,0,0
204181,4,4,0,0,0,4,29
9812531,4,1,3,3,4,0,0
104053,4,4,0,0,0,4,16
212205,1,1,0,0,0,1,13
9406305,2,2,0,0,0,2,2
106226,0,0,0,0,0,0,0
9905485,3,1,2,2,0,3,4
9702272,1,1,0,0,0,1,3
1280,1,1,0,0,0,1,3
9609315,1,1,0,0,1,0,0
211091,0,0,0,0,0,0,0
9709261,0,0,0,0,0,0,0
107290,2,1,1,1,0,2,11
206218,1,1,0,0,0,1,1
9811433,4,3,1,1,0,4,16
9811348,0,0,0,0,0,0,0
9610542,2,1,1,1,2,0,0
209355,0,0,0,0,0,0,0
6177,1,1,0,0,0,1,10
9612244,3,3,0,0,2,1,1
211025,0,0,0,0,0,0,0
206001,0,0,0,0,0,0,0
9409379,0,0,0,0,0,0,0
9905290,0,0,0,0,0,0,0
103313,2,2,0,0,0,2,2
1107,1,1,0,0,0,1,3
9811480,4,4,0,0,2,2,2
9905429,5,4,1,1,5,0,0
9709409,0,0,0,0,0,0,0
109168,0,0,0,0,0,0,0
109223,4,3,1,1,0,4,16
9310260,2,1,1,1,0,2,2
203177,2,1,1,1,0,2,12
201295,0,0,0,0,0,0,0
9505431,1,1,0,0,1,0,0
3047,2,2,0,0,1,1,5
9311363,3,2,1,1,3,0,0
9410284,2,2,0,0,0,2,13
1316,0,0,0,0,0,0,0
9502218,1,1,0,0,1,0,0
206288,5,3,2,3,0,5,33
110174,1,1,0,0,0,1,3
9507297,0,0,0,0,0,0,0
201012,1,1,0,0,0,1,2
9610508,2,1,1,1,2,0,0
212348,1,1,0,0,0,1,9
7183,0,0,0,0,0,0,0
206008,0,0,0,0,0,0,0
9812509,2,2,0,0,1,1,1
208158,0,0,0,0,0,0,0
9712344,4,1,3,6,4,0,0
211464,0,0,0,0,0,0,0
9706322,0,0,0,0,0,0,0
9410276,1,1,0,0,0,1,4
9511316,1,1,0,0,1,0,0
9506241,3,1,2,2,0,3,3
9509314,5,1,4,6,5,0,0
9912487,0,0,0,0,0,0,0
101299,1,1,0,0,0,1,4
9711407,0,0,0,0,0,0,0
9306284,2,2,0,0,0,2,2
9612213,6,4,2,2,4,2,4
104068,3,3,0,0,0,3,13
9312330,1,1,0,0,0,1,1
110013,1,1,0,0,1,0,0
104270,1,1,0,0,0,1,12
211071,2,2,0,0,0,2,13
9506218,0,0,0,0,0,0,0
110370,0,0,0,0,0,0,0
9410215,0,0,0,0,0,0,0
110084,0,0,0,0,0,0,0
9912456,0,0,0,0,0,0,0
5235,3,2,1,1,0,3,31
9711235,2,2,0,0,2,0,0
9909500,4,2,2,2,0,4,11
206197,1,1,0,0,0,1,3
208136,3,3,0,0,0,3,29
9903342,0,0,0,0,0,0,0
9601270,2,1,1,1,2,0,0
9406216,1,1,0,0,1,0,0
6064,2,1,1,1,1,1,1
9310226,0,0,0,0,0,0,0
205267,0,0,0,0,0,0,0
2203,4,4,0,0,1,3,12
302137,0,0,0,0,0,0,0
9911376,2,1,1,1,1,1,2
9511293,2,1,1,1,2,0,0
101244,3,3,0,0,3,0,0
9308301,0,0,0,0,0,0,0
8317,4,4,0,0,0,4,23
9609366,1,1,0,0,0,1,2
210334,0,0,0,0,0,0,0
9709236,2,2,0,0,0,2,6
9905401,0,0,0,0,0,0,0
9811246,1,1,0,0,0,1,4
9806313,0,0,0,0,0,0,0
9709422,1,1,0,0,0,1,1
5282,2,2,0,0,1,1,3
9510234,1,1,0,0,0,1,1
9807444,0,0,0,0,0,0,0
205239,1,1,0,0,0,1,11
9610305,2,1,1,1,2,0,0
9704373,0,0,0,0,0,0,0
9806285,1,1,0,0,0,1,3
9810399,0,0,0,0,0,0,0
9905471,0,0,0,0,0,0,0
9909441,1,1,0,0,0,1,3
103016,0,0,0,0,0,0,0
301217,0,0,0,0,0,0,0
9906372,0,0,0,0,0,0,0
108097,0,0,0,0,0,0,0
109107,0,0,0,0,0,0,0
7193,4,2,2,3,0,4,4
109187,0,0,0,0,0,0,0
106288,0,0,0,0,0,0,0
203161,4,2,2,3,0,4,53
9909351,0,0,0,0,0,0,0
212390,0,0,0,0,0,0,0
210190,1,1,0,0,0,1,5
104181,2,1,1,1,2,0,0
9807485,1,1,0,0,0,1,2
9712465,0,0,0,0,0,0,0
204153,1,1,0,0,0,1,6
208277,0,0,0,0,0,0,0
9708339,0,0,0,0,0,0,0
9411418,0,0,0,0,0,0,0
111055,0,0,0,0,0,0,0
9808427,0,0,0,0,0,0,0
9611411,1,1,0,0,0,1,3
206159,1,1,0,0,0,1,13
9807271,0,0,0,0,0,0,0
9907479,1,1,0,0,0,1,3
9511304,0,0,0,0,0,0,0
302013,0,0,0,0,0,0,0
9504240,0,0,0,0,0,0,0
205256,0,0,0,0,0,0,0
101125,2,1,1,1,0,2,2
206189,1,1,0,0,0,1,2
302149,0,0,0,0,0,0,0
9810445,0,0,0,0,0,0,0
9503325,0,0,0,0,0,0,0
9906237,0,0,0,0,0,0,0
9806406,0,0,0,0,0,0,0
301037,0,0,0,0,0,0,0
206050,0,0,0,0,0,0,0
9905460,1,1,0,0,1,0,0
9504214,0,0,0,0,0,0,0
204301,1,1,0,0,0,1,5
9603235,0,0,0,0,0,0,0
3223,0,0,0,0,0,0,0
209141,2,2,0,0,0,2,8
9507241,0,0,0,0,0,0,0
9412221,0,0,0,0,0,0,0
212081,0,0,0,0,0,0,0
105082,1,1,0,0,0,1,4
9504254,1,1,0,0,0,1,1
9904364,0,0,0,0,0,0,0
9703382,1,1,0,0,0,1,3
9405268,2,2,0,0,0,2,2
9710504,0,0,0,0,0,0,0
104229,1,1,0,0,1,0,0
211165,0,0,0,0,0,0,0
206158,2,2,0,0,0,2,20
9710219,2,1,1,1,0,2,2
206073,1,1,0,0,0,1,14
9812492,2,1,1,1,2,0,0
10317,0,0,0,0,0,0,0
211415,0,0,0,0,0,0,0
9902225,0,0,0,0,0,0,0
9705376,0,0,0,0,0,0,0
207295,0,0,0,0,0,0,0
9505212,0,0,0,0,0,0,0
9912462,0,0,0,0,0,0,0
9912553,0,0,0,0,0,0,0
9705443,0,0,0,0,0,0,0
2200,2,2,0,0,0,2,2
201079,0,0,0,0,0,0,0
9412233,2,2,0,0,2,0,0
105059,1,1,0,0,0,1,6
9905508,0,0,0,0,0,0,0
301107,0,0,0,0,0,0,0
9260,3,1,2,3,3,0,0
212088,0,0,0,0,0,0,0
101015,0,0,0,0,0,0,0
101216,1,1,0,0,0,1,1
9903232,0,0,0,0,0,0,0
207146,0,0,0,0,0,0,0
9508375,1,1,0,0,1,0,0
105118,0,0,0,0,0,0,0
9705273,2,2,0,0,2,0,0
9912237,3,2,1,1,2,1,2
1324,0,0,0,0,0,0,0
1078,0,0,0,0,0,0,0
107104,0,0,0,0,0,0,0
9903269,0,0,0,0,0,0,0
107088,0,0,0,0,0,0,0
212346,0,0,0,0,0,0,0
109237,0,0,0,0,0,0,0
208149,0,0,0,0,0,0,0
9408201,2,2,0,0,2,0,0
211079,0,0,0,0,0,0,0
9712263,0,0,0,0,0,0,0
301201,2,2,0,0,0,2,8
301016,0,0,0,0,0,0,0
12366,0,0,0,0,0,0,0
101246,0,0,0,0,0,0,0
9506230,0,0,0,0,0,0,0
209299,0,0,0,0,0,0,0
9910382,0,0,0,0,0,0,0
9505439,0,0,0,0,0,0,0
207232,0,0,0,0,0,0,0
301123,0,0,0,0,0,0,0
105341,0,0,0,0,0,0,0
211367,1,1,0,0,0,1,3
202091,0,0,0,0,0,0,0
9401293,1,1,0,0,1,0,0
104066,2,2,0,0,2,0,0
11354,0,0,0,0,0,0,0
9903415,1,1,0,0,1,0,0
111280,0,0,0,0,0,0,0
9809509,2,2,0,0,2,0,0
9707314,0,0,0,0,0,0,0
211276,1,1,0,0,0,1,4
105112,0,0,0,0,0,0,0
11093,1,1,0,0,0,1,7
111380,0,0,0,0,0,0,0
9411414,1,1,0,0,1,0,0
101044,1,1,0,0,0,1,3
106011,0,0,0,0,0,0,0
3248,0,0,0,0,0,0,0
9706282,0,0,0,0,0,0,0
302171,0,0,0,0,0,0,0
9711432,1,1,0,0,1,0,0
9710490,1,1,0,0,1,0,0
9910378,0,0,0,0,0,0,0
209150,0,0,0,0,0,0,0
9511377,0,0,0,0,0,0,0
6132,0,0,0,0,0,0,0
210012,1,1,0,0,0,1,1
9802269,0,0,0,0,0,0,0
210160,0,0,0,0,0,0,0
9806460,0,0,0,0,0,0,0
9098,0,0,0,0,0,0,0
9701281,0,0,0,0,0,0,0
110286,0,0,0,0,0,0,0
9811416,0,0,0,0,0,0,0
7039,1,1,0,0,0,1,2
210035,0,0,0,0,0,0,0
9901301,1,1,0,0,0,1,3
9807416,1,1,0,0,0,1,1
209019,0,0,0,0,0,0,0
103345,1,1,0,0,1,0,0
208232,0,0,0,0,0,0,0
9401286,0,0,0,0,0,0,0
9807205,0,0,0,0,0,0,0
9910306,0,0,0,0,0,0,0
204355,0,0,0,0,0,0,0
9611270,2,2,0,0,1,1,1
9310305,0,0,0,0,0,0,0
9409423,1,1,0,0,1,0,0
103103,1,1,0,0,1,0,0
9911355,0,0,0,0,0,0,0
9306202,0,0,0,0,0,0,0
9404260,1,1,0,0,1,0,0
6169,0,0,0,0,0,0,0
9709375,0,0,0,0,0,0,0
9601286,0,0,0,0,0,0,0
9507355,0,0,0,0,0,0,0
209276,0,0,0,0,0,0,0
9901452,0,0,0,0,0,0,0
9907371,1,1,0,0,0,1,12
111235,0,0,0,0,0,0,0
3237,1,1,0,0,1,0,0
212394,0,0,0,0,0,0,0
11302,0,0,0,0,0,0,0
11189,0,0,0,0,0,0,0
205104,0,0,0,0,0,0,0
302198,0,0,0,0,0,0,0
209018,0,0,0,0,0,0,0
302183,0,0,0,0,0,0,0
201035,0,0,0,0,0,0,0
301135,0,0,0,0,0,0,0
210264,0,0,0,0,0,0,0
9809534,0,0,0,0,0,0,0
6207,0,0,0,0,0,0,0
301273,0,0,0,0,0,0,0
104287,0,0,0,0,0,0,0
9807381,0,0,0,0,0,0,0
209170,0,0,0,0,0,0,0
201057,0,0,0,0,0,0,0
9401334,0,0,0,0,0,0,0
103203,0,0,0,0,0,0,0
205311,0,0,0,0,0,0,0
9309229,1,1,0,0,1,0,0
9904402,0,0,0,0,0,0,0
10064,0,0,0,0,0,0,0
9611404,0,0,0,0,0,0,0
210097,0,0,0,0,0,0,0
9705343,0,0,0,0,0,0,0
212182,0,0,0,0,0,0,0
205016,0,0,0,0,0,0,0
9610462,0,0,0,0,0,0,0
4224,0,0,0,0,0,0,0
8172,0,0,0,0,0,0,0
111356,0,0,0,0,0,0,0
9904372,0,0,0,0,0,0,0
204105,0,0,0,0,0,0,0
104177,0,0,0,0,0,0,0
9407310,1,1,0,0,1,0,0
211379,0,0,0,0,0,0,0
301200,0,0,0,0,0,0,0
103347,0,0,0,0,0,0,0
9501203,0,0,0,0,0,0,0
208168,0,0,0,0,0,0,0
12106,0,0,0,0,0,0,0
212310,0,0,0,0,0,0,0
9911451,0,0,0,0,0,0,0
101315,0,0,0,0,0,0,0
105178,0,0,0,0,0,0,0
9810540,1,1,0,0,0,1,6
301220,0,0,0,0,0,0,0
209157,0,0,0,0,0,0,0
6137,0,0,0,0,0,0,0
301043,0,0,0,0,0,0,0
212044,0,0,0,0,0,0,0
107210,0,0,0,0,0,0,0
207017,0,0,0,0,0,0,0
6126,0,0,0,0,0,0,0
9909488,0,0,0,0,0,0,0
9803392,0,0,0,0,0,0,0
9910487,0,0,0,0,0,0,0
9502362,0,0,0,0,0,0,0
9602290,0,0,0,0,0,0,0
9812452,0,0,0,0,0,0,0
9311201,0,0,0,0,0,0,0
110302,0,0,0,0,0,0,0
9904308,0,0,0,0,0,0,0
211437,0,0,0,0,0,0,0
9609483,0,0,0,0,0,0,0
9803238,1,1,0,0,1,0,0
211135,0,0,0,0,0,0,0
210020,0,0,0,0,0,0,0
301161,0,0,0,0,0,0,0
209042,0,0,0,0,0,0,0
204038,0,0,0,0,0,0,0
9307309,0,0,0,0,0,0,0
2171,25,8,17,54,11,14,22
7360,22,1,21,92,1,21,104
9712306,36,3,33,126,14,22,43
9802289,32,7,25,49,10,22,84
12197,6,5,1,1,0,6,21
111276,15,5,10,21,2,13,27
9609331,120,18,102,838,5,115,472
9203223,66,12,54,221,66,0,0
9906252,2,2,0,0,0,2,9
9703463,15,4,11,24,0,15,63
208014,5,3,2,4,0,5,61
9210231,20,6,14,29,20,0,0
9607213,28,3,25,73,1,27,122
9911266,14,5,9,13,0,14,58
1002,64,8,56,336,2,62,631
3246,59,8,51,244,0,59,444
9407311,12,4,8,21,12,0,0
9312291,18,6,12,38,18,0,0
9309326,14,1,13,46,3,11,11
9601310,44,4,40,229,4,40,143
9502273,7,4,3,4,1,6,6
9310297,19,1,18,78,19,0,0
2096,8,4,4,6,0,8,103
9805293,26,6,20,46,4,22,52
9708483,76,4,72,442,44,32,64
9507352,16,9,7,10,6,10,25
9602333,22,5,17,49,5,17,55
9809415,71,4,67,461,3,68,263
9907452,9,2,7,17,0,9,27
9706426,9,4,5,5,0,9,17
9803415,38,6,32,137,0,38,90
9805429,26,3,23,80,1,25,218
9906469,104,10,94,504,26,78,203
9205230,25,10,15,30,25,0,0
9306333,84,4,80,616,84,0,0
9711339,14,1,13,39,7,7,12
9607265,17,1,16,33,9,8,9
9803255,5,1,4,6,1,4,8
9508316,7,1,6,13,2,5,5
9811296,7,5,2,2,0,7,23
9506222,21,3,18,31,4,17,52
9410285,1,1,0,0,0,1,3
9810371,41,5,36,171,0,41,475
9703347,14,4,10,30,0,14,78
108103,17,9,8,15,1,16,49
9911309,36,1,35,189,16,20,27
9705304,85,5,80,455,7,78,141
9511465,17,1,16,64,5,12,35
101098,7,3,4,5,1,6,34
9609344,19,4,15,63,0,19,116
9704382,9,1,8,17,0,9,40
9905421,4,3,1,1,3,1,1
9608430,67,4,63,387,25,42,85
2161,30,6,24,69,0,30,300
9603314,84,6,78,417,3,81,622
102289,7,4,3,4,1,6,20
110093,2,1,1,1,0,2,14
9909260,14,5,9,16,1,13,118
9806423,15,4,11,19,1,14,34
201117,1,1,0,0,0,1,3
9903507,8,4,4,12,0,8,42
9310319,49,2,47,229,49,0,0
9710550,31,3,28,80,6,25,84
9902355,12,4,8,20,0,12,90
9711248,16,3,13,31,1,15,21
9903422,118,4,114,863,0,118,887
9604440,53,1,52,431,2,51,255
9512421,16,5,11,35,0,16,63
9705432,25,7,18,49,6,19,22
9707349,1,1,0,0,0,1,2
9504295,15,3,12,36,0,15,22
9901394,19,4,15,50,0,19,53
9806342,14,2,12,32,6,8,9
9405338,21,3,18,40,18,3,4
9602284,2,2,0,0,1,1,4
2103,0,0,0,0,0,0,0
5035,3,2,1,1,0,3,13
9602409,11,4,7,13,2,9,35
9301252,5,4,1,4,5,0,0
9512206,19,4,15,63,19,0,0
9703291,18,4,14,42,0,18,66
9610518,16,4,12,28,0,16,120
9911404,9,1,8,16,0,9,84
9509230,6,1,5,10,0,6,16
9508408,22,3,19,55,4,18,79
7071,2,1,1,1,1,1,3
9503411,44,3,41,239,17,27,39
106176,7,1,6,10,1,6,33
3326,24,4,20,79,1,23,100
9807540,30,6,24,93,5,25,118
9403301,35,6,29,103,16,19,36
9509333,14,4,10,30,2,12,12
5003,48,4,44,151,5,43,336
9611328,2,2,0,0,1,1,1
9610477,75,3,72,456,1,74,338
9805209,22,8,14,31,0,22,147
9305279,8,3,5,10,8,0,0
9910563,7,4,3,4,0,7,33
9603326,36,4,32,182,3,33,101
5225,26,4,22,82,0,26,135
9902335,22,2,20,112,1,21,76
9912409,44,5,39,176,0,44,561
9502311,3,1,2,3,0,3,15
110285,0,0,0,0,0,0,0
9401310,21,3,18,45,21,0,0
204222,3,2,1,1,3,0,0
9508242,2,2,0,0,0,2,7
9607243,3,1,2,2,0,3,14
9404247,35,10,25,76,9,26,28
9811456,9,5,4,9,4,5,9
9804237,30,2,28,117,0,30,174
9506283,14,4,10,25,4,10,25
9510370,15,3,12,37,1,14,18
9510287,6,5,1,1,0,6,34
9610544,53,13,40,132,23,30,57
9612460,0,0,0,0,0,0,0
9802294,27,3,24,99,7,20,43
9908504,38,3,35,172,0,38,418
9704369,23,4,19,73,0,23,144
9903464,17,5,12,24,1,16,51
9405223,15,5,10,13,3,12,40
9411326,1,1,0,0,1,0,0
11174,0,0,0,0,0,0,0
9710450,13,1,12,26,2,11,18
9404346,9,1,8,19,9,0,0
11145,0,0,0,0,0,0,0
203075,6,3,3,4,0,6,12
9601265,10,3,7,14,10,0,0
9509424,14,2,12,34,6,8,8
9911272,3,2,1,1,0,3,17
2141,12,3,9,32,3,9,62
9211266,34,5,29,120,34,0,0
9904223,14,4,10,13,2,12,47
104028,11,2,9,16,6,5,9
9612359,6,4,2,3,0,6,31
102312,44,4,40,205,3,41,82
103082,4,4,0,0,2,2,5
9903501,27,5,22,110,0,27,132
9512252,63,2,61,551,1,62,159
103320,29,8,21,56,0,29,223
9410231,31,12,19,46,8,23,68
108191,22,3,19,41,0,22,131
9909453,17,7,10,28,5,12,19
9510422,10,5,5,9,0,10,11
9288,8,3,5,9,1,7,28
9402335,155,5,150,1697,155,0,0
7294,32,1,31,145,2,30,102
9802204,13,5,8,17,2,11,30
9602317,2,1,1,1,2,0,0
9503384,79,10,69,324,68,11,11
8209,9,2,7,10,0,9,68
6340,8,4,4,6,0,8,58
9907328,6,1,5,8,0,6,72
9708275,26,2,24,70,13,13,23
3261,44,3,41,405,0,44,230
109079,25,2,23,110,0,25,150
106243,7,4,3,5,0,7,34
9406202,6,4,2,3,6,0,0
110163,31,1,30,209,0,31,170
3129,51,5,46,179,0,51,298
9705279,18,2,16,56,0,18,114
9501283,6,3,3,3,6,0,0
3089,17,5,12,32,0,17,148
9904266,40,4,36,262,0,40,702
9909294,4,3,1,1,0,4,22
3086,27,2,25,76,0,27,251
9608441,19,1,18,54,0,19,51
103125,91,8,83,775,5,86,222
9507240,28,5,23,129,1,27,63
9805391,1,1,0,0,0,1,1
9209296,19,2,17,81,19,0,0
9911458,14,5,9,41,0,14,53
9402208,11,2,9,19,11,0,0
203158,5,2,3,4,0,5,45
107066,2,2,0,0,0,2,7
8147,7,4,3,3,0,7,28
9512318,2,1,1,1,1,1,2
9809427,54,6,48,192,0,54,477
9701208,13,9,4,5,0,13,148
9612408,14,6,8,16,0,14,111
9505313,10,3,7,11,0,10,12
9712486,4,1,3,3,1,3,7
9306220,23,11,12,40,23,0,0
9701418,12,3,9,20,0,12,32
9512336,138,9,129,954,23,115,613
204292,4,4,0,0,0,4,19
103041,0,0,0,0,0,0,0
9708364,15,4,11,31,0,15,82
9911317,15,3,12,34,0,15,116
9208206,17,6,11,31,17,0,0
9709431,1,1,0,0,0,1,7
9804436,27,4,23,62,0,27,101
9809443,29,8,21,57,1,28,136
9403400,25,4,21,71,25,0,0
9909495,4,3,1,1,0,4,20
9609373,2,2,0,0,2,0,0
9503347,2,1,1,1,0,2,2
9604419,12,5,7,10,0,12,49
9705413,18,9,9,14,18,0,0
9710508,11,3,8,14,0,11,63
9310316,55,4,51,258,55,0,0
9603204,44,6,38,125,20,24,36
9310346,7,3,4,9,4,3,5
9403232,6,4,2,3,6,0,0
9605240,14,3,11,13,6,8,8
9501313,12,4,8,20,4,8,20
4176,13,3,10,19,0,13,75
9603439,4,2,2,2,0,4,12
9504263,6,5,1,1,0,6,28
9609263,19,9,10,21,2,17,97
9612226,8,6,2,2,8,0,0
9707383,2,2,0,0,0,2,5
9602421,21,1,20,68,1,20,63
9304277,40,14,26,96,11,29,63
9311301,7,5,2,3,7,0,0
9704228,23,4,19,62,23,0,0
9708393,53,6,47,353,3,50,236
9406345,36,6,30,158,2,34,93
9707458,7,4,3,6,0,7,94
9510230,2,2,0,0,0,2,10
9601336,15,4,11,28,13,2,2
9410357,34,4,30,160,4,30,65
9901401,3,2,1,2,1,2,7
2282,7,4,3,5,1,6,8
104021,6,2,4,10,3,3,3
9403252,21,6,15,46,21,0,0
9511419,11,4,7,14,3,8,12
9410385,23,1,22,109,23,0,0
9209294,4,2,2,4,4,0,0
9903540,20,4,16,52,0,20,199
9911305,6,1,5,8,4,2,2
6047,14,2,12,34,0,14,76
9306260,16,7,9,29,16,0,0
9605359,13,6,7,9,0,13,66
9701308,19,7,12,45,12,7,12
108159,1,1,0,0,0,1,5
9912448,8,2,6,12,0,8,19
9307325,16,3,13,38,16,0,0
9710339,18,3,15,95,3,15,46
9307345,7,4,3,6,7,0,0
9711512,4,3,1,1,0,4,24
9302271,12,2,10,26,12,0,0
9904440,16,2,14,34,10,6,6
103068,16,3,13,51,0,16,29
9511284,10,3,7,13,0,10,22
9908516,22,1,21,98,0,22,152
3091,8,4,4,9,0,8,34
106034,7,3,4,4,0,7,57
9510210,3,2,1,1,1,2,4
9410222,6,4,2,3,4,2,10
9511270,4,3,1,1,3,1,1
9510443,7,3,4,10,0,7,33
9408250,12,5,7,16,0,12,19
7228,10,5,5,6,0,10,88
9610271,5,3,2,2,0,5,28
9904470,1,1,0,0,0,1,3
9701353,18,4,14,30,1,17,17
110194,5,2,3,4,0,5,41
9302219,11,2,9,18,11,0,0
9608406,13,7,6,8,0,13,119
101268,0,0,0,0,0,0,0
208228,5,4,1,1,0,5,44
9411339,5,4,1,1,3,2,12
9405254,3,2,1,1,0,3,6
9803310,7,3,4,6,0,7,27
9903543,11,7,4,4,0,11,131
9303225,20,8,12,29,14,6,8
9403242,15,4,11,32,15,0,0
1173,1,1,0,0,1,0,0
9703302,27,5,22,83,0,27,109
11266,12,3,9,21,0,12,44
8156,10,6,4,7,0,10,136
9409309,15,4,11,25,15,0,0
9511430,34,2,32,134,5,29,73
9512251,5,2,3,5,3,2,3
106278,13,3,10,26,0,13,197
9912481,2,1,1,1,1,1,1
9412294,10,3,7,11,5,5,7
104075,2,1,1,1,0,2,8
9608320,9,2,7,11,1,8,14
4085,34,4,30,125,0,34,265
9811450,1,1,0,0,0,1,3
9404305,3,2,1,1,3,0,0
9902465,2,1,1,1,0,2,22
206052,0,0,0,0,0,0,0
9706482,19,5,14,37,0,19,82
11143,7,2,5,10,0,7,59
112310,15,2,13,37,0,15,102
209028,4,1,3,4,4,0,0
9910223,6,2,4,5,0,6,48
9606267,11,3,8,18,5,6,8
9409442,13,3,10,16,7,6,7
9507449,20,5,15,28,10,10,10
103050,16,1,15,59,1,15,36
9411204,4,2,2,2,1,3,17
9509268,16,2,14,55,16,0,0
9408270,1,1,0,0,1,0,0
9602220,3,3,0,0,1,2,6
9604335,13,6,7,11,1,12,18
301232,0,0,0,0,0,0,0
9812236,26,6,20,70,2,24,67
9506453,0,0,0,0,0,0,0
212142,3,2,1,1,0,3,3
1087,13,4,9,18,0,13,235
9912223,26,8,18,54,2,24,258
9811471,11,7,4,6,0,11,38
9402347,16,5,11,28,6,10,13
9903242,7,2,5,11,0,7,27
9410337,14,5,9,24,1,13,23
9808426,49,5,44,187,0,49,158
9503362,2,2,0,0,1,1,3
202210,14,3,11,28,1,13,69
201291,16,3,13,27,0,16,168
112060,19,6,13,37,1,18,114
9905461,3,2,1,1,0,3,19
108152,15,4,11,29,0,15,150
107249,2,2,0,0,0,2,3
111379,5,3,2,2,0,5,26
7334,7,2,5,20,0,7,97
203117,4,1,3,5,1,3,11
9411201,8,4,4,5,3,5,5
9809263,13,1,12,50,1,12,51
9507287,7,3,4,7,0,7,31
9403223,20,1,19,88,20,0,0
205011,1,1,0,0,1,0,0
5326,2,1,1,1,0,2,3
9908317,57,2,55,421,0,57,616
9301272,3,3,0,0,3,0,0
9612417,2,1,1,1,0,2,5
9610394,2,2,0,0,2,0,0
9502204,5,3,2,3,5,0,0
9606282,6,1,5,11,0,6,19
9710426,14,5,9,22,1,13,113
9611324,7,6,1,1,0,7,77
9608444,2,1,1,1,0,2,9
109037,4,1,3,4,0,4,8
9812412,7,1,6,20,0,7,35
9410266,11,4,7,15,3,8,18
9410259,2,2,0,0,0,2,16
9805392,2,1,1,1,0,2,3
9806521,2,2,0,0,0,2,9
9404325,9,5,4,4,6,3,3
9810412,8,2,6,25,0,8,22
9910278,22,1,21,140,1,21,60
9707413,1,1,0,0,0,1,10
9810536,36,6,30,141,3,33,272
5263,13,2,11,28,0,13,39
9610255,7,3,4,5,1,6,14
9803418,6,4,2,2,4,2,4
101180,12,8,4,4,5,7,31
102061,1,1,0,0,0,1,11
9703408,0,0,0,0,0,0,0
9506478,2,2,0,0,0,2,2
9810331,4,1,3,4,2,2,4
9708220,12,3,9,19,2,10,27
9612326,22,5,17,73,22,0,0
101034,7,4,3,7,1,6,62
9901315,3,1,2,3,0,3,11
9907228,17,5,12,34,6,11,16
101258,4,1,3,4,0,4,19
9802253,6,2,4,10,0,6,41
9804270,2,1,1,1,2,0,0
9405271,21,3,18,60,0,21,102
9703251,3,2,1,1,1,2,2
10013,2,2,0,0,0,2,2
9211225,3,3,0,0,3,0,0
9406340,9,5,4,5,9,0,0
9903410,4,2,2,2,0,4,10
9612440,11,4,7,12,1,10,24
9907269,1,1,0,0,0,1,6
9412373,8,5,3,8,0,8,62
9702368,5,1,4,6,0,5,13
9705263,6,1,5,7,0,6,13
9608210,16,7,9,11,16,0,0
9712313,0,0,0,0,0,0,0
8289,2,1,1,1,0,2,13
9509225,7,2,5,9,1,6,6
9704204,5,2,3,6,0,5,9
9911240,1,1,0,0,0,1,2
9501228,14,1,13,51,14,0,0
10079,9,2,7,23,0,9,109
9810282,4,1,3,5,0,4,28
9805397,5,3,2,3,0,5,13
109045,23,2,21,86,0,23,56
9610302,1,1,0,0,0,1,1
7159,20,7,13,34,0,20,224
12137,10,2,8,20,2,8,16
9705359,0,0,0,0,0,0,0
12304,5,4,1,2,1,4,46
9409298,0,0,0,0,0,0,0
9502405,5,2,3,3,5,0,0
101323,9,3,6,19,0,9,71
9703334,1,1,0,0,1,0,0
1145,0,0,0,0,0,0,0
1051,0,0,0,0,0,0,0
9053,14,1,13,43,2,12,21
9608385,4,4,0,0,1,3,3
9903326,5,2,3,4,0,5,15
3312,12,4,8,27,0,12,59
203179,1,1,0,0,0,1,8
9605401,9,2,7,16,0,9,27
9901397,23,1,22,68,0,23,197
9802352,14,1,13,42,0,14,83
9701398,15,4,11,22,2,13,42
8138,6,5,1,2,0,6,12
9810456,9,1,8,14,9,0,0
9809527,3,1,2,3,2,1,1
9911418,6,1,5,5,0,6,23
9612374,7,3,4,9,0,7,16
9607407,0,0,0,0,0,0,0
9808450,2,2,0,0,0,2,5
9806503,0,0,0,0,0,0,0
9601355,4,1,3,4,2,2,3
9410415,13,3,10,33,0,13,13
6280,8,2,6,14,0,8,63
9903237,1,1,0,0,0,1,2
11252,23,9,14,62,0,23,355
9510359,18,4,14,40,1,17,36
9809333,1,1,0,0,0,1,4
9912340,2,2,0,0,1,1,14
9409433,15,2,13,41,15,0,0
9710317,17,7,10,18,0,17,62
205295,7,4,3,10,0,7,89
204351,1,1,0,0,0,1,7
301280,1,1,0,0,0,1,3
9609351,3,3,0,0,0,3,9
9090,4,3,1,1,2,2,4
9704404,5,4,1,1,5,0,0
206292,12,8,4,4,0,12,41
206078,9,3,6,12,1,8,42
12035,8,2,6,18,0,8,31
9907373,9,3,6,19,4,5,5
9711429,12,1,11,28,1,11,67
9210213,5,2,3,6,5,0,0
6216,1,1,0,0,0,1,1
112135,5,1,4,7,0,5,27
210112,1,1,0,0,0,1,8
9403405,2,2,0,0,2,0,0
9911411,2,1,1,1,0,2,8
9302231,3,1,2,3,3,0,0
9707373,6,3,3,6,1,5,6
12127,4,1,3,5,4,0,0
9806359,1,1,0,0,0,1,10
103275,16,1,15,26,1,15,62
9706348,5,3,2,3,0,5,10
9909467,7,1,6,14,2,5,12
109149,11,4,7,27,1,10,23
210372,1,1,0,0,0,1,4
9807231,2,2,0,0,0,2,8
9708438,4,1,3,3,2,2,3
9605257,3,3,0,0,0,3,5
9810516,9,2,7,24,2,7,11
9612354,1,1,0,0,0,1,1
9907519,3,2,1,1,1,2,4
6197,7,1,6,19,7,0,0
11229,12,4,8,15,1,11,72
6262,6,2,4,8,3,3,3
9307272,1,1,0,0,1,0,0
7157,11,3,8,15,0,11,178
9212225,3,1,2,3,3,0,0
9912360,0,0,0,0,0,0,0
10015,3,3,0,0,1,2,5
11397,2,2,0,0,0,2,2
301257,0,0,0,0,0,0,0
106125,4,3,1,1,0,4,40
208209,9,9,0,0,0,9,180
9508241,10,3,7,22,1,9,49
9905405,1,1,0,0,0,1,1
9507353,12,8,4,8,0,12,84
9511203,3,1,2,3,3,0,0
211366,5,3,2,5,0,5,60
9812347,2,2,0,0,0,2,2
9606421,4,3,1,1,0,4,24
111382,3,3,0,0,0,3,36
9712483,19,4,15,32,2,17,56
1061,3,2,1,1,0,3,13
6174,1,1,0,0,0,1,1
110383,4,2,2,2,0,4,76
9610213,7,3,4,7,0,7,25
9302302,5,5,0,0,3,2,2
9510406,4,2,2,2,4,0,0
106120,12,7,5,11,0,12,123
9605293,1,1,0,0,1,0,0
5083,4,2,2,2,0,4,11
9710258,3,3,0,0,1,2,4
9702330,1,1,0,0,1,0,0
9611280,3,2,1,1,0,3,5
9602251,6,4,2,4,0,6,6
9911241,2,2,0,0,1,1,3
9709382,8,5,3,3,4,4,4
9706548,1,1,0,0,0,1,6
9806384,4,2,2,3,4,0,0
9704320,4,2,2,4,1,3,3
9904240,19,3,16,46,1,18,44
9801418,1,1,0,0,0,1,3
9906365,2,1,1,1,0,2,12
9501279,12,6,6,11,0,12,44
9311216,6,3,3,4,6,0,0
9612429,1,1,0,0,0,1,9
9507264,1,1,0,0,0,1,2
1143,1,1,0,0,0,1,4
8068,4,3,1,1,0,4,6
9707268,6,1,5,9,0,6,12
9307233,2,1,1,1,2,0,0
201136,2,1,1,1,0,2,12
101146,1,1,0,0,0,1,5
9505297,2,1,1,1,0,2,4
204126,0,0,0,0,0,0,0
9712442,3,3,0,0,1,2,16
9705269,4,3,1,1,0,4,11
212202,11,4,7,12,1,10,68
9609317,0,0,0,0,0,0,0
9305248,9,1,8,31,9,0,0
111303,4,3,1,2,1,3,5
9808469,16,5,11,23,0,16,52
9912525,12,3,9,15,0,12,57
111324,6,2,4,4,0,6,36
9408301,2,2,0,0,1,1,1
9712484,2,1,1,1,0,2,4
204275,8,5,3,4,0,8,41
9404337,5,4,1,1,5,0,0
8320,3,2,1,1,0,3,7
9704281,4,1,3,6,4,0,0
201010,4,3,1,1,1,3,11
9606404,2,1,1,1,2,0,0
108118,4,2,2,3,0,4,8
210027,3,2,1,1,0,3,37
9404290,10,5,5,7,10,0,0
9906379,0,0,0,0,0,0,0
9711276,6,4,2,3,3,3,5
206100,3,3,0,0,0,3,3
9904284,7,4,3,5,1,6,23
9409435,1,1,0,0,1,0,0
9810243,5,2,3,5,3,2,4
10349,0,0,0,0,0,0,0
9712382,7,2,5,7,5,2,2
112304,2,2,0,0,0,2,8
9905428,0,0,0,0,0,0,0
6245,0,0,0,0,0,0,0
9708224,1,1,0,0,0,1,2
9902314,0,0,0,0,0,0,0
9701358,6,3,3,5,0,6,36
5106,6,2,4,5,1,5,20
9811313,2,2,0,0,0,2,14
9907326,0,0,0,0,0,0,0
9603224,0,0,0,0,0,0,0
3101,1,1,0,0,0,1,4
9706218,3,1,2,2,0,3,6
9710298,5,4,1,1,1,4,11
11228,3,3,0,0,1,2,4
102121,1,1,0,0,0,1,11
202232,0,0,0,0,0,0,0
9602419,15,2,13,19,15,0,0
210328,0,0,0,0,0,0,0
211326,1,1,0,0,0,1,2
9403359,6,4,2,2,6,0,0
6057,4,3,1,1,0,4,17
108174,1,1,0,0,0,1,11
9512238,1,1,0,0,0,1,1
202154,1,1,0,0,0,1,3
11324,2,2,0,0,1,1,2
9411390,5,1,4,5,0,5,5
9610551,2,2,0,0,2,0,0
9304283,11,3,8,22,11,0,0
11322,4,3,1,1,4,0,0
9604269,2,1,1,1,0,2,10
11067,1,1,0,0,0,1,4
10140,4,2,2,3,4,0,0
9707415,3,2,1,1,0,3,20
109032,8,2,6,13,0,8,45
204289,2,2,0,0,0,2,2
9601257,1,1,0,0,0,1,3
9802308,20,4,16,41,1,19,86
9902462,3,3,0,0,1,2,6
9605258,0,0,0,0,0,0,0
111077,4,3,1,1,0,4,16
9707439,2,1,1,1,0,2,17
9403369,2,2,0,0,2,0,0
2100,2,1,1,1,0,2,2
205308,1,1,0,0,0,1,8
9406306,5,2,3,3,0,5,10
7349,3,3,0,0,0,3,15
9705346,5,3,2,7,5,0,0
9910227,1,1,0,0,1,0,0
1168,3,3,0,0,1,2,3
9904319,6,3,3,8,0,6,28
208275,3,2,1,1,0,3,14
9701388,2,1,1,1,0,2,5
205057,2,2,0,0,0,2,11
9909362,3,3,0,0,0,3,12
106269,1,1,0,0,0,1,2
109093,5,2,3,7,0,5,15
9611223,7,2,5,15,4,3,4
9907344,2,2,0,0,0,2,9
9602283,0,0,0,0,0,0,0
9701225,2,1,1,1,0,2,7
9208212,1,1,0,0,1,0,0
9607360,1,1,0,0,1,0,0
9501400,2,1,1,1,1,1,1
9212254,1,1,0,0,1,0,0
7199,0,0,0,0,0,0,0
9806479,2,1,1,1,0,2,2
9512425,3,2,1,1,1,2,2
9904394,3,1,2,3,0,3,23
8201,3,1,2,2,0,3,11
208071,1,1,0,0,0,1,3
11005,2,2,0,0,0,2,7
205276,1,1,0,0,0,1,5
8066,5,1,4,6,0,5,8
9901399,9,5,4,8,2,7,26
11210,1,1,0,0,0,1,1
106188,3,1,2,3,0,3,13
9912493,0,0,0,0,0,0,0
209376,3,3,0,0,0,3,32
9804394,3,2,1,1,0,3,11
9412277,5,1,4,5,5,0,0
9609353,1,1,0,0,0,1,2
9906432,5,1,4,7,0,5,23
101108,3,1,2,3,3,0,0
203155,12,9,3,3,0,12,58
101200,2,2,0,0,2,0,0
9912465,1,1,0,0,0,1,3
9909440,3,2,1,2,0,3,21
203264,1,1,0,0,0,1,10
11192,5,4,1,1,0,5,21
9606294,5,3,2,2,4,1,2
4061,0,0,0,0,0,0,0
207259,2,2,0,0,0,2,5
206025,2,2,0,0,0,2,5
6043,4,3,1,2,0,4,9
9909522,1,1,0,0,0,1,6
9511364,2,2,0,0,1,1,3
9804388,7,3,4,6,0,7,40
3079,1,1,0,0,0,1,3
9508263,7,5,2,2,0,7,17
9907430,3,3,0,0,0,3,8
9808274,0,0,0,0,0,0,0
203227,0,0,0,0,0,0,0
9608300,1,1,0,0,1,0,0
111357,9,2,7,15,0,9,115
9301257,4,1,3,4,4,0,0
9803260,0,0,0,0,0,0,0
111448,1,1,0,0,0,1,2
9808308,1,1,0,0,0,1,2
9211201,1,1,0,0,1,0,0
207040,0,0,0,0,0,0,0
9806238,2,2,0,0,0,2,4
9711320,0,0,0,0,0,0,0
9806453,7,1,6,16,0,7,39
9701363,2,2,0,0,0,2,2
201128,5,4,1,1,0,5,42
101052,0,0,0,0,0,0,0
9512431,1,1,0,0,1,0,0
206280,2,2,0,0,0,2,11
4077,4,4,0,0,1,3,13
206260,0,0,0,0,0,0,0
7339,4,4,0,0,0,4,31
9505294,0,0,0,0,0,0,0
109026,0,0,0,0,0,0,0
101045,1,1,0,0,0,1,8
9905504,4,1,3,5,0,4,8
9908475,5,2,3,9,0,5,20
9711413,1,1,0,0,0,1,2
209233,5,4,1,1,0,5,56
9811333,1,1,0,0,0,1,2
203181,4,1,3,5,1,3,8
111185,3,1,2,3,2,1,1
12242,1,1,0,0,0,1,5
9407325,4,4,0,0,4,0,0
9908380,5,4,1,1,0,5,21
110314,0,0,0,0,0,0,0
9810378,1,1,0,0,1,0,0
11187,0,0,0,0,0,0,0
108136,5,2,3,5,0,5,20
202135,2,1,1,1,0,2,12
110344,2,1,1,1,0,2,6
9906554,1,1,0,0,0,1,6
9911444,0,0,0,0,0,0,0
8076,3,2,1,1,1,2,2
9609283,4,2,2,2,2,2,7
206042,0,0,0,0,0,0,0
9105,0,0,0,0,0,0,0
204358,4,3,1,1,0,4,23
9301222,6,5,1,1,6,0,0
9902363,0,0,0,0,0,0,0
9812530,4,1,3,6,0,4,37
8272,1,1,0,0,0,1,4
302116,0,0,0,0,0,0,0
111296,2,1,1,1,0,2,4
9906211,8,4,4,6,1,7,11
9611340,2,2,0,0,2,0,0
5131,4,2,2,2,1,3,3
207131,0,0,0,0,0,0,0
9904312,2,2,0,0,0,2,2
201075,3,3,0,0,0,3,22
205329,6,3,3,5,0,6,48
7212,3,1,2,2,0,3,6
206137,4,2,2,2,0,4,74
106143,2,1,1,1,2,0,0
4198,2,1,1,1,2,0,0
9912280,1,1,0,0,1,0,0
210013,0,0,0,0,0,0,0
9905560,0,0,0,0,0,0,0
9810287,0,0,0,0,0,0,0
109127,1,1,0,0,0,1,5
204095,4,3,1,1,0,4,18
207097,0,0,0,0,0,0,0
9806502,1,1,0,0,0,1,3
9611301,1,1,0,0,1,0,0
7358,3,1,2,2,3,0,0
9404319,2,2,0,0,1,1,1
9709479,3,3,0,0,0,3,4
106070,0,0,0,0,0,0,0
9807220,0,0,0,0,0,0,0
211438,2,2,0,0,0,2,6
11157,0,0,0,0,0,0,0
9036,2,2,0,0,0,2,29
9810221,4,1,3,4,0,4,9
9807541,3,1,2,2,3,0,0
205298,0,0,0,0,0,0,0
101016,0,0,0,0,0,0,0
6255,2,1,1,1,0,2,4
9510231,3,1,2,3,3,0,0
9506229,1,1,0,0,1,0,0
108125,1,1,0,0,0,1,3
105014,5,5,0,0,0,5,97
9611457,0,0,0,0,0,0,0
208173,0,0,0,0,0,0,0
9704368,2,2,0,0,1,1,1
9309329,0,0,0,0,0,0,0
9711329,3,1,2,2,0,3,8
9801325,1,1,0,0,0,1,5
9910565,3,2,1,1,0,3,13
6067,2,1,1,1,2,0,0
9505290,1,1,0,0,1,0,0
9912267,2,2,0,0,0,2,3
211053,0,0,0,0,0,0,0
209173,3,2,1,1,0,3,22
9501350,1,1,0,0,1,0,0
204063,1,1,0,0,0,1,15
9903537,2,2,0,0,2,0,0
206144,1,1,0,0,0,1,6
112341,1,1,0,0,0,1,6
9115,2,2,0,0,1,1,2
9303222,2,2,0,0,2,0,0
211160,1,1,0,0,0,1,10
110384,0,0,0,0,0,0,0
11194,0,0,0,0,0,0,0
9601290,4,3,1,2,0,4,4
112100,0,0,0,0,0,0,0
102233,2,1,1,1,0,2,6
205347,3,2,1,1,0,3,24
9606302,3,1,2,2,0,3,3
9704391,0,0,0,0,0,0,0
204290,9,5,4,7,0,9,93
9412323,1,1,0,0,1,0,0
106348,0,0,0,0,0,0,0
107332,2,2,0,0,0,2,15
105233,7,4,3,3,0,7,84
9503298,0,0,0,0,0,0,0
206220,0,0,0,0,0,0,0
201290,1,1,0,0,0,1,2
9904268,2,1,1,1,0,2,4
9904456,0,0,0,0,0,0,0
12213,4,1,3,4,0,4,34
9909330,1,1,0,0,1,0,0
9508222,0,0,0,0,0,0,0
9605353,0,0,0,0,0,0,0
211378,3,1,2,3,0,3,104
206299,0,0,0,0,0,0,0
1207,0,0,0,0,0,0,0
109163,0,0,0,0,0,0,0
9912404,2,1,1,1,1,1,1
9907438,1,1,0,0,0,1,4
2187,1,1,0,0,0,1,3
9503466,1,1,0,0,1,0,0
212117,1,1,0,0,0,1,4
209207,0,0,0,0,0,0,0
9603367,0,0,0,0,0,0,0
111080,0,0,0,0,0,0,0
9910280,0,0,0,0,0,0,0
103003,0,0,0,0,0,0,0
9901291,0,0,0,0,0,0,0
107080,2,1,1,1,0,2,13
9211289,2,2,0,0,2,0,0
9405222,2,2,0,0,2,0,0
9807388,1,1,0,0,0,1,3
1323,1,1,0,0,0,1,2
9504236,1,1,0,0,1,0,0
9606462,1,1,0,0,0,1,6
9504381,2,1,1,1,2,0,0
212061,0,0,0,0,0,0,0
105031,0,0,0,0,0,0,0
9709328,2,1,1,1,2,0,0
210377,0,0,0,0,0,0,0
9805492,0,0,0,0,0,0,0
9705299,1,1,0,0,0,1,1
9610511,0,0,0,0,0,0,0
104215,0,0,0,0,0,0,0
9507385,0,0,0,0,0,0,0
9803420,2,2,0,0,0,2,2
9608403,2,1,1,1,0,2,4
9504257,1,1,0,0,1,0,0
12074,1,1,0,0,1,0,0
110381,3,2,1,1,1,2,6
9906387,3,2,1,1,2,1,1
10220,0,0,0,0,0,0,0
206287,2,1,1,1,0,2,26
9802402,0,0,0,0,0,0,0
211229,1,1,0,0,0,1,1
11117,0,0,0,0,0,0,0
9907538,1,1,0,0,1,0,0
9910531,1,1,0,0,0,1,2
302121,0,0,0,0,0,0,0
207086,1,1,0,0,0,1,4
201313,1,1,0,0,0,1,6
9707520,1,1,0,0,1,0,0
9809482,0,0,0,0,0,0,0
9806271,2,2,0,0,2,0,0
9310268,1,1,0,0,1,0,0
9411264,0,0,0,0,0,0,0
9811490,1,1,0,0,0,1,6
5233,0,0,0,0,0,0,0
9809317,0,0,0,0,0,0,0
9206202,1,1,0,0,1,0,0
212108,1,1,0,0,1,0,0
9507448,0,0,0,0,0,0,0
9810418,1,1,0,0,0,1,1
9811292,0,0,0,0,0,0,0
9910509,5,4,1,3,0,5,14
205183,1,1,0,0,0,1,2
112153,0,0,0,0,0,0,0
211244,0,0,0,0,0,0,0
204297,0,0,0,0,0,0,0
107237,0,0,0,0,0,0,0
212008,0,0,0,0,0,0,0
9608421,0,0,0,0,0,0,0
9705436,0,0,0,0,0,0,0
9706414,0,0,0,0,0,0,0
9403404,1,1,0,0,1,0,0
202229,1,1,0,0,0,1,5
9407201,0,0,0,0,0,0,0
9507324,0,0,0,0,0,0,0
12117,0,0,0,0,0,0,0
6117,0,0,0,0,0,0,0
9809273,2,2,0,0,0,2,7
102092,1,1,0,0,1,0,0
9607445,0,0,0,0,0,0,0
203115,0,0,0,0,0,0,0
9603242,2,1,1,1,2,0,0
9401287,3,1,2,2,3,0,0
9710532,0,0,0,0,0,0,0
12029,2,2,0,0,2,0,0
110279,3,2,1,1,1,2,7
109201,2,2,0,0,0,2,24
212339,0,0,0,0,0,0,0
109236,0,0,0,0,0,0,0
9601314,0,0,0,0,0,0,0
11173,0,0,0,0,0,0,0
9809221,0,0,0,0,0,0,0
201288,0,0,0,0,0,0,0
9302226,0,0,0,0,0,0,0
9212228,1,1,0,0,1,0,0
9801236,0,0,0,0,0,0,0
2084,0,0,0,0,0,0,0
112066,0,0,0,0,0,0,0
9507302,0,0,0,0,0,0,0
9712448,2,1,1,1,0,2,2
111261,1,1,0,0,0,1,4
9608427,0,0,0,0,0,0,0
203219,0,0,0,0,0,0,0
111116,0,0,0,0,0,0,0
210178,1,1,0,0,0,1,6
108106,3,1,2,2,1,2,4
9802222,0,0,0,0,0,0,0
9810404,1,1,0,0,1,0,0
9712420,1,1,0,0,1,0,0
112120,1,1,0,0,1,0,0
9901223,0,0,0,0,0,0,0
107314,0,0,0,0,0,0,0
209289,0,0,0,0,0,0,0
9803332,0,0,0,0,0,0,0
9909320,0,0,0,0,0,0,0
9911396,1,1,0,0,1,0,0
9712348,0,0,0,0,0,0,0
207028,0,0,0,0,0,0,0
109190,0,0,0,0,0,0,0
9908476,0,0,0,0,0,0,0
9803278,0,0,0,0,0,0,0
205139,0,0,0,0,0,0,0
204078,1,1,0,0,1,0,0
9408205,0,0,0,0,0,0,0
9911306,5,5,0,0,0,5,20
9602215,0,0,0,0,0,0,0
9911246,1,1,0,0,1,0,0
201153,0,0,0,0,0,0,0
11197,3,3,0,0,0,3,9
11305,1,1,0,0,0,1,1
112019,0,0,0,0,0,0,0
207024,1,1,0,0,0,1,1
209228,0,0,0,0,0,0,0
101310,1,1,0,0,1,0,0
106239,1,1,0,0,1,0,0
9503267,0,0,0,0,0,0,0
202252,0,0,0,0,0,0,0
110130,1,1,0,0,0,1,1
111085,1,1,0,0,0,1,10
9810487,0,0,0,0,0,0,0
9808398,0,0,0,0,0,0,0
204047,0,0,0,0,0,0,0
9501321,0,0,0,0,0,0,0
207041,0,0,0,0,0,0,0
9902228,3,1,2,2,3,0,0
109185,0,0,0,0,0,0,0
4090,1,1,0,0,0,1,9
9708493,0,0,0,0,0,0,0
106300,1,1,0,0,1,0,0
111264,1,1,0,0,0,1,5
9411284,0,0,0,0,0,0,0
302103,0,0,0,0,0,0,0
210395,0,0,0,0,0,0,0
205182,0,0,0,0,0,0,0
9304313,1,1,0,0,1,0,0
3329,0,0,0,0,0,0,0
301226,0,0,0,0,0,0,0
111468,1,1,0,0,0,1,1
9608207,0,0,0,0,0,0,0
9708375,0,0,0,0,0,0,0
106028,0,0,0,0,0,0,0
9187,0,0,0,0,0,0,0
201065,0,0,0,0,0,0,0
1220,0,0,0,0,0,0,0
111354,0,0,0,0,0,0,0
9403260,0,0,0,0,0,0,0
9402352,0,0,0,0,0,0,0
202183,0,0,0,0,0,0,0
11018,0,0,0,0,0,0,0
110128,0,0,0,0,0,0,0
9408283,2,1,1,1,2,0,0
207193,0,0,0,0,0,0,0
9505292,0,0,0,0,0,0,0
9805453,3,1,2,2,3,0,0
208166,0,0,0,0,0,0,0
207305,0,0,0,0,0,0,0
9409292,0,0,0,0,0,0,0
9310202,1,1,0,0,1,0,0
109144,0,0,0,0,0,0,0
9809353,0,0,0,0,0,0,0
207329,1,1,0,0,1,0,0
9705313,0,0,0,0,0,0,0
9210270,1,1,0,0,1,0,0
210093,0,0,0,0,0,0,0
9610386,0,0,0,0,0,0,0
9705259,0,0,0,0,0,0,0
9305301,1,1,0,0,0,1,2
202044,0,0,0,0,0,0,0
9123,0,0,0,0,0,0,0
9708269,0,0,0,0,0,0,0
9401355,0,0,0,0,0,0,0
211260,0,0,0,0,0,0,0
207016,0,0,0,0,0,0,0
9113,0,0,0,0,0,0,0
9809373,0,0,0,0,0,0,0
203039,0,0,0,0,0,0,0
110051,0,0,0,0,0,0,0
9807467,0,0,0,0,0,0,0
9706353,1,1,0,0,1,0,0
211452,0,0,0,0,0,0,0
1284,0,0,0,0,0,0,0
9501322,0,0,0,0,0,0,0
202224,0,0,0,0,0,0,0
301277,0,0,0,0,0,0,0
210148,0,0,0,0,0,0,0
9907456,0,0,0,0,0,0,0
2014,0,0,0,0,0,0,0
9610550,0,0,0,0,0,0,0
109255,0,0,0,0,0,0,0
211107,0,0,0,0,0,0,0
9706495,0,0,0,0,0,0,0
9711381,0,0,0,0,0,0,0
204013,2,1,1,1,2,0,0
9505375,0,0,0,0,0,0,0
9701339,0,0,0,0,0,0,0
209155,0,0,0,0,0,0,0
9611413,0,0,0,0,0,0,0
9296,0,0,0,0,0,0,0
9807521,0,0,0,0,0,0,0
207250,0,0,0,0,0,0,0
207333,0,0,0,0,0,0,0
9604325,0,0,0,0,0,0,0
9808210,0,0,0,0,0,0,0
210151,1,1,0,0,0,1,2
11171,0,0,0,0,0,0,0
9505401,0,0,0,0,0,0,0
206097,1,1,0,0,0,1,1
212172,0,0,0,0,0,0,0
103191,1,1,0,0,0,1,1
104273,1,1,0,0,0,1,3
9709471,0,0,0,0,0,0,0
9608489,0,0,0,0,0,0,0
302132,0,0,0,0,0,0,0
111008,0,0,0,0,0,0,0
11297,0,0,0,0,0,0,0
9909276,0,0,0,0,0,0,0
301060,0,0,0,0,0,0,0
9503487,0,0,0,0,0,0,0
12054,0,0,0,0,0,0,0
111259,0,0,0,0,0,0,0
110264,0,0,0,0,0,0,0
9712528,0,0,0,0,0,0,0
210423,0,0,0,0,0,0,0
9803443,1,1,0,0,0,1,5
2281,0,0,0,0,0,0,0
9708475,0,0,0,0,0,0,0
104149,0,0,0,0,0,0,0
9801393,0,0,0,0,0,0,0
208124,1,1,0,0,0,1,11
209318,0,0,0,0,0,0,0
12380,0,0,0,0,0,0,0
9907364,0,0,0,0,0,0,0
9307246,1,1,0,0,1,0,0
112093,0,0,0,0,0,0,0
203259,0,0,0,0,0,0,0
9067,0,0,0,0,0,0,0
9502265,0,0,0,0,0,0,0
210169,0,0,0,0,0,0,0
4025,0,0,0,0,0,0,0
210370,0,0,0,0,0,0,0
210191,0,0,0,0,0,0,0
10336,0,0,0,0,0,0,0
9805437,0,0,0,0,0,0,0
9902285,0,0,0,0,0,0,0
9511356,0,0,0,0,0,0,0
9709362,1,1,0,0,1,0,0
11288,0,0,0,0,0,0,0
9404286,0,0,0,0,0,0,0
201172,0,0,0,0,0,0,0
9710497,0,0,0,0,0,0,0
12308,69,6,63,312,25,44,140
8004,22,1,21,89,5,17,55
9802394,63,8,55,329,63,0,0
9901288,18,2,16,42,4,14,60
110260,1,1,0,0,0,1,4
201160,1,1,0,0,1,0,0
9704448,88,14,74,408,24,64,202
9302272,21,9,12,25,21,0,0
9912281,3,2,1,1,2,1,2
9704259,9,2,7,14,3,6,6
209326,6,3,3,4,0,6,26
9210233,43,3,40,197,1,42,42
9607328,2,1,1,1,0,2,11
207280,0,0,0,0,0,0,0
12109,8,4,4,10,2,6,11
5024,13,3,10,15,0,13,62
9410322,6,3,3,6,6,0,0
9901206,29,3,26,102,29,0,0
9403250,24,4,20,62,7,17,28
9607259,56,10,46,214,3,53,213
9504216,34,8,26,76,19,15,45
9503303,24,2,22,103,17,7,7
2108,106,6,100,756,14,92,505
9806272,33,3,30,153,2,31,110
9709388,105,8,97,856,42,63,63
9507393,11,7,4,5,3,8,29
9604415,11,7,4,6,9,2,4
9809554,42,4,38,218,9,33,91
9907532,46,11,35,151,3,43,319
9711311,8,4,4,4,2,6,32
9804400,39,7,32,150,2,37,110
9806376,8,6,2,3,0,8,75
9907216,10,5,5,10,1,9,21
9408386,7,3,4,4,0,7,7
9309223,98,6,92,732,87,11,11
9306255,2,1,1,1,2,0,0
9607285,16,1,15,35,0,16,39
9804261,8,2,6,12,0,8,52
9802445,37,6,31,91,11,26,41
9706546,11,3,8,20,1,10,38
9602399,3,3,0,0,0,3,3
9506261,14,6,8,14,0,14,26
9811498,39,4,35,173,0,39,269
9703436,31,6,25,107,17,14,21
108141,13,7,6,14,0,13,167
9911392,19,1,18,56,0,19,201
9705320,23,6,17,45,9,14,40
9705244,43,2,41,265,8,35,212
9802447,14,2,12,44,14,0,0
9609434,93,9,84,636,3,90,613
9705228,27,1,26,83,0,27,230
2260,10,2,8,13,0,10,96
9901265,12,5,7,24,1,11,75
5124,16,7,9,29,0,16,117
9603448,45,5,40,191,0,45,287
9507439,23,6,17,67,1,22,59
110301,4,3,1,1,0,4,28
102310,4,1,3,6,0,4,46
9908404,15,7,8,12,0,15,86
9907238,16,6,10,29,7,9,47
9905413,6,1,5,11,6,0,0
9405352,70,4,66,487,70,0,0
9805422,58,4,54,200,23,35,47
9905463,13,4,9,13,0,13,74
9811235,19,12,7,11,5,14,29
9904220,49,4,45,355,0,49,373
9203201,62,10,52,351,62,0,0
9603388,18,3,15,55,2,16,49
9705433,33,9,24,70,18,15,17
9710333,8,3,5,11,2,6,14
9508292,10,5,5,9,0,10,18
9310208,10,1,9,22,10,0,0
9702373,15,4,11,34,3,12,26
9707264,25,2,23,106,2,23,45
9707426,16,4,12,39,0,16,69
9211322,35,6,29,119,35,0,0
1040,20,4,16,52,3,17,63
9603270,5,1,4,6,1,4,5
9404344,4,2,2,4,0,4,4
9507326,45,8,37,98,14,31,31
9703437,39,1,38,130,3,36,204
9308287,51,9,42,202,4,47,206
9204229,39,10,29,181,30,9,9
9601307,17,4,13,31,7,10,21
9511233,28,6,22,44,4,24,111
7343,1,1,0,0,0,1,2
9612202,38,2,36,134,6,32,82
4060,11,5,6,12,0,11,42
9311329,32,2,30,108,32,0,0
9808214,4,1,3,4,2,2,8
9406285,37,11,26,118,2,35,96
9512263,36,6,30,128,36,0,0
10234,7,1,6,7,0,7,63
9612448,3,2,1,2,0,3,9
9704452,138,8,130,845,19,119,542
9805211,11,5,6,9,1,10,52
9401294,24,3,21,102,13,11,11
9911340,15,3,12,39,2,13,86
9604351,53,7,46,257,6,47,185
5228,32,3,29,104,1,31,209
9903502,101,3,98,1103,1,100,625
9605342,58,10,48,176,6,52,224
9506207,25,7,18,50,0,25,63
7102,4,1,3,4,2,2,2
105150,34,3,31,109,0,34,323
206293,5,3,2,3,1,4,16
9512363,14,3,11,26,1,13,54
9607418,12,4,8,21,0,12,69
9512441,6,4,2,2,0,6,26
9507282,66,6,60,360,46,20,20
9909509,39,1,38,147,0,39,215
9510275,6,3,3,5,2,4,4
9808276,2,2,0,0,0,2,18
9604232,18,4,14,36,6,12,32
9611409,20,5,15,37,1,19,57
9308336,66,2,64,773,66,0,0
9806315,40,10,30,105,6,34,144
9501341,65,1,64,619,65,0,0
9710531,23,2,21,76,3,20,39
9903473,17,2,15,35,3,14,62
9705418,2,1,1,1,2,0,0
9501390,15,4,11,31,3,12,39
1004,1,1,0,0,1,0,0
9712387,9,3,6,15,1,8,21
9503356,50,8,42,123,30,20,59
6135,6,4,2,3,3,3,3
208177,24,9,15,26,2,22,171
9610525,10,2,8,12,0,10,15
9510372,30,3,27,84,2,28,96
9511218,6,3,3,5,0,6,17
2208,8,1,7,21,0,8,60
9305262,27,5,22,81,27,0,0
9907516,14,5,9,19,0,14,129
106204,20,8,12,23,0,20,173
9704349,7,2,5,7,0,7,59
102315,36,2,34,253,0,36,281
9908427,15,2,13,26,7,8,47
9912324,6,3,3,3,2,4,15
9904413,26,6,20,66,0,26,279
103324,14,5,9,15,0,14,165
9411276,8,2,6,11,1,7,38
7155,8,1,7,10,2,6,27
9911248,24,3,21,70,5,19,61
9604451,12,4,8,9,0,12,17
103060,7,3,4,6,1,6,22
2163,8,3,5,9,0,8,35
7362,33,3,30,139,0,33,142
9411338,32,2,30,108,10,22,23
105126,0,0,0,0,0,0,0
9607370,18,6,12,35,2,16,39
10051,3,2,1,2,0,3,35
9812486,45,3,42,483,0,45,449
9907347,14,2,12,30,0,14,377
9709432,104,4,100,962,0,104,659
4013,26,3,23,145,4,22,111
201161,23,4,19,77,0,23,402
108030,12,5,7,15,0,12,37
9405318,1,1,0,0,1,0,0
110382,27,1,26,186,0,27,178
3328,10,4,6,8,0,10,78
2071,27,10,17,45,0,27,93
9511417,17,1,16,38,17,0,0
4200,19,5,14,29,0,19,64
9904433,22,5,17,47,0,22,235
2229,15,3,12,25,0,15,126
7320,13,2,11,20,0,13,103
9801446,23,4,19,64,0,23,166
104041,39,2,37,245,1,38,63
9508334,4,1,3,3,1,3,4
9809371,6,1,5,11,1,5,8
9412259,23,5,18,82,17,6,7
4249,2,1,1,1,2,0,0
201207,0,0,0,0,0,0,0
204029,9,2,7,12,0,9,135
110365,5,4,1,1,0,5,56
9710228,8,4,4,7,8,0,0
9601289,11,3,8,19,1,10,16
9809433,38,5,33,159,0,38,395
9703370,5,1,4,7,0,5,42
9701210,12,1,11,21,0,12,49
9507289,12,6,6,12,0,12,43
9801273,3,2,1,1,0,3,12
9310253,21,2,19,70,21,0,0
9703389,20,4,16,36,4,16,31
9602245,14,4,10,24,0,14,37
2043,6,2,4,8,0,6,11
5183,7,3,4,8,6,1,1
9902242,3,3,0,0,0,3,22
9310332,35,6,29,73,35,0,0
9506387,9,2,7,8,5,4,4
9709511,10,1,9,22,0,10,139
9909541,19,6,13,26,0,19,84
9809487,8,1,7,11,0,8,39
9910238,52,6,46,281,0,52,556
9910209,40,4,36,196,0,40,342
9608472,13,4,9,28,8,5,5
9509426,1,1,0,0,0,1,1
9306230,40,9,31,115,40,0,0
9708237,14,4,10,17,12,2,2
9711440,39,5,34,141,0,39,205
9502323,22,10,12,23,0,22,82
9608399,5,2,3,5,0,5,22
9509279,25,8,17,43,25,0,0
9412261,4,3,1,1,2,2,2
9610406,5,2,3,4,1,4,6
9503291,36,10,26,81,36,0,0
102074,8,1,7,18,2,6,11
9606220,2,2,0,0,0,2,6
9504275,3,3,0,0,0,3,10
9610380,7,3,4,10,5,2,3
9403292,18,10,8,26,18,0,0
9707488,15,3,12,29,1,14,72
9607205,6,1,5,7,0,6,6
9307249,28,9,19,48,9,19,38
9408300,5,3,2,2,5,0,0
9704298,54,12,42,196,4,50,294
9709286,16,2,14,60,0,16,277
9406387,6,2,4,8,6,0,0
9307312,13,1,12,59,13,0,0
9506285,8,2,6,13,0,8,30
9812429,1,1,0,0,0,1,1
9301259,41,6,35,239,41,0,0
9904257,9,2,7,11,1,8,37
3013,5,2,3,7,1,4,7
105204,13,4,9,27,0,13,53
9407350,21,3,18,53,21,0,0
9907393,6,1,5,14,6,0,0
9510393,19,5,14,53,0,19,87
9303268,12,5,7,17,12,0,0
9709500,2,1,1,1,0,2,2
101160,1,1,0,0,0,1,4
6116,10,2,8,20,0,10,102
9903236,3,2,1,1,0,3,9
9603347,5,4,1,2,0,5,15
9512442,24,4,20,39,12,12,20
1205,2,1,1,1,0,2,5
9912483,12,7,5,5,1,11,42
9310262,3,1,2,2,3,0,0
9803433,25,8,17,99,1,24,149
9409460,3,2,1,2,1,2,2
9812380,2,1,1,1,0,2,10
9401228,30,8,22,87,0,30,120
9906277,25,4,21,60,7,18,42
10354,30,2,28,155,12,18,18
9601325,5,2,3,6,0,5,21
9909315,24,6,18,84,0,24,212
9907206,8,3,5,9,0,8,35
107127,3,3,0,0,0,3,9
9302289,3,3,0,0,3,0,0
9508277,7,2,5,7,0,7,26
9406237,7,3,4,7,7,0,0
9602305,3,3,0,0,1,2,9
9812481,3,2,1,1,0,3,3
7288,4,1,3,4,0,4,44
9703374,1,1,0,0,0,1,6
107214,1,1,0,0,0,1,4
9306227,4,4,0,0,4,0,0
9504333,27,4,23,115,23,4,4
9305332,17,4,13,23,17,0,0
9609380,2,2,0,0,0,2,11
6307,35,9,26,79,0,35,275
9902420,18,1,17,49,4,14,37
9712530,0,0,0,0,0,0,0
9407284,0,0,0,0,0,0,0
9506359,22,4,18,65,0,22,136
9142,2,2,0,0,0,2,7
9607204,4,1,3,5,2,2,2
9410272,11,4,7,9,4,7,12
9811371,5,5,0,0,0,5,29
9406382,35,10,25,103,35,0,0
112235,4,3,1,1,1,3,7
102253,3,1,2,2,0,3,20
9510294,6,3,3,3,0,6,15
9705254,24,6,18,53,2,22,110
9704413,1,1,0,0,1,0,0
106308,8,2,6,11,0,8,43
9912297,1,1,0,0,1,0,0
9505282,7,6,1,2,1,6,9
204145,5,2,3,3,0,5,39
9309210,5,2,3,5,5,0,0
103024,3,1,2,3,0,3,29
9204222,8,3,5,12,8,0,0
9307307,2,2,0,0,2,0,0
1310,37,7,30,113,1,36,199
110215,13,3,10,22,6,7,16
9712249,22,5,17,29,0,22,136
12289,15,3,12,33,0,15,68
201089,8,3,5,7,0,8,25
209136,5,1,4,7,1,4,4
9605386,6,6,0,0,0,6,27
9702352,2,2,0,0,0,2,8
9707399,0,0,0,0,0,0,0
9703271,5,1,4,7,3,2,4
103069,7,3,4,12,0,7,106
9307241,76,5,71,615,76,0,0
9603340,10,2,8,25,1,9,18
9502238,14,6,8,17,6,8,11
9612479,6,4,2,2,6,0,0
9610515,9,7,2,2,0,9,56
5236,9,7,2,4,0,9,51
9903220,21,4,17,55,2,19,62
9506259,1,1,0,0,1,0,0
103242,9,4,5,10,1,8,28
9810267,6,2,4,11,0,6,40
9408337,0,0,0,0,0,0,0
103087,23,6,17,47,2,21,131
9403235,4,3,1,2,4,0,0
9807503,4,1,3,6,0,4,8
9908466,9,1,8,12,0,9,30
9901442,46,5,41,129,0,46,179
9702311,1,1,0,0,0,1,1
204288,5,5,0,0,0,5,27
202074,8,1,7,16,0,8,44
202095,5,3,2,2,0,5,12
9912268,3,3,0,0,0,3,14
210058,1,1,0,0,0,1,9
209171,1,1,0,0,0,1,11
9605281,23,3,20,46,2,21,27
10087,11,4,7,22,0,11,158
9603233,9,4,5,8,6,3,6
9903370,7,5,2,2,0,7,34
9811264,4,1,3,4,1,3,5
9208220,9,2,7,13,9,0,0
9501333,11,3,8,25,0,11,28
9504387,9,2,7,15,9,0,0
9812474,4,2,2,5,3,1,1
7192,42,8,34,174,1,41,207
9207207,2,1,1,1,2,0,0
9706244,3,1,2,3,0,3,5
9807567,5,3,2,2,3,2,2
9508264,14,2,12,30,4,10,10
111245,12,3,9,23,0,12,158
9606292,2,2,0,0,0,2,18
9705445,6,3,3,5,0,6,23
9610236,3,2,1,1,1,2,6
9802364,7,2,5,11,7,0,0
9902408,10,1,9,35,1,9,37
9811307,4,2,2,2,0,4,14
9712243,1,1,0,0,0,1,8
9806231,1,1,0,0,0,1,12
9807280,1,1,0,0,0,1,1
302087,0,0,0,0,0,0,0
203254,5,2,3,4,0,5,105
7096,12,2,10,36,0,12,45
9803459,20,8,12,28,1,19,69
9909238,4,1,3,4,0,4,26
112014,4,2,2,2,0,4,10
9901363,0,0,0,0,0,0,0
9904259,2,2,0,0,0,2,9
8097,0,0,0,0,0,0,0
8107,7,5,2,4,0,7,47
9406201,1,1,0,0,1,0,0
9709318,7,5,2,2,2,5,12
9902372,14,3,11,41,1,13,18
5188,1,1,0,0,0,1,7
9706365,9,3,6,14,3,6,24
9808423,5,2,3,5,1,4,7
9801388,11,2,9,16,0,11,97
9906406,7,3,4,6,3,4,6
105192,4,2,2,3,0,4,18
9811300,2,1,1,1,0,2,10
9911503,1,1,0,0,0,1,1
9405366,7,3,4,7,0,7,41
9608488,3,3,0,0,0,3,3
9411403,1,1,0,0,0,1,5
9411247,4,2,2,2,0,4,9
9711342,5,1,4,8,0,5,28
9910389,1,1,0,0,0,1,3
9311265,7,4,3,6,5,2,2
9902255,29,6,23,63,0,29,162
9509371,7,3,4,8,0,7,41
9601316,9,2,7,18,4,5,10
9706300,5,2,3,3,1,4,12
9704285,2,2,0,0,2,0,0
9504293,7,1,6,9,7,0,0
107317,2,1,1,1,1,1,2
9512393,11,2,9,17,0,11,25
9702435,6,4,2,2,0,6,11
6165,1,1,0,0,0,1,6
9606477,24,3,21,93,8,16,35
9912210,11,3,8,21,2,9,85
9902448,4,1,3,6,0,4,6
9808236,1,1,0,0,0,1,11
204229,14,2,12,28,0,14,68
9809277,7,3,4,8,0,7,21
102022,6,3,3,5,0,6,21
101136,10,5,5,12,2,8,23
9703369,13,4,9,20,0,13,90
9501223,15,1,14,44,7,8,13
9708262,5,3,2,2,1,4,4
9504421,1,1,0,0,0,1,1
102343,13,4,9,21,0,13,96
9712266,6,1,5,12,0,6,17
9801394,3,2,1,1,1,2,4
9712505,0,0,0,0,0,0,0
104275,4,4,0,0,0,4,19
9406342,4,1,3,3,4,0,0
9910342,5,3,2,3,0,5,20
102174,6,3,3,6,0,6,73
205044,5,1,4,4,0,5,77
9704344,1,1,0,0,0,1,2
9907409,19,6,13,24,0,19,104
9506430,12,3,9,24,12,0,0
9501377,1,1,0,0,1,0,0
8245,15,5,10,24,0,15,122
9908300,4,2,2,4,0,4,13
9811508,2,1,1,1,0,2,3
9903452,2,2,0,0,0,2,3
9712496,13,2,11,22,3,10,46
9510203,1,1,0,0,1,0,0
9808475,1,1,0,0,0,1,6
9401281,4,1,3,6,4,0,0
9701372,4,2,2,2,2,2,7
9801399,10,2,8,13,1,9,45
9033,7,2,5,7,2,5,45
9608382,4,2,2,2,0,4,12
104010,8,3,5,5,0,8,25
9702260,7,4,3,5,1,6,19
9403319,3,3,0,0,0,3,3
9908522,3,2,1,1,0,3,12
205050,15,8,7,11,0,15,90
9503373,0,0,0,0,0,0,0
206034,17,3,14,35,0,17,214
10232,1,1,0,0,0,1,5
3006,5,1,4,5,0,5,7
7268,10,2,8,22,0,10,71
12292,11,2,9,13,0,11,47
9809355,4,1,3,3,0,4,6
205038,6,2,4,11,0,6,72
9612465,0,0,0,0,0,0,0
9412344,8,2,6,8,8,0,0
12232,18,3,15,35,0,18,49
9711499,8,1,7,13,0,8,50
9210214,5,2,3,6,5,0,0
9412238,4,1,3,3,4,0,0
207101,7,4,3,5,0,7,76
208035,2,1,1,1,0,2,9
9804395,0,0,0,0,0,0,0
9708423,1,1,0,0,0,1,4
9304210,3,2,1,2,3,0,0
6062,1,1,0,0,0,1,3
108067,4,2,2,3,0,4,12
9808379,12,2,10,46,0,12,40
103295,12,7,5,7,0,12,63
9412352,10,4,6,16,9,1,1
211252,1,1,0,0,0,1,11
210091,2,2,0,0,0,2,16
210324,1,1,0,0,0,1,4
9808341,3,3,0,0,0,3,32
9809520,3,2,1,1,1,2,4
9508265,19,3,16,31,4,15,31
9902279,9,5,4,9,5,4,4
9706543,3,2,1,2,1,2,2
211040,3,2,1,2,0,3,6
10288,3,2,1,1,3,0,0
110267,6,2,4,6,1,5,13
10069,4,1,3,6,4,0,0
9610330,0,0,0,0,0,0,0
9066,3,1,2,3,0,3,73
9411279,11,2,9,17,11,0,0
9810237,1,1,0,0,1,0,0
9809344,3,2,1,1,0,3,5
3196,5,2,3,5,2,3,3
210140,2,2,0,0,0,2,8
9502395,7,2,5,7,3,4,9
5050,2,2,0,0,0,2,13
9602304,3,1,2,3,0,3,15
9611383,4,2,2,3,1,3,3
9707449,4,2,2,2,0,4,36
10221,2,2,0,0,1,1,2
210258,2,1,1,1,0,2,8
9312209,6,2,4,7,6,0,0
9610413,1,1,0,0,0,1,6
111403,3,3,0,0,0,3,15
9803221,9,4,5,12,0,9,57
7347,1,1,0,0,0,1,4
3181,0,0,0,0,0,0,0
111004,1,1,0,0,0,1,32
9805212,8,4,4,5,1,7,16
9504352,5,3,2,2,5,0,0
9306277,4,4,0,0,4,0,0
4234,7,4,3,4,0,7,37
9409364,4,4,0,0,4,0,0
9511423,4,2,2,2,4,0,0
9511340,5,2,3,3,5,0,0
108226,1,1,0,0,0,1,7
9611281,2,1,1,1,0,2,6
2133,5,4,1,2,1,4,5
9908455,7,5,2,4,2,5,10
9612265,6,1,5,8,1,5,9
1057,0,0,0,0,0,0,0
9901376,17,2,15,52,2,15,41
9711326,2,1,1,1,0,2,13
9906273,5,1,4,8,0,5,17
9607462,7,3,4,5,3,4,5
202160,5,3,2,2,0,5,17
9212307,6,2,4,12,6,0,0
9408212,5,2,3,4,2,3,4
9705246,4,3,1,1,2,2,4
9310256,6,4,2,5,4,2,2
104274,1,1,0,0,0,1,6
103174,11,2,9,25,2,9,45
9710284,3,1,2,2,1,2,3
9907245,12,5,7,18,1,11,36
9911221,4,4,0,0,0,4,22
4236,2,1,1,1,0,2,6
12084,0,0,0,0,0,0,0
9905302,4,2,2,3,0,4,9
301005,0,0,0,0,0,0,0
9804320,4,2,2,2,0,4,10
211062,4,3,1,1,0,4,47
112185,1,1,0,0,0,1,7
105061,6,3,3,6,0,6,63
9912263,1,1,0,0,0,1,13
9206251,1,1,0,0,1,0,0
5056,4,1,3,4,0,4,17
202129,2,1,1,1,0,2,28
9305252,2,1,1,1,2,0,0
11364,3,1,2,3,0,3,13
9810529,5,2,3,4,0,5,14
9502345,1,1,0,0,0,1,2
10036,3,2,1,1,0,3,6
104115,4,3,1,1,1,3,10
105195,9,2,7,11,1,8,39
106174,2,2,0,0,0,2,15
110399,2,2,0,0,0,2,6
202175,1,1,0,0,0,1,4
9812238,2,2,0,0,0,2,7
9901366,0,0,0,0,0,0,0
9502413,6,3,3,3,6,0,0
9702308,2,1,1,1,1,1,2
9905450,3,1,2,2,0,3,23
9704371,1,1,0,0,0,1,9
9911502,1,1,0,0,0,1,5
9903275,4,2,2,2,1,3,14
9906408,4,2,2,3,0,4,4
9212300,1,1,0,0,1,0,0
9904235,0,0,0,0,0,0,0
9908423,5,4,1,1,0,5,20
9711425,1,1,0,0,0,1,2
201091,4,3,1,1,0,4,20
9712440,2,1,1,1,0,2,16
8135,13,5,8,12,3,10,27
9404333,7,4,3,4,1,6,15
9811430,0,0,0,0,0,0,0
9601245,1,1,0,0,0,1,1
9812338,1,1,0,0,0,1,5
212019,0,0,0,0,0,0,0
206090,1,1,0,0,0,1,1
9301206,1,1,0,0,1,0,0
9904375,1,1,0,0,0,1,2
5012,2,2,0,0,2,0,0
9609233,7,3,4,4,0,7,7
110353,3,2,1,1,0,3,26
201061,7,6,1,2,0,7,21
9708291,1,1,0,0,0,1,1
9409402,2,1,1,1,2,0,0
9910235,4,2,2,2,0,4,8
9902384,0,0,0,0,0,0,0
4067,3,2,1,1,0,3,10
9708476,1,1,0,0,1,0,0
301242,0,0,0,0,0,0,0
111317,7,3,4,5,3,4,10
9705439,7,3,4,8,2,5,5
9601300,3,2,1,1,2,1,5
9302245,2,1,1,1,2,0,0
204331,0,0,0,0,0,0,0
10309,2,1,1,1,0,2,2
9907392,0,0,0,0,0,0,0
207300,6,4,2,5,0,6,56
9509343,6,5,1,1,6,0,0
9509292,2,1,1,1,2,0,0
9809393,3,1,2,3,0,3,17
8070,4,4,0,0,0,4,34
9406265,0,0,0,0,0,0,0
9912402,5,2,3,4,0,5,21
9801295,4,2,2,2,1,3,8
9501348,3,2,1,1,2,1,1
6141,3,2,1,2,0,3,7
3298,3,1,2,3,0,3,13
9706323,2,2,0,0,0,2,14
9604310,2,2,0,0,2,0,0
9704248,5,3,2,2,5,0,0
9906356,3,1,2,3,0,3,8
103346,0,0,0,0,0,0,0
9807573,2,1,1,1,0,2,6
204321,1,1,0,0,0,1,11
9308344,1,1,0,0,1,0,0
206264,0,0,0,0,0,0,0
106192,9,2,7,15,0,9,58
102038,3,2,1,1,0,3,3
203166,12,2,10,18,0,12,150
9806209,2,2,0,0,1,1,4
9910483,9,5,4,8,0,9,38
9512307,4,4,0,0,4,0,0
9703459,1,1,0,0,0,1,4
9509364,2,2,0,0,1,1,1
11373,3,1,2,2,0,3,14
9601345,1,1,0,0,0,1,3
9512224,1,1,0,0,0,1,5
9812395,2,1,1,1,1,1,1
9807550,1,1,0,0,0,1,3
9611302,3,2,1,1,3,0,0
9906463,2,1,1,1,0,2,18
9703441,6,1,5,6,2,4,5
110280,2,1,1,1,0,2,6
9908528,11,3,8,21,0,11,89
9909470,3,1,2,3,0,3,10
12120,6,3,3,8,1,5,12
9509261,7,1,6,14,2,5,5
8215,2,1,1,1,2,0,0
9908473,9,2,7,29,5,4,9
9707384,8,2,6,13,8,0,0
203090,6,1,5,10,0,6,23
9707270,8,3,5,9,0,8,23
9505364,3,2,1,1,0,3,3
104011,1,1,0,0,0,1,3
9406383,7,1,6,11,7,0,0
101109,2,1,1,1,2,0,0
107036,2,2,0,0,0,2,10
9908445,1,1,0,0,1,0,0
9804364,4,3,1,3,4,0,0
7333,5,3,2,2,0,5,26
9412217,3,1,2,2,3,0,0
101340,4,3,1,2,0,4,34
9806321,2,2,0,0,0,2,4
11091,5,1,4,6,0,5,19
9507278,2,2,0,0,2,0,0
208257,1,1,0,0,0,1,5
9909568,1,1,0,0,0,1,6
9064,0,0,0,0,0,0,0
9706398,7,2,5,8,7,0,0
9805499,4,2,2,2,0,4,25
9910333,7,5,2,2,4,3,5
9705415,0,0,0,0,0,0,0
9911536,0,0,0,0,0,0,0
9711316,5,4,1,1,2,3,8
9909323,1,1,0,0,1,0,0
9704432,3,1,2,2,0,3,4
111362,5,4,1,1,0,5,135
9308317,6,2,4,5,6,0,0
204136,5,3,2,2,0,5,32
112058,1,1,0,0,0,1,3
204058,3,2,1,1,0,3,21
201246,1,1,0,0,0,1,5
109226,1,1,0,0,1,0,0
9512382,1,1,0,0,0,1,2
9706257,1,1,0,0,1,0,0
9808263,6,1,5,10,0,6,23
9507415,4,2,2,2,0,4,10
110142,5,3,2,2,0,5,36
9403267,2,2,0,0,0,2,2
9606249,3,1,2,2,3,0,0
210195,2,1,1,1,0,2,16
204138,0,0,0,0,0,0,0
112195,1,1,0,0,0,1,3
111337,1,1,0,0,0,1,5
108083,0,0,0,0,0,0,0
9199,1,1,0,0,0,1,7
6315,1,1,0,0,0,1,10
9911267,1,1,0,0,0,1,1
7175,2,1,1,1,2,0,0
9502416,5,4,1,2,5,0,0
210102,1,1,0,0,0,1,3
9507275,7,7,0,0,6,1,2
211375,1,1,0,0,0,1,6
201294,6,3,3,5,0,6,35
9907316,2,2,0,0,0,2,12
9609306,4,4,0,0,1,3,5
9710540,2,2,0,0,0,2,7
6358,2,2,0,0,0,2,6
9809314,1,1,0,0,0,1,3
3135,3,1,2,2,0,3,11
110148,4,2,2,2,0,4,8
104236,6,3,3,7,0,6,74
203201,4,3,1,1,0,4,25
9406365,3,3,0,0,2,1,1
9705457,2,2,0,0,0,2,6
9606331,0,0,0,0,0,0,0
9609271,1,1,0,0,1,0,0
111343,1,1,0,0,0,1,1
204313,0,0,0,0,0,0,0
206099,6,2,4,5,0,6,31
9710484,4,2,2,2,2,2,2
9906494,0,0,0,0,0,0,0
9801237,0,0,0,0,0,0,0
9711274,0,0,0,0,0,0,0
205340,5,2,3,4,1,4,34
205149,2,2,0,0,1,1,3
9907445,3,3,0,0,0,3,8
1084,2,2,0,0,0,2,12
9512270,1,1,0,0,1,0,0
210183,1,1,0,0,0,1,7
9609241,1,1,0,0,0,1,3
5139,4,1,3,3,0,4,29
210053,1,1,0,0,0,1,4
9901353,0,0,0,0,0,0,0
9809387,1,1,0,0,0,1,3
111344,2,2,0,0,0,2,13
101211,4,2,2,2,2,2,2
301158,0,0,0,0,0,0,0
7049,1,1,0,0,0,1,2
2121,0,0,0,0,0,0,0
9501326,0,0,0,0,0,0,0
208222,0,0,0,0,0,0,0
9307205,3,1,2,2,3,0,0
205313,1,1,0,0,1,0,0
9808335,1,1,0,0,0,1,1
209073,9,6,3,3,0,9,50
12290,2,2,0,0,0,2,2
9308236,9,7,2,3,9,0,0
9804289,0,0,0,0,0,0,0
104098,1,1,0,0,0,1,11
9801335,1,1,0,0,0,1,5
204075,0,0,0,0,0,0,0
5272,0,0,0,0,0,0,0
9107,2,2,0,0,0,2,31
9811222,2,2,0,0,0,2,5
6299,3,1,2,2,0,3,15
202208,2,2,0,0,0,2,21
9808497,2,1,1,1,0,2,32
8311,1,1,0,0,0,1,1
206199,2,2,0,0,0,2,13
9609221,1,1,0,0,0,1,2
9710246,1,1,0,0,0,1,3
209122,0,0,0,0,0,0,0
9701270,1,1,0,0,0,1,1
9604282,2,2,0,0,0,2,11
9711447,1,1,0,0,1,0,0
9305333,3,3,0,0,3,0,0
9805213,2,2,0,0,0,2,9
9711335,4,3,1,2,1,3,8
9901338,1,1,0,0,0,1,3
7167,2,1,1,1,2,0,0
211390,1,1,0,0,0,1,4
9812247,1,1,0,0,0,1,6
8305,2,1,1,1,0,2,4
211059,2,2,0,0,0,2,13
9703222,2,2,0,0,1,1,1
9205224,0,0,0,0,0,0,0
210205,6,5,1,1,0,6,89
212351,1,1,0,0,0,1,2
9407355,1,1,0,0,1,0,0
109049,2,1,1,1,1,1,1
9502381,2,2,0,0,2,0,0
9608264,0,0,0,0,0,0,0
9812297,0,0,0,0,0,0,0
9612246,0,0,0,0,0,0,0
9602278,1,1,0,0,1,0,0
203119,6,4,2,4,0,6,28
302260,0,0,0,0,0,0,0
105296,0,0,0,0,0,0,0
9507384,2,1,1,1,1,1,2
9309265,3,1,2,2,3,0,0
209041,0,0,0,0,0,0,0
211051,0,0,0,0,0,0,0
9207260,1,1,0,0,1,0,0
9806418,1,1,0,0,1,0,0
207168,2,1,1,1,1,1,4
9406322,1,1,0,0,0,1,2
5157,1,1,0,0,0,1,3
208262,1,1,0,0,0,1,10
7097,2,1,1,1,0,2,4
9810340,6,1,5,9,0,6,75
207322,0,0,0,0,0,0,0
9707391,0,0,0,0,0,0,0
9906332,0,0,0,0,0,0,0
9408237,1,1,0,0,1,0,0
211404,2,1,1,1,0,2,59
112157,5,2,3,3,0,5,23
9902253,0,0,0,0,0,0,0
5079,1,1,0,0,0,1,1
301068,0,0,0,0,0,0,0
9612271,0,0,0,0,0,0,0
9811321,5,3,2,3,0,5,35
9310302,3,1,2,2,3,0,0
207022,2,2,0,0,0,2,4
9705426,0,0,0,0,0,0,0
1179,1,1,0,0,1,0,0
9712536,0,0,0,0,0,0,0
9908361,2,2,0,0,2,0,0
7131,1,1,0,0,0,1,4
9808315,1,1,0,0,0,1,2
9511425,0,0,0,0,0,0,0
9711269,0,0,0,0,0,0,0
9410211,3,3,0,0,0,3,3
9806478,1,1,0,0,0,1,2
9611360,1,1,0,0,0,1,1
9506234,0,0,0,0,0,0,0
9603275,1,1,0,0,0,1,3
9908481,4,4,0,0,0,4,20
112180,3,1,2,2,0,3,19
111155,1,1,0,0,0,1,22
2248,0,0,0,0,0,0,0
106197,0,0,0,0,0,0,0
9805310,0,0,0,0,0,0,0
9407327,2,2,0,0,2,0,0
9810264,0,0,0,0,0,0,0
9208,2,2,0,0,2,0,0
9205208,1,1,0,0,1,0,0
11178,2,1,1,1,0,2,4
110351,0,0,0,0,0,0,0
302188,0,0,0,0,0,0,0
9405251,0,0,0,0,0,0,0
204017,2,1,1,1,0,2,9
9911423,2,1,1,1,0,2,2
9812294,1,1,0,0,0,1,2
210429,1,1,0,0,0,1,14
9503391,0,0,0,0,0,0,0
9712513,1,1,0,0,0,1,3
302207,0,0,0,0,0,0,0
9503265,0,0,0,0,0,0,0
201022,0,0,0,0,0,0,0
302104,2,2,0,0,0,2,13
201014,1,1,0,0,0,1,16
201199,1,1,0,0,0,1,7
9803302,0,0,0,0,0,0,0
210119,0,0,0,0,0,0,0
9501278,1,1,0,0,1,0,0
101274,0,0,0,0,0,0,0
301031,0,0,0,0,0,0,0
9242,1,1,0,0,1,0,0
201208,0,0,0,0,0,0,0
203125,0,0,0,0,0,0,0
207119,0,0,0,0,0,0,0
9306258,0,0,0,0,0,0,0
8224,1,1,0,0,1,0,0
9707486,1,1,0,0,0,1,3
9701207,2,2,0,0,0,2,4
9712485,1,1,0,0,0,1,2
301208,0,0,0,0,0,0,0
210310,1,1,0,0,0,1,10
211112,0,0,0,0,0,0,0
9606209,1,1,0,0,0,1,2
9809569,0,0,0,0,0,0,0
9606228,0,0,0,0,0,0,0
209009,0,0,0,0,0,0,0
201109,0,0,0,0,0,0,0
9712419,0,0,0,0,0,0,0
302036,0,0,0,0,0,0,0
302160,0,0,0,0,0,0,0
9309259,1,1,0,0,1,0,0
9811322,0,0,0,0,0,0,0
9910443,1,1,0,0,0,1,1
9904506,0,0,0,0,0,0,0
9701312,1,1,0,0,1,0,0
9711511,0,0,0,0,0,0,0
208213,0,0,0,0,0,0,0
9902414,2,1,1,1,1,1,3
8247,1,1,0,0,0,1,13
9707261,0,0,0,0,0,0,0
9410239,1,1,0,0,1,0,0
201177,1,1,0,0,0,1,1
7098,3,2,1,1,0,3,10
208013,0,0,0,0,0,0,0
206123,0,0,0,0,0,0,0
207069,3,2,1,1,0,3,6
212249,0,0,0,0,0,0,0
9708297,0,0,0,0,0,0,0
11256,1,1,0,0,1,0,0
3232,1,1,0,0,0,1,13
211077,0,0,0,0,0,0,0
9904255,1,1,0,0,0,1,1
9907375,0,0,0,0,0,0,0
204082,0,0,0,0,0,0,0
102282,1,1,0,0,1,0,0
302190,0,0,0,0,0,0,0
9802425,1,1,0,0,0,1,3
6236,1,1,0,0,0,1,1
211311,0,0,0,0,0,0,0
9128,1,1,0,0,0,1,6
9710435,0,0,0,0,0,0,0
301094,1,1,0,0,0,1,9
108259,2,2,0,0,0,2,4
204110,0,0,0,0,0,0,0
9711379,1,1,0,0,1,0,0
205346,0,0,0,0,0,0,0
9806247,0,0,0,0,0,0,0
5091,1,1,0,0,0,1,4
211428,1,1,0,0,0,1,4
9701318,0,0,0,0,0,0,0
207063,0,0,0,0,0,0,0
9804373,1,1,0,0,0,1,5
6055,0,0,0,0,0,0,0
208110,1,1,0,0,0,1,4
10324,1,1,0,0,0,1,5
207178,0,0,0,0,0,0,0
206274,0,0,0,0,0,0,0
9705373,1,1,0,0,1,0,0
12338,1,1,0,0,1,0,0
205257,1,1,0,0,0,1,4
208246,0,0,0,0,0,0,0
9307288,0,0,0,0,0,0,0
111062,0,0,0,0,0,0,0
8026,1,1,0,0,1,0,0
107051,1,1,0,0,1,0,0
209367,0,0,0,0,0,0,0
8148,0,0,0,0,0,0,0
11362,3,3,0,0,0,3,5
9905514,0,0,0,0,0,0,0
209024,1,1,0,0,0,1,5
204096,0,0,0,0,0,0,0
9307346,1,1,0,0,1,0,0
208254,1,1,0,0,0,1,1
9805333,0,0,0,0,0,0,0
9912300,0,0,0,0,0,0,0
108056,0,0,0,0,0,0,0
203146,0,0,0,0,0,0,0
9412211,0,0,0,0,0,0,0
9806456,0,0,0,0,0,0,0
10313,0,0,0,0,0,0,0
106302,0,0,0,0,0,0,0
3023,0,0,0,0,0,0,0
9198,1,1,0,0,0,1,3
9811499,1,1,0,0,0,1,4
9511368,0,0,0,0,0,0,0
206146,0,0,0,0,0,0,0
302080,0,0,0,0,0,0,0
104257,0,0,0,0,0,0,0
101296,0,0,0,0,0,0,0
1067,0,0,0,0,0,0,0
9811305,1,1,0,0,0,1,1
211343,0,0,0,0,0,0,0
12239,0,0,0,0,0,0,0
301185,1,1,0,0,0,1,4
9707350,1,1,0,0,1,0,0
110018,0,0,0,0,0,0,0
9501397,1,1,0,0,0,1,1
9708278,0,0,0,0,0,0,0
9901311,0,0,0,0,0,0,0
212234,0,0,0,0,0,0,0
3192,0,0,0,0,0,0,0
111238,0,0,0,0,0,0,0
210280,0,0,0,0,0,0,0
9910418,0,0,0,0,0,0,0
11071,1,1,0,0,1,0,0
9910542,1,1,0,0,1,0,0
9706458,0,0,0,0,0,0,0
212154,0,0,0,0,0,0,0
208201,1,1,0,0,0,1,11
9306304,1,1,0,0,1,0,0
9806454,1,1,0,0,0,1,3
105303,1,1,0,0,0,1,3
210111,1,1,0,0,0,1,2
2201,0,0,0,0,0,0,0
9264,0,0,0,0,0,0,0
9812226,3,2,1,1,0,3,4
9904391,2,2,0,0,0,2,4
9909565,0,0,0,0,0,0,0
12322,0,0,0,0,0,0,0
209298,0,0,0,0,0,0,0
9207230,0,0,0,0,0,0,0
9907330,0,0,0,0,0,0,0
9909557,0,0,0,0,0,0,0
107246,0,0,0,0,0,0,0
9904217,0,0,0,0,0,0,0
9607483,0,0,0,0,0,0,0
210040,0,0,0,0,0,0,0
9609278,1,1,0,0,0,1,5
207323,1,1,0,0,0,1,1
9611306,0,0,0,0,0,0,0
106016,0,0,0,0,0,0,0
208002,0,0,0,0,0,0,0
9702271,0,0,0,0,0,0,0
9602437,0,0,0,0,0,0,0
209275,1,1,0,0,0,1,5
9410207,0,0,0,0,0,0,0
101283,1,1,0,0,1,0,0
9612395,0,0,0,0,0,0,0
9912371,0,0,0,0,0,0,0
110352,0,0,0,0,0,0,0
12104,0,0,0,0,0,0,0
9809514,1,1,0,0,0,1,2
9808472,0,0,0,0,0,0,0
9809342,0,0,0,0,0,0,0
106079,0,0,0,0,0,0,0
109229,0,0,0,0,0,0,0
211167,0,0,0,0,0,0,0
9411385,0,0,0,0,0,0,0
9711341,1,1,0,0,0,1,2
205025,1,1,0,0,0,1,1
9710558,0,0,0,0,0,0,0
9403214,0,0,0,0,0,0,0
110225,1,1,0,0,1,0,0
9707277,0,0,0,0,0,0,0
206142,0,0,0,0,0,0,0
205275,0,0,0,0,0,0,0
9302218,0,0,0,0,0,0,0
302019,0,0,0,0,0,0,0
9344,0,0,0,0,0,0,0
9602346,1,1,0,0,1,0,0
111266,0,0,0,0,0,0,0
302233,0,0,0,0,0,0,0
9505374,1,1,0,0,1,0,0
9603403,0,0,0,0,0,0,0
9609526,0,0,0,0,0,0,0
9902438,0,0,0,0,0,0,0
9910482,0,0,0,0,0,0,0
212239,0,0,0,0,0,0,0
9910288,0,0,0,0,0,0,0
210064,0,0,0,0,0,0,0
9511247,0,0,0,0,0,0,0
9703405,0,0,0,0,0,0,0
9405328,0,0,0,0,0,0,0
9909329,0,0,0,0,0,0,0
9903266,0,0,0,0,0,0,0
301246,0,0,0,0,0,0,0
7235,0,0,0,0,0,0,0
201037,0,0,0,0,0,0,0
9314,1,1,0,0,1,0,0
9704218,0,0,0,0,0,0,0
8253,0,0,0,0,0,0,0
9905553,1,1,0,0,0,1,1
106058,0,0,0,0,0,0,0
9608238,0,0,0,0,0,0,0
9801259,0,0,0,0,0,0,0
108200,0,0,0,0,0,0,0
301225,0,0,0,0,0,0,0
9806237,0,0,0,0,0,0,0
12146,0,0,0,0,0,0,0
9211227,1,1,0,0,1,0,0
211298,0,0,0,0,0,0,0
9905389,0,0,0,0,0,0,0
301222,0,0,0,0,0,0,0
9312310,0,0,0,0,0,0,0
111350,0,0,0,0,0,0,0
112031,0,0,0,0,0,0,0
205197,0,0,0,0,0,0,0
9509219,0,0,0,0,0,0,0
2119,0,0,0,0,0,0,0
204009,0,0,0,0,0,0,0
302062,0,0,0,0,0,0,0
12112,0,0,0,0,0,0,0
110135,0,0,0,0,0,0,0
9909263,0,0,0,0,0,0,0
9305246,1,1,0,0,1,0,0
9309334,0,0,0,0,0,0,0
9809241,0,0,0,0,0,0,0
104062,60,10,50,216,2,58,356
8009,24,1,23,101,3,21,85
9802433,74,4,70,596,0,74,642
9904480,10,4,6,14,0,10,60
9403341,36,5,31,119,36,0,0
203229,2,2,0,0,0,2,10
9705442,61,8,53,164,38,23,78
9401258,38,12,26,89,38,0,0
3033,14,6,8,12,0,14,147
9705388,10,2,8,31,0,10,10
210108,2,2,0,0,0,2,25
9211292,39,2,37,187,0,39,39
9608269,14,3,11,25,1,13,35
9702325,7,4,3,4,1,6,8
101083,16,5,11,31,9,7,31
9271,20,6,14,36,6,14,30
9405264,1,1,0,0,1,0,0
9402224,26,4,22,52,25,1,1
9406363,51,5,46,162,23,28,28
9607319,28,4,24,82,0,28,83
9511378,44,3,41,189,34,10,10
9512399,8,3,5,9,1,7,39
2246,20,4,16,42,11,9,12
9806328,81,17,64,398,2,79,686
9802328,12,4,8,11,4,8,15
9906244,17,10,7,10,4,13,30
9611465,12,9,3,4,4,8,24
9809596,80,6,74,572,0,80,807
9909206,6,2,4,4,0,6,33
9711400,20,4,16,65,2,18,139
9805343,28,2,26,73,0,28,40
9806490,1,1,0,0,0,1,7
9909501,20,4,16,63,7,13,45
9504287,30,4,26,116,23,7,9
9310331,16,4,12,23,16,0,0
9501361,14,5,9,20,6,8,17
9609260,4,3,1,1,2,2,4
9304241,29,3,26,159,29,0,0
9805219,16,4,12,17,1,15,15
9805386,13,5,8,17,1,12,34
9207279,90,26,64,307,90,0,0
9510246,12,7,5,5,0,12,67
9901254,49,3,46,282,1,48,187
9704257,26,1,25,122,6,20,105
109259,1,1,0,0,0,1,3
9209279,60,7,53,364,60,0,0
9706512,29,2,27,68,0,29,113
9711402,14,3,11,28,0,14,43
9805442,36,1,35,165,4,32,82
9609444,69,7,62,404,1,68,476
9705271,52,11,41,180,3,49,346
3119,27,3,24,91,0,27,318
9906497,5,2,3,5,3,2,2
5275,8,3,5,8,0,8,80
9609341,26,5,21,70,0,26,145
9605220,50,4,46,271,1,49,287
110411,6,5,1,1,0,6,51
9402348,11,2,9,29,11,0,0
9903544,35,1,34,185,3,32,65
9907549,7,3,4,8,4,3,4
1093,17,4,13,35,6,11,13
9509413,19,1,18,42,5,14,14
9807254,26,3,23,67,3,23,118
9506242,39,6,33,112,9,30,67
9812267,17,3,14,31,0,17,81
9904234,22,2,20,163,0,22,328
9203203,146,24,122,1089,146,0,0
9207227,20,5,15,64,20,0,0
9803399,11,4,7,12,2,9,9
9212308,40,2,38,202,40,0,0
9612334,7,5,2,2,0,7,23
9701294,50,3,47,435,24,26,31
9512329,23,7,16,63,14,9,10
9509348,111,6,105,1026,65,46,66
9503386,8,1,7,18,0,8,16
9303273,32,6,26,89,8,24,24
4270,7,4,3,8,1,6,13
9609468,9,3,6,9,6,3,9
9407231,2,2,0,0,1,1,5
9603276,24,3,21,76,9,15,24
9704278,2,1,1,1,0,2,3
9401246,28,7,21,76,1,27,152
9402360,84,11,73,498,13,71,213
9601321,3,2,1,1,0,3,3
9511409,10,3,7,17,0,10,220
9909350,2,1,1,1,2,0,0
9804381,1,1,0,0,0,1,7
6205,20,3,17,64,8,12,68
9403320,26,5,21,77,26,0,0
9811401,2,2,0,0,0,2,6
9408262,15,6,9,24,1,14,48
9609369,7,2,5,5,4,3,6
10294,6,5,1,1,0,6,64
9702210,25,7,18,56,14,11,24
9706274,27,6,21,78,0,27,145
9805473,23,5,18,48,2,21,52
9610433,23,6,17,37,1,22,58
9911342,17,6,11,26,0,17,57
9704258,13,2,11,25,4,9,11
6034,22,3,19,91,0,22,264
9903503,81,4,77,812,0,81,406
9204207,33,5,28,112,33,0,0
9506332,4,2,2,3,0,4,17
12294,5,4,1,1,2,3,3
107265,29,3,26,75,0,29,188
9807207,6,1,5,12,6,0,0
9603414,24,5,19,41,0,24,155
9702300,7,4,3,3,1,6,31
9905215,57,3,54,364,1,56,199
9309281,1,1,0,0,0,1,2
9704273,38,1,37,250,38,0,0
9511470,5,1,4,6,0,5,7
9801212,24,4,20,71,0,24,109
9604406,22,3,19,64,2,20,85
9612229,6,1,5,5,0,6,40
9311316,33,3,30,150,33,0,0
9807349,32,2,30,98,0,32,161
9501372,62,1,61,629,58,4,4
9712517,35,2,33,119,4,31,75
9904225,12,5,7,10,2,10,43
9806293,17,7,10,18,2,15,37
9903264,0,0,0,0,0,0,0
4220,2,2,0,0,0,2,2
9902203,5,1,4,7,2,3,4
9303205,110,8,102,1046,91,19,19
9501224,6,5,1,1,6,0,0
9410260,8,1,7,16,8,0,0
9306292,9,1,8,20,4,5,5
9512288,29,4,25,60,1,28,133
9611273,26,5,21,86,0,26,119
7328,7,1,6,12,0,7,46
9903359,4,1,3,3,0,4,24
9704358,7,2,5,15,0,7,49
111064,11,7,4,4,0,11,161
9707442,4,2,2,2,1,3,26
9908531,29,2,27,167,2,27,123
1019,47,5,42,268,2,45,251
9401262,28,4,24,85,28,0,0
9911245,31,7,24,95,1,30,294
9707336,5,1,4,6,1,4,7
9412379,21,5,16,30,1,20,39
10009,23,1,22,75,0,23,131
104085,0,0,0,0,0,0,0
9808399,4,2,2,3,1,3,3
104269,8,2,6,9,1,7,30
2190,5,4,1,1,0,5,25
9810241,17,1,16,51,1,16,24
9511272,21,6,15,35,21,0,0
5221,7,6,1,1,0,7,46
3035,10,3,7,12,0,10,63
9901299,57,3,54,332,0,57,316
6046,16,3,13,25,0,16,119
9907355,46,3,43,158,0,46,407
9710539,23,3,20,54,3,20,31
5328,29,3,26,223,0,29,164
202266,9,2,7,13,0,9,137
108033,5,4,1,1,0,5,35
204228,9,2,7,22,0,9,141
111052,11,1,10,36,0,11,32
4086,12,5,7,13,0,12,71
9704207,261,13,248,2190,2,259,1086
9512390,5,1,4,5,0,5,10
6114,9,7,2,4,0,9,44
9903475,42,3,39,365,0,42,656
3306,10,8,2,3,0,10,146
11200,7,4,3,6,0,7,47
9803259,6,3,3,4,0,6,55
106166,64,3,61,520,0,64,313
9605310,2,2,0,0,1,1,1
1128,5,1,4,7,1,4,12
9506369,5,2,3,5,5,0,0
8145,6,2,4,10,6,0,0
112034,7,3,4,8,0,7,53
9706261,22,2,20,88,0,22,123
1321,4,2,2,2,0,4,8
9711450,23,4,19,43,16,7,12
9602291,5,3,2,3,5,0,0
9812257,17,3,14,36,1,16,111
9703429,38,8,30,90,0,38,365
9701324,10,2,8,24,2,8,8
9606382,3,1,2,2,2,1,2
9702225,8,4,4,4,0,8,39
9401285,14,1,13,30,5,9,9
9704351,17,6,11,25,1,16,80
9808425,15,2,13,53,1,14,89
9302,7,1,6,12,7,0,0
8029,2,1,1,1,0,2,23
9606324,14,5,9,14,1,13,143
9406302,14,6,8,12,13,1,1
9412312,4,3,1,1,2,2,2
9805288,11,7,4,9,4,7,8
9910464,8,4,4,8,0,8,40
9909432,10,5,5,11,0,10,36
9910424,5,5,0,0,0,5,66
9904479,2,1,1,1,0,2,4
9210260,12,8,4,4,10,2,2
9706525,7,2,5,6,7,0,0
9401312,31,7,24,83,22,9,9
9801369,34,6,28,116,1,33,295
9802357,49,13,36,133,2,47,240
106156,0,0,0,0,0,0,0
9609515,8,2,6,10,0,8,52
9612270,7,1,6,13,1,6,26
9510302,2,1,1,1,1,1,1
9611249,1,1,0,0,0,1,7
9512204,8,4,4,4,3,5,9
9707300,1,1,0,0,1,0,0
9609284,7,4,3,7,0,7,47
9507398,30,5,25,64,0,30,140
9612297,8,2,6,10,0,8,38
9405400,20,7,13,31,10,10,13
9708302,6,3,3,5,3,3,8
9609417,3,1,2,2,1,2,2
9307301,33,10,23,56,12,21,41
9403245,1,1,0,0,1,0,0
9704333,72,6,66,358,34,38,62
9305201,7,5,2,4,3,4,6
9408339,39,5,34,138,15,24,59
9403288,15,1,14,62,15,0,0
9304254,10,8,2,3,2,8,13
9910262,10,2,8,15,1,9,10
9604301,27,5,22,90,5,22,77
9907372,17,2,15,59,6,11,36
9907408,20,2,18,48,20,0,0
9810468,0,0,0,0,0,0,0
9412219,15,6,9,23,5,10,10
9911526,3,1,2,2,1,2,2
9605385,25,6,19,84,1,24,145
9901406,11,8,3,4,3,8,19
2243,3,3,0,0,1,2,4
2221,5,3,2,3,0,5,18
7073,11,2,9,29,0,11,95
9412205,3,2,1,2,2,1,1
9604260,10,2,8,18,0,10,37
9612284,18,6,12,23,18,0,0
9208233,18,8,10,25,18,0,0
9501207,1,1,0,0,1,0,0
9312280,3,2,1,1,3,0,0
9807354,15,4,11,70,0,15,49
9407259,2,2,0,0,1,1,1
12179,1,1,0,0,0,1,2
9711281,11,4,7,9,5,6,8
9907229,11,3,8,19,1,10,27
11332,16,2,14,46,1,15,21
9606212,14,4,10,51,0,14,76
9909333,19,3,16,70,0,19,184
9910557,20,1,19,83,0,20,239
9501318,30,4,26,118,10,20,36
9501274,3,2,1,1,3,0,0
9509222,6,3,3,3,2,4,8
9707367,7,3,4,4,0,7,15
9610232,5,2,3,5,5,0,0
9903419,11,4,7,27,1,10,27
9412329,8,4,4,6,0,8,8
9610408,29,3,26,115,2,27,140
4208,32,8,24,93,0,32,266
9807542,1,1,0,0,1,0,0
9602366,42,8,34,125,7,35,78
6045,7,5,2,4,0,7,29
9610363,6,4,2,5,0,6,95
7012,18,4,14,44,0,18,104
3025,11,4,7,12,0,11,38
9602325,5,4,1,1,0,5,36
9303219,4,3,1,1,3,1,1
9611251,23,6,17,58,0,23,157
9911534,7,3,4,4,0,7,33
9806336,31,4,27,85,0,31,120
9410273,12,2,10,15,4,8,16
9811420,4,4,0,0,0,4,26
9508337,19,6,13,60,7,12,17
9905277,7,3,4,4,1,6,8
103259,5,2,3,3,0,5,43
9701238,23,6,17,52,1,22,45
9801432,7,2,5,10,0,7,34
9412382,17,3,14,32,14,3,3
9606312,2,2,0,0,1,1,6
9608344,5,1,4,5,0,5,9
9804317,3,2,1,1,3,0,0
9331,6,3,3,8,0,6,27
9509257,3,2,1,1,0,3,3
103300,24,7,17,79,1,23,55
9506347,13,1,12,26,8,5,7
9311348,1,1,0,0,1,0,0
4197,10,5,5,11,0,10,93
106075,2,1,1,1,0,2,7
9712321,2,2,0,0,0,2,5
104293,10,4,6,9,0,10,65
202048,7,1,6,8,0,7,106
209258,3,0,3,3,0,3,5
9405329,6,2,4,6,0,6,12
9703411,8,4,4,6,3,5,14
9507418,30,9,21,73,6,24,51
9703273,1,1,0,0,0,1,3
103072,19,3,16,65,1,18,119
9307242,61,5,56,482,61,0,0
9608297,13,1,12,35,1,12,31
9703335,10,2,8,21,1,9,17
9703224,11,2,9,21,0,11,21
9611259,4,4,0,0,0,4,62
9703401,7,1,6,18,0,7,7
9910445,2,1,1,1,0,2,17
9501290,1,1,0,0,0,1,4
107082,10,5,5,8,6,4,4
9810499,17,3,14,43,0,17,148
9209203,22,7,15,65,22,0,0
105302,24,2,22,71,0,24,105
9407342,5,4,1,2,0,5,7
9805377,3,1,2,2,0,3,4
1096,1,1,0,0,0,1,2
9906418,8,3,5,6,1,7,43
9806365,3,2,1,1,0,3,3
205349,15,6,9,20,0,15,88
202086,11,4,7,11,0,11,114
203138,5,1,4,7,0,5,22
9607201,28,4,24,108,5,23,37
9701336,12,4,8,16,3,9,19
2072,27,3,24,128,11,16,43
9705311,15,6,9,24,1,14,23
108005,27,4,23,80,0,27,100
5249,6,3,3,4,1,5,25
9906226,3,2,1,1,0,3,5
9906476,2,2,0,0,0,2,23
9308201,5,4,1,1,0,5,22
9504237,10,2,8,15,1,9,31
9806489,9,6,3,7,3,6,6
204060,3,3,0,0,0,3,18
101042,21,3,18,68,0,21,231
107299,5,2,3,5,0,5,41
9411300,7,6,1,2,2,5,15
9709419,9,4,5,11,9,0,0
9609308,5,2,3,3,2,3,6
12370,1,1,0,0,0,1,11
9611434,6,3,3,4,0,6,13
9802421,7,4,3,4,0,7,50
9612355,4,3,1,2,0,4,17
9911535,14,5,9,18,7,7,23
9902452,16,3,13,47,1,15,85
9806207,4,1,3,4,3,1,1
9306244,15,6,9,24,1,14,24
9806537,16,2,14,53,0,16,132
9709448,2,2,0,0,1,1,4
4182,1,1,0,0,1,0,0
4056,31,2,29,235,0,31,89
101213,3,2,1,1,0,3,35
9607342,4,3,1,1,2,2,2
9909318,13,2,11,18,0,13,100
9908276,24,6,18,54,0,24,74
9604394,1,1,0,0,1,0,0
9807569,4,1,3,3,0,4,7
9610464,6,3,3,5,0,6,40
9704223,16,4,12,28,0,16,16
9811226,2,2,0,0,0,2,6
9704450,4,2,2,3,0,4,18
9610304,18,4,14,75,9,9,9
5227,3,3,0,0,1,2,9
9808247,14,4,10,31,1,13,51
9801376,3,3,0,0,0,3,25
9806267,17,6,11,35,0,17,145
3030,8,1,7,13,0,8,51
203047,3,2,1,1,0,3,11
9802441,27,5,22,88,1,26,111
9507394,6,3,3,6,2,4,4
9604337,12,1,11,26,8,4,25
9503280,17,8,9,15,17,0,0
211065,0,0,0,0,0,0,0
9905505,8,4,4,7,1,7,15
9509407,3,1,2,3,0,3,7
8319,3,2,1,1,0,3,20
9407367,1,1,0,0,0,1,2
9508239,23,9,14,54,2,21,45
9510453,8,3,5,8,0,8,63
9310336,9,1,8,23,9,0,0
9603393,5,1,4,5,5,0,0
9703245,4,2,2,3,4,0,0
9508259,28,2,26,80,28,0,0
110335,1,1,0,0,0,1,3
9603450,16,1,15,41,0,16,33
9812355,6,2,4,7,0,6,17
1288,4,1,3,3,1,3,5
9801323,2,1,1,1,0,2,3
5075,11,5,6,22,0,11,44
9907553,8,4,4,5,0,8,41
9803261,11,2,9,20,2,9,12
206152,15,7,8,20,0,15,64
9611278,0,0,0,0,0,0,0
104033,2,2,0,0,0,2,17
9407282,9,1,8,27,8,1,1
9704339,18,2,16,60,0,18,121
9902464,2,1,1,1,0,2,9
9510346,5,2,3,4,5,0,0
9403380,2,2,0,0,0,2,2
103217,20,3,17,54,0,20,224
9712463,7,2,5,16,0,7,41
9705405,5,3,2,3,1,4,18
9604345,3,3,0,0,0,3,18
9804301,7,2,5,8,0,7,11
9309282,2,2,0,0,2,0,0
9806419,8,3,5,6,7,1,1
103215,9,1,8,20,0,9,68
205302,1,1,0,0,0,1,14
3176,1,1,0,0,0,1,1
9903397,4,1,3,4,0,4,8
9302315,10,1,9,24,10,0,0
9501378,1,1,0,0,0,1,1
8258,10,2,8,16,0,10,66
9908396,4,3,1,1,0,4,20
9411340,6,3,3,3,6,0,0
9703413,1,1,0,0,0,1,3
9803312,6,2,4,7,1,5,8
9605233,3,3,0,0,0,3,8
9605208,1,1,0,0,1,0,0
9603348,8,2,6,8,0,8,20
205148,4,1,3,4,0,4,32
9804239,12,8,4,4,0,12,46
102163,7,2,5,16,0,7,48
103046,1,1,0,0,0,1,10
106330,3,2,1,1,0,3,15
9703221,26,7,19,50,1,25,102
9305251,22,8,14,29,22,0,0
9911486,1,1,0,0,0,1,1
205116,1,1,0,0,0,1,5
9411355,3,3,0,0,3,0,0
206038,12,2,10,22,0,12,125
7361,0,0,0,0,0,0,0
7223,25,10,15,39,2,23,103
9607222,10,1,9,29,0,10,80
104071,8,5,3,3,0,8,41
9301231,8,6,2,3,2,6,6
205131,7,2,5,12,0,7,30
9407336,16,2,14,48,16,0,0
9702365,2,1,1,1,0,2,3
5152,17,2,15,45,13,4,4
9805229,11,4,7,12,0,11,65
9405393,4,1,3,5,0,4,19
9407236,2,1,1,1,2,0,0
209188,3,2,1,1,0,3,8
9708209,5,1,4,6,0,5,10
9402251,9,1,8,14,9,0,0
9808242,14,4,10,28,1,13,61
9309314,3,1,2,2,3,0,0
12250,4,1,3,6,0,4,25
6239,3,3,0,0,3,0,0
9809253,8,3,5,10,1,7,15
106162,3,1,2,2,0,3,22
9504244,5,2,3,8,0,5,5
206118,1,1,0,0,0,1,4
108144,9,4,5,10,0,9,34
107089,4,3,1,1,4,0,0
9903333,6,3,3,4,0,6,80
9912224,3,3,0,0,0,3,28
9908295,14,6,8,12,0,14,89
9801345,6,3,3,5,6,0,0
9712514,4,3,1,2,1,3,6
201233,5,2,3,5,5,0,0
10352,5,1,4,9,0,5,32
202098,5,2,3,6,0,5,16
10141,3,1,2,3,0,3,7
9512397,1,1,0,0,1,0,0
206009,4,4,0,0,0,4,24
9412231,10,2,8,15,10,0,0
9302308,2,1,1,1,2,0,0
107073,2,2,0,0,0,2,12
2192,4,1,3,6,4,0,0
210192,6,4,2,2,0,6,47
9611369,11,3,8,12,2,9,10
12030,17,3,14,44,1,16,115
9610456,10,3,7,16,1,9,60
9705451,6,3,3,4,3,3,6
9806424,13,6,7,15,0,13,117
209021,1,1,0,0,0,1,3
9905278,0,0,0,0,0,0,0
2237,8,3,5,10,0,8,47
9406247,0,0,0,0,0,0,0
9508205,3,2,1,2,3,0,0
9812261,8,3,5,7,0,8,63
11275,9,4,5,12,0,9,67
9807287,2,1,1,1,0,2,11
2061,10,5,5,6,0,10,29
9602273,6,3,3,3,1,5,20
9802262,8,3,5,10,1,7,30
12277,1,1,0,0,0,1,2
8301,5,2,3,4,0,5,61
9412337,1,1,0,0,0,1,1
9805459,2,2,0,0,0,2,2
9606318,3,1,2,2,3,0,0
209306,1,1,0,0,0,1,26
9705272,1,1,0,0,0,1,10
9908526,8,2,6,14,6,2,2
3133,0,0,0,0,0,0,0
9702264,1,1,0,0,1,0,0
9805456,1,1,0,0,1,0,0
9810465,2,1,1,1,0,2,3
9804302,2,2,0,0,0,2,3
112264,0,0,0,0,0,0,0
9704212,8,4,4,6,2,6,10
112069,0,0,0,0,0,0,0
9402258,4,1,3,3,1,3,8
9904431,6,2,4,6,6,0,0
9209246,4,1,3,5,3,1,1
9407333,1,1,0,0,0,1,1
12090,2,2,0,0,0,2,3
104237,4,1,3,4,4,0,0
9710289,16,1,15,60,1,15,83
9902349,0,0,0,0,0,0,0
9905348,8,4,4,9,0,8,31
9611250,3,2,1,1,3,0,0
9508287,1,1,0,0,1,0,0
9304220,4,2,2,3,4,0,0
9601252,5,1,4,6,5,0,0
9706376,3,1,2,2,0,3,6
301042,0,0,0,0,0,0,0
6200,13,2,11,20,12,1,2
9603441,7,5,2,3,0,7,39
12364,5,5,0,0,1,4,22
9707286,12,2,10,36,12,0,0
6104,5,2,3,7,0,5,56
204100,4,3,1,1,0,4,49
9604216,5,4,1,1,0,5,18
9903214,6,3,3,6,1,5,5
204274,0,0,0,0,0,0,0
9312289,1,1,0,0,1,0,0
9608241,6,3,3,5,0,6,32
9403284,1,1,0,0,1,0,0
110221,7,2,5,5,0,7,56
9055,0,0,0,0,0,0,0
9909531,9,1,8,22,6,3,4
9504267,1,1,0,0,1,0,0
7149,4,4,0,0,4,0,0
9407242,2,2,0,0,1,1,2
9702246,1,1,0,0,0,1,2
9504343,2,1,1,1,2,0,0
9707405,3,2,1,1,0,3,5
9710538,8,2,6,11,0,8,43
9701234,7,1,6,12,0,7,25
105028,4,2,2,2,1,3,13
9909220,1,1,0,0,0,1,1
205047,1,1,0,0,0,1,8
9411394,2,2,0,0,2,0,0
9707356,6,3,3,4,0,6,15
9804426,2,2,0,0,2,0,0
12225,5,4,1,1,0,5,24
9903469,1,1,0,0,0,1,1
9905241,5,4,1,2,1,4,5
206168,0,0,0,0,0,0,0
9804258,4,2,2,3,2,2,8
9609270,2,1,1,1,1,1,1
9709480,0,0,0,0,0,0,0
107062,2,2,0,0,0,2,9
202078,3,2,1,1,0,3,3
9404310,1,1,0,0,1,0,0
9905263,2,2,0,0,0,2,16
102184,6,3,3,3,1,5,18
9705207,4,3,1,1,0,4,7
210075,1,1,0,0,0,1,2
10063,2,1,1,1,0,2,20
9212220,1,1,0,0,1,0,0
9506412,4,1,3,4,4,0,0
11148,1,1,0,0,0,1,5
9505325,1,1,0,0,1,0,0
9309241,4,1,3,3,0,4,16
5060,5,3,2,2,0,5,11
203124,2,2,0,0,0,2,4
204118,2,1,1,1,0,2,3
11111,1,1,0,0,0,1,7
9706362,4,4,0,0,0,4,43
9409414,0,0,0,0,0,0,0
108014,6,3,3,4,2,4,11
9606457,3,2,1,1,3,0,0
206209,1,1,0,0,0,1,4
210209,1,1,0,0,0,1,12
9509344,13,8,5,7,13,0,0
9710507,0,0,0,0,0,0,0
9811259,7,1,6,14,0,7,42
9909536,4,3,1,2,1,3,16
9307250,9,3,6,11,9,0,0
6227,2,2,0,0,1,1,4
9606440,4,3,1,2,0,4,13
9403261,5,4,1,1,5,0,0
102245,5,1,4,5,0,5,12
103130,3,2,1,1,0,3,11
9710355,2,1,1,1,0,2,16
110191,0,0,0,0,0,0,0
9705303,1,1,0,0,0,1,4
9707517,5,2,3,6,0,5,9
8139,4,2,2,3,1,3,9
9510255,1,1,0,0,0,1,1
3026,1,1,0,0,0,1,2
301176,0,0,0,0,0,0,0
9511308,1,1,0,0,1,0,0
106115,10,1,9,25,0,10,108
12025,0,0,0,0,0,0,0
209340,2,2,0,0,0,2,17
9903204,5,2,3,7,0,5,5
9311359,0,0,0,0,0,0,0
9701411,0,0,0,0,0,0,0
9706477,1,1,0,0,0,1,1
9812393,5,3,2,2,0,5,9
103038,0,0,0,0,0,0,0
9210224,2,2,0,0,2,0,0
8306,4,2,2,3,0,4,11
9906282,2,2,0,0,1,1,2
9812376,1,1,0,0,0,1,1
9709478,1,1,0,0,0,1,4
9148,1,1,0,0,0,1,3
9906253,10,2,8,21,4,6,19
208233,0,0,0,0,0,0,0
110059,1,1,0,0,1,0,0
9711299,5,4,1,1,5,0,0
12278,13,9,4,8,0,13,83
9812441,3,2,1,2,0,3,14
9207210,1,1,0,0,1,0,0
9910379,8,1,7,21,2,6,14
9904239,1,1,0,0,0,1,6
203094,1,1,0,0,0,1,1
9710231,0,0,0,0,0,0,0
9505371,3,2,1,1,3,0,0
11271,3,1,2,2,0,3,12
9508279,7,2,5,8,1,6,6
102055,2,1,1,1,0,2,2
110087,1,1,0,0,0,1,14
207037,2,1,1,1,0,2,8
9910402,1,1,0,0,0,1,3
9901249,0,0,0,0,0,0,0
9601268,5,4,1,1,4,1,1
7321,1,1,0,0,0,1,6
9801358,1,1,0,0,0,1,1
9510347,2,2,0,0,1,1,1
106037,1,1,0,0,0,1,8
211063,1,1,0,0,0,1,7
9806520,1,1,0,0,0,1,9
6215,2,2,0,0,1,1,5
9801206,4,2,2,3,0,4,9
9809571,4,1,3,4,0,4,19
4041,2,1,1,1,0,2,4
9801227,0,0,0,0,0,0,0
9908335,1,1,0,0,1,0,0
302274,0,0,0,0,0,0,0
9910284,7,6,1,1,5,2,3
9704440,3,1,2,2,0,3,4
204028,12,2,10,21,0,12,188
9707332,4,1,3,4,3,1,1
111013,2,1,1,1,2,0,0
104309,3,3,0,0,0,3,23
211419,0,0,0,0,0,0,0
111338,3,3,0,0,0,3,32
103334,0,0,0,0,0,0,0
9212250,12,5,7,8,12,0,0
9412284,0,0,0,0,0,0,0
9811438,5,2,3,6,0,5,39
9806297,0,0,0,0,0,0,0
110161,2,2,0,0,0,2,18
8025,2,1,1,1,1,1,1
9702419,2,1,1,1,2,0,0
210331,4,3,1,1,0,4,20
11347,0,0,0,0,0,0,0
9610239,0,0,0,0,0,0,0
208055,1,1,0,0,0,1,5
9609229,7,5,2,2,7,0,0
101245,3,2,1,1,0,3,22
209267,0,0,0,0,0,0,0
9902431,5,4,1,3,4,1,1
9911204,1,1,0,0,0,1,4
9505441,6,5,1,1,6,0,0
104240,0,0,0,0,0,0,0
9311282,5,1,4,6,3,2,2
212240,1,1,0,0,0,1,9
202231,7,2,5,10,0,7,36
201118,0,0,0,0,0,0,0
9703230,0,0,0,0,0,0,0
9710327,5,4,1,1,0,5,38
9707494,0,0,0,0,0,0,0
204322,0,0,0,0,0,0,0
9075,2,2,0,0,0,2,10
9408334,0,0,0,0,0,0,0
112055,2,1,1,1,0,2,4
204150,1,1,0,0,0,1,4
9301292,5,4,1,2,5,0,0
9509391,1,1,0,0,1,0,0
9909358,0,0,0,0,0,0,0
206126,1,1,0,0,0,1,3
112225,2,1,1,1,0,2,9
9408403,2,2,0,0,2,0,0
205344,1,1,0,0,0,1,1
9811234,3,2,1,1,3,0,0
9809323,0,0,0,0,0,0,0
9706380,1,1,0,0,1,0,0
9311365,1,1,0,0,1,0,0
211421,2,1,1,1,0,2,10
5023,1,1,0,0,1,0,0
9703378,6,2,4,8,1,5,5
9812461,3,1,2,2,0,3,9
112347,0,0,0,0,0,0,0
208088,6,2,4,6,0,6,74
212367,1,1,0,0,0,1,2
9811342,4,3,1,1,1,3,3
202258,6,1,5,12,0,6,43
9410327,1,1,0,0,0,1,1
12257,2,1,1,1,0,2,6
202277,5,3,2,3,0,5,15
101293,2,2,0,0,1,1,1
207085,1,1,0,0,0,1,4
9911310,2,1,1,1,0,2,15
9801340,0,0,0,0,0,0,0
102025,1,1,0,0,0,1,1
11068,1,1,0,0,0,1,1
9710343,1,1,0,0,0,1,1
204069,2,2,0,0,0,2,6
205212,1,1,0,0,0,1,4
12211,1,1,0,0,0,1,2
9605292,1,1,0,0,1,0,0
301026,0,0,0,0,0,0,0
9908242,1,1,0,0,0,1,6
301231,2,2,0,0,2,0,0
9512291,0,0,0,0,0,0,0
9603444,2,2,0,0,2,0,0
9904453,0,0,0,0,0,0,0
9605321,2,1,1,1,2,0,0
9703366,1,1,0,0,1,0,0
9805388,0,0,0,0,0,0,0
109173,8,2,6,13,0,8,76
9407257,0,0,0,0,0,0,0
9705385,1,1,0,0,0,1,2
209106,0,0,0,0,0,0,0
9402319,1,1,0,0,1,0,0
9409357,2,2,0,0,2,0,0
208117,1,1,0,0,0,1,5
212229,1,1,0,0,0,1,6
111370,0,0,0,0,0,0,0
8037,1,1,0,0,0,1,4
9709488,1,1,0,0,0,1,5
9506307,1,1,0,0,0,1,13
9401230,1,1,0,0,1,0,0
111146,1,1,0,0,0,1,2
209373,1,1,0,0,0,1,2
3200,0,0,0,0,0,0,0
4055,0,0,0,0,0,0,0
204305,1,1,0,0,0,1,4
211346,1,1,0,0,0,1,3
9410315,2,1,1,1,2,0,0
9204213,4,2,2,2,4,0,0
210034,7,2,5,6,1,6,19
210430,1,1,0,0,0,1,4
9811372,1,1,0,0,0,1,2
9512377,5,2,3,3,5,0,0
9504416,0,0,0,0,0,0,0
9910410,2,1,1,1,0,2,22
210333,0,0,0,0,0,0,0
9412321,2,2,0,0,2,0,0
9602348,0,0,0,0,0,0,0
204237,0,0,0,0,0,0,0
209230,1,1,0,0,0,1,4
107158,0,0,0,0,0,0,0
210223,0,0,0,0,0,0,0
9708331,0,0,0,0,0,0,0
111031,0,0,0,0,0,0,0
202017,1,1,0,0,0,1,1
102334,1,1,0,0,0,1,1
9802369,1,1,0,0,1,0,0
209061,2,2,0,0,0,2,8
209259,1,1,0,0,0,1,3
207299,1,1,0,0,0,1,9
106179,1,1,0,0,0,1,9
101078,2,2,0,0,0,2,3
9811285,5,2,3,4,0,5,67
9507466,3,3,0,0,2,1,3
9605248,1,1,0,0,1,0,0
9603221,3,3,0,0,2,1,4
9812401,0,0,0,0,0,0,0
207373,3,2,1,1,0,3,24
201194,1,1,0,0,0,1,1
9801301,3,3,0,0,0,3,4
9812390,1,1,0,0,1,0,0
9506247,0,0,0,0,0,0,0
9603418,1,1,0,0,1,0,0
9912273,1,1,0,0,0,1,1
9904242,3,2,1,1,0,3,8
101247,2,2,0,0,2,0,0
207159,0,0,0,0,0,0,0
9310288,3,3,0,0,3,0,0
9712408,1,1,0,0,0,1,8
9603437,0,0,0,0,0,0,0
9311244,1,1,0,0,0,1,2
10219,0,0,0,0,0,0,0
9410257,2,2,0,0,2,0,0
9504400,0,0,0,0,0,0,0
9505386,2,2,0,0,2,0,0
9910305,4,1,3,5,3,1,1
9512436,4,3,1,2,4,0,0
9912247,0,0,0,0,0,0,0
6302,0,0,0,0,0,0,0
9807508,0,0,0,0,0,0,0
203144,2,2,0,0,0,2,11
111003,0,0,0,0,0,0,0
9508371,0,0,0,0,0,0,0
104003,0,0,0,0,0,0,0
9805325,1,1,0,0,0,1,7
211402,0,0,0,0,0,0,0
102107,0,0,0,0,0,0,0
9411343,0,0,0,0,0,0,0
9409267,1,1,0,0,1,0,0
9808273,1,1,0,0,0,1,7
102127,0,0,0,0,0,0,0
112023,1,1,0,0,0,1,19
9612371,0,0,0,0,0,0,0
208004,1,1,0,0,0,1,4
9912393,4,2,2,3,0,4,14
9805379,0,0,0,0,0,0,0
207362,0,0,0,0,0,0,0
101153,0,0,0,0,0,0,0
2274,0,0,0,0,0,0,0
9903216,2,1,1,1,0,2,2
12276,1,1,0,0,0,1,5
7138,0,0,0,0,0,0,0
9601340,0,0,0,0,0,0,0
105115,2,1,1,1,0,2,9
9606343,2,2,0,0,1,1,2
9708381,0,0,0,0,0,0,0
301077,0,0,0,0,0,0,0
9610554,0,0,0,0,0,0,0
109098,0,0,0,0,0,0,0
109024,1,1,0,0,0,1,2
9507320,0,0,0,0,0,0,0
103349,1,1,0,0,1,0,0
203048,0,0,0,0,0,0,0
9911515,1,1,0,0,1,0,0
9205201,4,4,0,0,4,0,0
104252,0,0,0,0,0,0,0
9707422,2,2,0,0,0,2,7
9704407,1,1,0,0,0,1,1
9909270,1,1,0,0,0,1,3
111272,0,0,0,0,0,0,0
208237,1,1,0,0,0,1,15
5048,1,1,0,0,0,1,1
112012,1,1,0,0,1,0,0
205231,0,0,0,0,0,0,0
9606376,0,0,0,0,0,0,0
210347,0,0,0,0,0,0,0
9508223,0,0,0,0,0,0,0
9802377,1,1,0,0,0,1,1
301038,0,0,0,0,0,0,0
210418,0,0,0,0,0,0,0
9912286,0,0,0,0,0,0,0
9605369,1,1,0,0,0,1,2
9804466,0,0,0,0,0,0,0
207265,0,0,0,0,0,0,0
9907451,1,1,0,0,0,1,1
9912272,0,0,0,0,0,0,0
9903231,0,0,0,0,0,0,0
9905484,1,1,0,0,0,1,1
104140,0,0,0,0,0,0,0
105098,0,0,0,0,0,0,0
9506244,0,0,0,0,0,0,0
211186,1,1,0,0,0,1,10
110417,1,1,0,0,0,1,9
8199,1,1,0,0,1,0,0
9502212,0,0,0,0,0,0,0
9802255,0,0,0,0,0,0,0
207359,2,2,0,0,1,1,1
207148,0,0,0,0,0,0,0
9702203,1,1,0,0,1,0,0
9803207,0,0,0,0,0,0,0
9504370,0,0,0,0,0,0,0
9807208,0,0,0,0,0,0,0
9712335,0,0,0,0,0,0,0
9905476,0,0,0,0,0,0,0
9711389,1,1,0,0,1,0,0
10186,1,1,0,0,1,0,0
210408,1,1,0,0,0,1,10
9812425,0,0,0,0,0,0,0
204215,0,0,0,0,0,0,0
10035,0,0,0,0,0,0,0
204041,0,0,0,0,0,0,0
205318,1,1,0,0,0,1,6
4126,1,1,0,0,0,1,2
9809339,0,0,0,0,0,0,0
9706492,0,0,0,0,0,0,0
9908279,0,0,0,0,0,0,0
6320,0,0,0,0,0,0,0
9604377,0,0,0,0,0,0,0
211335,0,0,0,0,0,0,0
9505365,0,0,0,0,0,0,0
105223,0,0,0,0,0,0,0
11075,2,1,1,1,0,2,2
212252,1,1,0,0,0,1,5
112131,3,2,1,1,1,2,11
2085,2,1,1,1,2,0,0
205196,0,0,0,0,0,0,0
103171,4,3,1,1,0,4,10
9812367,0,0,0,0,0,0,0
9706405,1,1,0,0,1,0,0
212356,0,0,0,0,0,0,0
9809414,0,0,0,0,0,0,0
207289,0,0,0,0,0,0,0
9903314,1,1,0,0,1,0,0
9606432,1,1,0,0,1,0,0
9807429,0,0,0,0,0,0,0
9712208,0,0,0,0,0,0,0
9602217,0,0,0,0,0,0,0
9912310,4,1,3,3,1,3,5
10226,0,0,0,0,0,0,0
201046,1,1,0,0,0,1,2
210440,0,0,0,0,0,0,0
9910439,0,0,0,0,0,0,0
9807409,2,1,1,1,0,2,9
110076,0,0,0,0,0,0,0
9901361,0,0,0,0,0,0,0
211097,0,0,0,0,0,0,0
204057,0,0,0,0,0,0,0
9611377,0,0,0,0,0,0,0
9805504,1,1,0,0,0,1,7
112122,0,0,0,0,0,0,0
105060,0,0,0,0,0,0,0
111470,0,0,0,0,0,0,0
203043,1,1,0,0,0,1,1
9511442,0,0,0,0,0,0,0
9705459,0,0,0,0,0,0,0
8118,1,1,0,0,0,1,1
3190,2,2,0,0,1,1,4
104032,1,1,0,0,0,1,5
9612486,0,0,0,0,0,0,0
9908206,1,1,0,0,1,0,0
101238,0,0,0,0,0,0,0
204252,0,0,0,0,0,0,0
302244,0,0,0,0,0,0,0
9906458,0,0,0,0,0,0,0
9710306,0,0,0,0,0,0,0
9712529,0,0,0,0,0,0,0
9810541,0,0,0,0,0,0,0
209053,1,1,0,0,0,1,2
9505367,1,1,0,0,1,0,0
105076,1,1,0,0,0,1,7
9609372,4,1,3,5,4,0,0
9807534,1,1,0,0,1,0,0
9803461,1,1,0,0,0,1,3
9408227,1,1,0,0,1,0,0
105310,0,0,0,0,0,0,0
206236,1,1,0,0,0,1,1
3147,0,0,0,0,0,0,0
207034,0,0,0,0,0,0,0
209128,0,0,0,0,0,0,0
208074,1,1,0,0,0,1,1
9909492,0,0,0,0,0,0,0
110336,0,0,0,0,0,0,0
9906228,0,0,0,0,0,0,0
9912337,0,0,0,0,0,0,0
2251,1,1,0,0,1,0,0
107235,0,0,0,0,0,0,0
302114,0,0,0,0,0,0,0
208207,0,0,0,0,0,0,0
211280,0,0,0,0,0,0,0
109022,0,0,0,0,0,0,0
9706429,0,0,0,0,0,0,0
9809391,1,1,0,0,1,0,0
9168,0,0,0,0,0,0,0
211151,0,0,0,0,0,0,0
103266,0,0,0,0,0,0,0
104286,0,0,0,0,0,0,0
9402290,0,0,0,0,0,0,0
9605341,0,0,0,0,0,0,0
9211241,1,1,0,0,1,0,0
204177,0,0,0,0,0,0,0
7153,0,0,0,0,0,0,0
202067,0,0,0,0,0,0,0
9904508,0,0,0,0,0,0,0
207132,0,0,0,0,0,0,0
211140,0,0,0,0,0,0,0
107033,0,0,0,0,0,0,0
10023,1,1,0,0,0,1,2
104156,0,0,0,0,0,0,0
301147,0,0,0,0,0,0,0
105074,0,0,0,0,0,0,0
202022,0,0,0,0,0,0,0
210248,0,0,0,0,0,0,0
212034,0,0,0,0,0,0,0
207354,0,0,0,0,0,0,0
9904392,0,0,0,0,0,0,0
202057,0,0,0,0,0,0,0
107321,1,1,0,0,0,1,2
210274,0,0,0,0,0,0,0
301239,0,0,0,0,0,0,0
9807471,0,0,0,0,0,0,0
112262,0,0,0,0,0,0,0
6282,0,0,0,0,0,0,0
110234,0,0,0,0,0,0,0
205005,0,0,0,0,0,0,0
202267,0,0,0,0,0,0,0
9507272,0,0,0,0,0,0,0
211304,0,0,0,0,0,0,0
11010,1,1,0,0,1,0,0
9502240,0,0,0,0,0,0,0
9612474,0,0,0,0,0,0,0
9811521,0,0,0,0,0,0,0
9304,0,0,0,0,0,0,0
302152,0,0,0,0,0,0,0
9608397,0,0,0,0,0,0,0
112193,1,1,0,0,0,1,2
9906388,0,0,0,0,0,0,0
207309,0,0,0,0,0,0,0
9612381,0,0,0,0,0,0,0
12093,0,0,0,0,0,0,0
9411420,0,0,0,0,0,0,0
9709294,0,0,0,0,0,0,0
9708338,0,0,0,0,0,0,0
302028,0,0,0,0,0,0,0
9809274,0,0,0,0,0,0,0
9710475,0,0,0,0,0,0,0
211240,0,0,0,0,0,0,0
209132,0,0,0,0,0,0,0
111216,1,1,0,0,1,0,0
9507392,0,0,0,0,0,0,0
9905544,0,0,0,0,0,0,0
211447,0,0,0,0,0,0,0
9806300,0,0,0,0,0,0,0
110120,1,1,0,0,0,1,7
9511439,1,1,0,0,1,0,0
207019,0,0,0,0,0,0,0
112215,0,0,0,0,0,0,0
9803499,0,0,0,0,0,0,0
9809581,0,0,0,0,0,0,0
9305,0,0,0,0,0,0,0
9811424,0,0,0,0,0,0,0
9709370,0,0,0,0,0,0,0
301141,0,0,0,0,0,0,0
110204,0,0,0,0,0,0,0
9706312,0,0,0,0,0,0,0
109020,1,1,0,0,1,0,0
301249,0,0,0,0,0,0,0
9601232,0,0,0,0,0,0,0
9904264,0,0,0,0,0,0,0
204336,0,0,0,0,0,0,0
206048,0,0,0,0,0,0,0
9609406,0,0,0,0,0,0,0
4131,0,0,0,0,0,0,0
106091,0,0,0,0,0,0,0
212030,0,0,0,0,0,0,0
9508385,0,0,0,0,0,0,0
302214,0,0,0,0,0,0,0
203218,0,0,0,0,0,0,0
104110,95,18,77,306,1,94,908
8018,21,2,19,72,0,21,63
9804363,125,15,110,635,8,117,563
9907300,6,3,3,6,1,5,10
9407406,16,4,12,23,16,0,0
204087,11,2,9,14,4,7,20
9805244,22,4,18,65,2,20,96
9504378,81,9,72,426,18,63,148
2305,2,1,1,1,2,0,0
9705398,34,7,27,140,4,30,129
9512355,20,4,16,37,20,0,0
9305232,34,4,30,93,2,32,32
9610446,9,4,5,11,0,9,37
9704229,5,5,0,0,1,4,11
9210242,39,10,29,108,39,0,0
10338,63,16,47,169,6,57,615
9405265,1,1,0,0,1,0,0
9403373,4,1,3,4,4,0,0
9409303,10,4,6,10,10,0,0
9611334,2,1,1,1,1,1,1
9601306,34,1,33,153,34,0,0
9412367,44,3,41,173,1,43,71
3184,50,6,44,256,2,48,494
9806375,14,3,11,33,0,14,89
9806440,47,1,46,372,27,20,26
9911524,60,5,55,283,0,60,460
3058,62,19,43,126,2,60,584
9811252,43,2,41,229,4,39,79
9909249,14,4,10,19,0,14,265
9212278,64,3,61,365,64,0,0
9806218,24,6,18,40,1,23,47
9807484,1,1,0,0,0,1,9
9910428,34,6,28,117,0,34,262
9602295,12,2,10,41,8,4,4
9601243,63,9,54,240,1,62,359
9505318,2,2,0,0,2,0,0
9511331,10,5,5,5,7,3,4
9305290,22,2,20,87,22,0,0
9809381,21,2,19,61,0,21,58
9703261,5,2,3,5,0,5,7
9306205,76,22,54,171,16,60,108
9203220,39,4,35,135,39,0,0
9901260,29,6,23,74,0,29,184
9706510,6,3,3,4,0,6,13
110022,10,8,2,2,0,10,75
9404281,61,5,56,416,25,36,59
9707354,76,7,69,297,2,74,317
9801326,34,1,33,189,9,25,78
9910396,17,3,14,50,1,16,70
9609529,55,1,54,368,1,54,353
9705306,2,1,1,1,0,2,9
7080,4,3,1,1,0,4,52
9406262,41,8,33,146,24,17,21
6068,11,5,6,13,0,11,129
9703213,20,3,17,28,2,18,39
9605221,43,2,41,229,4,39,102
9409443,24,6,18,94,16,8,9
9603244,27,2,25,127,5,22,39
9905464,40,1,39,175,0,40,104
9909455,7,3,4,5,1,6,6
9905462,5,3,2,3,5,0,0
9610345,61,4,57,311,6,55,130
9902208,15,5,10,14,2,13,27
9506248,43,6,37,119,10,33,95
9604378,7,2,5,8,1,6,9
9904267,86,6,80,437,0,86,583
9204228,43,8,35,208,43,0,0
9308234,4,3,1,1,1,3,14
9806512,4,2,2,2,1,3,9
9302280,72,9,63,533,72,0,0
9601392,7,2,5,14,4,3,3
9702218,10,5,5,9,1,9,15
9607290,28,8,20,83,12,16,17
9703314,10,5,5,5,2,8,27
9609365,12,4,8,20,2,10,24
9503354,4,3,1,2,4,0,0
9904274,5,1,4,6,1,4,9
9706339,33,1,32,182,5,28,105
9407362,5,4,1,1,2,3,9
9611333,18,5,13,44,3,15,46
9803385,1,1,0,0,0,1,3
9403249,52,7,45,154,10,42,60
9405246,21,4,17,62,5,16,47
9603287,7,3,4,6,0,7,8
9512395,5,2,3,4,0,5,24
9501388,11,4,7,14,2,9,47
9404248,39,5,34,128,32,7,7
10083,11,3,8,31,0,11,11
9509313,32,7,25,75,1,31,75
9904418,2,1,1,1,0,2,15
9501229,11,2,9,24,4,7,7
9609481,60,2,58,419,29,31,31
9612347,5,4,1,1,0,5,14
9704398,18,6,12,23,4,14,20
9804425,31,2,29,72,0,31,156
9703354,17,2,15,51,0,17,110
9610498,25,5,20,90,0,25,81
9912251,43,2,41,381,2,41,101
9706206,26,5,21,99,1,25,120
8208,53,5,48,293,1,52,602
9905448,31,2,29,190,0,31,214
9206230,30,9,21,74,30,0,0
9811227,30,3,27,153,0,30,134
9506309,5,2,3,4,4,1,1
108178,13,1,12,22,4,9,41
9807570,11,3,8,20,6,5,5
9605365,4,1,3,4,0,4,15
9612463,24,7,17,58,2,22,58
9205202,15,6,9,15,15,0,0
9310215,7,2,5,12,0,7,7
1122,22,3,19,75,0,22,42
9605445,13,2,11,25,0,13,34
9806213,21,3,18,47,0,21,137
9609374,14,8,6,14,0,14,72
9612389,21,7,14,29,4,17,85
9506291,6,1,5,11,6,0,0
9807480,41,2,39,247,2,39,144
9510365,59,1,58,561,0,59,116
9802440,95,9,86,766,4,91,440
9812239,12,4,8,13,6,6,10
9412213,13,6,7,8,13,0,0
9310361,4,2,2,2,2,2,2
9909204,4,1,3,3,4,0,0
9902243,8,2,6,10,0,8,23
9405241,85,1,84,695,29,56,117
9906300,4,4,0,0,0,4,32
9812399,6,2,4,6,4,2,4
9506311,14,2,12,29,14,0,0
9602323,29,4,25,82,20,9,9
9702333,19,2,17,51,0,19,46
9504373,22,5,17,50,0,22,29
9602385,29,4,25,95,24,5,5
9208221,31,3,28,157,31,0,0
112113,20,4,16,48,0,20,296
4169,27,5,22,76,7,20,86
206271,0,0,0,0,0,0,0
1203,12,4,8,14,12,0,0
9610224,20,5,15,38,2,18,63
202076,15,3,12,28,0,15,202
9806236,70,4,66,670,1,69,180
9501298,23,14,9,15,1,22,76
11306,21,4,17,39,3,18,64
103062,14,3,11,24,8,6,9
9903277,6,6,0,0,1,5,16
9607239,36,9,27,122,33,3,3
7236,2,2,0,0,0,2,6
9705240,18,1,17,75,1,17,17
9605264,56,4,52,185,24,32,74
10344,3,2,1,1,0,3,16
9508403,14,3,11,27,8,6,8
9902310,47,5,42,290,0,47,488
8151,8,6,2,4,0,8,62
205194,0,0,0,0,0,0,0
9807462,93,9,84,770,3,90,329
7032,27,1,26,148,0,27,149
206067,19,3,16,37,0,19,398
111160,7,1,6,11,0,7,131
106219,69,1,68,891,69,0,0
111069,19,1,18,101,0,19,136
4128,7,2,5,10,0,7,30
9705264,36,3,33,145,0,36,90
9512428,14,1,13,30,14,0,0
11014,48,26,22,37,2,46,63
9903538,27,2,25,245,0,27,317
8158,7,3,4,6,0,7,91
12031,2,2,0,0,0,2,10
9806430,15,3,12,34,0,15,57
107039,51,5,46,330,2,49,336
9606310,23,3,20,77,0,23,125
4083,10,1,9,16,3,7,27
9606418,3,2,1,1,0,3,15
102319,7,1,6,11,3,4,5
9904249,13,1,12,33,0,13,83
9812209,20,6,14,58,8,12,21
9511324,6,3,3,6,0,6,14
9801433,6,3,3,4,4,2,2
9605363,8,1,7,12,2,6,6
9609350,3,2,1,2,0,3,11
9706541,5,3,2,3,0,5,45
9702385,1,1,0,0,0,1,16
9703428,3,1,2,2,1,2,3
9701242,8,3,5,6,0,8,18
9402287,2,2,0,0,1,1,1
302003,35,9,26,87,35,0,0
9705239,0,0,0,0,0,0,0
101311,8,3,5,9,2,6,6
9144,10,3,7,14,2,8,61
9608449,7,4,3,5,0,7,36
9603318,16,4,12,22,2,14,23
9511271,3,2,1,1,3,0,0
9903459,12,2,10,23,5,7,12
9604295,25,3,22,137,5,20,20
1053,1,1,0,0,0,1,1
1286,33,11,22,53,1,32,373
3032,19,3,16,64,0,19,277
9609360,15,5,10,14,9,6,6
9709487,2,2,0,0,1,1,4
9402209,26,8,18,52,16,10,10
9807298,6,2,4,5,0,6,23
9803229,20,2,18,69,0,20,77
9409212,24,8,16,34,3,21,63
9610214,4,1,3,5,0,4,24
9709496,4,1,3,5,2,2,5
9603402,2,2,0,0,1,1,1
9501305,0,0,0,0,0,0,0
9512244,10,5,5,15,0,10,39
9807297,25,11,14,29,1,24,47
9701361,9,3,6,8,0,9,61
9510208,5,2,3,4,0,5,39
9706330,1,1,0,0,0,1,6
9501311,14,7,7,16,6,8,13
9709424,16,5,11,30,16,0,0
9610269,22,3,19,84,1,21,107
9308266,25,12,13,30,3,22,70
9708241,4,4,0,0,1,3,9
9705290,40,4,36,143,1,39,210
9306296,19,9,10,35,7,12,15
9410281,49,7,42,175,7,42,176
9509294,15,4,11,67,0,15,21
9206227,11,8,3,5,11,0,0
9304290,9,5,4,6,9,0,0
9508357,5,2,3,6,5,0,0
9907423,40,4,36,180,12,28,55
9907450,7,2,5,5,0,7,7
9712281,2,2,0,0,2,0,0
9501411,2,2,0,0,2,0,0
9412319,30,4,26,163,1,29,151
9607451,9,2,7,22,0,9,40
9809209,4,3,1,1,1,3,35
5248,19,10,9,13,1,18,51
5220,4,2,2,3,1,3,3
8103,5,4,1,1,0,5,25
9601386,1,1,0,0,0,1,1
9604266,17,3,14,50,0,17,49
9612287,19,6,13,25,19,0,0
9212279,12,2,10,25,9,3,3
9511295,7,3,4,8,4,3,3
9403395,5,2,3,5,4,1,1
9807375,15,4,11,56,1,14,41
9505322,11,7,4,10,11,0,0
6232,12,4,8,22,0,12,34
9810534,9,3,6,9,0,9,38
9907436,31,3,28,119,1,30,148
5082,3,1,2,2,1,2,4
9608214,8,1,7,16,0,8,29
9909345,2,1,1,1,0,2,3
9507263,12,1,11,31,2,10,16
9501357,43,9,34,96,1,42,134
9507436,13,3,10,24,13,0,0
9510280,4,1,3,4,1,3,5
9706326,6,1,5,8,2,4,4
9703444,15,1,14,34,8,7,7
9809525,13,3,10,28,0,13,56
9511357,6,2,4,6,2,4,12
9712245,12,5,7,13,0,12,86
8155,9,6,3,5,1,8,28
9911455,1,1,0,0,0,1,2
9709215,15,7,8,28,1,14,61
8034,5,2,3,4,1,4,6
9612298,3,1,2,2,0,3,21
7245,4,4,0,0,0,4,33
110003,1,1,0,0,0,1,1
9705237,1,1,0,0,0,1,4
9205222,2,1,1,1,2,0,0
9702214,1,1,0,0,0,1,5
9404353,3,2,1,1,3,0,0
9211239,11,2,9,21,11,0,0
9704328,0,0,0,0,0,0,0
9806525,3,1,2,2,0,3,3
9601351,4,2,2,3,0,4,9
9204206,4,3,1,1,4,0,0
106135,13,3,10,27,0,13,191
9703244,2,2,0,0,0,2,4
9812357,17,7,10,20,1,16,108
9607261,0,0,0,0,0,0,0
9902341,30,3,27,117,1,29,214
9804202,14,9,5,6,0,14,71
9311378,1,1,0,0,0,1,2
8074,9,1,8,13,0,9,9
9608309,3,2,1,1,2,1,2
8016,12,5,7,15,0,12,75
9509238,13,4,9,16,0,13,26
9305297,2,2,0,0,2,0,0
5064,13,4,9,24,0,13,96
107197,9,3,6,11,1,8,11
9501379,22,3,19,63,1,21,36
104312,11,2,9,22,0,11,87
202058,12,5,7,11,1,11,94
211318,1,1,0,0,0,1,3
9512398,5,1,4,7,0,5,18
9603372,10,3,7,16,0,10,29
9611253,33,7,26,98,3,30,72
112260,10,6,4,4,0,10,29
103083,6,1,5,14,0,6,131
9307243,46,5,41,293,46,0,0
9505229,0,0,0,0,0,0,0
9901329,7,5,2,2,3,4,7
9709316,5,2,3,6,0,5,14
9401255,31,12,19,66,3,28,28
108115,5,4,1,1,0,5,21
9905403,8,4,4,7,0,8,52
9403393,1,1,0,0,0,1,1
201008,22,2,20,65,15,7,8
9901326,3,1,2,3,0,3,29
9209240,18,6,12,46,18,0,0
106067,36,5,31,74,0,36,190
9408390,27,3,24,83,10,17,20
9308211,2,1,1,1,1,1,1
9907350,5,3,2,2,1,4,7
9911207,22,6,16,43,0,22,83
9601372,0,0,0,0,0,0,0
206174,16,2,14,54,1,15,129
203209,6,3,3,8,0,6,20
204194,15,2,13,52,0,15,82
9501269,35,2,33,163,35,0,0
109126,2,1,1,1,0,2,11
6005,18,2,16,71,0,18,47
9812423,16,7,9,17,1,15,42
12046,8,3,5,9,0,8,23
203192,0,0,0,0,0,0,0
9912494,4,2,2,4,0,4,45
9911283,3,2,1,1,1,2,6
9411268,1,1,0,0,0,1,2
9504238,12,2,10,16,2,10,21
9711456,0,0,0,0,0,0,0
2182,5,3,2,2,0,5,25
102009,46,4,42,237,0,46,666
7112,25,8,17,51,3,22,122
9709354,23,5,18,49,3,20,57
9309217,8,4,4,10,8,0,0
9501405,38,9,29,77,11,27,38
110138,7,4,3,10,0,7,97
9612237,17,2,15,42,1,16,114
9806253,21,13,8,17,0,21,177
9704310,1,1,0,0,0,1,3
203034,8,1,7,14,0,8,58
9907500,6,1,5,9,0,6,23
9708280,3,2,1,1,3,0,0
9401291,19,7,12,23,3,16,35
106346,9,5,4,6,0,9,82
9805393,1,1,0,0,0,1,3
5222,4,3,1,1,0,4,16
5316,32,2,30,229,0,32,106
103335,16,2,14,74,0,16,195
9602432,6,4,2,2,5,1,1
9912315,7,4,3,6,0,7,20
9908450,5,2,3,5,5,0,0
9702292,1,1,0,0,1,0,0
9902339,10,2,8,29,0,10,27
9803348,2,2,0,0,1,1,2
9705222,9,6,3,3,1,8,53
9509408,7,3,4,8,1,6,18
9509430,3,3,0,0,1,2,3
9806364,1,1,0,0,1,0,0
6091,3,1,2,3,0,3,13
9908463,7,3,4,12,1,6,10
9802446,2,1,1,1,0,2,4
9901420,7,3,4,5,0,7,19
9912410,6,3,3,7,0,6,27
9911232,4,1,3,5,4,0,0
9807390,13,3,10,18,1,12,136
110256,3,3,0,0,0,3,15
9604429,11,1,10,21,2,9,9
9307225,3,3,0,0,3,0,0
110129,2,1,1,1,1,1,3
9808462,5,3,2,4,1,4,8
9601320,3,1,2,3,0,3,11
101297,13,4,9,18,0,13,70
9512311,6,4,2,2,3,3,3
9806369,4,2,2,3,4,0,0
9603449,16,8,8,18,1,15,99
9401282,7,1,6,12,0,7,7
9705210,0,0,0,0,0,0,0
9605331,1,1,0,0,1,0,0
9512427,23,1,22,54,7,16,18
110355,1,1,0,0,0,1,4
9802386,3,2,1,1,0,3,36
111054,0,0,0,0,0,0,0
2276,4,2,2,2,0,4,13
9601230,13,1,12,35,0,13,22
9612272,6,3,3,4,2,4,6
9912304,1,1,0,0,0,1,3
9510312,8,1,7,13,1,7,17
209239,2,1,1,1,0,2,7
9510291,1,1,0,0,1,0,0
108009,8,1,7,16,1,7,17
6257,12,1,11,20,0,12,50
9803481,4,4,0,0,2,2,5
9406242,2,2,0,0,2,0,0
9507285,1,1,0,0,1,0,0
9511241,1,1,0,0,0,1,3
110213,9,2,7,10,0,9,119
9802393,4,1,3,4,0,4,28
9801395,1,1,0,0,0,1,2
9709255,1,1,0,0,0,1,9
301003,0,0,0,0,0,0,0
9904329,2,2,0,0,0,2,18
9403293,4,3,1,1,4,0,0
108225,9,2,7,17,0,9,88
206066,4,4,0,0,0,4,51
9407314,19,10,9,14,7,12,12
9501254,7,4,3,4,7,0,0
9505239,8,1,7,10,1,7,18
9703431,0,0,0,0,0,0,0
8263,4,2,2,5,0,4,38
9908525,6,1,5,9,0,6,42
9404224,0,0,0,0,0,0,0
9510225,1,1,0,0,1,0,0
9804281,11,3,8,14,1,10,22
9602201,5,3,2,2,0,5,11
9706343,5,3,2,2,0,5,20
9604235,5,1,4,4,0,5,13
1028,7,1,6,7,0,7,58
9805435,3,1,2,2,1,2,3
103008,7,2,5,11,0,7,60
9507291,0,0,0,0,0,0,0
107301,2,2,0,0,0,2,8
9707483,1,1,0,0,0,1,2
9712404,0,0,0,0,0,0,0
101162,3,1,2,2,1,2,2
9811268,6,2,4,7,0,6,11
9301264,1,1,0,0,1,0,0
207080,15,7,8,19,0,15,140
3289,8,4,4,6,2,6,11
104097,13,6,7,15,3,10,24
9902484,20,3,17,65,1,19,154
105234,7,2,5,7,5,2,2
9703412,2,1,1,1,0,2,6
209017,0,0,0,0,0,0,0
107227,6,2,4,5,1,5,18
201129,1,1,0,0,0,1,4
7182,20,2,18,64,1,19,24
9908409,7,5,2,2,0,7,24
9408394,3,1,2,2,0,3,5
9904434,1,1,0,0,0,1,6
210291,4,4,0,0,0,4,48
206133,1,1,0,0,0,1,8
9609496,11,4,7,10,3,8,8
9809589,3,1,2,2,0,3,14
9310231,2,1,1,1,0,2,2
9609321,13,5,8,18,4,9,14
9910208,1,1,0,0,1,0,0
9709490,4,3,1,1,3,1,4
106319,18,3,15,39,1,17,181
9601247,3,1,2,2,0,3,6
207006,1,1,0,0,0,1,3
208256,3,2,1,1,0,3,23
102081,14,4,10,27,1,13,172
9801235,5,4,1,2,0,5,24
9909378,1,1,0,0,0,1,10
9805274,7,4,3,5,0,7,33
9811217,2,2,0,0,0,2,2
9901367,4,4,0,0,4,0,0
211039,2,1,1,1,0,2,5
5049,17,2,15,31,0,17,154
103271,9,2,7,20,0,9,49
106033,2,1,1,1,0,2,6
9607480,0,0,0,0,0,0,0
9910296,5,3,2,3,0,5,70
203053,2,2,0,0,0,2,15
9704454,3,1,2,2,3,0,0
102003,4,2,2,2,1,3,5
9809380,1,1,0,0,0,1,3
211300,4,4,0,0,0,4,39
107313,8,1,7,23,0,8,8
103018,3,2,1,1,0,3,18
9701277,6,2,4,9,0,6,56
9708279,2,1,1,1,2,0,0
9809362,4,1,3,3,0,4,31
206071,13,4,9,30,0,13,77
11370,1,1,0,0,0,1,2
9712318,11,4,7,13,1,10,23
9211284,16,6,10,24,16,0,0
9610487,1,1,0,0,1,0,0
9812388,2,1,1,1,0,2,4
9409231,1,1,0,0,0,1,2
9805338,6,3,3,4,0,6,37
9706313,5,3,2,3,1,4,4
9702349,8,3,5,6,2,6,21
9711254,2,2,0,0,1,1,2
9801454,1,1,0,0,0,1,5
9279,1,1,0,0,0,1,8
9510447,0,0,0,0,0,0,0
1256,4,2,2,2,1,3,23
9702355,0,0,0,0,0,0,0
201121,5,1,4,7,0,5,24
9709250,4,2,2,2,0,4,9
9909442,3,2,1,1,0,3,5
9604290,3,2,1,1,0,3,19
9609310,1,1,0,0,0,1,2
9503286,1,1,0,0,0,1,1
9804443,1,1,0,0,0,1,5
9808201,0,0,0,0,0,0,0
2266,5,1,4,7,5,0,0
9708232,4,3,1,1,1,3,7
205101,0,0,0,0,0,0,0
9311226,0,0,0,0,0,0,0
9706392,1,1,0,0,0,1,9
9509263,8,2,6,13,4,4,4
9412331,1,1,0,0,0,1,1
9710212,2,2,0,0,0,2,12
105146,3,3,0,0,0,3,16
9711363,20,2,18,66,2,18,66
9502406,2,2,0,0,2,0,0
9701247,6,3,3,5,6,0,0
9808392,4,2,2,3,0,4,7
9710411,0,0,0,0,0,0,0
9809404,1,1,0,0,0,1,2
9610328,4,3,1,2,0,4,6
9207274,1,1,0,0,1,0,0
102129,1,1,0,0,1,0,0
12102,9,4,5,8,0,9,10
9507257,2,1,1,1,2,0,0
202101,2,2,0,0,0,2,26
9711398,13,1,12,33,4,9,11
110180,2,1,1,1,0,2,47
206122,7,4,3,6,0,7,61
103342,2,2,0,0,0,2,9
111210,0,0,0,0,0,0,0
1189,5,4,1,1,0,5,7
9408209,1,1,0,0,1,0,0
9710238,4,1,3,4,0,4,17
9306257,2,2,0,0,2,0,0
9305238,5,1,4,8,5,0,0
1180,1,1,0,0,0,1,8
9911533,8,2,6,14,0,8,11
9504262,0,0,0,0,0,0,0
9804444,2,2,0,0,2,0,0
112245,5,2,3,5,0,5,22
9704451,1,1,0,0,0,1,2
9610494,6,2,4,7,4,2,3
9905208,1,1,0,0,0,1,3
9804280,1,1,0,0,0,1,8
9802226,3,2,1,1,0,3,9
2207,2,2,0,0,0,2,14
9710420,2,1,1,1,1,1,1
102099,3,1,2,3,0,3,6
301218,0,0,0,0,0,0,0
9805345,4,1,3,4,0,4,9
9408277,1,1,0,0,1,0,0
108179,6,3,3,4,1,5,26
9804375,7,4,3,8,5,2,2
9905260,2,2,0,0,0,2,9
9205212,6,6,0,0,6,0,0
9810485,0,0,0,0,0,0,0
9212317,1,1,0,0,1,0,0
9811338,0,0,0,0,0,0,0
205030,1,1,0,0,0,1,1
9612241,4,1,3,3,4,0,0
9103,0,0,0,0,0,0,0
9506411,2,2,0,0,0,2,14
4160,1,1,0,0,0,1,6
9802353,1,1,0,0,0,1,2
1233,14,6,8,11,1,13,53
9901217,0,0,0,0,0,0,0
212110,1,1,0,0,0,1,2
9906401,8,2,6,11,0,8,25
8132,3,2,1,2,0,3,12
9709476,1,1,0,0,0,1,2
9408297,2,1,1,1,2,0,0
9910215,4,4,0,0,0,4,24
8312,4,2,2,2,4,0,0
3110,1,1,0,0,0,1,5
7238,3,1,2,3,0,3,12
108163,1,1,0,0,0,1,10
7194,0,0,0,0,0,0,0
109281,2,1,1,1,1,1,1
9610497,1,1,0,0,0,1,2
1164,2,2,0,0,0,2,4
212026,2,1,1,1,0,2,20
210042,0,0,0,0,0,0,0
9501342,1,1,0,0,1,0,0
9606451,3,1,2,2,0,3,6
101212,4,4,0,0,0,4,87
3263,0,0,0,0,0,0,0
101022,7,2,5,7,2,5,9
9610384,5,3,2,2,0,5,5
9803311,2,1,1,1,0,2,7
101318,5,1,4,6,0,5,11
107171,4,3,1,1,1,3,15
112303,8,3,5,6,2,6,7
10337,3,2,1,1,1,2,2
302238,0,0,0,0,0,0,0
9909242,3,1,2,3,0,3,7
12361,1,1,0,0,0,1,2
212373,0,0,0,0,0,0,0
9903366,1,1,0,0,0,1,11
9612438,4,3,1,1,0,4,8
9905394,5,3,2,2,2,3,6
112353,0,0,0,0,0,0,0
9908244,6,4,2,4,0,6,20
9324,5,2,3,6,0,5,121
9607429,3,2,1,1,1,2,2
201029,0,0,0,0,0,0,0
4081,1,1,0,0,0,1,4
9809399,1,1,0,0,0,1,6
9604289,6,2,4,5,6,0,0
209183,0,0,0,0,0,0,0
9409299,3,3,0,0,3,0,0
7232,4,3,1,1,0,4,43
9509340,1,1,0,0,0,1,1
103102,8,3,5,11,0,8,45
9708254,0,0,0,0,0,0,0
2062,3,2,1,2,0,3,6
2024,13,6,7,10,3,10,18
4225,6,3,3,4,1,5,6
5164,5,5,0,0,0,5,17
9909322,3,2,1,1,3,0,0
101024,4,1,3,4,0,4,12
9706250,1,1,0,0,0,1,2
9309285,4,2,2,2,4,0,0
7257,3,1,2,3,3,0,0
9607316,0,0,0,0,0,0,0
209210,3,2,1,1,0,3,27
9602368,3,3,0,0,0,3,6
9510249,3,1,2,2,2,1,1
9407301,1,1,0,0,0,1,2
9805296,4,2,2,3,0,4,19
102056,1,1,0,0,0,1,4
104111,3,3,0,0,0,3,13
3019,5,4,1,1,0,5,23
9503447,2,2,0,0,1,1,1
9905298,0,0,0,0,0,0,0
212144,0,0,0,0,0,0,0
9610521,1,1,0,0,0,1,2
9911352,0,0,0,0,0,0,0
9310206,2,1,1,1,2,0,0
9907301,3,3,0,0,0,3,11
212064,1,1,0,0,0,1,2
10129,1,1,0,0,1,0,0
9707257,1,1,0,0,0,1,1
9711509,3,2,1,1,0,3,8
9810341,5,2,3,5,0,5,21
9902342,4,2,2,3,4,0,0
9706390,0,0,0,0,0,0,0
2138,3,3,0,0,0,3,5
109277,7,4,3,4,7,0,0
9805362,1,1,0,0,1,0,0
9706464,3,2,1,2,0,3,10
205037,8,3,5,10,0,8,160
9708323,2,1,1,1,0,2,6
3209,2,1,1,1,0,2,6
9707470,0,0,0,0,0,0,0
207269,2,2,0,0,0,2,14
9901354,3,2,1,1,0,3,31
9804417,3,2,1,1,0,3,8
9409272,3,2,1,1,0,3,3
208151,0,0,0,0,0,0,0
9611419,0,0,0,0,0,0,0
112130,0,0,0,0,0,0,0
9906499,2,2,0,0,0,2,6
6019,2,1,1,1,2,0,0
3010,1,1,0,0,1,0,0
212283,2,1,1,1,0,2,12
9410354,2,2,0,0,2,0,0
9908424,1,1,0,0,1,0,0
208114,1,1,0,0,0,1,23
9608267,2,2,0,0,2,0,0
9309297,6,2,4,12,6,0,0
6015,2,2,0,0,0,2,4
9210265,6,4,2,2,6,0,0
9812352,1,1,0,0,0,1,3
9502384,5,1,4,7,0,5,5
9812356,0,0,0,0,0,0,0
9408389,4,3,1,2,0,4,4
9610378,0,0,0,0,0,0,0
206270,3,1,2,2,0,3,19
103169,9,2,7,15,1,8,98
9711356,1,1,0,0,1,0,0
9612206,0,0,0,0,0,0,0
205177,0,0,0,0,0,0,0
1329,2,2,0,0,0,2,3
9230,1,1,0,0,0,1,1
9306206,2,2,0,0,2,0,0
9910536,3,1,2,3,0,3,9
206098,1,1,0,0,0,1,3
9507435,0,0,0,0,0,0,0
9502322,1,1,0,0,1,0,0
9406222,3,2,1,1,3,0,0
9403368,9,3,6,7,9,0,0
206204,0,0,0,0,0,0,0
9708373,0,0,0,0,0,0,0
9708238,3,2,1,1,3,0,0
9901293,1,1,0,0,0,1,2
9806421,1,1,0,0,0,1,1
9812274,1,1,0,0,0,1,2
9707418,2,2,0,0,0,2,5
301261,1,1,0,0,0,1,11
102346,1,1,0,0,1,0,0
9810293,1,1,0,0,1,0,0
205041,1,1,0,0,0,1,5
11316,2,1,1,1,0,2,6
209006,4,2,2,2,0,4,77
211258,2,1,1,1,0,2,8
9910496,2,1,1,1,0,2,16
203212,3,2,1,1,0,3,40
9351,0,0,0,0,0,0,0
3152,2,1,1,1,0,2,4
203059,3,1,2,2,0,3,24
203023,2,1,1,1,0,2,2
8282,3,2,1,1,0,3,3
9404233,1,1,0,0,0,1,3
9408314,0,0,0,0,0,0,0
9906308,2,1,1,1,0,2,3
9506262,5,2,3,5,5,0,0
9801286,1,1,0,0,0,1,1
202196,0,0,0,0,0,0,0
3029,5,4,1,2,0,5,34
10191,3,1,2,2,0,3,49
9410241,1,1,0,0,1,0,0
6297,0,0,0,0,0,0,0
7264,0,0,0,0,0,0,0
110066,2,1,1,1,2,0,0
9502356,3,2,1,1,3,0,0
9507447,1,1,0,0,1,0,0
208126,1,1,0,0,0,1,9
9710546,3,2,1,1,3,0,0
9804371,1,1,0,0,0,1,8
9212233,1,1,0,0,1,0,0
109256,10,4,6,8,0,10,74
105007,0,0,0,0,0,0,0
9812428,3,3,0,0,0,3,6
9707304,0,0,0,0,0,0,0
9016,1,1,0,0,0,1,6
9509209,2,2,0,0,2,0,0
208076,2,2,0,0,0,2,11
9309201,0,0,0,0,0,0,0
107272,1,1,0,0,1,0,0
11196,0,0,0,0,0,0,0
209052,0,0,0,0,0,0,0
9905232,0,0,0,0,0,0,0
111154,1,1,0,0,0,1,3
107029,2,1,1,1,2,0,0
210373,0,0,0,0,0,0,0
9702338,3,3,0,0,3,0,0
9507283,5,3,2,2,1,4,7
9510316,5,3,2,2,5,0,0
212035,2,2,0,0,0,2,41
9403355,1,1,0,0,1,0,0
302120,0,0,0,0,0,0,0
210041,2,1,1,1,0,2,11
105193,1,1,0,0,0,1,1
9608437,0,0,0,0,0,0,0
9902361,7,1,6,13,1,6,23
9501256,1,1,0,0,1,0,0
9907268,6,4,2,2,3,3,4
9330,2,1,1,1,0,2,2
9606455,0,0,0,0,0,0,0
9605216,2,2,0,0,0,2,4
9603369,1,1,0,0,0,1,2
104264,2,1,1,1,0,2,6
105197,3,3,0,0,3,0,0
110258,1,1,0,0,0,1,13
9706470,1,1,0,0,0,1,4
107032,1,1,0,0,0,1,3
8259,1,1,0,0,0,1,5
9409322,0,0,0,0,0,0,0
110153,4,1,3,3,1,3,13
210175,0,0,0,0,0,0,0
7027,2,2,0,0,0,2,3
208155,2,1,1,1,0,2,8
205283,1,1,0,0,0,1,9
8337,1,1,0,0,0,1,2
9710455,0,0,0,0,0,0,0
9051,0,0,0,0,0,0,0
9808428,0,0,0,0,0,0,0
9512286,0,0,0,0,0,0,0
9905334,0,0,0,0,0,0,0
211393,1,1,0,0,0,1,2
204271,1,1,0,0,0,1,7
210237,0,0,0,0,0,0,0
5244,0,0,0,0,0,0,0
9810390,2,2,0,0,0,2,12
9411306,1,1,0,0,0,1,1
9706296,1,1,0,0,0,1,5
9801422,0,0,0,0,0,0,0
3229,0,0,0,0,0,0,0
205260,2,2,0,0,0,2,2
9403332,2,2,0,0,0,2,5
9802247,2,2,0,0,0,2,4
9603252,2,1,1,1,0,2,2
9308259,2,2,0,0,1,1,1
9906320,2,2,0,0,2,0,0
205146,1,1,0,0,1,0,0
9512416,0,0,0,0,0,0,0
108184,0,0,0,0,0,0,0
204055,1,1,0,0,0,1,2
9505444,1,1,0,0,1,0,0
9911330,0,0,0,0,0,0,0
9310289,0,0,0,0,0,0,0
9606363,0,0,0,0,0,0,0
7122,2,1,1,1,2,0,0
111231,0,0,0,0,0,0,0
1199,0,0,0,0,0,0,0
9502241,0,0,0,0,0,0,0
207363,0,0,0,0,0,0,0
208208,1,1,0,0,0,1,3
12233,0,0,0,0,0,0,0
3099,3,3,0,0,2,1,1
103254,1,1,0,0,0,1,1
9909412,1,1,0,0,1,0,0
111175,1,1,0,0,0,1,3
9809507,2,1,1,1,0,2,18
9505423,1,1,0,0,1,0,0
112207,4,1,3,5,0,4,7
9114,0,0,0,0,0,0,0
112147,0,0,0,0,0,0,0
9811502,0,0,0,0,0,0,0
1055,0,0,0,0,0,0,0
9910360,0,0,0,0,0,0,0
209284,0,0,0,0,0,0,0
210447,1,1,0,0,0,1,10
9209265,1,1,0,0,1,0,0
9509356,1,1,0,0,1,0,0
102049,1,1,0,0,0,1,6
9902387,0,0,0,0,0,0,0
9910289,0,0,0,0,0,0,0
11088,5,1,4,7,5,0,0
5022,0,0,0,0,0,0,0
106236,0,0,0,0,0,0,0
201003,0,0,0,0,0,0,0
9710552,0,0,0,0,0,0,0
6180,1,1,0,0,1,0,0
101322,2,2,0,0,0,2,6
9812265,0,0,0,0,0,0,0
11158,0,0,0,0,0,0,0
10248,1,1,0,0,0,1,7
9807493,3,3,0,0,0,3,5
9504253,2,1,1,1,2,0,0
112209,1,1,0,0,0,1,6
9602434,0,0,0,0,0,0,0
9608246,2,2,0,0,0,2,2
10055,1,1,0,0,0,1,4
9807476,2,2,0,0,2,0,0
5243,0,0,0,0,0,0,0
9810423,0,0,0,0,0,0,0
9503426,0,0,0,0,0,0,0
208097,0,0,0,0,0,0,0
9710315,1,1,0,0,0,1,4
212077,0,0,0,0,0,0,0
9308247,0,0,0,0,0,0,0
9611260,1,1,0,0,0,1,2
105249,0,0,0,0,0,0,0
3162,0,0,0,0,0,0,0
112331,2,2,0,0,1,1,2
9905519,1,1,0,0,0,1,3
9809477,0,0,0,0,0,0,0
9207201,0,0,0,0,0,0,0
9911538,1,1,0,0,1,0,0
102205,0,0,0,0,0,0,0
9408221,1,1,0,0,1,0,0
212093,2,2,0,0,0,2,8
9501354,0,0,0,0,0,0,0
107140,2,2,0,0,0,2,6
9169,1,1,0,0,0,1,1
9404246,2,2,0,0,2,0,0
9501370,0,0,0,0,0,0,0
9602312,0,0,0,0,0,0,0
9705480,0,0,0,0,0,0,0
9506296,0,0,0,0,0,0,0
10048,0,0,0,0,0,0,0
9401240,2,2,0,0,2,0,0
9808226,1,1,0,0,0,1,2
9711436,1,1,0,0,1,0,0
9807473,0,0,0,0,0,0,0
302107,0,0,0,0,0,0,0
9905333,1,1,0,0,1,0,0
9906517,0,0,0,0,0,0,0
9805400,0,0,0,0,0,0,0
301229,0,0,0,0,0,0,0
9908491,0,0,0,0,0,0,0
9043,1,1,0,0,0,1,2
105319,0,0,0,0,0,0,0
9707420,0,0,0,0,0,0,0
104204,2,2,0,0,0,2,8
103288,0,0,0,0,0,0,0
7092,2,2,0,0,0,2,18
9908408,1,1,0,0,0,1,10
10025,0,0,0,0,0,0,0
9704340,0,0,0,0,0,0,0
9406207,2,2,0,0,0,2,2
101189,0,0,0,0,0,0,0
202272,0,0,0,0,0,0,0
9905575,0,0,0,0,0,0,0
204230,1,1,0,0,0,1,4
9712475,1,1,0,0,1,0,0
102188,1,1,0,0,0,1,11
9707408,0,0,0,0,0,0,0
9902461,1,1,0,0,0,1,7
104202,0,0,0,0,0,0,0
9309278,0,0,0,0,0,0,0
9805329,0,0,0,0,0,0,0
101317,0,0,0,0,0,0,0
4202,0,0,0,0,0,0,0
9703339,1,1,0,0,1,0,0
106225,0,0,0,0,0,0,0
9611403,0,0,0,0,0,0,0
9605254,0,0,0,0,0,0,0
9406380,1,1,0,0,0,1,1
9506367,0,0,0,0,0,0,0
9901328,0,0,0,0,0,0,0
9903311,0,0,0,0,0,0,0
2040,0,0,0,0,0,0,0
10084,0,0,0,0,0,0,0
103225,1,1,0,0,1,0,0
9612215,1,1,0,0,0,1,2
205250,0,0,0,0,0,0,0
301272,0,0,0,0,0,0,0
9608485,0,0,0,0,0,0,0
9801302,1,1,0,0,0,1,2
11369,0,0,0,0,0,0,0
9909405,3,2,1,2,0,3,6
9907323,1,1,0,0,1,0,0
9506372,0,0,0,0,0,0,0
3310,0,0,0,0,0,0,0
10333,0,0,0,0,0,0,0
9903523,1,1,0,0,0,1,1
108045,2,1,1,1,2,0,0
9901269,0,0,0,0,0,0,0
211368,0,0,0,0,0,0,0
107179,0,0,0,0,0,0,0
210047,0,0,0,0,0,0,0
207021,0,0,0,0,0,0,0
9207271,1,1,0,0,1,0,0
9406405,0,0,0,0,0,0,0
106310,0,0,0,0,0,0,0
302189,0,0,0,0,0,0,0
9510432,1,1,0,0,1,0,0
11329,0,0,0,0,0,0,0
9910400,0,0,0,0,0,0,0
9810508,1,1,0,0,0,1,2
9812468,0,0,0,0,0,0,0
208061,2,1,1,1,0,2,9
9809236,0,0,0,0,0,0,0
9608467,0,0,0,0,0,0,0
9801360,0,0,0,0,0,0,0
9503490,0,0,0,0,0,0,0
9903317,1,1,0,0,0,1,3
9908472,0,0,0,0,0,0,0
210005,0,0,0,0,0,0,0
9810469,0,0,0,0,0,0,0
207057,0,0,0,0,0,0,0
5239,0,0,0,0,0,0,0
4036,0,0,0,0,0,0,0
9907433,2,2,0,0,2,0,0
9411364,1,1,0,0,0,1,3
9909280,1,1,0,0,0,1,4
9912544,1,1,0,0,1,0,0
203268,0,0,0,0,0,0,0
207188,0,0,0,0,0,0,0
9506286,1,1,0,0,0,1,2
9801408,0,0,0,0,0,0,0
9804424,0,0,0,0,0,0,0
11219,0,0,0,0,0,0,0
9402331,1,1,0,0,0,1,1
9804374,0,0,0,0,0,0,0
6258,1,1,0,0,1,0,0
9907220,0,0,0,0,0,0,0
112311,0,0,0,0,0,0,0
209240,1,1,0,0,0,1,2
9904231,2,2,0,0,2,0,0
9506363,0,0,0,0,0,0,0
102054,1,1,0,0,1,0,0
9905288,0,0,0,0,0,0,0
9906306,0,0,0,0,0,0,0
111347,0,0,0,0,0,0,0
208221,0,0,0,0,0,0,0
9912454,2,1,1,1,2,0,0
104195,0,0,0,0,0,0,0
212163,0,0,0,0,0,0,0
301198,0,0,0,0,0,0,0
212014,0,0,0,0,0,0,0
301058,1,1,0,0,0,1,4
111330,0,0,0,0,0,0,0
104006,0,0,0,0,0,0,0
11073,0,0,0,0,0,0,0
212190,0,0,0,0,0,0,0
9705421,1,1,0,0,1,0,0
9812264,0,0,0,0,0,0,0
111400,0,0,0,0,0,0,0
111378,0,0,0,0,0,0,0
108007,0,0,0,0,0,0,0
9354,0,0,0,0,0,0,0
202060,0,0,0,0,0,0,0
9709512,0,0,0,0,0,0,0
210268,0,0,0,0,0,0,0
204130,0,0,0,0,0,0,0
207369,1,1,0,0,0,1,4
9704397,1,1,0,0,1,0,0
9902477,0,0,0,0,0,0,0
101339,0,0,0,0,0,0,0
9804260,1,1,0,0,0,1,1
106111,0,0,0,0,0,0,0
212275,1,1,0,0,0,1,1
302235,0,0,0,0,0,0,0
9909247,0,0,0,0,0,0,0
9511394,0,0,0,0,0,0,0
9311364,0,0,0,0,0,0,0
205164,0,0,0,0,0,0,0
302273,0,0,0,0,0,0,0
9511274,0,0,0,0,0,0,0
9608408,0,0,0,0,0,0,0
110100,0,0,0,0,0,0,0
104128,0,0,0,0,0,0,0
108211,0,0,0,0,0,0,0
111361,0,0,0,0,0,0,0
9505382,0,0,0,0,0,0,0
203221,1,1,0,0,1,0,0
9606204,0,0,0,0,0,0,0
9305264,1,1,0,0,1,0,0
211322,0,0,0,0,0,0,0
205309,0,0,0,0,0,0,0
210231,0,0,0,0,0,0,0
3156,2,1,1,1,2,0,0
9601304,1,1,0,0,1,0,0
9511413,0,0,0,0,0,0,0
9607235,0,0,0,0,0,0,0
9509264,0,0,0,0,0,0,0
210079,0,0,0,0,0,0,0
8032,1,1,0,0,1,0,0
9510214,0,0,0,0,0,0,0
5294,0,0,0,0,0,0,0
9710311,0,0,0,0,0,0,0
4082,0,0,0,0,0,0,0
11381,0,0,0,0,0,0,0
211201,0,0,0,0,0,0,0
102244,0,0,0,0,0,0,0
211254,0,0,0,0,0,0,0
211325,0,0,0,0,0,0,0
111455,0,0,0,0,0,0,0
104089,0,0,0,0,0,0,0
9905414,0,0,0,0,0,0,0
9907529,1,1,0,0,1,0,0
9712268,0,0,0,0,0,0,0
211093,0,0,0,0,0,0,0
9512289,0,0,0,0,0,0,0
112038,0,0,0,0,0,0,0
9912461,0,0,0,0,0,0,0
112008,1,1,0,0,0,1,3
8159,22,3,19,57,0,22,181
9805403,56,13,43,136,1,55,337
9910417,8,2,6,9,4,4,15
9509329,25,7,18,49,2,23,180
206024,8,7,1,2,0,8,69
9806351,24,2,22,108,1,23,84
9606399,57,7,50,250,57,0,0
9302291,13,7,6,16,13,0,0
9706412,9,4,5,11,0,9,33
9602224,7,4,3,4,7,0,0
9305258,51,20,31,89,29,22,40
9612402,11,5,6,12,0,11,60
1169,11,3,8,21,0,11,75
9409458,43,3,40,120,35,8,14
101165,22,7,15,31,5,17,73
102263,0,0,0,0,0,0,0
9409310,18,4,14,30,7,11,14
9412380,7,2,5,6,3,4,4
9503320,6,2,4,5,6,0,0
9601324,34,5,29,121,1,33,33
9412385,93,3,90,544,2,91,150
9207257,36,5,31,94,36,0,0
9807216,181,18,163,1006,67,114,265
9807235,107,6,101,988,26,81,146
9807325,112,5,107,1057,6,106,314
1306,12,5,7,16,0,12,197
9811265,29,5,24,97,0,29,136
9909415,12,3,9,15,2,10,40
9705270,14,1,13,22,2,12,39
9806534,24,3,21,67,11,13,22
9809368,13,2,11,24,0,13,147
9911258,17,1,16,64,0,17,129
9602307,14,7,7,8,4,10,31
9711259,23,2,21,100,13,10,11
9511280,4,2,2,3,1,3,4
9504338,3,2,1,1,0,3,3
9307279,15,3,12,48,15,0,0
9810308,25,3,22,81,0,25,103
9509399,8,4,4,8,2,6,18
9406366,4,4,0,0,1,3,6
9206203,17,4,13,24,17,0,0
9903465,34,2,32,151,0,34,376
9707477,24,2,22,99,0,24,132
9609357,20,7,13,31,5,15,52
9404283,122,5,117,1270,65,57,94
9710509,42,3,39,148,0,42,150
9809594,39,4,35,202,1,38,71
9801271,83,31,52,195,7,76,789
9610358,50,7,43,221,1,49,388
9705307,42,5,37,158,2,40,274
9403266,101,9,92,536,79,22,26
9610283,34,2,32,129,2,32,57
7054,7,3,4,7,0,7,106
9703277,25,1,24,74,2,23,40
9705440,7,4,3,6,0,7,46
9712372,58,8,50,225,2,56,319
9608231,22,1,21,68,12,10,20
9906374,45,3,42,193,0,45,160
9910366,12,4,8,13,1,11,27
9707213,13,5,8,13,5,8,40
9711384,32,2,30,96,1,31,187
9907386,13,9,4,7,5,8,22
9506264,26,4,22,101,13,13,35
9608466,19,2,17,39,2,17,59
9211309,73,1,72,563,73,0,0
9209245,36,7,29,213,36,0,0
9302202,34,8,26,160,12,22,22
9212255,4,2,2,3,4,0,0
9305239,43,4,39,256,43,0,0
9606364,8,5,3,4,3,5,20
9707481,88,2,86,789,29,59,183
9702201,16,3,13,40,12,4,5
9603285,36,6,30,77,11,25,51
9610215,1,1,0,0,0,1,3
9603271,18,7,11,28,4,14,28
9906316,16,4,12,51,5,11,36
9707260,1,1,0,0,1,0,0
9507372,4,3,1,1,0,4,4
9607215,16,4,12,32,4,12,12
9804215,10,4,6,12,0,10,76
9405270,18,3,15,39,4,14,25
9503492,51,8,43,164,2,49,285
9605206,7,3,4,7,1,6,8
9602265,27,2,25,86,16,11,11
9511216,6,4,2,3,0,6,19
9407268,32,5,27,86,19,13,14
101168,2,1,1,1,0,2,8
9708412,14,1,13,33,5,9,12
9905409,15,6,9,17,3,12,20
9502324,23,3,20,63,2,21,75
9610259,32,2,30,167,1,31,73
9708219,20,3,17,70,0,20,92
9704414,8,3,5,8,0,8,36
9808404,43,2,41,283,0,43,240
9708313,4,2,2,3,0,4,30
9611272,34,2,32,168,32,2,2
9912329,53,4,49,517,1,52,190
9801375,33,2,31,139,1,32,120
9058,19,8,11,24,0,19,267
9905523,62,1,61,526,0,62,446
9206241,38,9,29,101,38,0,0
8207,17,1,16,45,1,16,80
9705438,4,4,0,0,2,2,2
108210,14,4,10,14,0,14,64
105323,15,3,12,42,1,14,14
9203222,10,3,7,12,5,5,5
9305349,6,2,4,7,6,0,0
9504415,17,3,14,31,17,0,0
9805349,10,3,7,24,0,10,61
2285,33,6,27,122,0,33,210
9606241,20,2,18,69,10,10,20
9902272,3,1,2,2,0,3,6
9607414,32,5,27,112,1,31,116
9704457,29,3,26,105,13,16,32
9602292,6,2,4,6,1,5,5
9808299,64,6,58,398,2,62,386
9607449,63,4,59,521,1,62,182
9807513,133,4,129,908,49,84,150
9903340,27,7,20,63,1,26,89
9506380,158,7,151,924,31,127,397
9609267,10,3,7,17,1,9,28
10196,3,3,0,0,0,3,6
9903279,5,1,4,4,1,4,12
9405407,98,4,94,758,6,92,201
9503208,24,5,19,56,3,21,100
3320,9,3,6,19,9,0,0
9603253,12,2,10,41,4,8,14
9402283,104,7,97,796,82,22,22
9702359,37,5,32,122,0,37,139
9911459,36,7,29,113,0,36,221
9612267,13,3,10,30,0,13,17
9208238,15,4,11,57,15,0,0
202110,12,7,5,10,2,10,175
9355,19,3,16,50,1,18,71
7120,11,9,2,5,0,11,53
5021,5,2,3,3,1,4,15
9808456,30,2,28,141,5,25,83
9712305,21,6,15,42,3,18,67
9807501,87,1,86,906,10,77,243
9503445,7,4,3,5,0,7,36
102234,58,1,57,313,24,34,48
8012,13,3,10,14,5,8,35
9907320,3,1,2,2,1,2,2
9805247,18,4,14,39,2,16,16
9602230,2,2,0,0,2,0,0
9503415,12,2,10,25,1,11,38
9712541,6,1,5,10,1,5,5
103138,2,2,0,0,1,1,4
9702287,19,6,13,23,1,18,62
9904211,90,7,83,593,0,90,458
9912408,59,6,53,234,0,59,365
109047,2,2,0,0,0,2,3
9808257,45,14,31,92,8,37,101
8287,37,2,35,193,1,36,264
209100,10,2,8,12,1,9,51
111164,13,1,12,25,0,13,89
106295,69,2,67,830,2,67,67
111230,13,2,11,43,0,13,51
5286,19,1,18,79,0,19,131
9706410,30,2,28,153,0,30,190
9603443,4,3,1,1,2,2,2
11295,22,5,17,37,0,22,242
9906400,15,4,11,44,0,15,322
9909481,29,3,26,104,0,29,199
12096,11,5,6,11,2,9,75
9808401,7,5,2,2,2,5,27
9808255,24,3,21,52,24,0,0
9706468,2,2,0,0,2,0,0
9405296,39,7,32,142,39,0,0
9608313,11,7,4,5,2,9,28
8127,8,2,6,14,0,8,114
9907213,0,0,0,0,0,0,0
9906274,33,8,25,106,3,30,363
9512227,10,3,7,9,0,10,56
9805438,18,3,15,42,13,5,5
9607280,21,5,16,24,8,13,17
9701229,68,5,63,447,0,68,351
9707223,34,7,27,79,0,34,305
9301204,8,2,6,17,8,0,0
9506480,9,5,4,4,1,8,20
9607233,10,1,9,41,5,5,5
9403381,10,2,8,20,2,8,14
9411331,6,1,5,8,4,2,2
9208236,22,1,21,81,22,0,0
106314,3,1,2,2,3,0,0
101081,2,2,0,0,0,2,16
9905300,2,2,0,0,0,2,16
9809377,5,5,0,0,0,5,37
9312212,48,2,46,269,35,13,13
9709289,11,2,9,24,11,0,0
9604441,46,7,39,187,9,37,86
3324,4,4,0,0,1,3,6
4087,10,2,8,20,0,10,78
3107,22,1,21,79,0,22,343
9606385,5,2,3,4,1,4,6
9602358,6,3,3,4,6,0,0
9405355,31,9,22,78,6,25,43
9808291,8,3,5,7,1,7,30
9803351,20,4,16,37,2,18,86
9710414,4,1,3,6,3,1,2
9610238,10,2,8,16,1,9,64
9801300,16,5,11,17,2,14,52
9708482,2,2,0,0,0,2,2
9402305,4,3,1,1,4,0,0
9601242,16,2,14,39,16,0,0
9803359,4,3,1,1,0,4,20
9703280,16,4,12,33,0,16,140
9510457,12,4,8,10,0,12,62
9712301,11,5,6,12,1,10,47
9508285,3,2,1,1,1,2,3
9709433,5,4,1,2,0,5,19
9703448,24,3,21,71,1,23,100
9403397,10,5,5,8,0,10,48
9608346,9,1,8,17,7,2,2
9705318,21,4,17,65,1,20,64
9307210,7,1,6,10,7,0,0
9410282,56,7,49,236,26,30,40
9601338,5,1,4,6,2,3,6
9305222,6,4,2,5,0,6,13
9907319,34,6,28,148,0,34,225
9303204,25,3,22,119,25,0,0
9910270,4,2,2,3,1,3,4
103074,12,5,7,11,7,5,5
9808498,9,2,7,15,4,5,7
9503238,16,5,11,36,1,15,20
9504351,5,2,3,6,3,2,2
9901362,17,9,8,13,1,16,187
9811240,5,2,3,4,0,5,29
9911338,13,6,7,8,1,12,25
10108,3,2,1,1,0,3,14
9909376,12,1,11,45,0,12,101
9610265,15,2,13,29,15,0,0
9604298,15,6,9,14,1,14,84
4189,5,2,3,5,1,4,10
9307203,10,3,7,13,10,0,0
9701416,6,3,3,6,2,4,6
9406379,6,3,3,3,5,1,1
9408407,17,1,16,78,3,14,20
9604434,5,2,3,5,5,0,0
9003,6,4,2,6,0,6,24
9903432,8,1,7,15,0,8,14
9908288,22,7,15,40,11,11,15
9811201,33,4,29,127,1,32,172
9609462,10,3,7,12,0,10,73
9909418,21,2,19,81,0,21,301
9608225,1,1,0,0,0,1,3
9501384,92,12,80,416,32,60,110
8288,2,1,1,1,1,1,4
9510460,4,1,3,3,0,4,10
9408395,1,1,0,0,0,1,2
9706454,9,3,6,12,0,9,112
2089,9,3,6,11,0,9,90
9903549,18,3,15,39,11,7,7
9906385,5,2,3,6,0,5,16
11375,8,2,6,12,0,8,40
9506205,5,2,3,3,2,3,6
202200,0,0,0,0,0,0,0
103042,6,1,5,9,0,6,12
9612349,3,1,2,2,0,3,88
8033,9,5,4,5,9,0,0
9903534,8,5,3,4,0,8,35
9507323,3,1,2,2,0,3,19
101281,1,1,0,0,0,1,5
9409329,24,3,21,107,24,0,0
9712457,22,1,21,81,12,10,10
9508359,42,3,39,218,42,0,0
9507347,3,3,0,0,3,0,0
9512368,8,3,5,10,8,0,0
9605297,25,1,24,97,5,20,28
11336,28,1,27,154,26,2,2
107144,10,4,6,11,0,10,175
9802448,1,1,0,0,0,1,1
9409438,6,3,3,5,0,6,11
9503454,6,4,2,3,6,0,0
9905339,14,5,9,21,1,13,113
9606206,1,1,0,0,0,1,1
9506423,5,2,3,3,2,3,4
9215,5,3,2,3,0,5,20
9806290,8,5,3,6,0,8,97
8134,4,2,2,3,0,4,35
9604359,4,2,2,2,0,4,16
3297,4,1,3,5,0,4,8
7066,6,3,3,4,0,6,46
9710368,13,2,11,32,3,10,22
104164,4,1,3,4,4,0,0
111047,12,5,7,11,0,12,101
202218,12,6,6,9,1,11,44
210387,1,1,0,0,0,1,3
9604236,11,5,6,6,2,9,24
9702430,11,2,9,18,0,11,36
9704415,31,5,26,103,6,25,73
12145,17,3,14,38,0,17,113
103105,11,2,9,33,0,11,122
9307244,60,4,56,482,60,0,0
9309258,1,1,0,0,1,0,0
9911419,1,1,0,0,0,1,1
9307298,19,2,17,55,19,0,0
9507364,3,3,0,0,0,3,11
9611343,11,3,8,26,1,10,19
9610235,4,3,1,1,0,4,30
9280,2,2,0,0,1,1,3
201151,12,3,9,29,0,12,33
9902220,25,2,23,80,0,25,168
9209270,4,2,2,3,4,0,0
106081,30,11,19,42,0,30,224
9411335,3,2,1,1,0,3,3
9608233,12,2,10,26,0,12,89
3177,9,2,7,18,1,8,26
9912311,16,2,14,22,2,14,73
9503323,4,2,2,3,0,4,23
210007,1,1,0,0,0,1,5
203233,7,2,5,12,0,7,22
204286,54,2,52,320,1,53,131
9509370,9,3,6,14,0,9,9
1044,3,1,2,2,0,3,13
9336,16,2,14,39,1,15,41
9912534,2,2,0,0,0,2,9
103265,5,2,3,4,0,5,65
103251,13,3,10,24,1,12,46
9806223,12,3,9,17,0,12,75
9401280,0,0,0,0,0,0,0
9501285,10,3,7,11,0,10,30
9504252,2,1,1,1,0,2,4
9407261,10,1,9,15,4,6,6
103113,8,3,5,7,0,8,27
104038,24,2,22,98,0,24,265
12023,10,3,7,14,0,10,40
9411287,29,7,22,75,14,15,17
9411417,1,1,0,0,0,1,1
9507407,9,7,2,4,1,8,14
9812535,0,0,0,0,0,0,0
9710380,13,2,11,26,0,13,69
9811361,3,3,0,0,0,3,27
9808213,6,5,1,1,1,5,12
5293,11,5,6,15,0,11,52
9908289,7,0,7,17,0,7,51
9701343,6,3,3,3,1,5,14
9305254,18,7,11,21,7,11,22
4246,4,1,3,5,0,4,11
9801270,6,4,2,3,1,5,38
205237,4,2,2,2,1,3,3
6077,28,2,26,176,0,28,135
2101,2,1,1,1,0,2,9
9806346,4,1,3,4,0,4,66
4170,1,1,0,0,0,1,3
4019,3,2,1,1,0,3,3
7252,7,2,5,12,0,7,41
210083,3,2,1,1,0,3,21
9811271,4,4,0,0,0,4,6
112015,2,1,1,1,0,2,4
9608389,7,3,4,5,0,7,12
9801377,6,2,4,6,0,6,10
9508398,6,4,2,3,5,1,1
6240,11,1,10,21,0,11,48
9911456,8,2,6,14,0,8,65
9907518,6,6,0,0,0,6,18
111156,2,1,1,1,0,2,7
3031,3,2,1,2,0,3,12
110043,2,2,0,0,0,2,4
9804242,7,1,6,9,0,7,34
11257,11,5,6,8,0,11,67
9606351,9,3,6,10,0,9,16
9501267,9,5,4,7,9,0,0
203029,5,1,4,5,0,5,7
9902412,4,3,1,2,0,4,13
9510277,11,1,10,29,1,10,20
103164,6,3,3,3,3,3,11
9602327,8,4,4,10,8,0,0
9603364,3,2,1,1,0,3,9
9611402,1,1,0,0,0,1,7
9510375,2,1,1,1,0,2,4
5158,4,3,1,1,0,4,11
107281,2,2,0,0,0,2,11
9701209,5,3,2,2,0,5,13
110367,1,1,0,0,0,1,2
9710423,2,2,0,0,0,2,7
1259,19,4,15,65,0,19,160
3144,3,3,0,0,0,3,10
7354,1,1,0,0,0,1,10
10325,17,7,10,13,0,17,230
9605347,6,3,3,3,0,6,26
210436,2,2,0,0,0,2,14
211251,4,3,1,1,0,4,25
1174,10,5,5,17,0,10,88
108026,6,1,5,8,0,6,11
4116,7,3,4,5,0,7,58
9712354,2,1,1,1,2,0,0
9910348,6,3,3,6,0,6,39
203242,8,6,2,2,1,7,48
9404240,5,4,1,1,5,0,0
111157,7,3,4,5,0,7,110
9805395,4,1,3,4,0,4,14
4235,15,4,11,38,3,12,31
9609266,9,3,6,10,1,8,38
109102,14,1,13,30,1,13,38
9905267,1,1,0,0,0,1,10
9505378,2,1,1,1,0,2,2
110318,1,1,0,0,0,1,11
212005,1,1,0,0,0,1,5
9807272,2,1,1,1,1,1,1
9605428,4,2,2,3,4,0,0
9302255,2,2,0,0,1,1,1
9710416,7,2,5,10,4,3,5
9083,3,3,0,0,1,2,9
9909308,1,1,0,0,0,1,5
9310266,2,2,0,0,0,2,2
9612482,1,1,0,0,0,1,3
9807395,5,2,3,4,5,0,0
9604208,1,1,0,0,0,1,1
9610274,11,4,7,14,1,10,23
9604253,5,3,2,2,1,4,8
103002,5,2,3,5,0,5,30
9508330,2,1,1,1,0,2,3
9911304,5,2,3,6,0,5,46
9304235,5,4,1,2,3,2,5
108092,22,6,16,51,0,22,291
9708228,10,2,8,12,0,10,45
9504388,5,3,2,2,5,0,0
9704348,4,2,2,3,3,1,1
9505417,20,3,17,65,15,5,5
104227,2,2,0,0,0,2,2
108090,11,1,10,21,0,11,35
9908331,1,1,0,0,1,0,0
9902233,12,3,9,25,2,10,21
9904507,9,1,8,22,0,9,73
204180,3,2,1,1,0,3,19
205147,2,2,0,0,1,1,6
112121,2,2,0,0,0,2,4
2241,5,2,3,5,0,5,9
8223,2,1,1,1,0,2,16
9307356,13,2,11,34,13,0,0
101232,6,2,4,7,4,2,2
9809430,3,1,2,3,0,3,5
9406284,2,2,0,0,1,1,4
211245,3,3,0,0,0,3,8
9602322,5,4,1,1,0,5,11
9803416,4,3,1,1,0,4,7
9409204,8,2,6,17,0,8,10
9811229,1,1,0,0,0,1,1
9908254,6,3,3,3,0,6,17
106266,0,0,0,0,0,0,0
9504432,2,1,1,1,0,2,12
202270,24,8,16,42,1,23,383
9606305,7,1,6,12,3,4,10
210207,1,1,0,0,0,1,7
204166,11,1,10,30,0,11,141
9806250,3,1,2,2,0,3,14
9603222,2,1,1,1,0,2,6
9704243,8,4,4,5,1,7,17
9907359,3,2,1,1,0,3,5
9607216,2,1,1,1,0,2,2
9708314,2,1,1,1,0,2,2
109096,1,1,0,0,0,1,6
9217,5,3,2,2,0,5,62
108040,9,3,6,14,0,9,47
9811250,9,2,7,17,8,1,2
9401237,4,3,1,1,4,0,0
101026,0,0,0,0,0,0,0
107318,4,3,1,2,0,4,11
9706276,4,4,0,0,2,2,3
9908479,1,1,0,0,0,1,1
10101,3,3,0,0,0,3,10
212129,11,3,8,18,1,10,50
101334,5,3,2,3,0,5,53
111307,6,2,4,5,1,5,9
203276,1,1,0,0,0,1,3
9803378,4,3,1,1,1,3,8
9812505,3,1,2,2,0,3,10
204342,19,4,15,55,1,18,68
11161,0,0,0,0,0,0,0
9505387,9,1,8,26,6,3,3
9305278,18,9,9,23,18,0,0
9709259,4,1,3,5,0,4,16
9904496,4,3,1,1,0,4,38
302138,0,0,0,0,0,0,0
9609210,1,1,0,0,0,1,1
9806360,3,2,1,1,0,3,11
9709225,8,5,3,8,0,8,50
9509296,2,2,0,0,0,2,4
12254,2,1,1,1,0,2,9
12244,4,2,2,2,0,4,33
9411370,0,0,0,0,0,0,0
103177,0,0,0,0,0,0,0
9412368,4,1,3,4,4,0,0
204092,14,4,10,28,0,14,289
9611325,11,3,8,35,0,11,41
7056,10,5,5,15,0,10,39
5110,4,2,2,2,0,4,6
9711265,3,1,2,2,0,3,21
9503289,2,2,0,0,0,2,7
9908411,3,2,1,2,1,2,2
9912500,6,4,2,2,0,6,18
107248,2,1,1,1,0,2,3
9606222,8,7,1,1,8,0,0
207211,1,1,0,0,0,1,6
9205245,5,5,0,0,5,0,0
9209277,9,5,4,7,4,5,5
9608286,4,2,2,4,0,4,6
9505394,2,1,1,1,0,2,2
9801412,2,2,0,0,0,2,11
9408239,5,3,2,3,0,5,13
9803365,10,5,5,20,0,10,76
9607409,3,3,0,0,3,0,0
9910448,0,0,0,0,0,0,0
9906331,8,2,6,6,0,8,23
9602379,1,1,0,0,0,1,1
9701314,0,0,0,0,0,0,0
9611276,1,1,0,0,0,1,2
9306299,2,2,0,0,2,0,0
211264,2,2,0,0,0,2,13
105229,24,16,8,14,10,14,25
9508339,1,1,0,0,0,1,11
104086,5,1,4,8,0,5,50
9804221,17,3,14,35,12,5,8
110376,2,1,1,1,0,2,13
9904422,7,1,6,10,0,7,21
108049,1,1,0,0,0,1,2
8200,3,1,2,2,1,2,2
103011,2,2,0,0,0,2,2
204340,1,1,0,0,0,1,2
9802344,2,2,0,0,0,2,11
9408343,4,1,3,4,2,2,2
9905447,5,4,1,2,0,5,12
9802278,3,2,1,1,0,3,9
208123,3,3,0,0,1,2,13
9406334,4,3,1,1,4,0,0
9901423,1,1,0,0,0,1,2
112219,1,1,0,0,0,1,3
9608255,2,1,1,1,0,2,8
9611231,4,2,2,2,0,4,4
9708284,0,0,0,0,0,0,0
9902226,3,2,1,1,0,3,20
9905488,2,1,1,1,0,2,10
10122,2,1,1,1,0,2,9
9403238,2,2,0,0,2,0,0
9807385,4,1,3,6,0,4,4
211085,5,1,4,6,0,5,9
9806491,8,1,7,17,0,8,12
9806427,0,0,0,0,0,0,0
1214,10,5,5,6,0,10,37
9803216,6,2,4,6,3,3,3
9905261,3,3,0,0,0,3,3
9207239,3,3,0,0,3,0,0
211108,1,1,0,0,0,1,6
9707366,4,4,0,0,0,4,12
9309247,1,1,0,0,1,0,0
112042,3,3,0,0,0,3,16
9903201,6,2,4,6,3,3,3
9402279,4,2,2,3,0,4,4
204121,0,0,0,0,0,0,0
9706305,0,0,0,0,0,0,0
9905375,1,1,0,0,0,1,2
11292,3,2,1,2,2,1,2
9310348,0,0,0,0,0,0,0
205051,1,1,0,0,1,0,0
9909532,3,3,0,0,0,3,9
102182,1,1,0,0,0,1,4
9702252,2,1,1,1,1,1,2
9903283,0,0,0,0,0,0,0
9812389,0,0,0,0,0,0,0
104036,2,2,0,0,0,2,6
9909439,5,3,2,2,1,4,28
11032,2,1,1,1,0,2,9
104276,1,1,0,0,0,1,12
9805416,7,3,4,5,2,5,20
204327,2,2,0,0,1,1,1
9712309,6,2,4,10,1,5,12
108034,3,1,2,3,0,3,10
110109,0,0,0,0,0,0,0
101031,3,2,1,2,0,3,16
9605284,0,0,0,0,0,0,0
9612289,2,1,1,1,2,0,0
301240,0,0,0,0,0,0,0
210445,0,0,0,0,0,0,0
201301,2,2,0,0,0,2,21
9812224,3,3,0,0,1,2,4
9706259,2,2,0,0,1,1,2
101338,2,1,1,1,0,2,2
107230,3,2,1,1,0,3,12
9910308,4,2,2,3,3,1,1
9306203,3,3,0,0,3,0,0
105110,2,2,0,0,2,0,0
9808372,1,1,0,0,1,0,0
101009,4,3,1,1,0,4,17
112127,3,2,1,1,0,3,29
9908306,2,2,0,0,0,2,12
9911399,0,0,0,0,0,0,0
5078,1,1,0,0,0,1,1
5214,5,3,2,2,4,1,1
108134,2,1,1,1,0,2,4
10159,5,1,4,10,0,5,49
9807478,1,1,0,0,0,1,2
6071,4,2,2,2,2,2,10
9404206,4,3,1,1,4,0,0
9810375,1,1,0,0,0,1,3
9710544,6,1,5,7,6,0,0
111331,1,1,0,0,1,0,0
9211213,2,2,0,0,2,0,0
9601244,2,1,1,1,0,2,5
9510371,1,1,0,0,0,1,2
9163,13,1,12,39,0,13,52
2068,0,0,0,0,0,0,0
9605237,5,1,4,9,5,0,0
3077,3,2,1,1,0,3,3
103010,4,3,1,1,4,0,0
8188,11,5,6,12,0,11,38
9809450,1,1,0,0,0,1,4
107330,2,1,1,1,0,2,6
9410313,4,2,2,3,4,0,0
109279,2,2,0,0,0,2,6
9906216,2,1,1,1,0,2,6
9311323,1,1,0,0,1,0,0
103095,1,1,0,0,0,1,7
9606313,4,4,0,0,0,4,7
9511403,2,2,0,0,0,2,5
9411441,1,1,0,0,0,1,1
9906323,0,0,0,0,0,0,0
9704232,4,2,2,4,0,4,17
108165,3,2,1,1,2,1,2
7173,0,0,0,0,0,0,0
9502353,1,1,0,0,0,1,4
9406294,2,2,0,0,0,2,2
10280,4,4,0,0,0,4,12
10269,0,0,0,0,0,0,0
211352,2,1,1,1,0,2,6
9806222,0,0,0,0,0,0,0
9705393,1,1,0,0,1,0,0
105042,6,3,3,6,6,0,0
9901410,0,0,0,0,0,0,0
8327,1,1,0,0,0,1,6
9803248,2,1,1,1,0,2,9
9811283,4,3,1,2,0,4,8
6348,5,1,4,7,0,5,5
110149,4,2,2,2,0,4,9
9912232,3,1,2,2,0,3,8
207174,2,1,1,1,0,2,19
9905291,13,5,8,14,0,13,58
9508252,4,2,2,3,3,1,1
208007,4,3,1,1,0,4,24
9191,0,0,0,0,0,0,0
10114,7,2,5,8,1,6,15
9906360,0,0,0,0,0,0,0
105326,2,1,1,1,0,2,23
5144,10,3,7,14,0,10,76
9811513,2,2,0,0,1,1,1
9212316,2,2,0,0,2,0,0
7119,11,3,8,14,11,0,0
9707361,1,1,0,0,0,1,1
5076,9,2,7,22,0,9,32
107078,3,3,0,0,1,2,5
204278,3,2,1,1,0,3,6
10187,2,1,1,1,0,2,3
301057,2,1,1,1,0,2,20
104310,0,0,0,0,0,0,0
9912333,0,0,0,0,0,0,0
205092,0,0,0,0,0,0,0
206305,2,1,1,1,1,1,5
9903287,3,1,2,3,0,3,14
205220,1,1,0,0,0,1,2
110209,0,0,0,0,0,0,0
107252,3,2,1,1,1,2,3
5096,2,1,1,1,0,2,30
9804322,2,2,0,0,1,1,4
102175,0,0,0,0,0,0,0
9811277,0,0,0,0,0,0,0
9904280,15,3,12,37,1,14,46
5077,4,2,2,5,0,4,12
9705330,2,1,1,1,2,0,0
9511332,1,1,0,0,1,0,0
111196,3,2,1,1,0,3,12
204318,1,1,0,0,0,1,10
1154,2,1,1,1,0,2,5
9611275,1,1,0,0,0,1,3
9906235,8,2,6,21,0,8,20
9810424,17,5,12,37,0,17,52
207106,0,0,0,0,0,0,0
9704352,3,2,1,1,0,3,3
9710461,1,1,0,0,0,1,1
9812231,2,1,1,1,2,0,0
111453,0,0,0,0,0,0,0
110250,0,0,0,0,0,0,0
1252,0,0,0,0,0,0,0
207104,0,0,0,0,0,0,0
9182,0,0,0,0,0,0,0
9603355,2,2,0,0,1,1,1
9604362,0,0,0,0,0,0,0
206113,1,1,0,0,0,1,4
9709398,0,0,0,0,0,0,0
9504396,3,1,2,3,3,0,0
12279,7,4,3,4,7,0,0
102177,1,1,0,0,0,1,3
208034,1,1,0,0,0,1,4
211301,1,1,0,0,0,1,4
9912262,3,1,2,2,0,3,11
204307,5,1,4,7,0,5,48
207360,0,0,0,0,0,0,0
101019,2,1,1,1,0,2,15
201217,5,3,2,4,0,5,15
204272,1,1,0,0,0,1,1
112298,0,0,0,0,0,0,0
212134,0,0,0,0,0,0,0
302039,0,0,0,0,0,0,0
9710454,3,1,2,2,0,3,15
4188,0,0,0,0,0,0,0
9912221,1,1,0,0,0,1,3
9603387,0,0,0,0,0,0,0
9908421,1,1,0,0,0,1,3
9809351,1,1,0,0,1,0,0
12131,1,1,0,0,0,1,6
9903445,4,2,2,3,0,4,4
9912412,1,1,0,0,1,0,0
211199,1,1,0,0,0,1,2
9505310,3,2,1,1,3,0,0
108236,1,1,0,0,0,1,17
107275,4,3,1,1,0,4,36
108027,1,1,0,0,0,1,15
8225,0,0,0,0,0,0,0
9810523,0,0,0,0,0,0,0
204064,3,2,1,1,0,3,36
9412216,1,1,0,0,1,0,0
9812438,0,0,0,0,0,0,0
9308296,3,1,2,3,3,0,0
9710464,2,1,1,1,0,2,2
105124,0,0,0,0,0,0,0
204324,0,0,0,0,0,0,0
112198,0,0,0,0,0,0,0
9506353,0,0,0,0,0,0,0
101353,0,0,0,0,0,0,0
208227,3,3,0,0,0,3,7
9812288,1,1,0,0,0,1,2
2215,0,0,0,0,0,0,0
107091,1,1,0,0,0,1,1
5283,1,1,0,0,0,1,1
110270,0,0,0,0,0,0,0
101156,1,1,0,0,0,1,1
9808370,2,2,0,0,0,2,3
211213,1,1,0,0,0,1,13
210024,0,0,0,0,0,0,0
112165,1,1,0,0,0,1,2
203108,4,1,3,4,0,4,98
9802325,6,4,2,3,2,4,7
9606394,1,1,0,0,1,0,0
9903228,4,4,0,0,0,4,7
208037,0,0,0,0,0,0,0
9811364,9,4,5,13,9,0,0
210316,1,1,0,0,0,1,6
9704263,1,1,0,0,0,1,3
9706481,0,0,0,0,0,0,0
9303209,2,1,1,1,2,0,0
9308,4,2,2,3,0,4,20
9711245,1,1,0,0,0,1,1
11353,4,4,0,0,0,4,10
9606405,0,0,0,0,0,0,0
9906537,0,0,0,0,0,0,0
9806225,3,2,1,1,0,3,6
103021,0,0,0,0,0,0,0
9901282,0,0,0,0,0,0,0
5216,3,2,1,1,3,0,0
107259,3,2,1,2,0,3,10
9904400,0,0,0,0,0,0,0
110257,2,1,1,1,0,2,6
207075,0,0,0,0,0,0,0
9911271,0,0,0,0,0,0,0
9405364,0,0,0,0,0,0,0
9610410,0,0,0,0,0,0,0
9807239,1,1,0,0,1,0,0
9612344,2,2,0,0,2,0,0
102215,2,2,0,0,0,2,11
112018,1,1,0,0,1,0,0
9409234,0,0,0,0,0,0,0
9604286,0,0,0,0,0,0,0
8267,1,1,0,0,0,1,2
112270,1,1,0,0,0,1,12
9801244,6,4,2,3,1,5,39
9709251,1,1,0,0,1,0,0
9703307,0,0,0,0,0,0,0
9707526,0,0,0,0,0,0,0
210407,0,0,0,0,0,0,0
9807301,0,0,0,0,0,0,0
9401353,5,3,2,3,5,0,0
9307331,0,0,0,0,0,0,0
9709204,0,0,0,0,0,0,0
2180,0,0,0,0,0,0,0
9912437,1,1,0,0,0,1,1
9810227,1,1,0,0,0,1,4
202182,0,0,0,0,0,0,0
9904331,1,1,0,0,1,0,0
9506468,0,0,0,0,0,0,0
9302294,2,2,0,0,2,0,0
9805466,0,0,0,0,0,0,0
302266,0,0,0,0,0,0,0
2051,4,1,3,3,4,0,0
9905501,5,4,1,1,1,4,13
9407330,1,1,0,0,1,0,0
9803434,0,0,0,0,0,0,0
210434,1,1,0,0,1,0,0
107016,0,0,0,0,0,0,0
9607248,7,2,5,10,7,0,0
103253,2,2,0,0,0,2,2
211049,0,0,0,0,0,0,0
302176,0,0,0,0,0,0,0
9911508,0,0,0,0,0,0,0
7143,0,0,0,0,0,0,0
106309,2,1,1,1,0,2,3
9801239,1,1,0,0,0,1,1
9910279,2,1,1,1,0,2,10
102231,0,0,0,0,0,0,0
9803421,1,1,0,0,0,1,1
9811210,1,1,0,0,1,0,0
208247,2,2,0,0,0,2,3
9508341,0,0,0,0,0,0,0
2184,2,1,1,1,1,1,4
9501306,0,0,0,0,0,0,0
105114,1,1,0,0,0,1,5
2303,2,2,0,0,0,2,4
10004,2,2,0,0,0,2,5
204175,3,2,1,2,0,3,7
9512444,1,1,0,0,1,0,0
206210,0,0,0,0,0,0,0
106301,3,2,1,1,0,3,16
9803224,0,0,0,0,0,0,0
9702232,0,0,0,0,0,0,0
9905490,0,0,0,0,0,0,0
3015,0,0,0,0,0,0,0
2179,1,1,0,0,1,0,0
9709276,0,0,0,0,0,0,0
9711214,3,1,2,3,0,3,5
212053,0,0,0,0,0,0,0
9709385,0,0,0,0,0,0,0
210100,0,0,0,0,0,0,0
203068,0,0,0,0,0,0,0
10264,1,1,0,0,0,1,3
208107,0,0,0,0,0,0,0
111449,0,0,0,0,0,0,0
9806269,1,1,0,0,0,1,2
9907306,0,0,0,0,0,0,0
9508388,1,1,0,0,1,0,0
107146,0,0,0,0,0,0,0
210200,1,1,0,0,0,1,2
9901257,0,0,0,0,0,0,0
9412354,3,1,2,3,3,0,0
9410202,0,0,0,0,0,0,0
9316,0,0,0,0,0,0,0
9403379,4,2,2,3,4,0,0
210098,1,1,0,0,0,1,5
9910440,0,0,0,0,0,0,0
9205226,1,1,0,0,1,0,0
9710483,2,1,1,1,2,0,0
9905561,0,0,0,0,0,0,0
9507373,1,1,0,0,0,1,1
211241,3,2,1,1,1,2,5
9229,0,0,0,0,0,0,0
9902275,2,1,1,1,0,2,3
6065,3,2,1,1,3,0,0
9909295,1,1,0,0,0,1,4
9812317,0,0,0,0,0,0,0
107292,0,0,0,0,0,0,0
211340,0,0,0,0,0,0,0
209138,0,0,0,0,0,0,0
5165,2,2,0,0,2,0,0
9409223,2,2,0,0,2,0,0
302230,0,0,0,0,0,0,0
205003,0,0,0,0,0,0,0
9911303,0,0,0,0,0,0,0
210335,1,1,0,0,0,1,5
9409397,0,0,0,0,0,0,0
9508318,0,0,0,0,0,0,0
112254,0,0,0,0,0,0,0
204174,2,1,1,1,0,2,13
207368,0,0,0,0,0,0,0
210161,3,2,1,1,0,3,37
6260,0,0,0,0,0,0,0
9706445,0,0,0,0,0,0,0
9802322,3,1,2,2,3,0,0
9608455,0,0,0,0,0,0,0
8031,0,0,0,0,0,0,0
8082,1,1,0,0,0,1,1
9712412,1,1,0,0,1,0,0
301110,0,0,0,0,0,0,0
210420,0,0,0,0,0,0,0
111462,0,0,0,0,0,0,0
9912411,0,0,0,0,0,0,0
9807435,0,0,0,0,0,0,0
9401225,1,1,0,0,1,0,0
9803469,2,2,0,0,0,2,7
101320,1,1,0,0,0,1,8
9308250,0,0,0,0,0,0,0
9809280,1,1,0,0,0,1,11
7200,0,0,0,0,0,0,0
101101,0,0,0,0,0,0,0
9903362,0,0,0,0,0,0,0
6163,1,1,0,0,0,1,2
9608383,0,0,0,0,0,0,0
9901359,0,0,0,0,0,0,0
112265,1,1,0,0,0,1,1
9906454,0,0,0,0,0,0,0
9906466,1,1,0,0,1,0,0
9301230,1,1,0,0,1,0,0
9907484,0,0,0,0,0,0,0
9710344,0,0,0,0,0,0,0
9608234,0,0,0,0,0,0,0
9602247,0,0,0,0,0,0,0
9708489,0,0,0,0,0,0,0
103236,1,1,0,0,1,0,0
209251,0,0,0,0,0,0,0
9405408,0,0,0,0,0,0,0
9911229,1,1,0,0,0,1,5
205249,0,0,0,0,0,0,0
9803423,1,1,0,0,0,1,7
9609508,0,0,0,0,0,0,0
9707202,5,1,4,9,5,0,0
105255,0,0,0,0,0,0,0
9901287,0,0,0,0,0,0,0
208068,0,0,0,0,0,0,0
109040,0,0,0,0,0,0,0
9608208,1,1,0,0,0,1,1
9509301,0,0,0,0,0,0,0
9402334,0,0,0,0,0,0,0
106200,0,0,0,0,0,0,0
9405353,0,0,0,0,0,0,0
9811228,1,1,0,0,1,0,0
208258,0,0,0,0,0,0,0
1063,2,2,0,0,2,0,0
206188,0,0,0,0,0,0,0
9902288,1,1,0,0,0,1,4
6094,0,0,0,0,0,0,0
5308,0,0,0,0,0,0,0
9707528,0,0,0,0,0,0,0
109263,0,0,0,0,0,0,0
9406353,0,0,0,0,0,0,0
9808220,0,0,0,0,0,0,0
9802250,0,0,0,0,0,0,0
105036,0,0,0,0,0,0,0
211436,0,0,0,0,0,0,0
9118,0,0,0,0,0,0,0
9808237,0,0,0,0,0,0,0
105345,0,0,0,0,0,0,0
9607262,0,0,0,0,0,0,0
207245,0,0,0,0,0,0,0
9703322,0,0,0,0,0,0,0
9810395,0,0,0,0,0,0,0
106187,0,0,0,0,0,0,0
9712424,0,0,0,0,0,0,0
202085,0,0,0,0,0,0,0
9908468,2,1,1,1,0,2,6
8203,0,0,0,0,0,0,0
110372,0,0,0,0,0,0,0
10188,0,0,0,0,0,0,0
206117,1,1,0,0,0,1,2
9410373,1,1,0,0,1,0,0
9706327,0,0,0,0,0,0,0
9805409,0,0,0,0,0,0,0
211429,0,0,0,0,0,0,0
9402338,0,0,0,0,0,0,0
9406314,0,0,0,0,0,0,0
9702268,0,0,0,0,0,0,0
205145,0,0,0,0,0,0,0
5130,0,0,0,0,0,0,0
10185,0,0,0,0,0,0,0
206012,0,0,0,0,0,0,0
9503292,1,1,0,0,1,0,0
9905438,1,1,0,0,1,0,0
202062,0,0,0,0,0,0,0
11052,1,1,0,0,1,0,0
208252,0,0,0,0,0,0,0
212326,0,0,0,0,0,0,0
1085,0,0,0,0,0,0,0
210279,0,0,0,0,0,0,0
6111,0,0,0,0,0,0,0
1094,0,0,0,0,0,0,0
9410264,0,0,0,0,0,0,0
111104,0,0,0,0,0,0,0
111248,0,0,0,0,0,0,0
9906217,0,0,0,0,0,0,0
102104,0,0,0,0,0,0,0
9605396,0,0,0,0,0,0,0
9507247,0,0,0,0,0,0,0
11344,0,0,0,0,0,0,0
9810274,0,0,0,0,0,0,0
103255,0,0,0,0,0,0,0
107207,0,0,0,0,0,0,0
106041,0,0,0,0,0,0,0
9912477,0,0,0,0,0,0,0
7029,0,0,0,0,0,0,0
9263,0,0,0,0,0,0,0
9401248,0,0,0,0,0,0,0
9808473,0,0,0,0,0,0,0
9602371,0,0,0,0,0,0,0
6337,0,0,0,0,0,0,0
210107,0,0,0,0,0,0,0
9806414,0,0,0,0,0,0,0
206160,0,0,0,0,0,0,0
212320,1,1,0,0,0,1,2
112256,0,0,0,0,0,0,0
302069,0,0,0,0,0,0,0
9805431,0,0,0,0,0,0,0
7282,0,0,0,0,0,0,0
209086,0,0,0,0,0,0,0
210337,0,0,0,0,0,0,0
9904263,0,0,0,0,0,0,0
9310294,0,0,0,0,0,0,0
9310357,0,0,0,0,0,0,0
9507387,0,0,0,0,0,0,0
105127,0,0,0,0,0,0,0
9806326,0,0,0,0,0,0,0
302211,0,0,0,0,0,0,0
210300,0,0,0,0,0,0,0
9910520,0,0,0,0,0,0,0
112005,0,0,0,0,0,0,0
9902373,1,1,0,0,0,1,1
9612295,0,0,0,0,0,0,0
9906351,0,0,0,0,0,0,0
9711510,0,0,0,0,0,0,0
9503389,0,0,0,0,0,0,0
9808310,0,0,0,0,0,0,0
9207243,0,0,0,0,0,0,0
9308305,0,0,0,0,0,0,0
9608284,0,0,0,0,0,0,0
204019,0,0,0,0,0,0,0
9901417,0,0,0,0,0,0,0
9906534,0,0,0,0,0,0,0
9508355,0,0,0,0,0,0,0
111273,0,0,0,0,0,0,0
302033,0,0,0,0,0,0,0
9805399,0,0,0,0,0,0,0
301157,0,0,0,0,0,0,0
212247,0,0,0,0,0,0,0
9806362,0,0,0,0,0,0,0
211456,0,0,0,0,0,0,0
9708318,0,0,0,0,0,0,0
208253,0,0,0,0,0,0,0
5291,0,0,0,0,0,0,0
9403247,0,0,0,0,0,0,0
9512317,0,0,0,0,0,0,0
9611408,0,0,0,0,0,0,0
9711388,0,0,0,0,0,0,0
9403384,70,5,65,575,70,0,0
8216,7,3,4,5,0,7,28
9806468,48,7,41,177,3,45,412
10222,8,4,4,13,6,2,2
9606354,24,8,16,39,20,4,6
211047,3,1,2,2,0,3,12
9809486,4,1,3,6,1,3,3
9608317,40,6,34,142,35,5,5
9312210,33,6,27,133,22,11,14
9706489,13,4,9,23,7,6,34
9903289,12,3,9,16,10,2,4
9308205,16,3,13,33,4,12,12
9702265,26,5,21,66,1,25,67
2238,13,4,9,33,0,13,117
9504316,131,13,118,1056,34,97,242
102083,4,3,1,1,0,4,19
8047,3,3,0,0,0,3,3
9603434,1,1,0,0,0,1,1
9504413,26,4,22,87,4,22,39
9412201,23,7,16,76,4,19,42
9508296,18,2,16,33,0,18,53
9504292,57,4,53,221,0,57,246
9302316,132,11,121,1108,132,0,0
9808367,12,6,6,13,5,7,16
9807283,68,6,62,454,2,66,143
9707215,38,8,30,114,15,23,28
2044,11,8,3,5,2,9,51
9811266,11,4,7,17,0,11,112
9910314,26,5,21,54,1,25,193
9712239,7,2,5,7,0,7,45
9807305,56,5,51,224,4,52,235
9811407,2,2,0,0,0,2,6
9912231,75,8,67,333,10,65,205
9708213,16,2,14,45,3,13,53
9810435,29,3,26,80,2,27,51
9601332,8,3,5,9,0,8,17
9502304,14,5,9,17,3,11,13
9408271,5,2,3,7,0,5,10
9811479,10,3,7,9,0,10,78
9510461,15,3,12,23,12,3,3
9406417,19,6,13,25,2,17,27
9303274,48,13,35,161,48,0,0
9905549,30,6,24,104,0,30,498
9708272,31,3,28,110,5,26,101
9910211,13,1,12,30,3,10,20
9506260,29,2,27,119,25,4,4
9711428,35,4,31,100,0,35,143
9812471,46,3,43,295,11,35,71
9303230,175,5,170,1548,167,8,8
9611204,13,2,11,22,0,13,52
9706235,20,2,18,53,2,18,91
9412393,25,3,22,54,5,20,26
9803457,55,3,52,219,0,55,408
11124,8,3,5,7,2,6,23
9703290,65,15,50,188,0,65,534
9710331,30,6,24,124,0,30,272
9806266,13,8,5,6,0,13,95
9704287,45,7,38,180,6,39,103
9907572,30,7,23,80,0,30,119
9505240,13,3,10,14,12,1,2
9303309,78,9,69,562,78,0,0
9711258,16,2,14,46,2,14,48
9908229,28,5,23,63,2,26,157
9510404,5,4,1,1,0,5,17
9709507,18,2,16,32,1,17,146
9602350,22,1,21,74,22,0,0
9212235,109,17,92,791,37,72,123
9406368,16,4,12,34,1,15,67
9405373,3,3,0,0,3,0,0
9306240,53,7,46,264,11,42,60
9606415,7,3,4,6,0,7,42
9711292,24,2,22,105,0,24,64
9803389,118,11,107,747,0,118,425
9606443,21,6,15,37,6,15,15
9612338,3,1,2,3,0,3,8
9609235,3,3,0,0,0,3,7
9909572,8,1,7,12,0,8,15
9707326,37,3,34,164,1,36,146
9212312,6,4,2,2,6,0,0
9612457,21,6,15,32,10,11,18
9903226,17,6,11,24,0,17,90
9409287,56,8,48,259,4,52,144
9610543,16,4,12,47,0,16,107
9607293,9,3,6,14,9,0,0
9604425,27,3,24,75,3,24,47
9908416,2,1,1,1,0,2,5
9409376,3,2,1,1,2,1,1
102020,4,1,3,5,1,3,7
9712280,13,4,9,19,1,12,21
9906257,19,4,15,62,0,19,121
9504408,12,3,9,19,5,7,22
9610415,32,3,29,102,8,24,48
9708257,23,1,22,99,0,23,58
9708365,4,2,2,2,4,0,0
9809490,38,2,36,205,2,36,159
9801306,36,5,31,86,1,35,147
9706545,19,6,13,36,1,18,69
9912355,22,5,17,56,1,21,61
9801381,1,1,0,0,0,1,5
9357,13,7,6,12,0,13,168
9906478,82,6,76,720,1,81,743
9209239,57,14,43,177,45,12,12
12039,33,3,30,129,0,33,284
1171,28,4,24,99,1,27,80
108260,12,4,8,21,0,12,71
207275,0,0,0,0,0,0,0
9204237,12,2,10,28,12,0,0
9311287,2,2,0,0,0,2,4
9510220,31,3,28,120,22,9,9
9205227,11,1,10,23,11,0,0
9908316,16,3,13,42,0,16,102
9606387,9,2,7,9,4,5,20
9510218,2,2,0,0,1,1,1
9508237,10,2,8,17,10,0,0
9707511,8,4,4,5,3,5,9
9606484,8,3,5,6,1,7,7
9808312,73,11,62,357,6,67,370
9612437,52,2,50,408,5,47,185
9707207,7,4,3,6,2,5,10
9904297,14,4,10,16,0,14,56
9510252,31,10,21,45,0,31,91
9702392,65,2,63,864,65,0,0
9610325,84,17,67,267,43,41,45
9905305,6,4,2,2,0,6,26
9408352,27,4,23,77,6,21,38
9512334,11,5,6,10,1,10,29
8078,14,6,8,17,0,14,69
9610461,14,3,11,39,0,14,201
9606269,8,2,6,16,0,8,13
9703259,37,6,31,127,2,35,198
9510441,8,2,6,8,0,8,19
9702404,8,2,6,20,0,8,14
9208248,30,5,25,117,30,0,0
204192,8,4,4,5,0,8,114
11313,2,2,0,0,0,2,5
9343,4,4,0,0,0,4,25
5154,14,3,11,36,0,14,89
103280,42,10,32,157,0,42,580
8336,15,6,9,18,0,15,57
9812229,43,3,40,176,6,37,109
9503488,8,4,4,8,0,8,54
102288,15,3,12,33,1,14,41
11307,23,3,20,62,1,22,76
9805242,5,3,2,3,1,4,9
9907332,10,4,6,11,0,10,13
9602296,3,1,2,3,3,0,0
9711328,8,3,5,11,0,8,48
9911427,23,4,19,57,4,19,57
9304289,11,2,9,16,11,0,0
9708282,1,1,0,0,0,1,1
9907272,33,2,31,137,0,33,214
6097,24,13,11,19,0,24,247
9604262,6,5,1,1,3,3,3
9810206,4,3,1,1,0,4,19
10075,40,1,39,344,1,39,521
102033,18,3,15,47,1,17,29
201127,17,2,15,49,0,17,148
107119,43,1,42,466,0,43,86
112186,20,2,18,82,0,20,166
9904236,30,5,25,81,5,25,88
9711405,11,3,8,21,0,11,40
9605250,24,6,18,33,10,14,28
12100,50,9,41,194,7,43,171
9908328,7,1,6,9,0,7,90
9912265,29,8,21,67,0,29,85
103031,10,2,8,15,0,10,122
9810500,22,3,19,60,1,21,216
9911323,33,8,25,63,0,33,148
9609525,10,3,7,12,3,7,7
9411432,9,3,6,10,9,0,0
9303324,6,3,3,3,6,0,0
9706508,3,2,1,1,0,3,11
9409421,14,9,5,8,1,13,16
9909297,28,11,17,58,1,27,282
9308277,19,10,9,16,19,0,0
9807245,2,2,0,0,2,0,0
9609250,11,2,9,18,2,9,20
9412363,8,3,5,8,0,8,15
9411365,185,13,172,1524,3,182,686
9411372,37,6,31,135,22,15,29
9210276,4,2,2,2,3,1,1
9406287,28,3,25,124,28,0,0
9406210,15,4,11,26,0,15,47
9412265,58,2,56,216,7,51,88
9304223,24,2,22,82,24,0,0
202007,5,2,3,3,0,5,15
9612387,10,3,7,16,0,10,48
9710354,42,5,37,154,2,40,154
9809468,8,3,5,7,0,8,96
9409326,45,8,37,172,45,0,0
9809410,6,1,5,13,6,0,0
9707515,9,4,5,8,2,7,27
9912370,0,0,0,0,0,0,0
9907509,25,4,21,67,2,23,166
4018,8,1,7,19,0,8,38
9504324,6,4,2,2,0,6,48
9807303,3,2,1,1,2,1,1
9506355,2,2,0,0,0,2,3
9903268,33,8,25,61,0,33,170
9807251,33,5,28,95,1,32,262
9406212,31,13,18,53,5,26,45
9311285,18,2,16,44,0,18,18
9804353,16,3,13,29,3,13,50
9602241,2,1,1,1,2,0,0
9404306,17,5,12,40,5,12,12
9604305,4,1,3,5,1,3,4
6326,5,2,3,3,0,5,18
9705446,1,1,0,0,0,1,3
9601333,4,2,2,2,0,4,38
9311376,16,6,10,21,16,0,0
9511399,16,6,10,19,11,5,11
9710252,2,1,1,1,0,2,8
9906337,3,3,0,0,2,1,2
9502252,6,3,3,3,0,6,32
9608479,8,3,5,9,0,8,10
9705460,10,4,6,9,0,10,29
9311367,25,5,20,121,11,14,23
9410294,3,1,2,3,0,3,8
9702378,14,1,13,48,14,0,0
9508386,30,7,23,99,22,8,14
9904396,3,1,2,2,2,1,1
9306322,23,2,21,100,9,14,14
108137,0,0,0,0,0,0,0
9905254,1,1,0,0,0,1,1
9809206,7,4,3,4,1,6,22
9506314,10,4,6,13,8,2,2
9812454,5,2,3,5,0,5,24
9406343,5,2,3,5,3,2,2
9812447,2,2,0,0,0,2,8
9082,3,1,2,2,1,2,7
10276,1,1,0,0,0,1,2
9910481,12,3,9,32,1,11,76
9704378,10,6,4,11,0,10,12
9604331,7,3,4,7,1,6,13
9306207,8,5,3,3,6,2,2
9501266,20,3,17,46,10,10,15
9709498,3,2,1,1,1,2,3
9807248,4,2,2,2,0,4,4
9605373,3,1,2,3,3,0,0
9305223,11,2,9,30,11,0,0
9348,4,3,1,1,0,4,29
9905552,9,4,5,12,0,9,44
9908486,17,5,12,40,0,17,85
9811500,41,2,39,216,1,40,173
9612405,5,2,3,5,0,5,21
9909433,2,1,1,1,0,2,15
9196,3,1,2,2,0,3,19
9502366,27,10,17,38,1,26,92
1231,1,1,0,0,0,1,3
9511345,12,6,6,11,0,12,65
205296,1,1,0,0,0,1,5
9710350,2,2,0,0,0,2,12
4139,25,2,23,88,1,24,57
9904354,3,2,1,1,1,2,2
9903250,1,1,0,0,1,0,0
103122,1,1,0,0,0,1,8
9302203,21,4,17,56,21,0,0
3165,13,2,11,34,0,13,62
107188,3,2,1,1,0,3,8
9612491,1,1,0,0,0,1,2
101257,9,2,7,10,0,9,79
9911302,23,5,18,44,1,22,100
9610341,5,3,2,2,3,2,6
3317,10,4,6,9,0,10,58
9509201,22,2,20,90,3,19,19
9806224,5,1,4,8,0,5,25
9710382,14,7,7,13,6,8,8
9505377,3,2,1,1,1,2,4
7295,0,0,0,0,0,0,0
9608438,15,1,14,46,0,15,45
9712237,4,2,2,2,4,0,0
108233,6,2,4,5,0,6,32
9610223,17,5,12,24,9,8,8
9801222,12,4,8,14,0,12,53
9507397,9,3,6,10,9,0,0
9803241,32,3,29,157,0,32,198
9403409,1,1,0,0,1,0,0
9511449,4,4,0,0,0,4,14
101251,4,3,1,1,0,4,17
9712464,15,5,10,19,1,14,81
11136,9,4,5,8,4,5,7
9610342,1,1,0,0,0,1,3
9604436,15,1,14,35,15,0,0
11153,3,3,0,0,0,3,17
105129,9,1,8,14,0,9,24
209129,0,0,0,0,0,0,0
207015,0,0,0,0,0,0,0
202269,6,5,1,1,0,6,59
9610502,0,0,0,0,0,0,0
9402289,3,2,1,1,0,3,6
9905275,5,1,4,9,0,5,34
107241,3,2,1,1,0,3,6
110098,4,1,3,3,0,4,29
103127,15,2,13,49,2,13,132
9307245,38,4,34,207,38,0,0
9912399,0,0,0,0,0,0,0
9511329,9,5,4,6,9,0,0
9310286,31,7,24,80,21,10,10
9604438,9,6,3,7,0,9,41
9611387,7,2,5,9,0,7,38
9812233,11,5,6,9,0,11,40
9908436,2,2,0,0,0,2,12
204050,3,2,1,1,0,3,12
9902325,5,1,4,8,0,5,11
9209287,9,4,5,11,9,0,0
112126,10,6,4,8,0,10,72
9504288,11,3,8,12,5,6,7
9410269,6,2,4,8,0,6,24
9601278,4,2,2,2,1,3,18
9611359,32,3,29,95,27,5,5
9308215,5,3,2,4,4,1,1
8314,1,1,0,0,0,1,2
205234,3,2,1,1,0,3,30
204314,60,6,54,298,1,59,225
9604357,17,2,15,43,1,16,29
11139,1,1,0,0,1,0,0
105224,6,2,4,9,0,6,50
9406274,11,2,9,21,11,0,0
104035,13,5,8,24,3,10,20
105136,6,3,3,4,0,6,28
9904316,3,3,0,0,1,2,2
9209257,12,5,7,10,12,0,0
9401202,22,3,19,67,22,0,0
9510425,6,1,5,8,0,6,28
9511407,15,2,13,35,0,15,69
110097,6,3,3,3,0,6,36
104108,23,3,20,71,0,23,378
106230,8,4,4,5,0,8,34
9411232,12,8,4,10,6,6,8
9412295,9,2,7,13,5,4,4
9610523,2,1,1,1,0,2,6
102317,8,3,5,8,0,8,63
9311249,3,1,2,2,2,1,2
9901286,1,1,0,0,0,1,9
9405236,12,5,7,14,12,0,0
107162,3,3,0,0,0,3,17
9511207,2,2,0,0,0,2,5
9610218,8,4,4,12,0,8,23
9307320,12,7,5,9,0,12,18
9131,6,2,4,4,1,5,22
9609530,13,4,9,21,1,12,40
210402,2,1,1,1,0,2,5
7224,20,2,18,90,1,19,70
9605313,9,1,8,19,0,9,9
9811248,11,4,7,10,0,11,138
9906310,21,3,18,65,3,18,128
7246,6,3,3,3,2,4,18
9710304,12,3,9,31,0,12,36
5324,3,3,0,0,0,3,7
9503401,9,1,8,13,6,3,6
9912327,0,0,0,0,0,0,0
9803360,3,3,0,0,0,3,18
9610454,1,1,0,0,0,1,1
9309328,3,1,2,2,3,0,0
7061,3,1,2,3,0,3,21
9611438,22,2,20,95,9,13,18
3222,14,3,11,33,0,14,105
102021,7,2,5,8,0,7,25
12283,8,2,6,11,0,8,63
9909407,4,3,1,2,3,1,1
9804451,15,3,12,39,0,15,59
101142,7,2,5,6,0,7,29
9607484,4,3,1,1,1,3,33
9701412,11,5,6,9,11,0,0
207158,6,2,4,8,6,0,0
9708243,5,2,3,5,1,4,9
108061,2,1,1,1,0,2,12
107052,3,2,1,1,0,3,12
9602426,5,1,4,9,0,5,9
103304,2,2,0,0,0,2,4
9404274,9,2,7,13,9,0,0
9503330,1,1,0,0,0,1,2
2126,11,9,2,2,1,10,44
8105,10,5,5,10,0,10,48
9603360,2,2,0,0,2,0,0
111240,1,1,0,0,0,1,5
111218,2,1,1,1,0,2,15
2081,11,3,8,15,0,11,66
9342,3,1,2,2,1,2,7
2079,4,3,1,1,0,4,36
5276,14,4,10,21,0,14,188
9902475,8,3,5,9,0,8,76
106163,19,1,18,94,0,19,107
107001,20,1,19,100,0,20,20
4148,8,4,4,11,0,8,54
109100,4,3,1,1,0,4,22
9811417,8,2,6,9,2,6,27
9512201,1,1,0,0,0,1,1
103142,0,0,0,0,0,0,0
6183,9,3,6,8,0,9,24
9407341,4,3,1,1,4,0,0
112156,3,2,1,1,0,3,22
9810449,2,1,1,1,0,2,14
102076,0,0,0,0,0,0,0
205008,4,2,2,2,1,3,4
12143,19,2,17,59,2,17,54
9906269,3,3,0,0,0,3,12
9211255,5,3,2,3,5,0,0
112360,5,2,3,6,0,5,39
9805300,5,4,1,1,0,5,6
9809270,0,0,0,0,0,0,0
9802316,3,1,2,3,2,1,1
9512373,2,1,1,1,1,1,1
9305314,17,7,10,21,17,0,0
9266,3,1,2,3,0,3,23
9909408,9,3,6,13,0,9,55
106105,0,0,0,0,0,0,0
9407392,2,1,1,1,0,2,2
9807453,7,3,4,6,0,7,12
2259,10,2,8,16,1,9,18
9807268,4,3,1,1,2,2,3
9207226,13,2,11,21,13,0,0
9806277,2,2,0,0,2,0,0
9609240,4,3,1,1,0,4,32
9912420,3,1,2,3,0,3,29
9304298,15,8,7,19,10,5,12
9912367,12,4,8,12,0,12,174
9804368,2,2,0,0,2,0,0
9708484,1,1,0,0,0,1,3
10343,3,3,0,0,2,1,1
9806428,17,3,14,49,0,17,28
5280,3,3,0,0,0,3,30
108181,3,1,2,2,0,3,5
9906359,8,4,4,4,1,7,12
9903532,7,5,2,2,1,6,10
9911460,10,1,9,27,0,10,92
9411438,19,4,15,45,17,2,2
206080,3,3,0,0,1,2,17
201105,4,4,0,0,0,4,19
3136,10,1,9,30,0,10,20
106326,4,1,3,5,0,4,9
9806528,24,6,18,62,1,23,66
111070,0,0,0,0,0,0,0
9610429,7,1,6,16,7,0,0
9904410,3,3,0,0,0,3,15
212071,2,2,0,0,1,1,2
9309220,4,1,3,4,4,0,0
9406324,6,4,2,3,0,6,10
9406367,0,0,0,0,0,0,0
203080,1,1,0,0,0,1,8
9903315,7,1,6,9,2,5,8
9903296,1,1,0,0,1,0,0
9407234,4,4,0,0,2,2,2
102087,3,3,0,0,0,3,36
9602375,9,3,6,8,9,0,0
9078,8,3,5,6,0,8,29
9607256,6,2,4,4,0,6,9
9808229,2,2,0,0,0,2,4
9811451,2,2,0,0,0,2,4
9609453,3,1,2,2,0,3,5
9903504,2,1,1,1,0,2,25
9508304,1,1,0,0,0,1,1
210345,0,0,0,0,0,0,0
112086,0,0,0,0,0,0,0
9907241,12,5,7,12,0,12,55
12041,10,3,7,24,1,9,47
11048,9,3,6,9,0,9,88
9811254,0,0,0,0,0,0,0
111198,2,1,1,1,0,2,35
108065,5,2,3,3,2,3,11
9401338,3,3,0,0,0,3,3
12226,3,1,2,3,0,3,5
1291,1,1,0,0,0,1,5
209094,2,1,1,1,0,2,17
202055,1,1,0,0,0,1,3
202016,4,3,1,1,0,4,32
106012,59,17,42,106,0,59,677
9301211,10,5,5,10,10,0,0
9901276,3,2,1,1,0,3,64
205314,13,3,10,31,0,13,69
9810338,6,4,2,4,0,6,26
9508262,9,1,8,22,0,9,13
9308223,16,10,6,16,4,12,18
9803225,29,4,25,136,3,26,100
9908393,7,2,5,8,0,7,25
103337,5,1,4,7,1,4,5
302128,0,0,0,0,0,0,0
9911203,11,2,9,15,6,5,10
9710358,13,3,10,37,0,13,44
9904258,7,2,5,12,3,4,16
11082,4,2,2,3,0,4,24
12296,2,1,1,1,0,2,19
9303220,3,2,1,1,3,0,0
9803336,4,3,1,1,4,0,0
9503478,10,2,8,25,10,0,0
205244,7,3,4,10,0,7,59
9311207,7,4,3,6,1,6,17
9511320,3,2,1,1,1,2,6
9610243,4,3,1,1,0,4,15
9712349,6,4,2,3,0,6,29
9504276,8,4,4,5,4,4,4
9901426,1,1,0,0,0,1,1
9906444,2,2,0,0,0,2,4
110028,2,2,0,0,0,2,4
9612473,1,1,0,0,0,1,2
208230,0,0,0,0,0,0,0
9208240,6,5,1,1,6,0,0
9905457,0,0,0,0,0,0,0
9611342,0,0,0,0,0,0,0
9704425,0,0,0,0,0,0,0
9811263,9,5,4,10,0,9,34
9605404,3,1,2,3,0,3,4
9807266,15,3,12,49,0,15,35
9608331,1,1,0,0,1,0,0
9907280,2,2,0,0,2,0,0
9910499,5,5,0,0,0,5,38
9502368,7,2,5,6,7,0,0
9406310,1,1,0,0,0,1,1
9702302,1,1,0,0,0,1,2
301143,2,1,1,1,0,2,19
211266,4,4,0,0,0,4,55
112027,4,3,1,1,0,4,13
9510412,1,1,0,0,0,1,7
104217,10,5,5,10,0,10,109
9805507,4,1,3,6,4,0,0
204279,4,2,2,5,1,3,17
9906312,5,2,3,6,0,5,16
104288,4,4,0,0,0,4,37
9912539,2,1,1,1,0,2,9
204014,4,4,0,0,0,4,20
206203,2,2,0,0,0,2,5
9803295,4,3,1,1,0,4,7
9304314,5,2,3,5,5,0,0
2074,10,6,4,8,0,10,43
9908315,1,1,0,0,1,0,0
8163,3,3,0,0,0,3,19
9409261,2,1,1,1,2,0,0
106030,1,1,0,0,0,1,1
201015,0,0,0,0,0,0,0
9207246,8,1,7,15,8,0,0
9612471,2,2,0,0,0,2,4
9709309,0,0,0,0,0,0,0
9608426,2,1,1,1,0,2,4
9805487,1,1,0,0,0,1,6
11345,1,1,0,0,0,1,1
9209219,3,1,2,2,3,0,0
9707392,7,2,5,15,7,0,0
211181,4,2,2,2,0,4,14
9810392,8,3,5,8,8,0,0
9702267,1,1,0,0,0,1,7
9611460,4,2,2,2,1,3,8
212388,1,1,0,0,0,1,3
7207,9,1,8,16,0,9,15
9208217,5,5,0,0,5,0,0
111430,2,1,1,1,0,2,4
9612345,1,1,0,0,0,1,3
9301279,1,1,0,0,1,0,0
111117,1,1,0,0,1,0,0
9312260,2,2,0,0,2,0,0
9702212,2,2,0,0,0,2,10
11201,4,4,0,0,0,4,27
103146,0,0,0,0,0,0,0
9507254,1,1,0,0,1,0,0
9508308,6,3,3,4,6,0,0
7017,1,1,0,0,0,1,17
208248,2,2,0,0,1,1,8
9808471,2,2,0,0,0,2,5
103115,1,1,0,0,0,1,4
9705249,4,1,3,3,3,1,2
9804246,0,0,0,0,0,0,0
9706352,1,1,0,0,0,1,1
212156,2,1,1,1,0,2,9
109053,3,2,1,1,0,3,10
9701320,2,2,0,0,2,0,0
5279,0,0,0,0,0,0,0
210272,0,0,0,0,0,0,0
9709352,9,5,4,7,9,0,0
9903377,4,1,3,6,0,4,11
111113,2,1,1,1,0,2,7
9703256,8,3,5,7,6,2,3
201278,1,1,0,0,0,1,7
211122,0,0,0,0,0,0,0
9806497,0,0,0,0,0,0,0
9508396,0,0,0,0,0,0,0
206011,1,1,0,0,0,1,20
205059,1,1,0,0,0,1,2
9711252,4,2,2,3,0,4,7
9503350,6,4,2,3,0,6,11
9805495,8,3,5,14,1,7,17
9910352,7,3,4,13,0,7,30
9903209,7,3,4,6,4,3,3
9804334,0,0,0,0,0,0,0
9809281,1,1,0,0,0,1,1
9806451,4,3,1,1,2,2,4
9209208,2,2,0,0,1,1,1
112174,4,1,3,5,0,4,24
206295,2,2,0,0,0,2,7
9605361,4,2,2,3,0,4,20
9707389,9,2,7,15,9,0,0
107286,2,2,0,0,0,2,8
9341,5,1,4,7,5,0,0
104169,1,1,0,0,0,1,8
9603426,3,1,2,2,0,3,3
105086,1,1,0,0,0,1,1
9906416,1,1,0,0,0,1,3
9408330,3,2,1,1,2,1,1
9609338,0,0,0,0,0,0,0
9273,5,1,4,6,1,4,6
9208257,1,1,0,0,1,0,0
9706351,1,1,0,0,0,1,5
9811410,12,8,4,4,2,10,38
10207,12,2,10,27,0,12,60
9704386,3,3,0,0,3,0,0
9703292,4,1,3,5,0,4,4
3160,9,3,6,14,1,8,28
9905318,8,5,3,3,2,6,6
109191,3,3,0,0,3,0,0
6080,5,5,0,0,0,5,10
201171,4,1,3,3,0,4,19
9706246,4,2,2,2,2,2,2
7180,8,5,3,4,0,8,26
1237,1,1,0,0,1,0,0
9412292,1,1,0,0,1,0,0
9809324,4,1,3,4,1,3,6
9707310,1,1,0,0,0,1,4
9507330,5,3,2,2,5,0,0
9902247,0,0,0,0,0,0,0
9810236,0,0,0,0,0,0,0
9709262,2,2,0,0,0,2,16
9911518,0,0,0,0,0,0,0
207012,3,3,0,0,0,3,20
9507351,3,2,1,1,2,1,1
9906278,0,0,0,0,0,0,0
101049,8,4,4,4,1,7,28
4259,3,2,1,1,0,3,3
211080,3,3,0,0,0,3,25
9302300,3,3,0,0,3,0,0
102280,1,1,0,0,0,1,3
109082,2,1,1,1,1,1,1
9809288,1,1,0,0,0,1,2
8180,1,1,0,0,0,1,3
9706469,4,1,3,5,3,1,1
9812422,3,1,2,2,0,3,13
9812354,8,2,6,18,2,6,10
11100,0,0,0,0,0,0,0
9911358,4,1,3,4,1,3,7
209127,2,2,0,0,0,2,16
9812350,1,1,0,0,0,1,5
9608240,2,1,1,1,0,2,3
209269,6,3,3,4,0,6,96
3151,3,2,1,2,1,2,3
11114,3,2,1,1,0,3,18
9502389,0,0,0,0,0,0,0
204186,1,1,0,0,1,0,0
9311299,2,2,0,0,0,2,7
9809436,1,1,0,0,0,1,2
9301219,3,2,1,1,3,0,0
207296,3,1,2,2,0,3,48
9306278,1,1,0,0,0,1,1
1025,9,1,8,24,0,9,36
12238,2,1,1,1,2,0,0
209347,1,1,0,0,1,0,0
9511467,1,1,0,0,1,0,0
301093,1,1,0,0,0,1,2
102162,1,1,0,0,0,1,9
9306262,1,1,0,0,1,0,0
209245,0,0,0,0,0,0,0
9502236,0,0,0,0,0,0,0
9911383,4,2,2,3,0,4,39
12082,4,1,3,4,0,4,8
107055,2,2,0,0,0,2,7
206226,1,1,0,0,0,1,5
101085,10,6,4,4,0,10,20
9307373,1,1,0,0,0,1,1
9909546,2,2,0,0,0,2,4
202213,1,1,0,0,0,1,2
9912423,14,2,12,26,1,13,42
5149,3,1,2,2,0,3,37
9708368,1,1,0,0,0,1,1
9601210,1,1,0,0,1,0,0
202226,1,1,0,0,0,1,5
5054,2,1,1,1,0,2,9
9809465,7,1,6,13,7,0,0
9807257,2,2,0,0,0,2,11
9908414,8,2,6,13,0,8,27
9912241,3,1,2,3,0,3,15
210159,0,0,0,0,0,0,0
9506385,7,4,3,5,7,0,0
9609292,0,0,0,0,0,0,0
9602286,0,0,0,0,0,0,0
9804408,3,2,1,1,0,3,3
9806316,5,3,2,4,0,5,12
9708434,0,0,0,0,0,0,0
108095,1,1,0,0,0,1,2
110092,0,0,0,0,0,0,0
9310255,0,0,0,0,0,0,0
105030,1,1,0,0,0,1,2
208259,1,1,0,0,0,1,2
11293,1,1,0,0,0,1,4
9506346,2,1,1,1,2,0,0
203189,3,2,1,1,0,3,23
102178,2,1,1,1,0,2,16
9807475,1,1,0,0,1,0,0
9304293,6,1,5,6,6,0,0
112267,0,0,0,0,0,0,0
208102,2,2,0,0,0,2,5
107229,1,1,0,0,1,0,0
9702217,0,0,0,0,0,0,0
104019,5,4,1,2,0,5,12
104197,0,0,0,0,0,0,0
9911382,1,1,0,0,1,0,0
101095,1,1,0,0,0,1,3
209103,2,2,0,0,0,2,9
9805460,5,2,3,3,1,4,15
9906447,2,2,0,0,2,0,0
9605218,1,1,0,0,0,1,4
9411428,2,1,1,1,1,1,1
9901313,1,1,0,0,0,1,6
9512347,1,1,0,0,1,0,0
9901340,4,2,2,5,4,0,0
9701297,1,1,0,0,1,0,0
9503262,0,0,0,0,0,0,0
202063,6,3,3,5,0,6,25
9912219,0,0,0,0,0,0,0
10113,2,1,1,1,0,2,9
110379,0,0,0,0,0,0,0
211030,0,0,0,0,0,0,0
9908428,2,2,0,0,1,1,1
212347,0,0,0,0,0,0,0
103099,7,4,3,6,0,7,46
9808408,2,2,0,0,0,2,14
9711493,0,0,0,0,0,0,0
102037,1,1,0,0,0,1,7
9809447,2,1,1,1,0,2,4
111375,0,0,0,0,0,0,0
9603433,2,1,1,1,0,2,12
102185,1,1,0,0,1,0,0
9507409,1,1,0,0,1,0,0
10018,2,2,0,0,1,1,3
9611238,2,1,1,1,0,2,2
9402201,4,2,2,3,4,0,0
9310318,2,1,1,1,2,0,0
107208,1,1,0,0,0,1,1
207018,0,0,0,0,0,0,0
9807571,0,0,0,0,0,0,0
9708217,2,1,1,1,2,0,0
9309225,3,2,1,1,3,0,0
111295,1,1,0,0,0,1,5
209156,1,1,0,0,0,1,1
9311371,0,0,0,0,0,0,0
102075,8,6,2,4,0,8,34
110236,0,0,0,0,0,0,0
9411244,2,2,0,0,2,0,0
9508381,1,1,0,0,0,1,1
207287,5,2,3,4,0,5,68
9906391,3,2,1,2,0,3,3
9910452,2,1,1,1,0,2,4
208070,6,4,2,5,0,6,36
212184,0,0,0,0,0,0,0
9402242,1,1,0,0,1,0,0
212304,1,1,0,0,0,1,17
9905573,3,3,0,0,3,0,0
9704284,0,0,0,0,0,0,0
203203,1,1,0,0,1,0,0
9706490,2,1,1,1,2,0,0
111305,2,1,1,1,0,2,6
9611279,0,0,0,0,0,0,0
9805503,0,0,0,0,0,0,0
103114,2,1,1,1,2,0,0
9905206,6,3,3,5,1,5,5
9611346,1,1,0,0,0,1,1
207182,3,2,1,1,0,3,5
106042,1,1,0,0,0,1,1
9812410,0,0,0,0,0,0,0
9611329,2,2,0,0,0,2,6
104107,1,1,0,0,0,1,2
9710201,1,1,0,0,1,0,0
9612420,1,1,0,0,1,0,0
9710307,1,1,0,0,0,1,7
11318,1,1,0,0,1,0,0
105039,0,0,0,0,0,0,0
207192,0,0,0,0,0,0,0
9910458,6,3,3,4,0,6,7
205326,0,0,0,0,0,0,0
9902470,1,1,0,0,0,1,13
202220,0,0,0,0,0,0,0
9801221,0,0,0,0,0,0,0
206263,3,3,0,0,1,2,2
9508232,3,1,2,3,2,1,1
9702388,3,3,0,0,1,2,2
301235,0,0,0,0,0,0,0
9909314,0,0,0,0,0,0,0
302166,0,0,0,0,0,0,0
9702224,0,0,0,0,0,0,0
9710202,1,1,0,0,0,1,1
9506255,4,2,2,4,4,0,0
107008,0,0,0,0,0,0,0
9812351,1,1,0,0,1,0,0
9808461,2,2,0,0,0,2,2
201092,1,1,0,0,0,1,2
9511262,3,2,1,1,3,0,0
207330,1,1,0,0,0,1,18
6074,2,2,0,0,0,2,3
7204,0,0,0,0,0,0,0
9353,0,0,0,0,0,0,0
2291,0,0,0,0,0,0,0
211050,1,1,0,0,0,1,1
9906293,5,4,1,1,2,3,3
106355,0,0,0,0,0,0,0
9412288,0,0,0,0,0,0,0
5254,1,1,0,0,0,1,5
212384,1,1,0,0,0,1,15
301045,0,0,0,0,0,0,0
9601263,1,1,0,0,1,0,0
206217,3,2,1,1,3,0,0
9811368,0,0,0,0,0,0,0
9812219,0,0,0,0,0,0,0
109235,0,0,0,0,0,0,0
9710210,0,0,0,0,0,0,0
9906541,1,1,0,0,0,1,1
9710254,0,0,0,0,0,0,0
9407298,2,2,0,0,2,0,0
9909363,2,2,0,0,0,2,6
107058,0,0,0,0,0,0,0
9508345,2,1,1,1,1,1,1
9905235,0,0,0,0,0,0,0
109048,2,2,0,0,0,2,17
210303,2,1,1,1,0,2,4
102322,0,0,0,0,0,0,0
302205,0,0,0,0,0,0,0
108124,1,1,0,0,0,1,6
204356,0,0,0,0,0,0,0
207078,1,1,0,0,0,1,1
111034,0,0,0,0,0,0,0
107043,1,1,0,0,0,1,2
9507223,1,1,0,0,0,1,1
9411262,1,1,0,0,0,1,2
9803270,2,1,1,1,0,2,5
206267,1,1,0,0,0,1,9
9609405,1,1,0,0,0,1,2
9710498,0,0,0,0,0,0,0
112232,2,2,0,0,2,0,0
1246,0,0,0,0,0,0,0
206289,1,1,0,0,0,1,1
105343,0,0,0,0,0,0,0
11249,0,0,0,0,0,0,0
9805458,3,1,2,2,0,3,5
203230,2,2,0,0,0,2,2
201078,0,0,0,0,0,0,0
107251,1,1,0,0,0,1,7
12252,1,1,0,0,1,0,0
9601299,2,1,1,1,0,2,4
211166,0,0,0,0,0,0,0
9909426,2,1,1,1,0,2,3
9903409,1,1,0,0,1,0,0
12228,0,0,0,0,0,0,0
9703300,0,0,0,0,0,0,0
9310308,0,0,0,0,0,0,0
9507249,0,0,0,0,0,0,0
9611464,0,0,0,0,0,0,0
110378,0,0,0,0,0,0,0
9907551,1,1,0,0,0,1,6
207252,0,0,0,0,0,0,0
9903493,1,1,0,0,0,1,7
9709503,0,0,0,0,0,0,0
112301,0,0,0,0,0,0,0
204033,0,0,0,0,0,0,0
301124,0,0,0,0,0,0,0
207011,0,0,0,0,0,0,0
202015,2,2,0,0,0,2,7
9807554,2,2,0,0,2,0,0
2104,0,0,0,0,0,0,0
9610382,1,1,0,0,0,1,3
9602388,0,0,0,0,0,0,0
9510459,0,0,0,0,0,0,0
9609275,0,0,0,0,0,0,0
9406333,0,0,0,0,0,0,0
211143,0,0,0,0,0,0,0
206224,0,0,0,0,0,0,0
206181,1,1,0,0,0,1,4
209321,0,0,0,0,0,0,0
9612255,0,0,0,0,0,0,0
9910383,0,0,0,0,0,0,0
9608217,0,0,0,0,0,0,0
9902246,0,0,0,0,0,0,0
9710325,0,0,0,0,0,0,0
9907535,1,1,0,0,0,1,1
3314,0,0,0,0,0,0,0
9909309,0,0,0,0,0,0,0
10256,0,0,0,0,0,0,0
102026,0,0,0,0,0,0,0
2140,1,1,0,0,0,1,2
9701386,0,0,0,0,0,0,0
9610436,0,0,0,0,0,0,0
104208,2,2,0,0,0,2,3
211094,0,0,0,0,0,0,0
212080,0,0,0,0,0,0,0
9212275,1,1,0,0,1,0,0
9912328,0,0,0,0,0,0,0
205209,0,0,0,0,0,0,0
9608271,1,1,0,0,1,0,0
207039,0,0,0,0,0,0,0
205159,1,1,0,0,0,1,4
203250,0,0,0,0,0,0,0
9708317,0,0,0,0,0,0,0
110386,1,1,0,0,1,0,0
9809457,1,1,0,0,1,0,0
9605251,1,1,0,0,1,0,0
9308306,2,1,1,1,2,0,0
9812291,1,1,0,0,1,0,0
9602367,0,0,0,0,0,0,0
210187,0,0,0,0,0,0,0
9909213,0,0,0,0,0,0,0
204046,2,2,0,0,0,2,7
212400,0,0,0,0,0,0,0
210071,0,0,0,0,0,0,0
9609228,1,1,0,0,0,1,1
9907403,0,0,0,0,0,0,0
9611338,0,0,0,0,0,0,0
9712548,0,0,0,0,0,0,0
9311240,0,0,0,0,0,0,0
9904430,4,1,3,5,0,4,4
9606338,0,0,0,0,0,0,0
9711239,0,0,0,0,0,0,0
201182,0,0,0,0,0,0,0
108263,1,1,0,0,0,1,11
211269,0,0,0,0,0,0,0
9404350,0,0,0,0,0,0,0
106142,0,0,0,0,0,0,0
111250,0,0,0,0,0,0,0
9606476,1,1,0,0,0,1,1
209075,0,0,0,0,0,0,0
111168,1,1,0,0,1,0,0
302011,0,0,0,0,0,0,0
212246,0,0,0,0,0,0,0
9407240,0,0,0,0,0,0,0
9507206,3,1,2,3,1,2,6
103241,0,0,0,0,0,0,0
211128,0,0,0,0,0,0,0
111132,0,0,0,0,0,0,0
9804203,0,0,0,0,0,0,0
212362,1,1,0,0,0,1,3
112244,0,0,0,0,0,0,0
210311,0,0,0,0,0,0,0
9803442,3,3,0,0,0,3,9
110118,0,0,0,0,0,0,0
9608312,1,1,0,0,0,1,2
211443,0,0,0,0,0,0,0
112315,0,0,0,0,0,0,0
111422,0,0,0,0,0,0,0
9610416,0,0,0,0,0,0,0
201181,0,0,0,0,0,0,0
9907212,0,0,0,0,0,0,0
212303,0,0,0,0,0,0,0
101270,0,0,0,0,0,0,0
9804369,5,1,4,7,0,5,11
9909279,0,0,0,0,0,0,0
9809515,0,0,0,0,0,0,0
202036,1,1,0,0,1,0,0
102132,0,0,0,0,0,0,0
9608348,0,0,0,0,0,0,0
104004,0,0,0,0,0,0,0
12159,0,0,0,0,0,0,0
9507456,3,3,0,0,3,0,0
9211275,0,0,0,0,0,0,0
11341,0,0,0,0,0,0,0
302022,0,0,0,0,0,0,0
109152,0,0,0,0,0,0,0
210087,0,0,0,0,0,0,0
5271,1,1,0,0,0,1,1
3245,1,1,0,0,0,1,11
9309250,0,0,0,0,0,0,0
9606321,0,0,0,0,0,0,0
2217,0,0,0,0,0,0,0
9305253,1,1,0,0,1,0,0
9603332,0,0,0,0,0,0,0
3197,0,0,0,0,0,0,0
9908241,0,0,0,0,0,0,0
110211,2,1,1,1,2,0,0
3001,2,1,1,1,0,2,5
112224,0,0,0,0,0,0,0
9508404,0,0,0,0,0,0,0
9905570,0,0,0,0,0,0,0
3128,0,0,0,0,0,0,0
203176,0,0,0,0,0,0,0
9311369,1,1,0,0,1,0,0
211317,0,0,0,0,0,0,0
302169,0,0,0,0,0,0,0
9911495,0,0,0,0,0,0,0
10168,0,0,0,0,0,0,0
201082,0,0,0,0,0,0,0
112099,0,0,0,0,0,0,0
205236,0,0,0,0,0,0,0
9809378,0,0,0,0,0,0,0
212106,0,0,0,0,0,0,0
9809488,0,0,0,0,0,0,0
9301251,2,2,0,0,2,0,0
8162,1,1,0,0,0,1,2
211133,0,0,0,0,0,0,0
111111,0,0,0,0,0,0,0
4089,0,0,0,0,0,0,0
9604379,0,0,0,0,0,0,0
203207,0,0,0,0,0,0,0
9902331,0,0,0,0,0,0,0
9253,0,0,0,0,0,0,0
9710269,0,0,0,0,0,0,0
211121,0,0,0,0,0,0,0
9707230,0,0,0,0,0,0,0
9904342,1,1,0,0,1,0,0
204098,1,1,0,0,0,1,5
9506294,0,0,0,0,0,0,0
206129,0,0,0,0,0,0,0
9240,0,0,0,0,0,0,0
9912252,0,0,0,0,0,0,0
8194,0,0,0,0,0,0,0
212188,0,0,0,0,0,0,0
302037,0,0,0,0,0,0,0
205339,0,0,0,0,0,0,0
105072,0,0,0,0,0,0,0
106109,0,0,0,0,0,0,0
108169,0,0,0,0,0,0,0
209185,0,0,0,0,0,0,0
9706446,0,0,0,0,0,0,0
212336,0,0,0,0,0,0,0
9507313,0,0,0,0,0,0,0
9206234,1,1,0,0,1,0,0
211003,0,0,0,0,0,0,0
9409441,0,0,0,0,0,0,0
9501309,0,0,0,0,0,0,0
9604447,0,0,0,0,0,0,0
211407,0,0,0,0,0,0,0
211377,0,0,0,0,0,0,0
9809375,0,0,0,0,0,0,0
103270,1,1,0,0,1,0,0
9408259,0,0,0,0,0,0,0
105243,0,0,0,0,0,0,0
211435,0,0,0,0,0,0,0
9808316,0,0,0,0,0,0,0
9806242,1,1,0,0,1,0,0
9609259,0,0,0,0,0,0,0
9707397,0,0,0,0,0,0,0
106010,0,0,0,0,0,0,0
9806393,1,1,0,0,1,0,0
9305249,1,1,0,0,1,0,0
11224,0,0,0,0,0,0,0
211212,0,0,0,0,0,0,0
9408236,0,0,0,0,0,0,0
9512380,185,8,177,1621,113,72,139
8273,27,5,22,106,0,27,210
9808493,100,5,95,754,8,92,589
11086,6,2,4,7,2,4,16
9610208,42,6,36,147,11,31,59
211224,1,1,0,0,0,1,6
9812246,7,2,5,9,1,6,38
9705337,57,15,42,163,7,50,240
9403366,33,2,31,111,33,0,0
9708357,18,6,12,32,1,17,28
9905436,11,3,8,16,2,9,11
9311320,17,8,9,15,10,7,15
9702381,24,9,15,37,1,23,83
9908236,5,2,3,6,0,5,18
9511344,32,6,26,125,9,23,52
104047,21,3,18,56,0,21,226
9810383,5,2,3,3,5,0,0
9403353,7,5,2,2,5,2,6
9505426,2,2,0,0,0,2,5
9508390,16,3,13,50,6,10,10
9304299,40,3,37,162,40,0,0
9504312,34,3,31,119,1,33,128
9503439,56,6,50,260,56,0,0
9808451,22,4,18,62,0,22,151
9807319,28,2,26,143,0,28,101
9710417,32,4,28,123,16,16,16
2155,22,3,19,37,4,18,59
9811379,48,6,42,174,0,48,259
9910522,23,2,21,57,0,23,152
9210221,14,4,10,22,14,0,0
9809501,10,4,6,12,2,8,27
9811460,7,5,2,2,1,6,40
9704253,26,7,19,63,5,21,42
9711340,5,1,4,5,2,3,5
9810491,29,2,27,147,3,26,185
9801409,8,2,6,12,0,8,18
9509205,13,2,11,21,1,12,23
9605319,87,3,84,710,21,66,107
9512388,30,5,25,89,15,15,18
9205229,18,5,13,38,18,0,0
9210235,125,22,103,573,115,10,10
9309293,56,17,39,153,13,43,112
9906209,47,8,39,108,1,46,190
9708495,15,3,12,38,0,15,53
9701313,26,5,21,96,3,23,78
9507460,41,3,38,223,3,38,279
9804393,11,5,6,10,0,11,52
9907341,26,3,23,153,26,0,0
9303296,9,3,6,11,9,0,0
9611229,20,5,15,49,0,20,79
9706275,22,4,18,44,2,20,99
9707259,58,5,53,176,2,56,202
9809364,20,4,16,31,0,20,153
102089,11,4,7,17,0,11,87
9705235,54,7,47,183,0,54,494
9801363,27,2,25,138,3,24,39
9812375,29,5,24,93,12,17,17
9905397,14,4,10,28,1,13,71
9908255,29,1,28,114,0,29,108
9309294,37,5,32,115,31,6,6
9307201,65,4,61,400,64,1,1
9801453,6,5,1,1,0,6,39
9910221,73,11,62,223,1,72,449
9606444,17,3,14,48,3,14,23
9801456,24,3,21,79,0,24,152
9710204,52,4,48,193,15,37,50
9212248,45,10,35,202,10,35,60
9305282,25,2,23,90,6,19,58
9408207,21,2,19,72,21,0,0
9405386,52,8,44,324,5,47,64
9312276,27,3,24,121,8,19,25
9711391,64,5,59,546,11,53,147
9310252,35,5,30,143,35,0,0
9612415,13,4,9,17,0,13,40
109180,0,0,0,0,0,0,0
9609295,2,2,0,0,0,2,10
9509282,5,1,4,8,1,4,8
9709454,4,4,0,0,0,4,7
9301226,4,4,0,0,4,0,0
9710281,7,1,6,11,0,7,7
9905550,35,2,33,161,0,35,268
9505397,28,6,22,61,0,28,216
9704245,22,2,20,65,0,22,181
9607300,5,3,2,4,5,0,0
9312257,11,7,4,6,0,11,11
2001,12,8,4,11,0,12,80
9502348,57,8,49,255,34,23,25
103219,7,1,6,16,0,7,16
9801430,71,4,67,431,16,55,198
9906369,1,1,0,0,0,1,8
9607303,44,8,36,124,6,38,179
9611292,31,1,30,161,1,30,79
9902327,45,3,42,247,2,43,200
9709343,5,1,4,5,1,4,7
9901319,28,4,24,138,0,28,343
9805485,7,2,5,8,2,5,6
9708464,3,2,1,1,0,3,4
9609400,9,5,4,9,6,3,3
9802414,18,3,15,65,7,11,11
10321,22,1,21,60,1,21,194
9906512,100,3,97,1066,1,99,633
9209241,54,15,39,169,54,0,0
12274,15,4,11,39,0,15,71
3150,16,4,12,25,0,16,82
109095,16,5,11,35,0,16,116
9411206,8,3,5,8,8,0,0
9207217,26,5,21,83,26,0,0
9405360,4,2,2,2,0,4,6
9803391,25,1,24,100,3,22,43
9511350,13,6,7,13,1,12,19
9905467,4,4,0,0,1,3,8
9606412,14,2,12,25,3,11,33
9408215,10,4,6,7,10,0,0
9606408,2,1,1,1,0,2,7
9612268,5,2,3,4,0,5,20
9608321,20,5,15,57,2,18,102
9809244,32,6,26,169,0,32,99
9703464,80,4,76,560,20,60,260
9210202,1,1,0,0,1,0,0
9904382,30,5,25,87,0,30,367
9603342,33,8,25,84,12,21,48
9703287,57,4,53,480,0,57,201
9807326,17,8,9,17,0,17,63
9807544,4,2,2,5,0,4,24
9409203,22,3,19,53,0,22,44
9602324,16,3,13,36,0,16,103
103199,55,8,47,218,0,55,284
9511250,9,1,8,24,9,0,0
9505337,6,1,5,8,3,3,3
9708304,3,3,0,0,0,3,10
9511464,13,1,12,37,6,7,7
9703345,12,2,10,20,0,12,18
9209256,18,4,14,81,18,0,0
9207234,114,8,106,862,114,0,0
12377,8,3,5,8,0,8,50
104271,11,6,5,8,0,11,70
10244,8,2,6,10,1,7,33
102324,28,3,25,117,0,28,359
10203,31,10,21,64,0,31,227
9812337,26,5,21,78,1,25,91
9505428,24,6,18,47,0,24,92
105269,27,4,23,68,2,25,256
9910387,19,5,14,43,2,17,86
9612294,9,3,6,15,0,9,46
9907352,11,2,9,26,0,11,17
9603279,21,3,18,69,21,0,0
9801229,18,3,15,52,7,11,18
9405425,10,1,9,29,10,0,0
9306337,30,6,24,80,30,0,0
9709440,3,2,1,1,1,2,2
9907520,50,6,44,202,0,50,490
9909255,69,5,64,318,0,69,501
8274,3,3,0,0,2,1,1
9901281,116,7,109,965,6,110,808
10212,44,2,42,347,0,44,545
107173,11,2,9,22,0,11,32
201146,2,1,1,1,0,2,35
108060,43,2,41,409,1,42,117
9801362,6,1,5,10,3,3,3
9906266,49,4,45,233,0,49,478
9802299,23,5,18,44,8,15,19
9606428,28,9,19,53,12,16,27
12378,13,7,6,7,0,13,59
9909392,6,3,3,6,0,6,95
9912266,25,4,21,59,0,25,217
9408229,20,3,17,41,20,0,0
9903423,2,1,1,1,0,2,15
9803258,1,1,0,0,0,1,5
9511422,17,2,15,35,17,0,0
9912240,7,1,6,8,0,7,15
9304255,19,7,12,34,3,16,16
9708485,4,1,3,3,1,3,5
9609279,51,9,42,122,9,42,126
10326,5,4,1,1,0,5,59
9408375,6,4,2,3,6,0,0
9807500,18,1,17,28,1,17,43
9254,46,12,34,100,0,46,386
9604209,6,1,5,11,0,6,39
9503465,11,5,6,12,2,9,22
9503346,17,7,10,22,0,17,65
9501260,8,1,7,11,0,8,23
9606344,25,2,23,130,11,14,14
9501245,4,2,2,5,1,3,5
9501240,38,4,34,128,34,4,4
9505201,25,5,20,77,4,21,46
9505303,4,2,2,2,4,0,0
9704385,15,2,13,34,5,10,31
9712498,1,1,0,0,0,1,2
9711401,5,4,1,2,0,5,17
9502380,0,0,0,0,0,0,0
7158,13,3,10,33,1,12,47
9709436,3,2,1,1,0,3,14
9503221,9,5,4,7,9,0,0
9911434,28,2,26,96,1,27,234
6096,11,3,8,18,0,11,107
9312213,2,2,0,0,0,2,8
9809385,2,2,0,0,2,0,0
9302248,16,6,10,13,16,0,0
9905343,3,3,0,0,0,3,22
105050,2,1,1,1,0,2,2
9406350,23,5,18,60,11,12,12
9312237,20,5,15,32,2,18,31
9811247,7,2,5,8,0,7,24
9604217,14,3,11,38,0,14,79
9312284,14,2,12,42,14,0,0
9605417,5,1,4,6,0,5,7
9711453,17,2,15,47,15,2,2
9706270,35,4,31,85,0,35,184
9409371,28,3,25,107,23,5,5
9605367,26,1,25,99,2,24,44
9603361,5,4,1,2,0,5,12
9710541,9,4,5,6,0,9,56
9506333,6,4,2,2,0,6,6
4215,13,9,4,4,0,13,72
9707322,4,1,3,3,0,4,8
9706209,9,1,8,20,0,9,32
9410225,11,3,8,20,1,10,55
9410295,1,1,0,0,0,1,3
9703276,91,2,89,1045,25,66,112
9504230,19,5,14,28,10,9,9
9906270,11,3,8,19,1,10,31
9411399,7,2,5,9,1,6,10
4171,12,5,7,10,0,12,129
9707398,23,3,20,99,4,19,29
9809234,4,3,1,1,0,4,22
9508323,6,5,1,1,4,2,2
9306332,13,2,11,42,13,0,0
9409281,22,6,16,34,6,16,18
9708329,12,2,10,16,12,0,0
9712502,11,4,7,9,7,4,4
103239,2,2,0,0,0,2,14
9912390,24,3,21,91,0,24,156
9903221,5,2,3,5,1,4,9
9602380,1,1,0,0,1,0,0
9803476,9,6,3,4,0,9,61
9501284,9,2,7,13,5,4,4
9607382,10,4,6,17,1,9,49
12346,14,2,12,29,1,13,66
9407296,29,11,18,71,5,24,79
9405391,11,3,8,14,3,8,8
11083,6,5,1,1,0,6,64
9911226,2,2,0,0,0,2,10
9909214,8,4,4,14,1,7,28
9907432,25,8,17,44,1,24,265
9702237,17,1,16,48,17,0,0
9909499,3,2,1,1,0,3,10
12040,1,1,0,0,0,1,14
9509374,12,1,11,19,4,8,13
9909259,4,3,1,1,0,4,14
9511401,7,4,3,3,3,4,8
2267,28,11,17,37,9,19,21
9908319,1,1,0,0,1,0,0
6136,14,11,3,4,1,13,77
9910341,12,1,11,23,4,8,17
9608307,9,2,7,15,1,8,9
9905475,17,2,15,29,0,17,38
9306224,7,1,6,10,7,0,0
11049,3,2,1,1,1,2,16
9809337,25,7,18,50,2,23,97
9701262,2,2,0,0,0,2,6
9806475,6,2,4,6,0,6,39
111101,0,0,0,0,0,0,0
9209215,26,7,19,48,26,0,0
9906417,8,5,3,3,0,8,71
9511431,6,1,5,12,0,6,15
9908252,13,1,12,32,0,13,41
9711231,28,3,25,115,2,26,52
9507332,11,4,7,12,1,10,19
9311341,25,4,21,66,25,0,0
9805436,5,1,4,6,0,5,27
9810358,3,1,2,3,2,1,1
109084,9,4,5,11,0,9,54
105222,4,1,3,4,1,3,6
9802412,11,8,3,6,0,11,59
9601326,8,3,5,7,0,8,20
9310279,18,1,17,68,18,0,0
9308369,8,5,3,4,1,7,15
9603327,4,3,1,1,1,3,4
9301218,12,3,9,17,12,0,0
9801254,4,4,0,0,0,4,10
103252,5,3,2,3,0,5,25
9510462,2,1,1,1,0,2,5
9609377,16,2,14,27,1,15,28
9909304,24,5,19,47,3,21,63
106049,1,1,0,0,0,1,9
10312,1,1,0,0,0,1,4
8044,15,1,14,64,0,15,87
9908357,4,2,2,3,0,4,12
9512281,14,3,11,23,10,4,5
9806513,10,3,7,17,2,8,20
9906435,3,2,1,1,0,3,30
12268,2,1,1,1,0,2,3
9812225,5,1,4,9,5,0,0
103223,12,3,9,33,0,12,187
9310365,59,1,58,407,5,54,197
9903541,12,5,7,11,0,12,18
9810552,4,1,3,3,1,3,7
9509274,11,3,8,26,8,3,8
9409273,3,2,1,1,3,0,0
9701370,8,4,4,10,0,8,33
2041,1,1,0,0,0,1,7
9709411,1,1,0,0,0,1,4
205032,5,3,2,4,0,5,28
9902328,4,3,1,1,0,4,35
9210244,12,4,8,23,12,0,0
9910220,36,6,30,117,2,34,185
9508389,1,1,0,0,0,1,5
11299,3,2,1,1,0,3,15
9707269,6,3,3,4,0,6,35
9603428,14,3,11,41,14,0,0
9502246,3,2,1,1,0,3,5
105188,10,3,7,18,2,8,20
9911212,5,3,2,3,0,5,35
205053,24,3,21,77,5,19,94
9511239,19,4,15,40,5,14,24
104145,9,1,8,23,0,9,17
107113,11,1,10,34,0,11,37
1110,1,1,0,0,0,1,2
104104,5,2,3,7,0,5,15
110266,7,4,3,4,3,4,7
9909293,4,3,1,1,0,4,11
9710522,0,0,0,0,0,0,0
9408252,1,1,0,0,0,1,2
9510435,2,2,0,0,1,1,1
9810316,0,0,0,0,0,0,0
10262,1,1,0,0,0,1,3
105334,13,2,11,30,0,13,193
107199,6,1,5,10,0,6,43
9206222,8,5,3,6,8,0,0
9608287,0,0,0,0,0,0,0
9702383,5,2,3,6,0,5,9
102318,2,2,0,0,0,2,18
1301,4,1,3,3,0,4,11
102134,7,5,2,2,0,7,10
9503206,4,1,3,5,4,0,0
110035,10,1,9,18,0,10,96
12231,10,1,9,16,0,10,27
9612470,1,1,0,0,0,1,3
9411256,8,6,2,3,8,0,0
10328,9,3,6,12,0,9,107
9612262,9,3,6,11,0,9,40
210427,2,2,0,0,1,1,4
7329,33,2,31,224,0,33,199
9609520,8,2,6,10,0,8,15
9310329,13,5,8,23,7,6,6
9908258,5,2,3,6,1,4,11
201287,10,2,8,14,2,8,19
112150,1,1,0,0,0,1,4
102271,4,4,0,0,1,3,4
9506334,2,1,1,1,0,2,8
9605210,2,2,0,0,2,0,0
9411282,14,3,11,26,1,13,28
9308294,3,3,0,0,3,0,0
9504407,16,5,11,19,16,0,0
9905478,3,2,1,1,0,3,3
9706409,19,2,17,77,1,18,62
4001,5,5,0,0,0,5,53
107123,4,3,1,1,0,4,13
9812521,7,4,3,7,6,1,2
10100,6,5,1,2,0,6,23
9903238,12,1,11,31,1,11,37
101344,3,3,0,0,0,3,34
9609404,10,3,7,10,10,0,0
9510399,2,2,0,0,2,0,0
209200,4,2,2,2,0,4,10
9712273,8,3,5,7,1,7,32
9309,5,2,3,7,0,5,16
9909374,3,1,2,2,0,3,8
9604321,9,3,6,10,3,6,10
4038,4,2,2,4,0,4,4
9410398,4,3,1,1,2,2,3
9306301,8,4,4,4,8,0,0
9606266,6,3,3,6,3,3,12
9503481,19,1,18,60,11,8,8
9605298,22,9,13,28,0,22,33
111267,10,3,7,9,1,9,43
10227,7,2,5,8,0,7,35
107157,8,4,4,5,0,8,56
9806383,8,2,6,13,0,8,15
9712332,1,1,0,0,0,1,2
206180,0,0,0,0,0,0,0
9304294,14,6,8,20,1,13,16
108002,18,2,16,47,0,18,127
107002,20,4,16,64,3,17,31
9911435,4,1,3,3,0,4,34
110369,10,6,4,8,0,10,47
6147,7,1,6,14,1,6,6
9804380,4,4,0,0,1,3,16
9712322,2,2,0,0,1,1,2
102270,10,2,8,15,1,9,61
112200,0,0,0,0,0,0,0
201019,8,4,4,8,0,8,82
9810550,6,3,3,6,0,6,32
3063,1,1,0,0,0,1,4
109233,6,3,3,6,3,3,6
101348,14,2,12,30,1,13,43
202128,0,0,0,0,0,0,0
9406217,1,1,0,0,1,0,0
2004,7,5,2,3,0,7,57
9902416,3,2,1,2,0,3,12
9602210,4,4,0,0,4,0,0
9803286,7,1,6,11,4,3,4
9908464,5,4,1,1,3,2,3
9403248,9,7,2,4,9,0,0
12194,4,2,2,3,0,4,26
9910444,20,1,19,81,0,20,107
9712351,20,5,15,28,1,19,62
9504291,4,2,2,3,4,0,0
9808280,8,3,5,10,0,8,60
9712260,3,1,2,3,0,3,9
9811349,9,3,6,18,0,9,66
9810210,0,0,0,0,0,0,0
9904475,4,3,1,1,0,4,26
9602235,6,4,2,2,2,4,24
9912229,0,0,0,0,0,0,0
2231,0,0,0,0,0,0,0
9234,2,1,1,1,0,2,3
9906268,12,4,8,23,1,11,38
9803403,11,3,8,16,0,11,50
3213,9,5,4,5,9,0,0
209047,1,1,0,0,0,1,5
12381,7,2,5,5,0,7,56
110393,16,4,12,25,1,15,68
9905527,1,1,0,0,0,1,1
9712250,6,3,3,5,4,2,4
104101,4,3,1,1,0,4,10
9612222,4,3,1,1,0,4,4
207366,6,2,4,5,0,6,34
204236,4,3,1,1,1,3,19
104256,5,3,2,5,0,5,34
107053,4,3,1,1,1,3,21
9909458,7,2,5,9,7,0,0
9711213,4,1,3,3,0,4,16
9801414,7,2,5,14,1,6,8
9612239,14,1,13,59,6,8,8
103121,11,2,9,20,0,11,96
9406313,6,3,3,3,4,2,2
9610299,7,2,5,16,1,6,9
9204232,4,4,0,0,4,0,0
106044,13,1,12,36,4,9,17
9907235,5,1,4,6,5,0,0
9906428,4,4,0,0,4,0,0
9707531,2,2,0,0,0,2,14
102321,19,3,16,61,0,19,312
9305320,3,1,2,3,3,0,0
4035,6,1,5,8,0,6,23
9510415,6,2,4,8,6,0,0
9503256,0,0,0,0,0,0,0
9805449,3,1,2,2,2,1,3
9610373,8,3,5,13,1,7,21
9710276,4,2,2,2,0,4,10
9703381,3,3,0,0,0,3,8
11358,2,2,0,0,0,2,2
4015,2,1,1,1,2,0,0
9903244,8,3,5,7,4,4,7
1211,4,3,1,1,0,4,68
4240,1,1,0,0,0,1,10
9808288,1,1,0,0,0,1,11
207184,7,4,3,4,0,7,49
111258,3,3,0,0,1,2,11
204120,2,1,1,1,0,2,8
101277,4,4,0,0,1,3,21
202056,1,1,0,0,0,1,5
3210,2,2,0,0,0,2,9
112101,9,1,8,36,0,9,54
203187,5,2,3,4,0,5,44
111048,1,1,0,0,0,1,5
9301247,8,3,5,7,8,0,0
9910274,3,2,1,1,0,3,24
2102,5,3,2,2,0,5,36
9911308,3,3,0,0,0,3,3
9701218,9,3,6,19,1,8,13
9310264,4,4,0,0,4,0,0
9809593,1,1,0,0,0,1,3
9708488,10,5,5,9,7,3,3
107136,4,2,2,3,0,4,16
9511318,7,5,2,4,7,0,0
205111,4,2,2,3,0,4,31
9801294,6,2,4,6,0,6,36
9905379,5,2,3,6,0,5,20
108212,0,0,0,0,0,0,0
9409286,4,3,1,1,0,4,4
9304319,14,5,9,31,8,6,6
9608293,1,1,0,0,1,0,0
9509431,3,2,1,1,3,0,0
206143,2,1,1,1,0,2,13
104301,2,1,1,1,0,2,10
9711232,2,2,0,0,1,1,1
9705327,16,3,13,55,0,16,70
9905276,3,2,1,1,0,3,15
9409318,6,4,2,2,0,6,27
9703238,11,3,8,11,6,5,9
9807274,0,0,0,0,0,0,0
111387,0,0,0,0,0,0,0
9310372,1,1,0,0,1,0,0
10090,1,1,0,0,0,1,2
9709392,3,3,0,0,0,3,47
9207242,8,6,2,2,8,0,0
9203208,2,1,1,1,2,0,0
9602435,1,1,0,0,1,0,0
9912450,1,1,0,0,0,1,5
9811418,0,0,0,0,0,0,0
9810329,6,1,5,11,0,6,20
9510205,0,0,0,0,0,0,0
9608481,6,1,5,7,6,0,0
9308338,6,3,3,7,6,0,0
9406272,2,2,0,0,0,2,8
7033,1,1,0,0,0,1,4
9512296,5,3,2,2,4,1,1
102064,7,1,6,12,0,7,47
211414,2,2,0,0,0,2,9
112151,3,3,0,0,2,1,1
9602433,3,1,2,2,3,0,0
107255,2,2,0,0,0,2,10
9807335,10,2,8,13,0,10,34
205112,2,1,1,1,0,2,2
203110,2,2,0,0,0,2,23
103086,7,3,4,5,0,7,50
12310,1,1,0,0,0,1,2
12024,1,1,0,0,1,0,0
9810429,0,0,0,0,0,0,0
9804231,6,4,2,2,0,6,22
9709203,2,1,1,1,2,0,0
3021,8,2,6,12,0,8,72
9811455,5,2,3,5,0,5,8
104005,2,1,1,1,0,2,11
9412229,1,1,0,0,0,1,3
12107,2,1,1,1,1,1,2
302254,0,0,0,0,0,0,0
204178,0,0,0,0,0,0,0
9807331,2,2,0,0,0,2,6
9207203,3,2,1,1,3,0,0
9611417,1,1,0,0,1,0,0
9911448,2,1,1,1,1,1,2
101097,2,2,0,0,0,2,6
9412286,7,2,5,8,7,0,0
9307255,0,0,0,0,0,0,0
9804455,5,2,3,3,0,5,20
9901439,8,2,6,10,0,8,24
9501327,1,1,0,0,1,0,0
9605291,4,2,2,2,4,0,0
106198,8,3,5,10,0,8,18
4186,5,1,4,10,0,5,18
9606439,1,1,0,0,0,1,1
111466,2,1,1,1,0,2,8
9506358,6,3,3,4,0,6,10
9805366,3,3,0,0,0,3,6
6279,1,1,0,0,1,0,0
9411412,1,1,0,0,1,0,0
107034,0,0,0,0,0,0,0
9808256,9,5,4,8,0,9,31
9611466,1,1,0,0,1,0,0
10014,0,0,0,0,0,0,0
110088,7,6,1,1,1,6,25
8008,1,1,0,0,0,1,1
210089,2,2,0,0,1,1,4
9904377,2,1,1,1,0,2,7
9911499,2,2,0,0,0,2,8
9612305,0,0,0,0,0,0,0
9905516,0,0,0,0,0,0,0
7316,2,2,0,0,0,2,6
103119,11,4,7,15,0,11,23
205061,8,2,6,21,0,8,35
9708271,4,1,3,5,0,4,4
2057,2,1,1,1,0,2,14
107192,1,1,0,0,0,1,1
9807311,4,1,3,4,2,2,2
9907511,3,1,2,3,0,3,10
302092,0,0,0,0,0,0,0
9901226,5,5,0,0,0,5,6
203103,1,1,0,0,0,1,5
206307,5,1,4,6,0,5,47
9609379,10,4,6,11,1,9,19
204183,0,0,0,0,0,0,0
209224,1,1,0,0,0,1,5
9605419,5,1,4,5,2,3,10
9505204,4,1,3,4,1,3,9
205191,1,1,0,0,0,1,6
9809283,2,2,0,0,1,1,1
9804378,4,3,1,1,1,3,8
9808207,6,3,3,5,5,1,2
9306287,0,0,0,0,0,0,0
5176,0,0,0,0,0,0,0
9812300,0,0,0,0,0,0,0
9905212,7,1,6,9,1,6,13
210206,2,2,0,0,0,2,30
106191,1,1,0,0,0,1,12
109253,1,1,0,0,0,1,15
9710263,1,1,0,0,1,0,0
108267,1,1,0,0,0,1,4
105043,4,2,2,3,0,4,4
204213,3,1,2,2,0,3,26
9612495,6,1,5,13,0,6,9
5219,3,1,2,3,0,3,5
9712543,6,4,2,3,0,6,29
9611356,1,1,0,0,0,1,5
201204,1,1,0,0,0,1,6
102086,5,2,3,4,0,5,21
202049,2,2,0,0,0,2,5
9711260,4,2,2,3,0,4,19
9709329,4,2,2,2,0,4,21
9411416,2,2,0,0,1,1,1
9607359,4,2,2,2,0,4,4
207025,1,1,0,0,0,1,2
9903253,4,1,3,3,1,3,3
111405,0,0,0,0,0,0,0
9706363,9,7,2,3,0,9,30
7274,5,4,1,1,0,5,111
202157,2,1,1,1,0,2,3
10284,0,0,0,0,0,0,0
9905452,6,3,3,5,6,0,0
112319,0,0,0,0,0,0,0
9604369,3,3,0,0,1,2,2
9911361,7,2,5,12,0,7,21
9811272,1,1,0,0,0,1,2
9606315,2,2,0,0,0,2,6
105288,5,5,0,0,0,5,50
10060,4,2,2,2,0,4,21
9904441,3,2,1,1,2,1,1
9807223,4,3,1,1,0,4,6
105335,5,2,3,4,0,5,35
3085,3,2,1,1,0,3,8
9904244,6,3,3,3,1,5,18
204184,3,3,0,0,0,3,9
9405336,7,4,3,4,7,0,0
205153,5,2,3,5,0,5,19
210103,0,0,0,0,0,0,0
9508374,3,2,1,1,3,0,0
205083,4,1,3,4,1,3,3
9910281,0,0,0,0,0,0,0
1160,1,1,0,0,0,1,2
9810207,3,2,1,1,1,2,3
9901272,4,1,3,5,0,4,22
208128,0,0,0,0,0,0,0
11398,2,1,1,1,2,0,0
9612310,1,1,0,0,1,0,0
210043,0,0,0,0,0,0,0
103043,0,0,0,0,0,0,0
9608301,2,2,0,0,2,0,0
210332,4,3,1,1,0,4,57
9710249,2,2,0,0,2,0,0
104135,7,6,1,3,0,7,28
9302235,2,2,0,0,2,0,0
3273,1,1,0,0,0,1,1
9711201,18,4,14,57,0,18,74
9501272,2,2,0,0,0,2,2
9301233,6,6,0,0,6,0,0
207297,4,4,0,0,0,4,43
206128,2,1,1,1,0,2,42
9907293,4,1,3,6,0,4,18
110390,0,0,0,0,0,0,0
9905509,9,3,6,7,0,9,25
209135,0,0,0,0,0,0,0
10028,2,1,1,1,0,2,8
7287,1,1,0,0,0,1,7
9603297,1,1,0,0,1,0,0
9809208,0,0,0,0,0,0,0
110196,1,1,0,0,0,1,7
9804271,1,1,0,0,0,1,1
205035,2,2,0,0,0,2,7
9908336,3,2,1,2,0,3,28
9807329,1,1,0,0,0,1,6
212101,0,0,0,0,0,0,0
9711325,1,1,0,0,0,1,2
110064,5,1,4,5,1,4,21
6150,3,2,1,1,0,3,13
7067,3,2,1,1,0,3,9
5177,2,1,1,1,0,2,5
112155,1,1,0,0,0,1,1
9902403,6,2,4,4,0,6,9
107087,3,2,1,1,1,2,4
9907556,5,2,3,4,0,5,33
9812527,7,1,6,9,1,6,6
9612331,7,2,5,10,2,5,5
202268,0,0,0,0,0,0,0
5198,2,2,0,0,0,2,9
9208262,0,0,0,0,0,0,0
9806295,0,0,0,0,0,0,0
9509309,0,0,0,0,0,0,0
9409456,4,4,0,0,0,4,8
9703453,5,2,3,4,5,0,0
9810507,1,1,0,0,0,1,4
9611305,3,3,0,0,2,1,1
9506327,2,1,1,1,0,2,2
9309331,2,2,0,0,2,0,0
9804312,0,0,0,0,0,0,0
9808437,3,3,0,0,0,3,8
5122,9,4,5,9,0,9,47
11214,2,1,1,1,0,2,9
206170,1,1,0,0,0,1,3
204151,1,1,0,0,0,1,5
112004,3,2,1,1,0,3,15
9801339,1,1,0,0,1,0,0
9503230,5,5,0,0,1,4,5
107194,1,1,0,0,0,1,9
9211244,3,1,2,3,3,0,0
209179,1,1,0,0,0,1,5
111306,0,0,0,0,0,0,0
107037,4,1,3,5,0,4,5
202243,0,0,0,0,0,0,0
209324,0,0,0,0,0,0,0
103332,3,3,0,0,0,3,27
211054,1,1,0,0,1,0,0
9605466,0,0,0,0,0,0,0
9708328,4,4,0,0,0,4,6
9507400,2,2,0,0,1,1,1
9602266,1,1,0,0,0,1,3
3130,5,5,0,0,4,1,1
9060,2,2,0,0,1,1,1
9909205,2,1,1,1,0,2,2
9712549,1,1,0,0,0,1,1
9807441,1,1,0,0,0,1,3
202068,6,3,3,5,0,6,41
302143,0,0,0,0,0,0,0
102156,2,1,1,1,0,2,28
10310,3,3,0,0,3,0,0
104303,2,2,0,0,2,0,0
210256,0,0,0,0,0,0,0
112277,1,1,0,0,0,1,3
112144,2,1,1,1,0,2,26
9804328,0,0,0,0,0,0,0
211150,0,0,0,0,0,0,0
102078,3,2,1,1,0,3,5
201058,0,0,0,0,0,0,0
5174,2,1,1,1,0,2,10
9911507,4,3,1,2,0,4,44
206062,1,1,0,0,0,1,2
9511279,0,0,0,0,0,0,0
9911344,1,1,0,0,1,0,0
210172,1,1,0,0,0,1,1
9501396,1,1,0,0,1,0,0
9301270,1,1,0,0,1,0,0
106114,1,1,0,0,0,1,5
107098,1,1,0,0,1,0,0
9317,1,1,0,0,1,0,0
9806363,1,1,0,0,0,1,1
9812218,0,0,0,0,0,0,0
9510215,0,0,0,0,0,0,0
102141,2,2,0,0,0,2,4
9706498,0,0,0,0,0,0,0
9712378,1,1,0,0,1,0,0
9611384,0,0,0,0,0,0,0
9308245,1,1,0,0,1,0,0
9907298,2,2,0,0,0,2,3
202012,8,2,6,17,0,8,134
9705297,0,0,0,0,0,0,0
9910454,2,1,1,1,0,2,4
204148,0,0,0,0,0,0,0
203134,4,2,2,3,0,4,11
105144,0,0,0,0,0,0,0
105312,1,1,0,0,0,1,3
5043,3,3,0,0,1,2,6
204285,2,2,0,0,0,2,8
12287,1,1,0,0,1,0,0
9804226,1,1,0,0,0,1,1
111208,3,1,2,3,0,3,8
9405213,1,1,0,0,1,0,0
9501294,0,0,0,0,0,0,0
103273,2,1,1,1,0,2,6
9608362,0,0,0,0,0,0,0
9708494,0,0,0,0,0,0,0
205023,2,2,0,0,0,2,6
205221,0,0,0,0,0,0,0
110416,1,1,0,0,0,1,5
9610444,1,1,0,0,0,1,3
6335,2,1,1,1,0,2,5
9806296,0,0,0,0,0,0,0
9905538,0,0,0,0,0,0,0
209139,0,0,0,0,0,0,0
9708210,1,1,0,0,1,0,0
9912469,1,1,0,0,0,1,2
205263,0,0,0,0,0,0,0
102135,0,0,0,0,0,0,0
9705310,0,0,0,0,0,0,0
9907358,2,1,1,1,0,2,6
9608431,0,0,0,0,0,0,0
9301275,2,1,1,1,2,0,0
9901373,0,0,0,0,0,0,0
9609296,2,1,1,1,0,2,2
9808314,1,1,0,0,1,0,0
101327,1,1,0,0,1,0,0
204216,2,2,0,0,0,2,7
9807458,0,0,0,0,0,0,0
9302321,2,2,0,0,2,0,0
112169,1,1,0,0,0,1,10
9709404,2,2,0,0,0,2,2
9607385,1,1,0,0,0,1,1
9705301,0,0,0,0,0,0,0
9804438,4,2,2,4,4,0,0
9612257,2,1,1,1,2,0,0
9512310,1,1,0,0,0,1,1
106254,0,0,0,0,0,0,0
9403262,3,2,1,1,3,0,0
9608266,3,3,0,0,3,0,0
9811309,2,1,1,1,2,0,0
5266,0,0,0,0,0,0,0
211155,2,2,0,0,0,2,7
9810296,4,1,3,3,3,1,1
9306263,0,0,0,0,0,0,0
9512305,0,0,0,0,0,0,0
9904322,1,1,0,0,0,1,1
302073,1,1,0,0,0,1,8
206251,0,0,0,0,0,0,0
9811422,1,1,0,0,1,0,0
209264,3,3,0,0,0,3,9
106151,0,0,0,0,0,0,0
9608453,2,1,1,1,0,2,5
9910397,1,1,0,0,0,1,4
9912291,0,0,0,0,0,0,0
9706216,0,0,0,0,0,0,0
11253,0,0,0,0,0,0,0
9503321,0,0,0,0,0,0,0
9510328,0,0,0,0,0,0,0
9609407,0,0,0,0,0,0,0
9709426,0,0,0,0,0,0,0
203217,0,0,0,0,0,0,0
9902333,0,0,0,0,0,0,0
211336,1,1,0,0,0,1,2
9905503,0,0,0,0,0,0,0
9610227,1,1,0,0,1,0,0
9903437,1,1,0,0,0,1,1
209247,0,0,0,0,0,0,0
201122,0,0,0,0,0,0,0
106138,0,0,0,0,0,0,0
211006,0,0,0,0,0,0,0
9233,0,0,0,0,0,0,0
9606478,1,1,0,0,0,1,5
9503393,4,2,2,3,4,0,0
112166,3,3,0,0,0,3,30
210437,0,0,0,0,0,0,0
9710330,1,1,0,0,0,1,3
111183,1,1,0,0,0,1,1
9509401,0,0,0,0,0,0,0
107223,2,2,0,0,0,2,7
9609214,0,0,0,0,0,0,0
9910502,2,2,0,0,0,2,6
9904327,2,2,0,0,0,2,4
9910317,3,1,2,2,3,0,0
11277,1,1,0,0,0,1,4
102183,1,1,0,0,0,1,5
1032,1,1,0,0,1,0,0
9904289,0,0,0,0,0,0,0
102345,1,1,0,0,1,0,0
9405351,4,2,2,2,4,0,0
9911253,2,1,1,1,0,2,2
9607420,2,2,0,0,2,0,0
11008,0,0,0,0,0,0,0
9307327,1,1,0,0,1,0,0
207038,0,0,0,0,0,0,0
212309,0,0,0,0,0,0,0
105315,0,0,0,0,0,0,0
9709458,0,0,0,0,0,0,0
209144,1,1,0,0,0,1,1
9710235,0,0,0,0,0,0,0
111182,1,1,0,0,0,1,1
112137,0,0,0,0,0,0,0
110218,1,1,0,0,0,1,6
111323,1,1,0,0,0,1,1
9803373,1,1,0,0,1,0,0
111163,0,0,0,0,0,0,0
209118,0,0,0,0,0,0,0
9912466,0,0,0,0,0,0,0
201098,0,0,0,0,0,0,0
107177,2,2,0,0,1,1,1
5148,0,0,0,0,0,0,0
8028,0,0,0,0,0,0,0
105346,0,0,0,0,0,0,0
9805312,0,0,0,0,0,0,0
210158,0,0,0,0,0,0,0
112282,1,1,0,0,1,0,0
102008,1,1,0,0,0,1,1
208203,5,4,1,1,0,5,65
9901236,0,0,0,0,0,0,0
108051,2,1,1,1,0,2,14
201267,0,0,0,0,0,0,0
9910469,0,0,0,0,0,0,0
9810312,1,1,0,0,0,1,1
211082,0,0,0,0,0,0,0
9810225,1,1,0,0,0,1,2
10120,1,1,0,0,1,0,0
11038,0,0,0,0,0,0,0
9807252,3,2,1,2,3,0,0
112314,1,1,0,0,0,1,2
211327,0,0,0,0,0,0,0
9707544,0,0,0,0,0,0,0
9709226,0,0,0,0,0,0,0
9808362,1,1,0,0,1,0,0
9412358,0,0,0,0,0,0,0
110360,2,1,1,1,0,2,7
210126,0,0,0,0,0,0,0
9303261,2,2,0,0,2,0,0
104187,0,0,0,0,0,0,0
5290,0,0,0,0,0,0,0
201011,1,1,0,0,0,1,8
212254,0,0,0,0,0,0,0
109054,0,0,0,0,0,0,0
301009,0,0,0,0,0,0,0
9811461,0,0,0,0,0,0,0
302219,0,0,0,0,0,0,0
9907369,1,1,0,0,0,1,4
209227,0,0,0,0,0,0,0
9509419,0,0,0,0,0,0,0
206254,0,0,0,0,0,0,0
212164,0,0,0,0,0,0,0
109033,1,1,0,0,0,1,3
9312261,2,2,0,0,2,0,0
9606401,1,1,0,0,1,0,0
9903461,0,0,0,0,0,0,0
9909553,0,0,0,0,0,0,0
9911487,0,0,0,0,0,0,0
206007,0,0,0,0,0,0,0
9502234,1,1,0,0,1,0,0
11175,1,1,0,0,0,1,20
5092,1,1,0,0,0,1,1
107236,2,2,0,0,0,2,6
12270,0,0,0,0,0,0,0
109123,0,0,0,0,0,0,0
9212247,1,1,0,0,1,0,0
9802332,0,0,0,0,0,0,0
9907284,0,0,0,0,0,0,0
210168,0,0,0,0,0,0,0
9910401,0,0,0,0,0,0,0
12200,0,0,0,0,0,0,0
9910564,0,0,0,0,0,0,0
204233,0,0,0,0,0,0,0
9501235,0,0,0,0,0,0,0
207163,0,0,0,0,0,0,0
9705326,0,0,0,0,0,0,0
205336,0,0,0,0,0,0,0
102095,2,2,0,0,0,2,3
9604348,0,0,0,0,0,0,0
103030,2,1,1,1,1,1,4
9711445,0,0,0,0,0,0,0
302082,0,0,0,0,0,0,0
112001,0,0,0,0,0,0,0
301073,1,1,0,0,0,1,11
207144,0,0,0,0,0,0,0
110288,0,0,0,0,0,0,0
9906451,0,0,0,0,0,0,0
110401,0,0,0,0,0,0,0
9907287,0,0,0,0,0,0,0
9407281,0,0,0,0,0,0,0
9811403,1,1,0,0,0,1,1
9407305,0,0,0,0,0,0,0
9602402,0,0,0,0,0,0,0
9901396,4,2,2,3,0,4,10
201016,0,0,0,0,0,0,0
112196,0,0,0,0,0,0,0
204189,1,1,0,0,0,1,3
11057,3,2,1,1,1,2,6
9604386,0,0,0,0,0,0,0
9902213,0,0,0,0,0,0,0
211396,0,0,0,0,0,0,0
206053,0,0,0,0,0,0,0
9907308,0,0,0,0,0,0,0
302210,0,0,0,0,0,0,0
9704341,0,0,0,0,0,0,0
9704271,0,0,0,0,0,0,0
212141,0,0,0,0,0,0,0
12245,0,0,0,0,0,0,0
2125,0,0,0,0,0,0,0
9708470,0,0,0,0,0,0,0
9408356,2,2,0,0,2,0,0
204104,0,0,0,0,0,0,0
111126,0,0,0,0,0,0,0
9908282,0,0,0,0,0,0,0
9610391,0,0,0,0,0,0,0
9612350,0,0,0,0,0,0,0
204214,2,1,1,1,2,0,0
3060,1,1,0,0,0,1,2
9806410,0,0,0,0,0,0,0
9406336,0,0,0,0,0,0,0
9911333,0,0,0,0,0,0,0
9802265,1,1,0,0,0,1,2
9809303,0,0,0,0,0,0,0
4265,0,0,0,0,0,0,0
106235,0,0,0,0,0,0,0
210277,1,1,0,0,0,1,5
9708383,0,0,0,0,0,0,0
9911259,1,1,0,0,1,0,0
9507266,0,0,0,0,0,0,0
211009,0,0,0,0,0,0,0
105299,0,0,0,0,0,0,0
9905385,0,0,0,0,0,0,0
9708333,0,0,0,0,0,0,0
9409365,0,0,0,0,0,0,0
210270,0,0,0,0,0,0,0
9505370,0,0,0,0,0,0,0
9903320,1,1,0,0,1,0,0
9906472,0,0,0,0,0,0,0
9204203,1,1,0,0,1,0,0
101254,0,0,0,0,0,0,0
9410299,0,0,0,0,0,0,0
9610483,0,0,0,0,0,0,0
112164,0,0,0,0,0,0,0
211441,0,0,0,0,0,0,0
103093,0,0,0,0,0,0,0
9401223,0,0,0,0,0,0,0
106290,0,0,0,0,0,0,0
207150,1,1,0,0,0,1,4
9209,0,0,0,0,0,0,0
9505381,0,0,0,0,0,0,0
103117,0,0,0,0,0,0,0
9502203,0,0,0,0,0,0,0
9610314,0,0,0,0,0,0,0
208145,0,0,0,0,0,0,0
210353,0,0,0,0,0,0,0
9409431,0,0,0,0,0,0,0
10033,0,0,0,0,0,0,0
9807532,0,0,0,0,0,0,0
9604307,0,0,0,0,0,0,0
11294,0,0,0,0,0,0,0
210105,0,0,0,0,0,0,0
9711502,0,0,0,0,0,0,0
9407239,1,1,0,0,1,0,0
302175,0,0,0,0,0,0,0
9310366,0,0,0,0,0,0,0
9290,0,0,0,0,0,0,0
201238,0,0,0,0,0,0,0
211309,0,0,0,0,0,0,0
103285,0,0,0,0,0,0,0
9912285,0,0,0,0,0,0,0
212363,0,0,0,0,0,0,0
104133,0,0,0,0,0,0,0
211192,0,0,0,0,0,0,0
101060,0,0,0,0,0,0,0
9706321,0,0,0,0,0,0,0
3106,0,0,0,0,0,0,0
9607231,0,0,0,0,0,0,0
211356,0,0,0,0,0,0,0
9907292,0,0,0,0,0,0,0
9807533,0,0,0,0,0,0,0
112011,0,0,0,0,0,0,0
9603375,0,0,0,0,0,0,0
9907566,0,0,0,0,0,0,0
9811269,0,0,0,0,0,0,0
9706208,0,0,0,0,0,0,0
9711261,13,4,9,19,6,7,7
9042,6,4,2,2,0,6,46
9809311,104,2,102,713,0,104,753
12215,4,1,3,4,1,3,16
9612433,97,10,87,444,97,0,0
211308,4,3,1,1,0,4,21
9812472,99,8,91,581,8,91,612
9808468,34,4,30,141,4,30,101
9405277,34,6,28,139,34,0,0
9709284,5,2,3,5,0,5,29
105325,7,2,5,7,0,7,52
9312303,6,2,4,9,1,5,13
9704455,23,8,15,43,1,22,111
9804355,28,4,24,116,5,23,29
9603368,30,5,25,91,10,20,44
105096,39,8,31,107,0,39,366
9806219,45,12,33,87,3,42,160
9502276,5,2,3,3,3,2,2
9602396,22,3,19,55,2,20,106
9801208,36,10,26,127,36,0,0
9304307,62,8,54,285,62,0,0
9507238,15,4,11,27,0,15,80
9504246,73,6,67,521,8,65,83
9808470,26,8,18,58,10,16,16
9808293,106,5,101,838,11,95,171
9710516,45,4,41,202,45,0,0
9507376,9,5,4,6,3,6,15
9811447,62,5,57,276,10,52,240
9911238,7,3,4,5,0,7,16
9411341,19,6,13,37,13,6,6
9810542,2,2,0,0,0,2,10
9812222,10,2,8,13,10,0,0
9706535,2,1,1,1,0,2,3
9711358,3,3,0,0,1,2,11
9812344,32,2,30,165,7,25,82
9807479,9,1,8,19,1,8,24
9811381,4,1,3,5,4,0,0
9807253,6,3,3,6,0,6,29
9605224,19,2,17,51,6,13,30
9409367,9,2,7,18,1,8,16
9303202,105,24,81,403,100,5,5
9610374,1,1,0,0,0,1,1
9907275,6,3,3,4,0,6,63
9709445,17,3,14,39,3,14,29
9712398,17,2,15,37,2,15,98
9509287,26,4,22,65,0,26,114
9809204,13,6,7,11,0,13,132
9909202,34,3,31,178,1,33,66
9306314,11,7,4,8,11,0,0
9611243,19,5,14,49,0,19,144
9706307,19,4,15,38,0,19,174
9903453,61,8,53,174,0,61,396
9910505,6,3,3,5,0,6,7
104280,9,3,6,14,0,9,26
9705252,18,4,14,21,1,17,74
9804253,32,7,25,112,6,26,147
9912201,2,2,0,0,0,2,3
9912319,12,3,9,22,0,12,67
9908371,21,1,20,44,1,20,70
9403362,29,5,24,99,9,20,35
9311366,27,2,25,107,21,6,6
9802277,9,7,2,5,0,9,49
9910501,24,8,16,38,1,23,158
9304302,15,3,12,38,15,0,0
9803314,26,5,21,80,1,25,193
9603412,27,7,20,53,4,23,82
9212288,37,9,28,165,7,30,49
9308309,38,3,35,196,4,34,100
9411307,25,1,24,82,8,17,42
9409393,59,7,52,421,0,59,220
9312333,25,5,20,123,5,20,55
9802365,35,2,33,221,0,35,193
9601211,36,3,33,160,22,14,20
9701252,8,2,6,6,0,8,30
105230,1,1,0,0,0,1,3
9610493,9,5,4,6,4,5,12
9303236,26,4,22,77,26,0,0
9912250,1,1,0,0,1,0,0
9302284,12,4,8,16,12,0,0
9601246,12,5,7,11,3,9,13
9502224,39,2,37,246,39,0,0
9311243,35,7,28,99,2,33,53
9708372,16,2,14,38,0,16,82
9212289,8,4,4,14,8,0,0
9406251,9,4,5,17,9,0,0
9403290,133,2,131,1291,80,53,53
9509312,37,5,32,165,2,35,86
103314,10,5,5,7,2,8,14
9808344,9,4,5,9,0,9,60
9906373,4,1,3,4,1,3,22
9706397,28,8,20,69,2,26,96
9611415,4,3,1,1,1,3,13
9905337,44,3,41,214,4,40,212
9806391,5,3,2,3,0,5,17
9906287,23,1,22,107,0,23,95
9608341,4,3,1,2,0,4,29
9710213,9,2,7,20,0,9,21
9610231,31,8,23,86,31,0,0
9907512,4,2,2,3,1,3,8
11333,100,16,84,443,2,98,1081
9908227,61,1,60,498,0,61,642
9209247,9,4,5,9,9,0,0
9910225,46,5,41,213,0,46,629
3199,25,6,19,51,0,25,184
212228,4,1,3,4,0,4,16
9906513,55,2,53,307,0,55,353
9209269,40,10,30,151,40,0,0
9406359,33,8,25,97,27,6,7
9810457,114,7,107,1204,5,109,434
9607383,66,6,60,375,21,45,73
9510204,26,6,20,61,1,25,68
9608336,14,2,12,18,1,13,37
9506235,1,1,0,0,1,0,0
9607220,12,1,11,18,0,12,51
9305321,10,1,9,24,10,0,0
9306324,9,2,7,20,9,0,0
9809352,18,10,8,15,16,2,2
9707364,60,4,56,428,1,59,289
9502315,10,1,9,20,10,0,0
9812260,30,4,26,139,19,11,16
9607237,14,3,11,22,1,13,46
9703299,67,5,62,660,1,66,320
9706507,31,11,20,37,8,23,33
9403364,27,6,21,66,27,0,0
9409232,20,3,17,35,0,20,67
9604202,37,6,31,83,1,36,158
104267,14,2,12,28,1,13,47
9511317,8,2,6,16,0,8,24
9501408,0,0,0,0,0,0,0
9709356,34,18,16,37,3,31,217
9603431,27,4,23,97,13,14,16
9706238,8,2,6,16,0,8,14
9209275,9,1,8,22,9,0,0
9409270,26,2,24,63,26,0,0
101020,8,3,5,7,0,8,39
104283,26,11,15,25,0,26,234
12020,30,5,25,66,0,30,226
103034,17,2,15,60,1,16,126
11359,13,3,10,31,0,13,82
9812369,24,3,21,60,0,24,124
9510327,24,11,13,27,1,23,102
106207,70,3,67,408,39,31,67
8019,42,4,38,168,2,40,221
9801437,7,6,1,1,1,6,10
9507250,9,3,6,15,9,0,0
9701226,3,2,1,1,3,0,0
9809552,8,3,5,8,2,6,24
9407303,14,5,9,22,14,0,0
9412348,18,2,16,43,6,12,16
9803400,25,4,21,42,1,24,56
9907522,37,5,32,101,0,37,446
9911262,56,3,53,329,1,55,446
10315,3,3,0,0,3,0,0
9903246,41,3,38,166,4,37,325
11056,23,2,21,77,0,23,240
111255,7,1,6,12,0,7,32
202271,6,3,3,6,0,6,113
109106,54,3,51,562,1,53,216
111298,2,1,1,1,0,2,12
9908299,20,1,19,59,0,20,160
9807358,102,10,92,420,3,99,716
9701214,5,3,2,2,0,5,5
101131,13,4,9,13,0,13,46
9909454,2,2,0,0,0,2,15
9912464,14,9,5,10,0,14,60
9608251,55,5,50,282,46,9,9
9905292,20,3,17,41,0,20,167
9803432,11,5,6,10,0,11,39
9302307,65,7,58,430,54,11,11
9912417,6,2,4,11,0,6,11
9207269,27,6,21,101,27,0,0
9902428,3,3,0,0,0,3,13
9302267,22,3,19,49,8,14,14
110278,6,5,1,1,0,6,69
9411203,17,2,15,28,17,0,0
9903496,15,9,6,11,0,15,47
3203,39,3,36,236,2,37,128
9605214,23,5,18,58,18,5,5
9505329,166,10,156,1162,5,161,508
9508373,55,4,51,209,0,55,257
9609298,7,4,3,4,1,6,30
9809229,7,1,6,15,0,7,35
9503467,5,2,3,3,3,2,4
9502264,12,1,11,29,0,12,29
9505333,7,6,1,1,0,7,20
3178,8,3,5,10,0,8,99
9705345,19,3,16,56,8,11,68
9801201,5,4,1,1,1,4,41
9210218,23,7,16,58,23,0,0
9304278,1,1,0,0,1,0,0
9809242,18,4,14,33,1,17,51
9712447,5,1,4,7,0,5,23
9806249,7,5,2,2,2,5,14
9911490,10,2,8,12,0,10,167
7197,20,5,15,47,0,20,212
9402284,10,3,7,13,3,7,14
9701275,8,2,6,10,7,1,1
9304296,9,8,1,1,9,0,0
9905372,44,11,33,103,1,43,388
9911286,7,5,2,3,1,6,8
9407204,28,6,22,93,9,19,32
9403383,57,8,49,142,16,41,70
9902280,7,3,4,9,0,7,62
9301244,77,10,67,399,77,0,0
9912504,4,1,3,3,0,4,36
9607246,2,1,1,1,0,2,6
9804234,16,2,14,35,4,12,12
9708349,19,6,13,37,0,19,153
9208201,7,2,5,11,7,0,0
9401270,12,2,10,33,12,0,0
9605271,3,1,2,3,2,1,7
9710559,2,2,0,0,1,1,1
9307311,16,6,10,30,16,0,0
9302249,24,6,18,45,24,0,0
9506266,4,1,3,5,4,0,0
9706457,9,4,5,7,1,8,53
9612225,21,6,15,50,0,21,75
9411252,10,3,7,15,0,10,59
9703279,67,2,65,792,5,62,126
9504374,16,8,8,13,13,3,3
9210238,7,3,4,5,7,0,0
9509299,25,5,20,119,2,23,98
6229,24,6,18,45,0,24,146
3256,0,0,0,0,0,0,0
9908489,2,2,0,0,0,2,10
9510284,15,5,10,43,5,10,12
9803397,10,1,9,25,1,9,31
9511349,8,2,6,8,0,8,50
9903511,8,1,7,19,0,8,45
9812279,1,1,0,0,0,1,1
9610301,12,2,10,37,12,0,0
9902423,44,3,41,295,44,0,0
9310359,2,1,1,1,2,0,0
9409314,13,2,11,19,0,13,17
9806217,3,3,0,0,0,3,8
9503223,8,3,5,10,4,4,8
9606223,10,2,8,16,1,9,15
3262,14,2,12,32,2,12,31
9311327,2,2,0,0,2,0,0
9506461,30,7,23,136,13,17,43
9601282,58,8,50,201,1,57,87
5309,33,4,29,96,0,33,342
9909472,8,2,6,16,2,6,27
9908352,36,4,32,148,0,36,384
9704247,17,5,12,55,3,14,14
9910267,2,1,1,1,0,2,17
2172,2,2,0,0,0,2,9
9601237,15,7,8,13,1,14,42
9809489,8,4,4,5,0,8,55
9512267,4,1,3,4,0,4,25
9801293,7,2,5,13,7,0,0
210145,2,2,0,0,0,2,12
101066,3,3,0,0,0,3,14
9912407,15,3,12,27,0,15,73
9711414,22,6,16,58,2,20,47
204066,0,0,0,0,0,0,0
9308351,8,2,6,14,8,0,0
105253,10,3,7,22,0,10,104
9909556,4,3,1,2,0,4,22
9702310,8,5,3,4,0,8,141
9807250,8,2,6,12,2,6,7
105216,2,2,0,0,1,1,3
9503318,16,3,13,38,1,15,15
9606208,6,3,3,6,0,6,12
9602439,15,2,13,45,0,15,35
9908283,17,6,11,29,1,16,48
9802409,38,7,31,105,4,34,93
9510402,3,3,0,0,0,3,24
9706526,20,5,15,55,3,17,28
9401269,18,6,12,39,18,0,0
9804300,9,3,6,17,0,9,16
109117,12,3,9,20,1,11,145
1297,17,8,9,20,0,17,77
9803227,23,11,12,39,1,22,107
9602354,4,3,1,1,0,4,11
9311294,11,1,10,33,11,0,0
4233,3,3,0,0,0,3,22
9605270,3,2,1,1,0,3,4
9410309,10,2,8,25,10,0,0
9802252,12,5,7,10,1,11,73
105293,7,2,5,10,1,6,37
9808322,8,2,6,8,3,5,12
9412305,8,2,6,9,7,1,1
3121,4,3,1,1,0,4,21
110200,3,3,0,0,0,3,12
9809360,15,2,13,27,5,10,20
102052,4,3,1,1,1,3,7
1273,5,2,3,4,3,2,13
9512343,6,2,4,4,6,0,0
9302232,46,3,43,304,46,0,0
9292,16,1,15,50,5,11,71
103322,8,4,4,8,0,8,21
106023,6,3,3,6,0,6,39
103235,17,6,11,41,0,17,39
9310379,82,8,74,472,11,71,335
9811206,5,3,2,2,2,3,3
9903343,2,2,0,0,0,2,8
9511256,17,3,14,47,0,17,61
9505277,11,4,7,14,1,10,14
9704329,5,2,3,6,0,5,15
9406357,13,4,9,29,13,0,0
9208214,4,3,1,1,4,0,0
206077,17,8,9,16,0,17,201
9903276,10,2,8,13,0,10,65
9211238,4,1,3,5,4,0,0
9911348,8,1,7,15,0,8,49
9603345,6,3,3,6,1,5,10
2120,22,6,16,37,0,22,106
9605286,19,5,14,36,4,15,15
9711488,33,6,27,103,0,33,92
210276,5,4,1,1,0,5,12
110291,6,3,3,4,0,6,15
9608477,15,6,9,22,1,14,21
205241,49,5,44,209,1,48,264
9606482,0,0,0,0,0,0,0
110227,3,2,1,2,0,3,6
110173,12,3,9,33,0,12,40
10303,4,1,3,4,4,0,0
105212,17,4,13,33,0,17,46
8020,10,3,7,15,0,10,46
9608402,1,1,0,0,0,1,2
9606475,10,6,4,5,10,0,0
9903386,4,1,3,3,3,1,2
9604375,2,1,1,1,0,2,14
9708311,26,6,20,56,2,24,56
9610310,7,2,5,5,1,6,9
106112,19,4,15,53,0,19,279
9612328,18,1,17,44,0,18,52
9608226,1,1,0,0,0,1,7
9603392,3,2,1,1,3,0,0
3113,11,5,6,19,3,8,22
9910283,10,5,5,12,1,9,113
9502352,11,3,8,14,1,10,38
12261,2,1,1,1,0,2,14
9503207,3,1,2,3,3,0,0
110242,8,3,5,7,0,8,65
209187,12,8,4,5,0,12,71
9607207,10,3,7,9,0,10,33
9308235,2,2,0,0,2,0,0
12336,3,2,1,1,0,3,22
9712253,7,2,5,8,0,7,27
9811375,23,5,18,45,8,15,15
10201,29,2,27,174,0,29,258
9708351,6,2,4,6,0,6,17
9312307,2,2,0,0,0,2,3
9907466,7,2,5,12,0,7,39
108182,6,3,3,5,0,6,38
9507337,1,1,0,0,0,1,1
201306,1,1,0,0,0,1,2
9511389,2,1,1,1,0,2,4
9349,0,0,0,0,0,0,0
9809294,3,3,0,0,3,0,0
9812336,9,3,6,11,5,4,5
9707266,6,4,2,6,3,3,6
9910257,4,2,2,3,0,4,39
9708461,4,2,2,2,0,4,15
9809223,11,7,4,5,0,11,51
9294,9,2,7,12,0,9,49
9808457,2,1,1,1,0,2,9
9704456,8,2,6,11,8,0,0
9812370,7,5,2,3,0,7,32
102291,13,9,4,6,1,12,46
9612422,3,2,1,1,0,3,22
9502307,7,2,5,7,0,7,16
209316,2,1,1,1,0,2,8
9703308,3,3,0,0,0,3,8
9311,3,1,2,3,0,3,10
9703284,25,4,21,76,1,24,29
9607306,20,5,15,35,3,17,45
9906213,5,1,4,8,4,1,4
9506275,2,2,0,0,0,2,11
9308341,4,3,1,1,4,0,0
9302292,11,2,9,29,11,0,0
9908257,12,3,9,20,1,11,32
9506245,5,4,1,1,5,0,0
9711250,7,5,2,2,1,6,20
108077,9,3,6,8,0,9,64
110029,3,2,1,1,0,3,23
9808211,8,2,6,9,0,8,17
9506270,8,3,5,11,5,3,4
7306,5,3,2,3,0,5,57
9310230,4,1,3,4,0,4,8
205001,2,2,0,0,0,2,17
201197,15,1,14,44,0,15,53
9601330,1,1,0,0,0,1,4
111341,1,1,0,0,0,1,12
7187,1,1,0,0,0,1,2
9807373,6,4,2,2,0,6,20
9606467,9,3,6,12,1,8,28
105180,9,4,5,8,0,9,71
9912521,0,0,0,0,0,0,0
9911316,13,4,9,33,0,13,130
9811487,2,1,1,1,2,0,0
101291,0,0,0,0,0,0,0
12058,10,1,9,17,4,6,12
9908497,7,2,5,13,2,5,12
101190,2,1,1,1,0,2,6
9810515,1,1,0,0,0,1,2
9811288,8,2,6,7,0,8,21
9909420,1,1,0,0,0,1,1
110186,2,1,1,1,0,2,20
9806268,11,4,7,14,2,9,12
9703225,5,1,4,6,2,3,3
9407370,4,2,2,3,1,3,3
12291,4,2,2,3,0,4,41
9911214,19,1,18,63,0,19,101
9807394,1,1,0,0,1,0,0
9605309,2,1,1,1,0,2,4
9810426,3,1,2,2,0,3,18
9810277,14,4,10,34,0,14,29
9403243,15,6,9,17,15,0,0
9809343,2,2,0,0,0,2,11
101134,2,1,1,1,0,2,2
9403273,9,6,3,3,0,9,13
9704250,17,6,11,30,1,16,71
9411250,5,2,3,5,5,0,0
104058,4,4,0,0,1,3,13
103081,0,0,0,0,0,0,0
9803464,9,5,4,5,0,9,45
9801228,1,1,0,0,0,1,4
202003,4,2,2,2,0,4,44
101087,2,2,0,0,0,2,6
111030,8,4,4,6,0,8,53
102070,7,3,4,5,1,6,18
9901430,14,3,11,33,4,10,10
104027,4,3,1,1,0,4,34
9905515,21,2,19,70,11,10,12
208266,5,4,1,1,0,5,26
112359,7,3,4,4,0,7,45
9806379,2,2,0,0,1,1,1
107304,2,1,1,1,0,2,7
9267,1,1,0,0,0,1,1
9711477,6,2,4,4,0,6,18
9211221,8,8,0,0,8,0,0
9803394,17,5,12,50,1,16,25
202010,6,3,3,3,1,5,24
9505280,2,2,0,0,0,2,4
9308248,8,3,5,9,5,3,3
9310307,5,1,4,7,5,0,0
106098,11,3,8,23,0,11,27
103163,14,3,11,29,0,14,57
9801438,0,0,0,0,0,0,0
9706357,3,2,1,1,0,3,18
102337,11,3,8,18,0,11,185
9401216,1,1,0,0,0,1,2
5123,7,4,3,8,0,7,24
9604267,8,2,6,10,4,4,4
9309307,2,2,0,0,2,0,0
9511310,3,1,2,3,1,2,2
9908507,2,2,0,0,0,2,4
9802275,2,1,1,1,0,2,17
9705282,13,7,6,11,2,11,41
9710515,3,3,0,0,1,2,2
11285,1,1,0,0,0,1,1
9911331,3,1,2,3,0,3,6
9608333,0,0,0,0,0,0,0
10147,3,2,1,1,0,3,10
9611386,4,2,2,2,0,4,20
210339,0,0,0,0,0,0,0
202203,1,1,0,0,0,1,7
9905253,1,1,0,0,0,1,1
101300,8,3,5,11,0,8,61
106223,3,3,0,0,0,3,30
12357,12,3,9,26,0,12,59
9807371,15,1,14,90,0,15,24
203270,15,2,13,32,0,15,131
112108,30,19,11,26,0,30,308
9211293,3,2,1,1,3,0,0
9907202,2,1,1,1,0,2,19
9805480,1,1,0,0,0,1,4
9706299,0,0,0,0,0,0,0
9912357,7,5,2,2,1,6,24
9208245,10,6,4,9,10,0,0
9906424,18,1,17,78,0,18,92
11334,6,3,3,7,0,6,31
108253,2,2,0,0,0,2,12
102073,0,0,0,0,0,0,0
12113,3,2,1,1,3,0,0
9802305,1,1,0,0,0,1,4
9904350,1,1,0,0,0,1,4
9702294,2,1,1,1,0,2,5
9701249,5,3,2,2,0,5,32
9211302,13,6,7,11,8,5,5
9609478,1,1,0,0,0,1,3
9511224,2,2,0,0,0,2,6
207277,3,2,1,2,0,3,63
10002,11,3,8,14,0,11,87
9407224,2,2,0,0,0,2,2
9809555,5,1,4,6,0,5,17
9709358,4,2,2,4,4,0,0
9705261,7,3,4,5,0,7,9
1270,8,3,5,6,1,7,11
102225,0,0,0,0,0,0,0
9701375,10,2,8,14,0,10,30
9606301,3,3,0,0,0,3,4
9911407,2,2,0,0,0,2,6
9408312,2,2,0,0,1,1,1
206043,1,1,0,0,0,1,3
9409274,1,1,0,0,1,0,0
9512226,2,2,0,0,2,0,0
9605239,5,4,1,1,4,1,1
110237,6,3,3,3,0,6,50
103131,0,0,0,0,0,0,0
9508210,2,2,0,0,0,2,2
9505230,2,1,1,1,0,2,3
9411297,2,2,0,0,2,0,0
9307318,5,3,2,2,5,0,0
9804318,3,2,1,1,0,3,5
9407216,5,4,1,1,5,0,0
111098,10,4,6,12,0,10,57
212227,1,1,0,0,0,1,1
9909417,3,2,1,1,3,0,0
103009,1,1,0,0,0,1,2
108246,3,1,2,2,0,3,24
9808366,2,1,1,1,0,2,8
205273,2,1,1,1,0,2,16
101122,2,2,0,0,0,2,5
107004,1,1,0,0,0,1,12
9804257,4,3,1,1,1,3,3
5245,16,4,12,26,0,16,58
9404303,9,2,7,12,9,0,0
9802270,5,2,3,6,0,5,28
9401327,4,2,2,2,2,2,4
9358,6,1,5,10,0,6,36
9909230,0,0,0,0,0,0,0
107243,2,1,1,1,0,2,4
204240,0,0,0,0,0,0,0
3285,7,5,2,4,4,3,3
10026,4,1,3,4,4,0,0
109285,1,1,0,0,0,1,3
9707245,4,3,1,1,0,4,23
9210258,3,3,0,0,3,0,0
9410355,2,2,0,0,2,0,0
9906504,2,1,1,1,1,1,1
105006,4,4,0,0,0,4,11
12188,0,0,0,0,0,0,0
202019,0,0,0,0,0,0,0
9704364,7,3,4,4,0,7,18
9902319,9,3,6,10,0,9,21
9503441,4,2,2,2,0,4,5
9607479,2,1,1,1,0,2,6
210352,2,2,0,0,0,2,2
9905282,12,4,8,18,0,12,33
9403310,13,7,6,6,3,10,14
201282,3,2,1,2,0,3,10
9701237,2,1,1,1,2,0,0
9604312,1,1,0,0,1,0,0
8233,1,1,0,0,1,0,0
9609286,1,1,0,0,0,1,3
7332,6,2,4,6,0,6,27
203252,1,1,0,0,1,0,0
9204212,14,8,6,15,14,0,0
9901339,12,5,7,12,8,4,10
207205,1,1,0,0,0,1,1
8338,2,1,1,1,0,2,3
211153,1,1,0,0,1,0,0
9905540,1,1,0,0,0,1,5
9910521,4,1,3,5,0,4,4
9410223,1,1,0,0,1,0,0
202256,1,1,0,0,0,1,1
5063,1,1,0,0,0,1,4
110056,6,2,4,6,1,5,10
206308,6,1,5,15,0,6,95
9512297,2,2,0,0,1,1,1
3195,1,1,0,0,0,1,7
204264,0,0,0,0,0,0,0
9809449,9,3,6,14,3,6,6
111368,0,0,0,0,0,0,0
102277,5,2,3,5,5,0,0
204224,8,3,5,11,0,8,37
9812335,4,1,3,5,0,4,8
210320,4,2,2,2,0,4,54
12367,7,2,5,11,0,7,45
12135,5,4,1,1,0,5,18
210322,1,1,0,0,0,1,8
9405327,2,1,1,1,2,0,0
9607452,11,1,10,20,0,11,30
108127,5,2,3,5,0,5,14
9704408,7,4,3,5,7,0,0
9806480,2,2,0,0,0,2,4
9403377,0,0,0,0,0,0,0
9305240,1,1,0,0,1,0,0
1148,3,2,1,1,1,2,4
9707536,8,1,7,15,0,8,43
10197,0,0,0,0,0,0,0
210289,4,3,1,1,0,4,54
212210,0,0,0,0,0,0,0
5330,0,0,0,0,0,0,0
9902479,10,4,6,13,3,7,7
103005,0,0,0,0,0,0,0
9159,3,1,2,2,0,3,11
207315,2,2,0,0,1,1,5
9604360,4,4,0,0,3,1,1
9509347,6,4,2,3,1,5,9
9903510,6,4,2,2,0,6,57
12066,4,1,3,5,4,0,0
11283,4,3,1,1,1,3,8
105328,3,2,1,1,0,3,8
12258,1,1,0,0,0,1,1
9403286,5,1,4,6,5,0,0
9503314,1,1,0,0,0,1,5
9503480,2,1,1,1,2,0,0
9404278,5,1,4,6,5,0,0
112284,3,2,1,1,0,3,14
102005,3,1,2,3,0,3,8
11127,2,2,0,0,0,2,6
208176,2,2,0,0,0,2,6
8260,6,4,2,2,0,6,34
203149,6,2,4,4,0,6,12
6336,3,3,0,0,0,3,4
9905453,14,3,11,34,8,6,6
9405378,1,1,0,0,1,0,0
9309213,4,1,3,3,4,0,0
101354,7,4,3,5,1,6,22
9708401,1,1,0,0,0,1,1
6157,9,5,4,7,2,7,16
101043,2,2,0,0,0,2,22
9412232,1,1,0,0,0,1,1
9810255,0,0,0,0,0,0,0
9810421,0,0,0,0,0,0,0
109034,6,1,5,8,0,6,36
9807337,0,0,0,0,0,0,0
9604206,0,0,0,0,0,0,0
7116,3,1,2,3,0,3,5
9501300,0,0,0,0,0,0,0
205233,3,1,2,2,0,3,20
102124,7,3,4,5,0,7,23
9602362,3,2,1,1,3,0,0
212048,1,1,0,0,0,1,2
9803398,2,2,0,0,2,0,0
9803413,0,0,0,0,0,0,0
9811281,4,4,0,0,2,2,6
9904306,1,1,0,0,0,1,3
102082,1,1,0,0,0,1,5
111171,0,0,0,0,0,0,0
206075,0,0,0,0,0,0,0
207084,2,2,0,0,2,0,0
4109,0,0,0,0,0,0,0
9905502,1,1,0,0,0,1,6
9248,4,3,1,1,0,4,8
9810415,5,3,2,4,5,0,0
9704282,2,2,0,0,1,1,1
9502331,1,1,0,0,1,0,0
3148,1,1,0,0,0,1,1
9507309,2,2,0,0,2,0,0
9308366,2,1,1,1,2,0,0
9305293,5,5,0,0,0,5,5
208130,4,4,0,0,0,4,17
201055,4,2,2,3,0,4,38
110021,0,0,0,0,0,0,0
102023,3,3,0,0,1,2,8
202264,11,3,8,16,4,7,20
208238,1,1,0,0,0,1,10
203008,3,2,1,1,0,3,6
9709290,3,2,1,1,1,2,2
9708287,2,1,1,1,2,0,0
9911391,1,1,0,0,0,1,3
207177,0,0,0,0,0,0,0
9711491,0,0,0,0,0,0,0
111473,2,2,0,0,0,2,8
9909221,1,1,0,0,0,1,7
9611427,0,0,0,0,0,0,0
107219,16,6,10,15,3,13,35
9504209,2,1,1,1,1,1,1
109014,2,1,1,1,2,0,0
9801357,5,1,4,7,0,5,15
9809567,13,4,9,15,1,12,31
9910259,8,2,6,14,2,6,12
108272,2,1,1,1,2,0,0
9711459,0,0,0,0,0,0,0
9907377,2,2,0,0,0,2,5
9802320,0,0,0,0,0,0,0
9903429,3,1,2,3,0,3,8
9505250,8,3,5,12,8,0,0
103078,1,1,0,0,1,0,0
9911265,4,2,2,3,2,2,2
9601347,4,1,3,6,4,0,0
9706416,1,1,0,0,0,1,2
6161,4,2,2,2,4,0,0
9409308,1,1,0,0,1,0,0
9507430,6,3,3,3,6,0,0
9706355,1,1,0,0,1,0,0
11330,0,0,0,0,0,0,0
302049,1,1,0,0,0,1,10
9608219,1,1,0,0,0,1,1
9804311,2,2,0,0,2,0,0
9711508,1,1,0,0,0,1,5
2153,1,1,0,0,0,1,4
109145,0,0,0,0,0,0,0
111087,1,1,0,0,0,1,6
9035,0,0,0,0,0,0,0
9808243,3,2,1,1,0,3,14
9801426,1,1,0,0,1,0,0
9912472,2,2,0,0,0,2,6
106020,1,1,0,0,0,1,5
9810438,0,0,0,0,0,0,0
9704256,1,1,0,0,0,1,2
10128,6,3,3,3,0,6,29
12070,1,1,0,0,0,1,2
106102,1,1,0,0,1,0,0
4165,2,2,0,0,0,2,3
9803338,2,2,0,0,0,2,8
201038,1,1,0,0,0,1,2
9506383,1,1,0,0,0,1,3
9706335,1,1,0,0,0,1,2
9505415,0,0,0,0,0,0,0
9412252,1,1,0,0,0,1,1
9404317,0,0,0,0,0,0,0
9807460,3,2,1,1,1,2,4
9607274,2,1,1,1,0,2,2
9304227,2,2,0,0,2,0,0
9808369,1,1,0,0,0,1,5
205014,4,4,0,0,0,4,21
203040,2,2,0,0,0,2,3
102196,1,1,0,0,0,1,7
9404268,2,2,0,0,2,0,0
205322,2,2,0,0,0,2,2
9610264,0,0,0,0,0,0,0
9811391,2,2,0,0,2,0,0
202161,1,1,0,0,0,1,6
9607271,6,2,4,6,6,0,0
111270,0,0,0,0,0,0,0
206127,0,0,0,0,0,0,0
9310292,3,3,0,0,0,3,9
9809585,2,1,1,1,1,1,1
3202,1,1,0,0,0,1,2
10116,5,2,3,3,0,5,8
9511453,0,0,0,0,0,0,0
9911387,1,1,0,0,0,1,4
208217,4,3,1,1,1,3,4
9611421,0,0,0,0,0,0,0
105275,0,0,0,0,0,0,0
211072,0,0,0,0,0,0,0
9502361,3,3,0,0,0,3,3
9912298,0,0,0,0,0,0,0
10173,0,0,0,0,0,0,0
9610539,0,0,0,0,0,0,0
9712374,0,0,0,0,0,0,0
206169,0,0,0,0,0,0,0
211257,1,1,0,0,0,1,15
9706364,2,2,0,0,2,0,0
5184,0,0,0,0,0,0,0
9311230,1,1,0,0,1,0,0
205141,3,2,1,1,0,3,31
205343,5,1,4,8,0,5,21
9803326,2,2,0,0,2,0,0
103150,2,1,1,1,0,2,5
203073,1,1,0,0,0,1,2
206238,5,3,2,3,2,3,14
9405284,0,0,0,0,0,0,0
111389,1,1,0,0,0,1,15
9311302,0,0,0,0,0,0,0
107109,2,2,0,0,0,2,7
209184,0,0,0,0,0,0,0
212253,0,0,0,0,0,0,0
9803252,3,1,2,3,3,0,0
9910222,0,0,0,0,0,0,0
9411319,1,1,0,0,1,0,0
108215,3,1,2,2,1,2,8
9802309,0,0,0,0,0,0,0
205186,0,0,0,0,0,0,0
9511226,0,0,0,0,0,0,0
12382,3,1,2,2,0,3,9
1037,0,0,0,0,0,0,0
9707232,0,0,0,0,0,0,0
104043,0,0,0,0,0,0,0
9810551,1,1,0,0,1,0,0
301224,0,0,0,0,0,0,0
9274,1,1,0,0,0,1,6
103097,0,0,0,0,0,0,0
301105,0,0,0,0,0,0,0
205262,1,1,0,0,0,1,9
1132,3,1,2,2,0,3,12
5046,2,2,0,0,0,2,8
9907552,1,1,0,0,0,1,10
9711374,0,0,0,0,0,0,0
9605249,1,1,0,0,0,1,1
111066,1,1,0,0,0,1,2
9707344,1,1,0,0,0,1,4
9512411,0,0,0,0,0,0,0
210046,1,1,0,0,1,0,0
111335,5,1,4,8,0,5,7
9309327,1,1,0,0,1,0,0
9506415,0,0,0,0,0,0,0
112065,0,0,0,0,0,0,0
9709233,1,1,0,0,1,0,0
12022,0,0,0,0,0,0,0
9510355,0,0,0,0,0,0,0
9811344,0,0,0,0,0,0,0
9410336,0,0,0,0,0,0,0
9602237,1,1,0,0,1,0,0
9706485,2,2,0,0,0,2,6
3267,0,0,0,0,0,0,0
10039,0,0,0,0,0,0,0
9901344,3,3,0,0,0,3,9
3235,0,0,0,0,0,0,0
211198,1,1,0,0,1,0,0
9908453,0,0,0,0,0,0,0
6176,0,0,0,0,0,0,0
208065,0,0,0,0,0,0,0
9126,0,0,0,0,0,0,0
3268,1,1,0,0,0,1,1
107085,1,1,0,0,0,1,1
204052,2,2,0,0,0,2,20
6210,3,1,2,2,0,3,3
8123,3,2,1,1,0,3,10
9610309,1,1,0,0,0,1,3
9309296,0,0,0,0,0,0,0
210321,0,0,0,0,0,0,0
9912471,1,1,0,0,0,1,7
201093,1,1,0,0,0,1,2
9410289,1,1,0,0,1,0,0
9608278,0,0,0,0,0,0,0
2083,0,0,0,0,0,0,0
111286,1,1,0,0,1,0,0
301121,0,0,0,0,0,0,0
110233,0,0,0,0,0,0,0
301028,1,1,0,0,0,1,3
9903442,1,1,0,0,1,0,0
9806449,0,0,0,0,0,0,0
9801343,0,0,0,0,0,0,0
8185,2,1,1,1,2,0,0
9811512,1,1,0,0,1,0,0
106137,1,1,0,0,0,1,3
9901253,0,0,0,0,0,0,0
301184,0,0,0,0,0,0,0
9807561,0,0,0,0,0,0,0
9905522,0,0,0,0,0,0,0
204056,3,3,0,0,0,3,20
105209,3,3,0,0,1,2,3
9805313,0,0,0,0,0,0,0
4157,0,0,0,0,0,0,0
2105,0,0,0,0,0,0,0
204201,2,1,1,1,0,2,3
207030,1,1,0,0,0,1,9
9608459,0,0,0,0,0,0,0
9709278,3,1,2,3,0,3,6
9706211,0,0,0,0,0,0,0
111212,3,1,2,2,0,3,28
302161,0,0,0,0,0,0,0
9803437,0,0,0,0,0,0,0
9909274,1,1,0,0,0,1,2
207170,1,1,0,0,1,0,0
201220,0,0,0,0,0,0,0
9709451,0,0,0,0,0,0,0
203015,0,0,0,0,0,0,0
8329,1,1,0,0,1,0,0
1190,1,1,0,0,0,1,2
9512228,1,1,0,0,0,1,5
2131,1,1,0,0,0,1,9
9411373,0,0,0,0,0,0,0
9507338,1,1,0,0,0,1,1
9807291,0,0,0,0,0,0,0
107079,0,0,0,0,0,0,0
9808365,0,0,0,0,0,0,0
110170,0,0,0,0,0,0,0
12286,0,0,0,0,0,0,0
9506373,0,0,0,0,0,0,0
9807273,0,0,0,0,0,0,0
9130,2,2,0,0,0,2,4
202250,3,1,2,3,0,3,19
9710480,0,0,0,0,0,0,0
9501215,0,0,0,0,0,0,0
301007,0,0,0,0,0,0,0
9509395,0,0,0,0,0,0,0
9408324,0,0,0,0,0,0,0
9015,0,0,0,0,0,0,0
9504207,0,0,0,0,0,0,0
9807295,0,0,0,0,0,0,0
202248,2,1,1,1,0,2,30
101185,1,1,0,0,0,1,3
208204,0,0,0,0,0,0,0
9907290,0,0,0,0,0,0,0
9505208,0,0,0,0,0,0,0
9609291,0,0,0,0,0,0,0
9810518,0,0,0,0,0,0,0
1118,0,0,0,0,0,0,0
107019,0,0,0,0,0,0,0
9805348,0,0,0,0,0,0,0
4216,0,0,0,0,0,0,0
208022,0,0,0,0,0,0,0
9909209,1,1,0,0,0,1,3
9706286,2,1,1,1,1,1,1
207273,3,3,0,0,0,3,71
9905534,0,0,0,0,0,0,0
202046,0,0,0,0,0,0,0
110212,0,0,0,0,0,0,0
9270,0,0,0,0,0,0,0
9810213,0,0,0,0,0,0,0
9602428,0,0,0,0,0,0,0
9510322,1,1,0,0,1,0,0
212042,0,0,0,0,0,0,0
2299,1,1,0,0,0,1,3
104235,0,0,0,0,0,0,0
9705256,0,0,0,0,0,0,0
9905393,0,0,0,0,0,0,0
210343,0,0,0,0,0,0,0
212262,0,0,0,0,0,0,0
9404251,1,1,0,0,1,0,0
9511353,0,0,0,0,0,0,0
9610512,0,0,0,0,0,0,0
9912536,0,0,0,0,0,0,0
205292,0,0,0,0,0,0,0
9311262,0,0,0,0,0,0,0
211405,0,0,0,0,0,0,0
9310300,0,0,0,0,0,0,0
106323,0,0,0,0,0,0,0
9807512,0,0,0,0,0,0,0
102232,0,0,0,0,0,0,0
9802281,1,1,0,0,1,0,0
9912518,0,0,0,0,0,0,0
9611424,1,1,0,0,0,1,1
112079,0,0,0,0,0,0,0
9807202,0,0,0,0,0,0,0
104165,3,1,2,2,3,0,0
9310205,0,0,0,0,0,0,0
9810401,0,0,0,0,0,0,0
10189,0,0,0,0,0,0,0
9904487,0,0,0,0,0,0,0
108164,0,0,0,0,0,0,0
9509235,0,0,0,0,0,0,0
102197,1,1,0,0,0,1,9
12173,1,1,0,0,1,0,0
9507301,0,0,0,0,0,0,0
205142,0,0,0,0,0,0,0
9705403,0,0,0,0,0,0,0
9305330,0,0,0,0,0,0,0
209008,0,0,0,0,0,0,0
205225,0,0,0,0,0,0,0
212100,0,0,0,0,0,0,0
301197,0,0,0,0,0,0,0
111275,3,1,2,2,0,3,3
9606218,1,1,0,0,1,0,0
204160,1,1,0,0,0,1,3
9803474,0,0,0,0,0,0,0
9907361,0,0,0,0,0,0,0
12281,0,0,0,0,0,0,0
204172,1,1,0,0,0,1,4
112272,0,0,0,0,0,0,0
9901284,0,0,0,0,0,0,0
9503379,0,0,0,0,0,0,0
9805462,0,0,0,0,0,0,0
301169,0,0,0,0,0,0,0
9306305,2,2,0,0,2,0,0
204298,0,0,0,0,0,0,0
9803374,4,2,2,3,0,4,7
105102,1,1,0,0,0,1,1
2298,1,1,0,0,1,0,0
9608323,0,0,0,0,0,0,0
3158,0,0,0,0,0,0,0
9512362,0,0,0,0,0,0,0
101243,1,1,0,0,0,1,3
211381,0,0,0,0,0,0,0
5068,0,0,0,0,0,0,0
207029,0,0,0,0,0,0,0
212397,1,1,0,0,0,1,6
210254,0,0,0,0,0,0,0
9906364,0,0,0,0,0,0,0
107090,0,0,0,0,0,0,0
1198,0,0,0,0,0,0,0
9507408,0,0,0,0,0,0,0
9806261,0,0,0,0,0,0,0
9505363,0,0,0,0,0,0,0
9706301,1,1,0,0,0,1,1
109176,1,1,0,0,0,1,3
301203,0,0,0,0,0,0,0
9808208,1,1,0,0,0,1,4
9405221,1,1,0,0,1,0,0
209283,1,1,0,0,0,1,2
9701417,0,0,0,0,0,0,0
201222,0,0,0,0,0,0,0
5008,0,0,0,0,0,0,0
9803247,0,0,0,0,0,0,0
9705381,0,0,0,0,0,0,0
9601341,1,1,0,0,1,0,0
9908405,0,0,0,0,0,0,0
106209,0,0,0,0,0,0,0
9411320,0,0,0,0,0,0,0
9301217,1,1,0,0,1,0,0
208062,0,0,0,0,0,0,0
106271,0,0,0,0,0,0,0
7260,0,0,0,0,0,0,0
9804225,0,0,0,0,0,0,0
204329,0,0,0,0,0,0,0
109209,0,0,0,0,0,0,0
212267,0,0,0,0,0,0,0
9907448,0,0,0,0,0,0,0
210356,0,0,0,0,0,0,0
9902248,0,0,0,0,0,0,0
9510352,1,1,0,0,1,0,0
209279,0,0,0,0,0,0,0
101240,0,0,0,0,0,0,0
9807232,0,0,0,0,0,0,0
207212,0,0,0,0,0,0,0
212325,0,0,0,0,0,0,0
9610320,0,0,0,0,0,0,0
101072,0,0,0,0,0,0,0
103148,1,1,0,0,0,1,3
9702323,0,0,0,0,0,0,0
9705212,0,0,0,0,0,0,0
9902262,0,0,0,0,0,0,0
9604214,0,0,0,0,0,0,0
211253,0,0,0,0,0,0,0
9069,1,1,0,0,1,0,0
4174,0,0,0,0,0,0,0
9504298,0,0,0,0,0,0,0
2280,0,0,0,0,0,0,0
204195,0,0,0,0,0,0,0
9708379,0,0,0,0,0,0,0
9407205,0,0,0,0,0,0,0
9608429,1,1,0,0,0,1,2
202118,0,0,0,0,0,0,0
9801289,0,0,0,0,0,0,0
12098,0,0,0,0,0,0,0
6191,0,0,0,0,0,0,0
302066,0,0,0,0,0,0,0
3227,0,0,0,0,0,0,0
9806338,0,0,0,0,0,0,0
105020,0,0,0,0,0,0,0
212235,0,0,0,0,0,0,0
9609494,0,0,0,0,0,0,0
111423,0,0,0,0,0,0,0
9406246,0,0,0,0,0,0,0
7090,0,0,0,0,0,0,0
9612488,0,0,0,0,0,0,0
209311,0,0,0,0,0,0,0
1210,0,0,0,0,0,0,0
209362,0,0,0,0,0,0,0
301241,0,0,0,0,0,0,0
207060,0,0,0,0,0,0,0
210176,0,0,0,0,0,0,0
212407,0,0,0,0,0,0,0
203013,0,0,0,0,0,0,0
9408405,0,0,0,0,0,0,0
9307276,0,0,0,0,0,0,0
112208,0,0,0,0,0,0,0
9702231,0,0,0,0,0,0,0
9810333,31,7,24,94,19,12,15
9054,3,2,1,1,1,2,12
9809384,23,2,21,54,1,22,164
9902256,48,7,41,155,5,43,111
9705356,50,7,43,238,7,43,209
9506326,16,1,15,46,16,0,0
9704288,0,0,0,0,0,0,0
9902434,21,7,14,35,0,21,84
9405322,24,7,17,52,24,0,0
9709493,3,2,1,2,0,3,4
203056,22,12,10,20,0,22,396
9312324,37,7,30,117,21,16,21
9706267,8,2,6,10,0,8,44
9805373,82,4,78,739,12,70,121
9605339,39,7,32,127,17,22,38
106116,25,6,19,42,0,25,320
9412360,6,1,5,9,6,0,0
9601260,6,4,2,3,1,5,8
9603374,47,5,42,203,14,33,68
9801209,34,8,26,126,34,0,0
9311281,24,4,20,69,3,21,30
9508322,4,1,3,6,0,4,16
9504342,84,6,78,637,72,12,14
9809508,12,3,9,15,0,12,20
9808333,54,5,49,326,2,52,225
9805266,11,3,8,11,4,7,10
9509351,41,3,38,229,6,35,148
9811495,38,4,34,134,3,35,122
9911275,12,5,7,10,0,12,49
9502306,18,8,10,25,9,9,13
9508247,45,3,42,282,4,41,79
9812403,5,3,2,2,0,5,15
9808419,10,5,5,11,0,10,46
9711421,17,5,12,38,3,14,36
9901320,23,2,21,76,0,23,220
9808321,2,2,0,0,1,1,4
9606260,62,2,60,369,10,52,144
9204205,17,1,16,75,17,0,0
9706497,4,3,1,1,1,3,14
9703209,38,6,32,97,3,35,95
9304295,64,17,47,206,18,46,68
9206206,15,5,10,20,15,0,0
9207221,58,6,52,302,58,0,0
9806288,2,2,0,0,0,2,9
9806471,38,9,29,81,0,38,409
9510363,49,4,45,167,4,45,299
9503418,7,3,4,5,1,6,11
9911202,17,2,15,66,0,17,75
9309299,16,3,13,53,7,9,9
9611443,16,4,12,64,1,15,148
9706382,7,1,6,12,0,7,114
9905296,26,3,23,96,1,25,240
9503277,4,2,2,3,1,3,10
105066,9,4,5,10,0,9,46
9705467,19,12,7,10,1,18,70
9808385,31,8,23,89,5,26,86
9205221,33,6,27,105,33,0,0
9806308,57,9,48,216,2,55,429
9908382,12,3,9,13,0,12,56
9406337,9,4,5,15,6,3,3
9401219,105,5,100,1042,65,40,40
9811273,26,8,18,48,0,26,163
9408382,39,4,35,181,39,0,0
9307364,83,5,78,630,83,0,0
9807418,9,2,7,12,0,9,35
9606445,9,6,3,5,2,7,16
9302207,27,3,24,132,19,8,8
9401331,3,1,2,3,3,0,0
9411415,17,5,12,54,17,0,0
9507442,11,4,7,20,1,10,22
9405248,3,1,2,3,0,3,17
9907489,48,3,45,294,0,48,544
9602287,58,2,56,389,53,5,5
9604272,35,11,24,68,15,20,48
9506203,4,3,1,1,0,4,9
9611320,17,3,14,38,13,4,8
9403244,23,10,13,36,23,0,0
9503349,5,2,3,3,5,0,0
9308342,8,4,4,4,8,0,0
9705230,9,7,2,2,0,9,18
9702276,30,3,27,136,8,22,57
9405207,73,10,63,339,10,63,176
9708396,25,7,18,53,14,11,17
9207236,66,8,58,309,66,0,0
9502346,10,2,8,16,2,8,24
9811448,148,10,138,1145,2,146,930
9607404,34,5,29,133,4,30,84
105242,9,5,4,4,1,8,39
9903478,39,2,37,141,0,39,258
9906536,14,1,13,34,1,13,60
9712210,5,1,4,7,1,4,9
9701393,33,2,31,151,2,31,110
9906340,48,3,45,242,3,45,240
9809440,5,1,4,8,1,4,5
9909482,18,6,12,50,0,18,106
9611376,2,1,1,1,0,2,6
9710255,48,2,46,447,5,43,241
9411214,4,1,3,5,4,0,0
9308229,8,2,6,16,5,3,3
11379,25,6,19,47,4,21,114
9910254,40,3,37,188,0,40,504
9209248,26,1,25,79,26,0,0
9910247,29,4,25,140,0,29,289
5040,7,2,5,7,0,7,14
206020,15,1,14,60,1,14,49
9809406,43,3,40,319,0,43,248
9211216,14,4,10,29,14,0,0
9602372,14,2,12,48,14,0,0
9811202,78,4,74,653,2,76,339
9307217,7,4,3,7,7,0,0
9603324,9,4,5,12,0,9,36
9608359,14,3,11,27,6,8,8
9211332,5,4,1,1,5,0,0
9607234,7,2,5,6,0,7,28
9310210,45,7,38,289,45,0,0
9504300,5,2,3,3,5,0,0
9810289,13,6,7,19,1,12,82
9809521,63,2,61,335,1,62,289
9512237,12,4,8,14,5,7,7
9709399,13,4,9,29,8,5,5
9704361,70,10,60,344,4,66,197
9703337,68,6,62,442,3,65,359
9505422,48,5,43,128,39,9,19
9702433,17,3,14,40,1,16,21
9410214,8,3,5,11,1,7,11
9702375,14,9,5,7,0,14,109
106025,37,5,32,101,3,34,160
9506364,16,5,11,36,2,14,65
9309330,7,2,5,8,7,0,0
9803354,1,1,0,0,0,1,1
9704205,21,4,17,41,2,19,19
9806409,7,1,6,9,0,7,23
9301242,16,1,15,80,16,0,0
9508321,63,5,58,387,3,60,121
101217,1,1,0,0,0,1,4
110252,7,5,2,2,0,7,42
9302317,27,5,22,96,27,0,0
103048,43,2,41,292,0,43,536
104258,7,2,5,10,0,7,69
9903402,52,2,50,319,2,50,249
9512389,7,5,2,3,2,5,16
106247,80,4,76,388,7,73,230
11054,38,9,29,115,4,34,129
9208243,8,5,3,3,8,0,0
9606333,1,1,0,0,1,0,0
9707363,10,2,8,12,3,7,9
9707224,25,3,22,127,3,22,50
9408373,18,2,16,58,18,0,0
9502312,11,9,2,3,5,6,6
9805233,17,8,9,18,0,17,77
9909558,30,4,26,99,0,30,157
9911294,38,1,37,220,0,38,224
9503275,12,4,8,16,9,3,3
9903358,106,10,96,611,1,105,348
11094,41,1,40,262,0,41,629
112081,26,2,24,92,0,26,554
203064,5,2,3,3,0,5,14
109242,46,1,45,455,0,46,250
9807264,66,9,57,244,39,27,38
9909373,14,4,10,22,0,14,133
9903520,24,7,17,34,1,23,84
9701311,7,1,6,9,0,7,17
102290,12,7,5,8,0,12,94
9911231,4,3,1,1,0,4,91
9909494,3,1,2,3,0,3,15
9904283,28,3,25,74,1,27,143
9906341,9,7,2,2,0,9,133
9906296,39,4,35,197,0,39,134
9208254,47,4,43,245,47,0,0
1069,4,0,4,5,0,4,8
9601269,5,3,2,2,1,4,22
11360,3,2,1,1,0,3,17
9303249,48,4,44,205,32,16,16
4010,15,5,10,25,0,15,119
9506251,13,5,8,16,0,13,13
9908384,10,1,9,13,1,9,18
3233,26,7,19,36,1,25,103
9605327,18,1,17,80,0,18,104
9511315,167,7,160,1166,3,164,578
9509308,50,6,44,115,0,50,354
9610463,4,4,0,0,0,4,32
9601262,8,4,4,8,1,7,34
9506282,5,4,1,3,1,4,22
9511258,8,3,5,13,2,6,10
9612322,15,3,12,30,0,15,45
7336,14,2,12,26,0,14,89
9706253,17,4,13,32,5,12,68
9803401,14,8,6,7,0,14,37
9309236,5,3,2,2,3,2,2
9502379,2,2,0,0,2,0,0
9909286,8,4,4,5,3,5,7
9802298,9,5,4,6,0,9,24
9806510,4,4,0,0,2,2,10
9912391,35,5,30,110,0,35,175
11254,20,5,15,44,1,19,172
9404217,18,8,10,17,0,18,85
9702274,38,6,32,70,32,6,7
103111,1,1,0,0,0,1,1
9907495,11,7,4,6,2,9,16
105172,1,1,0,0,0,1,4
9407287,35,10,25,79,5,30,82
9404277,18,6,12,26,13,5,8
9905511,3,2,1,1,1,2,2
9409426,14,2,12,56,14,0,0
9603350,9,4,5,10,1,8,28
9609361,4,2,2,3,1,3,14
9808479,16,5,11,19,0,16,81
3142,8,4,4,9,0,8,122
9805232,20,2,18,95,20,0,0
9402342,17,2,15,52,17,0,0
9605276,2,1,1,1,0,2,5
9711403,18,4,14,44,16,2,3
9207228,19,2,17,38,19,0,0
9406231,10,4,6,18,10,0,0
9511457,4,2,2,3,0,4,7
9707532,50,4,46,301,5,45,270
9208231,14,3,11,23,3,11,11
9411334,28,5,23,62,2,26,97
9703288,84,6,78,796,10,74,302
9505254,3,2,1,1,3,0,0
9502397,6,4,2,2,0,6,19
9606356,20,3,17,75,0,20,90
11217,7,2,5,7,0,7,35
9802424,13,1,12,24,13,0,0
9905246,6,5,1,1,0,6,63
9604402,9,2,7,13,1,8,32
9807466,2,1,1,1,0,2,2
9603384,7,3,4,12,1,6,28
9810524,9,2,7,14,9,0,0
9902313,11,6,5,7,1,10,26
9709249,7,1,6,13,0,7,7
7018,1,1,0,0,0,1,7
9703252,5,2,3,4,1,4,4
9505262,27,5,22,90,10,17,27
9904247,2,2,0,0,0,2,8
9512290,9,5,4,7,1,8,18
9810301,9,3,6,9,0,9,23
6333,6,1,5,10,0,6,18
9405392,8,3,5,7,8,0,0
9410230,25,2,23,117,25,0,0
9903337,27,10,17,44,2,25,116
1212,11,1,10,21,0,11,97
9911482,12,3,9,25,0,12,73
9911365,7,5,2,3,0,7,43
9609511,28,2,26,137,10,18,29
9910408,9,1,8,19,0,9,66
4091,5,3,2,2,0,5,38
9610360,22,3,19,56,1,21,86
4269,9,3,6,18,1,8,51
9601287,7,3,4,6,3,4,4
9806240,8,3,5,7,3,5,5
6250,33,3,30,127,0,33,95
110255,2,1,1,1,0,2,17
9703332,23,3,20,93,0,23,147
9711435,10,2,8,12,1,9,73
105111,5,3,2,3,2,3,9
9601323,0,0,0,0,0,0,0
107124,3,3,0,0,0,3,5
9911297,6,3,3,4,0,6,31
9703269,1,1,0,0,0,1,13
9508332,6,2,4,4,1,5,7
9911257,6,2,4,7,1,5,22
9710418,5,1,4,10,0,5,18
9705340,2,1,1,1,0,2,4
9607463,5,2,3,6,0,5,18
9608281,10,1,9,33,0,10,38
9401305,7,2,5,14,1,6,7
201031,1,1,0,0,1,0,0
9809367,10,1,9,20,0,10,18
9509321,11,3,8,26,4,7,7
9702209,16,5,11,25,2,14,60
110063,2,2,0,0,0,2,20
9706271,17,5,12,26,0,17,90
9901395,2,2,0,0,0,2,9
9702442,0,0,0,0,0,0,0
9409446,14,2,12,39,0,14,24
3207,4,2,2,2,0,4,25
9609337,2,1,1,1,0,2,12
9507444,13,2,11,27,0,13,21
9804321,13,6,7,12,13,0,0
109003,2,1,1,1,0,2,12
9508324,7,2,5,15,7,0,0
9703208,17,1,16,63,1,16,32
9808331,5,2,3,6,1,4,5
205158,1,1,0,0,1,0,0
6198,2,2,0,0,0,2,12
102265,27,3,24,90,0,27,241
9502330,8,3,5,8,0,8,20
9602373,4,4,0,0,0,4,6
9711387,30,4,26,151,2,28,115
101010,11,1,10,21,5,6,28
102042,4,1,3,4,1,3,3
9707281,11,1,10,24,0,11,57
103317,4,1,3,3,0,4,46
9401232,6,2,4,6,6,0,0
9406392,34,3,31,164,30,4,4
9908296,3,3,0,0,1,2,8
9508278,7,3,4,11,3,4,4
9603267,13,2,11,22,3,10,20
9705411,9,3,6,18,0,9,51
9602238,22,9,13,23,6,16,47
9208239,4,3,1,1,4,0,0
211315,1,1,0,0,0,1,8
9907365,7,1,6,11,0,7,65
9211242,4,2,2,3,4,0,0
9705389,12,5,7,21,6,6,6
9606213,10,2,8,18,0,10,23
2268,19,9,10,22,1,18,110
9307329,47,7,40,131,44,3,3
7303,3,1,2,2,0,3,11
110119,1,1,0,0,0,1,2
203136,3,2,1,1,0,3,5
9609204,19,3,16,48,0,19,64
205261,29,2,27,99,0,29,128
105093,1,1,0,0,1,0,0
202167,9,1,8,16,0,9,111
203267,9,2,7,17,0,9,67
9804404,8,3,5,10,4,4,4
110300,10,2,8,22,1,9,42
9411249,2,2,0,0,0,2,6
9408210,8,1,7,12,8,0,0
207003,8,1,7,17,0,8,113
9506287,10,5,5,5,6,4,5
9706262,4,3,1,1,0,4,13
9711492,1,1,0,0,0,1,1
9610331,19,4,15,36,3,16,16
106240,16,3,13,30,0,16,230
9704377,35,3,32,111,4,31,82
9611331,5,3,2,2,0,5,14
211399,0,0,0,0,0,0,0
9511441,2,2,0,0,2,0,0
9905571,17,5,12,33,0,17,143
9601334,4,1,3,6,2,2,4
2046,1,1,0,0,1,0,0
9510293,6,2,4,5,6,0,0
110309,2,2,0,0,0,2,10
9803313,9,2,7,9,1,8,8
9608274,3,3,0,0,1,2,2
9706524,1,1,0,0,1,0,0
103339,4,1,3,3,0,4,7
9709291,13,2,11,29,0,13,134
9811509,14,2,12,31,11,3,4
10205,19,1,18,111,0,19,132
9911372,2,1,1,1,0,2,11
9404236,11,3,8,21,5,6,6
9911511,5,2,3,6,0,5,40
109035,7,2,5,10,3,4,12
9211251,6,5,1,2,6,0,0
203163,2,2,0,0,0,2,3
9602355,3,2,1,1,0,3,28
9908460,2,2,0,0,0,2,8
9612369,2,2,0,0,1,1,1
9805245,9,2,7,10,0,9,25
9707320,5,3,2,4,3,2,2
9912230,18,4,14,51,1,17,91
9710316,23,8,15,76,2,21,58
9811489,16,2,14,42,3,13,72
12236,2,2,0,0,0,2,4
210399,1,1,0,0,0,1,3
9803345,6,2,4,5,1,5,5
210219,0,0,0,0,0,0,0
8161,1,1,0,0,0,1,9
9701291,11,3,8,25,1,10,18
9608366,15,3,12,20,7,8,17
210193,3,3,0,0,0,3,16
9710345,1,1,0,0,0,1,4
102224,11,1,10,17,0,11,62
9712205,4,3,1,1,0,4,8
9512346,3,2,1,2,2,1,1
9705377,7,1,6,12,2,5,5
9712262,0,0,0,0,0,0,0
9308355,4,3,1,1,0,4,7
9512321,13,1,12,26,2,11,27
9303287,6,3,3,8,6,0,0
103194,7,2,5,10,0,7,20
9711353,3,1,2,2,1,2,3
101192,6,2,4,5,0,6,49
9810517,18,2,16,72,0,18,141
9509383,6,2,4,7,6,0,0
9712320,3,3,0,0,0,3,8
11172,7,3,4,5,0,7,46
9803450,9,6,3,4,0,9,14
6051,4,2,2,2,0,4,17
202088,13,1,12,29,0,13,57
9707431,6,1,5,13,6,0,0
112037,4,2,2,2,0,4,23
9303247,3,2,1,2,3,0,0
9809493,6,3,3,3,0,6,16
9705202,5,2,3,4,0,5,23
9403282,7,3,4,7,0,7,11
302232,0,0,0,0,0,0,0
9407293,15,2,13,67,15,0,0
103061,0,0,0,0,0,0,0
9607240,4,3,1,1,1,3,4
12348,10,5,5,9,0,10,25
110034,11,5,6,17,0,11,45
102219,1,1,0,0,0,1,13
9810222,1,1,0,0,1,0,0
9909387,8,2,6,13,1,7,34
9912478,5,2,3,6,0,5,26
4226,10,2,8,11,0,10,81
9806228,24,3,21,83,0,24,93
9905557,3,2,1,1,0,3,7
9507336,7,5,2,2,0,7,23
12317,3,3,0,0,2,1,3
9911366,12,1,11,33,0,12,76
9509251,3,1,2,2,3,0,0
9605364,2,2,0,0,0,2,2
9901235,5,1,4,5,0,5,22
9704380,14,3,11,36,1,13,142
9807324,9,6,3,3,0,9,21
9811251,8,2,6,11,0,8,62
9910462,8,3,5,10,8,0,0
9404324,3,3,0,0,0,3,8
9602343,27,3,24,57,1,26,123
9609470,5,3,2,2,0,5,6
104060,1,1,0,0,0,1,3
11244,3,3,0,0,0,3,28
9406260,8,7,1,1,8,0,0
9811224,12,2,10,21,1,11,15
9603382,4,3,1,1,1,3,4
104120,17,3,14,50,0,17,291
111254,11,6,5,6,0,11,63
9708253,6,2,4,5,6,0,0
8043,15,2,13,39,0,15,53
9907397,3,2,1,1,0,3,11
107126,0,0,0,0,0,0,0
209035,5,3,2,3,0,5,17
206087,6,3,3,5,0,6,33
9908245,19,3,16,51,1,18,65
109162,1,1,0,0,0,1,8
103173,2,2,0,0,0,2,2
9907544,4,2,2,2,1,3,11
9610316,4,2,2,3,4,0,0
9809583,12,1,11,35,0,12,29
206045,6,3,3,3,0,6,25
211359,1,1,0,0,0,1,2
9301238,3,2,1,1,3,0,0
9311307,4,2,2,3,0,4,5
109272,7,4,3,3,1,6,17
104201,2,1,1,1,0,2,12
9311374,7,2,5,7,7,0,0
9706220,5,3,2,2,0,5,29
105205,7,2,5,5,0,7,99
9404294,3,1,2,3,3,0,0
110002,15,1,14,34,1,14,16
111094,7,5,2,2,0,7,42
9401304,2,2,0,0,2,0,0
9609202,13,2,11,25,2,11,15
9907417,5,4,1,1,0,5,13
9902396,1,1,0,0,0,1,9
9911386,4,3,1,1,0,4,23
9512260,4,3,1,1,1,3,6
112082,1,1,0,0,1,0,0
9912547,25,8,17,30,0,25,85
9312350,36,14,22,47,36,0,0
8120,2,2,0,0,0,2,13
9411212,0,0,0,0,0,0,0
208112,2,2,0,0,0,2,28
202275,5,5,0,0,0,5,102
9908320,8,3,5,7,0,8,27
102015,2,2,0,0,1,1,7
110284,3,1,2,2,0,3,19
201099,6,3,3,4,0,6,43
9807426,15,1,14,79,0,15,40
204093,7,4,3,4,0,7,53
2195,5,3,2,3,0,5,26
9410389,1,1,0,0,0,1,1
1062,11,6,5,8,0,11,103
9305276,38,4,34,198,38,0,0
9507274,2,1,1,1,2,0,0
9505321,7,1,6,15,7,0,0
2114,2,1,1,1,0,2,23
9908260,15,4,11,45,0,15,135
9905530,3,3,0,0,0,3,10
9811214,4,1,3,5,3,1,1
9812309,6,3,3,3,1,5,5
104263,4,1,3,3,0,4,32
9809290,5,3,2,4,0,5,45
9904460,4,4,0,0,0,4,64
9702351,1,1,0,0,0,1,3
6293,1,1,0,0,0,1,16
9212230,4,3,1,2,1,3,3
9606236,0,0,0,0,0,0,0
9602436,6,2,4,6,0,6,42
208142,4,2,2,3,0,4,91
9906492,4,1,3,5,0,4,11
9809249,18,5,13,55,2,16,58
9712325,12,1,11,37,1,11,36
9407378,0,0,0,0,0,0,0
9910361,1,1,0,0,0,1,1
9911334,1,1,0,0,0,1,2
12177,2,2,0,0,1,1,1
9711238,3,1,2,3,0,3,13
9510338,3,2,1,1,3,0,0
6073,3,2,1,1,0,3,11
9305233,3,1,2,2,3,0,0
107105,5,4,1,2,0,5,15
9503335,1,1,0,0,0,1,1
9509339,0,0,0,0,0,0,0
9602393,2,1,1,1,2,0,0
9211,2,2,0,0,0,2,16
5126,2,1,1,1,0,2,6
9902264,1,1,0,0,1,0,0
9505406,3,1,2,3,0,3,5
9405325,16,5,11,47,16,0,0
9905224,0,0,0,0,0,0,0
4113,3,3,0,0,0,3,14
210132,0,0,0,0,0,0,0
204076,5,3,2,2,0,5,42
112278,16,2,14,32,0,16,152
105104,7,4,3,4,1,6,25
7134,1,1,0,0,0,1,2
112172,4,4,0,0,0,4,39
9211276,1,1,0,0,1,0,0
209125,2,1,1,1,0,2,21
9712427,2,1,1,1,0,2,3
102001,8,3,5,13,0,8,34
111090,1,1,0,0,0,1,8
9406211,5,4,1,1,2,3,6
9407380,6,2,4,7,6,0,0
9702290,4,4,0,0,0,4,6
9601381,2,2,0,0,2,0,0
104155,4,1,3,4,0,4,19
9906547,1,1,0,0,1,0,0
108186,4,1,3,4,0,4,12
106082,1,1,0,0,0,1,13
9605280,2,1,1,1,2,0,0
108202,3,1,2,2,1,2,2
202053,2,2,0,0,0,2,8
9511471,2,2,0,0,1,1,1
9406290,1,1,0,0,0,1,1
9506449,3,3,0,0,3,0,0
9906505,2,1,1,1,2,0,0
109025,2,2,0,0,0,2,6
12187,1,1,0,0,0,1,2
9704430,1,1,0,0,0,1,1
9706443,1,1,0,0,0,1,5
9904459,2,2,0,0,0,2,11
9607430,1,1,0,0,0,1,6
108271,3,3,0,0,0,3,4
9904260,4,4,0,0,1,3,15
9805319,8,6,2,2,2,6,19
9501312,4,3,1,1,0,4,6
204354,1,1,0,0,0,1,2
9502314,2,2,0,0,2,0,0
9509323,0,0,0,0,0,0,0
204338,2,2,0,0,1,1,2
3044,1,1,0,0,1,0,0
9061,3,3,0,0,0,3,3
112202,1,1,0,0,0,1,4
9806380,1,1,0,0,0,1,2
9902404,1,1,0,0,0,1,1
9810431,1,1,0,0,0,1,2
9073,4,2,2,2,0,4,80
211305,3,2,1,1,1,2,5
3191,1,1,0,0,0,1,4
105321,0,0,0,0,0,0,0
205337,0,0,0,0,0,0,0
103237,2,1,1,1,2,0,0
9711386,3,3,0,0,0,3,30
9903450,3,2,1,1,1,2,2
9510417,3,3,0,0,2,1,2
9810284,1,1,0,0,0,1,3
9601335,3,2,1,1,0,3,10
109165,0,0,0,0,0,0,0
9909452,5,1,4,6,0,5,6
8057,6,2,4,4,0,6,58
209301,6,4,2,2,2,4,11
207052,4,2,2,3,0,4,30
109051,2,2,0,0,0,2,3
205269,4,3,1,1,0,4,36
203074,1,1,0,0,0,1,1
6110,0,0,0,0,0,0,0
6272,1,1,0,0,0,1,4
9605306,2,2,0,0,0,2,9
9604294,10,5,5,11,0,10,17
202111,6,2,4,4,0,6,35
9709421,1,1,0,0,0,1,5
9808326,5,1,4,9,3,2,4
9512229,1,1,0,0,0,1,10
211283,0,0,0,0,0,0,0
4258,1,1,0,0,0,1,1
9708369,6,3,3,8,0,6,37
6130,0,0,0,0,0,0,0
9503319,2,1,1,1,0,2,5
3274,2,2,0,0,1,1,1
3052,1,1,0,0,0,1,3
9801278,1,1,0,0,0,1,5
11274,1,1,0,0,0,1,8
101011,3,1,2,2,0,3,7
9511366,0,0,0,0,0,0,0
9804387,3,2,1,1,1,2,10
9812292,5,1,4,7,2,3,3
9809512,0,0,0,0,0,0,0
212340,0,0,0,0,0,0,0
109170,1,1,0,0,0,1,6
9612435,10,6,4,6,0,10,25
12288,0,0,0,0,0,0,0
9604255,6,2,4,9,0,6,9
9302205,0,0,0,0,0,0,0
9711462,2,1,1,1,1,1,3
9410206,1,1,0,0,1,0,0
7172,14,3,11,40,4,10,42
209271,1,1,0,0,0,1,1
203260,0,0,0,0,0,0,0
204106,0,0,0,0,0,0,0
9809226,0,0,0,0,0,0,0
9610409,8,3,5,9,8,0,0
9908324,2,2,0,0,0,2,6
9912214,13,4,9,17,2,11,33
9312283,1,1,0,0,1,0,0
107116,3,1,2,3,0,3,31
206208,4,1,3,4,0,4,42
9809293,2,2,0,0,0,2,5
9906540,0,0,0,0,0,0,0
102279,11,4,7,13,0,11,127
9302254,3,2,1,1,3,0,0
9801413,1,1,0,0,0,1,1
9901261,1,1,0,0,0,1,1
111120,5,2,3,3,0,5,31
9711300,1,1,0,0,0,1,3
9409344,4,2,2,3,0,4,20
207208,0,0,0,0,0,0,0
9605242,0,0,0,0,0,0,0
205235,1,1,0,0,0,1,12
102203,8,1,7,12,0,8,21
9606240,2,1,1,1,2,0,0
208205,2,2,0,0,0,2,3
9803291,0,0,0,0,0,0,0
9302299,4,2,2,3,4,0,0
9702413,1,1,0,0,0,1,2
9907338,7,2,5,11,1,6,10
202103,3,2,1,1,1,2,8
9809300,5,1,4,7,1,4,6
106257,3,3,0,0,0,3,18
9705309,1,1,0,0,1,0,0
6164,0,0,0,0,0,0,0
9612459,9,3,6,10,0,9,23
106313,3,2,1,1,0,3,28
9808284,4,2,2,3,1,3,3
211127,0,0,0,0,0,0,0
5264,0,0,0,0,0,0,0
204185,4,1,3,4,0,4,13
9308322,5,5,0,0,5,0,0
9401212,3,1,2,2,2,1,1
9908238,1,1,0,0,1,0,0
8309,1,1,0,0,0,1,1
9807256,5,1,4,7,0,5,34
9608405,2,1,1,1,1,1,1
2042,1,1,0,0,0,1,1
103200,0,0,0,0,0,0,0
9603263,6,2,4,5,0,6,48
206196,2,2,0,0,0,2,13
9904509,0,0,0,0,0,0,0
9801243,1,1,0,0,0,1,2
5226,0,0,0,0,0,0,0
201244,1,1,0,0,0,1,5
9710407,3,3,0,0,0,3,11
9086,8,4,4,6,2,6,33
9907346,0,0,0,0,0,0,0
9603329,1,1,0,0,1,0,0
111025,2,2,0,0,0,2,5
9609523,2,1,1,1,1,1,1
109119,10,3,7,14,0,10,100
9804345,7,2,5,14,0,7,7
107225,3,2,1,1,0,3,9
9811207,0,0,0,0,0,0,0
9912209,0,0,0,0,0,0,0
9411269,1,1,0,0,1,0,0
9612481,0,0,0,0,0,0,0
9709263,0,0,0,0,0,0,0
9905499,6,1,5,9,0,6,12
9509214,2,1,1,1,0,2,6
8171,4,4,0,0,0,4,10
9907262,1,1,0,0,0,1,1
9607455,3,1,2,3,0,3,10
106327,2,1,1,1,0,2,23
9910328,1,1,0,0,1,0,0
9312281,3,3,0,0,3,0,0
9806251,1,1,0,0,0,1,3
9605201,5,5,0,0,0,5,58
9704234,4,3,1,1,0,4,19
7302,1,1,0,0,0,1,2
9503311,6,4,2,4,3,3,5
9706527,1,1,0,0,1,0,0
211320,0,0,0,0,0,0,0
9308260,3,1,2,3,3,0,0
9612306,0,0,0,0,0,0,0
206237,5,3,2,2,0,5,10
9712414,3,2,1,1,0,3,3
210179,1,1,0,0,0,1,2
9805249,1,1,0,0,1,0,0
9311351,0,0,0,0,0,0,0
9901402,2,2,0,0,0,2,8
9805332,7,3,4,9,0,7,33
105149,0,0,0,0,0,0,0
102313,3,3,0,0,0,3,17
109081,3,1,2,2,0,3,11
9412280,3,1,2,2,1,2,4
9905272,3,2,1,1,0,3,5
9906248,1,1,0,0,0,1,2
7084,2,1,1,1,2,0,0
9710421,1,1,0,0,0,1,9
101148,1,1,0,0,0,1,2
9401234,1,1,0,0,0,1,1
9805465,0,0,0,0,0,0,0
8093,0,0,0,0,0,0,0
9709239,3,2,1,1,0,3,15
9610466,1,1,0,0,0,1,2
208231,2,2,0,0,1,1,2
9905304,2,1,1,1,0,2,10
208086,2,2,0,0,0,2,10
9506401,0,0,0,0,0,0,0
9901292,1,1,0,0,0,1,3
9707290,0,0,0,0,0,0,0
205192,0,0,0,0,0,0,0
9612296,1,1,0,0,0,1,4
207225,0,0,0,0,0,0,0
212329,0,0,0,0,0,0,0
9705220,3,1,2,3,3,0,0
106178,3,3,0,0,0,3,9
201205,0,0,0,0,0,0,0
9712324,2,2,0,0,2,0,0
9311300,3,1,2,2,0,3,3
9811436,1,1,0,0,0,1,5
101061,2,2,0,0,0,2,5
211261,0,0,0,0,0,0,0
205169,0,0,0,0,0,0,0
9611220,2,2,0,0,0,2,2
9409207,5,2,3,4,5,0,0
9508309,0,0,0,0,0,0,0
8088,4,2,2,2,0,4,6
9405282,0,0,0,0,0,0,0
203096,0,0,0,0,0,0,0
101056,0,0,0,0,0,0,0
9503269,3,2,1,1,2,1,1
9708206,1,1,0,0,1,0,0
103091,1,1,0,0,0,1,8
104213,3,2,1,1,0,3,35
9403211,0,0,0,0,0,0,0
12207,0,0,0,0,0,0,0
9405232,3,3,0,0,2,1,1
204317,0,0,0,0,0,0,0
211287,5,4,1,1,0,5,52
9712444,1,1,0,0,1,0,0
103108,7,5,2,3,1,6,9
112092,2,2,0,0,0,2,2
212121,1,1,0,0,0,1,4
9302268,3,3,0,0,3,0,0
211197,2,2,0,0,0,2,30
9308238,1,1,0,0,1,0,0
9306247,0,0,0,0,0,0,0
9702391,0,0,0,0,0,0,0
9908419,0,0,0,0,0,0,0
9904227,3,1,2,3,3,0,0
9902278,0,0,0,0,0,0,0
9603436,2,1,1,1,2,0,0
206157,3,3,0,0,0,3,4
9812253,4,1,3,5,0,4,4
9612339,0,0,0,0,0,0,0
9404202,3,2,1,1,3,0,0
101220,2,2,0,0,0,2,4
9608416,0,0,0,0,0,0,0
9904427,0,0,0,0,0,0,0
104042,1,1,0,0,1,0,0
9809374,0,0,0,0,0,0,0
9505236,1,1,0,0,0,1,1
9506431,0,0,0,0,0,0,0
9401207,0,0,0,0,0,0,0
201283,1,1,0,0,1,0,0
3282,1,1,0,0,0,1,1
7132,2,2,0,0,0,2,10
4093,2,1,1,1,1,1,3
5180,0,0,0,0,0,0,0
210131,0,0,0,0,0,0,0
6113,1,1,0,0,0,1,1
9708281,2,2,0,0,1,1,1
9604403,3,2,1,1,1,2,4
9912538,0,0,0,0,0,0,0
301137,1,1,0,0,1,0,0
112118,5,1,4,6,0,5,9
9402346,1,1,0,0,1,0,0
110178,0,0,0,0,0,0,0
106068,2,2,0,0,0,2,3
302038,0,0,0,0,0,0,0
103198,1,1,0,0,0,1,9
206294,3,1,2,2,3,0,0
5305,0,0,0,0,0,0,0
9806254,0,0,0,0,0,0,0
5036,0,0,0,0,0,0,0
204072,0,0,0,0,0,0,0
211033,0,0,0,0,0,0,0
9177,0,0,0,0,0,0,0
9801385,2,2,0,0,0,2,8
10154,1,1,0,0,0,1,13
211232,1,1,0,0,0,1,1
9610475,0,0,0,0,0,0,0
9807352,0,0,0,0,0,0,0
205211,7,7,0,0,0,7,118
4078,1,1,0,0,1,0,0
12168,0,0,0,0,0,0,0
103333,1,1,0,0,0,1,2
104049,8,2,6,10,0,8,46
106220,1,1,0,0,0,1,1
9901400,0,0,0,0,0,0,0
211207,0,0,0,0,0,0,0
111038,0,0,0,0,0,0,0
9604365,0,0,0,0,0,0,0
9611233,0,0,0,0,0,0,0
9406341,0,0,0,0,0,0,0
207145,0,0,0,0,0,0,0
5322,0,0,0,0,0,0,0
9811220,0,0,0,0,0,0,0
211463,0,0,0,0,0,0,0
12033,4,1,3,4,0,4,20
102160,0,0,0,0,0,0,0
9505345,2,1,1,1,2,0,0
102262,0,0,0,0,0,0,0
9912279,1,1,0,0,0,1,6
9605393,1,1,0,0,1,0,0
201108,1,1,0,0,0,1,1
9809434,1,1,0,0,1,0,0
111346,1,1,0,0,0,1,3
9810368,1,1,0,0,1,0,0
109219,0,0,0,0,0,0,0
9502287,0,0,0,0,0,0,0
9808460,2,2,0,0,0,2,2
9808245,0,0,0,0,0,0,0
6010,3,2,1,1,3,0,0
105099,0,0,0,0,0,0,0
9411404,1,1,0,0,0,1,1
6186,0,0,0,0,0,0,0
204168,2,1,1,1,1,1,1
9712361,0,0,0,0,0,0,0
9502277,0,0,0,0,0,0,0
9611262,1,1,0,0,1,0,0
9510315,0,0,0,0,0,0,0
112154,2,2,0,0,0,2,14
209374,1,1,0,0,0,1,2
3004,0,0,0,0,0,0,0
9808285,1,1,0,0,0,1,3
203093,1,1,0,0,1,0,0
212354,0,0,0,0,0,0,0
9807499,0,0,0,0,0,0,0
10263,1,1,0,0,0,1,1
211164,0,0,0,0,0,0,0
209180,2,2,0,0,0,2,6
203016,1,1,0,0,0,1,5
9603352,3,2,1,1,0,3,4
109198,2,2,0,0,1,1,2
9412396,0,0,0,0,0,0,0
9706432,0,0,0,0,0,0,0
210062,1,1,0,0,0,1,2
201157,0,0,0,0,0,0,0
102084,0,0,0,0,0,0,0
208138,0,0,0,0,0,0,0
9704367,0,0,0,0,0,0,0
9905422,1,1,0,0,0,1,11
9164,1,1,0,0,0,1,3
207194,2,1,1,1,0,2,14
9511254,1,1,0,0,0,1,5
9609236,0,0,0,0,0,0,0
105022,1,1,0,0,0,1,3
210099,0,0,0,0,0,0,0
9410394,0,0,0,0,0,0,0
210363,0,0,0,0,0,0,0
9402257,1,1,0,0,1,0,0
301066,0,0,0,0,0,0,0
112029,1,1,0,0,0,1,12
12273,0,0,0,0,0,0,0
109282,0,0,0,0,0,0,0
9210223,1,1,0,0,1,0,0
111388,1,1,0,0,0,1,2
9906317,0,0,0,0,0,0,0
9209235,2,2,0,0,2,0,0
9804346,0,0,0,0,0,0,0
9322,2,2,0,0,0,2,6
112253,0,0,0,0,0,0,0
9312321,1,1,0,0,1,0,0
9409383,0,0,0,0,0,0,0
12323,1,1,0,0,0,1,1
212319,0,0,0,0,0,0,0
111283,0,0,0,0,0,0,0
202119,0,0,0,0,0,0,0
9509330,0,0,0,0,0,0,0
212248,0,0,0,0,0,0,0
9801400,0,0,0,0,0,0,0
9909460,0,0,0,0,0,0,0
210375,0,0,0,0,0,0,0
9802246,1,1,0,0,1,0,0
210317,0,0,0,0,0,0,0
9305338,2,1,1,1,2,0,0
211196,0,0,0,0,0,0,0
102148,0,0,0,0,0,0,0
9601202,0,0,0,0,0,0,0
9504367,1,1,0,0,1,0,0
9121,0,0,0,0,0,0,0
9705410,0,0,0,0,0,0,0
9612469,0,0,0,0,0,0,0
9504206,2,2,0,0,2,0,0
110226,0,0,0,0,0,0,0
108012,1,1,0,0,0,1,10
202180,0,0,0,0,0,0,0
7028,0,0,0,0,0,0,0
9309300,0,0,0,0,0,0,0
9603296,0,0,0,0,0,0,0
9805479,1,1,0,0,1,0,0
211387,0,0,0,0,0,0,0
9228,0,0,0,0,0,0,0
9505215,0,0,0,0,0,0,0
10300,0,0,0,0,0,0,0
107319,1,1,0,0,1,0,0
9609507,1,1,0,0,0,1,1
9704431,0,0,0,0,0,0,0
9275,1,1,0,0,0,1,6
9705213,0,0,0,0,0,0,0
7045,1,1,0,0,0,1,2
9508333,1,1,0,0,1,0,0
211090,0,0,0,0,0,0,0
9706346,0,0,0,0,0,0,0
9904273,2,2,0,0,0,2,4
9911539,0,0,0,0,0,0,0
9908517,0,0,0,0,0,0,0
9906355,0,0,0,0,0,0,0
9802360,0,0,0,0,0,0,0
206069,0,0,0,0,0,0,0
9908422,0,0,0,0,0,0,0
104009,2,1,1,1,0,2,13
211086,0,0,0,0,0,0,0
9507202,0,0,0,0,0,0,0
112290,1,1,0,0,0,1,3
212067,0,0,0,0,0,0,0
207342,1,1,0,0,0,1,1
9808374,0,0,0,0,0,0,0
9908392,0,0,0,0,0,0,0
9257,0,0,0,0,0,0,0
5016,0,0,0,0,0,0,0
9710562,0,0,0,0,0,0,0
9812424,1,1,0,0,0,1,2
9405263,1,1,0,0,1,0,0
9609412,0,0,0,0,0,0,0
101167,1,1,0,0,0,1,2
9812405,0,0,0,0,0,0,0
211052,0,0,0,0,0,0,0
11367,0,0,0,0,0,0,0
5268,0,0,0,0,0,0,0
201100,0,0,0,0,0,0,0
207175,0,0,0,0,0,0,0
11371,0,0,0,0,0,0,0
9902329,1,1,0,0,0,1,7
9708266,0,0,0,0,0,0,0
7013,0,0,0,0,0,0,0
9712323,0,0,0,0,0,0,0
6194,1,1,0,0,1,0,0
9601223,0,0,0,0,0,0,0
112335,0,0,0,0,0,0,0
9902457,0,0,0,0,0,0,0
207137,0,0,0,0,0,0,0
210188,0,0,0,0,0,0,0
209285,0,0,0,0,0,0,0
9403365,1,1,0,0,1,0,0
111364,0,0,0,0,0,0,0
210142,0,0,0,0,0,0,0
209064,0,0,0,0,0,0,0
212266,0,0,0,0,0,0,0
12295,0,0,0,0,0,0,0
9505376,0,0,0,0,0,0,0
210432,0,0,0,0,0,0,0
9912405,1,1,0,0,0,1,4
301129,0,0,0,0,0,0,0
11326,0,0,0,0,0,0,0
9807562,0,0,0,0,0,0,0
9504285,2,1,1,1,2,0,0
7229,0,0,0,0,0,0,0
9602244,0,0,0,0,0,0,0
302065,0,0,0,0,0,0,0
212215,0,0,0,0,0,0,0
9710274,0,0,0,0,0,0,0
301195,0,0,0,0,0,0,0
9505323,0,0,0,0,0,0,0
210076,0,0,0,0,0,0,0
207312,0,0,0,0,0,0,0
8100,0,0,0,0,0,0,0
105151,1,1,0,0,1,0,0
9606367,0,0,0,0,0,0,0
207268,0,0,0,0,0,0,0
202108,0,0,0,0,0,0,0
9407276,0,0,0,0,0,0,0
9505349,0,0,0,0,0,0,0
9609390,0,0,0,0,0,0,0
302093,0,0,0,0,0,0,0
8060,0,0,0,0,0,0,0
9904356,0,0,0,0,0,0,0
2052,0,0,0,0,0,0,0
302168,0,0,0,0,0,0,0
7216,1,1,0,0,0,1,1
211176,0,0,0,0,0,0,0
9311377,0,0,0,0,0,0,0
12038,0,0,0,0,0,0,0
9711497,0,0,0,0,0,0,0
9410263,0,0,0,0,0,0,0
3193,0,0,0,0,0,0,0
9811517,0,0,0,0,0,0,0
209234,0,0,0,0,0,0,0
201259,0,0,0,0,0,0,0
205017,1,1,0,0,0,1,2
209293,0,0,0,0,0,0,0
9301210,1,1,0,0,1,0,0
211216,0,0,0,0,0,0,0
210066,0,0,0,0,0,0,0
107260,0,0,0,0,0,0,0
9510335,0,0,0,0,0,0,0
8178,0,0,0,0,0,0,0
9709462,0,0,0,0,0,0,0
111460,0,0,0,0,0,0,0
9808420,0,0,0,0,0,0,0
9807285,0,0,0,0,0,0,0
210184,0,0,0,0,0,0,0
301086,0,0,0,0,0,0,0
211031,0,0,0,0,0,0,0
9711271,0,0,0,0,0,0,0
9304215,1,1,0,0,1,0,0
301053,0,0,0,0,0,0,0
9405358,0,0,0,0,0,0,0
11108,1,1,0,0,1,0,0
9906353,0,0,0,0,0,0,0
10320,1,1,0,0,0,1,7
9706532,0,0,0,0,0,0,0
205300,0,0,0,0,0,0,0
11151,0,0,0,0,0,0,0
212338,0,0,0,0,0,0,0
9412306,1,1,0,0,1,0,0
9410246,0,0,0,0,0,0,0
106133,0,0,0,0,0,0,0
110116,0,0,0,0,0,0,0
9405415,0,0,0,0,0,0,0
9911280,29,4,25,160,4,25,82
9210,2,2,0,0,0,2,6
9810260,77,6,71,536,2,75,938
9908202,28,5,23,67,1,27,113
9804254,32,9,23,123,1,31,122
9507396,22,6,16,49,10,12,12
9203216,21,10,11,23,21,0,0
9904287,25,8,17,43,4,21,106
9407408,24,2,22,55,17,7,7
9710372,28,6,22,90,3,25,115
203079,10,8,2,2,1,9,85
9401236,28,14,14,32,17,11,11
9709297,9,3,6,10,3,6,20
9902308,33,1,32,199,0,33,88
9607388,10,5,5,6,0,10,31
107081,28,6,22,87,7,21,44
9709264,11,3,8,13,6,5,5
9401257,4,2,2,2,4,0,0
9611358,5,1,4,7,0,5,36
9401357,8,5,3,4,5,3,3
9406245,37,6,31,75,31,6,6
9509410,30,3,27,102,4,26,95
9505359,76,7,69,420,67,9,9
9810505,17,5,12,23,0,17,78
9811299,15,5,10,31,9,6,23
9806387,153,3,150,1636,73,80,129
9511446,38,5,33,127,27,11,16
9812282,80,6,74,437,12,68,370
9911364,20,3,17,36,0,20,122
9310363,32,3,29,84,32,0,0
9611277,30,1,29,131,10,20,76
9811282,19,1,18,67,11,8,8
9906297,47,10,37,136,0,47,278
9712278,9,3,6,12,0,9,27
9902364,5,1,4,4,0,5,101
9809537,5,1,4,6,5,0,0
9407247,133,4,129,1270,133,0,0
9406319,83,5,78,459,83,0,0
9710403,15,1,14,46,1,14,48
9506325,24,2,22,94,2,22,27
9308329,20,4,16,44,3,17,24
9308365,14,4,10,16,14,0,0
9211204,32,6,26,111,32,0,0
9806494,10,1,9,14,0,10,46
9409244,84,7,77,608,24,60,229
9511462,12,6,6,6,1,11,67
9306259,31,5,26,96,31,0,0
9912254,26,2,24,127,0,26,124
9309335,23,3,20,56,18,5,5
9612261,10,5,5,9,0,10,46
9706540,37,7,30,113,4,33,156
111376,0,0,0,0,0,0,0
9810488,3,2,1,1,1,2,2
105217,7,2,5,13,0,7,44
9706520,40,9,31,105,0,40,278
9903363,52,2,50,295,29,23,26
9308210,43,6,37,160,37,6,6
9308349,92,3,89,949,79,13,13
9909473,19,1,18,71,1,18,18
9704410,11,1,10,26,11,0,0
9407389,73,5,68,440,12,61,94
9608205,85,5,80,530,11,74,306
9501276,23,3,20,72,23,0,0
9308264,21,6,15,32,21,0,0
9810240,5,3,2,2,1,4,37
9609497,3,3,0,0,0,3,10
9303251,54,12,42,245,13,41,78
9406303,19,2,17,63,0,19,38
9503232,5,3,2,4,5,0,0
9602280,52,5,47,281,2,50,307
9409265,30,1,29,138,7,23,108
9911414,37,4,33,169,0,37,488
9604250,31,1,30,130,17,14,19
9311290,44,7,37,129,44,0,0
9507327,3,1,2,2,1,2,2
9611355,5,3,2,3,2,3,3
9404313,63,6,57,265,54,9,9
9709270,17,4,13,27,3,14,44
9308353,3,2,1,1,3,0,0
102170,0,0,0,0,0,0,0
9711287,70,5,65,618,15,55,125
9605465,41,9,32,114,0,41,345
9804275,12,5,7,26,0,12,175
9311215,33,3,30,102,4,29,74
9506476,10,1,9,18,1,9,22
9903224,48,3,45,189,0,48,398
9607426,5,3,2,3,2,3,10
106141,6,1,5,10,0,6,26
9905239,36,6,30,100,0,36,256
9907267,15,3,12,32,1,14,111
9807439,4,1,3,3,0,4,19
9703266,21,4,17,74,0,21,89
9908323,23,3,20,82,0,23,137
9901385,2,1,1,1,0,2,10
9912473,15,2,13,44,0,15,76
9704399,10,2,8,19,0,10,67
9712471,19,1,18,80,11,8,8
9405290,27,2,25,130,27,0,0
9403236,7,2,5,10,1,6,6
11394,11,4,7,16,0,11,120
9910491,77,2,75,611,1,76,581
9209262,25,10,15,51,12,13,16
9910313,46,3,43,275,0,46,475
6105,12,3,9,24,0,12,155
206021,14,2,12,46,0,14,49
9810320,37,3,34,170,0,37,185
9211222,13,4,9,28,13,0,0
9604349,9,3,6,10,1,8,9
9903425,21,4,17,76,0,21,49
9210229,14,3,11,36,14,0,0
9701346,9,2,7,24,1,8,16
9703232,19,2,17,52,1,18,60
9311335,5,4,1,1,5,0,0
9601362,57,3,54,385,14,43,43
9403378,23,1,22,99,1,22,22
9607268,3,1,2,2,0,3,9
9812263,9,4,5,8,1,8,48
9809572,52,13,39,259,1,51,390
9602306,11,4,7,10,11,0,0
9805221,11,2,9,23,0,11,13
9704384,10,4,6,6,0,10,53
9703379,32,2,30,175,0,32,121
9601353,25,7,18,45,2,23,28
9207247,4,4,0,0,4,0,0
9312302,11,6,5,6,0,11,19
9704260,14,6,8,19,0,14,111
107154,14,3,11,27,0,14,115
9609430,6,5,1,1,1,5,68
9403354,3,2,1,1,3,0,0
9905390,39,3,36,253,0,39,130
9704219,3,3,0,0,0,3,7
9806472,10,4,6,9,0,10,28
9303207,20,4,16,93,1,19,65
9706509,47,6,41,187,1,46,194
9208251,65,3,62,448,65,0,0
9208213,167,5,162,1219,167,0,0
9502388,7,2,5,5,0,7,18
103054,26,1,25,121,1,25,228
106345,13,3,10,27,0,13,70
9904393,46,5,41,215,9,37,204
9611217,12,5,7,17,2,10,68
106258,82,15,67,317,11,71,206
102252,22,1,21,60,1,21,171
9209250,34,9,25,71,18,16,16
9246,16,6,10,22,0,16,50
9810530,11,2,9,18,2,9,12
1192,11,3,8,27,7,4,4
9411367,14,3,11,39,14,0,0
9506226,18,5,13,33,2,16,27
9806259,25,10,15,36,3,22,109
9910474,35,3,32,153,0,35,235
9809467,33,2,31,124,0,33,134
9504268,8,1,7,9,1,7,9
9908454,8,1,7,9,1,7,58
12007,17,2,15,59,0,17,155
201206,28,6,22,79,2,26,116
9205205,13,3,10,29,13,0,0
109287,43,4,39,346,0,43,282
9807282,41,5,36,143,26,15,18
9909523,9,1,8,21,0,9,68
4238,0,0,0,0,0,0,0
9701420,14,7,7,14,5,9,28
103201,19,9,10,13,0,19,109
7226,23,11,12,17,0,23,286
5146,12,6,6,10,0,12,99
9907243,9,3,6,8,1,8,23
9906508,7,5,2,4,0,7,54
9506206,1,1,0,0,0,1,4
6092,4,3,1,2,0,4,4
2152,6,0,6,10,4,2,5
9211258,10,3,7,11,0,10,10
4068,4,2,2,2,0,4,20
9506243,40,3,37,145,4,36,83
4255,13,2,11,31,0,13,90
9211286,15,8,7,20,12,3,3
9281,5,4,1,1,0,5,19
4059,36,3,33,160,0,36,265
9608261,6,3,3,8,0,6,8
9512320,26,1,25,113,0,26,57
9509355,38,6,32,82,0,38,179
9612292,4,4,0,0,1,3,15
9607294,5,5,0,0,0,5,24
9507343,8,1,7,14,1,7,7
9609215,9,1,8,12,2,7,53
9701261,3,2,1,1,0,3,9
8308,18,7,11,31,0,18,102
9708382,13,3,10,21,0,13,64
9810366,2,2,0,0,0,2,7
12116,8,4,4,11,0,8,45
9308271,70,13,57,288,36,34,39
203171,1,1,0,0,0,1,6
9510235,9,4,5,9,2,7,7
9810220,3,3,0,0,0,3,12
110032,10,2,8,18,0,10,111
9912226,23,3,20,106,0,23,246
9502318,9,7,2,2,0,9,42
9708248,7,4,3,6,7,0,0
5128,1,1,0,0,0,1,1
101059,2,2,0,0,0,2,18
9607315,8,2,6,7,7,1,1
9502271,14,5,9,16,6,8,12
9409455,8,3,5,7,0,8,15
9911506,2,2,0,0,0,2,10
9410302,10,1,9,20,4,6,6
9906256,12,2,10,20,0,12,44
9611203,2,2,0,0,0,2,5
9707254,22,1,21,95,0,22,203
9911384,4,4,0,0,0,4,27
9901214,4,2,2,3,2,2,3
9410292,4,1,3,4,0,4,4
9606246,10,5,5,10,4,6,11
9709509,9,1,8,22,0,9,35
9510410,22,6,16,41,18,4,4
9412384,17,5,12,28,3,14,16
9604410,15,2,13,26,2,13,13
9708480,23,7,16,49,0,23,51
9212224,22,9,13,42,16,6,6
9412266,15,2,13,32,0,15,35
9703311,57,5,52,483,3,54,233
9507208,1,1,0,0,0,1,1
9504364,23,15,8,16,1,22,84
101263,1,1,0,0,0,1,1
11263,14,5,9,13,0,14,125
9806311,12,6,6,12,0,12,12
9909428,6,2,4,6,0,6,22
9604430,12,3,9,35,12,0,0
9606381,14,1,13,39,0,14,79
9608350,13,5,8,17,0,13,94
9905242,32,4,28,84,2,30,177
9801386,16,3,13,35,0,16,49
9710236,10,2,8,22,1,9,15
9905349,10,6,4,6,0,10,83
9604363,23,5,18,85,10,13,22
9507255,4,4,0,0,3,1,2
106280,1,1,0,0,0,1,18
9603413,2,1,1,1,2,0,0
11115,3,1,2,2,0,3,7
7357,17,3,14,58,0,17,97
9401339,3,1,2,3,3,0,0
9309269,4,3,1,1,1,3,3
9907394,3,2,1,1,0,3,6
2082,15,2,13,38,2,13,27
9911489,10,1,9,27,0,10,76
9902273,21,2,19,125,0,21,241
9904379,6,3,3,4,2,4,7
9910477,14,5,9,28,0,14,117
7178,5,4,1,1,0,5,41
9701422,19,5,14,43,3,16,26
9209238,14,4,10,38,14,0,0
9601294,9,4,5,7,2,7,20
9806241,9,5,4,6,2,7,14
8046,26,4,22,113,0,26,121
9610297,11,2,9,21,0,11,15
9703338,27,1,26,157,0,27,129
9712277,15,3,12,26,0,15,117
105187,2,2,0,0,0,2,3
9301202,2,2,0,0,2,0,0
108227,5,1,4,5,0,5,55
9405330,3,3,0,0,1,2,4
9410349,0,0,0,0,0,0,0
9352,1,1,0,0,0,1,4
3018,5,3,2,2,0,5,27
9311298,11,1,10,32,11,0,0
9212221,2,1,1,1,2,0,0
9710563,2,2,0,0,1,1,1
9704354,4,2,2,5,0,4,15
9806203,3,1,2,3,0,3,19
108177,53,9,44,137,1,52,334
9902234,9,3,6,11,0,9,21
9602418,10,2,8,22,0,10,14
9312262,0,0,0,0,0,0,0
110216,8,4,4,9,0,8,133
9903421,15,4,11,26,1,14,46
9911206,2,2,0,0,0,2,20
9404349,5,1,4,5,0,5,5
9502341,22,3,19,121,5,17,17
9909496,8,4,4,7,0,8,34
9711263,1,1,0,0,0,1,4
9701354,6,3,3,4,4,2,5
112241,1,1,0,0,0,1,7
110071,6,5,1,1,0,6,21
9705462,7,2,5,7,3,4,4
9703226,11,3,8,12,0,11,22
9810309,13,4,9,18,0,13,131
9209261,12,2,10,21,12,0,0
9609323,16,1,15,43,2,14,71
105089,8,5,3,7,0,8,67
9612439,5,2,3,4,0,5,26
9207232,10,2,8,22,10,0,0
9802432,18,1,17,67,0,18,42
9607218,6,2,4,7,6,0,0
103286,7,2,5,8,4,3,3
9506471,6,1,5,11,6,0,0
104056,10,2,8,22,0,10,179
9405431,29,3,26,130,1,28,199
9705217,0,0,0,0,0,0,0
9807377,14,5,9,22,0,14,68
9412250,8,2,6,11,6,2,2
9604270,10,3,7,15,3,7,28
2115,0,0,0,0,0,0,0
9231,3,2,1,1,0,3,32
9310304,2,1,1,1,2,0,0
9611347,5,2,3,3,1,4,6
9909521,1,1,0,0,0,1,2
9212252,4,2,2,3,0,4,4
9812201,15,4,11,37,2,13,51
7160,3,1,2,2,0,3,6
9701330,34,3,31,103,0,34,105
9712410,6,4,2,4,0,6,36
9907265,3,1,2,3,1,2,9
9904286,21,5,16,38,1,20,123
206088,5,2,3,4,0,5,9
9707445,11,2,9,21,0,11,18
206162,34,4,30,93,1,33,204
205067,18,7,11,29,0,18,130
207186,3,3,0,0,0,3,46
205332,7,1,6,10,0,7,57
9509239,27,6,21,69,9,18,36
110303,8,2,6,9,0,8,90
9412372,6,1,5,10,0,6,17
9501280,8,3,5,8,1,7,11
203223,11,2,9,22,0,11,179
9702374,0,0,0,0,0,0,0
9508225,20,11,9,13,2,18,26
9808283,43,11,32,128,32,11,15
9708290,8,4,4,8,2,6,9
107114,11,2,9,21,0,11,126
9706450,31,1,30,138,2,29,127
2193,12,4,8,10,1,11,52
9401307,3,3,0,0,3,0,0
9510366,7,1,6,12,2,5,10
9809517,3,2,1,1,0,3,15
9605336,8,6,2,2,0,8,33
9708343,6,1,5,8,1,5,10
105250,3,2,1,1,0,3,14
111465,10,3,7,10,0,10,83
9909537,1,1,0,0,0,1,1
9609248,11,4,7,19,1,10,26
9602353,5,3,2,2,0,5,12
9809279,4,4,0,0,0,4,29
9612327,4,2,2,2,0,4,26
9902292,13,2,11,27,1,12,29
12157,25,6,19,133,0,25,200
1142,21,2,19,100,0,21,64
9609261,2,2,0,0,0,2,3
8085,6,4,2,2,0,6,59
9703315,16,1,15,43,12,4,7
9511323,2,1,1,1,2,0,0
9911475,2,2,0,0,0,2,4
9701285,10,4,6,16,3,7,12
9909551,2,2,0,0,2,0,0
9805452,3,2,1,1,0,3,8
9807451,1,1,0,0,0,1,1
9904272,5,2,3,3,0,5,45
9902395,7,4,3,5,0,7,51
9711251,25,5,20,78,1,24,86
9902201,6,2,4,5,0,6,43
101163,3,2,1,1,3,0,0
104253,5,1,4,8,4,1,1
101040,0,0,0,0,0,0,0
9301256,1,1,0,0,1,0,0
9312268,17,3,14,30,17,0,0
9401276,10,2,8,27,10,0,0
9608480,18,3,15,57,5,13,38
202152,3,2,1,2,0,3,3
9710367,1,1,0,0,0,1,3
102273,3,1,2,3,0,3,13
109172,20,5,15,39,1,19,124
9604420,3,2,1,2,2,1,1
9804232,6,1,5,8,0,6,9
9602392,7,6,1,1,4,3,5
9311350,7,5,2,2,2,5,5
9602233,9,4,5,10,0,9,26
2021,1,1,0,0,0,1,8
7162,8,1,7,17,0,8,39
9803288,7,6,1,1,2,5,21
9501270,2,1,1,1,0,2,2
9907224,28,3,25,124,0,28,224
9808246,4,2,2,3,0,4,6
9604277,4,1,3,4,0,4,11
12178,6,3,3,3,0,6,45
103195,2,1,1,1,0,2,43
111179,0,0,0,0,0,0,0
205117,5,2,3,5,0,5,28
9903553,6,1,5,8,3,3,3
9302233,8,4,4,7,2,6,6
10319,5,1,4,5,0,5,25
9903471,4,3,1,1,1,3,24
9712516,4,1,3,4,0,4,17
9411363,1,1,0,0,0,1,4
212300,1,1,0,0,0,1,7
9411294,11,2,9,43,11,0,0
9039,6,3,3,3,0,6,29
9804392,1,1,0,0,0,1,1
9905391,8,3,5,8,2,6,14
2077,8,2,6,12,4,4,5
9710503,1,1,0,0,0,1,1
9706394,13,7,6,12,13,0,0
9912212,8,3,5,7,0,8,59
111299,5,2,3,4,0,5,19
9081,6,3,3,6,3,3,3
9903390,20,4,16,44,0,20,108
9906203,2,1,1,1,1,1,1
9306254,7,4,3,5,7,0,0
102125,6,3,3,5,0,6,58
9912215,21,6,15,60,0,21,176
101224,3,3,0,0,0,3,22
9605378,2,1,1,1,0,2,7
9607428,13,4,9,24,1,12,14
9704241,3,1,2,2,0,3,14
9812316,9,3,6,9,0,9,37
9903385,11,3,8,23,0,11,116
9307248,9,3,6,12,9,0,0
102120,1,1,0,0,0,1,6
9910562,6,3,3,5,0,6,41
9711289,7,3,4,4,3,4,8
9511231,0,0,0,0,0,0,0
9312233,2,1,1,1,2,0,0
9704379,18,14,4,5,18,0,0
9903388,9,4,5,13,0,9,17
108204,5,2,3,4,0,5,11
9704264,4,2,2,5,1,3,18
106232,4,3,1,1,0,4,13
9511314,10,5,5,11,10,0,0
3020,16,1,15,51,2,14,42
9909424,1,1,0,0,0,1,6
9802396,4,3,1,2,0,4,13
209294,3,3,0,0,0,3,14
207110,7,4,3,4,0,7,60
9610371,2,1,1,1,0,2,2
9907331,1,1,0,0,0,1,7
206104,2,2,0,0,1,1,1
9810393,2,1,1,1,0,2,7
9809330,3,2,1,1,3,0,0
9811295,6,2,4,8,0,6,27
207228,9,5,4,6,1,8,27
201305,3,2,1,1,0,3,12
9406317,9,3,6,10,0,9,9
9401274,2,1,1,1,0,2,4
201056,6,4,2,5,1,5,23
109072,8,2,6,8,0,8,59
9502245,7,5,2,2,3,4,5
107145,1,1,0,0,0,1,4
106248,7,2,5,8,0,7,143
9409297,1,1,0,0,0,1,2
106153,7,3,4,7,7,0,0
9903267,0,0,0,0,0,0,0
9909416,1,1,0,0,0,1,4
9805344,8,2,6,8,0,8,32
9601291,7,2,5,8,7,0,0
9901220,3,2,1,1,0,3,27
9911517,1,1,0,0,0,1,4
9611327,1,1,0,0,1,0,0
9801238,5,2,3,4,0,5,38
9604443,15,3,12,43,1,14,29
9502278,15,10,5,9,15,0,0
9154,7,5,2,3,0,7,21
9210264,4,2,2,3,4,0,0
108122,16,3,13,31,1,15,212
106311,10,5,5,15,0,10,95
9911254,9,2,7,18,3,6,6
9806220,1,1,0,0,0,1,2
106354,6,2,4,6,0,6,39
207350,2,2,0,0,0,2,24
9809376,16,4,12,73,0,16,53
205160,4,1,3,3,0,4,105
10150,8,1,7,21,0,8,108
9604252,1,1,0,0,1,0,0
3124,1,1,0,0,0,1,10
9501263,26,3,23,98,26,0,0
9809248,3,2,1,1,2,1,1
9804335,7,1,6,11,2,5,5
4185,4,2,2,3,1,3,5
9908355,14,3,11,44,0,14,58
9710247,12,3,9,16,0,12,37
9707466,6,5,1,1,5,1,2
207121,0,0,0,0,0,0,0
204081,2,2,0,0,0,2,10
9811219,4,2,2,2,1,3,8
9906420,4,2,2,2,0,4,35
9610520,2,1,1,1,0,2,4
9511348,10,3,7,15,0,10,25
9501257,2,2,0,0,0,2,3
9508267,1,1,0,0,1,0,0
9608329,6,2,4,4,2,4,17
201049,3,3,0,0,0,3,11
9911471,4,2,2,3,4,0,0
9811212,12,1,11,47,0,12,101
9804407,11,3,8,26,0,11,27
9910457,0,0,0,0,0,0,0
9705407,3,2,1,1,3,0,0
6101,2,2,0,0,0,2,2
9909414,1,1,0,0,0,1,1
209377,0,0,0,0,0,0,0
9506301,0,0,0,0,0,0,0
9604411,0,0,0,0,0,0,0
9401302,3,2,1,1,2,1,1
109013,5,3,2,2,0,5,32
9605329,1,1,0,0,0,1,2
9411243,2,2,0,0,0,2,2
9603300,1,1,0,0,1,0,0
107277,5,3,2,2,3,2,2
9812506,5,5,0,0,0,5,21
9802236,5,4,1,1,5,0,0
9602258,5,3,2,5,1,4,9
9407271,3,2,1,1,3,0,0
9608327,5,2,3,5,5,0,0
9905368,3,2,1,1,0,3,12
207261,2,2,0,0,0,2,4
208085,1,1,0,0,0,1,10
204187,3,3,0,0,0,3,5
9901415,10,1,9,21,6,4,4
9709252,3,2,1,1,0,3,5
7307,1,1,0,0,0,1,9
212291,1,1,0,0,0,1,3
211021,3,1,2,2,0,3,70
9611282,5,2,3,5,0,5,13
9810347,3,2,1,1,3,0,0
110273,1,1,0,0,0,1,5
5085,6,5,1,1,2,4,13
9410243,4,3,1,1,4,0,0
2226,3,3,0,0,1,2,4
9703364,2,2,0,0,0,2,2
108093,3,1,2,3,3,0,0
9903383,4,2,2,2,1,3,5
203129,2,1,1,1,0,2,13
110282,2,1,1,1,0,2,6
9610405,4,1,3,3,4,0,0
205066,2,2,0,0,0,2,3
110060,0,0,0,0,0,0,0
209080,1,1,0,0,0,1,9
9309290,1,1,0,0,1,0,0
9906288,2,2,0,0,0,2,2
9907557,2,2,0,0,0,2,14
110313,1,1,0,0,0,1,3
12185,0,0,0,0,0,0,0
9510221,3,3,0,0,0,3,3
209189,1,1,0,0,0,1,4
9710520,0,0,0,0,0,0,0
5140,2,2,0,0,0,2,10
9297,5,4,1,1,0,5,48
2290,7,2,5,10,1,6,6
9710456,4,1,3,5,0,4,4
9512304,1,1,0,0,0,1,4
210212,1,1,0,0,0,1,2
9609414,1,1,0,0,1,0,0
9402217,3,3,0,0,3,0,0
204149,3,3,0,0,0,3,14
9611294,2,2,0,0,2,0,0
9147,4,4,0,0,0,4,36
9211234,3,1,2,3,3,0,0
9304209,5,3,2,3,2,3,3
9907415,1,1,0,0,0,1,1
9712232,6,4,2,2,0,6,12
9155,2,1,1,1,0,2,23
206010,3,2,1,1,0,3,9
9910229,5,1,4,5,0,5,19
103112,0,0,0,0,0,0,0
202041,1,1,0,0,0,1,6
9711451,2,1,1,1,2,0,0
9406413,3,3,0,0,0,3,6
203211,0,0,0,0,0,0,0
9402306,6,5,1,1,6,0,0
9506212,2,1,1,1,2,0,0
9606406,5,3,2,2,0,5,11
9185,3,2,1,2,0,3,8
103212,2,1,1,1,0,2,4
106099,14,7,7,16,1,13,70
211001,7,3,4,6,0,7,80
12061,1,1,0,0,1,0,0
9611215,6,1,5,10,0,6,16
201303,8,3,5,8,0,8,33
107015,2,2,0,0,1,1,8
9805439,2,2,0,0,1,1,3
9709405,2,2,0,0,0,2,12
9408218,4,2,2,2,0,4,18
9707388,3,2,1,2,0,3,3
8006,5,1,4,6,0,5,64
212007,1,1,0,0,0,1,5
9808336,2,1,1,1,1,1,2
9402268,1,1,0,0,0,1,1
209303,2,2,0,0,0,2,17
9711422,8,2,6,13,5,3,3
9608243,6,3,3,5,6,0,0
4023,2,2,0,0,0,2,5
8210,5,3,2,3,0,5,19
9911513,3,3,0,0,3,0,0
9906361,2,1,1,1,0,2,5
1305,0,0,0,0,0,0,0
9902405,5,1,4,6,0,5,18
102161,2,2,0,0,0,2,6
209081,0,0,0,0,0,0,0
9901454,1,1,0,0,0,1,4
9904345,3,1,2,3,3,0,0
9704405,12,2,10,33,0,12,98
203272,4,4,0,0,0,4,12
9312298,1,1,0,0,1,0,0
9804361,5,3,2,2,1,4,6
1257,1,1,0,0,0,1,8
9703368,3,2,1,1,0,3,3
9206212,4,4,0,0,4,0,0
9905268,2,2,0,0,0,2,2
9510241,1,1,0,0,1,0,0
9809203,6,4,2,2,2,4,11
5084,0,0,0,0,0,0,0
102229,11,2,9,20,1,10,31
101286,6,3,3,6,6,0,0
9801436,2,2,0,0,0,2,4
9605203,0,0,0,0,0,0,0
9908426,6,2,4,4,4,2,2
1206,3,3,0,0,1,2,2
9608252,0,0,0,0,0,0,0
9902236,8,1,7,11,0,8,19
8190,0,0,0,0,0,0,0
9612352,1,1,0,0,0,1,4
9811423,4,4,0,0,1,3,4
105186,1,1,0,0,0,1,11
9206233,4,4,0,0,4,0,0
9805420,3,2,1,1,0,3,9
8059,0,0,0,0,0,0,0
301067,0,0,0,0,0,0,0
9809235,0,0,0,0,0,0,0
9508220,4,2,2,3,0,4,16
9604211,0,0,0,0,0,0,0
203222,5,2,3,6,0,5,64
207067,1,1,0,0,0,1,6
9906285,0,0,0,0,0,0,0
9710261,2,2,0,0,2,0,0
207213,1,1,0,0,0,1,41
9910526,2,2,0,0,0,2,3
209296,0,0,0,0,0,0,0
6021,3,3,0,0,0,3,12
9910436,3,1,2,3,0,3,9
205306,3,2,1,1,0,3,10
9706452,2,1,1,1,0,2,7
201166,5,2,3,6,1,4,16
9812470,1,1,0,0,1,0,0
9501204,7,4,3,6,7,0,0
9705474,20,7,13,30,4,16,72
203208,4,1,3,5,0,4,48
204127,4,1,3,3,0,4,19
12115,5,3,2,2,0,5,33
9904269,3,2,1,1,0,3,11
104306,5,1,4,7,0,5,13
9406269,1,1,0,0,1,0,0
211026,0,0,0,0,0,0,0
9210279,2,2,0,0,2,0,0
201004,5,2,3,4,1,4,9
9909258,2,1,1,1,0,2,12
9709202,1,1,0,0,0,1,1
9905230,1,1,0,0,0,1,2
9812228,0,0,0,0,0,0,0
9709400,1,1,0,0,0,1,6
7093,2,2,0,0,0,2,2
9902370,1,1,0,0,1,0,0
9708352,1,1,0,0,0,1,1
301279,0,0,0,0,0,0,0
201253,7,3,4,5,0,7,80
109065,0,0,0,0,0,0,0
107131,0,0,0,0,0,0,0
204039,1,1,0,0,0,1,2
9910473,0,0,0,0,0,0,0
206172,9,6,3,3,1,8,16
9703380,2,1,1,1,1,1,1
12272,1,1,0,0,0,1,6
9804413,4,3,1,1,0,4,11
9805394,4,3,1,1,0,4,10
9904397,0,0,0,0,0,0,0
9912208,1,1,0,0,1,0,0
9604297,1,1,0,0,1,0,0
9912443,0,0,0,0,0,0,0
9212256,5,1,4,7,5,0,0
9710250,2,2,0,0,2,0,0
9309319,0,0,0,0,0,0,0
209151,0,0,0,0,0,0,0
9901308,2,1,1,1,2,0,0
9402273,0,0,0,0,0,0,0
9412290,0,0,0,0,0,0,0
212203,0,0,0,0,0,0,0
9809474,2,2,0,0,0,2,11
9908301,3,1,2,2,0,3,9
9709407,1,1,0,0,0,1,6
8254,0,0,0,0,0,0,0
7300,3,1,2,3,2,1,1
211227,0,0,0,0,0,0,0
9602248,3,1,2,2,0,3,3
9803496,4,3,1,1,4,0,0
9503282,6,2,4,7,0,6,18
9609243,0,0,0,0,0,0,0
9611314,0,0,0,0,0,0,0
9909527,0,0,0,0,0,0,0
9904256,8,3,5,11,0,8,13
112182,1,1,0,0,0,1,6
9206254,4,4,0,0,4,0,0
9910422,4,1,3,6,0,4,12
9907370,4,1,3,5,0,4,41
109288,2,2,0,0,0,2,8
9803282,7,3,4,4,1,6,22
109159,2,2,0,0,0,2,6
9811359,0,0,0,0,0,0,0
104308,1,1,0,0,0,1,8
9308323,0,0,0,0,0,0,0
7203,1,1,0,0,1,0,0
9710253,2,1,1,1,0,2,8
9511277,1,1,0,0,0,1,1
9506239,1,1,0,0,0,1,4
9512271,3,1,2,2,0,3,3
108050,2,1,1,1,1,1,3
9712341,0,0,0,0,0,0,0
11162,1,1,0,0,1,0,0
9912334,0,0,0,0,0,0,0
9911215,2,1,1,1,0,2,21
9508236,0,0,0,0,0,0,0
9410376,2,2,0,0,2,0,0
9903365,4,2,2,3,0,4,15
209095,0,0,0,0,0,0,0
9402212,0,0,0,0,0,0,0
9902367,0,0,0,0,0,0,0
9901212,0,0,0,0,0,0,0
204158,1,1,0,0,0,1,2
9901427,0,0,0,0,0,0,0
12045,0,0,0,0,0,0,0
111434,2,2,0,0,0,2,3
109267,2,2,0,0,1,1,10
9404261,2,2,0,0,0,2,3
9509405,4,2,2,3,4,0,0
9602314,0,0,0,0,0,0,0
9909528,0,0,0,0,0,0,0
204207,1,1,0,0,1,0,0
101303,0,0,0,0,0,0,0
9605391,1,1,0,0,1,0,0
112152,2,2,0,0,1,1,9
9604268,2,1,1,1,0,2,2
9303266,1,1,0,0,1,0,0
11119,0,0,0,0,0,0,0
9706278,5,2,3,4,4,1,1
9503270,2,1,1,1,1,1,1
9809219,0,0,0,0,0,0,0
103329,1,1,0,0,0,1,9
110398,0,0,0,0,0,0,0
9711505,0,0,0,0,0,0,0
7002,1,1,0,0,1,0,0
9311267,3,2,1,1,3,0,0
202214,1,1,0,0,0,1,2
108243,7,2,5,14,1,6,18
9712474,2,2,0,0,0,2,2
107302,2,2,0,0,0,2,5
9511427,1,1,0,0,1,0,0
204163,3,1,2,2,0,3,4
9710218,1,1,0,0,0,1,6
110316,1,1,0,0,0,1,12
9611446,3,1,2,2,0,3,3
12148,1,1,0,0,0,1,3
106064,0,0,0,0,0,0,0
9307211,0,0,0,0,0,0,0
209015,1,1,0,0,0,1,3
9512242,1,1,0,0,0,1,3
9506426,1,1,0,0,1,0,0
9165,2,2,0,0,1,1,1
9809566,5,1,4,9,5,0,0
109171,1,1,0,0,0,1,4
9401301,2,2,0,0,0,2,6
9702396,0,0,0,0,0,0,0
9603268,1,1,0,0,0,1,3
9508203,0,0,0,0,0,0,0
103296,0,0,0,0,0,0,0
9610286,1,1,0,0,1,0,0
9703306,0,0,0,0,0,0,0
6199,0,0,0,0,0,0,0
302031,0,0,0,0,0,0,0
9511339,0,0,0,0,0,0,0
9701223,0,0,0,0,0,0,0
9910350,1,1,0,0,1,0,0
9905569,1,1,0,0,0,1,7
9711513,1,1,0,0,0,1,1
105033,0,0,0,0,0,0,0
9403298,5,4,1,2,0,5,13
9506295,2,1,1,1,2,0,0
301205,0,0,0,0,0,0,0
9410381,0,0,0,0,0,0,0
9807255,4,4,0,0,4,0,0
112212,4,2,2,2,0,4,11
9609264,1,1,0,0,1,0,0
103022,3,3,0,0,0,3,9
108140,0,0,0,0,0,0,0
212175,1,1,0,0,0,1,6
9803472,1,1,0,0,0,1,2
9811394,0,0,0,0,0,0,0
1065,0,0,0,0,0,0,0
9905418,0,0,0,0,0,0,0
4195,2,2,0,0,0,2,2
6228,1,1,0,0,1,0,0
9502387,1,1,0,0,1,0,0
6231,1,1,0,0,0,1,5
9801261,0,0,0,0,0,0,0
1234,4,3,1,1,0,4,24
210371,2,2,0,0,0,2,27
211400,0,0,0,0,0,0,0
9401215,1,1,0,0,1,0,0
8202,0,0,0,0,0,0,0
9304297,1,1,0,0,1,0,0
9611448,1,1,0,0,0,1,11
9209221,3,3,0,0,3,0,0
9602203,2,1,1,1,1,1,2
201184,4,1,3,3,0,4,7
9705464,5,2,3,3,0,5,11
112286,0,0,0,0,0,0,0
9905213,0,0,0,0,0,0,0
9606480,0,0,0,0,0,0,0
9808260,0,0,0,0,0,0,0
9811306,0,0,0,0,0,0,0
210326,0,0,0,0,0,0,0
9912359,1,1,0,0,0,1,2
205226,0,0,0,0,0,0,0
201033,1,1,0,0,0,1,6
12150,3,2,1,1,0,3,16
12081,2,2,0,0,0,2,4
111221,4,1,3,3,1,3,3
9805363,3,2,1,1,0,3,12
204260,0,0,0,0,0,0,0
105271,0,0,0,0,0,0,0
9502295,4,2,2,2,4,0,0
9910298,0,0,0,0,0,0,0
202241,1,1,0,0,0,1,1
302206,0,0,0,0,0,0,0
101178,0,0,0,0,0,0,0
111345,0,0,0,0,0,0,0
107133,2,2,0,0,0,2,19
9801249,1,1,0,0,1,0,0
208054,0,0,0,0,0,0,0
101252,0,0,0,0,0,0,0
210222,0,0,0,0,0,0,0
110103,0,0,0,0,0,0,0
301114,0,0,0,0,0,0,0
211259,0,0,0,0,0,0,0
111174,0,0,0,0,0,0,0
9707359,0,0,0,0,0,0,0
9903392,0,0,0,0,0,0,0
111184,1,1,0,0,0,1,2
9902281,0,0,0,0,0,0,0
9609225,0,0,0,0,0,0,0
211416,0,0,0,0,0,0,0
9601222,0,0,0,0,0,0,0
9220,0,0,0,0,0,0,0
9802295,0,0,0,0,0,0,0
205224,2,1,1,1,0,2,15
106341,1,1,0,0,0,1,1
2214,2,2,0,0,0,2,14
112217,0,0,0,0,0,0,0
9601221,4,2,2,3,4,0,0
301268,0,0,0,0,0,0,0
9410352,1,1,0,0,1,0,0
9712522,1,1,0,0,0,1,3
9707289,1,1,0,0,0,1,1
203228,0,0,0,0,0,0,0
8322,1,1,0,0,0,1,2
201304,3,3,0,0,0,3,39
9707210,2,1,1,1,2,0,0
207100,0,0,0,0,0,0,0
9908210,1,1,0,0,1,0,0
207195,1,1,0,0,0,1,7
207151,0,0,0,0,0,0,0
202075,0,0,0,0,0,0,0
9812500,0,0,0,0,0,0,0
103135,0,0,0,0,0,0,0
9809231,0,0,0,0,0,0,0
111285,1,1,0,0,0,1,7
212410,0,0,0,0,0,0,0
109208,1,1,0,0,1,0,0
9610234,0,0,0,0,0,0,0
1117,0,0,0,0,0,0,0
9309280,1,1,0,0,1,0,0
108064,0,0,0,0,0,0,0
111189,1,1,0,0,0,1,4
9712295,0,0,0,0,0,0,0
9812324,0,0,0,0,0,0,0
210070,0,0,0,0,0,0,0
301054,0,0,0,0,0,0,0
9810428,1,1,0,0,0,1,3
209363,0,0,0,0,0,0,0
206298,0,0,0,0,0,0,0
9409394,0,0,0,0,0,0,0
302130,0,0,0,0,0,0,0
204152,0,0,0,0,0,0,0
9409417,0,0,0,0,0,0,0
9703426,0,0,0,0,0,0,0
9705291,2,1,1,1,2,0,0
9612411,0,0,0,0,0,0,0
9402272,0,0,0,0,0,0,0
9807259,0,0,0,0,0,0,0
9806283,0,0,0,0,0,0,0
209332,3,3,0,0,0,3,18
9906251,2,1,1,1,2,0,0
9804259,0,0,0,0,0,0,0
11384,0,0,0,0,0,0,0
210297,0,0,0,0,0,0,0
9409387,0,0,0,0,0,0,0
111239,0,0,0,0,0,0,0
101140,1,1,0,0,0,1,1
9258,0,0,0,0,0,0,0
207361,0,0,0,0,0,0,0
9605232,0,0,0,0,0,0,0
9801288,0,0,0,0,0,0,0
201048,4,4,0,0,0,4,11
5047,1,1,0,0,1,0,0
9911401,0,0,0,0,0,0,0
207172,0,0,0,0,0,0,0
9604368,1,1,0,0,1,0,0
9408400,0,0,0,0,0,0,0
9503345,0,0,0,0,0,0,0
9412378,1,1,0,0,1,0,0
211424,0,0,0,0,0,0,0
105231,0,0,0,0,0,0,0
9406425,0,0,0,0,0,0,0
211116,0,0,0,0,0,0,0
9707495,3,2,1,1,0,3,10
9705424,0,0,0,0,0,0,0
9309304,0,0,0,0,0,0,0
7356,2,2,0,0,1,1,1
9511213,0,0,0,0,0,0,0
9911209,0,0,0,0,0,0,0
9512294,1,1,0,0,0,1,10
9805350,0,0,0,0,0,0,0
302056,0,0,0,0,0,0,0
102034,0,0,0,0,0,0,0
101104,1,1,0,0,0,1,1
10046,0,0,0,0,0,0,0
209119,0,0,0,0,0,0,0
101096,0,0,0,0,0,0,0
205095,1,1,0,0,0,1,3
9406244,1,1,0,0,1,0,0
9701279,2,1,1,1,2,0,0
209335,0,0,0,0,0,0,0
9602398,0,0,0,0,0,0,0
205324,0,0,0,0,0,0,0
9904222,2,2,0,0,2,0,0
6002,0,0,0,0,0,0,0
9504289,0,0,0,0,0,0,0
9605443,1,1,0,0,1,0,0
9702317,0,0,0,0,0,0,0
207202,0,0,0,0,0,0,0
9810447,0,0,0,0,0,0,0
9712435,0,0,0,0,0,0,0
9912239,0,0,0,0,0,0,0
107202,3,3,0,0,0,3,36
9186,1,1,0,0,0,1,2
9311334,0,0,0,0,0,0,0
301048,0,0,0,0,0,0,0
204256,1,1,0,0,0,1,5
7263,0,0,0,0,0,0,0
209250,1,1,0,0,0,1,22
301002,0,0,0,0,0,0,0
301041,0,0,0,0,0,0,0
9610241,0,0,0,0,0,0,0
8154,0,0,0,0,0,0,0
209202,0,0,0,0,0,0,0
206257,1,1,0,0,0,1,4
206032,0,0,0,0,0,0,0
9909457,0,0,0,0,0,0,0
212032,0,0,0,0,0,0,0
301027,0,0,0,0,0,0,0
9803204,1,1,0,0,1,0,0
9605290,1,1,0,0,1,0,0
9909346,0,0,0,0,0,0,0
9603299,0,0,0,0,0,0,0
210137,1,1,0,0,0,1,4
101214,0,0,0,0,0,0,0
9608391,0,0,0,0,0,0,0
212198,0,0,0,0,0,0,0
206282,0,0,0,0,0,0,0
206301,1,1,0,0,0,1,5
9708277,0,0,0,0,0,0,0
9908285,0,0,0,0,0,0,0
9604306,1,1,0,0,0,1,2
4146,0,0,0,0,0,0,0
9611365,0,0,0,0,0,0,0
209102,0,0,0,0,0,0,0
206211,1,1,0,0,0,1,17
210120,0,0,0,0,0,0,0
9507286,0,0,0,0,0,0,0
210221,0,0,0,0,0,0,0
9311218,0,0,0,0,0,0,0
107242,0,0,0,0,0,0,0
210018,0,0,0,0,0,0,0
9702371,1,1,0,0,1,0,0
201013,0,0,0,0,0,0,0
12048,0,0,0,0,0,0,0
10183,0,0,0,0,0,0,0
212355,0,0,0,0,0,0,0
301144,0,0,0,0,0,0,0
212002,0,0,0,0,0,0,0
211354,1,1,0,0,0,1,4
302253,0,0,0,0,0,0,0
110112,0,0,0,0,0,0,0
9912444,1,1,0,0,0,1,2
106122,0,0,0,0,0,0,0
9911301,1,1,0,0,0,1,3
211087,0,0,0,0,0,0,0
10351,0,0,0,0,0,0,0
102155,0,0,0,0,0,0,0
203247,0,0,0,0,0,0,0
203102,0,0,0,0,0,0,0
204248,0,0,0,0,0,0,0
106349,0,0,0,0,0,0,0
9409462,0,0,0,0,0,0,0
101054,1,1,0,0,1,0,0
9403299,0,0,0,0,0,0,0
9905306,0,0,0,0,0,0,0
301036,0,0,0,0,0,0,0
211453,0,0,0,0,0,0,0
209060,0,0,0,0,0,0,0
9309273,0,0,0,0,0,0,0
9608473,0,0,0,0,0,0,0
12302,0,0,0,0,0,0,0
9507203,0,0,0,0,0,0,0
9706333,0,0,0,0,0,0,0
9902358,0,0,0,0,0,0,0
12243,0,0,0,0,0,0,0
206114,0,0,0,0,0,0,0
3211,0,0,0,0,0,0,0
210253,0,0,0,0,0,0,0
302113,0,0,0,0,0,0,0
9801367,0,0,0,0,0,0,0
9501418,0,0,0,0,0,0,0
204003,0,0,0,0,0,0,0
9706324,0,0,0,0,0,0,0
9807203,1,1,0,0,1,0,0
9705365,0,0,0,0,0,0,0
9807328,0,0,0,0,0,0,0
201116,0,0,0,0,0,0,0
9606307,0,0,0,0,0,0,0
9909272,0,0,0,0,0,0,0
105272,0,0,0,0,0,0,0
9609514,0,0,0,0,0,0,0
301084,0,0,0,0,0,0,0
201269,0,0,0,0,0,0,0
110373,0,0,0,0,0,0,0
9501265,44,4,40,245,4,40,134
11238,19,2,17,46,0,19,127
9812396,71,12,59,336,0,71,693
9908520,9,2,7,8,2,7,23
9911321,21,4,17,48,2,19,155
9602234,45,7,38,202,25,20,25
9301281,22,10,12,26,22,0,0
9906218,25,1,24,100,1,24,113
9412214,11,4,7,10,0,11,31
9804331,3,1,2,2,2,1,1
1056,7,2,5,11,0,7,43
9404209,63,11,52,161,17,46,97
9712319,53,7,46,213,8,45,173
9902371,87,8,79,708,0,87,518
9610272,30,11,19,46,13,17,29
107101,25,6,19,48,5,20,41
9711395,235,4,231,3357,221,14,14
9410365,9,2,7,19,6,3,3
9611363,45,4,41,165,3,42,151
9503434,4,2,2,2,0,4,8
9502417,26,2,24,73,7,19,44
9512378,36,10,26,86,11,25,77
9505425,101,9,92,472,101,0,0
9811352,14,3,11,17,1,13,72
9805238,20,1,19,71,3,17,23
9806540,96,4,92,658,0,96,96
9607419,13,2,11,20,1,12,12
9812475,86,10,76,419,1,85,733
9911465,6,2,4,4,0,6,28
9402231,42,9,33,93,42,0,0
9612232,34,4,30,134,10,24,80
9812426,44,2,42,279,18,26,51
9702298,13,4,9,13,4,9,37
9803456,4,1,3,5,0,4,29
9902392,23,4,19,76,0,23,325
9301268,26,4,22,69,26,0,0
9408214,112,3,109,846,112,0,0
9608256,32,5,27,115,1,31,61
9712409,12,5,7,15,3,9,20
9509365,12,2,10,27,2,10,10
9403306,27,12,15,43,1,26,94
9501244,12,5,7,13,4,8,8
9405245,17,1,16,55,17,0,0
9206238,7,6,1,1,7,0,0
9409290,32,3,29,172,3,29,110
9604233,47,5,42,201,1,46,319
9405340,25,5,20,72,14,11,11
9912264,33,3,30,137,3,30,96
9405345,27,3,24,129,1,26,33
9612396,4,2,2,3,0,4,11
9706554,25,6,19,59,0,25,177
10074,1,1,0,0,1,0,0
9509325,38,4,34,164,4,34,105
106040,9,4,5,10,0,9,26
9712417,15,9,6,7,0,15,94
9509379,17,3,14,44,17,0,0
9310326,43,6,37,152,43,0,0
9311345,102,9,93,684,92,10,10
2167,20,7,13,45,6,14,36
9803297,68,1,67,617,51,17,17
9409375,85,7,78,719,28,57,88
9401308,62,6,56,228,8,54,54
9510378,27,6,21,51,12,15,29
9311357,49,9,40,164,8,41,41
9812358,41,3,38,179,15,26,52
9507426,13,4,9,15,2,11,26
9304267,34,6,28,154,17,17,22
9406419,3,2,1,1,3,0,0
9602431,4,3,1,2,4,0,0
9606378,13,1,12,42,2,11,47
9503236,32,4,28,151,0,32,210
9707337,15,6,9,20,4,11,20
9605357,60,1,59,444,37,23,24
9401266,41,11,30,110,41,0,0
9508391,3,2,1,1,3,0,0
9707467,14,3,11,19,6,8,14
9405398,38,7,31,111,38,0,0
9402298,24,3,21,71,20,4,4
9310217,3,2,1,1,2,1,1
3146,10,3,7,12,0,10,79
9801356,43,1,42,279,6,37,59
9610277,4,2,2,2,0,4,7
9805241,20,6,14,41,1,19,63
9311339,65,13,52,347,17,48,109
9708486,5,2,3,3,0,5,31
9903239,12,5,7,15,0,12,140
9611453,22,1,21,79,0,22,90
9408273,8,4,4,6,8,0,0
9906485,22,7,15,39,0,22,256
9907343,5,1,4,5,1,4,17
9809573,2,2,0,0,0,2,11
9707342,27,11,16,28,3,24,69
9909516,9,2,7,13,1,8,14
9902268,11,3,8,12,3,8,24
9410346,9,3,6,9,9,0,0
9804429,21,2,19,41,0,21,111
9801442,9,2,7,17,4,5,9
9706534,36,7,29,122,9,27,68
9411431,27,5,22,62,6,21,29
101025,21,3,18,43,0,21,190
9910550,42,2,40,315,0,42,764
9211248,49,8,41,162,25,24,29
9807219,15,8,7,16,1,14,31
7034,11,5,6,14,0,11,90
211124,6,1,5,13,0,6,37
9812296,28,3,25,69,5,23,39
9908362,26,4,22,94,26,0,0
9908364,22,2,20,58,22,0,0
9812397,41,5,36,137,0,41,447
9507462,49,3,46,257,25,24,47
9708226,9,2,7,19,0,9,38
9703443,10,2,8,20,0,10,30
9409408,13,4,9,18,4,9,10
9604338,11,1,10,21,2,9,45
9406258,34,3,31,189,5,29,29
1194,6,3,3,4,0,6,13
9901246,15,6,9,26,2,13,116
9812418,29,5,24,67,6,23,58
9612357,15,5,10,35,11,4,6
9810533,12,1,11,43,8,4,5
9805383,3,3,0,0,0,3,7
9704221,46,3,43,346,0,46,489
6179,2,1,1,1,1,1,4
9506400,0,0,0,0,0,0,0
9408284,11,2,9,23,1,10,10
9705363,3,1,2,3,0,3,14
111058,54,1,53,253,9,45,253
9207225,13,1,12,32,13,0,0
9501299,2,2,0,0,0,2,2
9306251,9,1,8,18,9,0,0
9708446,16,2,14,31,0,16,65
9609428,27,7,20,75,0,27,43
9310309,9,2,7,22,1,8,16
9810360,59,3,56,387,16,43,158
9302318,55,4,51,363,55,0,0
9305309,54,8,46,165,54,0,0
9508249,59,4,55,295,14,45,103
103067,57,6,51,334,0,57,542
9208255,9,2,7,16,9,0,0
9906206,64,7,57,407,6,58,376
9712257,8,1,7,13,1,7,43
106264,63,9,54,242,0,63,206
105139,26,4,22,45,6,20,48
9211281,3,1,2,3,3,0,0
2008,7,1,6,14,0,7,7
9902232,12,2,10,31,0,12,22
12176,2,1,1,1,0,2,5
9606219,5,1,4,7,0,5,13
9608213,15,2,13,28,0,15,44
9909310,6,3,3,4,0,6,31
9911349,17,3,14,39,0,17,152
9903417,115,7,108,618,8,107,443
9504355,11,6,5,7,6,5,5
9911371,20,9,11,33,0,20,248
101124,33,7,26,106,0,33,419
207020,6,3,3,3,0,6,110
109028,2,2,0,0,0,2,11
110127,33,0,33,212,0,33,160
9902383,25,6,19,59,2,23,48
9910255,17,9,8,12,0,17,232
1302,7,6,1,2,0,7,25
9305308,10,3,7,12,10,0,0
103312,2,2,0,0,0,2,30
11374,1,1,0,0,0,1,3
6275,4,3,1,1,0,4,46
9907555,20,3,17,71,0,20,325
9911255,18,4,14,27,0,18,136
9606215,16,2,14,27,5,11,32
5135,3,2,1,1,0,3,7
4191,9,1,8,15,0,9,38
9306209,19,4,15,47,2,17,21
4069,5,3,2,3,1,4,14
9507416,35,6,29,100,3,32,75
10304,1,1,0,0,0,1,4
9207219,15,3,12,31,15,0,0
9412315,10,5,5,11,10,0,0
5209,9,2,7,18,1,8,35
9509285,12,2,10,17,2,10,16
9601276,108,4,104,628,1,107,357
9510202,40,4,36,118,0,40,120
9609316,5,4,1,1,0,5,9
9610449,32,2,30,97,10,22,68
9507395,6,1,5,7,0,6,11
9610212,6,3,3,3,0,6,49
9703249,15,3,12,30,1,14,14
10253,9,2,7,14,0,9,152
9709244,4,2,2,3,2,2,5
9902382,3,3,0,0,0,3,10
6054,10,1,9,24,0,10,57
9302227,16,3,13,35,16,0,0
9403225,10,6,4,9,10,0,0
9410345,44,7,37,180,44,0,0
9812266,8,5,3,3,1,7,18
103182,38,4,34,175,0,38,465
10334,14,4,10,25,0,14,89
9810303,1,1,0,0,0,1,2
9710310,5,1,4,7,1,4,9
9812404,9,4,5,5,6,3,4
102051,3,3,0,0,0,3,33
9705475,3,1,2,3,2,1,1
9502340,47,6,41,199,15,32,64
9501414,3,3,0,0,1,2,10
4106,4,1,3,5,1,3,15
9507319,106,4,102,724,20,86,184
9907204,7,1,6,7,0,7,26
9611221,2,1,1,1,0,2,7
9805380,47,4,43,176,5,42,168
9412327,40,10,30,102,33,7,7
9208209,6,2,4,6,6,0,0
9501289,3,1,2,3,0,3,3
9606293,3,3,0,0,0,3,14
9707524,3,1,2,3,3,0,0
9707438,6,2,4,6,1,5,23
9501345,2,2,0,0,1,1,1
9610204,18,3,15,41,3,15,27
9710487,17,3,14,45,1,16,67
9212299,7,3,4,5,5,2,2
9412270,3,2,1,1,1,2,3
9703433,38,3,35,215,1,37,155
9408340,8,4,4,6,3,5,5
9610293,17,6,11,24,0,17,59
10006,4,4,0,0,2,2,9
104131,5,3,2,2,0,5,41
3281,4,1,3,5,0,4,44
9907296,8,2,6,7,0,8,37
9608292,8,3,5,10,0,8,36
9311284,24,1,23,127,24,0,0
9612282,3,2,1,1,0,3,36
9802238,35,2,33,137,8,27,123
10115,7,2,5,5,0,7,10
9711240,13,3,10,27,6,7,14
6312,4,3,1,1,1,3,10
9812280,4,3,1,1,0,4,23
211370,1,1,0,0,0,1,6
104254,7,1,6,9,1,6,58
9605277,3,1,2,2,1,2,3
5224,4,1,3,5,0,4,15
11160,23,8,15,36,2,21,70
9409348,11,1,10,30,0,11,11
9301277,6,2,4,5,6,0,0
9911413,5,2,3,3,0,5,12
2249,9,1,8,17,0,9,61
9912520,9,1,8,23,9,0,0
9904318,8,1,7,26,0,8,37
9909399,2,1,1,1,0,2,7
110192,1,1,0,0,0,1,24
9910456,9,2,7,12,0,9,29
9710214,16,4,12,41,0,16,105
9301280,12,3,9,25,12,0,0
9602319,1,1,0,0,0,1,3
9905247,26,9,17,50,15,11,12
102316,5,2,3,7,3,2,2
9705219,15,1,14,41,0,15,48
9703427,46,3,43,274,0,46,256
9712520,14,2,12,21,3,11,25
106147,3,3,0,0,0,3,5
9409410,4,3,1,1,4,0,0
108232,1,1,0,0,0,1,2
9801282,21,6,15,58,6,15,40
9409382,7,1,6,13,7,0,0
9610529,10,2,8,14,2,8,33
9912515,8,3,5,12,0,8,21
9401332,11,2,9,31,1,10,10
9507381,2,1,1,1,2,0,0
9701373,3,1,2,2,3,0,0
9312338,11,2,9,20,11,0,0
9907514,11,1,10,27,0,11,60
107186,28,5,23,69,2,26,157
9305220,2,1,1,1,2,0,0
9610489,7,3,4,7,0,7,24
6003,3,2,1,1,0,3,4
9302295,11,4,7,25,11,0,0
9904490,12,4,8,13,12,0,0
9610367,6,4,2,3,1,5,10
9608273,1,1,0,0,0,1,2
9602208,29,1,28,122,2,27,60
2009,5,4,1,2,0,5,19
9609364,12,5,7,18,0,12,46
9704262,28,8,20,54,5,23,50
11234,26,9,17,62,2,24,185
110105,11,2,9,24,0,11,63
9805430,8,3,5,9,3,5,5
9704396,16,4,12,49,0,16,65
9903497,4,2,2,5,0,4,22
9709447,7,3,4,6,0,7,15
9609395,8,2,6,15,0,8,25
106283,3,3,0,0,0,3,5
9910213,4,3,1,1,0,4,21
9507428,4,1,3,5,4,0,0
9710224,11,4,7,13,0,11,37
9609393,5,2,3,5,1,4,20
9301263,6,2,4,6,6,0,0
9604445,13,3,10,24,3,10,31
104106,8,5,3,3,0,8,19
9701409,2,2,0,0,1,1,1
9606472,3,2,1,1,0,3,20
9512254,1,1,0,0,0,1,2
9301283,3,1,2,3,3,0,0
9610285,5,3,2,2,0,5,17
9603203,3,1,2,2,0,3,5
9910466,8,4,4,5,0,8,122
9410205,4,2,2,2,4,0,0
204099,0,0,0,0,0,0,0
9911243,8,2,6,10,0,8,124
9212280,8,2,6,13,8,0,0
9702312,4,4,0,0,1,3,14
9503204,23,5,18,58,23,0,0
9710465,12,5,7,10,0,12,65
9908490,3,2,1,1,0,3,8
9905524,2,2,0,0,0,2,6
203237,11,5,6,11,0,11,32
207107,4,4,0,0,0,4,6
9806518,15,3,12,25,1,14,25
206193,5,4,1,1,0,5,21
108001,3,2,1,1,3,0,0
8073,3,2,1,1,0,3,25
207042,8,4,4,6,0,8,58
9602420,1,1,0,0,0,1,1
111133,9,3,6,9,0,9,45
9512278,4,3,1,1,0,4,16
9606214,6,4,2,3,1,5,11
205033,15,2,13,38,0,15,262
9401354,3,1,2,2,3,0,0
9410286,9,2,7,15,1,8,8
9410391,2,2,0,0,0,2,4
9709307,6,1,5,10,0,6,10
108239,8,3,5,9,0,8,85
9709348,39,8,31,123,0,39,190
9908493,5,1,4,6,0,5,13
9303271,5,3,2,3,5,0,0
9509322,3,2,1,1,3,0,0
9704389,12,5,7,15,0,12,70
9504217,10,3,7,16,0,10,82
9710277,12,2,10,18,1,11,35
8116,5,2,3,4,0,5,12
9908327,12,5,7,10,6,6,19
9805273,3,2,1,1,3,0,0
9605351,5,2,3,3,1,4,14
9403326,7,2,5,10,7,0,0
9908432,4,2,2,2,0,4,33
9804434,8,1,7,9,0,8,22
9907528,6,4,2,2,0,6,27
102097,13,1,12,42,0,13,105
4071,17,3,14,58,1,16,74
9304262,4,3,1,2,0,4,4
9802390,6,1,5,11,0,6,13
9809363,28,4,24,108,1,27,152
9906311,15,5,10,37,0,15,119
9911529,2,2,0,0,0,2,4
9710432,6,1,5,11,3,3,5
9237,21,6,15,47,0,21,119
9311331,3,1,2,3,0,3,9
9708265,5,1,4,6,0,5,9
9905219,5,2,3,6,0,5,61
9908341,2,2,0,0,1,1,4
9802282,7,3,4,7,0,7,29
9906233,16,4,12,18,1,15,72
104220,11,2,9,19,11,0,0
105273,4,1,3,4,0,4,9
9602400,1,1,0,0,1,0,0
9909367,0,0,0,0,0,0,0
9506281,15,4,11,26,0,15,60
9510448,2,1,1,1,1,1,1
9610467,14,1,13,41,4,10,23
209109,4,2,2,3,0,4,4
9710501,1,1,0,0,0,1,7
103080,3,2,1,1,0,3,18
111418,18,4,14,71,1,17,113
9607202,9,5,4,7,0,9,29
9805207,6,3,3,3,0,6,14
9610249,4,2,2,2,4,0,0
9803396,22,4,18,47,6,16,25
9603201,8,3,5,12,1,7,11
4227,12,1,11,44,0,12,74
9906529,3,1,2,3,0,3,7
9901244,4,1,3,4,0,4,16
102281,4,4,0,0,1,3,10
111186,1,1,0,0,1,0,0
9809418,3,2,1,1,0,3,10
9604224,1,1,0,0,0,1,3
206019,1,1,0,0,0,1,18
102228,9,3,6,12,0,9,106
9709467,2,1,1,1,0,2,8
205289,8,6,2,4,0,8,46
9905317,5,2,3,4,5,0,0
9406264,5,4,1,2,2,3,5
9604418,2,1,1,1,0,2,4
9406330,0,0,0,0,0,0,0
9412218,1,1,0,0,1,0,0
209069,0,0,0,0,0,0,0
102278,9,5,4,7,0,9,53
9604234,11,2,9,30,0,11,56
5090,2,1,1,1,0,2,12
9504321,2,2,0,0,0,2,7
108055,3,3,0,0,1,2,6
109146,5,1,4,6,0,5,28
9705404,6,2,4,7,0,6,28
9709325,6,2,4,11,0,6,15
9912313,5,3,2,2,0,5,22
102264,11,6,5,8,1,10,26
9206,10,4,6,10,1,9,51
9905518,0,0,0,0,0,0,0
9701374,7,4,3,5,0,7,18
9405288,1,1,0,0,0,1,3
103192,5,3,2,2,0,5,46
9308289,4,4,0,0,2,2,2
9702277,12,4,8,21,0,12,28
103185,1,1,0,0,1,0,0
9810376,6,1,5,10,0,6,12
9706203,7,4,3,3,0,7,41
209346,0,0,0,0,0,0,0
9701399,6,3,3,4,4,2,3
9810204,0,0,0,0,0,0,0
103025,3,2,1,1,0,3,17
9511387,9,4,5,7,0,9,39
9703435,0,0,0,0,0,0,0
9403271,3,2,1,1,0,3,3
9803262,2,1,1,1,0,2,7
2156,7,7,0,0,7,0,0
9511374,4,1,3,4,2,2,2
203265,2,1,1,1,1,1,2
9810239,2,1,1,1,0,2,22
110089,10,6,4,5,5,5,8
9241,4,2,2,3,1,3,8
7088,8,2,6,11,0,8,29
9602331,0,0,0,0,0,0,0
9902260,18,10,8,12,3,15,49
209333,1,1,0,0,0,1,2
208218,3,2,1,1,1,2,7
9511215,1,1,0,0,0,1,2
7094,1,1,0,0,1,0,0
9804432,7,2,5,6,2,5,5
9612428,7,1,6,14,0,7,17
9803478,1,1,0,0,1,0,0
9904409,10,3,7,18,0,10,38
207324,1,1,0,0,0,1,23
206058,2,1,1,1,0,2,5
9309309,0,0,0,0,0,0,0
9403315,1,1,0,0,0,1,3
112190,1,1,0,0,0,1,5
7053,4,1,3,3,2,2,2
9304236,1,1,0,0,1,0,0
9702304,3,1,2,3,0,3,9
107142,13,4,9,36,0,13,186
9410320,5,1,4,6,0,5,7
109214,15,2,13,43,14,1,1
9803202,1,1,0,0,0,1,3
9810528,3,2,1,1,0,3,13
9408216,8,3,5,9,8,0,0
9712261,3,2,1,1,1,2,7
9901345,1,1,0,0,0,1,6
9711470,2,1,1,1,1,1,1
9801370,2,1,1,1,0,2,4
9708374,4,1,3,4,0,4,21
9606250,3,1,2,2,3,0,0
9502279,12,8,4,8,0,12,12
110045,6,3,3,4,0,6,40
202115,1,1,0,0,0,1,1
112163,3,1,2,2,0,3,43
108250,4,1,3,5,0,4,120
9807237,1,1,0,0,0,1,1
9606347,7,3,4,10,7,0,0
110078,8,4,4,5,0,8,25
209147,3,2,1,1,1,2,5
9909268,3,3,0,0,0,3,13
205248,2,2,0,0,0,2,43
11314,20,3,17,56,1,19,174
9701254,1,1,0,0,1,0,0
9606229,12,6,6,17,1,11,45
9510213,12,5,7,18,1,11,21
9612441,0,0,0,0,0,0,0
9906415,9,3,6,9,2,7,33
7137,4,3,1,1,0,4,49
9909235,5,3,2,3,0,5,10
9808202,8,4,4,5,0,8,45
9803379,1,1,0,0,1,0,0
108074,6,3,3,3,0,6,44
206096,2,2,0,0,0,2,8
9904228,1,1,0,0,0,1,3
9907270,4,4,0,0,0,4,15
109254,0,0,0,0,0,0,0
9604284,13,2,11,30,0,13,25
9406393,4,3,1,2,4,0,0
9511459,2,2,0,0,0,2,2
9609488,5,5,0,0,0,5,39
9301237,11,2,9,25,11,0,0
9706356,1,1,0,0,0,1,6
9905359,19,3,16,67,0,19,159
9805301,6,1,5,9,1,5,7
6345,7,4,3,4,0,7,38
9511343,5,2,3,3,0,5,29
9909394,1,1,0,0,0,1,1
9405243,2,2,0,0,2,0,0
9909349,0,0,0,0,0,0,0
9311360,1,1,0,0,1,0,0
9406332,5,2,3,4,5,0,0
9404301,1,1,0,0,0,1,1
1108,7,2,5,11,0,7,39
9503452,2,1,1,1,0,2,2
9301288,2,1,1,1,2,0,0
9308320,2,1,1,1,2,0,0
9909332,11,4,7,15,0,11,61
107298,1,1,0,0,0,1,5
9703216,3,1,2,2,0,3,9
9811260,5,2,3,3,0,5,32
204344,0,0,0,0,0,0,0
9704242,2,1,1,1,0,2,2
9612456,7,2,5,11,0,7,7
209165,1,1,0,0,0,1,1
210284,4,1,3,4,0,4,20
205325,3,3,0,0,0,3,24
6085,4,2,2,2,2,2,4
9609472,6,2,4,8,0,6,24
4119,2,2,0,0,0,2,4
7169,8,4,4,9,0,8,38
9805239,3,1,2,3,0,3,8
104279,2,2,0,0,0,2,9
9907382,12,3,9,27,2,10,43
9910492,17,11,6,7,1,16,92
9903339,1,1,0,0,0,1,2
9505407,10,3,7,13,4,6,6
9804229,7,1,6,16,0,7,14
9309257,22,5,17,59,16,6,7
9907567,13,2,11,24,1,12,33
9804430,5,2,3,5,1,4,6
204328,3,1,2,2,0,3,28
201130,1,1,0,0,0,1,9
205338,0,0,0,0,0,0,0
102276,3,1,2,3,1,2,2
1239,6,1,5,11,0,6,22
203089,2,2,0,0,0,2,7
9708496,6,2,4,9,1,5,5
9308362,7,4,3,3,7,0,0
9711268,5,2,3,5,0,5,41
9702278,6,4,2,2,0,6,12
9210237,3,2,1,1,3,0,0
9802408,7,3,4,6,0,7,14
8236,3,3,0,0,0,3,30
9509265,3,2,1,1,3,0,0
8038,9,6,3,3,0,9,22
104291,12,9,3,3,3,9,16
105100,7,2,5,8,2,5,12
9802272,2,1,1,1,0,2,14
9512338,5,1,4,7,5,0,0
211076,1,1,0,0,0,1,4
9606459,0,0,0,0,0,0,0
9408211,3,3,0,0,0,3,3
1136,8,6,2,5,0,8,17
9604203,1,1,0,0,0,1,1
9905473,3,3,0,0,0,3,6
9303277,6,2,4,8,6,0,0
9204202,7,4,3,4,7,0,0
9705280,2,1,1,1,2,0,0
211073,0,0,0,0,0,0,0
9156,5,3,2,4,0,5,36
208093,1,1,0,0,0,1,6
9709285,2,2,0,0,0,2,5
9905293,2,2,0,0,0,2,11
202042,1,1,0,0,0,1,5
102247,12,2,10,16,8,4,5
3069,0,0,0,0,0,0,0
107018,2,1,1,1,1,1,1
9503222,5,4,1,1,5,0,0
9702256,9,3,6,14,2,7,9
9510438,4,2,2,2,4,0,0
10078,1,1,0,0,0,1,2
9605227,7,3,4,8,4,3,6
107152,17,5,12,25,0,17,39
111176,7,2,5,8,0,7,24
9136,2,1,1,1,0,2,13
9611283,5,2,3,5,0,5,16
203006,6,1,5,7,0,6,20
109010,2,2,0,0,0,2,21
12217,2,2,0,0,0,2,10
10056,1,1,0,0,0,1,1
9602410,1,1,0,0,0,1,2
9805280,1,1,0,0,0,1,1
9901447,9,3,6,19,0,9,21
208101,3,3,0,0,0,3,29
9207244,2,1,1,1,2,0,0
9408320,2,2,0,0,1,1,1
210125,1,1,0,0,0,1,12
9809320,5,3,2,3,0,5,9
9712353,8,4,4,7,0,8,20
2301,1,1,0,0,0,1,2
106193,9,3,6,9,0,9,25
9912532,4,3,1,1,4,0,0
101309,0,0,0,0,0,0,0
9704375,4,3,1,1,0,4,8
9907561,2,1,1,1,0,2,11
1308,7,2,5,6,0,7,28
12051,0,0,0,0,0,0,0
9807224,5,1,4,4,4,1,1
9911380,2,1,1,1,2,0,0
9709457,10,1,9,23,0,10,61
206112,1,1,0,0,1,0,0
9506258,4,1,3,3,4,0,0
9903384,3,1,2,2,1,2,3
9804423,0,0,0,0,0,0,0
204238,0,0,0,0,0,0,0
9812385,2,1,1,1,1,1,3
9906445,13,1,12,43,1,12,36
9708242,0,0,0,0,0,0,0
9802354,0,0,0,0,0,0,0
9902480,1,1,0,0,0,1,4
9801392,9,2,7,10,9,0,0
104239,5,2,3,6,0,5,9
205081,0,0,0,0,0,0,0
9407312,1,1,0,0,0,1,1
9903458,3,3,0,0,0,3,3
6359,4,1,3,4,0,4,15
9707329,1,1,0,0,1,0,0
9807389,0,0,0,0,0,0,0
9906330,2,2,0,0,0,2,2
9510362,1,1,0,0,1,0,0
9711364,0,0,0,0,0,0,0
9607369,1,1,0,0,1,0,0
9208247,3,3,0,0,3,0,0
9801245,6,3,3,5,1,5,9
9912322,4,4,0,0,4,0,0
101006,2,2,0,0,0,2,4
204212,0,0,0,0,0,0,0
9512342,1,1,0,0,0,1,5
1003,1,1,0,0,0,1,1
202262,6,3,3,4,0,6,48
109062,7,4,3,4,0,7,52
6039,1,1,0,0,0,1,1
9710319,1,1,0,0,1,0,0
201045,1,1,0,0,0,1,10
9607270,1,1,0,0,1,0,0
110117,3,2,1,2,0,3,18
7058,2,2,0,0,0,2,6
9912220,3,1,2,3,0,3,13
206014,2,2,0,0,0,2,11
9707424,3,2,1,1,1,2,3
9909474,1,1,0,0,0,1,2
9409422,2,2,0,0,2,0,0
9704315,0,0,0,0,0,0,0
9604227,8,2,6,12,0,8,8
203213,4,1,3,3,0,4,52
104261,10,2,8,19,1,9,32
208134,2,2,0,0,0,2,20
104289,8,3,5,7,1,7,18
9908225,5,1,4,9,3,2,2
9127,1,1,0,0,0,1,2
9907465,2,2,0,0,0,2,10
9609409,1,1,0,0,0,1,2
106350,3,1,2,3,3,0,0
106136,1,1,0,0,0,1,10
9908223,8,1,7,19,0,8,18
112332,0,0,0,0,0,0,0
9609355,2,1,1,1,0,2,5
9501209,0,0,0,0,0,0,0
211088,3,2,1,1,0,3,13
9711222,1,1,0,0,1,0,0
9909409,3,1,2,2,0,3,9
111082,8,2,6,15,0,8,56
8072,1,1,0,0,0,1,7
9034,3,3,0,0,0,3,4
101179,0,0,0,0,0,0,0
202123,3,3,0,0,1,2,2
9902357,1,1,0,0,1,0,0
9902320,4,1,3,6,4,0,0
9503301,0,0,0,0,0,0,0
9222,4,1,3,4,0,4,12
203151,1,1,0,0,0,1,5
9908221,2,2,0,0,0,2,7
202099,0,0,0,0,0,0,0
9403337,3,1,2,3,3,0,0
9611222,1,1,0,0,1,0,0
9510369,0,0,0,0,0,0,0
9308261,4,1,3,6,1,3,3
9810472,1,1,0,0,1,0,0
10072,2,1,1,1,0,2,11
203226,0,0,0,0,0,0,0
4199,1,1,0,0,0,1,2
9505344,0,0,0,0,0,0,0
302272,0,0,0,0,0,0,0
112199,6,3,3,3,0,6,74
9709371,7,4,3,5,3,4,6
9610398,0,0,0,0,0,0,0
210060,1,1,0,0,0,1,11
9902365,1,1,0,0,0,1,1
7301,2,1,1,1,0,2,2
9010,5,3,2,2,1,4,13
9702250,1,1,0,0,0,1,2
9610351,0,0,0,0,0,0,0
9504389,2,2,0,0,2,0,0
9712544,0,0,0,0,0,0,0
9205246,5,2,3,4,5,0,0
9901343,1,1,0,0,0,1,6
103166,0,0,0,0,0,0,0
105108,2,1,1,1,0,2,12
9806319,0,0,0,0,0,0,0
204113,0,0,0,0,0,0,0
9709331,0,0,0,0,0,0,0
211174,0,0,0,0,0,0,0
9909344,1,1,0,0,0,1,1
9703253,1,1,0,0,1,0,0
9809580,0,0,0,0,0,0,0
9901369,3,3,0,0,0,3,20
9710248,2,2,0,0,1,1,1
9709254,3,2,1,1,3,0,0
9710530,0,0,0,0,0,0,0
9410407,5,1,4,6,0,5,8
9211268,1,1,0,0,1,0,0
9704202,4,1,3,3,0,4,24
3313,10,1,9,32,0,10,23
9311202,4,2,2,2,4,0,0
9809560,1,1,0,0,0,1,2
302118,0,0,0,0,0,0,0
9911389,1,1,0,0,0,1,6
102260,0,0,0,0,0,0,0
209286,0,0,0,0,0,0,0
4166,0,0,0,0,0,0,0
212062,0,0,0,0,0,0,0
9309245,3,3,0,0,3,0,0
9603277,4,4,0,0,1,3,3
102167,0,0,0,0,0,0,0
9510436,9,2,7,14,0,9,26
9604334,1,1,0,0,0,1,1
9812310,1,1,0,0,0,1,2
9510400,0,0,0,0,0,0,0
302173,1,1,0,0,0,1,1
9804243,0,0,0,0,0,0,0
9607358,1,1,0,0,0,1,1
1156,0,0,0,0,0,0,0
9806495,2,1,1,1,2,0,0
10287,2,2,0,0,0,2,2
9512322,2,1,1,1,0,2,4
111360,0,0,0,0,0,0,0
212284,1,1,0,0,0,1,6
209120,0,0,0,0,0,0,0
9309204,1,1,0,0,1,0,0
210394,0,0,0,0,0,0,0
9711482,2,2,0,0,2,0,0
9610435,1,1,0,0,0,1,2
1030,1,1,0,0,0,1,6
106274,1,1,0,0,0,1,10
209091,2,2,0,0,0,2,22
9701391,0,0,0,0,0,0,0
9309262,1,1,0,0,1,0,0
9511406,3,3,0,0,0,3,3
212105,0,0,0,0,0,0,0
202125,2,1,1,1,0,2,22
9910426,0,0,0,0,0,0,0
6158,1,1,0,0,1,0,0
9210239,3,3,0,0,3,0,0
9503329,2,1,1,1,0,2,5
9908434,0,0,0,0,0,0,0
9609456,0,0,0,0,0,0,0
209121,6,3,3,3,0,6,94
9906439,3,1,2,2,0,3,8
6099,2,1,1,1,0,2,10
9709206,0,0,0,0,0,0,0
105333,0,0,0,0,0,0,0
109244,1,1,0,0,0,1,2
9808249,0,0,0,0,0,0,0
110305,1,1,0,0,1,0,0
9610501,0,0,0,0,0,0,0
7253,1,1,0,0,0,1,5
9604372,0,0,0,0,0,0,0
9701240,1,1,0,0,0,1,1
9807438,1,1,0,0,0,1,2
9505263,1,1,0,0,0,1,2
9903539,3,2,1,1,2,1,3
9709335,2,2,0,0,1,1,3
207244,0,0,0,0,0,0,0
9801332,2,2,0,0,0,2,10
204140,1,1,0,0,0,1,13
9706221,0,0,0,0,0,0,0
9411351,2,2,0,0,2,0,0
9805257,0,0,0,0,0,0,0
9911494,2,2,0,0,0,2,5
9906427,0,0,0,0,0,0,0
102112,1,1,0,0,0,1,3
202179,0,0,0,0,0,0,0
209278,0,0,0,0,0,0,0
201255,2,1,1,1,1,1,1
9912246,1,1,0,0,0,1,2
9811318,1,1,0,0,0,1,1
201140,0,0,0,0,0,0,0
9801439,2,1,1,1,0,2,6
9807520,2,1,1,1,2,0,0
9905314,1,1,0,0,1,0,0
212331,2,2,0,0,0,2,17
205217,2,1,1,1,2,0,0
9805205,1,1,0,0,1,0,0
9804210,4,2,2,2,0,4,32
9811425,4,4,0,0,3,1,1
9710470,1,1,0,0,1,0,0
106196,1,1,0,0,1,0,0
9209233,1,1,0,0,1,0,0
302075,0,0,0,0,0,0,0
9710242,1,1,0,0,1,0,0
1251,4,3,1,1,0,4,27
106129,0,0,0,0,0,0,0
210396,1,1,0,0,0,1,4
10235,0,0,0,0,0,0,0
107203,1,1,0,0,0,1,2
9411309,1,1,0,0,1,0,0
109083,0,0,0,0,0,0,0
9811341,1,1,0,0,0,1,5
9903379,1,1,0,0,0,1,2
9904467,1,1,0,0,0,1,1
205320,0,0,0,0,0,0,0
9606299,1,1,0,0,0,1,4
9908366,1,1,0,0,1,0,0
9312232,1,1,0,0,1,0,0
206049,0,0,0,0,0,0,0
210405,0,0,0,0,0,0,0
10282,2,1,1,1,0,2,8
9511246,0,0,0,0,0,0,0
302267,0,0,0,0,0,0,0
9808490,0,0,0,0,0,0,0
203078,1,1,0,0,0,1,5
110099,0,0,0,0,0,0,0
9407376,3,3,0,0,3,0,0
9702316,3,1,2,3,0,3,12
9911211,0,0,0,0,0,0,0
302133,0,0,0,0,0,0,0
9807240,3,3,0,0,1,2,2
102040,0,0,0,0,0,0,0
112142,0,0,0,0,0,0,0
209338,0,0,0,0,0,0,0
105181,0,0,0,0,0,0,0
9905284,0,0,0,0,0,0,0
202219,1,1,0,0,0,1,9
9806322,0,0,0,0,0,0,0
205009,0,0,0,0,0,0,0
1319,3,3,0,0,3,0,0
208029,0,0,0,0,0,0,0
9809428,1,1,0,0,0,1,3
210266,0,0,0,0,0,0,0
11135,2,2,0,0,0,2,17
9802417,0,0,0,0,0,0,0
9910377,1,1,0,0,0,1,1
5277,0,0,0,0,0,0,0
108066,1,1,0,0,1,0,0
9505403,0,0,0,0,0,0,0
9812362,0,0,0,0,0,0,0
203240,2,2,0,0,0,2,7
9510334,1,1,0,0,0,1,5
9802400,0,0,0,0,0,0,0
9312247,2,1,1,1,2,0,0
9904293,2,1,1,1,2,0,0
9100,0,0,0,0,0,0,0
112020,0,0,0,0,0,0,0
9805328,0,0,0,0,0,0,0
212083,1,1,0,0,0,1,3
9167,1,1,0,0,0,1,4
9411359,0,0,0,0,0,0,0
9411391,0,0,0,0,0,0,0
9404269,1,1,0,0,1,0,0
9909380,0,0,0,0,0,0,0
9910493,3,1,2,2,0,3,3
212072,0,0,0,0,0,0,0
3093,0,0,0,0,0,0,0
201272,4,2,2,2,0,4,8
9612315,0,0,0,0,0,0,0
9702344,0,0,0,0,0,0,0
204309,0,0,0,0,0,0,0
109039,0,0,0,0,0,0,0
9609492,2,2,0,0,1,1,1
9908506,0,0,0,0,0,0,0
211274,0,0,0,0,0,0,0
208182,0,0,0,0,0,0,0
9905269,0,0,0,0,0,0,0
9810251,2,2,0,0,2,0,0
9609398,0,0,0,0,0,0,0
211149,0,0,0,0,0,0,0
9007,1,1,0,0,0,1,1
4030,0,0,0,0,0,0,0
7166,1,1,0,0,1,0,0
302186,0,0,0,0,0,0,0
206164,0,0,0,0,0,0,0
209040,1,1,0,0,0,1,2
9508294,0,0,0,0,0,0,0
1182,2,1,1,1,0,2,6
9909264,0,0,0,0,0,0,0
9705281,0,0,0,0,0,0,0
203153,0,0,0,0,0,0,0
9606365,1,1,0,0,0,1,1
10021,1,1,0,0,0,1,3
9410312,0,0,0,0,0,0,0
211376,0,0,0,0,0,0,0
9712456,1,1,0,0,0,1,1
5205,0,0,0,0,0,0,0
10330,0,0,0,0,0,0,0
208210,2,1,1,1,1,1,1
9901263,0,0,0,0,0,0,0
9412223,0,0,0,0,0,0,0
9808353,0,0,0,0,0,0,0
212094,0,0,0,0,0,0,0
201185,0,0,0,0,0,0,0
204159,1,1,0,0,1,0,0
211060,0,0,0,0,0,0,0
105044,1,1,0,0,1,0,0
9711419,0,0,0,0,0,0,0
3095,1,1,0,0,0,1,2
201280,1,1,0,0,1,0,0
212097,2,1,1,1,0,2,26
9505276,2,2,0,0,2,0,0
9603344,0,0,0,0,0,0,0
207115,0,0,0,0,0,0,0
9311291,0,0,0,0,0,0,0
9501255,0,0,0,0,0,0,0
9511370,0,0,0,0,0,0,0
102239,0,0,0,0,0,0,0
301153,0,0,0,0,0,0,0
9711467,0,0,0,0,0,0,0
9405206,0,0,0,0,0,0,0
4045,0,0,0,0,0,0,0
9608474,0,0,0,0,0,0,0
9808445,0,0,0,0,0,0,0
109193,0,0,0,0,0,0,0
3241,1,1,0,0,0,1,3
112316,0,0,0,0,0,0,0
11120,0,0,0,0,0,0,0
211431,1,1,0,0,0,1,5
9911278,0,0,0,0,0,0,0
9406420,1,1,0,0,1,0,0
9902415,0,0,0,0,0,0,0
101355,2,2,0,0,2,0,0
9811332,1,1,0,0,1,0,0
1049,0,0,0,0,0,0,0
9901274,1,1,0,0,1,0,0
106249,0,0,0,0,0,0,0
301254,0,0,0,0,0,0,0
212192,0,0,0,0,0,0,0
202225,0,0,0,0,0,0,0
9510445,0,0,0,0,0,0,0
206233,0,0,0,0,0,0,0
9806262,0,0,0,0,0,0,0
301075,0,0,0,0,0,0,0
9406297,0,0,0,0,0,0,0
9810458,0,0,0,0,0,0,0
302139,0,0,0,0,0,0,0
9706245,0,0,0,0,0,0,0
9709216,0,0,0,0,0,0,0
209112,0,0,0,0,0,0,0
201149,1,1,0,0,0,1,3
10109,0,0,0,0,0,0,0
9506447,0,0,0,0,0,0,0
209315,0,0,0,0,0,0,0
9407360,0,0,0,0,0,0,0
9402246,0,0,0,0,0,0,0
9909227,0,0,0,0,0,0,0
12342,0,0,0,0,0,0,0
9310254,0,0,0,0,0,0,0
205135,0,0,0,0,0,0,0
301087,0,0,0,0,0,0,0
9702366,0,0,0,0,0,0,0
9910217,0,0,0,0,0,0,0
6166,1,1,0,0,1,0,0
102328,0,0,0,0,0,0,0
8187,0,0,0,0,0,0,0
203005,0,0,0,0,0,0,0
101261,0,0,0,0,0,0,0
106281,0,0,0,0,0,0,0
9712375,1,1,0,0,1,0,0
9507399,0,0,0,0,0,0,0
9504322,1,1,0,0,1,0,0
103232,0,0,0,0,0,0,0
9707315,1,1,0,0,0,1,4
9903434,0,0,0,0,0,0,0
9412330,0,0,0,0,0,0,0
111371,0,0,0,0,0,0,0
111170,0,0,0,0,0,0,0
9511312,0,0,0,0,0,0,0
211362,0,0,0,0,0,0,0
9402359,0,0,0,0,0,0,0
9808435,0,0,0,0,0,0,0
9608367,0,0,0,0,0,0,0
3016,1,1,0,0,1,0,0
212409,0,0,0,0,0,0,0
9812434,0,0,0,0,0,0,0
103227,0,0,0,0,0,0,0
9508394,0,0,0,0,0,0,0
9905419,0,0,0,0,0,0,0
9409429,0,0,0,0,0,0,0
209356,0,0,0,0,0,0,0
9310237,0,0,0,0,0,0,0
9609485,0,0,0,0,0,0,0
12234,0,0,0,0,0,0,0
106303,0,0,0,0,0,0,0
205091,0,0,0,0,0,0,0
9910354,0,0,0,0,0,0,0
204169,0,0,0,0,0,0,0
9707339,0,0,0,0,0,0,0
106297,0,0,0,0,0,0,0
8176,0,0,0,0,0,0,0
9810503,0,0,0,0,0,0,0
4097,1,1,0,0,0,1,8
9608337,0,0,0,0,0,0,0
6095,1,1,0,0,1,0,0
204157,0,0,0,0,0,0,0
211277,0,0,0,0,0,0,0
9910486,0,0,0,0,0,0,0
9701211,0,0,0,0,0,0,0
9907563,0,0,0,0,0,0,0
211323,0,0,0,0,0,0,0
9807455,0,0,0,0,0,0,0
9502328,0,0,0,0,0,0,0
212222,0,0,0,0,0,0,0
9912533,1,1,0,0,1,0,0
9505360,1,1,0,0,0,1,1
202215,0,0,0,0,0,0,0
9912381,0,0,0,0,0,0,0
9810310,0,0,0,0,0,0,0
9905449,0,0,0,0,0,0,0
9212311,1,1,0,0,1,0,0
9707288,0,0,0,0,0,0,0
1138,0,0,0,0,0,0,0
11265,0,0,0,0,0,0,0
301081,0,0,0,0,0,0,0
302204,0,0,0,0,0,0,0
4022,0,0,0,0,0,0,0
202230,0,0,0,0,0,0,0
9509317,0,0,0,0,0,0,0
9802261,0,0,0,0,0,0,0
210230,0,0,0,0,0,0,0
9809533,0,0,0,0,0,0,0
9806201,0,0,0,0,0,0,0
12181,0,0,0,0,0,0,0
9905535,0,0,0,0,0,0,0
9405269,0,0,0,0,0,0,0
108088,0,0,0,0,0,0,0
9906414,0,0,0,0,0,0,0
212084,0,0,0,0,0,0,0
302180,0,0,0,0,0,0,0
9809559,1,1,0,0,1,0,0
1126,0,0,0,0,0,0,0
111417,0,0,0,0,0,0,0
9605274,0,0,0,0,0,0,0
9908452,0,0,0,0,0,0,0
111372,0,0,0,0,0,0,0
