fp_int_id,cp_level,cp_r_citing_zero,cp_r_citing_nonzero,tr_citing,cp_r_cited_zero,cp_r_cited_nonzero,tr_cited
9907233,3,3,0,0,1,2,10
9602366,39,19,20,35,11,28,106
1113,43,15,28,52,13,30,94
12271,23,5,18,32,0,23,125
9812396,73,13,60,341,0,73,711
9311243,44,12,32,103,10,34,54
9412324,42,11,31,125,28,14,28
9409399,2,1,1,1,1,1,1
9806412,30,12,18,29,18,12,12
8298,10,5,5,8,0,10,40
9707293,1,1,0,0,0,1,2
9507396,34,15,19,54,16,18,18
9407389,98,10,88,467,25,73,106
9403283,44,6,38,165,25,19,22
9504378,130,19,111,538,39,91,240
9512264,57,6,51,192,18,39,74
9505212,2,1,1,1,0,2,4
9701350,5,3,2,4,0,5,8
9805358,9,4,5,10,0,9,41
9908288,88,38,50,115,44,44,69
1133,15,8,7,14,0,15,76
9312303,5,2,3,6,1,4,11
9709297,14,3,11,17,6,8,24
9704229,7,7,0,0,3,4,11
9502309,24,11,13,38,1,23,88
9410364,29,10,19,51,7,22,45
9307342,43,12,31,72,43,0,0
106029,21,8,13,32,1,20,30
9907422,39,8,31,188,1,38,265
9304266,15,5,10,26,15,0,0
9305234,2,1,1,1,2,0,0
9205238,94,16,78,433,94,0,0
9406204,58,5,53,208,38,20,20
9502273,22,7,15,29,2,20,50
9503375,23,5,18,41,1,22,47
9408397,30,9,21,42,11,19,19
9302316,205,16,189,1563,205,0,0
9806272,58,6,52,245,10,48,139
9901388,59,7,52,221,3,56,505
9812344,34,3,31,171,3,31,112
9710516,57,5,52,246,54,3,4
2155,27,5,22,45,5,22,69
9901243,41,5,36,109,2,39,282
9911275,17,9,8,12,1,16,69
9612471,3,2,1,1,1,2,5
9901208,32,14,18,41,6,26,192
9808489,11,3,8,24,7,4,11
9809509,13,6,7,9,13,0,0
9904302,2,2,0,0,0,2,3
9403268,6,4,2,2,1,5,12
9711363,24,3,21,81,4,20,73
9612259,5,5,0,0,4,1,2
9408333,34,3,31,126,15,19,48
9301268,37,9,28,82,37,0,0
9509205,17,2,15,32,2,15,30
9704231,37,2,35,205,1,36,136
9304205,63,14,49,132,62,1,1
9210260,16,10,6,11,13,3,3
9903399,39,5,34,102,4,35,64
9501277,103,13,90,282,40,63,93
9502385,55,7,48,230,21,34,58
9207234,205,31,174,1393,205,0,0
9810371,42,6,36,173,0,42,485
9606251,58,2,56,454,1,57,158
9712219,8,5,3,3,0,8,115
108103,22,9,13,22,2,20,74
12155,32,5,27,105,11,21,43
9404281,71,11,60,440,30,41,67
9706512,30,2,28,70,0,30,116
12371,13,4,9,18,2,11,102
10162,3,2,1,1,0,3,19
9605408,101,9,92,789,3,98,457
9702410,13,2,11,18,2,11,38
9711216,12,2,10,28,0,12,192
9808453,5,2,3,4,0,5,44
9705245,19,5,14,37,1,18,62
9812392,23,8,15,34,1,22,219
9204207,49,12,37,135,49,0,0
9805337,15,4,11,29,7,8,29
9509346,16,5,11,22,4,12,39
9605441,37,6,31,113,4,33,49
9704287,55,8,47,211,10,45,111
9609530,27,6,21,41,3,24,67
9312348,2,1,1,1,1,1,2
9701392,13,5,8,9,2,11,34
9802277,17,10,7,13,3,14,99
9807254,26,3,23,67,3,23,120
9606444,18,3,15,51,4,14,26
9401226,76,11,65,257,9,67,403
9904267,101,6,95,562,0,101,652
9603420,105,5,100,907,11,94,613
9902476,3,1,2,2,0,3,9
9806435,14,5,9,14,2,12,20
9411415,20,7,13,58,20,0,0
9712385,15,3,12,27,0,15,100
9207240,16,2,14,35,16,0,0
9502230,4,2,2,5,0,4,16
9707313,28,1,27,186,1,27,113
9806344,107,25,82,301,30,77,177
9306230,80,20,60,191,80,0,0
9601201,22,7,15,34,5,17,27
9812433,2,2,0,0,0,2,16
9303273,39,10,29,94,10,29,30
9404313,65,7,58,271,55,10,11
9808430,2,2,0,0,0,2,11
9302284,21,3,18,39,21,0,0
9308203,19,10,9,26,19,0,0
9402225,42,13,29,79,7,35,59
9712237,10,2,8,15,5,5,8
9812371,39,6,33,138,3,36,160
9402326,26,6,20,36,2,24,57
9803236,4,4,0,0,1,3,12
9210211,12,5,7,7,12,0,0
9608206,12,4,8,11,2,10,20
9509312,44,8,36,191,4,40,96
106176,6,1,5,8,0,6,33
9604398,31,3,28,102,8,23,93
9701227,21,7,14,28,2,19,76
9809291,30,8,22,55,7,23,50
9901263,1,1,0,0,1,0,0
9610259,45,4,41,226,1,44,105
9912306,17,4,13,33,1,16,115
9602293,2,1,1,1,1,1,1
9911474,14,1,13,36,0,14,70
9701423,46,2,44,214,1,45,222
9608341,5,4,1,2,0,5,38
2032,15,8,7,15,0,15,74
9706526,33,5,28,131,5,28,55
9812363,15,2,13,39,3,12,28
9910253,8,3,5,10,1,7,46
9503291,47,12,35,104,47,0,0
202037,7,2,5,6,0,7,97
111178,5,1,4,9,0,5,43
9906555,11,5,6,14,4,7,31
9312325,15,9,6,8,10,5,5
9807219,16,9,7,16,1,15,33
9911223,13,2,11,40,0,13,291
105009,24,5,19,48,1,23,229
9903451,58,4,54,351,15,43,67
9903319,17,4,13,40,0,17,67
9212277,12,2,10,29,12,0,0
9409419,59,7,52,201,59,0,0
9805275,10,2,8,14,1,9,37
9805349,9,5,4,6,1,8,48
9503443,72,9,63,394,15,57,107
9502397,14,8,6,7,4,10,30
9708393,57,7,50,371,5,52,253
9512241,4,3,1,1,0,4,8
9510370,20,7,13,32,2,18,23
9304206,21,10,11,16,21,0,0
9510372,27,3,24,81,2,25,94
9610544,91,21,70,246,42,49,88
2035,17,12,5,15,0,17,86
9305277,19,4,15,51,19,0,0
9810289,16,9,7,19,4,12,82
9905536,44,11,33,77,4,40,467
9309289,270,11,259,3231,270,0,0
9902271,13,11,2,2,1,12,36
9404226,12,8,4,4,6,6,12
9805383,3,3,0,0,0,3,7
9703337,77,6,71,468,6,71,402
6179,6,3,3,3,4,2,6
4241,14,8,6,10,5,9,27
9307222,40,7,33,130,40,0,0
9601303,25,3,22,44,2,23,67
9806521,6,6,0,0,1,5,14
9810512,35,7,28,116,4,31,216
9306292,26,10,16,37,20,6,6
9409421,39,15,24,53,14,25,30
101250,7,1,6,6,0,7,55
9609458,12,3,9,13,0,12,29
2245,24,9,15,27,1,23,156
9904245,15,7,8,12,0,15,49
9506473,16,5,11,31,6,10,10
9402310,19,4,15,51,1,18,43
111064,12,7,5,6,0,12,227
9609212,11,9,2,2,1,10,49
102238,25,3,22,167,0,25,216
9912490,13,8,5,11,0,13,56
103079,3,2,1,1,1,2,4
9307208,69,12,57,328,14,55,91
6266,27,2,25,89,0,27,220
9402215,11,2,9,17,7,4,4
111243,4,2,2,2,0,4,19
9210255,17,8,9,15,17,0,0
9339,7,4,3,3,1,6,31
9269,15,13,2,2,3,12,52
9507276,5,3,2,3,5,0,0
2008,11,3,8,17,1,10,10
9603279,27,7,20,72,27,0,0
9511399,24,10,14,28,10,14,27
9809367,15,1,14,44,1,14,27
9511448,48,6,42,109,16,32,52
9501392,12,3,9,34,0,12,46
9711472,17,2,15,37,1,16,62
9705221,47,14,33,65,16,31,41
9608213,20,2,18,40,0,20,59
9603305,5,3,2,3,1,4,7
9901209,95,3,92,917,0,95,932
9812221,41,4,37,138,0,41,376
8274,3,3,0,0,2,1,2
9504284,13,2,11,23,0,13,29
10104,7,3,4,5,1,6,45
211169,1,1,0,0,0,1,18
110315,7,5,2,2,1,6,32
12058,20,1,19,47,6,14,27
9910397,2,2,0,0,0,2,12
111099,40,3,37,293,0,40,315
111298,3,1,2,2,0,3,24
2071,30,11,19,50,0,30,112
9701322,13,9,4,4,7,6,35
9509254,16,4,12,27,7,9,16
103235,11,3,8,21,1,10,41
9908328,7,1,6,9,0,7,90
9808357,5,2,3,6,1,4,8
10037,12,4,8,12,8,4,10
9703321,10,4,6,8,0,10,19
9306226,30,12,18,47,12,18,32
9706468,2,2,0,0,2,0,0
1069,5,1,4,5,0,5,12
9207231,1,1,0,0,1,0,0
9408367,8,7,1,2,4,4,4
9412300,2,2,0,0,2,0,0
9904249,14,1,13,34,0,14,102
105103,12,4,8,23,0,12,184
9024,2,1,1,1,1,1,11
9610243,12,5,7,10,0,12,49
9912230,19,4,15,60,1,18,101
9308266,34,14,20,55,3,31,87
9310330,18,5,13,25,18,0,0
9907209,5,3,2,2,2,3,44
9806367,11,6,5,11,1,10,18
9601298,58,4,54,273,0,58,174
9510333,14,2,12,20,0,14,43
9404327,19,8,11,39,13,6,6
9609316,5,4,1,1,0,5,9
9501303,15,5,10,20,10,5,6
9610426,7,5,2,2,1,6,18
9504334,28,7,21,58,11,17,21
9304223,23,1,22,82,23,0,0
204292,7,7,0,0,1,6,24
12113,6,5,1,1,4,2,2
9803460,36,6,30,125,5,31,172
9210218,35,9,26,103,35,0,0
9502379,2,2,0,0,1,1,1
9408376,25,4,21,63,17,8,10
9608434,51,8,43,161,1,50,138
9405303,9,6,3,5,8,1,1
3324,6,6,0,0,2,4,11
4087,10,2,8,20,0,10,94
9808463,37,3,34,185,0,37,178
9603206,42,5,37,191,26,16,25
9710310,6,1,5,8,1,5,10
9301216,4,3,1,1,4,0,0
5028,18,2,16,55,0,18,146
9502261,50,12,38,80,24,26,34
9808262,15,5,10,23,2,13,57
9609515,8,2,6,10,0,8,52
4217,11,6,5,6,0,11,47
9806513,21,5,16,38,3,18,54
9810453,9,4,5,10,0,9,24
9401206,68,18,50,277,28,40,77
9808334,4,1,3,6,4,0,0
9807258,23,9,14,28,1,22,70
9704406,31,3,28,123,1,30,142
9702418,18,7,11,33,1,17,65
9602226,9,3,6,8,5,4,9
9409373,2,1,1,1,0,2,2
9612226,16,12,4,6,16,0,0
9702223,4,3,1,1,0,4,36
9710242,3,2,1,1,3,0,0
9607205,7,1,6,9,0,7,7
9410324,7,7,0,0,1,6,14
9905477,11,1,10,19,11,0,0
9705460,12,4,8,16,0,12,29
9211303,30,9,21,50,16,14,14
9410294,4,2,2,3,1,3,8
9601338,6,2,4,6,3,3,8
9502356,5,4,1,2,5,0,0
9604417,22,3,19,98,0,22,76
9912260,13,7,6,6,6,7,14
11263,15,5,10,14,0,15,132
4049,27,7,20,95,2,25,126
9601389,2,2,0,0,0,2,4
9308362,15,9,6,12,15,0,0
9804376,8,1,7,19,0,8,24
9308318,9,6,3,4,4,5,6
9802240,4,1,3,5,1,3,45
9811339,3,2,1,2,0,3,14
9908237,13,4,9,14,2,11,22
103239,1,1,0,0,0,1,5
9910481,15,3,12,43,1,14,107
9211282,37,2,35,105,37,0,0
9704297,23,6,17,44,1,22,211
9804313,1,1,0,0,0,1,7
9812427,15,6,9,17,0,15,70
9903226,23,2,21,40,8,15,34
9810301,11,4,7,10,0,11,45
9710543,15,6,9,13,0,15,115
11160,25,9,16,37,2,23,73
9209278,10,6,4,5,10,0,0
9405391,15,6,9,16,6,9,9
9702352,5,3,2,3,1,4,22
9904472,50,9,41,164,3,47,252
9705429,48,8,40,237,20,28,55
106155,5,4,1,1,1,4,12
9612405,5,2,3,5,0,5,21
9909345,2,1,1,1,0,2,3
9707433,7,3,4,9,0,7,14
103263,13,10,3,4,0,13,67
9812332,11,4,7,10,2,9,58
9907510,60,12,48,201,4,56,237
9503217,13,7,6,10,1,12,20
9703397,4,3,1,1,2,2,2
207036,19,6,13,31,0,19,124
9709315,3,1,2,2,0,3,14
9504210,5,1,4,6,1,4,14
207006,4,2,2,3,0,4,33
9612485,1,1,0,0,0,1,5
9806416,9,3,6,9,3,6,20
9612394,37,4,33,188,3,34,85
9609247,11,3,8,12,5,6,11
9701262,2,2,0,0,0,2,7
9709229,19,10,9,24,7,12,61
208228,5,4,1,1,0,5,47
9601261,3,3,0,0,0,3,11
9401227,4,3,1,1,4,0,0
9608230,1,1,0,0,0,1,5
10238,2,1,1,1,0,2,5
9606217,21,3,18,51,2,19,53
2278,5,3,2,3,2,3,7
107186,31,6,25,75,3,28,163
9305220,2,1,1,1,2,0,0
9509321,11,3,8,26,4,7,7
9802291,20,9,11,27,3,17,48
9601236,16,3,13,27,8,8,16
9704222,32,9,23,66,5,27,88
9706271,23,5,18,41,0,23,125
9607261,0,0,0,0,0,0,0
9705258,30,5,25,103,5,25,41
4179,4,3,1,1,0,4,14
9705376,1,1,0,0,0,1,1
9507444,13,2,11,27,0,13,21
9802252,15,7,8,12,1,14,87
11136,10,5,5,8,5,5,8
9509238,13,4,9,16,0,13,22
9611303,2,1,1,1,2,0,0
9902465,2,1,1,1,0,2,22
9908333,9,1,8,19,0,9,40
9602393,4,3,1,1,2,2,2
4114,33,4,29,134,0,33,183
9610274,28,8,20,39,16,12,20
7334,8,3,5,20,0,8,107
207135,5,1,4,8,0,5,14
9604236,12,6,6,6,2,10,27
12352,53,5,48,376,0,53,137
9909475,3,3,0,0,1,2,15
9707431,9,3,6,21,8,1,1
9305324,7,4,3,6,4,3,4
9205209,15,8,7,14,15,0,0
9406213,7,3,4,8,4,3,3
9306264,17,3,14,40,0,17,32
9611240,2,2,0,0,1,1,2
9407235,3,2,1,1,1,2,2
9903257,5,3,2,2,0,5,20
6090,7,2,5,7,0,7,26
9606340,2,1,1,1,0,2,2
9604258,2,2,0,0,0,2,4
9704359,10,7,3,5,0,10,43
9303322,7,4,3,8,2,5,5
6256,3,3,0,0,0,3,20
9908281,1,1,0,0,0,1,4
9909539,10,1,9,13,0,10,58
201195,40,23,17,28,4,36,140
106335,7,4,3,3,1,6,15
111340,4,3,1,1,1,3,12
110283,12,2,10,19,1,11,181
9909293,5,3,2,2,0,5,14
6038,0,0,0,0,0,0,0
112230,8,5,3,8,1,7,86
1044,3,1,2,2,0,3,15
106089,13,8,5,6,0,13,146
9810340,8,1,7,13,0,8,86
9610389,4,2,2,3,4,0,0
203027,7,3,4,7,0,7,32
8334,23,10,13,23,13,10,29
9904331,3,2,1,1,3,0,0
9609233,20,4,16,46,0,20,34
107056,16,3,13,33,1,15,62
9605422,6,1,5,8,0,6,9
9502393,5,5,0,0,0,5,7
102050,0,0,0,0,0,0,0
112140,11,3,8,18,0,11,84
9512427,37,3,34,93,5,32,89
9908261,6,5,1,2,0,6,20
9710425,1,1,0,0,1,0,0
9608378,1,1,0,0,0,1,1
9509226,7,4,3,3,1,6,13
3309,7,4,3,5,0,7,34
1301,9,4,5,6,1,8,24
9811361,3,3,0,0,0,3,27
9503207,3,1,2,3,3,0,0
10118,2,2,0,0,1,1,6
9512445,11,2,9,21,4,7,16
9604432,7,4,3,3,2,5,8
9807488,16,6,10,18,1,15,54
212043,0,0,0,0,0,0,0
9411213,3,2,1,1,0,3,8
9404325,10,7,3,3,6,4,4
9810538,1,1,0,0,1,0,0
9605420,7,2,5,11,7,0,0
9906215,6,3,3,4,1,5,22
9312203,6,3,3,5,6,0,0
8085,6,4,2,2,0,6,59
9908276,25,5,20,70,0,25,85
201191,0,0,0,0,0,0,0
9902339,12,4,8,29,2,10,29
9811271,4,4,0,0,0,4,6
9705222,9,6,3,3,1,8,50
9605289,5,2,3,4,4,1,1
9708374,7,5,2,3,1,6,34
9609210,6,5,1,2,1,5,10
9501360,5,3,2,3,3,2,5
9904272,9,3,6,7,0,9,54
9908341,2,2,0,0,1,1,4
9802282,7,3,4,7,0,7,29
9604329,7,3,4,4,3,4,4
9711268,12,7,5,8,2,10,47
9405426,7,4,3,4,7,0,0
9504310,14,4,10,15,4,10,34
9803346,3,2,1,1,3,0,0
9707485,22,2,20,99,0,22,189
104170,0,0,0,0,0,0,0
9811414,9,5,4,5,2,7,24
205012,2,1,1,1,0,2,6
9509251,5,3,2,2,1,4,7
9309,6,2,4,10,1,5,20
103164,8,5,3,3,3,5,14
9407367,1,1,0,0,0,1,2
101029,1,1,0,0,1,0,0
9512266,1,1,0,0,0,1,2
9602392,11,8,3,3,8,3,8
9208211,6,2,4,6,6,0,0
9606266,6,3,3,6,3,3,12
9606294,6,5,1,1,3,3,3
9712543,10,5,5,6,0,10,51
110367,1,1,0,0,0,1,2
9711423,6,4,2,3,0,6,35
1259,22,5,17,74,0,22,190
9806383,9,2,7,15,0,9,16
9801323,2,1,1,1,0,2,3
12178,5,2,3,3,0,5,37
103195,3,1,2,2,0,3,50
9803365,11,6,5,20,0,11,77
9609475,0,0,0,0,0,0,0
9707335,5,2,3,4,0,5,7
111341,1,1,0,0,0,1,13
9310270,3,2,1,1,3,0,0
9904397,1,1,0,0,0,1,5
9309319,2,1,1,1,2,0,0
301132,0,0,0,0,0,0,0
9404319,3,3,0,0,2,1,1
201192,2,1,1,1,2,0,0
9911362,4,1,3,6,4,0,0
9801234,4,2,2,3,0,4,19
9712436,1,1,0,0,0,1,3
205008,4,2,2,2,1,3,6
9053,14,1,13,43,2,12,21
7292,16,7,9,28,0,16,129
9601204,3,2,1,1,1,2,14
9506225,2,1,1,1,2,0,0
206272,6,2,4,6,0,6,49
4035,8,2,6,11,0,8,49
9610322,1,1,0,0,0,1,5
9709323,2,2,0,0,1,1,2
9912337,1,1,0,0,1,0,0
9812382,3,3,0,0,0,3,28
9702386,2,1,1,1,1,1,1
9404210,0,0,0,0,0,0,0
107215,4,2,2,2,0,4,14
9809563,3,3,0,0,0,3,3
202083,1,1,0,0,0,1,1
9708488,19,8,11,23,15,4,4
9903452,2,2,0,0,0,2,3
9807395,6,3,3,4,6,0,0
9407388,20,4,16,66,7,13,40
9611207,17,2,15,39,0,17,33
9048,1,1,0,0,0,1,1
9411263,4,2,2,2,4,0,0
9801364,4,3,1,1,0,4,15
111181,3,2,1,1,0,3,5
9803394,26,13,13,55,3,23,49
9506420,4,2,2,2,0,4,15
106277,5,3,2,3,0,5,36
9509244,7,4,3,3,4,3,3
9705224,5,2,3,3,0,5,12
9810247,0,0,0,0,0,0,0
8121,4,4,0,0,1,3,3
9710317,19,9,10,18,0,19,66
204352,22,6,16,49,4,18,133
7361,0,0,0,0,0,0,0
9506370,13,3,10,27,13,0,0
4021,10,3,7,12,1,9,29
109046,0,0,0,0,0,0,0
9802396,5,4,1,2,1,4,13
210181,2,2,0,0,1,1,5
208218,8,5,3,4,1,7,23
5148,1,1,0,0,0,1,6
12035,12,2,10,25,1,11,51
5152,31,5,26,73,16,15,30
9701279,5,5,0,0,5,0,0
9806325,3,3,0,0,0,3,6
9807523,4,1,3,6,0,4,8
202010,17,7,10,15,2,15,69
208201,2,2,0,0,1,1,12
6288,5,4,1,1,2,3,7
9911411,3,1,2,2,0,3,6
105280,3,2,1,2,3,0,0
9803410,4,4,0,0,0,4,7
9701387,4,4,0,0,1,3,11
9509273,2,2,0,0,0,2,3
9904402,2,1,1,1,0,2,7
9506440,2,1,1,1,0,2,3
2214,4,2,2,2,0,4,26
108144,10,4,6,14,0,10,46
9503256,0,0,0,0,0,0,0
9903322,8,3,5,11,0,8,68
9907417,5,4,1,1,0,5,17
9603398,6,4,2,2,6,0,0
11029,1,1,0,0,0,1,5
9706543,7,4,3,5,2,5,10
204210,2,2,0,0,0,2,11
9810223,12,1,11,52,0,12,29
9611327,0,0,0,0,0,0,0
8120,2,2,0,0,0,2,13
2164,3,2,1,1,0,3,9
208112,6,5,1,1,0,6,50
111258,5,5,0,0,0,5,17
9807237,1,1,0,0,0,1,1
9908424,8,7,1,2,2,6,7
9511458,1,1,0,0,0,1,3
201069,2,1,1,1,0,2,4
9607278,9,4,5,14,9,0,0
206101,12,5,7,13,0,12,87
101335,30,8,22,55,1,29,158
9507309,3,3,0,0,2,1,1
1062,11,6,5,8,0,11,103
11209,4,2,2,2,2,2,7
9809248,4,3,1,1,3,1,1
9912357,7,5,2,2,0,7,32
9910415,4,2,2,2,0,4,42
103136,9,5,4,5,0,9,55
103345,2,2,0,0,1,1,4
9711236,16,2,14,25,1,15,76
107279,5,2,3,3,0,5,49
111237,2,1,1,1,0,2,2
9910543,2,2,0,0,0,2,12
205068,5,2,3,3,0,5,84
5200,2,2,0,0,1,1,6
9905374,6,4,2,2,0,6,47
105289,2,2,0,0,1,1,1
9511459,2,2,0,0,0,2,2
9412368,4,1,3,4,4,0,0
203255,4,3,1,1,1,3,5
9401224,1,1,0,0,1,0,0
9901264,6,4,2,5,0,6,40
9904471,5,3,2,4,0,5,23
9502347,1,1,0,0,1,0,0
4008,14,5,9,24,0,14,102
7086,3,2,1,2,0,3,14
9801225,3,2,1,1,0,3,7
9909349,2,2,0,0,0,2,5
9607462,8,4,4,5,3,5,8
2236,2,1,1,1,0,2,12
9904407,3,2,1,1,3,0,0
9904431,6,2,4,6,6,0,0
9611342,0,0,0,0,0,0,0
9412335,2,1,1,1,0,2,4
6173,3,3,0,0,0,3,28
9707268,6,1,5,9,0,6,12
9508210,3,2,1,1,0,3,3
204156,1,1,0,0,0,1,3
9407271,4,3,1,2,3,1,3
9905224,0,0,0,0,0,0,0
9401283,4,1,3,4,4,0,0
9808300,1,1,0,0,1,0,0
107017,12,8,4,11,0,12,87
209222,5,1,4,4,0,5,31
106186,3,3,0,0,0,3,22
212020,4,3,1,1,0,4,66
210448,2,2,0,0,0,2,16
209265,2,1,1,1,0,2,11
9203202,3,3,0,0,3,0,0
9911505,20,2,18,56,7,13,47
9703283,3,2,1,1,3,0,0
204353,4,2,2,2,0,4,8
9610279,2,1,1,1,0,2,9
207234,0,0,0,0,0,0,0
107244,0,0,0,0,0,0,0
104155,4,1,3,4,0,4,27
9903383,4,1,3,5,0,4,4
204328,5,3,2,2,0,5,44
9412325,3,3,0,0,3,0,0
4184,8,3,5,10,1,7,47
202214,2,2,0,0,0,2,3
208240,1,1,0,0,0,1,19
209231,1,1,0,0,1,0,0
9609383,2,2,0,0,0,2,4
9812484,3,2,1,1,0,3,6
110354,1,1,0,0,0,1,5
111398,2,1,1,1,2,0,0
9910476,8,2,6,16,0,8,9
104142,2,1,1,1,0,2,16
9712391,0,0,0,0,0,0,0
9702267,3,2,1,1,0,3,10
9901216,5,2,3,4,0,5,32
9712440,4,3,1,1,0,4,22
9903338,2,2,0,0,1,1,1
206168,0,0,0,0,0,0,0
109182,2,2,0,0,0,2,5
9910239,2,1,1,1,0,2,18
9702390,5,3,2,2,1,4,37
9612241,4,1,3,3,4,0,0
107034,0,0,0,0,0,0,0
9808256,9,5,4,8,0,9,31
210069,0,0,0,0,0,0,0
9812457,1,1,0,0,0,1,1
9612205,8,4,4,12,0,8,43
208024,2,2,0,0,1,1,8
9901204,2,2,0,0,0,2,4
9709491,0,0,0,0,0,0,0
9912394,4,4,0,0,2,2,4
202154,2,1,1,1,0,2,32
9408281,2,2,0,0,0,2,2
203211,0,0,0,0,0,0,0
9805282,6,2,4,9,0,6,36
8326,10,8,2,3,7,3,5
106287,3,3,0,0,0,3,6
101183,2,2,0,0,0,2,12
9803447,6,1,5,10,0,6,29
1164,3,3,0,0,0,3,6
109032,7,2,5,10,0,7,40
202140,3,2,1,1,2,1,1
210320,5,3,2,2,1,4,58
109010,3,3,0,0,0,3,24
301240,0,0,0,0,0,0,0
9307250,7,2,5,8,7,0,0
9603232,6,5,1,1,6,0,0
9606440,6,5,1,2,0,6,28
201254,0,0,0,0,0,0,0
10059,5,1,4,5,1,4,20
9810526,2,2,0,0,1,1,1
9809258,1,1,0,0,0,1,1
203110,0,0,0,0,0,0,0
9907246,0,0,0,0,0,0,0
9209208,1,1,0,0,0,1,1
102168,7,4,3,4,0,7,29
3026,1,1,0,0,0,1,2
301176,0,0,0,0,0,0,0
9905394,8,4,4,5,4,4,7
9902405,5,1,4,6,0,5,18
209087,0,0,0,0,0,0,0
9807368,0,0,0,0,0,0,0
107111,4,3,1,1,0,4,30
9606225,2,1,1,1,0,2,2
9512216,4,1,3,4,1,3,11
9208212,1,1,0,0,1,0,0
209183,0,0,0,0,0,0,0
7174,3,1,2,3,0,3,18
9402354,0,0,0,0,0,0,0
9904371,2,2,0,0,0,2,7
101080,1,1,0,0,0,1,4
207025,1,1,0,0,1,0,0
9902480,1,1,0,0,0,1,4
9801392,9,2,7,10,9,0,0
204106,0,0,0,0,0,0,0
8260,12,10,2,4,0,12,63
9028,0,0,0,0,0,0,0
6115,3,3,0,0,0,3,7
9709412,5,3,2,2,0,5,27
9904239,1,1,0,0,0,1,7
209210,3,2,1,1,0,3,27
9708401,2,2,0,0,1,1,1
9908398,3,3,0,0,0,3,11
211036,1,1,0,0,0,1,5
202222,1,1,0,0,0,1,9
212124,0,0,0,0,0,0,0
9608283,1,1,0,0,0,1,3
109009,1,1,0,0,1,0,0
3250,2,2,0,0,2,0,0
9312247,5,3,2,3,5,0,0
9503201,4,4,0,0,4,0,0
9806321,2,2,0,0,0,2,4
102203,8,1,7,12,0,8,21
9602362,3,2,1,1,3,0,0
208257,1,1,0,0,0,1,5
9901410,0,0,0,0,0,0,0
203033,3,2,1,1,0,3,22
9905361,0,0,0,0,0,0,0
108237,1,1,0,0,0,1,1
9512243,5,2,3,6,5,0,0
9601264,1,1,0,0,1,0,0
9609356,1,1,0,0,0,1,1
9809357,4,3,1,1,0,4,9
9803490,2,2,0,0,0,2,5
201097,0,0,0,0,0,0,0
4138,8,3,5,13,4,4,4
11118,2,2,0,0,0,2,2
9512284,2,1,1,1,2,0,0
211419,0,0,0,0,0,0,0
9703204,4,4,0,0,2,2,2
108113,2,2,0,0,1,1,10
111005,4,1,3,4,0,4,7
9611419,0,0,0,0,0,0,0
9701363,2,2,0,0,0,2,2
104268,2,1,1,1,2,0,0
9410383,1,1,0,0,1,0,0
112203,2,2,0,0,1,1,4
9807260,3,1,2,3,0,3,11
9610239,0,0,0,0,0,0,0
9911391,1,1,0,0,0,1,3
8072,1,1,0,0,0,1,7
101287,5,3,2,3,5,0,0
207165,2,2,0,0,0,2,14
9510217,3,3,0,0,3,0,0
9702406,2,2,0,0,0,2,5
9604358,2,2,0,0,0,2,3
9908511,1,1,0,0,0,1,3
9808227,3,3,0,0,0,3,9
104025,3,1,2,3,0,3,3
9904360,7,3,4,5,1,6,19
9809220,5,3,2,3,3,2,3
9409293,2,1,1,1,2,0,0
8112,1,1,0,0,0,1,1
101266,4,2,2,3,0,4,21
203239,1,1,0,0,0,1,7
202135,2,1,1,1,0,2,15
9912241,3,1,2,3,0,3,15
207293,0,0,0,0,0,0,0
302272,0,0,0,0,0,0,0
8077,0,0,0,0,0,0,0
9912514,2,2,0,0,0,2,5
9906220,1,1,0,0,0,1,2
208153,6,4,2,3,3,3,11
207104,0,0,0,0,0,0,0
9501259,5,3,2,3,3,2,2
9501351,0,0,0,0,0,0,0
9712413,0,0,0,0,0,0,0
110144,2,2,0,0,0,2,10
9606403,11,3,8,14,9,2,2
9909527,0,0,0,0,0,0,0
11272,3,2,1,1,2,1,17
9812262,0,0,0,0,0,0,0
209146,0,0,0,0,0,0,0
212366,0,0,0,0,0,0,0
7212,4,2,2,2,0,4,10
102313,5,5,0,0,0,5,19
9703253,2,2,0,0,2,0,0
9405293,1,1,0,0,0,1,2
111375,1,1,0,0,0,1,7
9706263,0,0,0,0,0,0,0
110070,1,1,0,0,0,1,4
9612434,1,1,0,0,0,1,1
211215,0,0,0,0,0,0,0
207008,2,2,0,0,0,2,6
205342,1,1,0,0,0,1,27
9702202,0,0,0,0,0,0,0
7358,3,1,2,2,3,0,0
301026,0,0,0,0,0,0,0
9908242,1,1,0,0,0,1,6
209098,3,3,0,0,1,2,3
206001,0,0,0,0,0,0,0
9507447,1,1,0,0,1,0,0
107275,4,3,1,1,0,4,36
103313,4,4,0,0,0,4,14
9401225,3,3,0,0,3,0,0
112277,1,1,0,0,0,1,3
112144,2,1,1,1,0,2,26
9705220,3,1,2,3,3,0,0
9809526,3,2,1,1,0,3,10
210414,2,2,0,0,0,2,15
9803240,1,1,0,0,0,1,3
208076,6,4,2,2,0,6,20
9912280,0,0,0,0,0,0,0
9711338,1,1,0,0,1,0,0
11196,0,0,0,0,0,0,0
9611220,2,2,0,0,0,2,2
9407298,4,3,1,1,4,0,0
9308297,0,0,0,0,0,0,0
9905308,4,3,1,1,1,3,9
9210243,2,1,1,1,2,0,0
111247,2,1,1,1,0,2,4
9412264,1,1,0,0,0,1,1
301015,2,2,0,0,0,2,23
102141,4,4,0,0,1,3,6
9205224,0,0,0,0,0,0,0
9808347,1,1,0,0,0,1,2
206144,1,1,0,0,0,1,7
9507421,4,2,2,2,3,1,2
106211,4,2,2,2,0,4,24
9910525,4,2,2,3,1,3,6
10061,0,0,0,0,0,0,0
12246,0,0,0,0,0,0,0
9706481,0,0,0,0,0,0,0
9402242,1,1,0,0,1,0,0
109232,5,4,1,1,0,5,24
9310278,1,1,0,0,1,0,0
9812406,3,3,0,0,0,3,13
104068,4,4,0,0,0,4,14
9803252,3,1,2,3,3,0,0
103021,0,0,0,0,0,0,0
9603436,2,1,1,1,2,0,0
9308268,0,0,0,0,0,0,0
203050,5,3,2,3,1,4,9
108190,1,1,0,0,0,1,8
301012,0,0,0,0,0,0,0
109169,0,0,0,0,0,0,0
209036,0,0,0,0,0,0,0
104107,1,1,0,0,0,1,2
9610300,0,0,0,0,0,0,0
9190,0,0,0,0,0,0,0
9712411,5,2,3,7,1,4,4
9510353,0,0,0,0,0,0,0
103216,1,1,0,0,0,1,2
6064,2,1,1,1,1,1,1
9603418,0,0,0,0,0,0,0
5180,3,1,2,2,2,1,1
105033,0,0,0,0,0,0,0
209350,0,0,0,0,0,0,0
9806473,2,2,0,0,0,2,7
106355,1,1,0,0,1,0,0
11239,1,1,0,0,1,0,0
7131,3,3,0,0,1,2,8
9609264,1,1,0,0,1,0,0
101349,0,0,0,0,0,0,0
9238,0,0,0,0,0,0,0
2087,0,0,0,0,0,0,0
9512436,4,3,1,2,4,0,0
9811344,0,0,0,0,0,0,0
9905418,0,0,0,0,0,0,0
9710470,2,2,0,0,2,0,0
106254,0,0,0,0,0,0,0
9410370,2,2,0,0,1,1,4
209256,1,1,0,0,0,1,13
111265,0,0,0,0,0,0,0
9910510,2,2,0,0,0,2,4
9610511,0,0,0,0,0,0,0
9909441,1,1,0,0,0,1,3
103254,1,1,0,0,0,1,1
9304297,1,1,0,0,1,0,0
208118,1,1,0,0,0,1,2
9910538,1,1,0,0,0,1,8
9504266,2,2,0,0,1,1,1
9911409,0,0,0,0,0,0,0
9910302,0,0,0,0,0,0,0
9194,0,0,0,0,0,0,0
9711375,0,0,0,0,0,0,0
9712513,1,1,0,0,0,1,3
11117,0,0,0,0,0,0,0
210447,1,1,0,0,0,1,10
9412371,1,1,0,0,1,0,0
107058,1,1,0,0,1,0,0
211463,0,0,0,0,0,0,0
111291,2,2,0,0,0,2,15
9612427,1,1,0,0,1,0,0
9407307,0,0,0,0,0,0,0
204232,3,1,2,3,0,3,20
9612360,0,0,0,0,0,0,0
11218,1,1,0,0,0,1,2
9810430,0,0,0,0,0,0,0
9608250,0,0,0,0,0,0,0
110090,1,1,0,0,0,1,1
210084,0,0,0,0,0,0,0
211048,0,0,0,0,0,0,0
9803270,2,1,1,1,0,2,9
9504253,2,1,1,1,2,0,0
210437,0,0,0,0,0,0,0
7141,0,0,0,0,0,0,0
9807450,0,0,0,0,0,0,0
9704293,2,2,0,0,0,2,3
9508228,0,0,0,0,0,0,0
110235,3,3,0,0,0,3,6
212038,0,0,0,0,0,0,0
9908277,1,1,0,0,0,1,1
109276,0,0,0,0,0,0,0
112095,0,0,0,0,0,0,0
10266,1,1,0,0,1,0,0
9810305,0,0,0,0,0,0,0
206109,1,1,0,0,0,1,7
9910443,1,1,0,0,0,1,1
112331,2,2,0,0,1,1,3
9612240,0,0,0,0,0,0,0
9505424,6,3,3,5,0,6,14
302025,1,1,0,0,0,1,7
9910368,0,0,0,0,0,0,0
8104,0,0,0,0,0,0,0
302263,0,0,0,0,0,0,0
111029,0,0,0,0,0,0,0
210062,1,1,0,0,0,1,3
108011,0,0,0,0,0,0,0
211395,1,1,0,0,0,1,38
9611332,0,0,0,0,0,0,0
11173,0,0,0,0,0,0,0
105290,0,0,0,0,0,0,0
9902225,0,0,0,0,0,0,0
9504370,0,0,0,0,0,0,0
202075,0,0,0,0,0,0,0
208053,1,1,0,0,1,0,0
9706342,1,1,0,0,1,0,0
212241,0,0,0,0,0,0,0
9810373,1,1,0,0,1,0,0
212353,1,1,0,0,0,1,2
302167,0,0,0,0,0,0,0
209261,0,0,0,0,0,0,0
111153,0,0,0,0,0,0,0
210006,0,0,0,0,0,0,0
9908502,0,0,0,0,0,0,0
204110,0,0,0,0,0,0,0
9706492,0,0,0,0,0,0,0
7092,3,3,0,0,1,2,18
9509206,0,0,0,0,0,0,0
9810428,3,3,0,0,2,1,4
10120,1,1,0,0,1,0,0
9705281,0,0,0,0,0,0,0
9408220,0,0,0,0,0,0,0
9605450,0,0,0,0,0,0,0
9905547,0,0,0,0,0,0,0
1076,0,0,0,0,0,0,0
9206263,2,1,1,1,2,0,0
206274,0,0,0,0,0,0,0
110360,2,1,1,1,0,2,7
208210,2,1,1,1,1,1,4
9308285,0,0,0,0,0,0,0
211413,1,1,0,0,0,1,2
111062,0,0,0,0,0,0,0
9901359,1,1,0,0,1,0,0
204214,2,1,1,1,1,1,1
9211253,0,0,0,0,0,0,0
9605251,1,1,0,0,1,0,0
207199,0,0,0,0,0,0,0
108048,0,0,0,0,0,0,0
9709314,0,0,0,0,0,0,0
9402211,0,0,0,0,0,0,0
209063,2,2,0,0,0,2,27
109105,0,0,0,0,0,0,0
1068,0,0,0,0,0,0,0
102062,0,0,0,0,0,0,0
9907513,1,1,0,0,0,1,2
212299,1,1,0,0,0,1,10
202259,0,0,0,0,0,0,0
9247,1,1,0,0,0,1,1
212200,0,0,0,0,0,0,0
3023,0,0,0,0,0,0,0
9403278,0,0,0,0,0,0,0
9312326,0,0,0,0,0,0,0
12270,0,0,0,0,0,0,0
208099,0,0,0,0,0,0,0
112316,0,0,0,0,0,0,0
9508333,0,0,0,0,0,0,0
9812237,0,0,0,0,0,0,0
9503446,1,1,0,0,0,1,3
203248,1,1,0,0,0,1,4
9807244,0,0,0,0,0,0,0
9908430,0,0,0,0,0,0,0
9308202,0,0,0,0,0,0,0
302110,0,0,0,0,0,0,0
9707294,0,0,0,0,0,0,0
9710262,0,0,0,0,0,0,0
205225,1,1,0,0,0,1,2
209001,0,0,0,0,0,0,0
9507202,0,0,0,0,0,0,0
112290,1,1,0,0,0,1,2
212067,0,0,0,0,0,0,0
207342,1,1,0,0,0,1,1
205324,0,0,0,0,0,0,0
111216,1,1,0,0,1,0,0
9808237,0,0,0,0,0,0,0
5016,0,0,0,0,0,0,0
9605443,1,1,0,0,1,0,0
204323,1,1,0,0,0,1,1
107143,2,2,0,0,0,2,12
109261,0,0,0,0,0,0,0
207218,0,0,0,0,0,0,0
208229,0,0,0,0,0,0,0
302251,0,0,0,0,0,0,0
9706451,0,0,0,0,0,0,0
110095,2,2,0,0,0,2,8
9707471,0,0,0,0,0,0,0
212073,0,0,0,0,0,0,0
9310305,0,0,0,0,0,0,0
9706327,0,0,0,0,0,0,0
211396,0,0,0,0,0,0,0
9610241,0,0,0,0,0,0,0
9412317,0,0,0,0,0,0,0
212268,0,0,0,0,0,0,0
9602328,0,0,0,0,0,0,0
9509295,0,0,0,0,0,0,0
111446,0,0,0,0,0,0,0
9303285,0,0,0,0,0,0,0
110082,1,1,0,0,0,1,4
9812466,0,0,0,0,0,0,0
212196,0,0,0,0,0,0,0
9606276,0,0,0,0,0,0,0
9903430,0,0,0,0,0,0,0
210388,1,1,0,0,0,1,2
9610473,0,0,0,0,0,0,0
9505376,0,0,0,0,0,0,0
210432,0,0,0,0,0,0,0
3001,2,1,1,1,0,2,5
9806410,0,0,0,0,0,0,0
5008,0,0,0,0,0,0,0
9908285,0,0,0,0,0,0,0
9608367,0,0,0,0,0,0,0
107213,0,0,0,0,0,0,0
9909339,1,1,0,0,1,0,0
211289,0,0,0,0,0,0,0
208190,0,0,0,0,0,0,0
9309205,1,1,0,0,0,1,7
9904406,0,0,0,0,0,0,0
210221,0,0,0,0,0,0,0
7260,0,0,0,0,0,0,0
9354,0,0,0,0,0,0,0
9410402,0,0,0,0,0,0,0
9707277,0,0,0,0,0,0,0
9905273,0,0,0,0,0,0,0
9509290,0,0,0,0,0,0,0
3182,0,0,0,0,0,0,0
202263,0,0,0,0,0,0,0
5312,0,0,0,0,0,0,0
9903223,0,0,0,0,0,0,0
9402230,0,0,0,0,0,0,0
9512249,0,0,0,0,0,0,0
9701414,0,0,0,0,0,0,0
9207,0,0,0,0,0,0,0
9608410,1,1,0,0,0,1,5
211210,0,0,0,0,0,0,0
105329,0,0,0,0,0,0,0
105282,0,0,0,0,0,0,0
9910486,0,0,0,0,0,0,0
9705212,0,0,0,0,0,0,0
9209,0,0,0,0,0,0,0
9709294,0,0,0,0,0,0,0
9310357,0,0,0,0,0,0,0
9405328,0,0,0,0,0,0,0
9509266,0,0,0,0,0,0,0
301020,0,0,0,0,0,0,0
9710446,1,1,0,0,0,1,2
211004,0,0,0,0,0,0,0
9906531,0,0,0,0,0,0,0
205203,0,0,0,0,0,0,0
104219,0,0,0,0,0,0,0
110024,0,0,0,0,0,0,0
7322,0,0,0,0,0,0,0
9611335,0,0,0,0,0,0,0
205004,0,0,0,0,0,0,0
108203,0,0,0,0,0,0,0
9901408,0,0,0,0,0,0,0
9310366,0,0,0,0,0,0,0
9806338,0,0,0,0,0,0,0
201238,0,0,0,0,0,0,0
9305,0,0,0,0,0,0,0
9909488,0,0,0,0,0,0,0
9908348,1,1,0,0,0,1,7
101135,0,0,0,0,0,0,0
210065,0,0,0,0,0,0,0
301134,0,0,0,0,0,0,0
9807436,0,0,0,0,0,0,0
4057,1,1,0,0,0,1,2
9411216,0,0,0,0,0,0,0
211084,0,0,0,0,0,0,0
207249,0,0,0,0,0,0,0
201116,0,0,0,0,0,0,0
9707397,0,0,0,0,0,0,0
208253,0,0,0,0,0,0,0
9511356,0,0,0,0,0,0,0
9504282,0,0,0,0,0,0,0
9908403,0,0,0,0,0,0,0
9505228,0,0,0,0,0,0,0
9911519,0,0,0,0,0,0,0
211373,0,0,0,0,0,0,0
9301253,54,10,44,203,54,0,0
9606210,1,1,0,0,1,0,0
1297,35,13,22,51,8,27,118
101118,15,4,11,24,0,15,117
9903456,65,9,56,301,6,59,608
9311339,92,18,74,499,34,58,127
9412375,24,4,20,46,16,8,12
9411367,23,6,17,56,21,2,2
9902256,56,8,48,173,9,47,117
11396,5,3,2,2,0,5,27
9209291,57,13,44,130,57,0,0
9509316,48,10,38,124,1,47,127
9502415,28,7,21,70,2,26,30
9404209,91,17,74,237,30,61,122
9608317,51,7,44,168,46,5,5
9606419,52,7,45,118,8,44,77
9505433,58,8,50,351,47,11,13
9702350,31,1,30,117,8,23,47
9805372,2,1,1,1,0,2,6
9909222,13,4,9,16,0,13,89
6050,4,4,0,0,0,4,12
9403305,10,5,5,8,3,7,13
9712319,75,9,66,320,15,60,203
1169,11,3,8,21,0,11,75
9602264,13,4,9,31,1,12,45
9502247,16,1,15,30,13,3,5
9504241,38,11,27,59,5,33,71
106116,26,7,19,42,0,26,316
9910301,26,10,16,35,3,23,40
9402259,14,8,6,8,14,0,0
9311239,2,1,1,1,2,0,0
9502291,63,17,46,190,3,60,126
9406271,40,4,36,216,20,20,20
9503204,31,11,20,50,29,2,3
9303303,45,6,39,125,45,0,0
9409372,49,14,35,105,14,35,58
9503439,99,14,85,420,99,0,0
9806328,115,16,99,555,9,106,864
9902215,21,3,18,48,9,12,12
9902460,2,2,0,0,1,1,4
9805266,12,4,8,11,4,8,11
9507376,11,6,5,7,2,9,28
9901245,28,4,24,89,0,28,299
9911364,23,6,17,36,2,21,146
9702308,13,7,6,12,9,4,6
9902261,7,3,4,6,1,6,15
9809307,42,5,37,96,32,10,10
9806400,21,10,11,16,0,21,266
9907216,19,9,10,22,2,17,33
9505383,10,5,5,5,0,10,27
9711421,18,6,12,38,4,14,36
9804262,24,4,20,95,7,17,23
9601337,27,5,22,49,3,24,34
9807321,5,1,4,6,5,0,0
9604229,67,2,65,523,62,5,6
9710460,66,6,60,277,2,64,291
9503318,21,5,16,49,1,20,20
9507348,27,6,21,51,7,20,38
9907435,12,3,9,28,1,11,63
9503214,58,21,37,71,12,46,116
9503263,44,2,42,204,7,37,51
9209220,54,16,38,145,49,5,5
9811498,38,4,34,159,0,38,264
9608352,28,3,25,68,8,20,51
9806288,3,2,1,1,0,3,20
108141,13,7,6,14,0,13,174
102159,11,6,5,8,0,11,78
9404283,142,11,131,1353,82,60,99
9707354,84,8,76,324,2,82,372
102287,7,1,6,8,0,7,28
10209,2,1,1,1,0,2,5
9606203,46,6,40,244,2,44,143
9703211,48,10,38,160,0,48,622
9711220,10,2,8,18,0,10,112
9206262,67,22,45,182,67,0,0
9711322,11,4,7,8,1,10,37
9902239,41,6,35,111,2,39,168
9209271,26,7,19,60,26,0,0
9812444,5,3,2,3,0,5,13
9604438,41,13,28,77,3,38,138
9610478,10,2,8,12,6,4,4
9602281,95,4,91,617,4,91,434
9612269,111,8,103,636,26,85,223
9304248,12,5,7,14,12,0,0
9703391,11,9,2,2,6,5,17
9807454,26,9,17,31,2,24,195
9902208,15,7,8,12,3,12,31
9304302,22,8,14,41,20,2,3
9403376,21,4,17,31,8,13,82
9211309,102,3,99,768,102,0,0
9604320,87,1,86,854,5,82,525
9205247,41,3,38,162,41,0,0
9811270,14,5,9,20,2,12,40
9503232,9,6,3,5,9,0,0
9803267,3,3,0,0,3,0,0
9407401,49,9,40,173,30,19,20
9503454,6,5,1,1,2,4,4
9804251,4,2,2,2,0,4,22
9403276,51,11,40,154,26,25,26
9405355,57,15,42,134,21,36,65
9602320,46,11,35,84,24,22,48
9909572,10,2,8,16,0,10,33
9503354,4,3,1,2,4,0,0
9405398,40,8,32,116,40,0,0
9606470,8,6,2,4,2,6,10
9204202,25,9,16,28,25,0,0
9311323,5,5,0,0,5,0,0
9403313,14,4,10,26,2,12,22
9712242,12,4,8,17,12,0,0
9903260,49,5,44,288,0,49,506
9407394,42,6,36,151,4,38,193
5039,3,2,1,1,0,3,6
9307217,14,6,8,19,14,0,0
9705464,8,4,4,4,1,7,14
9607404,37,6,31,137,4,33,91
3326,25,5,20,76,1,24,100
9609256,34,9,25,77,3,31,99
9704255,47,6,41,231,3,44,165
9903513,11,4,7,7,0,11,58
9906340,53,5,48,253,5,48,244
9610415,48,3,45,161,14,34,85
9912307,9,1,8,13,0,9,43
9603234,8,2,6,9,1,7,24
9405234,42,14,28,113,11,31,91
9704286,16,3,13,32,8,8,16
9611376,2,1,1,1,0,2,6
2078,27,5,22,47,0,27,206
9706545,33,6,27,61,2,31,121
9812366,60,7,53,231,2,58,282
9910412,3,3,0,0,0,3,9
9802350,79,5,74,224,41,38,97
1095,41,3,38,216,0,41,434
201059,9,3,6,17,0,9,85
9908212,27,2,25,105,0,27,192
9401303,15,4,11,15,8,7,15
9910347,22,4,18,65,0,22,483
9912419,5,3,2,3,0,5,27
9409246,10,3,7,11,10,0,0
4091,15,6,9,15,2,13,51
9903524,15,2,13,31,2,13,56
9304309,2,2,0,0,0,2,4
9411233,67,16,51,142,12,55,131
9806430,19,3,16,47,3,16,59
9609463,4,4,0,0,3,1,3
9611254,4,2,2,3,3,1,1
9505302,19,7,12,21,5,14,35
9710373,13,3,10,32,0,13,140
9602263,15,6,9,17,1,14,49
9410281,60,7,53,200,13,47,187
9312308,16,5,11,17,8,8,8
9512288,24,4,20,51,0,24,78
9611409,35,12,23,57,8,27,98
2043,18,7,11,24,6,12,25
9305279,14,4,10,21,14,0,0
9812263,15,5,10,18,0,15,81
9906251,12,9,3,3,12,0,0
9311205,203,10,193,2263,203,0,0
9904369,5,3,2,3,5,0,0
9712516,16,6,10,13,1,15,62
9802351,0,0,0,0,0,0,0
9703379,32,2,30,172,1,31,120
8053,6,4,2,3,2,4,10
9701222,25,7,18,57,19,6,12
9401348,8,4,4,8,8,0,0
9602310,7,3,4,7,0,7,22
9912318,8,3,5,8,0,8,21
9902399,20,4,16,93,8,12,14
9506311,15,2,13,30,15,0,0
9508303,9,6,3,8,1,8,71
9408406,84,3,81,543,80,4,4
9610341,8,5,3,3,4,4,11
4028,60,1,59,365,30,30,84
9908429,32,8,24,109,0,32,256
9705437,52,13,39,137,11,41,126
9407214,13,4,9,49,0,13,75
112113,21,4,17,50,0,21,395
9610470,10,4,6,8,0,10,59
102242,20,1,19,119,0,20,179
1086,57,12,45,145,57,0,0
103082,5,5,0,0,2,3,7
9405364,1,1,0,0,1,0,0
9406390,66,9,57,330,19,47,97
9403239,10,1,9,24,6,4,4
9405252,8,3,5,9,3,5,7
9212257,13,5,8,27,13,0,0
12089,9,4,5,12,2,7,16
9806441,22,5,17,67,2,20,62
9610514,24,6,18,48,13,11,19
7108,53,5,48,259,0,53,475
9705257,10,4,6,8,1,9,24
9512208,18,3,15,33,1,17,75
9810208,8,4,4,5,8,0,0
9605270,11,4,7,9,4,7,16
9505225,26,9,17,51,5,21,83
9802408,9,4,5,9,0,9,27
9909368,14,5,9,21,5,9,12
9610267,24,5,19,47,3,21,87
9605285,12,9,3,5,11,1,1
9902263,63,2,61,646,0,63,464
9812489,91,3,88,532,3,88,659
10315,11,9,2,2,6,5,8
9509286,29,7,22,85,15,14,27
9809403,29,8,21,41,29,0,0
211296,4,3,1,1,2,2,3
111234,7,2,5,9,0,7,55
12129,2,1,1,1,0,2,5
9912501,11,2,9,21,11,0,0
112161,28,3,25,120,0,28,306
9912287,37,7,30,86,0,37,467
9603249,288,14,274,2520,230,58,74
9702260,9,3,6,11,3,6,16
9301211,25,8,17,31,25,0,0
103312,2,2,0,0,0,2,30
9909392,6,3,3,6,0,6,95
9812401,2,1,1,1,0,2,4
11200,5,4,1,1,0,5,25
9705206,15,1,14,37,0,15,44
9506206,1,1,0,0,0,1,6
9511422,30,9,21,46,26,4,5
2152,8,1,7,11,3,5,10
9303324,6,3,3,3,6,0,0
9512285,4,4,0,0,4,0,0
9612380,10,7,3,3,0,10,36
9907213,1,1,0,0,1,0,0
109001,12,4,8,19,1,11,68
9033,8,2,6,9,2,6,60
9610244,27,4,23,69,2,25,71
9912369,3,2,1,1,0,3,88
9311277,9,5,4,8,1,8,23
9401328,114,26,88,396,91,23,23
9501324,44,4,40,252,0,44,116
9807448,24,9,15,63,0,24,161
9403401,54,3,51,261,6,48,114
9511433,29,3,26,88,0,29,161
9404333,29,10,19,30,17,12,26
9609318,7,5,2,2,0,7,10
9611313,8,2,6,8,0,8,13
9302238,18,12,6,12,18,0,0
9511258,9,4,5,13,2,7,12
9505333,9,8,1,1,1,8,21
9302,10,2,8,15,7,3,3
12116,10,4,6,17,0,10,55
9806206,1,1,0,0,0,1,3
6054,11,1,10,27,0,11,62
9403217,3,1,2,3,0,3,3
9512348,18,10,8,15,7,11,17
9707515,31,9,22,52,6,25,107
9509237,30,11,19,37,13,17,24
9312260,3,3,0,0,3,0,0
9907509,39,4,35,101,4,35,265
9903498,34,3,31,105,2,32,258
9605340,19,4,15,48,3,16,23
9710340,4,2,2,2,1,3,3
9306253,24,6,18,55,24,0,0
5318,17,5,12,17,1,16,117
9604423,36,9,27,101,0,36,119
9810270,52,23,29,65,4,48,337
9610214,4,1,3,5,0,4,24
5320,1,1,0,0,0,1,4
9808426,51,5,46,196,0,51,167
9908446,10,3,7,16,0,10,59
9404353,5,3,2,3,5,0,0
9403257,20,5,15,34,12,8,8
9810357,7,1,6,15,0,7,11
9601294,13,6,7,11,4,9,23
9605260,3,3,0,0,3,0,0
9203225,39,11,28,95,39,0,0
9507211,7,1,6,15,0,7,34
9402330,1,1,0,0,1,0,0
9703328,4,2,2,2,0,4,24
9710244,23,7,16,25,2,21,64
9609417,3,1,2,2,1,2,2
9410268,1,1,0,0,0,1,1
9907487,8,1,7,11,1,7,14
9706209,24,1,23,83,10,14,42
9212224,24,11,13,45,18,6,6
9410295,1,1,0,0,0,1,3
9702378,15,2,13,48,15,0,0
9705348,9,3,6,8,0,9,44
9609286,4,1,3,4,1,3,12
110189,0,0,0,0,0,0,0
104131,6,3,3,3,0,6,46
5173,16,9,7,17,4,12,19
9907296,10,4,6,7,2,8,45
9312243,8,4,4,6,8,0,0
9804385,8,2,6,8,2,6,24
9309202,6,3,3,3,2,4,5
9803357,27,7,20,66,0,27,334
9901337,6,5,1,3,1,5,18
9912242,15,6,9,23,3,12,32
9610301,11,1,10,37,11,0,0
9912390,31,4,27,126,0,31,239
9307336,21,9,12,37,21,0,0
9708346,23,7,16,67,1,22,93
9904247,3,2,1,1,0,3,18
9908351,7,2,5,9,0,7,50
9910551,14,6,8,14,0,14,71
9811426,11,4,7,10,1,10,17
9805264,27,4,23,52,1,26,208
9705354,12,5,7,30,1,11,18
9211285,4,2,2,2,4,0,0
9407409,7,5,2,3,1,6,6
9812380,2,1,1,1,0,2,10
9912261,31,3,28,95,0,31,150
9705430,9,5,4,5,5,4,5
9610513,5,2,3,4,1,4,10
9702237,18,1,17,49,16,2,2
9909418,22,3,19,81,0,22,304
9907206,6,3,3,6,0,6,28
105123,2,1,1,1,0,2,4
9905472,22,9,13,19,0,22,132
9909282,1,1,0,0,1,0,0
9507201,2,1,1,1,0,2,3
9609216,7,3,4,6,7,0,0
207101,14,6,8,17,0,14,108
9703346,31,3,28,177,2,29,152
9703316,15,4,11,27,12,3,3
207051,2,1,1,1,1,1,5
9408310,13,7,6,11,5,8,15
9806539,5,4,1,1,0,5,13
9704249,26,5,21,110,1,25,107
9609265,8,7,1,3,0,8,25
9702310,9,6,3,4,0,9,138
9806475,8,3,5,7,0,8,50
9902420,30,2,28,81,5,25,89
9612493,6,1,5,7,1,5,21
9312339,5,2,3,3,5,0,0
9607450,4,3,1,2,0,4,16
9211311,26,9,17,46,26,0,0
9606469,5,1,4,7,0,5,100
5110,12,6,6,7,6,6,12
9411414,3,3,0,0,3,0,0
9412289,4,3,1,1,4,0,0
9602418,10,2,8,22,0,10,14
9804300,17,4,13,36,4,13,23
9602255,7,5,2,2,2,5,42
7082,21,6,15,29,3,18,75
9802224,8,5,3,4,0,8,27
9402268,4,4,0,0,0,4,9
9708353,5,1,4,10,0,5,34
9912320,4,1,3,3,1,3,6
9510305,3,2,1,1,0,3,7
9608424,4,3,1,1,4,0,0
112241,1,1,0,0,0,1,7
103252,6,4,2,3,0,6,28
9604359,4,2,2,2,0,4,16
9305247,17,9,8,16,17,0,0
1310,37,7,30,113,1,36,202
206052,0,0,0,0,0,0,0
9904473,3,3,0,0,0,3,15
8024,1,1,0,0,0,1,8
5270,8,4,4,6,0,8,39
9280,3,2,1,1,1,2,10
209028,4,1,3,4,4,0,0
9406225,1,1,0,0,0,1,1
106166,62,3,59,503,0,62,307
9608480,39,8,31,122,16,23,55
7193,8,4,4,5,4,4,4
9308204,10,6,4,5,6,4,4
9412245,9,2,7,9,4,5,5
9408204,11,5,6,9,11,0,0
3318,2,2,0,0,0,2,28
9408298,11,4,7,13,10,1,1
9303234,21,6,15,73,21,0,0
9903413,14,7,7,10,1,13,60
9709266,1,1,0,0,0,1,1
9508268,11,5,6,15,9,2,5
9510212,23,8,15,31,4,19,22
9804441,4,2,2,2,1,3,25
9305219,11,3,8,27,0,11,19
204119,3,2,1,1,1,2,20
9908412,13,4,9,30,0,13,28
9101,14,8,6,8,1,13,33
6011,10,6,4,11,0,10,35
107164,31,4,27,115,6,25,78
112007,2,2,0,0,0,2,7
110287,18,5,13,48,0,18,131
9507299,20,3,17,47,12,8,8
9909510,3,3,0,0,2,1,3
202136,11,8,3,3,0,11,49
9704243,27,13,14,17,15,12,23
107249,2,2,0,0,0,2,7
9811285,7,3,4,6,0,7,78
9911314,3,2,1,1,0,3,15
206171,1,1,0,0,1,0,0
107313,11,3,8,29,0,11,11
9908257,23,5,18,42,1,22,102
9705207,7,4,3,5,0,7,15
9906331,10,4,6,7,0,10,28
9607431,17,8,9,18,13,4,4
9511412,7,5,2,2,0,7,16
2158,14,5,9,14,6,8,13
101275,29,1,28,141,0,29,418
9803497,44,9,35,105,15,29,101
9910537,27,5,22,77,3,24,116
9612436,17,4,13,41,3,14,65
9712256,5,5,0,0,0,5,39
9312224,9,6,3,4,1,8,22
5118,8,4,4,11,0,8,108
9212214,2,2,0,0,2,0,0
9901286,1,1,0,0,0,1,9
9510293,10,4,6,8,10,0,0
107162,4,3,1,1,0,4,23
110262,12,4,8,17,3,9,13
9512325,5,2,3,4,5,0,0
207341,0,0,0,0,0,0,0
9512259,9,6,3,3,1,8,8
9610266,4,3,1,1,0,4,20
302087,0,0,0,0,0,0,0
9204213,5,4,1,1,5,0,0
9906545,26,1,25,149,3,23,45
9505268,1,1,0,0,1,0,0
9403404,2,1,1,1,0,2,2
9312232,3,3,0,0,3,0,0
9904411,15,6,9,18,4,11,29
112150,4,2,2,2,2,2,9
210083,3,2,1,1,0,3,21
9503401,9,1,8,13,6,3,6
112015,3,2,1,1,0,3,6
9611236,1,1,0,0,0,1,4
9804229,8,1,7,18,0,8,16
9509430,4,4,0,0,1,3,8
9506340,5,5,0,0,3,2,8
9905219,5,2,3,6,0,5,61
9908343,5,4,1,1,0,5,90
9802372,5,3,2,4,0,5,23
9803298,19,8,11,34,4,15,32
9511362,14,10,4,5,3,11,27
9605411,9,3,6,11,5,4,7
9906399,0,0,0,0,0,0,0
9809441,3,2,1,2,1,2,6
9405272,38,6,32,182,1,37,179
10097,5,2,3,3,1,4,11
112223,0,0,0,0,0,0,0
206124,6,3,3,4,1,5,12
9703308,3,3,0,0,0,3,9
9311,4,1,3,5,0,4,11
9909374,3,1,2,2,0,3,9
9509339,2,2,0,0,0,2,4
4092,4,3,1,1,2,2,6
9708469,8,3,5,10,0,8,35
9610249,4,2,2,2,0,4,7
9210276,6,4,2,2,6,0,0
9512321,18,5,13,31,6,12,29
9401287,5,2,3,3,5,0,0
9905313,3,3,0,0,0,3,10
111044,10,4,6,11,0,10,38
9902266,5,3,2,3,2,3,10
107157,9,5,4,5,0,9,66
9808211,7,2,5,7,0,7,16
7354,1,1,0,0,0,1,10
206019,1,1,0,0,0,1,18
102228,9,3,6,12,0,9,125
9507427,12,5,7,21,12,0,0
9505278,1,1,0,0,1,0,0
9610302,1,1,0,0,0,1,1
112037,3,2,1,1,0,3,21
6044,1,1,0,0,0,1,1
9406330,1,1,0,0,0,1,1
9510281,2,2,0,0,0,2,4
203242,9,7,2,2,2,7,48
9308236,11,9,2,4,11,0,0
206076,2,1,1,1,0,2,15
9605405,4,2,2,2,4,0,0
9801410,4,2,2,3,0,4,24
9802436,6,2,4,6,0,6,19
12348,20,6,14,24,1,19,49
104275,2,2,0,0,0,2,7
102032,11,7,4,5,0,11,11
9709327,11,7,4,6,0,11,33
9605442,4,2,2,2,3,1,1
208268,4,2,2,2,0,4,72
5162,8,4,4,9,0,8,51
9809562,12,5,7,9,0,12,44
9802418,8,4,4,6,3,5,12
9812442,5,3,2,2,5,0,0
9810441,5,2,3,7,0,5,51
9703431,1,1,0,0,0,1,1
106060,6,4,2,3,0,6,36
107263,1,1,0,0,0,1,1
9809598,10,6,4,5,2,8,37
202084,2,2,0,0,0,2,9
9710290,8,3,5,7,0,8,8
9703413,1,1,0,0,0,1,3
9807453,10,4,6,11,0,10,16
9303220,4,3,1,1,4,0,0
9701254,5,4,1,1,3,2,10
3272,5,5,0,0,0,5,21
9708270,5,2,3,4,1,4,4
9602405,31,9,22,38,14,17,23
112188,3,2,1,1,0,3,18
9809390,4,4,0,0,0,4,12
9908280,1,1,0,0,0,1,7
111318,2,1,1,1,0,2,39
9610480,4,3,1,1,1,3,5
9805283,2,2,0,0,2,0,0
210244,1,1,0,0,0,1,11
110245,1,1,0,0,0,1,1
9311299,5,5,0,0,3,2,7
205295,7,4,3,10,0,7,89
3289,6,3,3,3,2,4,8
9311280,2,2,0,0,0,2,2
103274,12,4,8,14,1,11,42
103208,15,3,12,19,0,15,32
9902260,20,11,9,13,5,15,49
210260,2,2,0,0,0,2,8
10270,5,2,3,3,1,4,13
7135,1,1,0,0,0,1,4
9412344,10,2,8,11,6,4,5
7182,32,8,24,78,2,30,57
9711213,4,1,3,3,0,4,16
9606426,8,4,4,6,0,8,18
9809409,8,2,6,11,1,7,29
202092,2,1,1,1,0,2,8
209045,1,1,0,0,1,0,0
8066,6,2,4,6,1,5,11
9712209,5,2,3,6,0,5,45
9808345,1,1,0,0,1,0,0
9907201,2,1,1,1,0,2,15
9303258,8,4,4,10,0,8,8
9411376,1,1,0,0,1,0,0
7257,6,3,3,5,1,5,10
9507318,3,1,2,2,2,1,4
106153,6,2,4,6,6,0,0
208256,4,1,3,3,0,4,31
9401304,3,3,0,0,3,0,0
9710413,11,5,6,13,2,9,36
9601291,6,2,4,5,6,0,0
9409357,8,4,4,5,8,0,0
9412285,8,1,7,19,8,0,0
9712514,6,4,2,3,2,4,8
207010,9,5,4,5,0,9,51
9704203,4,4,0,0,0,4,4
204132,2,2,0,0,0,2,13
11188,2,1,1,1,2,0,0
9406356,2,1,1,1,2,0,0
108122,18,4,14,36,1,17,237
202203,1,1,0,0,0,1,7
9603406,4,3,1,1,0,4,4
9606347,8,4,4,10,5,3,6
9404340,6,3,3,5,6,0,0
108131,4,1,3,5,0,4,43
9707205,1,1,0,0,0,1,1
206121,5,4,1,1,0,5,55
102026,1,1,0,0,0,1,3
9510452,1,1,0,0,1,0,0
3124,1,1,0,0,0,1,10
9610270,7,2,5,11,6,1,2
9401345,5,4,1,1,3,2,2
9906415,9,4,5,8,0,9,40
111263,2,2,0,0,0,2,4
110324,7,5,2,3,0,7,83
104008,6,6,0,0,2,4,5
9711442,18,10,8,14,0,18,58
108138,8,5,3,3,4,4,11
9704420,8,4,4,4,3,5,5
1317,4,4,0,0,0,4,11
206072,5,3,2,4,0,5,118
10350,4,4,0,0,0,4,22
9610379,6,3,3,4,4,2,2
201179,2,2,0,0,0,2,5
9503453,0,0,0,0,0,0,0
9503478,11,3,8,25,8,3,3
106108,12,5,7,13,3,9,27
9711290,2,1,1,1,0,2,21
9903206,11,4,7,8,1,10,32
9909406,7,2,5,10,0,7,27
9805456,1,1,0,0,1,0,0
6101,3,3,0,0,1,2,2
9702413,9,6,3,3,7,2,4
302257,0,0,0,0,0,0,0
9908482,6,3,3,3,0,6,22
9612473,1,1,0,0,0,1,2
112069,0,0,0,0,0,0,0
9908356,4,2,2,2,0,4,5
9905457,0,0,0,0,0,0,0
9203208,2,1,1,1,2,0,0
9504267,2,2,0,0,2,0,0
9911422,3,2,1,1,0,3,44
9710284,3,1,2,2,1,2,3
9902264,1,1,0,0,1,0,0
204165,3,3,0,0,0,3,9
204344,0,0,0,0,0,0,0
9608327,5,2,3,5,5,0,0
6218,0,0,0,0,0,0,0
9810548,4,4,0,0,1,3,3
9706273,10,8,2,3,7,3,3
111021,0,0,0,0,0,0,0
9706421,12,5,7,10,0,12,57
301062,1,1,0,0,0,1,10
10081,6,4,2,3,0,6,34
209290,7,2,5,8,0,7,51
9804383,2,2,0,0,0,2,8
9705374,6,4,2,3,3,3,4
9711282,1,1,0,0,0,1,15
205027,1,1,0,0,0,1,1
9812437,2,1,1,1,0,2,9
102113,5,3,2,2,0,5,33
9907322,10,4,6,25,4,6,37
108093,3,1,2,3,0,3,8
111109,1,1,0,0,0,1,14
204330,2,1,1,1,0,2,16
9811442,4,2,2,2,0,4,45
9902304,13,4,9,19,3,10,31
203214,15,2,13,33,0,15,159
103167,10,7,3,5,1,9,58
207122,3,3,0,0,1,2,5
9811278,3,3,0,0,0,3,10
9912228,2,2,0,0,0,2,5
202228,2,1,1,1,0,2,9
205130,2,1,1,1,0,2,6
202113,0,0,0,0,0,0,0
105338,3,2,1,1,1,2,8
9703223,1,1,0,0,0,1,2
9712455,2,1,1,1,0,2,8
9902384,1,1,0,0,0,1,5
9903469,1,1,0,0,0,1,1
6145,9,2,7,9,1,8,22
9208217,6,6,0,0,6,0,0
111285,2,2,0,0,1,1,9
9708389,3,3,0,0,1,2,4
212019,0,0,0,0,0,0,0
9903201,6,2,4,6,2,4,4
7332,6,2,4,6,0,6,27
203252,0,0,0,0,0,0,0
8227,3,1,2,3,2,1,1
9906390,1,1,0,0,0,1,1
9409352,1,1,0,0,0,1,3
208248,2,2,0,0,1,1,8
9907550,11,5,6,11,0,11,25
9502339,4,4,0,0,1,3,6
12331,1,1,0,0,0,1,8
9309241,4,2,2,2,0,4,13
9406413,6,5,1,1,1,5,11
101338,5,2,3,4,1,4,4
9404204,2,2,0,0,1,1,1
9170,8,5,3,3,2,6,12
9612319,3,2,1,2,0,3,26
11067,2,1,1,1,0,2,7
3082,2,1,1,1,0,2,14
111113,2,1,1,1,0,2,10
207300,5,3,2,3,0,5,47
204289,1,1,0,0,0,1,1
201303,8,3,5,8,0,8,33
110149,6,4,2,2,0,6,21
9508396,0,0,0,0,0,0,0
3263,0,0,0,0,0,0,0
9904435,1,1,0,0,0,1,2
9706531,12,3,9,16,1,11,27
205191,1,1,0,0,0,1,8
101179,3,3,0,0,0,3,6
9806327,4,2,2,2,4,0,0
9807356,0,0,0,0,0,0,0
102101,2,2,0,0,0,2,3
9910358,0,0,0,0,0,0,0
9505260,4,2,2,3,1,3,3
112127,3,2,1,1,0,3,29
9903366,1,1,0,0,0,1,13
9605361,5,3,2,3,1,4,24
5078,1,1,0,0,0,1,1
9907561,2,1,1,1,0,2,10
202201,2,2,0,0,0,2,5
9405375,3,2,1,1,3,0,0
108028,2,1,1,1,0,2,7
9603243,1,1,0,0,1,0,0
9701225,4,3,1,1,2,2,8
4221,0,0,0,0,0,0,0
111331,1,1,0,0,1,0,0
9902347,2,2,0,0,1,1,3
9304202,4,4,0,0,4,0,0
9812234,2,2,0,0,0,2,11
8168,5,4,1,1,0,5,35
112284,4,2,2,2,0,4,19
9507305,6,2,4,7,3,3,5
9712337,0,0,0,0,0,0,0
101286,6,3,3,6,6,0,0
9809226,1,1,0,0,0,1,4
9608463,4,2,2,2,2,2,4
10224,1,1,0,0,0,1,3
9711207,4,3,1,1,0,4,4
9607316,0,0,0,0,0,0,0
103095,1,1,0,0,0,1,7
9506418,1,1,0,0,0,1,2
9707513,7,2,5,5,0,7,15
211321,7,4,3,5,1,6,29
9710264,2,2,0,0,0,2,6
7144,6,3,3,6,2,4,4
302089,0,0,0,0,0,0,0
9907351,2,2,0,0,1,1,1
9811421,1,1,0,0,0,1,2
212238,0,0,0,0,0,0,0
9509372,1,1,0,0,1,0,0
9911352,0,0,0,0,0,0,0
6039,1,1,0,0,0,1,2
9606240,2,1,1,1,2,0,0
211063,1,1,0,0,0,1,7
9809288,1,1,0,0,0,1,2
108072,2,2,0,0,0,2,17
206156,0,0,0,0,0,0,0
9346,1,1,0,0,0,1,6
9906264,1,1,0,0,0,1,2
9608339,7,2,5,10,1,6,12
9610203,1,1,0,0,0,1,3
9703231,1,1,0,0,0,1,1
9909513,0,0,0,0,0,0,0
212316,0,0,0,0,0,0,0
7247,2,1,1,1,0,2,5
9803260,0,0,0,0,0,0,0
111448,1,1,0,0,0,1,2
207269,2,2,0,0,0,2,14
9802221,3,3,0,0,0,3,16
9026,1,1,0,0,0,1,1
111060,2,1,1,1,0,2,42
9707361,1,1,0,0,0,1,1
9412357,2,2,0,0,2,0,0
9905230,2,1,1,1,0,2,3
9807367,5,3,2,3,0,5,7
108158,4,2,2,2,0,4,32
9211330,1,1,0,0,1,0,0
9705247,1,1,0,0,1,0,0
301279,0,0,0,0,0,0,0
203147,4,3,1,1,0,4,22
106080,5,2,3,5,4,1,1
112218,2,2,0,0,1,1,6
9409402,3,2,1,1,3,0,0
10331,2,1,1,1,0,2,4
9711219,0,0,0,0,0,0,0
9403204,2,2,0,0,2,0,0
9810321,2,2,0,0,0,2,5
9409258,1,1,0,0,1,0,0
106294,1,1,0,0,0,1,13
9711314,2,2,0,0,0,2,16
9405317,2,2,0,0,2,0,0
4104,3,1,2,2,3,0,0
104144,2,1,1,1,0,2,50
207336,0,0,0,0,0,0,0
103078,3,1,2,3,0,3,5
5198,2,2,0,0,0,2,9
9701335,0,0,0,0,0,0,0
211024,1,1,0,0,0,1,4
9910447,1,1,0,0,0,1,1
3300,9,2,7,20,0,9,38
9607395,2,1,1,1,1,1,1
208249,5,5,0,0,0,5,29
9506327,2,1,1,1,0,2,2
9712452,3,1,2,2,0,3,16
7064,0,0,0,0,0,0,0
9706258,7,2,5,12,3,4,5
9403406,2,1,1,1,2,0,0
9906211,8,4,4,6,1,7,10
9901343,1,1,0,0,0,1,8
110388,0,0,0,0,0,0,0
9808488,1,1,0,0,0,1,5
201075,3,3,0,0,0,3,50
201144,2,1,1,1,0,2,11
9901353,0,0,0,0,0,0,0
9803282,8,4,4,4,2,6,24
9510423,1,1,0,0,1,0,0
202243,0,0,0,0,0,0,0
8282,3,2,1,1,0,3,3
9806532,0,0,0,0,0,0,0
7121,3,2,1,1,1,2,6
9412313,0,0,0,0,0,0,0
9409415,1,1,0,0,1,0,0
210078,4,4,0,0,0,4,26
205328,1,1,0,0,0,1,3
7076,5,3,2,3,3,2,4
12290,2,2,0,0,0,2,2
9508235,2,2,0,0,0,2,2
7264,0,0,0,0,0,0,0
211025,0,0,0,0,0,0,0
9807220,0,0,0,0,0,0,0
108236,1,1,0,0,0,1,24
110379,0,0,0,0,0,0,0
9036,2,2,0,0,0,2,37
105190,1,1,0,0,0,1,1
2283,4,4,0,0,0,4,10
212329,0,0,0,0,0,0,0
9901427,0,0,0,0,0,0,0
104265,0,0,0,0,0,0,0
210131,1,1,0,0,0,1,1
9805482,4,3,1,1,0,4,21
204324,0,0,0,0,0,0,0
9611457,0,0,0,0,0,0,0
9404309,1,1,0,0,0,1,1
9911344,1,1,0,0,0,1,1
101303,0,0,0,0,0,0,0
9607406,1,1,0,0,0,1,2
209313,0,0,0,0,0,0,0
9905534,1,1,0,0,1,0,0
9509402,0,0,0,0,0,0,0
201012,1,1,0,0,0,1,2
203111,0,0,0,0,0,0,0
301064,1,1,0,0,0,1,9
209156,1,1,0,0,0,1,1
302120,0,0,0,0,0,0,0
9812469,1,1,0,0,1,0,0
9708202,3,3,0,0,3,0,0
9901211,1,1,0,0,0,1,2
204339,3,3,0,0,0,3,16
9802283,2,1,1,1,0,2,2
2222,4,1,3,3,0,4,11
9911484,0,0,0,0,0,0,0
212184,0,0,0,0,0,0,0
9410362,1,1,0,0,0,1,1
110316,1,1,0,0,0,1,16
9407210,0,0,0,0,0,0,0
9206201,4,2,2,2,4,0,0
204290,9,5,4,7,0,9,98
9904227,3,1,2,3,3,0,0
106076,0,0,0,0,0,0,0
11123,0,0,0,0,0,0,0
302091,0,0,0,0,0,0,0
206220,1,1,0,0,0,1,4
110143,1,1,0,0,0,1,2
205072,4,3,1,1,0,4,14
9603283,5,3,2,2,1,4,4
12213,5,1,4,5,0,5,37
6335,2,1,1,1,0,2,5
9510454,2,2,0,0,0,2,2
201110,0,0,0,0,0,0,0
9707518,1,1,0,0,0,1,17
111199,6,1,5,7,0,6,49
9907251,1,1,0,0,0,1,3
9912404,2,1,1,1,1,1,1
110368,0,0,0,0,0,0,0
101283,2,2,0,0,0,2,2
102112,1,1,0,0,0,1,4
4219,2,1,1,1,2,0,0
9410256,6,3,3,4,4,2,2
202104,1,1,0,0,0,1,2
9603252,2,1,1,1,0,2,2
9311244,1,1,0,0,0,1,2
9505216,1,1,0,0,1,0,0
9910276,4,2,2,3,1,3,6
9610472,0,0,0,0,0,0,0
9811246,1,1,0,0,0,1,4
9906511,0,0,0,0,0,0,0
1065,1,1,0,0,0,1,11
9912339,0,0,0,0,0,0,0
9409280,4,3,1,1,3,1,1
209099,0,0,0,0,0,0,0
9407384,2,2,0,0,0,2,4
102080,2,2,0,0,1,1,7
204294,0,0,0,0,0,0,0
9607410,1,1,0,0,0,1,3
9810264,0,0,0,0,0,0,0
104215,0,0,0,0,0,0,0
103253,2,2,0,0,0,2,2
9411309,1,1,0,0,1,0,0
9404242,1,1,0,0,1,0,0
9605322,0,0,0,0,0,0,0
9510322,3,3,0,0,3,0,0
9806276,0,0,0,0,0,0,0
3009,1,1,0,0,0,1,21
9905288,1,1,0,0,1,0,0
9704426,2,2,0,0,0,2,2
2274,0,0,0,0,0,0,0
302207,0,0,0,0,0,0,0
9508341,0,0,0,0,0,0,0
9503243,1,1,0,0,1,0,0
9609407,0,0,0,0,0,0,0
9909215,2,2,0,0,1,1,1
9607460,0,0,0,0,0,0,0
111408,0,0,0,0,0,0,0
112107,0,0,0,0,0,0,0
6273,5,1,4,10,0,5,23
211177,0,0,0,0,0,0,0
9810525,0,0,0,0,0,0,0
9904231,2,2,0,0,1,1,1
207154,0,0,0,0,0,0,0
9901364,1,1,0,0,0,1,1
108218,1,1,0,0,0,1,1
9307333,1,1,0,0,1,0,0
9503393,4,2,2,3,4,0,0
212053,0,0,0,0,0,0,0
105209,3,3,0,0,0,3,12
9410290,0,0,0,0,0,0,0
9603319,0,0,0,0,0,0,0
9707534,2,2,0,0,0,2,3
209089,1,1,0,0,0,1,7
111232,1,1,0,0,0,1,8
209254,1,1,0,0,1,0,0
101149,0,0,0,0,0,0,0
9711370,0,0,0,0,0,0,0
9409252,0,0,0,0,0,0,0
12147,0,0,0,0,0,0,0
9309271,0,0,0,0,0,0,0
209141,2,2,0,0,0,2,8
3162,0,0,0,0,0,0,0
9911253,2,1,1,1,0,2,3
211297,0,0,0,0,0,0,0
9707236,1,1,0,0,1,0,0
204059,1,1,0,0,1,0,0
102250,1,1,0,0,0,1,4
9811320,0,0,0,0,0,0,0
301059,1,1,0,0,0,1,5
9706432,0,0,0,0,0,0,0
212364,0,0,0,0,0,0,0
9710474,1,1,0,0,0,1,2
9803205,0,0,0,0,0,0,0
9705342,0,0,0,0,0,0,0
9708297,0,0,0,0,0,0,0
9009,1,1,0,0,0,1,3
201288,0,0,0,0,0,0,0
9401240,2,2,0,0,2,0,0
109039,0,0,0,0,0,0,0
9808216,2,2,0,0,2,0,0
9908259,0,0,0,0,0,0,0
201115,0,0,0,0,0,0,0
9406420,1,1,0,0,1,0,0
9308377,0,0,0,0,0,0,0
211015,1,1,0,0,0,1,1
9910353,0,0,0,0,0,0,0
108075,0,0,0,0,0,0,0
112268,3,3,0,0,0,3,15
207090,0,0,0,0,0,0,0
9809339,0,0,0,0,0,0,0
103288,0,0,0,0,0,0,0
9907535,1,1,0,0,0,1,1
301054,0,0,0,0,0,0,0
1182,2,1,1,1,0,2,6
4216,0,0,0,0,0,0,0
2251,1,1,0,0,0,1,1
110025,1,1,0,0,0,1,5
10200,0,0,0,0,0,0,0
9506219,2,2,0,0,2,0,0
106164,0,0,0,0,0,0,0
9307349,2,1,1,1,2,0,0
103171,4,3,1,1,0,4,11
9810213,0,0,0,0,0,0,0
208077,1,1,0,0,1,0,0
205166,0,0,0,0,0,0,0
206154,2,2,0,0,0,2,15
4202,0,0,0,0,0,0,0
10005,0,0,0,0,0,0,0
109054,0,0,0,0,0,0,0
9409387,0,0,0,0,0,0,0
9811461,0,0,0,0,0,0,0
202116,1,1,0,0,1,0,0
4144,0,0,0,0,0,0,0
210354,0,0,0,0,0,0,0
9703309,0,0,0,0,0,0,0
109099,2,1,1,1,1,1,1
106172,0,0,0,0,0,0,0
209327,0,0,0,0,0,0,0
10329,1,1,0,0,0,1,1
112146,0,0,0,0,0,0,0
3057,1,1,0,0,0,1,2
201264,0,0,0,0,0,0,0
107258,0,0,0,0,0,0,0
111280,0,0,0,0,0,0,0
111470,1,1,0,0,1,0,0
9608474,0,0,0,0,0,0,0
107236,2,2,0,0,0,2,9
9310205,0,0,0,0,0,0,0
208033,1,1,0,0,0,1,2
112325,0,0,0,0,0,0,0
203162,0,0,0,0,0,0,0
9408374,0,0,0,0,0,0,0
9307234,1,1,0,0,1,0,0
210166,0,0,0,0,0,0,0
11300,2,2,0,0,0,2,13
9802399,0,0,0,0,0,0,0
204030,0,0,0,0,0,0,0
212274,2,1,1,1,0,2,3
9710524,0,0,0,0,0,0,0
209334,0,0,0,0,0,0,0
205336,1,1,0,0,0,1,5
211086,0,0,0,0,0,0,0
9412230,1,1,0,0,1,0,0
9510445,0,0,0,0,0,0,0
209335,0,0,0,0,0,0,0
9806262,0,0,0,0,0,0,0
301075,0,0,0,0,0,0,0
110118,0,0,0,0,0,0,0
9608312,1,1,0,0,0,1,2
9504289,0,0,0,0,0,0,0
9706245,0,0,0,0,0,0,0
209266,0,0,0,0,0,0,0
10052,0,0,0,0,0,0,0
9511251,0,0,0,0,0,0,0
202052,0,0,0,0,0,0,0
9506463,0,0,0,0,0,0,0
301109,0,0,0,0,0,0,0
108133,2,2,0,0,1,1,1
9603399,0,0,0,0,0,0,0
9310362,0,0,0,0,0,0,0
12322,0,0,0,0,0,0,0
9210270,3,3,0,0,3,0,0
104004,0,0,0,0,0,0,0
211381,0,0,0,0,0,0,0
9910217,0,0,0,0,0,0,0
211458,0,0,0,0,0,0,0
110298,0,0,0,0,0,0,0
111281,0,0,0,0,0,0,0
9707306,0,0,0,0,0,0,0
9402312,0,0,0,0,0,0,0
102126,1,1,0,0,0,1,4
9711443,0,0,0,0,0,0,0
9908270,0,0,0,0,0,0,0
206261,0,0,0,0,0,0,0
9810380,0,0,0,0,0,0,0
9711490,0,0,0,0,0,0,0
9608390,0,0,0,0,0,0,0
9601312,0,0,0,0,0,0,0
9608391,0,0,0,0,0,0,0
212198,0,0,0,0,0,0,0
3060,1,1,0,0,0,1,2
9810494,0,0,0,0,0,0,0
11326,0,0,0,0,0,0,0
9808435,0,0,0,0,0,0,0
9708322,0,0,0,0,0,0,0
104298,2,2,0,0,2,0,0
210225,0,0,0,0,0,0,0
9608236,0,0,0,0,0,0,0
112269,0,0,0,0,0,0,0
9802281,0,0,0,0,0,0,0
210417,1,1,0,0,0,1,1
9409429,0,0,0,0,0,0,0
9909277,0,0,0,0,0,0,0
106041,0,0,0,0,0,0,0
202060,0,0,0,0,0,0,0
9705385,0,0,0,0,0,0,0
204333,0,0,0,0,0,0,0
208273,0,0,0,0,0,0,0
9708465,0,0,0,0,0,0,0
210340,0,0,0,0,0,0,0
206225,0,0,0,0,0,0,0
110006,2,1,1,1,0,2,5
6086,0,0,0,0,0,0,0
9805276,0,0,0,0,0,0,0
9507383,0,0,0,0,0,0,0
301136,0,0,0,0,0,0,0
3117,0,0,0,0,0,0,0
9702288,0,0,0,0,0,0,0
301013,0,0,0,0,0,0,0
9610442,0,0,0,0,0,0,0
9712365,0,0,0,0,0,0,0
12038,0,0,0,0,0,0,0
9902262,0,0,0,0,0,0,0
9608408,0,0,0,0,0,0,0
9240,1,1,0,0,0,1,1
302028,0,0,0,0,0,0,0
9712264,0,0,0,0,0,0,0
103325,1,1,0,0,0,1,5
112363,0,0,0,0,0,0,0
9410380,0,0,0,0,0,0,0
10126,0,0,0,0,0,0,0
111268,0,0,0,0,0,0,0
102302,0,0,0,0,0,0,0
109143,1,1,0,0,0,1,5
9707252,0,0,0,0,0,0,0
207374,0,0,0,0,0,0,0
5061,0,0,0,0,0,0,0
112307,0,0,0,0,0,0,0
209345,0,0,0,0,0,0,0
3227,0,0,0,0,0,0,0
9807285,0,0,0,0,0,0,0
9404231,0,0,0,0,0,0,0
204019,0,0,0,0,0,0,0
9307246,0,0,0,0,0,0,0
9803392,0,0,0,0,0,0,0
9501239,0,0,0,0,0,0,0
109199,0,0,0,0,0,0,0
211383,0,0,0,0,0,0,0
108032,0,0,0,0,0,0,0
5201,0,0,0,0,0,0,0
9907396,0,0,0,0,0,0,0
9502410,0,0,0,0,0,0,0
9709435,0,0,0,0,0,0,0
212084,0,0,0,0,0,0,0
9907292,0,0,0,0,0,0,0
106010,0,0,0,0,0,0,0
12112,0,0,0,0,0,0,0
9902444,0,0,0,0,0,0,0
209182,0,0,0,0,0,0,0
111310,0,0,0,0,0,0,0
11061,0,0,0,0,0,0,0
9910430,0,0,0,0,0,0,0
9504304,30,6,24,67,30,0,0
9610360,31,5,26,71,1,30,125
2227,7,1,6,10,0,7,58
101190,6,1,5,8,0,6,14
9903535,86,17,69,382,15,71,363
9311345,146,22,124,982,130,16,16
9501281,180,8,172,1401,55,125,380
9603256,6,2,4,4,6,0,0
9908202,33,6,27,78,1,32,124
12197,13,3,10,20,1,12,78
9301212,37,14,23,59,3,34,34
9602234,49,7,42,215,28,21,26
9604312,8,5,3,4,1,7,21
9404335,22,4,18,32,10,12,19
9705337,86,29,57,198,15,71,319
9702305,38,5,33,69,6,32,129
9507237,48,7,41,152,33,15,32
9703221,32,6,26,86,2,30,99
9805498,25,6,19,51,5,20,86
9909352,21,3,18,41,2,19,106
7020,4,4,0,0,2,2,6
9406375,6,5,1,1,3,3,4
9802294,32,3,29,116,8,24,70
2238,13,4,9,33,0,13,117
9706542,24,10,14,24,3,21,80
9504316,144,16,128,970,42,102,226
9511340,9,3,6,10,3,6,6
107081,32,8,24,93,7,25,64
9912236,44,3,41,233,5,39,330
9403398,51,8,43,115,21,30,66
9311291,2,1,1,1,2,0,0
9502298,145,39,106,440,142,3,3
9410385,28,3,25,118,28,0,0
9504216,35,8,27,75,18,17,48
9309240,10,4,6,18,10,0,0
9409464,25,10,15,47,7,18,36
9504246,82,8,74,578,10,72,93
9806375,16,4,12,36,1,15,95
9903262,43,11,32,84,2,41,265
9505275,99,11,88,613,9,90,201
9503417,36,1,35,117,31,5,5
9509351,51,4,47,294,8,43,194
9901318,39,4,35,123,0,39,144
9911465,8,3,5,5,1,7,39
9806408,4,3,1,1,1,3,15
9706239,54,8,46,202,8,46,128
9809368,24,3,21,46,0,24,247
9807534,4,2,2,3,4,0,0
9909501,20,4,16,63,7,13,45
9508275,58,5,53,303,30,28,61
9712278,10,3,7,13,0,10,30
9810435,39,8,31,99,2,37,98
9811427,29,5,24,103,7,22,60
9311312,28,6,22,81,10,18,40
9607310,67,10,57,338,10,57,131
9712468,18,4,14,29,0,18,102
9707457,10,6,4,6,0,10,18
9511221,33,7,26,106,1,32,117
9612332,32,3,29,146,23,9,12
9512268,9,4,5,6,0,9,25
9503264,67,3,64,386,15,52,97
9211256,65,20,45,275,65,0,0
9901254,47,3,44,273,0,47,181
9612397,47,5,42,196,19,28,57
9806494,10,2,8,13,1,9,44
109113,18,6,12,25,0,18,104
103040,7,5,2,3,3,4,11
9506260,30,2,28,121,20,10,19
9710509,43,3,40,153,0,43,156
108240,18,1,17,41,0,18,153
12019,8,1,7,15,0,8,36
9607225,75,8,67,444,3,72,347
9703246,36,2,34,88,1,35,271
9711264,21,6,15,36,0,21,210
9301273,17,8,9,19,17,0,0
9802352,16,2,14,45,0,16,93
2161,36,6,30,87,1,35,325
9212266,22,7,15,33,17,5,5
9812508,7,3,4,8,0,7,40
9704272,35,8,27,77,6,29,79
9701396,66,11,55,349,1,65,289
9603404,128,5,123,1087,10,118,496
9704274,44,2,42,133,7,37,106
9404344,7,4,3,5,3,4,4
7353,2,1,1,1,2,0,0
9811273,36,10,26,62,0,36,223
9907386,16,10,6,11,4,12,31
9305267,109,17,92,512,82,27,28
9507213,15,6,9,13,0,15,46
9602350,25,2,23,81,25,0,0
9604440,54,1,53,445,2,52,260
9308217,33,6,27,94,3,30,51
9901341,9,2,7,14,7,2,4
9505250,11,3,8,17,11,0,0
9804296,17,7,10,15,2,15,37
9410401,22,6,16,41,4,18,19
8099,12,5,7,17,0,12,38
9904478,21,6,15,35,5,16,25
9504374,61,21,40,160,54,7,7
9409362,13,3,10,54,0,13,13
9608401,61,2,59,263,54,7,7
9912292,4,4,0,0,1,3,5
9603271,23,9,14,36,5,18,32
9406233,15,7,8,13,15,0,0
9903541,21,6,15,26,1,20,50
9301252,10,7,3,8,6,4,4
9312277,6,4,2,3,2,4,4
9407344,62,9,53,223,12,50,134
9712346,5,2,3,7,0,5,45
9310285,38,9,29,118,6,32,81
9407407,32,6,26,100,2,30,147
5278,3,1,2,3,0,3,13
9308222,67,16,51,186,67,0,0
9808380,0,0,0,0,0,0,0
9607426,5,3,2,3,1,4,12
4060,16,5,11,20,1,15,62
9701410,19,8,11,19,9,10,18
9706348,10,7,3,4,1,9,20
9904305,8,2,6,11,7,1,4
9907439,3,3,0,0,1,2,5
9611292,34,2,32,177,1,33,88
4016,2,1,1,1,0,2,8
9603290,16,3,13,37,4,12,21
101251,6,4,2,2,1,5,21
9709273,16,2,14,45,1,15,55
9704399,10,2,8,19,0,10,69
3035,12,5,7,12,0,12,92
9708464,5,3,2,2,1,4,9
9812455,30,3,27,109,3,27,51
9910563,7,4,3,4,0,7,34
9807297,88,23,65,178,26,62,111
1104,31,4,27,118,0,31,588
9512365,16,4,12,24,8,8,8
9908248,63,2,61,400,0,63,380
9402340,27,9,18,56,6,21,48
9906346,41,7,34,165,7,34,155
9912475,7,6,1,1,1,6,19
9906548,9,5,4,4,5,4,4
102307,17,5,12,30,6,11,25
9904221,23,6,17,58,1,22,222
9602242,21,4,17,47,4,17,26
9412322,59,16,43,184,17,42,61
9810411,31,4,27,86,0,31,120
9512441,6,4,2,2,0,6,26
9612363,40,6,34,178,17,23,53
9210280,28,6,22,80,21,7,9
1122,25,4,21,86,0,25,78
9606241,23,2,21,79,9,14,38
9802335,3,3,0,0,0,3,8
9401306,8,3,5,6,3,5,6
9512446,8,5,3,3,0,8,45
9612229,11,3,8,8,4,7,71
9910271,18,8,10,19,8,10,19
9311372,54,12,42,257,48,6,11
9901246,15,7,8,17,1,14,117
9906381,26,6,20,78,3,23,63
9605446,110,1,109,994,2,108,320
9501269,38,2,36,169,38,0,0
9805317,8,5,3,4,5,3,10
9403395,8,3,5,8,7,1,1
9704317,26,4,22,106,0,26,117
10196,6,4,2,2,1,5,10
9710450,17,2,15,33,3,14,17
9404346,11,1,10,25,11,0,0
9603370,2,2,0,0,0,2,23
9401298,11,6,5,8,5,6,12
9812399,0,0,0,0,0,0,0
9603253,14,4,10,42,5,9,15
9512341,17,3,14,29,7,10,37
9507379,25,2,23,126,7,18,18
9703259,47,8,39,135,5,42,216
5027,37,7,30,123,0,37,411
9910231,50,4,46,173,2,48,388
9709437,1,1,0,0,0,1,9
9412302,16,1,15,49,0,16,105
112117,60,7,53,165,1,59,242
9611251,36,9,27,88,1,35,204
102243,19,1,18,103,1,18,176
1172,39,7,32,77,3,36,105
9908427,16,2,14,28,8,8,55
9407209,10,6,4,5,5,5,19
9809239,17,3,14,34,2,15,55
9404227,13,5,8,10,1,12,12
9409285,36,8,28,88,1,35,75
9307303,9,5,4,7,9,0,0
12168,2,1,1,1,2,0,0
9906450,16,6,10,20,5,11,55
9603353,9,4,5,6,2,7,11
9906322,65,6,59,313,3,62,223
9707363,9,1,8,11,3,6,8
9605324,21,6,15,36,3,18,27
9810215,19,4,15,30,0,19,139
9609521,6,3,3,4,1,5,21
9505358,18,4,14,37,3,15,32
9803324,4,2,2,3,0,4,18
9603408,42,5,37,101,26,16,18
9702242,12,4,8,11,1,11,27
9608379,3,2,1,1,0,3,5
9903298,55,6,49,281,1,54,280
9904446,1,1,0,0,0,1,6
10345,8,7,1,1,3,5,12
9509353,38,3,35,115,1,37,77
11270,25,9,16,25,4,21,190
211412,3,3,0,0,1,2,20
111359,10,1,9,10,8,2,3
12261,6,4,2,2,0,6,30
9806280,26,2,24,84,15,11,11
112247,37,4,33,230,0,37,619
8153,1,1,0,0,0,1,4
9604317,141,4,137,1111,21,120,123
9702320,9,5,4,7,3,6,35
9301247,13,4,9,12,13,0,0
104074,17,3,14,33,0,17,161
9909454,3,2,1,1,0,3,18
9909481,30,3,27,106,0,30,202
12031,4,3,1,1,1,3,13
9707425,14,1,13,26,0,14,119
9606215,23,4,19,48,5,18,52
9609525,15,5,10,20,5,10,10
4191,8,1,7,13,0,8,38
9502211,12,3,9,36,2,10,10
9602306,19,8,11,18,14,5,5
9904450,9,2,7,13,0,9,44
9901280,3,3,0,0,1,2,8
109090,12,8,4,9,1,11,74
9073,6,2,4,7,0,6,122
9611284,40,9,31,104,2,38,231
9912430,16,5,11,22,1,15,150
8147,8,5,3,3,0,8,39
9402214,48,16,32,102,14,34,58
9508302,79,5,74,441,1,78,220
9601242,18,3,15,41,18,0,0
9509375,57,3,54,271,1,56,344
9601283,4,3,1,1,0,4,13
9608366,25,4,21,45,15,10,20
9412206,27,13,14,28,1,26,94
9501406,5,3,2,2,5,0,0
9302239,26,9,17,51,26,0,0
9609215,8,1,7,10,1,7,53
9612322,16,3,13,32,0,16,46
101311,11,5,6,10,3,8,8
9612387,11,3,8,18,1,10,48
9810366,4,3,1,1,1,3,8
10106,8,1,7,17,0,8,91
9406296,19,9,10,19,6,13,13
9305305,25,9,16,34,25,0,0
9709436,5,3,2,2,0,5,23
9602213,15,4,11,21,13,2,4
9509406,40,12,28,67,40,0,0
9911434,39,3,36,124,0,39,361
9910209,43,6,37,198,1,42,345
9501292,14,3,11,26,14,0,0
9711285,3,2,1,1,3,0,0
9407206,13,3,10,33,9,4,5
7277,5,3,2,2,0,5,38
9607315,16,2,14,31,14,2,2
9904320,7,3,4,4,1,6,23
9610238,11,3,8,17,1,10,66
9207265,37,11,26,60,37,0,0
9811247,7,2,5,7,1,6,21
9811412,19,5,14,33,0,19,109
9509304,15,4,11,28,0,15,33
9207268,13,4,9,15,13,0,0
9901356,2,2,0,0,0,2,2
9710427,37,1,36,208,0,37,299
9701404,19,2,17,61,1,18,33
9312315,24,7,17,48,24,0,0
9409249,1,1,0,0,1,0,0
9403292,21,13,8,29,20,1,1
9705233,2,2,0,0,0,2,5
9710252,2,1,1,1,0,2,11
9610269,25,3,22,91,2,23,113
9610355,5,3,2,4,0,5,15
9910226,12,4,8,13,0,12,49
9706457,9,4,5,7,1,8,53
9212299,8,3,5,7,6,2,2
9411252,10,3,7,15,0,10,59
9703311,59,6,53,503,2,57,242
9702427,1,1,0,0,1,0,0
9310250,2,2,0,0,2,0,0
3256,5,2,3,5,1,4,12
104226,23,9,14,49,3,20,81
105196,11,1,10,41,0,11,89
9211307,11,4,7,18,11,0,0
9403223,28,3,25,103,21,7,10
9812491,5,3,2,2,0,5,25
9404330,13,5,8,28,2,11,20
9803479,55,19,36,84,4,51,460
9607253,12,2,10,25,10,2,6
9601218,4,2,2,2,4,0,0
9709249,7,1,6,13,0,7,7
7001,6,3,3,6,1,5,5
9306260,16,7,9,29,16,0,0
9708467,11,5,6,14,0,11,22
9912301,6,4,2,4,0,6,33
7265,3,3,0,0,1,2,2
108159,8,6,2,3,2,6,21
9911247,7,4,3,3,4,3,14
9811438,7,4,3,6,1,6,51
9812413,17,3,14,34,3,14,53
9212220,4,4,0,0,4,0,0
9408272,7,3,4,9,7,0,0
12179,1,1,0,0,0,1,2
5029,19,5,14,33,7,12,13
9711439,3,1,2,2,0,3,19
9912447,19,8,11,20,0,19,127
9704247,21,7,14,61,5,16,21
9910267,3,2,1,1,0,3,21
9910557,20,1,19,83,0,20,229
106034,11,7,4,5,1,10,73
5274,17,5,12,27,14,3,3
9601254,6,2,4,6,2,4,4
9503360,6,3,3,4,0,6,19
9710391,1,1,0,0,0,1,2
207241,8,3,5,10,0,8,70
9703375,42,3,39,259,1,41,258
9704280,23,5,18,70,0,23,207
9311297,10,2,8,21,3,7,14
210114,0,0,0,0,0,0,0
9511244,3,2,1,1,2,1,1
9707523,16,6,10,31,1,15,38
9311264,19,10,9,14,19,0,0
9703269,1,1,0,0,0,1,13
9807250,10,4,6,12,4,6,9
3025,12,5,7,12,0,12,49
9306269,13,6,7,17,13,0,0
9308299,4,3,1,1,4,0,0
9805240,5,2,3,4,0,5,13
9308308,19,11,8,14,4,15,20
9611255,4,1,3,5,0,4,75
6152,3,2,1,1,0,3,4
108228,0,0,0,0,0,0,0
9505203,13,4,9,30,3,10,13
9610489,7,3,4,7,0,7,24
9805461,17,2,15,55,0,17,99
4040,3,2,1,1,3,0,0
11049,7,5,2,2,2,5,27
9803227,27,13,14,41,2,25,131
9404263,3,2,1,1,1,2,2
9708439,13,1,12,66,0,13,96
9711337,7,3,4,4,0,7,16
9702340,3,3,0,0,3,0,0
9701354,8,4,4,5,6,2,5
11234,27,9,18,63,2,25,191
105293,7,2,5,10,1,6,39
9610342,1,1,0,0,0,1,3
9211305,8,3,5,10,8,0,0
4197,13,6,7,19,2,11,95
110215,57,16,41,94,20,37,91
9611285,12,2,10,19,10,2,2
10308,11,5,6,11,1,10,36
10077,8,3,5,9,0,8,68
10245,13,6,7,11,0,13,54
209136,5,1,4,7,1,4,16
9311249,6,4,2,2,3,3,6
110346,9,4,5,6,0,9,118
9705240,16,1,15,26,12,4,4
7342,3,2,1,1,0,3,11
9308328,12,4,8,23,12,0,0
9501378,2,2,0,0,0,2,2
9410363,2,1,1,1,2,0,0
9509208,12,3,9,22,4,8,10
9808421,12,3,9,29,0,12,56
9507413,16,3,13,49,0,16,60
9904417,4,3,1,1,0,4,7
9605344,2,1,1,1,2,0,0
9506318,5,4,1,2,5,0,0
9208244,22,10,12,15,10,12,14
210380,1,1,0,0,0,1,4
9307213,5,2,3,7,0,5,10
203069,14,4,10,23,0,14,74
9304232,19,5,14,36,19,0,0
9403227,48,4,44,181,39,9,12
9707464,15,2,13,33,11,4,6
9905290,6,3,3,3,3,3,7
203136,3,2,1,1,0,3,7
111215,12,3,9,23,0,12,144
9708216,12,2,10,14,3,9,21
9801429,1,1,0,0,0,1,1
107094,5,1,4,8,0,5,41
9711304,3,3,0,0,2,1,1
9511275,18,4,14,42,2,16,76
9909362,10,8,2,3,0,10,51
3102,1,1,0,0,0,1,1
111319,3,1,2,2,0,3,28
8020,17,4,13,23,0,17,73
9909279,2,2,0,0,0,2,6
9802273,22,10,12,32,7,15,36
9609386,0,0,0,0,0,0,0
9703248,8,1,7,12,0,8,32
9709381,0,0,0,0,0,0,0
12372,2,2,0,0,0,2,4
110325,35,10,25,77,0,35,586
9806298,23,4,19,60,7,16,55
9411382,11,1,10,19,9,2,2
101306,3,3,0,0,0,3,22
9802449,2,1,1,1,0,2,4
9404214,4,2,2,2,0,4,5
103294,14,5,9,27,0,14,146
9909508,8,6,2,2,0,8,15
9405236,20,7,13,26,20,0,0
105250,3,2,1,1,0,3,14
110035,12,1,11,27,0,12,115
1146,0,0,0,0,0,0,0
9601279,7,2,5,8,4,3,3
106346,17,10,7,11,3,14,84
9606471,4,4,0,0,2,2,4
9612327,5,3,2,2,0,5,37
205237,5,2,3,4,1,4,6
9903371,6,1,5,13,0,6,33
9910278,23,1,22,142,2,21,67
9505439,1,1,0,0,1,0,0
9407327,4,4,0,0,4,0,0
9802390,6,1,5,11,0,6,13
4019,3,2,1,1,0,3,3
9304201,1,1,0,0,1,0,0
5324,3,3,0,0,0,3,7
9506334,2,1,1,1,0,2,8
101078,3,3,0,0,0,3,4
9703408,0,0,0,0,0,0,0
9804242,8,1,7,12,0,8,53
9510215,1,1,0,0,0,1,1
9204217,9,4,5,6,9,0,0
9907380,10,2,8,15,0,10,40
9912525,14,4,10,16,0,14,63
9808206,4,2,2,3,0,4,8
9803329,4,4,0,0,0,4,7
9504430,2,2,0,0,2,0,0
9606390,4,3,1,1,1,3,5
9611308,3,1,2,2,0,3,11
9809497,3,3,0,0,0,3,6
9406227,34,2,32,218,3,31,184
103147,3,3,0,0,0,3,23
9095,5,1,4,5,0,5,15
205001,3,3,0,0,1,2,18
9710309,5,3,2,2,1,4,9
103080,4,2,2,2,0,4,20
9609202,17,3,14,41,1,16,42
9512311,6,4,2,2,3,3,3
9512312,1,1,0,0,1,0,0
9611371,3,2,1,2,0,3,26
9402250,8,3,5,8,6,2,2
9305242,1,1,0,0,1,0,0
1090,5,2,3,8,0,5,19
107281,2,2,0,0,0,2,20
9906505,4,2,2,3,3,1,1
111054,1,1,0,0,1,0,0
9509225,10,4,6,10,3,7,7
110029,3,2,1,1,0,3,24
9509383,7,3,4,7,7,0,0
2079,4,3,1,1,0,4,36
9307265,3,1,2,3,0,3,8
9303304,1,1,0,0,1,0,0
9602294,1,1,0,0,0,1,3
9605267,1,1,0,0,1,0,0
9809277,7,3,4,8,0,7,17
9302233,11,7,4,6,4,7,7
9807294,16,9,7,9,7,9,15
9708283,3,1,2,2,0,3,14
9606384,5,5,0,0,0,5,33
6183,9,3,6,8,0,9,24
9405287,7,3,4,5,7,0,0
208073,3,3,0,0,0,3,31
9303243,3,2,1,1,3,0,0
9902242,2,2,0,0,0,2,16
9807277,8,1,7,16,0,8,22
107309,3,2,1,1,0,3,9
108098,19,4,15,44,1,18,82
110407,6,3,3,4,0,6,59
9710298,6,4,2,2,1,5,12
9611410,1,1,0,0,0,1,1
209244,5,2,3,4,0,5,62
8041,15,2,13,43,0,15,93
9902416,3,2,1,2,0,3,21
9512367,26,6,20,72,0,26,78
9703331,2,1,1,1,2,0,0
9804298,16,1,15,72,1,15,74
9703452,1,1,0,0,0,1,4
1219,7,3,4,8,7,0,0
107297,3,3,0,0,1,2,8
9810456,9,1,8,14,9,0,0
4136,14,4,10,27,2,12,12
9712508,17,2,15,38,0,17,93
9510225,1,1,0,0,1,0,0
9808280,8,3,5,10,0,8,60
9503260,18,6,12,22,0,18,40
9710384,1,1,0,0,0,1,4
9909549,8,2,6,13,0,8,38
9305215,10,4,6,12,10,0,0
9604404,32,11,21,45,11,21,30
204334,4,2,2,4,0,4,24
9809461,1,1,0,0,0,1,8
9411257,4,4,0,0,0,4,18
9710267,5,2,3,6,0,5,22
9406260,8,7,1,1,8,0,0
9908492,3,2,1,1,0,3,3
12350,12,5,7,12,2,10,35
201026,4,2,2,2,1,3,8
9503424,2,1,1,1,2,0,0
206034,17,3,14,35,0,17,214
9908331,1,1,0,0,1,0,0
9410351,7,2,5,10,7,0,0
107282,8,5,3,3,0,8,28
103238,1,1,0,0,0,1,6
9905259,2,2,0,0,1,1,2
210342,6,6,0,0,0,6,27
108070,9,7,2,2,0,9,37
202147,4,3,1,1,0,4,19
9702365,2,1,1,1,0,2,3
9307356,12,2,10,29,12,0,0
9711477,6,2,4,4,0,6,18
9711221,5,3,2,3,3,2,8
9509331,10,5,5,6,1,9,10
205163,4,3,1,1,1,3,3
209080,2,1,1,1,0,2,10
9701385,3,1,2,3,0,3,5
9903328,5,2,3,4,1,4,45
4072,2,2,0,0,0,2,7
4047,6,3,3,4,3,3,3
9306237,13,2,11,36,1,12,12
9411352,0,0,0,0,0,0,0
10030,13,2,11,32,0,13,56
9508299,3,2,1,2,0,3,14
9806202,5,3,2,2,5,0,0
204166,11,1,10,30,0,11,145
9909416,1,1,0,0,0,1,9
1236,1,1,0,0,0,1,6
9807369,0,0,0,0,0,0,0
9908295,13,5,8,12,0,13,84
9710402,8,3,5,15,7,1,1
9508348,1,1,0,0,1,0,0
208063,2,2,0,0,1,1,7
9603231,1,1,0,0,0,1,1
204001,17,6,11,28,0,17,127
110045,6,3,3,4,0,6,40
9407207,2,1,1,1,0,2,3
112163,4,2,2,2,0,4,72
202275,6,5,1,1,0,6,148
9806389,3,2,1,1,0,3,4
9606433,7,2,5,13,7,0,0
9508380,11,5,6,19,10,1,3
108238,1,1,0,0,0,1,17
9707234,1,1,0,0,0,1,3
206206,3,2,1,1,0,3,23
102303,11,4,7,13,1,10,59
9405291,7,4,3,5,6,1,1
9606229,12,6,6,17,1,11,45
9709444,5,2,3,6,0,5,7
9312304,15,8,7,9,0,15,40
9412258,0,0,0,0,0,0,0
3087,8,5,3,3,1,7,26
9212218,4,2,2,2,4,0,0
104050,4,3,1,1,0,4,29
9812459,7,4,3,8,0,7,37
110157,1,1,0,0,0,1,10
9305235,1,1,0,0,1,0,0
9610318,2,2,0,0,1,1,2
207254,2,1,1,1,0,2,16
12037,2,2,0,0,0,2,9
9612475,3,3,0,0,1,2,5
203199,1,1,0,0,0,1,5
9209216,1,1,0,0,1,0,0
9509431,4,3,1,1,2,2,4
9910540,16,11,5,7,6,10,20
9806333,3,1,2,3,3,0,0
9909371,2,2,0,0,1,1,5
9512217,2,1,1,1,2,0,0
9412378,2,1,1,1,2,0,0
9901426,5,4,1,1,2,3,17
9705308,5,2,3,4,0,5,9
110069,7,3,4,5,2,5,17
9903548,1,1,0,0,0,1,1
9612486,2,2,0,0,0,2,4
9702319,17,6,11,40,4,13,46
9703262,2,1,1,1,0,2,6
206043,1,1,0,0,0,1,3
9605329,1,1,0,0,0,1,4
9702238,10,2,8,21,10,0,0
9804308,2,1,1,1,0,2,3
9807266,16,3,13,52,0,16,38
9802236,5,4,1,1,5,0,0
9911221,4,4,0,0,0,4,28
201213,1,1,0,0,1,0,0
9704242,2,1,1,1,0,2,2
9504348,0,0,0,0,0,0,0
9811380,5,3,2,3,0,5,12
112106,1,1,0,0,0,1,8
108220,12,9,3,4,1,11,46
9712399,2,2,0,0,0,2,5
9711283,6,3,3,7,5,1,1
301111,0,0,0,0,0,0,0
210183,3,2,1,1,0,3,11
9609495,5,2,3,5,0,5,9
9708259,3,3,0,0,0,3,6
9803358,2,1,1,1,1,1,5
105079,8,2,6,8,0,8,51
9802285,3,2,1,1,2,1,2
205205,4,2,2,3,0,4,20
6019,2,1,1,1,0,2,2
9907567,13,2,11,24,1,12,34
9812313,4,3,1,2,0,4,25
9503473,13,1,12,32,13,0,0
9405372,3,3,0,0,3,0,0
9507222,12,2,10,28,3,9,9
9511435,2,2,0,0,2,0,0
111012,4,2,2,4,0,4,20
9212297,5,5,0,0,5,0,0
9708334,1,1,0,0,0,1,2
9807446,3,1,2,2,0,3,6
203044,1,1,0,0,0,1,3
9408317,15,4,11,26,15,0,0
9212300,1,1,0,0,1,0,0
208109,0,0,0,0,0,0,0
9707283,1,1,0,0,0,1,1
9804426,3,3,0,0,2,1,1
9907356,3,3,0,0,1,2,23
9702402,3,3,0,0,3,0,0
5106,6,2,4,4,0,6,24
9512304,1,1,0,0,0,1,6
9309284,3,3,0,0,3,0,0
9812417,9,2,7,21,3,6,9
205030,0,0,0,0,0,0,0
9411412,1,1,0,0,1,0,0
9061,3,3,0,0,0,3,6
11324,3,3,0,0,1,2,4
108091,2,1,1,1,1,1,1
302268,0,0,0,0,0,0,0
9910391,2,2,0,0,0,2,28
210089,3,2,1,1,0,3,17
9909570,4,3,1,1,0,4,24
9406292,3,2,1,1,3,0,0
9310234,7,2,5,6,7,0,0
9903283,4,2,2,3,0,4,21
3069,0,0,0,0,0,0,0
208030,1,1,0,0,1,0,0
9808219,1,1,0,0,0,1,8
11322,5,4,1,1,5,0,0
9608369,3,1,2,3,0,3,10
9907426,9,1,8,19,1,8,15
10140,4,2,2,3,0,4,7
9811272,2,2,0,0,1,1,2
210209,3,2,1,1,0,3,23
9509343,6,5,1,1,6,0,0
203006,6,1,5,7,0,6,20
111360,1,1,0,0,0,1,2
204183,0,0,0,0,0,0,0
210445,0,0,0,0,0,0,0
9710478,3,2,1,1,2,1,3
9509269,22,11,11,24,21,1,1
202013,7,3,4,4,0,7,26
103245,4,3,1,1,0,4,33
9708477,7,3,4,8,5,2,8
9211264,1,1,0,0,1,0,0
9711419,2,2,0,0,1,1,1
9909242,5,3,2,3,1,4,10
6130,3,2,1,2,0,3,8
112174,5,2,3,5,0,5,36
9908306,2,2,0,0,0,2,12
109253,1,1,0,0,0,1,15
9801278,2,2,0,0,0,2,6
9911464,4,2,2,2,0,4,20
6133,1,1,0,0,0,1,2
7190,2,2,0,0,0,2,12
108261,2,1,1,1,0,2,6
9905205,10,2,8,20,5,5,5
9703459,3,2,1,2,2,1,4
9509364,1,1,0,0,0,1,1
9273,5,1,4,6,1,4,6
9804423,0,0,0,0,0,0,0
9407385,1,1,0,0,0,1,2
9711334,0,0,0,0,0,0,0
9409370,0,0,0,0,0,0,0
105291,12,3,9,30,1,11,31
209082,0,0,0,0,0,0,0
210154,0,0,0,0,0,0,0
104239,5,2,3,6,0,5,9
9801436,4,3,1,2,1,3,15
9602311,0,0,0,0,0,0,0
3166,1,1,0,0,0,1,2
9805239,5,3,2,2,2,3,3
9501218,0,0,0,0,0,0,0
9809324,5,2,3,4,2,3,6
9809293,2,2,0,0,0,2,5
9902432,1,1,0,0,0,1,4
205058,1,1,0,0,0,1,6
9705367,3,2,1,1,3,0,0
102335,3,1,2,3,0,3,5
105156,4,4,0,0,2,2,5
9911287,3,3,0,0,3,0,0
9606420,0,0,0,0,0,0,0
210238,2,2,0,0,0,2,39
201226,2,2,0,0,0,2,25
211352,3,2,1,1,0,3,8
204161,0,0,0,0,0,0,0
9710261,2,2,0,0,2,0,0
212064,1,1,0,0,0,1,4
9910281,0,0,0,0,0,0,0
9004,4,2,2,3,0,4,8
6306,6,4,2,3,2,4,7
9211331,3,3,0,0,3,0,0
9707437,9,2,7,13,0,9,23
11213,4,4,0,0,1,3,11
9611216,1,1,0,0,0,1,4
9710564,1,1,0,0,1,0,0
9708468,2,1,1,1,1,1,4
111357,9,2,7,15,0,9,115
11023,1,1,0,0,0,1,6
204136,6,3,3,3,0,6,36
112058,1,1,0,0,0,1,3
204186,0,0,0,0,0,0,0
9804279,3,3,0,0,0,3,11
11268,1,1,0,0,1,0,0
111217,1,1,0,0,1,0,0
9302257,6,3,3,5,6,0,0
9806297,0,0,0,0,0,0,0
112332,1,1,0,0,1,0,0
9906361,1,1,0,0,1,0,0
206085,3,3,0,0,0,3,7
11195,7,2,5,5,4,3,8
9912333,1,1,0,0,0,1,1
111082,8,2,6,15,0,8,56
106047,2,2,0,0,1,1,2
108189,5,3,2,2,1,4,32
9907277,2,2,0,0,2,0,0
205243,0,0,0,0,0,0,0
9809511,0,0,0,0,0,0,0
9607267,0,0,0,0,0,0,0
9203217,2,2,0,0,2,0,0
9610226,1,1,0,0,0,1,2
109249,0,0,0,0,0,0,0
104153,5,4,1,1,0,5,25
203215,1,1,0,0,1,0,0
212288,0,0,0,0,0,0,0
6020,1,1,0,0,0,1,1
105266,1,1,0,0,0,1,5
207230,4,3,1,1,0,4,35
112055,2,1,1,1,0,2,4
9911265,4,2,2,3,2,2,2
301071,0,0,0,0,0,0,0
9907451,4,4,0,0,2,2,3
9803243,0,0,0,0,0,0,0
9905444,6,1,5,10,0,6,17
9410201,1,1,0,0,0,1,2
205034,7,2,5,7,1,6,16
302049,1,1,0,0,0,1,10
9511232,2,2,0,0,0,2,6
2088,4,3,1,1,2,2,2
9905564,1,1,0,0,1,0,0
9503288,5,1,4,5,2,3,4
9907445,3,3,0,0,0,3,8
9812259,1,1,0,0,0,1,3
9912522,0,0,0,0,0,0,0
301100,0,0,0,0,0,0,0
9610531,1,1,0,0,0,1,2
211046,1,1,0,0,0,1,7
9351,0,0,0,0,0,0,0
9909344,2,2,0,0,0,2,8
8212,1,1,0,0,0,1,2
106102,1,1,0,0,0,1,1
112298,0,0,0,0,0,0,0
9802336,1,1,0,0,0,1,5
9607327,1,1,0,0,1,0,0
9906236,0,0,0,0,0,0,0
7118,2,2,0,0,2,0,0
210106,2,2,0,0,0,2,25
109104,1,1,0,0,1,0,0
12153,2,1,1,1,0,2,13
9605292,2,2,0,0,2,0,0
9412358,1,1,0,0,0,1,4
9912412,1,1,0,0,1,0,0
106070,1,1,0,0,0,1,5
9801335,1,1,0,0,0,1,5
4166,2,2,0,0,0,2,2
9404268,2,2,0,0,2,0,0
9107,2,2,0,0,0,2,38
9608240,1,1,0,0,0,1,1
9811391,2,2,0,0,2,0,0
204158,1,1,0,0,0,1,2
9604334,2,1,1,1,0,2,4
205043,1,1,0,0,0,1,1
212113,2,2,0,0,0,2,16
209370,0,0,0,0,0,0,0
9603433,1,1,0,0,0,1,6
9701270,1,1,0,0,0,1,1
204276,0,0,0,0,0,0,0
9911387,2,2,0,0,0,2,6
9512322,2,1,1,1,0,2,5
9612343,0,0,0,0,0,0,0
108076,3,2,1,1,0,3,11
201187,0,0,0,0,0,0,0
9507297,0,0,0,0,0,0,0
9309229,1,1,0,0,1,0,0
9710385,2,2,0,0,0,2,8
205088,2,2,0,0,0,2,21
206169,2,2,0,0,1,1,3
105081,1,1,0,0,1,0,0
9812509,2,2,0,0,1,1,1
202015,3,3,0,0,1,2,9
102164,0,0,0,0,0,0,0
2189,2,2,0,0,0,2,11
9909571,3,1,2,2,0,3,6
7309,6,5,1,1,0,6,12
101321,2,2,0,0,0,2,13
203134,4,2,2,3,0,4,16
105144,1,1,0,0,0,1,2
9609456,0,0,0,0,0,0,0
5127,1,1,0,0,0,1,15
9908239,0,0,0,0,0,0,0
209041,0,0,0,0,0,0,0
209015,1,1,0,0,0,1,3
9611279,0,0,0,0,0,0,0
9611202,0,0,0,0,0,0,0
11319,1,1,0,0,0,1,1
209029,2,2,0,0,0,2,11
201111,0,0,0,0,0,0,0
210216,1,1,0,0,0,1,5
9604319,0,0,0,0,0,0,0
111351,3,3,0,0,0,3,3
104043,0,0,0,0,0,0,0
9505316,1,1,0,0,1,0,0
9804435,1,1,0,0,1,0,0
210116,0,0,0,0,0,0,0
9903321,0,0,0,0,0,0,0
9088,0,0,0,0,0,0,0
9807548,0,0,0,0,0,0,0
112270,1,1,0,0,0,1,12
9811321,5,3,2,3,0,5,35
9506238,2,1,1,1,2,0,0
106299,2,1,1,1,1,1,1
3048,0,0,0,0,0,0,0
9712536,0,0,0,0,0,0,0
9401353,5,3,2,3,4,1,1
9307331,0,0,0,0,0,0,0
205124,0,0,0,0,0,0,0
9709260,1,1,0,0,0,1,5
9905401,0,0,0,0,0,0,0
9807388,1,1,0,0,0,1,3
9705301,0,0,0,0,0,0,0
9804210,5,3,2,2,0,5,40
9904412,0,0,0,0,0,0,0
9502216,1,1,0,0,1,0,0
9706485,2,2,0,0,0,2,6
9708402,2,1,1,1,0,2,24
208276,1,1,0,0,0,1,6
107198,0,0,0,0,0,0,0
9906367,1,1,0,0,1,0,0
102107,0,0,0,0,0,0,0
9411343,0,0,0,0,0,0,0
9412288,0,0,0,0,0,0,0
9912299,1,1,0,0,1,0,0
101188,1,1,0,0,0,1,4
9506331,2,2,0,0,2,0,0
9307335,3,3,0,0,2,1,1
9801405,0,0,0,0,0,0,0
9808496,2,1,1,1,0,2,26
9905570,1,1,0,0,1,0,0
11040,2,1,1,1,0,2,6
3016,1,1,0,0,1,0,0
9903216,3,2,1,1,0,3,3
9410289,2,2,0,0,2,0,0
9911360,0,0,0,0,0,0,0
2083,0,0,0,0,0,0,0
201033,1,1,0,0,0,1,6
9603269,1,1,0,0,0,1,1
11346,0,0,0,0,0,0,0
3206,1,1,0,0,1,0,0
107108,4,1,3,6,0,4,21
9050,2,1,1,1,1,1,1
4063,2,2,0,0,0,2,7
110361,0,0,0,0,0,0,0
9909503,1,1,0,0,0,1,7
301032,0,0,0,0,0,0,0
302159,0,0,0,0,0,0,0
9411262,1,1,0,0,0,1,2
9905522,0,0,0,0,0,0,0
9903312,0,0,0,0,0,0,0
208054,0,0,0,0,0,0,0
1235,1,1,0,0,0,1,3
3043,2,2,0,0,0,2,4
201024,1,1,0,0,0,1,1
205341,0,0,0,0,0,0,0
212294,0,0,0,0,0,0,0
208192,1,1,0,0,0,1,6
10167,1,1,0,0,0,1,3
9612423,0,0,0,0,0,0,0
9811328,1,1,0,0,0,1,6
6070,0,0,0,0,0,0,0
301233,0,0,0,0,0,0,0
9507324,0,0,0,0,0,0,0
1155,0,0,0,0,0,0,0
9709451,0,0,0,0,0,0,0
109128,1,1,0,0,0,1,5
9810459,1,1,0,0,0,1,7
210197,1,1,0,0,0,1,5
9810311,2,2,0,0,0,2,6
9310370,1,1,0,0,1,0,0
105228,1,1,0,0,0,1,3
9712522,1,1,0,0,0,1,3
9709228,0,0,0,0,0,0,0
301030,0,0,0,0,0,0,0
101196,0,0,0,0,0,0,0
9604308,1,1,0,0,0,1,2
207148,0,0,0,0,0,0,0
2270,1,1,0,0,0,1,3
3232,1,1,0,0,0,1,13
9912466,0,0,0,0,0,0,0
105095,0,0,0,0,0,0,0
7146,0,0,0,0,0,0,0
7168,0,0,0,0,0,0,0
9504201,1,1,0,0,1,0,0
211348,2,2,0,0,0,2,14
9809469,0,0,0,0,0,0,0
204302,1,1,0,0,1,0,0
9809214,1,1,0,0,0,1,7
9712289,0,0,0,0,0,0,0
11341,1,1,0,0,0,1,5
112047,0,0,0,0,0,0,0
104204,2,2,0,0,0,2,11
9709346,0,0,0,0,0,0,0
1118,1,1,0,0,1,0,0
9706455,0,0,0,0,0,0,0
301046,0,0,0,0,0,0,0
9312321,1,1,0,0,1,0,0
104234,0,0,0,0,0,0,0
9811445,0,0,0,0,0,0,0
9912479,0,0,0,0,0,0,0
9809369,1,1,0,0,1,0,0
9712433,0,0,0,0,0,0,0
9804329,5,1,4,10,0,5,18
9308250,0,0,0,0,0,0,0
9909460,0,0,0,0,0,0,0
9412202,1,1,0,0,1,0,0
3008,0,0,0,0,0,0,0
202117,1,1,0,0,0,1,2
9608383,0,0,0,0,0,0,0
9708317,0,0,0,0,0,0,0
9905393,0,0,0,0,0,0,0
211060,0,0,0,0,0,0,0
212262,0,0,0,0,0,0,0
9608381,0,0,0,0,0,0,0
9506339,0,0,0,0,0,0,0
204035,0,0,0,0,0,0,0
9908457,0,0,0,0,0,0,0
9801371,3,2,1,1,3,0,0
7249,0,0,0,0,0,0,0
9501412,0,0,0,0,0,0,0
212201,0,0,0,0,0,0,0
112257,0,0,0,0,0,0,0
9905303,0,0,0,0,0,0,0
9608298,0,0,0,0,0,0,0
9903415,1,1,0,0,1,0,0
301252,0,0,0,0,0,0,0
105255,1,1,0,0,0,1,2
9311223,0,0,0,0,0,0,0
9704431,0,0,0,0,0,0,0
9275,1,1,0,0,0,1,6
109011,0,0,0,0,0,0,0
9510395,0,0,0,0,0,0,0
212045,0,0,0,0,0,0,0
302078,2,1,1,1,0,2,5
12263,1,1,0,0,1,0,0
212243,0,0,0,0,0,0,0
9712439,0,0,0,0,0,0,0
9508331,0,0,0,0,0,0,0
112149,0,0,0,0,0,0,0
301024,1,1,0,0,0,1,1
11109,0,0,0,0,0,0,0
203024,1,1,0,0,0,1,1
101096,0,0,0,0,0,0,0
205095,1,1,0,0,0,1,3
202225,0,0,0,0,0,0,0
9707538,0,0,0,0,0,0,0
210121,0,0,0,0,0,0,0
9911282,0,0,0,0,0,0,0
9403309,0,0,0,0,0,0,0
301073,1,1,0,0,0,1,13
207144,0,0,0,0,0,0,0
302139,0,0,0,0,0,0,0
9810353,0,0,0,0,0,0,0
9610338,0,0,0,0,0,0,0
9702405,0,0,0,0,0,0,0
9407364,0,0,0,0,0,0,0
103190,1,1,0,0,1,0,0
9607348,0,0,0,0,0,0,0
302156,0,0,0,0,0,0,0
9807437,0,0,0,0,0,0,0
9405395,1,1,0,0,1,0,0
9503440,0,0,0,0,0,0,0
9810231,0,0,0,0,0,0,0
209298,0,0,0,0,0,0,0
9902213,0,0,0,0,0,0,0
301041,0,0,0,0,0,0,0
4009,0,0,0,0,0,0,0
210379,0,0,0,0,0,0,0
3002,0,0,0,0,0,0,0
9804350,0,0,0,0,0,0,0
12166,0,0,0,0,0,0,0
9204,0,0,0,0,0,0,0
208183,0,0,0,0,0,0,0
203112,0,0,0,0,0,0,0
211010,0,0,0,0,0,0,0
203157,1,1,0,0,1,0,0
11261,0,0,0,0,0,0,0
6323,0,0,0,0,0,0,0
9509417,1,1,0,0,1,0,0
208039,0,0,0,0,0,0,0
111371,0,0,0,0,0,0,0
9511408,0,0,0,0,0,0,0
9701417,0,0,0,0,0,0,0
201222,0,0,0,0,0,0,0
9708277,0,0,0,0,0,0,0
9611390,0,0,0,0,0,0,0
9609464,0,0,0,0,0,0,0
9608202,0,0,0,0,0,0,0
9902474,0,0,0,0,0,0,0
112056,0,0,0,0,0,0,0
9402202,0,0,0,0,0,0,0
212405,0,0,0,0,0,0,0
9812330,0,0,0,0,0,0,0
9510411,0,0,0,0,0,0,0
104282,0,0,0,0,0,0,0
9511438,0,0,0,0,0,0,0
9912477,0,0,0,0,0,0,0
205005,0,0,0,0,0,0,0
9608268,0,0,0,0,0,0,0
207081,3,1,2,2,0,3,6
9707501,1,1,0,0,1,0,0
9305312,0,0,0,0,0,0,0
209352,0,0,0,0,0,0,0
210290,0,0,0,0,0,0,0
5231,0,0,0,0,0,0,0
9604428,0,0,0,0,0,0,0
9911483,0,0,0,0,0,0,0
9504249,0,0,0,0,0,0,0
1099,0,0,0,0,0,0,0
12124,0,0,0,0,0,0,0
107253,0,0,0,0,0,0,0
110168,0,0,0,0,0,0,0
2296,0,0,0,0,0,0,0
102155,0,0,0,0,0,0,0
9711497,0,0,0,0,0,0,0
9310294,0,0,0,0,0,0,0
103117,0,0,0,0,0,0,0
9406259,0,0,0,0,0,0,0
9501203,0,0,0,0,0,0,0
9811511,0,0,0,0,0,0,0
12106,0,0,0,0,0,0,0
212310,0,0,0,0,0,0,0
9911451,0,0,0,0,0,0,0
9506414,0,0,0,0,0,0,0
9709287,0,0,0,0,0,0,0
9909328,0,0,0,0,0,0,0
9509425,0,0,0,0,0,0,0
9801310,0,0,0,0,0,0,0
9909289,0,0,0,0,0,0,0
2247,0,0,0,0,0,0,0
3083,0,0,0,0,0,0,0
9808420,0,0,0,0,0,0,0
12243,0,0,0,0,0,0,0
105020,0,0,0,0,0,0,0
209076,0,0,0,0,0,0,0
208060,0,0,0,0,0,0,0
112093,0,0,0,0,0,0,0
9408385,0,0,0,0,0,0,0
112136,0,0,0,0,0,0,0
111121,0,0,0,0,0,0,0
11106,0,0,0,0,0,0,0
9812496,0,0,0,0,0,0,0
210293,0,0,0,0,0,0,0
9309207,0,0,0,0,0,0,0
9901234,0,0,0,0,0,0,0
9902344,0,0,0,0,0,0,0
210176,0,0,0,0,0,0,0
9802233,0,0,0,0,0,0,0
4131,0,0,0,0,0,0,0
9611309,0,0,0,0,0,0,0
302246,0,0,0,0,0,0,0
112091,0,0,0,0,0,0,0
9909548,0,0,0,0,0,0,0
111444,0,0,0,0,0,0,0
9505235,23,6,17,54,23,0,0
9605245,19,1,18,46,3,16,16
3323,31,8,23,113,1,30,363
102012,7,3,4,9,0,7,62
9905312,256,18,238,1822,146,110,130
9311357,71,13,58,260,10,61,61
9501389,8,4,4,11,3,5,5
9612262,19,6,13,22,0,19,88
9908520,13,5,8,9,3,10,27
104027,18,3,15,29,0,18,102
9304219,3,1,2,2,3,0,0
9603409,17,6,11,27,1,16,33
9702321,9,1,8,11,0,9,23
9405322,49,18,31,92,34,15,25
9808468,38,5,33,146,7,31,98
9704312,24,5,19,60,6,18,45
9510300,12,2,10,27,4,8,12
9703450,25,2,23,78,3,22,97
9806332,28,2,26,78,6,22,141
9909538,16,3,13,37,3,13,73
7286,13,9,4,6,1,12,89
9406401,9,6,3,5,3,6,22
9802368,16,4,12,24,3,13,57
108264,21,13,8,10,11,10,23
9805229,13,4,9,15,1,12,75
9507389,2,2,0,0,2,0,0
9512313,13,2,11,18,1,12,41
107101,29,7,22,53,7,22,46
208036,2,1,1,1,0,2,3
9502284,11,4,7,20,11,0,0
9403285,7,3,4,8,2,5,5
9212285,65,15,50,174,35,30,30
9503434,9,3,6,8,1,8,22
9510241,2,1,1,1,2,0,0
9310320,87,12,75,393,21,66,81
9501219,1,1,0,0,1,0,0
9504342,101,7,94,747,88,13,15
9806387,224,5,219,2302,78,146,421
9903308,84,9,75,475,39,45,112
9507212,88,6,82,577,21,67,140
9504222,38,5,33,121,6,32,49
9511446,43,6,37,144,26,17,33
9902204,34,6,28,88,4,30,67
9912205,28,8,20,26,6,22,51
9209215,63,19,44,131,63,0,0
9808485,11,1,10,31,1,10,10
9809401,25,8,17,40,14,11,17
9811282,20,1,19,71,6,14,34
9910428,38,7,31,121,2,36,268
9509327,81,7,74,547,26,55,142
9712281,7,6,1,1,7,0,0
9812244,3,3,0,0,1,2,3
9901203,6,3,3,8,0,6,12
9405374,13,7,6,13,1,12,16
9608308,76,7,69,451,12,64,152
9803255,10,3,7,11,6,4,8
9802287,29,4,25,76,1,28,99
9512388,44,6,38,139,21,23,40
3301,14,4,10,32,1,13,65
9610374,4,3,1,1,3,1,1
9504314,76,8,68,372,11,65,127
9211260,59,18,41,227,59,0,0
9901260,28,5,23,74,0,28,179
9701253,31,3,28,74,31,0,0
9206238,14,13,1,1,14,0,0
109259,1,1,0,0,0,1,3
105194,18,12,6,15,2,16,86
9507460,43,5,38,223,3,40,285
9711428,37,4,33,102,0,37,152
9407226,18,6,12,24,13,5,7
101098,6,3,3,4,1,5,20
9607397,78,10,68,432,2,76,416
9703250,27,5,22,62,1,26,243
9712254,23,5,18,35,6,17,33
9303204,29,3,26,141,29,0,0
9403225,21,12,9,20,21,0,0
5089,24,5,19,32,7,17,38
9305304,29,10,19,44,4,25,49
9901342,12,5,7,9,0,12,77
9808431,36,6,30,131,4,32,67
9707368,13,6,7,11,2,11,25
9702318,60,6,54,253,1,59,264
9704300,13,4,9,15,10,3,5
9405401,40,6,34,155,40,0,0
9712294,3,2,1,1,3,0,0
9211211,37,13,24,60,27,10,22
9908229,28,5,23,63,2,26,158
9308264,34,10,24,58,34,0,0
9604378,7,2,5,8,1,6,9
9710204,68,6,62,244,26,42,57
9203201,73,17,56,373,73,0,0
9512421,18,5,13,39,0,18,68
9901382,6,4,2,2,1,5,18
9507293,7,5,2,2,7,0,0
9305266,74,22,52,169,56,18,18
9504295,16,3,13,37,0,16,28
3028,11,2,9,26,0,11,24
9909495,5,4,1,1,0,5,24
9509239,49,13,36,139,15,34,63
9411368,32,16,16,48,14,18,19
9609490,16,7,9,16,3,13,31
9304276,15,10,5,5,15,0,0
9609235,3,3,0,0,0,3,7
9411332,19,3,16,36,0,19,46
9911256,7,3,4,4,0,7,86
9208220,17,7,10,24,17,0,0
9312284,20,4,16,49,20,0,0
9409418,13,5,8,13,0,13,60
9804416,10,3,7,15,0,10,62
9312306,35,11,24,56,7,28,50
9410387,61,6,55,296,11,50,138
9805404,11,6,5,10,0,11,17
9308304,19,7,12,26,17,2,2
9302240,30,7,23,61,30,0,0
9611453,24,2,22,83,0,24,95
6205,21,3,18,65,9,12,70
9804224,43,9,34,156,19,24,73
9801435,5,3,2,3,2,3,6
7109,24,11,13,32,2,22,147
1216,16,4,12,18,0,16,127
9611415,4,3,1,1,1,3,16
4052,8,5,3,5,2,6,11
9608299,11,5,6,12,0,11,28
3134,6,3,3,3,0,6,25
9709417,17,1,16,79,1,16,104
9707296,15,2,13,33,0,15,31
9207232,20,2,18,67,20,0,0
9710213,9,2,7,20,0,9,21
9901201,24,2,22,163,0,24,141
9911273,28,9,19,49,0,28,360
9308370,6,2,4,5,1,5,5
2123,25,1,24,85,0,25,363
9808444,70,2,68,882,0,70,243
9908310,59,3,56,419,0,59,576
9403370,42,15,27,68,18,24,37
9908235,25,3,22,120,0,25,166
110285,0,0,0,0,0,0,0
101289,4,3,1,1,0,4,18
107331,27,4,23,112,0,27,140
9904383,15,5,10,16,3,12,21
9403253,20,9,11,20,7,13,23
9412332,18,9,9,25,10,8,20
9810500,33,2,31,135,2,31,277
9209250,40,14,26,74,29,11,11
9710438,36,6,30,159,1,35,101
9302227,53,15,38,99,53,0,0
2285,31,6,25,108,0,31,199
9606387,9,2,7,9,4,5,26
9808276,2,2,0,0,0,2,18
9402282,12,3,9,19,4,8,18
9603336,26,8,18,34,1,25,101
9612389,25,9,16,31,6,19,97
9401311,27,7,20,39,27,0,0
9312201,35,11,24,144,32,3,3
9902270,9,1,8,23,0,9,51
9906509,10,7,3,4,5,5,12
9606280,69,11,58,243,14,55,127
9604357,21,2,19,57,2,19,33
9806361,29,5,24,48,12,17,44
9708427,24,8,16,32,9,15,16
9705414,28,6,22,61,0,28,397
9706507,37,14,23,42,13,24,34
9712387,9,3,6,15,1,8,17
9312205,7,6,1,1,7,0,0
9603386,14,3,11,34,11,3,7
6006,3,1,2,3,0,3,17
302003,45,8,37,122,45,0,0
9610461,19,6,13,43,0,19,432
9604336,10,8,2,3,3,7,62
9510309,96,3,93,651,16,80,201
9703434,27,3,24,97,4,23,49
5303,8,5,3,3,0,8,61
9904310,21,6,15,31,4,17,69
9712231,15,7,8,25,6,9,10
9501356,8,4,4,15,0,8,79
202110,14,9,5,10,2,12,283
9612359,8,6,2,3,0,8,40
102255,28,2,26,169,2,26,260
3081,36,6,30,142,0,36,257
1019,54,5,49,314,1,53,310
9408226,15,1,14,28,0,15,24
9908390,29,1,28,116,7,22,57
9404253,29,13,16,31,7,22,58
9503488,10,6,4,8,2,8,54
108191,31,7,24,55,1,30,159
101273,14,3,11,27,1,13,30
9908525,8,2,6,10,1,7,48
9408244,6,2,4,9,0,6,6
9909203,65,3,62,398,1,64,601
9810530,11,2,9,18,2,9,12
9605430,7,5,2,3,7,0,0
9810286,10,2,8,17,0,10,37
9611450,22,4,18,53,3,19,45
9507240,46,8,38,173,10,36,119
9807262,8,1,7,14,1,7,25
9702417,14,4,10,28,7,7,17
9706334,23,10,13,23,2,21,88
9612249,1,1,0,0,1,0,0
9904232,38,2,36,273,0,38,684
9905311,65,6,59,350,0,65,641
101085,12,6,6,8,2,10,31
9509373,34,20,14,24,27,7,10
11368,12,6,6,7,2,10,33
9609377,23,6,17,38,8,15,30
201114,10,4,6,13,0,10,77
102237,4,2,2,2,2,2,13
108252,8,3,5,6,0,8,37
201139,30,2,28,172,0,30,477
102065,16,4,12,38,1,15,67
9706344,82,5,77,488,7,75,226
9802216,5,2,3,3,1,4,12
9410389,8,4,4,9,1,7,12
104113,2,2,0,0,0,2,18
9911231,4,3,1,1,0,4,91
9911540,1,1,0,0,0,1,4
103031,11,2,9,16,0,11,131
9710453,8,2,6,10,1,7,35
9609480,31,10,21,42,10,21,48
9501323,11,6,5,8,6,5,5
5310,15,5,10,20,0,15,57
9304255,20,9,11,29,4,16,19
9709350,7,2,5,11,0,7,24
9906467,5,2,3,4,0,5,28
9903360,1,1,0,0,1,0,0
109197,20,11,9,26,2,18,257
9105,1,1,0,0,0,1,4
9612307,5,1,4,7,1,4,109
108024,11,2,9,14,3,8,45
9254,52,14,38,110,0,52,411
9412221,1,1,0,0,0,1,7
9610423,13,7,6,9,6,7,13
9804217,23,2,21,65,2,21,124
9602374,86,19,67,273,0,86,787
9602223,75,2,73,324,1,74,279
9612237,19,3,16,46,1,18,124
9504403,4,4,0,0,0,4,10
9712486,4,1,3,3,1,3,7
9401281,7,3,4,7,7,0,0
9610212,6,3,3,3,0,6,49
9701261,3,2,1,1,0,3,9
106314,6,4,2,2,6,0,0
9704385,18,2,16,47,7,11,32
9812372,3,3,0,0,3,0,0
9408235,2,1,1,1,2,0,0
107095,1,1,0,0,0,1,2
9404211,6,2,4,11,5,1,1
9710270,79,8,71,490,1,78,397
9506442,12,5,7,9,2,10,17
9711368,9,7,2,2,1,8,30
9911490,11,2,9,13,0,11,194
9904479,3,2,1,1,1,2,4
9606385,8,4,4,7,1,7,13
9807346,6,5,1,1,1,5,19
9407332,4,4,0,0,1,3,6
9705413,24,9,15,27,11,13,18
9701289,109,29,80,402,13,96,418
9308263,38,8,30,86,8,30,30
9311285,24,2,22,60,2,22,22
9208208,7,3,4,5,7,0,0
9901442,51,6,45,143,1,50,194
9901362,41,17,24,48,2,39,349
109195,1,1,0,0,0,1,1
9804370,1,1,0,0,0,1,3
9908339,13,8,5,5,6,7,19
9710356,28,5,23,102,2,26,85
9707365,17,6,11,20,0,17,121
9811396,2,1,1,1,0,2,8
9507320,2,1,1,1,0,2,2
9405400,22,8,14,35,12,10,13
9705297,1,1,0,0,1,0,0
9710541,14,8,6,8,2,12,66
9703448,26,4,22,78,2,24,106
9507432,5,2,3,5,0,5,28
9509249,27,4,23,78,27,0,0
9707532,48,2,46,294,6,42,261
9301217,3,2,1,1,1,2,2
9411427,1,1,0,0,0,1,1
9706298,19,4,15,39,0,19,252
9705266,8,5,3,4,4,4,8
9809498,25,4,21,68,2,23,125
4100,7,5,2,2,1,6,65
9911481,18,5,13,21,0,18,168
9909390,20,3,17,76,2,18,115
9301213,7,4,3,6,1,6,9
9403252,21,6,15,46,21,0,0
9812495,10,5,5,21,0,10,55
9510393,22,7,15,59,0,22,93
9805300,11,7,4,7,1,10,19
9510364,1,1,0,0,1,0,0
9801386,21,3,18,41,0,21,59
9710236,10,2,8,22,1,9,15
3303,5,4,1,1,0,5,6
9402351,8,3,5,5,7,1,1
9709349,8,2,6,17,0,8,67
9306207,16,8,8,10,13,3,5
9712368,41,28,13,22,29,12,48
1205,2,1,1,1,0,2,5
9708215,11,4,7,11,6,5,8
9910348,7,4,3,6,0,7,45
9902449,51,6,45,135,3,48,165
9310263,2,1,1,1,1,1,2
9301277,4,2,2,2,4,0,0
6232,13,5,8,22,1,12,35
6307,43,12,31,86,5,38,289
9803313,20,9,11,17,11,9,9
103068,17,3,14,52,0,17,42
9609511,32,3,29,158,10,22,48
9910408,17,2,15,38,0,17,107
9507263,11,1,10,28,2,9,15
107062,2,2,0,0,0,2,6
9606253,8,3,5,5,4,4,16
9704262,32,12,20,54,9,23,55
9505341,8,3,5,5,0,8,39
9511371,15,7,8,12,4,11,12
207242,5,1,4,8,0,5,41
9307218,12,5,7,11,12,0,0
9704338,23,5,18,97,23,0,0
9411392,13,1,12,38,1,12,94
4209,4,2,2,5,1,3,8
11164,2,2,0,0,0,2,26
9708300,13,3,10,21,0,13,37
9609466,3,1,2,3,0,3,4
9409382,7,1,6,13,7,0,0
9507406,2,2,0,0,1,1,2
105235,3,1,2,3,0,3,12
9411339,6,4,2,2,3,3,15
9412287,2,2,0,0,1,1,2
9701373,7,2,5,12,7,0,0
9308371,20,12,8,14,5,15,20
9611406,5,2,3,5,0,5,42
6259,6,4,2,3,1,5,13
8265,0,0,0,0,0,0,0
9711345,8,3,5,7,5,3,3
9707319,14,5,9,17,2,12,70
9702209,22,5,17,39,1,21,82
8156,10,6,4,7,0,10,156
12221,17,6,11,25,0,17,116
9804377,21,5,16,32,0,21,175
9602354,2,2,0,0,0,2,5
9801257,9,2,7,15,2,7,10
9310341,10,4,6,8,10,0,0
9404250,1,1,0,0,1,0,0
9708363,24,10,14,30,3,21,59
102111,16,5,11,34,0,16,77
109003,2,1,1,1,0,2,12
9510462,2,1,1,1,0,2,5
9502412,4,2,2,4,4,0,0
5064,16,6,10,26,2,14,98
106075,6,5,1,1,0,6,18
9707297,7,1,6,12,0,7,31
12017,39,9,30,142,0,39,354
9211269,1,1,0,0,1,0,0
12018,11,1,10,23,10,1,1
209258,3,0,3,3,0,3,5
9607470,8,1,7,14,1,7,15
108071,42,6,36,228,0,42,424
9705419,1,1,0,0,1,0,0
12337,10,2,8,24,0,10,80
9205210,27,12,15,38,27,0,0
9402275,9,3,6,9,2,7,9
9608396,9,3,6,11,6,3,3
9603265,10,1,9,20,8,2,4
9901381,15,5,10,22,15,0,0
9604333,10,3,7,29,0,10,36
9907428,11,7,4,5,3,8,12
9508304,3,3,0,0,0,3,5
301251,0,0,0,0,0,0,0
9404329,1,1,0,0,0,1,1
109066,15,6,9,21,0,15,45
9308278,6,3,3,7,0,6,18
9311318,6,3,3,4,2,4,6
9408257,25,3,22,55,13,12,12
9408305,23,5,18,48,23,0,0
5194,7,2,5,12,0,7,23
106286,6,3,3,5,0,6,21
206088,5,2,3,4,0,5,13
201022,2,1,1,1,0,2,8
9807214,3,2,1,1,0,3,15
9903407,9,2,7,14,0,9,84
107201,13,4,9,23,0,13,101
9909378,6,2,4,5,5,1,10
9708481,29,2,27,102,15,14,22
106246,10,5,5,8,0,10,43
3224,10,5,5,5,0,10,56
112123,5,5,0,0,0,5,34
9411249,4,4,0,0,0,4,8
9512229,10,6,4,5,0,10,54
9807492,5,3,2,3,3,2,4
9407292,27,4,23,92,2,25,45
9707385,12,5,7,14,3,9,26
206116,0,0,0,0,0,0,0
1327,12,5,7,16,11,1,1
9904420,21,3,18,70,0,21,162
9808454,42,4,38,130,1,41,214
9610217,26,5,21,109,16,10,10
3011,8,3,5,10,1,7,18
9308295,28,11,17,36,28,0,0
9406279,3,2,1,1,3,0,0
9912330,13,1,12,28,0,13,120
9409435,3,2,1,1,3,0,0
102134,10,7,3,4,0,10,15
8116,5,2,3,4,1,4,12
110242,10,3,7,14,0,10,82
9604446,7,4,3,6,0,7,9
9507397,9,3,6,10,9,0,0
109007,2,1,1,1,0,2,8
9710458,2,2,0,0,2,0,0
9701377,1,1,0,0,1,0,0
210402,1,1,0,0,0,1,4
9810412,9,3,6,25,0,9,27
7096,12,2,10,36,0,12,45
9508376,1,1,0,0,0,1,1
9506406,7,2,5,6,0,7,33
9806382,16,3,13,57,0,16,144
7246,6,3,3,3,2,4,16
9506479,3,3,0,0,3,0,0
102271,6,6,0,0,2,4,7
9511389,2,1,1,1,0,2,4
9906359,11,4,7,7,4,7,12
9406201,1,1,0,0,0,1,1
9804437,6,5,1,1,2,4,12
9511421,6,4,2,3,2,4,8
9602256,5,3,2,2,0,5,21
9907401,3,1,2,2,0,3,39
9703410,9,3,6,11,8,1,1
9809510,15,3,12,29,0,15,63
9806232,37,6,31,142,0,37,306
9503496,4,4,0,0,4,0,0
9906223,12,5,7,17,0,12,23
9601322,3,1,2,2,3,0,0
9907286,4,2,2,2,0,4,4
9410213,8,1,7,11,0,8,48
9909207,10,1,9,20,0,10,50
102039,2,2,0,0,0,2,6
207114,3,2,1,1,1,2,16
9710345,1,1,0,0,0,1,4
108061,4,2,2,2,0,4,22
105027,2,2,0,0,0,2,16
9602327,8,4,4,10,8,0,0
9605426,2,2,0,0,2,0,0
9710279,5,3,2,2,1,4,12
9512235,1,1,0,0,0,1,3
9309321,1,1,0,0,1,0,0
9811301,10,1,9,34,4,6,6
8105,11,5,6,12,0,11,80
207054,0,0,0,0,0,0,0
111186,2,2,0,0,1,1,3
9512393,13,4,9,17,2,11,25
9810517,19,2,17,74,0,19,148
9808246,4,2,2,3,0,4,6
9712332,1,1,0,0,0,1,2
9402244,2,1,1,1,2,0,0
9904483,12,1,11,21,6,6,8
9703214,10,5,5,7,5,5,10
211358,1,1,0,0,0,1,1
9401244,1,1,0,0,1,0,0
9406264,5,4,1,2,2,3,5
9809539,10,9,1,1,5,5,14
9607324,10,5,5,12,0,10,49
9705202,6,2,4,6,0,6,28
105180,9,4,5,8,0,9,80
9403380,5,5,0,0,3,2,2
203150,4,3,1,1,0,4,41
9303310,3,3,0,0,3,0,0
9503252,4,3,1,1,1,3,4
9501316,3,2,1,1,3,0,0
109233,10,7,3,6,0,10,25
9604288,6,3,3,3,5,1,1
9903380,3,2,1,2,3,0,0
7344,3,1,2,2,1,2,14
9507391,1,1,0,0,1,0,0
210241,1,1,0,0,0,1,6
12369,3,1,2,3,0,3,40
9905208,2,2,0,0,0,2,10
9605401,10,2,8,18,0,10,28
9610485,4,4,0,0,0,4,8
9704453,7,3,4,10,2,5,8
9406433,1,1,0,0,1,0,0
211307,0,0,0,0,0,0,0
108050,3,2,1,2,1,2,7
9811446,5,5,0,0,2,3,7
5060,8,2,6,9,0,8,25
9802346,4,1,3,4,1,3,4
9612482,1,1,0,0,0,1,3
9810426,7,3,4,4,0,7,28
9604208,2,2,0,0,0,2,5
9806352,23,6,17,66,0,23,90
9408254,8,3,5,11,1,7,7
9502328,1,1,0,0,0,1,1
9702362,9,5,4,10,0,9,35
208272,2,1,1,1,0,2,26
9811346,7,5,2,3,0,7,28
9309262,4,2,2,2,4,0,0
9803265,5,1,4,7,0,5,13
9508403,37,10,27,63,37,0,0
9909412,2,1,1,1,0,2,2
105067,11,2,9,15,1,10,36
9604286,2,2,0,0,0,2,2
9503373,0,0,0,0,0,0,0
206038,12,2,10,22,0,12,125
9905527,1,1,0,0,0,1,1
9504281,7,7,0,0,6,1,1
9812252,12,7,5,7,2,10,48
9408336,8,4,4,7,0,8,13
9910248,2,2,0,0,0,2,4
210359,3,3,0,0,0,3,7
10026,7,3,4,5,2,5,14
206078,12,5,7,15,1,11,63
201129,1,1,0,0,0,1,6
9311365,2,2,0,0,1,1,1
9907544,4,2,2,2,1,3,11
9307362,7,6,1,1,7,0,0
207064,0,0,0,0,0,0,0
206045,6,3,3,3,0,6,27
209159,3,2,1,1,1,2,28
9508306,2,1,1,1,2,0,0
9808242,11,4,7,18,1,10,57
9905466,10,7,3,3,2,8,40
11031,9,5,4,5,1,8,34
9502345,2,2,0,0,1,1,2
301102,0,0,0,0,0,0,0
102229,13,4,9,20,0,13,59
9509283,16,4,12,23,3,13,37
9904437,2,2,0,0,1,1,6
9604267,16,3,13,27,16,0,0
9810528,3,2,1,1,0,3,14
9903245,14,2,12,23,1,13,101
9802230,12,7,5,7,1,11,48
9907359,3,2,1,1,0,3,5
9810516,9,2,7,24,2,7,15
9509368,1,1,0,0,1,0,0
211040,3,2,1,2,0,3,14
9711291,5,3,2,2,1,4,5
11229,12,4,8,15,1,11,72
12141,0,0,0,0,0,0,0
211310,1,1,0,0,0,1,9
203251,4,2,2,2,0,4,67
106311,11,6,5,15,0,11,116
9809218,3,3,0,0,1,2,12
8186,27,9,18,31,0,27,139
9509297,4,3,1,2,0,4,10
108247,7,2,5,8,0,7,69
9810388,6,3,3,4,2,4,12
207014,2,2,0,0,0,2,6
103343,17,5,12,39,0,17,127
302076,1,1,0,0,0,1,3
9304280,2,2,0,0,2,0,0
9303262,2,1,1,1,2,0,0
9408294,5,2,3,5,1,4,7
9510211,1,1,0,0,1,0,0
9810478,2,2,0,0,0,2,7
9610402,12,1,11,26,0,12,38
105057,5,4,1,1,0,5,18
9502403,7,5,2,2,7,0,0
110383,5,3,2,2,0,5,90
9509292,4,3,1,1,4,0,0
9609454,1,1,0,0,0,1,3
209337,7,4,3,6,0,7,99
106229,1,1,0,0,1,0,0
9703258,10,8,2,4,0,10,80
9512275,3,3,0,0,0,3,9
9308216,5,3,2,2,5,0,0
9511224,2,2,0,0,0,2,11
9805336,3,3,0,0,0,3,41
9903280,3,2,1,1,0,3,3
8017,2,1,1,1,0,2,5
9502337,6,3,3,3,4,2,6
9503286,2,2,0,0,0,2,4
9911210,1,1,0,0,0,1,1
9711509,4,2,2,2,0,4,11
9261,3,2,1,1,0,3,12
9812407,0,0,0,0,0,0,0
9310372,1,1,0,0,1,0,0
9706296,2,2,0,0,0,2,6
9609465,3,2,1,1,2,1,3
107105,6,5,1,2,0,6,18
9411400,2,2,0,0,0,2,3
9802308,37,7,30,72,2,35,174
9805314,2,1,1,1,0,2,7
9810329,7,1,6,12,0,7,28
9703216,4,2,2,2,0,4,11
9905348,8,4,4,9,0,8,33
201214,2,2,0,0,0,2,3
9807524,2,1,1,1,0,2,3
9708204,2,1,1,1,0,2,19
9603338,8,4,4,7,0,8,21
209270,2,1,1,1,0,2,10
107018,4,3,1,2,2,2,3
9911530,1,1,0,0,0,1,6
212068,1,1,0,0,0,1,10
110241,1,1,0,0,0,1,4
5141,2,2,0,0,0,2,8
9412354,8,3,5,8,8,0,0
9702228,1,1,0,0,0,1,2
9411445,6,3,3,5,0,6,12
204079,15,5,10,20,0,15,153
9709310,0,0,0,0,0,0,0
5041,2,2,0,0,0,2,2
111303,2,2,0,0,0,2,3
9911322,3,2,1,1,0,3,11
9511455,22,5,17,51,7,15,41
9711478,6,4,2,6,1,5,9
12076,4,2,2,2,1,3,7
9706444,11,1,10,22,0,11,44
11342,1,1,0,0,0,1,1
112210,4,4,0,0,0,4,36
9406414,1,1,0,0,1,0,0
9905545,2,2,0,0,1,1,5
3116,0,0,0,0,0,0,0
203087,1,1,0,0,0,1,12
9506211,0,0,0,0,0,0,0
102099,3,1,2,3,0,3,11
201051,3,2,1,1,2,1,3
9609280,2,2,0,0,1,1,4
9806427,2,1,1,1,0,2,4
9705284,1,1,0,0,1,0,0
9803216,7,3,4,6,4,3,3
8135,15,6,9,13,4,11,28
9307353,1,1,0,0,1,0,0
9607230,1,1,0,0,0,1,5
9902360,2,1,1,1,0,2,17
112042,3,3,0,0,0,3,13
3044,1,1,0,0,1,0,0
9905473,3,3,0,0,0,3,6
9211234,3,1,2,3,3,0,0
205245,2,1,1,1,0,2,2
10134,4,2,2,2,1,3,5
9610365,2,1,1,1,0,2,5
211153,1,1,0,0,1,0,0
9401231,0,0,0,0,0,0,0
9504365,1,1,0,0,0,1,4
9606272,3,1,2,3,0,3,5
4067,3,2,1,1,0,3,11
210410,1,1,0,0,0,1,12
209149,1,1,0,0,1,0,0
9910484,5,5,0,0,2,3,4
9601300,2,1,1,1,2,0,0
9604269,2,1,1,1,0,2,9
1206,8,6,2,3,1,7,8
10309,2,1,1,1,0,2,4
9608271,2,2,0,0,2,0,0
110109,0,0,0,0,0,0,0
9509344,11,6,5,7,11,0,0
204142,8,2,6,12,0,8,38
111396,1,1,0,0,0,1,2
6110,6,3,3,4,0,6,24
206011,1,1,0,0,0,1,19
210094,1,1,0,0,0,1,5
9711252,7,3,4,6,0,7,12
107027,4,3,1,1,3,1,1
9807263,17,2,15,33,0,17,65
9801337,2,1,1,1,1,1,15
9806349,1,1,0,0,1,0,0
9307224,1,1,0,0,1,0,0
9910227,4,4,0,0,1,3,3
4023,3,3,0,0,0,3,11
210206,2,2,0,0,0,2,30
206295,2,2,0,0,0,2,7
5330,1,1,0,0,0,1,1
1305,0,0,0,0,0,0,0
108244,9,4,5,7,0,9,95
8068,3,2,1,1,0,3,6
9702220,4,1,3,4,0,4,6
206248,2,1,1,1,0,2,40
9801301,5,4,1,1,2,3,4
9706477,1,1,0,0,0,1,1
9604314,5,3,2,2,4,1,1
102086,5,2,3,4,0,5,21
9712453,2,1,1,1,0,2,4
9809310,13,2,11,26,0,13,49
9707446,2,1,1,1,2,0,0
9204223,1,1,0,0,1,0,0
9508261,1,1,0,0,1,0,0
10147,2,1,1,1,0,2,6
10215,2,2,0,0,0,2,9
109204,4,2,2,2,0,4,11
205081,0,0,0,0,0,0,0
106296,0,0,0,0,0,0,0
9809365,8,2,6,9,2,6,18
9608348,2,2,0,0,1,1,2
9412292,1,1,0,0,1,0,0
9911361,7,2,5,12,0,7,23
9612352,1,1,0,0,0,1,4
9612487,2,1,1,1,0,2,6
9908401,1,1,0,0,0,1,3
7063,1,1,0,0,0,1,6
103172,5,3,2,2,1,4,11
202246,7,4,3,5,0,7,39
9710556,6,1,5,5,4,2,2
9710542,3,3,0,0,2,1,6
206269,3,1,2,3,0,3,27
207059,2,2,0,0,0,2,7
211080,4,4,0,0,0,4,35
9701203,0,0,0,0,0,0,0
9710319,1,1,0,0,1,0,0
105042,7,3,4,7,1,6,11
9803398,0,0,0,0,0,0,0
9303289,1,1,0,0,1,0,0
101112,1,1,0,0,1,0,0
9902453,0,0,0,0,0,0,0
9509416,7,2,5,12,1,6,11
4102,1,1,0,0,1,0,0
9611348,2,1,1,1,1,1,1
9607482,0,0,0,0,0,0,0
9608300,1,1,0,0,1,0,0
111362,6,5,1,1,0,6,141
9809257,1,1,0,0,0,1,1
111013,5,3,2,3,2,3,6
104309,3,3,0,0,0,3,23
3148,2,2,0,0,0,2,4
9807347,2,2,0,0,0,2,28
9607337,1,1,0,0,1,0,0
9711320,0,0,0,0,0,0,0
206128,2,1,1,1,0,2,44
112130,0,0,0,0,0,0,0
1269,6,5,1,1,2,4,17
9711475,1,1,0,0,0,1,2
9901455,0,0,0,0,0,0,0
109183,2,2,0,0,2,0,0
9603297,1,1,0,0,1,0,0
205108,6,1,5,9,0,6,54
9911514,5,1,4,9,0,5,18
111180,4,3,1,1,1,3,18
9907454,3,3,0,0,1,2,6
201186,1,1,0,0,0,1,1
9906377,1,1,0,0,0,1,1
207007,1,1,0,0,0,1,3
12094,2,2,0,0,0,2,11
302017,0,0,0,0,0,0,0
108167,2,2,0,0,0,2,16
104290,5,3,2,2,0,5,19
9407325,5,5,0,0,5,0,0
203022,2,2,0,0,0,2,4
202156,4,4,0,0,1,3,5
9304203,6,3,3,3,6,0,0
209073,10,6,4,4,1,9,50
202268,2,1,1,1,0,2,4
9806457,3,2,1,1,1,2,2
105045,1,1,0,0,0,1,21
111366,0,0,0,0,0,0,0
9901230,2,2,0,0,2,0,0
9906552,3,1,2,2,0,3,11
206212,0,0,0,0,0,0,0
201216,6,3,3,6,0,6,26
9412362,8,2,6,9,8,0,0
9511369,2,1,1,1,0,2,3
9405369,2,1,1,1,0,2,2
9906386,7,4,3,4,7,0,0
9506444,3,2,1,1,0,3,10
9810293,1,1,0,0,0,1,1
302203,0,0,0,0,0,0,0
111461,0,0,0,0,0,0,0
212130,1,1,0,0,1,0,0
9910496,3,2,1,1,0,3,20
209186,0,0,0,0,0,0,0
9502382,1,1,0,0,1,0,0
9703384,3,3,0,0,0,3,7
6010,1,1,0,0,1,0,0
9412280,3,1,2,2,1,2,4
209324,0,0,0,0,0,0,0
9606409,3,1,2,2,3,0,0
9608208,2,2,0,0,1,1,1
9706533,3,2,1,1,0,3,5
203002,0,0,0,0,0,0,0
112124,5,2,3,3,0,5,29
9308372,0,0,0,0,0,0,0
9705387,2,1,1,1,2,0,0
9703374,2,2,0,0,0,2,4
6297,0,0,0,0,0,0,0
9409379,2,2,0,0,0,2,6
104098,1,1,0,0,0,1,11
212040,0,0,0,0,0,0,0
102196,2,2,0,0,0,2,16
9707290,0,0,0,0,0,0,0
9218,1,1,0,0,0,1,6
109073,0,0,0,0,0,0,0
207225,0,0,0,0,0,0,0
9510436,9,2,7,14,0,9,26
210218,0,0,0,0,0,0,0
9611441,2,2,0,0,2,0,0
211101,1,1,0,0,0,1,9
207307,1,1,0,0,0,1,1
9911507,5,4,1,2,0,5,46
212231,0,0,0,0,0,0,0
9503371,0,0,0,0,0,0,0
205169,0,0,0,0,0,0,0
9810511,1,1,0,0,0,1,3
6344,1,1,0,0,0,1,9
109044,2,2,0,0,0,2,5
9503212,3,3,0,0,3,0,0
9505290,1,1,0,0,1,0,0
207329,1,1,0,0,0,1,1
12334,3,2,1,1,0,3,13
212348,1,1,0,0,0,1,9
1190,2,2,0,0,0,2,9
112046,2,2,0,0,2,0,0
9903537,2,2,0,0,2,0,0
210430,2,1,1,1,0,2,8
109134,0,0,0,0,0,0,0
105179,5,3,2,2,0,5,20
9511240,2,2,0,0,0,2,3
7231,2,2,0,0,0,2,10
3226,2,2,0,0,0,2,2
206238,5,3,2,3,2,3,16
9405284,1,1,0,0,1,0,0
209013,0,0,0,0,0,0,0
9911336,0,0,0,0,0,0,0
9909375,1,1,0,0,0,1,1
111031,0,0,0,0,0,0,0
105333,0,0,0,0,0,0,0
9405213,1,1,0,0,1,0,0
106285,0,0,0,0,0,0,0
203141,3,3,0,0,1,2,3
212178,1,1,0,0,0,1,15
9211265,3,2,1,1,3,0,0
9302277,0,0,0,0,0,0,0
9607422,0,0,0,0,0,0,0
207322,0,0,0,0,0,0,0
104042,1,1,0,0,0,1,3
111050,1,1,0,0,0,1,1
210002,3,3,0,0,1,2,7
202033,2,2,0,0,0,2,3
6088,1,1,0,0,0,1,2
9512402,0,0,0,0,0,0,0
301068,0,0,0,0,0,0,0
205326,0,0,0,0,0,0,0
9912273,2,2,0,0,1,1,2
10219,1,1,0,0,1,0,0
110239,1,1,0,0,0,1,5
102283,6,2,4,5,2,4,9
9712408,2,2,0,0,0,2,13
301235,0,0,0,0,0,0,0
9909314,0,0,0,0,0,0,0
4002,0,0,0,0,0,0,0
9605244,0,0,0,0,0,0,0
9405222,3,3,0,0,3,0,0
9806478,1,1,0,0,0,1,2
9510355,0,0,0,0,0,0,0
9904243,1,1,0,0,0,1,5
9705369,0,0,0,0,0,0,0
9507273,1,1,0,0,0,1,2
9505360,2,2,0,0,1,1,1
209154,0,0,0,0,0,0,0
10067,2,2,0,0,0,2,7
9806517,0,0,0,0,0,0,0
9810399,0,0,0,0,0,0,0
12233,1,1,0,0,1,0,0
3099,3,3,0,0,2,1,2
208065,0,0,0,0,0,0,0
2023,3,1,2,3,0,3,16
111433,1,1,0,0,0,1,1
9903297,0,0,0,0,0,0,0
9404262,1,1,0,0,0,1,1
9907329,0,0,0,0,0,0,0
211450,0,0,0,0,0,0,0
9905574,2,2,0,0,1,1,2
9909351,0,0,0,0,0,0,0
9811210,1,1,0,0,0,1,1
209284,0,0,0,0,0,0,0
207145,0,0,0,0,0,0,0
106171,0,0,0,0,0,0,0
9811220,0,0,0,0,0,0,0
112293,1,1,0,0,1,0,0
206002,0,0,0,0,0,0,0
1134,0,0,0,0,0,0,0
111277,0,0,0,0,0,0,0
9910421,4,1,3,6,0,4,4
9052,1,1,0,0,0,1,1
204015,0,0,0,0,0,0,0
9705434,1,1,0,0,0,1,1
209375,0,0,0,0,0,0,0
9207208,0,0,0,0,0,0,0
302013,0,0,0,0,0,0,0
9606478,1,1,0,0,0,1,5
9808460,2,2,0,0,0,2,2
206267,1,1,0,0,0,1,10
5018,1,1,0,0,1,0,0
9907457,1,1,0,0,0,1,2
106069,2,2,0,0,0,2,9
12180,2,1,1,1,0,2,2
111329,0,0,0,0,0,0,0
9803211,0,0,0,0,0,0,0
211341,1,1,0,0,0,1,2
110297,3,3,0,0,0,3,7
111454,1,1,0,0,0,1,1
9409366,0,0,0,0,0,0,0
201007,1,1,0,0,0,1,2
9807259,1,1,0,0,0,1,1
105249,0,0,0,0,0,0,0
9316,0,0,0,0,0,0,0
9807499,0,0,0,0,0,0,0
107303,0,0,0,0,0,0,0
9512240,0,0,0,0,0,0,0
106126,0,0,0,0,0,0,0
9712366,0,0,0,0,0,0,0
10165,0,0,0,0,0,0,0
9710504,0,0,0,0,0,0,0
9411391,0,0,0,0,0,0,0
9404269,1,1,0,0,1,0,0
9706204,0,0,0,0,0,0,0
211454,0,0,0,0,0,0,0
106234,0,0,0,0,0,0,0
9705480,0,0,0,0,0,0,0
211415,0,0,0,0,0,0,0
9803207,0,0,0,0,0,0,0
9710480,0,0,0,0,0,0,0
9806405,0,0,0,0,0,0,0
5206,1,1,0,0,0,1,5
9904451,0,0,0,0,0,0,0
9205215,1,1,0,0,1,0,0
102110,1,1,0,0,1,0,0
9406376,0,0,0,0,0,0,0
105211,0,0,0,0,0,0,0
9708276,1,1,0,0,0,1,8
8175,0,0,0,0,0,0,0
110212,1,1,0,0,0,1,3
9260,3,1,2,3,3,0,0
9710404,0,0,0,0,0,0,0
9608455,0,0,0,0,0,0,0
9804346,0,0,0,0,0,0,0
302147,0,0,0,0,0,0,0
9305202,2,2,0,0,2,0,0
209363,0,0,0,0,0,0,0
212122,0,0,0,0,0,0,0
101228,0,0,0,0,0,0,0
210416,1,1,0,0,0,1,4
302041,0,0,0,0,0,0,0
9803430,0,0,0,0,0,0,0
206187,0,0,0,0,0,0,0
111413,0,0,0,0,0,0,0
9402272,0,0,0,0,0,0,0
9119,0,0,0,0,0,0,0
209292,0,0,0,0,0,0,0
9901336,0,0,0,0,0,0,0
203250,0,0,0,0,0,0,0
212254,0,0,0,0,0,0,0
9601202,2,2,0,0,0,2,3
9910376,0,0,0,0,0,0,0
111239,0,0,0,0,0,0,0
9909398,0,0,0,0,0,0,0
9506274,1,1,0,0,0,1,2
211137,0,0,0,0,0,0,0
211279,2,2,0,0,0,2,13
9907464,2,1,1,1,1,1,1
6281,2,2,0,0,0,2,4
208131,0,0,0,0,0,0,0
301074,0,0,0,0,0,0,0
9905233,1,1,0,0,0,1,4
206303,0,0,0,0,0,0,0
11354,0,0,0,0,0,0,0
9501321,0,0,0,0,0,0,0
207041,0,0,0,0,0,0,0
9905325,2,1,1,1,2,0,0
8330,0,0,0,0,0,0,0
11197,3,3,0,0,0,3,8
9707495,3,2,1,1,0,3,10
203257,2,2,0,0,0,2,5
9511393,0,0,0,0,0,0,0
111241,0,0,0,0,0,0,0
212219,1,1,0,0,0,1,1
12344,0,0,0,0,0,0,0
210074,1,1,0,0,0,1,3
208082,1,1,0,0,1,0,0
103116,0,0,0,0,0,0,0
9709380,0,0,0,0,0,0,0
212358,0,0,0,0,0,0,0
9808222,1,1,0,0,0,1,6
202005,0,0,0,0,0,0,0
9604291,0,0,0,0,0,0,0
9605390,0,0,0,0,0,0,0
104305,0,0,0,0,0,0,0
9801441,0,0,0,0,0,0,0
9071,0,0,0,0,0,0,0
206031,0,0,0,0,0,0,0
1195,0,0,0,0,0,0,0
9908392,0,0,0,0,0,0,0
12281,0,0,0,0,0,0,0
9610343,0,0,0,0,0,0,0
208172,0,0,0,0,0,0,0
210259,0,0,0,0,0,0,0
302182,0,0,0,0,0,0,0
110065,0,0,0,0,0,0,0
201072,1,1,0,0,0,1,1
204304,0,0,0,0,0,0,0
208198,2,2,0,0,0,2,29
9409226,0,0,0,0,0,0,0
2028,0,0,0,0,0,0,0
9912342,0,0,0,0,0,0,0
211280,0,0,0,0,0,0,0
109022,0,0,0,0,0,0,0
101243,1,1,0,0,0,1,3
9909252,2,1,1,1,0,2,9
9510278,0,0,0,0,0,0,0
302071,0,0,0,0,0,0,0
9807506,0,0,0,0,0,0,0
301171,2,2,0,0,0,2,8
210101,0,0,0,0,0,0,0
9711498,0,0,0,0,0,0,0
9911402,0,0,0,0,0,0,0
211242,0,0,0,0,0,0,0
9157,0,0,0,0,0,0,0
204295,1,1,0,0,1,0,0
9805330,0,0,0,0,0,0,0
9907492,0,0,0,0,0,0,0
106065,0,0,0,0,0,0,0
9908313,1,1,0,0,0,1,3
210252,0,0,0,0,0,0,0
9607368,0,0,0,0,0,0,0
206282,0,0,0,0,0,0,0
301129,0,0,0,0,0,0,0
9402359,0,0,0,0,0,0,0
9410399,1,1,0,0,1,0,0
211028,0,0,0,0,0,0,0
12114,1,1,0,0,0,1,15
1278,0,0,0,0,0,0,0
9807459,1,1,0,0,0,1,1
9504329,0,0,0,0,0,0,0
9508266,0,0,0,0,0,0,0
207128,0,0,0,0,0,0,0
9708422,0,0,0,0,0,0,0
210076,0,0,0,0,0,0,0
205236,0,0,0,0,0,0,0
9809378,0,0,0,0,0,0,0
9909382,0,0,0,0,0,0,0
9296,0,0,0,0,0,0,0
9807521,0,0,0,0,0,0,0
5070,0,0,0,0,0,0,0
302213,0,0,0,0,0,0,0
9709393,0,0,0,0,0,0,0
9404256,0,0,0,0,0,0,0
9511276,0,0,0,0,0,0,0
9711366,0,0,0,0,0,0,0
212177,0,0,0,0,0,0,0
9507295,0,0,0,0,0,0,0
302218,0,0,0,0,0,0,0
105339,0,0,0,0,0,0,0
7308,0,0,0,0,0,0,0
9810335,0,0,0,0,0,0,0
9501242,0,0,0,0,0,0,0
9701211,0,0,0,0,0,0,0
10013,0,0,0,0,0,0,0
206129,0,0,0,0,0,0,0
211253,0,0,0,0,0,0,0
104128,0,0,0,0,0,0,0
301060,0,0,0,0,0,0,0
10138,0,0,0,0,0,0,0
12054,0,0,0,0,0,0,0
111259,0,0,0,0,0,0,0
110264,0,0,0,0,0,0,0
101315,0,0,0,0,0,0,0
9808422,0,0,0,0,0,0,0
106117,0,0,0,0,0,0,0
205171,0,0,0,0,0,0,0
101164,0,0,0,0,0,0,0
9710557,0,0,0,0,0,0,0
9805267,0,0,0,0,0,0,0
110392,1,1,0,0,0,1,1
9902358,0,0,0,0,0,0,0
4022,0,0,0,0,0,0,0
210184,0,0,0,0,0,0,0
9604447,0,0,0,0,0,0,0
9811424,0,0,0,0,0,0,0
211298,0,0,0,0,0,0,0
203142,0,0,0,0,0,0,0
9804269,0,0,0,0,0,0,0
102035,0,0,0,0,0,0,0
9611267,0,0,0,0,0,0,0
212010,0,0,0,0,0,0,0
210413,0,0,0,0,0,0,0
9512209,0,0,0,0,0,0,0
301070,0,0,0,0,0,0,0
101330,0,0,0,0,0,0,0
11151,0,0,0,0,0,0,0
9807533,0,0,0,0,0,0,0
9907529,1,1,0,0,1,0,0
210020,0,0,0,0,0,0,0
301161,0,0,0,0,0,0,0
302029,0,0,0,0,0,0,0
9508214,0,0,0,0,0,0,0
12083,0,0,0,0,0,0,0
9506257,10,8,2,2,9,1,1
9610282,9,2,7,17,0,9,16
4004,123,3,120,951,52,71,162
102077,11,1,10,32,0,11,57
9909564,9,5,4,7,0,9,64
9312311,141,15,126,722,35,106,220
9502338,71,9,62,283,1,70,296
9612313,185,10,175,1531,42,143,686
9909478,31,6,25,59,1,30,288
105306,10,7,3,5,0,10,46
9405274,4,3,1,1,2,2,2
9609437,32,2,30,75,5,27,109
9703412,16,11,5,5,2,14,42
9406416,18,7,11,14,3,15,23
9902434,20,6,14,33,0,20,82
9706304,38,20,18,40,6,32,104
9511260,27,4,23,54,0,27,57
9703463,22,8,14,28,0,22,112
9806401,10,6,4,5,1,9,56
9911407,3,2,1,1,0,3,10
9271,23,8,15,49,9,14,30
9410233,10,5,5,9,0,10,44
9803383,5,4,1,2,1,4,11
9303226,42,9,33,129,27,15,15
9905386,7,1,6,13,5,2,3
9510431,27,9,18,36,10,17,21
9603227,44,9,35,65,3,41,113
107228,2,2,0,0,2,0,0
9606317,0,0,0,0,0,0,0
9503228,28,6,22,58,5,23,35
9408256,0,0,0,0,0,0,0
9308338,12,7,5,9,6,6,10
9310358,53,5,48,210,27,26,29
9511378,37,4,33,140,29,8,15
9311214,133,30,103,413,99,34,42
9602364,13,11,2,2,2,11,35
9505359,142,8,134,995,74,68,91
9806440,61,2,59,453,36,25,47
9903408,32,11,21,55,3,29,61
9604364,69,7,62,400,8,61,309
9504405,54,7,47,240,49,5,5
9603376,6,3,3,6,2,4,15
9902293,22,8,14,32,0,22,233
9912238,25,8,17,39,0,25,88
9505201,26,5,21,78,5,21,46
9809252,12,3,9,24,1,11,20
9703267,32,5,27,109,31,1,1
9812426,46,2,44,305,15,31,66
9911258,17,1,16,64,0,17,129
9610229,86,10,76,531,7,79,239
9712328,6,2,4,13,0,6,10
2149,38,7,31,111,5,33,295
9904301,25,2,23,97,0,25,75
9711476,3,2,1,1,2,1,2
9611425,24,2,22,98,0,24,114
9304241,30,4,26,159,30,0,0
9503312,7,5,2,2,7,0,0
9602326,25,5,20,66,0,25,119
4075,6,2,4,6,1,5,38
9610419,5,4,1,2,1,4,7
9506328,49,3,46,174,4,45,122
9301267,62,17,45,152,57,5,5
9903465,33,1,32,151,0,33,358
9701283,35,4,31,108,4,31,90
9204225,58,17,41,159,58,0,0
110022,11,9,2,2,0,11,81
9711412,2,1,1,1,2,0,0
9509287,26,4,22,65,0,26,114
9804393,15,7,8,12,1,14,58
9511465,22,4,18,67,7,15,38
9910396,18,4,14,50,2,16,57
9607448,21,3,18,69,5,16,48
9703286,19,1,18,80,1,18,69
9712353,8,3,5,10,0,8,27
9303294,17,1,16,49,17,0,0
9606482,1,1,0,0,0,1,1
5124,19,7,12,35,1,18,125
9411296,40,6,34,110,8,32,106
9902205,12,2,10,27,0,12,54
9809282,24,5,19,33,3,21,40
9708396,29,7,22,62,15,14,22
9702322,55,4,51,312,1,54,376
9708305,28,8,20,57,1,27,94
9505249,7,5,2,2,3,4,7
9912270,4,1,3,3,4,0,0
9501380,1,1,0,0,1,0,0
9910501,25,8,17,39,1,24,161
9312258,30,10,20,36,3,27,53
9608466,21,3,18,46,2,19,62
9603412,31,9,22,66,4,27,90
9203203,208,47,161,1306,208,0,0
9708456,128,7,121,1333,31,97,174
9904389,23,12,11,18,7,16,61
9509426,4,3,1,1,2,2,2
9706285,36,5,31,150,2,34,125
9508292,12,7,5,9,2,10,18
3277,12,4,8,17,1,11,19
9808351,5,4,1,1,1,4,6
9611278,6,4,2,3,3,3,21
9305319,69,24,45,110,28,41,41
9610260,45,6,39,168,4,41,62
9410250,8,7,1,1,5,3,5
9609295,2,2,0,0,0,2,10
9501214,32,8,24,116,25,7,7
9305327,6,4,2,2,6,0,0
9311363,7,2,5,7,7,0,0
9312291,42,14,28,58,38,4,4
9412299,3,3,0,0,0,3,13
9805297,12,3,9,20,1,11,36
9503404,36,7,29,111,4,32,158
9506210,12,4,8,16,3,9,14
9903258,13,7,6,15,0,13,60
9405245,8,6,2,2,3,5,17
9602214,14,5,9,25,3,11,14
9703278,75,4,71,282,8,67,127
7087,6,4,2,4,0,6,14
9308243,14,5,9,16,14,0,0
9802440,111,13,98,825,4,107,473
7175,5,3,2,3,5,0,0
4046,5,3,2,5,0,5,50
9612347,19,14,5,5,2,17,48
10234,7,1,6,7,0,7,63
9608482,5,4,1,2,5,0,0
9704452,176,21,155,979,34,142,600
9709443,11,2,9,37,0,11,78
9711214,4,2,2,3,1,3,5
9208249,47,10,37,110,47,0,0
9710255,50,2,48,465,6,44,246
9901229,87,15,72,332,19,68,291
9911340,23,5,18,58,2,21,131
9312318,47,5,42,146,40,7,7
2209,54,4,50,276,0,54,837
9810509,63,5,58,606,0,63,247
9908314,13,1,12,51,0,13,81
9405209,21,7,14,38,2,19,29
9908360,25,12,13,24,7,18,207
3258,45,9,36,130,3,42,236
107223,3,3,0,0,0,3,10
111327,7,2,5,14,0,7,22
9904485,21,7,14,44,0,21,114
9307216,15,9,6,11,3,12,36
9507282,149,15,134,772,93,56,116
9811386,9,4,5,13,0,9,65
9502317,30,8,22,65,2,28,43
9406248,42,10,32,172,10,32,79
9402226,5,3,2,2,1,4,12
9908316,15,3,12,38,0,15,101
9606412,17,3,14,29,4,13,35
9801212,25,5,20,71,1,24,112
9403358,17,9,8,13,3,14,19
9606408,3,2,1,1,0,3,11
9704457,52,5,47,216,27,25,50
9707535,24,6,18,36,2,22,74
9412209,42,10,32,192,30,12,19
9902332,13,5,8,17,7,6,13
9907458,8,7,1,2,2,6,28
9606337,167,4,163,1776,4,163,665
9802383,3,3,0,0,1,2,2
9411239,20,6,14,36,13,7,10
9710533,4,4,0,0,0,4,13
9705435,16,3,13,19,2,14,58
9808346,15,8,7,8,3,12,33
9902203,5,1,4,7,2,3,4
9407339,339,19,320,3019,206,133,219
9605440,16,2,14,29,4,12,34
2049,25,3,22,93,0,25,106
9505262,36,2,34,136,19,17,26
9311293,19,3,16,34,19,0,0
9606235,1,1,0,0,0,1,10
9604296,17,2,15,41,2,15,52
9707256,28,2,26,64,1,27,113
9311228,41,17,24,74,0,41,159
2141,12,3,9,26,2,10,58
9712479,18,6,12,25,1,17,68
9503307,16,4,12,38,1,15,87
204192,8,4,4,5,0,8,145
9701343,10,3,7,20,2,8,18
102259,21,3,18,108,0,21,209
3180,48,8,40,158,3,45,525
1203,12,4,8,14,12,0,0
9409301,48,6,42,175,20,28,56
9908397,26,5,21,75,0,26,230
9406346,25,8,17,54,5,20,57
9512389,9,5,4,5,1,8,21
7155,11,3,8,14,3,8,33
103318,17,2,15,45,5,12,46
9909395,3,2,1,1,0,3,19
9407229,9,4,5,7,3,6,11
9909456,54,8,46,154,8,46,148
9902232,12,2,10,31,0,12,31
9606312,10,5,5,9,4,6,14
9811519,6,4,2,3,0,6,35
9702287,49,18,31,62,12,37,124
9507382,13,3,10,34,1,12,56
9807424,24,7,17,33,5,19,44
9702443,74,16,58,178,3,71,166
9712482,23,9,14,29,1,22,71
9702389,34,7,27,80,6,28,77
9905395,21,3,18,81,0,21,515
9905415,46,2,44,229,0,46,427
101221,4,4,0,0,2,2,13
9601220,11,1,10,18,1,10,46
9901222,32,11,21,45,6,26,57
5232,34,1,33,243,0,34,165
202176,4,3,1,1,0,4,11
103089,3,2,1,2,0,3,11
209193,4,3,1,1,0,4,64
201228,20,3,17,70,0,20,279
109184,6,2,4,7,0,6,50
9401237,11,6,5,6,9,2,2
9803219,25,15,10,15,8,17,84
9411299,23,13,10,26,11,12,30
106033,3,1,2,3,0,3,16
7226,30,14,16,24,0,30,313
9912265,38,7,31,108,0,38,94
103256,28,4,24,80,0,28,327
9808401,8,6,2,2,2,6,30
9707462,11,6,5,6,1,10,42
9410405,16,5,11,15,16,0,0
9211257,13,4,9,16,13,0,0
9207209,23,6,17,43,23,0,0
9804307,5,1,4,6,0,5,28
9909243,11,4,7,10,2,9,44
9302267,26,4,22,52,26,0,0
109238,26,3,23,77,0,26,195
9144,14,5,9,16,1,13,165
9704277,51,8,43,148,6,45,99
109088,6,4,2,2,0,6,22
9705477,128,36,92,239,59,69,134
9502214,5,3,2,3,5,0,0
9704201,40,4,36,217,0,40,189
9806536,4,2,2,3,3,1,1
9605462,8,5,3,6,0,8,71
9610401,17,6,11,23,0,17,62
9702334,17,13,4,8,1,16,41
9506450,8,7,1,1,2,6,20
9801273,3,2,1,1,0,3,12
9402287,2,2,0,0,1,1,1
9205213,35,10,25,82,35,0,0
9703249,16,5,11,27,3,13,13
202007,5,2,3,3,0,5,18
9705345,23,5,18,59,5,18,83
9902382,4,4,0,0,1,3,13
9502329,44,10,34,230,36,8,10
8204,20,2,18,69,2,18,58
9406206,6,3,3,6,0,6,10
9712447,7,1,6,13,0,7,38
9512406,225,44,181,950,127,98,196
9805309,3,3,0,0,0,3,12
9912391,49,11,38,131,0,49,289
3032,19,3,16,64,0,19,272
9309286,9,7,2,4,9,0,0
9808394,2,2,0,0,1,1,1
9303237,14,7,7,12,14,0,0
9708237,19,7,12,24,17,2,3
9705344,61,18,43,185,6,55,243
9310316,85,10,75,352,85,0,0
9312237,20,4,16,33,2,18,30
9302232,68,7,61,387,68,0,0
9902250,20,8,12,28,7,13,31
9901453,7,3,4,6,0,7,56
9710462,6,3,3,4,5,1,1
9311301,13,7,6,11,13,0,0
9909407,10,6,4,7,7,3,5
8302,10,2,8,17,0,10,46
9709376,24,8,16,52,0,24,247
9804268,2,1,1,1,0,2,6
9511375,4,3,1,1,0,4,14
9503381,15,4,11,23,12,3,3
9705466,4,3,1,1,0,4,14
9710546,10,5,5,6,10,0,0
9302300,5,4,1,1,5,0,0
9309219,38,8,30,100,38,0,0
9704319,14,3,11,19,1,13,26
9708480,24,8,16,45,0,24,51
9301285,7,5,2,4,0,7,15
9412266,23,5,18,40,2,21,45
9706482,27,6,21,63,0,27,180
9512439,33,9,24,48,15,18,26
9512361,1,1,0,0,1,0,0
6171,9,3,6,15,0,9,48
9706368,3,1,2,3,3,0,0
9910213,7,4,3,3,1,6,29
9304229,7,4,3,4,3,4,4
9407350,21,3,18,53,21,0,0
9901322,5,2,3,5,0,5,28
9402314,6,2,4,6,0,6,19
9806519,33,4,29,134,0,33,312
9811470,16,2,14,44,13,3,3
10115,8,3,5,5,1,7,11
9711240,11,4,7,15,5,6,11
5321,25,3,22,71,2,23,75
9903236,3,2,1,1,0,3,10
9710256,7,2,5,13,0,7,34
9808458,9,2,7,12,0,9,28
101351,6,4,2,5,0,6,50
4159,7,6,1,1,1,6,15
9710292,6,6,0,0,4,2,4
9912208,5,2,3,4,3,2,4
12362,12,3,9,24,0,12,53
9311327,4,4,0,0,3,1,1
9306262,2,2,0,0,2,0,0
9003,7,4,3,7,0,7,29
9901386,16,11,5,7,2,14,52
9805327,12,1,11,19,4,8,45
11332,17,2,15,48,1,16,50
9705272,2,2,0,0,0,2,13
9910477,15,6,9,28,0,15,119
9608225,1,1,0,0,0,1,3
107127,4,4,0,0,0,4,14
9711357,10,3,7,12,3,7,19
9704334,17,5,12,16,0,17,32
9506419,3,3,0,0,0,3,24
9311321,13,2,11,26,13,0,0
208159,7,3,4,6,0,7,56
9407378,7,4,3,4,6,1,2
9705399,16,2,14,53,0,16,303
9508342,2,1,1,1,0,2,10
6016,2,1,1,1,0,2,5
101037,4,2,2,3,1,3,3
9709430,3,2,1,1,0,3,20
9505330,5,2,3,3,5,0,0
9706227,6,2,4,5,2,4,17
9508332,7,3,4,4,2,5,7
110003,1,1,0,0,0,1,1
9409381,10,3,7,14,10,0,0
9204212,24,5,19,43,24,0,0
9702214,9,4,5,15,2,7,13
9704412,55,3,52,306,16,39,54
9610549,36,7,29,105,11,25,34
7314,6,3,3,5,0,6,24
3017,9,8,1,1,3,6,28
9309333,11,4,7,12,10,1,1
9708478,5,3,2,2,1,4,5
9806277,5,4,1,1,2,3,10
10130,9,5,4,4,1,8,11
9607432,46,10,36,93,10,36,116
9807461,12,7,5,12,0,12,83
9503448,1,1,0,0,1,0,0
9409296,19,4,15,50,14,5,9
9911477,3,1,2,2,0,3,3
211075,0,0,0,0,0,0,0
9801266,2,2,0,0,1,1,5
105071,45,10,35,125,5,40,193
110071,6,5,1,1,0,6,23
9709341,1,1,0,0,0,1,8
9308267,1,1,0,0,1,0,0
7066,7,4,3,4,0,7,50
107197,12,3,9,14,1,11,46
9802323,7,5,2,3,0,7,15
102046,19,4,15,54,0,19,199
9605354,4,4,0,0,1,3,15
102103,7,2,5,8,0,7,25
211318,1,1,0,0,0,1,4
9701371,7,4,3,4,2,5,15
108102,22,4,18,82,0,22,136
9708431,11,8,3,7,1,10,23
101090,2,1,1,1,2,0,0
9504354,13,3,10,14,13,0,0
9501293,4,2,2,2,0,4,4
9712381,1,1,0,0,0,1,4
9701406,6,1,5,9,0,6,31
9710341,6,5,1,1,1,5,20
9611449,6,1,5,11,0,6,9
9911345,8,6,2,3,1,7,8
6184,10,4,6,9,2,8,25
101033,3,3,0,0,2,1,1
11059,5,1,4,7,0,5,55
102143,5,4,1,2,3,2,3
9309231,5,2,3,4,0,5,21
9504288,13,4,9,14,7,6,7
9412283,42,2,40,163,13,29,41
9605434,33,4,29,133,5,28,56
110036,1,1,0,0,0,1,5
107005,8,7,1,1,0,8,64
207107,5,4,1,1,0,5,15
201134,19,7,12,19,1,18,101
9903428,14,4,10,28,0,14,48
9605204,2,2,0,0,1,1,2
107266,27,1,26,107,0,27,220
106275,14,5,9,12,7,7,47
209171,1,1,0,0,0,1,11
9805496,28,11,17,28,13,15,21
7233,10,4,6,10,3,7,22
201224,22,4,18,89,8,14,30
9412372,6,1,5,10,0,6,17
9608402,1,1,0,0,0,1,2
9807494,20,5,15,31,0,20,133
9409436,11,2,9,20,3,8,17
9707404,3,3,0,0,2,1,1
9501347,11,6,5,9,11,0,0
9506231,1,1,0,0,0,1,2
9907281,15,4,11,24,0,15,130
9808455,12,4,8,11,3,9,28
9801215,16,2,14,48,2,14,16
8035,1,1,0,0,0,1,11
9504366,1,1,0,0,1,0,0
9502248,4,3,1,1,0,4,21
4098,8,3,5,11,0,8,170
9612477,0,0,0,0,0,0,0
2046,2,2,0,0,2,0,0
9807456,1,1,0,0,0,1,2
110309,3,2,1,1,0,3,15
9707226,9,7,2,2,2,7,17
9505253,0,0,0,0,0,0,0
109008,1,1,0,0,0,1,3
9306288,1,1,0,0,1,0,0
9712540,1,1,0,0,0,1,2
9811375,22,5,17,40,7,15,15
203254,5,2,3,4,0,5,107
101213,4,3,1,1,0,4,37
9509319,5,2,3,3,2,3,6
9212226,39,7,32,100,31,8,9
9811203,2,2,0,0,0,2,8
12056,12,5,7,12,3,9,36
9505232,12,2,10,23,8,4,10
201306,1,1,0,0,0,1,2
9602355,4,3,1,1,0,4,32
9912327,1,1,0,0,0,1,1
9810407,1,1,0,0,0,1,1
9804451,19,3,16,62,0,19,114
9408280,2,2,0,0,1,1,1
9409283,3,2,1,1,3,0,0
9908469,2,2,0,0,0,2,26
9810325,3,2,1,1,1,2,6
9809513,11,1,10,24,0,11,65
9806305,52,10,42,175,4,48,269
105317,1,1,0,0,0,1,1
9601256,2,1,1,1,0,2,2
9608360,3,1,2,2,0,3,6
9502299,1,1,0,0,1,0,0
9411234,62,13,49,267,2,60,303
9912491,9,3,6,8,1,8,28
9809312,7,3,4,7,3,4,4
2166,16,6,10,26,1,15,142
9710367,5,4,1,1,2,3,6
102224,11,1,10,17,0,11,62
107022,7,3,4,4,0,7,33
9602426,6,2,4,9,1,5,9
9901237,1,1,0,0,0,1,3
9610460,3,1,2,2,0,3,23
9606373,6,3,3,4,6,0,0
9803396,26,6,20,50,9,17,27
9908224,6,1,5,14,0,6,8
2021,1,1,0,0,0,1,8
2302,1,1,0,0,1,0,0
111218,3,2,1,1,0,3,21
9802386,3,2,1,1,0,3,32
9912341,4,3,1,1,0,4,18
9809418,3,2,1,1,0,3,10
9604224,3,3,0,0,0,3,4
9411406,21,7,14,37,0,21,59
9908508,12,6,6,13,2,10,24
9704269,2,1,1,1,0,2,3
204229,15,3,12,30,0,15,96
9510291,2,1,1,1,0,2,7
9411304,6,3,3,4,2,4,4
9807324,16,11,5,7,8,8,23
9509210,3,3,0,0,0,3,18
9703235,4,4,0,0,0,4,22
9904499,6,4,2,3,5,1,1
9408312,4,4,0,0,3,1,1
7005,16,4,12,49,0,16,150
9310288,5,5,0,0,5,0,0
9405376,1,1,0,0,0,1,1
9507467,6,5,1,1,3,3,3
9912361,4,3,1,1,0,4,15
9804301,7,2,5,8,0,7,11
9911377,0,0,0,0,0,0,0
105161,3,3,0,0,0,3,15
9403385,7,5,2,3,7,0,0
211147,5,4,1,1,0,5,16
104186,10,3,7,22,0,10,94
9909420,1,1,0,0,0,1,1
9704344,1,1,0,0,0,1,2
9912293,2,2,0,0,1,1,3
9403329,2,2,0,0,2,0,0
9703230,1,1,0,0,1,0,0
202122,20,11,9,14,1,19,149
108064,1,1,0,0,0,1,18
9812441,6,4,2,4,1,5,22
9907254,31,8,23,61,4,27,63
9803225,33,6,27,148,5,28,107
9407392,3,2,1,1,1,2,2
9901235,5,1,4,5,0,5,22
2259,10,2,8,16,1,9,18
9808450,2,2,0,0,0,2,5
9209282,1,1,0,0,1,0,0
9603226,3,1,2,2,0,3,6
9612494,2,2,0,0,0,2,8
209048,2,1,1,1,0,2,18
9902316,2,2,0,0,1,1,19
9311375,7,3,4,8,5,2,2
4065,6,2,4,7,1,5,10
9704379,32,10,22,38,14,18,19
9704408,10,6,4,6,9,1,1
106071,8,5,3,3,0,8,61
8286,3,2,1,1,0,3,10
9411355,0,0,0,0,0,0,0
207080,17,8,9,20,2,15,140
102070,7,3,4,5,0,7,31
9511333,27,10,17,22,3,24,31
1075,15,2,13,30,0,15,21
9301262,9,4,5,11,9,0,0
1112,9,4,5,11,0,9,13
211074,5,3,2,4,0,5,34
104116,6,3,3,4,4,2,3
9612465,0,0,0,0,0,0,0
8223,2,1,1,1,0,2,17
9267,3,3,0,0,0,3,3
9805252,1,1,0,0,0,1,3
9905400,0,0,0,0,0,0,0
109268,11,8,3,3,5,6,12
207002,5,4,1,1,0,5,22
210005,1,1,0,0,1,0,0
9601329,5,3,2,3,5,0,0
9409204,8,2,6,17,0,8,10
9607409,3,3,0,0,2,1,1
9609509,3,3,0,0,1,2,2
9601216,7,2,5,13,0,7,16
207185,1,1,0,0,0,1,4
9911433,9,7,2,2,0,9,39
9509366,4,3,1,1,1,3,3
9712304,6,2,4,6,1,5,6
111094,8,6,2,2,0,8,54
9505444,2,2,0,0,2,0,0
9903418,14,2,12,39,0,14,229
9805370,4,2,2,3,1,3,9
9903504,2,1,1,1,0,2,23
1218,10,7,3,3,0,10,62
9510245,8,6,2,2,5,3,3
109096,3,1,2,2,0,3,18
9217,5,3,2,2,0,5,62
110267,9,5,4,6,1,8,18
7351,2,2,0,0,0,2,31
11248,15,5,10,22,0,15,220
204122,4,4,0,0,0,4,19
108250,6,2,4,6,2,4,188
9901446,4,2,2,2,0,4,16
9702356,10,2,8,12,0,10,46
9408351,4,3,1,1,4,0,0
110164,1,1,0,0,0,1,7
9810391,2,1,1,1,0,2,3
9912527,20,5,15,55,2,18,74
106124,12,2,10,21,0,12,139
207235,3,2,1,1,0,3,14
9904416,8,3,5,11,0,8,29
9403218,6,3,3,3,6,0,0
9502220,1,1,0,0,1,0,0
9205217,2,2,0,0,2,0,0
12358,2,2,0,0,0,2,3
9701296,10,3,7,12,1,9,15
105312,2,2,0,0,1,1,3
1260,4,4,0,0,1,3,21
111004,1,1,0,0,0,1,40
9611460,6,1,5,9,4,2,3
9507411,2,2,0,0,1,1,3
207139,8,4,4,5,0,8,122
107063,2,2,0,0,2,0,0
9604300,4,1,3,3,0,4,12
9701260,25,12,13,38,2,23,55
9409354,1,1,0,0,0,1,1
9406378,13,5,8,19,1,12,25
9512258,11,4,7,15,0,11,38
9303248,6,4,2,7,6,0,0
9504229,17,7,10,18,12,5,7
9311308,2,1,1,1,0,2,11
9503289,2,2,0,0,0,2,7
9904368,6,5,1,1,0,6,36
9609482,15,7,8,10,0,15,41
9907248,0,0,0,0,0,0,0
9710525,2,2,0,0,0,2,7
9606301,4,4,0,0,1,3,4
9710415,13,3,10,26,1,12,45
9610440,10,2,8,12,2,8,17
109013,5,3,2,2,0,5,32
9306336,1,1,0,0,1,0,0
9412239,1,1,0,0,0,1,4
9501295,9,3,6,9,5,4,9
103131,2,2,0,0,2,0,0
9603331,8,6,2,5,3,5,6
9910448,4,3,1,1,0,4,18
9229,2,2,0,0,1,1,1
9905243,2,2,0,0,1,1,2
9711399,3,3,0,0,0,3,23
9609438,1,1,0,0,0,1,3
11154,4,3,1,1,3,1,1
107295,7,2,5,6,1,6,29
9712223,4,2,2,4,0,4,32
105026,1,1,0,0,1,0,0
110362,2,2,0,0,0,2,25
9903446,8,4,4,6,0,8,21
9601299,3,2,1,2,0,3,5
9603320,3,1,2,3,3,0,0
9804216,0,0,0,0,0,0,0
204275,8,5,3,4,0,8,41
9609261,2,2,0,0,2,0,0
5171,1,1,0,0,0,1,1
104115,8,5,3,3,1,7,33
5230,2,2,0,0,0,2,5
9710422,9,3,6,10,1,8,21
9910321,2,1,1,1,0,2,2
111333,2,2,0,0,0,2,14
9708367,10,4,6,11,1,9,21
9806469,2,2,0,0,0,2,2
205103,1,1,0,0,0,1,9
203131,10,6,4,6,0,10,96
9910360,1,1,0,0,0,1,3
9506298,8,7,1,1,1,7,16
9903275,7,4,3,4,0,7,20
9505227,3,3,0,0,0,3,6
9610491,1,1,0,0,1,0,0
108058,1,1,0,0,1,0,0
9703394,1,1,0,0,1,0,0
9708224,2,2,0,0,0,2,11
9805410,1,1,0,0,0,1,4
212388,1,1,0,0,0,1,7
9905260,5,4,1,1,1,4,11
9710206,17,5,12,43,2,15,58
9612416,4,4,0,0,3,1,2
9602276,4,3,1,1,1,3,3
111117,1,1,0,0,1,0,0
9604203,1,1,0,0,0,1,2
9704422,3,1,2,2,1,2,2
9908308,3,3,0,0,0,3,10
209145,1,1,0,0,0,1,3
205019,2,2,0,0,0,2,4
9701402,0,0,0,0,0,0,0
211231,1,1,0,0,1,0,0
9802297,1,1,0,0,1,0,0
111334,0,0,0,0,0,0,0
9512238,1,1,0,0,0,1,1
9411408,1,1,0,0,1,0,0
207056,9,7,2,4,0,9,70
9227,2,2,0,0,0,2,2
9304283,16,4,12,28,16,0,0
9601225,1,1,0,0,0,1,2
9302245,4,3,1,1,4,0,0
204331,0,0,0,0,0,0,0
9606457,3,2,1,1,3,0,0
302092,0,0,0,0,0,0,0
9703256,8,3,5,7,6,2,3
210042,0,0,0,0,0,0,0
205206,1,1,0,0,0,1,2
9811425,5,4,1,1,3,2,2
12135,5,4,1,1,0,5,24
210322,1,1,0,0,0,1,8
207313,3,3,0,0,0,3,26
9505204,4,1,3,4,1,3,9
108127,5,2,3,5,0,5,14
9809283,2,2,0,0,1,1,1
9707318,3,2,1,1,0,3,20
9712282,1,1,0,0,0,1,7
9806235,2,2,0,0,1,1,3
9906356,3,1,2,3,0,3,8
1006,2,1,1,1,1,1,1
210289,4,3,1,1,0,4,56
106191,1,1,0,0,0,1,12
101309,0,0,0,0,0,0,0
3103,2,2,0,0,2,0,0
4108,1,1,0,0,0,1,10
110225,2,2,0,0,1,1,2
10132,0,0,0,0,0,0,0
7280,7,3,4,6,0,7,69
9803375,5,3,2,2,3,2,3
9809399,1,1,0,0,0,1,6
9609338,0,0,0,0,0,0,0
105328,3,2,1,1,0,3,8
9602359,23,9,14,33,19,4,5
9176,2,1,1,1,0,2,11
9809319,1,1,0,0,0,1,3
109109,1,1,0,0,0,1,5
9809203,7,5,2,2,2,5,13
109023,1,1,0,0,0,1,4
9707253,1,1,0,0,0,1,1
201034,1,1,0,0,0,1,4
9906245,1,1,0,0,0,1,6
105116,1,1,0,0,0,1,12
9901242,6,2,4,5,0,6,18
9408303,5,4,1,1,1,4,5
107116,3,1,2,3,0,3,32
8198,1,1,0,0,0,1,2
208057,0,0,0,0,0,0,0
9405260,0,0,0,0,0,0,0
209190,6,2,4,8,0,6,47
9512413,2,1,1,1,0,2,2
203167,6,3,3,3,0,6,19
1326,4,3,1,1,1,3,3
9711297,9,6,3,4,4,5,6
9143,1,1,0,0,0,1,31
207047,9,4,5,7,0,9,70
2215,1,1,0,0,0,1,2
205153,6,2,4,6,0,6,21
111450,0,0,0,0,0,0,0
9808309,7,1,6,13,1,6,10
109082,3,2,1,1,0,3,11
9803291,0,0,0,0,0,0,0
9810433,0,0,0,0,0,0,0
9712298,2,2,0,0,0,2,15
9510391,1,1,0,0,1,0,0
9509318,2,2,0,0,2,0,0
9903323,2,2,0,0,1,1,1
101027,3,2,1,1,0,3,3
203227,0,0,0,0,0,0,0
9404298,1,1,0,0,1,0,0
204028,14,3,11,22,0,14,190
9801424,0,0,0,0,0,0,0
3209,2,1,1,1,0,2,6
9906360,0,0,0,0,0,0,0
3273,2,2,0,0,1,1,1
9809484,1,1,0,0,0,1,21
9809340,4,3,1,1,0,4,16
208151,0,0,0,0,0,0,0
201055,4,2,2,3,0,4,40
5076,9,2,7,22,0,9,32
9712229,3,2,1,1,1,2,12
9405227,1,1,0,0,0,1,1
301130,2,2,0,0,0,2,21
11347,1,1,0,0,1,0,0
9708287,4,3,1,1,2,2,7
209174,4,2,2,3,0,4,69
7250,4,1,3,4,0,4,11
9902336,10,7,3,4,10,0,0
9601227,0,0,0,0,0,0,0
9203207,6,2,4,10,6,0,0
9405315,0,0,0,0,0,0,0
111246,3,2,1,1,1,2,2
205062,0,0,0,0,0,0,0
301061,5,4,1,1,0,5,28
101316,2,1,1,1,0,2,12
10176,1,1,0,0,0,1,3
9711356,2,2,0,0,0,2,8
108132,2,1,1,1,0,2,4
6313,1,1,0,0,0,1,1
9406355,1,1,0,0,1,0,0
3104,0,0,0,0,0,0,0
9910536,5,2,3,8,1,4,12
9907262,1,1,0,0,0,1,1
111152,1,1,0,0,0,1,13
9504347,0,0,0,0,0,0,0
9305226,1,1,0,0,1,0,0
302006,0,0,0,0,0,0,0
9903522,0,0,0,0,0,0,0
204358,4,3,1,1,0,4,23
9608259,2,2,0,0,0,2,13
9609348,10,5,5,9,1,9,25
9401343,3,2,1,1,3,0,0
9910544,2,1,1,1,0,2,4
301253,0,0,0,0,0,0,0
9504396,3,1,2,3,3,0,0
112242,5,2,3,4,0,5,29
101161,1,1,0,0,0,1,9
2170,3,2,1,1,2,1,1
9912262,4,2,2,2,0,4,14
206195,6,5,1,1,0,6,29
207360,0,0,0,0,0,0,0
9805450,0,0,0,0,0,0,0
9302264,0,0,0,0,0,0,0
9811359,1,1,0,0,1,0,0
4165,2,2,0,0,0,2,3
9607371,4,2,2,3,1,3,6
8173,0,0,0,0,0,0,0
9701274,1,1,0,0,0,1,3
9909487,1,1,0,0,0,1,2
205007,3,3,0,0,0,3,33
9703203,3,3,0,0,3,0,0
12211,1,1,0,0,0,1,2
12131,1,1,0,0,0,1,6
9903445,5,3,2,3,0,5,7
9505246,5,5,0,0,3,2,5
301231,2,2,0,0,2,0,0
9912219,0,0,0,0,0,0,0
104302,1,1,0,0,1,0,0
209095,0,0,0,0,0,0,0
9911533,7,2,5,12,0,7,10
1107,1,1,0,0,0,1,3
9901212,0,0,0,0,0,0,0
212305,0,0,0,0,0,0,0
111222,1,1,0,0,0,1,9
9705241,4,2,2,3,4,0,0
9907324,0,0,0,0,0,0,0
7187,1,1,0,0,1,0,0
3202,1,1,0,0,0,1,2
212229,1,1,0,0,0,1,6
3047,0,0,0,0,0,0,0
204207,1,1,0,0,1,0,0
209232,0,0,0,0,0,0,0
4070,2,1,1,1,0,2,15
9808319,1,1,0,0,0,1,1
207284,0,0,0,0,0,0,0
211390,1,1,0,0,0,1,4
9912267,5,3,2,2,4,1,1
4003,4,2,2,3,0,4,17
209173,3,2,1,1,0,3,20
2112,2,2,0,0,0,2,7
112165,3,3,0,0,2,1,2
210041,2,1,1,1,0,2,11
105193,1,1,0,0,0,1,1
105092,4,4,0,0,0,4,16
206250,0,0,0,0,0,0,0
9312340,1,1,0,0,1,0,0
9910203,7,2,5,7,0,7,8
9506241,3,1,2,2,0,3,3
212121,1,1,0,0,0,1,4
9908434,0,0,0,0,0,0,0
207120,3,3,0,0,1,2,5
207112,0,0,0,0,0,0,0
9810229,0,0,0,0,0,0,0
107032,1,1,0,0,0,1,3
9911343,0,0,0,0,0,0,0
9910222,1,1,0,0,0,1,5
9608419,0,0,0,0,0,0,0
110240,3,2,1,1,1,2,2
9902259,11,4,7,16,7,4,9
6004,2,2,0,0,0,2,8
9809557,2,2,0,0,2,0,0
1029,0,0,0,0,0,0,0
9051,0,0,0,0,0,0,0
9903539,3,2,1,1,2,1,3
9809473,1,1,0,0,1,0,0
110265,0,0,0,0,0,0,0
9901444,5,1,4,5,2,3,8
9209233,1,1,0,0,0,1,1
9406216,2,2,0,0,2,0,0
9506247,0,0,0,0,0,0,0
112333,0,0,0,0,0,0,0
9902470,1,1,0,0,0,1,13
1298,0,0,0,0,0,0,0
105265,1,1,0,0,0,1,1
9712511,0,0,0,0,0,0,0
9802247,2,2,0,0,0,2,5
101327,1,1,0,0,1,0,0
204216,3,3,0,0,0,3,9
2295,3,3,0,0,0,3,20
9902209,0,0,0,0,0,0,0
9410211,3,3,0,0,0,3,3
204055,1,1,0,0,0,1,3
104191,0,0,0,0,0,0,0
9608436,1,1,0,0,0,1,3
112321,0,0,0,0,0,0,0
204016,0,0,0,0,0,0,0
204072,0,0,0,0,0,0,0
111363,0,0,0,0,0,0,0
9812409,0,0,0,0,0,0,0
9805310,1,1,0,0,1,0,0
211402,0,0,0,0,0,0,0
107016,0,0,0,0,0,0,0
9607248,7,2,5,10,7,0,0
205211,7,7,0,0,0,7,118
9802225,2,2,0,0,0,2,2
9603334,0,0,0,0,0,0,0
9612341,1,1,0,0,0,1,2
9411440,3,2,1,1,0,3,3
9510307,0,0,0,0,0,0,0
9326,0,0,0,0,0,0,0
9905575,1,1,0,0,1,0,0
9802402,0,0,0,0,0,0,0
9906541,2,2,0,0,0,2,6
208247,2,2,0,0,0,2,6
205213,0,0,0,0,0,0,0
8170,1,1,0,0,1,0,0
5119,0,0,0,0,0,0,0
9808490,0,0,0,0,0,0,0
9703237,6,2,4,5,4,2,2
205056,0,0,0,0,0,0,0
9911515,2,2,0,0,2,0,0
9805291,3,2,1,1,1,2,7
9049,1,1,0,0,0,1,1
206016,0,0,0,0,0,0,0
206041,1,1,0,0,1,0,0
111412,0,0,0,0,0,0,0
105083,0,0,0,0,0,0,0
9804356,7,7,0,0,4,3,3
111345,0,0,0,0,0,0,0
107133,2,2,0,0,0,2,19
112166,3,3,0,0,0,3,31
9709508,4,2,2,3,0,4,7
110342,1,1,0,0,0,1,2
212382,0,0,0,0,0,0,0
9911205,0,0,0,0,0,0,0
9902468,0,0,0,0,0,0,0
9911450,0,0,0,0,0,0,0
8299,1,1,0,0,1,0,0
5169,2,2,0,0,0,2,6
12269,0,0,0,0,0,0,0
9409217,0,0,0,0,0,0,0
101159,1,1,0,0,0,1,10
110011,1,1,0,0,0,1,2
9410202,0,0,0,0,0,0,0
9909426,2,1,1,1,0,2,2
9512283,0,0,0,0,0,0,0
105133,0,0,0,0,0,0,0
9511229,0,0,0,0,0,0,0
209280,1,1,0,0,0,1,4
103120,0,0,0,0,0,0,0
9911201,0,0,0,0,0,0,0
9410239,1,1,0,0,1,0,0
9211295,1,1,0,0,1,0,0
12065,0,0,0,0,0,0,0
302097,0,0,0,0,0,0,0
9810276,0,0,0,0,0,0,0
9412369,0,0,0,0,0,0,0
209371,0,0,0,0,0,0,0
9809221,0,0,0,0,0,0,0
10048,0,0,0,0,0,0,0
9511254,1,1,0,0,0,1,5
106332,0,0,0,0,0,0,0
9903530,2,2,0,0,0,2,9
9704365,1,1,0,0,1,0,0
12237,0,0,0,0,0,0,0
9710366,1,1,0,0,0,1,2
212398,0,0,0,0,0,0,0
9512359,0,0,0,0,0,0,0
104163,0,0,0,0,0,0,0
9503339,0,0,0,0,0,0,0
206175,0,0,0,0,0,0,0
108106,3,1,2,2,1,2,4
9808253,0,0,0,0,0,0,0
9710325,0,0,0,0,0,0,0
210070,0,0,0,0,0,0,0
112309,1,1,0,0,0,1,1
9907543,1,1,0,0,1,0,0
9909264,0,0,0,0,0,0,0
205204,0,0,0,0,0,0,0
9208,1,1,0,0,1,0,0
106001,0,0,0,0,0,0,0
208006,0,0,0,0,0,0,0
9204224,1,1,0,0,1,0,0
9903269,1,1,0,0,1,0,0
9910258,0,0,0,0,0,0,0
10330,0,0,0,0,0,0,0
9711408,2,1,1,1,1,1,1
9504362,0,0,0,0,0,0,0
211079,0,0,0,0,0,0,0
201011,0,0,0,0,0,0,0
9705256,0,0,0,0,0,0,0
210297,0,0,0,0,0,0,0
106173,0,0,0,0,0,0,0
105044,1,1,0,0,1,0,0
9604299,3,3,0,0,3,0,0
9408240,0,0,0,0,0,0,0
9812431,0,0,0,0,0,0,0
209236,1,1,0,0,0,1,4
112084,1,1,0,0,1,0,0
9503257,0,0,0,0,0,0,0
302150,0,0,0,0,0,0,0
301065,0,0,0,0,0,0,0
9811354,0,0,0,0,0,0,0
107172,1,1,0,0,0,1,5
204047,0,0,0,0,0,0,0
10313,0,0,0,0,0,0,0
105060,0,0,0,0,0,0,0
9606338,1,1,0,0,0,1,2
9508256,0,0,0,0,0,0,0
211116,0,0,0,0,0,0,0
109193,0,0,0,0,0,0,0
9701310,0,0,0,0,0,0,0
9910266,0,0,0,0,0,0,0
7104,0,0,0,0,0,0,0
302035,3,1,2,3,0,3,24
9712356,0,0,0,0,0,0,0
9906477,0,0,0,0,0,0,0
110171,1,1,0,0,0,1,1
101191,0,0,0,0,0,0,0
211397,0,0,0,0,0,0,0
209044,1,1,0,0,0,1,2
301170,0,0,0,0,0,0,0
7060,2,2,0,0,0,2,2
301254,0,0,0,0,0,0,0
212192,0,0,0,0,0,0,0
205140,0,0,0,0,0,0,0
108209,0,0,0,0,0,0,0
9905238,0,0,0,0,0,0,0
9708308,0,0,0,0,0,0,0
9076,0,0,0,0,0,0,0
9904222,2,2,0,0,2,0,0
9257,0,0,0,0,0,0,0
4168,0,0,0,0,0,0,0
205096,0,0,0,0,0,0,0
9907541,0,0,0,0,0,0,0
9905322,0,0,0,0,0,0,0
9908375,0,0,0,0,0,0,0
211157,0,0,0,0,0,0,0
111397,0,0,0,0,0,0,0
9910370,0,0,0,0,0,0,0
6224,1,1,0,0,0,1,2
9511450,0,0,0,0,0,0,0
3308,0,0,0,0,0,0,0
9809348,0,0,0,0,0,0,0
9506286,1,1,0,0,0,1,2
9708266,0,0,0,0,0,0,0
208161,0,0,0,0,0,0,0
212114,0,0,0,0,0,0,0
9603401,0,0,0,0,0,0,0
8250,0,0,0,0,0,0,0
9608248,1,1,0,0,1,0,0
202130,0,0,0,0,0,0,0
108154,0,0,0,0,0,0,0
9609336,0,0,0,0,0,0,0
210255,1,1,0,0,1,0,0
210360,1,1,0,0,0,1,5
9710207,0,0,0,0,0,0,0
1131,0,0,0,0,0,0,0
212357,0,0,0,0,0,0,0
9702213,0,0,0,0,0,0,0
110230,0,0,0,0,0,0,0
9911472,0,0,0,0,0,0,0
111170,0,0,0,0,0,0,0
9511312,0,0,0,0,0,0,0
206301,1,1,0,0,0,1,5
9907232,0,0,0,0,0,0,0
9305318,0,0,0,0,0,0,0
9812391,0,0,0,0,0,0,0
301258,0,0,0,0,0,0,0
9802243,0,0,0,0,0,0,0
201218,0,0,0,0,0,0,0
9710265,0,0,0,0,0,0,0
9710499,0,0,0,0,0,0,0
211369,0,0,0,0,0,0,0
9612472,1,1,0,0,1,0,0
9311218,0,0,0,0,0,0,0
105299,1,1,0,0,1,0,0
9905385,0,0,0,0,0,0,0
212106,0,0,0,0,0,0,0
206142,0,0,0,0,0,0,0
205275,0,0,0,0,0,0,0
9706493,0,0,0,0,0,0,0
9707231,0,0,0,0,0,0,0
9803429,0,0,0,0,0,0,0
9912546,0,0,0,0,0,0,0
9712272,0,0,0,0,0,0,0
105106,0,0,0,0,0,0,0
9303245,0,0,0,0,0,0,0
206082,0,0,0,0,0,0,0
9501264,0,0,0,0,0,0,0
112187,0,0,0,0,0,0,0
206256,0,0,0,0,0,0,0
210234,0,0,0,0,0,0,0
9504339,0,0,0,0,0,0,0
109286,0,0,0,0,0,0,0
203247,0,0,0,0,0,0,0
9505381,0,0,0,0,0,0,0
3193,0,0,0,0,0,0,0
9507387,0,0,0,0,0,0,0
9909329,0,0,0,0,0,0,0
208168,0,0,0,0,0,0,0
301246,0,0,0,0,0,0,0
7235,0,0,0,0,0,0,0
201037,0,0,0,0,0,0,0
9712528,0,0,0,0,0,0,0
210144,0,0,0,0,0,0,0
106078,0,0,0,0,0,0,0
4088,1,1,0,0,1,0,0
301069,1,1,0,0,0,1,8
9707370,0,0,0,0,0,0,0
208059,0,0,0,0,0,0,0
9807290,0,0,0,0,0,0,0
302204,0,0,0,0,0,0,0
9605402,0,0,0,0,0,0,0
206114,0,0,0,0,0,0,0
211309,0,0,0,0,0,0,0
9510214,0,0,0,0,0,0,0
9709370,0,0,0,0,0,0,0
9402261,0,0,0,0,0,0,0
9707255,0,0,0,0,0,0,0
210275,0,0,0,0,0,0,0
301017,0,0,0,0,0,0,0
211100,0,0,0,0,0,0,0
210008,0,0,0,0,0,0,0
9404351,1,1,0,0,1,0,0
9506303,0,0,0,0,0,0,0
105316,0,0,0,0,0,0,0
9908512,0,0,0,0,0,0,0
212407,0,0,0,0,0,0,0
5291,0,0,0,0,0,0,0
110135,1,1,0,0,0,1,3
209033,0,0,0,0,0,0,0
11126,0,0,0,0,0,0,0
302081,0,0,0,0,0,0,0
9409235,0,0,0,0,0,0,0
9606402,19,2,17,41,3,16,21
9803242,64,8,56,234,19,45,103
4173,146,5,141,958,4,142,860
103020,16,4,12,29,1,15,35
9910291,42,6,36,121,2,40,214
9312359,182,21,161,1056,43,139,242
9502363,50,6,44,264,11,39,52
9703290,106,27,79,271,9,97,598
9911263,12,5,7,8,0,12,67
106050,13,8,5,13,2,11,245
9505393,11,7,4,4,2,9,16
9704288,9,5,4,6,3,6,15
9805366,8,5,3,3,0,8,21
9410400,34,9,25,90,10,24,41
9904287,27,10,17,43,4,23,108
9807209,19,7,12,25,3,16,62
9512417,14,4,10,27,13,1,1
9704244,28,2,26,87,10,18,32
9806486,25,5,20,67,0,25,149
9912396,15,5,10,36,15,0,0
11112,8,2,6,9,0,8,44
9410242,12,7,5,10,0,12,42
9805254,51,7,44,178,1,50,194
9605326,42,14,28,64,19,23,57
9907305,9,2,7,9,0,9,33
9511344,44,7,37,155,15,29,64
9705340,3,2,1,1,0,3,10
108059,4,3,1,1,0,4,44
9603380,11,5,6,8,11,0,0
9209285,20,13,7,15,9,11,13
9209204,13,5,8,16,13,0,0
9405418,47,3,44,241,14,33,44
9406404,12,2,10,29,0,12,23
9601306,51,3,48,201,50,1,1
9312217,9,7,2,3,9,0,0
9207218,56,11,45,187,56,0,0
9505425,146,20,126,641,146,0,0
9806540,138,6,132,930,2,136,207
9904210,49,3,46,185,2,47,572
9604370,100,10,90,530,64,36,40
9506350,58,11,47,188,9,49,113
9607419,14,3,11,20,2,12,12
9902385,21,4,17,39,5,16,26
9206228,8,5,3,4,8,0,0
9612243,32,12,20,56,10,22,31
9211320,51,13,38,200,51,0,0
9809531,48,7,41,173,17,31,98
9902283,65,10,55,279,0,65,789
9912231,97,12,85,368,17,80,289
9702429,20,2,18,70,2,18,82
9802387,25,4,21,61,4,21,29
9810467,18,7,11,25,5,13,26
9910230,22,2,20,67,0,22,58
9807341,2,2,0,0,0,2,6
9707235,53,5,48,239,2,51,254
9305290,23,2,21,95,23,0,0
9706242,51,7,44,250,5,46,182
9605224,28,2,26,89,12,16,43
4151,5,2,3,4,0,5,21
9704238,4,2,2,3,0,4,11
9506354,60,6,54,226,60,0,0
9302234,29,15,14,44,17,12,17
9905549,29,6,23,100,0,29,487
9701381,25,4,21,47,6,19,41
9205240,20,8,12,24,20,0,0
111262,1,1,0,0,0,1,10
9712401,29,4,25,71,17,12,18
9510363,51,6,45,169,6,45,299
9809204,13,6,7,11,0,13,140
9705244,57,3,54,342,11,46,266
9801271,157,50,107,431,21,136,1086
9607487,40,4,36,173,1,39,260
9703312,23,3,20,94,0,23,136
9712499,34,4,30,101,4,30,268
9310243,6,2,4,9,6,0,0
9908386,9,5,4,5,4,5,11
5181,37,11,26,60,5,32,78
9504235,42,10,32,118,16,26,56
9902482,34,13,21,49,0,34,427
1253,25,5,20,77,0,25,297
9709243,57,9,48,205,11,46,124
9702380,55,4,51,330,1,54,138
8226,13,2,11,22,0,13,98
9611345,9,3,6,7,9,0,0
9912438,4,4,0,0,1,3,4
9608205,110,7,103,665,13,97,405
9501276,25,5,20,72,25,0,0
9312262,10,7,3,5,8,2,2
9709507,26,6,20,42,4,22,180
9606445,6,4,2,4,0,6,15
9204228,48,10,38,215,48,0,0
9603388,19,3,16,56,3,16,49
9909288,3,3,0,0,0,3,3
9512236,1,1,0,0,1,0,0
9707309,29,2,27,96,1,28,172
9612334,13,2,11,26,1,12,32
4267,15,1,14,45,0,15,76
9607374,2,2,0,0,0,2,2
9702201,31,5,26,83,18,13,26
9602284,13,9,4,4,0,13,25
9610450,12,7,5,6,7,5,9
8197,1,1,0,0,0,1,2
9610493,9,5,4,6,4,5,12
9506203,7,3,4,4,5,2,3
9709270,19,5,14,28,3,16,51
9407231,6,4,2,2,3,3,8
6083,6,3,3,4,2,4,24
9512303,33,6,27,115,0,33,130
9907501,6,1,5,10,0,6,49
9708327,25,4,21,58,0,25,273
9206241,61,17,44,171,61,0,0
9405347,13,5,8,20,3,10,10
9408230,5,4,1,1,3,2,2
9609301,9,4,5,5,4,5,11
9703284,64,11,53,170,4,60,126
10083,14,5,9,32,0,14,22
9311329,40,3,37,127,40,0,0
9802442,16,6,10,22,3,13,35
11250,23,7,16,49,1,22,127
5223,13,7,6,7,1,12,80
9701393,46,4,42,212,4,42,164
10294,6,5,1,1,0,6,65
9609229,8,6,2,2,8,0,0
9709449,18,6,12,22,4,14,56
9710301,18,8,10,15,10,8,9
9802242,17,6,11,23,0,17,83
9310233,57,7,50,355,50,7,7
9711223,50,7,43,150,1,49,224
9901331,34,4,30,117,0,34,234
9911342,18,6,12,28,0,18,59
9401314,18,10,8,15,18,0,0
3140,20,2,18,55,1,19,209
9811473,112,6,106,1290,4,108,441
9909296,18,5,13,44,1,17,117
9405425,21,3,18,61,18,3,6
2148,3,1,2,2,0,3,10
7102,5,2,3,4,2,3,4
3215,2,2,0,0,0,2,33
201148,16,4,12,34,4,12,20
9904495,22,4,18,61,1,21,116
9311232,37,5,32,125,6,31,70
9507462,93,6,87,430,33,60,131
9905292,40,5,35,112,0,40,291
9505207,53,12,41,155,2,51,115
9504234,48,2,46,245,6,42,178
9405278,7,5,2,5,0,7,47
9603324,17,7,10,27,0,17,61
9608336,13,2,11,17,0,13,52
9806213,25,5,20,52,0,25,176
9405212,10,5,5,8,6,4,5
9607220,14,2,12,20,0,14,61
9304281,18,6,12,23,8,10,23
9806301,14,5,9,16,6,8,36
9412276,23,6,17,68,16,7,7
9903301,4,1,3,5,0,4,30
9908450,23,13,10,27,17,6,6
9704369,29,8,21,79,0,29,175
9806311,26,7,19,60,3,23,25
9903207,5,4,1,1,0,5,26
102139,2,1,1,1,2,0,0
9708419,15,10,5,6,1,14,159
9909204,4,1,3,3,4,0,0
9902243,11,3,8,16,1,10,23
9303205,125,15,110,1093,106,19,19
11145,0,0,0,0,0,0,0
2183,26,3,23,117,0,26,124
9608318,43,4,39,146,34,9,11
9505428,64,16,48,132,3,61,221
9601293,17,7,10,23,2,15,71
9605296,54,10,44,200,0,54,199
9709356,86,32,54,108,10,76,559
9406389,67,13,54,282,21,46,159
3231,7,4,3,4,0,7,41
9910242,52,9,43,121,52,0,0
9509398,24,8,16,29,13,11,52
9409270,37,4,33,89,37,0,0
9703260,7,4,3,4,0,7,26
102297,28,5,23,144,2,26,127
3187,25,6,19,66,0,25,198
5021,6,3,3,3,0,6,24
9606477,35,10,25,103,8,27,57
9809504,12,7,5,5,1,11,24
9407351,13,1,12,24,5,8,11
9710492,1,1,0,0,1,0,0
9044,4,2,2,2,4,0,0
104095,9,4,5,8,1,8,60
9909408,13,4,9,22,0,13,72
9503323,9,2,7,12,1,8,42
9707308,7,4,3,6,0,7,16
9903414,19,5,14,26,8,11,38
9609378,12,2,10,21,1,11,34
9812311,34,9,25,63,0,34,167
9704324,23,4,19,62,3,20,47
9508241,15,4,11,35,3,12,78
9808287,19,4,15,62,2,17,50
9706518,4,2,2,3,0,4,4
9511396,3,2,1,1,0,3,7
9303308,14,6,8,28,10,4,4
9809217,68,4,64,576,3,65,136
9906238,18,11,7,11,0,18,74
102262,4,4,0,0,0,4,4
9604383,101,7,94,641,52,49,72
9911242,13,3,10,25,0,13,120
9307323,5,2,3,4,5,0,0
204023,2,1,1,1,0,2,13
104052,23,7,16,27,1,22,94
209219,6,3,3,5,1,5,18
201248,23,4,19,96,0,23,299
9319,3,1,2,3,0,3,27
9507298,43,11,32,112,22,21,41
9909335,10,5,5,6,5,5,10
9404299,8,3,5,8,6,2,3
106165,2,2,0,0,0,2,26
9908358,16,4,12,30,0,16,283
9912266,26,5,21,59,0,26,221
9606237,31,7,24,90,6,25,45
9903423,2,1,1,1,0,2,15
9506359,32,9,23,77,4,28,160
9208254,54,7,47,260,54,0,0
9703265,6,2,4,7,1,5,5
9207269,32,7,25,99,32,0,0
9903253,6,2,4,4,1,5,6
9912321,2,1,1,1,0,2,7
9503258,7,1,6,10,6,1,1
201071,38,18,20,52,3,35,544
9156,6,3,3,7,0,6,48
9705219,17,1,16,50,0,17,96
112295,9,3,6,7,1,8,24
9710228,10,5,5,9,10,0,0
9505259,31,8,23,57,15,16,25
9706329,16,1,15,69,0,16,147
9701226,10,6,4,6,9,1,1
9610381,37,5,32,126,0,37,237
9705286,50,9,41,146,0,50,282
9506480,10,5,5,6,0,10,29
9503202,10,6,4,6,4,6,23
9702225,8,4,4,4,0,8,39
9501245,5,2,3,6,2,3,5
9307266,64,17,47,141,44,20,22
9512387,11,6,5,7,10,1,1
9505303,4,2,2,2,4,0,0
9706253,24,5,19,48,6,18,85
9903385,14,5,9,26,0,14,152
9509361,10,1,9,36,0,10,23
105348,4,4,0,0,0,4,21
9409427,3,2,1,2,0,3,11
9802298,15,5,10,21,1,14,56
9706229,19,8,11,27,2,17,63
9806510,5,4,1,1,1,4,16
9406392,33,3,30,157,29,4,4
3107,22,1,21,79,0,22,338
9404217,24,11,13,20,0,24,103
9207204,25,7,18,36,25,0,0
9304259,8,5,3,7,8,0,0
9801369,36,6,30,118,2,34,293
9705475,7,1,6,10,5,2,3
9502323,31,13,18,36,2,29,103
9402308,5,3,2,5,0,5,12
9310204,4,2,2,3,4,0,0
9902255,30,6,24,67,0,30,173
9203219,18,12,6,10,18,0,0
9711447,3,1,2,3,3,0,0
9403245,2,2,0,0,1,1,1
9909434,5,3,2,2,3,2,6
4263,12,3,9,24,0,12,46
9808360,17,9,8,23,0,17,156
9509236,21,5,16,28,15,6,12
9512223,2,1,1,1,0,2,2
9506333,17,8,9,19,10,7,8
9706215,1,1,0,0,0,1,2
9710559,2,2,0,0,1,1,1
9306231,7,4,3,4,7,0,0
9503392,9,5,4,7,5,4,7
9707322,4,1,3,3,0,4,9
9710487,39,5,34,136,6,33,123
9302258,13,1,12,31,1,12,13
9412270,3,2,1,1,1,2,3
9606438,11,2,9,20,1,10,129
9601296,2,2,0,0,0,2,2
9212298,16,8,8,13,16,0,0
9356,33,4,29,104,7,26,47
9806318,2,2,0,0,2,0,0
9910246,10,8,2,2,3,7,31
9310273,9,6,3,4,6,3,3
9412219,17,6,11,22,5,12,15
9902289,1,1,0,0,0,1,5
9808377,25,1,24,161,0,25,70
9809453,33,6,27,81,10,23,79
9810400,3,2,1,1,1,2,22
203266,7,2,5,11,0,7,35
9902427,6,4,2,4,1,5,18
6014,18,5,13,17,0,18,197
9211250,21,9,12,33,21,0,0
9802381,44,5,39,242,1,43,329
9909251,4,1,3,5,0,4,7
108037,22,4,18,45,2,20,123
6160,39,3,36,189,8,31,144
9507423,1,1,0,0,1,0,0
9802370,26,11,15,32,1,25,119
9710370,12,4,8,20,6,6,34
9403326,14,7,7,13,14,0,0
9307223,2,2,0,0,1,1,1
9348,4,3,1,1,0,4,29
108114,2,2,0,0,0,2,9
9805355,3,2,1,1,0,3,15
9909567,10,4,6,14,0,10,250
9803274,16,4,12,65,1,15,39
110192,1,1,0,0,0,1,43
9512398,7,3,4,7,1,6,20
9501318,36,5,31,133,12,24,40
9712393,5,2,3,4,4,1,1
9809346,21,7,14,42,1,20,136
9211314,15,8,7,13,15,0,0
9603432,4,2,2,2,0,4,15
210031,5,3,2,2,0,5,40
9502286,20,7,13,33,1,19,83
9706252,11,1,10,17,0,11,21
9608368,10,4,6,21,0,10,55
6018,2,1,1,1,0,2,5
9607266,9,2,7,16,0,9,14
9709484,16,2,14,37,4,12,26
9607378,11,1,10,15,6,5,5
9301270,6,3,3,3,6,0,0
9352,1,1,0,0,0,1,4
9911302,35,10,25,65,1,34,156
9712530,0,0,0,0,0,0,0
9304217,10,3,7,17,0,10,10
9710563,4,4,0,0,1,3,6
9705251,62,3,59,347,3,59,97
9412343,10,1,9,20,4,6,13
10012,6,2,4,5,1,5,8
9212276,1,1,0,0,1,0,0
9304238,2,1,1,1,2,0,0
9709240,7,2,5,8,0,7,37
9810402,6,2,4,6,2,4,4
12053,7,5,2,2,0,7,13
9712438,19,4,15,30,2,17,69
9810243,8,4,4,8,3,5,26
9406254,6,3,3,3,0,6,20
9804404,24,8,16,33,9,15,23
9911447,5,4,1,1,1,4,23
109064,19,3,16,48,0,19,83
9906325,2,2,0,0,0,2,5
106086,6,2,4,4,0,6,17
110105,11,2,9,24,0,11,63
9610430,8,3,5,10,0,8,34
9404305,4,2,2,2,0,4,8
11153,3,3,0,0,0,3,20
9507409,4,3,1,1,2,2,2
9311359,3,2,1,1,3,0,0
9809524,22,5,17,65,1,21,56
9612227,16,6,10,20,1,15,35
102236,15,7,8,23,2,13,80
9401310,111,39,72,210,93,18,18
9707250,6,4,2,3,1,5,24
108161,22,2,20,81,1,21,218
9710240,2,1,1,1,0,2,10
102270,17,5,12,25,0,17,119
9707476,10,4,6,10,1,9,39
9602279,4,2,2,2,3,1,2
9603213,11,9,2,2,0,11,32
9511306,2,2,0,0,2,0,0
9401302,5,3,2,2,4,1,1
9504398,12,3,9,16,6,6,11
1175,21,4,17,49,0,21,117
9712345,5,2,3,8,0,5,10
203178,3,2,1,1,0,3,6
10277,3,1,2,3,0,3,27
107181,6,4,2,3,0,6,39
9404312,4,1,3,3,0,4,40
9508389,1,1,0,0,0,1,9
9501202,27,5,22,63,0,27,76
9610524,2,2,0,0,0,2,5
2011,8,7,1,1,0,8,78
107083,8,4,4,6,0,8,69
207266,4,2,2,2,0,4,35
201176,27,9,18,48,0,27,246
109156,7,6,1,1,0,7,19
9504218,5,2,3,3,0,5,9
107268,18,3,15,43,0,18,105
110227,4,3,1,3,0,4,13
2072,33,6,27,131,13,20,53
9812423,17,9,8,14,2,15,41
11053,20,5,15,66,1,19,159
9606467,14,3,11,23,2,12,44
9503313,5,2,3,3,0,5,38
9408210,8,1,7,12,8,0,0
9809263,14,2,12,50,2,12,78
9411207,35,9,26,78,4,31,96
9707509,23,8,15,30,8,15,55
9810316,1,1,0,0,1,0,0
9610443,2,1,1,1,0,2,5
9908317,57,2,55,421,0,57,617
9903265,11,4,7,7,1,10,31
9804201,21,2,19,83,3,18,39
9902456,6,1,5,10,0,6,6
9507334,1,1,0,0,1,0,0
9312353,1,1,0,0,0,1,1
8052,11,1,10,32,0,11,60
9410318,10,4,6,10,7,3,3
9210267,2,1,1,1,2,0,0
9806331,2,2,0,0,0,2,6
111465,10,3,7,10,0,10,83
9708459,7,4,3,5,1,6,21
9506443,0,0,0,0,0,0,0
202106,4,3,1,1,1,3,17
9405331,4,4,0,0,3,1,1
9804434,10,1,9,11,0,10,28
9811509,13,1,12,29,12,1,1
4056,31,2,29,235,0,31,93
101353,5,1,4,8,5,0,0
9509412,4,4,0,0,2,2,7
9308317,10,7,3,4,3,7,10
9803334,0,0,0,0,0,0,0
108182,9,4,5,9,1,8,66
9602309,21,6,15,30,2,19,52
202237,2,2,0,0,0,2,4
9701285,10,4,6,16,3,7,12
9406407,10,6,4,7,10,0,0
9509408,16,9,7,19,0,16,32
9807230,4,1,3,5,2,2,4
9801377,7,2,5,7,1,6,10
9501415,3,1,2,3,3,0,0
9502266,6,1,5,9,6,0,0
9907205,6,4,2,4,0,6,23
9902244,5,3,2,2,0,5,27
9806390,16,1,15,37,0,16,35
3242,9,5,4,7,0,9,47
204010,1,1,0,0,0,1,10
9805369,0,0,0,0,0,0,0
110405,8,3,5,9,3,5,13
9506273,34,4,30,107,1,33,230
9912366,7,2,5,6,1,6,42
9908485,6,2,4,7,2,4,11
103047,7,1,6,6,2,5,30
9710501,1,1,0,0,0,1,7
102273,3,1,2,3,0,3,13
9810408,34,10,24,76,14,20,45
9604321,9,3,6,10,3,6,13
9910269,2,1,1,1,0,2,5
9808350,0,0,0,0,0,0,0
9608282,1,1,0,0,1,0,0
9605262,3,2,1,1,3,0,0
9910393,8,1,7,20,0,8,16
4227,12,1,11,44,0,12,82
3204,4,1,3,4,0,4,23
111240,1,1,0,0,0,1,8
108077,9,3,6,8,0,9,64
1330,11,9,2,2,1,10,20
9901424,2,1,1,1,1,1,1
9712320,3,3,0,0,0,3,8
9603440,14,5,9,25,1,13,50
9401272,12,3,9,21,0,12,35
210436,2,2,0,0,0,2,14
201136,4,2,2,3,0,4,17
9609384,28,8,20,77,17,11,13
9604367,6,6,0,0,2,4,21
9808432,3,2,1,1,0,3,8
9603315,0,0,0,0,0,0,0
9412218,1,1,0,0,1,0,0
9403282,8,4,4,8,1,7,11
9511241,1,1,0,0,0,1,2
101323,9,3,6,19,0,9,71
9403205,1,1,0,0,1,0,0
9706478,9,6,3,5,0,9,33
2154,6,4,2,2,5,1,1
108055,8,4,4,4,5,3,12
301003,0,0,0,0,0,0,0
9908431,1,1,0,0,0,1,1
106057,3,1,2,3,0,3,64
9601275,3,1,2,3,0,3,5
9078,13,4,9,17,1,12,43
105054,3,2,1,1,0,3,24
9909467,10,1,9,21,2,8,31
3176,1,1,0,0,0,1,2
9609410,9,4,5,8,0,9,12
9709495,2,2,0,0,1,1,1
9710439,1,1,0,0,0,1,8
203180,9,7,2,2,0,9,21
110201,3,3,0,0,2,1,2
9901236,1,1,0,0,0,1,1
9702342,6,2,4,10,3,3,6
9808305,13,8,5,6,0,13,65
9504291,4,2,2,3,4,0,0
9607428,17,7,10,26,0,17,20
9712260,4,2,2,3,1,3,9
9808475,1,1,0,0,0,1,7
9308227,8,1,7,16,8,0,0
9612420,2,2,0,0,2,0,0
9801244,9,5,4,5,1,8,49
209353,4,3,1,1,1,3,17
9905217,4,2,2,2,3,1,1
9407203,14,4,10,19,8,6,12
4190,14,4,10,20,0,14,64
9710288,2,2,0,0,0,2,17
9805495,11,3,8,20,3,8,19
112222,3,3,0,0,0,3,11
4005,1,1,0,0,0,1,2
9301264,1,1,0,0,1,0,0
108090,12,2,10,21,1,11,35
9241,9,5,4,6,2,7,21
9608252,3,2,1,1,1,2,3
3114,20,4,16,49,0,20,71
9605272,2,2,0,0,0,2,7
1008,4,4,0,0,1,3,4
211236,1,1,0,0,0,1,4
202189,4,2,2,3,0,4,9
9407336,16,3,13,42,12,4,4
107053,6,5,1,1,2,4,23
103173,6,5,1,1,1,5,8
9509359,3,3,0,0,1,2,6
9402325,9,1,8,21,2,7,7
104173,0,0,0,0,0,0,0
207228,10,5,5,8,2,8,28
210035,1,1,0,0,0,1,1
9609324,8,6,2,2,0,8,77
9409299,2,2,0,0,1,1,3
8277,0,0,0,0,0,0,0
8169,1,1,0,0,1,0,0
8313,1,1,0,0,0,1,2
9803431,7,2,5,8,0,7,23
9309285,3,1,2,2,1,2,2
9509393,25,3,22,89,4,21,46
110155,5,3,2,2,0,5,97
104172,1,1,0,0,0,1,6
9610366,2,2,0,0,1,1,2
9903233,2,2,0,0,0,2,2
9806458,4,4,0,0,3,1,1
9710276,4,2,2,2,0,4,10
9811217,2,2,0,0,2,0,0
9608301,4,4,0,0,4,0,0
205015,2,2,0,0,0,2,11
9907241,12,5,7,12,0,12,58
202098,5,2,3,6,0,5,16
9906501,11,2,9,19,0,11,130
111332,10,3,7,11,1,9,117
208012,10,5,5,9,0,10,145
110332,4,2,2,3,0,4,34
9810473,4,3,1,1,0,4,28
9907504,17,6,11,27,0,17,58
9302209,3,3,0,0,3,0,0
112094,7,4,3,3,0,7,74
9905445,1,1,0,0,0,1,4
212277,0,0,0,0,0,0,0
106228,2,1,1,1,0,2,14
105147,11,3,8,21,0,11,33
9311314,1,1,0,0,1,0,0
9404332,5,3,2,2,5,0,0
9606261,11,6,5,10,1,10,53
9908214,4,2,2,3,0,4,26
9911485,3,2,1,1,0,3,3
9703406,7,1,6,11,0,7,44
105327,1,1,0,0,0,1,8
3070,2,1,1,1,0,2,27
111154,2,2,0,0,0,2,5
9711323,5,3,2,4,0,5,5
9507415,6,4,2,2,2,4,22
9810439,1,1,0,0,1,0,0
9901333,5,3,2,2,3,2,10
9611228,5,4,1,2,0,5,32
9811411,9,5,4,5,2,7,12
9508260,0,0,0,0,0,0,0
9510269,11,2,9,22,1,10,95
9512435,18,2,16,46,0,18,71
9902418,4,3,1,1,2,2,5
9803390,6,3,3,3,0,6,6
10137,3,3,0,0,0,3,10
9504276,7,5,2,2,4,3,3
9806384,5,3,2,3,3,2,5
9706434,1,1,0,0,0,1,2
9611426,2,2,0,0,2,0,0
6120,1,1,0,0,0,1,5
9612246,1,1,0,0,0,1,1
9803438,7,4,3,6,0,7,26
9612238,4,2,2,3,0,4,8
1108,7,2,5,11,0,7,39
9411442,1,1,0,0,0,1,1
9503485,2,2,0,0,1,1,9
106087,0,0,0,0,0,0,0
5126,3,1,2,2,0,3,8
9611430,4,2,2,3,0,4,6
9907280,3,3,0,0,0,3,6
11308,3,2,1,1,0,3,30
9411251,2,2,0,0,2,0,0
9209290,16,9,7,14,16,0,0
9711228,2,2,0,0,0,2,2
7297,2,2,0,0,2,0,0
9309230,3,2,1,1,3,0,0
9304207,8,4,4,4,8,0,0
105061,7,5,2,2,0,7,18
9806304,1,1,0,0,0,1,2
9506307,3,3,0,0,0,3,22
8141,9,3,6,12,2,7,17
9701397,2,1,1,1,0,2,2
1033,5,2,3,6,0,5,97
9810529,11,3,8,10,1,10,20
9909316,0,0,0,0,0,0,0
8320,3,2,1,1,0,3,7
109283,2,1,1,1,0,2,5
9511214,2,1,1,1,2,0,0
9808238,3,2,1,1,1,2,3
9911500,0,0,0,0,0,0,0
204080,9,4,5,13,0,9,130
9801346,9,4,5,12,1,8,9
9906231,10,6,4,5,2,8,14
208214,2,1,1,1,0,2,40
202009,12,3,9,21,0,12,75
4194,1,1,0,0,0,1,2
9906504,5,2,3,4,1,4,7
9412254,12,3,9,11,11,1,1
9710481,0,0,0,0,0,0,0
9307255,0,0,0,0,0,0,0
9912384,1,1,0,0,1,0,0
6245,0,0,0,0,0,0,0
9711425,6,3,3,3,0,6,18
201091,5,4,1,1,0,5,24
210352,2,2,0,0,0,2,3
9905261,6,6,0,0,2,4,4
9809245,10,1,9,25,0,10,47
210390,1,1,0,0,0,1,6
9809431,2,2,0,0,0,2,13
6279,1,1,0,0,1,0,0
9708347,1,1,0,0,1,0,0
9901296,2,2,0,0,0,2,8
9207261,1,1,0,0,1,0,0
9703400,6,2,4,5,6,0,0
111084,3,2,1,1,2,1,1
9609319,4,2,2,2,4,0,0
211305,4,3,1,1,1,3,9
9802237,3,2,1,1,3,0,0
1017,1,1,0,0,0,1,7
9410223,3,3,0,0,3,0,0
5033,0,0,0,0,0,0,0
5099,2,1,1,1,0,2,6
207130,0,0,0,0,0,0,0
9705439,7,3,4,8,2,5,5
9706362,4,4,0,0,0,4,45
7194,0,0,0,0,0,0,0
108014,6,3,3,4,2,4,11
9610497,1,1,0,0,0,1,2
102277,10,7,3,5,7,3,4
9901226,5,5,0,0,0,5,6
101031,3,2,1,2,0,3,13
203126,6,1,5,9,0,6,50
9909504,8,4,4,4,0,8,58
9405416,7,1,6,13,7,0,0
6272,1,1,0,0,0,1,4
207365,1,1,0,0,0,1,10
9607452,12,2,10,20,1,11,29
202072,11,2,9,18,0,11,45
9709421,1,1,0,0,0,1,5
9801230,9,4,5,6,0,9,60
4125,0,0,0,0,0,0,0
9705321,1,1,0,0,1,0,0
9410227,2,2,0,0,2,0,0
2301,1,1,0,0,0,1,6
9408297,6,3,3,3,6,0,0
212210,0,0,0,0,0,0,0
9120,1,1,0,0,1,0,0
9912362,1,1,0,0,1,0,0
9901309,2,2,0,0,0,2,7
212265,1,1,0,0,0,1,9
204131,1,1,0,0,0,1,2
12184,5,3,2,3,1,4,9
9806334,0,0,0,0,0,0,0
9810375,1,1,0,0,0,1,3
201204,1,1,0,0,0,1,6
9612435,9,5,4,4,0,9,20
9603273,5,4,1,1,2,3,5
9904500,4,3,1,1,0,4,11
9805248,1,1,0,0,0,1,4
9803369,5,5,0,0,0,5,25
9802354,0,0,0,0,0,0,0
201009,1,1,0,0,1,0,0
9907321,1,1,0,0,0,1,4
101241,4,1,3,5,0,4,5
9209284,1,1,0,0,1,0,0
9809354,3,1,2,3,1,2,3
9912499,3,3,0,0,0,3,19
9705225,1,1,0,0,0,1,4
9902236,8,1,7,11,0,8,23
101354,7,4,3,5,1,6,22
11211,2,2,0,0,1,1,1
4105,5,4,1,1,1,4,17
211288,2,1,1,1,0,2,2
108119,1,1,0,0,0,1,3
209241,2,2,0,0,0,2,7
9907259,1,1,0,0,0,1,8
10116,6,3,3,3,1,5,8
4192,7,4,3,7,0,7,64
207153,4,3,1,1,0,4,55
4122,3,3,0,0,0,3,8
205233,4,1,3,3,0,4,23
112250,1,1,0,0,0,1,1
9903325,5,2,3,5,0,5,11
205083,4,1,3,4,0,4,15
9910526,2,2,0,0,0,2,3
9804461,3,3,0,0,0,3,24
9707499,1,1,0,0,0,1,4
9903372,5,3,2,4,0,5,34
9805457,3,2,1,1,0,3,16
9802217,1,1,0,0,0,1,6
3167,16,6,10,26,5,11,67
9909323,1,1,0,0,1,0,0
9603447,4,3,1,1,1,3,5
205037,8,3,5,10,0,8,160
11072,2,1,1,1,0,2,2
10114,9,3,6,10,1,8,20
9502389,0,0,0,0,0,0,0
106197,1,1,0,0,0,1,2
105119,2,2,0,0,0,2,8
9902231,3,2,1,1,0,3,12
7119,13,4,9,15,13,0,0
9807256,5,1,4,7,0,5,34
1025,8,1,7,23,0,8,38
4250,4,3,1,1,2,2,4
9210210,3,1,2,2,3,0,0
111022,3,1,2,2,1,2,4
104310,0,0,0,0,0,0,0
9708352,2,2,0,0,0,2,3
212374,1,1,0,0,0,1,17
12224,1,1,0,0,0,1,8
2165,5,4,1,1,0,5,10
9507279,2,1,1,1,0,2,2
9206252,4,1,3,6,0,4,4
207320,0,0,0,0,0,0,0
9807507,2,2,0,0,0,2,6
9404315,0,0,0,0,0,0,0
11240,4,4,0,0,0,4,21
108029,1,1,0,0,0,1,14
9508326,5,5,0,0,0,5,5
9705330,2,1,1,1,0,2,2
212273,0,0,0,0,0,0,0
105052,4,2,2,2,0,4,14
9708399,1,1,0,0,0,1,3
9807551,6,3,3,5,4,2,3
9906235,8,2,6,21,0,8,22
9901308,2,1,1,1,2,0,0
205271,3,2,1,1,0,3,27
6261,0,0,0,0,0,0,0
9308206,1,1,0,0,0,1,1
101280,5,5,0,0,2,3,5
9708267,0,0,0,0,0,0,0
109127,6,3,3,3,1,5,12
9805441,1,1,0,0,0,1,10
9710528,4,2,2,2,0,4,19
9909421,0,0,0,0,0,0,0
11298,2,2,0,0,0,2,5
111296,3,2,1,1,0,3,7
206170,1,1,0,0,0,1,3
209364,4,4,0,0,3,1,1
102275,3,3,0,0,0,3,13
9811232,0,0,0,0,0,0,0
112267,0,0,0,0,0,0,0
212205,1,1,0,0,0,1,13
107229,0,0,0,0,0,0,0
202014,0,0,0,0,0,0,0
9507227,1,1,0,0,0,1,2
9809580,1,1,0,0,1,0,0
9905272,3,2,1,1,0,3,5
9704374,2,2,0,0,1,1,3
4140,3,3,0,0,0,3,15
9405286,1,1,0,0,0,1,1
203082,0,0,0,0,0,0,0
206033,3,3,0,0,0,3,25
104087,3,2,1,2,0,3,14
9060,3,3,0,0,1,2,3
9901340,4,2,2,5,4,0,0
9701297,1,1,0,0,1,0,0
9512308,3,2,1,1,0,3,3
110066,2,1,1,1,2,0,0
102226,0,0,0,0,0,0,0
9805497,1,1,0,0,0,1,6
9310225,2,2,0,0,2,0,0
9909531,8,1,7,19,5,3,5
9810221,4,1,3,4,0,4,9
102167,1,1,0,0,1,0,0
210073,1,1,0,0,0,1,8
9804205,1,1,0,0,0,1,4
106279,1,1,0,0,0,1,19
9510273,0,0,0,0,0,0,0
203177,2,1,1,1,0,2,12
112326,0,0,0,0,0,0,0
9707378,1,1,0,0,1,0,0
208173,0,0,0,0,0,0,0
10287,2,2,0,0,0,2,2
9510317,0,0,0,0,0,0,0
9505412,2,2,0,0,2,0,0
9805352,3,1,2,2,0,3,5
9512332,1,1,0,0,1,0,0
9505264,2,2,0,0,2,0,0
9812247,1,1,0,0,0,1,6
9610508,2,1,1,1,2,0,0
211059,2,2,0,0,0,2,16
8154,2,1,1,1,1,1,1
9311371,0,0,0,0,0,0,0
203108,5,2,3,4,0,5,111
9307339,3,3,0,0,3,0,0
11116,2,1,1,1,0,2,13
210299,0,0,0,0,0,0,0
9405387,2,1,1,1,2,0,0
9611330,2,1,1,1,2,0,0
11194,0,0,0,0,0,0,0
204163,4,2,2,2,0,4,4
212104,0,0,0,0,0,0,0
9810365,0,0,0,0,0,0,0
9504223,0,0,0,0,0,0,0
111458,0,0,0,0,0,0,0
9906537,0,0,0,0,0,0,0
9706361,1,1,0,0,1,0,0
9902278,0,0,0,0,0,0,0
9912519,4,1,3,5,1,3,10
1267,0,0,0,0,0,0,0
103296,2,2,0,0,2,0,0
9501403,1,1,0,0,0,1,2
9511373,0,0,0,0,0,0,0
9812299,1,1,0,0,1,0,0
9611329,2,2,0,0,0,2,7
9803355,4,2,2,3,0,4,8
2188,1,1,0,0,0,1,1
9809591,0,0,0,0,0,0,0
9912415,7,2,5,8,1,6,14
101094,1,1,0,0,0,1,1
109163,1,1,0,0,0,1,2
9810390,2,2,0,0,0,2,12
9705310,0,0,0,0,0,0,0
9506415,2,2,0,0,2,0,0
8075,1,1,0,0,0,1,1
9405211,1,1,0,0,1,0,0
8211,0,0,0,0,0,0,0
9807301,0,0,0,0,0,0,0
210046,1,1,0,0,1,0,0
111335,5,1,4,8,0,5,7
9905533,0,0,0,0,0,0,0
9809225,1,1,0,0,0,1,3
9505386,2,2,0,0,2,0,0
202182,0,0,0,0,0,0,0
206294,3,1,2,2,3,0,0
9711233,1,1,0,0,0,1,6
111014,1,1,0,0,0,1,9
9312208,0,0,0,0,0,0,0
109227,1,1,0,0,0,1,1
110046,2,2,0,0,0,2,12
9710459,0,0,0,0,0,0,0
9805325,2,2,0,0,1,1,9
3156,1,1,0,0,0,1,1
9906293,4,4,0,0,1,3,3
9209221,4,3,1,1,4,0,0
8202,0,0,0,0,0,0,0
9811449,1,1,0,0,0,1,3
9708418,1,1,0,0,0,1,4
9509385,0,0,0,0,0,0,0
9604249,0,0,0,0,0,0,0
9502402,0,0,0,0,0,0,0
9607356,0,0,0,0,0,0,0
212009,0,0,0,0,0,0,0
9503391,1,1,0,0,1,0,0
9706216,0,0,0,0,0,0,0
9710254,0,0,0,0,0,0,0
210326,0,0,0,0,0,0,0
9910400,1,1,0,0,0,1,1
302267,0,0,0,0,0,0,0
1181,0,0,0,0,0,0,0
9510251,2,1,1,1,0,2,2
9802375,1,1,0,0,1,0,0
107112,5,3,2,4,0,5,45
9708391,3,2,1,1,0,3,15
9604241,0,0,0,0,0,0,0
9912529,0,0,0,0,0,0,0
9807271,0,0,0,0,0,0,0
104292,0,0,0,0,0,0,0
9511304,0,0,0,0,0,0,0
9306258,0,0,0,0,0,0,0
9905284,0,0,0,0,0,0,0
1315,0,0,0,0,0,0,0
204056,3,3,0,0,0,3,20
104281,1,1,0,0,0,1,4
204223,1,1,0,0,0,1,3
109192,1,1,0,0,1,0,0
9510297,0,0,0,0,0,0,0
9809358,1,1,0,0,0,1,7
9905285,2,2,0,0,0,2,4
208042,0,0,0,0,0,0,0
9505299,1,1,0,0,1,0,0
9903344,1,1,0,0,0,1,10
9501353,0,0,0,0,0,0,0
202229,1,1,0,0,0,1,5
3223,0,0,0,0,0,0,0
211166,0,0,0,0,0,0,0
201220,0,0,0,0,0,0,0
9812312,0,0,0,0,0,0,0
9602430,0,0,0,0,0,0,0
301199,0,0,0,0,0,0,0
9902450,0,0,0,0,0,0,0
302057,0,0,0,0,0,0,0
9503378,0,0,0,0,0,0,0
212093,2,2,0,0,0,2,8
9706241,0,0,0,0,0,0,0
207311,1,1,0,0,0,1,4
212195,1,1,0,0,0,1,11
301159,0,0,0,0,0,0,0
301004,0,0,0,0,0,0,0
207011,0,0,0,0,0,0,0
11256,1,1,0,0,1,0,0
5165,2,2,0,0,2,0,0
9702248,0,0,0,0,0,0,0
212233,0,0,0,0,0,0,0
1184,2,1,1,1,0,2,8
104026,0,0,0,0,0,0,0
9307258,0,0,0,0,0,0,0
8096,0,0,0,0,0,0,0
9909306,1,1,0,0,0,1,2
301126,0,0,0,0,0,0,0
12006,0,0,0,0,0,0,0
9501310,0,0,0,0,0,0,0
101007,2,1,1,1,2,0,0
108259,2,2,0,0,0,2,4
104083,0,0,0,0,0,0,0
9910469,0,0,0,0,0,0,0
209040,1,1,0,0,0,1,2
9802389,0,0,0,0,0,0,0
210378,1,1,0,0,0,1,6
11340,1,1,0,0,0,1,3
210015,1,1,0,0,0,1,4
9811503,0,0,0,0,0,0,0
9904401,1,1,0,0,0,1,1
12210,2,2,0,0,0,2,6
9910556,0,0,0,0,0,0,0
207178,0,0,0,0,0,0,0
9270,0,0,0,0,0,0,0
203165,0,0,0,0,0,0,0
9909402,0,0,0,0,0,0,0
106106,0,0,0,0,0,0,0
9911306,5,5,0,0,0,5,20
103203,1,1,0,0,0,1,3
102148,0,0,0,0,0,0,0
204159,1,1,0,0,1,0,0
101111,0,0,0,0,0,0,0
211273,0,0,0,0,0,0,0
9509218,0,0,0,0,0,0,0
9804278,0,0,0,0,0,0,0
203084,1,1,0,0,1,0,0
9907357,0,0,0,0,0,0,0
9612273,1,1,0,0,0,1,1
9406361,0,0,0,0,0,0,0
101107,1,1,0,0,0,1,2
201271,2,2,0,0,0,2,9
9402271,0,0,0,0,0,0,0
9812420,1,1,0,0,1,0,0
9806456,1,1,0,0,0,1,2
9905270,0,0,0,0,0,0,0
9707202,5,1,4,9,3,2,6
11175,2,2,0,0,0,2,30
9407358,1,1,0,0,1,0,0
9808445,0,0,0,0,0,0,0
9605308,0,0,0,0,0,0,0
210397,0,0,0,0,0,0,0
9604278,0,0,0,0,0,0,0
9906258,0,0,0,0,0,0,0
9507243,0,0,0,0,0,0,0
111202,0,0,0,0,0,0,0
12280,0,0,0,0,0,0,0
111197,2,2,0,0,0,2,8
9602252,0,0,0,0,0,0,0
9810268,0,0,0,0,0,0,0
9912495,0,0,0,0,0,0,0
9609440,0,0,0,0,0,0,0
9401201,0,0,0,0,0,0,0
9511291,0,0,0,0,0,0,0
205187,2,2,0,0,0,2,15
9502354,0,0,0,0,0,0,0
9810324,0,0,0,0,0,0,0
9702347,1,1,0,0,0,1,1
210409,0,0,0,0,0,0,0
9124,0,0,0,0,0,0,0
9406297,0,0,0,0,0,0,0
6002,0,0,0,0,0,0,0
204116,0,0,0,0,0,0,0
106146,2,2,0,0,0,2,13
111201,0,0,0,0,0,0,0
9809570,1,1,0,0,1,0,0
9803353,0,0,0,0,0,0,0
6318,0,0,0,0,0,0,0
212022,0,0,0,0,0,0,0
207209,0,0,0,0,0,0,0
9807205,0,0,0,0,0,0,0
9809353,0,0,0,0,0,0,0
204355,0,0,0,0,0,0,0
207188,0,0,0,0,0,0,0
9604386,0,0,0,0,0,0,0
301002,0,0,0,0,0,0,0
204022,0,0,0,0,0,0,0
9807270,0,0,0,0,0,0,0
302194,0,0,0,0,0,0,0
206132,0,0,0,0,0,0,0
9306276,0,0,0,0,0,0,0
9912374,0,0,0,0,0,0,0
9307308,0,0,0,0,0,0,0
9611214,0,0,0,0,0,0,0
208164,2,2,0,0,2,0,0
9709464,0,0,0,0,0,0,0
209114,1,1,0,0,0,1,7
201096,0,0,0,0,0,0,0
107170,0,0,0,0,0,0,0
9706475,0,0,0,0,0,0,0
2015,0,0,0,0,0,0,0
105309,0,0,0,0,0,0,0
109112,0,0,0,0,0,0,0
9906453,0,0,0,0,0,0,0
211362,0,0,0,0,0,0,0
9811286,1,1,0,0,0,1,3
9207238,2,2,0,0,2,0,0
1127,1,1,0,0,0,1,8
210129,1,1,0,0,1,0,0
212140,0,0,0,0,0,0,0
12139,0,0,0,0,0,0,0
9912550,0,0,0,0,0,0,0
211302,0,0,0,0,0,0,0
9409351,0,0,0,0,0,0,0
212013,0,0,0,0,0,0,0
209356,0,0,0,0,0,0,0
9804225,0,0,0,0,0,0,0
5296,0,0,0,0,0,0,0
9708333,0,0,0,0,0,0,0
202267,0,0,0,0,0,0,0
9507272,0,0,0,0,0,0,0
10064,0,0,0,0,0,0,0
9705352,1,1,0,0,0,1,7
9803317,1,1,0,0,0,1,3
9809278,0,0,0,0,0,0,0
9908477,0,0,0,0,0,0,0
9302297,1,1,0,0,1,0,0
101117,0,0,0,0,0,0,0
212155,0,0,0,0,0,0,0
9801231,0,0,0,0,0,0,0
9803293,0,0,0,0,0,0,0
9609421,1,1,0,0,0,1,4
9701280,0,0,0,0,0,0,0
9603407,0,0,0,0,0,0,0
210400,0,0,0,0,0,0,0
9907563,0,0,0,0,0,0,0
9604214,0,0,0,0,0,0,0
302122,0,0,0,0,0,0,0
9912252,0,0,0,0,0,0,0
9809274,0,0,0,0,0,0,0
9503487,0,0,0,0,0,0,0
211240,0,0,0,0,0,0,0
209132,0,0,0,0,0,0,0
9606204,0,0,0,0,0,0,0
9314,1,1,0,0,1,0,0
110259,0,0,0,0,0,0,0
9511390,0,0,0,0,0,0,0
209065,0,0,0,0,0,0,0
205303,1,1,0,0,0,1,7
9505312,0,0,0,0,0,0,0
9807314,0,0,0,0,0,0,0
206059,0,0,0,0,0,0,0
209273,0,0,0,0,0,0,0
201124,0,0,0,0,0,0,0
202230,0,0,0,0,0,0,0
101021,0,0,0,0,0,0,0
9901417,0,0,0,0,0,0,0
5294,0,0,0,0,0,0,0
9910487,0,0,0,0,0,0,0
112348,0,0,0,0,0,0,0
9505437,0,0,0,0,0,0,0
107273,0,0,0,0,0,0,0
4025,0,0,0,0,0,0,0
9906294,0,0,0,0,0,0,0
211205,0,0,0,0,0,0,0
9409245,0,0,0,0,0,0,0
9512315,0,0,0,0,0,0,0
9606307,0,0,0,0,0,0,0
212338,0,0,0,0,0,0,0
112011,0,0,0,0,0,0,0
106091,0,0,0,0,0,0,0
11288,0,0,0,0,0,0,0
301091,0,0,0,0,0,0,0
211250,0,0,0,0,0,0,0
212214,0,0,0,0,0,0,0
9607354,20,6,14,34,0,20,45
9804209,85,15,70,246,10,75,231
4213,68,8,60,407,3,65,366
103211,17,2,15,32,0,17,211
9911250,10,5,5,11,2,8,58
9401204,42,5,37,204,42,0,0
9503414,33,16,17,26,13,20,69
9704376,96,22,74,322,5,91,1005
9912288,4,3,1,1,1,3,6
107002,48,13,35,121,0,48,129
103230,10,7,3,5,8,2,3
9801317,6,4,2,2,4,2,3
9904236,29,5,24,78,15,14,22
9502225,17,4,13,36,5,12,17
9906218,33,3,30,125,2,31,127
9906208,2,1,1,1,0,2,4
9602208,45,19,26,68,34,11,20
9704259,12,3,9,20,2,10,35
9807207,8,1,7,9,1,7,7
9912458,14,2,12,25,1,13,38
11144,8,5,3,5,2,6,41
9412275,14,9,5,9,3,11,18
9805478,10,2,8,16,1,9,34
9702393,17,7,10,21,5,12,74
9908402,2,2,0,0,2,0,0
9603368,32,6,26,87,9,23,49
9809275,5,2,3,4,0,5,35
109097,13,5,8,12,1,12,43
9606306,1,1,0,0,1,0,0
9211240,5,4,1,1,5,0,0
9301295,25,7,18,34,14,11,11
9405423,24,5,19,55,7,17,30
9409388,41,3,38,178,25,16,16
9601324,57,13,44,167,9,48,48
9406423,16,3,13,21,9,7,15
9211310,21,6,15,37,21,0,0
9509389,135,9,126,833,88,47,65
9807216,367,42,325,2255,212,155,325
9904279,127,7,120,862,7,120,1097
9710209,49,8,41,170,2,47,371
9705300,10,6,4,6,0,10,50
9705366,31,3,28,126,26,5,5
9903334,13,4,9,16,0,13,71
9608311,24,5,19,47,2,22,38
9703240,61,6,55,218,61,0,0
9308348,16,7,9,13,13,3,3
9810510,19,3,16,42,1,18,71
9712238,10,5,5,5,7,3,3
9704253,28,6,22,78,6,22,47
9710565,57,9,48,254,27,30,51
9802410,7,3,4,8,1,6,8
9905220,111,16,95,318,24,87,202
4064,4,4,0,0,0,4,5
9301220,3,2,1,1,3,0,0
9804261,11,2,9,23,0,11,65
9307279,15,3,12,48,15,0,0
9712277,6,3,3,3,0,6,86
9609342,19,3,16,42,1,18,60
12313,18,5,13,32,2,16,76
9706280,1,1,0,0,0,1,2
9510439,85,6,79,538,26,59,110
9302317,58,15,43,169,47,11,11
9906209,51,10,41,114,3,48,203
9702421,32,6,26,117,11,21,34
9502201,17,4,13,25,12,5,10
111376,2,2,0,0,1,1,2
1293,7,1,6,9,0,7,29
9511462,12,6,6,6,1,11,77
9305348,101,17,84,470,101,0,0
9711402,38,7,31,99,4,34,128
9204201,5,3,2,2,5,0,0
9608224,77,5,72,471,2,75,600
9703390,10,2,8,20,0,10,114
110037,1,1,0,0,1,0,0
9402235,1,1,0,0,1,0,0
9406262,55,9,46,172,36,19,24
5275,37,4,33,167,6,31,162
9507284,69,6,63,265,6,63,453
9912372,7,4,3,4,1,6,19
1266,8,2,6,21,0,8,23
9803328,19,6,13,30,8,11,44
9703349,79,7,72,518,0,79,645
111073,0,0,0,0,0,0,0
9702414,16,3,13,31,1,15,50
6301,1,1,0,0,0,1,3
9303281,155,21,134,840,63,92,111
9512253,28,3,25,74,4,24,63
9409438,12,5,7,13,0,12,45
9801456,34,4,30,115,0,34,287
9609497,3,3,0,0,0,3,10
9209245,38,7,31,230,38,0,0
9207227,20,5,15,64,20,0,0
9310242,42,16,26,95,35,7,7
9602431,5,4,1,2,5,0,0
9707338,29,12,17,33,3,26,81
9601392,9,2,7,21,5,4,4
9805424,49,5,44,270,1,48,255
9808233,3,2,1,1,0,3,12
9310252,38,6,32,146,38,0,0
9606293,5,5,0,0,1,4,15
9703445,52,20,32,83,15,37,105
9403229,44,12,32,107,25,19,23
9611320,17,3,14,41,13,4,8
107071,14,4,10,31,3,11,32
9402298,26,5,21,72,22,4,4
9407362,9,6,3,3,5,4,12
9610414,34,6,28,115,21,13,20
9608247,23,3,20,66,0,23,155
9205228,91,24,67,279,91,0,0
9710513,23,5,18,52,0,23,156
9208207,50,17,33,103,50,0,0
9407353,11,2,9,21,1,10,24
9503445,40,13,27,63,6,34,126
9701390,136,17,119,589,74,62,85
9706467,28,5,23,67,2,26,166
101103,43,18,25,56,4,39,343
9403320,27,5,22,81,27,0,0
9803473,31,6,25,95,3,28,107
9407313,7,2,5,9,7,0,0
7159,22,7,15,39,0,22,240
9702376,51,5,46,279,3,48,131
9708219,20,4,16,67,0,20,94
9610451,84,23,61,153,52,32,88
9910344,12,4,8,14,1,11,25
9804453,11,1,10,31,0,11,72
9804429,22,2,20,43,1,21,111
9311341,48,8,40,173,48,0,0
9712442,15,9,6,10,1,14,121
9901397,29,3,26,82,0,29,261
9911379,29,5,24,57,12,17,66
9503213,12,5,7,18,6,6,8
4095,45,6,39,185,0,45,133
9812287,145,8,137,1654,3,142,682
9909419,25,2,23,130,2,23,463
9406220,27,3,24,101,7,20,43
10223,4,3,1,1,0,4,7
12294,5,4,1,1,2,3,3
10049,1,1,0,0,1,0,0
202093,13,2,11,31,0,13,19
9905204,22,5,17,53,1,21,120
9504231,19,5,14,32,4,15,35
9509212,26,7,19,63,1,25,57
9906270,16,3,13,25,0,16,63
9605447,15,5,10,13,0,15,53
9505245,41,8,33,177,0,41,206
9405429,14,4,10,19,14,0,0
9801280,4,2,2,3,1,3,13
9608359,15,3,12,34,5,10,10
9902272,4,2,2,2,0,4,9
9406257,10,5,5,5,10,0,0
9607234,9,4,5,6,0,9,35
9601233,42,20,22,39,19,23,55
9510349,2,1,1,1,2,0,0
9506455,13,2,11,22,0,13,30
9903357,8,5,3,8,6,2,2
9908504,37,2,35,172,0,37,416
9710531,31,7,24,82,5,26,59
9901219,14,3,11,17,1,13,36
9802238,50,3,47,209,16,34,147
11077,1,1,0,0,1,0,0
9710353,11,6,5,5,1,10,132
9604310,4,3,1,1,1,3,3
9903279,5,1,4,4,1,4,12
9312302,20,8,12,30,0,20,60
6135,20,12,8,25,4,16,38
9907218,70,2,68,322,1,69,256
9706430,55,16,39,111,10,45,131
9511317,9,3,6,16,1,8,24
9408253,52,15,37,127,7,45,165
9609307,11,3,8,17,0,11,46
9712322,9,7,2,2,0,9,83
9502252,24,7,17,32,0,24,145
8269,13,8,5,5,0,13,72
9402320,12,4,8,19,12,0,0
9510268,6,2,4,9,0,6,60
9706509,65,8,57,298,4,61,318
9704349,7,2,5,7,0,7,67
102304,17,4,13,65,0,17,187
3222,22,6,16,49,0,22,169
5154,14,3,11,36,0,14,97
9701219,43,8,35,116,2,41,164
9902352,12,3,9,16,2,10,23
9408246,9,1,8,19,4,5,5
9808361,8,2,6,16,2,6,15
10009,28,1,27,87,0,28,149
106168,7,1,6,14,0,7,60
9910444,23,4,19,83,0,23,115
9503455,7,4,3,3,1,6,14
9702397,9,2,7,9,1,8,14
9911213,10,3,7,12,4,6,31
9610413,2,2,0,0,0,2,8
9902234,14,2,12,29,0,14,33
9810241,24,5,19,57,1,23,50
9508334,10,1,9,10,2,8,14
9811373,5,2,3,3,0,5,39
9811253,88,21,67,255,4,84,552
9608342,6,5,1,1,2,4,6
9505297,3,2,1,1,1,2,4
9811501,59,2,57,674,0,59,395
9907362,66,8,58,259,1,65,571
102291,16,12,4,6,0,16,62
9605240,23,9,14,25,7,16,20
212315,0,0,0,0,0,0,0
9511322,1,1,0,0,0,1,1
204025,14,11,3,3,2,12,42
105041,15,5,10,18,2,13,111
210023,3,3,0,0,0,3,17
202081,22,5,17,85,0,22,372
102290,15,7,8,12,0,15,109
9510304,51,5,46,211,35,16,21
9207278,43,15,28,55,43,0,0
9605350,2,2,0,0,2,0,0
107156,9,6,3,4,0,9,74
5030,5,3,2,2,0,5,23
9912464,15,10,5,10,0,15,62
9608251,53,10,43,216,17,36,73
9906341,10,8,2,2,0,10,141
11147,0,0,0,0,0,0,0
6092,4,4,0,0,0,4,6
9803487,6,2,4,6,2,4,6
9610507,15,7,8,18,4,11,71
9203213,6,4,2,3,6,0,0
9310301,4,4,0,0,4,0,0
9504330,54,11,43,125,49,5,5
203158,5,2,3,4,0,5,45
9284,2,2,0,0,1,1,30
9706501,28,6,22,56,1,27,171
2104,1,1,0,0,1,0,0
9711450,23,3,20,51,18,5,9
9511443,17,3,14,31,17,0,0
9808332,14,2,12,41,0,14,182
9503394,34,9,25,82,23,11,18
9609504,14,4,10,24,0,14,104
9706369,10,3,7,13,0,10,102
9212208,5,3,2,3,5,0,0
9706398,10,2,8,17,10,0,0
9701242,9,4,5,6,0,9,20
9503467,8,4,4,4,5,3,5
9406373,11,1,10,36,10,1,1
9508369,2,2,0,0,0,2,7
3178,9,3,6,11,0,9,100
9708382,17,4,13,29,4,13,69
9905338,6,3,3,4,0,6,50
9603417,31,4,27,143,1,30,63
106123,6,2,4,6,0,6,20
9501402,3,2,1,1,0,3,8
9407287,93,23,70,233,36,57,123
9805509,19,4,15,43,2,17,36
9812266,11,6,5,5,0,11,28
9502390,2,1,1,1,2,0,0
4018,11,3,8,21,0,11,47
9406253,1,1,0,0,0,1,3
9303247,5,4,1,1,5,0,0
9305346,5,3,2,2,5,0,0
9807298,13,4,9,16,0,13,43
9710508,12,3,9,16,0,12,66
106156,0,0,0,0,0,0,0
9404277,20,7,13,28,15,5,8
9310346,11,7,4,9,6,5,7
9902280,11,6,5,11,2,9,73
9302256,13,6,7,14,13,0,0
9601206,13,8,5,9,7,6,6
9507210,12,6,6,13,12,0,0
9910219,4,1,3,4,0,4,17
9803256,39,8,31,103,0,39,343
9810364,13,5,8,12,0,13,81
9401264,16,6,10,31,16,0,0
9605265,5,3,2,3,4,1,1
9508285,4,3,1,1,1,3,6
9706233,3,2,1,1,0,3,6
9711224,9,5,4,8,0,9,47
9906337,4,4,0,0,1,3,7
9309277,6,3,3,6,2,4,6
9503450,1,1,0,0,1,0,0
9711481,15,3,12,33,0,15,76
9303282,4,2,2,2,1,3,9
9501216,7,1,6,12,0,7,18
9607218,6,2,4,7,6,0,0
9512345,6,3,3,3,1,5,10
9508221,22,11,11,33,1,21,80
10335,4,2,2,3,0,4,19
9610542,6,3,3,6,3,3,3
9909461,7,2,5,8,0,7,17
9310349,5,3,2,2,3,2,3
9501251,32,5,27,88,13,19,29
9903272,5,3,2,3,3,2,5
9704205,16,5,11,20,6,10,24
9809529,4,3,1,1,0,4,47
9507287,8,4,4,7,1,7,31
8205,5,3,2,3,5,0,0
9909361,3,1,2,2,0,3,11
6040,10,4,6,9,0,10,166
9412205,3,2,1,2,0,3,4
9803342,15,3,12,25,0,15,132
9405399,20,3,17,45,3,17,46
108249,6,1,5,9,0,6,12
9132,3,3,0,0,0,3,24
9712429,19,4,15,74,1,18,48
9809334,2,1,1,1,0,2,3
9910535,8,4,4,5,2,6,36
9405392,12,4,8,12,12,0,0
9308276,51,9,42,171,44,7,7
11083,9,7,2,2,1,8,97
104150,2,1,1,1,0,2,15
9810416,12,3,9,29,2,10,45
5082,3,1,2,2,0,3,5
9804243,6,6,0,0,0,6,8
104146,25,7,18,47,1,24,298
2172,3,3,0,0,1,2,9
9506356,29,11,18,41,29,0,0
103126,8,4,4,16,0,8,47
9908460,3,2,1,1,0,3,11
9304245,21,6,15,38,18,3,3
9504294,11,3,8,13,9,2,2
9204226,13,3,10,34,13,0,0
9508349,11,7,4,7,5,6,14
9706436,5,4,1,1,0,5,5
9610397,7,2,5,7,1,6,26
105034,3,2,1,1,0,3,15
9611307,12,2,10,21,3,9,28
9804299,13,2,11,43,0,13,84
9711257,5,3,2,2,1,4,21
108013,3,2,1,1,0,3,20
9610529,11,2,9,15,2,9,41
106179,2,2,0,0,1,1,9
9602325,4,4,0,0,0,4,27
9211227,4,3,1,2,4,0,0
9803310,14,5,9,19,1,13,45
9706294,44,5,39,192,1,43,127
9507258,5,3,2,2,3,2,2
9606454,5,4,1,1,5,0,0
9509369,14,2,12,20,14,0,0
9806481,0,0,0,0,0,0,0
9712299,13,5,8,16,1,12,33
9810421,4,2,2,2,0,4,13
102253,3,1,2,2,0,3,20
9902463,4,2,2,4,1,3,3
9811303,14,6,8,12,6,8,10
9503292,4,4,0,0,4,0,0
9902294,25,12,13,40,4,21,76
9710526,14,2,12,26,0,14,77
111107,16,7,9,24,1,15,66
9907268,9,4,5,8,4,5,9
110414,10,4,6,16,1,9,27
103052,14,7,7,11,2,12,50
9701366,8,6,2,2,0,8,14
9307307,3,3,0,0,0,3,4
9910365,35,12,23,46,3,32,175
9710368,13,2,11,32,3,10,26
9508320,5,2,3,6,0,5,30
9906530,8,2,6,7,2,6,15
9612340,5,4,1,3,2,3,7
103322,14,7,7,12,3,11,47
106017,6,4,2,2,3,3,4
9502349,21,3,18,79,21,0,0
108170,23,3,20,80,0,23,305
9908495,1,1,0,0,1,0,0
9712432,5,1,4,7,0,5,23
9604303,12,4,8,19,2,10,19
103237,1,1,0,0,1,0,0
9807364,6,4,2,2,0,6,22
9602220,3,3,0,0,0,3,9
9604279,27,7,20,44,6,21,50
9603267,13,4,9,19,7,6,10
9803304,8,1,7,15,4,4,7
9806394,12,1,11,27,1,11,25
204099,1,1,0,0,0,1,2
9809506,16,3,13,43,0,16,224
9612320,7,2,5,9,1,6,19
9406362,2,1,1,1,0,2,10
9603345,6,3,3,6,1,5,10
9505361,12,5,7,11,6,6,9
1119,19,3,16,58,0,19,116
105207,6,3,3,3,0,6,25
108181,4,2,2,2,1,3,5
208258,1,1,0,0,0,1,5
202074,11,4,7,22,1,10,51
112120,3,3,0,0,1,2,7
9504311,5,3,2,2,2,3,3
108003,17,2,15,75,0,17,151
201233,11,3,8,17,11,0,0
6005,19,3,16,71,0,19,48
9912534,4,4,0,0,0,4,14
106085,4,4,0,0,0,4,21
9801235,16,10,6,10,1,15,98
2262,1,1,0,0,0,1,13
9501280,8,3,5,8,1,7,11
9809351,8,5,3,6,8,0,0
9505266,28,8,20,45,0,28,82
9801210,7,5,2,2,0,7,43
9707508,3,3,0,0,1,2,7
9707381,1,1,0,0,0,1,3
101042,22,3,19,70,0,22,279
9903341,52,7,45,160,1,51,126
9805356,26,4,22,94,0,26,98
9906240,3,2,1,1,2,1,3
302124,0,0,0,0,0,0,0
9411236,2,2,0,0,2,0,0
9811289,3,3,0,0,0,3,9
9601334,6,3,3,4,3,3,5
9408372,1,1,0,0,0,1,1
9510296,5,3,2,2,4,1,2
9604390,5,3,2,4,0,5,25
9907297,3,3,0,0,0,3,12
9309316,2,2,0,0,1,1,1
9210281,13,2,11,30,13,0,0
9411428,6,4,2,2,2,4,4
9506352,4,3,1,2,4,0,0
9902292,13,2,11,25,2,11,29
5316,33,2,31,230,0,33,113
103335,16,2,14,74,0,16,195
9510334,2,1,1,1,1,1,7
9404285,4,4,0,0,4,0,0
9609220,4,4,0,0,0,4,11
109035,8,2,6,13,4,4,12
9610255,8,3,5,6,1,7,16
203163,2,2,0,0,0,2,3
9710432,6,1,5,11,2,4,14
9349,0,0,0,0,0,0,0
9510415,6,3,3,5,2,4,6
9807309,1,1,0,0,0,1,6
9610454,1,1,0,0,0,1,1
109069,1,1,0,0,1,0,0
9902246,1,1,0,0,1,0,0
9704234,9,6,3,4,1,8,46
9903431,1,1,0,0,0,1,4
9808449,12,2,10,41,0,12,75
9106,5,1,4,5,0,5,19
3168,26,1,25,75,25,1,1
9706552,2,1,1,1,1,1,1
8161,4,3,1,1,2,2,11
9510421,5,3,2,2,1,4,13
9711306,3,2,1,2,2,1,1
9911449,1,1,0,0,1,0,0
202114,1,1,0,0,0,1,4
9711418,5,3,2,3,1,4,9
7125,2,2,0,0,0,2,3
9907399,22,3,19,51,2,20,44
9607306,21,5,16,37,4,17,54
9610258,2,2,0,0,1,1,1
9801373,3,3,0,0,0,3,3
9611233,1,1,0,0,0,1,1
9609252,4,2,2,2,4,0,0
9910425,8,2,6,15,0,8,17
9903300,8,1,7,24,0,8,21
7050,3,2,1,1,0,3,18
111267,11,4,7,9,1,10,45
101192,10,2,8,10,1,9,60
2218,7,4,3,5,0,7,24
9905380,1,1,0,0,0,1,3
9502322,2,2,0,0,0,2,2
9605230,18,6,12,32,0,18,74
9509315,2,2,0,0,0,2,8
101002,5,2,3,6,1,4,6
201197,18,1,17,51,0,18,100
1174,11,5,6,19,0,11,89
9806514,8,2,6,14,2,6,6
9809444,3,3,0,0,0,3,16
9407352,1,1,0,0,1,0,0
9210257,3,1,2,2,3,0,0
9405325,26,12,14,56,26,0,0
9404240,4,2,2,2,4,0,0
102343,13,4,9,21,0,13,96
9405405,3,3,0,0,3,0,0
9411324,9,4,5,11,6,3,4
9504318,3,3,0,0,3,0,0
101004,3,3,0,0,0,3,12
109102,16,2,14,31,1,15,44
9608385,3,3,0,0,0,3,3
106104,4,3,1,1,0,4,56
9405357,3,3,0,0,1,2,8
12052,10,3,7,16,0,10,23
105134,2,1,1,1,0,2,8
9912478,6,3,3,6,0,6,42
9807272,2,1,1,1,1,1,1
9907383,13,8,5,12,8,5,9
9703268,21,3,18,89,1,20,76
9811334,13,1,12,27,0,13,55
204265,12,6,6,16,8,4,15
111089,7,2,5,9,0,7,30
9902413,1,1,0,0,1,0,0
9710442,5,1,4,9,1,4,8
9811484,12,4,8,15,0,12,32
9605309,2,1,1,1,0,2,4
9810376,6,1,5,10,0,6,12
9810277,15,5,10,34,0,15,35
9809344,10,5,5,6,2,8,19
105158,1,1,0,0,0,1,1
9410219,5,1,4,6,5,0,0
9509334,2,2,0,0,2,0,0
211022,1,1,0,0,0,1,6
9906301,13,5,8,18,2,11,72
9408308,10,5,5,8,1,9,14
101294,5,2,3,3,0,5,19
2156,9,9,0,0,9,0,0
9912340,2,2,0,0,1,1,21
112249,2,2,0,0,0,2,6
9407255,2,2,0,0,1,1,1
104227,2,2,0,0,0,2,2
111030,9,5,4,6,0,9,54
9708253,11,4,7,9,11,0,0
9704265,2,2,0,0,0,2,2
9411345,2,2,0,0,2,0,0
9302253,3,3,0,0,3,0,0
9603421,1,1,0,0,0,1,2
7011,14,3,11,16,4,10,60
205066,5,4,1,1,0,5,18
107227,12,3,9,13,1,11,56
107304,1,1,0,0,0,1,3
112025,1,1,0,0,1,0,0
9901307,3,3,0,0,1,2,3
9702420,1,1,0,0,0,1,5
9402309,6,5,1,1,6,0,0
207324,1,1,0,0,0,1,23
106083,2,1,1,1,0,2,22
9506299,3,3,0,0,2,1,2
9406367,0,0,0,0,0,0,0
9803276,3,2,1,1,3,0,0
105129,10,3,7,10,3,7,32
6338,9,1,8,13,0,9,17
9911438,5,4,1,3,0,5,18
9805204,1,1,0,0,0,1,4
9512319,22,5,17,52,4,18,48
103315,8,2,6,11,2,6,10
207106,1,1,0,0,0,1,4
9611360,2,2,0,0,1,1,1
9506330,2,2,0,0,2,0,0
207044,6,4,2,2,0,6,33
9705406,7,4,3,7,3,4,5
9901354,5,3,2,2,0,5,34
9901367,4,4,0,0,4,0,0
211039,2,1,1,1,0,2,7
9903244,11,6,5,7,3,8,12
103271,12,5,7,20,0,12,53
8042,5,2,3,5,0,5,16
203182,3,2,1,1,0,3,27
208067,5,3,2,2,0,5,77
201001,9,3,6,6,0,9,265
9902286,3,1,2,2,0,3,15
9606320,4,1,3,4,1,3,3
9702336,0,0,0,0,0,0,0
112132,12,3,9,18,0,12,195
9908471,1,1,0,0,0,1,3
12063,2,2,0,0,0,2,12
106329,6,2,4,7,0,6,94
203092,7,2,5,8,0,7,39
6102,1,1,0,0,0,1,1
9807225,2,2,0,0,0,2,5
9710295,8,3,5,9,1,7,14
9801447,4,2,2,2,0,4,15
204206,3,3,0,0,1,2,6
9703415,4,1,3,5,0,4,9
106161,2,2,0,0,0,2,27
9811312,2,2,0,0,0,2,21
111294,3,3,0,0,0,3,23
9806439,5,5,0,0,3,2,8
9602330,4,2,2,3,4,0,0
204117,3,2,1,1,0,3,27
9905493,5,4,1,1,4,1,1
9603303,13,5,8,17,2,11,19
9911542,7,3,4,4,0,7,23
9506421,4,4,0,0,1,3,5
9710297,1,1,0,0,0,1,1
9609218,19,8,11,37,2,17,42
9712395,10,2,8,16,0,10,50
9902346,5,3,2,4,0,5,8
9810547,1,1,0,0,0,1,6
9505215,1,1,0,0,0,1,1
9905352,6,5,1,1,0,6,9
9908488,2,1,1,1,0,2,6
9612203,7,1,6,16,5,2,2
9311259,3,3,0,0,0,3,4
9707228,5,5,0,0,0,5,18
9907552,4,1,3,3,0,4,22
9311379,5,1,4,6,1,4,4
7209,4,3,1,1,4,0,0
9407260,14,4,10,24,14,0,0
10208,9,4,5,10,1,8,63
9810285,0,0,0,0,0,0,0
9812506,6,6,0,0,0,6,31
9601239,0,0,0,0,0,0,0
9608481,6,1,5,7,1,5,7
7015,4,1,3,4,0,4,27
9802235,2,2,0,0,0,2,7
9411361,1,1,0,0,1,0,0
9805205,3,3,0,0,1,2,2
9708336,8,3,5,6,8,0,0
12183,1,1,0,0,0,1,8
9305248,9,1,8,31,9,0,0
106198,11,3,8,13,0,11,28
204031,0,0,0,0,0,0,0
9805454,1,1,0,0,0,1,2
6159,11,3,8,13,1,10,25
9903482,1,1,0,0,0,1,17
9710233,2,2,0,0,0,2,18
204274,0,0,0,0,0,0,0
9503395,0,0,0,0,0,0,0
10036,4,3,1,1,0,4,7
9907377,5,1,4,5,0,5,11
9909544,3,3,0,0,2,1,2
9401327,4,3,1,1,2,2,4
9711518,3,2,1,1,0,3,22
202178,8,2,6,11,2,6,55
4178,0,0,0,0,0,0,0
9607287,1,1,0,0,0,1,3
8081,3,2,1,1,3,0,0
106035,2,2,0,0,0,2,17
9808286,5,3,2,2,1,4,4
9907557,3,3,0,0,0,3,15
9503319,5,3,2,2,0,5,15
9708337,2,2,0,0,1,1,1
207171,0,0,0,0,0,0,0
9809208,1,1,0,0,1,0,0
9707356,7,4,3,4,1,6,15
9501327,2,2,0,0,2,0,0
12225,6,5,1,1,0,6,28
211017,3,2,1,1,2,1,5
7207,9,2,7,11,1,8,13
9506254,13,6,7,11,8,5,6
101233,0,0,0,0,0,0,0
9708476,1,1,0,0,0,1,2
8233,1,1,0,0,1,0,0
9701224,2,2,0,0,0,2,3
9308341,3,2,1,1,3,0,0
9708378,3,3,0,0,1,2,4
7217,4,4,0,0,1,3,3
9306266,2,1,1,1,2,0,0
9509291,2,2,0,0,1,1,3
204357,2,1,1,1,2,0,0
6057,4,3,1,1,0,4,22
7177,2,2,0,0,0,2,10
205337,0,0,0,0,0,0,0
9804246,0,0,0,0,0,0,0
211255,0,0,0,0,0,0,0
204326,2,2,0,0,2,0,0
11111,2,1,1,1,0,2,17
108163,1,1,0,0,0,1,9
9301219,4,3,1,1,4,0,0
109281,2,1,1,1,1,1,1
9712309,8,3,5,11,2,6,21
209301,10,8,2,3,4,6,12
12367,10,3,7,17,1,9,61
201278,1,1,0,0,0,1,4
205347,6,3,3,4,0,6,38
9707443,0,0,0,0,0,0,0
9501294,2,1,1,1,2,0,0
9709405,2,2,0,0,0,2,12
107149,6,3,3,3,1,5,9
9707388,3,2,1,2,0,3,3
202111,6,2,4,4,0,6,36
212007,1,1,0,0,0,1,4
9610205,4,3,1,1,1,3,13
105330,3,1,2,2,0,3,6
9801423,1,1,0,0,1,0,0
9808372,1,1,0,0,1,0,0
9405332,12,7,5,7,5,7,7
106193,10,4,6,9,0,10,29
3274,2,2,0,0,1,1,1
9912209,1,1,0,0,1,0,0
9503458,1,1,0,0,1,0,0
9806487,2,1,1,1,0,2,4
9903547,2,2,0,0,0,2,6
10172,2,2,0,0,1,1,2
102173,3,3,0,0,0,3,10
9602283,1,1,0,0,0,1,3
9408330,3,2,1,1,1,2,3
109170,1,1,0,0,0,1,6
9804361,5,3,2,2,1,4,9
9710232,11,2,9,25,2,9,10
101173,0,0,0,0,0,0,0
9210245,8,4,4,5,8,0,0
9709478,1,1,0,0,0,1,5
9212316,3,2,1,1,3,0,0
205170,4,3,1,1,1,3,14
9711210,6,2,4,4,0,6,19
101219,3,1,2,2,3,0,0
9511463,2,1,1,1,2,0,0
9910413,1,1,0,0,1,0,0
6247,1,1,0,0,1,0,0
9604323,2,2,0,0,2,0,0
3098,1,1,0,0,0,1,9
205105,4,2,2,3,0,4,16
9405349,2,1,1,1,0,2,2
5285,6,3,3,5,1,5,5
211455,0,0,0,0,0,0,0
9811457,6,5,1,1,0,6,26
209336,1,1,0,0,0,1,5
9911219,4,3,1,1,1,3,4
9806397,3,2,1,1,0,3,15
8279,5,3,2,2,0,5,64
210150,3,1,2,2,0,3,61
8303,2,2,0,0,0,2,6
205235,1,1,0,0,0,1,13
203072,2,2,0,0,0,2,10
9911346,2,1,1,1,0,2,3
212048,1,1,0,0,0,1,5
9607270,1,1,0,0,1,0,0
9709468,7,3,4,6,0,7,26
9804295,9,2,7,19,0,9,33
212103,0,0,0,0,0,0,0
9402327,0,0,0,0,0,0,0
3252,0,0,0,0,0,0,0
9804304,18,1,17,77,1,17,140
9910284,7,6,1,1,4,3,5
9611288,3,3,0,0,0,3,27
208007,4,3,1,1,0,4,27
2228,9,2,7,12,1,8,15
11114,3,2,1,1,0,3,22
9302235,2,2,0,0,2,0,0
9608258,2,2,0,0,0,2,3
9909443,1,1,0,0,0,1,1
9912505,5,3,2,4,0,5,31
207296,3,1,2,2,0,3,50
9909258,2,1,1,1,0,2,14
9709202,1,1,0,0,0,1,1
2145,1,1,0,0,0,1,1
9301250,1,1,0,0,0,1,1
205085,10,4,6,11,0,10,122
102162,1,1,0,0,0,1,9
9909409,3,1,2,2,0,3,9
301167,2,1,1,1,0,2,30
104183,3,2,1,2,0,3,7
7293,5,1,4,4,0,5,25
9507331,1,1,0,0,0,1,2
103084,4,1,3,3,0,4,36
2093,1,1,0,0,0,1,1
9804293,6,4,2,2,0,6,21
9811287,0,0,0,0,0,0,0
211375,1,1,0,0,0,1,6
110030,1,1,0,0,0,1,1
9907353,1,1,0,0,0,1,3
9708368,1,1,0,0,0,1,7
9712334,1,1,0,0,1,0,0
9807428,4,4,0,0,4,0,0
9801213,1,1,0,0,0,1,4
9804267,3,2,1,1,0,3,8
9908414,8,2,6,13,0,8,37
4199,1,1,0,0,0,1,2
9408355,2,2,0,0,2,0,0
9402339,2,2,0,0,1,1,1
12005,0,0,0,0,0,0,0
201150,7,5,2,2,0,7,38
9709218,0,0,0,0,0,0,0
205344,2,2,0,0,0,2,6
9811231,0,0,0,0,0,0,0
9910323,1,1,0,0,0,1,11
9807547,2,2,0,0,0,2,11
9901321,8,6,2,3,0,8,34
205149,2,2,0,0,1,1,3
111087,1,1,0,0,0,1,7
302195,1,1,0,0,0,1,2
2275,2,2,0,0,2,0,0
9708298,1,1,0,0,1,0,0
110257,3,1,2,2,0,3,9
205329,6,3,3,5,0,6,48
2059,2,1,1,1,1,1,1
9704446,0,0,0,0,0,0,0
9806474,0,0,0,0,0,0,0
208197,0,0,0,0,0,0,0
9511279,4,3,1,1,0,4,8
9705351,2,1,1,1,0,2,8
206247,0,0,0,0,0,0,0
9410276,2,1,1,1,0,2,6
8182,0,0,0,0,0,0,0
106324,5,3,2,2,0,5,20
5327,0,0,0,0,0,0,0
10191,3,1,2,2,0,3,53
9909205,3,2,1,1,1,2,2
9712549,2,2,0,0,1,1,1
9804368,2,1,1,1,0,2,3
211199,1,1,0,0,0,1,2
302143,0,0,0,0,0,0,0
9809422,2,1,1,1,0,2,5
9710502,1,1,0,0,1,0,0
108027,1,1,0,0,0,1,17
9811222,2,2,0,0,0,2,5
8193,1,1,0,0,0,1,6
9911473,2,2,0,0,0,2,2
7230,1,1,0,0,0,1,7
106328,2,2,0,0,0,2,30
9307372,2,2,0,0,2,0,0
9710246,2,2,0,0,0,2,6
9811436,2,2,0,0,0,2,12
9309201,0,0,0,0,0,0,0
9604282,2,2,0,0,0,2,11
9308293,1,1,0,0,1,0,0
210431,1,1,0,0,0,1,13
9910207,2,2,0,0,0,2,2
9911441,0,0,0,0,0,0,0
9906392,2,2,0,0,1,1,16
9807571,0,0,0,0,0,0,0
4055,2,1,1,1,1,1,1
211053,1,1,0,0,0,1,4
212028,5,4,1,1,0,5,42
103091,1,1,0,0,0,1,10
9706498,0,0,0,0,0,0,0
102075,10,7,3,5,0,10,49
9802325,6,4,2,3,2,4,7
9503324,1,1,0,0,0,1,1
109029,1,1,0,0,0,1,2
9509354,1,1,0,0,0,1,3
9511316,1,1,0,0,1,0,0
9412321,1,1,0,0,1,0,0
9910319,0,0,0,0,0,0,0
201173,1,1,0,0,0,1,2
9806229,1,1,0,0,0,1,8
9708376,0,0,0,0,0,0,0
9809328,2,1,1,1,0,2,6
9804226,1,1,0,0,0,1,1
9301215,1,1,0,0,1,0,0
109244,1,1,0,0,0,1,3
203193,0,0,0,0,0,0,0
9907530,1,1,0,0,0,1,4
9706358,1,1,0,0,1,0,0
9705332,0,0,0,0,0,0,0
9510263,2,2,0,0,0,2,3
9904456,4,2,2,2,3,1,3
9610444,1,1,0,0,0,1,3
9702221,5,2,3,6,3,2,6
9903235,4,2,2,3,4,0,0
302216,0,0,0,0,0,0,0
111035,3,2,1,2,0,3,3
9603211,3,1,2,2,2,1,1
5079,1,1,0,0,0,1,1
8267,1,1,0,0,0,1,2
5046,2,2,0,0,0,2,8
9908204,4,4,0,0,0,4,5
9712288,2,2,0,0,0,2,6
111122,0,0,0,0,0,0,0
9707506,0,0,0,0,0,0,0
9702388,2,2,0,0,0,2,2
301137,1,1,0,0,1,0,0
112118,5,1,4,6,0,5,9
9302309,1,1,0,0,1,0,0
9801258,0,0,0,0,0,0,0
108184,0,0,0,0,0,0,0
107008,0,0,0,0,0,0,0
9811394,0,0,0,0,0,0,0
9707469,1,1,0,0,0,1,5
9707455,0,0,0,0,0,0,0
9612280,0,0,0,0,0,0,0
9808390,3,2,1,1,2,1,2
7040,0,0,0,0,0,0,0
210233,1,1,0,0,0,1,2
9805492,1,1,0,0,1,0,0
208208,1,1,0,0,0,1,3
9710449,0,0,0,0,0,0,0
9306263,0,0,0,0,0,0,0
107203,1,1,0,0,0,1,4
9912502,0,0,0,0,0,0,0
9506315,0,0,0,0,0,0,0
9710203,0,0,0,0,0,0,0
9807516,1,1,0,0,1,0,0
301156,0,0,0,0,0,0,0
106288,0,0,0,0,0,0,0
103246,4,3,1,1,0,4,8
101153,0,0,0,0,0,0,0
9912471,1,1,0,0,0,1,7
11253,0,0,0,0,0,0,0
10282,2,1,1,1,0,2,8
112026,1,1,0,0,0,1,1
211466,0,0,0,0,0,0,0
302007,0,0,0,0,0,0,0
9506424,4,2,2,3,4,0,0
9607456,0,0,0,0,0,0,0
111358,3,3,0,0,0,3,5
9411322,1,1,0,0,1,0,0
205200,0,0,0,0,0,0,0
9802301,1,1,0,0,0,1,2
105181,2,1,1,1,0,2,7
9807357,1,1,0,0,0,1,9
207119,0,0,0,0,0,0,0
7051,1,1,0,0,0,1,1
204176,0,0,0,0,0,0,0
202219,2,2,0,0,0,2,19
9409389,1,1,0,0,0,1,1
9612466,2,2,0,0,1,1,1
207291,2,2,0,0,0,2,14
9609254,1,1,0,0,1,0,0
9907361,1,1,0,0,0,1,1
212017,0,0,0,0,0,0,0
207001,0,0,0,0,0,0,0
206130,2,2,0,0,0,2,6
9705436,0,0,0,0,0,0,0
9808414,2,1,1,1,0,2,4
212131,1,1,0,0,0,1,5
302160,0,0,0,0,0,0,0
9407201,0,0,0,0,0,0,0
207170,1,1,0,0,1,0,0
9711404,1,1,0,0,1,0,0
9802295,0,0,0,0,0,0,0
211353,2,1,1,1,0,2,21
9809586,0,0,0,0,0,0,0
104251,0,0,0,0,0,0,0
112067,1,1,0,0,0,1,8
9612317,0,0,0,0,0,0,0
211241,3,2,1,1,1,2,5
302127,0,0,0,0,0,0,0
211020,0,0,0,0,0,0,0
9510337,0,0,0,0,0,0,0
207189,1,1,0,0,0,1,2
9610519,0,0,0,0,0,0,0
9803373,1,1,0,0,1,0,0
9506296,0,0,0,0,0,0,0
9807554,2,2,0,0,0,2,2
207151,1,1,0,0,0,1,1
11331,0,0,0,0,0,0,0
9912470,0,0,0,0,0,0,0
9407369,0,0,0,0,0,0,0
9903346,0,0,0,0,0,0,0
209032,0,0,0,0,0,0,0
301108,0,0,0,0,0,0,0
9031,0,0,0,0,0,0,0
9803264,0,0,0,0,0,0,0
9305211,0,0,0,0,0,0,0
105232,1,1,0,0,0,1,2
105337,1,1,0,0,1,0,0
9308219,0,0,0,0,0,0,0
9909285,0,0,0,0,0,0,0
9802337,0,0,0,0,0,0,0
109290,2,2,0,0,0,2,17
105038,0,0,0,0,0,0,0
212313,0,0,0,0,0,0,0
212290,0,0,0,0,0,0,0
206239,0,0,0,0,0,0,0
1221,0,0,0,0,0,0,0
9411401,0,0,0,0,0,0,0
207028,0,0,0,0,0,0,0
205196,0,0,0,0,0,0,0
9612411,0,0,0,0,0,0,0
10180,1,1,0,0,0,1,8
208236,1,1,0,0,0,1,3
9808209,0,0,0,0,0,0,0
9307288,0,0,0,0,0,0,0
104235,0,0,0,0,0,0,0
11384,0,0,0,0,0,0,0
9406282,1,1,0,0,1,0,0
10202,0,0,0,0,0,0,0
9802355,0,0,0,0,0,0,0
6193,0,0,0,0,0,0,0
9510242,1,1,0,0,1,0,0
9511296,0,0,0,0,0,0,0
8249,0,0,0,0,0,0,0
9601315,3,2,1,1,3,0,0
207050,0,0,0,0,0,0,0
9409242,0,0,0,0,0,0,0
9407361,0,0,0,0,0,0,0
9802318,0,0,0,0,0,0,0
9910337,0,0,0,0,0,0,0
9805504,1,1,0,0,0,1,7
112122,0,0,0,0,0,0,0
9904430,4,1,3,5,0,4,8
112079,0,0,0,0,0,0,0
9411208,1,1,0,0,0,1,3
301082,0,0,0,0,0,0,0
212360,1,1,0,0,0,1,3
4080,2,2,0,0,2,0,0
9903505,0,0,0,0,0,0,0
206234,0,0,0,0,0,0,0
9305316,0,0,0,0,0,0,0
9212251,0,0,0,0,0,0,0
11186,0,0,0,0,0,0,0
9510374,0,0,0,0,0,0,0
212186,0,0,0,0,0,0,0
9807401,0,0,0,0,0,0,0
9604394,1,1,0,0,1,0,0
9303318,0,0,0,0,0,0,0
10285,0,0,0,0,0,0,0
9509202,1,1,0,0,1,0,0
301181,0,0,0,0,0,0,0
9407219,0,0,0,0,0,0,0
9312331,0,0,0,0,0,0,0
7324,0,0,0,0,0,0,0
209300,2,2,0,0,0,2,8
209030,1,1,0,0,0,1,2
9505269,1,1,0,0,0,1,13
9905234,1,1,0,0,1,0,0
212160,0,0,0,0,0,0,0
105185,2,2,0,0,1,1,1
204026,0,0,0,0,0,0,0
9706544,0,0,0,0,0,0,0
104012,0,0,0,0,0,0,0
9305313,0,0,0,0,0,0,0
9902265,0,0,0,0,0,0,0
209218,0,0,0,0,0,0,0
109144,0,0,0,0,0,0,0
9904391,2,2,0,0,0,2,4
9909565,0,0,0,0,0,0,0
206117,1,1,0,0,0,1,2
9512362,0,0,0,0,0,0,0
301087,0,0,0,0,0,0,0
9910549,0,0,0,0,0,0,0
9407310,2,2,0,0,2,0,0
302184,1,1,0,0,0,1,10
209003,0,0,0,0,0,0,0
9707545,0,0,0,0,0,0,0
9503309,0,0,0,0,0,0,0
9801290,0,0,0,0,0,0,0
203174,0,0,0,0,0,0,0
212318,0,0,0,0,0,0,0
205152,0,0,0,0,0,0,0
9906279,0,0,0,0,0,0,0
203139,0,0,0,0,0,0,0
11232,0,0,0,0,0,0,0
208008,0,0,0,0,0,0,0
9811462,1,1,0,0,0,1,7
9506300,0,0,0,0,0,0,0
205189,0,0,0,0,0,0,0
302063,0,0,0,0,0,0,0
302231,0,0,0,0,0,0,0
110048,0,0,0,0,0,0,0
301021,0,0,0,0,0,0,0
209206,0,0,0,0,0,0,0
9507346,3,2,1,1,3,0,0
11185,0,0,0,0,0,0,0
301178,0,0,0,0,0,0,0
9401292,0,0,0,0,0,0,0
9345,1,1,0,0,1,0,0
9509434,0,0,0,0,0,0,0
209212,1,1,0,0,0,1,3
3280,0,0,0,0,0,0,0
207312,0,0,0,0,0,0,0
204329,0,0,0,0,0,0,0
9611392,0,0,0,0,0,0,0
210268,0,0,0,0,0,0,0
204130,0,0,0,0,0,0,0
207250,0,0,0,0,0,0,0
211392,0,0,0,0,0,0,0
9912442,0,0,0,0,0,0,0
7077,1,1,0,0,0,1,5
212182,0,0,0,0,0,0,0
9611370,0,0,0,0,0,0,0
112170,0,0,0,0,0,0,0
9812507,0,0,0,0,0,0,0
9609328,0,0,0,0,0,0,0
103250,0,0,0,0,0,0,0
1014,0,0,0,0,0,0,0
9408347,0,0,0,0,0,0,0
5247,0,0,0,0,0,0,0
9611269,0,0,0,0,0,0,0
12133,0,0,0,0,0,0,0
9410263,0,0,0,0,0,0,0
204248,0,0,0,0,0,0,0
9502203,0,0,0,0,0,0,0
108211,0,0,0,0,0,0,0
9903266,0,0,0,0,0,0,0
9505382,0,0,0,0,0,0,0
203221,0,0,0,0,0,0,0
9910520,0,0,0,0,0,0,0
9507392,0,0,0,0,0,0,0
205178,0,0,0,0,0,0,0
9405210,0,0,0,0,0,0,0
212230,0,0,0,0,0,0,0
9905297,0,0,0,0,0,0,0
9904359,0,0,0,0,0,0,0
9811466,0,0,0,0,0,0,0
206013,0,0,0,0,0,0,0
2031,0,0,0,0,0,0,0
9409271,0,0,0,0,0,0,0
9807242,0,0,0,0,0,0,0
9809361,0,0,0,0,0,0,0
211407,0,0,0,0,0,0,0
9906534,0,0,0,0,0,0,0
203259,0,0,0,0,0,0,0
9809201,0,0,0,0,0,0,0
9607338,0,0,0,0,0,0,0
212128,0,0,0,0,0,0,0
112031,0,0,0,0,0,0,0
9812271,1,1,0,0,0,1,6
9909462,0,0,0,0,0,0,0
9512394,0,0,0,0,0,0,0
207338,0,0,0,0,0,0,0
302180,0,0,0,0,0,0,0
9909272,0,0,0,0,0,0,0
203013,0,0,0,0,0,0,0
9712268,0,0,0,0,0,0,0
9909263,0,0,0,0,0,0,0
9408258,0,0,0,0,0,0,0
111219,0,0,0,0,0,0,0
211423,0,0,0,0,0,0,0
9611297,21,5,16,28,2,19,45
9805334,41,11,30,76,3,38,120
5006,39,3,36,147,0,39,198
104018,3,2,1,1,0,3,10
9911427,45,5,40,172,4,41,131
9401254,97,13,84,506,28,69,88
9503492,71,13,58,226,7,64,289
9709288,42,3,39,194,6,36,122
9512356,46,6,40,246,1,45,211
107074,20,13,7,16,1,19,147
9307263,6,2,4,10,6,0,0
9903229,46,11,35,138,8,38,176
9905281,26,2,24,73,5,21,25
9503359,5,2,3,3,0,5,14
9906395,16,9,7,13,0,16,61
9906252,2,2,0,0,0,2,9
9603333,21,9,12,30,1,20,50
9704305,18,3,15,40,0,18,74
9807340,33,7,26,81,1,32,203
6035,8,3,5,11,0,8,18
12256,3,2,1,1,0,3,21
9501379,33,8,25,85,9,24,44
9806287,33,9,24,91,0,33,234
9806286,7,1,6,9,1,6,11
9912224,6,5,1,1,1,5,35
9605339,44,5,39,151,18,26,45
9912459,6,6,0,0,2,4,6
110196,3,2,1,1,0,3,17
9407311,42,9,33,99,22,20,39
9301286,3,3,0,0,3,0,0
9303311,48,9,39,135,44,4,4
9406431,40,11,29,134,31,9,9
9305273,15,12,3,4,2,13,13
9304307,122,18,104,429,112,10,10
9407324,3,1,2,2,0,3,3
9306290,44,5,39,218,17,27,27
9509423,112,16,96,439,112,0,0
9807228,93,6,87,591,25,68,140
9904281,40,4,36,198,9,31,127
9712495,94,9,85,502,23,71,187
9810328,44,10,34,128,5,39,100
9709271,5,1,4,9,4,1,1
9903460,33,4,29,109,3,30,226
9706228,9,6,3,5,0,9,22
9703454,48,7,41,135,3,45,162
9606226,17,6,11,25,17,0,0
9903252,21,10,11,21,3,18,135
9701306,5,4,1,2,0,5,9
9706535,2,1,1,1,0,2,5
9712390,8,6,2,2,0,8,19
9803261,17,3,14,27,1,16,51
9910335,14,5,9,14,13,1,1
9210235,212,48,164,923,196,16,16
9608420,3,3,0,0,1,2,7
9805427,25,4,21,87,0,25,154
9408271,6,2,4,9,0,6,11
9301291,16,9,7,12,16,0,0
9706497,4,3,1,1,1,3,22
9809587,6,2,4,5,0,6,26
9803335,4,2,2,2,2,2,12
9601387,71,11,60,300,13,58,148
9302318,100,22,78,548,100,0,0
9907275,5,3,2,3,0,5,58
9703255,9,4,5,5,6,3,3
9607363,1,1,0,0,0,1,2
112089,7,6,1,1,0,7,117
4247,35,2,33,164,0,35,269
9604233,50,5,45,208,3,47,320
9309272,47,14,33,97,26,21,45
9801326,35,1,34,198,9,26,81
9205233,29,12,17,28,29,0,0
9608243,8,3,5,8,3,5,13
9704206,20,5,15,33,0,20,75
5292,15,9,6,7,1,14,87
9402358,23,5,18,54,1,22,46
9610283,40,4,36,139,1,39,80
7054,7,3,4,7,0,7,107
9508211,38,7,31,102,8,30,79
10073,3,3,0,0,1,2,8
9244,14,2,12,31,0,14,48
9803485,13,4,9,19,13,0,0
9705253,78,4,74,452,0,78,602
5323,6,6,0,0,0,6,22
9703330,32,16,16,33,15,17,57
9403264,74,6,68,261,65,9,9
9304272,12,4,8,14,12,0,0
9610323,70,12,58,320,8,62,250
9502374,5,5,0,0,1,4,11
9803314,33,7,26,88,5,28,226
9401208,22,8,14,39,2,20,45
9212235,152,29,123,976,57,95,161
9308234,4,3,1,1,1,3,14
9310276,32,10,22,80,24,8,8
9608437,1,1,0,0,0,1,1
9707349,1,1,0,0,0,1,2
9604399,2,1,1,1,2,0,0
9901394,35,10,25,95,2,33,92
9310257,44,11,33,66,11,33,33
9503294,17,6,11,15,6,11,11
9707463,24,5,19,45,7,17,31
9706427,61,17,44,153,6,55,109
9406266,9,3,6,12,2,7,16
9611355,5,3,2,3,2,3,3
2258,27,12,15,54,2,25,374
9410361,31,7,24,68,7,24,48
9507372,11,7,4,6,2,9,12
9702339,23,6,17,70,2,21,52
9703291,20,5,15,37,0,20,73
9302269,17,10,7,13,3,14,25
9902369,9,2,7,13,5,4,23
9307260,18,11,7,15,16,2,2
9505288,15,4,11,28,3,12,60
9511376,26,1,25,99,4,22,40
9803446,1,1,0,0,0,1,3
9710302,38,7,31,100,1,37,174
101168,2,1,1,1,0,2,8
9505372,7,3,4,5,4,3,3
9804212,45,12,33,123,10,35,114
9910309,43,6,37,139,1,42,282
9161,4,4,0,0,0,4,32
9703266,37,9,28,132,3,34,171
9708257,25,2,23,98,2,23,59
9611328,2,2,0,0,0,2,2
9910367,13,7,6,11,3,10,14
9606463,19,3,16,51,0,19,110
9806205,60,4,56,247,6,54,212
9312319,122,12,110,783,117,5,5
9712471,30,2,28,115,5,25,82
9902471,19,2,17,53,2,17,46
9911460,12,1,11,34,0,12,116
9506423,13,2,11,13,6,7,14
4207,23,1,22,81,0,23,305
9812445,65,2,63,479,1,64,200
9909574,63,3,60,482,1,62,654
9406295,50,10,40,160,12,38,104
11273,6,2,4,5,0,6,53
103088,33,17,16,28,8,25,139
10225,3,2,1,1,0,3,12
203034,14,3,11,19,4,10,84
9905244,12,2,10,25,0,12,102
9505289,31,9,22,56,3,28,130
9606211,169,26,143,863,31,138,475
9907319,71,7,64,368,5,66,425
9205202,26,15,11,20,26,0,0
9506459,17,5,12,34,5,12,35
9406256,30,7,23,53,23,7,12
9802271,4,2,2,5,0,4,22
9703232,23,3,20,60,1,22,77
9311346,17,11,6,8,5,12,22
9411277,12,8,4,6,7,5,10
9601362,63,4,59,403,18,45,48
9707511,9,5,4,5,0,9,29
9510350,22,10,12,29,18,4,4
9507461,34,4,30,142,10,24,101
9905266,10,3,7,12,1,9,66
9501341,68,4,64,618,65,3,3
9712517,40,3,37,127,4,36,101
9901350,52,4,48,205,8,44,215
9802304,33,2,31,113,3,30,87
102085,5,5,0,0,3,2,5
5084,11,3,8,12,4,7,7
9609389,5,5,0,0,5,0,0
9905305,10,5,5,9,2,8,29
9405241,86,1,85,703,29,57,127
9501224,14,2,12,30,14,0,0
9907447,125,11,114,673,0,125,402
9707474,10,5,5,5,1,9,30
9607296,15,4,11,28,0,15,97
9506217,21,5,16,37,2,19,68
9711348,45,2,43,204,1,44,179
9712359,20,3,17,36,2,18,117
9503388,10,4,6,20,0,10,91
9174,22,9,13,34,3,19,36
9509320,26,5,21,62,9,17,17
9607412,5,2,3,6,0,5,61
9810360,78,7,71,505,26,52,202
9706474,1,1,0,0,0,1,1
102312,46,5,41,202,3,43,72
4210,25,9,16,28,0,25,167
9502388,13,7,6,8,1,12,48
9903468,19,7,12,35,1,18,57
9612376,7,7,0,0,0,7,33
9408391,23,5,18,75,9,14,19
9907444,5,3,2,5,0,5,28
11306,21,4,17,39,3,18,64
106201,3,3,0,0,0,3,7
9610339,11,1,10,31,7,4,8
9504279,19,2,17,50,0,19,65
9702398,7,2,5,8,2,5,5
9911232,7,3,4,7,7,0,0
9612454,34,4,30,79,9,25,82
9902324,14,4,10,20,1,13,67
9712283,13,9,4,10,12,1,1
9511310,4,1,3,3,3,1,1
9901293,5,1,4,5,0,5,11
9512432,13,5,8,20,7,6,6
9610211,2,2,0,0,0,2,6
9512246,17,4,13,43,2,15,33
9902407,44,1,43,296,1,43,120
9908462,7,4,3,5,0,7,31
107068,8,4,4,6,1,7,20
9605302,28,12,16,37,4,24,77
3261,45,3,42,407,0,45,231
9812250,5,2,3,3,5,0,0
204244,11,7,4,11,1,10,81
105149,4,1,3,3,0,4,4
10031,5,3,2,3,0,5,34
202124,14,3,11,43,0,14,234
9904510,27,4,23,133,0,27,503
9605431,134,3,131,1084,19,115,189
9710308,11,6,5,8,3,8,12
9411383,8,4,4,5,1,7,15
110126,29,9,20,44,2,27,145
9232,23,4,19,88,0,23,167
9411272,13,2,11,33,13,0,0
9903544,30,2,28,135,0,30,117
9906508,9,5,4,6,0,9,69
6217,4,2,2,2,0,4,21
3149,21,6,15,38,4,17,78
9806392,4,1,3,3,0,4,16
9205220,18,6,12,20,18,0,0
9407265,2,2,0,0,1,1,3
9401349,7,7,0,0,7,0,0
9506243,42,4,38,155,6,36,45
204029,9,2,7,12,0,9,135
10042,2,2,0,0,0,2,19
9707243,18,4,14,49,1,17,70
3321,17,6,11,20,8,9,13
9801433,5,2,3,4,3,2,2
9512318,2,1,1,1,1,1,2
9809427,56,7,49,195,0,56,525
9701236,21,9,12,41,7,14,40
9612301,9,4,5,10,0,9,55
9505379,63,6,57,251,0,63,333
9303301,4,3,1,1,4,0,0
9708228,12,2,10,18,1,11,43
9406287,27,3,24,119,27,0,0
9509324,23,2,21,66,23,0,0
9406399,5,1,4,7,5,0,0
9206214,33,11,22,141,33,0,0
7336,15,2,13,27,1,14,89
9709244,8,2,6,9,3,5,16
4115,45,9,36,114,1,44,558
9801279,21,2,19,94,0,21,108
9603392,8,4,4,5,8,0,0
9503234,5,4,1,1,1,4,9
9507218,26,6,20,71,24,2,2
9809398,9,1,8,17,6,3,3
9411267,28,8,20,53,10,18,36
110032,17,5,12,28,0,17,180
6096,11,3,8,18,0,11,110
9407285,2,2,0,0,1,1,2
9503347,2,1,1,1,0,2,2
9401312,46,14,32,102,37,9,9
9808291,8,3,5,7,1,7,30
9711440,43,7,36,158,0,43,224
9409212,39,12,27,59,6,33,91
9409455,14,4,10,18,5,9,16
9501297,28,5,23,89,28,0,0
9905511,2,2,0,0,0,2,2
9912386,0,0,0,0,0,0,0
9611337,3,3,0,0,3,0,0
9608479,9,4,5,9,0,9,11
9911244,2,2,0,0,2,0,0
9911276,10,4,6,16,0,10,73
9907210,3,2,1,2,3,0,0
9408363,11,7,4,6,10,1,1
9609425,3,2,1,1,3,0,0
9511434,15,9,6,9,6,9,18
9706269,4,3,1,2,0,4,25
9711403,27,9,18,52,25,2,3
9307311,39,11,28,105,39,0,0
9412237,9,5,4,8,0,9,30
9511457,4,2,2,3,0,4,7
9712236,13,3,10,15,1,12,109
9306307,2,1,1,1,2,0,0
9501317,15,1,14,49,0,15,57
9607326,3,3,0,0,0,3,12
104246,5,3,2,2,1,4,19
9707211,6,2,4,11,4,2,2
12354,12,1,11,29,0,12,32
5007,39,9,30,118,2,37,266
9302237,1,1,0,0,1,0,0
9505340,29,11,18,47,13,16,22
9501273,4,2,2,3,4,0,0
9905241,16,10,6,13,8,8,12
9704219,6,4,2,3,0,6,11
9810261,11,7,4,7,0,11,82
9502283,10,4,6,8,1,9,44
108217,13,2,11,29,13,0,0
9912545,1,1,0,0,0,1,4
6274,3,2,1,1,1,2,2
9601386,1,1,0,0,0,1,2
9803382,13,4,9,23,0,13,243
9406397,18,6,12,22,1,17,57
110341,11,3,8,15,0,11,294
11115,4,2,2,2,0,4,23
9707489,7,5,2,2,0,7,43
9403269,12,11,1,1,4,8,9
9705380,23,7,16,45,1,22,100
9401339,3,1,2,3,3,0,0
9810344,1,1,0,0,0,1,6
9810253,13,8,5,12,2,11,11
9206242,112,10,102,801,112,0,0
9810522,3,3,0,0,2,1,2
9703369,23,7,16,36,0,23,126
9810266,23,5,18,64,0,23,178
2033,38,5,33,107,4,34,148
9910456,10,3,7,12,0,10,32
9509374,22,2,20,49,11,11,17
9907519,8,6,2,2,3,5,7
9701276,1,1,0,0,0,1,5
9304234,17,3,14,27,17,0,0
301079,0,0,0,0,0,0,0
9303238,36,6,30,187,36,0,0
9511341,27,4,23,121,1,26,78
9707412,35,9,26,88,2,33,374
9612254,9,2,7,18,0,9,55
9404213,7,4,3,9,7,0,0
9701389,22,5,17,36,2,20,65
9809338,5,4,1,1,2,3,13
9410349,4,2,2,2,3,1,1
5147,8,5,3,3,0,8,25
9705294,8,4,4,5,0,8,29
9309235,27,9,18,35,14,13,19
9705237,1,1,0,0,0,1,4
9405254,3,2,1,1,0,3,6
9503215,18,5,13,21,4,14,35
9707316,38,3,35,119,0,38,210
9710268,23,4,19,46,0,23,61
9907245,16,6,10,24,2,14,49
9602225,13,4,9,23,13,0,0
9511449,10,4,6,7,0,10,23
9512343,8,1,7,9,6,2,2
9308313,6,3,3,3,2,4,7
103259,5,2,3,3,0,5,43
9907539,7,5,2,2,0,7,60
9901395,3,3,0,0,1,2,11
9308209,4,3,1,1,1,3,8
9411384,26,2,24,118,1,25,29
9806461,8,4,4,13,0,8,41
111114,7,5,2,5,0,7,39
108008,1,1,0,0,0,1,2
111172,7,2,5,6,0,7,18
104266,14,6,8,15,5,9,29
9808322,6,3,3,4,1,5,12
9311348,1,1,0,0,1,0,0
3121,4,3,1,1,0,4,24
106049,2,2,0,0,0,2,13
9712249,25,8,17,28,0,25,161
209263,1,1,0,0,0,1,6
9812525,13,3,10,18,4,9,25
104187,1,1,0,0,0,1,14
203010,0,0,0,0,0,0,0
9508297,18,2,16,72,0,18,28
106097,9,2,7,13,3,6,19
9902217,15,5,10,17,1,14,41
9210251,20,11,9,13,20,0,0
9605316,10,2,8,20,0,10,22
12220,3,2,1,1,1,2,4
9909391,11,4,7,19,0,11,27
9608488,6,3,3,3,1,5,5
9803251,7,4,3,10,0,7,38
9604254,2,2,0,0,0,2,2
9804306,26,1,25,94,4,22,37
9812318,1,1,0,0,0,1,3
205082,2,2,0,0,0,2,7
9905441,22,4,18,69,0,22,253
9605444,17,2,15,58,5,12,31
9407329,3,3,0,0,0,3,34
9606213,11,3,8,19,0,11,25
9511420,19,3,16,31,0,19,56
1196,15,5,10,31,0,15,67
110247,8,6,2,2,2,6,34
109017,14,5,9,18,1,13,72
9702207,9,6,3,3,6,3,4
202086,24,9,15,35,0,24,252
112338,20,8,12,23,4,16,65
9206244,13,4,9,19,13,0,0
108094,15,10,5,10,0,15,109
9711417,9,5,4,4,1,8,21
9336,18,4,14,39,1,17,43
10015,13,11,2,3,8,5,15
9211209,12,6,6,8,12,0,0
110393,19,6,13,27,3,16,70
9812290,5,4,1,1,0,5,38
9606214,8,6,2,3,1,7,13
9902233,19,4,15,47,0,19,66
9310364,1,1,0,0,1,0,0
9804391,9,2,7,11,0,9,34
9712270,5,4,1,1,1,4,7
9710377,1,1,0,0,0,1,1
102009,46,4,42,237,0,46,666
9808486,10,7,3,3,2,8,30
9805371,4,2,2,3,0,4,6
9211301,18,1,17,67,18,0,0
8220,6,2,4,10,2,4,6
9412314,2,2,0,0,2,0,0
9409445,4,2,2,2,2,2,6
9502352,11,3,8,14,1,10,23
9606449,8,2,6,9,1,7,17
9705471,2,2,0,0,0,2,11
9907293,11,3,8,13,6,5,21
9507455,6,1,5,6,1,5,17
9405216,4,4,0,0,2,2,2
9506413,1,1,0,0,0,1,1
9212227,5,2,3,4,2,3,3
9507359,6,2,4,4,0,6,27
9907528,6,4,2,2,0,6,25
6077,30,3,27,179,0,30,139
2101,2,1,1,1,0,2,9
9511364,3,2,1,1,2,1,4
9302286,4,4,0,0,4,0,0
9704337,9,2,7,10,4,5,11
9703315,17,2,15,44,17,0,0
9901363,0,0,0,0,0,0,0
9911475,2,2,0,0,0,2,4
9406321,5,3,2,5,4,1,2
9605228,1,1,0,0,0,1,1
9608389,12,6,6,8,0,12,28
9807390,17,5,12,26,1,16,159
9711277,17,5,12,23,4,13,34
8064,1,1,0,0,0,1,4
9910202,0,0,0,0,0,0,0
9912325,2,2,0,0,2,0,0
9906304,2,1,1,1,0,2,7
9901315,3,1,2,3,0,3,12
10070,5,1,4,5,0,5,24
3169,24,8,16,36,1,23,44
9507259,1,1,0,0,0,1,3
11035,2,1,1,1,2,0,0
9604280,14,2,12,34,14,0,0
204006,4,1,3,4,0,4,12
9412269,9,4,5,11,9,0,0
203029,1,1,0,0,0,1,5
9711434,6,3,3,7,0,6,19
102209,13,3,10,17,2,11,54
9907478,10,7,3,3,1,9,50
9307373,5,4,1,2,2,3,3
9907574,1,1,0,0,0,1,3
9807481,0,0,0,0,0,0,0
9604261,4,2,2,2,0,4,7
9709274,14,7,7,13,0,14,30
9803201,8,1,7,15,7,1,1
9906490,12,2,10,35,0,12,67
112276,7,4,3,5,0,7,33
9710423,5,3,2,2,2,3,9
9501270,2,1,1,1,0,2,2
5081,2,2,0,0,0,2,24
9905525,2,1,1,1,1,1,7
9604277,4,1,3,4,0,4,11
9612461,16,6,10,21,16,0,0
9609358,10,5,5,12,0,10,57
106163,19,1,18,94,0,19,116
202088,14,2,12,33,0,14,80
4148,11,4,7,17,3,8,54
9906305,4,2,2,3,1,3,7
9710296,5,2,3,4,0,5,6
9509231,4,2,2,2,1,3,6
9208245,12,8,4,9,12,0,0
9411363,1,1,0,0,0,1,5
9407341,2,2,0,0,0,2,3
103217,19,3,16,52,0,19,219
9503438,1,1,0,0,1,0,0
9411333,12,4,8,15,11,1,1
9708210,4,3,1,1,4,0,0
101348,21,6,15,40,1,20,69
110034,14,8,6,17,1,13,62
9406342,4,1,3,3,4,0,0
107046,7,2,5,7,0,7,65
9906370,3,3,0,0,0,3,21
102264,19,8,11,22,2,17,56
109080,2,1,1,1,1,1,10
12279,15,7,8,16,3,12,19
9902386,0,0,0,0,0,0,0
9708279,4,1,3,5,4,0,0
9803426,13,4,9,29,0,13,60
9403297,8,2,6,17,1,7,17
1296,6,3,3,5,0,6,26
111176,10,5,5,9,1,9,34
9902462,6,6,0,0,0,6,13
9711474,3,1,2,3,0,3,8
9902393,10,4,6,13,1,9,17
9605364,2,2,0,0,0,2,2
9808407,3,2,1,1,2,1,1
9704380,14,3,11,36,1,13,142
9809374,1,1,0,0,0,1,10
9605384,1,1,0,0,0,1,2
9412244,4,1,3,4,4,0,0
9510315,1,1,0,0,1,0,0
211281,1,1,0,0,0,1,5
9908213,4,1,3,3,0,4,21
9409340,5,5,0,0,1,4,8
105151,7,5,2,2,7,0,0
2240,15,8,7,12,1,14,30
9607380,1,1,0,0,0,1,1
207344,1,1,0,0,0,1,4
9501315,6,2,4,5,6,0,0
5280,3,3,0,0,0,3,30
111254,13,7,6,7,0,13,68
9607349,16,9,7,10,9,7,9
205282,1,1,0,0,0,1,1
9704301,34,3,31,108,24,10,11
210265,0,0,0,0,0,0,0
9404255,5,4,1,2,2,3,11
102102,2,1,1,1,0,2,2
206243,2,2,0,0,0,2,12
3136,15,4,11,38,2,13,44
109162,1,1,0,0,0,1,8
201171,7,2,5,5,1,6,21
9312281,3,2,1,1,3,0,0
9602329,9,6,3,4,0,9,92
9407376,3,3,0,0,1,2,2
207327,10,6,4,5,1,9,64
106250,1,1,0,0,0,1,9
9804395,0,0,0,0,0,0,0
9403315,1,1,0,0,0,1,3
9912434,13,5,8,14,2,11,15
105226,2,2,0,0,1,1,1
7004,8,4,4,5,0,8,19
212161,1,1,0,0,0,1,19
9803263,4,3,1,1,0,4,8
9605217,1,1,0,0,0,1,1
110114,5,1,4,5,0,5,51
9903267,1,1,0,0,0,1,2
9401242,6,1,5,6,6,0,0
9606296,3,3,0,0,1,2,3
107118,10,2,8,18,0,10,62
9706221,2,2,0,0,1,1,1
9607216,3,1,2,2,0,3,17
9906282,5,5,0,0,1,4,8
11285,1,1,0,0,0,1,2
9911331,4,2,2,3,1,3,6
108040,9,3,6,14,0,9,49
9245,10,3,7,15,0,10,72
206030,3,2,1,1,0,3,32
208069,7,4,3,3,0,7,89
107327,5,4,1,1,1,4,19
9812277,19,13,6,9,0,19,61
9703324,11,6,5,10,2,9,51
9209224,3,2,1,1,3,0,0
8179,2,2,0,0,1,1,2
102235,5,3,2,3,4,1,5
3073,13,5,8,12,0,13,120
109139,4,3,1,1,0,4,25
205013,8,2,6,11,0,8,31
9511297,3,2,1,1,3,0,0
9908501,2,1,1,1,0,2,6
9903247,0,0,0,0,0,0,0
9807398,6,3,3,4,0,6,24
1307,16,4,12,34,1,15,78
9712441,2,1,1,1,0,2,6
9712202,5,3,2,3,0,5,11
9712443,4,3,1,1,2,2,4
111295,2,2,0,0,0,2,27
9701246,6,4,2,2,4,2,3
9508360,3,3,0,0,3,0,0
11310,7,3,4,7,0,7,48
9905555,10,5,5,6,6,4,24
9612231,8,2,6,9,0,8,57
9208253,15,6,9,13,15,0,0
108234,2,2,0,0,0,2,34
9805489,1,1,0,0,0,1,2
9802331,1,1,0,0,0,1,11
8140,3,3,0,0,2,1,6
9511285,1,1,0,0,0,1,2
9210232,2,2,0,0,2,0,0
109190,2,1,1,1,0,2,5
9810465,2,1,1,1,0,2,4
9910495,5,5,0,0,0,5,36
9711333,6,1,5,10,0,6,12
9310282,1,1,0,0,1,0,0
9510338,5,3,2,2,5,0,0
103348,2,1,1,1,0,2,2
9312207,4,2,2,2,1,3,3
101110,5,2,3,4,0,5,26
9504243,1,1,0,0,1,0,0
8062,1,1,0,0,0,1,4
9511286,2,2,0,0,1,1,1
106350,4,2,2,3,1,3,3
206241,11,6,5,7,0,11,171
9505230,3,1,2,2,0,3,4
9609401,11,5,6,15,3,8,28
9505331,5,4,1,1,4,1,1
6303,1,1,0,0,0,1,1
9704204,2,1,1,1,0,2,6
9807292,2,2,0,0,0,2,3
9701415,14,6,8,12,1,13,33
9705476,3,1,2,2,3,0,0
9912263,1,1,0,0,0,1,13
103308,7,1,6,12,0,7,81
9806444,4,3,1,1,1,3,6
9805376,7,4,3,6,0,7,17
9804236,3,3,0,0,0,3,7
9911274,1,1,0,0,0,1,6
7311,1,1,0,0,0,1,2
9307302,4,3,1,1,4,0,0
9608241,6,3,3,5,0,6,42
9403284,1,1,0,0,1,0,0
9709210,3,3,0,0,1,2,2
9612276,2,1,1,1,0,2,6
9610552,2,1,1,1,2,0,0
202191,13,5,8,12,1,12,176
9711463,5,2,3,3,4,1,1
9711276,6,4,2,3,3,3,5
102179,3,2,1,1,1,2,10
2151,8,3,5,15,0,8,46
9711496,1,1,0,0,0,1,3
9909278,4,1,3,4,0,4,19
9908298,7,4,3,4,3,4,16
3067,2,2,0,0,0,2,7
202019,2,2,0,0,0,2,10
9905428,3,3,0,0,3,0,0
9805345,4,1,3,4,0,4,9
9503441,8,4,4,6,2,6,8
108179,6,3,3,4,1,5,26
9904260,5,4,1,1,0,5,23
9907310,4,2,2,2,0,4,23
9510339,1,1,0,0,1,0,0
9804316,1,1,0,0,0,1,4
9711410,5,4,1,1,0,5,24
204338,2,2,0,0,1,1,3
9401315,3,1,2,2,3,0,0
9908376,7,3,4,9,0,7,31
9911222,1,1,0,0,0,1,4
4244,3,2,1,1,3,0,0
10124,1,1,0,0,0,1,3
9907490,1,1,0,0,1,0,0
206010,2,1,1,1,0,2,7
9310222,8,6,2,3,7,1,1
103112,1,1,0,0,0,1,4
202041,1,1,0,0,0,1,8
9905516,0,0,0,0,0,0,0
204129,5,2,3,4,1,4,23
110214,3,3,0,0,0,3,9
8230,2,1,1,1,0,2,2
104276,1,1,0,0,0,1,11
9409272,4,3,1,1,0,4,6
204327,2,2,0,0,1,1,1
9903377,4,1,3,6,0,4,18
211001,9,4,5,7,0,9,104
202012,11,5,6,19,1,10,176
203103,1,1,0,0,0,1,2
210146,6,4,2,5,0,6,79
9408293,1,1,0,0,1,0,0
9609376,2,1,1,1,0,2,4
10056,1,1,0,0,0,1,1
111077,4,3,1,1,0,4,16
9805280,1,1,0,0,0,1,1
205218,4,4,0,0,1,3,12
208101,3,3,0,0,0,3,27
9611395,3,2,1,1,3,0,0
110326,3,3,0,0,2,1,13
112145,0,0,0,0,0,0,0
9812300,2,1,1,1,2,0,0
9708429,1,1,0,0,0,1,2
107012,4,3,1,1,0,4,18
9911513,3,3,0,0,3,0,0
12047,1,1,0,0,0,1,7
9908521,3,3,0,0,1,2,2
103270,1,1,0,0,0,1,1
9907312,1,1,0,0,0,1,4
102189,3,2,1,1,1,2,3
108150,2,1,1,1,0,2,20
9701411,1,1,0,0,0,1,1
9606405,1,1,0,0,0,1,1
2291,2,1,1,1,2,0,0
9903384,3,1,2,2,1,2,3
9509421,2,1,1,1,2,0,0
9603312,9,6,3,3,6,3,4
9304305,0,0,0,0,0,0,0
2068,0,0,0,0,0,0,0
9609222,1,1,0,0,0,1,3
206231,2,2,0,0,2,0,0
9702387,4,2,2,2,3,1,1
112227,1,1,0,0,0,1,4
9902473,3,2,1,1,0,3,11
12285,0,0,0,0,0,0,0
110387,0,0,0,0,0,0,0
9902298,0,0,0,0,0,0,0
9709418,3,3,0,0,0,3,17
206208,5,2,3,4,0,5,57
9312238,4,4,0,0,1,3,3
6277,6,3,3,3,1,5,25
208234,3,3,0,0,1,2,3
110125,3,1,2,3,3,0,0
9803347,7,2,5,7,2,5,9
9908318,5,1,4,6,5,0,0
9802413,0,0,0,0,0,0,0
9014,3,1,2,2,0,3,30
7014,2,2,0,0,0,2,13
11192,10,6,4,4,0,10,34
207067,2,2,0,0,0,2,17
9811506,1,1,0,0,0,1,2
110079,0,0,0,0,0,0,0
208205,2,2,0,0,0,2,8
9705349,2,2,0,0,2,0,0
9910234,0,0,0,0,0,0,0
9904238,3,2,1,1,0,3,33
9804314,0,0,0,0,0,0,0
9707287,0,0,0,0,0,0,0
9910490,0,0,0,0,0,0,0
9808356,15,2,13,44,0,15,183
9805362,1,1,0,0,1,0,0
9905502,2,2,0,0,0,2,7
209269,6,3,3,4,0,6,96
9904296,6,4,2,3,0,6,9
104135,8,7,1,3,0,8,36
9502331,1,1,0,0,1,0,0
204185,5,2,3,4,0,5,24
204347,0,0,0,0,0,0,0
9903324,2,1,1,1,0,2,8
207297,4,4,0,0,0,4,43
106136,1,1,0,0,0,1,10
102094,0,0,0,0,0,0,0
9701265,1,1,0,0,1,0,0
9601250,0,0,0,0,0,0,0
206229,4,1,3,3,0,4,9
7287,1,1,0,0,0,1,7
9307361,1,1,0,0,0,1,1
301187,2,1,1,1,0,2,28
107115,2,1,1,1,0,2,3
108187,4,3,1,1,0,4,22
9807226,0,0,0,0,0,0,0
105077,3,2,1,1,0,3,102
11137,1,1,0,0,0,1,1
301154,0,0,0,0,0,0,0
4211,0,0,0,0,0,0,0
212116,6,3,3,3,2,4,7
110290,2,1,1,1,1,1,1
106321,3,1,2,2,0,3,17
112155,1,1,0,0,0,1,2
12050,3,1,2,3,0,3,13
9808302,1,1,0,0,1,0,0
9902227,1,1,0,0,0,1,9
110111,0,0,0,0,0,0,0
9912509,4,2,2,3,0,4,8
10339,0,0,0,0,0,0,0
9707221,6,3,3,5,0,6,13
9603445,3,1,2,3,0,3,9
209253,0,0,0,0,0,0,0
206042,1,1,0,0,1,0,0
9506316,0,0,0,0,0,0,0
9607367,3,2,1,1,1,2,2
205136,1,1,0,0,0,1,5
106183,1,1,0,0,0,1,4
9812517,2,2,0,0,1,1,1
9903440,5,3,2,3,1,4,9
5023,2,2,0,0,2,0,0
206237,6,4,2,2,0,6,13
211430,1,1,0,0,0,1,4
9809335,0,0,0,0,0,0,0
9712220,4,1,3,5,4,0,0
207214,1,1,0,0,0,1,5
210053,1,1,0,0,0,1,4
209179,2,2,0,0,0,2,11
9408295,0,0,0,0,0,0,0
10020,0,0,0,0,0,0,0
205188,1,1,0,0,1,0,0
9709414,0,0,0,0,0,0,0
210245,0,0,0,0,0,0,0
5284,1,1,0,0,0,1,1
9503355,3,2,1,1,0,3,8
5045,1,1,0,0,0,1,3
110150,3,3,0,0,2,1,12
9905357,2,2,0,0,2,0,0
9512347,1,1,0,0,1,0,0
9607274,2,1,1,1,0,2,2
208231,2,2,0,0,1,1,2
9807441,1,1,0,0,0,1,3
202063,6,3,3,5,0,6,27
203040,2,2,0,0,0,2,3
9901292,2,2,0,0,0,2,6
9310343,1,1,0,0,1,0,0
211030,0,0,0,0,0,0,0
9510433,0,0,0,0,0,0,0
9908272,2,1,1,1,2,0,0
208191,0,0,0,0,0,0,0
108056,2,2,0,0,0,2,14
109223,0,0,0,0,0,0,0
11377,5,2,3,5,2,3,3
210063,0,0,0,0,0,0,0
9509405,4,2,2,3,4,0,0
112198,0,0,0,0,0,0,0
111370,0,0,0,0,0,0,0
302223,0,0,0,0,0,0,0
203042,4,4,0,0,0,4,9
9707321,1,1,0,0,0,1,4
110380,0,0,0,0,0,0,0
9812232,8,4,4,5,0,8,35
9317,0,0,0,0,0,0,0
101156,1,1,0,0,0,1,1
8305,2,1,1,1,0,2,4
212035,3,3,0,0,0,3,50
103329,1,1,0,0,0,1,10
211257,1,1,0,0,0,1,26
9403211,0,0,0,0,0,0,0
110236,0,0,0,0,0,0,0
9612430,0,0,0,0,0,0,0
6143,2,2,0,0,0,2,2
9204235,2,1,1,1,2,0,0
110384,0,0,0,0,0,0,0
9606455,1,1,0,0,1,0,0
9710486,1,1,0,0,1,0,0
111225,1,1,0,0,0,1,6
9903463,0,0,0,0,0,0,0
9703421,1,1,0,0,0,1,5
9412326,4,2,2,3,1,3,4
9407233,0,0,0,0,0,0,0
9612386,0,0,0,0,0,0,0
9409262,1,1,0,0,0,1,3
101055,3,3,0,0,0,3,7
206028,1,1,0,0,0,1,5
9711273,1,1,0,0,1,0,0
9701315,1,1,0,0,1,0,0
9808388,0,0,0,0,0,0,0
9912456,0,0,0,0,0,0,0
9707232,0,0,0,0,0,0,0
9410396,0,0,0,0,0,0,0
9909573,1,1,0,0,0,1,1
108089,1,1,0,0,0,1,1
210312,0,0,0,0,0,0,0
9609244,2,2,0,0,0,2,2
5244,1,1,0,0,0,1,3
9910458,6,3,3,4,0,6,11
4093,2,1,1,1,1,1,4
9711513,1,1,0,0,0,1,1
301172,0,0,0,0,0,0,0
106208,4,3,1,1,0,4,30
9904275,0,0,0,0,0,0,0
9808314,2,1,1,1,2,0,0
9807255,4,4,0,0,4,0,0
112212,5,2,3,3,0,5,12
9702279,1,1,0,0,0,1,12
1111,0,0,0,0,0,0,0
9709404,2,2,0,0,0,2,2
12022,1,1,0,0,0,1,1
9706291,0,0,0,0,0,0,0
9704429,3,1,2,3,0,3,3
106260,3,2,1,1,0,3,10
212250,1,1,0,0,0,1,4
9902442,1,1,0,0,1,0,0
4103,0,0,0,0,0,0,0
9709282,1,1,0,0,0,1,8
9806285,1,1,0,0,0,1,3
210434,1,1,0,0,1,0,0
9908453,0,0,0,0,0,0,0
9308228,0,0,0,0,0,0,0
301113,0,0,0,0,0,0,0
9909360,0,0,0,0,0,0,0
9308350,1,1,0,0,1,0,0
9712405,0,0,0,0,0,0,0
9902478,0,0,0,0,0,0,0
203028,4,2,2,5,0,4,16
10220,0,0,0,0,0,0,0
104255,5,4,1,1,0,5,16
1055,0,0,0,0,0,0,0
9710548,0,0,0,0,0,0,0
201141,0,0,0,0,0,0,0
9503416,3,2,1,1,3,0,0
9411223,0,0,0,0,0,0,0
110094,1,1,0,0,0,1,1
202279,3,1,2,3,0,3,18
9607302,0,0,0,0,0,0,0
9510250,1,1,0,0,0,1,2
110378,2,1,1,1,0,2,5
9307360,2,1,1,1,0,2,2
9909491,0,0,0,0,0,0,0
211386,1,1,0,0,0,1,8
201208,0,0,0,0,0,0,0
9312344,2,1,1,1,2,0,0
9812265,0,0,0,0,0,0,0
11158,0,0,0,0,0,0,0
202027,2,1,1,1,0,2,9
9611428,0,0,0,0,0,0,0
9806322,0,0,0,0,0,0,0
9607209,3,2,1,1,3,0,0
112306,1,1,0,0,1,0,0
9802428,0,0,0,0,0,0,0
9607219,0,0,0,0,0,0,0
201265,3,3,0,0,0,3,32
9703371,0,0,0,0,0,0,0
207161,1,1,0,0,0,1,2
9512349,2,2,0,0,0,2,2
5105,4,1,3,5,0,4,73
9412318,2,1,1,1,1,1,1
210418,0,0,0,0,0,0,0
9309259,1,1,0,0,1,0,0
212226,0,0,0,0,0,0,0
212354,0,0,0,0,0,0,0
9712454,1,1,0,0,0,1,4
9808282,0,0,0,0,0,0,0
102285,0,0,0,0,0,0,0
202051,0,0,0,0,0,0,0
201200,0,0,0,0,0,0,0
9405268,3,3,0,0,0,3,3
9907551,1,1,0,0,0,1,6
107238,1,1,0,0,0,1,4
106340,2,1,1,1,2,0,0
9602370,0,0,0,0,0,0,0
9906521,0,0,0,0,0,0,0
9507369,2,2,0,0,0,2,5
9511271,1,1,0,0,0,1,2
209138,0,0,0,0,0,0,0
209070,0,0,0,0,0,0,0
9701263,0,0,0,0,0,0,0
9610361,1,1,0,0,0,1,1
9608446,0,0,0,0,0,0,0
8229,0,0,0,0,0,0,0
9609283,2,2,0,0,0,2,7
207134,1,1,0,0,0,1,5
210149,1,1,0,0,0,1,7
9908509,0,0,0,0,0,0,0
9705338,0,0,0,0,0,0,0
9409398,0,0,0,0,0,0,0
9712340,0,0,0,0,0,0,0
4126,1,1,0,0,0,1,2
9609291,0,0,0,0,0,0,0
9810518,0,0,0,0,0,0,0
111074,0,0,0,0,0,0,0
105120,3,3,0,0,1,2,10
8067,0,0,0,0,0,0,0
9709269,0,0,0,0,0,0,0
12267,3,1,2,3,0,3,16
212404,1,1,0,0,0,1,14
4231,0,0,0,0,0,0,0
9709486,0,0,0,0,0,0,0
10324,1,1,0,0,0,1,3
102188,1,1,0,0,0,1,13
5205,0,0,0,0,0,0,0
211032,0,0,0,0,0,0,0
9609346,1,1,0,0,0,1,8
9505342,0,0,0,0,0,0,0
207289,0,0,0,0,0,0,0
2173,0,0,0,0,0,0,0
201185,0,0,0,0,0,0,0
9901434,0,0,0,0,0,0,0
208147,0,0,0,0,0,0,0
111195,1,1,0,0,0,1,1
211263,0,0,0,0,0,0,0
9502326,0,0,0,0,0,0,0
9604435,1,1,0,0,1,0,0
9711247,0,0,0,0,0,0,0
111300,0,0,0,0,0,0,0
9701349,0,0,0,0,0,0,0
9502231,0,0,0,0,0,0,0
204261,3,3,0,0,2,1,8
9510360,1,1,0,0,0,1,2
9404304,0,0,0,0,0,0,0
9801302,1,1,0,0,0,1,2
11369,0,0,0,0,0,0,0
9502234,0,0,0,0,0,0,0
107319,1,1,0,0,0,1,1
9507252,1,1,0,0,0,1,3
108208,0,0,0,0,0,0,0
109205,0,0,0,0,0,0,0
204217,0,0,0,0,0,0,0
11301,1,1,0,0,0,1,1
8219,1,1,0,0,1,0,0
9506368,0,0,0,0,0,0,0
106338,2,2,0,0,1,1,9
301243,0,0,0,0,0,0,0
102045,0,0,0,0,0,0,0
105301,0,0,0,0,0,0,0
9806446,0,0,0,0,0,0,0
9807333,0,0,0,0,0,0,0
9408232,0,0,0,0,0,0,0
9510336,0,0,0,0,0,0,0
201260,0,0,0,0,0,0,0
204262,1,1,0,0,0,1,4
9509335,1,1,0,0,0,1,1
10182,1,1,0,0,0,1,2
9907413,0,0,0,0,0,0,0
12121,0,0,0,0,0,0,0
109059,1,1,0,0,0,1,9
9912203,1,1,0,0,0,1,1
9906474,0,0,0,0,0,0,0
103098,0,0,0,0,0,0,0
212276,0,0,0,0,0,0,0
9804442,0,0,0,0,0,0,0
212176,0,0,0,0,0,0,0
9804256,0,0,0,0,0,0,0
9910511,0,0,0,0,0,0,0
205118,0,0,0,0,0,0,0
9412386,0,0,0,0,0,0,0
12326,0,0,0,0,0,0,0
302114,0,0,0,0,0,0,0
208207,0,0,0,0,0,0,0
102132,0,0,0,0,0,0,0
9902329,1,1,0,0,0,1,7
203098,0,0,0,0,0,0,0
105257,0,0,0,0,0,0,0
9702233,1,1,0,0,0,1,1
4245,0,0,0,0,0,0,0
9611372,0,0,0,0,0,0,0
208111,1,1,0,0,0,1,4
9812227,0,0,0,0,0,0,0
9225,0,0,0,0,0,0,0
9903271,0,0,0,0,0,0,0
9411222,0,0,0,0,0,0,0
9608370,0,0,0,0,0,0,0
111011,0,0,0,0,0,0,0
103323,1,1,0,0,0,1,1
3244,1,1,0,0,0,1,13
9506435,0,0,0,0,0,0,0
9907236,0,0,0,0,0,0,0
108229,0,0,0,0,0,0,0
9307332,0,0,0,0,0,0,0
9807372,0,0,0,0,0,0,0
112201,0,0,0,0,0,0,0
9808339,0,0,0,0,0,0,0
208220,1,1,0,0,0,1,4
211188,0,0,0,0,0,0,0
9905402,1,1,0,0,0,1,1
110172,0,0,0,0,0,0,0
9611405,0,0,0,0,0,0,0
9806370,0,0,0,0,0,0,0
211193,1,1,0,0,0,1,4
9302282,0,0,0,0,0,0,0
102105,1,1,0,0,0,1,2
9712510,0,0,0,0,0,0,0
9601288,0,0,0,0,0,0,0
8100,0,0,0,0,0,0,0
109209,0,0,0,0,0,0,0
9809488,0,0,0,0,0,0,0
9401248,0,0,0,0,0,0,0
9302218,0,0,0,0,0,0,0
11039,0,0,0,0,0,0,0
9308357,0,0,0,0,0,0,0
9808252,0,0,0,0,0,0,0
210151,1,1,0,0,0,1,2
112105,1,1,0,0,0,1,14
9604350,0,0,0,0,0,0,0
9506252,0,0,0,0,0,0,0
9609299,1,1,0,0,1,0,0
207206,0,0,0,0,0,0,0
9705268,0,0,0,0,0,0,0
102210,0,0,0,0,0,0,0
208211,0,0,0,0,0,0,0
9811317,0,0,0,0,0,0,0
9608228,0,0,0,0,0,0,0
203102,0,0,0,0,0,0,0
9409400,0,0,0,0,0,0,0
205132,0,0,0,0,0,0,0
105127,0,0,0,0,0,0,0
9710475,0,0,0,0,0,0,0
302211,0,0,0,0,0,0,0
210300,0,0,0,0,0,0,0
105072,0,0,0,0,0,0,0
9305264,1,1,0,0,1,0,0
110406,0,0,0,0,0,0,0
9806448,0,0,0,0,0,0,0
9505223,0,0,0,0,0,0,0
104118,0,0,0,0,0,0,0
9705371,0,0,0,0,0,0,0
301155,0,0,0,0,0,0,0
9910529,0,0,0,0,0,0,0
212197,0,0,0,0,0,0,0
9906380,0,0,0,0,0,0,0
9329,0,0,0,0,0,0,0
212235,0,0,0,0,0,0,0
103285,0,0,0,0,0,0,0
211377,0,0,0,0,0,0,0
9905389,0,0,0,0,0,0,0
9502362,0,0,0,0,0,0,0
9602290,0,0,0,0,0,0,0
110294,0,0,0,0,0,0,0
301249,0,0,0,0,0,0,0
112128,0,0,0,0,0,0,0
9501243,0,0,0,0,0,0,0
211448,0,0,0,0,0,0,0
9402353,0,0,0,0,0,0,0
204074,0,0,0,0,0,0,0
9809559,1,1,0,0,1,0,0
9412306,1,1,0,0,1,0,0
9403247,0,0,0,0,0,0,0
212030,0,0,0,0,0,0,0
9512214,0,0,0,0,0,0,0
204038,0,0,0,0,0,0,0
9901240,0,0,0,0,0,0,0
9702314,66,11,55,237,28,38,81
112133,3,3,0,0,0,3,11
6001,65,6,59,292,2,63,375
9309283,82,6,76,606,82,0,0
9911528,18,3,15,41,2,16,58
9402347,46,6,40,151,10,36,133
9505397,55,7,48,237,1,54,396
9711217,27,10,17,32,2,25,191
9604240,14,7,7,13,12,2,2
108195,7,4,3,3,3,4,4
9409255,20,2,18,85,18,2,2
9908236,4,2,2,2,0,4,12
9908327,38,14,24,61,11,27,71
9504426,66,14,52,168,11,55,92
9911385,34,6,28,103,1,33,175
9912281,3,2,1,1,2,1,3
9603435,6,4,2,8,4,2,2
9705341,21,3,18,47,1,20,74
9807558,3,2,1,1,0,3,7
101229,9,4,5,7,2,7,12
12332,10,3,7,10,0,10,89
9503203,61,8,53,325,41,20,20
9806289,9,4,5,7,0,9,32
9807406,6,3,3,3,0,6,11
9304293,8,3,5,6,7,1,1
9607388,18,5,13,25,3,15,47
9306270,76,22,54,187,48,28,30
110320,17,8,9,21,2,15,71
9410322,10,5,5,10,10,0,0
9301289,17,2,15,51,17,0,0
9309211,27,7,20,52,14,13,16
9410330,19,11,8,12,3,16,57
9304303,36,9,27,118,16,20,25
9211266,63,15,48,203,63,0,0
9408315,17,4,13,25,2,15,35
9308333,101,30,71,273,45,56,97
9510367,74,14,60,241,32,42,114
9807267,40,6,34,84,17,23,35
9904474,22,5,17,56,4,18,73
9909254,57,3,54,381,1,56,274
9811495,45,7,38,152,5,40,152
9802314,95,4,91,553,19,76,153
9904303,17,3,14,35,1,16,61
9706230,33,11,22,73,3,30,103
9706426,11,4,7,8,0,11,22
9702243,40,7,33,123,8,32,71
9412278,34,17,17,34,21,13,22
9602383,9,5,4,10,2,7,17
9802330,4,3,1,2,0,4,11
9801431,59,5,54,274,5,54,295
9803323,11,4,7,10,6,5,13
9910546,28,4,24,58,10,18,30
9303202,164,36,128,677,154,10,11
9511426,9,6,3,3,1,8,22
9812256,57,12,45,281,5,52,310
9605319,96,5,91,739,36,60,86
9411373,1,1,0,0,0,1,2
9810257,17,7,10,13,0,17,125
9811205,8,4,4,5,0,8,30
9809464,1,1,0,0,0,1,12
9603363,56,10,46,213,7,49,217
9303280,36,12,24,79,36,0,0
9207221,65,9,56,333,65,0,0
9703299,74,6,68,720,2,72,342
9401241,92,12,80,387,72,20,25
9503418,17,6,11,26,7,10,17
5133,7,1,6,12,1,6,10
9604283,90,6,84,504,90,0,0
9401256,24,15,9,18,24,0,0
9809594,34,2,32,184,9,25,42
9303230,265,12,253,2094,257,8,8
9608276,46,6,40,170,19,27,142
9704225,19,2,17,74,1,18,210
106093,3,3,0,0,0,3,9
9404276,5,3,2,2,5,0,0
9803457,63,5,58,237,1,62,474
11124,13,4,9,14,6,7,21
9511454,68,5,63,285,7,61,411
10181,8,4,4,8,1,7,162
10024,6,5,1,1,0,6,31
9805241,32,11,21,55,5,27,75
9707482,39,7,32,154,0,39,351
9710348,10,3,7,18,10,0,0
9704304,11,7,4,9,2,9,16
9606362,44,9,35,68,13,31,51
9212206,28,5,23,84,28,0,0
9612480,46,4,42,130,2,44,159
9502378,44,5,39,174,14,30,82
9807418,12,3,9,18,0,12,66
9311279,3,1,2,2,1,2,2
9212248,55,13,42,227,15,40,67
9406368,17,4,13,35,1,16,69
9407405,15,5,10,27,15,0,0
9612331,11,4,7,15,3,8,8
9710333,12,4,8,19,2,10,23
9606364,12,6,6,14,5,7,29
9910488,12,3,9,21,0,12,24
9405237,71,12,59,357,43,28,28
9510329,12,7,5,6,1,11,28
9712235,5,4,1,1,1,4,4
9709390,13,9,4,4,0,13,64
9410244,12,4,8,18,12,0,0
9707467,10,2,8,12,5,5,17
9405257,34,6,28,65,34,0,0
9411321,4,1,3,3,0,4,9
9805445,19,3,16,37,6,13,19
9705230,17,9,8,16,1,16,49
9703437,46,1,45,157,6,40,218
9405410,123,11,112,682,24,99,399
9903480,7,1,6,10,0,7,28
9308241,19,12,7,9,16,3,3
9507437,30,5,25,94,3,27,134
9511391,28,5,23,77,3,25,85
9804381,2,2,0,0,0,2,9
9801224,10,6,4,5,1,9,10
102020,5,1,4,6,1,4,10
9509313,44,13,31,96,8,36,86
9804357,16,6,10,18,2,14,52
5003,52,4,48,176,6,46,383
10252,3,1,2,2,0,3,24
9707342,40,12,28,64,4,36,115
9908323,24,3,21,83,0,24,140
9612448,3,2,1,2,0,3,10
9702251,10,7,3,5,3,7,10
9809574,24,4,20,89,0,24,162
9807339,52,8,44,178,2,50,132
9401294,25,4,21,102,14,11,11
9712494,17,3,14,20,4,13,56
9902483,24,3,21,80,6,18,79
9912251,43,2,41,381,2,41,101
9507363,38,4,34,195,0,38,60
5094,18,1,17,57,2,16,88
9812510,67,1,66,670,1,66,272
9306220,27,10,17,54,27,0,0
9406300,31,5,26,64,3,28,48
101308,5,2,3,4,0,5,17
9302246,15,6,9,13,15,0,0
12013,7,1,6,11,0,7,46
204109,3,2,1,1,0,3,11
9905487,41,1,40,227,0,41,160
9509358,40,9,31,93,2,38,113
9712234,26,2,24,85,3,23,99
111190,41,7,34,132,41,0,0
9308271,208,29,179,927,150,58,64
9811456,16,11,5,11,6,10,20
9409223,5,4,1,1,2,3,3
9804411,2,2,0,0,1,1,1
9703443,12,4,8,20,0,12,33
9312355,39,2,37,144,8,31,57
9505322,23,12,11,26,13,10,16
9604338,13,1,12,23,1,12,53
9305321,22,5,17,56,22,0,0
9605412,30,5,25,116,10,20,36
9508283,11,3,8,22,8,3,4
9905542,29,4,25,125,5,24,113
9501372,62,1,61,629,58,4,4
9807513,201,8,193,1241,99,102,182
9901399,14,8,6,13,4,10,38
9803333,21,5,16,51,3,18,52
9805448,18,6,12,21,3,15,55
10153,11,7,4,5,6,5,5
9610325,102,26,76,292,51,51,69
9807544,4,2,2,5,0,4,25
9405407,102,7,95,767,6,96,210
9709386,17,3,14,32,0,17,108
9911406,81,8,73,424,0,81,452
9708255,27,12,15,27,3,24,96
9408270,3,3,0,0,0,3,3
9510286,13,8,5,5,7,6,48
9803320,12,1,11,37,1,11,28
9803354,4,3,1,1,0,4,14
9707401,17,6,11,17,2,15,55
9901210,12,4,8,19,0,12,60
9910351,7,4,3,4,0,7,82
9703219,2,1,1,1,0,2,28
9812235,7,4,3,3,2,5,16
9707278,6,2,4,4,0,6,32
102315,53,2,51,360,1,52,451
6116,13,4,9,22,0,13,151
9508249,66,4,62,321,9,57,215
9903501,31,4,27,130,1,30,135
9701292,4,3,1,1,4,0,0
9408392,12,3,9,33,2,10,24
8183,5,3,2,2,0,5,29
102234,69,2,67,375,34,35,49
9909453,18,7,11,29,5,13,21
206184,0,0,0,0,0,0,0
9505242,22,3,19,37,1,21,81
9705425,5,3,2,2,0,5,13
9909417,5,4,1,1,5,0,0
9702282,18,5,13,40,0,18,56
9902479,11,4,7,18,3,8,8
9310246,10,4,6,7,10,0,0
9511414,14,3,11,28,0,14,44
9906506,1,1,0,0,0,1,11
9412366,10,3,7,13,10,0,0
9902299,5,4,1,1,1,4,22
9708452,9,3,6,11,0,9,43
9903400,49,3,46,303,0,49,363
9908505,21,5,16,40,0,21,212
9504355,9,5,4,6,5,4,4
9705470,17,4,13,57,0,17,43
4013,28,4,24,146,5,23,113
9907327,15,2,13,22,2,13,39
205283,3,3,0,0,0,3,24
106052,7,6,1,1,2,5,18
104315,12,10,2,2,0,12,44
203154,13,1,12,36,0,13,182
9909232,31,5,26,80,0,31,649
9609381,260,7,253,2437,54,206,424
9907477,4,4,0,0,0,4,9
9605301,28,7,21,68,11,17,23
110391,13,4,9,14,0,13,151
10066,8,4,4,9,0,8,11
9909494,3,1,2,3,0,3,15
9904283,22,4,18,48,2,20,92
202185,4,3,1,1,2,2,2
6238,31,6,25,90,5,26,99
4123,6,3,3,5,1,5,9
9807282,37,6,31,117,23,14,18
9301231,18,9,9,19,6,12,12
9909231,5,4,1,1,0,5,14
9703301,11,5,6,7,6,5,12
9507416,40,9,31,111,7,33,57
9706261,23,2,21,90,0,23,126
10107,3,2,1,1,0,3,23
9711215,30,4,26,108,2,28,100
4120,2,2,0,0,0,2,2
9805438,24,8,16,43,20,4,4
9601289,18,4,14,32,8,10,16
9809433,40,6,34,162,1,39,406
9503226,20,11,9,12,9,11,16
9702230,12,4,8,19,0,12,48
9607236,12,3,9,16,0,12,92
9308367,1,1,0,0,1,0,0
9901369,6,4,2,3,0,6,37
9606344,44,5,39,188,13,31,38
9510258,17,6,11,25,2,15,20
9507253,68,4,64,396,3,65,231
9208202,6,5,1,1,6,0,0
8308,18,7,11,31,0,18,104
9709330,10,4,6,11,1,9,57
2264,7,1,6,8,1,6,30
9901252,16,6,10,33,1,15,72
9902354,32,3,29,143,3,29,48
9510270,1,1,0,0,0,1,2
9211202,20,5,15,41,20,0,0
9809443,43,10,33,102,0,43,247
9504277,44,10,34,106,13,31,62
103182,50,9,41,205,0,50,611
7197,20,5,15,47,0,20,212
9810303,2,2,0,0,0,2,2
9610432,4,1,3,4,0,4,4
9407372,54,11,43,135,41,13,13
9903268,36,8,28,68,0,36,186
9803229,24,3,21,78,1,23,84
9607217,22,11,11,18,13,9,12
9501414,3,3,0,0,1,2,10
9503290,92,8,84,442,28,64,64
9905559,3,3,0,0,2,1,1
9403232,6,4,2,3,6,0,0
9507339,3,1,2,3,3,0,0
211313,1,1,0,0,0,1,12
9911350,1,1,0,0,0,1,7
8316,13,3,10,15,0,13,49
9907497,10,3,7,13,0,10,44
9310272,8,8,0,0,2,6,10
9610268,4,2,2,2,0,4,12
9512316,6,3,3,3,6,0,0
9706314,2,2,0,0,0,2,5
9709509,5,2,3,5,1,4,32
9207228,24,5,19,45,24,0,0
9411350,2,2,0,0,1,1,1
9604410,15,2,13,26,2,13,13
9802214,6,4,2,2,4,2,3
9307268,18,5,13,33,2,16,29
9502245,12,6,6,7,5,7,11
9608273,2,2,0,0,0,2,4
9912312,18,7,11,16,8,10,19
9301265,24,12,12,28,24,0,0
101093,9,6,3,6,1,8,41
105023,0,0,0,0,0,0,0
9310256,7,5,2,5,5,2,2
9905458,5,3,2,3,0,5,7
9501411,2,2,0,0,2,0,0
9905282,16,6,10,21,2,14,36
9805474,4,1,3,6,0,4,11
9810361,11,4,7,13,1,10,70
207197,2,1,1,1,0,2,12
110377,7,2,5,13,0,7,27
5220,3,2,1,1,0,3,3
10206,4,1,3,6,0,4,8
9610265,22,4,18,38,10,12,25
9608239,2,2,0,0,1,1,2
9703226,20,6,14,32,2,18,43
5196,4,2,2,2,0,4,12
12346,16,2,14,32,1,15,91
9709401,9,3,6,10,1,8,28
9206229,8,3,5,12,8,0,0
6254,14,1,13,61,0,14,91
9409348,11,1,10,30,0,11,11
9607463,16,6,10,20,1,15,60
9903337,39,15,24,58,10,29,124
9212284,50,7,43,208,0,50,50
9902343,14,2,12,39,2,12,51
9811201,30,3,27,108,1,29,157
9904201,9,1,8,20,0,9,63
9905403,15,7,8,17,1,14,81
103012,18,2,16,74,1,17,219
9512338,16,6,10,21,16,0,0
9705309,2,2,0,0,1,1,2
9904419,1,1,0,0,0,1,2
9311353,8,5,3,5,0,8,12
6196,5,4,1,1,2,3,7
9306229,28,5,23,113,4,24,24
9704354,6,1,5,13,0,6,28
107001,24,1,23,119,0,24,79
206056,1,1,0,0,0,1,4
9706523,5,2,3,4,2,3,3
9703403,4,3,1,1,1,3,16
9811275,37,3,34,84,9,28,117
9508412,6,1,5,6,0,6,15
11357,6,2,4,5,0,6,25
9706388,2,1,1,1,0,2,5
111101,4,2,2,2,0,4,6
9508344,7,3,4,5,2,5,5
9407284,0,0,0,0,0,0,0
9511431,8,1,7,18,0,8,20
9708348,33,8,25,58,0,33,91
9310337,14,4,10,31,14,0,0
9508308,10,3,7,12,9,1,1
9603308,11,2,9,16,3,8,15
9602288,3,1,2,2,3,0,0
9602373,9,7,2,4,2,7,12
9401288,23,3,20,62,18,5,5
106135,13,3,10,27,0,13,192
9909284,18,10,8,11,0,18,84
9903326,11,5,6,10,0,11,38
2118,0,0,0,0,0,0,0
10267,15,3,12,48,0,15,162
9811255,5,2,3,4,0,5,23
204146,7,3,4,5,0,7,43
3172,21,6,15,34,1,20,170
111342,10,3,7,14,10,0,0
107082,18,10,8,14,7,11,37
9508324,8,3,5,15,7,1,1
9305297,1,1,0,0,1,0,0
9808331,6,3,3,6,1,5,6
110200,2,2,0,0,0,2,8
9712321,2,2,0,0,0,2,5
8143,19,5,14,52,0,19,173
7266,8,5,3,3,2,6,26
104200,19,3,16,48,2,17,139
204234,1,1,0,0,0,1,4
9511325,6,3,3,3,1,5,13
9802260,0,0,0,0,0,0,0
9809538,5,2,3,4,0,5,27
9507244,3,2,1,1,0,3,21
9701409,5,4,1,1,2,3,6
8005,7,6,1,1,0,7,69
9911419,2,2,0,0,1,1,3
9712303,5,4,1,1,0,5,7
9402220,3,2,1,1,3,0,0
9505270,4,3,1,1,1,3,3
9806279,54,5,49,237,12,42,94
9707237,1,1,0,0,0,1,2
212142,5,2,3,4,0,5,15
9912278,13,1,12,40,0,13,186
9903494,2,2,0,0,1,1,2
9407381,7,2,5,12,1,6,27
1204,13,6,7,10,0,13,43
9610407,16,3,13,33,2,14,35
2091,13,3,10,24,0,13,113
110386,2,2,0,0,1,1,1
109120,7,3,4,7,0,7,41
9711369,10,4,6,10,5,5,9
202239,17,4,13,38,2,15,94
201225,26,3,23,92,0,26,50
104316,0,0,0,0,0,0,0
108120,23,1,22,86,0,23,256
8073,3,2,1,1,0,3,25
105224,6,2,4,9,0,6,50
1110,2,2,0,0,0,2,4
9907521,11,3,8,13,0,11,47
201250,3,2,1,1,0,3,13
9909281,2,1,1,1,0,2,32
9402213,6,2,4,9,1,5,5
9905375,2,2,0,0,0,2,4
9308201,7,4,3,3,2,5,22
9809224,3,1,2,2,0,3,19
9812215,8,4,4,5,1,7,15
9811514,3,1,2,3,2,1,2
103210,13,7,6,7,0,13,98
9809474,6,3,3,4,0,6,38
9808387,3,1,2,3,1,2,2
9603396,22,2,20,85,5,17,17
8221,14,6,8,17,4,10,33
9406400,2,1,1,1,1,1,1
9606348,9,4,5,8,4,5,9
9401335,5,4,1,1,5,0,0
9710395,2,2,0,0,0,2,3
9803222,8,6,2,3,1,7,12
9801355,8,3,5,7,8,0,0
9512251,12,4,8,12,12,0,0
9407391,4,4,0,0,3,1,2
9510283,4,3,1,3,0,4,13
9504375,13,2,11,42,2,11,69
9508208,5,4,1,1,2,3,8
210427,1,1,0,0,0,1,1
7224,20,2,18,90,1,19,74
9609520,9,3,6,10,0,9,16
9601222,3,2,1,1,0,3,11
9503253,10,4,6,16,6,4,4
9712384,6,4,2,3,1,5,16
9809363,28,4,24,107,1,27,168
7252,10,4,6,15,0,10,56
9911529,2,2,0,0,0,2,4
9905396,1,1,0,0,0,1,2
9909551,3,3,0,0,2,1,4
9802380,5,5,0,0,4,1,1
9808466,2,2,0,0,0,2,17
9308294,9,6,3,4,9,0,0
10016,0,0,0,0,0,0,0
9709214,18,4,14,44,9,9,11
8290,11,5,6,12,1,10,45
9906495,6,4,2,4,1,5,29
9801388,8,2,6,10,1,7,72
102254,9,4,5,9,0,9,53
6023,10,3,7,24,0,10,18
10151,8,2,6,8,1,7,44
106307,10,3,7,12,0,10,22
9612252,21,1,20,93,0,21,181
102206,11,3,8,21,2,9,11
9606222,12,9,3,3,12,0,0
106082,2,2,0,0,0,2,28
9709446,2,1,1,1,0,2,2
9812449,12,5,7,13,1,11,95
9909250,17,7,10,19,0,17,87
9507420,12,6,6,12,10,2,2
9912406,2,2,0,0,0,2,5
9804459,5,3,2,2,1,4,11
9810228,1,1,0,0,0,1,1
9712230,5,3,2,2,2,3,5
9910532,2,2,0,0,0,2,13
9907562,6,5,1,1,5,1,1
9312363,4,3,1,1,1,3,3
9711250,7,5,2,2,1,6,21
7047,2,2,0,0,0,2,2
9610295,4,1,3,3,1,3,4
9305308,7,1,6,8,7,0,0
9510233,1,1,0,0,0,1,1
9707298,5,4,1,1,0,5,21
9803245,7,2,5,8,0,7,24
107245,2,1,1,1,2,0,0
9704256,4,3,1,1,0,4,10
9503365,2,1,1,1,2,0,0
9908372,10,1,9,27,0,10,47
9805321,1,1,0,0,1,0,0
9403262,5,3,2,3,5,0,0
9305278,19,9,10,24,19,0,0
209069,1,1,0,0,1,0,0
112200,0,0,0,0,0,0,0
106278,11,1,10,23,0,11,178
9703334,2,2,0,0,0,2,4
9703392,6,6,0,0,5,1,1
9409450,0,0,0,0,0,0,0
9512262,6,5,1,2,5,1,1
12143,27,3,24,73,3,24,66
9309282,1,1,0,0,1,0,0
107102,4,3,1,1,1,3,5
9505378,4,1,3,5,0,4,7
103243,6,5,1,1,2,4,5
109154,7,2,5,8,0,7,63
103272,4,2,2,3,1,3,3
9809270,0,0,0,0,0,0,0
9712462,5,3,2,2,3,2,2
9302303,8,1,7,10,8,0,0
9503216,8,2,6,17,3,5,7
2002,1,1,0,0,0,1,6
111326,4,2,2,2,2,2,24
9907398,3,2,1,1,0,3,4
9806451,7,1,6,8,4,3,7
9904477,10,3,7,17,0,10,95
9605378,2,1,1,1,0,2,7
9606432,5,2,3,4,5,0,0
9704241,3,1,2,2,0,3,14
9809454,9,5,4,6,6,3,3
9806503,0,0,0,0,0,0,0
9802228,0,0,0,0,0,0,0
302055,0,0,0,0,0,0,0
9903291,8,5,3,4,1,7,15
9909261,2,1,1,1,0,2,3
9306236,8,3,5,10,8,0,0
9510359,19,4,15,45,2,17,20
4143,19,10,9,14,1,18,70
9908522,3,2,1,1,0,3,12
209047,6,5,1,1,5,1,7
9804247,4,1,3,3,2,2,3
12381,7,2,5,5,0,7,56
106232,4,3,1,1,0,4,13
9511314,12,6,6,13,12,0,0
9904311,5,1,4,4,1,4,13
9712248,10,5,5,9,2,8,12
2047,4,1,3,6,0,4,5
9211329,9,2,7,9,9,0,0
111373,2,2,0,0,0,2,18
8080,4,4,0,0,2,2,12
8109,2,2,0,0,1,1,1
106326,6,1,5,10,6,0,0
203149,8,3,5,5,0,8,19
9312252,8,4,4,6,8,0,0
9611264,6,2,4,7,0,6,28
12324,3,3,0,0,0,3,6
207356,18,3,15,68,0,18,71
108031,2,1,1,1,0,2,2
9402251,9,1,8,14,9,0,0
9310368,3,2,1,1,2,1,2
9311344,19,5,14,46,19,0,0
108030,8,5,3,3,0,8,34
9901440,14,2,12,24,4,10,20
4206,12,4,8,10,2,10,68
107044,1,1,0,0,0,1,3
9506279,0,0,0,0,0,0,0
2138,6,5,1,1,1,5,17
9803202,1,1,0,0,0,1,2
9409320,7,4,3,3,7,0,0
9702345,11,2,9,17,8,3,4
107200,19,2,17,48,4,15,27
9802275,2,1,1,1,0,2,17
9404314,1,1,0,0,0,1,1
9609479,2,1,1,1,1,1,1
112082,2,2,0,0,1,1,1
9912547,37,15,22,44,0,37,155
12041,10,3,7,24,0,10,49
12043,10,3,7,28,0,10,55
207334,6,3,3,4,0,6,53
110270,2,2,0,0,0,2,29
7278,5,2,3,3,3,2,3
9901233,3,2,1,1,0,3,7
9407213,1,1,0,0,1,0,0
9212209,2,2,0,0,2,0,0
102320,8,6,2,3,0,8,14
9184,0,0,0,0,0,0,0
9910411,14,2,12,24,0,14,69
110062,9,2,7,15,0,9,113
205274,3,1,2,2,0,3,22
9405427,4,4,0,0,4,0,0
212132,1,1,0,0,0,1,18
205060,0,0,0,0,0,0,0
9404287,6,2,4,6,6,0,0
5210,14,2,12,35,0,14,136
9803221,10,5,5,13,0,10,65
9804222,8,4,4,5,0,8,27
12073,13,4,9,15,0,13,110
112018,2,2,0,0,1,1,2
9405220,12,5,7,18,6,6,6
9504325,3,3,0,0,2,1,1
104114,2,1,1,1,0,2,22
9505279,14,9,5,13,11,3,4
9508368,10,6,4,5,0,10,22
9505427,8,5,3,4,1,7,16
109179,3,3,0,0,0,3,36
9309313,3,1,2,2,3,0,0
9604239,4,1,3,5,0,4,17
2133,8,7,1,2,2,6,11
3133,1,1,0,0,0,1,9
9711265,3,1,2,2,0,3,21
9409318,6,4,2,2,0,6,28
9811306,2,1,1,1,0,2,3
9305347,3,3,0,0,3,0,0
9805384,5,2,3,5,0,5,19
9401263,1,1,0,0,1,0,0
9506301,0,0,0,0,0,0,0
9309269,4,3,1,1,4,0,0
9212307,6,2,4,12,6,0,0
9805433,5,1,4,6,2,3,3
109042,1,1,0,0,1,0,0
9150,3,2,1,1,0,3,15
203001,2,1,1,1,0,2,2
107298,3,1,2,3,0,3,9
111092,6,4,2,2,1,5,67
9505406,3,1,2,3,0,3,5
9705204,6,2,4,9,0,6,28
9209288,4,2,2,3,4,0,0
9609367,2,2,0,0,0,2,3
9707470,1,1,0,0,0,1,6
9904494,7,4,3,3,2,5,6
102292,2,2,0,0,0,2,16
101239,3,3,0,0,3,0,0
9912336,12,3,9,26,2,10,63
106077,7,2,5,10,0,7,67
9904363,7,2,5,11,0,7,40
5113,3,1,2,3,2,1,1
9802280,1,1,0,0,0,1,1
9712484,2,1,1,1,0,2,4
101269,7,3,4,7,0,7,29
9312289,1,1,0,0,1,0,0
9710238,4,1,3,4,0,4,19
9306257,2,2,0,0,2,0,0
9603259,4,3,1,1,3,1,1
9612458,7,2,5,6,1,6,20
9603229,4,2,2,2,4,0,0
12255,0,0,0,0,0,0,0
205185,2,2,0,0,0,2,13
9502413,5,2,3,3,5,0,0
9906349,2,1,1,1,2,0,0
11130,6,3,3,5,0,6,47
9708487,3,2,1,1,0,3,6
9909444,4,1,3,3,0,4,26
9912497,2,2,0,0,0,2,15
9407266,13,5,8,22,13,0,0
9207239,7,5,2,3,7,0,0
9305255,1,1,0,0,1,0,0
9806491,9,2,7,17,1,8,12
9607430,1,1,0,0,0,1,6
9811348,1,1,0,0,0,1,1
2290,10,3,7,15,1,9,9
9611235,1,1,0,0,0,1,1
9506445,14,5,9,19,8,6,8
9609306,7,7,0,0,2,5,7
9611265,6,4,2,3,0,6,16
10145,1,1,0,0,0,1,1
9406388,0,0,0,0,0,0,0
9511278,2,2,0,0,0,2,15
9904447,2,1,1,1,0,2,2
7030,0,0,0,0,0,0,0
210328,0,0,0,0,0,0,0
211326,1,1,0,0,0,1,2
208093,1,1,0,0,0,1,7
9506412,4,1,3,4,4,0,0
105321,2,2,0,0,0,2,3
202042,1,1,0,0,0,1,5
9904288,6,2,4,4,5,1,2
111115,13,3,10,28,1,12,19
102240,0,0,0,0,0,0,0
11032,2,1,1,1,0,2,22
5279,0,0,0,0,0,0,0
210272,0,0,0,0,0,0,0
9709352,10,6,4,7,10,0,0
8057,6,2,4,4,0,6,58
106226,5,2,3,4,0,5,16
204224,8,3,5,11,0,8,43
109051,3,3,0,0,0,3,6
201198,4,1,3,4,0,4,4
9501377,2,2,0,0,2,0,0
9904493,1,1,0,0,1,0,0
102223,1,1,0,0,0,1,10
9912402,5,2,3,4,0,5,22
9903450,5,3,2,3,2,3,3
8006,5,1,4,6,0,5,64
109058,8,2,6,7,0,8,94
204296,0,0,0,0,0,0,0
109012,4,1,3,4,0,4,13
9802326,2,1,1,1,0,2,4
9707536,8,1,7,15,0,8,49
9506214,1,1,0,0,1,0,0
112063,3,1,2,2,0,3,16
9912532,4,3,1,1,4,0,0
9908379,2,2,0,0,0,2,6
9803477,7,1,6,16,5,2,7
9511245,1,1,0,0,1,0,0
9908228,3,2,1,1,0,3,14
4045,3,3,0,0,3,0,0
207247,2,1,1,1,0,2,30
9608315,0,0,0,0,0,0,0
9611356,1,1,0,0,0,1,5
9909474,3,3,0,0,0,3,9
9912352,2,2,0,0,0,2,6
102327,0,0,0,0,0,0,0
9602387,3,1,2,2,3,0,0
9610254,0,0,0,0,0,0,0
9704386,3,3,0,0,3,0,0
9301257,3,1,2,3,3,0,0
9901346,5,1,4,7,0,5,5
9504414,2,2,0,0,2,0,0
209365,0,0,0,0,0,0,0
9310342,4,4,0,0,4,0,0
6334,5,1,4,6,0,5,14
9609493,1,1,0,0,0,1,2
9808440,2,1,1,1,0,2,10
6212,4,4,0,0,0,4,21
9501300,2,1,1,1,0,2,2
9604354,1,1,0,0,1,0,0
6339,4,4,0,0,1,3,21
207294,4,4,0,0,1,3,6
108262,8,2,6,13,5,3,6
9904290,9,5,4,7,3,6,20
105141,9,5,4,8,1,8,43
9705448,6,2,4,5,0,6,17
9146,3,1,2,2,0,3,47
103150,3,1,2,2,0,3,6
6332,6,6,0,0,6,0,0
208040,2,1,1,1,2,0,0
210196,0,0,0,0,0,0,0
9602408,2,2,0,0,2,0,0
207213,1,1,0,0,0,1,42
9710553,2,2,0,0,2,0,0
111192,0,0,0,0,0,0,0
9907371,2,2,0,0,0,2,18
9099,1,1,0,0,0,1,1
9407239,4,4,0,0,4,0,0
9902241,2,2,0,0,0,2,4
9808274,1,1,0,0,1,0,0
206044,0,0,0,0,0,0,0
9612459,9,3,6,10,0,9,23
210332,5,4,1,1,0,5,61
9191,0,0,0,0,0,0,0
4177,7,1,6,13,1,6,12
9710359,3,2,1,1,0,3,4
112294,2,1,1,1,0,2,7
102261,3,2,1,1,3,0,0
9208224,1,1,0,0,1,0,0
208130,5,4,1,1,0,5,18
110017,3,1,2,2,0,3,26
9704292,3,1,2,3,2,1,2
7296,0,0,0,0,0,0,0
9609422,2,2,0,0,0,2,5
206280,2,2,0,0,0,2,11
9410352,4,3,1,1,4,0,0
9309334,1,1,0,0,0,1,1
301219,1,1,0,0,0,1,20
9610538,5,3,2,3,5,0,0
9801316,5,5,0,0,3,2,2
9703310,1,1,0,0,1,0,0
106145,1,1,0,0,0,1,2
202244,1,1,0,0,1,0,0
112022,4,3,1,2,0,4,46
9906429,4,3,1,1,0,4,22
212240,1,1,0,0,0,1,10
103027,1,1,0,0,0,1,1
9310352,0,0,0,0,0,0,0
9403337,3,1,2,3,3,0,0
9807539,1,1,0,0,1,0,0
9409341,0,0,0,0,0,0,0
9603288,0,0,0,0,0,0,0
202159,2,1,1,1,0,2,9
8300,1,1,0,0,0,1,2
10149,3,2,1,1,0,3,21
9911446,3,2,1,1,0,3,23
9607320,3,1,2,2,2,1,1
210376,0,0,0,0,0,0,0
206204,1,1,0,0,0,1,1
204313,0,0,0,0,0,0,0
9708238,3,2,1,1,3,0,0
9710448,1,1,0,0,1,0,0
9912204,2,1,1,1,0,2,6
9905491,2,2,0,0,1,1,5
9912378,3,3,0,0,0,3,12
102346,1,1,0,0,1,0,0
104208,2,2,0,0,1,1,1
301112,1,1,0,0,0,1,2
9902252,0,0,0,0,0,0,0
9803482,2,1,1,1,0,2,2
107194,1,1,0,0,0,1,10
202258,6,1,5,12,0,6,46
211174,0,0,0,0,0,0,0
9712481,0,0,0,0,0,0,0
107076,1,1,0,0,0,1,3
12383,6,4,2,4,1,5,19
209357,2,2,0,0,0,2,7
108105,1,1,0,0,1,0,0
207229,0,0,0,0,0,0,0
9503460,3,3,0,0,1,2,5
2109,1,1,0,0,0,1,3
201189,4,1,3,3,0,4,46
9710485,0,0,0,0,0,0,0
9807458,1,1,0,0,1,0,0
9610466,1,1,0,0,0,1,2
9912334,0,0,0,0,0,0,0
9808369,1,1,0,0,0,1,8
202068,6,3,3,5,0,6,42
9506401,0,0,0,0,0,0,0
9812208,1,1,0,0,1,0,0
212062,0,0,0,0,0,0,0
205322,0,0,0,0,0,0,0
9804371,1,1,0,0,0,1,8
9310269,1,1,0,0,1,0,0
12203,5,1,4,10,0,5,27
205020,1,1,0,0,0,1,3
9708424,1,1,0,0,1,0,0
301183,1,1,0,0,0,1,7
5174,2,1,1,1,0,2,10
9607358,1,1,0,0,0,1,2
102185,1,1,0,0,0,1,1
107272,1,1,0,0,0,1,1
212095,0,0,0,0,0,0,0
302202,0,0,0,0,0,0,0
9502375,1,1,0,0,1,0,0
207113,1,1,0,0,0,1,1
110174,1,1,0,0,0,1,3
9912298,0,0,0,0,0,0,0
10173,0,0,0,0,0,0,0
6028,3,2,1,1,0,3,18
9406331,3,2,1,1,2,1,1
103344,1,1,0,0,0,1,1
104213,4,2,2,2,0,4,47
9711505,0,0,0,0,0,0,0
9611384,0,0,0,0,0,0,0
9208229,1,1,0,0,1,0,0
103160,1,1,0,0,0,1,3
9310275,3,2,1,1,3,0,0
9812297,0,0,0,0,0,0,0
208070,8,6,2,5,0,8,42
9705322,0,0,0,0,0,0,0
112032,1,1,0,0,1,0,0
9307354,0,0,0,0,0,0,0
9703457,1,1,0,0,0,1,1
9303298,1,1,0,0,1,0,0
212253,0,0,0,0,0,0,0
302234,1,1,0,0,0,1,1
208270,0,0,0,0,0,0,0
9702422,1,1,0,0,0,1,2
9508310,0,0,0,0,0,0,0
9712461,1,1,0,0,1,0,0
9907424,1,1,0,0,0,1,2
2029,1,1,0,0,0,1,1
9710455,0,0,0,0,0,0,0
9508203,0,0,0,0,0,0,0
9403275,1,1,0,0,0,1,1
204164,2,1,1,1,2,0,0
108196,1,1,0,0,1,0,0
302010,0,0,0,0,0,0,0
9601270,2,1,1,1,2,0,0
9812390,1,1,0,0,1,0,0
102135,0,0,0,0,0,0,0
9905569,1,1,0,0,0,1,7
9906427,0,0,0,0,0,0,0
9607211,3,1,2,2,3,0,0
6189,1,1,0,0,1,0,0
9808311,1,1,0,0,0,1,1
9512411,1,1,0,0,1,0,0
9811318,1,1,0,0,0,1,1
201140,1,1,0,0,1,0,0
9906333,0,0,0,0,0,0,0
9211289,2,2,0,0,2,0,0
302038,0,0,0,0,0,0,0
9803472,1,1,0,0,0,1,3
9508251,1,1,0,0,1,0,0
9706536,2,1,1,1,0,2,4
1137,0,0,0,0,0,0,0
203046,2,1,1,1,0,2,5
101256,1,1,0,0,0,1,1
111416,0,0,0,0,0,0,0
110415,0,0,0,0,0,0,0
207363,0,0,0,0,0,0,0
211050,1,1,0,0,0,1,1
9610475,0,0,0,0,0,0,0
6176,1,1,0,0,1,0,0
9904241,1,1,0,0,0,1,1
9607299,0,0,0,0,0,0,0
9905483,0,0,0,0,0,0,0
105300,1,1,0,0,0,1,1
8101,0,0,0,0,0,0,0
206246,2,1,1,1,0,2,18
9812294,1,1,0,0,0,1,2
203081,1,1,0,0,0,1,4
9710210,2,2,0,0,2,0,0
9502351,0,0,0,0,0,0,0
9907354,2,1,1,1,1,1,2
9704210,1,1,0,0,0,1,1
9709377,0,0,0,0,0,0,0
9807366,0,0,0,0,0,0,0
206215,3,1,2,3,0,3,13
9803388,0,0,0,0,0,0,0
212391,0,0,0,0,0,0,0
208146,1,1,0,0,0,1,1
9404341,3,2,1,1,3,0,0
107049,2,1,1,1,1,1,1
206159,1,1,0,0,0,1,17
103349,1,1,0,0,1,0,0
208216,0,0,0,0,0,0,0
3015,2,1,1,1,2,0,0
2179,1,1,0,0,1,0,0
106019,6,2,4,10,1,5,6
6155,0,0,0,0,0,0,0
9709258,0,0,0,0,0,0,0
9412388,1,1,0,0,1,0,0
1026,1,1,0,0,0,1,3
302243,0,0,0,0,0,0,0
12071,1,1,0,0,1,0,0
208160,1,1,0,0,0,1,21
9412220,1,1,0,0,0,1,2
207239,1,1,0,0,0,1,1
201109,0,0,0,0,0,0,0
9510458,0,0,0,0,0,0,0
9806538,1,1,0,0,0,1,3
101071,1,1,0,0,1,0,0
9912286,0,0,0,0,0,0,0
208261,4,1,3,6,0,4,23
9212311,3,2,1,1,3,0,0
9910322,0,0,0,0,0,0,0
9510414,0,0,0,0,0,0,0
9507370,0,0,0,0,0,0,0
9312327,0,0,0,0,0,0,0
9903466,2,2,0,0,2,0,0
9707261,0,0,0,0,0,0,0
9507338,2,2,0,0,1,1,5
10293,0,0,0,0,0,0,0
210090,1,1,0,0,0,1,1
201060,0,0,0,0,0,0,0
201252,0,0,0,0,0,0,0
8291,1,1,0,0,0,1,14
9807273,0,0,0,0,0,0,0
209115,1,1,0,0,1,0,0
209118,0,0,0,0,0,0,0
204309,0,0,0,0,0,0,0
9278,1,1,0,0,0,1,4
9906532,0,0,0,0,0,0,0
1038,3,3,0,0,0,3,8
9706302,0,0,0,0,0,0,0
208148,1,1,0,0,1,0,0
208044,1,1,0,0,0,1,1
8092,0,0,0,0,0,0,0
104077,0,0,0,0,0,0,0
9804315,0,0,0,0,0,0,0
107042,1,1,0,0,1,0,0
9608217,1,1,0,0,1,0,0
9906317,1,1,0,0,0,1,5
9209235,2,2,0,0,2,0,0
202278,0,0,0,0,0,0,0
6082,0,0,0,0,0,0,0
9910294,0,0,0,0,0,0,0
6149,1,1,0,0,0,1,4
101324,3,1,2,3,0,3,9
209067,1,1,0,0,1,0,0
207246,0,0,0,0,0,0,0
206111,0,0,0,0,0,0,0
2085,2,1,1,1,2,0,0
212080,0,0,0,0,0,0,0
9906397,0,0,0,0,0,0,0
6170,0,0,0,0,0,0,0
110182,0,0,0,0,0,0,0
9408205,0,0,0,0,0,0,0
101317,1,1,0,0,0,1,3
211196,0,0,0,0,0,0,0
9603260,0,0,0,0,0,0,0
211191,0,0,0,0,0,0,0
9802343,1,1,0,0,0,1,3
12206,0,0,0,0,0,0,0
9811497,0,0,0,0,0,0,0
9906229,1,1,0,0,1,0,0
112159,0,0,0,0,0,0,0
107191,0,0,0,0,0,0,0
9909311,1,1,0,0,0,1,3
11045,0,0,0,0,0,0,0
9512293,0,0,0,0,0,0,0
9607471,0,0,0,0,0,0,0
9412316,0,0,0,0,0,0,0
212051,0,0,0,0,0,0,0
9803423,1,1,0,0,0,1,7
9609508,0,0,0,0,0,0,0
9611424,1,1,0,0,0,1,1
105231,1,1,0,0,0,1,6
112357,0,0,0,0,0,0,0
202079,0,0,0,0,0,0,0
211235,0,0,0,0,0,0,0
12027,0,0,0,0,0,0,0
5017,0,0,0,0,0,0,0
11246,1,1,0,0,0,1,1
9709299,0,0,0,0,0,0,0
9512314,1,1,0,0,1,0,0
9905335,2,1,1,1,1,1,1
9806492,0,0,0,0,0,0,0
9804272,1,1,0,0,1,0,0
9606481,0,0,0,0,0,0,0
9909216,1,1,0,0,1,0,0
211339,0,0,0,0,0,0,0
9510295,0,0,0,0,0,0,0
9506223,0,0,0,0,0,0,0
104017,0,0,0,0,0,0,0
204239,0,0,0,0,0,0,0
9905532,0,0,0,0,0,0,0
9910450,1,1,0,0,0,1,2
9707479,1,1,0,0,0,1,1
208171,1,1,0,0,0,1,6
210419,0,0,0,0,0,0,0
9705427,0,0,0,0,0,0,0
9612414,0,0,0,0,0,0,0
9501288,0,0,0,0,0,0,0
10279,0,0,0,0,0,0,0
207045,2,2,0,0,0,2,12
9508328,0,0,0,0,0,0,0
9805236,0,0,0,0,0,0,0
203100,0,0,0,0,0,0,0
9401286,0,0,0,0,0,0,0
9812226,2,1,1,1,0,2,3
9912544,1,1,0,0,1,0,0
203268,0,0,0,0,0,0,0
11057,3,2,1,1,1,2,6
209250,1,1,0,0,0,1,40
9018,3,2,1,1,2,1,1
107013,0,0,0,0,0,0,0
11378,0,0,0,0,0,0,0
9505237,0,0,0,0,0,0,0
9503382,0,0,0,0,0,0,0
5192,1,1,0,0,0,1,1
9808382,2,1,1,1,0,2,4
9508329,0,0,0,0,0,0,0
9610388,0,0,0,0,0,0,0
9407295,0,0,0,0,0,0,0
9606252,0,0,0,0,0,0,0
109038,0,0,0,0,0,0,0
208090,0,0,0,0,0,0,0
9710469,0,0,0,0,0,0,0
9410366,0,0,0,0,0,0,0
9906425,1,1,0,0,1,0,0
302106,0,0,0,0,0,0,0
8045,0,0,0,0,0,0,0
202198,0,0,0,0,0,0,0
302226,0,0,0,0,0,0,0
109196,0,0,0,0,0,0,0
209195,1,1,0,0,1,0,0
10268,0,0,0,0,0,0,0
209328,0,0,0,0,0,0,0
9310303,0,0,0,0,0,0,0
203249,0,0,0,0,0,0,0
302270,0,0,0,0,0,0,0
212206,1,1,0,0,0,1,7
210025,0,0,0,0,0,0,0
103298,0,0,0,0,0,0,0
9409228,0,0,0,0,0,0,0
107242,0,0,0,0,0,0,0
210018,0,0,0,0,0,0,0
12234,0,0,0,0,0,0,0
9409365,0,0,0,0,0,0,0
9301251,2,2,0,0,2,0,0
211304,0,0,0,0,0,0,0
9611404,0,0,0,0,0,0,0
103220,0,0,0,0,0,0,0
9412303,1,1,0,0,1,0,0
111266,0,0,0,0,0,0,0
9808221,2,1,1,1,0,2,4
9905526,0,0,0,0,0,0,0
9501393,0,0,0,0,0,0,0
9806393,1,1,0,0,0,1,1
9805444,0,0,0,0,0,0,0
211102,0,0,0,0,0,0,0
9510314,0,0,0,0,0,0,0
301212,0,0,0,0,0,0,0
2111,0,0,0,0,0,0,0
9606479,0,0,0,0,0,0,0
211323,0,0,0,0,0,0,0
9807455,0,0,0,0,0,0,0
9069,1,1,0,0,1,0,0
10316,1,1,0,0,1,0,0
111361,0,0,0,0,0,0,0
302037,0,0,0,0,0,0,0
205339,0,0,0,0,0,0,0
10033,0,0,0,0,0,0,0
112005,0,0,0,0,0,0,0
210423,0,0,0,0,0,0,0
211422,0,0,0,0,0,0,0
301271,0,0,0,0,0,0,0
12201,0,0,0,0,0,0,0
301276,0,0,0,0,0,0,0
205222,0,0,0,0,0,0,0
210262,0,0,0,0,0,0,0
7331,0,0,0,0,0,0,0
212220,0,0,0,0,0,0,0
301173,0,0,0,0,0,0,0
301086,0,0,0,0,0,0,0
9609494,0,0,0,0,0,0,0
9912285,0,0,0,0,0,0,0
301141,0,0,0,0,0,0,0
9067,0,0,0,0,0,0,0
9502265,0,0,0,0,0,0,0
9812452,0,0,0,0,0,0,0
9510379,0,0,0,0,0,0,0
9402237,0,0,0,0,0,0,0
11207,0,0,0,0,0,0,0
9906314,0,0,0,0,0,0,0
207316,0,0,0,0,0,0,0
302084,0,0,0,0,0,0,0
5137,0,0,0,0,0,0,0
105272,0,0,0,0,0,0,0
9305249,1,1,0,0,1,0,0
211093,1,1,0,0,0,1,3
209042,0,0,0,0,0,0,0
201172,0,0,0,0,0,0,0
210156,0,0,0,0,0,0,0
9704296,8,6,2,3,0,8,24
2171,38,15,23,72,23,15,25
6022,45,7,38,125,1,44,259
9404282,147,17,130,1183,96,51,78
9704402,40,12,28,89,3,37,174
9402363,31,6,25,156,5,26,83
9506201,41,4,37,174,2,39,104
9802289,41,12,29,60,12,29,100
9604330,67,11,56,317,6,61,172
110253,18,8,10,16,2,16,57
9412243,7,6,1,1,6,1,1
9304240,101,21,80,296,101,0,0
9406228,12,4,8,9,1,11,27
9506457,10,6,4,4,3,7,15
112313,1,1,0,0,0,1,3
2305,2,1,1,1,2,0,0
9603441,17,1,16,31,7,10,55
9705388,10,3,7,28,0,10,16
9807570,21,11,10,17,4,17,38
108041,18,8,10,16,1,17,90
101123,3,3,0,0,0,3,22
9504399,6,2,4,6,0,6,26
9807349,42,6,36,118,2,40,184
9808433,38,9,29,82,8,30,56
9308330,29,10,19,57,26,3,3
9610272,40,13,27,58,16,24,49
9309248,40,8,32,75,32,8,8
110340,8,5,3,5,1,7,37
9405224,6,5,1,1,6,0,0
9301290,37,5,32,129,17,20,20
9309268,27,9,18,58,23,4,5
9501201,33,5,28,105,0,33,110
9307371,42,9,33,199,27,15,15
9403338,173,17,156,1212,76,97,140
9409369,57,6,51,275,8,49,97
9308363,27,7,20,51,5,22,31
9604218,23,9,14,23,21,2,2
9807283,79,4,75,564,1,78,219
9905240,32,1,31,200,19,13,19
9909301,21,4,17,42,0,21,228
1124,16,5,11,23,2,14,86
9802334,113,13,100,563,46,67,231
9904338,32,7,25,76,3,29,106
9803309,26,7,19,58,5,21,51
9707505,12,5,7,12,0,12,66
9708301,12,5,7,11,0,12,29
9502263,21,4,17,46,0,21,47
9807361,30,9,21,124,15,15,35
9809322,1,1,0,0,1,0,0
9803440,59,6,53,191,5,54,225
9803456,7,2,5,7,0,7,63
9306333,92,5,87,653,90,2,2
9601241,2,1,1,1,0,2,2
9607446,19,5,14,35,5,14,61
9607250,24,5,19,51,11,13,28
9807253,6,3,3,6,0,6,31
9502219,12,1,11,30,4,8,8
9702361,45,2,43,230,8,37,67
9902312,22,9,13,31,1,21,108
9604242,15,6,9,13,4,11,16
9704275,47,6,41,229,5,42,384
9304216,39,9,30,72,1,38,83
9211204,61,10,51,354,61,0,0
9703332,25,3,22,104,0,25,159
9206218,87,28,59,311,87,0,0
9609357,30,10,20,46,9,21,61
5189,42,5,37,170,0,42,584
9610357,37,6,31,150,3,34,209
9409313,67,12,55,331,62,5,5
9812471,49,5,44,311,8,41,72
9303296,18,6,12,21,18,0,0
9609344,20,5,15,64,0,20,126
9704246,12,4,8,21,1,11,11
9409355,7,2,5,9,4,3,3
9408316,11,3,8,21,0,11,41
9809364,21,5,16,31,0,21,176
11266,20,4,16,47,0,20,78
9603314,101,6,95,484,13,88,604
10229,1,1,0,0,0,1,19
10175,23,12,11,14,1,22,105
9806270,5,4,1,2,0,5,34
9710312,25,2,23,77,3,22,105
9807430,6,1,5,8,0,6,6
9801359,5,2,3,4,0,5,15
9607297,16,3,13,25,2,14,15
9404357,101,13,88,456,73,28,36
9707222,9,4,5,13,0,9,21
9505314,8,4,4,5,2,6,7
9810240,5,3,2,2,1,4,42
9507426,14,4,10,16,2,12,24
9212288,37,9,28,165,7,30,49
9206212,10,7,3,4,10,0,0
9503349,10,3,7,10,10,0,0
9701379,10,1,9,16,0,10,10
9803322,5,2,3,4,0,5,5
9606415,10,4,6,13,0,10,46
9310208,20,7,13,32,20,0,0
9405338,70,19,51,118,45,25,30
9601211,39,3,36,190,24,15,23
9712519,13,9,4,4,6,7,8
9710500,13,8,5,13,0,13,38
9504232,4,1,3,4,1,3,3
9712269,8,3,5,6,0,8,26
9409326,48,9,39,175,48,0,0
9503276,39,7,32,98,7,32,61
9211262,18,8,10,14,18,0,0
9705401,37,5,32,101,16,21,65
9704278,9,3,6,8,7,2,3
9601307,23,8,15,51,4,19,45
9903518,10,4,6,9,2,8,47
9308337,33,19,14,21,13,20,20
9508408,33,5,28,85,9,24,89
9210242,68,21,47,162,68,0,0
9605317,87,9,78,483,51,36,36
9601302,42,10,32,179,4,38,97
103219,8,2,6,16,0,8,18
9708412,16,3,13,33,7,9,12
9804384,15,7,8,11,2,13,38
9203211,32,9,23,98,32,0,0
9204216,75,15,60,215,75,0,0
9710436,53,4,49,228,1,52,327
9909516,9,2,7,13,1,8,14
9702210,32,12,20,66,19,13,26
9307221,38,9,29,122,38,0,0
9903550,5,1,4,8,0,5,38
9809583,14,2,12,36,0,14,36
9405388,154,18,136,820,154,0,0
9801375,57,7,50,243,10,47,169
9903390,24,5,19,52,0,24,130
9912283,10,8,2,2,1,9,45
9612398,62,3,59,314,2,60,163
5225,29,3,26,86,3,26,134
9902335,24,2,22,114,0,24,80
9512385,12,1,11,26,12,0,0
9406320,36,11,25,62,11,25,59
9405262,31,3,28,149,31,0,0
9506309,12,8,4,6,5,7,10
12311,7,2,5,7,0,7,41
206023,8,2,6,15,0,8,47
9905577,6,4,2,2,0,6,76
9510294,16,6,10,18,3,13,30
9801353,20,2,18,55,0,20,67
9310211,34,8,26,90,34,0,0
9311352,10,8,2,2,8,2,2
9211228,39,16,23,77,24,15,19
9411281,3,2,1,1,2,1,1
9805405,26,8,18,39,9,17,25
9704388,8,3,5,8,3,5,10
9512340,12,5,7,15,0,12,62
9511204,9,6,3,3,0,9,35
9707331,14,3,11,28,0,14,82
9310210,56,10,46,325,56,0,0
9608416,7,3,4,6,2,5,8
9509229,12,3,9,18,10,2,2
9906422,1,1,0,0,0,1,20
9510365,59,1,58,561,0,59,116
9707207,11,5,6,9,2,9,25
9903261,14,6,8,13,0,14,94
9805346,18,1,17,34,3,15,41
9903476,20,4,16,33,8,12,51
9803453,34,8,26,42,6,28,90
9711379,3,3,0,0,3,0,0
9702433,23,4,19,49,4,19,24
9408352,29,5,24,79,7,22,40
9906300,6,6,0,0,0,6,47
9911457,61,12,49,245,0,61,320
9708473,1,1,0,0,1,0,0
9504306,43,12,31,112,34,9,9
9511259,3,3,0,0,0,3,10
9804283,19,2,17,67,1,18,58
9810315,6,5,1,1,0,6,24
9712305,67,16,51,332,4,63,282
9910392,14,2,12,28,1,13,47
9606464,12,5,7,23,1,11,17
9703234,3,2,1,1,0,3,34
9905481,105,10,95,762,11,94,354
9707442,4,2,2,2,1,3,26
9207253,34,19,15,38,34,0,0
7107,32,6,26,76,2,30,109
9701301,66,14,52,211,3,63,399
9910497,5,2,3,5,0,5,23
9705479,14,8,6,6,9,5,8
9501365,7,1,6,13,0,7,15
9504406,4,2,2,2,0,4,10
102288,17,3,14,36,1,16,44
9911248,38,8,30,89,13,25,70
9508325,103,34,69,134,74,29,41
9704441,12,5,7,11,1,11,40
9803406,3,2,1,1,0,3,10
105331,1,1,0,0,1,0,0
9703302,37,7,30,101,5,32,137
9902484,29,4,25,93,1,28,223
9508337,23,7,16,63,9,14,28
9605310,5,4,1,1,2,3,6
9907434,9,4,5,10,0,9,26
9211255,7,2,5,11,7,0,0
1084,8,5,3,3,4,4,15
9503464,49,11,38,128,25,24,50
9903479,48,6,42,255,0,48,694
9908515,14,6,8,16,1,13,97
9508319,15,1,14,26,15,0,0
9708275,30,3,27,76,13,17,31
5328,30,3,27,227,0,30,167
8311,2,2,0,0,0,2,2
206194,13,6,7,9,2,11,111
106243,7,4,3,5,0,7,34
209295,3,1,2,2,0,3,39
204218,13,5,8,15,0,13,192
112061,19,1,18,71,0,19,102
9702379,56,4,52,272,0,56,234
9505327,11,7,4,5,11,0,0
9607208,4,3,1,1,1,3,9
9806263,102,4,98,736,15,87,267
10103,8,5,3,3,0,8,62
5146,12,6,6,10,0,12,99
9906374,30,6,24,85,0,30,126
9511326,13,8,5,7,0,13,30
10260,9,3,6,11,0,9,61
5104,24,9,15,40,3,21,132
9901403,7,4,3,6,1,6,14
9302292,31,12,19,52,31,0,0
9310207,11,6,5,7,11,0,0
9705282,17,10,7,12,2,15,65
9602438,32,18,14,28,8,24,96
9812209,25,5,20,71,7,18,45
10142,4,2,2,2,0,4,10
9711280,17,3,14,37,0,17,66
107066,3,3,0,0,0,3,8
9806358,36,10,26,67,10,26,46
9602291,5,3,2,3,3,2,2
9812257,17,3,14,36,1,16,111
9207205,7,6,1,1,7,0,0
9506378,34,2,32,113,0,34,146
9608388,2,2,0,0,0,2,9
9311282,6,1,5,8,3,3,3
9905407,11,6,5,8,0,11,69
9809229,7,1,6,15,0,7,37
9512384,11,2,9,16,1,10,23
9512203,23,6,17,68,7,16,16
9208215,19,11,8,16,19,0,0
10253,9,3,6,13,0,9,157
9905300,6,3,3,4,0,6,30
9706315,86,6,80,590,27,59,123
9612425,5,2,3,4,0,5,17
9903459,14,4,10,25,5,9,15
8089,0,0,0,0,0,0,0
9212225,5,5,0,0,5,0,0
9809487,11,2,9,20,0,11,77
9506280,45,7,38,220,20,25,40
106352,20,2,18,74,0,20,171
11254,22,6,16,45,2,20,178
9210266,9,6,3,5,9,0,0
9702273,9,8,1,1,1,8,24
103111,1,1,0,0,0,1,1
9905343,3,3,0,0,0,3,21
9803351,24,5,19,47,3,21,102
9710414,8,4,4,7,6,2,3
9502334,47,13,34,83,25,22,27
9507434,13,4,9,23,2,11,20
9907224,31,3,28,139,0,31,272
9412261,4,3,1,1,2,2,2
9511398,4,2,2,2,4,0,0
102074,18,7,11,27,3,15,37
8241,21,7,14,29,0,21,127
8091,11,5,6,10,0,11,49
9504242,12,5,7,20,0,12,61
9807249,19,4,15,88,0,19,78
9706534,35,8,27,92,2,33,156
9512373,4,2,2,3,3,1,1
9706370,1,1,0,0,1,0,0
9211254,19,4,15,31,19,0,0
9905310,19,5,14,26,1,18,135
9508254,23,9,14,25,8,15,28
9610204,20,3,17,44,5,15,27
9802218,21,3,18,38,1,20,106
9308273,18,4,14,44,12,6,6
9502313,18,4,14,33,2,16,54
9705248,12,5,7,15,0,12,72
102087,5,5,0,0,0,5,46
9608306,25,5,20,62,1,24,131
103074,23,10,13,24,10,13,45
9311309,9,4,5,9,9,0,0
9709466,2,2,0,0,0,2,2
9912295,20,5,15,33,1,19,111
9503238,20,6,14,44,4,16,21
9905324,3,1,2,2,0,3,16
9904203,12,3,9,22,0,12,55
9811369,15,4,11,28,0,15,197
8090,23,8,15,34,2,21,40
111086,5,2,3,6,0,5,18
9704283,10,3,7,14,5,5,10
9303287,13,6,7,17,13,0,0
9704378,15,8,7,15,0,15,41
9602380,8,8,0,0,5,3,24
9801432,8,3,5,10,0,8,28
11092,12,4,8,18,1,11,19
102152,7,3,4,7,2,5,17
9809535,4,1,3,4,0,4,47
9502209,1,1,0,0,1,0,0
105311,31,4,27,95,3,28,209
9608435,2,1,1,1,0,2,28
110014,3,2,1,1,0,3,23
9907394,4,3,1,1,1,3,6
9302271,12,2,10,26,12,0,0
9904385,3,3,0,0,2,1,7
9811500,37,2,35,196,1,36,156
9906507,6,2,4,4,0,6,44
9910416,35,5,30,127,34,1,1
103064,18,3,15,68,0,18,240
9601237,25,7,18,31,3,22,65
9302259,5,4,1,1,4,1,1
9710266,13,9,4,6,2,11,20
9812490,3,2,1,1,0,3,18
7228,11,5,6,7,0,11,98
9307324,29,4,25,130,2,27,27
9708211,15,3,12,25,0,15,85
110050,2,2,0,0,2,0,0
103178,12,9,3,4,3,9,18
105093,9,4,5,9,9,0,0
9906437,6,2,4,6,0,6,29
9811294,12,10,2,4,0,12,45
9702341,6,2,4,4,0,6,53
103202,6,3,3,5,0,6,21
6359,9,3,6,11,0,9,39
105216,4,3,1,1,3,1,2
9708205,7,2,5,13,2,5,8
9303219,3,3,0,0,0,3,4
9504239,19,8,11,16,6,13,69
9512280,16,4,12,26,13,3,3
9312239,8,2,6,11,0,8,8
9709205,13,3,10,24,1,12,27
9609491,6,3,3,3,0,6,10
9604436,14,2,12,30,14,0,0
9501250,1,1,0,0,0,1,2
9508255,18,4,14,33,0,18,55
107052,10,5,5,9,1,9,38
9308244,13,8,5,8,10,3,4
9903421,15,5,10,22,1,14,57
9501340,1,1,0,0,0,1,1
104162,12,2,10,29,0,12,171
9901302,2,1,1,1,0,2,4
204343,8,3,5,6,0,8,37
7219,10,4,6,12,0,10,135
112138,7,4,3,6,0,7,40
109257,8,4,4,10,3,5,5
9705462,5,1,4,6,1,4,4
3297,6,1,5,9,0,6,14
9903497,4,2,2,5,0,4,28
9709503,3,3,0,0,1,2,11
104164,4,1,3,4,4,0,0
10195,26,6,20,48,0,26,166
10299,9,6,3,4,2,7,18
104294,18,7,11,19,2,16,55
210387,1,1,0,0,0,1,7
9606273,6,1,5,12,0,6,10
9503413,4,2,2,2,0,4,5
9310247,13,6,7,7,7,6,6
9609486,8,2,6,18,0,8,41
9404208,3,1,2,3,2,1,1
10161,4,3,1,1,0,4,23
9612265,11,3,8,17,1,10,20
9812357,14,10,4,7,3,11,47
9504261,4,3,1,1,1,3,3
9412356,8,2,6,10,0,8,31
9807336,28,2,26,86,7,21,39
9506453,1,1,0,0,0,1,4
103242,20,7,13,35,5,15,68
2239,7,2,5,11,2,5,35
201036,1,1,0,0,0,1,5
9408274,1,1,0,0,1,0,0
9809237,7,3,4,5,1,6,37
9703303,16,5,11,33,0,16,38
9906418,8,3,5,6,1,7,43
105166,6,3,3,4,1,5,33
109172,24,6,18,45,1,23,136
9712203,16,3,13,38,12,4,6
203209,6,3,3,8,0,6,22
201262,26,5,21,121,0,26,63
3189,7,5,2,2,0,7,38
8069,7,6,1,1,1,6,13
103284,6,4,2,3,0,6,72
107113,11,1,10,34,0,11,39
10303,4,1,3,4,4,0,0
2255,5,4,1,1,0,5,27
202143,10,3,7,23,0,10,26
8177,1,1,0,0,0,1,3
9502272,4,2,2,2,3,1,1
9906476,2,2,0,0,0,2,26
9411268,6,2,4,8,2,4,5
9501333,11,3,8,25,0,11,28
9812242,1,1,0,0,1,0,0
9903352,2,1,1,1,0,2,3
104038,26,3,23,104,0,26,275
9810359,1,1,0,0,0,1,1
9510318,8,2,6,13,1,7,11
9805477,9,3,6,16,2,7,14
103287,6,1,5,7,2,4,7
9611440,0,0,0,0,0,0,0
9808295,3,1,2,2,0,3,5
9504217,10,3,7,16,0,10,67
9512306,4,4,0,0,2,2,5
9712491,0,0,0,0,0,0,0
9206204,2,1,1,1,2,0,0
9601295,4,2,2,3,2,2,2
9407395,10,4,6,16,3,7,7
9610207,2,1,1,1,0,2,10
9505247,2,1,1,1,0,2,2
9607461,10,6,4,9,8,2,3
111080,1,1,0,0,0,1,1
7329,33,2,31,222,0,33,198
9612335,7,2,5,8,1,6,25
9603225,2,2,0,0,0,2,10
9508407,8,2,6,8,0,8,25
9801274,1,1,0,0,0,1,2
9912363,4,3,1,1,2,2,9
9705226,9,5,4,7,5,4,5
206081,1,1,0,0,0,1,2
9709319,8,2,6,10,0,8,106
9908527,1,1,0,0,1,0,0
9803360,5,3,2,2,0,5,32
9809495,1,1,0,0,0,1,7
9812336,13,4,9,24,1,12,13
9602301,7,3,4,8,3,4,5
9712524,6,2,4,8,0,6,9
9910201,10,4,6,12,0,10,29
9706249,15,1,14,31,3,12,18
9806267,14,4,10,31,0,14,124
9501344,14,3,11,36,11,3,3
6201,11,2,9,16,0,11,17
9401271,15,4,11,37,15,0,0
110256,5,4,1,1,0,5,22
9704235,8,5,3,5,0,8,64
105225,2,1,1,1,0,2,6
9901374,11,11,0,0,8,3,5
111385,1,1,0,0,1,0,0
9805434,5,2,3,5,0,5,17
9806243,0,0,0,0,0,0,0
201147,0,0,0,0,0,0,0
9508399,12,2,10,23,2,10,13
9310209,2,1,1,1,2,0,0
9411314,7,7,0,0,1,6,18
11366,7,5,2,3,0,7,23
9712496,24,7,17,33,5,19,63
9902380,4,4,0,0,0,4,11
9908417,7,2,5,7,0,7,40
9906503,6,4,2,2,4,2,3
9711353,3,1,2,2,1,2,3
9808368,20,8,12,32,2,18,66
11383,2,2,0,0,0,2,13
9509415,8,3,5,6,4,4,6
9508244,1,1,0,0,1,0,0
9711204,6,2,4,6,0,6,45
9805402,4,4,0,0,0,4,11
108002,18,2,16,51,0,18,132
211251,4,2,2,3,0,4,40
9601330,1,1,0,0,0,1,4
9302310,3,3,0,0,3,0,0
208139,1,1,0,0,0,1,3
302192,0,0,0,0,0,0,0
9403277,6,4,2,3,1,5,6
101018,3,3,0,0,3,0,0
9912521,0,0,0,0,0,0,0
110213,9,2,7,10,0,9,119
9707428,6,5,1,1,0,6,6
9706383,3,2,1,1,1,2,4
9406347,8,5,3,7,8,0,0
9808352,2,2,0,0,2,0,0
9908497,12,3,9,20,4,8,18
2114,4,3,1,1,0,4,30
108155,1,1,0,0,0,1,13
9809254,10,6,4,5,0,10,38
105236,7,2,5,6,0,7,45
109214,19,2,17,64,18,1,1
104100,3,2,1,1,0,3,13
9602210,5,5,0,0,5,0,0
9803378,7,5,2,4,2,5,12
9710225,6,3,3,6,6,0,0
9507257,5,1,4,8,3,2,2
2086,4,2,2,3,0,4,41
112158,2,1,1,1,0,2,17
9908335,3,3,0,0,3,0,0
9809551,1,1,0,0,1,0,0
9905410,4,2,2,2,2,2,6
103185,1,1,0,0,1,0,0
9807384,9,4,5,7,1,8,21
9706203,7,5,2,2,0,7,47
9810551,2,2,0,0,0,2,20
9603348,8,2,6,8,0,8,20
9507315,2,2,0,0,0,2,4
110220,1,1,0,0,0,1,10
9306215,3,2,1,1,3,0,0
9402306,10,6,4,6,8,2,2
9307219,4,3,1,1,4,0,0
9707483,2,2,0,0,1,1,2
6310,4,4,0,0,1,3,9
9911486,1,1,0,0,0,1,1
209130,3,2,1,1,1,2,7
9808317,12,5,7,10,4,8,24
101087,2,2,0,0,0,2,6
110089,20,12,8,9,14,6,9
9303306,20,6,14,38,20,0,0
105017,2,2,0,0,1,1,1
9802274,3,1,2,3,0,3,3
10148,22,5,17,48,7,15,34
9212287,7,3,4,6,7,0,0
204070,3,2,1,1,0,3,7
107054,1,1,0,0,0,1,2
104256,9,4,5,13,0,9,54
106320,6,1,5,7,1,5,5
204215,1,1,0,0,0,1,3
9704392,4,1,3,3,3,1,2
201103,16,4,12,33,2,14,111
201125,1,1,0,0,0,1,8
208016,15,2,13,51,0,15,45
111313,1,1,0,0,0,1,2
9803416,4,3,1,1,0,4,12
9306335,1,1,0,0,1,0,0
9911291,11,2,9,24,4,7,12
109147,2,2,0,0,0,2,4
4153,7,3,4,4,6,1,1
11281,6,4,2,2,0,6,20
9609388,8,4,4,6,3,5,18
209078,0,0,0,0,0,0,0
11080,1,1,0,0,0,1,2
9901352,4,3,1,1,0,4,11
9502205,3,1,2,2,2,1,1
9811493,4,3,1,1,4,0,0
111193,15,3,12,29,0,15,47
9902396,1,1,0,0,0,1,10
9406334,11,5,6,9,7,4,4
9610411,8,4,4,5,5,3,3
207026,3,1,2,3,0,3,17
9503449,0,0,0,0,0,0,0
1211,5,4,1,1,0,5,69
103187,3,1,2,2,0,3,23
208009,3,3,0,0,0,3,14
205325,7,5,2,3,0,7,96
10131,10,6,4,4,1,9,20
9907453,1,1,0,0,0,1,4
111304,0,0,0,0,0,0,0
9307209,2,2,0,0,1,1,1
3212,10,6,4,6,3,7,56
3286,1,1,0,0,0,1,1
9807515,9,2,7,16,0,9,30
110075,18,2,16,41,0,18,90
207219,2,1,1,1,0,2,11
9503452,3,2,1,1,1,2,2
211366,4,3,1,2,0,4,55
7198,13,12,1,1,9,4,7
9606332,6,2,4,7,0,6,13
10166,2,1,1,1,0,2,3
9812261,7,3,4,6,0,7,53
9803425,9,1,8,11,2,7,23
9057,2,2,0,0,1,1,2
2061,11,5,6,8,0,11,40
9511225,2,1,1,1,2,0,0
9310245,17,5,12,19,3,14,14
3152,1,1,0,0,0,1,5
104053,6,6,0,0,0,6,26
9608440,1,1,0,0,0,1,2
9509310,2,2,0,0,0,2,4
110202,1,1,0,0,0,1,11
9605418,2,1,1,1,2,0,0
9606434,1,1,0,0,0,1,6
7056,13,5,8,21,0,13,59
9604290,3,2,1,1,0,3,19
9910457,0,0,0,0,0,0,0
9502293,22,6,16,31,14,8,22
9712240,9,4,5,7,9,0,0
2113,1,1,0,0,1,0,0
9901258,3,2,1,1,0,3,16
1013,4,1,3,3,0,4,16
9907303,0,0,0,0,0,0,0
9806329,4,2,2,2,1,3,4
9402258,4,1,3,3,1,3,8
9807408,16,6,10,28,9,7,12
108126,1,1,0,0,1,0,0
9605375,3,2,1,1,0,3,33
9806309,0,0,0,0,0,0,0
201087,5,4,1,1,0,5,15
203137,23,7,16,44,0,23,407
9811260,5,2,3,3,0,5,38
9807233,3,2,1,1,0,3,13
9308256,2,1,1,1,0,2,2
301005,0,0,0,0,0,0,0
9305341,4,2,2,2,4,0,0
9803381,2,2,0,0,0,2,4
8007,5,3,2,3,0,5,53
9903213,1,1,0,0,0,1,3
9803452,1,1,0,0,1,0,0
112343,2,2,0,0,0,2,34
3188,11,4,7,17,0,11,97
9910233,9,2,7,14,2,7,12
9612324,1,1,0,0,0,1,1
11364,4,4,0,0,0,4,15
103011,5,5,0,0,0,5,7
9408209,1,1,0,0,1,0,0
9802344,2,2,0,0,0,2,11
9408343,6,2,4,5,4,2,3
10144,2,2,0,0,0,2,10
9211261,7,3,4,9,7,0,0
9610349,4,3,1,1,2,2,4
12227,4,3,1,1,0,4,33
110276,6,1,5,9,0,6,36
9612277,1,1,0,0,0,1,2
109288,7,6,1,2,3,4,12
103229,4,2,2,4,0,4,37
9409206,0,0,0,0,0,0,0
9911425,4,3,1,1,0,4,23
8008,2,2,0,0,0,2,2
9706516,13,6,7,27,9,4,4
9511293,3,2,1,1,3,0,0
9303217,0,0,0,0,0,0,0
9810392,10,4,6,9,8,2,2
5140,2,2,0,0,0,2,11
1214,10,5,5,6,0,10,37
105100,10,3,7,12,0,10,32
9805319,8,6,2,2,2,6,20
9603264,4,4,0,0,2,2,8
9607307,0,0,0,0,0,0,0
9710495,2,2,0,0,0,2,3
204149,5,4,1,1,0,5,27
9801314,3,1,2,2,0,3,11
111147,4,2,2,3,0,4,26
9505296,5,4,1,1,0,5,16
6069,6,6,0,0,3,3,3
110353,4,3,1,1,0,4,31
201061,7,6,1,2,0,7,22
210123,3,3,0,0,0,3,17
9906401,9,2,7,17,0,9,32
108174,1,1,0,0,0,1,11
204190,1,1,0,0,0,1,5
202256,1,1,0,0,1,0,0
112003,10,5,5,13,0,10,47
9605461,0,0,0,0,0,0,0
9708271,4,1,3,5,0,4,4
2057,3,2,1,1,0,3,33
204264,1,1,0,0,1,0,0
9807311,4,1,3,4,2,2,2
106099,14,7,7,16,1,13,70
206137,8,4,4,4,0,8,129
207052,4,2,2,3,0,4,30
9611215,7,1,6,11,1,6,16
9707529,0,0,0,0,0,0,0
9611451,3,2,1,1,0,3,12
9908447,5,2,3,3,2,3,4
105227,6,2,4,5,0,6,68
6227,2,2,0,0,1,1,4
9407230,1,1,0,0,1,0,0
9901447,9,3,6,19,0,9,21
9507410,1,1,0,0,0,1,8
105347,3,3,0,0,0,3,20
110156,4,2,2,3,1,3,15
9904324,3,2,1,1,0,3,6
9708369,6,3,3,8,0,6,43
2212,7,2,5,11,1,6,25
209043,4,2,2,4,0,4,48
8242,6,2,4,4,0,6,14
108162,1,1,0,0,0,1,2
9812346,10,2,8,20,2,8,13
9809212,1,1,0,0,0,1,1
108129,1,1,0,0,0,1,3
111075,5,2,3,5,0,5,16
9808338,2,2,0,0,1,1,3
9512307,4,4,0,0,4,0,0
102293,0,0,0,0,0,0,0
9705459,1,1,0,0,0,1,3
105065,5,4,1,2,0,5,16
9802220,5,1,4,7,5,0,0
9607353,7,2,5,12,0,7,18
112296,0,0,0,0,0,0,0
9708242,0,0,0,0,0,0,0
9904427,2,2,0,0,0,2,2
9906283,4,2,2,3,0,4,8
9612230,2,2,0,0,2,0,0
9706374,5,5,0,0,0,5,40
1191,3,1,2,3,0,3,13
7262,6,2,4,5,0,6,18
9709353,21,5,16,35,3,18,62
9707441,2,2,0,0,0,2,7
212165,0,0,0,0,0,0,0
9906330,2,2,0,0,0,2,3
207032,0,0,0,0,0,0,0
8013,1,1,0,0,0,1,1
9411347,1,1,0,0,0,1,1
9607341,4,3,1,2,0,4,6
9910427,2,2,0,0,0,2,7
110033,5,2,3,4,0,5,17
2073,2,2,0,0,0,2,5
9909211,8,2,6,18,0,8,30
107302,3,3,0,0,0,3,9
101340,4,3,1,2,0,4,34
9906544,1,1,0,0,1,0,0
107308,4,4,0,0,0,4,13
9605255,0,0,0,0,0,0,0
201045,1,1,0,0,0,1,10
9805365,3,2,1,1,3,0,0
4033,4,4,0,0,0,4,35
9910414,2,1,1,1,0,2,3
3079,1,1,0,0,0,1,3
9507456,5,5,0,0,5,0,0
9911536,0,0,0,0,0,0,0
9901383,1,1,0,0,1,0,0
9905291,13,5,8,14,0,13,58
9705474,21,9,12,26,3,18,85
9248,8,4,4,4,0,8,47
204127,4,1,3,3,0,4,19
11165,6,2,4,7,0,6,17
9308355,3,2,1,1,0,3,6
206061,1,1,0,0,0,1,4
104296,1,1,0,0,0,1,1
9510348,1,1,0,0,1,0,0
101075,2,2,0,0,0,2,10
9902223,9,4,5,7,0,9,49
9907571,3,2,1,2,1,2,3
9807433,1,1,0,0,0,1,1
6072,0,0,0,0,0,0,0
210195,2,1,1,1,0,2,16
9904509,0,0,0,0,0,0,0
9310353,2,2,0,0,1,1,1
4252,4,2,2,2,0,4,4
9910479,2,1,1,1,0,2,7
9910268,4,4,0,0,2,2,5
9903374,4,1,3,4,0,4,16
9501248,4,4,0,0,1,3,3
9812464,3,2,1,2,3,0,0
205133,1,1,0,0,0,1,4
9308296,4,2,2,3,4,0,0
9608266,5,5,0,0,5,0,0
106339,1,1,0,0,0,1,3
9712217,0,0,0,0,0,0,0
9605321,4,3,1,1,2,2,2
208239,0,0,0,0,0,0,0
9508413,2,2,0,0,2,0,0
9906482,0,0,0,0,0,0,0
8315,8,4,4,7,1,7,12
209151,0,0,0,0,0,0,0
103257,3,2,1,1,2,1,2
103198,2,2,0,0,0,2,15
9708286,1,1,0,0,0,1,1
205176,2,1,1,1,0,2,12
111343,6,5,1,2,2,4,14
9408403,2,2,0,0,2,0,0
1252,0,0,0,0,0,0,0
9607486,4,1,3,5,0,4,4
9510368,5,3,2,2,0,5,5
9809439,4,3,1,1,0,4,6
1064,7,1,6,20,0,7,7
9709398,0,0,0,0,0,0,0
110397,1,1,0,0,0,1,1
111427,10,5,5,6,3,7,21
9707303,3,2,1,1,3,0,0
9812531,4,1,3,3,3,1,2
9407320,1,1,0,0,1,0,0
203212,3,2,1,1,0,3,40
106185,3,3,0,0,3,0,0
211406,0,0,0,0,0,0,0
2252,10,3,7,17,9,1,4
9805290,1,1,0,0,1,0,0
9911466,1,1,0,0,0,1,1
9711205,1,1,0,0,1,0,0
203210,1,1,0,0,0,1,2
9707265,6,4,2,3,3,3,5
9805203,0,0,0,0,0,0,0
9601231,0,0,0,0,0,0,0
9806502,2,2,0,0,1,1,3
9709239,3,2,1,1,0,3,15
9706283,2,2,0,0,1,1,1
302118,0,0,0,0,0,0,0
9904265,3,3,0,0,1,2,3
205014,5,5,0,0,0,5,22
209286,0,0,0,0,0,0,0
10025,2,2,0,0,0,2,8
204325,1,1,0,0,0,1,3
204281,1,1,0,0,1,0,0
9908428,2,2,0,0,1,1,2
9059,2,2,0,0,1,1,1
210037,3,1,2,3,0,3,45
9701352,0,0,0,0,0,0,0
210243,0,0,0,0,0,0,0
9609531,0,0,0,0,0,0,0
9809585,2,1,1,1,1,1,1
9306286,0,0,0,0,0,0,0
206062,1,1,0,0,0,1,2
9506353,0,0,0,0,0,0,0
211272,1,1,0,0,0,1,11
208017,0,0,0,0,0,0,0
9305231,1,1,0,0,1,0,0
205242,1,1,0,0,0,1,16
6067,2,1,1,1,2,0,0
203096,0,0,0,0,0,0,0
101056,0,0,0,0,0,0,0
9510316,6,4,2,2,6,0,0
9712374,0,0,0,0,0,0,0
106274,1,1,0,0,0,1,12
110398,1,1,0,0,0,1,5
9701391,0,0,0,0,0,0,0
5184,0,0,0,0,0,0,0
9301245,3,3,0,0,3,0,0
106005,1,1,0,0,0,1,1
211160,1,1,0,0,0,1,10
210333,0,0,0,0,0,0,0
204148,0,0,0,0,0,0,0
212078,2,2,0,0,0,2,13
7126,0,0,0,0,0,0,0
301177,1,1,0,0,0,1,10
9402296,0,0,0,0,0,0,0
9805256,1,1,0,0,0,1,3
9908419,0,0,0,0,0,0,0
212199,3,2,1,1,0,3,60
9811327,0,0,0,0,0,0,0
104092,0,0,0,0,0,0,0
206240,0,0,0,0,0,0,0
9804264,4,3,1,2,2,2,2
9802210,0,0,0,0,0,0,0
101114,3,2,1,1,1,2,6
9911271,1,1,0,0,0,1,1
9505263,1,1,0,0,0,1,2
9902245,0,0,0,0,0,0,0
207035,2,2,0,0,1,1,5
208003,0,0,0,0,0,0,0
212257,1,1,0,0,0,1,6
1207,1,1,0,0,1,0,0
9504346,0,0,0,0,0,0,0
1132,3,1,2,2,0,3,12
9911494,2,2,0,0,0,2,5
211029,0,0,0,0,0,0,0
9710429,0,0,0,0,0,0,0
211182,0,0,0,0,0,0,0
102198,0,0,0,0,0,0,0
9912538,0,0,0,0,0,0,0
1079,1,1,0,0,0,1,8
9906447,1,1,0,0,1,0,0
9805237,1,1,0,0,0,1,5
9709238,1,1,0,0,0,1,4
212175,2,2,0,0,0,2,11
205217,2,1,1,1,2,0,0
11399,1,1,0,0,0,1,1
9505206,2,2,0,0,0,2,4
102330,0,0,0,0,0,0,0
212086,1,1,0,0,0,1,2
9402216,2,2,0,0,2,0,0
5273,4,3,1,1,0,4,13
110412,2,2,0,0,0,2,11
5266,1,1,0,0,0,1,5
211155,2,2,0,0,0,2,7
211400,0,0,0,0,0,0,0
9807352,0,0,0,0,0,0,0
9601207,0,0,0,0,0,0,0
210306,0,0,0,0,0,0,0
212033,1,1,0,0,0,1,6
105251,2,1,1,1,1,1,1
9912414,1,1,0,0,0,1,1
206262,2,1,1,1,0,2,20
9805379,0,0,0,0,0,0,0
301047,1,1,0,0,1,0,0
9803421,2,2,0,0,0,2,2
9808260,1,1,0,0,0,1,5
9403374,4,4,0,0,3,1,1
9905482,1,1,0,0,0,1,4
9810379,1,1,0,0,1,0,0
5207,0,0,0,0,0,0,0
210165,2,1,1,1,0,2,14
9802437,0,0,0,0,0,0,0
203032,2,2,0,0,0,2,18
9706401,0,0,0,0,0,0,0
206190,3,3,0,0,0,3,9
9209295,0,0,0,0,0,0,0
9811490,1,1,0,0,0,1,5
6180,2,2,0,0,2,0,0
111118,0,0,0,0,0,0,0
211006,0,0,0,0,0,0,0
9507223,1,1,0,0,0,1,1
108062,4,1,3,6,0,4,15
102129,0,0,0,0,0,0,0
9911261,2,2,0,0,2,0,0
9505205,2,2,0,0,2,0,0
9901390,2,2,0,0,2,0,0
111143,0,0,0,0,0,0,0
7210,3,2,1,1,0,3,4
9501328,0,0,0,0,0,0,0
211246,0,0,0,0,0,0,0
206050,0,0,0,0,0,0,0
9508223,1,1,0,0,1,0,0
9504214,0,0,0,0,0,0,0
204301,1,1,0,0,0,1,6
9308247,0,0,0,0,0,0,0
9904289,0,0,0,0,0,0,0
9911359,1,1,0,0,0,1,1
9220,0,0,0,0,0,0,0
206275,0,0,0,0,0,0,0
9908461,3,1,2,2,0,3,6
103055,1,1,0,0,0,1,7
9511472,0,0,0,0,0,0,0
208175,1,1,0,0,0,1,4
105098,0,0,0,0,0,0,0
9412396,0,0,0,0,0,0,0
204268,0,0,0,0,0,0,0
10281,2,2,0,0,2,0,0
9911398,2,2,0,0,0,2,5
9604449,0,0,0,0,0,0,0
9601314,0,0,0,0,0,0,0
9905422,0,0,0,0,0,0,0
111163,0,0,0,0,0,0,0
202250,3,1,2,3,0,3,19
302197,0,0,0,0,0,0,0
9901250,2,1,1,1,0,2,2
1319,0,0,0,0,0,0,0
9909400,0,0,0,0,0,0,0
207223,0,0,0,0,0,0,0
9608493,1,1,0,0,0,1,1
9501217,1,1,0,0,1,0,0
9512276,0,0,0,0,0,0,0
3216,1,1,0,0,0,1,1
9809295,0,0,0,0,0,0,0
7356,3,3,0,0,2,1,1
9706445,0,0,0,0,0,0,0
9307293,0,0,0,0,0,0,0
9812324,0,0,0,0,0,0,0
210204,1,1,0,0,0,1,9
9708466,1,1,0,0,0,1,3
9909239,1,1,0,0,0,1,1
206198,2,1,1,1,2,0,0
110019,2,1,1,1,0,2,27
9905256,2,2,0,0,1,1,1
9809471,0,0,0,0,0,0,0
9810218,0,0,0,0,0,0,0
9803469,3,3,0,0,1,2,7
212248,0,0,0,0,0,0,0
1258,1,1,0,0,0,1,6
9909463,1,1,0,0,0,1,13
9310203,0,0,0,0,0,0,0
208246,0,0,0,0,0,0,0
6163,2,2,0,0,0,2,3
9510388,0,0,0,0,0,0,0
9510265,0,0,0,0,0,0,0
210358,0,0,0,0,0,0,0
210227,0,0,0,0,0,0,0
8266,0,0,0,0,0,0,0
9805320,0,0,0,0,0,0,0
210110,1,1,0,0,0,1,3
9910304,1,1,0,0,1,0,0
205021,0,0,0,0,0,0,0
9906382,1,1,0,0,0,1,3
212383,0,0,0,0,0,0,0
11001,0,0,0,0,0,0,0
211120,0,0,0,0,0,0,0
9807288,0,0,0,0,0,0,0
9808398,0,0,0,0,0,0,0
9712548,0,0,0,0,0,0,0
9311240,0,0,0,0,0,0,0
10300,0,0,0,0,0,0,0
9811459,1,1,0,0,1,0,0
9403222,0,0,0,0,0,0,0
9602219,0,0,0,0,0,0,0
107045,0,0,0,0,0,0,0
207306,1,1,0,0,0,1,2
9609224,0,0,0,0,0,0,0
204199,0,0,0,0,0,0,0
9704303,1,1,0,0,1,0,0
9607203,0,0,0,0,0,0,0
9906464,0,0,0,0,0,0,0
9807296,0,0,0,0,0,0,0
11087,0,0,0,0,0,0,0
9803492,0,0,0,0,0,0,0
9610347,0,0,0,0,0,0,0
208140,0,0,0,0,0,0,0
107315,0,0,0,0,0,0,0
9602257,0,0,0,0,0,0,0
101187,0,0,0,0,0,0,0
111251,1,1,0,0,1,0,0
9810449,1,1,0,0,0,1,9
11046,0,0,0,0,0,0,0
102043,0,0,0,0,0,0,0
103033,1,1,0,0,0,1,3
210355,0,0,0,0,0,0,0
302247,0,0,0,0,0,0,0
111207,2,1,1,1,0,2,2
103075,1,1,0,0,0,1,4
9501413,0,0,0,0,0,0,0
9407366,1,1,0,0,1,0,0
302200,0,0,0,0,0,0,0
9507333,0,0,0,0,0,0,0
10179,0,0,0,0,0,0,0
9264,0,0,0,0,0,0,0
107235,0,0,0,0,0,0,0
110372,0,0,0,0,0,0,0
202036,1,1,0,0,1,0,0
11371,0,0,0,0,0,0,0
205135,2,1,1,1,0,2,8
111424,1,1,0,0,1,0,0
9909533,0,0,0,0,0,0,0
211357,0,0,0,0,0,0,0
9512205,0,0,0,0,0,0,0
106273,0,0,0,0,0,0,0
5307,0,0,0,0,0,0,0
9808383,1,1,0,0,0,1,2
212159,0,0,0,0,0,0,0
110074,0,0,0,0,0,0,0
106242,0,0,0,0,0,0,0
302141,0,0,0,0,0,0,0
211099,0,0,0,0,0,0,0
1213,2,1,1,1,2,0,0
9902254,0,0,0,0,0,0,0
9606328,0,0,0,0,0,0,0
9312290,0,0,0,0,0,0,0
9812240,0,0,0,0,0,0,0
9910455,1,1,0,0,0,1,2
5240,1,1,0,0,0,1,4
211043,1,1,0,0,0,1,8
111463,2,2,0,0,0,2,10
202273,0,0,0,0,0,0,0
209090,0,0,0,0,0,0,0
211401,0,0,0,0,0,0,0
105032,0,0,0,0,0,0,0
9910381,0,0,0,0,0,0,0
12335,0,0,0,0,0,0,0
208021,0,0,0,0,0,0,0
206265,0,0,0,0,0,0,0
204284,0,0,0,0,0,0,0
9406223,0,0,0,0,0,0,0
9310237,0,0,0,0,0,0,0
9609485,0,0,0,0,0,0,0
9607364,0,0,0,0,0,0,0
212267,0,0,0,0,0,0,0
210270,0,0,0,0,0,0,0
207369,1,1,0,0,0,1,4
207333,0,0,0,0,0,0,0
210097,0,0,0,0,0,0,0
9705343,0,0,0,0,0,0,0
9811521,0,0,0,0,0,0,0
205016,0,0,0,0,0,0,0
9707340,0,0,0,0,0,0,0
9503218,0,0,0,0,0,0,0
9602376,0,0,0,0,0,0,0
205045,0,0,0,0,0,0,0
206102,1,1,0,0,0,1,8
10076,0,0,0,0,0,0,0
302096,0,0,0,0,0,0,0
9906479,0,0,0,0,0,0,0
9709384,1,1,0,0,0,1,2
9506249,0,0,0,0,0,0,0
209110,0,0,0,0,0,0,0
9811517,0,0,0,0,0,0,0
8194,0,0,0,0,0,0,0
9806326,0,0,0,0,0,0,0
210353,0,0,0,0,0,0,0
9409431,0,0,0,0,0,0,0
9708379,0,0,0,0,0,0,0
106109,0,0,0,0,0,0,0
9704218,0,0,0,0,0,0,0
205137,0,0,0,0,0,0,0
2080,0,0,0,0,0,0,0
5145,0,0,0,0,0,0,0
201169,0,0,0,0,0,0,0
9607346,0,0,0,0,0,0,0
212337,0,0,0,0,0,0,0
9507405,0,0,0,0,0,0,0
9506458,0,0,0,0,0,0,0
9904294,0,0,0,0,0,0,0
3211,0,0,0,0,0,0,0
211031,0,0,0,0,0,0,0
111423,0,0,0,0,0,0,0
9710311,0,0,0,0,0,0,0
301222,0,0,0,0,0,0,0
9312310,0,0,0,0,0,0,0
210169,0,0,0,0,0,0,0
102244,0,0,0,0,0,0,0
110302,0,0,0,0,0,0,0
9239,0,0,0,0,0,0,0
9804292,0,0,0,0,0,0,0
2139,0,0,0,0,0,0,0
302144,0,0,0,0,0,0,0
301076,0,0,0,0,0,0,0
1126,0,0,0,0,0,0,0
9603375,0,0,0,0,0,0,0
9512317,0,0,0,0,0,0,0
9404286,0,0,0,0,0,0,0
9505291,1,1,0,0,1,0,0
208049,0,0,0,0,0,0,0
9803214,17,2,15,37,0,17,31
12308,113,14,99,460,41,72,228
6124,203,21,182,1175,15,188,890
9408404,133,15,118,1170,35,98,174
9707225,31,5,26,66,10,21,45
9403254,35,8,27,108,32,3,3
9506374,92,8,84,829,9,83,354
9803368,71,9,62,270,10,61,389
9607392,39,12,27,63,13,26,108
110260,1,1,0,0,0,1,6
9502254,17,3,14,33,9,8,18
9311370,22,5,17,72,16,6,6
9407393,8,6,2,2,0,8,26
9507204,15,9,6,12,15,0,0
1166,55,13,42,112,0,55,393
9301283,9,4,5,8,9,0,0
9603442,14,4,10,30,8,6,6
9705398,42,10,32,157,8,34,142
9808217,4,2,2,2,0,4,14
108245,9,2,7,15,0,9,134
103159,4,2,2,2,1,3,5
9505256,1,1,0,0,0,1,7
9807469,6,4,2,3,1,5,28
9808443,32,6,26,87,10,22,26
9308342,15,7,8,9,12,3,3
9612362,36,3,33,105,9,27,96
9308347,45,7,38,161,45,0,0
110390,1,1,0,0,0,1,6
9501260,11,4,7,11,0,11,29
9303320,155,26,129,607,125,30,30
9209257,32,7,25,52,32,0,0
9509248,41,11,30,84,7,34,35
9310229,13,9,4,5,13,0,0
9409324,13,4,9,23,13,0,0
9304299,80,17,63,206,70,10,10
9311281,45,14,31,79,12,33,48
9606411,112,11,101,706,14,98,409
9807310,97,6,91,675,80,17,17
9906297,52,12,40,149,0,52,306
9910516,17,4,13,39,0,17,100
1129,5,2,3,3,3,2,4
9802340,12,4,8,12,1,11,18
9904366,18,6,12,22,8,10,25
9702343,54,5,49,234,26,28,45
9710371,34,10,24,73,11,23,45
9709438,24,3,21,96,3,21,61
9502400,26,7,19,38,26,0,0
9405296,53,11,42,174,53,0,0
9701362,2,2,0,0,0,2,7
9805249,4,2,2,3,1,3,3
9804310,20,5,15,28,4,16,103
9309223,109,10,99,777,89,20,24
9910506,10,9,1,1,2,8,28
9612400,2,1,1,1,0,2,6
9706212,16,3,13,30,1,15,22
9204205,31,5,26,108,31,0,0
9506319,7,3,4,6,0,7,21
9504343,8,2,6,8,8,0,0
9811296,7,5,2,2,0,7,32
9810398,3,2,1,1,0,3,9
9707435,128,19,109,652,16,112,680
9304277,62,20,42,251,18,44,105
9311286,1,1,0,0,1,0,0
9703347,13,3,10,29,0,13,75
9207219,29,9,20,67,29,0,0
9808487,57,6,51,295,10,47,147
7320,12,4,8,16,0,12,64
9612446,93,10,83,573,5,88,723
9512219,6,6,0,0,3,3,3
9911202,22,3,19,85,0,22,113
9306314,37,16,21,50,35,2,2
9609434,116,12,104,753,4,112,739
9704307,21,10,11,26,1,20,217
9501287,88,8,80,541,57,31,49
9409243,37,4,33,163,8,29,39
9910505,7,4,3,5,0,7,9
11336,51,12,39,208,0,51,187
9603448,49,7,42,188,0,49,297
102289,7,4,3,4,1,6,20
11179,19,8,11,24,1,18,92
9806278,33,6,27,84,3,30,230
9710336,45,5,40,192,1,44,381
9908353,6,2,4,4,0,6,11
9803422,2,2,0,0,0,2,9
9810386,34,17,17,31,11,23,32
9508378,47,3,44,223,4,43,85
9708299,18,5,13,38,0,18,47
9408370,53,15,38,145,45,8,8
9905437,36,17,19,46,3,33,488
9508271,69,5,64,491,7,62,90
9302207,28,3,25,135,20,8,8
9311298,12,1,11,33,12,0,0
9511321,16,1,15,36,6,10,21
9702235,12,4,8,15,10,2,2
9212308,43,2,41,210,43,0,0
9312276,27,3,24,121,8,19,25
9701294,51,3,48,436,25,26,31
9501254,16,9,7,13,1,15,23
9602287,84,7,77,488,77,7,7
9803445,216,29,187,728,97,119,378
9403363,14,9,5,7,11,3,3
9506392,16,1,15,39,0,16,28
9908342,8,5,3,4,0,8,17
9607454,29,11,18,38,29,0,0
9503344,70,7,63,246,52,18,21
9212312,7,5,2,2,7,0,0
9711319,11,5,6,12,0,11,43
9803385,7,7,0,0,2,5,11
9602262,41,4,37,142,0,41,239
9907363,8,4,4,5,2,6,31
9312227,21,5,16,64,5,16,29
9511233,32,7,25,48,7,25,112
9311366,34,13,21,57,34,0,0
9401214,35,1,34,194,35,0,0
9710364,18,4,14,48,1,17,33
105183,3,2,1,1,0,3,32
9712280,14,5,9,19,2,12,21
9805271,6,3,3,7,0,6,13
9204210,27,9,18,57,27,0,0
9209252,12,7,5,7,12,0,0
9803226,32,9,23,64,4,28,89
9910451,9,2,7,15,0,9,44
9704398,27,10,17,38,17,10,13
9309263,15,10,5,6,15,0,0
9506283,29,7,22,67,8,21,64
9812289,22,8,14,22,1,21,106
9411214,8,3,5,11,8,0,0
9801442,21,3,18,43,10,11,26
9903436,44,10,34,139,3,41,204
9912329,57,4,53,537,2,55,196
9707263,34,2,32,118,1,33,138
5228,33,4,29,105,1,32,210
9903502,106,4,102,1116,2,104,633
9708256,15,6,9,17,5,10,21
9408373,29,5,24,93,25,4,6
9412257,22,1,21,81,0,22,22
9705438,5,5,0,0,3,2,3
9712344,8,2,6,10,8,0,0
206029,5,1,4,8,0,5,28
9906265,25,4,21,57,0,25,276
9510377,22,8,14,35,2,20,155
9801449,12,4,8,19,0,12,29
9311225,21,5,16,46,12,9,12
9504415,49,9,40,91,29,20,25
9309281,1,1,0,0,0,1,2
9411413,16,6,10,14,4,12,23
9812345,4,2,2,3,0,4,27
9705386,14,3,11,23,10,4,7
9609364,19,10,9,22,2,17,63
9511298,8,5,3,4,2,6,13
9410262,15,1,14,45,15,0,0
9312212,71,7,64,320,49,22,25
9712271,29,3,26,93,15,14,58
9511292,45,3,42,228,22,23,63
9907207,4,4,0,0,1,3,22
9607449,67,4,63,531,1,66,195
9210202,2,1,1,1,2,0,0
9903487,2,2,0,0,1,1,1
9809426,9,3,6,6,0,9,29
9907524,16,2,14,25,6,10,13
9905568,16,1,15,41,1,15,27
9807326,19,9,10,20,1,18,64
9506400,0,0,0,0,0,0,0
9409203,24,4,20,57,1,23,46
9503208,28,6,22,66,3,25,94
9209289,62,15,47,158,62,0,0
9711327,18,8,10,15,3,15,72
9505285,46,10,36,135,27,19,19
9512337,15,8,7,10,6,9,24
9805367,33,3,30,93,1,32,161
9905390,52,5,47,337,0,52,181
9803259,13,6,7,8,0,13,143
9911341,37,11,26,79,11,26,156
9703271,11,4,7,13,4,7,11
208092,0,0,0,0,0,0,0
9907261,64,3,61,396,0,64,330
9707475,11,3,8,22,0,11,76
9906394,7,2,5,8,0,7,57
7202,13,8,5,10,1,12,49
9801246,26,6,20,73,1,25,133
9401262,35,4,31,118,35,0,0
9803405,32,9,23,88,1,31,179
9502399,30,4,26,95,1,29,97
9403316,4,1,3,6,4,0,0
104085,4,3,1,1,3,1,2
103062,58,10,48,202,26,32,84
9901256,3,2,1,1,0,3,11
9608398,6,3,3,4,0,6,10
9812364,6,2,4,7,1,5,6
7099,31,7,24,78,3,28,130
9703417,23,5,18,49,2,21,117
9903361,4,3,1,1,1,3,20
9503415,11,3,8,17,1,10,36
9606310,40,7,33,104,0,40,198
9908391,5,2,3,3,2,3,8
9402270,34,7,27,60,34,0,0
2077,12,4,8,18,2,10,19
9504285,8,7,1,1,7,1,2
9904504,36,5,31,131,0,36,456
9908530,12,4,8,17,0,12,79
9607210,43,10,33,123,14,29,41
9709432,110,7,103,980,1,109,696
7032,28,1,27,157,0,28,153
10080,22,11,11,23,2,20,141
206293,3,3,0,0,0,3,16
107010,5,2,3,4,0,5,34
9809429,13,4,9,12,1,12,80
1031,29,1,28,145,0,29,126
1285,1,1,0,0,0,1,13
9703449,63,1,62,470,5,58,130
9908238,2,2,0,0,1,1,1
9610526,8,6,2,3,0,8,20
9909555,18,8,10,20,0,18,113
101278,16,6,10,14,0,16,147
6275,6,5,1,1,0,6,50
9909480,35,4,31,103,2,33,253
9606386,35,12,23,61,7,28,150
9408322,45,4,41,170,0,45,125
5135,4,3,1,1,0,4,13
9901450,3,1,2,2,0,3,14
9307252,12,4,8,16,12,0,0
9306278,6,4,2,2,4,2,3
9710424,4,4,0,0,3,1,1
9401274,3,2,1,1,0,3,8
9906274,35,8,27,110,4,31,376
10304,1,1,0,0,0,1,4
9711377,27,2,25,59,1,26,47
110365,5,4,1,1,0,5,58
9807245,2,2,0,0,0,2,2
9605363,8,1,7,12,2,6,6
9609350,3,2,1,2,0,3,11
9206254,10,6,4,8,10,0,0
9302279,7,3,4,8,7,0,0
9610294,17,9,8,14,0,17,229
9312316,1,1,0,0,1,0,0
9504332,18,7,11,15,2,16,47
9601262,15,6,9,18,2,13,56
9601361,7,1,6,9,2,5,9
9603359,9,3,6,7,2,7,11
9208227,11,2,9,27,11,0,0
105053,15,3,12,31,0,15,91
9809437,11,3,8,17,1,10,43
9707395,60,5,55,412,1,59,392
9311349,6,2,4,10,6,0,0
5256,14,6,8,24,2,12,29
7341,4,3,1,1,1,3,13
9305306,62,19,43,132,38,24,27
9909432,13,6,7,19,0,13,71
9507403,27,5,22,118,1,26,28
107097,22,4,18,72,0,22,148
9912226,23,3,20,106,0,23,239
5067,2,1,1,1,0,2,3
9702274,51,12,39,101,44,7,8
5128,1,1,0,0,0,1,1
9905372,49,14,35,106,2,47,400
9807572,3,3,0,0,0,3,9
9808335,2,2,0,0,0,2,4
9505306,5,2,3,3,0,5,12
9509279,40,13,27,72,40,0,0
9911207,25,8,17,48,0,25,107
9510302,2,1,1,1,1,1,1
9512371,2,1,1,1,2,0,0
106306,7,4,3,6,2,5,10
105062,3,2,1,1,0,3,4
9252,2,1,1,1,0,2,12
9304270,5,2,3,4,5,0,0
9502262,22,7,15,37,22,0,0
9604363,25,6,19,89,12,13,22
9602227,1,1,0,0,0,1,1
9706371,3,2,1,2,0,3,30
9707524,3,1,2,3,3,0,0
9502383,3,2,1,1,0,3,7
4215,22,18,4,4,1,21,105
9610348,5,3,2,4,0,5,17
9506425,41,4,37,179,37,4,4
9308310,17,6,11,27,17,0,0
9502327,2,2,0,0,0,2,17
9706287,16,10,6,17,5,11,38
9607289,10,4,6,10,1,9,31
9610306,4,4,0,0,2,2,2
103328,8,5,3,4,0,8,28
9801309,1,1,0,0,1,0,0
11141,8,5,3,4,2,6,21
9607226,4,2,2,2,2,2,6
9506314,11,5,6,13,9,2,2
9907418,6,2,4,7,0,6,10
9812349,22,2,20,68,2,20,107
9711208,3,2,1,1,1,2,5
110159,3,3,0,0,1,2,4
112110,20,3,17,81,8,12,16
9704375,9,5,4,6,1,8,14
9905349,9,5,4,6,0,9,79
9812280,7,5,2,2,1,6,49
9604302,10,3,7,10,0,10,35
9805215,17,2,15,45,0,17,63
205257,3,3,0,0,0,3,20
103049,28,5,23,70,4,24,80
9901213,3,2,1,1,0,3,19
9506215,1,1,0,0,0,1,2
106113,6,1,5,9,0,6,19
9703341,6,2,4,9,0,6,92
7055,7,2,5,8,0,7,27
9911413,11,3,8,11,3,8,16
9401228,30,8,22,87,0,30,120
9904440,18,4,14,34,12,6,6
9907432,22,7,15,38,2,20,208
9812501,5,3,2,4,1,4,16
106245,40,9,31,118,0,40,267
103183,29,4,25,115,0,29,321
9701422,20,6,14,43,4,16,26
9510210,3,2,1,1,1,2,5
9502280,7,2,5,9,2,5,10
9802411,27,3,24,86,1,26,135
101105,6,4,2,2,0,6,38
9208242,35,5,30,178,35,0,0
9801420,4,2,2,2,0,4,22
110078,13,9,4,5,0,13,74
204141,3,3,0,0,0,3,8
9503396,5,3,2,2,1,4,7
9907469,17,3,14,33,2,15,78
9904370,12,1,11,22,0,12,95
9706311,14,7,7,10,1,13,80
9903509,15,6,9,21,1,14,25
9504215,18,5,13,28,14,4,13
9908219,6,5,1,1,0,6,27
9505295,7,6,1,1,0,7,18
9205222,3,1,2,2,3,0,0
9610271,11,7,4,5,0,11,57
9706214,8,2,6,6,1,7,7
9703313,31,6,25,111,8,23,28
9710280,11,2,9,26,4,7,8
9803285,6,2,4,6,6,0,0
9701247,13,5,8,15,5,8,11
9210219,23,10,13,24,23,0,0
9602353,16,9,7,10,3,13,29
107144,11,5,6,11,0,11,197
9309260,8,5,3,5,8,0,0
9909307,7,3,4,8,0,7,62
9712292,5,5,0,0,3,2,2
9801350,24,1,23,129,2,22,187
9908350,4,2,2,3,0,4,19
208103,2,2,0,0,0,2,18
9093,3,3,0,0,0,3,29
9803212,14,2,12,29,5,9,26
109239,2,1,1,1,1,1,1
9805430,14,5,9,16,2,12,15
9412305,11,2,9,17,10,1,1
9905416,3,2,1,1,1,2,10
205158,1,1,0,0,1,0,0
9605429,3,2,1,1,3,0,0
11143,7,2,5,10,0,7,59
11150,19,6,13,25,1,18,71
106291,19,3,16,43,14,5,6
9610502,0,0,0,0,0,0,0
9607384,8,1,7,14,2,6,13
9707399,1,1,0,0,0,1,2
9507449,26,9,17,30,16,10,10
108079,1,1,0,0,0,1,3
9412370,4,3,1,1,1,3,3
9809483,45,6,39,150,2,43,169
9502238,21,9,12,22,11,10,13
9208210,10,4,6,12,10,0,0
9304264,8,3,5,12,8,0,0
9605392,18,4,14,47,0,18,57
9810504,9,3,6,18,0,9,9
9501290,2,1,1,1,0,2,6
201008,29,4,25,90,19,10,13
2273,3,1,2,3,0,3,49
5112,2,2,0,0,0,2,18
9807316,2,2,0,0,0,2,4
9812384,10,4,6,7,3,7,14
9709342,10,6,4,6,8,2,2
9912311,16,2,14,22,2,14,73
9606291,1,1,0,0,1,0,0
109264,4,4,0,0,1,3,8
9812432,2,2,0,0,1,1,2
203233,10,3,7,14,1,9,24
201307,16,3,13,62,0,16,68
9410376,7,3,4,6,7,0,0
104112,14,1,13,45,0,14,72
107216,4,4,0,0,0,4,26
110173,12,3,9,33,0,12,40
9602420,2,2,0,0,1,1,2
10087,13,4,9,29,0,13,221
202247,27,6,21,40,1,26,178
11353,6,6,0,0,0,6,15
9509345,2,2,0,0,0,2,6
9908292,8,3,5,7,0,8,24
9501285,20,4,16,32,0,20,62
9504237,13,3,10,24,1,12,38
9903500,3,2,1,1,2,1,1
9904362,2,2,0,0,0,2,4
104108,24,3,21,74,0,24,385
9709226,5,2,3,4,1,4,5
9612417,3,2,1,1,0,3,7
9702419,10,2,8,13,3,7,7
103289,7,5,2,2,3,4,7
9609290,5,3,2,2,3,2,3
9809435,6,3,3,6,6,0,0
9403371,30,7,23,72,25,5,5
9612377,11,2,9,23,0,11,60
9303279,11,4,7,10,11,0,0
9512358,8,4,4,9,1,7,9
9602267,6,3,3,7,5,1,1
9503233,11,4,7,16,2,9,11
9707403,3,2,1,1,0,3,7
9807510,0,0,0,0,0,0,0
9608404,9,2,7,20,2,7,13
210162,1,1,0,0,0,1,1
10201,28,2,26,170,0,28,266
9708351,8,4,4,6,1,7,19
9604271,2,2,0,0,1,1,1
9502290,4,3,1,1,2,2,2
9610437,7,1,6,12,4,3,4
9605382,38,7,31,102,23,15,22
9710304,12,3,9,31,0,12,42
9709209,5,4,1,1,2,3,3
9711352,3,3,0,0,0,3,24
9237,29,12,17,56,1,28,143
9502259,3,1,2,2,0,3,8
9902350,6,2,4,8,2,4,10
9805245,11,4,7,11,0,11,30
9709455,4,2,2,4,0,4,10
9805231,7,1,6,8,0,7,18
9911429,3,3,0,0,0,3,41
9711487,8,1,7,17,0,8,72
9507256,8,3,5,6,2,6,6
9907228,18,4,14,34,8,10,15
9327,4,1,3,5,0,4,15
9612451,30,12,18,72,5,25,47
9608384,6,2,4,9,2,4,7
9402206,11,3,8,17,3,8,22
201242,6,1,5,9,0,6,13
9610384,8,2,6,10,4,4,8
9907318,4,3,1,2,1,3,12
9808230,5,2,3,5,5,0,0
9703377,21,4,17,31,7,14,35
109200,4,2,2,3,0,4,16
9512301,5,1,4,7,0,5,14
9910324,0,0,0,0,0,0,0
9609370,9,5,4,4,0,9,28
9607360,8,5,3,9,8,0,0
9408299,57,10,47,209,0,57,165
9611280,6,1,5,8,1,5,14
9909477,15,1,14,63,0,15,94
9408243,8,4,4,8,7,1,1
9801378,3,3,0,0,3,0,0
109194,0,0,0,0,0,0,0
101225,29,4,25,39,1,28,178
9804375,8,4,4,10,6,2,2
9706504,4,3,1,1,0,4,15
9711455,7,2,5,7,0,7,22
9812302,1,1,0,0,0,1,13
6051,3,1,2,2,0,3,14
205117,5,2,3,5,0,5,35
9903553,4,1,3,5,0,4,7
9708244,1,1,0,0,0,1,6
104210,8,2,6,9,0,8,82
101230,9,5,4,5,0,9,141
9610237,5,1,4,4,2,3,3
9408269,0,0,0,0,0,0,0
302232,0,0,0,0,0,0,0
111157,7,3,4,5,0,7,110
9711316,14,8,6,6,6,8,15
9803279,7,3,4,4,6,1,1
9904333,1,1,0,0,0,1,3
9905562,4,4,0,0,1,3,10
109282,1,1,0,0,0,1,1
104080,10,6,4,6,3,7,28
108164,1,1,0,0,0,1,1
9810515,4,1,3,3,0,4,18
107239,3,1,2,2,0,3,31
110002,27,6,21,63,5,22,32
110096,17,4,13,28,0,17,40
211433,0,0,0,0,0,0,0
9901289,5,2,3,7,2,3,4
9302315,12,2,10,29,12,0,0
9508212,6,2,4,8,5,1,2
2223,8,2,6,8,3,5,19
201107,4,1,3,4,2,2,13
9909308,1,1,0,0,0,1,5
9706488,2,2,0,0,1,1,1
9906205,11,5,6,16,1,10,30
9809227,7,2,5,6,4,3,4
9707341,10,3,7,21,0,10,28
9704327,17,3,14,54,0,17,174
9812212,11,5,6,7,2,9,30
9604235,5,1,4,4,0,5,13
9511327,7,3,4,4,1,6,32
212107,2,2,0,0,0,2,12
9412352,14,7,7,17,8,6,8
9404215,4,3,1,1,4,0,0
9405356,3,2,1,1,0,3,11
3064,6,4,2,2,2,4,18
7081,13,8,5,6,7,6,6
5322,4,4,0,0,2,2,2
9812228,3,2,1,1,1,2,2
9901221,22,2,20,84,5,17,23
104120,17,3,14,50,0,17,291
111131,6,4,2,5,0,6,45
9807211,15,1,14,57,9,6,10
301280,1,1,0,0,0,1,4
9803377,5,4,1,1,1,4,9
112354,2,1,1,1,0,2,6
9212310,7,3,4,4,7,0,0
207347,2,1,1,1,0,2,15
110175,2,2,0,0,0,2,2
105110,3,3,0,0,2,1,1
9508294,4,2,2,3,4,0,0
206104,3,3,0,0,1,2,3
9803478,3,2,1,1,2,1,1
107163,7,1,6,10,0,7,58
105326,3,2,1,1,0,3,25
208048,4,2,2,2,0,4,20
205073,3,3,0,0,0,3,13
9406324,7,4,3,5,0,7,10
9306297,6,6,0,0,0,6,8
209330,1,1,0,0,0,1,20
110299,1,1,0,0,0,1,1
6093,2,2,0,0,1,1,6
111244,21,4,17,34,0,21,222
9903441,4,3,1,1,1,3,10
2192,5,1,4,9,5,0,0
108274,6,3,3,4,0,6,29
9907388,1,1,0,0,0,1,5
9607474,1,1,0,0,0,1,2
9411311,10,7,3,5,7,3,3
201308,21,8,13,32,0,21,156
9901220,3,2,1,1,0,3,31
9712489,3,1,2,3,0,3,6
9703272,2,2,0,0,2,0,0
110108,2,2,0,0,0,2,5
9802393,3,1,2,2,0,3,24
9608333,0,0,0,0,0,0,0
103248,5,5,0,0,0,5,23
210182,3,2,1,1,0,3,41
201121,7,1,6,10,0,7,34
103037,5,3,2,3,3,2,2
9708345,1,1,0,0,0,1,1
9903398,0,0,0,0,0,0,0
9602212,0,0,0,0,0,0,0
202212,6,5,1,1,1,5,16
9907481,3,2,1,1,1,2,2
9706225,14,6,8,28,4,10,27
111037,1,1,0,0,0,1,16
205229,0,0,0,0,0,0,0
9502373,4,2,2,3,1,3,6
207314,7,3,4,5,2,5,18
102194,2,2,0,0,1,1,1
9708231,2,1,1,1,1,1,5
10199,3,3,0,0,0,3,11
9812388,3,2,1,1,1,2,7
9609302,4,1,3,4,0,4,4
9601209,4,3,1,1,3,1,1
9706313,5,3,2,3,0,5,9
210263,8,1,7,25,8,0,0
9403300,13,9,4,8,6,7,7
9910346,3,1,2,2,0,3,75
5242,2,2,0,0,1,1,7
9702205,3,1,2,3,3,0,0
10283,6,5,1,1,0,6,20
110217,2,2,0,0,0,2,7
9406424,7,4,3,5,7,0,0
9703289,6,5,1,1,0,6,24
9709402,3,3,0,0,0,3,7
9411264,1,1,0,0,1,0,0
9311313,7,2,5,5,1,6,6
9901261,3,1,2,2,0,3,7
9804443,1,1,0,0,0,1,5
9807274,1,1,0,0,0,1,2
9504423,5,1,4,4,0,5,5
9403339,7,2,5,9,3,4,4
212037,0,0,0,0,0,0,0
9805361,5,2,3,7,0,5,29
9311226,1,1,0,0,1,0,0
9910305,5,2,3,6,4,1,1
9311358,2,2,0,0,2,0,0
9909324,8,3,5,9,0,8,56
106014,2,2,0,0,0,2,6
109275,3,2,1,1,0,3,7
204277,9,2,7,14,0,9,96
9609274,1,1,0,0,0,1,4
9901370,4,2,2,2,0,4,5
9403352,3,2,1,2,2,1,2
9601252,7,1,6,10,6,1,1
9407299,2,2,0,0,2,0,0
9804446,2,2,0,0,1,1,3
9810332,5,4,1,1,1,4,18
9512232,4,4,0,0,1,3,8
202101,3,3,0,0,0,3,40
9808448,1,1,0,0,1,0,0
9133,15,2,13,22,0,15,111
9811211,1,1,0,0,0,1,2
9605455,3,2,1,1,2,1,1
111210,0,0,0,0,0,0,0
112036,5,2,3,4,0,5,20
204340,1,1,0,0,0,1,2
9803295,4,3,1,1,0,4,7
9709203,7,3,4,4,3,4,16
101014,4,2,2,2,1,3,8
9308265,15,3,12,29,15,0,0
9606309,4,4,0,0,4,0,0
105220,2,2,0,0,1,1,1
111205,7,2,5,9,0,7,52
9702246,1,1,0,0,0,1,2
9306328,1,1,0,0,1,0,0
9904502,6,2,4,9,0,6,25
9704371,5,3,2,2,0,5,13
9911448,1,1,0,0,0,1,2
2207,2,2,0,0,0,2,17
9712382,6,2,4,6,6,0,0
9609442,7,5,2,2,3,4,6
301218,0,0,0,0,0,0,0
9812440,22,5,17,48,0,22,222
8038,11,8,3,3,1,10,27
9706205,1,1,0,0,0,1,2
9804208,4,3,1,1,1,3,4
9911512,5,4,1,1,0,5,7
9611242,3,3,0,0,0,3,6
9509403,1,1,0,0,1,0,0
9504433,3,3,0,0,0,3,4
1136,8,6,2,5,0,8,17
112340,2,1,1,1,1,1,1
9910330,1,1,0,0,0,1,2
9601331,2,2,0,0,2,0,0
6156,7,5,2,3,1,6,8
210075,1,1,0,0,0,1,2
10063,2,1,1,1,0,2,24
109177,4,3,1,1,1,3,7
9909532,3,3,0,0,0,3,9
9910235,7,4,3,5,3,4,8
9808234,3,3,0,0,0,3,3
12014,2,1,1,1,1,1,6
112143,9,4,5,8,0,9,57
9402292,0,0,0,0,0,0,0
9810284,4,2,2,5,3,1,3
9601335,4,3,1,1,0,4,11
105171,1,1,0,0,1,0,0
9809449,10,3,7,17,4,6,6
107152,17,5,12,25,0,17,51
5136,4,3,1,2,0,4,15
212026,1,1,0,0,0,1,5
9611283,6,3,3,5,0,6,17
9410334,1,1,0,0,0,1,2
9609334,2,1,1,1,0,2,6
9805439,5,5,0,0,1,4,13
107187,4,1,3,4,0,4,51
101022,7,2,5,7,2,5,9
9504202,1,1,0,0,1,0,0
9908264,16,1,15,38,0,16,153
9704350,1,1,0,0,0,1,5
10152,1,1,0,0,0,1,2
110357,1,1,0,0,0,1,4
9705346,5,3,2,7,0,5,5
9311317,1,1,0,0,1,0,0
11138,0,0,0,0,0,0,0
210198,3,2,1,1,0,3,41
9311217,4,3,1,3,4,0,0
109211,0,0,0,0,0,0,0
9907219,5,1,4,5,1,4,11
9801334,1,1,0,0,1,0,0
9901357,5,5,0,0,2,3,5
9911420,2,2,0,0,1,1,2
104184,1,1,0,0,0,1,6
4081,1,1,0,0,0,1,5
12066,7,4,3,5,4,3,3
9312298,2,1,1,1,2,0,0
11167,2,1,1,1,0,2,9
11216,2,2,0,0,1,1,8
9611212,3,1,2,2,0,3,5
9806479,2,1,1,1,0,2,3
9608279,3,1,2,2,3,0,0
9901262,2,1,1,1,2,0,0
9411258,8,6,2,3,8,0,0
9910471,7,5,2,3,7,0,0
9706486,3,2,1,1,0,3,21
9711234,6,5,1,1,4,2,13
11074,12,5,7,19,1,11,97
9506397,2,1,1,1,0,2,2
201025,2,1,1,1,1,1,1
207255,4,4,0,0,0,4,24
9604381,2,1,1,1,0,2,6
301255,1,1,0,0,0,1,27
9906498,11,3,8,35,2,9,50
9604246,1,1,0,0,1,0,0
104161,3,1,2,3,0,3,6
10218,1,1,0,0,0,1,1
204088,4,2,2,2,0,4,10
109150,2,2,0,0,0,2,7
9909440,3,2,1,2,0,3,21
203264,1,1,0,0,0,1,10
7321,2,2,0,0,0,2,7
9709351,2,1,1,1,0,2,15
5290,1,1,0,0,0,1,1
9609255,0,0,0,0,0,0,0
205238,0,0,0,0,0,0,0
9906526,3,1,2,2,2,1,1
9808437,6,4,2,2,0,6,29
7151,1,1,0,0,0,1,4
9910333,9,6,3,3,5,4,6
9511368,1,1,0,0,1,0,0
9912484,1,1,0,0,1,0,0
302274,0,0,0,0,0,0,0
9812350,2,2,0,0,0,2,7
9604227,7,2,5,9,0,7,7
106313,3,2,1,1,0,3,28
110113,8,2,6,16,0,8,42
103162,4,2,2,3,0,4,14
9904269,3,2,1,1,0,3,12
104306,7,1,6,12,0,7,17
9509427,9,3,6,11,3,6,6
9806238,2,2,0,0,0,2,4
8309,1,1,0,0,0,1,1
9903202,6,5,1,1,0,6,28
9909422,4,3,1,2,2,2,3
9711241,2,2,0,0,0,2,2
9908253,1,1,0,0,1,0,0
210331,4,3,1,1,0,4,20
9902370,1,1,0,0,1,0,0
108231,0,0,0,0,0,0,0
204044,3,2,1,1,0,3,61
9309311,0,0,0,0,0,0,0
9405417,0,0,0,0,0,0,0
9503239,4,1,3,6,3,1,1
102305,0,0,0,0,0,0,0
10032,3,3,0,0,3,0,0
209164,3,3,0,0,2,1,6
9910251,10,8,2,5,3,7,15
9712215,5,1,4,5,1,4,4
207224,3,1,2,2,0,3,20
12242,1,1,0,0,0,1,6
9903214,5,2,3,4,0,5,14
9291,4,1,3,4,4,0,0
9810378,0,0,0,0,0,0,0
9311231,2,1,1,1,0,2,2
102158,5,2,3,4,0,5,12
203226,0,0,0,0,0,0,0
9901437,4,2,2,2,1,3,3
9604413,0,0,0,0,0,0,0
9312287,0,0,0,0,0,0,0
209252,1,1,0,0,0,1,14
9906533,3,3,0,0,3,0,0
9708373,0,0,0,0,0,0,0
11330,0,0,0,0,0,0,0
9603427,1,1,0,0,1,0,0
9601281,1,1,0,0,0,1,3
9712470,1,1,0,0,0,1,9
302116,0,0,0,0,0,0,0
11293,3,3,0,0,0,3,6
9611314,0,0,0,0,0,0,0
111443,1,1,0,0,1,0,0
9712416,1,1,0,0,0,1,1
9904312,2,2,0,0,0,2,2
9508381,2,1,1,1,1,1,1
204307,5,1,4,7,0,5,50
9911227,4,3,1,1,3,1,2
207133,3,3,0,0,0,3,22
5281,2,1,1,1,0,2,2
9904314,0,0,0,0,0,0,0
9506395,1,1,0,0,0,1,1
9409257,1,1,0,0,1,0,0
112263,1,1,0,0,0,1,1
9805255,4,4,0,0,1,3,5
9603215,1,1,0,0,0,1,2
9407269,3,3,0,0,3,0,0
205212,1,1,0,0,0,1,4
9311202,4,2,2,2,4,0,0
9812326,6,5,1,1,5,1,1
4121,0,0,0,0,0,0,0
9905304,3,2,1,1,1,2,10
208086,2,2,0,0,0,2,10
112197,3,3,0,0,0,3,16
9902307,0,0,0,0,0,0,0
9909451,3,2,1,1,0,3,8
205192,1,1,0,0,1,0,0
210256,0,0,0,0,0,0,0
9607373,0,0,0,0,0,0,0
203275,5,2,3,9,0,5,15
101313,0,0,0,0,0,0,0
206199,3,3,0,0,0,3,17
9310260,3,2,1,1,0,3,3
9311300,3,1,2,2,0,3,3
9811419,0,0,0,0,0,0,0
101061,2,2,0,0,0,2,5
9501401,1,1,0,0,1,0,0
9810497,0,0,0,0,0,0,0
9611245,1,1,0,0,1,0,0
9803441,0,0,0,0,0,0,0
204002,6,6,0,0,0,6,54
7167,2,1,1,1,2,0,0
11119,1,1,0,0,1,0,0
9711482,2,2,0,0,2,0,0
9808370,1,1,0,0,0,1,1
9708206,1,1,0,0,1,0,0
112231,1,1,0,0,0,1,14
209091,3,3,0,0,0,3,34
203235,0,0,0,0,0,0,0
12207,0,0,0,0,0,0,0
9135,0,0,0,0,0,0,0
9712204,3,2,1,1,2,1,1
9709391,0,0,0,0,0,0,0
9330,2,1,1,1,0,2,2
203073,1,1,0,0,0,1,3
101248,1,1,0,0,0,1,9
101169,1,1,0,0,0,1,1
9607352,2,2,0,0,2,0,0
9210249,5,3,2,3,5,0,0
9612213,6,4,2,2,4,2,4
9307211,1,1,0,0,1,0,0
209214,3,2,1,1,0,3,40
9405266,0,0,0,0,0,0,0
102079,2,2,0,0,0,2,10
206018,1,1,0,0,1,0,0
9805375,2,2,0,0,2,0,0
9904403,1,1,0,0,1,0,0
7097,2,1,1,1,0,2,4
9812410,0,0,0,0,0,0,0
9505265,0,0,0,0,0,0,0
211440,1,1,0,0,0,1,1
9602398,3,1,2,3,2,1,1
9401275,0,0,0,0,0,0,0
212322,1,1,0,0,0,1,2
9902253,0,0,0,0,0,0,0
9409385,0,0,0,0,0,0,0
7132,2,2,0,0,0,2,14
9809296,1,1,0,0,0,1,1
204020,4,3,1,1,0,4,15
112361,5,2,3,7,0,5,15
9708273,0,0,0,0,0,0,0
9311338,0,0,0,0,0,0,0
9410381,0,0,0,0,0,0,0
1141,1,1,0,0,0,1,2
12214,1,1,0,0,1,0,0
11225,2,2,0,0,0,2,2
9512416,0,0,0,0,0,0,0
212331,2,2,0,0,0,2,17
9609208,0,0,0,0,0,0,0
9911218,2,1,1,1,2,0,0
210215,0,0,0,0,0,0,0
101333,4,1,3,4,0,4,31
208127,0,0,0,0,0,0,0
106196,0,0,0,0,0,0,0
9403357,0,0,0,0,0,0,0
9605202,0,0,0,0,0,0,0
9310299,3,2,1,1,1,2,2
211198,1,1,0,0,1,0,0
210396,1,1,0,0,0,1,4
9401215,1,1,0,0,1,0,0
9505305,1,1,0,0,1,0,0
203170,0,0,0,0,0,0,0
9311354,1,1,0,0,1,0,0
109107,0,0,0,0,0,0,0
208119,1,1,0,0,0,1,4
209369,1,1,0,0,0,1,8
112147,0,0,0,0,0,0,0
203161,4,2,2,3,0,4,55
9912291,3,3,0,0,1,2,2
206049,0,0,0,0,0,0,0
9405351,2,2,0,0,1,1,2
9509404,2,2,0,0,2,0,0
9810372,1,1,0,0,1,0,0
9404320,0,0,0,0,0,0,0
210313,1,1,0,0,0,1,15
9904373,0,0,0,0,0,0,0
212047,1,1,0,0,0,1,10
111097,0,0,0,0,0,0,0
111391,2,2,0,0,1,1,9
211355,0,0,0,0,0,0,0
9242,0,0,0,0,0,0,0
9702232,0,0,0,0,0,0,0
9907479,1,1,0,0,0,1,3
9901253,0,0,0,0,0,0,0
9233,0,0,0,0,0,0,0
111322,3,1,2,3,0,3,11
111124,1,1,0,0,0,1,6
209272,5,4,1,1,0,5,13
9806341,0,0,0,0,0,0,0
9507296,1,1,0,0,1,0,0
9188,1,1,0,0,0,1,8
9502253,3,1,2,2,3,0,0
210327,0,0,0,0,0,0,0
9707530,0,0,0,0,0,0,0
210347,0,0,0,0,0,0,0
9508388,2,2,0,0,2,0,0
9706414,0,0,0,0,0,0,0
302036,0,0,0,0,0,0,0
9901257,0,0,0,0,0,0,0
9909274,1,1,0,0,0,1,2
9708442,0,0,0,0,0,0,0
9802400,2,1,1,1,2,0,0
301115,0,0,0,0,0,0,0
9812214,0,0,0,0,0,0,0
110176,1,1,0,0,0,1,3
9802434,0,0,0,0,0,0,0
9703382,1,1,0,0,0,1,3
9408221,1,1,0,0,1,0,0
9411359,0,0,0,0,0,0,0
109271,1,1,0,0,0,1,1
101079,0,0,0,0,0,0,0
9903210,0,0,0,0,0,0,0
9403228,2,2,0,0,0,2,2
212249,0,0,0,0,0,0,0
207100,0,0,0,0,0,0,0
5217,2,1,1,1,2,0,0
207194,2,1,1,1,0,2,14
301274,1,1,0,0,1,0,0
9705317,0,0,0,0,0,0,0
9807412,1,1,0,0,0,1,7
9709313,0,0,0,0,0,0,0
203175,2,2,0,0,2,0,0
9311276,1,1,0,0,1,0,0
9810362,0,0,0,0,0,0,0
112350,0,0,0,0,0,0,0
9704208,0,0,0,0,0,0,0
9811310,0,0,0,0,0,0,0
11120,1,1,0,0,1,0,0
108051,2,1,1,1,0,2,15
9712295,0,0,0,0,0,0,0
206164,0,0,0,0,0,0,0
9610488,0,0,0,0,0,0,0
9911462,1,1,0,0,1,0,0
302265,0,0,0,0,0,0,0
9908332,0,0,0,0,0,0,0
212286,1,1,0,0,0,1,16
9907302,0,0,0,0,0,0,0
9809519,2,2,0,0,2,0,0
9506336,0,0,0,0,0,0,0
211094,0,0,0,0,0,0,0
101174,1,1,0,0,0,1,16
301150,0,0,0,0,0,0,0
9610548,0,0,0,0,0,0,0
302109,0,0,0,0,0,0,0
9809414,0,0,0,0,0,0,0
205159,1,1,0,0,0,1,5
9804259,0,0,0,0,0,0,0
209023,0,0,0,0,0,0,0
9709304,0,0,0,0,0,0,0
9312242,0,0,0,0,0,0,0
108206,0,0,0,0,0,0,0
9410277,0,0,0,0,0,0,0
101265,1,1,0,0,0,1,7
9811319,0,0,0,0,0,0,0
210361,0,0,0,0,0,0,0
106103,0,0,0,0,0,0,0
211078,1,1,0,0,0,1,2
111401,0,0,0,0,0,0,0
101129,1,1,0,0,0,1,1
206291,1,1,0,0,0,1,2
9412211,0,0,0,0,0,0,0
9911487,0,0,0,0,0,0,0
9403409,0,0,0,0,0,0,0
211424,0,0,0,0,0,0,0
9710457,0,0,0,0,0,0,0
301245,0,0,0,0,0,0,0
212272,0,0,0,0,0,0,0
9711237,1,1,0,0,0,1,3
11290,0,0,0,0,0,0,0
105135,0,0,0,0,0,0,0
9808250,1,1,0,0,1,0,0
9908484,0,0,0,0,0,0,0
9606330,1,1,0,0,1,0,0
105169,0,0,0,0,0,0,0
9212269,0,0,0,0,0,0,0
9803471,0,0,0,0,0,0,0
9306308,0,0,0,0,0,0,0
207074,0,0,0,0,0,0,0
212289,0,0,0,0,0,0,0
212376,0,0,0,0,0,0,0
203120,1,1,0,0,0,1,1
204170,0,0,0,0,0,0,0
201138,1,1,0,0,0,1,1
302046,0,0,0,0,0,0,0
9511230,0,0,0,0,0,0,0
9089,2,2,0,0,1,1,1
209185,1,1,0,0,0,1,1
9401289,0,0,0,0,0,0,0
302088,0,0,0,0,0,0,0
7042,0,0,0,0,0,0,0
212075,0,0,0,0,0,0,0
301202,0,0,0,0,0,0,0
9809326,0,0,0,0,0,0,0
9911239,1,1,0,0,1,0,0
207305,0,0,0,0,0,0,0
208232,0,0,0,0,0,0,0
9411364,1,1,0,0,0,1,4
9909280,1,1,0,0,0,1,5
9809515,0,0,0,0,0,0,0
204189,1,1,0,0,0,1,4
7263,0,0,0,0,0,0,0
112239,0,0,0,0,0,0,0
9810544,0,0,0,0,0,0,0
209140,1,1,0,0,0,1,6
211064,0,0,0,0,0,0,0
211132,0,0,0,0,0,0,0
11278,1,1,0,0,1,0,0
301191,0,0,0,0,0,0,0
11128,0,0,0,0,0,0,0
1007,0,0,0,0,0,0,0
107196,1,1,0,0,0,1,7
7150,1,1,0,0,0,1,1
211089,1,1,0,0,0,1,1
209108,1,1,0,0,1,0,0
9901371,0,0,0,0,0,0,0
210249,0,0,0,0,0,0,0
9905454,0,0,0,0,0,0,0
205258,0,0,0,0,0,0,0
210247,0,0,0,0,0,0,0
9810254,0,0,0,0,0,0,0
9607260,0,0,0,0,0,0,0
212342,1,1,0,0,0,1,11
212118,0,0,0,0,0,0,0
9712312,0,0,0,0,0,0,0
9410301,0,0,0,0,0,0,0
9701348,0,0,0,0,0,0,0
9707343,0,0,0,0,0,0,0
9907558,0,0,0,0,0,0,0
203269,0,0,0,0,0,0,0
202148,0,0,0,0,0,0,0
106224,0,0,0,0,0,0,0
9502367,0,0,0,0,0,0,0
9807387,0,0,0,0,0,0,0
9904503,0,0,0,0,0,0,0
302099,0,0,0,0,0,0,0
10011,1,1,0,0,0,1,13
9909535,0,0,0,0,0,0,0
9907448,0,0,0,0,0,0,0
9808473,0,0,0,0,0,0,0
302019,0,0,0,0,0,0,0
9309279,0,0,0,0,0,0,0
9808210,0,0,0,0,0,0,0
9311362,0,0,0,0,0,0,0
9503361,0,0,0,0,0,0,0
5143,0,0,0,0,0,0,0
9604346,0,0,0,0,0,0,0
9508218,0,0,0,0,0,0,0
112240,0,0,0,0,0,0,0
9910398,0,0,0,0,0,0,0
6140,0,0,0,0,0,0,0
210220,0,0,0,0,0,0,0
110151,0,0,0,0,0,0,0
9611295,2,1,1,1,2,0,0
9912389,0,0,0,0,0,0,0
301211,0,0,0,0,0,0,0
9608257,0,0,0,0,0,0,0
9612379,0,0,0,0,0,0,0
212188,0,0,0,0,0,0,0
2280,0,0,0,0,0,0,0
204195,0,0,0,0,0,0,0
9301210,1,1,0,0,1,0,0
9807532,0,0,0,0,0,0,0
211322,0,0,0,0,0,0,0
301098,0,0,0,0,0,0,0
105210,0,0,0,0,0,0,0
5097,0,0,0,0,0,0,0
6058,0,0,0,0,0,0,0
109002,1,1,0,0,0,1,1
212039,0,0,0,0,0,0,0
111292,0,0,0,0,0,0,0
105313,0,0,0,0,0,0,0
6221,0,0,0,0,0,0,0
9509317,0,0,0,0,0,0,0
210253,0,0,0,0,0,0,0
9711271,0,0,0,0,0,0,0
9508355,0,0,0,0,0,0,0
110204,0,0,0,0,0,0,0
9706312,0,0,0,0,0,0,0
111350,0,0,0,0,0,0,0
9607416,0,0,0,0,0,0,0
210370,0,0,0,0,0,0,0
9505436,0,0,0,0,0,0,0
9706243,0,0,0,0,0,0,0
209011,0,0,0,0,0,0,0
9801250,0,0,0,0,0,0,0
9805401,0,0,0,0,0,0,0
301145,0,0,0,0,0,0,0
9408405,0,0,0,0,0,0,0
9207248,1,1,0,0,1,0,0
9305246,1,1,0,0,1,0,0
302214,0,0,0,0,0,0,0
9307309,0,0,0,0,0,0,0
9903217,29,9,20,54,4,25,78
104062,84,17,67,296,4,80,482
6225,13,6,7,13,0,13,79
9411308,58,6,52,359,56,2,2
9709328,8,5,3,4,8,0,0
9403407,21,5,16,46,1,20,135
9507248,19,5,14,53,2,17,67
9805303,109,21,88,423,1,108,934
9701278,32,4,28,126,6,26,140
111167,3,2,1,1,0,3,22
9307274,16,6,10,19,16,0,0
9312202,40,17,23,52,29,11,12
9503280,92,32,60,156,92,0,0
9511337,24,5,19,68,19,5,5
10354,32,3,29,158,7,25,65
9302291,17,10,7,21,17,0,0
9605345,29,7,22,91,3,26,57
9706218,12,5,7,10,2,10,37
9808278,21,7,14,36,5,16,45
109166,34,16,18,31,29,5,11
104024,28,7,21,63,20,8,11
9505336,17,5,12,31,9,8,14
9809470,72,11,61,248,5,67,163
9809352,42,24,18,32,21,21,82
9312317,10,6,4,4,10,0,0
9703402,23,4,19,71,1,22,62
9404280,77,13,64,261,24,53,76
111226,2,2,0,0,0,2,10
9405264,1,1,0,0,1,0,0
9307295,24,8,16,85,4,20,48
9206236,72,21,51,174,72,0,0
9609432,1,1,0,0,0,1,4
9310378,20,13,7,12,19,1,2
9409330,8,2,6,15,8,0,0
9208205,31,6,25,69,11,20,20
9402254,47,13,34,96,42,5,5
9607372,144,15,129,867,23,121,710
9807319,53,8,45,245,3,50,214
9906525,40,3,37,180,6,34,176
9305204,74,16,58,182,70,4,4
2064,74,8,66,265,17,57,171
9806294,40,4,36,242,5,35,109
9905202,20,3,17,51,0,20,121
9805272,67,7,60,284,24,43,124
9711311,12,5,7,8,3,9,48
9709439,35,6,29,87,5,30,83
9511323,8,1,7,12,4,4,5
9710431,79,11,68,364,71,8,9
9702298,14,5,9,13,4,10,39
9205214,28,2,26,114,28,0,0
9805305,4,3,1,1,0,4,11
9310331,19,5,14,33,19,0,0
2292,9,2,7,11,1,8,49
9801321,8,3,5,18,3,5,5
9706428,7,4,3,4,0,7,18
9406319,101,5,96,559,101,0,0
9606416,36,2,34,133,0,36,132
9710403,16,1,15,48,1,15,58
9706546,12,4,8,20,2,10,38
9811463,19,4,15,43,3,16,73
9708437,14,6,8,13,0,14,149
9307301,82,12,70,326,52,30,57
9410283,27,4,23,91,7,20,33
9703427,52,3,49,308,3,49,267
9302202,49,10,39,223,22,27,27
9903363,65,7,58,275,17,48,110
10008,15,3,12,29,1,14,222
9702353,15,2,13,44,0,15,107
9809329,59,8,51,200,11,48,193
9912254,27,2,25,143,1,26,129
9307249,50,11,39,142,25,25,48
9609444,82,9,73,457,1,81,539
9704382,11,1,10,23,0,11,45
9507329,40,5,35,112,4,36,156
9409396,10,3,7,14,0,10,39
9503277,4,2,2,3,1,3,10
101089,14,6,8,15,0,14,40
9609341,32,7,25,76,1,31,153
9507439,23,6,17,67,1,22,59
11323,10,2,8,15,0,10,326
9807495,9,2,7,16,1,8,25
9802391,69,8,61,336,2,67,623
9507303,37,6,31,137,1,36,235
9806307,8,3,5,8,1,7,34
9912354,8,5,3,6,1,7,15
9601377,12,2,10,27,0,12,20
9710428,9,4,5,11,0,9,33
9503285,35,5,30,68,10,25,53
7179,9,6,3,3,2,7,14
9512277,5,3,2,2,0,5,12
9303251,71,16,55,294,24,47,92
9401331,4,2,2,3,4,0,0
9703348,18,3,15,29,3,15,26
9704424,23,4,19,62,12,11,19
9302280,81,12,69,565,81,0,0
9312333,25,5,20,123,5,20,55
9702218,17,8,9,17,2,15,25
9512329,49,14,35,136,17,32,53
9604250,34,1,33,159,19,15,20
9610276,63,23,40,135,35,28,49
9606375,15,9,6,10,11,4,4
9601282,69,13,56,225,4,65,97
9805481,7,4,3,5,2,5,39
9611374,37,3,34,192,26,11,19
9504204,25,6,19,50,0,25,54
9301226,5,4,1,3,5,0,0
9802426,20,9,11,29,6,14,32
9804215,11,6,5,8,0,11,64
9605206,11,4,7,14,2,9,11
9907517,11,2,9,21,0,11,83
9403359,14,7,7,8,14,0,0
9511409,16,8,8,22,3,13,263
9412247,2,1,1,1,0,2,7
9406315,113,38,75,225,73,40,50
9211319,5,3,2,2,5,0,0
105242,8,7,1,1,1,7,35
9801430,92,8,84,524,13,79,357
9805292,12,2,10,27,0,12,53
9205235,15,7,8,15,15,0,0
9305241,48,5,43,163,48,0,0
9804255,52,7,45,212,1,51,430
9909229,37,12,25,44,5,32,106
9704414,11,3,8,16,0,11,39
9403224,95,27,68,203,72,23,26
9612264,23,4,19,62,4,19,65
9812342,3,2,1,1,1,2,4
9501231,60,11,49,250,28,32,52
9802439,59,7,52,494,13,46,271
9903515,42,4,38,280,4,38,192
9912355,28,6,22,68,3,25,88
9708302,9,6,3,5,2,7,15
6034,22,3,19,91,0,22,264
9903503,81,4,77,812,0,81,406
6106,8,6,2,3,0,8,55
9411210,12,5,7,12,4,8,19
9501304,28,6,22,78,8,20,36
9805442,25,3,22,59,5,20,84
8217,8,3,5,5,3,5,6
207164,3,2,1,1,0,3,16
9402311,1,1,0,0,1,0,0
9304286,18,5,13,27,18,0,0
9808275,25,7,18,50,1,24,170
9312248,44,10,34,115,44,0,0
9510220,44,10,34,126,23,21,39
9310215,8,2,6,13,0,8,21
9411429,27,10,17,30,7,20,57
9903286,1,1,0,0,1,0,0
9706391,17,3,14,25,1,16,66
9610247,18,9,9,18,3,15,101
9606429,27,5,22,96,12,15,27
9608275,19,5,14,30,1,18,154
9403378,24,1,23,105,1,23,23
9907291,12,2,10,23,9,3,5
9511319,12,2,10,21,5,7,8
9907482,15,3,12,30,0,15,75
9612437,53,3,50,408,6,47,185
9612357,12,4,8,13,2,10,22
9904340,1,1,0,0,0,1,1
9809547,21,4,17,43,0,21,131
9910315,35,13,22,41,12,23,57
9902323,78,3,75,642,2,76,244
9909556,5,4,1,2,0,5,23
9305344,5,3,2,3,5,0,0
9409232,20,3,17,35,0,20,67
9512334,17,5,12,21,1,16,42
9612293,8,4,4,8,0,8,38
9804462,29,2,27,142,2,27,131
9505315,8,3,5,5,5,3,3
9305262,54,16,38,130,54,0,0
9810291,45,9,36,188,3,42,144
9905464,30,5,25,71,2,28,70
9907211,39,9,30,121,4,35,236
9912482,17,6,11,19,3,14,66
9703367,29,13,16,43,7,22,52
1005,54,7,47,215,10,44,193
9911307,2,2,0,0,0,2,9
9708285,2,1,1,1,0,2,6
9908531,30,2,28,178,0,30,202
8070,10,8,2,2,0,10,72
9808459,48,3,45,279,7,41,149
9808456,31,2,29,142,6,25,89
104304,43,5,38,149,2,41,73
9504205,5,2,3,5,5,0,0
9803384,27,7,20,75,4,23,104
105269,30,4,26,79,3,27,258
8012,22,8,14,19,12,10,39
9912275,3,3,0,0,0,3,8
9404220,24,9,15,46,19,5,8
9805418,17,11,6,13,6,11,21
7142,35,5,30,174,1,34,256
9704239,22,4,18,59,6,16,27
9903397,10,5,5,8,1,9,25
9801229,22,6,16,58,8,14,21
9609447,24,8,16,51,0,24,127
9306319,24,9,15,39,10,14,21
9405340,52,14,38,127,26,26,42
8283,11,3,8,21,3,8,24
9501233,0,0,0,0,0,0,0
9905423,23,3,20,88,0,23,506
9909240,4,1,3,4,0,4,28
9609234,1,1,0,0,0,1,1
9710506,7,5,2,3,0,7,14
8287,41,3,38,203,1,40,285
108273,11,2,9,21,1,10,63
207004,23,4,19,47,0,23,139
107138,10,5,5,7,4,6,40
9901277,21,8,13,24,0,21,108
2257,28,5,23,123,0,28,148
1320,10,5,5,6,0,10,98
9705279,18,2,16,56,0,18,103
9403318,29,5,24,77,2,27,48
9611368,13,7,6,17,6,7,8
2297,18,13,5,7,18,0,0
102216,13,7,6,12,4,9,28
8087,11,3,8,24,0,11,38
9912271,17,11,6,11,0,17,94
5009,5,2,3,4,0,5,17
9504371,9,4,5,12,4,5,9
9211214,43,7,36,186,43,0,0
9909393,16,7,9,22,1,15,40
9405385,20,8,12,29,19,1,2
9811444,24,11,13,17,21,3,3
9912223,25,9,16,41,4,21,210
2150,62,14,48,196,2,60,468
9909297,34,13,21,65,0,34,331
11017,3,2,1,1,1,2,24
9802202,19,6,13,28,2,17,49
1321,7,3,4,5,3,4,8
9807500,17,2,15,26,2,15,29
9607280,22,5,17,26,9,13,17
9701229,71,5,66,450,0,71,366
9801240,1,1,0,0,0,1,6
9403387,67,4,63,272,45,22,24
9609285,11,5,6,15,0,11,117
9312322,3,3,0,0,2,1,1
9801403,11,4,7,16,11,0,0
9512302,7,1,6,12,3,4,4
9601373,8,2,6,10,1,7,16
9604431,2,2,0,0,1,1,1
9209258,9,3,6,11,9,0,0
107271,8,2,6,12,1,7,59
9706337,9,6,3,3,6,3,8
9710545,13,3,10,33,0,13,87
9401278,16,6,10,18,8,8,8
9803500,15,2,13,49,13,2,2
9210239,8,5,3,5,8,0,0
9305322,7,3,4,4,7,0,0
9303266,1,1,0,0,1,0,0
9501213,46,7,39,185,31,15,27
9802373,16,1,15,35,2,14,49
9902276,10,6,4,9,6,4,7
9710529,41,11,30,56,12,29,30
9706256,1,1,0,0,1,0,0
9812404,6,4,2,2,3,3,5
9907495,16,8,8,11,2,14,35
9809255,20,11,9,15,9,11,12
9406350,27,5,22,67,14,13,14
9505311,5,4,1,1,1,4,10
9604220,30,7,23,86,10,20,30
9911506,2,2,0,0,0,2,10
9603402,3,3,0,0,2,1,1
9601317,11,8,3,3,3,8,15
202105,21,8,13,26,4,17,69
106347,17,8,9,19,3,14,88
9911436,34,8,26,82,1,33,235
9401249,23,7,16,41,1,22,41
9504357,11,2,9,28,4,7,8
9604388,69,4,65,358,13,56,204
9603361,7,6,1,2,2,5,14
9706375,2,2,0,0,2,0,0
9907257,4,1,3,5,0,4,22
9503470,9,4,5,9,9,0,0
9406231,19,8,11,30,19,0,0
9612351,8,1,7,14,8,0,0
9403213,2,2,0,0,2,0,0
9309242,6,1,5,9,1,5,5
9502387,2,1,1,1,0,2,5
9406369,11,3,8,28,0,11,57
9911289,35,14,21,63,4,31,196
9301259,53,9,44,277,53,0,0
106149,22,7,15,44,0,22,101
3084,27,13,14,27,1,26,148
104218,28,6,22,60,0,28,237
9809492,3,3,0,0,3,0,0
9507231,6,3,3,4,3,3,3
9907515,8,1,7,12,0,8,12
9905295,21,3,18,104,0,21,458
9805377,6,2,4,6,6,0,0
112285,7,6,1,1,1,6,18
112233,16,2,14,52,1,15,57
9806450,4,3,1,2,0,4,8
8110,4,1,3,6,0,4,9
9903221,5,2,3,5,1,4,13
9605359,11,5,6,8,0,11,60
9906273,10,5,5,12,1,9,15
9711307,19,3,16,44,9,10,30
103311,5,4,1,1,1,4,8
9901304,29,1,28,123,1,28,99
9305227,4,4,0,0,4,0,0
106195,14,3,11,38,0,14,112
9305315,33,10,23,105,30,3,3
102014,6,1,5,8,0,6,7
9907470,3,3,0,0,0,3,10
9711281,10,3,7,9,5,5,7
9906277,32,5,27,79,8,24,50
9908352,34,4,30,128,1,33,358
9911522,8,5,3,7,0,8,47
104076,20,2,18,59,0,20,59
103224,8,1,7,22,0,8,198
9704212,17,6,11,24,2,15,30
9302289,6,6,0,0,6,0,0
9301221,2,1,1,1,2,0,0
9804379,46,7,39,176,0,46,283
112228,6,2,4,7,0,6,19
9404321,14,6,8,29,3,11,11
9805388,2,1,1,1,0,2,4
9211207,3,1,2,2,3,0,0
205064,8,7,1,1,2,6,31
9508351,5,4,1,1,3,2,5
201174,3,3,0,0,0,3,14
9905264,12,4,8,15,0,12,61
9502377,4,1,3,4,2,2,5
9906335,5,4,1,2,0,5,24
9603351,11,8,3,5,0,11,21
9911257,8,2,6,10,1,7,27
9308212,1,1,0,0,1,0,0
101281,3,3,0,0,0,3,14
5138,0,0,0,0,0,0,0
9612401,7,3,4,4,3,4,13
9709408,35,4,31,119,19,16,36
9609239,3,3,0,0,0,3,9
9803289,13,4,9,19,13,0,0
9705384,5,2,3,3,0,5,11
9401238,14,7,7,12,5,9,9
9707410,3,2,1,1,0,3,8
108233,6,2,4,5,0,6,33
9703244,2,2,0,0,0,2,5
9912322,11,7,4,4,8,3,3
9307284,3,2,1,1,1,2,2
9902305,4,1,3,6,4,0,0
9910437,11,4,7,14,0,11,49
9505307,4,3,1,1,0,4,14
9808204,6,1,5,14,6,0,0
11387,21,3,18,89,0,21,259
3181,8,5,3,3,5,3,4
9411287,30,7,23,77,15,15,17
9703208,19,1,18,76,1,18,35
2177,20,6,14,41,0,20,169
9209261,15,3,12,22,15,0,0
209129,0,0,0,0,0,0,0
12289,24,5,19,59,4,20,81
108100,21,10,11,29,1,20,90
108199,30,4,26,91,3,27,61
9812519,1,1,0,0,1,0,0
9610362,11,2,9,11,0,11,41
9404236,15,6,9,23,9,6,6
9703273,2,2,0,0,1,1,4
104278,4,2,2,2,0,4,117
9411204,4,2,2,2,1,3,17
9810275,33,6,27,95,3,30,165
9901329,8,6,2,2,3,5,9
9308240,1,1,0,0,1,0,0
9406283,13,8,5,9,8,5,6
9606216,3,2,1,1,0,3,13
9903220,32,8,24,86,1,31,96
9506259,2,1,1,1,2,0,0
201151,14,4,10,35,0,14,48
9806354,49,6,43,214,3,46,357
11222,6,4,2,2,1,5,14
9606287,13,3,10,22,3,10,10
9605400,4,1,3,4,4,0,0
9710223,47,7,40,156,4,43,118
9611359,34,4,30,99,28,6,6
9806365,3,2,1,1,0,3,5
110041,9,6,3,3,2,7,19
9901377,10,3,7,15,3,7,7
204077,3,1,2,2,0,3,13
202003,19,3,16,58,0,19,158
9909431,5,3,2,3,0,5,18
104130,13,2,11,32,0,13,76
107325,10,7,3,4,0,10,109
203267,9,2,7,17,0,9,72
9605383,4,4,0,0,1,3,5
107264,16,5,11,34,0,16,118
202262,8,2,6,9,0,8,74
9404238,9,6,3,6,6,3,4
9509380,9,3,6,7,6,3,3
9911283,8,7,1,1,4,4,16
9310302,9,4,5,6,9,0,0
9504252,5,3,2,2,1,4,8
9605388,2,1,1,1,0,2,2
5326,2,1,1,1,0,2,3
105334,16,2,14,34,0,16,231
9207207,2,1,1,1,2,0,0
9701327,1,1,0,0,0,1,1
9803220,0,0,0,0,0,0,0
103290,5,3,2,2,0,5,11
9307328,4,4,0,0,2,2,4
11055,14,3,11,24,0,14,285
207332,1,1,0,0,1,0,0
9404355,8,2,6,13,0,8,18
9702371,1,1,0,0,1,0,0
9602248,6,2,4,4,1,5,13
9506329,17,5,12,32,6,11,28
9503327,4,3,1,1,3,1,2
9710349,6,3,3,6,0,6,6
101100,2,2,0,0,0,2,3
9703217,8,5,3,3,6,2,2
9607403,4,4,0,0,0,4,14
10205,19,1,18,111,0,19,132
9911372,2,1,1,1,0,2,11
9705383,5,5,0,0,1,4,5
9508274,11,6,5,7,5,6,11
9612399,4,1,3,3,4,0,0
9701376,1,1,0,0,0,1,5
105258,2,2,0,0,2,0,0
9801383,7,2,5,6,3,4,6
9808413,3,3,0,0,0,3,20
1202,12,2,10,27,0,12,84
9512242,4,3,1,1,1,3,10
9902401,9,5,4,5,0,9,86
9807451,1,1,0,0,0,1,1
9812322,19,5,14,21,4,15,63
9811302,4,2,2,2,0,4,6
9505272,6,2,4,8,1,5,11
9602382,1,1,0,0,1,0,0
111156,2,1,1,1,0,2,10
9612308,4,1,3,3,2,2,4
101258,4,1,3,4,0,4,19
9701205,9,3,6,21,0,9,44
9812458,6,1,5,10,2,4,6
9502227,44,7,37,179,4,40,326
9908207,12,2,10,27,9,3,6
9808438,7,2,5,11,3,4,8
9902226,12,7,5,7,6,6,35
9402323,1,1,0,0,1,0,0
9408326,32,7,25,99,11,21,21
112355,0,0,0,0,0,0,0
9512346,4,2,2,3,3,1,1
9907336,6,2,4,6,6,0,0
9506304,2,1,1,1,0,2,2
9706338,4,3,1,1,2,2,4
9606263,22,4,18,39,0,22,164
9710337,25,5,20,78,7,18,18
9911315,21,4,17,53,1,20,69
9409240,10,4,6,13,10,0,0
9803288,7,6,1,1,2,5,21
109094,2,2,0,0,0,2,14
9701213,6,4,2,2,1,5,13
9806417,4,2,2,2,2,2,2
9507404,0,0,0,0,0,0,0
9807201,8,4,4,5,0,8,47
9812303,4,2,2,2,0,4,30
6222,1,1,0,0,1,0,0
205289,9,7,2,4,0,9,65
9910273,2,1,1,1,0,2,7
9808480,4,3,1,2,1,3,25
109108,4,2,2,2,0,4,4
105295,9,2,7,15,0,9,141
9508365,9,4,5,6,0,9,34
9505388,4,1,3,6,0,4,16
212300,1,1,0,0,0,1,7
112156,3,2,1,1,0,3,21
9804230,9,6,3,4,6,3,3
9704332,2,2,0,0,2,0,0
9806335,10,4,6,11,2,8,8
9507207,2,1,1,1,2,0,0
5233,4,1,3,6,1,3,4
108074,9,5,4,6,1,8,68
7105,3,3,0,0,2,1,1
9910342,5,3,2,2,0,5,22
109030,13,3,10,24,2,11,62
110072,8,2,6,10,0,8,54
9603416,3,3,0,0,0,3,7
9206,13,5,8,16,3,10,53
9711386,5,5,0,0,1,4,34
9505239,9,1,8,11,2,7,20
9206255,7,3,4,5,5,2,2
4032,5,3,2,2,1,4,47
9211231,6,2,4,11,6,0,0
9910383,2,2,0,0,1,1,5
9701230,4,2,2,2,3,1,1
9906409,6,3,3,6,0,6,61
9810452,5,5,0,0,0,5,8
9710468,1,1,0,0,1,0,0
9704343,14,5,9,35,0,14,91
9812385,8,6,2,2,2,6,29
9304213,1,1,0,0,1,0,0
9603282,3,3,0,0,0,3,9
9801399,11,2,9,14,1,10,50
9502372,11,7,4,5,11,0,0
9612492,3,3,0,0,2,1,1
9406429,1,1,0,0,1,0,0
11244,6,4,2,2,1,5,45
10040,7,5,2,3,0,7,36
9704348,8,2,6,6,6,2,2
9902222,2,1,1,1,1,1,2
9904253,3,3,0,0,0,3,8
9704264,4,2,2,5,0,4,19
203169,4,2,2,2,1,3,18
9808330,3,3,0,0,0,3,9
7223,32,14,18,43,4,28,121
9912383,7,3,4,11,0,7,13
112362,1,1,0,0,0,1,4
9303227,6,4,2,2,0,6,9
12088,8,3,5,8,2,6,40
112189,8,1,7,12,1,7,22
9610371,3,1,2,3,0,3,4
9505339,9,4,5,9,1,8,15
9804432,8,2,6,8,2,6,6
9809330,4,3,1,1,3,1,1
3155,3,2,1,1,3,0,0
4053,6,4,2,2,1,5,35
208083,2,2,0,0,0,2,63
206133,1,1,0,0,0,1,8
9506407,14,8,6,10,11,3,6
9411396,0,0,0,0,0,0,0
5269,10,3,7,10,0,10,19
102116,3,1,2,3,0,3,50
9909321,3,1,2,2,0,3,10
202270,30,10,20,47,2,28,400
9811218,1,1,0,0,0,1,1
9074,2,1,1,1,0,2,10
109062,9,5,4,5,0,9,74
9903426,9,6,3,4,0,9,42
9205242,2,2,0,0,2,0,0
9903427,8,4,4,8,0,8,20
9803300,2,2,0,0,0,2,9
9901345,1,1,0,0,0,1,9
9507275,10,9,1,2,9,1,2
9703274,1,1,0,0,0,1,1
205259,4,2,2,3,0,4,39
9604443,15,3,12,43,1,14,29
9502278,14,9,5,9,14,0,0
12259,18,2,16,42,3,15,224
104040,4,3,1,1,0,4,84
9907256,3,2,1,1,3,0,0
9801384,5,4,1,1,1,4,8
9802438,4,2,2,2,1,3,10
105168,2,2,0,0,0,2,7
9606278,2,1,1,1,2,0,0
106054,15,8,7,9,13,2,2
2128,3,3,0,0,0,3,11
9712330,4,3,1,1,2,2,28
111472,10,4,6,7,0,10,118
9708394,1,1,0,0,1,0,0
9610372,6,5,1,2,0,6,43
211331,4,2,2,3,0,4,45
9906428,3,3,0,0,3,0,0
9707418,4,3,1,1,0,4,13
10291,2,2,0,0,0,2,8
9904496,4,3,1,1,0,4,38
9805223,3,2,1,1,0,3,23
9904454,8,2,6,10,0,8,40
9911203,16,5,11,25,4,12,31
9411425,13,3,10,35,13,0,0
9405244,3,3,0,0,0,3,11
103175,2,1,1,1,0,2,5
9804445,5,2,3,4,0,5,34
9705316,1,1,0,0,0,1,4
9410344,2,1,1,1,0,2,2
111149,2,2,0,0,0,2,10
9210279,4,3,1,1,4,0,0
9705449,4,1,3,6,0,4,35
9602251,8,5,3,7,0,8,10
9611411,2,2,0,0,1,1,3
9707248,2,1,1,1,0,2,5
9505431,2,2,0,0,0,2,2
9906284,14,8,6,8,0,14,94
9810474,5,2,3,4,0,5,32
9609399,3,3,0,0,0,3,5
9505283,2,2,0,0,1,1,3
9401252,9,6,3,5,9,0,0
9907358,3,1,2,3,0,3,17
9709392,3,3,0,0,0,3,47
9709339,2,2,0,0,0,2,8
9902269,1,1,0,0,1,0,0
9909396,1,1,0,0,0,1,4
9502404,3,2,1,1,3,0,0
9407379,3,3,0,0,1,2,3
205167,11,5,6,13,0,11,143
9808223,4,1,3,5,0,4,7
9910560,10,3,7,8,0,10,14
9410350,1,1,0,0,1,0,0
9610328,6,3,3,4,0,6,15
9509276,2,1,1,1,1,1,1
9305288,1,1,0,0,1,0,0
9506469,4,3,1,1,1,3,8
103009,4,2,2,2,0,4,7
3267,2,1,1,1,2,0,0
302102,1,1,0,0,0,1,9
103039,10,7,3,4,0,10,78
9607453,0,0,0,0,0,0,0
9408301,1,1,0,0,0,1,1
111090,4,2,2,2,0,4,26
204014,4,4,0,0,0,4,23
206203,4,4,0,0,1,3,6
9804231,7,5,2,2,0,7,23
106013,2,2,0,0,2,0,0
102016,3,2,1,1,0,3,10
9402238,3,2,1,1,0,3,5
209072,1,1,0,0,0,1,5
103165,4,3,1,1,0,4,14
202050,7,5,2,4,0,7,42
9306301,8,3,5,5,8,0,0
9704390,6,3,3,3,3,3,7
6253,3,3,0,0,0,3,24
9804280,1,1,0,0,0,1,8
9911502,3,3,0,0,0,3,14
10122,3,2,1,1,0,3,10
9906408,4,2,2,3,0,4,4
9703340,1,1,0,0,1,0,0
211085,5,1,4,6,0,5,9
9902319,9,3,6,10,0,9,21
104099,5,4,1,1,0,5,17
9410241,2,2,0,0,2,0,0
6276,4,3,1,1,4,0,0
9710456,4,1,3,5,0,4,4
9702411,3,2,1,1,0,3,6
103181,2,2,0,0,0,2,9
9309258,1,1,0,0,1,0,0
3200,1,1,0,0,0,1,1
9905455,1,1,0,0,0,1,1
110085,0,0,0,0,0,0,0
3179,9,3,6,17,0,9,78
9802353,1,1,0,0,1,0,0
1233,17,9,8,11,2,15,66
9901217,0,0,0,0,0,0,0
111289,2,1,1,1,2,0,0
9808471,9,6,3,3,2,7,20
11148,1,1,0,0,0,1,5
9708408,1,1,0,0,0,1,3
9601266,1,1,0,0,1,0,0
202121,7,2,5,10,0,7,34
9811204,4,1,3,4,4,0,0
9511440,5,2,3,6,4,1,1
9709303,2,1,1,1,0,2,5
107192,0,0,0,0,0,0,0
9909452,6,1,5,8,0,6,7
112283,7,3,4,5,0,7,67
9908223,11,3,8,25,1,10,35
12061,1,1,0,0,1,0,0
9805278,3,2,1,1,0,3,11
9021,5,5,0,0,1,4,22
9609297,8,5,3,3,1,7,35
12217,3,2,1,1,0,3,15
9710489,1,1,0,0,0,1,3
201301,2,2,0,0,0,2,21
9502333,0,0,0,0,0,0,0
9908265,19,7,12,40,0,19,178
102060,2,1,1,1,0,2,15
9808446,2,2,0,0,2,0,0
112205,4,3,1,1,2,2,2
9704409,2,2,0,0,2,0,0
9310232,2,2,0,0,0,2,2
12325,1,1,0,0,0,1,1
9908365,1,1,0,0,1,0,0
9712500,2,1,1,1,2,0,0
9907381,0,0,0,0,0,0,0
9609271,6,3,3,5,2,4,4
9611209,3,3,0,0,1,2,4
112320,4,2,2,3,1,3,10
210435,0,0,0,0,0,0,0
9907344,2,2,0,0,0,2,9
9404206,4,3,1,1,4,0,0
212340,1,1,0,0,1,0,0
9803223,1,1,0,0,1,0,0
9810498,2,1,1,1,1,1,1
9902291,4,2,2,3,3,1,6
9710299,3,1,2,2,0,3,6
9807550,1,1,0,0,0,1,3
9612275,2,2,0,0,2,0,0
9909433,1,1,0,0,1,0,0
9512298,8,3,5,7,3,5,12
111032,8,6,2,2,0,8,55
4271,9,3,6,16,5,4,6
109188,4,2,2,2,1,3,12
9906460,9,1,8,22,0,9,24
9510236,3,2,1,1,0,3,4
11282,1,1,0,0,1,0,0
7173,1,1,0,0,0,1,2
104179,4,2,2,4,0,4,13
209194,4,1,3,5,0,4,11
9704211,1,1,0,0,1,0,0
9605269,3,2,1,1,3,0,0
9152,2,2,0,0,0,2,2
9509211,6,5,1,1,2,4,7
11044,2,2,0,0,0,2,4
201258,5,3,2,2,1,4,7
9609426,4,4,0,0,2,2,3
212144,0,0,0,0,0,0,0
9610521,0,0,0,0,0,0,0
9712285,2,1,1,1,0,2,11
9411224,4,2,2,4,4,0,0
9502325,2,2,0,0,1,1,2
105285,3,2,1,1,0,3,9
9402293,6,2,4,5,6,0,0
9307214,0,0,0,0,0,0,0
5212,5,4,1,1,1,4,10
4041,2,1,1,1,0,2,4
9608295,1,1,0,0,1,0,0
9708233,1,1,0,0,0,1,1
210043,2,2,0,0,2,0,0
4109,1,1,0,0,1,0,0
9607411,8,1,7,15,0,8,8
205048,8,5,3,5,0,8,28
11206,6,2,4,8,3,3,8
9704282,2,2,0,0,1,1,1
104289,9,3,6,9,1,8,26
9908225,10,1,9,25,6,4,4
9603309,0,0,0,0,0,0,0
9512382,1,1,0,0,0,1,3
9711464,1,1,0,0,0,1,3
9903433,1,1,0,0,1,0,0
9505357,9,3,6,11,0,9,10
9405306,1,1,0,0,1,0,0
9809331,3,1,2,2,1,2,4
212283,2,1,1,1,0,2,12
302034,2,2,0,0,0,2,7
105131,2,2,0,0,1,1,2
212108,1,1,0,0,0,1,1
9312231,1,1,0,0,1,0,0
9601308,9,4,5,12,2,7,8
9805339,5,1,4,8,0,5,12
6087,4,1,3,5,0,4,12
209277,0,0,0,0,0,0,0
210028,1,1,0,0,0,1,15
9908263,1,1,0,0,1,0,0
9808297,4,3,1,1,0,4,7
102221,12,4,8,15,0,12,39
201118,0,0,0,0,0,0,0
302264,0,0,0,0,0,0,0
103051,5,3,2,2,2,3,3
9809314,2,2,0,0,0,2,4
11187,0,0,0,0,0,0,0
108136,5,2,3,5,0,5,22
9606243,1,1,0,0,1,0,0
9905537,3,2,1,1,1,2,3
9209281,1,1,0,0,1,0,0
9710523,2,2,0,0,0,2,3
109091,1,1,0,0,0,1,5
112225,3,2,1,1,1,2,9
110250,0,0,0,0,0,0,0
8254,0,0,0,0,0,0,0
302162,0,0,0,0,0,0,0
1114,0,0,0,0,0,0,0
9909290,0,0,0,0,0,0,0
205340,6,3,3,4,2,4,34
11146,11,4,7,8,2,9,18
9205246,5,2,3,4,5,0,0
301206,0,0,0,0,0,0,0
9510351,1,1,0,0,1,0,0
9609241,1,1,0,0,0,1,3
9708261,1,1,0,0,0,1,1
208102,2,2,0,0,0,2,6
9801263,5,3,2,3,0,5,17
211286,1,1,0,0,0,1,3
11230,4,1,3,4,0,4,5
9701232,0,0,0,0,0,0,0
9607435,1,1,0,0,0,1,1
112052,0,0,0,0,0,0,0
9810350,7,4,3,4,7,0,0
9801401,0,0,0,0,0,0,0
202172,2,2,0,0,0,2,9
9512221,2,2,0,0,2,0,0
3029,4,4,0,0,0,4,33
9311203,1,1,0,0,1,0,0
11162,1,1,0,0,1,0,0
9609452,1,1,0,0,1,0,0
9910350,2,2,0,0,1,1,6
9508236,0,0,0,0,0,0,0
202059,1,1,0,0,0,1,1
9607350,0,0,0,0,0,0,0
9603429,3,2,1,1,0,3,4
7312,6,1,5,8,0,6,46
9610264,1,1,0,0,1,0,0
111145,0,0,0,0,0,0,0
205266,2,2,0,0,0,2,6
9812473,1,1,0,0,0,1,3
209106,0,0,0,0,0,0,0
9506229,1,1,0,0,1,0,0
9404261,2,2,0,0,0,2,3
5153,0,0,0,0,0,0,0
9602314,0,0,0,0,0,0,0
9303323,2,2,0,0,2,0,0
9905411,1,1,0,0,1,0,0
9608439,2,2,0,0,0,2,5
9708258,1,1,0,0,0,1,5
204202,3,3,0,0,0,3,26
7166,2,2,0,0,2,0,0
210394,0,0,0,0,0,0,0
9803209,2,1,1,1,2,0,0
9907258,0,0,0,0,0,0,0
9809219,0,0,0,0,0,0,0
205069,2,2,0,0,0,2,7
7221,3,1,2,3,3,0,0
107093,1,1,0,0,0,1,3
7002,6,4,2,2,2,4,4
9310287,1,1,0,0,1,0,0
211385,0,0,0,0,0,0,0
9910410,3,1,2,3,0,3,33
210316,1,1,0,0,0,1,6
112092,2,2,0,0,0,2,2
107300,1,1,0,0,0,1,5
104007,0,0,0,0,0,0,0
9302242,0,0,0,0,0,0,0
9303232,1,1,0,0,0,1,1
9704391,0,0,0,0,0,0,0
9709206,0,0,0,0,0,0,0
110084,2,2,0,0,1,1,1
9901270,0,0,0,0,0,0,0
9905432,1,1,0,0,0,1,2
9305243,0,0,0,0,0,0,0
9811494,1,1,0,0,0,1,1
101314,1,1,0,0,1,0,0
8337,3,3,0,0,2,1,2
110416,1,1,0,0,0,1,5
202065,0,0,0,0,0,0,0
207271,3,2,1,1,2,1,1
9912225,3,1,2,3,0,3,13
204266,0,0,0,0,0,0,0
9808464,1,1,0,0,0,1,4
210237,0,0,0,0,0,0,0
207192,0,0,0,0,0,0,0
9805257,0,0,0,0,0,0,0
106253,2,1,1,1,0,2,20
206141,1,1,0,0,0,1,4
4132,0,0,0,0,0,0,0
6347,0,0,0,0,0,0,0
9603367,0,0,0,0,0,0,0
9607464,1,1,0,0,1,0,0
9305236,0,0,0,0,0,0,0
102309,1,1,0,0,1,0,0
9602261,1,1,0,0,0,1,3
9812479,7,1,6,19,7,0,0
301014,2,2,0,0,0,2,35
9610452,0,0,0,0,0,0,0
9306311,3,3,0,0,2,1,1
9808397,1,1,0,0,1,0,0
203160,1,1,0,0,0,1,7
107224,5,2,3,3,0,5,44
106302,1,1,0,0,0,1,1
302059,0,0,0,0,0,0,0
208005,1,1,0,0,0,1,1
3235,0,0,0,0,0,0,0
211232,1,1,0,0,0,1,1
9906302,0,0,0,0,0,0,0
10235,0,0,0,0,0,0,0
105208,1,1,0,0,0,1,4
9509215,0,0,0,0,0,0,0
9908249,2,2,0,0,0,2,6
12074,1,1,0,0,1,0,0
9709427,0,0,0,0,0,0,0
110311,1,1,0,0,0,1,7
9910279,2,1,1,1,0,2,10
206287,2,1,1,1,0,2,26
9708417,1,1,0,0,0,1,2
111339,1,1,0,0,0,1,1
210405,0,0,0,0,0,0,0
12374,0,0,0,0,0,0,0
9905460,0,0,0,0,0,0,0
9910472,0,0,0,0,0,0,0
211444,2,1,1,1,0,2,16
9808402,0,0,0,0,0,0,0
212143,0,0,0,0,0,0,0
302040,0,0,0,0,0,0,0
103236,2,2,0,0,2,0,0
9502239,1,1,0,0,1,0,0
9710552,0,0,0,0,0,0,0
207078,0,0,0,0,0,0,0
9809317,0,0,0,0,0,0,0
9810368,1,1,0,0,1,0,0
301184,0,0,0,0,0,0,0
9807530,0,0,0,0,0,0,0
10018,1,1,0,0,1,0,0
110394,3,2,1,1,0,3,10
211016,0,0,0,0,0,0,0
212024,0,0,0,0,0,0,0
9609268,0,0,0,0,0,0,0
9710221,0,0,0,0,0,0,0
112111,1,1,0,0,1,0,0
9502392,1,1,0,0,1,0,0
9503426,0,0,0,0,0,0,0
203230,2,2,0,0,0,2,2
9802377,1,1,0,0,0,1,1
301038,0,0,0,0,0,0,0
12252,0,0,0,0,0,0,0
9808285,1,1,0,0,0,1,3
9407316,0,0,0,0,0,0,0
9503422,0,0,0,0,0,0,0
7024,3,3,0,0,3,0,0
9908518,0,0,0,0,0,0,0
204124,3,3,0,0,0,3,10
9510416,1,1,0,0,1,0,0
8247,1,1,0,0,0,1,13
9507373,1,1,0,0,0,1,1
9512210,0,0,0,0,0,0,0
9611318,1,1,0,0,0,1,1
302032,0,0,0,0,0,0,0
9810342,1,1,0,0,1,0,0
302179,0,0,0,0,0,0,0
205330,1,1,0,0,0,1,7
201272,3,1,2,2,0,3,13
9130,2,2,0,0,0,2,4
207195,1,1,0,0,0,1,7
9411327,0,0,0,0,0,0,0
205036,0,0,0,0,0,0,0
9805395,3,1,2,2,0,3,11
112173,0,0,0,0,0,0,0
9305217,0,0,0,0,0,0,0
9704233,0,0,0,0,0,0,0
9605397,0,0,0,0,0,0,0
9503342,0,0,0,0,0,0,0
9802257,0,0,0,0,0,0,0
210302,0,0,0,0,0,0,0
302095,0,0,0,0,0,0,0
9505208,0,0,0,0,0,0,0
302186,0,0,0,0,0,0,0
6317,0,0,0,0,0,0,0
104167,0,0,0,0,0,0,0
9506221,0,0,0,0,0,0,0
302181,1,1,0,0,0,1,4
9812502,1,1,0,0,0,1,6
9905251,3,1,2,3,0,3,19
201062,0,0,0,0,0,0,0
9807345,0,0,0,0,0,0,0
6308,0,0,0,0,0,0,0
202046,0,0,0,0,0,0,0
9909300,1,1,0,0,0,1,7
205279,2,2,0,0,1,1,1
12095,0,0,0,0,0,0,0
104078,0,0,0,0,0,0,0
9805329,0,0,0,0,0,0,0
2299,1,1,0,0,0,1,2
212094,0,0,0,0,0,0,0
212058,0,0,0,0,0,0,0
9605415,0,0,0,0,0,0,0
208278,1,1,0,0,0,1,2
301120,0,0,0,0,0,0,0
212225,2,1,1,1,0,2,9
9209293,1,1,0,0,1,0,0
9811213,1,1,0,0,0,1,4
205304,1,1,0,0,0,1,2
210143,0,0,0,0,0,0,0
9902330,0,0,0,0,0,0,0
9712460,0,0,0,0,0,0,0
9607339,0,0,0,0,0,0,0
9401268,1,1,0,0,1,0,0
9611377,0,0,0,0,0,0,0
9228,0,0,0,0,0,0,0
206007,0,0,0,0,0,0,0
9811516,0,0,0,0,0,0,0
9701408,0,0,0,0,0,0,0
9276,0,0,0,0,0,0,0
9407215,0,0,0,0,0,0,0
9305339,0,0,0,0,0,0,0
9810462,0,0,0,0,0,0,0
9308326,0,0,0,0,0,0,0
210412,0,0,0,0,0,0,0
9811293,1,1,0,0,0,1,2
9511475,0,0,0,0,0,0,0
10047,1,1,0,0,0,1,2
9903393,0,0,0,0,0,0,0
9711432,1,1,0,0,1,0,0
210088,0,0,0,0,0,0,0
212111,0,0,0,0,0,0,0
211217,0,0,0,0,0,0,0
203152,0,0,0,0,0,0,0
9808482,0,0,0,0,0,0,0
204306,3,3,0,0,0,3,40
9507360,1,1,0,0,1,0,0
9912432,0,0,0,0,0,0,0
11007,0,0,0,0,0,0,0
210128,1,1,0,0,1,0,0
9804447,0,0,0,0,0,0,0
9501261,0,0,0,0,0,0,0
9117,1,1,0,0,0,1,5
9807520,0,0,0,0,0,0,0
210406,1,1,0,0,0,1,3
3094,0,0,0,0,0,0,0
9504344,0,0,0,0,0,0,0
209019,0,0,0,0,0,0,0
210111,1,1,0,0,0,1,2
9409292,0,0,0,0,0,0,0
9908468,2,1,1,1,0,2,6
8203,0,0,0,0,0,0,0
112196,0,0,0,0,0,0,0
9608323,0,0,0,0,0,0,0
9310254,0,0,0,0,0,0,0
103222,1,1,0,0,0,1,1
9704279,0,0,0,0,0,0,0
5117,0,0,0,0,0,0,0
9406221,0,0,0,0,0,0,0
209226,2,2,0,0,0,2,9
9503410,0,0,0,0,0,0,0
6033,1,1,0,0,0,1,9
5001,0,0,0,0,0,0,0
9908383,0,0,0,0,0,0,0
9504301,0,0,0,0,0,0,0
9608302,0,0,0,0,0,0,0
9402228,0,0,0,0,0,0,0
110027,0,0,0,0,0,0,0
9510380,0,0,0,0,0,0,0
209323,1,1,0,0,0,1,6
9904215,2,2,0,0,0,2,4
110229,0,0,0,0,0,0,0
9903491,0,0,0,0,0,0,0
9809359,0,0,0,0,0,0,0
9511328,0,0,0,0,0,0,0
208250,0,0,0,0,0,0,0
9809432,0,0,0,0,0,0,0
12132,0,0,0,0,0,0,0
212054,0,0,0,0,0,0,0
9306249,0,0,0,0,0,0,0
9912332,0,0,0,0,0,0,0
9611230,0,0,0,0,0,0,0
210438,0,0,0,0,0,0,0
207283,2,2,0,0,1,1,1
201241,0,0,0,0,0,0,0
104029,0,0,0,0,0,0,0
9701403,1,1,0,0,1,0,0
9707325,1,1,0,0,0,1,2
9907252,0,0,0,0,0,0,0
9802263,0,0,0,0,0,0,0
9606367,0,0,0,0,0,0,0
207268,0,0,0,0,0,0,0
8162,1,1,0,0,0,1,2
11010,1,1,0,0,1,0,0
9604325,0,0,0,0,0,0,0
9612474,1,1,0,0,0,1,1
9804260,1,1,0,0,0,1,1
11171,0,0,0,0,0,0,0
9610462,0,0,0,0,0,0,0
9808441,0,0,0,0,0,0,0
9505255,1,1,0,0,1,0,0
9046,0,0,0,0,0,0,0
3062,0,0,0,0,0,0,0
8167,0,0,0,0,0,0,0
108153,1,1,0,0,0,1,1
211391,0,0,0,0,0,0,0
9306213,0,0,0,0,0,0,0
302050,0,0,0,0,0,0,0
207240,0,0,0,0,0,0,0
106349,0,0,0,0,0,0,0
9610314,0,0,0,0,0,0,0
208145,0,0,0,0,0,0,0
205017,1,1,0,0,0,1,3
209293,0,0,0,0,0,0,0
301036,0,0,0,0,0,0,0
9407205,0,0,0,0,0,0,0
9236,0,0,0,0,0,0,0
210141,0,0,0,0,0,0,0
9809345,0,0,0,0,0,0,0
212036,0,0,0,0,0,0,0
9702234,0,0,0,0,0,0,0
9706360,0,0,0,0,0,0,0
9409213,0,0,0,0,0,0,0
9401222,0,0,0,0,0,0,0
210315,0,0,0,0,0,0,0
9511283,0,0,0,0,0,0,0
9907247,0,0,0,0,0,0,0
9802261,0,0,0,0,0,0,0
302113,0,0,0,0,0,0,0
9809375,0,0,0,0,0,0,0
4082,0,0,0,0,0,0,0
11381,0,0,0,0,0,0,0
109020,1,1,0,0,1,0,0
301157,0,0,0,0,0,0,0
205197,0,0,0,0,0,0,0
209348,0,0,0,0,0,0,0
103268,0,0,0,0,0,0,0
12251,0,0,0,0,0,0,0
4017,0,0,0,0,0,0,0
109087,0,0,0,0,0,0,0
202197,0,0,0,0,0,0,0
9410246,0,0,0,0,0,0,0
11224,0,0,0,0,0,0,0
9508385,0,0,0,0,0,0,0
112038,0,0,0,0,0,0,0
9710497,0,0,0,0,0,0,0
9311274,82,20,62,263,82,0,0
104110,140,26,114,459,4,136,1137
6351,30,3,27,102,0,30,252
9509204,107,3,104,1005,7,100,481
9207214,278,27,251,2684,278,0,0
9405207,95,11,84,449,20,75,207
9507262,86,3,83,556,12,74,167
9806230,5,3,2,4,5,0,0
9706260,72,4,68,470,3,69,380
9403341,50,8,42,144,50,0,0
9401354,5,2,3,3,3,2,2
9405214,63,25,38,75,48,15,18
9508343,178,18,160,1280,72,106,280
9512292,30,7,23,63,5,25,27
11311,84,8,76,421,12,72,342
9303249,53,6,47,227,53,0,0
9605369,2,2,0,0,0,2,4
9706379,8,4,4,5,4,4,4
9808400,27,3,24,87,5,22,41
201219,14,6,8,15,0,14,145
107117,1,1,0,0,0,1,7
9506305,35,4,31,161,1,34,64
9809472,13,4,9,13,0,13,51
9902214,12,5,7,9,2,10,30
9409401,7,1,6,8,3,4,5
9704220,11,4,7,11,9,2,2
9406430,42,7,35,141,22,20,52
111312,16,4,12,42,2,14,24
9405265,1,1,0,0,1,0,0
9308258,5,3,2,2,2,3,5
9210265,9,4,5,6,9,0,0
9305335,51,16,35,128,51,0,0
9312223,13,3,10,28,4,9,14
9502417,62,9,53,186,22,40,87
9507453,113,16,97,606,44,69,134
9406245,98,9,89,355,60,38,48
9607437,75,6,69,606,31,44,57
9807325,131,6,125,1219,9,122,354
9907234,66,12,54,303,5,61,624
9306282,2,2,0,0,2,0,0
9512364,65,21,44,135,36,29,47
9807234,20,4,16,35,1,19,62
9905340,7,2,5,10,7,0,0
9808270,64,15,49,230,5,59,324
9711400,27,7,20,82,6,21,151
9801368,65,12,53,283,32,33,89
9702229,1,1,0,0,0,1,3
9711416,5,1,4,6,4,1,1
9711294,7,3,4,6,1,6,20
9205230,68,22,46,168,68,0,0
9805368,9,3,6,9,0,9,68
9601243,75,14,61,279,3,72,401
9312214,4,3,1,1,1,3,9
9710406,8,2,6,20,4,4,5
9811381,4,1,3,5,4,0,0
9608256,34,5,29,123,3,31,48
9605445,18,4,14,30,0,18,48
9712409,17,7,10,19,7,10,21
9805386,20,9,11,21,8,12,34
9506222,25,4,21,34,6,19,64
9402291,51,8,43,134,4,47,47
9908451,6,3,3,5,0,6,65
9502315,16,3,13,24,15,1,1
9703433,44,3,41,251,3,41,167
9305282,33,4,29,115,6,27,72
9908404,21,10,11,29,0,21,116
12096,13,1,12,22,0,13,62
9708356,21,5,16,35,2,19,92
3238,47,13,34,151,0,47,780
9912513,20,4,16,52,0,20,62
9309299,19,4,15,58,9,10,10
9609529,59,1,58,395,2,57,364
9705228,32,2,30,96,0,32,251
9605259,77,16,61,250,18,59,171
9410357,38,5,33,170,4,34,77
9901409,15,7,8,11,1,14,98
102089,13,6,7,19,0,13,93
9703213,35,5,30,93,16,19,41
9605220,57,4,53,294,1,56,297
105003,33,5,28,125,0,33,280
9811249,31,7,24,57,7,24,115
9803370,15,5,10,18,2,13,62
9712531,12,2,10,31,0,12,82
9307259,27,13,14,43,23,4,4
9311209,4,2,2,3,4,0,0
9602232,41,6,35,118,5,36,128
9802401,18,4,14,37,1,17,108
9511212,3,2,1,1,1,2,2
9803315,698,6,692,9832,698,0,0
9601382,5,4,1,3,1,4,9
9304267,35,6,29,157,18,17,22
9406303,26,5,21,73,1,25,56
9704383,39,11,28,94,39,0,0
9705422,12,5,7,19,0,12,36
9305239,50,6,44,268,50,0,0
9405248,3,1,2,3,0,3,17
9707481,94,2,92,815,33,61,191
9603214,27,7,20,116,3,24,36
9605357,71,2,69,527,42,29,30
9403242,20,7,13,35,20,0,0
9402209,42,16,26,66,31,11,11
9601371,12,7,5,7,10,2,2
9708463,11,3,8,14,0,11,42
9711244,21,2,19,101,3,18,72
9506208,25,9,16,51,10,15,46
9303203,5,5,0,0,2,3,3
9505219,70,13,57,214,70,0,0
9905550,42,2,40,193,0,42,339
9610425,19,3,16,52,0,19,115
9911404,11,1,10,20,0,11,126
9405314,11,5,6,8,1,10,10
9512395,10,3,7,10,2,8,54
9502206,42,4,38,174,3,39,114
9302208,64,14,50,143,60,4,4
9308274,48,12,36,152,32,16,18
106141,6,1,5,10,0,6,27
9808344,9,4,5,9,0,9,60
9807247,8,2,6,8,2,6,12
9206239,15,4,11,35,15,0,0
9308257,13,8,5,8,8,5,5
9807351,15,6,9,30,10,5,12
9208232,1,1,0,0,1,0,0
9708294,9,5,4,6,1,8,35
9408233,29,12,17,35,12,17,18
9705357,42,10,32,130,1,41,235
9812476,15,8,7,15,4,11,18
9501307,77,21,56,353,12,65,84
9803241,48,5,43,227,0,48,244
9903516,49,7,42,307,2,47,406
9912388,31,8,23,79,0,31,238
9801285,2,2,0,0,0,2,4
8208,55,5,50,298,2,53,606
9905448,31,2,29,190,0,31,214
9912409,43,5,38,175,0,43,559
9411330,17,1,16,41,1,16,57
9507314,12,1,11,28,0,12,28
1171,31,5,26,105,1,30,88
9302270,18,2,16,26,18,0,0
207243,8,2,6,16,0,8,45
9802223,4,3,1,1,0,4,10
9304319,35,11,24,66,29,6,6
9810374,27,10,17,33,2,25,126
9312251,29,11,18,43,18,11,16
9707209,42,19,23,50,10,32,68
9308277,31,15,16,27,30,1,1
9607292,38,5,33,113,38,0,0
9904438,3,1,2,3,0,3,14
9706408,15,3,12,34,0,15,61
9410282,62,8,54,246,32,30,40
9512425,12,8,4,8,6,6,45
9609524,32,3,29,78,9,23,125
9406258,37,4,33,202,7,30,31
9908378,13,2,11,30,1,12,99
9511385,34,3,31,118,2,32,58
9908385,27,2,25,107,0,27,112
9703464,81,4,77,561,21,60,266
9701273,7,1,6,8,0,7,8
9607433,41,8,33,133,18,23,32
9804285,33,7,26,129,8,25,37
9206219,9,8,1,2,9,0,0
9902467,112,3,109,929,3,109,525
9505422,77,17,60,188,68,9,17
9605451,7,1,6,13,0,7,66
9409353,1,1,0,0,0,1,5
9602324,21,5,16,44,0,21,121
9704445,11,3,8,21,2,9,26
9805232,38,10,28,128,25,13,13
9506364,18,6,12,37,4,14,86
9308208,37,11,26,112,28,9,9
9810479,75,11,64,366,5,70,326
9501407,60,3,57,323,17,43,73
9505300,3,3,0,0,3,0,0
9602385,34,6,28,102,26,8,8
9801415,15,5,10,30,3,12,55
4043,75,6,69,390,2,73,560
9911496,40,4,36,195,1,39,176
4169,33,6,27,92,6,27,140
9912324,9,5,4,6,3,6,25
9195,19,5,14,28,0,19,223
9902237,36,6,30,119,1,35,156
9811362,29,4,25,142,0,29,191
105267,43,8,35,126,1,42,182
9504283,5,1,4,9,0,5,12
9803451,14,6,8,14,0,14,122
106207,113,5,108,613,76,37,74
11307,26,6,20,62,2,24,81
9302249,40,10,30,89,40,0,0
9504335,8,3,5,8,0,8,11
101133,10,4,6,9,1,9,63
7289,28,2,26,112,9,19,38
9706213,5,2,3,4,1,4,13
9904244,7,3,4,5,1,6,22
9809552,8,3,5,8,2,6,26
9610456,13,4,9,25,1,12,98
9310206,5,3,2,4,1,4,4
9407250,10,8,2,4,1,9,14
9412327,63,19,44,130,55,8,8
10117,14,5,9,14,0,14,163
9906327,32,4,28,115,0,32,308
9910277,12,4,8,10,0,12,92
9704372,7,6,1,2,7,0,0
9710539,25,5,20,58,3,22,42
10075,40,1,39,344,1,39,521
109078,31,2,29,158,0,31,405
207182,4,4,0,0,0,4,5
108033,10,9,1,1,0,10,68
11133,4,2,2,3,0,4,5
11014,74,40,34,71,7,67,85
2178,50,7,43,172,0,50,347
9502213,6,3,3,4,6,0,0
9501253,0,0,0,0,0,0,0
212269,3,3,0,0,0,3,17
9062,12,8,4,4,0,12,35
105084,16,3,13,53,1,15,53
9401313,1,1,0,0,0,1,1
9211279,2,2,0,0,2,0,0
5185,12,3,9,19,1,11,70
4175,6,2,4,5,0,6,49
9211328,23,2,21,89,23,0,0
3055,17,3,14,66,2,15,27
9408282,16,5,11,26,16,0,0
9901404,36,9,27,50,19,17,31
9812488,18,6,12,24,3,15,42
2263,3,3,0,0,0,3,11
9505222,16,3,13,24,0,16,57
11021,1,1,0,0,0,1,4
9804327,3,2,1,1,0,3,20
9412346,12,4,8,18,1,11,46
9903496,15,7,8,14,0,15,45
9609250,11,2,9,18,2,9,20
9412363,13,4,9,16,4,9,16
9406386,86,7,79,668,29,57,83
9410333,25,8,17,58,2,23,26
9307315,10,3,7,24,3,7,7
9312361,1,1,0,0,1,0,0
9903449,13,8,5,5,11,2,2
9607294,5,5,0,0,0,5,24
9606355,6,1,5,11,2,4,6
9405218,57,7,50,230,36,21,32
9609527,15,6,9,20,0,15,106
110020,9,3,6,17,0,9,122
9708214,8,3,5,9,0,8,85
9712213,15,2,13,29,0,15,125
9410228,9,4,5,11,3,6,17
9912326,12,4,8,31,12,0,0
9410345,61,13,48,227,26,35,54
9310321,9,6,3,4,9,0,0
9306299,6,4,2,2,6,0,0
9706502,6,4,2,3,2,4,4
9803337,15,3,12,19,2,13,35
10334,19,4,15,39,2,17,138
9712352,11,5,6,8,11,0,0
9706525,11,5,6,8,8,3,3
9611256,5,3,2,2,4,1,1
6287,2,2,0,0,0,2,4
9911286,18,6,12,22,3,15,26
9407204,37,7,30,113,13,24,37
9604264,20,5,15,28,7,13,41
9604331,9,5,4,6,0,9,18
9406274,18,3,15,36,18,0,0
9708482,2,2,0,0,0,2,2
9610406,5,2,3,4,1,4,7
204221,12,5,7,13,0,12,74
111002,6,2,4,5,3,3,5
9512309,12,3,9,20,2,10,22
9403396,9,5,4,5,1,8,25
9512410,15,2,13,64,2,13,25
9607275,14,2,12,40,0,14,47
9604263,2,1,1,1,2,0,0
9706437,6,2,4,6,1,5,16
9903519,4,1,3,6,0,4,12
9707438,7,3,4,6,2,5,28
9410340,18,6,12,25,17,1,1
9606202,6,4,2,3,0,6,9
9711392,14,7,7,12,2,12,41
9311296,13,7,6,9,10,3,4
9503296,28,6,22,69,2,26,69
9505221,2,2,0,0,0,2,9
9409346,2,2,0,0,0,2,2
9604301,28,6,22,91,5,23,92
107150,23,10,13,35,1,22,197
104088,16,8,8,15,3,13,38
105105,24,10,14,33,1,23,121
2168,9,6,3,5,0,9,72
9508323,10,8,2,2,7,3,3
9912452,9,4,5,12,0,9,44
9301272,4,3,1,3,4,0,0
9602404,12,1,11,33,0,12,72
9909561,12,5,7,8,2,10,31
112279,11,4,7,22,0,11,31
9283,1,1,0,0,0,1,5
9404349,9,2,7,11,3,6,6
9310359,3,2,1,2,3,0,0
9603347,5,4,1,2,0,5,15
9910345,3,3,0,0,0,3,8
9712464,24,8,16,32,2,22,147
107129,16,6,10,26,0,16,105
9903462,16,1,15,54,0,16,101
9402290,1,1,0,0,1,0,0
9705452,28,4,24,68,2,26,61
9506405,2,1,1,1,0,2,10
103137,5,3,2,3,0,5,23
209229,0,0,0,0,0,0,0
9810534,9,3,6,9,0,9,38
9907229,11,3,8,19,1,10,30
9911365,8,6,2,3,0,8,60
9908415,15,5,10,26,0,15,68
107153,7,6,1,1,6,1,2
102308,13,3,10,25,0,13,71
9710214,18,5,13,43,0,18,116
9501274,6,4,2,3,6,0,0
9309336,7,4,3,3,7,0,0
9602356,14,2,12,24,6,8,9
207160,1,1,0,0,0,1,1
9406235,18,7,11,45,1,17,82
1224,10,2,8,17,0,10,35
9610408,28,3,25,113,2,26,137
9911281,0,0,0,0,0,0,0
205210,3,3,0,0,0,3,6
104262,5,2,3,5,0,5,17
9909356,7,4,3,4,0,7,79
9307245,40,5,35,210,36,4,4
9912380,25,7,18,45,3,22,81
9608412,20,4,16,34,18,2,2
3018,8,6,2,2,1,7,40
9507323,8,2,6,9,0,8,25
3317,12,5,7,10,0,12,70
111053,2,2,0,0,0,2,18
9903543,16,9,7,9,2,14,140
9908252,10,3,7,12,0,10,20
9403281,38,7,31,89,38,0,0
9803419,11,5,6,14,3,8,20
9706210,7,1,6,8,0,7,28
9708432,4,4,0,0,0,4,4
9904490,17,6,11,18,15,2,2
109117,12,3,9,20,1,11,142
5139,7,3,4,4,1,6,41
110115,7,6,1,1,0,7,28
9406307,1,1,0,0,0,1,2
101205,8,3,5,12,0,8,104
9308359,10,5,5,8,10,0,0
9508201,5,2,3,4,3,2,4
9903542,5,5,0,0,0,5,24
103258,49,5,44,254,1,48,310
107232,3,3,0,0,3,0,0
9512234,18,4,14,30,3,15,20
9704396,21,6,15,78,0,21,90
5267,4,1,3,3,1,3,14
9709447,12,6,6,11,2,10,20
9707419,6,4,2,2,2,4,4
104293,10,4,6,9,0,10,65
108145,17,3,14,44,1,16,63
111150,54,19,35,124,5,49,316
9807486,8,3,5,8,1,7,17
9701384,41,7,34,228,5,36,144
9402337,41,4,37,201,26,15,24
9708498,6,4,2,3,1,5,15
9704439,4,3,1,1,0,4,9
9307241,80,6,74,613,74,6,16
9908334,15,2,13,31,0,15,59
9706548,7,5,2,2,4,3,9
9509209,3,3,0,0,3,0,0
9703207,4,2,2,3,0,4,8
9606238,13,4,9,19,0,13,44
9904209,8,2,6,14,0,8,39
9403393,1,1,0,0,0,1,2
202034,20,5,15,55,0,20,121
9906411,10,1,9,29,7,3,3
102128,12,8,4,6,4,8,39
112300,27,10,17,28,3,24,160
9412225,8,5,3,4,0,8,56
9703356,10,4,6,12,1,9,29
9603428,18,6,12,44,13,5,5
9601372,3,1,2,2,0,3,16
110146,4,3,1,1,3,1,1
9903288,25,12,13,24,22,3,5
204137,2,1,1,1,0,2,19
202006,13,4,9,22,0,13,66
9901433,24,7,17,29,8,16,67
105113,10,3,7,13,0,10,63
204071,7,2,5,6,1,6,31
205332,7,1,6,10,0,7,58
9606448,3,2,1,1,1,2,3
108005,35,6,29,98,2,33,138
202264,22,8,14,33,5,17,64
9706352,7,3,4,7,3,4,11
9404361,7,3,4,6,7,0,0
9401280,0,0,0,0,0,0,0
9401202,25,4,21,72,25,0,0
9504404,17,5,12,19,1,16,37
205011,3,1,2,2,0,3,11
9812474,4,2,2,5,3,1,1
106112,21,5,16,55,0,21,286
107299,5,2,3,5,0,5,42
9706244,3,1,2,3,0,3,5
9505209,9,3,6,12,9,0,0
9604355,17,4,13,20,2,15,23
9402240,2,1,1,1,2,0,0
3111,5,2,3,4,0,5,88
9511311,11,3,8,15,5,6,7
9507451,5,2,3,4,0,5,19
2070,0,0,0,0,0,0,0
9610375,1,1,0,0,0,1,3
103001,7,3,4,7,1,6,28
9402297,1,1,0,0,1,0,0
9803254,8,3,5,7,1,7,37
9806436,9,1,8,11,4,5,9
9709367,9,4,5,10,0,9,27
4182,0,0,0,0,0,0,0
12157,25,6,19,133,0,25,208
1142,22,3,19,101,1,21,64
9804450,6,5,1,5,0,6,65
9511380,18,10,8,13,3,15,24
9712360,8,2,6,9,2,6,8
9806480,4,3,1,1,0,4,6
9905420,3,2,1,2,0,3,9
9809213,4,1,3,4,3,1,4
9705395,11,2,9,24,0,11,47
8294,16,2,14,25,1,15,184
9701291,14,5,9,27,1,13,34
9903528,9,4,5,14,0,9,55
9708265,6,2,4,6,1,5,9
9903508,2,2,0,0,0,2,6
9902436,5,3,2,2,0,5,19
9703458,1,1,0,0,1,0,0
9703281,3,3,0,0,0,3,36
102021,11,2,9,17,0,11,47
9906406,6,3,3,4,2,4,6
105192,4,2,2,3,0,4,22
9802253,6,2,4,10,0,6,46
4066,20,6,14,30,6,14,30
9302274,8,3,5,18,1,7,7
106022,3,2,1,2,0,3,6
9510326,6,2,4,7,3,3,3
9211246,1,1,0,0,1,0,0
9211232,4,3,1,1,4,0,0
9308374,26,2,24,106,26,0,0
7127,2,1,1,1,0,2,9
9601313,12,4,8,18,2,10,21
9907269,2,2,0,0,1,1,6
9610410,3,3,0,0,3,0,0
9907473,2,1,1,1,0,2,26
9612453,26,5,21,48,0,26,150
1100,2,2,0,0,0,2,10
3072,5,2,3,3,0,5,38
2038,17,7,10,25,3,14,40
9901244,14,9,5,7,2,12,39
9807487,4,2,2,2,1,3,20
4172,6,5,1,1,2,4,10
9909500,6,3,3,3,2,4,11
9404216,7,3,4,6,7,0,0
9810273,7,2,5,10,0,7,55
9904309,2,1,1,1,0,2,4
111179,0,0,0,0,0,0,0
206152,17,9,8,22,0,17,119
9810214,2,2,0,0,0,2,2
9801333,4,4,0,0,0,4,15
9803372,7,4,3,3,1,6,10
110031,10,4,6,12,2,8,11
9312222,1,1,0,0,0,1,2
9512366,15,7,8,16,0,15,72
102278,9,5,4,7,0,9,53
201019,7,3,4,8,0,7,75
9804334,1,1,0,0,0,1,1
9808396,10,7,3,4,1,9,14
9806403,25,8,17,38,2,23,43
9608447,7,2,5,8,7,0,0
7238,12,5,7,14,2,10,26
9612207,5,1,4,6,1,4,4
103319,1,1,0,0,0,1,1
9806419,13,7,6,7,1,12,21
205246,5,2,3,4,0,5,70
110073,3,2,1,1,0,3,34
9909511,0,0,0,0,0,0,0
9312,5,5,0,0,3,2,3
9803273,10,3,7,15,7,3,4
9903306,9,3,6,10,1,8,26
9312347,18,8,10,26,18,0,0
6103,8,5,3,5,2,6,30
9302261,5,4,1,1,5,0,0
9911214,19,1,18,63,0,19,101
9411310,7,3,4,5,4,3,6
9908260,19,4,15,57,1,18,177
9301275,3,2,1,1,3,0,0
9710560,6,5,1,1,0,6,57
9807483,2,1,1,1,0,2,2
9901376,22,4,18,59,3,19,72
9207226,19,4,15,28,19,0,0
9809287,6,5,1,2,1,5,16
9804239,13,9,4,4,0,13,49
209255,1,1,0,0,0,1,3
9611391,11,5,6,15,3,8,19
6327,4,1,3,3,0,4,23
9612388,3,3,0,0,1,2,4
10343,6,6,0,0,2,4,10
5218,9,2,7,15,0,9,41
10322,8,1,7,9,3,5,8
9910287,5,2,3,3,0,5,47
9810239,2,1,1,1,0,2,22
106139,13,9,4,5,0,13,122
9812341,2,2,0,0,0,2,6
8043,15,2,13,39,0,15,58
9901285,0,0,0,0,0,0,0
205305,5,3,2,2,0,5,28
9306232,6,3,3,3,6,0,0
12230,3,3,0,0,0,3,24
209150,1,1,0,0,0,1,4
9806379,3,2,1,1,2,1,1
212125,0,0,0,0,0,0,0
209153,1,1,0,0,1,0,0
9905319,0,0,0,0,0,0,0
9712318,16,8,8,15,4,12,30
9704281,5,2,3,9,5,0,0
208087,12,2,10,28,0,12,84
9309220,4,1,3,4,4,0,0
9610299,8,2,6,20,2,6,9
106002,6,4,2,3,2,4,20
103155,7,2,5,9,0,7,50
9703387,9,3,6,12,0,9,21
9702382,0,0,0,0,0,0,0
207210,3,2,1,1,0,3,31
108018,4,2,2,2,3,1,2
104067,2,2,0,0,0,2,10
9704215,5,4,1,2,0,5,21
9504255,0,0,0,0,0,0,0
9507469,7,2,5,5,7,0,0
9208204,1,1,0,0,1,0,0
7070,5,1,4,8,0,5,5
9708315,2,1,1,1,0,2,6
9703381,4,4,0,0,1,3,8
9704432,6,1,5,8,3,3,4
9801417,2,2,0,0,0,2,8
9605423,12,3,9,37,0,12,21
9502279,12,8,4,8,0,12,12
102019,6,2,4,4,0,6,54
202054,2,2,0,0,0,2,24
201297,23,9,14,27,0,23,162
107318,1,1,0,0,0,1,5
9709312,5,1,4,7,0,5,9
102138,2,1,1,1,0,2,21
9709280,5,3,2,3,0,5,7
6029,5,4,1,1,0,5,18
9710443,1,1,0,0,1,0,0
9507270,1,1,0,0,1,0,0
9903488,5,4,1,1,0,5,32
103140,2,2,0,0,0,2,20
9407297,0,0,0,0,0,0,0
8190,3,2,1,1,1,2,5
9404348,10,9,1,1,10,0,0
9403287,1,1,0,0,1,0,0
101325,10,4,6,12,2,8,39
9908393,7,2,5,8,0,7,25
9809564,1,1,0,0,0,1,2
9907378,6,4,2,4,3,3,3
9196,1,1,0,0,0,1,6
9906441,9,3,6,13,0,9,35
9405279,2,1,1,1,1,1,2
106217,2,1,1,1,2,0,0
9905365,2,2,0,0,0,2,11
9804466,1,1,0,0,0,1,3
9508340,6,2,4,6,3,3,7
6328,6,1,5,7,2,4,5
9602406,5,4,1,1,2,3,3
9502365,1,1,0,0,1,0,0
9908526,8,1,7,11,1,7,7
9705327,17,4,13,58,0,17,84
101199,2,2,0,0,1,1,1
9705261,6,3,3,4,0,6,8
9906518,2,2,0,0,0,2,3
9901324,8,7,1,1,0,8,39
202102,2,2,0,0,0,2,8
9506209,2,2,0,0,2,0,0
9406294,3,2,1,1,0,3,3
9601327,5,4,1,1,1,4,13
9305233,3,1,2,2,3,0,0
9709340,1,1,0,0,0,1,5
4007,3,3,0,0,1,2,5
9409462,1,1,0,0,1,0,0
105146,5,5,0,0,0,5,20
9806466,3,3,0,0,2,1,2
3042,27,8,19,44,6,21,42
9811314,3,3,0,0,1,2,4
9912356,6,3,3,6,0,6,14
9402313,0,0,0,0,0,0,0
9611276,1,1,0,0,0,1,2
9804240,7,6,1,2,2,5,12
9404360,1,1,0,0,0,1,5
9706355,1,1,0,0,1,0,0
9709252,5,3,2,3,1,4,5
104086,5,1,4,8,0,5,56
211076,2,1,1,1,0,2,8
103133,10,2,8,13,0,10,48
9405344,12,7,5,11,12,0,0
9305252,2,1,1,1,2,0,0
9912539,3,1,2,3,0,3,10
12024,3,2,1,1,1,2,6
9810429,0,0,0,0,0,0,0
9802270,6,3,3,6,0,6,34
104136,2,2,0,0,1,1,1
109067,3,2,1,1,0,3,9
9403324,7,2,5,9,0,7,18
104072,4,3,1,1,0,4,22
9406426,3,3,0,0,1,2,3
110266,6,2,4,7,0,6,31
9704451,1,1,0,0,0,1,2
3236,1,1,0,0,0,1,5
9406403,1,1,0,0,0,1,1
9810265,2,2,0,0,0,2,8
9803489,5,4,1,1,0,5,11
11345,1,1,0,0,0,1,1
9909220,1,1,0,0,0,1,1
9707241,0,0,0,0,0,0,0
211181,4,2,2,2,0,4,14
9907412,3,1,2,2,0,3,5
104291,27,10,17,49,13,14,26
9608459,1,1,0,0,1,0,0
209137,2,2,0,0,1,1,8
9802272,2,1,1,1,0,2,15
9711359,3,2,1,1,0,3,4
9712476,13,4,9,24,2,11,54
9410354,5,3,2,3,4,1,1
9903234,14,4,10,18,2,12,24
9408338,1,1,0,0,0,1,1
9601267,7,6,1,1,0,7,20
106308,7,2,5,10,1,6,37
9403258,3,1,2,3,3,0,0
11292,4,2,2,3,2,2,4
205094,1,1,0,0,0,1,2
206217,4,2,2,3,4,0,0
9904377,2,1,1,1,0,2,6
8132,4,3,1,2,0,4,14
109130,7,3,4,6,0,7,21
9908346,0,0,0,0,0,0,0
202223,3,1,2,3,0,3,10
9903444,3,2,1,1,0,3,7
9512297,2,2,0,0,1,1,1
9710263,3,3,0,0,2,1,1
9908510,2,2,0,0,0,2,12
103212,3,2,1,2,0,3,6
206079,5,3,2,2,0,5,50
1098,5,3,2,3,0,5,20
206233,1,1,0,0,0,1,1
9812335,1,1,0,0,0,1,7
9703355,0,0,0,0,0,0,0
9610356,2,2,0,0,0,2,3
9708397,5,2,3,5,5,0,0
9812497,4,3,1,1,0,4,16
205059,1,1,0,0,0,1,2
9406234,1,1,0,0,1,0,0
9408261,10,3,7,13,9,1,1
9511400,2,2,0,0,2,0,0
205100,0,0,0,0,0,0,0
9902301,5,2,3,3,1,4,8
9705303,1,1,0,0,0,1,4
9508361,0,0,0,0,0,0,0
9509381,1,1,0,0,0,1,1
3053,3,3,0,0,0,3,21
9908226,5,4,1,1,5,0,0
9807379,4,2,2,4,1,3,8
9903345,5,1,4,7,0,5,8
110195,4,3,1,2,1,3,24
109224,6,2,4,5,1,5,9
202254,9,5,4,4,1,8,36
9910483,9,5,4,8,0,9,38
9905286,2,1,1,1,2,0,0
206112,1,1,0,0,1,0,0
9304306,1,1,0,0,1,0,0
4232,13,6,7,15,4,9,14
9512412,0,0,0,0,0,0,0
9603438,1,1,0,0,0,1,5
9812376,2,2,0,0,1,1,1
9707312,2,2,0,0,0,2,7
10213,1,1,0,0,0,1,8
9605353,2,2,0,0,2,0,0
9023,1,1,0,0,1,0,0
106312,4,1,3,5,0,4,6
5026,7,3,4,8,0,7,21
9909341,5,2,3,3,0,5,20
11210,1,1,0,0,0,1,1
107178,9,4,5,7,3,6,28
108173,6,4,2,4,0,6,56
104243,6,3,3,3,0,6,33
210433,5,2,3,5,0,5,24
5167,6,2,4,4,1,5,82
11193,0,0,0,0,0,0,0
9905307,1,1,0,0,0,1,1
9704381,3,3,0,0,2,1,1
9608254,1,1,0,0,0,1,3
9910407,6,4,2,2,0,6,33
9810363,10,2,8,17,10,0,0
10280,5,5,0,0,1,4,13
10269,0,0,0,0,0,0,0
9811413,3,1,2,2,0,3,10
9509390,1,1,0,0,0,1,1
9302319,2,2,0,0,2,0,0
204017,3,2,1,1,0,3,11
9606298,1,1,0,0,1,0,0
6203,1,1,0,0,0,1,6
9511404,6,3,3,6,0,6,21
9902342,5,3,2,3,5,0,0
301179,0,0,0,0,0,0,0
206075,0,0,0,0,0,0,0
207174,3,2,1,1,0,3,20
6164,0,0,0,0,0,0,0
9610336,3,1,2,3,0,3,19
203208,5,1,4,6,1,4,52
1032,4,3,1,1,2,2,5
211127,0,0,0,0,0,0,0
8136,4,2,2,3,0,4,6
104022,7,2,5,9,1,6,14
9709374,3,2,1,1,3,0,0
9609409,1,1,0,0,0,1,2
9311212,3,2,1,1,2,1,1
9908465,5,3,2,3,0,5,10
9207256,6,4,2,2,6,0,0
9611226,2,2,0,0,2,0,0
103340,1,1,0,0,0,1,2
301057,2,1,1,1,0,2,20
212242,1,1,0,0,0,1,5
9607277,0,0,0,0,0,0,0
207092,5,1,4,6,0,5,26
301265,0,0,0,0,0,0,0
108201,4,2,2,3,0,4,9
301056,0,0,0,0,0,0,0
9903304,8,2,6,18,1,7,13
206151,2,2,0,0,0,2,2
208185,3,2,1,1,0,3,20
109155,0,0,0,0,0,0,0
9610378,0,0,0,0,0,0,0
110181,8,2,6,16,0,8,12
103169,10,3,7,15,1,9,105
6017,2,2,0,0,0,2,2
9409404,2,2,0,0,2,0,0
204322,0,0,0,0,0,0,0
3135,4,1,3,4,0,4,15
110148,4,2,2,2,0,4,10
9812434,2,2,0,0,2,0,0
9810495,3,3,0,0,2,1,2
9805227,3,2,1,1,0,3,6
105024,0,0,0,0,0,0,0
109041,5,3,2,2,0,5,71
111453,0,0,0,0,0,0,0
9810507,1,1,0,0,0,1,5
9902365,1,1,0,0,0,1,1
110331,4,3,1,1,1,3,26
9602403,1,1,0,0,0,1,4
9905469,1,1,0,0,0,1,2
211421,2,1,1,1,0,2,10
11214,3,1,2,2,0,3,13
9308345,3,2,1,1,0,3,3
112044,5,3,2,2,2,3,9
9911478,0,0,0,0,0,0,0
212367,1,1,0,0,0,1,2
112004,4,3,1,1,1,3,14
209009,1,1,0,0,0,1,12
9909319,0,0,0,0,0,0,0
112134,2,2,0,0,0,2,58
12253,3,2,1,1,0,3,7
110179,0,0,0,0,0,0,0
9902353,3,3,0,0,3,0,0
203200,0,0,0,0,0,0,0
9506466,1,1,0,0,0,1,1
9512247,0,0,0,0,0,0,0
112330,1,1,0,0,0,1,1
3230,0,0,0,0,0,0,0
9908421,1,1,0,0,0,1,3
9404273,3,2,1,1,1,2,11
9912528,1,1,0,0,1,0,0
9504227,0,0,0,0,0,0,0
9911215,2,1,1,1,0,2,27
102260,0,0,0,0,0,0,0
202071,3,3,0,0,0,3,6
106177,1,1,0,0,0,1,1
9609322,1,1,0,0,0,1,3
9705291,5,1,4,6,5,0,0
9612296,1,1,0,0,0,1,4
9805464,0,0,0,0,0,0,0
211175,0,0,0,0,0,0,0
9901303,0,0,0,0,0,0,0
9811309,3,2,1,1,3,0,0
9511238,3,3,0,0,3,0,0
10251,2,1,1,1,0,2,13
9509221,0,0,0,0,0,0,0
9409207,5,2,3,4,5,0,0
9308331,2,2,0,0,2,0,0
208181,0,0,0,0,0,0,0
9212223,2,1,1,1,2,0,0
9706403,3,3,0,0,3,0,0
207118,1,1,0,0,0,1,2
209373,1,1,0,0,0,1,2
112040,1,1,0,0,0,1,2
9606441,2,2,0,0,2,0,0
9812218,0,0,0,0,0,0,0
9908278,0,0,0,0,0,0,0
9605275,2,1,1,1,1,1,1
9609506,0,0,0,0,0,0,0
108078,2,2,0,0,0,2,9
9708471,1,1,0,0,0,1,1
9802213,1,1,0,0,0,1,2
9504416,0,0,0,0,0,0,0
9808243,1,1,0,0,0,1,5
9910452,2,1,1,1,0,2,4
9511427,1,1,0,0,1,0,0
204036,1,1,0,0,0,1,2
9909210,4,3,1,1,0,4,8
9404316,1,1,0,0,1,0,0
9306284,2,2,0,0,0,2,2
9708331,0,0,0,0,0,0,0
211103,1,1,0,0,0,1,26
110274,1,1,0,0,1,0,0
9401318,1,1,0,0,1,0,0
9907538,2,2,0,0,1,1,1
212312,1,1,0,0,0,1,13
9904361,1,1,0,0,0,1,11
9611298,1,1,0,0,0,1,1
207075,0,0,0,0,0,0,0
9603268,1,1,0,0,0,1,4
12032,5,5,0,0,0,5,12
302148,0,0,0,0,0,0,0
9803444,1,1,0,0,0,1,1
12363,2,1,1,1,1,1,2
9902300,3,1,2,3,3,0,0
9409234,0,0,0,0,0,0,0
205262,2,1,1,1,0,2,17
9509367,0,0,0,0,0,0,0
9804324,0,0,0,0,0,0,0
211248,0,0,0,0,0,0,0
9901335,0,0,0,0,0,0,0
9911376,2,1,1,1,1,1,2
9403332,3,3,0,0,1,2,7
9912246,1,1,0,0,0,1,2
205115,0,0,0,0,0,0,0
209031,0,0,0,0,0,0,0
104069,0,0,0,0,0,0,0
9912437,1,1,0,0,0,1,1
9043,2,2,0,0,1,1,4
9605458,0,0,0,0,0,0,0
109060,0,0,0,0,0,0,0
104125,0,0,0,0,0,0,0
106318,2,1,1,1,0,2,8
10346,1,1,0,0,1,0,0
9702283,4,3,1,1,3,1,1
9810217,1,1,0,0,0,1,3
206177,1,1,0,0,1,0,0
10154,1,1,0,0,0,1,13
210371,2,2,0,0,0,2,27
101198,0,0,0,0,0,0,0
12111,0,0,0,0,0,0,0
302163,0,0,0,0,0,0,0
9704261,0,0,0,0,0,0,0
211185,0,0,0,0,0,0,0
9405251,0,0,0,0,0,0,0
9512353,1,1,0,0,1,0,0
109187,0,0,0,0,0,0,0
9310295,1,1,0,0,1,0,0
210429,1,1,0,0,0,1,14
210321,0,0,0,0,0,0,0
9608414,0,0,0,0,0,0,0
210017,0,0,0,0,0,0,0
9904204,1,1,0,0,0,1,3
301051,0,0,0,0,0,0,0
9511211,1,1,0,0,0,1,2
301216,1,1,0,0,0,1,6
211168,0,0,0,0,0,0,0
211340,1,1,0,0,0,1,5
6267,2,2,0,0,0,2,12
109055,0,0,0,0,0,0,0
9404297,1,1,0,0,0,1,2
9803224,0,0,0,0,0,0,0
201122,0,0,0,0,0,0,0
203125,0,0,0,0,0,0,0
302206,0,0,0,0,0,0,0
109219,0,0,0,0,0,0,0
9512409,0,0,0,0,0,0,0
12340,2,2,0,0,0,2,15
9906455,1,1,0,0,1,0,0
9807338,1,1,0,0,0,1,2
9510446,0,0,0,0,0,0,0
2219,0,0,0,0,0,0,0
9906237,0,0,0,0,0,0,0
208011,0,0,0,0,0,0,0
9409268,0,0,0,0,0,0,0
9303222,1,1,0,0,1,0,0
9910317,3,1,2,2,3,0,0
9710315,1,1,0,0,0,1,4
212077,0,0,0,0,0,0,0
9803437,1,1,0,0,0,1,2
211416,0,0,0,0,0,0,0
210308,0,0,0,0,0,0,0
211152,0,0,0,0,0,0,0
6012,3,1,2,2,1,2,10
9910265,2,2,0,0,0,2,10
9807213,3,3,0,0,0,3,4
211183,0,0,0,0,0,0,0
104140,0,0,0,0,0,0,0
105315,0,0,0,0,0,0,0
207215,1,1,0,0,0,1,1
110238,4,1,3,4,0,4,30
212171,0,0,0,0,0,0,0
9905378,2,2,0,0,0,2,8
206073,1,1,0,0,0,1,14
9602312,1,1,0,0,1,0,0
202253,2,2,0,0,0,2,3
9164,1,1,0,0,0,1,3
9707527,0,0,0,0,0,0,0
12149,0,0,0,0,0,0,0
202169,1,1,0,0,0,1,3
212350,1,1,0,0,0,1,16
9912553,0,0,0,0,0,0,0
9612382,0,0,0,0,0,0,0
9808494,0,0,0,0,0,0,0
104094,0,0,0,0,0,0,0
209366,2,1,1,1,0,2,18
8218,0,0,0,0,0,0,0
104023,0,0,0,0,0,0,0
301107,0,0,0,0,0,0,0
111388,1,1,0,0,0,1,2
302221,0,0,0,0,0,0,0
9410386,1,1,0,0,1,0,0
9706308,1,1,0,0,0,1,1
9707498,0,0,0,0,0,0,0
302191,2,2,0,0,0,2,8
9805415,0,0,0,0,0,0,0
9907537,2,1,1,1,0,2,6
9708387,0,0,0,0,0,0,0
11051,0,0,0,0,0,0,0
9904212,0,0,0,0,0,0,0
9509330,0,0,0,0,0,0,0
206108,0,0,0,0,0,0,0
212187,0,0,0,0,0,0,0
9707414,0,0,0,0,0,0,0
9710536,0,0,0,0,0,0,0
207039,0,0,0,0,0,0,0
9810339,0,0,0,0,0,0,0
211303,1,1,0,0,0,1,8
110131,0,0,0,0,0,0,0
9705262,0,0,0,0,0,0,0
9907459,0,0,0,0,0,0,0
211345,2,2,0,0,2,0,0
210287,1,1,0,0,0,1,11
9808416,0,0,0,0,0,0,0
11180,0,0,0,0,0,0,0
209079,1,1,0,0,0,1,9
9907309,0,0,0,0,0,0,0
3269,0,0,0,0,0,0,0
302255,0,0,0,0,0,0,0
202091,0,0,0,0,0,0,0
9401293,1,1,0,0,1,0,0
9608485,0,0,0,0,0,0,0
9503345,0,0,0,0,0,0,0
9912518,0,0,0,0,0,0,0
9411292,1,1,0,0,1,0,0
9611291,0,0,0,0,0,0,0
9602228,0,0,0,0,0,0,0
212260,0,0,0,0,0,0,0
209215,0,0,0,0,0,0,0
9909493,0,0,0,0,0,0,0
202173,0,0,0,0,0,0,0
9085,0,0,0,0,0,0,0
9908440,0,0,0,0,0,0,0
9811244,0,0,0,0,0,0,0
9902366,2,2,0,0,2,0,0
302171,0,0,0,0,0,0,0
211092,0,0,0,0,0,0,0
111468,2,2,0,0,0,2,3
4167,0,0,0,0,0,0,0
9708309,1,1,0,0,0,1,1
207279,0,0,0,0,0,0,0
9801256,0,0,0,0,0,0,0
9906309,0,0,0,0,0,0,0
9511249,1,1,0,0,1,0,0
9709434,0,0,0,0,0,0,0
8015,0,0,0,0,0,0,0
9504317,0,0,0,0,0,0,0
9904482,0,0,0,0,0,0,0
6294,0,0,0,0,0,0,0
5252,0,0,0,0,0,0,0
9705455,0,0,0,0,0,0,0
9611211,0,0,0,0,0,0,0
9911279,1,1,0,0,0,1,2
112033,0,0,0,0,0,0,0
208166,0,0,0,0,0,0,0
9805285,0,0,0,0,0,0,0
2201,0,0,0,0,0,0,0
9804369,5,1,4,7,0,5,11
201016,0,0,0,0,0,0,0
2298,1,1,0,0,1,0,0
207175,0,0,0,0,0,0,0
12182,0,0,0,0,0,0,0
12312,0,0,0,0,0,0,0
1010,0,0,0,0,0,0,0
206165,0,0,0,0,0,0,0
9506460,0,0,0,0,0,0,0
9901393,0,0,0,0,0,0,0
109086,0,0,0,0,0,0,0
9905430,1,1,0,0,1,0,0
105117,0,0,0,0,0,0,0
9904251,0,0,0,0,0,0,0
101126,0,0,0,0,0,0,0
210081,0,0,0,0,0,0,0
106006,0,0,0,0,0,0,0
4149,0,0,0,0,0,0,0
107296,0,0,0,0,0,0,0
209209,0,0,0,0,0,0,0
208135,0,0,0,0,0,0,0
9805374,1,1,0,0,0,1,11
104212,0,0,0,0,0,0,0
104194,0,0,0,0,0,0,0
9506342,0,0,0,0,0,0,0
8278,0,0,0,0,0,0,0
9806399,0,0,0,0,0,0,0
9706460,0,0,0,0,0,0,0
202260,0,0,0,0,0,0,0
212224,0,0,0,0,0,0,0
9505348,0,0,0,0,0,0,0
9810256,0,0,0,0,0,0,0
9609223,0,0,0,0,0,0,0
210229,0,0,0,0,0,0,0
102220,0,0,0,0,0,0,0
9603385,0,0,0,0,0,0,0
9611349,0,0,0,0,0,0,0
9605263,0,0,0,0,0,0,0
9809400,1,1,0,0,1,0,0
9611287,0,0,0,0,0,0,0
201013,0,0,0,0,0,0,0
7026,0,0,0,0,0,0,0
9505370,0,0,0,0,0,0,0
9602371,0,0,0,0,0,0,0
9344,0,0,0,0,0,0,0
101339,0,0,0,0,0,0,0
9407371,0,0,0,0,0,0,0
302233,0,0,0,0,0,0,0
9505401,0,0,0,0,0,0,0
4224,0,0,0,0,0,0,0
9604318,0,0,0,0,0,0,0
9912541,0,0,0,0,0,0,0
9912314,1,1,0,0,1,0,0
102024,0,0,0,0,0,0,0
9609461,0,0,0,0,0,0,0
9805381,0,0,0,0,0,0,0
9311206,0,0,0,0,0,0,0
9306312,0,0,0,0,0,0,0
9812343,0,0,0,0,0,0,0
107333,0,0,0,0,0,0,0
4174,0,0,0,0,0,0,0
9504298,0,0,0,0,0,0,0
9403299,0,0,0,0,0,0,0
9905306,0,0,0,0,0,0,0
9912381,0,0,0,0,0,0,0
9307227,0,0,0,0,0,0,0
9902373,1,1,0,0,0,1,3
106215,1,1,0,0,1,0,0
7106,0,0,0,0,0,0,0
211410,0,0,0,0,0,0,0
9709253,0,0,0,0,0,0,0
9310249,0,0,0,0,0,0,0
101255,0,0,0,0,0,0,0
9409331,0,0,0,0,0,0,0
211203,0,0,0,0,0,0,0
9703323,0,0,0,0,0,0,0
209163,0,0,0,0,0,0,0
111119,0,0,0,0,0,0,0
210230,0,0,0,0,0,0,0
212363,0,0,0,0,0,0,0
111273,0,0,0,0,0,0,0
302033,0,0,0,0,0,0,0
211201,0,0,0,0,0,0,0
211435,0,0,0,0,0,0,0
9905345,0,0,0,0,0,0,0
208133,0,0,0,0,0,0,0
1289,0,0,0,0,0,0,0
212285,0,0,0,0,0,0,0
301044,0,0,0,0,0,0,0
207111,0,0,0,0,0,0,0
207088,0,0,0,0,0,0,0
9609514,0,0,0,0,0,0,0
9907566,0,0,0,0,0,0,0
9512289,0,0,0,0,0,0,0
9711388,0,0,0,0,0,0,0
112041,0,0,0,0,0,0,0
9502335,48,19,29,81,10,38,89
112008,3,3,0,0,0,3,13
6357,1,1,0,0,0,1,3
9607366,41,5,36,203,20,21,31
9207222,18,3,15,44,18,0,0
9405259,49,7,42,243,17,32,40
9508272,24,6,18,51,3,21,162
9806308,78,6,72,409,13,65,449
9708222,62,7,55,252,2,60,231
9407406,17,5,12,23,17,0,0
9509420,4,3,1,1,3,1,1
9407408,47,8,39,148,30,17,17
9511342,62,11,51,232,20,42,91
9604223,61,10,51,282,16,45,82
104199,7,3,4,5,0,7,44
9312210,42,11,31,163,26,16,21
9605419,13,3,10,29,2,11,29
9706412,9,4,5,11,0,9,33
9809306,7,3,4,5,0,7,9
205126,2,2,0,0,2,0,0
111297,1,1,0,0,0,1,12
9506427,35,13,22,60,3,32,113
9809523,18,12,6,13,5,13,38
9906419,29,6,23,50,8,21,56
9410338,82,16,66,215,28,54,78
9711308,32,10,22,48,11,21,47
9407301,3,2,1,1,2,1,2
111314,9,6,3,5,0,9,70
102263,0,0,0,0,0,0,0
9901206,32,4,28,122,32,0,0
9301276,50,8,42,210,50,0,0
9410310,42,2,40,92,26,16,21
9312323,17,11,6,6,17,0,0
9207245,39,10,29,96,39,0,0
9403364,89,14,75,354,89,0,0
9406417,28,10,18,37,7,21,31
9608253,41,12,29,99,11,30,30
9807353,127,10,117,873,6,121,427
9910554,15,2,13,38,0,15,80
9311204,84,22,62,386,74,10,12
9809205,11,5,6,8,3,8,17
9807308,7,2,5,10,0,7,53
9905440,16,4,12,21,4,12,29
9810501,31,5,26,118,2,29,59
9408277,2,2,0,0,2,0,0
9802201,46,8,38,146,21,25,69
9702372,20,14,6,7,7,13,66
9805311,14,2,12,25,4,10,14
9609343,28,2,26,112,3,25,41
9208230,32,11,21,38,22,10,10
9806256,7,5,2,2,1,6,19
9711259,24,2,22,108,13,11,16
9403312,21,4,17,56,12,9,9
9606289,47,4,43,169,32,15,15
9606260,76,3,73,453,17,59,160
9706385,12,3,9,34,0,12,36
9410384,43,13,30,86,34,9,9
9807359,7,1,6,9,5,2,2
9511239,23,7,16,44,7,16,29
9602399,4,4,0,0,1,3,3
9410285,5,3,2,2,0,5,11
9405253,34,6,28,131,4,30,53
9504337,18,6,12,29,10,8,15
9703436,54,8,46,172,12,42,160
9308238,4,3,1,1,2,2,2
9909202,38,3,35,212,2,36,84
101336,51,14,37,149,1,50,1102
9711262,77,3,74,753,4,73,392
6175,17,5,12,27,0,17,106
9211248,91,18,73,272,56,35,40
9309335,37,9,28,73,32,5,5
9610233,90,9,81,905,2,88,450
9705271,59,14,45,200,3,56,384
9807514,2,2,0,0,2,0,0
9410413,6,4,2,2,1,5,5
9806423,21,6,15,27,5,16,41
104280,9,3,6,14,0,9,40
9703277,28,2,26,74,4,24,41
9605221,46,2,44,242,4,42,106
107320,8,5,3,3,0,8,74
9901378,10,4,6,8,1,9,20
9804252,45,6,39,210,2,43,250
9809302,1,1,0,0,0,1,20
9406428,23,5,18,90,4,19,27
9511205,50,15,35,125,50,0,0
9602235,33,8,25,62,17,16,52
9803269,10,3,7,14,0,10,37
9709460,9,3,6,7,9,0,0
9804398,544,7,537,6749,10,534,804
9602270,2,2,0,0,0,2,2
9305345,92,15,77,568,44,48,48
9406419,4,2,2,2,4,0,0
9705432,26,7,19,51,5,21,25
9808492,2,2,0,0,0,2,2
9306240,55,8,47,270,12,43,61
9409265,30,1,29,138,7,23,114
9711292,25,2,23,108,0,25,68
9604272,50,14,36,103,25,25,57
9606427,69,4,65,431,12,57,196
9504245,24,12,12,31,18,6,6
9503386,8,1,7,18,0,8,16
9609445,39,4,35,110,3,36,76
9811478,0,0,0,0,0,0,0
9811492,25,5,20,62,7,18,93
9507216,104,18,86,431,21,83,144
9308353,6,3,3,3,6,0,0
9603276,28,4,24,83,12,16,25
9402360,112,13,99,739,112,0,0
9610518,20,6,14,32,2,18,123
9204229,60,23,37,165,50,10,10
9408215,41,17,24,55,35,6,6
9602265,40,3,37,123,25,15,15
9607400,15,6,9,21,14,1,1
9402276,19,3,16,37,5,14,22
105340,1,1,0,0,0,1,3
9408273,23,9,14,40,23,0,0
9903478,42,2,40,152,1,41,307
9807396,7,2,5,12,0,7,31
9301236,77,7,70,358,77,0,0
9401210,17,8,9,17,4,13,13
9809215,7,2,5,17,0,7,30
9302298,23,12,11,34,23,0,0
9708365,4,2,2,2,4,0,0
9411238,1,1,0,0,1,0,0
9811520,8,1,7,12,1,7,40
9901207,11,4,7,8,0,11,65
9502336,95,38,57,163,44,51,62
9803400,37,7,30,67,3,34,77
9904344,26,5,21,86,4,22,33
9709442,61,4,57,250,3,58,264
9801381,1,1,0,0,0,1,5
9058,22,11,11,24,2,20,275
9905523,63,1,62,533,0,63,451
9605342,89,24,65,228,11,78,331
9411370,1,1,0,0,0,1,1
9603293,3,2,1,1,3,0,0
3150,16,4,12,25,0,16,84
9407314,19,9,10,16,7,12,12
210133,6,2,4,6,0,6,52
9211296,8,5,3,3,8,0,0
9407303,34,14,20,52,31,3,4
9810442,155,6,149,1046,35,120,335
9403240,67,15,52,190,50,17,17
9803391,45,4,41,177,17,28,58
9511324,27,9,18,43,7,20,45
9705444,45,13,32,113,4,41,117
9409367,17,6,11,17,17,0,0
9706439,16,3,13,25,1,15,45
9705201,31,5,26,124,1,30,264
9304226,4,4,0,0,4,0,0
9610458,16,1,15,69,0,16,48
9412215,43,17,26,125,38,5,5
9206257,13,7,6,10,13,0,0
9511402,50,3,47,222,4,46,150
9908529,27,5,22,75,2,25,50
9707364,60,4,56,428,1,59,289
9610394,4,4,0,0,3,1,1
9903303,9,5,4,8,0,9,41
9209236,19,4,15,52,19,0,0
9206221,10,7,3,6,10,0,0
9903387,10,8,2,3,2,8,21
9601353,28,11,17,46,4,24,29
9204238,17,5,12,36,17,0,0
9410214,8,3,5,11,1,7,11
9604202,44,9,35,95,3,41,189
9707217,14,5,9,13,0,14,108
9805335,33,6,27,138,2,31,174
9507290,10,6,4,7,6,4,8
9310212,54,8,46,108,12,42,102
9904295,7,4,3,5,1,6,18
9508288,24,3,21,85,2,22,53
9511464,10,1,9,27,4,6,6
9612267,14,4,10,30,0,14,20
9804399,7,2,5,8,0,7,35
7113,37,2,35,135,0,37,258
1229,19,3,16,63,0,19,117
9212,30,4,26,69,1,29,215
206271,0,0,0,0,0,0,0
11356,18,11,7,11,0,18,136
9904469,14,5,9,18,1,13,104
9908311,32,4,28,126,0,32,293
107069,14,3,11,27,0,14,234
9504322,4,3,1,1,3,1,1
9904367,11,3,8,23,2,9,41
106247,148,16,132,702,30,118,285
4204,2,1,1,1,0,2,3
9304208,13,8,5,9,13,0,0
9503251,25,3,22,92,25,0,0
11241,78,4,74,516,2,76,1051
8152,21,4,17,66,1,20,84
9706529,29,6,23,48,1,28,131
9904317,6,4,2,2,3,3,7
9707224,33,5,28,144,3,30,90
9407293,17,3,14,70,17,0,0
9803250,8,5,3,3,3,5,13
9503476,18,7,11,24,6,12,27
9506338,14,3,11,34,14,0,0
2199,56,6,50,275,0,56,312
9906431,24,4,20,52,0,24,516
9912455,8,7,1,1,1,7,61
9905503,3,3,0,0,2,1,6
9807236,17,4,13,37,1,16,40
10212,45,2,43,352,0,45,547
109079,26,3,23,110,1,25,150
208096,9,2,7,13,0,9,51
108069,9,4,5,12,1,8,48
103123,16,3,13,26,0,16,120
11097,13,2,11,46,0,13,132
2224,27,4,23,123,0,27,151
9510449,99,17,82,429,12,87,274
9305269,44,9,35,160,44,0,0
7100,11,3,8,18,0,11,58
10192,19,5,14,29,0,19,158
106140,16,2,14,44,1,15,59
9212301,45,10,35,128,45,0,0
9302215,1,1,0,0,1,0,0
103251,7,3,4,7,1,6,30
5265,1,1,0,0,0,1,11
9507344,13,3,10,30,11,2,5
9508317,21,6,15,36,6,15,18
9410259,22,8,14,36,6,16,53
9903554,36,8,28,98,26,10,20
9905369,14,9,5,6,7,7,29
6138,5,3,2,2,0,5,26
9911347,3,3,0,0,1,2,4
11064,4,3,1,1,0,4,24
9804412,11,3,8,13,2,9,13
9408375,8,4,4,6,8,0,0
9908384,11,2,9,13,2,9,18
9702311,2,2,0,0,0,2,2
9509311,75,15,60,193,14,61,109
9410237,38,8,30,125,21,17,23
9508409,52,8,44,131,1,51,163
9502270,40,3,37,137,29,11,11
9403220,1,1,0,0,1,0,0
9909537,6,4,2,2,1,5,9
9610449,47,4,43,133,13,34,130
9608373,7,4,3,4,1,6,36
9205236,1,1,0,0,1,0,0
9309257,26,6,20,70,11,15,22
112045,19,5,14,26,3,16,39
9711266,21,2,19,66,3,18,29
9712535,31,6,25,116,0,31,248
9605226,3,2,1,1,1,2,7
7178,6,5,1,1,0,6,46
9507465,32,4,28,87,19,13,14
9406212,47,20,27,71,15,32,52
9306302,3,3,0,0,2,1,1
9707352,16,2,14,55,0,16,31
8102,27,9,18,53,0,27,331
2250,28,4,24,79,0,28,215
9806386,16,4,12,21,8,8,24
9708280,4,4,0,0,3,1,1
9707503,2,1,1,1,2,0,0
101059,2,2,0,0,0,2,18
9511217,31,5,26,85,20,11,11
9502271,14,5,9,16,6,8,12
9611326,8,3,5,6,1,7,24
9605456,74,9,65,343,11,63,115
1272,11,5,6,7,0,11,53
9602241,2,1,1,1,2,0,0
9611249,2,1,1,1,1,1,7
9707345,37,14,23,54,4,33,106
201066,5,2,3,3,0,5,19
9904492,4,1,3,6,0,4,10
9405261,5,3,2,3,0,5,18
9605207,12,4,8,44,0,12,28
9607472,5,2,3,4,0,5,14
9604382,3,1,2,3,2,1,5
9706448,5,2,3,4,1,4,21
9602432,12,8,4,4,11,1,1
9710257,14,4,10,24,3,11,54
9412384,21,6,15,33,3,18,21
9712311,1,1,0,0,1,0,0
9710401,72,7,65,483,2,70,770
9312221,35,16,19,41,7,28,79
9503335,2,2,0,0,0,2,9
9510230,3,3,0,0,0,3,18
9812429,4,3,1,2,0,4,6
9311332,32,6,26,95,31,1,1
108043,24,9,15,65,1,23,180
105261,7,5,2,3,0,7,70
9909512,10,4,6,9,1,9,20
9809491,4,1,3,5,0,4,13
9509382,3,2,1,1,3,0,0
9404243,11,2,9,19,2,9,12
9404259,5,4,1,1,1,4,6
9510311,11,1,10,25,0,11,111
11183,4,2,2,3,0,4,30
9606486,28,4,24,83,28,0,0
9806470,2,2,0,0,0,2,2
9610223,20,8,12,19,15,5,5
9510231,1,1,0,0,0,1,2
9604260,12,3,9,19,0,12,59
9701308,19,6,13,43,12,7,12
9903237,2,2,0,0,1,1,2
9208233,29,7,22,55,29,0,0
11227,4,1,3,3,0,4,9
3105,18,1,17,77,3,15,46
9805360,11,2,9,31,3,8,11
9507220,8,1,7,20,2,6,14
104176,4,3,1,1,0,4,21
2058,2,1,1,1,0,2,7
9903432,8,1,7,15,0,8,14
9907436,34,3,31,124,2,32,151
9902273,21,2,19,125,0,21,241
9909399,4,1,3,4,0,4,17
4145,6,2,4,6,0,6,15
104145,18,8,10,28,1,17,40
9805389,54,13,41,184,2,52,267
9507436,21,5,16,33,10,11,20
9310306,12,8,4,4,6,6,10
9702354,28,3,25,81,2,26,81
9304211,31,3,28,111,31,0,0
9407317,25,7,18,87,1,24,73
2130,6,3,3,6,0,6,9
9712245,13,6,7,12,0,13,113
9904470,1,1,0,0,0,1,4
7003,5,3,2,2,1,4,33
108135,7,3,4,5,0,7,46
9909559,4,2,2,2,1,3,9
9607443,6,2,4,6,0,6,53
10136,6,6,0,0,2,4,6
9905453,19,5,14,39,10,9,17
9912515,12,4,8,20,0,12,35
9410270,7,5,2,2,7,0,0
9906417,9,6,3,3,0,9,72
102186,2,1,1,1,0,2,8
9142,2,2,0,0,0,2,7
9803232,13,2,11,36,1,12,70
9602246,29,8,21,45,3,26,64
9804244,4,4,0,0,0,4,9
9706320,6,2,4,5,3,3,4
9307261,2,2,0,0,2,0,0
108268,13,6,7,15,1,12,70
110028,4,3,1,1,0,4,13
9409444,10,4,6,13,10,0,0
104020,3,3,0,0,0,3,18
9308214,37,5,32,128,37,0,0
9812487,19,6,13,43,0,19,122
9412294,15,5,10,19,7,8,13
9511208,4,4,0,0,2,2,14
3068,8,2,6,14,0,8,104
105087,24,8,16,66,1,23,260
11259,0,0,0,0,0,0,0
9610275,20,7,13,31,3,17,52
9402315,7,4,3,4,6,1,2
9903273,9,3,6,10,1,8,71
9410347,10,3,7,13,7,3,3
9311374,13,5,8,12,13,0,0
104312,13,2,11,28,0,13,95
108193,12,2,10,35,0,12,79
112216,16,10,6,9,3,13,53
9805214,8,1,7,13,1,7,7
9608393,13,5,8,14,7,6,19
9409442,15,5,10,16,9,6,7
9608347,18,5,13,38,18,0,0
106237,1,1,0,0,0,1,2
9307242,64,6,58,481,64,0,0
9403263,3,2,1,1,2,1,1
9810552,6,2,4,5,0,6,16
9611244,19,3,16,35,8,11,20
102027,2,2,0,0,0,2,7
9606244,3,2,1,1,0,3,22
9910445,2,1,1,1,0,2,18
9908436,2,2,0,0,0,2,14
204050,5,3,2,2,0,5,25
9907460,16,4,12,40,0,16,272
102207,6,3,3,4,0,6,27
9408219,18,3,15,50,18,0,0
9508290,15,1,14,53,2,13,35
9410337,18,4,14,38,3,15,26
9711488,35,7,28,106,0,35,95
9308215,9,6,3,7,9,0,0
101151,15,3,12,53,0,15,127
9905329,18,6,12,21,4,14,102
204286,85,2,83,454,2,83,181
110307,19,7,12,34,0,19,126
9905388,10,5,5,6,1,9,43
106021,6,3,3,4,0,6,40
9909563,11,4,7,12,2,9,24
207042,9,5,4,6,0,9,66
9607399,8,6,2,3,2,6,18
110243,10,2,8,18,0,10,117
203051,9,2,7,13,0,9,71
9812389,4,4,0,0,2,2,5
6192,10,4,6,19,1,9,26
9710522,0,0,0,0,0,0,0
9408252,1,1,0,0,0,1,2
9510425,6,1,5,8,0,6,32
9806489,9,5,4,9,5,4,5
204060,3,3,0,0,0,3,23
106240,16,3,13,30,0,16,243
7112,29,10,19,54,6,23,123
9411300,7,6,1,2,2,5,15
9807567,17,6,11,37,4,13,13
9712504,19,8,11,26,2,17,64
9203212,1,1,0,0,1,0,0
9903274,7,5,2,3,2,5,111
9708212,7,2,5,7,0,7,26
9508291,16,6,10,25,2,14,33
9904335,7,4,3,5,0,7,53
9704217,23,15,8,12,10,13,40
106094,3,1,2,3,0,3,18
9602369,5,4,1,1,0,5,11
9804401,5,2,3,4,0,5,20
9807425,7,4,3,3,0,7,17
9711454,4,2,2,2,1,3,15
9606372,3,1,2,3,2,1,3
102097,13,1,12,42,0,13,112
4071,17,3,14,58,1,16,78
9804420,8,1,7,9,5,3,9
9502371,4,2,2,2,4,0,0
9712383,3,2,1,1,3,0,0
9808245,1,1,0,0,0,1,3
9211251,8,7,1,3,8,0,0
9907249,7,2,5,9,2,5,8
9707227,8,1,7,10,0,8,183
9909388,18,4,14,38,1,17,67
9411282,18,6,12,27,2,16,33
9801390,2,1,1,1,0,2,10
9703336,11,5,6,13,5,6,11
9908230,13,10,3,3,2,11,52
9908449,1,1,0,0,0,1,5
9805307,2,1,1,1,0,2,4
9605241,1,1,0,0,1,0,0
9294,16,3,13,31,1,15,77
3030,8,1,7,13,0,8,51
203047,3,2,1,1,0,3,12
9801425,4,3,1,1,0,4,10
6141,4,3,1,2,0,4,9
9405297,8,3,5,8,0,8,27
9612302,11,2,9,21,5,6,12
9703383,4,1,3,5,4,0,0
9903299,10,5,5,7,1,9,30
9307254,4,4,0,0,4,0,0
9401203,9,2,7,10,9,0,0
110005,1,1,0,0,0,1,2
9604420,3,2,1,2,2,1,1
9508239,26,12,14,58,3,23,53
9912441,0,0,0,0,0,0,0
9806420,1,1,0,0,0,1,4
9802303,1,1,0,0,0,1,10
9706232,10,3,7,16,0,10,41
5125,4,1,3,6,0,4,26
5258,4,4,0,0,0,4,30
9807560,4,4,0,0,1,3,14
9709213,10,8,2,3,1,9,28
106214,1,1,0,0,0,1,2
11236,1,1,0,0,0,1,3
9412204,1,1,0,0,0,1,1
9811280,6,5,1,2,0,6,25
11296,5,2,3,5,0,5,27
9709467,2,1,1,1,0,2,8
207253,2,2,0,0,0,2,14
9306252,6,5,1,1,1,5,10
9405324,5,1,4,5,5,0,0
9805435,4,2,2,2,2,2,3
201245,5,2,3,5,0,5,27
9710434,4,3,1,1,0,4,50
9603301,4,2,2,3,0,4,20
201296,40,5,35,121,6,34,56
202207,2,2,0,0,1,1,3
9806380,4,4,0,0,0,4,14
9801394,5,4,1,1,3,2,4
9901413,2,2,0,0,0,2,2
9703242,1,1,0,0,1,0,0
109146,7,2,5,7,0,7,39
9701399,9,5,4,5,5,4,6
9910530,2,2,0,0,0,2,16
9405295,4,4,0,0,0,4,8
9505438,14,3,11,42,4,10,18
110136,2,1,1,1,0,2,22
9703325,1,1,0,0,0,1,1
110186,4,2,2,3,0,4,22
9912445,3,3,0,0,1,2,2
9908464,12,8,4,6,7,5,9
9409332,4,4,0,0,4,0,0
6260,1,1,0,0,1,0,0
9309214,9,8,1,1,3,6,10
9911366,12,1,11,33,0,12,76
9503461,7,3,4,9,1,6,17
9908275,1,1,0,0,0,1,2
9301284,8,2,6,7,8,0,0
9711361,13,7,6,9,13,0,0
9911292,2,2,0,0,0,2,8
9605208,1,1,0,0,1,0,0
9810210,0,0,0,0,0,0,0
9508265,20,4,16,31,5,15,31
9810393,13,5,8,13,3,10,30
10050,1,1,0,0,1,0,0
9611246,2,2,0,0,1,1,5
9807476,3,3,0,0,3,0,0
9303290,1,1,0,0,1,0,0
11372,8,5,3,5,1,7,14
9403379,11,5,6,12,11,0,0
10323,3,2,1,1,0,3,6
9911541,25,6,19,68,3,22,47
9909542,26,3,23,116,0,26,340
203021,4,2,2,2,0,4,19
9812398,10,4,6,21,1,9,19
10057,8,2,6,7,8,0,0
9205212,9,8,1,1,9,0,0
9706350,8,4,4,7,2,6,8
9401344,1,1,0,0,0,1,4
201080,15,4,11,29,1,14,36
204335,8,4,4,5,0,8,52
9511215,1,1,0,0,0,1,2
208120,1,1,0,0,0,1,1
3218,8,6,2,2,3,5,17
9602308,1,1,0,0,1,0,0
9606259,3,3,0,0,1,2,9
9909427,7,6,1,3,1,6,25
208091,12,3,9,27,0,12,69
9406313,6,3,3,3,4,2,2
9301238,4,3,1,1,4,0,0
201211,8,4,4,8,0,8,34
104057,11,5,6,10,0,11,103
9709506,11,1,10,24,0,11,36
9702412,8,1,7,15,0,8,32
9402324,14,9,5,12,12,2,2
209177,2,1,1,1,0,2,51
9703326,3,3,0,0,0,3,37
9704401,1,1,0,0,0,1,1
9602271,15,7,8,16,4,11,19
9604342,2,1,1,1,1,1,1
9501246,6,4,2,3,3,3,3
105214,6,1,5,9,0,6,82
9809366,2,2,0,0,0,2,4
9704362,2,2,0,0,1,1,2
9704440,6,1,5,8,3,3,4
12353,2,1,1,1,0,2,6
9606250,3,1,2,2,3,0,0
9204236,11,7,4,8,11,0,0
110275,7,2,5,9,0,7,138
107204,4,3,1,1,0,4,43
202047,1,1,0,0,0,1,1
7333,6,4,2,2,0,6,29
9710211,1,1,0,0,0,1,3
9712333,3,3,0,0,1,2,2
301257,0,0,0,0,0,0,0
106125,5,3,2,2,0,5,44
9503407,1,1,0,0,1,0,0
9612361,2,2,0,0,1,1,1
9910460,1,1,0,0,0,1,11
6060,4,2,2,2,0,4,32
103010,3,2,1,1,2,1,2
101237,2,2,0,0,0,2,6
9710241,2,1,1,1,1,1,1
9505218,2,2,0,0,2,0,0
102119,6,3,3,3,0,6,35
3076,6,4,2,4,0,6,31
9706425,0,0,0,0,0,0,0
9603323,3,2,1,1,2,1,2
104263,4,1,3,3,0,4,23
9805212,8,4,4,5,1,7,16
9407212,1,1,0,0,0,1,1
205052,3,2,1,1,0,3,65
9804349,2,2,0,0,0,2,11
9805261,8,5,3,3,0,8,53
9604205,2,1,1,1,2,0,0
102106,3,2,1,1,0,3,9
9508335,2,2,0,0,0,2,17
9611281,2,1,1,1,0,2,6
9909442,3,2,1,1,0,3,6
9809555,5,1,4,6,0,5,17
9506348,1,1,0,0,0,1,2
9910361,1,1,0,0,0,1,1
9907221,7,4,3,3,1,6,24
9912500,8,6,2,2,0,8,40
11221,5,1,4,6,0,5,15
9703218,9,5,4,6,1,8,20
7276,4,2,2,3,0,4,42
208230,0,0,0,0,0,0,0
9404301,2,2,0,0,0,2,2
4006,0,0,0,0,0,0,0
111142,0,0,0,0,0,0,0
9712205,4,4,0,0,0,4,8
103174,13,2,11,35,1,12,52
104288,8,5,3,3,0,8,56
8280,8,3,5,7,0,8,134
9811315,5,5,0,0,0,5,10
9504411,5,4,1,1,3,2,3
9045,1,1,0,0,1,0,0
9702302,3,3,0,0,0,3,9
9805351,1,1,0,0,0,1,5
302060,0,0,0,0,0,0,0
9609317,0,0,0,0,0,0,0
6182,3,1,2,2,0,3,10
104217,11,6,5,10,0,11,125
211108,2,2,0,0,0,2,15
103261,9,7,2,2,0,9,53
4256,7,3,4,7,0,7,56
9604216,6,5,1,1,1,5,18
12310,1,1,0,0,0,1,2
5245,16,4,12,26,0,16,65
9404303,8,1,7,12,8,0,0
9702290,4,4,0,0,0,4,6
8079,12,3,9,26,3,9,20
9411381,1,1,0,0,1,0,0
9403340,19,8,11,24,19,0,0
104168,2,2,0,0,1,1,8
9311245,1,1,0,0,1,0,0
9509342,6,3,3,5,1,5,9
9608255,3,2,1,1,0,3,9
9809421,4,1,3,4,0,4,13
9507236,1,1,0,0,0,1,3
9610500,2,2,0,0,1,1,1
9505335,9,3,6,14,5,4,4
101097,2,2,0,0,0,2,6
9710420,2,1,1,1,1,1,1
9704430,1,1,0,0,0,1,2
9804455,5,2,3,3,0,5,20
9710520,0,0,0,0,0,0,0
106218,1,1,0,0,0,1,4
108271,4,4,0,0,1,3,4
201132,1,1,0,0,0,1,3
205219,4,1,3,3,0,4,44
9302266,4,4,0,0,4,0,0
9505234,3,1,2,2,0,3,14
9408362,1,1,0,0,1,0,0
9908217,8,3,5,6,0,8,34
9602412,7,5,2,3,0,7,14
5163,2,1,1,1,0,2,13
108222,7,2,5,12,0,7,94
9507254,1,1,0,0,1,0,0
110088,8,7,1,1,1,7,37
105136,6,3,3,4,1,5,24
4077,7,5,2,3,1,6,19
9905540,1,1,0,0,0,1,5
102182,1,1,0,0,0,1,4
106095,3,2,1,1,0,3,4
9512330,4,3,1,1,0,4,16
207095,0,0,0,0,0,0,0
9904486,0,0,0,0,0,0,0
9506212,2,1,1,1,2,0,0
9510438,4,2,2,2,0,4,4
109165,0,0,0,0,0,0,0
9605227,9,5,4,8,3,6,15
9807472,22,4,18,100,3,19,80
205180,4,3,1,1,0,4,14
9610551,5,3,2,2,5,0,0
9909234,2,2,0,0,0,2,6
9504226,3,2,1,1,0,3,5
9703365,0,0,0,0,0,0,0
3161,14,1,13,45,0,14,98
9911311,12,1,11,34,0,12,82
9912489,2,1,1,1,2,0,0
9409336,1,1,0,0,0,1,2
9809320,6,5,1,1,1,5,9
104182,2,1,1,1,0,2,4
7242,2,2,0,0,0,2,2
9905236,6,4,2,3,1,5,12
302238,0,0,0,0,0,0,0
9401296,0,0,0,0,0,0,0
9311251,0,0,0,0,0,0,0
110327,1,1,0,0,0,1,19
111091,1,1,0,0,0,1,1
9903331,3,1,2,3,0,3,15
9903348,0,0,0,0,0,0,0
302193,0,0,0,0,0,0,0
204198,0,0,0,0,0,0,0
101215,9,5,4,9,0,9,113
201029,0,0,0,0,0,0,0
9906416,2,2,0,0,0,2,5
203272,5,5,0,0,1,4,17
9802311,1,1,0,0,0,1,2
9807317,0,0,0,0,0,0,0
9302313,7,3,4,10,7,0,0
9606262,1,1,0,0,0,1,5
8031,2,1,1,1,2,0,0
9406244,1,1,0,0,0,1,1
7037,2,1,1,1,0,2,5
9811415,4,4,0,0,0,4,9
9910245,3,1,2,3,0,3,4
9906276,5,2,3,6,0,5,9
10302,3,1,2,3,0,3,10
9904285,8,2,6,10,0,8,32
8215,2,1,1,1,2,0,0
6153,8,2,6,18,2,6,15
207012,4,4,0,0,0,4,26
110289,3,1,2,2,0,3,8
211282,4,3,1,2,0,4,23
10341,1,1,0,0,0,1,21
9304228,1,1,0,0,1,0,0
102057,0,0,0,0,0,0,0
9904442,5,2,3,4,1,4,9
102142,0,0,0,0,0,0,0
9912465,0,0,0,0,0,0,0
9703378,6,4,2,4,0,6,13
101049,10,6,4,5,1,9,38
4259,6,3,3,4,1,5,5
9801440,2,2,0,0,1,1,9
9809532,1,1,0,0,1,0,0
9409395,5,3,2,2,5,0,0
204359,4,3,1,1,0,4,16
11286,1,1,0,0,1,0,0
9610533,0,0,0,0,0,0,0
9612216,1,1,0,0,0,1,5
6348,5,1,4,7,0,5,5
106351,1,1,0,0,0,1,26
106257,3,3,0,0,0,3,18
209127,2,2,0,0,0,2,16
9704315,1,1,0,0,1,0,0
9702309,5,2,3,4,1,4,5
203213,6,2,4,4,0,6,59
207257,0,0,0,0,0,0,0
12115,5,3,2,2,0,5,44
9265,9,5,4,7,0,9,27
9502396,5,3,2,2,1,4,4
9512400,2,1,1,1,2,0,0
9811399,2,2,0,0,1,1,1
9903409,1,1,0,0,0,1,1
9805411,2,2,0,0,0,2,6
10210,1,1,0,0,0,1,2
207298,0,0,0,0,0,0,0
11335,2,1,1,1,0,2,4
301093,1,1,0,0,0,1,2
6099,3,2,1,1,0,3,13
9901273,3,3,0,0,2,1,2
207149,1,1,0,0,1,0,0
206094,0,0,0,0,0,0,0
3056,1,1,0,0,0,1,2
210174,1,1,0,0,1,0,0
9906468,6,2,4,8,1,5,10
206249,3,3,0,0,1,2,5
207061,1,1,0,0,1,0,0
9410229,2,2,0,0,2,0,0
9811277,0,0,0,0,0,0,0
111185,4,2,2,3,3,1,1
5077,4,2,2,5,0,4,11
206004,3,3,0,0,0,3,11
9810355,3,3,0,0,3,0,0
204318,1,1,0,0,0,1,11
9075,3,2,1,1,0,3,15
9408334,0,0,0,0,0,0,0
1247,1,1,0,0,0,1,9
4084,3,3,0,0,1,2,4
110165,1,1,0,0,0,1,5
8076,6,5,1,1,1,5,11
9606393,1,1,0,0,0,1,3
9804408,2,2,0,0,0,2,7
9403308,1,1,0,0,1,0,0
9908211,2,1,1,1,0,2,5
8325,0,0,0,0,0,0,0
108042,0,0,0,0,0,0,0
9902296,3,2,1,1,2,1,1
301261,1,1,0,0,0,1,12
109145,0,0,0,0,0,0,0
103144,1,1,0,0,0,1,6
211277,1,1,0,0,0,1,1
9909327,0,0,0,0,0,0,0
211258,2,1,1,1,0,2,8
4201,3,1,2,3,0,3,19
9806310,2,2,0,0,0,2,3
202020,1,1,0,0,0,1,1
112167,1,1,0,0,0,1,1
106216,2,1,1,1,0,2,9
3266,2,2,0,0,1,1,3
9911209,1,1,0,0,0,1,1
5295,2,1,1,1,0,2,21
9712509,0,0,0,0,0,0,0
9411424,1,1,0,0,1,0,0
9804333,0,0,0,0,0,0,0
9503429,1,1,0,0,1,0,0
9901313,1,1,0,0,0,1,6
9601339,4,4,0,0,0,4,10
9809560,1,1,0,0,0,1,2
9310241,7,6,1,1,7,0,0
9911389,1,1,0,0,0,1,9
9702240,1,1,0,0,1,0,0
206145,1,1,0,0,0,1,2
9906254,2,2,0,0,0,2,5
9807342,3,3,0,0,1,2,2
9512391,0,0,0,0,0,0,0
9902367,0,0,0,0,0,0,0
9609516,0,0,0,0,0,0,0
9409276,0,0,0,0,0,0,0
9811476,1,1,0,0,0,1,1
102037,1,1,0,0,0,1,6
9016,1,1,0,0,0,1,6
9214,2,2,0,0,0,2,12
101202,0,0,0,0,0,0,0
1156,0,0,0,0,0,0,0
9511453,1,1,0,0,1,0,0
112080,2,2,0,0,0,2,3
9511268,2,1,1,1,1,1,1
9605268,2,2,0,0,0,2,20
111146,3,2,1,1,0,3,10
210373,0,0,0,0,0,0,0
203253,1,1,0,0,0,1,5
9706278,4,2,2,3,3,1,3
9610539,0,0,0,0,0,0,0
212076,1,1,0,0,0,1,12
9606453,2,2,0,0,0,2,3
301125,0,0,0,0,0,0,0
206283,0,0,0,0,0,0,0
9607387,1,1,0,0,0,1,5
301089,0,0,0,0,0,0,0
9501256,1,1,0,0,1,0,0
9409220,1,1,0,0,0,1,1
9910454,2,1,1,1,0,2,4
9502267,0,0,0,0,0,0,0
9706217,2,2,0,0,0,2,14
9909299,1,1,0,0,1,0,0
7171,0,0,0,0,0,0,0
9507384,1,1,0,0,0,1,6
203203,1,1,0,0,1,0,0
204263,1,1,0,0,0,1,7
110338,2,1,1,1,0,2,3
301033,0,0,0,0,0,0,0
9808442,2,1,1,1,1,1,3
5315,2,1,1,1,2,0,0
9908448,1,1,0,0,0,1,1
9907253,0,0,0,0,0,0,0
106042,1,1,0,0,0,1,1
9710305,1,1,0,0,0,1,2
9911493,3,1,2,3,0,3,3
204042,2,1,1,1,0,2,32
212150,0,0,0,0,0,0,0
9708354,0,0,0,0,0,0,0
9605278,0,0,0,0,0,0,0
105039,0,0,0,0,0,0,0
205263,2,2,0,0,0,2,8
9607269,0,0,0,0,0,0,0
9712258,2,2,0,0,0,2,8
210442,4,1,3,3,0,4,18
207077,1,1,0,0,0,1,1
209207,1,1,0,0,1,0,0
211306,0,0,0,0,0,0,0
9502282,6,1,5,8,6,0,0
111041,0,0,0,0,0,0,0
112214,2,1,1,1,0,2,10
11011,1,1,0,0,0,1,4
9710202,1,1,0,0,0,1,1
212166,2,1,1,1,0,2,31
9510401,0,0,0,0,0,0,0
207103,0,0,0,0,0,0,0
9907407,0,0,0,0,0,0,0
203093,3,3,0,0,0,3,9
9506360,1,1,0,0,0,1,2
6228,0,0,0,0,0,0,0
101119,4,3,1,1,1,3,30
9512351,0,0,0,0,0,0,0
1234,4,3,1,1,0,4,24
106129,0,0,0,0,0,0,0
9809332,0,0,0,0,0,0,0
9602332,0,0,0,0,0,0,0
301160,0,0,0,0,0,0,0
8036,1,1,0,0,0,1,1
7156,0,0,0,0,0,0,0
9612371,0,0,0,0,0,0,0
212258,0,0,0,0,0,0,0
9911423,2,1,1,1,0,2,2
9812219,0,0,0,0,0,0,0
207362,0,0,0,0,0,0,0
9603242,3,2,1,1,3,0,0
9605247,0,0,0,0,0,0,0
201268,0,0,0,0,0,0,0
9906214,1,1,0,0,0,1,1
205345,4,3,1,1,0,4,28
210250,1,1,0,0,1,0,0
9711255,1,1,0,0,0,1,1
203114,2,2,0,0,0,2,53
209262,4,1,3,5,0,4,24
9707507,3,1,2,2,1,2,2
103225,2,2,0,0,1,1,5
9709362,0,0,0,0,0,0,0
204356,0,0,0,0,0,0,0
9910356,0,0,0,0,0,0,0
203048,1,1,0,0,0,1,2
209338,0,0,0,0,0,0,0
101178,0,0,0,0,0,0,0
106220,1,1,0,0,0,1,5
103309,3,1,2,2,0,3,14
207076,1,1,0,0,0,1,4
9610317,2,1,1,1,0,2,2
302002,1,1,0,0,0,1,7
211244,0,0,0,0,0,0,0
204297,1,1,0,0,0,1,8
9710285,0,0,0,0,0,0,0
301037,0,0,0,0,0,0,0
9907306,0,0,0,0,0,0,0
9706211,0,0,0,0,0,0,0
107146,0,0,0,0,0,0,0
210200,1,1,0,0,0,1,2
8332,0,0,0,0,0,0,0
203240,2,2,0,0,0,2,7
12190,0,0,0,0,0,0,0
9709463,0,0,0,0,0,0,0
9810385,4,2,2,3,0,4,10
208180,0,0,0,0,0,0,0
9504254,1,1,0,0,0,1,1
211129,1,1,0,0,1,0,0
102205,1,1,0,0,0,1,2
301268,0,0,0,0,0,0,0
9407306,0,0,0,0,0,0,0
103292,4,4,0,0,1,3,8
209260,1,1,0,0,0,1,4
9811400,2,1,1,1,0,2,7
109236,0,0,0,0,0,0,0
107292,0,0,0,0,0,0,0
9307215,1,1,0,0,1,0,0
9908210,1,1,0,0,1,0,0
109116,0,0,0,0,0,0,0
3120,0,0,0,0,0,0,0
9810317,0,0,0,0,0,0,0
204246,1,1,0,0,0,1,3
112066,0,0,0,0,0,0,0
9705443,0,0,0,0,0,0,0
204259,0,0,0,0,0,0,0
9704254,0,0,0,0,0,0,0
107031,0,0,0,0,0,0,0
9408349,0,0,0,0,0,0,0
9805258,1,1,0,0,0,1,3
205318,2,1,1,1,0,2,12
111189,2,2,0,0,0,2,5
211330,0,0,0,0,0,0,0
105167,0,0,0,0,0,0,0
9910241,0,0,0,0,0,0,0
9409378,0,0,0,0,0,0,0
302201,1,1,0,0,0,1,7
5150,0,0,0,0,0,0,0
9909273,1,1,0,0,0,1,5
9805408,0,0,0,0,0,0,0
102133,0,0,0,0,0,0,0
1078,0,0,0,0,0,0,0
9703426,0,0,0,0,0,0,0
108082,0,0,0,0,0,0,0
9411360,1,1,0,0,1,0,0
9706340,1,1,0,0,0,1,5
101356,0,0,0,0,0,0,0
212042,0,0,0,0,0,0,0
9912537,0,0,0,0,0,0,0
9706293,0,0,0,0,0,0,0
105286,0,0,0,0,0,0,0
9712396,0,0,0,0,0,0,0
9812453,1,1,0,0,0,1,4
111083,0,0,0,0,0,0,0
208195,0,0,0,0,0,0,0
9411218,0,0,0,0,0,0,0
111274,0,0,0,0,0,0,0
301088,0,0,0,0,0,0,0
9612281,1,1,0,0,1,0,0
9906430,0,0,0,0,0,0,0
101058,0,0,0,0,0,0,0
111085,1,1,0,0,0,1,11
9810487,0,0,0,0,0,0,0
205249,0,0,0,0,0,0,0
9708428,0,0,0,0,0,0,0
9711467,0,0,0,0,0,0,0
208255,0,0,0,0,0,0,0
203106,0,0,0,0,0,0,0
9305210,0,0,0,0,0,0,0
212123,1,1,0,0,0,1,27
11140,0,0,0,0,0,0,0
203202,0,0,0,0,0,0,0
211234,0,0,0,0,0,0,0
9907404,1,1,0,0,0,1,5
9706440,0,0,0,0,0,0,0
9308298,0,0,0,0,0,0,0
205144,0,0,0,0,0,0,0
10239,0,0,0,0,0,0,0
301226,0,0,0,0,0,0,0
9707350,1,1,0,0,1,0,0
9908437,0,0,0,0,0,0,0
9608237,0,0,0,0,0,0,0
9808403,0,0,0,0,0,0,0
9612418,1,1,0,0,0,1,1
203127,0,0,0,0,0,0,0
9904466,0,0,0,0,0,0,0
111168,0,0,0,0,0,0,0
1186,1,1,0,0,1,0,0
206173,0,0,0,0,0,0,0
9805491,0,0,0,0,0,0,0
210439,0,0,0,0,0,0,0
301247,0,0,0,0,0,0,0
9705355,1,1,0,0,0,1,4
103143,0,0,0,0,0,0,0
9608334,0,0,0,0,0,0,0
207308,0,0,0,0,0,0,0
110336,0,0,0,0,0,0,0
9906228,0,0,0,0,0,0,0
202085,1,1,0,0,0,1,5
9901396,4,2,2,3,0,4,10
105102,1,1,0,0,0,1,1
9503305,1,1,0,0,1,0,0
204256,1,1,0,0,0,1,5
301025,0,0,0,0,0,0,0
112183,0,0,0,0,0,0,0
2256,0,0,0,0,0,0,0
302112,0,0,0,0,0,0,0
9803436,0,0,0,0,0,0,0
12284,0,0,0,0,0,0,0
102115,0,0,0,0,0,0,0
207292,0,0,0,0,0,0,0
111191,0,0,0,0,0,0,0
211332,0,0,0,0,0,0,0
9909342,0,0,0,0,0,0,0
9609489,0,0,0,0,0,0,0
9810455,0,0,0,0,0,0,0
9912507,2,2,0,0,0,2,6
9712490,0,0,0,0,0,0,0
9703419,0,0,0,0,0,0,0
301039,0,0,0,0,0,0,0
9408377,1,1,0,0,1,0,0
10340,1,1,0,0,1,0,0
9906449,0,0,0,0,0,0,0
9809305,0,0,0,0,0,0,0
9512245,0,0,0,0,0,0,0
9609435,0,0,0,0,0,0,0
9611205,1,1,0,0,0,1,1
7044,0,0,0,0,0,0,0
9910547,0,0,0,0,0,0,0
9708293,0,0,0,0,0,0,0
302023,0,0,0,0,0,0,0
11204,0,0,0,0,0,0,0
209331,1,1,0,0,0,1,21
10022,0,0,0,0,0,0,0
9810413,0,0,0,0,0,0,0
9409305,0,0,0,0,0,0,0
201063,0,0,0,0,0,0,0
9707472,0,0,0,0,0,0,0
9605427,0,0,0,0,0,0,0
106303,0,0,0,0,0,0,0
12048,0,0,0,0,0,0,0
210356,0,0,0,0,0,0,0
211133,0,0,0,0,0,0,0
9502240,0,0,0,0,0,0,0
210107,0,0,0,0,0,0,0
9806414,0,0,0,0,0,0,0
9304,0,0,0,0,0,0,0
9505374,1,1,0,0,1,0,0
206097,1,1,0,0,0,1,1
9309312,0,0,0,0,0,0,0
3046,0,0,0,0,0,0,0
203017,0,0,0,0,0,0,0
9411421,2,2,0,0,2,0,0
12171,0,0,0,0,0,0,0
9907374,0,0,0,0,0,0,0
11066,0,0,0,0,0,0,0
9409328,0,0,0,0,0,0,0
9806464,1,1,0,0,0,1,2
12316,0,0,0,0,0,0,0
209234,0,0,0,0,0,0,0
201259,0,0,0,0,0,0,0
9503287,0,0,0,0,0,0,0
202215,0,0,0,0,0,0,0
207355,0,0,0,0,0,0,0
211216,0,0,0,0,0,0,0
108169,0,0,0,0,0,0,0
9810540,1,1,0,0,0,1,7
207233,0,0,0,0,0,0,0
9406323,0,0,0,0,0,0,0
209213,0,0,0,0,0,0,0
107323,0,0,0,0,0,0,0
9705353,0,0,0,0,0,0,0
9606450,0,0,0,0,0,0,0
211202,0,0,0,0,0,0,0
9712326,0,0,0,0,0,0,0
301188,0,0,0,0,0,0,0
9612392,0,0,0,0,0,0,0
5107,0,0,0,0,0,0,0
9406246,0,0,0,0,0,0,0
104133,0,0,0,0,0,0,0
9408259,0,0,0,0,0,0,0
9805399,0,0,0,0,0,0,0
9706321,0,0,0,0,0,0,0
9601232,0,0,0,0,0,0,0
9904308,0,0,0,0,0,0,0
9710535,0,0,0,0,0,0,0
11085,0,0,0,0,0,0,0
301238,0,0,0,0,0,0,0
204320,0,0,0,0,0,0,0
104222,2,2,0,0,2,0,0
111417,0,0,0,0,0,0,0
301139,0,0,0,0,0,0,0
9611408,0,0,0,0,0,0,0
9408236,0,0,0,0,0,0,0
9809241,0,0,0,0,0,0,0
9611296,6,2,4,6,2,4,5
9403384,111,20,91,777,60,51,92
7038,26,6,20,58,0,26,119
9607447,79,8,71,409,19,60,180
9209231,27,6,21,69,27,0,0
9405346,44,5,39,167,3,41,190
9510323,3,2,1,1,0,3,19
9806501,32,4,28,96,3,29,84
9710245,25,4,21,100,3,22,24
9410253,48,12,36,99,31,17,24
9510383,2,1,1,1,0,2,5
9409260,15,4,11,29,1,14,22
9602250,37,13,24,43,11,26,62
9606397,26,7,19,49,7,19,56
106219,77,1,76,952,5,72,227
9312324,87,21,66,225,68,19,24
9606231,36,7,29,141,2,34,129
9706489,14,5,9,25,6,8,42
9810485,2,1,1,1,0,2,4
206205,2,1,1,1,0,2,9
9204204,54,6,48,303,54,0,0
9507438,8,4,4,6,4,4,5
9810252,6,4,2,3,2,4,22
9203215,9,4,5,7,9,0,0
9503442,30,6,24,98,23,7,15
9803277,120,10,110,891,11,109,420
9407326,20,5,15,42,9,11,14
112177,33,7,26,80,0,33,306
3183,18,13,5,6,13,5,5
9306251,14,4,10,23,14,0,0
9211247,28,11,17,31,28,0,0
9410311,49,5,44,119,30,19,20
9403230,43,7,36,197,12,31,40
9306293,4,2,2,3,4,0,0
9408302,3,3,0,0,1,2,2
9411276,23,7,16,41,4,19,77
9609276,55,6,49,307,21,34,79
9808272,119,15,104,572,6,113,326
9912457,62,6,56,292,1,61,363
9402229,45,13,32,109,5,40,99
9904465,18,4,14,24,6,12,19
9807386,45,5,40,199,0,45,207
9905470,16,2,14,23,0,16,162
9903424,32,5,27,82,0,32,107
9805281,38,6,32,70,5,33,97
9802420,13,4,9,17,5,8,22
9707282,28,2,26,72,1,27,101
9705392,45,10,35,145,7,38,84
9712291,29,3,26,110,0,29,89
9305276,47,6,41,218,47,0,0
9806516,20,6,14,25,8,12,25
9810491,33,3,30,162,4,29,243
9604445,38,7,31,109,12,26,73
9405414,59,11,48,163,59,0,0
9408214,158,8,150,1098,156,2,2
9710314,14,3,11,26,0,14,30
9510352,2,2,0,0,2,0,0
9807432,4,1,3,3,1,3,3
9703261,3,2,1,1,0,3,6
9207279,162,46,116,566,162,0,0
9506261,15,6,9,15,0,15,28
9408224,79,3,76,806,52,27,27
9511444,16,3,13,44,0,16,68
9704214,25,4,21,61,9,16,16
9308309,56,5,51,277,7,49,144
9910211,18,2,16,41,5,13,33
102165,6,2,4,6,0,6,11
9711469,82,2,80,651,9,73,184
8210,7,4,3,4,0,7,30
9707521,60,4,56,233,3,57,394
9405345,36,7,29,140,4,32,40
9610358,58,9,49,244,1,57,431
9705306,3,2,1,1,0,3,10
9203206,36,20,16,27,36,0,0
9411318,8,3,5,7,8,0,0
9810488,3,2,1,1,1,2,2
105066,11,4,7,13,2,9,52
9705235,64,6,58,225,1,63,555
9705440,7,4,3,6,0,7,50
110093,2,1,1,1,0,2,14
9903477,18,6,12,19,3,15,40
9804274,20,4,16,69,0,20,149
201117,1,1,0,0,0,1,4
9601384,36,5,31,136,4,32,68
9707377,24,10,14,23,6,18,36
9603317,14,5,9,17,0,14,53
9804294,59,12,47,174,3,56,304
9801222,33,5,28,76,4,29,114
9807344,435,13,422,4860,10,425,1160
9606256,17,5,12,33,5,12,55
9308315,23,3,20,109,1,22,37
9408217,24,1,23,65,5,19,51
9705433,35,10,25,73,18,17,20
9601271,3,1,2,3,3,0,0
9405386,56,10,46,336,5,51,69
9503236,32,4,28,151,0,32,216
9711391,75,7,68,580,14,61,164
9607290,52,8,44,143,18,34,72
9608229,46,1,45,282,29,17,17
9509348,130,12,118,1074,77,53,78
9604419,27,10,17,27,1,26,97
9806528,27,7,20,62,1,26,70
9604347,10,6,4,6,5,5,5
9812328,15,3,12,40,2,13,15
9507277,11,4,7,9,11,0,0
9310217,5,3,2,4,3,2,3
9611333,23,6,17,51,5,18,51
9402364,109,10,99,688,109,0,0
9401246,31,9,22,75,1,30,157
9405246,23,4,19,68,6,17,53
9410297,7,5,2,2,2,5,8
9604425,39,5,34,102,8,31,63
9501320,14,8,6,10,11,3,3
9410240,56,9,47,183,19,37,55
12087,20,4,16,43,5,15,37
9408276,77,3,74,481,59,18,18
9905239,38,7,31,103,1,37,276
9807540,36,9,27,104,6,30,137
9303276,10,4,6,8,2,8,11
9401211,37,8,29,100,12,25,50
9810216,62,5,57,350,2,60,236
9307363,23,11,12,47,15,8,9
9709343,6,1,5,7,1,5,8
9501262,10,7,3,5,10,0,0
9902274,4,2,2,2,0,4,25
101032,26,2,24,75,2,24,124
9506233,38,9,29,116,5,33,121
9803475,15,4,11,29,1,14,71
9904507,10,1,9,26,0,10,78
9612449,40,8,32,88,4,36,58
9802414,23,2,21,81,6,17,23
9357,14,8,6,12,0,14,170
9906478,83,6,77,724,1,82,753
9206230,32,11,21,74,32,0,0
9501257,9,5,4,10,2,7,19
9701288,4,1,3,3,4,0,0
3199,25,6,19,51,0,25,184
9303261,2,1,1,1,2,0,0
210134,3,2,1,1,0,3,18
9306214,25,7,18,76,14,11,21
9409408,27,16,11,21,9,18,38
9904250,45,4,41,246,3,42,113
9412281,8,2,6,11,3,5,14
9810457,136,9,127,1323,6,130,483
9205227,17,4,13,28,17,0,0
9804359,5,1,4,7,0,5,12
9607298,22,7,15,54,1,21,69
9707201,17,4,13,42,1,16,69
9510203,3,2,1,1,3,0,0
9311248,40,13,27,103,25,15,21
9611312,17,1,16,89,11,6,19
9503377,23,3,20,86,2,21,129
9608376,5,2,3,3,5,0,0
9603210,16,8,8,12,2,14,40
9909266,16,1,15,49,0,16,127
9809521,66,3,63,339,3,63,292
9905257,4,3,1,2,4,0,0
9903329,21,4,17,32,6,15,40
9705463,16,2,14,35,16,0,0
9207216,25,9,16,45,25,0,0
9603212,49,11,38,187,10,39,120
9904461,6,3,3,3,2,4,6
9402210,74,15,59,345,51,23,23
9305260,21,7,14,51,21,0,0
9609469,18,4,14,31,0,18,54
209056,0,0,0,0,0,0,0
205162,1,1,0,0,1,0,0
9508362,28,8,20,52,3,25,56
9403397,37,8,29,65,6,31,118
9909265,26,9,17,44,7,19,113
9709510,9,1,8,19,0,9,15
9603431,23,4,19,73,12,11,12
9702404,11,4,7,25,2,9,15
9806246,23,9,14,33,2,21,40
9065,34,2,32,136,0,34,131
9355,32,6,26,116,6,26,134
11313,5,1,4,5,0,5,49
7120,11,9,2,5,0,11,54
12067,8,4,4,7,1,7,7
9904497,13,2,11,26,1,12,103
4001,7,5,2,4,0,7,67
108192,11,2,9,18,0,11,112
8237,29,6,23,94,0,29,339
9906527,31,9,22,48,4,27,61
106258,168,38,130,703,48,120,266
9910387,24,8,16,49,3,21,93
9309264,1,1,0,0,1,0,0
9507388,26,3,23,81,26,0,0
105268,18,4,14,54,0,18,195
8184,13,4,9,28,0,13,56
9707262,9,3,6,9,1,8,23
9905566,89,20,69,269,3,86,508
9708343,4,3,1,2,0,4,31
9411294,12,2,10,48,12,0,0
9907494,14,4,10,45,1,13,18
9511270,20,5,15,30,18,2,2
9702408,24,7,17,34,1,23,59
4129,4,2,2,2,0,4,46
9906514,16,3,13,27,0,16,279
9904380,34,4,30,209,0,34,649
1080,16,6,10,16,1,15,65
9807462,100,9,91,784,3,97,352
11056,23,1,22,81,0,23,243
110004,3,2,1,1,0,3,16
208115,7,3,4,5,0,7,28
109168,1,1,0,0,0,1,5
208050,2,1,1,1,0,2,16
11374,3,2,1,1,0,3,7
2279,15,1,14,37,0,15,77
9603397,26,4,22,60,15,11,25
9212215,2,1,1,1,2,0,0
7267,7,3,4,8,0,7,45
11095,6,2,4,7,0,6,28
106336,22,6,16,53,0,22,180
9302220,6,4,2,2,4,2,4
9510342,25,3,22,69,9,16,21
104051,9,5,4,11,0,9,64
7327,11,4,7,12,2,9,60
9707407,13,5,8,12,0,13,66
9809556,11,3,8,23,7,4,9
9602233,16,4,12,29,0,16,60
9911458,15,5,10,42,0,15,54
9909386,6,5,1,2,0,6,29
6312,10,2,8,16,4,6,13
10326,9,7,2,2,0,9,104
11391,1,1,0,0,0,1,2
9809468,9,3,6,8,0,9,121
9506251,16,3,13,29,13,3,3
9281,11,4,7,11,0,11,40
9703425,1,1,0,0,0,1,3
9509362,23,11,12,28,20,3,3
9411303,73,4,69,506,19,54,189
9605295,38,7,31,98,3,35,126
9409432,3,2,1,1,2,1,1
9407398,6,3,3,4,4,2,2
108258,2,2,0,0,0,2,8
9603233,11,6,5,7,1,10,31
9702293,5,2,3,4,2,3,7
9212292,2,2,0,0,2,0,0
9603217,31,9,22,61,7,24,62
112109,6,3,3,4,0,6,22
9610333,8,5,3,4,0,8,85
9801391,39,6,33,227,1,38,330
9611433,183,6,177,1412,30,153,400
9701264,2,1,1,1,0,2,9
9508243,8,3,5,8,8,0,0
9408292,3,3,0,0,2,1,2
9402277,13,6,7,13,0,13,13
9703373,10,3,7,18,8,2,2
101236,3,1,2,2,0,3,23
5066,12,1,11,21,2,10,58
9808298,4,4,0,0,1,3,3
9709487,2,2,0,0,1,1,4
105324,13,3,10,25,0,13,37
102051,4,3,1,1,0,4,49
9706420,37,1,36,134,6,31,100
9502340,51,9,42,199,17,34,68
9702363,31,8,23,75,1,30,87
9607390,7,3,4,6,0,7,16
4106,9,2,7,10,3,6,22
9604217,15,3,12,40,1,14,79
9501305,1,1,0,0,0,1,4
9402321,16,4,12,34,5,11,11
9407347,38,6,32,103,25,13,26
9601380,3,3,0,0,0,3,7
9504263,7,6,1,1,0,7,34
9609203,4,2,2,2,3,1,1
9609345,8,1,7,15,0,8,36
9605210,6,5,1,1,2,4,9
9706459,2,2,0,0,0,2,11
9706438,42,4,38,138,2,40,217
9710392,12,5,7,11,1,11,88
9501345,7,7,0,0,6,1,1
9807541,5,3,2,2,5,0,0
9605266,55,1,54,374,3,52,195
9401265,23,7,16,42,6,17,39
9503350,13,7,6,7,1,12,28
9506285,9,3,6,13,0,9,31
9902429,2,2,0,0,0,2,4
9508357,5,2,3,6,5,0,0
108073,34,13,21,55,2,32,242
9702315,40,8,32,94,7,33,120
9705227,1,1,0,0,1,0,0
9904349,11,1,10,22,1,10,20
9510284,21,8,13,55,11,10,12
9511419,16,4,12,38,7,9,13
9605385,31,9,22,94,1,30,165
9512434,13,5,8,30,0,13,128
9509428,35,3,32,96,2,33,224
9809549,16,3,13,41,0,16,16
9902348,10,7,3,5,3,7,20
9805286,0,0,0,0,0,0,0
9302231,6,3,3,6,6,0,0
9604266,20,5,15,51,0,20,74
9512442,13,4,9,16,4,9,15
9906298,13,7,6,7,7,6,12
9212279,15,2,13,33,11,4,4
9912448,8,2,6,12,0,8,23
9906538,22,8,14,52,2,20,94
9307253,9,7,2,3,5,4,4
9507242,15,1,14,62,0,15,43
9606346,28,7,21,68,8,20,36
2066,10,6,4,5,2,8,17
9905552,9,4,5,12,0,9,44
9908254,14,5,9,18,2,12,36
9904318,8,1,7,26,0,8,37
9909562,11,5,6,11,0,11,54
7176,55,17,38,144,9,46,270
108111,0,0,0,0,0,0,0
9806303,27,12,15,42,6,21,46
8288,3,2,1,1,1,2,10
9410222,5,4,1,2,3,2,11
9703432,16,6,10,23,2,14,49
9309266,60,11,49,300,7,53,138
9408250,16,6,10,38,2,14,23
3012,17,5,12,27,1,16,96
9906385,5,2,3,6,0,5,16
107214,1,1,0,0,0,1,5
9609371,4,4,0,0,0,4,6
110194,6,3,3,4,1,5,34
9910534,1,1,0,0,0,1,1
9608211,34,12,22,51,0,34,347
9911511,11,1,10,24,0,11,45
9912214,21,5,16,28,5,16,40
9707317,5,1,4,6,0,5,14
9604287,5,4,1,1,3,2,2
9606208,7,4,3,6,0,7,14
9710275,5,3,2,3,2,3,11
9906313,9,3,6,9,2,7,23
9906459,8,2,6,14,0,8,54
9605356,12,6,6,10,6,6,11
9804439,7,3,4,4,0,7,24
108046,0,0,0,0,0,0,0
9610532,6,3,3,5,4,2,2
105090,13,2,11,32,0,13,70
110063,2,2,0,0,0,2,22
9609411,4,2,2,2,0,4,13
9912353,3,3,0,0,0,3,7
9503334,16,2,14,33,1,15,24
9911299,18,7,11,14,2,16,57
9505282,13,8,5,8,5,8,14
1230,7,2,5,8,1,6,17
6354,7,3,4,9,0,7,107
106064,2,2,0,0,2,0,0
9511382,11,3,8,13,5,6,15
9705216,20,8,12,32,4,16,41
9406208,4,2,2,3,4,0,0
3066,5,3,2,3,2,3,15
9507225,14,4,10,20,3,11,13
9605280,3,2,1,1,3,0,0
111047,13,6,7,12,0,13,106
111224,9,1,8,20,0,9,91
204253,124,9,115,756,58,66,173
9511471,3,3,0,0,2,1,1
9606267,20,7,13,34,7,13,26
9507418,33,9,24,81,7,26,57
112260,10,6,4,4,0,10,29
103050,15,1,14,56,1,14,34
9307244,61,4,57,483,57,4,11
9711229,35,9,26,87,8,27,50
9903343,2,2,0,0,0,2,10
9709316,9,2,7,13,0,9,26
9506428,1,1,0,0,1,0,0
9410332,2,2,0,0,0,2,9
9504390,1,1,0,0,1,0,0
9709411,1,1,0,0,0,1,4
205032,8,3,5,7,0,8,58
1087,14,5,9,18,0,14,242
109246,2,2,0,0,0,2,9
103087,24,5,19,52,1,23,149
9511334,4,1,3,6,0,4,18
9908466,9,1,8,12,0,9,31
9712351,23,7,16,29,1,22,87
9502246,3,2,1,1,0,3,6
101307,25,4,21,72,0,25,67
9910382,3,1,2,2,0,3,6
205053,37,5,32,103,14,23,109
112060,24,10,14,40,2,22,131
9905461,9,2,7,11,0,9,56
106072,7,2,5,8,0,7,54
9404278,19,6,13,20,19,0,0
9508401,14,4,10,23,10,4,4
9609245,12,3,9,20,1,11,33
110272,6,3,3,7,0,6,63
203113,6,3,3,4,0,6,36
9710386,0,0,0,0,0,0,0
1243,14,3,11,32,1,13,27
207003,9,2,7,17,0,9,140
9903386,5,1,4,4,3,2,5
9510435,3,3,0,0,2,1,1
9405412,12,9,3,3,8,4,9
103113,11,5,6,9,1,10,48
107114,11,2,9,21,0,11,127
12023,10,3,7,14,0,10,45
9411423,9,7,2,3,9,0,0
9411417,2,2,0,0,1,1,1
9502204,7,5,2,3,6,1,1
9310267,6,3,3,6,6,0,0
9907279,7,3,4,7,0,7,44
9701334,6,2,4,5,3,3,3
9605463,15,2,13,44,0,15,61
207123,8,4,4,5,1,7,43
9807561,2,2,0,0,0,2,4
202131,18,7,11,28,1,17,118
9405382,4,3,1,1,0,4,15
9805392,2,1,1,1,0,2,3
9808478,0,0,0,0,0,0,0
9611354,4,1,3,5,1,3,8
9804228,1,1,0,0,1,0,0
104205,12,2,10,34,0,12,181
5301,8,6,2,5,2,6,29
9803272,19,4,15,30,8,11,20
8251,0,0,0,0,0,0,0
9411289,18,5,13,32,14,4,4
9809546,1,1,0,0,0,1,6
6084,3,3,0,0,0,3,10
9808364,4,1,3,4,0,4,23
9707299,9,2,7,9,0,9,36
9603339,5,4,1,1,4,1,1
9612369,2,2,0,0,1,1,1
9802320,5,2,3,4,2,3,5
9708208,5,4,1,1,4,1,2
9810331,7,1,6,11,0,7,23
9906480,4,4,0,0,0,4,49
9908268,10,2,8,21,1,9,17
9302226,3,3,0,0,2,1,2
10065,2,2,0,0,1,1,2
9912410,6,3,3,7,0,6,27
11339,2,2,0,0,0,2,3
9901351,4,4,0,0,0,4,4
6244,11,4,7,12,1,10,20
9406338,5,2,3,6,0,5,10
9901439,9,3,6,10,0,9,26
9411403,1,1,0,0,0,1,5
201143,6,1,5,7,6,0,0
9711466,0,0,0,0,0,0,0
9311258,0,0,0,0,0,0,0
9805306,7,2,5,9,1,6,17
9607202,9,5,4,7,0,9,29
9802324,10,5,5,11,4,6,7
9911432,4,1,3,4,0,4,25
9608469,2,2,0,0,1,1,1
9804344,4,4,0,0,3,1,1
9706538,5,3,2,3,0,5,17
9906354,4,3,1,2,0,4,8
8084,8,2,6,11,0,8,15
9905497,3,2,1,1,0,3,5
9711382,3,2,1,1,0,3,5
105155,13,12,1,1,1,12,83
5142,9,7,2,3,3,6,59
9503459,2,2,0,0,0,2,2
9903251,8,3,5,11,0,8,28
103096,4,3,1,2,0,4,23
9904488,8,1,7,9,0,8,65
209216,10,1,9,14,0,10,87
9802319,3,2,1,1,0,3,6
108034,4,2,2,3,0,4,18
9705334,9,3,6,12,0,9,10
201293,3,1,2,2,0,3,37
9706288,8,4,4,11,0,8,139
9611261,0,0,0,0,0,0,0
204004,35,7,28,80,0,35,150
9902341,27,2,25,110,0,27,206
9505417,25,4,21,67,20,5,5
9705405,3,1,2,2,0,3,8
9606316,2,2,0,0,1,1,5
9709300,4,3,1,1,3,1,1
9810546,15,4,11,37,1,14,51
9704323,8,2,6,8,0,8,62
9805274,13,4,9,22,5,8,16
9810222,1,1,0,0,0,1,5
9803498,6,2,4,7,1,5,33
110199,1,1,0,0,0,1,15
11033,0,0,0,0,0,0,0
206068,4,4,0,0,0,4,22
9803286,12,3,9,16,0,12,24
9607377,16,8,8,10,14,2,2
9708250,3,3,0,0,1,2,4
7033,2,2,0,0,0,2,4
9404339,4,3,1,1,4,0,0
9912215,22,7,15,61,0,22,178
9812379,1,1,0,0,0,1,2
9908355,16,3,13,52,0,16,68
9402256,7,3,4,7,4,3,3
9809333,2,2,0,0,0,2,4
9405235,4,4,0,0,0,4,8
9706343,6,4,2,2,0,6,25
9809343,2,2,0,0,0,2,11
9601355,5,1,4,5,0,5,10
9902218,9,4,5,6,1,8,41
105063,11,3,8,11,1,10,58
9609403,2,2,0,0,0,2,12
9703456,4,1,3,6,4,0,0
9509233,3,2,1,1,0,3,8
101162,6,5,1,1,0,6,22
3213,13,8,5,9,13,0,0
9705408,7,1,6,14,7,0,0
9310348,3,2,1,1,3,0,0
9909554,21,5,16,59,0,21,292
1208,5,4,1,2,0,5,28
107060,8,4,4,6,0,8,54
10096,11,5,6,8,0,11,41
9411443,2,1,1,1,0,2,3
9411351,3,2,1,1,3,0,0
9810443,3,2,1,1,0,3,25
207348,14,4,10,28,0,14,138
206110,17,4,13,31,0,17,180
9410317,7,1,6,12,4,3,3
9310344,4,3,1,1,4,0,0
101166,2,2,0,0,0,2,6
9706234,2,1,1,1,0,2,15
9807414,6,2,4,7,0,6,23
9707396,0,0,0,0,0,0,0
210027,4,3,1,1,1,3,36
9505280,4,3,1,1,1,3,5
9309309,0,0,0,0,0,0,0
101005,11,4,7,12,1,10,45
110402,3,2,1,1,0,3,50
2039,8,5,3,4,0,8,80
9811326,6,1,5,8,0,6,21
9511384,4,3,1,1,2,2,2
9708423,3,2,1,1,0,3,3
9401351,8,3,5,9,2,6,9
9706406,4,3,1,1,1,3,13
9507335,9,2,7,18,3,6,6
10053,1,1,0,0,1,0,0
9706223,11,8,3,7,1,10,43
106045,5,1,4,5,0,5,63
9166,0,0,0,0,0,0,0
9911386,5,3,2,2,0,5,31
9706464,5,2,3,3,0,5,10
112202,3,2,1,1,1,2,10
9709334,6,1,5,14,0,6,16
9401284,3,1,2,3,0,3,3
9908347,6,5,1,1,0,6,25
9502229,6,1,5,9,6,0,0
203243,4,2,2,2,0,4,24
102247,9,3,6,11,4,5,12
9710272,4,1,3,3,0,4,12
11397,3,3,0,0,1,2,2
210140,2,2,0,0,0,2,8
201152,13,7,6,11,0,13,72
9510228,2,2,0,0,0,2,4
9704263,3,3,0,0,0,3,7
9707504,7,3,4,6,0,7,15
10091,1,1,0,0,0,1,5
10221,4,3,1,1,1,3,4
103341,2,2,0,0,0,2,8
9502292,4,3,1,1,4,0,0
9302283,8,3,5,12,8,0,0
102269,4,4,0,0,1,3,12
11334,7,3,4,8,0,7,39
104143,4,4,0,0,0,4,30
9807287,4,3,1,1,1,3,10
204081,3,3,0,0,0,3,18
9504299,1,1,0,0,1,0,0
9407252,23,11,12,20,1,22,94
205265,1,1,0,0,0,1,16
9602423,9,4,5,5,0,9,130
9806425,2,1,1,1,0,2,9
9611260,4,3,1,1,0,4,7
104185,2,1,1,1,0,2,2
9406341,2,2,0,0,1,1,1
9703251,3,2,1,1,1,2,2
9511320,5,4,1,1,2,3,9
9712325,12,1,11,37,1,11,36
9510227,4,2,2,2,1,3,3
9705407,3,2,1,1,3,0,0
9908411,5,4,1,2,0,5,8
9505276,4,4,0,0,1,3,4
110047,4,2,2,3,0,4,7
9710510,3,3,0,0,1,2,5
102218,10,2,8,23,0,10,168
10090,3,3,0,0,1,2,4
3034,4,4,0,0,2,2,2
9911504,7,7,0,0,0,7,52
110104,4,4,0,0,0,4,20
1083,13,4,9,21,2,11,41
104237,5,1,4,8,5,0,0
11177,5,5,0,0,0,5,24
7240,12,4,8,21,2,10,32
9801354,0,0,0,0,0,0,0
9506433,6,3,3,4,2,4,5
9907493,1,1,0,0,1,0,0
9512296,7,3,4,6,1,6,10
9804320,5,3,2,2,1,4,10
212146,16,5,11,33,2,14,85
112185,1,1,0,0,0,1,7
3316,2,2,0,0,0,2,5
107255,2,2,0,0,0,2,11
301101,2,1,1,1,0,2,18
110376,3,2,1,1,1,2,10
202129,2,2,0,0,0,2,17
103342,5,2,3,6,0,5,21
110273,1,1,0,0,0,1,9
9406211,7,6,1,1,4,3,6
9407380,7,3,4,7,7,0,0
1257,3,3,0,0,1,2,10
11099,2,2,0,0,2,0,0
9908208,5,3,2,3,0,5,35
9212265,8,5,3,5,8,0,0
204061,4,3,1,1,1,3,13
9307277,6,6,0,0,5,1,1
9804266,1,1,0,0,0,1,8
9207246,8,1,7,15,8,0,0
9911491,7,1,6,10,0,7,51
9904284,7,4,3,5,1,6,23
9608357,5,2,3,6,1,4,16
9802226,7,5,2,4,0,7,19
105006,4,4,0,0,0,4,11
9403238,2,2,0,0,2,0,0
9510221,3,3,0,0,0,3,3
9704364,7,3,4,4,0,7,19
9509265,3,2,1,1,3,0,0
108213,11,2,9,16,0,11,77
9711245,4,3,1,1,0,4,5
202032,2,2,0,0,0,2,16
205098,2,1,1,1,0,2,13
9508327,5,4,1,1,1,4,10
9611263,1,1,0,0,0,1,4
205310,0,0,0,0,0,0,0
9908329,2,2,0,0,0,2,6
9701271,3,1,2,2,0,3,7
9412394,4,1,3,5,2,2,2
9807204,2,1,1,1,0,2,6
10014,0,0,0,0,0,0,0
207205,1,1,0,0,0,1,1
7017,1,1,0,0,0,1,17
203181,6,1,5,10,1,5,15
9803412,13,7,6,11,4,9,20
103115,1,1,0,0,0,1,4
9710291,1,1,0,0,0,1,4
9403302,3,2,1,1,1,2,6
205065,5,4,1,2,0,5,47
111317,7,3,4,5,3,4,10
9702256,9,3,6,14,2,7,9
9805322,2,2,0,0,0,2,3
9185,3,2,1,2,0,3,4
9804348,10,4,6,14,3,7,24
9810454,12,1,11,27,0,12,28
201290,2,2,0,0,0,2,4
9136,2,1,1,1,0,2,11
205150,6,3,3,4,0,6,41
9601297,10,3,7,15,6,4,6
9501409,4,3,1,1,4,0,0
9511437,3,1,2,2,0,3,10
110193,3,3,0,0,1,2,7
9908222,12,5,7,14,5,7,10
9403234,0,0,0,0,0,0,0
9712545,0,0,0,0,0,0,0
103128,4,1,3,4,4,0,0
205046,4,2,2,3,0,4,10
7349,7,7,0,0,2,5,21
9809281,2,2,0,0,1,1,1
9408401,1,1,0,0,0,1,2
9506288,4,2,2,2,0,4,13
210127,2,2,0,0,0,2,22
101053,5,3,2,3,0,5,11
9307313,1,1,0,0,1,0,0
9802232,2,2,0,0,0,2,4
2034,5,1,4,5,0,5,26
1121,2,2,0,0,2,0,0
201168,4,1,3,5,0,4,9
6071,6,3,3,5,3,3,11
9903510,10,5,5,9,1,9,72
10306,7,3,4,4,1,6,22
9712314,2,2,0,0,0,2,5
9904426,0,0,0,0,0,0,0
9302296,3,1,2,3,3,0,0
9802313,6,1,5,8,0,6,9
9163,13,1,12,39,0,13,52
9412271,5,1,4,5,5,0,0
3279,7,3,4,5,0,7,16
9804311,3,3,0,0,3,0,0
1248,0,0,0,0,0,0,0
9701365,7,3,4,8,0,7,31
108223,2,1,1,1,0,2,5
9509261,8,2,6,14,3,5,5
1041,0,0,0,0,0,0,0
10305,6,1,5,13,0,6,25
2284,0,0,0,0,0,0,0
9902417,7,2,5,8,2,5,24
9809285,0,0,0,0,0,0,0
4020,3,2,1,1,0,3,18
9907271,4,2,2,3,0,4,17
101001,2,1,1,1,1,1,1
203155,16,12,4,4,1,15,67
9710396,1,1,0,0,1,0,0
1160,1,1,0,0,0,1,2
3194,0,0,0,0,0,0,0
204184,3,3,0,0,0,3,13
9605242,0,0,0,0,0,0,0
9806330,1,1,0,0,0,1,1
9407354,4,3,1,1,3,1,1
9504206,3,2,1,1,1,2,2
205084,6,5,1,1,0,6,23
8307,1,1,0,0,0,1,2
9609314,1,1,0,0,0,1,12
9804388,7,3,4,6,0,7,40
9812354,9,3,6,18,3,6,10
110363,5,5,0,0,0,5,80
201166,5,2,3,6,1,4,16
207084,2,2,0,0,2,0,0
9610321,2,2,0,0,2,0,0
9704345,6,1,5,6,0,6,25
204361,3,3,0,0,0,3,45
9512424,1,1,0,0,1,0,0
208134,2,2,0,0,0,2,21
8246,4,2,2,3,0,4,24
3123,9,3,6,10,0,9,107
9510279,3,3,0,0,0,3,14
9711243,2,2,0,0,2,0,0
201004,5,2,3,4,1,4,15
9808342,7,4,3,3,2,5,7
9706266,7,2,5,8,7,0,0
9809276,0,0,0,0,0,0,0
9908256,1,1,0,0,0,1,1
10028,2,1,1,1,0,2,8
4037,1,1,0,0,0,1,1
105124,2,1,1,1,0,2,10
207358,4,3,1,2,0,4,11
9210207,1,1,0,0,1,0,0
9909437,3,3,0,0,1,2,2
212162,2,2,0,0,0,2,19
9907274,5,2,3,6,1,4,4
207125,8,3,5,13,1,7,25
9606205,1,1,0,0,0,1,1
102175,0,0,0,0,0,0,0
8126,2,2,0,0,0,2,5
201294,9,4,5,7,0,9,50
5149,3,1,2,2,0,3,37
9912365,3,1,2,2,3,0,0
9607477,1,1,0,0,1,0,0
5054,2,1,1,1,0,2,11
9230,1,1,0,0,0,1,4
9306206,1,1,0,0,1,0,0
6042,1,1,0,0,0,1,5
9608386,1,1,0,0,1,0,0
9810209,2,2,0,0,1,1,1
9116,4,4,0,0,0,4,20
206126,1,1,0,0,0,1,4
9703453,3,1,2,2,0,3,3
210060,1,1,0,0,0,1,14
9710452,6,1,5,8,4,2,3
9907560,3,3,0,0,0,3,11
9507304,7,2,5,6,7,0,0
9706389,1,1,0,0,0,1,13
206113,1,1,0,0,0,1,4
9612306,1,1,0,0,0,1,1
3205,2,2,0,0,0,2,5
9808318,0,0,0,0,0,0,0
9711296,2,2,0,0,0,2,13
211301,1,1,0,0,0,1,4
6314,2,1,1,1,0,2,16
9805332,7,3,4,9,0,7,37
9812532,4,1,3,3,4,0,0
9705277,0,0,0,0,0,0,0
5213,4,3,1,1,0,4,12
1045,2,1,1,1,0,2,6
9707487,5,1,4,6,0,5,13
106053,2,2,0,0,0,2,33
9610332,2,2,0,0,0,2,11
9911326,0,0,0,0,0,0,0
9802244,1,1,0,0,1,0,0
9910285,1,1,0,0,1,0,0
9806269,2,2,0,0,0,2,3
203038,0,0,0,0,0,0,0
103176,1,1,0,0,1,0,0
104129,8,3,5,9,0,8,98
204018,0,0,0,0,0,0,0
107070,0,0,0,0,0,0,0
209235,1,1,0,0,0,1,1
9305328,1,1,0,0,1,0,0
9808264,5,4,1,1,3,2,4
9910509,6,4,2,4,0,6,27
9603277,4,4,0,0,1,3,3
302146,0,0,0,0,0,0,0
207138,0,0,0,0,0,0,0
9710519,0,0,0,0,0,0,0
9911539,1,1,0,0,0,1,2
9710464,2,1,1,1,0,2,2
9805253,0,0,0,0,0,0,0
212264,0,0,0,0,0,0,0
9812321,2,2,0,0,0,2,2
211261,0,0,0,0,0,0,0
202069,4,1,3,3,0,4,23
9609304,0,0,0,0,0,0,0
9702328,0,0,0,0,0,0,0
206288,6,3,3,4,0,6,42
5283,1,1,0,0,0,1,1
4147,2,2,0,0,2,0,0
11349,0,0,0,0,0,0,0
9503269,3,2,1,1,2,1,2
201188,2,1,1,1,0,2,12
9706292,2,1,1,1,0,2,13
202236,4,3,1,1,0,4,20
111256,1,1,0,0,0,1,2
210364,0,0,0,0,0,0,0
209339,1,1,0,0,1,0,0
208037,0,0,0,0,0,0,0
9810238,2,1,1,1,1,1,1
103108,7,5,2,3,1,6,9
109225,2,2,0,0,1,1,1
209016,0,0,0,0,0,0,0
203107,3,1,2,2,1,2,4
9905211,5,5,0,0,0,5,11
210223,0,0,0,0,0,0,0
12287,1,1,0,0,1,0,0
209191,1,1,0,0,0,1,21
110364,1,1,0,0,0,1,2
207290,1,1,0,0,1,0,0
3283,0,0,0,0,0,0,0
9901360,1,1,0,0,0,1,1
9909237,6,3,3,5,0,6,8
9612344,2,2,0,0,1,1,1
205221,0,0,0,0,0,0,0
9807438,1,1,0,0,0,1,2
9905399,3,1,2,2,1,2,8
9178,6,1,5,14,0,6,13
208219,3,3,0,0,0,3,12
9812373,1,1,0,0,0,1,1
9509388,1,1,0,0,1,0,0
9912469,1,1,0,0,0,1,2
3282,1,1,0,0,0,1,1
210329,0,0,0,0,0,0,0
9408398,0,0,0,0,0,0,0
211007,3,3,0,0,0,3,19
302137,0,0,0,0,0,0,0
9705426,0,0,0,0,0,0,0
210407,0,0,0,0,0,0,0
9505273,5,2,3,3,0,5,5
9311238,0,0,0,0,0,0,0
205029,3,2,1,1,0,3,6
107167,0,0,0,0,0,0,0
103103,5,5,0,0,1,4,12
2294,0,0,0,0,0,0,0
301092,2,1,1,1,0,2,52
9408279,0,0,0,0,0,0,0
101130,0,0,0,0,0,0,0
101301,2,2,0,0,1,1,3
302126,0,0,0,0,0,0,0
9701355,1,1,0,0,1,0,0
212003,1,1,0,0,0,1,16
9704373,0,0,0,0,0,0,0
1251,4,3,1,1,0,4,27
103291,1,1,0,0,0,1,8
207098,0,0,0,0,0,0,0
9709475,0,0,0,0,0,0,0
6195,0,0,0,0,0,0,0
9909347,1,1,0,0,0,1,7
9706442,0,0,0,0,0,0,0
7143,0,0,0,0,0,0,0
110381,4,3,1,1,2,2,6
9912393,4,2,2,3,0,4,14
9608453,2,1,1,1,0,2,6
9811502,0,0,0,0,0,0,0
9606480,0,0,0,0,0,0,0
212193,0,0,0,0,0,0,0
101223,5,3,2,2,0,5,36
9509394,0,0,0,0,0,0,0
9411248,1,1,0,0,1,0,0
202240,1,1,0,0,0,1,1
9503387,1,1,0,0,0,1,1
9911439,1,1,0,0,0,1,1
211023,4,2,2,2,0,4,25
9809576,2,1,1,1,0,2,24
201223,0,0,0,0,0,0,0
301031,0,0,0,0,0,0,0
209247,0,0,0,0,0,0,0
9811512,1,1,0,0,1,0,0
9905490,1,1,0,0,0,1,1
104123,3,2,1,1,1,2,3
9312206,0,0,0,0,0,0,0
208072,1,1,0,0,1,0,0
2206,2,2,0,0,0,2,2
9803280,2,1,1,1,0,2,4
111384,0,0,0,0,0,0,0
302187,0,0,0,0,0,0,0
211112,1,1,0,0,0,1,2
210049,0,0,0,0,0,0,0
9806406,1,1,0,0,1,0,0
212008,0,0,0,0,0,0,0
9805458,2,1,1,1,0,2,6
9903392,0,0,0,0,0,0,0
9704397,1,1,0,0,1,0,0
107251,1,1,0,0,0,1,7
3004,0,0,0,0,0,0,0
209077,4,4,0,0,0,4,29
206040,1,1,0,0,0,1,1
9612368,0,0,0,0,0,0,0
9903533,2,1,1,1,0,2,14
205348,1,1,0,0,0,1,10
9412377,0,0,0,0,0,0,0
9608235,0,0,0,0,0,0,0
9905561,1,1,0,0,1,0,0
9167,1,1,0,0,0,1,5
9508207,0,0,0,0,0,0,0
103247,0,0,0,0,0,0,0
9709359,0,0,0,0,0,0,0
107130,0,0,0,0,0,0,0
207069,3,2,1,1,0,3,6
301124,0,0,0,0,0,0,0
9508216,0,0,0,0,0,0,0
9612315,0,0,0,0,0,0,0
9611241,0,0,0,0,0,0,0
9912387,2,2,0,0,0,2,4
9610428,0,0,0,0,0,0,0
1060,1,1,0,0,1,0,0
102282,1,1,0,0,1,0,0
9207259,2,2,0,0,2,0,0
2200,3,3,0,0,0,3,4
208032,0,0,0,0,0,0,0
9812359,3,3,0,0,0,3,8
105177,3,1,2,3,0,3,8
205138,2,2,0,0,0,2,4
210178,1,1,0,0,0,1,6
9704321,0,0,0,0,0,0,0
210033,1,1,0,0,0,1,4
9072,3,3,0,0,0,3,17
107305,0,0,0,0,0,0,0
9709268,0,0,0,0,0,0,0
211334,2,2,0,0,1,1,9
201175,0,0,0,0,0,0,0
210368,0,0,0,0,0,0,0
9607228,0,0,0,0,0,0,0
9906219,0,0,0,0,0,0,0
9712348,0,0,0,0,0,0,0
211376,0,0,0,0,0,0,0
11199,0,0,0,0,0,0,0
9709469,0,0,0,0,0,0,0
302241,0,0,0,0,0,0,0
111301,1,1,0,0,0,1,3
210317,0,0,0,0,0,0,0
204197,0,0,0,0,0,0,0
11022,0,0,0,0,0,0,0
302212,0,0,0,0,0,0,0
9804342,0,0,0,0,0,0,0
9511222,0,0,0,0,0,0,0
9406240,0,0,0,0,0,0,0
9505243,0,0,0,0,0,0,0
7124,0,0,0,0,0,0,0
9811468,0,0,0,0,0,0,0
210026,1,1,0,0,0,1,12
9609305,1,1,0,0,0,1,4
9609402,0,0,0,0,0,0,0
206228,0,0,0,0,0,0,0
9611407,0,0,0,0,0,0,0
203146,0,0,0,0,0,0,0
9611338,0,0,0,0,0,0,0
301153,0,0,0,0,0,0,0
211442,0,0,0,0,0,0,0
9906295,0,0,0,0,0,0,0
9605333,1,1,0,0,1,0,0
9706290,0,0,0,0,0,0,0
206279,3,2,1,1,0,3,86
11024,1,1,0,0,0,1,6
9303208,0,0,0,0,0,0,0
111102,0,0,0,0,0,0,0
208244,0,0,0,0,0,0,0
12064,0,0,0,0,0,0,0
103249,0,0,0,0,0,0,0
9807217,0,0,0,0,0,0,0
3329,0,0,0,0,0,0,0
301185,1,1,0,0,0,1,4
9710306,0,0,0,0,0,0,0
211209,0,0,0,0,0,0,0
6030,0,0,0,0,0,0,0
105219,0,0,0,0,0,0,0
11226,0,0,0,0,0,0,0
9511302,0,0,0,0,0,0,0
207203,0,0,0,0,0,0,0
210010,0,0,0,0,0,0,0
102154,0,0,0,0,0,0,0
9605205,1,1,0,0,0,1,1
302259,0,0,0,0,0,0,0
11152,0,0,0,0,0,0,0
9810414,1,1,0,0,0,1,4
106261,0,0,0,0,0,0,0
9709248,0,0,0,0,0,0,0
204094,2,2,0,0,1,1,1
5289,0,0,0,0,0,0,0
5239,0,0,0,0,0,0,0
4036,0,0,0,0,0,0,0
101270,0,0,0,0,0,0,0
9803374,4,2,2,3,0,4,7
5268,0,0,0,0,0,0,0
201100,0,0,0,0,0,0,0
12342,0,0,0,0,0,0,0
103139,0,0,0,0,0,0,0
106048,0,0,0,0,0,0,0
211106,0,0,0,0,0,0,0
9411407,0,0,0,0,0,0,0
111464,0,0,0,0,0,0,0
108022,0,0,0,0,0,0,0
10169,1,1,0,0,0,1,2
9510321,0,0,0,0,0,0,0
211380,0,0,0,0,0,0,0
212361,1,1,0,0,0,1,3
9405339,0,0,0,0,0,0,0
212041,0,0,0,0,0,0,0
111438,0,0,0,0,0,0,0
12055,0,0,0,0,0,0,0
109031,0,0,0,0,0,0,0
110134,0,0,0,0,0,0,0
211179,0,0,0,0,0,0,0
9604285,0,0,0,0,0,0,0
301196,0,0,0,0,0,0,0
105202,0,0,0,0,0,0,0
109129,0,0,0,0,0,0,0
9501352,0,0,0,0,0,0,0
9507464,0,0,0,0,0,0,0
3290,0,0,0,0,0,0,0
112221,0,0,0,0,0,0,0
106276,0,0,0,0,0,0,0
9901441,0,0,0,0,0,0,0
9708251,1,1,0,0,0,1,3
9907508,0,0,0,0,0,0,0
107169,0,0,0,0,0,0,0
9408341,0,0,0,0,0,0,0
9801389,1,1,0,0,1,0,0
302052,0,0,0,0,0,0,0
102208,0,0,0,0,0,0,0
9507431,1,1,0,0,1,0,0
112258,0,0,0,0,0,0,0
302090,0,0,0,0,0,0,0
205091,0,0,0,0,0,0,0
202108,0,0,0,0,0,0,0
9903320,1,1,0,0,1,0,0
9902477,0,0,0,0,0,0,0
4089,0,0,0,0,0,0,0
9604379,0,0,0,0,0,0,0
106111,0,0,0,0,0,0,0
302152,0,0,0,0,0,0,0
9910218,0,0,0,0,0,0,0
102272,0,0,0,0,0,0,0
101050,0,0,0,0,0,0,0
204065,0,0,0,0,0,0,0
209172,0,0,0,0,0,0,0
12198,0,0,0,0,0,0,0
203019,0,0,0,0,0,0,0
105122,0,0,0,0,0,0,0
212158,0,0,0,0,0,0,0
9703416,2,1,1,1,0,2,2
9809536,0,0,0,0,0,0,0
212222,0,0,0,0,0,0,0
101054,1,1,0,0,1,0,0
203037,0,0,0,0,0,0,0
11390,0,0,0,0,0,0,0
9809416,0,0,0,0,0,0,0
211453,0,0,0,0,0,0,0
107067,0,0,0,0,0,0,0
9803443,1,1,0,0,0,1,6
9910434,0,0,0,0,0,0,0
9706517,0,0,0,0,0,0,0
9509298,0,0,0,0,0,0,0
212387,0,0,0,0,0,0,0
9502208,0,0,0,0,0,0,0
9904343,0,0,0,0,0,0,0
207117,0,0,0,0,0,0,0
9802385,0,0,0,0,0,0,0
9311275,0,0,0,0,0,0,0
9909343,0,0,0,0,0,0,0
209282,0,0,0,0,0,0,0
9304215,1,1,0,0,1,0,0
7090,0,0,0,0,0,0,0
9308319,0,0,0,0,0,0,0
105243,0,0,0,0,0,0,0
1210,0,0,0,0,0,0,0
211254,0,0,0,0,0,0,0
210191,0,0,0,0,0,0,0
207089,0,0,0,0,0,0,0
1018,0,0,0,0,0,0,0
9611439,0,0,0,0,0,0,0
207371,0,0,0,0,0,0,0
302269,0,0,0,0,0,0,0
109132,0,0,0,0,0,0,0
9307276,0,0,0,0,0,0,0
211212,0,0,0,0,0,0,0
9608249,0,0,0,0,0,0,0
212168,0,0,0,0,0,0,0
9612258,1,1,0,0,0,1,1
9501265,83,6,77,480,26,57,203
7136,6,3,3,4,1,5,19
9703353,103,6,97,712,23,80,321
9211333,4,2,2,2,4,0,0
9405368,42,8,34,166,17,25,30
9510378,49,7,42,130,18,31,95
9807238,10,2,8,19,0,10,29
9802300,71,2,69,606,5,66,342
9503486,114,32,82,241,76,38,147
301097,0,0,0,0,0,0,0
9409315,34,2,32,69,16,18,36
9603205,40,3,37,196,13,27,47
9609326,18,7,11,23,0,18,81
106295,77,2,75,884,0,77,236
9401236,65,27,38,89,51,14,14
9607466,11,5,6,10,0,11,13
9707229,10,2,8,21,0,10,19
9811237,26,5,21,56,0,26,207
207066,3,1,2,3,0,3,3
9204214,90,8,82,356,90,0,0
9509255,13,8,5,8,11,2,4
9810367,38,7,31,101,5,33,128
9207258,9,4,5,10,9,0,0
9602414,56,7,49,229,9,47,123
9804235,28,9,19,58,13,15,64
9507463,30,4,26,62,30,0,0
112286,4,4,0,0,2,2,5
8047,4,3,1,1,0,4,4
9402224,29,4,25,66,28,1,1
9304275,33,7,26,92,33,0,0
9411377,60,12,48,161,60,0,0
9410232,25,3,22,76,1,24,114
9308292,53,12,41,150,53,0,0
9411256,9,6,3,6,6,3,5
9602349,16,8,8,17,2,14,55
9612444,31,1,30,182,0,31,83
9808293,159,7,152,1206,12,147,329
9304271,16,4,12,39,16,0,0
9402231,73,12,61,195,69,4,4
9906487,75,5,70,540,2,73,587
9807449,11,5,6,17,5,6,12
9906368,12,5,7,15,0,12,104
9903481,27,3,24,112,10,17,54
105344,15,3,12,49,15,0,0
9803415,44,5,39,155,1,43,104
9709483,18,2,16,50,1,17,68
9710491,25,7,18,39,18,7,7
9802209,43,8,35,151,2,41,352
9408386,7,3,4,4,0,7,7
9807360,33,3,30,127,19,14,19
9901316,7,3,4,6,5,2,26
9611422,8,3,5,9,0,8,31
9612217,55,12,43,116,9,46,136
9511381,32,5,27,93,1,31,80
9711360,34,9,25,65,3,31,152
9510419,3,2,1,1,0,3,8
9403203,7,3,4,7,2,5,9
9509399,14,7,7,8,9,5,10
9306205,115,37,78,248,42,73,115
9510219,26,7,19,73,1,25,72
9502237,73,4,69,671,12,61,82
9511473,28,6,22,85,4,24,102
9704221,60,4,56,399,0,60,588
9308335,89,22,67,230,82,7,7
9912264,35,4,31,154,3,32,106
104063,1,1,0,0,0,1,2
9712224,95,9,86,656,2,93,596
9401277,124,18,106,573,52,72,127
9711246,89,2,87,888,2,87,526
9408384,345,15,330,3715,328,17,17
9611204,27,3,24,78,0,27,105
9705307,49,8,41,174,3,46,305
9305271,3,3,0,0,3,0,0
9411399,11,4,7,15,0,11,20
9509325,41,5,36,169,5,36,110
105217,10,2,8,20,1,9,47
9705252,29,8,21,39,2,27,107
9710331,30,6,24,124,0,30,274
110301,5,4,1,1,0,5,31
9904214,8,5,3,5,1,7,30
105073,6,5,1,1,1,5,5
1093,19,6,13,37,6,13,17
9807332,23,3,20,72,3,20,61
9811518,45,15,30,52,11,34,79
9604284,21,3,18,47,0,21,40
9810336,43,4,39,136,0,43,165
9305289,15,11,4,5,14,1,1
9905221,388,33,355,2520,75,313,1197
9606447,3,3,0,0,0,3,16
9403219,71,9,62,345,3,68,181
9409361,13,3,10,32,4,9,9
9709283,8,6,2,2,2,6,12
9701421,41,11,30,77,7,34,86
9409393,64,9,55,443,1,63,232
9511336,19,2,17,65,0,19,144
9802365,37,3,34,226,0,37,202
9608203,53,12,41,197,17,36,81
9612235,37,4,33,149,10,27,88
9603285,49,10,39,114,13,36,71
9605231,40,7,33,82,5,35,113
9806531,5,2,3,4,5,0,0
9302225,134,19,115,664,134,0,0
9903218,14,3,11,23,0,14,103
9509341,23,7,16,42,2,21,99
9310244,13,6,7,11,11,2,2
9607215,17,5,12,32,5,12,12
9502224,52,4,48,301,27,25,44
9405270,18,3,15,39,4,14,25
9610543,19,4,15,64,0,19,111
9507342,18,4,14,40,10,8,13
9312257,13,9,4,6,1,12,12
9302302,7,5,2,2,6,1,1
9803439,5,5,0,0,2,3,7
12303,6,3,3,4,0,6,13
9409434,48,5,43,183,33,15,18
9906485,22,7,15,39,0,22,257
9808214,8,3,5,9,6,2,8
9306219,24,8,16,83,18,6,6
9401309,21,5,16,51,21,0,0
9810313,31,5,26,152,0,31,198
9312245,18,10,8,15,13,5,5
9806391,5,2,3,6,0,5,17
9304315,27,11,16,42,27,0,0
9904315,20,5,15,34,0,20,103
5114,22,13,9,26,0,22,256
9506357,28,4,24,99,1,27,92
9805315,25,5,20,70,1,24,128
9905283,12,2,10,29,3,9,30
9409410,25,20,5,9,21,4,8
9308229,11,2,9,23,8,3,3
10321,22,1,21,60,1,21,194
9906512,101,3,98,1073,1,100,635
9209239,66,19,47,189,51,15,15
9502311,7,4,3,4,3,4,19
9701323,13,4,9,19,1,12,32
5040,7,2,5,7,0,7,14
9811347,4,2,2,2,0,4,28
210257,4,2,2,3,0,4,21
9310216,14,3,11,16,6,8,15
9411215,1,1,0,0,0,1,3
9904378,77,8,69,430,4,73,305
9502260,71,9,62,275,41,30,38
9902371,89,8,81,719,0,89,551
9210241,28,4,24,66,28,0,0
9903448,73,1,72,462,1,72,198
9711501,7,5,2,4,0,7,43
9707273,25,4,21,63,1,24,90
9510218,5,4,1,1,3,2,2
9503425,30,16,14,18,11,19,68
9611437,28,13,15,52,0,28,149
9504382,4,2,2,3,1,3,6
9612460,1,1,0,0,1,0,0
9603423,40,10,30,130,2,38,64
9909397,6,1,5,8,0,6,31
9809543,54,4,50,293,0,54,365
9612209,6,6,0,0,4,2,2
9903473,18,2,16,36,4,14,62
9708497,7,3,4,9,7,0,0
9209207,8,3,5,8,8,0,0
9703317,31,3,28,83,4,27,86
9412248,12,11,1,1,12,0,0
9403208,47,8,39,225,47,0,0
9306201,12,5,7,12,12,0,0
9702375,28,14,14,22,2,26,131
8262,19,2,17,56,4,15,28
203049,4,4,0,0,1,3,21
9511234,5,5,0,0,0,5,5
9408275,33,13,20,36,18,15,15
9910420,59,10,49,215,3,56,356
9801218,4,2,2,2,2,2,4
9708446,18,2,16,34,2,16,65
9703345,15,3,12,25,0,15,28
9808415,38,7,31,95,8,30,145
9337,73,4,69,505,34,39,94
10194,15,3,12,47,4,11,82
12377,10,3,7,15,0,10,53
9343,5,5,0,0,1,4,25
12192,4,4,0,0,1,3,10
9908326,56,7,49,250,8,48,292
7073,13,3,10,32,0,13,112
7078,8,3,5,10,6,2,4
12123,10,2,8,25,0,10,117
9712515,16,13,3,4,2,14,28
106264,104,19,85,384,1,103,273
8019,65,11,54,228,13,52,273
9406360,2,1,1,1,2,0,0
9604243,12,3,9,26,0,12,62
9502289,73,4,69,510,5,68,179
10146,19,6,13,32,6,13,52
9707389,10,2,8,20,10,0,0
9906402,10,5,5,7,0,10,35
1192,12,3,9,28,7,5,5
9502341,23,4,19,125,5,18,18
12140,26,5,21,96,0,26,144
9209264,1,1,0,0,1,0,0
9907507,9,2,7,20,2,7,21
4130,12,2,10,30,0,12,75
9812402,3,3,0,0,1,2,2
9904425,30,2,28,156,0,30,527
1120,5,3,2,3,0,5,21
9808257,54,17,37,104,6,48,148
11094,42,1,41,266,0,42,632
201161,24,4,20,78,0,24,409
9705305,16,1,15,39,1,15,38
109178,9,6,3,4,0,9,75
207167,2,1,1,1,0,2,22
103201,32,8,24,76,0,32,182
3129,61,7,54,218,1,60,330
9612318,30,8,22,49,4,26,49
9304261,7,4,3,7,7,0,0
8333,15,7,8,12,0,15,180
12306,6,3,3,4,0,6,22
111435,9,7,2,3,0,9,52
9206216,16,5,11,19,16,0,0
9607362,24,6,18,69,1,23,73
112021,3,1,2,2,0,3,41
102096,1,1,0,0,0,1,8
9809396,10,2,8,15,3,7,49
9907203,12,2,10,34,2,10,28
9603201,13,4,9,24,1,12,16
9808203,1,1,0,0,0,1,4
9612348,4,2,2,3,4,0,0
6355,2,2,0,0,1,1,1
110278,8,6,2,3,0,8,73
11400,2,2,0,0,1,1,1
9810523,3,1,2,2,0,3,9
9410343,13,5,8,21,3,10,19
9412315,15,5,10,23,13,2,2
3203,39,3,36,236,2,37,130
9511228,61,10,51,174,11,50,54
9601349,54,3,51,207,2,52,366
9606410,21,9,12,33,0,21,164
9211268,2,2,0,0,2,0,0
9408225,7,3,4,6,7,0,0
2135,7,4,3,5,0,7,22
9306321,7,3,4,5,0,7,14
9706423,5,4,1,1,0,5,7
9407343,21,5,16,44,17,4,4
9602268,1,1,0,0,0,1,5
201201,11,4,7,21,2,9,9
9406393,8,7,1,2,8,0,0
9808224,35,5,30,170,1,34,243
9403261,9,5,4,5,4,5,5
9707239,10,1,9,21,0,10,134
9510235,17,5,12,24,2,15,21
9508398,17,6,11,18,14,3,3
9402286,32,7,25,56,32,0,0
9905294,6,3,3,3,0,6,19
105008,20,4,16,39,0,20,260
9145,22,9,13,37,1,21,166
9808434,15,6,9,18,11,4,5
9711344,8,3,5,7,0,8,11
5108,34,4,30,100,3,31,85
104117,8,3,5,9,0,8,69
9707208,40,14,26,75,2,38,135
9512250,9,3,6,6,3,6,16
9703363,23,8,15,35,7,16,67
9612270,8,3,5,9,1,7,25
9701413,14,2,12,39,0,14,67
9301244,95,17,78,444,95,0,0
9310367,7,6,1,1,6,1,1
9403265,15,5,10,19,15,0,0
9706386,3,2,1,1,1,2,2
9603439,4,2,2,2,0,4,12
9504275,3,3,0,0,0,3,10
9609237,7,4,3,4,3,4,10
9610492,21,6,15,39,4,17,87
9605271,5,1,4,6,3,2,11
9706470,5,3,2,2,0,5,16
9706476,37,8,29,119,1,36,219
9711406,11,1,10,32,0,11,88
9602407,18,6,12,18,10,8,8
9802416,21,5,16,30,0,21,139
9605283,78,10,68,581,0,78,610
9401352,37,4,33,130,15,22,34
9504389,3,3,0,0,2,1,2
9304254,16,13,3,4,1,15,29
9304290,13,6,7,10,13,0,0
9306322,26,4,22,109,11,15,16
108112,22,7,15,35,6,16,53
9809459,3,3,0,0,3,0,0
9711310,2,1,1,1,1,1,3
9707372,2,2,0,0,0,2,15
9604402,9,2,7,13,1,8,32
9712389,15,8,7,14,1,14,90
9607451,9,2,7,22,0,9,40
9209294,7,4,3,6,7,0,0
9710342,15,7,8,17,2,13,26
5293,21,6,15,47,3,18,72
9910508,3,1,2,3,0,3,11
9605459,8,5,3,5,8,0,0
9305251,34,9,25,61,34,0,0
9604298,17,8,9,14,1,16,100
9612284,21,14,7,16,21,0,0
206136,5,1,4,6,0,5,43
9307203,18,5,13,24,12,6,6
9912483,12,7,5,5,1,11,43
9907533,11,3,8,24,1,10,21
9508383,7,3,4,5,6,1,1
9704330,0,0,0,0,0,0,0
9709481,7,4,3,3,5,2,2
5309,42,9,33,103,2,40,387
9911226,2,2,0,0,0,2,10
9908486,17,5,12,40,0,17,85
9904355,30,3,27,192,0,30,272
9801411,16,4,12,26,0,16,36
104189,4,3,1,1,0,4,9
1188,9,2,7,9,1,8,20
9812269,28,4,24,71,3,25,95
1231,3,2,1,1,0,3,12
9503419,4,4,0,0,2,2,2
9406237,12,5,7,13,12,0,0
9312341,37,9,28,103,10,27,57
9206208,1,1,0,0,1,0,0
7288,4,1,3,4,0,4,43
9903250,1,1,0,0,1,0,0
4208,33,9,24,93,0,33,275
9701353,18,4,14,32,1,17,17
9504333,29,5,24,111,21,8,11
9911454,6,3,3,4,1,5,36
9406217,4,3,1,1,4,0,0
8129,21,5,16,38,1,20,37
9911235,4,4,0,0,1,3,25
4024,4,4,0,0,1,3,11
9701345,12,3,9,22,4,8,9
1178,5,1,4,5,0,5,27
9906396,7,2,5,7,0,7,25
9911534,8,4,4,4,0,8,57
9407402,13,5,8,19,5,8,10
9204222,18,7,11,18,18,0,0
9806372,3,3,0,0,0,3,12
3305,6,6,0,0,0,6,14
9708355,1,1,0,0,0,1,1
106356,13,2,11,31,0,13,31
110216,8,4,4,9,0,8,131
9905392,26,8,18,46,8,18,33
9812521,11,6,5,10,6,5,12
9505267,21,6,15,46,2,19,31
9809247,21,4,17,63,1,20,194
9804317,3,2,1,1,3,0,0
10177,15,4,11,31,3,12,60
9910214,9,3,6,13,0,9,137
106144,1,1,0,0,1,0,0
9611350,7,7,0,0,2,5,13
9703439,8,2,6,10,2,6,7
9204231,6,1,5,7,6,0,0
11058,3,2,1,1,0,3,8
9209255,19,3,16,20,19,0,0
9610405,11,4,7,9,4,7,7
9711424,5,1,4,9,1,4,4
112072,3,3,0,0,2,1,5
207157,26,7,19,28,1,25,152
9803301,25,1,24,70,11,14,21
9703411,20,6,14,42,2,18,58
9512233,1,1,0,0,1,0,0
12145,19,4,15,39,0,19,129
103069,7,3,4,12,0,7,106
9310365,64,1,63,432,11,53,195
9802404,10,4,6,8,1,9,22
9803459,24,9,15,33,2,22,75
9709355,6,3,3,6,4,2,6
9509270,4,4,0,0,0,4,16
301232,0,0,0,0,0,0,0
9511338,5,2,3,3,2,3,6
9208214,4,3,1,1,4,0,0
206077,34,16,18,38,1,33,472
9810267,6,2,4,11,0,6,40
9612236,3,3,0,0,0,3,13
105302,30,3,27,88,0,30,154
9708410,1,1,0,0,0,1,2
1096,1,1,0,0,0,1,2
9804323,6,3,3,3,2,4,5
210276,5,4,1,1,0,5,15
105278,5,3,2,2,0,5,10
6076,6,3,3,4,1,5,20
205234,3,2,1,1,0,3,36
202095,5,3,2,2,0,5,12
9912268,10,8,2,2,0,10,45
107233,8,6,2,4,0,8,59
9411378,2,1,1,1,0,2,9
9702286,7,2,5,10,0,7,21
203122,2,1,1,1,0,2,9
111290,5,3,2,3,0,5,59
203117,4,1,3,5,0,4,19
10068,3,2,1,2,0,3,6
1244,20,1,19,67,11,9,17
112337,3,2,1,2,0,3,19
9506287,12,6,6,6,8,4,5
9604375,2,1,1,1,0,2,16
9407261,16,3,13,27,8,8,10
110097,8,5,3,3,1,7,52
108239,9,3,6,10,0,9,92
106230,9,5,4,5,0,9,40
9709354,32,5,27,75,3,29,86
9709419,14,5,9,15,9,5,5
9508264,15,3,12,30,5,10,11
9310268,3,3,0,0,3,0,0
9904235,4,4,0,0,4,0,0
9805396,13,8,5,9,0,13,41
9702301,8,1,7,15,1,7,35
10310,4,4,0,0,3,1,1
2054,4,1,3,3,0,4,62
9905442,6,4,2,3,1,5,8
9904299,1,1,0,0,1,0,0
9806231,1,1,0,0,0,1,14
9807280,1,1,0,0,0,1,1
9406299,22,3,19,97,22,0,0
9809286,2,1,1,1,0,2,2
104232,20,5,15,57,1,19,212
6009,7,2,5,11,1,6,27
9707413,1,1,0,0,0,1,10
4101,13,3,10,27,0,13,88
9610216,1,1,0,0,0,1,2
9812534,1,1,0,0,0,1,1
9906311,17,6,11,39,0,17,130
9901314,14,6,8,18,2,12,51
9608483,3,1,2,3,0,3,11
9272,3,1,2,2,0,3,20
9811274,2,2,0,0,0,2,13
9810458,1,1,0,0,0,1,7
9312229,7,2,5,6,6,1,1
9610304,21,5,16,78,10,11,14
10135,1,1,0,0,1,0,0
9905404,15,11,4,4,1,14,40
9405205,3,3,0,0,2,1,2
101163,3,2,1,1,3,0,0
3031,3,2,1,2,0,3,12
110043,2,2,0,0,0,2,4
9711328,2,2,0,0,0,2,4
9804270,2,1,1,1,2,0,0
9408360,6,5,1,1,5,1,1
12238,4,3,1,1,4,0,0
211065,1,1,0,0,1,0,0
9709477,1,1,0,0,0,1,1
9705255,4,2,2,2,1,3,4
9607407,1,1,0,0,0,1,2
9611322,8,3,5,16,0,8,9
9609315,2,2,0,0,2,0,0
9806369,6,4,2,3,6,0,0
9509433,20,7,13,34,0,20,189
9808306,7,3,4,7,1,6,10
9508354,15,3,12,21,1,14,31
9707333,6,3,3,3,0,6,17
9802374,21,3,18,42,0,21,63
9909298,8,4,4,4,2,6,15
9905531,2,2,0,0,0,2,6
9712507,7,3,4,9,2,5,12
9812383,4,1,3,5,0,4,27
9910293,1,1,0,0,1,0,0
9409316,6,2,4,5,1,5,19
9906383,12,5,7,16,0,12,100
9304312,4,1,3,3,4,0,0
9809446,11,6,5,7,0,11,53
209239,1,1,0,0,0,1,7
9209253,6,3,3,4,6,0,0
9511383,2,2,0,0,0,2,3
9705364,10,1,9,31,3,7,11
202177,7,4,3,3,1,6,58
9707328,3,3,0,0,1,2,8
9306285,6,1,5,10,3,3,3
208038,17,10,7,10,0,17,106
9910343,1,1,0,0,0,1,2
9603240,12,3,9,24,12,0,0
9705450,5,3,2,2,0,5,9
9412217,8,4,4,5,7,1,1
9801342,4,3,1,2,0,4,14
8321,7,2,5,14,3,4,7
9707427,1,1,0,0,0,1,3
9610230,7,4,3,5,1,6,43
9402236,5,2,3,3,5,0,0
203195,4,2,2,4,0,4,26
110395,1,1,0,0,0,1,1
9907340,2,2,0,0,1,1,1
4226,10,2,8,11,0,10,81
9806268,19,8,11,22,3,16,43
9703225,10,5,5,8,6,4,4
9604439,4,3,1,1,3,1,1
7185,13,5,8,18,3,10,83
9503295,10,5,5,9,6,4,4
9308289,4,3,1,1,1,3,3
9809527,4,2,2,3,1,3,6
9909253,5,4,1,2,4,1,1
9712377,2,1,1,1,0,2,5
9601369,25,6,19,42,9,16,29
9512222,0,0,0,0,0,0,0
9803434,1,1,0,0,1,0,0
9404271,3,2,1,1,0,3,3
9602352,22,9,13,23,9,13,18
9907337,8,5,3,3,0,8,48
3151,4,3,1,1,2,2,7
9502288,1,1,0,0,1,0,0
111223,2,2,0,0,0,2,4
9904365,3,2,1,1,1,2,8
9610369,14,11,3,4,4,10,28
9407274,5,3,2,2,2,3,4
9806428,16,3,13,41,0,16,42
9706335,2,2,0,0,0,2,5
9912451,28,4,24,88,0,28,387
3299,7,3,4,6,0,7,13
9811261,6,3,3,4,6,0,0
104097,14,6,8,16,2,12,41
9605404,6,3,3,5,1,5,6
9705299,2,2,0,0,0,2,4
9810394,2,2,0,0,0,2,4
208193,3,2,1,2,0,3,31
206304,14,3,11,38,0,14,142
9207210,2,2,0,0,2,0,0
9907491,32,13,19,42,5,27,131
1150,6,2,4,5,2,4,8
9708229,1,1,0,0,0,1,3
7328,10,4,6,25,3,7,13
9704421,3,1,2,3,0,3,31
210044,5,3,2,2,1,4,17
110304,7,6,1,1,1,6,21
4242,0,0,0,0,0,0,0
112226,9,5,4,9,1,8,30
9905341,5,3,2,2,0,5,7
9402265,12,7,5,7,1,11,18
9909238,0,0,0,0,0,0,0
204191,7,5,2,2,0,7,49
9912421,4,2,2,3,0,4,8
9302314,5,4,1,1,3,2,2
9806385,2,1,1,1,0,2,6
9905498,4,4,0,0,1,3,4
9504345,4,3,1,1,0,4,27
9812213,2,2,0,0,1,1,1
9708434,5,4,1,1,5,0,0
9607206,2,2,0,0,0,2,5
4015,3,2,1,1,1,2,2
9708314,4,3,1,1,1,3,5
112356,1,1,0,0,0,1,2
9712266,5,1,4,9,0,5,15
9503304,2,1,1,1,0,2,4
101039,1,1,0,0,0,1,9
12300,3,2,1,1,0,3,28
211293,0,0,0,0,0,0,0
301117,0,0,0,0,0,0,0
9703228,8,1,7,10,3,5,6
9809380,1,1,0,0,0,1,3
210192,7,5,2,2,1,6,47
9204227,1,1,0,0,1,0,0
9611394,2,1,1,1,2,0,0
9603383,3,1,2,2,3,0,0
9711484,3,2,1,1,0,3,14
12062,9,2,7,15,0,9,101
9803462,25,7,18,31,10,15,24
105182,12,7,5,8,0,12,97
9407263,1,1,0,0,1,0,0
9712279,2,1,1,1,0,2,6
106184,8,4,4,6,0,8,52
9910282,7,1,6,10,0,7,46
9912344,7,6,1,1,1,6,23
302128,0,0,0,0,0,0,0
206096,3,2,1,1,0,3,12
9508234,3,2,1,1,0,3,7
9408286,2,1,1,1,0,2,5
9704387,4,1,3,3,4,0,0
9710227,6,3,3,3,0,6,24
9809477,1,1,0,0,0,1,3
9902351,8,3,5,6,2,6,9
9708420,1,1,0,0,0,1,3
9612342,2,2,0,0,2,0,0
104301,3,2,1,1,0,3,21
9604294,13,4,9,13,2,11,11
9804407,9,1,8,23,0,9,23
9503262,6,5,1,1,2,4,38
9404222,0,0,0,0,0,0,0
6142,0,0,0,0,0,0,0
9703395,5,5,0,0,0,5,28
9611294,3,3,0,0,3,0,0
9905262,3,3,0,0,0,3,11
107040,11,4,7,17,0,11,140
6073,3,2,1,1,0,3,11
9909355,6,1,5,11,1,5,13
9611435,1,1,0,0,1,0,0
3302,2,1,1,1,0,2,12
1143,3,1,2,3,0,3,6
9811418,0,0,0,0,0,0,0
9608290,1,1,0,0,1,0,0
10273,3,1,2,2,0,3,16
9405384,0,0,0,0,0,0,0
9510434,1,1,0,0,0,1,2
9612312,12,10,2,2,8,4,4
9603357,5,3,2,4,1,4,4
9706376,3,1,2,2,0,3,6
212147,25,9,16,52,9,16,88
6200,14,3,11,20,13,1,2
9609472,6,2,4,8,0,6,27
108246,5,2,3,3,0,5,45
106212,3,3,0,0,1,2,7
203003,12,8,4,5,0,12,76
206122,10,5,5,8,0,10,95
108049,1,1,0,0,0,1,3
8200,2,2,0,0,1,1,1
5085,7,4,3,3,1,6,18
9410243,9,7,2,2,9,0,0
2226,5,4,1,1,1,4,6
110263,4,1,3,4,0,4,36
105015,0,0,0,0,0,0,0
9308364,12,9,3,4,1,11,18
9612221,1,1,0,0,1,0,0
12264,1,1,0,0,1,0,0
9807556,0,0,0,0,0,0,0
204178,0,0,0,0,0,0,0
9908240,5,2,3,3,0,5,32
9905450,3,1,2,2,0,3,21
9608426,2,1,1,1,0,2,5
9905488,3,2,1,1,0,3,13
109025,2,2,0,0,0,2,6
9409411,4,4,0,0,4,0,0
9307377,6,4,2,2,6,0,0
9706443,1,1,0,0,0,1,5
9608363,1,1,0,0,0,1,6
201076,2,2,0,0,1,1,5
9806234,5,1,4,8,5,0,0
207168,6,2,4,4,1,5,18
202138,3,1,2,2,0,3,19
9510440,1,1,0,0,0,1,4
9510223,2,1,1,1,0,2,5
3101,1,1,0,0,0,1,4
9909470,7,4,3,4,3,4,14
9902441,10,7,3,6,3,7,10
9312241,3,1,2,3,1,2,2
9808389,1,1,0,0,0,1,1
9811496,3,2,1,1,2,1,3
9810431,1,1,0,0,0,1,2
9155,3,2,1,1,0,3,24
112083,2,1,1,1,2,0,0
9608490,5,3,2,4,5,0,0
9911499,2,2,0,0,0,2,9
4111,3,2,1,1,0,3,25
9710273,1,1,0,0,1,0,0
9505354,3,3,0,0,2,1,4
204118,2,1,1,1,0,2,3
9710321,1,1,0,0,0,1,2
9510247,1,1,0,0,0,1,3
10078,1,1,0,0,0,1,2
9608222,13,6,7,10,6,7,18
9812456,15,2,13,58,0,15,103
204027,15,6,9,17,0,15,83
9403279,0,0,0,0,0,0,0
202174,5,1,4,7,0,5,14
9411336,4,3,1,1,0,4,5
9608244,1,1,0,0,0,1,1
9701251,7,3,4,5,2,5,8
207310,3,3,0,0,0,3,8
9605306,2,2,0,0,0,2,6
9704209,3,2,1,1,2,1,2
211057,0,0,0,0,0,0,0
107107,0,0,0,0,0,0,0
9610501,2,1,1,1,2,0,0
110191,1,1,0,0,0,1,1
5176,0,0,0,0,0,0,0
9705478,3,3,0,0,3,0,0
9701356,1,1,0,0,0,1,4
9408267,0,0,0,0,0,0,0
10123,1,1,0,0,0,1,3
9407319,1,1,0,0,0,1,1
9509350,3,3,0,0,3,0,0
201183,1,1,0,0,0,1,12
4239,0,0,0,0,0,0,0
201253,9,4,5,6,0,9,86
105086,1,1,0,0,0,1,2
9809512,0,0,0,0,0,0,0
201310,1,1,0,0,0,1,11
9702364,12,5,7,10,2,10,20
9710218,3,3,0,0,0,3,9
9312225,5,4,1,1,4,1,1
9712310,3,2,1,1,0,3,3
10207,16,6,10,27,4,12,61
9511367,1,1,0,0,0,1,4
9911537,4,4,0,0,0,4,20
9908251,1,1,0,0,1,0,0
9410226,2,2,0,0,0,2,3
9711260,3,1,2,3,0,3,11
9910558,5,3,2,2,0,5,31
9907406,1,1,0,0,0,1,1
109279,2,2,0,0,0,2,6
106188,3,1,2,3,0,3,13
9401260,1,1,0,0,0,1,1
9712367,6,2,4,4,1,5,8
9805423,6,5,1,1,0,6,30
4118,5,5,0,0,1,4,11
9801347,8,1,7,15,5,3,3
101108,3,1,2,3,3,0,0
106037,4,1,3,4,1,3,16
9506439,3,2,1,1,2,1,2
9910402,1,1,0,0,0,1,3
9901249,0,0,0,0,0,0,0
207208,1,1,0,0,0,1,1
9810356,1,1,0,0,0,1,4
204090,1,1,0,0,0,1,1
9809592,0,0,0,0,0,0,0
9504409,2,1,1,1,1,1,3
9509293,1,1,0,0,0,1,1
210117,0,0,0,0,0,0,0
104180,2,1,1,1,0,2,9
9805499,5,2,3,3,0,5,28
208128,0,0,0,0,0,0,0
9511415,6,3,3,3,0,6,31
5264,1,1,0,0,0,1,1
9812470,0,0,0,0,0,0,0
9512324,1,1,0,0,0,1,2
9611461,3,2,1,1,0,3,23
206216,2,1,1,1,0,2,26
9611414,1,1,0,0,1,0,0
9807407,4,3,1,1,0,4,4
205251,1,1,0,0,0,1,2
6089,2,1,1,1,0,2,2
207040,0,0,0,0,0,0,0
8094,3,1,2,3,0,3,13
108157,6,1,5,11,6,0,0
12356,1,1,0,0,1,0,0
9804326,2,1,1,1,0,2,2
9404326,3,3,0,0,3,0,0
9902439,1,1,0,0,0,1,1
203008,5,3,2,2,0,5,20
11388,1,1,0,0,0,1,4
9810233,4,3,1,1,2,2,6
109274,3,1,2,2,0,3,6
1022,2,2,0,0,0,2,3
9604421,1,1,0,0,0,1,7
206105,1,1,0,0,0,1,9
9908284,7,1,6,18,1,6,6
206035,1,1,0,0,0,1,6
209233,5,4,1,1,0,5,59
9909546,1,1,0,0,0,1,4
202213,1,1,0,0,0,1,2
202231,7,2,5,10,0,7,36
5177,2,1,1,1,0,2,5
9610228,5,2,3,8,3,2,2
9611420,2,2,0,0,2,0,0
9907556,5,2,3,4,0,5,44
1154,2,1,1,1,0,2,5
9611275,1,1,0,0,0,1,3
103053,5,4,1,1,0,5,57
9609354,1,1,0,0,0,1,2
111284,0,0,0,0,0,0,0
9606331,0,0,0,0,0,0,0
9403368,9,3,6,7,9,0,0
9507430,6,3,3,3,6,0,0
207346,4,1,3,5,0,4,25
9806411,5,3,2,3,0,5,9
9902363,0,0,0,0,0,0,0
9511273,3,2,1,1,1,2,2
9707267,1,1,0,0,0,1,2
208259,1,1,0,0,0,1,2
9609243,3,3,0,0,2,1,4
9808409,1,1,0,0,0,1,6
211351,0,0,0,0,0,0,0
101337,1,1,0,0,0,1,8
9912472,2,2,0,0,0,2,6
12209,4,2,2,4,0,4,7
9907370,4,1,3,5,0,4,41
212344,0,0,0,0,0,0,0
212298,2,2,0,0,0,2,12
1232,1,1,0,0,0,1,2
9602243,3,2,1,1,1,2,4
9712380,2,2,0,0,0,2,6
12156,4,3,1,1,0,4,30
103321,2,2,0,0,0,2,13
9902397,7,3,4,4,2,5,12
206218,1,1,0,0,0,1,2
9910533,0,0,0,0,0,0,0
3130,6,5,1,1,5,1,1
105058,2,2,0,0,0,2,12
9905431,0,0,0,0,0,0,0
110404,2,1,1,1,0,2,6
210199,0,0,0,0,0,0,0
7285,2,2,0,0,1,1,1
206230,1,1,0,0,0,1,2
9809327,0,0,0,0,0,0,0
9911405,1,1,0,0,0,1,5
105109,7,4,3,3,0,7,26
110330,0,0,0,0,0,0,0
111046,4,1,3,5,0,4,7
9711278,2,2,0,0,0,2,2
302256,0,0,0,0,0,0,0
102078,2,1,1,1,0,2,6
9809447,2,1,1,1,0,2,4
9802254,1,1,0,0,0,1,1
106304,2,1,1,1,0,2,2
9708323,1,1,0,0,0,1,4
9408387,8,3,5,10,8,0,0
105107,6,4,2,3,0,6,15
9509203,1,1,0,0,0,1,1
9503421,1,1,0,0,0,1,1
9901338,3,1,2,2,0,3,6
207018,0,0,0,0,0,0,0
5057,0,0,0,0,0,0,0
9510394,0,0,0,0,0,0,0
9503270,2,1,1,1,1,1,2
9709336,3,3,0,0,2,1,2
9711397,1,1,0,0,0,1,1
9511269,0,0,0,0,0,0,0
8111,1,1,0,0,0,1,3
9805277,0,0,0,0,0,0,0
211464,1,1,0,0,1,0,0
207287,6,3,3,4,0,6,96
9906391,4,2,2,3,0,4,4
103106,4,4,0,0,4,0,0
6286,1,1,0,0,0,1,1
204128,4,2,2,4,0,4,29
208001,0,0,0,0,0,0,0
110077,1,1,0,0,0,1,8
110258,1,1,0,0,0,1,17
209184,0,0,0,0,0,0,0
202238,0,0,0,0,0,0,0
201093,2,2,0,0,0,2,3
211145,2,2,0,0,1,1,5
205075,0,0,0,0,0,0,0
9804415,1,1,0,0,1,0,0
111221,5,1,4,4,0,5,16
9410215,0,0,0,0,0,0,0
12382,3,1,2,2,0,3,11
9605328,5,2,3,4,2,3,8
112179,0,0,0,0,0,0,0
102153,3,1,2,3,0,3,50
206192,4,3,1,1,0,4,41
9406326,0,0,0,0,0,0,0
9903342,0,0,0,0,0,0,0
301105,0,0,0,0,0,0,0
9701223,0,0,0,0,0,0,0
208184,2,2,0,0,0,2,6
209025,0,0,0,0,0,0,0
9905429,4,3,1,1,2,2,2
212117,2,2,0,0,0,2,9
207159,0,0,0,0,0,0,0
9508232,3,1,2,3,2,1,1
9810330,1,1,0,0,1,0,0
9311241,0,0,0,0,0,0,0
9809419,0,0,0,0,0,0,0
212323,0,0,0,0,0,0,0
112065,1,1,0,0,1,0,0
9907349,1,1,0,0,0,1,8
211134,3,2,1,1,2,1,7
210080,0,0,0,0,0,0,0
9910312,0,0,0,0,0,0,0
212148,0,0,0,0,0,0,0
9012,2,1,1,1,2,0,0
9802288,1,1,0,0,0,1,1
9808235,0,0,0,0,0,0,0
7205,3,3,0,0,1,2,3
9606227,1,1,0,0,0,1,5
9609477,1,1,0,0,0,1,4
12165,1,1,0,0,0,1,2
201234,2,2,0,0,0,2,33
9610248,0,0,0,0,0,0,0
9911497,0,0,0,0,0,0,0
203205,1,1,0,0,0,1,1
9601263,3,3,0,0,3,0,0
208004,2,2,0,0,1,1,5
9114,0,0,0,0,0,0,0
9610309,1,1,0,0,0,1,4
102231,1,1,0,0,1,0,0
9702280,0,0,0,0,0,0,0
9901247,2,2,0,0,2,0,0
2137,5,3,2,2,0,5,20
110385,0,0,0,0,0,0,0
201112,2,1,1,1,2,0,0
101319,5,2,3,3,1,4,13
206222,0,0,0,0,0,0,0
105002,0,0,0,0,0,0,0
211342,2,2,0,0,0,2,14
9405370,0,0,0,0,0,0,0
201212,1,1,0,0,0,1,2
109024,1,1,0,0,0,1,2
8185,2,1,1,1,2,0,0
9809434,1,1,0,0,1,0,0
111034,1,1,0,0,0,1,2
112043,2,2,0,0,0,2,2
111381,1,1,0,0,0,1,2
103277,2,1,1,1,2,0,0
9307206,3,1,2,2,3,0,0
212191,0,0,0,0,0,0,0
11312,1,1,0,0,0,1,3
12170,2,2,0,0,0,2,7
3257,1,1,0,0,1,0,0
9606209,1,1,0,0,0,1,2
107237,0,0,0,0,0,0,0
9606228,0,0,0,0,0,0,0
9709278,3,1,2,3,0,3,6
5277,0,0,0,0,0,0,0
201078,1,1,0,0,0,1,3
102183,1,1,0,0,0,1,5
9609225,0,0,0,0,0,0,0
206223,3,1,2,2,0,3,19
105085,2,1,1,1,1,1,1
9702425,1,1,0,0,1,0,0
202146,0,0,0,0,0,0,0
209320,0,0,0,0,0,0,0
9506390,0,0,0,0,0,0,0
203115,0,0,0,0,0,0,0
9611464,0,0,0,0,0,0,0
9708383,1,1,0,0,1,0,0
3137,0,0,0,0,0,0,0
9510226,0,0,0,0,0,0,0
9707219,1,1,0,0,1,0,0
9710219,2,1,1,1,0,2,2
9802255,0,0,0,0,0,0,0
111323,1,1,0,0,0,1,1
208206,0,0,0,0,0,0,0
3259,0,0,0,0,0,0,0
105012,0,0,0,0,0,0,0
10290,0,0,0,0,0,0,0
9508240,1,1,0,0,1,0,0
9912462,0,0,0,0,0,0,0
9711389,1,1,0,0,1,0,0
9507302,0,0,0,0,0,0,0
9912468,1,1,0,0,1,0,0
9912422,1,1,0,0,1,0,0
105314,0,0,0,0,0,0,0
211170,1,1,0,0,0,1,3
9508224,0,0,0,0,0,0,0
301094,1,1,0,0,0,1,10
9602339,0,0,0,0,0,0,0
9909520,2,2,0,0,0,2,6
104015,0,0,0,0,0,0,0
9902374,1,1,0,0,0,1,4
111353,2,1,1,1,0,2,4
212194,1,1,0,0,1,0,0
9704226,2,2,0,0,1,1,2
9711331,0,0,0,0,0,0,0
109215,1,1,0,0,0,1,8
9902459,0,0,0,0,0,0,0
208110,1,1,0,0,0,1,6
9507446,0,0,0,0,0,0,0
210068,0,0,0,0,0,0,0
9705285,0,0,0,0,0,0,0
211382,1,1,0,0,0,1,11
109234,1,1,0,0,0,1,3
209332,3,3,0,0,0,3,20
202141,1,1,0,0,0,1,2
9808476,0,0,0,0,0,0,0
9712437,0,0,0,0,0,0,0
9607323,0,0,0,0,0,0,0
110012,1,1,0,0,0,1,2
9910504,0,0,0,0,0,0,0
209299,0,0,0,0,0,0,0
210384,0,0,0,0,0,0,0
212135,0,0,0,0,0,0,0
9906556,1,1,0,0,1,0,0
9712247,0,0,0,0,0,0,0
9904339,0,0,0,0,0,0,0
301035,0,0,0,0,0,0,0
211097,0,0,0,0,0,0,0
204057,0,0,0,0,0,0,0
9909553,0,0,0,0,0,0,0
211267,2,1,1,1,0,2,7
9402344,0,0,0,0,0,0,0
2265,0,0,0,0,0,0,0
9310339,1,1,0,0,0,1,1
211389,0,0,0,0,0,0,0
210236,4,4,0,0,0,4,89
11025,2,2,0,0,0,2,15
9702204,0,0,0,0,0,0,0
212016,0,0,0,0,0,0,0
111110,2,1,1,1,0,2,2
106011,0,0,0,0,0,0,0
3248,0,0,0,0,0,0,0
9706282,1,1,0,0,1,0,0
12239,0,0,0,0,0,0,0
9906458,0,0,0,0,0,0,0
106310,0,0,0,0,0,0,0
9910378,0,0,0,0,0,0,0
211420,0,0,0,0,0,0,0
6209,0,0,0,0,0,0,0
9912258,0,0,0,0,0,0,0
1167,0,0,0,0,0,0,0
212255,0,0,0,0,0,0,0
302209,0,0,0,0,0,0,0
111018,0,0,0,0,0,0,0
207033,1,1,0,0,1,0,0
9068,1,1,0,0,0,1,3
9905492,1,1,0,0,0,1,13
9709281,0,0,0,0,0,0,0
9910362,0,0,0,0,0,0,0
101352,0,0,0,0,0,0,0
9901301,1,1,0,0,0,1,3
9812439,0,0,0,0,0,0,0
106187,0,0,0,0,0,0,0
9712424,0,0,0,0,0,0,0
9602402,0,0,0,0,0,0,0
11367,0,0,0,0,0,0,0
9311334,0,0,0,0,0,0,0
301048,0,0,0,0,0,0,0
9704316,2,2,0,0,0,2,2
9605338,0,0,0,0,0,0,0
9607415,0,0,0,0,0,0,0
108269,1,1,0,0,1,0,0
3175,2,2,0,0,0,2,3
210055,2,2,0,0,0,2,21
9705461,0,0,0,0,0,0,0
3325,1,1,0,0,0,1,5
12319,0,0,0,0,0,0,0
105018,0,0,0,0,0,0,0
9908250,0,0,0,0,0,0,0
104196,0,0,0,0,0,0,0
9905382,0,0,0,0,0,0,0
109266,0,0,0,0,0,0,0
208267,0,0,0,0,0,0,0
3237,1,1,0,0,1,0,0
11170,0,0,0,0,0,0,0
111134,1,1,0,0,0,1,2
204249,0,0,0,0,0,0,0
211270,0,0,0,0,0,0,0
206176,0,0,0,0,0,0,0
210059,0,0,0,0,0,0,0
106039,1,1,0,0,0,1,1
106046,0,0,0,0,0,0,0
209308,0,0,0,0,0,0,0
1089,0,0,0,0,0,0,0
9512331,0,0,0,0,0,0,0
8137,0,0,0,0,0,0,0
301273,0,0,0,0,0,0,0
9901238,1,1,0,0,0,1,6
4154,0,0,0,0,0,0,0
212167,1,1,0,0,0,1,4
9708360,0,0,0,0,0,0,0
9604427,0,0,0,0,0,0,0
9911208,0,0,0,0,0,0,0
210421,0,0,0,0,0,0,0
101346,1,1,0,0,1,0,0
302008,0,0,0,0,0,0,0
104231,1,1,0,0,1,0,0
10183,0,0,0,0,0,0,0
9604201,0,0,0,0,0,0,0
6337,0,0,0,0,0,0,0
209279,0,0,0,0,0,0,0
101254,0,0,0,0,0,0,0
206160,0,0,0,0,0,0,0
212275,1,1,0,0,0,1,1
9603403,0,0,0,0,0,0,0
8172,0,0,0,0,0,0,0
111356,0,0,0,0,0,0,0
212330,0,0,0,0,0,0,0
7089,0,0,0,0,0,0,0
9506297,0,0,0,0,0,0,0
3288,0,0,0,0,0,0,0
2185,0,0,0,0,0,0,0
102109,0,0,0,0,0,0,0
111228,0,0,0,0,0,0,0
211465,0,0,0,0,0,0,0
9803417,0,0,0,0,0,0,0
9603280,0,0,0,0,0,0,0
9903525,0,0,0,0,0,0,0
9502364,0,0,0,0,0,0,0
211319,0,0,0,0,0,0,0
9810310,0,0,0,0,0,0,0
9701220,0,0,0,0,0,0,0
8253,0,0,0,0,0,0,0
301220,0,0,0,0,0,0,0
9511257,0,0,0,0,0,0,0
212185,0,0,0,0,0,0,0
301043,0,0,0,0,0,0,0
9605372,0,0,0,0,0,0,0
9806264,0,0,0,0,0,0,0
9407256,0,0,0,0,0,0,0
205291,0,0,0,0,0,0,0
6289,0,0,0,0,0,0,0
211285,0,0,0,0,0,0,0
9510444,0,0,0,0,0,0,0
9801367,0,0,0,0,0,0,0
301053,0,0,0,0,0,0,0
211192,0,0,0,0,0,0,0
101060,0,0,0,0,0,0,0
9906353,0,0,0,0,0,0,0
212247,0,0,0,0,0,0,0
9509219,0,0,0,0,0,0,0
301174,0,0,0,0,0,0,0
9912233,0,0,0,0,0,0,0
106284,0,0,0,0,0,0,0
208150,0,0,0,0,0,0,0
211291,1,1,0,0,1,0,0
9608260,0,0,0,0,0,0,0
106133,0,0,0,0,0,0,0
9811269,0,0,0,0,0,0,0
9706208,0,0,0,0,0,0,0
203218,0,0,0,0,0,0,0
9301203,7,3,4,7,7,0,0
9512380,499,48,451,3533,185,314,1443
7256,36,14,22,71,2,34,144
9704423,159,4,155,1766,37,122,399
9302244,29,6,23,79,29,0,0
9406203,47,6,41,159,0,47,90
9908362,53,13,40,158,53,0,0
9901288,61,8,53,198,11,50,242
9811472,55,4,51,373,3,52,317
9508250,31,21,10,14,14,17,52
3033,59,23,36,69,6,53,371
9409460,12,6,6,8,4,8,25
9609331,129,19,110,819,8,121,426
9611239,28,18,10,14,22,6,14
108235,7,4,3,3,0,7,68
9403366,44,4,40,133,44,0,0
9608269,17,5,12,28,1,16,45
9708311,56,16,40,101,14,42,112
9811330,4,1,3,3,1,3,18
208014,5,3,2,4,0,5,61
9204220,10,6,4,5,10,0,0
9510376,71,8,63,336,2,69,204
9810506,2,2,0,0,0,2,6
9211223,7,5,2,3,2,5,7
9403306,68,19,49,223,21,47,158
9806432,11,8,3,5,4,7,7
1152,6,4,2,2,1,5,12
112302,17,8,9,24,7,10,22
9806219,66,16,50,129,8,58,209
9403373,4,1,3,4,4,0,0
9703264,3,2,1,1,0,3,14
9505350,38,7,31,71,5,33,76
9506465,15,7,8,21,3,12,25
9308325,56,11,45,175,56,0,0
9412367,51,8,43,181,1,50,84
9812460,1,1,0,0,0,1,1
9703351,80,3,77,701,22,58,128
9808296,78,4,74,474,1,77,582
9602342,18,4,14,37,8,10,63
9402333,67,8,59,305,43,24,31
9906516,35,4,31,175,0,35,219
9807552,36,4,32,119,0,36,193
9906375,67,10,57,270,11,56,104
9908513,37,6,31,122,2,35,442
9209259,14,8,6,8,14,0,0
9804400,48,9,39,183,8,40,113
9803244,21,2,19,62,2,19,85
9503316,25,8,17,36,7,18,29
9809540,12,6,6,10,12,0,0
9503436,6,3,3,5,5,1,1
9807442,26,5,21,65,4,22,94
9901320,27,2,25,90,0,27,273
9711339,18,3,15,45,9,9,21
9504397,14,8,6,7,1,13,13
9603378,143,1,142,1306,52,91,103
9605377,13,2,11,20,0,13,110
9209276,32,8,24,78,32,0,0
9510340,3,1,2,2,0,3,23
9510461,13,5,8,12,13,0,0
9406366,4,4,0,0,1,3,7
9510246,19,9,10,15,2,17,91
9505248,112,5,107,1077,103,9,9
9602381,72,7,65,465,6,66,170
9704257,26,1,25,118,5,21,148
9311269,164,30,134,600,53,111,350
9701313,57,6,51,309,5,52,189
105049,4,3,1,1,1,3,14
9712287,85,6,79,545,3,82,339
9506242,79,11,68,254,6,73,183
9809347,4,1,3,6,4,0,0
9410203,25,3,22,75,15,10,14
9611229,24,7,17,52,1,23,103
9706235,25,3,22,65,4,21,101
9707281,23,6,17,46,4,19,98
9412203,15,5,10,18,5,10,13
9709301,23,12,11,25,2,21,136
105247,4,3,1,1,0,4,15
9705467,45,11,34,94,5,40,119
9801363,39,3,36,169,7,32,56
110411,6,5,1,1,0,6,54
9906290,2,2,0,0,0,2,11
9504262,6,4,2,2,5,1,1
9505240,18,6,12,17,17,1,3
9901365,6,5,1,1,1,5,10
9610280,40,21,19,35,15,25,53
9604340,38,4,34,225,3,35,99
9905528,5,2,3,6,0,5,21
9307310,7,4,3,4,7,0,0
9604238,0,0,0,0,0,0,0
9607401,40,3,37,268,22,18,26
9404302,58,14,44,303,7,51,118
9504260,8,1,7,19,0,8,20
9711212,17,8,9,14,1,16,46
9903205,3,3,0,0,1,2,3
9507442,12,5,7,20,1,11,23
9601359,21,4,17,59,3,18,110
9809341,23,4,19,43,4,19,32
9611225,25,1,24,102,17,8,10
9701303,60,7,53,311,0,60,315
9606443,63,16,47,143,26,37,58
9610215,1,1,0,0,0,1,3
9809451,31,5,26,101,3,28,43
9410258,17,2,15,70,6,11,11
9904348,18,3,15,35,0,18,90
9812415,18,5,13,27,0,18,59
9310340,11,4,7,19,11,0,0
9611222,4,4,0,0,4,0,0
9502300,127,9,118,688,7,120,362
9406236,11,6,5,6,6,5,7
9704245,21,4,17,45,1,20,151
9507425,20,4,16,41,4,16,36
9406251,11,4,7,21,11,0,0
111061,0,0,0,0,0,0,0
9403231,9,5,4,6,9,0,0
9611344,8,3,5,14,8,0,0
9410218,16,2,14,39,14,2,2
9171,9,5,4,5,1,8,20
9811401,2,2,0,0,0,2,6
9306294,82,12,70,352,36,46,49
9401317,21,7,14,54,21,0,0
9812504,18,1,17,38,0,18,99
9405371,16,8,8,19,8,8,8
9809440,6,1,5,10,1,5,8
7043,0,0,0,0,0,0,0
9909353,24,2,22,89,0,24,243
8191,15,3,12,39,1,14,59
9511386,43,5,38,105,20,23,36
9805341,12,2,10,34,4,8,12
9905323,75,2,73,955,75,0,0
9505404,23,8,15,51,16,7,10
9403236,11,4,7,14,2,9,9
11333,104,16,88,450,4,100,1092
9908227,62,1,61,506,0,62,646
9209241,70,20,50,198,70,0,0
9503376,17,3,14,30,3,14,40
9803371,13,3,10,25,0,13,46
6105,12,3,9,24,0,12,155
9906445,14,2,12,44,2,12,36
210415,5,1,4,8,0,5,32
9408238,9,4,5,16,5,4,7
9409358,4,3,1,1,3,1,2
9905215,64,4,60,395,2,62,223
9510327,33,13,20,61,1,32,140
9903425,23,5,18,81,1,22,68
9307317,36,6,30,133,36,0,0
108171,2,2,0,0,0,2,23
9701346,9,3,6,21,0,9,36
9707330,5,3,2,3,2,3,5
9506235,5,3,2,2,1,4,4
9506396,8,4,4,4,6,2,4
9612253,18,4,14,52,1,17,71
9506417,50,5,45,267,15,35,117
9308336,105,6,99,1092,89,16,48
9607379,31,8,23,80,6,25,29
9911295,6,2,4,10,0,6,48
9809572,53,12,41,261,0,53,395
9810471,33,5,28,148,1,32,125
9904225,17,7,10,13,2,15,54
9709399,12,3,9,16,3,9,12
9212259,9,5,4,9,9,0,0
9707451,17,4,13,31,2,15,59
9607459,21,10,11,16,11,10,16
9406339,45,8,37,200,6,39,56
9408284,13,2,11,30,0,13,17
9704260,20,7,13,36,1,19,142
208177,39,9,30,47,15,24,149
9602429,32,6,26,93,2,30,79
9512215,8,3,5,6,2,6,12
9411397,21,5,16,39,1,20,65
9911370,39,5,34,150,8,31,139
9705394,2,2,0,0,2,0,0
9712532,5,1,4,8,0,5,26
9706238,7,2,5,14,0,7,13
9811410,23,12,11,17,5,18,68
10003,63,4,59,354,3,60,116
10244,12,3,9,19,2,10,45
101217,2,1,1,1,0,2,10
104271,12,7,5,8,1,11,76
105004,16,4,12,27,0,16,207
9909228,31,6,25,116,1,30,107
8061,5,2,3,4,0,5,86
9406286,14,4,10,19,8,6,31
101106,30,8,22,47,2,28,207
9803218,24,5,19,68,2,22,151
107310,14,3,11,31,1,13,30
11054,54,13,41,166,5,49,163
9408300,10,4,6,7,10,0,0
9606361,1,1,0,0,1,0,0
9505320,75,6,69,452,0,75,247
102227,36,4,32,132,1,35,235
9708392,7,6,1,2,0,7,19
9907409,26,7,19,40,1,25,138
12176,2,1,1,1,0,2,5
9604234,15,2,13,40,0,15,62
9802204,19,5,14,30,5,14,36
9406267,16,7,9,15,16,0,0
9910210,5,2,3,4,2,3,8
6122,6,2,4,5,1,5,49
9909389,6,2,4,5,2,4,40
9904432,8,2,6,11,0,8,140
4014,58,6,52,340,0,58,736
9810206,16,8,8,22,2,14,44
12007,17,2,15,59,0,17,155
202251,9,4,5,9,0,9,87
9802231,6,5,1,3,2,4,26
110123,4,3,1,1,0,4,19
210009,4,4,0,0,0,4,67
107057,12,4,8,28,0,12,93
3328,10,4,6,8,0,10,78
9704207,279,17,262,2229,4,275,988
9305280,4,4,0,0,1,3,6
104152,23,16,7,10,4,19,135
103214,8,7,1,1,0,8,47
202155,13,4,9,13,1,12,102
9211215,3,1,2,3,3,0,0
9709364,41,2,39,231,1,40,137
9409329,23,4,19,81,12,11,15
9307226,22,6,16,27,14,8,8
9811215,3,3,0,0,0,3,13
9907419,4,2,2,2,1,3,5
9606452,2,1,1,1,0,2,6
4249,5,3,2,2,0,5,10
9301201,3,1,2,3,3,0,0
7018,9,5,4,7,0,9,28
2007,10,6,4,8,2,8,94
12072,2,2,0,0,0,2,2
9903242,18,4,14,42,1,17,62
9512227,12,7,5,7,3,9,31
9906225,3,2,1,1,0,3,9
3233,28,8,20,37,1,27,112
9605425,2,2,0,0,2,0,0
9603266,37,1,36,132,0,37,224
9608296,7,3,4,10,0,7,49
9403325,5,3,2,2,5,0,0
9408389,6,4,2,4,1,5,5
101048,4,2,2,2,0,4,13
9304310,4,1,3,3,0,4,14
9710352,1,1,0,0,0,1,1
9505408,6,2,4,8,0,6,10
9603356,4,1,3,4,0,4,4
9708421,15,3,12,39,8,7,9
9612421,28,5,23,68,8,20,109
9808292,31,6,25,158,0,31,315
9403361,21,11,10,14,21,0,0
9709431,1,1,0,0,0,1,7
9601388,27,10,17,31,15,12,12
9602229,2,1,1,1,1,1,1
9403251,6,4,2,2,5,1,1
9908425,17,4,13,29,1,16,87
107209,2,2,0,0,0,2,19
9904330,28,6,22,94,7,21,148
9809456,5,4,1,2,5,0,0
9602358,6,3,3,4,6,0,0
7036,2,2,0,0,0,2,5
9901298,2,2,0,0,0,2,6
9510430,2,1,1,1,0,2,2
9602297,6,2,4,5,4,2,4
9703447,7,3,4,10,7,0,0
9702239,32,5,27,84,3,29,64
9903411,9,4,5,10,0,9,81
9409426,18,6,12,56,18,0,0
9402305,10,7,3,3,8,2,2
9407272,5,3,2,3,4,1,1
211314,1,1,0,0,0,1,4
9606220,3,2,1,1,0,3,7
9507398,34,5,29,71,0,34,148
9610380,20,7,13,24,18,2,3
9612204,11,4,7,12,1,10,36
9605276,2,1,1,1,0,2,6
9706496,9,1,8,12,0,9,14
9707244,26,10,16,46,1,25,102
9712286,2,1,1,1,2,0,0
9603281,4,1,3,5,4,0,0
9310313,36,5,31,168,34,2,2
9612337,11,1,10,31,0,11,81
9402204,22,4,18,58,22,0,0
9505435,4,3,1,1,0,4,21
9211219,18,9,9,28,15,3,3
9904396,4,2,2,2,2,2,3
9509299,26,6,20,120,2,24,99
108137,1,1,0,0,1,0,0
9912492,34,8,26,96,4,30,230
9807511,4,3,1,1,3,1,1
9903552,2,1,1,1,0,2,6
9604430,12,3,9,35,12,0,0
9801376,6,4,2,2,0,6,51
9308279,14,3,11,19,14,0,0
9303268,18,8,10,22,18,0,0
10237,15,4,11,19,5,10,36
104274,3,3,0,0,0,3,15
9912426,2,1,1,1,0,2,10
9608291,11,6,5,12,11,0,0
9310227,29,7,22,50,24,5,5
9409314,15,2,13,22,2,13,15
9612287,19,13,6,16,19,0,0
111209,7,1,6,13,0,7,54
9411342,84,26,58,124,44,40,65
9501207,3,3,0,0,1,2,2
9206232,7,4,3,4,7,0,0
9707351,22,3,19,61,1,21,106
9303256,5,4,1,1,3,2,2
9805316,20,6,14,33,3,17,29
7062,1,1,0,0,0,1,1
1212,12,1,11,22,0,12,101
9909214,10,4,6,16,1,9,37
9905227,21,1,20,95,0,21,275
9401319,13,7,6,12,13,0,0
102030,5,2,3,4,0,5,22
1271,4,2,2,2,1,3,4
9901384,61,18,43,143,4,57,236
4269,11,2,9,22,2,9,56
9508277,16,6,10,21,2,14,42
9701338,19,5,14,44,2,17,31
9411278,4,4,0,0,2,2,2
9812481,3,2,1,1,0,3,3
9412329,8,4,4,6,0,8,10
9603410,10,2,8,26,10,0,0
8155,12,7,5,7,3,9,32
9306227,4,4,0,0,4,0,0
9709215,18,9,9,27,1,17,61
9403348,4,2,2,2,4,0,0
9307230,12,6,6,9,8,4,4
9507234,5,3,2,2,1,4,14
9503353,3,2,1,1,0,3,4
109137,7,6,1,1,0,7,59
9705263,13,2,11,26,2,11,22
9706259,2,2,0,0,0,2,4
9401347,25,10,15,33,25,0,0
9207233,8,2,6,11,8,0,0
9607204,4,1,3,5,0,4,5
9410272,17,8,9,12,7,10,15
9806476,2,2,0,0,0,2,5
9305284,23,1,22,66,23,0,0
9701243,9,4,5,8,0,9,17
107291,20,4,16,65,1,19,66
9302295,14,6,8,27,14,0,0
206252,1,1,0,0,0,1,9
9708221,1,1,0,0,0,1,2
9606468,17,3,14,39,1,16,25
9912481,2,1,1,1,1,1,1
9305270,1,1,0,0,1,0,0
103044,15,4,11,31,1,14,47
9910441,12,2,10,31,0,12,139
106210,4,3,1,1,1,3,3
9807529,14,5,9,13,10,4,4
9712244,9,3,6,11,1,8,81
9807221,4,2,2,3,0,4,4
11104,7,3,4,6,0,7,43
9411394,6,4,2,2,6,0,0
5158,9,5,4,6,0,9,37
8044,30,3,27,125,0,30,154
112103,24,7,17,30,1,23,196
207227,42,17,25,84,2,40,300
203143,0,0,0,0,0,0,0
9603372,13,6,7,17,0,13,49
9603257,1,1,0,0,1,0,0
105262,6,4,2,2,2,4,9
103072,16,4,12,50,1,15,116
9310379,105,12,93,520,26,79,373
9804390,2,1,1,1,0,2,3
9508415,4,3,1,1,3,1,1
9307298,20,2,18,59,20,0,0
9509392,7,6,1,2,4,3,11
5236,11,8,3,5,0,11,60
9610235,4,3,1,1,0,4,32
9208239,5,4,1,1,5,0,0
211315,1,1,0,0,0,1,8
9810499,17,3,14,43,0,17,150
9805414,6,3,3,4,6,0,0
112126,12,5,7,10,0,12,70
9308211,2,1,1,1,1,1,1
9907350,5,3,2,2,2,3,5
9805324,9,4,5,8,3,6,7
108216,35,10,25,88,5,30,97
107014,23,3,20,87,0,23,183
7016,3,3,0,0,0,3,12
9911212,6,2,4,5,0,6,41
203138,7,3,4,7,0,7,31
9407346,1,1,0,0,1,0,0
204062,2,2,0,0,0,2,12
9508253,12,5,7,9,0,12,153
9912403,11,1,10,37,1,10,26
9505310,6,5,1,1,2,4,4
9503481,24,1,23,72,15,9,9
203198,24,8,16,29,1,23,211
6223,3,2,1,1,0,3,9
1299,31,7,24,90,5,26,60
203223,11,2,9,22,0,11,226
9702374,0,0,0,0,0,0,0
9706262,5,4,1,1,1,4,13
9511407,17,2,15,39,1,16,77
10262,1,1,0,0,0,1,4
110158,11,1,10,22,0,11,242
107199,6,1,5,10,0,6,43
9411232,19,9,10,19,12,7,9
9608287,0,0,0,0,0,0,0
9609308,4,2,2,2,2,2,6
9403392,2,2,0,0,2,0,0
4205,10,5,5,8,1,9,18
101088,3,2,1,1,0,3,23
9703318,8,2,6,11,0,8,25
110177,1,1,0,0,1,0,0
9408365,7,5,2,7,0,7,22
9912227,12,6,6,8,4,8,28
9712243,1,1,0,0,0,1,8
9806537,15,2,13,51,0,15,131
9212233,2,2,0,0,2,0,0
9312358,14,5,9,15,14,0,0
9911324,1,1,0,0,0,1,2
104245,12,2,10,25,0,12,156
104127,14,4,10,31,0,14,126
9712315,7,4,3,7,4,3,11
4107,16,4,12,48,0,16,79
9702222,9,3,6,9,1,8,16
9901428,1,1,0,0,0,1,14
9904336,25,5,20,53,1,24,257
9811365,7,4,3,5,0,7,19
9612385,6,1,5,7,2,4,21
2065,18,6,12,22,0,18,101
9702384,17,3,14,32,2,15,28
9612367,7,4,3,5,3,4,5
9609262,9,1,8,18,1,8,21
9806364,3,3,0,0,2,1,2
9711422,12,3,9,17,4,8,9
9910244,1,1,0,0,1,0,0
101034,8,4,4,8,0,8,78
104220,12,2,10,20,10,2,2
5175,1,1,0,0,1,0,0
112137,1,1,0,0,1,0,0
9601368,1,1,0,0,0,1,20
9910552,2,1,1,1,1,1,2
9405271,21,3,18,60,0,21,102
9910375,3,2,1,1,0,3,12
110129,4,3,1,1,1,3,9
9212318,2,1,1,1,0,2,2
9707218,5,2,3,3,1,4,6
9405310,1,1,0,0,0,1,2
9707307,10,2,8,19,2,8,18
9609347,3,3,0,0,0,3,12
9805234,6,5,1,1,2,4,6
9803349,23,9,14,33,3,20,160
9601316,15,3,12,36,9,6,12
9709302,7,7,0,0,1,6,10
9709292,26,3,23,114,3,23,78
9807293,7,4,3,4,0,7,35
7275,1,1,0,0,0,1,2
6292,1,1,0,0,0,1,4
9710400,3,1,2,3,0,3,6
9910485,3,1,2,3,0,3,15
9711473,7,3,4,5,3,4,15
9406381,1,1,0,0,1,0,0
9909302,5,1,4,4,0,5,35
9902406,1,1,0,0,0,1,6
9607245,27,7,20,55,3,24,37
211018,5,2,3,3,0,5,56
9407283,10,3,7,9,8,2,2
9808424,4,2,2,2,1,3,28
9601344,11,6,5,9,10,1,1
208043,5,4,1,1,0,5,74
9707334,14,1,13,26,3,11,37
9406349,5,1,4,5,0,5,7
212025,1,1,0,0,0,1,23
9911316,13,4,9,33,0,13,130
9703441,7,1,6,10,2,5,6
9709250,17,8,9,18,7,10,16
1051,0,0,0,0,0,0,0
9704266,2,2,0,0,2,0,0
9001,13,1,12,50,0,13,28
9804458,9,5,4,7,1,8,63
9702264,2,2,0,0,2,0,0
9412355,9,8,1,1,6,3,4
204086,2,1,1,1,0,2,26
111233,7,4,3,6,0,7,35
9807422,9,4,5,10,4,5,5
9079,3,1,2,2,3,0,0
9708388,7,3,4,9,3,4,4
9905557,4,3,1,1,1,3,8
9710416,12,2,10,19,5,7,22
7186,9,4,5,7,0,9,29
9602204,2,1,1,1,2,0,0
9207266,12,3,9,24,12,0,0
9811508,2,1,1,1,0,2,5
9910256,4,2,2,2,1,3,4
9410329,4,4,0,0,0,4,10
9706417,16,6,10,26,2,14,84
9506202,1,1,0,0,0,1,1
9707465,8,4,4,5,4,4,6
9406306,4,2,2,3,0,4,10
9701372,7,5,2,3,3,4,11
9403323,15,9,6,13,3,12,21
11135,6,4,2,2,0,6,50
9604407,5,3,2,3,0,5,10
104010,12,7,5,5,0,12,48
9906461,4,1,3,5,0,4,23
9806541,12,1,11,18,2,10,31
9801228,4,2,2,3,1,3,8
9904457,10,2,8,15,1,9,19
9708328,5,4,1,1,0,5,12
9912506,8,1,7,12,8,0,0
12158,2,1,1,1,2,0,0
9903483,6,2,4,5,0,6,24
9903532,10,6,4,4,3,7,21
9902211,1,1,0,0,0,1,5
103057,8,1,7,8,2,6,10
9707258,1,1,0,0,0,1,1
208223,3,2,1,1,1,2,6
207053,9,4,5,12,0,9,98
9207211,4,4,0,0,4,0,0
9311219,6,1,5,10,3,3,3
9307251,0,0,0,0,0,0,0
9811441,0,0,0,0,0,0,0
112073,0,0,0,0,0,0,0
9707271,5,4,1,1,0,5,33
210286,1,1,0,0,0,1,9
211271,5,3,2,3,0,5,23
3291,2,2,0,0,0,2,7
102063,3,3,0,0,0,3,5
9910395,15,5,10,27,5,10,22
9912249,7,5,2,4,0,7,57
9806505,9,4,5,11,2,7,46
9038,11,2,9,22,1,10,19
9802429,5,2,3,6,0,5,13
9406301,1,1,0,0,0,1,1
9903403,9,1,8,17,1,8,24
9807420,0,0,0,0,0,0,0
9811505,5,4,1,1,0,5,28
9611346,2,2,0,0,0,2,2
9801344,10,3,7,11,1,9,30
9812477,0,0,0,0,0,0,0
9801428,0,0,0,0,0,0,0
9709461,3,2,1,1,2,1,1
9311272,2,1,1,1,2,0,0
9712363,6,1,5,14,0,6,20
9507390,1,1,0,0,1,0,0
9308366,4,3,1,1,4,0,0
12321,5,2,3,3,0,5,37
210014,2,1,1,1,0,2,5
105332,4,3,1,1,2,2,2
9602285,6,5,1,1,1,5,11
1291,1,1,0,0,0,1,5
211300,4,4,0,0,0,4,39
9502395,10,4,6,8,2,8,21
210374,1,1,0,0,0,1,8
9604326,5,3,2,2,0,5,31
9712483,21,4,17,34,2,19,66
9502359,18,7,11,33,4,14,18
9809412,9,2,7,12,4,5,7
112278,18,3,15,34,0,18,170
9609499,1,1,0,0,0,1,1
9909312,6,4,2,2,0,6,15
106256,2,2,0,0,0,2,3
9223,4,1,3,5,2,2,9
1061,3,2,1,1,0,3,13
9511318,12,7,5,8,4,8,8
6174,4,2,2,3,0,4,11
9602273,6,3,3,3,0,6,27
9409218,1,1,0,0,0,1,1
9810384,5,2,3,5,5,0,0
9710488,2,2,0,0,0,2,13
9311324,4,2,2,3,1,3,3
9902431,10,7,3,4,5,5,9
9902206,5,3,2,3,3,2,4
9702330,2,2,0,0,2,0,0
9906492,4,1,3,5,0,4,11
9708232,7,3,4,5,1,6,12
9805301,6,1,5,9,1,5,7
9505217,8,2,6,19,8,0,0
9603371,3,3,0,0,0,3,14
9703238,14,4,10,19,2,12,48
9704320,4,2,2,4,0,4,5
9908361,6,3,3,3,5,1,1
9912512,8,2,6,15,0,8,50
9801336,0,0,0,0,0,0,0
9908410,1,1,0,0,1,0,0
5068,2,2,0,0,0,2,6
9312320,12,3,9,28,10,2,2
10259,1,1,0,0,0,1,10
12090,3,3,0,0,0,3,8
107277,8,5,3,3,6,2,2
9608335,0,0,0,0,0,0,0
102127,3,3,0,0,3,0,0
203012,2,2,0,0,1,1,1
9503408,3,2,1,1,1,2,2
204126,0,0,0,0,0,0,0
9403235,6,4,2,2,6,0,0
9501383,3,3,0,0,3,0,0
212202,13,3,10,20,1,12,81
12102,9,4,5,8,0,9,10
9906517,1,1,0,0,0,1,7
111003,2,1,1,1,0,2,9
9808469,18,5,13,31,0,18,59
205254,8,5,3,4,0,8,80
9904422,6,1,5,7,0,6,13
103086,7,3,4,5,0,7,50
9908407,4,1,3,4,0,4,6
9903339,1,1,0,0,0,1,2
9505407,8,4,4,10,0,8,14
9503283,1,1,0,0,0,1,2
107110,9,1,8,24,0,9,24
9812251,3,3,0,0,0,3,19
302164,1,1,0,0,0,1,3
9808359,1,1,0,0,1,0,0
9610219,17,6,11,22,13,4,4
9412291,3,1,2,2,3,0,0
104223,1,1,0,0,1,0,0
109071,2,1,1,1,1,1,1
101009,10,7,3,4,1,9,35
9610516,2,1,1,1,0,2,2
9805487,1,1,0,0,0,1,6
109280,2,2,0,0,0,2,13
12188,0,0,0,0,0,0,0
9706407,0,0,0,0,0,0,0
209189,1,1,0,0,0,1,4
204227,2,1,1,1,0,2,4
206057,24,2,22,42,0,24,112
9604397,1,1,0,0,0,1,4
209061,6,6,0,0,0,6,26
9907443,0,0,0,0,0,0,0
9510381,5,4,1,1,1,4,4
9705260,6,2,4,5,0,6,17
9812338,1,1,0,0,0,1,5
9810299,3,1,2,3,0,3,4
302094,1,1,0,0,0,1,7
9312267,7,5,2,3,7,0,0
9905339,13,5,8,19,0,13,113
9902404,0,0,0,0,0,0,0
9909380,1,1,0,0,0,1,1
9607312,2,2,0,0,1,1,4
12082,7,2,5,8,2,5,9
3191,2,1,1,1,0,2,9
9910521,0,0,0,0,0,0,0
9305250,9,5,4,9,9,0,0
9612478,2,2,0,0,2,0,0
9710287,9,2,7,16,9,0,0
2248,2,2,0,0,1,1,2
2202,2,2,0,0,2,0,0
1054,9,7,2,3,2,7,35
11235,1,1,0,0,0,1,2
9702346,0,0,0,0,0,0,0
9904505,26,6,20,82,2,24,136
207236,8,1,7,16,0,8,79
111394,1,1,0,0,1,0,0
204348,6,1,5,8,0,6,23
9901266,7,2,5,9,0,7,35
9801434,1,1,0,0,0,1,2
9708338,1,1,0,0,0,1,5
110153,7,4,3,4,3,4,16
9602410,3,1,2,3,1,2,3
5062,0,0,0,0,0,0,0
9011,6,2,4,10,0,6,20
9603236,2,2,0,0,2,0,0
9711409,1,1,0,0,0,1,11
10337,4,3,1,1,2,2,2
1148,3,3,0,0,0,3,7
9610289,0,0,0,0,0,0,0
9504356,3,1,2,3,0,3,3
9511309,4,2,2,4,0,4,12
7284,3,3,0,0,3,0,0
9309303,9,3,6,13,9,0,0
1106,5,4,1,1,0,5,20
9507374,1,1,0,0,0,1,1
9904388,2,2,0,0,0,2,29
9611223,10,3,7,20,4,6,14
5219,3,1,2,3,0,3,6
9704405,15,2,13,47,0,15,105
9712214,1,1,0,0,0,1,1
9309251,5,2,3,4,5,0,0
212370,0,0,0,0,0,0,0
9311246,8,5,3,6,8,0,0
9709265,0,0,0,0,0,0,0
9411416,1,1,0,0,1,0,0
208224,1,1,0,0,0,1,4
209246,0,0,0,0,0,0,0
9405201,2,1,1,1,0,2,2
9409319,2,1,1,1,0,2,3
9803448,2,1,1,1,0,2,6
9803467,4,1,3,6,4,0,0
9706250,1,1,0,0,0,1,2
9905452,8,4,4,6,8,0,0
9908473,9,2,7,29,2,7,22
9808354,2,1,1,1,1,1,2
9812536,5,3,2,2,0,5,9
9610312,2,2,0,0,2,0,0
8095,1,1,0,0,1,0,0
9805340,10,4,6,17,0,10,16
101109,2,1,1,1,2,0,0
202077,2,2,0,0,0,2,13
101200,2,2,0,0,2,0,0
9503447,2,2,0,0,1,1,1
9905298,1,1,0,0,1,0,0
7116,4,2,2,3,0,4,15
111269,10,3,7,21,0,10,120
210389,0,0,0,0,0,0,0
206074,4,3,1,1,1,3,8
9712331,2,2,0,0,0,2,2
9506267,2,2,0,0,2,0,0
109110,4,2,2,3,0,4,7
12195,2,2,0,0,2,0,0
9809571,4,1,3,4,0,4,19
102082,1,1,0,0,0,1,5
9905330,4,4,0,0,0,4,56
11003,4,2,2,2,0,4,39
9409422,2,2,0,0,2,0,0
9305329,5,2,3,5,5,0,0
9708425,7,2,5,9,0,7,13
205198,3,2,1,1,1,2,5
202029,2,2,0,0,0,2,3
3217,2,2,0,0,0,2,7
110091,5,4,1,1,3,2,2
6098,4,2,2,3,0,4,68
103334,2,2,0,0,2,0,0
101302,9,1,8,15,0,9,52
109212,4,1,3,4,0,4,15
9908267,2,2,0,0,0,2,11
9910512,2,1,1,1,0,2,3
9607212,2,2,0,0,1,1,1
9512431,1,1,0,0,1,0,0
206196,2,2,0,0,0,2,13
2181,4,3,1,1,0,4,14
104147,7,6,1,1,7,0,0
202153,2,2,0,0,0,2,6
1222,2,2,0,0,0,2,2
6315,1,1,0,0,0,1,14
103154,4,1,3,6,0,4,35
9908475,5,2,3,9,0,5,25
9502384,5,1,4,7,0,5,5
210102,1,1,0,0,0,1,3
110064,5,1,4,5,1,4,21
6150,3,2,1,1,0,3,13
206270,3,1,2,2,0,3,19
9910259,8,2,6,14,2,6,12
9810484,1,1,0,0,0,1,1
110314,0,0,0,0,0,0,0
9611446,4,2,2,2,0,4,4
9809465,7,1,6,13,6,1,1
9807257,2,2,0,0,0,2,11
110308,1,1,0,0,0,1,7
12122,0,0,0,0,0,0,0
9809210,0,0,0,0,0,0,0
9909358,0,0,0,0,0,0,0
9608304,1,1,0,0,1,0,0
9806251,1,1,0,0,0,1,4
209051,3,1,2,2,0,3,27
9610311,5,4,1,1,4,1,1
9906494,0,0,0,0,0,0,0
9701267,1,1,0,0,0,1,2
108142,2,2,0,0,0,2,6
2153,1,1,0,0,0,1,5
9712544,0,0,0,0,0,0,0
9604257,2,2,0,0,0,2,7
112347,2,2,0,0,1,1,11
204181,4,4,0,0,0,4,29
9311351,0,0,0,0,0,0,0
101299,2,1,1,1,0,2,6
9907455,3,3,0,0,0,3,11
9701298,1,1,0,0,0,1,11
102329,1,1,0,0,0,1,4
9401301,5,5,0,0,2,3,9
9603295,0,0,0,0,0,0,0
9206261,1,1,0,0,1,0,0
9912217,4,4,0,0,1,3,7
9509332,1,1,0,0,1,0,0
9911325,1,1,0,0,0,1,9
204095,6,4,2,2,0,6,33
9811433,4,3,1,1,0,4,16
9809575,2,2,0,0,2,0,0
9403372,1,1,0,0,1,0,0
9902377,2,2,0,0,0,2,2
9907315,1,1,0,0,0,1,2
206070,6,5,1,1,0,6,49
9506272,2,1,1,1,2,0,0
112017,1,1,0,0,1,0,0
3049,0,0,0,0,0,0,0
9509224,1,1,0,0,1,0,0
105221,2,2,0,0,0,2,7
202193,0,0,0,0,0,0,0
204048,3,1,2,2,0,3,8
9808381,0,0,0,0,0,0,0
9409306,0,0,0,0,0,0,0
206127,0,0,0,0,0,0,0
201058,0,0,0,0,0,0,0
9905344,0,0,0,0,0,0,0
108207,2,1,1,1,0,2,3
9707332,2,1,1,1,1,1,1
9810420,5,2,3,3,1,4,5
9307365,2,1,1,1,2,0,0
10027,0,0,0,0,0,0,0
9604353,11,6,5,9,0,11,26
9910565,3,2,1,1,0,3,13
111056,1,1,0,0,1,0,0
9211288,1,1,0,0,1,0,0
9305256,1,1,0,0,1,0,0
9610435,1,1,0,0,0,1,2
9906387,10,9,1,1,2,8,9
9903470,2,1,1,1,0,2,22
9411205,3,1,2,2,0,3,6
302245,0,0,0,0,0,0,0
9812408,0,0,0,0,0,0,0
9115,3,3,0,0,2,1,2
205343,5,1,4,8,0,5,26
9803326,0,0,0,0,0,0,0
208188,1,1,0,0,0,1,12
9603228,4,2,2,3,4,0,0
204308,4,2,2,2,0,4,44
9409266,1,1,0,0,1,0,0
104216,2,2,0,0,0,2,4
106252,1,1,0,0,0,1,1
9702391,0,0,0,0,0,0,0
201285,1,1,0,0,0,1,19
9404295,2,2,0,0,2,0,0
208114,1,1,0,0,0,1,4
9805302,0,0,0,0,0,0,0
102072,0,0,0,0,0,0,0
204175,4,3,1,2,0,4,16
208262,1,1,0,0,0,1,9
101220,2,2,0,0,0,2,4
9612242,1,1,0,0,0,1,1
7220,5,3,2,2,0,5,28
104030,5,1,4,9,0,5,10
206197,1,1,0,0,0,1,3
212306,0,0,0,0,0,0,0
9409390,0,0,0,0,0,0,0
201283,1,1,0,0,0,1,5
9809313,1,1,0,0,0,1,2
8054,0,0,0,0,0,0,0
302101,0,0,0,0,0,0,0
8149,0,0,0,0,0,0,0
207022,2,2,0,0,0,2,5
205260,2,2,0,0,0,2,2
9609296,2,1,1,1,0,2,2
101290,0,0,0,0,0,0,0
6305,0,0,0,0,0,0,0
111006,1,1,0,0,0,1,5
210334,1,1,0,0,0,1,3
106068,3,3,0,0,0,3,8
9811322,1,1,0,0,1,0,0
212341,2,1,1,1,0,2,11
9808259,0,0,0,0,0,0,0
9906201,1,1,0,0,1,0,0
201311,2,2,0,0,1,1,4
107166,1,1,0,0,0,1,5
9706465,0,0,0,0,0,0,0
9508371,0,0,0,0,0,0,0
104003,0,0,0,0,0,0,0
9606232,0,0,0,0,0,0,0
9509307,2,2,0,0,2,0,0
9304291,1,1,0,0,1,0,0
9910446,0,0,0,0,0,0,0
9504359,1,1,0,0,1,0,0
9509246,0,0,0,0,0,0,0
9235,3,3,0,0,0,3,19
9811422,1,1,0,0,1,0,0
9311252,1,1,0,0,1,0,0
9801239,1,1,0,0,0,1,3
6100,0,0,0,0,0,0,0
109235,0,0,0,0,0,0,0
3307,3,3,0,0,0,3,3
9710472,1,1,0,0,0,1,2
9910243,1,1,0,0,0,1,1
110349,1,1,0,0,0,1,1
208212,1,1,0,0,0,1,1
9912250,2,2,0,0,1,1,2
9805406,0,0,0,0,0,0,0
212245,0,0,0,0,0,0,0
2099,0,0,0,0,0,0,0
9312286,1,1,0,0,1,0,0
9808427,0,0,0,0,0,0,0
201003,0,0,0,0,0,0,0
201108,1,1,0,0,0,1,1
9911430,0,0,0,0,0,0,0
106138,0,0,0,0,0,0,0
201032,1,1,0,0,0,1,2
209054,1,1,0,0,0,1,6
112238,3,3,0,0,0,3,53
9409347,0,0,0,0,0,0,0
208079,3,1,2,3,0,3,10
7022,2,2,0,0,0,2,22
9810445,0,0,0,0,0,0,0
5048,1,1,0,0,0,1,1
9901275,0,0,0,0,0,0,0
9809569,0,0,0,0,0,0,0
9606376,0,0,0,0,0,0,0
9904327,1,1,0,0,0,1,2
110231,0,0,0,0,0,0,0
11277,1,1,0,0,0,1,5
302161,0,0,0,0,0,0,0
9812362,0,0,0,0,0,0,0
201235,0,0,0,0,0,0,0
211162,1,1,0,0,0,1,2
9509253,0,0,0,0,0,0,0
9709324,1,1,0,0,0,1,3
105082,1,1,0,0,0,1,5
302157,0,0,0,0,0,0,0
9911538,1,1,0,0,1,0,0
212309,0,0,0,0,0,0,0
207082,0,0,0,0,0,0,0
9904205,1,1,0,0,0,1,1
9812386,0,0,0,0,0,0,0
9407275,2,2,0,0,2,0,0
212339,0,0,0,0,0,0,0
9501370,0,0,0,0,0,0,0
9506373,0,0,0,0,0,0,0
109203,1,1,0,0,1,0,0
207048,0,0,0,0,0,0,0
108053,1,1,0,0,1,0,0
9911374,2,2,0,0,0,2,9
9605299,1,1,0,0,0,1,3
2084,0,0,0,0,0,0,0
302107,0,0,0,0,0,0,0
302190,0,0,0,0,0,0,0
9712448,3,1,2,2,0,3,8
207091,0,0,0,0,0,0,0
105164,0,0,0,0,0,0,0
210261,1,1,0,0,0,1,8
9905508,0,0,0,0,0,0,0
9907290,1,1,0,0,1,0,0
207116,1,1,0,0,0,1,1
110408,0,0,0,0,0,0,0
206179,1,1,0,0,0,1,9
9710537,0,0,0,0,0,0,0
112162,2,2,0,0,0,2,24
301234,1,1,0,0,0,1,17
9606224,1,1,0,0,0,1,1
301227,0,0,0,0,0,0,0
212029,1,1,0,0,1,0,0
6298,0,0,0,0,0,0,0
112131,2,1,1,1,0,2,10
9606245,0,0,0,0,0,0,0
9809350,0,0,0,0,0,0,0
9907242,0,0,0,0,0,0,0
211360,1,1,0,0,0,1,11
208149,1,1,0,0,0,1,5
9412223,0,0,0,0,0,0,0
9907395,0,0,0,0,0,0,0
207304,0,0,0,0,0,0,0
9701407,3,3,0,0,2,1,3
9709441,0,0,0,0,0,0,0
110293,5,3,2,5,1,4,17
9612228,0,0,0,0,0,0,0
207024,1,1,0,0,0,1,6
9709326,0,0,0,0,0,0,0
9200,1,1,0,0,0,1,3
207331,0,0,0,0,0,0,0
301123,0,0,0,0,0,0,0
111204,0,0,0,0,0,0,0
211367,1,1,0,0,0,1,3
205250,1,1,0,0,1,0,0
301272,0,0,0,0,0,0,0
102232,0,0,0,0,0,0,0
212031,0,0,0,0,0,0,0
111437,0,0,0,0,0,0,0
212403,0,0,0,0,0,0,0
9811374,0,0,0,0,0,0,0
111459,0,0,0,0,0,0,0
211324,0,0,0,0,0,0,0
9512408,0,0,0,0,0,0,0
9311322,0,0,0,0,0,0,0
10314,1,1,0,0,0,1,1
203145,2,2,0,0,0,2,4
210395,0,0,0,0,0,0,0
205182,0,0,0,0,0,0,0
9304313,1,1,0,0,1,0,0
302244,0,0,0,0,0,0,0
9406405,0,0,0,0,0,0,0
9902288,1,1,0,0,0,1,4
110018,0,0,0,0,0,0,0
9307229,0,0,0,0,0,0,0
9711209,0,0,0,0,0,0,0
9903243,1,1,0,0,0,1,3
201202,1,1,0,0,0,1,1
208020,0,0,0,0,0,0,0
301163,1,1,0,0,0,1,3
12164,2,2,0,0,0,2,6
204245,2,2,0,0,0,2,8
2124,0,0,0,0,0,0,0
211067,2,2,0,0,1,1,3
209167,1,1,0,0,0,1,1
9602413,0,0,0,0,0,0,0
9512422,0,0,0,0,0,0,0
9505292,0,0,0,0,0,0,0
9807416,1,1,0,0,0,1,1
9907212,0,0,0,0,0,0,0
212303,0,0,0,0,0,0,0
204298,0,0,0,0,0,0,0
9186,1,1,0,0,0,1,3
9402246,0,0,0,0,0,0,0
9909227,0,0,0,0,0,0,0
9702329,0,0,0,0,0,0,0
9203221,1,1,0,0,1,0,0
212179,0,0,0,0,0,0,0
209162,0,0,0,0,0,0,0
9806498,0,0,0,0,0,0,0
9306283,0,0,0,0,0,0,0
301192,0,0,0,0,0,0,0
9507345,0,0,0,0,0,0,0
9709375,0,0,0,0,0,0,0
9601286,0,0,0,0,0,0,0
9507355,0,0,0,0,0,0,0
9703229,0,0,0,0,0,0,0
9603274,1,1,0,0,1,0,0
112192,0,0,0,0,0,0,0
111235,0,0,0,0,0,0,0
110051,0,0,0,0,0,0,0
212394,0,0,0,0,0,0,0
9706353,1,1,0,0,1,0,0
206278,0,0,0,0,0,0,0
9405409,0,0,0,0,0,0,0
9611459,0,0,0,0,0,0,0
6112,0,0,0,0,0,0,0
9901251,0,0,0,0,0,0,0
9710365,0,0,0,0,0,0,0
10139,0,0,0,0,0,0,0
207068,0,0,0,0,0,0,0
9901227,0,0,0,0,0,0,0
6207,0,0,0,0,0,0,0
211107,1,1,0,0,0,1,2
9709456,0,0,0,0,0,0,0
9807381,0,0,0,0,0,0,0
9810348,0,0,0,0,0,0,0
9606242,0,0,0,0,0,0,0
106036,0,0,0,0,0,0,0
9712472,0,0,0,0,0,0,0
9609363,0,0,0,0,0,0,0
106157,0,0,0,0,0,0,0
9609391,0,0,0,0,0,0,0
9606322,0,0,0,0,0,0,0
9910354,0,0,0,0,0,0,0
210426,0,0,0,0,0,0,0
9811487,1,1,0,0,1,0,0
9609390,0,0,0,0,0,0,0
101240,0,0,0,0,0,0,0
212119,1,1,0,0,0,1,2
212320,1,1,0,0,0,1,2
9608397,0,0,0,0,0,0,0
212172,0,0,0,0,0,0,0
103191,1,1,0,0,0,1,1
11050,0,0,0,0,0,0,0
9507417,0,0,0,0,0,0,0
301034,0,0,0,0,0,0,0
212328,0,0,0,0,0,0,0
9305317,0,0,0,0,0,0,0
9310356,0,0,0,0,0,0,0
9606446,0,0,0,0,0,0,0
211338,1,1,0,0,0,1,1
2037,0,0,0,0,0,0,0
104171,0,0,0,0,0,0,0
9406358,0,0,0,0,0,0,0
212216,0,0,0,0,0,0,0
206161,0,0,0,0,0,0,0
204114,0,0,0,0,0,0,0
7273,0,0,0,0,0,0,0
211447,0,0,0,0,0,0,0
9603419,0,0,0,0,0,0,0
9303300,1,1,0,0,1,0,0
9610459,0,0,0,0,0,0,0
9801393,0,0,0,0,0,0,0
104206,0,0,0,0,0,0,0
205055,0,0,0,0,0,0,0
103073,0,0,0,0,0,0,0
9406434,0,0,0,0,0,0,0
9611234,0,0,0,0,0,0,0
9910507,1,1,0,0,0,1,1
302026,0,0,0,0,0,0,0
9809533,0,0,0,0,0,0,0
9501418,0,0,0,0,0,0,0
9612488,0,0,0,0,0,0,0
209311,0,0,0,0,0,0,0
9807203,1,1,0,0,1,0,0
9808316,0,0,0,0,0,0,0
9904264,0,0,0,0,0,0,0
210036,0,0,0,0,0,0,0
209319,0,0,0,0,0,0,0
211238,0,0,0,0,0,0,0
211427,0,0,0,0,0,0,0
204103,0,0,0,0,0,0,0
12343,0,0,0,0,0,0,0
301084,0,0,0,0,0,0,0
112208,0,0,0,0,0,0,0
9702231,0,0,0,0,0,0,0
9912461,0,0,0,0,0,0,0
9301206,1,1,0,0,1,0,0
9607469,2,1,1,1,1,1,1
7360,25,2,23,104,2,23,111
9705292,117,25,92,505,42,75,215
9303225,45,12,33,141,32,13,15
9406239,56,14,42,179,16,40,152
9308272,98,18,80,669,98,0,0
9904379,2,2,0,0,1,1,4
9902334,51,5,46,302,0,51,439
9509268,43,5,38,145,21,22,28
106233,4,3,1,1,0,4,10
9410307,18,2,16,48,18,0,0
9701412,38,19,19,30,38,0,0
9611316,17,7,10,19,0,17,107
109106,55,4,51,568,0,55,313
9404247,68,24,44,126,19,49,51
9608460,20,1,19,97,0,20,43
9708357,22,7,15,37,5,17,27
9811482,10,3,7,12,2,8,25
209326,6,3,3,4,0,6,34
9205203,18,5,13,23,18,0,0
9601217,3,2,1,1,0,3,6
9811216,8,5,3,3,2,6,33
9212229,35,15,20,61,35,0,0
9502401,62,8,54,447,48,14,31
9807275,24,11,13,37,10,14,30
2022,20,6,14,28,0,20,73
112334,11,7,4,10,2,9,32
9810383,6,2,4,5,6,0,0
9409310,25,6,19,38,15,10,11
9309298,45,13,32,70,17,28,46
9507424,18,6,12,39,1,17,31
9511261,9,2,7,11,1,8,25
9404334,5,1,4,8,5,0,0
9412385,117,7,110,597,12,105,166
9809266,15,6,9,15,11,4,9
9705208,64,2,62,466,4,60,178
9808301,101,3,98,841,0,101,387
9605413,46,2,44,284,33,13,25
9403201,49,7,42,135,37,12,12
9909304,37,5,32,86,2,35,149
9808241,24,6,18,46,12,12,15
9906469,159,18,141,722,45,114,257
9505385,120,13,107,626,77,43,68
9402241,56,3,53,363,46,10,10
9805343,32,2,30,94,0,32,48
9803305,21,5,16,42,0,21,40
9505334,36,5,31,94,36,0,0
9812361,26,2,24,100,6,20,32
9504287,39,9,30,127,30,9,11
9807475,6,3,3,3,4,2,8
9902364,18,2,16,51,0,18,185
9712551,28,11,17,39,2,26,102
9508276,31,10,21,53,12,19,19
9604444,22,2,20,75,0,22,85
9611293,16,4,12,23,1,15,86
9502330,11,4,7,12,2,9,23
9305268,1,1,0,0,1,0,0
9512368,10,4,6,11,10,0,0
9304295,105,29,76,375,40,65,86
9203220,40,6,34,121,40,0,0
9506416,82,6,76,543,44,38,75
9602389,17,3,14,24,3,14,31
9704363,12,5,7,14,0,12,105
201137,2,2,0,0,1,1,6
9705400,14,5,9,16,1,13,30
9504387,13,5,8,24,13,0,0
9802361,41,5,36,120,0,41,147
9601360,88,2,86,491,19,69,167
9809545,8,3,5,12,1,7,95
9503479,24,12,12,23,3,21,101
9611243,27,7,20,66,0,27,169
9706268,13,2,11,35,0,13,57
9603379,8,1,7,19,5,3,3
9412268,13,2,11,25,13,0,0
9802315,29,2,27,73,4,25,50
105252,4,4,0,0,0,4,7
9706520,49,11,38,120,4,45,291
9804253,37,9,28,116,7,30,168
9409443,41,16,25,127,22,19,22
9910297,2,2,0,0,0,2,8
9911369,25,5,20,62,4,21,75
9707213,18,8,10,15,6,12,34
9810288,7,4,3,3,2,5,12
9802286,5,4,1,1,1,4,6
9608458,86,1,85,573,4,82,329
9304263,12,9,3,4,12,0,0
9508213,24,8,16,40,24,0,0
9208260,10,7,3,4,10,0,0
9511447,2,2,0,0,1,1,4
9406289,58,16,42,256,8,50,127
9504368,4,2,2,2,1,3,8
9711460,30,7,23,64,2,28,115
9406365,7,5,2,2,6,1,1
9602280,60,7,53,306,7,53,315
9607309,9,2,7,15,1,8,36
9907489,48,3,45,294,0,48,544
9702373,30,6,24,71,4,26,86
9704267,33,6,27,89,1,32,72
9612415,16,5,11,24,0,16,58
9209230,7,7,0,0,7,0,0
9906412,1,1,0,0,1,0,0
9703305,34,2,32,129,11,23,54
9904491,13,6,7,18,0,13,59
9905495,5,4,1,1,0,5,35
9312274,14,5,9,17,14,0,0
9612457,46,19,27,56,27,19,27
9702276,39,5,34,168,4,35,144
9605465,48,12,36,126,3,45,329
9804275,13,5,8,29,1,12,163
9509230,7,1,6,14,0,7,25
9502346,16,3,13,22,8,8,24
7071,2,1,1,1,1,1,3
9403383,68,12,56,175,25,43,66
6329,12,3,9,20,3,9,60
9410360,80,2,78,626,80,0,0
9605223,40,5,35,100,0,40,233
9904418,3,2,1,1,0,3,17
9306298,29,10,19,69,18,11,16
9401323,15,6,9,13,4,11,11
9902327,49,4,45,265,5,44,212
9406210,21,7,14,42,2,19,52
9901385,3,1,2,3,0,3,13
3141,6,4,2,3,1,5,53
9701360,18,4,14,22,0,18,108
11002,24,3,21,58,2,22,95
9512295,5,1,4,7,5,0,0
9806259,29,7,22,60,3,26,127
9905391,18,5,13,31,2,16,64
9506218,1,1,0,0,1,0,0
9403342,14,5,9,18,14,0,0
11379,26,7,19,47,4,22,118
9910254,41,4,37,188,0,41,506
9209247,11,6,5,9,11,0,0
9505321,21,3,18,45,4,17,28
9905253,5,3,2,4,0,5,23
7034,11,5,6,14,0,11,90
110107,1,1,0,0,0,1,8
109036,4,4,0,0,0,4,14
9502391,30,8,22,45,13,17,25
9603298,5,3,2,3,0,5,14
9908309,66,4,62,243,16,50,194
9511289,16,3,13,22,4,12,16
9904444,13,3,10,23,1,12,66
9505244,40,13,27,95,12,28,28
5031,12,4,8,16,0,12,58
9708226,9,1,8,14,0,9,70
9709502,16,3,13,35,1,15,56
9211332,7,6,1,1,7,0,0
9309204,5,2,3,5,5,0,0
9306204,32,13,19,73,32,0,0
9509216,27,5,22,72,26,1,1
9311316,30,3,27,114,30,0,0
9607485,60,7,53,196,4,56,178
9911468,1,1,0,0,0,1,6
9810269,39,5,34,204,0,39,317
9902267,38,6,32,108,9,29,43
9812239,14,5,9,14,6,8,14
9709485,7,3,4,9,4,3,3
9303286,10,3,7,12,5,5,9
9710441,23,8,15,37,6,17,26
9405238,27,4,23,59,26,1,1
9408242,30,2,28,113,0,30,97
9408287,19,3,16,65,1,18,26
9705363,5,2,3,5,1,4,18
9410260,7,1,6,11,7,0,0
203075,1,1,0,0,0,1,3
9512254,5,4,1,1,2,3,8
9503306,14,8,6,7,4,10,15
9912317,28,6,22,104,0,28,169
9712358,3,3,0,0,1,2,4
9804213,1,1,0,0,0,1,2
9806409,9,2,7,15,2,7,23
9902238,15,3,12,29,3,12,131
102098,72,6,66,420,3,69,471
11359,21,2,19,69,0,21,138
9208251,76,8,68,468,76,0,0
104283,35,14,21,37,0,35,338
105056,30,6,24,73,1,29,160
9909333,32,5,27,116,2,30,244
102156,8,4,4,7,1,7,103
9407273,41,9,32,83,10,31,145
103320,40,15,25,63,2,38,285
9811284,5,1,4,4,0,5,20
108108,12,4,8,15,3,9,24
102252,26,1,25,75,1,25,189
9410305,3,2,1,1,3,0,0
105263,3,3,0,0,0,3,19
9701284,104,5,99,1050,0,104,395
102241,32,10,22,95,1,31,117
9711225,2,2,0,0,2,0,0
9907430,4,3,1,1,0,4,16
6053,3,2,1,1,1,2,9
9608343,22,2,20,120,1,21,97
9306259,73,22,51,201,73,0,0
9603444,3,2,1,1,1,2,2
9301254,21,5,16,63,21,0,0
6278,32,5,27,114,0,32,315
9905474,91,13,78,354,0,91,793
9905417,22,2,20,41,1,21,46
4029,12,1,11,21,0,12,96
9812523,24,6,18,64,0,24,107
101124,35,8,27,108,0,35,431
202266,9,2,7,13,0,9,137
9806316,6,3,3,5,0,6,21
111160,8,2,6,11,0,8,137
209248,4,2,2,2,0,4,30
107287,4,2,2,3,0,4,25
4086,12,5,7,13,0,12,71
9705264,42,4,38,158,2,40,99
9308269,10,1,9,17,8,2,2
106322,2,2,0,0,0,2,22
9911305,7,2,5,8,2,5,5
203091,13,6,7,11,0,13,132
9212286,2,1,1,1,0,2,4
9709397,49,4,45,251,9,40,126
9509201,24,3,21,75,5,19,25
9404257,6,3,3,6,4,2,2
9904298,4,2,2,2,0,4,21
9910494,5,4,1,1,3,2,8
9608215,4,2,2,3,1,3,8
8145,8,3,5,13,8,0,0
9805443,3,2,1,1,1,2,5
12118,2,2,0,0,0,2,7
2210,3,2,1,1,1,2,5
12154,8,2,6,11,1,7,26
9903270,12,8,4,7,0,12,89
9411388,15,6,9,21,15,0,0
9303264,18,7,11,20,18,0,0
4059,37,3,34,165,0,37,276
9310261,68,20,48,196,68,0,0
9603400,84,7,77,356,0,84,689
9608413,28,8,20,49,0,28,219
111316,1,1,0,0,0,1,5
9501268,4,3,1,2,2,2,3
9309287,18,4,14,37,6,12,16
106158,0,0,0,0,0,0,0
9302211,11,5,6,11,11,0,0
9506452,76,4,72,547,4,72,385
9405396,33,5,28,102,33,0,0
9901432,21,4,17,78,2,19,35
9701300,27,4,23,70,0,27,93
9808412,26,1,25,122,0,26,222
9410327,11,6,5,5,8,3,3
9709511,11,1,10,28,0,11,144
9604393,91,13,78,224,23,68,140
9306289,93,11,82,390,71,22,22
9405323,7,5,2,3,1,6,7
9909489,22,3,19,54,0,22,173
9807443,108,27,81,263,7,101,827
9801330,15,4,11,18,0,15,55
9810281,11,10,1,1,6,5,10
9807303,6,3,3,4,5,1,1
8051,6,3,3,6,0,6,21
9705378,6,6,0,0,2,4,10
9604204,6,3,3,3,0,6,18
9605330,36,9,27,66,10,26,41
9706251,8,4,4,10,5,3,4
9703343,17,5,12,40,1,16,62
9906321,16,9,7,14,5,11,30
9410302,10,1,9,20,4,6,6
9404306,34,12,22,62,20,14,14
9512204,10,6,4,4,5,5,11
4176,13,3,10,19,0,13,82
9609284,7,4,3,7,0,7,47
9510208,12,4,8,16,0,12,78
9706330,3,2,1,1,2,1,8
9612300,30,4,26,92,0,30,233
9605281,42,15,27,52,3,39,73
9707240,8,5,3,3,0,8,26
9801416,19,3,16,44,0,19,104
9802248,9,3,6,15,0,9,71
9603294,5,2,3,4,0,5,5
9312350,41,15,26,51,41,0,0
9612346,35,2,33,227,0,35,247
9403215,41,13,28,67,19,22,29
9506284,36,9,27,84,0,36,143
9206227,26,13,13,31,26,0,0
9907255,20,5,15,50,0,20,145
9606356,20,3,17,75,0,20,90
108147,11,3,8,15,0,11,33
9607279,16,3,13,28,0,16,45
10240,47,5,42,157,7,40,86
3139,9,5,4,4,1,8,41
9608292,8,3,5,10,0,8,36
9802446,3,2,1,2,0,3,20
9311278,45,7,38,92,19,26,46
9901406,15,10,5,6,3,12,43
9606207,23,5,18,43,1,22,22
112059,11,3,8,27,11,0,0
9811404,7,2,5,9,0,7,16
9804465,3,2,1,1,1,2,3
9403209,7,3,4,9,7,0,0
9411386,6,4,2,2,6,0,0
4189,9,3,6,9,2,7,39
112251,7,3,4,5,0,7,44
9501266,33,4,29,87,20,13,22
9511295,10,4,6,10,7,3,3
9206233,8,4,4,4,8,0,0
1284,2,2,0,0,2,0,0
9310338,16,5,11,16,12,4,4
9812520,12,1,11,29,0,12,45
202082,1,1,0,0,0,1,1
2249,10,2,8,17,0,10,62
9909472,9,3,6,16,2,7,31
5191,23,1,22,98,15,8,24
9406421,38,8,30,95,27,11,17
9611369,12,3,9,13,1,11,16
1276,1,1,0,0,1,0,0
9902437,32,4,28,117,4,28,134
11105,5,2,3,4,0,5,5
9509222,6,3,3,3,2,4,8
9707367,7,3,4,4,0,7,20
9510443,8,3,5,11,0,8,36
9809525,13,3,10,28,0,13,59
9511357,9,3,6,11,5,4,12
9608307,8,1,7,14,0,8,8
11375,8,2,6,12,0,8,40
9807542,1,1,0,0,1,0,0
202200,2,2,0,0,0,2,10
9801305,8,2,6,15,0,8,15
9311337,12,3,9,30,0,12,31
9907449,3,3,0,0,2,1,1
9601224,16,6,10,27,3,13,35
112057,4,1,3,4,0,4,17
9712378,2,2,0,0,2,0,0
9206235,6,6,0,0,6,0,0
9504360,18,4,14,38,18,0,0
9302304,6,2,4,8,6,0,0
9608403,6,2,4,7,4,2,6
9410273,20,5,15,19,10,10,18
9807490,4,4,0,0,0,4,12
9709420,16,3,13,32,0,16,31
9604352,12,2,10,29,1,11,19
104137,21,3,18,77,5,16,16
9302311,26,6,20,109,26,0,0
112085,5,4,1,1,0,5,13
9611389,7,5,2,3,0,7,22
9606483,11,2,9,27,1,10,33
9912297,1,1,0,0,0,1,4
9311378,1,1,0,0,0,1,2
104121,5,1,4,6,0,5,22
9912510,4,1,3,6,0,4,14
107274,10,4,6,13,5,5,15
9902356,7,4,3,3,0,7,24
9812248,2,2,0,0,0,2,15
9802376,2,2,0,0,1,1,1
4243,14,5,9,22,1,13,28
9707510,31,13,18,70,0,31,194
6198,3,2,1,1,0,3,18
102052,6,4,2,3,2,4,9
112160,12,7,5,6,1,11,67
9511223,4,2,2,2,2,2,2
9805432,3,1,2,3,0,3,5
9702430,12,2,10,20,0,12,41
9611253,41,7,34,128,4,37,88
110098,4,1,3,3,0,4,29
103083,6,1,5,14,0,6,131
9401232,13,4,9,24,11,2,2
9805294,10,2,8,22,2,8,14
9610522,16,5,11,19,16,0,0
9310286,34,9,25,87,21,13,15
9702261,2,2,0,0,0,2,4
9703401,11,4,7,22,0,11,12
9812233,15,7,8,11,1,14,49
9310304,3,2,1,1,3,0,0
211462,6,5,1,1,0,6,32
9901326,3,1,2,3,0,3,31
9810489,10,4,6,10,4,6,18
9301237,20,4,16,55,16,4,4
9306254,7,2,5,6,7,0,0
9908349,6,4,2,2,0,6,33
9907265,3,1,2,3,1,2,13
110119,1,1,0,0,0,1,3
108172,17,2,15,64,0,17,156
7243,18,5,13,40,0,18,188
9605215,16,3,13,43,8,8,9
204194,15,2,13,52,0,15,82
9509370,11,3,8,23,2,9,9
107084,4,2,2,2,1,3,7
9511313,2,1,1,1,1,1,4
1092,5,4,1,1,4,1,1
9503372,11,3,8,13,11,0,0
12046,9,4,5,9,0,9,32
9906202,6,3,3,3,0,6,17
9701299,5,4,1,1,0,5,11
9709344,45,11,34,77,33,12,13
205033,15,2,13,38,0,15,295
3097,0,0,0,0,0,0,0
9410286,9,2,7,15,1,8,8
9308248,13,4,9,14,8,5,5
9902372,21,6,15,48,1,20,40
110169,11,4,7,17,0,11,137
9612328,19,1,18,45,0,19,57
9206222,12,7,5,8,12,0,0
9811360,0,0,0,0,0,0,0
9908423,6,5,1,1,1,5,23
9501312,8,6,2,2,0,8,27
5109,6,4,2,2,0,6,124
9702296,9,2,7,20,1,8,21
9708405,7,6,1,2,0,7,39
111028,10,6,4,6,0,10,28
9506382,14,2,12,24,0,14,32
9602340,8,3,5,8,3,5,8
9306244,17,8,9,24,1,16,28
9203,3,2,1,1,0,3,14
9612219,2,1,1,1,2,0,0
9407338,23,6,17,66,21,2,2
302014,1,1,0,0,1,0,0
106298,17,5,12,52,0,17,160
103316,8,3,5,15,0,8,53
9502381,5,4,1,1,5,0,0
4110,12,2,10,33,0,12,40
9301293,5,3,2,2,5,0,0
9903350,12,11,1,1,3,9,45
9906452,22,3,19,119,1,21,89
9703357,6,1,5,9,6,0,0
9703372,11,5,6,7,0,11,59
9608375,8,1,7,12,0,8,26
9311331,4,2,2,3,1,3,9
9408291,11,10,1,2,9,2,2
9609496,13,6,7,9,5,8,12
9305323,8,4,4,4,8,0,0
9601375,17,6,11,21,8,9,14
9807505,10,7,3,6,0,10,16
7148,6,2,4,5,0,6,29
207179,1,1,0,0,0,1,7
12283,11,4,7,12,1,10,63
9806319,1,1,0,0,1,0,0
9812370,6,4,2,3,1,5,26
9911503,1,1,0,0,0,1,1
9405366,7,3,4,7,0,7,41
9310376,2,2,0,0,1,1,1
207158,5,2,3,7,5,0,0
203035,0,0,0,0,0,0,0
9501386,4,1,3,5,4,0,0
9605279,3,1,2,2,3,0,0
9710445,6,2,4,7,0,6,18
9610509,3,2,1,2,2,1,3
9603364,4,2,2,2,1,3,12
9406406,10,1,9,18,1,9,62
9706513,5,5,0,0,1,4,7
9602357,9,6,3,3,4,5,5
9806506,5,4,1,1,4,1,1
9901317,11,4,7,19,0,11,96
9501391,2,2,0,0,0,2,2
9704295,11,6,5,5,5,6,10
9710494,2,1,1,1,2,0,0
111411,0,0,0,0,0,0,0
9707376,5,1,4,6,5,0,0
101170,8,4,4,7,1,7,62
9603258,1,1,0,0,0,1,3
9302287,2,1,1,1,0,2,3
9711503,5,3,2,2,0,5,11
211069,7,4,3,6,0,7,51
9209273,5,2,3,4,5,0,0
9610447,4,2,2,2,0,4,7
3228,4,1,3,4,1,3,3
201261,2,2,0,0,0,2,10
9503314,2,2,0,0,1,1,5
9606239,9,2,7,13,5,4,8
9512379,14,4,10,26,3,11,24
211426,0,0,0,0,0,0,0
9801339,2,2,0,0,0,2,2
9801395,2,2,0,0,1,1,3
9712505,1,1,0,0,0,1,3
9607311,4,3,1,1,3,1,1
9912449,0,0,0,0,0,0,0
9809386,2,2,0,0,1,1,3
9809566,13,4,9,17,9,4,5
9705324,8,7,1,1,1,7,20
201209,4,2,2,3,0,4,43
111348,4,3,1,2,0,4,32
205333,0,0,0,0,0,0,0
9080,3,2,1,2,3,0,0
9609309,5,2,3,3,0,5,37
9906203,3,2,1,1,2,1,1
9305314,30,8,22,72,30,0,0
8138,7,5,2,3,1,6,15
9604341,6,2,4,8,6,0,0
9210213,6,3,3,6,6,0,0
9703295,2,2,0,0,0,2,2
9911373,5,5,0,0,2,3,4
9809233,1,1,0,0,0,1,2
9505356,4,2,2,2,0,4,11
9411404,2,2,0,0,0,2,2
9712339,17,5,12,28,10,7,12
9712349,10,7,3,4,0,10,54
205148,6,1,5,8,1,5,42
9508330,2,1,1,1,0,2,3
9812465,7,2,5,8,4,3,6
9601348,0,0,0,0,0,0,0
106330,6,5,1,1,1,5,27
101017,4,2,2,3,3,1,4
9903388,19,5,14,25,0,19,33
9811224,10,2,8,16,0,10,14
9905377,7,4,3,5,1,6,17
9704442,2,2,0,0,1,1,1
9912542,27,8,19,73,1,26,358
111432,18,5,13,30,1,17,71
9906358,9,5,4,6,0,9,21
9712250,6,3,3,5,4,2,3
9806388,1,1,0,0,1,0,0
103124,9,5,4,10,0,9,50
9404307,2,2,0,0,2,0,0
203238,9,1,8,10,1,8,16
208157,12,3,9,25,1,11,19
9303259,17,4,13,30,17,0,0
9405335,3,1,2,3,0,3,6
209007,0,0,0,0,0,0,0
9606442,4,2,2,2,4,0,0
9711347,3,2,1,1,1,2,6
9707285,1,1,0,0,1,0,0
10157,4,2,2,2,1,3,8
9901431,15,7,8,17,1,14,53
3292,2,1,1,1,2,0,0
104190,1,1,0,0,0,1,3
9812435,3,1,2,3,3,0,0
9310333,3,2,1,2,3,0,0
9802407,10,4,6,14,1,9,93
10297,16,4,12,28,3,13,36
9801427,1,1,0,0,0,1,2
9602336,19,4,15,73,1,18,43
9707520,3,2,1,1,2,1,2
9802268,1,1,0,0,0,1,2
9301225,15,6,9,17,15,0,0
9704419,5,2,3,4,5,0,0
5122,11,5,6,10,0,11,51
9604448,4,2,2,3,1,3,3
9802296,1,1,0,0,0,1,2
210345,0,0,0,0,0,0,0
9411288,2,2,0,0,0,2,2
9712463,6,2,4,12,0,6,38
105274,0,0,0,0,0,0,0
9607276,4,1,3,4,0,4,5
107218,5,2,3,5,0,5,36
211290,2,1,1,1,0,2,5
203133,1,1,0,0,0,1,4
9305240,3,3,0,0,3,0,0
202056,1,1,0,0,0,1,6
209094,2,1,1,1,0,2,18
9907476,1,1,0,0,1,0,0
208209,11,11,0,0,0,11,232
9505309,5,1,4,7,0,5,15
9910306,1,1,0,0,1,0,0
9612210,3,1,2,3,1,2,2
9810486,2,2,0,0,0,2,2
201018,9,6,3,3,5,4,5
204204,1,1,0,0,0,1,6
9910327,4,3,1,2,0,4,17
107222,6,3,3,5,0,6,73
104066,3,2,1,1,3,0,0
7347,1,1,0,0,0,1,4
102073,0,0,0,0,0,0,0
105254,7,3,4,5,1,6,28
9701357,4,2,2,2,0,4,22
9411328,5,4,1,1,1,4,12
9905248,1,1,0,0,0,1,1
9605362,3,2,1,1,1,2,3
9610202,4,2,2,4,0,4,31
6299,5,3,2,2,0,5,18
111010,0,0,0,0,0,0,0
209306,1,1,0,0,0,1,26
9911471,4,2,2,3,0,4,9
9907323,1,1,0,0,0,1,5
9706404,3,1,2,3,0,3,3
9511461,7,2,5,17,1,6,12
210170,0,0,0,0,0,0,0
9705288,8,2,6,15,0,8,32
9705273,3,3,0,0,3,0,0
9909436,13,3,10,23,0,13,26
9311254,2,1,1,1,2,0,0
9701235,5,5,0,0,0,5,18
9507300,4,4,0,0,4,0,0
5011,1,1,0,0,1,0,0
9907339,1,1,0,0,1,0,0
9507264,2,2,0,0,1,1,2
9710212,2,2,0,0,0,2,12
110237,11,4,7,11,0,11,58
9702357,3,2,1,1,0,3,6
103260,2,2,0,0,1,1,7
101146,2,1,1,1,0,2,4
9507457,2,2,0,0,1,1,1
9701314,1,1,0,0,1,0,0
9508282,3,2,1,1,0,3,4
9602274,20,4,16,60,17,3,3
301042,1,1,0,0,0,1,3
112027,5,4,1,1,0,5,14
9809269,3,3,0,0,1,2,5
111155,3,2,1,1,0,3,40
9206251,1,1,0,0,1,0,0
7169,6,3,3,6,0,6,35
9906312,4,2,2,3,0,4,12
107004,1,1,0,0,0,1,12
212378,0,0,0,0,0,0,0
9911375,7,6,1,1,0,7,22
9506436,16,7,9,25,5,11,14
9704232,7,5,2,4,0,7,25
9707304,2,2,0,0,1,1,3
9812202,7,4,3,7,0,7,89
208215,2,1,1,1,0,2,4
9808362,4,4,0,0,3,1,1
9610439,4,1,3,3,2,2,2
9411371,1,1,0,0,0,1,1
109285,1,1,0,0,0,1,3
210003,0,0,0,0,0,0,0
9707405,6,5,1,1,1,5,7
9611417,1,1,0,0,1,0,0
9703344,2,2,0,0,1,1,4
110023,5,2,3,4,1,4,41
12185,1,1,0,0,0,1,2
3311,2,1,1,1,2,0,0
8236,3,3,0,0,0,3,30
102192,2,1,1,1,0,2,5
206309,2,2,0,0,0,2,8
9501367,1,1,0,0,1,0,0
107100,5,3,2,2,0,5,19
9809478,2,1,1,1,0,2,10
9709293,6,1,5,7,1,5,17
9808249,1,1,0,0,0,1,4
9709480,0,0,0,0,0,0,0
9811474,11,2,9,11,2,9,15
212023,6,1,5,9,0,6,52
9406226,2,1,1,1,0,2,6
9911353,1,1,0,0,0,1,8
9901339,10,5,5,10,4,6,13
9708225,0,0,0,0,0,0,0
105287,0,0,0,0,0,0,0
112125,10,3,7,14,2,8,44
9910229,6,1,5,9,0,6,28
5235,5,3,2,2,0,5,38
9905332,1,1,0,0,0,1,2
102248,3,1,2,3,0,3,8
9304222,1,1,0,0,1,0,0
3110,3,2,1,1,0,3,12
9703385,6,4,2,3,0,6,11
9909295,3,1,2,2,0,3,16
9503477,14,4,10,14,12,2,2
9706237,0,0,0,0,0,0,0
9910432,10,4,6,10,0,10,31
209066,3,2,1,1,0,3,8
10228,8,3,5,13,1,7,18
9601319,5,1,4,5,0,5,11
9608223,15,3,12,44,1,14,33
9404249,7,1,6,21,7,0,0
9706431,3,3,0,0,0,3,9
209329,2,2,0,0,0,2,10
9503444,8,5,3,4,8,0,0
9504269,3,3,0,0,1,2,10
10160,7,3,4,6,1,6,11
9504425,1,1,0,0,0,1,1
9706323,3,3,0,0,1,2,10
9306203,3,3,0,0,3,0,0
4258,1,1,0,0,0,1,1
9409236,2,1,1,1,2,0,0
9605304,4,3,1,2,1,3,8
9408364,12,4,8,13,4,8,17
9303,1,1,0,0,0,1,1
9806258,1,1,0,0,0,1,3
1313,4,2,2,3,0,4,4
9601248,7,6,1,2,0,7,16
207005,4,3,1,1,0,4,39
9903204,9,4,5,15,0,9,14
9812292,6,2,4,7,3,3,3
9709457,13,1,12,34,0,13,69
10298,1,1,0,0,0,1,6
9610393,1,1,0,0,0,1,3
111063,3,3,0,0,1,2,5
9606473,0,0,0,0,0,0,0
9712407,1,1,0,0,1,0,0
9503480,2,1,1,1,2,0,0
3293,0,0,0,0,0,0,0
8335,1,1,0,0,0,1,3
9905235,2,2,0,0,1,1,1
9405285,3,3,0,0,3,0,0
9607221,1,1,0,0,0,1,5
209223,3,1,2,2,1,2,3
9410313,4,2,2,3,4,0,0
9407228,1,1,0,0,1,0,0
9906216,2,1,1,1,0,2,6
9408203,0,0,0,0,0,0,0
9804410,3,3,0,0,2,1,3
9304301,2,2,0,0,2,0,0
9910261,4,4,0,0,0,4,17
9904386,5,1,4,7,1,4,17
102055,2,1,1,1,0,2,2
203063,4,2,2,3,1,3,10
9908445,1,1,0,0,1,0,0
9502353,1,1,0,0,0,1,4
9906278,0,0,0,0,0,0,0
107217,0,0,0,0,0,0,0
203222,5,2,3,6,0,5,74
106107,3,1,2,2,1,2,2
9903531,5,4,1,1,0,5,55
9710444,2,1,1,1,1,1,1
9812319,2,1,1,1,0,2,6
109228,7,6,1,1,0,7,12
102342,3,3,0,0,1,2,2
9810341,5,2,3,5,0,5,21
202103,3,2,1,1,1,2,8
9705415,0,0,0,0,0,0,0
105013,1,1,0,0,0,1,7
112252,0,0,0,0,0,0,0
9506237,2,2,0,0,0,2,4
9710397,1,1,0,0,0,1,6
205319,3,3,0,0,0,3,22
11242,5,4,1,1,0,5,17
9910515,3,2,1,1,0,3,9
103209,1,1,0,0,1,0,0
9811367,11,2,9,25,1,10,36
109226,0,0,0,0,0,0,0
9810532,3,3,0,0,3,0,0
103226,2,2,0,0,1,1,4
201135,0,0,0,0,0,0,0
9706295,1,1,0,0,1,0,0
9906371,5,5,0,0,3,2,10
10187,4,3,1,1,1,3,4
211088,3,2,1,1,0,3,13
9406277,0,0,0,0,0,0,0
301040,5,4,1,1,0,5,33
204005,2,1,1,1,0,2,6
109026,0,0,0,0,0,0,0
9906528,4,2,2,2,0,4,8
109248,3,2,1,1,0,3,45
9911204,1,1,0,0,0,1,4
5096,2,1,1,1,0,2,37
9812356,0,0,0,0,0,0,0
12272,2,2,0,0,1,1,6
9801357,5,1,4,7,0,5,15
9904280,15,3,12,37,1,14,50
9811207,1,1,0,0,1,0,0
109019,0,0,0,0,0,0,0
106121,3,2,1,1,3,0,0
9303302,2,1,1,1,2,0,0
9812527,7,1,6,9,1,6,6
9509214,2,1,1,1,0,2,6
9610422,0,0,0,0,0,0,0
9711242,0,0,0,0,0,0,0
9707295,1,1,0,0,0,1,1
9406222,3,2,1,1,3,0,0
9602286,0,0,0,0,0,0,0
9908301,3,1,2,2,0,3,9
9410247,1,1,0,0,0,1,2
201120,2,2,0,0,0,2,4
9807391,3,3,0,0,3,0,0
108054,4,2,2,3,0,4,29
8272,1,1,0,0,0,1,6
9308260,3,1,2,3,3,0,0
9704252,0,0,0,0,0,0,0
9504395,2,1,1,1,0,2,4
211171,1,1,0,0,1,0,0
208088,8,3,5,7,0,8,83
9809460,1,1,0,0,0,1,7
106020,1,1,0,0,0,1,6
9709201,3,1,2,2,2,1,1
9906522,0,0,0,0,0,0,0
104031,5,2,3,4,2,3,5
301085,0,0,0,0,0,0,0
9508252,4,3,1,1,2,2,2
9208216,2,1,1,1,2,0,0
9901347,0,0,0,0,0,0,0
9709261,2,1,1,1,0,2,12
9909505,2,2,0,0,0,2,15
9710343,2,2,0,0,0,2,2
207097,0,0,0,0,0,0,0
9404317,0,0,0,0,0,0,0
9702366,1,1,0,0,1,0,0
111469,0,0,0,0,0,0,0
111379,4,3,1,1,0,4,24
9905271,9,5,4,6,0,9,57
206268,2,2,0,0,0,2,11
106342,5,3,2,3,0,5,27
9906484,3,3,0,0,1,2,3
9410308,1,1,0,0,0,1,1
111040,3,2,1,1,1,2,2
208174,0,0,0,0,0,0,0
206166,2,2,0,0,0,2,7
9306,0,0,0,0,0,0,0
9812428,3,3,0,0,0,3,6
201205,0,0,0,0,0,0,0
9310292,3,3,0,0,0,3,9
9611431,0,0,0,0,0,0,0
110137,1,1,0,0,0,1,2
9707411,3,1,2,2,0,3,8
9909528,1,1,0,0,1,0,0
9307366,2,1,1,1,2,0,0
9812220,1,1,0,0,0,1,5
9502218,1,1,0,0,1,0,0
107029,2,1,1,1,2,0,0
107098,0,0,0,0,0,0,0
9901271,0,0,0,0,0,0,0
9506447,1,1,0,0,1,0,0
9403303,3,3,0,0,3,0,0
9309308,1,1,0,0,1,0,0
9905546,1,1,0,0,0,1,2
111445,0,0,0,0,0,0,0
103066,1,1,0,0,1,0,0
302047,0,0,0,0,0,0,0
109049,2,1,1,1,1,1,1
211287,5,4,1,1,0,5,70
9712444,1,1,0,0,1,0,0
204179,4,2,2,3,2,2,2
9911403,0,0,0,0,0,0,0
208189,3,3,0,0,0,3,15
9503469,1,1,0,0,1,0,0
9601259,1,1,0,0,0,1,2
9508231,1,1,0,0,0,1,2
9509384,1,1,0,0,0,1,6
8098,0,0,0,0,0,0,0
9910500,1,1,0,0,1,0,0
207055,3,3,0,0,0,3,37
212379,0,0,0,0,0,0,0
9508392,2,2,0,0,0,2,2
203231,2,2,0,0,1,1,1
205023,2,2,0,0,0,2,8
3264,1,1,0,0,1,0,0
9710303,0,0,0,0,0,0,0
9140,2,1,1,1,0,2,32
109043,5,1,4,9,0,5,29
9912405,2,2,0,0,0,2,3
212263,2,1,1,1,0,2,29
206299,0,0,0,0,0,0,0
9511339,0,0,0,0,0,0,0
9712431,2,1,1,1,1,1,3
210104,3,2,1,1,0,3,24
107247,1,1,0,0,0,1,5
104314,0,0,0,0,0,0,0
101247,2,2,0,0,2,0,0
9707526,0,0,0,0,0,0,0
9707344,1,1,0,0,0,1,4
103085,0,0,0,0,0,0,0
9507209,0,0,0,0,0,0,0
202163,1,1,0,0,0,1,1
9910513,1,1,0,0,0,1,3
108140,0,0,0,0,0,0,0
211411,1,1,0,0,0,1,2
212375,2,1,1,1,0,2,8
7079,1,1,0,0,0,1,1
9911354,0,0,0,0,0,0,0
209161,5,3,2,2,1,4,17
9306228,1,1,0,0,1,0,0
208165,0,0,0,0,0,0,0
1199,0,0,0,0,0,0,0
9502241,1,1,0,0,1,0,0
9604365,1,1,0,0,1,0,0
9289,0,0,0,0,0,0,0
9708411,4,2,2,3,2,2,5
109063,0,0,0,0,0,0,0
301210,0,0,0,0,0,0,0
9410374,0,0,0,0,0,0,0
302188,0,0,0,0,0,0,0
204052,2,2,0,0,0,2,21
112207,4,1,3,5,0,4,6
106151,0,0,0,0,0,0,0
211207,0,0,0,0,0,0,0
9309296,0,0,0,0,0,0,0
9903219,0,0,0,0,0,0,0
9607425,1,1,0,0,1,0,0
2092,0,0,0,0,0,0,0
9701380,0,0,0,0,0,0,0
12265,0,0,0,0,0,0,0
9804362,0,0,0,0,0,0,0
4011,1,1,0,0,0,1,2
201083,1,1,0,0,0,1,1
9910384,1,1,0,0,0,1,10
301267,0,0,0,0,0,0,0
101274,0,0,0,0,0,0,0
106301,3,2,1,1,0,3,13
9502295,4,2,2,2,4,0,0
9910298,0,0,0,0,0,0,0
106137,1,1,0,0,0,1,3
110306,1,1,0,0,1,0,0
102341,1,1,0,0,0,1,3
201156,3,2,1,1,0,3,36
9805412,1,1,0,0,1,0,0
210224,2,1,1,1,0,2,8
302149,0,0,0,0,0,0,0
112153,0,0,0,0,0,0,0
10055,1,1,0,0,0,1,4
112012,1,1,0,0,1,0,0
9405289,0,0,0,0,0,0,0
9810423,0,0,0,0,0,0,0
9707359,0,0,0,0,0,0,0
12249,1,1,0,0,0,1,5
111212,3,1,2,2,0,3,28
209374,1,1,0,0,0,1,2
202161,0,0,0,0,0,0,0
9704270,0,0,0,0,0,0,0
210214,1,1,0,0,1,0,0
7139,0,0,0,0,0,0,0
3296,1,1,0,0,1,0,0
102092,1,1,0,0,1,0,0
208213,1,1,0,0,0,1,2
9905484,0,0,0,0,0,0,0
9603352,3,2,1,1,0,3,4
109265,5,3,2,2,0,5,26
7117,0,0,0,0,0,0,0
9308239,0,0,0,0,0,0,0
101175,0,0,0,0,0,0,0
206123,0,0,0,0,0,0,0
9812317,0,0,0,0,0,0,0
3093,0,0,0,0,0,0,0
9901355,0,0,0,0,0,0,0
210288,1,1,0,0,0,1,10
1240,2,2,0,0,2,0,0
9905269,2,2,0,0,0,2,16
212365,0,0,0,0,0,0,0
204082,0,0,0,0,0,0,0
210335,1,1,0,0,0,1,5
10186,1,1,0,0,1,0,0
210408,1,1,0,0,0,1,11
9908368,0,0,0,0,0,0,0
302105,0,0,0,0,0,0,0
104002,3,1,2,2,0,3,20
111116,0,0,0,0,0,0,0
4030,0,0,0,0,0,0,0
110207,4,3,1,2,4,0,0
210285,0,0,0,0,0,0,0
9511248,0,0,0,0,0,0,0
9901372,0,0,0,0,0,0,0
9412395,0,0,0,0,0,0,0
207180,1,1,0,0,0,1,5
9506434,2,1,1,1,1,1,1
102123,0,0,0,0,0,0,0
9301266,1,1,0,0,1,0,0
1324,1,1,0,0,0,1,1
204230,1,1,0,0,0,1,4
4261,0,0,0,0,0,0,0
206312,1,1,0,0,0,1,1
9605380,0,0,0,0,0,0,0
105138,0,0,0,0,0,0,0
9803427,1,1,0,0,0,1,2
9407300,0,0,0,0,0,0,0
202234,0,0,0,0,0,0,0
203011,1,1,0,0,0,1,1
209257,0,0,0,0,0,0,0
9411316,0,0,0,0,0,0,0
111220,4,3,1,1,1,3,22
2045,0,0,0,0,0,0,0
9905514,0,0,0,0,0,0,0
9612309,3,3,0,0,1,2,2
101310,1,1,0,0,1,0,0
1082,0,0,0,0,0,0,0
9903521,1,1,0,0,1,0,0
9320,0,0,0,0,0,0,0
110130,1,1,0,0,0,1,1
9405408,0,0,0,0,0,0,0
9911229,1,1,0,0,0,1,5
211387,0,0,0,0,0,0,0
9812293,0,0,0,0,0,0,0
9703202,1,1,0,0,1,0,0
211119,0,0,0,0,0,0,0
9902421,0,0,0,0,0,0,0
9409424,0,0,0,0,0,0,0
12355,0,0,0,0,0,0,0
301104,0,0,0,0,0,0,0
302250,0,0,0,0,0,0,0
301248,0,0,0,0,0,0,0
211222,0,0,0,0,0,0,0
1067,0,0,0,0,0,0,0
9811305,1,1,0,0,0,1,2
211343,1,1,0,0,0,1,2
1063,3,3,0,0,2,1,1
206188,0,0,0,0,0,0,0
9407240,0,0,0,0,0,0,0
9712529,0,0,0,0,0,0,0
9610340,0,0,0,0,0,0,0
9911312,0,0,0,0,0,0,0
302217,0,0,0,0,0,0,0
211226,0,0,0,0,0,0,0
112048,1,1,0,0,0,1,5
103255,1,1,0,0,0,1,6
12329,0,0,0,0,0,0,0
9504341,1,1,0,0,1,0,0
9908344,1,1,0,0,1,0,0
3171,0,0,0,0,0,0,0
9405312,0,0,0,0,0,0,0
9910467,0,0,0,0,0,0,0
210164,0,0,0,0,0,0,0
9306304,1,1,0,0,1,0,0
9805453,3,1,2,2,3,0,0
9811403,1,1,0,0,0,1,1
9407305,0,0,0,0,0,0,0
211052,0,0,0,0,0,0,0
9407360,0,0,0,0,0,0,0
9909545,0,0,0,0,0,0,0
9906491,0,0,0,0,0,0,0
9911356,0,0,0,0,0,0,0
9808266,0,0,0,0,0,0,0
9810417,0,0,0,0,0,0,0
211417,0,0,0,0,0,0,0
209026,1,1,0,0,0,1,10
9801404,0,0,0,0,0,0,0
9508230,0,0,0,0,0,0,0
6169,0,0,0,0,0,0,0
9708269,0,0,0,0,0,0,0
9401355,0,0,0,0,0,0,0
211260,0,0,0,0,0,0,0
9911520,1,1,0,0,0,1,6
9908322,0,0,0,0,0,0,0
9809373,0,0,0,0,0,0,0
203039,0,0,0,0,0,0,0
9602437,0,0,0,0,0,0,0
9807467,0,0,0,0,0,0,0
9410207,0,0,0,0,0,0,0
9508219,0,0,0,0,0,0,0
212369,0,0,0,0,0,0,0
108251,1,1,0,0,0,1,6
210210,0,0,0,0,0,0,0
209344,0,0,0,0,0,0,0
205285,0,0,0,0,0,0,0
302020,0,0,0,0,0,0,0
9804245,0,0,0,0,0,0,0
9402300,0,0,0,0,0,0,0
109255,0,0,0,0,0,0,0
211167,0,0,0,0,0,0,0
9708324,0,0,0,0,0,0,0
9711381,0,0,0,0,0,0,0
9804286,1,1,0,0,0,1,1
9411356,0,0,0,0,0,0,0
9905433,0,0,0,0,0,0,0
9701383,0,0,0,0,0,0,0
110251,0,0,0,0,0,0,0
9611257,0,0,0,0,0,0,0
9282,0,0,0,0,0,0,0
9309243,0,0,0,0,0,0,0
102066,0,0,0,0,0,0,0
9902248,0,0,0,0,0,0,0
111111,0,0,0,0,0,0,0
106297,0,0,0,0,0,0,0
302093,0,0,0,0,0,0,0
203207,0,0,0,0,0,0,0
210338,0,0,0,0,0,0,0
302235,0,0,0,0,0,0,0
9609526,0,0,0,0,0,0,0
9902438,0,0,0,0,0,0,0
9406415,0,0,0,0,0,0,0
9809389,0,0,0,0,0,0,0
9410314,0,0,0,0,0,0,0
201270,1,1,0,0,1,0,0
210294,0,0,0,0,0,0,0
212070,1,1,0,0,0,1,11
301193,0,0,0,0,0,0,0
9907288,0,0,0,0,0,0,0
9603394,0,0,0,0,0,0,0
210386,0,0,0,0,0,0,0
201196,0,0,0,0,0,0,0
212385,0,0,0,0,0,0,0
111456,0,0,0,0,0,0,0
212237,0,0,0,0,0,0,0
301168,0,0,0,0,0,0,0
205309,0,0,0,0,0,0,0
2281,0,0,0,0,0,0,0
209157,0,0,0,0,0,0,0
9226,0,0,0,0,0,0,0
9801259,0,0,0,0,0,0,0
104157,0,0,0,0,0,0,0
210086,0,0,0,0,0,0,0
1331,0,0,0,0,0,0,0
9811324,0,0,0,0,0,0,0
9512257,0,0,0,0,0,0,0
9612432,0,0,0,0,0,0,0
212296,0,0,0,0,0,0,0
9708340,0,0,0,0,0,0,0
9806201,0,0,0,0,0,0,0
9405358,1,1,0,0,1,0,0
9706324,0,0,0,0,0,0,0
9801351,0,0,0,0,0,0,0
3106,0,0,0,0,0,0,0
211325,0,0,0,0,0,0,0
9911531,0,0,0,0,0,0,0
109218,0,0,0,0,0,0,0
302024,0,0,0,0,0,0,0
301052,0,0,0,0,0,0,0
9912346,0,0,0,0,0,0,0
9906384,0,0,0,0,0,0,0
9605274,0,0,0,0,0,0,0
110116,0,0,0,0,0,0,0
9405415,0,0,0,0,0,0,0
9405397,0,0,0,0,0,0,0
9502274,2,2,0,0,2,0,0
9711261,26,10,16,33,13,13,25
8004,28,1,27,125,4,24,79
9707251,132,14,118,759,21,111,508
9304225,321,41,280,2895,321,0,0
9407342,19,5,14,43,2,17,24
6056,30,3,27,95,3,27,259
9904480,13,6,7,15,0,13,65
9903230,40,3,37,190,3,37,303
9509329,33,8,25,61,1,32,400
106315,95,34,61,147,46,49,198
9410369,6,4,2,2,6,0,0
9704448,123,30,93,461,51,72,234
2036,48,10,38,147,5,43,200
112169,2,2,0,0,0,2,12
9404359,8,6,2,3,8,0,0
9609246,7,6,1,1,0,7,13
9708358,19,8,11,31,2,17,78
9812298,8,6,2,2,0,8,27
210108,2,2,0,0,0,2,25
9205204,5,4,1,2,5,0,0
9601305,5,3,2,2,2,3,16
9811250,7,2,5,13,4,3,9
9212268,23,5,18,51,23,0,0
9506409,9,2,7,17,1,8,8
9807423,87,4,83,595,2,85,447
3091,14,5,9,16,2,12,45
201243,4,3,1,1,2,2,12
9310253,27,5,22,68,27,0,0
9311307,7,3,4,5,1,6,7
9309326,30,11,19,58,13,17,17
9509207,13,6,7,18,6,7,7
9505366,1,1,0,0,0,1,3
9407247,155,7,148,1380,155,0,0
9501220,9,6,3,6,6,3,4
9403270,9,3,6,9,9,0,0
9705339,149,26,123,481,86,63,103
9808333,69,5,64,397,1,68,303
9607251,65,14,51,212,10,55,149
9404354,27,7,20,54,22,5,6
9909425,49,2,47,302,3,46,275
9808261,22,3,19,75,3,19,85
9907390,47,4,43,209,0,47,269
9507371,49,11,38,140,1,48,113
9407331,1,1,0,0,0,1,1
9806218,30,7,23,56,2,28,56
9804367,16,3,13,28,0,16,33
9601342,10,4,6,13,10,0,0
9812381,19,5,14,57,0,19,164
9506271,23,3,20,121,23,0,0
9808240,3,2,1,1,3,0,0
9902392,26,6,20,78,1,25,342
9306255,3,2,1,1,3,0,0
9604304,1,1,0,0,0,1,3
9605246,23,3,20,79,2,21,68
9612442,12,1,11,19,0,12,72
9508316,7,1,6,13,7,0,0
9511456,7,5,2,2,3,4,6
9703209,53,9,44,131,8,45,110
9308329,29,7,22,54,8,21,28
9206203,29,7,22,53,29,0,0
9511288,128,8,120,1309,44,84,100
9603219,20,5,15,34,4,16,24
9705229,8,3,5,6,0,8,28
1290,30,6,24,52,17,13,29
9712398,50,5,45,211,9,41,198
9608430,95,12,83,481,31,64,154
9804319,58,5,53,356,0,58,484
9610252,55,7,48,208,16,39,97
9810397,19,2,17,52,0,19,220
9504296,19,14,5,9,13,6,9
9611443,28,6,22,96,6,22,182
9706275,27,6,21,51,3,24,112
9608450,13,1,12,37,6,7,9
9504270,2,2,0,0,2,0,0
9807447,25,6,19,39,1,24,135
106040,10,5,5,10,1,9,26
9710550,44,4,40,139,11,33,131
9808385,60,13,47,173,10,50,142
9506398,50,6,44,127,7,43,115
110350,0,0,0,0,0,0,0
9908255,27,2,25,84,1,26,115
9806515,12,3,9,17,3,9,26
9811234,12,8,4,6,9,3,5
9507326,67,16,51,142,24,43,57
9610396,33,5,28,104,2,31,153
9307369,8,2,6,9,8,0,0
9607284,14,5,9,20,4,10,10
9803466,276,2,274,3572,41,235,351
9512237,18,6,12,25,8,10,18
9409295,23,1,22,62,9,14,31
9306318,22,5,17,46,21,1,1
9803399,16,6,10,17,2,14,42
9412323,2,2,0,0,0,2,2
9606378,13,1,12,42,2,11,47
9610553,27,5,22,79,1,26,144
9911410,5,3,2,3,1,4,14
9703314,17,9,8,10,3,14,62
9707390,79,5,74,438,19,60,253
9701252,10,2,8,10,0,10,42
9209218,10,5,5,5,10,0,0
9908388,24,9,15,66,0,24,92
9703358,32,4,28,105,1,31,82
9905443,35,4,31,173,0,35,229
9312357,8,1,7,21,6,2,2
9403291,12,4,8,14,2,10,22
9710281,10,4,6,11,0,10,10
9708372,19,5,14,43,1,18,46
9610277,4,2,2,2,0,4,7
9805488,17,6,11,23,1,16,93
9601321,13,6,7,16,1,12,25
9506476,12,3,9,18,3,9,22
7343,1,1,0,0,0,1,2
9409405,3,2,1,1,3,0,0
9411273,40,8,32,67,35,5,5
9501375,82,7,75,323,17,65,181
9702219,4,2,2,2,0,4,18
9906257,22,5,17,70,0,22,135
9307326,25,3,22,64,25,0,0
9403335,20,5,15,54,7,13,20
9902430,41,2,39,176,2,39,153
9408266,18,5,13,29,12,6,6
9902268,12,5,7,10,6,6,21
9610477,82,4,78,503,1,81,360
9703422,25,11,14,24,0,25,139
9303255,72,32,40,110,72,0,0
9603326,49,4,45,250,8,41,100
9806368,39,9,30,109,0,39,219
9905518,6,3,3,3,3,3,8
9507428,6,2,4,6,6,0,0
9408366,19,11,8,9,19,0,0
11394,11,4,7,16,0,11,124
9910491,78,2,76,617,1,77,584
9209248,42,3,39,115,42,0,0
9506207,36,9,27,91,1,35,99
9908320,10,4,6,10,0,10,35
9129,14,3,11,21,0,14,209
105150,33,3,30,106,0,33,318
109068,6,6,0,0,2,4,7
9508242,2,2,0,0,0,2,7
9607243,10,2,8,16,0,10,47
9909334,76,15,61,225,7,69,381
9602206,28,8,20,49,0,28,227
9812397,46,8,38,141,4,42,451
9507441,4,2,2,2,3,1,1
6128,16,4,12,23,0,16,104
9405389,69,7,62,320,52,17,21
9710259,9,3,6,13,1,8,33
9311335,8,5,3,3,6,2,2
9403347,39,13,26,65,22,17,19
9312213,13,11,2,3,5,8,32
9510324,3,2,1,1,1,2,18
9503463,43,1,42,304,27,16,19
9612479,14,7,7,9,3,11,11
9912463,33,4,29,93,0,33,223
9812418,29,5,24,66,6,23,58
9904248,56,17,39,107,9,47,227
9903340,36,9,27,74,1,35,159
9711438,9,3,6,10,0,9,13
9303299,16,6,10,29,6,10,10
9804428,11,3,8,11,0,11,35
9410323,2,2,0,0,2,0,0
9501296,14,5,9,24,1,13,41
9406243,1,1,0,0,1,0,0
9705402,3,1,2,3,0,3,21
103199,70,9,61,276,4,66,284
3320,10,3,7,13,1,9,26
9609430,9,5,4,4,1,8,80
9504373,32,13,19,31,6,26,33
9911272,16,12,4,7,4,12,58
1101,69,4,65,296,8,61,395
9808410,17,2,15,42,0,17,91
9806472,13,6,7,10,0,13,32
9904223,18,8,10,13,4,14,52
102145,110,4,106,1068,6,104,434
12020,36,4,32,87,0,36,257
9509260,52,6,46,228,1,51,183
110252,7,5,2,2,0,7,42
9609360,29,9,20,37,17,12,19
9211286,40,11,29,119,37,3,3
102324,36,4,32,159,0,36,574
9712257,26,4,22,54,2,24,118
103324,22,7,15,35,0,22,252
9406427,26,12,14,31,0,26,163
2293,41,10,31,143,4,37,156
105139,33,6,27,67,9,24,52
9412336,8,2,6,12,7,1,1
7201,7,1,6,9,1,6,6
9706377,96,1,95,978,1,95,386
9610541,18,3,15,58,18,0,0
9712546,41,7,34,96,2,39,229
9908218,35,11,24,69,11,24,42
6255,7,4,3,4,2,5,14
2213,33,10,23,83,0,33,204
9411338,43,2,41,152,17,26,27
9608305,3,3,0,0,0,3,8
9304311,15,3,12,48,15,0,0
8049,37,4,33,142,0,37,186
9904262,45,5,40,216,0,45,797
9906542,20,7,13,33,1,19,89
4044,56,6,50,375,2,54,562
9901281,125,9,116,1000,6,119,913
101304,40,3,37,201,0,40,557
206067,19,3,16,37,0,19,400
9907511,4,2,2,3,0,4,17
111164,13,1,12,25,0,13,87
210135,4,3,1,1,0,4,41
109004,8,3,5,8,0,8,49
4128,8,2,6,13,0,8,35
9706410,33,3,30,161,0,33,185
9702436,14,9,5,8,0,14,41
109258,3,2,1,1,0,3,15
1335,17,6,11,17,0,17,131
204067,5,5,0,0,1,4,42
211180,0,0,0,0,0,0,0
9712542,39,1,38,165,3,36,134
9602439,15,2,13,33,1,14,39
9901443,16,6,10,25,0,16,217
2053,22,10,12,26,5,17,39
9911298,12,1,11,30,1,11,30
9610319,9,6,3,3,4,5,8
101091,37,7,30,144,1,36,152
9711385,6,4,2,2,0,6,34
9906232,10,1,9,12,0,10,73
2254,1,1,0,0,0,1,20
12162,4,4,0,0,1,3,17
9903455,27,8,19,72,0,27,170
9504385,2,1,1,1,1,1,1
9502360,13,5,8,21,7,6,6
5209,10,3,7,18,2,8,35
9604209,6,1,5,11,0,6,39
9604237,51,7,44,147,1,50,161
9609281,6,3,3,3,0,6,29
9210277,14,5,9,15,14,0,0
9503274,1,1,0,0,1,0,0
9403237,11,1,10,33,1,10,22
5004,8,5,3,6,2,6,21
9411246,6,4,2,3,0,6,8
9506462,3,2,1,1,0,3,5
9407249,23,3,20,69,23,0,0
9903259,14,9,5,9,4,10,21
9801269,32,18,14,24,2,30,208
9812463,20,7,13,36,1,19,181
9403243,40,13,27,52,40,0,0
11156,1,1,0,0,0,1,1
9606314,87,7,80,436,23,64,126
9308322,9,6,3,3,9,0,0
9407374,14,7,7,8,14,0,0
112328,1,1,0,0,0,1,22
9907240,70,9,61,426,2,68,574
9809485,9,4,5,6,4,5,10
9904501,8,5,3,3,2,6,6
9809385,2,2,0,0,2,0,0
10082,4,4,0,0,0,4,15
9804337,20,5,15,32,2,18,75
9607254,78,20,58,159,5,73,343
9607442,10,3,7,10,1,9,31
9706522,19,4,15,25,0,19,35
9706413,22,5,17,45,4,18,79
9307329,71,12,59,203,66,5,5
9507319,125,6,119,821,27,98,203
9912504,6,3,3,4,0,6,56
9512244,11,5,6,16,1,10,34
7268,14,3,11,33,0,14,77
9701361,10,4,6,8,0,10,62
9510457,12,4,8,10,0,12,62
9706341,4,2,2,3,2,2,14
9612489,4,3,1,1,0,4,17
9605389,48,19,29,76,12,36,109
9707247,1,1,0,0,0,1,2
9803210,30,11,19,59,3,27,127
9806324,26,5,21,54,1,25,91
9604247,5,4,1,1,2,3,4
9408222,78,5,73,771,78,0,0
9612364,70,6,64,537,1,69,542
9403216,5,3,2,3,2,3,3
9506475,37,8,29,109,5,32,102
9402221,25,5,20,96,23,2,2
9210238,7,3,4,5,7,0,0
9410265,18,11,7,13,15,3,3
108148,8,2,6,8,3,5,9
9812307,9,3,6,11,3,6,10
12134,19,5,14,31,1,18,57
5179,1,1,0,0,0,1,10
9609277,9,3,6,8,7,2,4
7134,7,3,4,12,2,5,6
9406343,6,2,4,6,4,2,2
9709474,12,1,11,25,8,4,8
9810351,5,1,4,5,2,3,3
5222,4,3,1,1,1,3,13
9811406,7,1,6,13,2,5,11
9805220,1,1,0,0,0,1,2
9403293,15,8,7,9,5,10,12
9501404,15,8,7,19,1,14,45
9803491,6,2,4,4,1,5,13
202166,15,6,9,28,0,15,100
9501284,9,2,7,13,0,9,11
9701416,7,4,3,6,2,5,8
9208247,11,3,8,9,11,0,0
4039,1,1,0,0,0,1,2
9207241,6,2,4,7,6,0,0
9911424,7,4,3,4,0,7,27
9205207,4,2,2,2,4,0,0
5121,11,3,8,17,0,11,67
9911482,14,4,10,27,1,13,76
9909377,8,1,7,15,0,8,280
9410269,12,4,8,15,4,8,49
9810419,8,3,5,5,8,0,0
2193,20,9,11,14,1,19,118
9907264,19,2,17,52,2,17,80
9301280,15,5,10,30,15,0,0
9510280,4,1,3,4,0,4,9
9706326,6,1,5,8,2,4,4
9602305,10,2,8,8,7,3,12
2089,10,3,7,12,0,10,122
9608264,6,4,2,2,0,6,19
9608472,11,2,9,29,11,0,0
103122,1,1,0,0,0,1,8
9911455,1,1,0,0,0,1,2
3165,19,5,14,51,0,19,169
9302219,11,4,7,15,11,0,0
9404296,11,6,5,10,2,9,35
3276,1,1,0,0,0,1,3
9903315,14,2,12,31,2,12,23
9911521,3,2,1,1,0,3,23
9510312,15,2,13,29,2,13,41
9212221,1,1,0,0,1,0,0
9702289,3,2,1,1,2,1,6
9806224,5,1,4,8,0,5,28
9609467,8,5,3,4,2,6,21
9704328,0,0,0,0,0,0,0
9905231,2,2,0,0,0,2,3
9907384,10,5,5,6,1,9,21
9607272,9,4,5,8,0,9,24
104260,12,2,10,29,1,11,33
9304304,1,1,0,0,1,0,0
7279,4,3,1,2,1,3,12
9702442,4,2,2,2,0,4,27
9608272,24,9,15,45,1,23,152
9403394,7,4,3,4,0,7,9
9405217,3,2,1,2,3,0,0
104134,4,1,3,5,0,4,28
8113,4,1,3,4,0,4,38
108109,5,4,1,1,1,4,22
9906204,5,4,1,1,4,1,4
9503390,22,9,13,31,18,4,5
9712347,6,4,2,3,3,3,3
9504420,6,4,2,2,0,6,13
9709251,4,3,1,1,4,0,0
9809360,14,2,12,26,4,10,20
102265,53,11,42,167,9,44,308
112310,15,2,13,37,0,15,106
9911394,4,4,0,0,0,4,16
9807440,5,2,3,4,0,5,14
9905275,5,1,4,9,0,5,41
9704415,38,5,33,146,8,30,82
9812225,7,1,6,12,6,1,1
103105,10,2,8,31,0,10,120
9405431,32,5,27,135,2,30,208
9810227,3,2,1,1,0,3,8
9502275,8,1,7,10,8,0,0
9509274,15,4,11,30,12,3,8
9703206,1,1,0,0,0,1,5
9510347,10,7,3,3,8,2,2
9709450,17,9,8,13,2,15,64
9410205,3,1,2,2,3,0,0
212126,25,8,17,51,11,14,14
9902220,25,2,23,80,0,25,169
9905276,11,8,3,3,0,11,55
9309245,3,3,0,0,1,2,2
9710551,4,3,1,1,0,4,23
9909305,18,6,12,28,1,17,71
9801341,10,5,5,8,1,9,61
206245,8,5,3,6,0,8,83
110001,14,3,11,25,0,14,125
9087,1,1,0,0,0,1,5
9605300,2,2,0,0,2,0,0
205261,39,3,36,117,1,38,165
9512444,2,2,0,0,1,1,1
12379,23,6,17,47,7,16,27
9512335,6,6,0,0,4,2,14
5311,7,1,6,15,0,7,30
9510209,5,2,3,6,2,3,5
103265,6,3,3,4,0,6,71
108202,7,1,6,6,0,7,15
9309249,13,4,9,18,6,7,7
9311247,40,10,30,123,40,0,0
205284,7,1,6,13,0,7,119
9602335,8,5,3,4,1,7,24
9411269,5,3,2,2,5,0,0
9710220,5,4,1,1,2,3,7
9801358,2,2,0,0,0,2,2
9910492,31,15,16,26,3,28,146
9704377,35,3,32,111,4,31,82
5253,11,5,6,8,2,9,49
211399,0,0,0,0,0,0,0
9501405,43,10,33,87,12,31,42
9503495,9,1,8,18,0,9,21
8022,15,5,10,22,0,15,67
9808375,7,3,4,7,0,7,59
9712547,2,2,0,0,0,2,6
203132,4,3,1,1,1,3,10
9507401,7,5,2,2,1,6,16
9403331,12,5,7,12,5,7,7
9308235,2,2,0,0,2,0,0
4246,5,1,4,6,0,5,16
9708252,2,1,1,1,0,2,12
9410409,6,3,3,8,0,6,7
1333,5,2,3,3,1,4,15
108221,12,2,10,24,0,12,150
9605348,6,4,2,3,5,1,4
9607342,4,3,1,1,2,2,2
5080,23,3,20,66,0,23,317
9604380,4,2,2,2,2,2,3
9709290,5,3,2,2,2,3,3
9909465,4,3,1,1,0,4,55
9410248,2,1,1,1,2,0,0
9805472,5,2,3,4,0,5,71
9705319,10,2,8,18,0,10,24
9705390,12,6,6,10,0,12,40
9410335,2,2,0,0,0,2,3
9611266,1,1,0,0,1,0,0
9204208,4,4,0,0,4,0,0
9805493,5,1,4,5,0,5,18
9503427,1,1,0,0,1,0,0
9808423,6,2,4,6,1,5,13
105154,6,2,4,6,1,5,35
9808457,2,1,1,1,0,2,9
9912213,1,1,0,0,1,0,0
210219,1,1,0,0,0,1,2
9507394,11,8,3,6,1,10,18
9604337,10,2,8,15,7,3,23
9301249,2,1,1,1,2,0,0
208196,4,4,0,0,0,4,6
9402343,1,1,0,0,1,0,0
9703342,3,2,1,1,1,2,5
9612467,1,1,0,0,0,1,1
9806275,5,2,3,4,1,4,11
9611336,3,2,1,2,0,3,8
103304,2,2,0,0,0,2,7
9407211,13,2,11,23,3,10,59
9711452,9,1,8,17,5,4,4
9608422,6,2,4,4,6,0,0
9812283,9,2,7,21,0,9,46
9903249,6,2,4,7,0,6,30
9502305,11,3,8,9,3,8,13
9709363,17,2,15,26,1,16,101
102071,18,8,10,19,1,17,66
9298,5,5,0,0,0,5,35
9803319,8,3,5,9,3,5,41
10079,10,3,7,23,1,9,109
3284,4,1,3,4,0,4,17
9804422,2,2,0,0,0,2,10
9803266,47,6,41,128,5,42,207
208202,12,3,9,11,0,12,125
9510216,5,2,3,4,0,5,7
9610448,4,1,3,5,4,0,0
9705359,1,1,0,0,0,1,3
9510206,7,2,5,6,6,1,2
9505214,1,1,0,0,1,0,0
9606308,3,2,1,1,0,3,3
9907488,8,3,5,12,0,8,44
210022,1,1,0,0,0,1,1
103061,0,0,0,0,0,0,0
9708451,1,1,0,0,0,1,1
9411217,32,1,31,133,8,24,44
9610427,4,1,3,4,0,4,18
9901436,0,0,0,0,0,0,0
9904329,2,2,0,0,0,2,18
9812253,5,2,3,7,0,5,5
9706394,15,8,7,13,2,13,15
3312,12,4,8,27,0,12,59
112209,2,2,0,0,0,2,21
9709338,2,2,0,0,2,0,0
9081,6,3,3,6,3,3,3
9806350,18,5,13,46,0,18,112
9512291,2,1,1,1,2,0,0
9403248,16,5,11,22,11,5,8
8263,4,2,2,5,0,4,38
9604400,3,3,0,0,0,3,5
210118,0,0,0,0,0,0,0
9404224,0,0,0,0,0,0,0
9912289,15,7,8,10,3,12,33
9612407,0,0,0,0,0,0,0
9705209,4,2,2,2,0,4,30
5234,11,2,9,20,0,11,137
9807268,6,4,2,2,3,3,5
9611304,5,4,1,1,1,4,17
103002,7,3,4,6,1,6,39
9609240,4,3,1,1,0,4,33
10133,2,1,1,1,0,2,32
5199,2,2,0,0,0,2,4
107301,3,3,0,0,0,3,11
103307,3,3,0,0,0,3,16
9904376,10,8,2,2,0,10,19
9609289,7,2,5,8,2,5,9
103023,11,9,2,2,2,9,46
9401297,8,5,3,6,5,3,5
12060,1,1,0,0,1,0,0
203273,6,1,5,10,0,6,32
5155,3,2,1,1,1,2,7
9808258,8,4,4,5,1,7,22
9607222,11,2,9,29,0,11,77
110269,8,6,2,2,0,8,40
9512405,4,3,1,2,2,2,2
205038,7,3,4,11,0,7,107
209020,10,3,7,19,0,10,61
9305245,5,4,1,1,5,0,0
8048,1,1,0,0,1,0,0
8157,5,5,0,0,1,4,10
9708472,8,3,5,9,1,7,11
9707490,8,4,4,6,1,7,13
9409413,9,6,3,3,9,0,0
112148,7,5,2,2,0,7,17
9412228,1,1,0,0,0,1,3
203256,3,3,0,0,0,3,8
9301274,4,2,2,3,4,0,0
9706336,3,1,2,2,3,0,0
9909313,3,3,0,0,0,3,4
9806359,1,1,0,0,0,1,10
103184,5,2,3,3,0,5,19
9601247,8,2,6,14,4,4,7
9505241,3,3,0,0,0,3,7
9805364,2,1,1,1,0,2,3
9504286,3,3,0,0,2,1,2
9302230,5,2,3,8,5,0,0
9607255,2,2,0,0,0,2,2
9412347,3,3,0,0,1,2,2
9801283,8,4,4,7,3,5,9
9508209,7,4,3,4,3,4,11
9710515,3,3,0,0,1,2,12
9409459,5,2,3,3,0,5,5
9801387,4,1,3,5,0,4,29
9505355,6,3,3,5,5,1,1
11139,1,1,0,0,0,1,4
110049,4,2,2,2,0,4,59
211292,1,1,0,0,0,1,4
210349,1,1,0,0,0,1,2
9710205,0,0,0,0,0,0,0
106223,3,3,0,0,0,3,36
3210,3,3,0,0,0,3,10
101334,5,3,2,3,0,5,55
5050,2,2,0,0,0,2,15
9602304,4,2,2,3,1,3,18
12108,7,3,4,4,0,7,50
9810549,2,1,1,1,0,2,12
9409343,2,2,0,0,2,0,0
203186,5,2,3,3,1,4,36
204089,0,0,0,0,0,0,0
9606421,5,4,1,1,0,5,24
111188,4,1,3,3,0,4,63
9905530,3,3,0,0,0,3,12
11275,9,4,5,12,0,9,67
9812309,10,7,3,3,2,8,10
110040,3,2,1,2,0,3,16
9702349,10,4,6,7,1,9,35
9411329,3,2,1,1,0,3,9
9510406,3,2,1,1,3,0,0
9307340,2,1,1,1,2,0,0
9612476,1,1,0,0,0,1,1
9159,5,3,2,3,0,5,17
9511236,4,3,1,1,1,3,11
204092,14,4,10,28,0,14,299
9304320,4,2,2,2,4,0,0
9711232,2,2,0,0,0,2,4
6295,4,1,3,6,0,4,66
9502249,3,3,0,0,1,2,2
106343,2,2,0,0,0,2,7
9911334,1,1,0,0,0,1,3
9711326,3,2,1,1,0,3,31
9904240,20,3,17,45,2,18,42
9904452,10,4,6,10,0,10,55
9701250,3,3,0,0,0,3,19
9510282,1,1,0,0,1,0,0
111137,8,2,6,16,1,7,22
9306279,0,0,0,0,0,0,0
9407333,1,1,0,0,0,1,1
9710249,2,2,0,0,2,0,0
9810543,16,4,12,28,1,15,117
109111,0,0,0,0,0,0,0
106181,5,5,0,0,1,4,33
9910406,2,2,0,0,0,2,10
9507466,5,5,0,0,4,1,3
9905302,6,4,2,3,0,6,12
9407216,7,4,3,6,7,0,0
9608303,3,2,1,1,1,2,3
9305311,2,1,1,1,2,0,0
112151,3,3,0,0,2,1,1
9910459,1,1,0,0,0,1,2
112172,4,4,0,0,0,4,39
9707286,12,2,10,36,12,0,0
211432,2,2,0,0,0,2,34
204100,1,1,0,0,0,1,9
102001,8,3,5,13,0,8,34
103149,7,5,2,3,4,3,7
9806248,5,2,3,5,1,4,8
9607263,5,1,4,7,0,5,15
9709262,4,4,0,0,0,4,28
9809284,1,1,0,0,0,1,6
9606274,6,1,5,8,0,6,82
208123,5,5,0,0,1,4,15
3071,0,0,0,0,0,0,0
9404289,5,2,3,4,5,0,0
9901366,1,1,0,0,0,1,1
110060,1,1,0,0,1,0,0
206100,3,3,0,0,0,3,3
111229,6,4,2,2,0,6,26
9410355,3,3,0,0,3,0,0
9312234,1,1,0,0,1,0,0
110313,4,3,1,1,0,4,18
12187,1,1,0,0,0,1,2
9506258,4,4,0,0,4,0,0
207258,0,0,0,0,0,0,0
202134,4,1,3,4,1,3,7
9601255,1,1,0,0,0,1,2
9807474,2,2,0,0,0,2,11
110183,2,2,0,0,0,2,13
9512381,11,3,8,18,11,0,0
9306291,6,6,0,0,6,0,0
108039,5,1,4,5,0,5,11
9309247,1,1,0,0,1,0,0
9903420,5,3,2,2,1,4,11
212092,4,1,3,4,0,4,47
9409277,2,2,0,0,2,0,0
11203,3,3,0,0,0,3,5
9510290,3,2,1,1,3,0,0
9207271,2,2,0,0,2,0,0
204303,1,1,0,0,0,1,9
205035,5,3,2,2,0,5,16
9509241,1,1,0,0,1,0,0
9809522,1,1,0,0,0,1,2
9701215,18,1,17,38,14,4,10
8150,12,2,10,28,3,9,36
9809584,0,0,0,0,0,0,0
9909439,5,3,2,2,1,4,28
9806396,2,2,0,0,0,2,8
9609293,2,2,0,0,1,1,5
9812526,6,3,3,5,0,6,11
212293,0,0,0,0,0,0,0
106175,9,1,8,30,0,9,62
209083,4,3,1,1,1,3,10
10246,6,1,5,7,1,5,12
9602240,3,3,0,0,0,3,10
9608351,6,3,3,3,0,6,13
9708307,1,1,0,0,1,0,0
9602300,5,4,1,3,0,5,7
9812394,1,1,0,0,1,0,0
11205,4,2,2,3,0,4,16
9305333,4,4,0,0,4,0,0
104192,2,1,1,1,0,2,17
9507340,6,4,2,3,2,4,6
9310293,0,0,0,0,0,0,0
9306287,2,1,1,1,2,0,0
9810306,3,3,0,0,1,2,2
9810201,2,2,0,0,0,2,3
1201,4,3,1,1,0,4,12
9606350,2,1,1,1,1,1,2
9708245,1,1,0,0,0,1,3
9906212,3,2,1,1,0,3,26
9408283,4,2,2,3,4,0,0
7330,3,2,1,1,0,3,21
109093,6,3,3,7,0,6,16
9607429,3,2,1,1,1,2,5
9904345,3,1,2,3,3,0,0
9804249,4,1,3,6,0,4,31
201309,4,1,3,3,0,4,7
9612263,0,0,0,0,0,0,0
9606270,0,0,0,0,0,0,0
9808393,4,2,2,5,0,4,41
9911351,0,0,0,0,0,0,0
9711462,2,1,1,1,1,1,3
1185,3,3,0,0,2,1,9
9710549,4,1,3,6,2,2,4
9907547,7,3,4,9,0,7,44
9408241,4,3,1,1,3,1,1
9607441,4,4,0,0,0,4,15
208081,2,1,1,1,1,1,8
9606283,2,2,0,0,2,0,0
9702262,6,1,5,9,1,5,7
112319,0,0,0,0,0,0,0
9501206,5,1,4,5,4,1,1
9711336,0,0,0,0,0,0,0
9412277,4,1,3,4,4,0,0
9803203,0,0,0,0,0,0,0
9906432,5,1,4,7,0,5,26
102056,1,1,0,0,0,1,4
11212,1,1,0,0,1,0,0
207037,2,1,1,1,0,2,8
3085,3,2,1,1,0,3,8
9604206,0,0,0,0,0,0,0
9702407,1,1,0,0,0,1,3
104181,5,3,2,2,5,0,0
9903457,2,2,0,0,1,1,4
10158,1,1,0,0,0,1,3
9710466,1,1,0,0,0,1,2
204091,5,4,1,1,0,5,40
204085,3,3,0,0,0,3,18
9303297,1,1,0,0,1,0,0
9811283,4,3,1,2,0,4,8
205306,3,2,1,1,0,3,12
9801227,0,0,0,0,0,0,0
9808349,4,2,2,3,0,4,17
107288,2,2,0,0,2,0,0
9709298,0,0,0,0,0,0,0
9710282,0,0,0,0,0,0,0
104154,12,5,7,8,1,11,13
109210,3,3,0,0,0,3,3
9910539,4,2,2,2,0,4,28
9809268,1,1,0,0,1,0,0
112358,0,0,0,0,0,0,0
9804417,3,2,1,1,0,3,8
9901330,2,2,0,0,0,2,13
105055,1,1,0,0,0,1,2
202002,0,0,0,0,0,0,0
9309261,8,5,3,5,8,0,0
9904226,5,3,2,3,0,5,18
9511467,1,1,0,0,1,0,0
301011,1,1,0,0,0,1,5
9402356,0,0,0,0,0,0,0
209057,0,0,0,0,0,0,0
9512430,3,1,2,3,0,3,3
9199,2,2,0,0,0,2,12
209267,0,0,0,0,0,0,0
203055,2,1,1,1,0,2,10
9606286,1,1,0,0,0,1,1
10248,4,2,2,3,0,4,19
9711393,4,2,2,3,1,3,4
109014,2,1,1,1,2,0,0
9804345,7,2,5,14,0,7,7
107225,4,2,2,2,0,4,11
202099,0,0,0,0,0,0,0
9808406,2,2,0,0,0,2,3
6358,2,2,0,0,0,2,6
9709263,0,0,0,0,0,0,0
9903429,3,1,2,3,0,3,8
102059,0,0,0,0,0,0,0
111367,1,1,0,0,0,1,2
9808483,1,1,0,0,1,0,0
9606326,2,2,0,0,1,1,1
9704248,4,4,0,0,4,0,0
9409456,4,4,0,0,0,4,8
9906299,6,4,2,2,4,2,2
12307,1,1,0,0,0,1,1
9503370,0,0,0,0,0,0,0
9809323,1,1,0,0,0,1,3
101292,5,1,4,7,0,5,50
9711274,2,2,0,0,1,1,1
9611271,2,1,1,1,2,0,0
9805426,1,1,0,0,1,0,0
9708413,6,2,4,8,0,6,13
211328,0,0,0,0,0,0,0
209006,4,2,2,2,0,4,84
9804452,6,4,2,2,6,0,0
9901402,2,2,0,0,0,2,8
9709331,0,0,0,0,0,0,0
4051,9,3,6,14,4,5,13
207343,3,2,1,1,0,3,3
212381,0,0,0,0,0,0,0
9804248,4,2,2,4,1,3,5
9209286,2,1,1,1,2,0,0
211091,0,0,0,0,0,0,0
9810287,0,0,0,0,0,0,0
205010,2,2,0,0,0,2,11
9801286,1,1,0,0,0,1,1
202196,0,0,0,0,0,0,0
8093,2,2,0,0,0,2,15
9909401,4,1,3,5,0,4,26
1292,5,4,1,1,0,5,18
9710490,1,1,0,0,1,0,0
9807279,5,2,3,6,0,5,17
9804325,1,1,0,0,0,1,4
9901268,0,0,0,0,0,0,0
104272,0,0,0,0,0,0,0
9404265,1,1,0,0,1,0,0
6242,0,0,0,0,0,0,0
104084,2,2,0,0,1,1,3
207196,4,3,1,1,0,4,20
9606368,7,6,1,1,4,3,3
9812438,0,0,0,0,0,0,0
111434,3,3,0,0,1,2,3
109267,2,2,0,0,1,1,10
9507358,6,3,3,4,4,2,2
209199,1,1,0,0,0,1,2
6151,0,0,0,0,0,0,0
9806495,2,1,1,1,2,0,0
9503482,0,0,0,0,0,0,0
9206249,5,5,0,0,5,0,0
9801325,1,1,0,0,0,1,4
107091,1,1,0,0,0,1,3
9502361,3,3,0,0,0,3,3
9810349,5,2,3,5,0,5,9
9507205,1,1,0,0,0,1,1
9809395,0,0,0,0,0,0,0
9412296,0,0,0,0,0,0,0
9907366,2,2,0,0,1,1,10
11129,1,1,0,0,0,1,1
112178,2,2,0,0,0,2,3
9911268,1,1,0,0,0,1,2
9512377,5,2,3,3,4,1,1
108243,7,2,5,14,0,7,24
9712474,2,2,0,0,0,2,4
206221,5,1,4,9,0,5,66
9709428,4,2,2,3,0,4,4
8275,0,0,0,0,0,0,0
9702269,0,0,0,0,0,0,0
9711407,0,0,0,0,0,0,0
9704284,0,0,0,0,0,0,0
102006,3,3,0,0,0,3,7
9304214,6,3,3,4,5,1,1
7269,9,1,8,27,7,2,7
9610284,1,1,0,0,1,0,0
105233,7,4,3,3,0,7,115
9503298,0,0,0,0,0,0,0
207359,3,3,0,0,1,2,10
6125,4,4,0,0,0,4,14
9702396,1,1,0,0,0,1,2
9708433,0,0,0,0,0,0,0
9705203,3,2,1,1,0,3,9
207370,1,1,0,0,0,1,15
9509227,6,3,3,4,6,0,0
206276,1,1,0,0,0,1,7
103097,1,1,0,0,0,1,10
9705468,1,1,0,0,0,1,1
302240,0,0,0,0,0,0,0
209038,3,1,2,2,0,3,27
9810224,1,1,0,0,0,1,12
108044,1,1,0,0,1,0,0
3229,0,0,0,0,0,0,0
206263,3,3,0,0,1,2,2
301205,0,0,0,0,0,0,0
9810463,2,2,0,0,0,2,4
9901425,0,0,0,0,0,0,0
9910548,0,0,0,0,0,0,0
9511425,0,0,0,0,0,0,0
9905314,1,1,0,0,0,1,1
103297,2,1,1,1,0,2,5
301072,5,4,1,1,0,5,51
301090,0,0,0,0,0,0,0
208052,0,0,0,0,0,0,0
212109,1,1,0,0,0,1,8
6264,2,2,0,0,1,1,3
107077,1,1,0,0,0,1,2
7204,0,0,0,0,0,0,0
9901344,3,3,0,0,0,3,10
9710320,0,0,0,0,0,0,0
9709472,0,0,0,0,0,0,0
301122,0,0,0,0,0,0,0
9704302,0,0,0,0,0,0,0
208066,1,1,0,0,0,1,4
9906372,0,0,0,0,0,0,0
112023,3,2,1,1,0,3,28
104049,10,3,7,11,1,9,49
106309,2,1,1,1,0,2,3
8123,3,2,1,1,0,3,10
9606299,1,1,0,0,0,1,4
111038,0,0,0,0,0,0,0
9812537,0,0,0,0,0,0,0
6061,2,1,1,1,2,0,0
205154,0,0,0,0,0,0,0
9701326,1,1,0,0,1,0,0
9504264,2,2,0,0,2,0,0
9604426,0,0,0,0,0,0,0
9905317,1,1,0,0,1,0,0
9811432,0,0,0,0,0,0,0
9612224,0,0,0,0,0,0,0
111055,0,0,0,0,0,0,0
109098,0,0,0,0,0,0,0
108124,1,1,0,0,0,1,8
9807240,3,3,0,0,1,2,2
9906405,0,0,0,0,0,0,0
111346,1,1,0,0,0,1,3
103029,2,2,0,0,0,2,8
9906436,0,0,0,0,0,0,0
204251,1,1,0,0,0,1,3
6052,0,0,0,0,0,0,0
211136,1,1,0,0,0,1,9
205183,2,1,1,1,0,2,4
210310,1,1,0,0,0,1,10
10264,1,1,0,0,0,1,3
208107,0,0,0,0,0,0,0
5243,0,0,0,0,0,0,0
11249,0,0,0,0,0,0,0
9910377,1,1,0,0,0,1,1
9902212,1,1,0,0,0,1,2
112154,2,2,0,0,0,2,14
212223,1,1,0,0,1,0,0
201155,2,1,1,1,0,2,14
301146,0,0,0,0,0,0,0
211027,1,1,0,0,0,1,2
9712317,0,0,0,0,0,0,0
7163,3,2,1,1,0,3,44
9711511,0,0,0,0,0,0,0
9903231,0,0,0,0,0,0,0
9710483,2,1,1,1,2,0,0
9601221,4,2,2,3,4,0,0
204068,1,1,0,0,0,1,43
202045,1,1,0,0,0,1,1
9604361,0,0,0,0,0,0,0
9908359,0,0,0,0,0,0,0
9502212,0,0,0,0,0,0,0
204033,0,0,0,0,0,0,0
3041,1,1,0,0,1,0,0
9308314,0,0,0,0,0,0,0
207147,0,0,0,0,0,0,0
102171,2,2,0,0,2,0,0
8011,0,0,0,0,0,0,0
202168,2,2,0,0,1,1,7
9905476,0,0,0,0,0,0,0
208035,2,2,0,0,0,2,7
9905333,0,0,0,0,0,0,0
9810377,0,0,0,0,0,0,0
108230,0,0,0,0,0,0,0
9606285,0,0,0,0,0,0,0
105059,1,1,0,0,0,1,6
9710435,0,0,0,0,0,0,0
9908266,1,1,0,0,0,1,4
210295,0,0,0,0,0,0,0
112090,1,1,0,0,0,1,7
208186,0,0,0,0,0,0,0
103134,0,0,0,0,0,0,0
9905201,0,0,0,0,0,0,0
111426,0,0,0,0,0,0,0
9812462,0,0,0,0,0,0,0
9810226,0,0,0,0,0,0,0
9804440,0,0,0,0,0,0,0
212252,1,1,0,0,0,1,7
9707544,0,0,0,0,0,0,0
9912256,1,1,0,0,1,0,0
302249,0,0,0,0,0,0,0
9907230,0,0,0,0,0,0,0
9905556,0,0,0,0,0,0,0
9801396,1,1,0,0,1,0,0
207105,0,0,0,0,0,0,0
6214,0,0,0,0,0,0,0
9709217,0,0,0,0,0,0,0
206253,2,2,0,0,0,2,10
9609312,0,0,0,0,0,0,0
208152,3,2,1,1,0,3,21
1052,1,1,0,0,0,1,2
9610256,0,0,0,0,0,0,0
210273,0,0,0,0,0,0,0
204096,0,0,0,0,0,0,0
10019,2,2,0,0,1,1,2
105264,0,0,0,0,0,0,0
9608285,0,0,0,0,0,0,0
9912300,0,0,0,0,0,0,0
9609228,1,1,0,0,0,1,1
9907403,0,0,0,0,0,0,0
9408400,0,0,0,0,0,0,0
9810248,1,1,0,0,1,0,0
9301208,1,1,0,0,1,0,0
112002,0,0,0,0,0,0,0
9305259,0,0,0,0,0,0,0
107193,0,0,0,0,0,0,0
7271,1,1,0,0,1,0,0
9911412,0,0,0,0,0,0,0
9213,0,0,0,0,0,0,0
5195,0,0,0,0,0,0,0
201041,0,0,0,0,0,0,0
9912533,2,2,0,0,2,0,0
101238,0,0,0,0,0,0,0
204252,0,0,0,0,0,0,0
302011,0,0,0,0,0,0,0
212246,0,0,0,0,0,0,0
9501235,0,0,0,0,0,0,0
302189,0,0,0,0,0,0,0
9703376,1,1,0,0,1,0,0
101177,1,1,0,0,0,1,6
212079,0,0,0,0,0,0,0
212052,0,0,0,0,0,0,0
9811439,0,0,0,0,0,0,0
212002,1,1,0,0,0,1,10
203077,0,0,0,0,0,0,0
201178,1,1,0,0,0,1,2
1165,0,0,0,0,0,0,0
9904224,0,0,0,0,0,0,0
1197,0,0,0,0,0,0,0
301180,0,0,0,0,0,0,0
209096,0,0,0,0,0,0,0
208074,1,1,0,0,0,1,1
9806454,1,1,0,0,0,1,3
301169,0,0,0,0,0,0,0
9812405,0,0,0,0,0,0,0
107202,3,3,0,0,0,3,36
9603254,0,0,0,0,0,0,0
9912347,0,0,0,0,0,0,0
7057,0,0,0,0,0,0,0
302042,0,0,0,0,0,0,0
9402357,1,1,0,0,1,0,0
8027,0,0,0,0,0,0,0
9309226,0,0,0,0,0,0,0
3243,0,0,0,0,0,0,0
9250,0,0,0,0,0,0,0
9810481,0,0,0,0,0,0,0
9123,0,0,0,0,0,0,0
210040,0,0,0,0,0,0,0
9609278,1,1,0,0,0,1,4
207323,1,1,0,0,0,1,2
207216,0,0,0,0,0,0,0
9901452,0,0,0,0,0,0,0
208002,0,0,0,0,0,0,0
9702271,0,0,0,0,0,0,0
207132,0,0,0,0,0,0,0
209275,1,1,0,0,0,1,4
107033,1,1,0,0,0,1,2
9709368,0,0,0,0,0,0,0
302053,0,0,0,0,0,0,0
9903514,0,0,0,0,0,0,0
9605453,0,0,0,0,0,0,0
112097,0,0,0,0,0,0,0
201163,0,0,0,0,0,0,0
209088,0,0,0,0,0,0,0
9706254,0,0,0,0,0,0,0
9809534,0,0,0,0,0,0,0
109229,0,0,0,0,0,0,0
107321,1,1,0,0,0,1,2
9407377,0,0,0,0,0,0,0
9711341,1,1,0,0,0,1,2
104093,0,0,0,0,0,0,0
103276,0,0,0,0,0,0,0
9605352,0,0,0,0,0,0,0
209211,0,0,0,0,0,0,0
9906553,0,0,0,0,0,0,0
9902376,1,1,0,0,0,1,6
9402345,0,0,0,0,0,0,0
9710360,0,0,0,0,0,0,0
9812315,0,0,0,0,0,0,0
9407276,0,0,0,0,0,0,0
9906472,0,0,0,0,0,0,0
9510239,0,0,0,0,0,0,0
211354,1,1,0,0,0,1,4
9333,0,0,0,0,0,0,0
9902331,0,0,0,0,0,0,0
112256,0,0,0,0,0,0,0
9905513,0,0,0,0,0,0,0
9906388,0,0,0,0,0,0,0
9904372,0,0,0,0,0,0,0
9901259,0,0,0,0,0,0,0
9808267,0,0,0,0,0,0,0
109216,0,0,0,0,0,0,0
110009,1,1,0,0,0,1,4
107293,0,0,0,0,0,0,0
301142,0,0,0,0,0,0,0
210056,0,0,0,0,0,0,0
9710260,0,0,0,0,0,0,0
101120,0,0,0,0,0,0,0
9802203,0,0,0,0,0,0,0
205175,1,1,0,0,0,1,2
5095,0,0,0,0,0,0,0
302058,1,1,0,0,1,0,0
9604307,0,0,0,0,0,0,0
9612295,0,0,0,0,0,0,0
9905553,1,1,0,0,0,1,1
9708475,0,0,0,0,0,0,0
101073,0,0,0,0,0,0,0
207019,0,0,0,0,0,0,0
9501234,0,0,0,0,0,0,0
9804457,0,0,0,0,0,0,0
301236,0,0,0,0,0,0,0
205119,0,0,0,0,0,0,0
9110,0,0,0,0,0,0,0
9912348,0,0,0,0,0,0,0
9604389,0,0,0,0,0,0,0
9503237,0,0,0,0,0,0,0
9412262,0,0,0,0,0,0,0
204003,0,0,0,0,0,0,0
9811389,0,0,0,0,0,0,0
9405269,0,0,0,0,0,0,0
209362,0,0,0,0,0,0,0
9806362,0,0,0,0,0,0,0
302045,0,0,0,0,0,0,0
9805359,0,0,0,0,0,0,0
110044,0,0,0,0,0,0,0
9412387,0,0,0,0,0,0,0
212170,0,0,0,0,0,0,0
211055,0,0,0,0,0,0,0
211013,0,0,0,0,0,0,0
201269,0,0,0,0,0,0,0
110373,0,0,0,0,0,0,0
9503474,11,4,7,14,6,5,6
9712252,13,5,8,21,6,7,14
8009,31,2,29,143,4,27,117
9712225,122,10,112,954,3,119,556
9306320,344,61,283,1319,214,130,260
9408213,106,9,97,766,67,39,54
6280,10,4,6,14,0,10,86
9907243,19,5,14,56,1,18,95
9904408,85,9,76,591,5,80,700
9512225,67,12,55,187,4,63,176
106344,3,3,0,0,1,2,9
9501212,16,5,11,22,9,7,8
9705442,185,49,136,433,125,60,142
9158,19,9,10,22,6,13,28
9811350,235,9,226,2502,2,233,1168
9405277,50,11,39,216,44,6,8
9609279,65,11,54,187,24,41,98
9709275,3,1,2,3,0,3,21
9812387,11,4,7,9,2,9,44
9207267,7,4,3,5,7,0,0
9206225,31,8,23,37,31,0,0
9602221,63,9,54,261,0,63,274
9811357,24,5,19,38,0,24,133
9304230,22,4,18,36,22,0,0
9507294,82,15,67,316,45,37,54
9807465,18,7,11,27,5,13,32
3170,15,6,9,10,2,13,48
202001,8,7,1,1,4,4,22
9412360,15,5,10,15,15,0,0
9603434,1,1,0,0,0,1,1
9403250,28,6,22,68,8,20,34
9602436,15,4,11,14,3,12,79
9302288,40,10,30,89,18,22,22
9407248,39,5,34,103,11,28,48
9501334,93,13,80,566,26,67,70
9512300,16,3,13,31,8,8,14
9706281,57,3,54,411,0,57,209
9808367,28,12,16,36,20,8,19
9505402,35,2,33,215,10,25,92
9411274,31,5,26,59,17,14,31
9909469,57,4,53,417,4,53,381
9808269,27,2,25,94,2,25,96
9907452,10,2,8,18,0,10,37
9703465,61,8,53,250,13,48,107
9411390,6,1,5,10,0,6,6
9806339,16,2,14,64,12,4,7
9804421,49,8,41,197,2,47,417
9602216,52,3,49,226,7,45,182
9901215,26,6,20,47,18,8,11
9602295,12,2,10,41,8,4,4
9808307,13,5,8,11,7,6,18
9903203,13,3,10,31,0,13,141
9501361,40,11,29,74,15,25,46
9605448,9,4,5,8,3,6,6
9610517,14,5,9,23,0,14,65
9712201,77,28,49,134,72,5,7
9603222,6,6,0,0,3,3,6
9601208,5,5,0,0,1,4,66
9506325,26,3,23,96,4,22,22
9308365,32,10,22,51,18,14,14
9303270,133,21,112,676,133,0,0
9604343,20,8,12,16,1,19,68
9608415,22,8,14,26,3,19,54
9705287,40,5,35,151,2,38,400
7319,15,3,12,26,0,15,209
9806471,137,28,109,547,8,129,1344
9701231,65,9,56,298,5,60,240
9804330,4,3,1,1,0,4,7
9707336,12,3,9,24,11,1,1
9810482,34,2,32,118,0,34,427
9504324,44,18,26,65,7,37,218
9612261,28,9,19,53,5,23,113
9706307,30,7,23,72,0,30,297
9702337,14,2,12,27,0,14,29
9504424,17,5,12,33,2,15,54
9807496,16,4,12,20,0,16,47
106067,62,5,57,156,1,61,385
9811239,24,6,18,51,1,23,209
9609512,58,9,49,276,5,53,165
9701238,65,11,54,192,8,57,207
10312,12,6,6,6,1,11,22
9908371,57,8,49,165,2,55,406
9907549,11,5,6,11,3,8,22
9506291,17,4,13,21,17,0,0
9510229,1,1,0,0,1,0,0
9702244,36,2,34,206,1,35,270
9505352,43,7,36,145,7,36,67
9704268,20,6,14,37,1,19,120
9804223,10,3,7,22,10,0,0
9603307,24,4,20,136,3,21,38
9506477,84,8,76,654,11,73,425
9602299,53,5,48,340,15,38,80
9805476,4,1,3,3,0,4,18
9503494,9,2,7,15,8,1,1
9602277,87,6,81,435,40,47,77
9702424,27,5,22,101,1,26,223
9911414,37,4,33,169,0,37,490
9705278,11,4,7,16,1,10,16
9711309,23,4,19,78,1,22,121
9311290,54,10,44,152,48,6,6
9310298,13,7,6,8,8,5,5
9911516,15,4,11,30,0,15,50
9703359,19,1,18,78,3,16,48
9909435,22,4,18,59,0,22,167
9206246,38,7,31,134,38,0,0
9403356,3,1,2,2,0,3,5
9711483,11,4,7,26,0,11,47
9711287,78,7,71,649,18,60,145
9410293,26,9,17,68,5,21,74
9810427,9,5,4,6,1,8,57
9603287,8,3,5,8,0,8,10
9708486,4,2,2,2,0,4,31
9909350,2,1,1,1,2,0,0
9506451,145,18,127,637,107,38,39
9812421,8,3,5,6,1,7,34
9507380,82,5,77,426,12,70,230
9804338,7,4,3,5,1,6,18
9906369,1,1,0,0,0,1,8
9402361,7,2,5,5,0,7,7
9403403,45,6,39,135,10,35,52
9903307,11,9,2,4,3,8,18
9411358,6,5,1,1,3,3,3
9904353,109,14,95,866,2,107,731
9706274,28,6,22,82,0,28,147
9712506,16,5,11,30,0,16,104
9410404,155,61,94,298,116,39,50
9604313,51,1,50,305,20,31,141
9806467,55,4,51,314,7,48,243
9905551,15,2,13,31,0,15,49
9512281,26,6,20,72,18,8,9
9501313,11,6,5,13,4,7,17
101025,21,3,18,43,0,21,190
9910550,43,2,41,321,0,43,769
9209262,42,16,26,94,25,17,20
9506332,16,2,14,33,0,16,33
9802284,14,1,13,38,2,12,23
9172,2,2,0,0,0,2,33
107265,28,3,25,73,0,28,184
204222,2,1,1,1,1,1,1
9512363,17,3,14,30,2,15,60
9607418,13,4,9,22,1,12,70
9311222,92,24,68,290,37,55,108
9603310,37,10,27,69,2,35,162
9707434,7,2,5,6,7,0,0
9511350,14,7,7,13,2,12,20
8058,26,3,23,70,0,26,67
9503402,9,6,3,6,9,0,0
9710329,5,1,4,6,0,5,20
9312250,4,3,1,1,4,0,0
9406385,68,18,50,228,19,49,49
9403307,39,14,25,90,11,28,98
9605313,16,5,11,23,1,15,15
9505251,40,1,39,237,7,33,49
9701398,30,8,22,55,4,26,108
9912476,8,2,6,19,0,8,93
9901358,38,7,31,185,1,37,86
9904292,28,3,25,79,4,24,56
9904219,36,1,35,204,1,35,123
9802382,9,1,8,17,9,0,0
9308251,2,1,1,1,0,2,4
9805447,10,1,9,17,0,10,40
9411301,54,2,52,178,54,0,0
9503356,63,13,50,133,36,27,78
9505238,14,8,6,18,3,11,85
9705447,9,5,4,5,1,8,24
104267,12,1,11,22,1,11,29
11096,11,6,5,7,0,11,33
9207225,14,1,13,33,14,0,0
9507366,36,12,24,65,6,30,65
9405313,36,17,19,59,15,21,32
2063,36,2,34,143,2,34,105
9906446,17,5,12,23,0,17,93
9609428,33,9,24,88,1,32,53
9907516,22,9,13,24,3,19,172
102146,128,4,124,1536,39,89,310
101020,12,2,10,19,0,12,62
9703293,7,4,3,3,1,6,13
9208213,197,17,180,1331,197,0,0
9802441,43,7,36,163,2,41,164
9303231,16,7,9,18,12,4,5
103034,18,3,15,62,2,16,128
202076,18,5,13,32,0,18,251
9504364,39,16,23,43,5,34,97
9609300,2,2,0,0,0,2,11
11245,23,10,13,45,0,23,132
9906456,10,5,5,14,0,10,246
9605379,11,2,9,16,11,0,0
8086,9,2,7,13,2,7,23
9905214,91,7,84,673,0,91,953
9707448,15,3,12,45,1,14,36
9801268,43,2,41,265,4,39,175
9909271,8,3,5,8,1,7,21
9806522,5,2,3,3,4,1,1
3022,32,8,24,77,0,32,313
9511272,24,8,16,37,19,5,6
9602315,12,3,9,12,8,4,7
9404228,16,4,12,38,0,16,30
8144,24,1,23,87,0,24,258
6190,5,5,0,0,1,4,63
9907223,5,3,2,2,0,5,32
6233,23,10,13,32,1,22,227
9903246,42,4,38,167,4,38,341
102201,38,8,30,179,0,38,657
209100,12,2,10,14,2,10,53
9602417,17,5,12,28,16,1,1
112191,5,5,0,0,2,3,20
210369,2,1,1,1,0,2,17
109085,26,2,24,164,0,26,158
5286,20,2,18,80,0,20,135
9711405,14,5,9,22,1,13,47
9402332,20,5,15,37,14,6,6
111027,12,8,4,5,0,12,73
4214,14,6,8,12,0,14,59
9911421,21,9,12,22,8,13,27
6251,16,3,13,41,4,12,52
9802267,30,2,28,111,0,30,197
9608233,19,4,15,38,0,19,149
9902423,49,6,43,303,25,24,43
3219,81,13,68,414,6,75,429
9912397,3,3,0,0,0,3,8
9601269,9,2,7,11,1,8,21
102319,10,4,6,16,0,10,39
9909317,2,2,0,0,1,1,2
9908435,13,3,10,14,1,12,42
4010,18,5,13,29,2,16,123
12204,8,6,2,2,1,7,32
9904271,7,2,5,7,2,5,22
9507419,4,1,3,3,0,4,4
9710226,1,1,0,0,1,0,0
6321,29,2,27,142,0,29,202
9605327,18,1,17,80,0,18,104
9608433,27,10,17,40,0,27,238
9609415,5,1,4,6,1,4,14
9608294,12,2,10,19,0,12,43
9503337,6,3,3,7,5,1,1
9609487,27,4,23,67,1,26,44
5052,2,1,1,1,0,2,3
9411285,37,6,31,139,37,0,0
9510207,20,4,16,36,4,16,36
9410415,17,7,10,38,1,16,16
9909502,12,2,10,27,0,12,20
9912308,6,2,4,6,0,6,40
9903435,30,3,27,113,0,30,166
9503437,17,7,10,14,9,8,9
9805288,9,6,3,4,2,7,8
9609498,13,2,11,29,11,2,2
9806255,28,7,21,45,5,23,50
9409289,9,3,6,11,9,0,0
1295,14,3,11,23,3,11,63
1312,36,7,29,80,12,24,195
9905387,26,8,18,40,3,23,96
9906398,3,3,0,0,3,0,0
9701275,9,3,6,10,8,1,1
104198,12,3,9,17,0,12,100
109160,8,8,0,0,1,7,32
9304233,6,1,5,9,6,0,0
9611401,8,3,5,7,1,7,15
9707478,12,3,9,13,5,7,21
9706511,45,3,42,130,3,42,162
9401356,22,9,13,36,21,1,1
9510254,12,2,10,33,1,11,28
9603350,25,12,13,21,7,18,72
9605417,8,1,7,15,2,6,8
9603360,5,3,2,3,3,2,2
9703280,17,4,13,34,0,17,141
9511410,1,1,0,0,0,1,8
9802366,8,2,6,12,3,5,6
9701378,9,3,6,11,0,9,37
9606246,14,8,6,11,7,7,15
9707257,2,2,0,0,0,2,3
9811257,7,3,4,9,1,6,25
9809500,8,3,5,7,0,8,70
9606335,3,3,0,0,1,2,3
9411211,90,4,86,844,59,31,37
9702423,17,1,16,73,0,17,165
9403310,30,11,19,33,2,28,56
9508352,7,1,6,9,2,5,18
9305222,13,7,6,11,0,13,26
9610293,30,9,21,53,0,30,78
9601318,1,1,0,0,1,0,0
108166,10,3,7,12,2,8,26
9905327,1,1,0,0,0,1,3
101231,6,3,3,3,1,5,25
9909514,13,5,8,9,3,10,31
9702369,1,1,0,0,0,1,1
9907393,7,2,5,17,5,2,2
9409281,36,8,28,56,16,20,23
9806210,10,3,7,14,0,10,14
1334,6,5,1,2,1,5,43
104240,1,1,0,0,0,1,1
9812353,2,1,1,1,0,2,4
9603316,6,5,1,1,4,2,3
9602247,1,1,0,0,1,0,0
9507255,6,5,1,1,2,4,4
9910332,9,6,3,4,1,8,23
9309215,4,1,3,6,4,0,0
9503223,12,4,8,14,7,5,10
9709498,6,4,2,3,2,4,5
9209210,8,7,1,1,8,0,0
9804351,10,1,9,14,0,10,36
209039,0,0,0,0,0,0,0
9307238,7,2,5,6,7,0,0
9209260,11,6,5,10,11,0,0
9311368,14,6,8,21,14,0,0
9911489,10,1,9,27,0,10,76
9804297,6,4,2,2,1,5,7
9703239,9,4,5,7,0,9,83
9812314,1,1,0,0,0,1,4
3118,9,5,4,8,0,9,49
9907333,29,7,22,60,1,28,144
9909259,7,4,3,4,0,7,47
9510460,5,1,4,5,0,5,11
9309217,10,6,4,10,10,0,0
9610232,6,2,4,7,0,6,11
4139,24,2,22,75,1,23,59
9609201,3,1,2,2,0,3,3
9711414,22,6,16,58,2,20,47
9905475,19,4,15,29,2,17,38
9506205,6,2,4,4,3,3,6
12002,9,1,8,17,3,6,23
9305332,19,5,14,29,19,0,0
9412398,11,5,6,12,1,10,46
10233,2,2,0,0,0,2,5
9606398,24,7,17,38,11,13,27
9707456,6,4,2,2,4,2,6
9710418,5,1,4,10,0,5,18
9503244,2,2,0,0,1,1,1
6081,3,3,0,0,0,3,11
9608281,11,1,10,38,0,11,40
9806336,33,4,29,91,1,32,106
9507347,3,3,0,0,3,0,0
9910216,1,1,0,0,0,1,2
9703210,26,3,23,84,8,18,18
201298,3,3,0,0,0,3,11
209166,0,0,0,0,0,0,0
9311235,1,1,0,0,1,0,0
9509267,8,4,4,4,3,5,11
9401291,26,10,16,27,6,20,39
203009,4,2,2,3,0,4,14
9608344,5,1,4,5,0,5,9
9406252,24,7,17,48,24,0,0
9503222,6,3,3,5,6,0,0
8328,3,2,1,1,0,3,42
108123,1,1,0,0,1,0,0
9406250,7,4,3,5,0,7,13
9507280,14,6,8,14,4,10,24
9608462,4,2,2,4,4,0,0
9606297,15,4,11,35,5,10,10
9712228,31,7,24,70,9,22,47
9609323,15,1,14,40,0,15,71
105089,8,5,3,7,0,8,67
201089,9,4,5,7,0,9,32
103004,0,0,0,0,0,0,0
9807498,1,1,0,0,0,1,3
9906435,5,4,1,1,0,5,42
107241,3,2,1,1,0,3,12
106023,6,3,3,6,1,5,33
103223,12,3,9,31,1,11,173
9407223,11,5,6,9,11,0,0
9603340,22,6,16,47,1,21,63
201133,2,1,1,1,0,2,11
9508278,7,3,4,11,2,5,6
9703285,18,4,14,55,17,1,2
108115,10,7,3,5,1,9,30
9307367,1,1,0,0,1,0,0
9401329,8,6,2,3,8,0,0
212127,25,9,16,50,7,18,74
9902325,5,1,4,8,0,5,11
9905424,5,3,2,2,0,5,9
9709458,2,1,1,1,0,2,4
9806360,10,3,7,11,3,7,23
3177,14,3,11,27,1,13,57
9412235,37,7,30,109,25,12,18
209131,11,6,5,5,5,6,28
201052,11,1,10,23,0,11,76
10088,7,3,4,7,0,7,47
9608477,18,6,12,28,1,17,29
206162,44,8,36,103,1,43,253
9806223,14,4,10,18,1,13,83
102323,46,6,40,273,0,46,237
9606414,3,3,0,0,1,2,7
7083,8,2,6,11,0,8,35
9912551,11,7,4,4,0,11,42
104035,16,5,11,32,3,13,36
109027,5,3,2,4,0,5,13
9906271,5,3,2,2,1,4,6
9401320,7,3,4,6,7,0,0
206055,4,3,1,1,0,4,36
9701218,11,5,6,14,0,11,29
9707369,2,1,1,1,0,2,4
9711492,1,1,0,0,0,1,1
9610310,8,1,7,10,1,7,10
9706411,13,2,11,27,0,13,13
9706450,32,1,31,140,2,30,129
9510344,4,4,0,0,4,0,0
9401307,2,2,0,0,1,1,1
9507407,9,7,2,4,1,8,16
9507452,10,2,8,17,0,10,40
101249,7,3,4,8,0,7,123
9902426,2,2,0,0,0,2,12
9812340,3,3,0,0,1,2,8
203224,4,2,2,2,0,4,20
9611463,17,3,14,31,4,13,37
9811307,6,3,3,3,1,5,19
9307257,1,1,0,0,0,1,2
9131,12,4,8,9,4,8,28
9709448,2,2,0,0,0,2,7
9603313,13,5,8,22,3,10,30
103045,5,2,3,3,0,5,33
112030,12,5,7,20,0,12,148
12175,7,3,4,5,3,4,8
9504257,2,2,0,0,2,0,0
5262,18,4,14,30,0,18,135
9302255,7,5,2,2,6,1,1
6015,13,5,8,17,8,5,8
9910336,6,5,1,1,4,2,11
9709423,2,2,0,0,1,1,13
205129,0,0,0,0,0,0,0
9806462,32,7,25,69,2,30,116
9706484,5,3,2,2,1,4,14
9810295,2,2,0,0,0,2,9
9701293,5,1,4,4,1,4,14
9501282,14,10,4,5,10,4,9
9809251,6,3,3,4,0,6,29
9408223,10,7,3,4,6,4,7
9907518,9,8,1,1,1,8,21
202018,8,3,5,10,0,8,76
9810246,1,1,0,0,0,1,2
9803345,11,5,6,8,6,5,5
9301256,2,2,0,0,2,0,0
9712469,32,13,19,38,1,31,173
9604429,9,1,8,12,2,7,7
9412298,1,1,0,0,1,0,0
209200,3,1,2,2,0,3,7
9211225,5,5,0,0,5,0,0
206003,6,5,1,1,4,2,4
9412222,6,2,4,7,6,0,0
9506282,2,1,1,1,2,0,0
9611442,4,4,0,0,4,0,0
4038,4,2,2,4,0,4,14
9411434,4,1,3,6,0,4,12
9712526,5,3,2,2,5,0,0
9702332,1,1,0,0,0,1,1
9904481,6,4,2,2,1,5,8
9709389,4,1,3,4,0,4,4
9610326,16,4,12,16,0,16,31
9907467,3,3,0,0,1,2,8
108241,4,1,3,4,0,4,26
9805490,2,1,1,1,1,1,3
9901398,1,1,0,0,1,0,0
9912210,13,3,10,24,3,10,89
7010,8,5,3,3,0,8,64
9805407,6,4,2,2,0,6,28
9805440,3,3,0,0,0,3,15
9503341,1,1,0,0,0,1,3
9510392,2,1,1,1,0,2,4
9611201,2,2,0,0,0,2,4
9807312,4,3,1,1,0,4,16
9801221,7,3,4,5,5,2,2
9212219,7,7,0,0,2,5,5
9404264,2,2,0,0,2,0,0
9402303,4,2,2,2,0,4,6
110147,1,1,0,0,0,1,5
9039,6,3,3,3,0,6,36
4235,18,4,14,45,5,13,44
9601212,4,3,1,1,1,3,3
9608470,13,7,6,9,0,13,50
107280,2,2,0,0,1,1,2
9905267,2,2,0,0,1,1,13
9903490,7,3,4,4,1,6,23
9709325,8,4,4,11,2,6,15
102174,6,3,3,6,0,6,73
202211,1,1,0,0,0,1,6
9903353,2,2,0,0,0,2,5
101030,8,6,2,3,2,6,24
9601215,8,1,7,15,8,0,0
9701374,7,4,3,5,0,7,19
9407370,5,3,2,4,0,5,5
9083,4,4,0,0,2,2,11
9608354,2,2,0,0,0,2,8
101086,9,3,6,11,0,9,92
9310266,3,3,0,0,1,2,2
9912379,25,4,21,75,1,24,186
9604245,2,2,0,0,2,0,0
9705214,4,3,1,1,3,1,2
9908373,2,2,0,0,0,2,25
9811349,12,3,9,21,0,12,88
9212234,1,1,0,0,1,0,0
9904475,5,4,1,1,0,5,30
9403273,9,6,3,3,0,9,13
5013,6,1,5,11,0,6,31
9811431,2,2,0,0,1,1,4
108092,27,9,18,55,1,26,303
104308,2,1,1,1,0,2,19
9906423,18,10,8,12,4,14,21
9706419,13,3,10,22,7,6,11
201273,16,2,14,22,1,15,67
9801385,6,5,1,1,4,2,8
5197,16,6,10,31,11,5,14
204008,7,2,5,6,3,4,5
12297,4,3,1,1,1,3,14
9809450,5,3,2,2,0,5,17
9906426,2,2,0,0,2,0,0
2300,20,8,12,18,8,12,23
9704404,8,5,3,3,8,0,0
205228,20,4,16,27,0,20,106
6185,5,2,3,6,0,5,14
9310375,1,1,0,0,0,1,1
9807383,6,1,5,9,3,3,5
105238,2,2,0,0,1,1,4
9606406,9,6,3,4,1,8,19
107025,0,0,0,0,0,0,0
9611412,6,2,4,6,0,6,14
203089,4,4,0,0,2,2,8
209225,2,1,1,1,1,1,3
103014,6,2,4,6,0,6,6
9304210,3,2,1,2,3,0,0
9707373,6,3,3,6,1,5,6
9612310,3,3,0,0,1,2,3
9808379,12,2,10,46,0,12,40
103275,17,1,16,29,1,16,69
9606305,7,1,6,12,3,4,15
9405378,3,3,0,0,3,0,0
210173,4,1,3,3,0,4,64
9712275,0,0,0,0,0,0,0
9701245,1,1,0,0,0,1,3
9809259,1,1,0,0,1,0,0
5051,8,1,7,10,0,8,32
9707408,2,2,0,0,0,2,2
9510274,2,2,0,0,2,0,0
9512260,4,3,1,1,1,3,7
9205232,6,5,1,2,6,0,0
9704346,5,2,3,5,1,4,8
9604385,4,1,3,5,0,4,5
9402232,0,0,0,0,0,0,0
9909212,13,7,6,12,0,13,154
9409323,10,3,7,14,9,1,1
9907506,8,2,6,16,1,7,18
201085,0,0,0,0,0,0,0
110284,5,2,3,4,0,5,38
8032,2,2,0,0,2,0,0
111203,9,2,7,16,1,8,77
11271,12,2,10,15,2,10,58
203276,1,1,0,0,0,1,3
101279,5,4,1,1,3,2,3
9811264,5,3,2,3,0,5,6
9511203,4,2,2,3,4,0,0
204108,4,2,2,2,2,2,13
9308,12,2,10,18,0,12,38
9708404,2,2,0,0,2,0,0
111382,3,3,0,0,0,3,40
9808202,14,7,7,11,0,14,92
9409231,2,2,0,0,0,2,4
204341,7,3,4,7,0,7,66
201251,2,2,0,0,0,2,7
9704290,8,7,1,2,4,4,9
9501210,5,4,1,2,0,5,14
9412337,6,5,1,1,0,6,9
9905554,9,4,5,12,2,7,18
9301271,17,7,10,25,13,4,4
9712492,11,3,8,13,0,11,33
9305244,1,1,0,0,1,0,0
205244,7,3,4,10,0,7,59
9506302,2,2,0,0,0,2,4
9407224,2,2,0,0,0,2,2
5019,7,3,4,11,0,7,107
9502411,4,3,1,1,2,2,2
210004,4,4,0,0,0,4,15
9909394,2,2,0,0,0,2,2
9801332,3,3,0,0,0,3,18
7091,30,6,24,74,5,25,196
9906489,6,1,5,7,0,6,34
9608457,1,1,0,0,0,1,4
9611340,6,3,3,4,4,2,2
111138,9,3,6,14,1,8,27
203236,1,1,0,0,0,1,1
9412331,1,1,0,0,0,1,1
9810424,19,6,13,44,0,19,62
9909332,13,6,7,15,0,13,63
104211,1,1,0,0,1,0,0
107009,6,2,4,5,1,5,39
3096,4,2,2,2,0,4,22
9702360,11,4,7,11,1,10,10
9304220,4,2,2,3,4,0,0
210132,1,1,0,0,0,1,4
9207274,3,1,2,2,3,0,0
211062,4,3,1,1,0,4,51
105104,7,4,3,4,1,6,30
9712466,13,6,7,11,4,9,12
7307,2,2,0,0,0,2,14
9711398,15,1,14,39,6,9,11
5056,4,1,3,4,0,4,17
101122,1,1,0,0,0,1,4
9810347,3,2,1,1,3,0,0
106066,11,8,3,4,1,10,23
9411439,9,6,3,3,4,5,9
9708263,6,1,5,7,0,6,6
9710388,2,2,0,0,0,2,14
9810369,2,1,1,1,0,2,7
9611341,6,2,4,6,0,6,53
8163,5,5,0,0,2,3,19
9409386,11,3,8,14,10,1,2
9404290,10,5,5,7,10,0,0
9906379,2,2,0,0,2,0,0
202053,2,2,0,0,0,2,8
9312270,1,1,0,0,1,0,0
9708284,0,0,0,0,0,0,0
9506449,2,2,0,0,2,0,0
9902378,1,1,0,0,0,1,1
9702278,6,4,2,2,0,6,12
9402233,1,1,0,0,0,1,1
9705232,0,0,0,0,0,0,0
109278,1,1,0,0,1,0,0
9906443,5,4,1,1,2,3,9
9605291,3,1,2,2,1,2,2
105043,6,4,2,4,2,4,4
203061,3,3,0,0,0,3,19
9806211,2,2,0,0,1,1,3
9911442,10,2,8,15,2,8,30
9603224,0,0,0,0,0,0,0
9301279,2,2,0,0,2,0,0
9904346,3,2,1,1,0,3,13
301269,1,1,0,0,0,1,8
9409338,4,4,0,0,4,0,0
101262,3,1,2,3,0,3,15
9811279,8,4,4,4,0,8,21
9712232,6,4,2,2,0,6,15
9312297,2,2,0,0,1,1,2
205220,4,4,0,0,1,3,8
9709285,4,4,0,0,2,2,5
9905293,2,2,0,0,0,2,11
9908456,2,2,0,0,0,2,7
102044,1,1,0,0,0,1,6
9807304,0,0,0,0,0,0,0
6213,6,3,3,4,6,0,0
9808325,2,2,0,0,0,2,2
9508286,4,2,2,2,2,2,6
9406312,9,2,7,19,9,0,0
9907334,2,2,0,0,1,1,1
107135,6,2,4,9,0,6,85
209160,2,2,0,0,0,2,10
10247,7,3,4,6,1,6,17
9710390,2,1,1,1,0,2,2
9802227,6,5,1,2,0,6,13
5288,5,3,2,2,1,4,6
9505261,2,1,1,1,2,0,0
209224,0,0,0,0,0,0,0
8063,1,1,0,0,0,1,3
211178,0,0,0,0,0,0,0
112275,1,1,0,0,0,1,11
9606257,3,2,1,1,0,3,3
9910308,7,4,3,4,1,6,8
211283,0,0,0,0,0,0,0
105206,2,2,0,0,2,0,0
9809228,2,1,1,1,2,0,0
9411398,1,1,0,0,1,0,0
210305,1,1,0,0,0,1,10
9603358,3,1,2,3,3,0,0
9607351,6,5,1,1,2,4,7
9910404,4,2,2,3,3,1,3
9412351,1,1,0,0,1,0,0
203166,12,2,10,18,0,12,156
9807478,1,1,0,0,0,1,2
9911380,2,1,1,1,2,0,0
9808313,3,1,2,3,0,3,30
203173,0,0,0,0,0,0,0
110133,1,1,0,0,0,1,26
9303221,4,3,1,2,4,0,0
9311319,5,3,2,6,5,0,0
11237,0,0,0,0,0,0,0
9810312,2,2,0,0,1,1,1
2098,4,3,1,1,0,4,6
204123,7,2,5,8,0,7,23
9508307,0,0,0,0,0,0,0
9805512,3,2,1,1,0,3,11
9708234,1,1,0,0,0,1,3
208271,1,1,0,0,0,1,1
9706246,5,2,3,4,3,2,2
9805308,4,1,3,4,0,4,6
9312283,1,1,0,0,1,0,0
211061,0,0,0,0,0,0,0
9709257,2,2,0,0,0,2,10
9505364,3,2,1,1,0,3,3
104011,1,1,0,0,0,1,3
9508279,7,2,5,8,1,6,6
9608421,2,2,0,0,0,2,3
9607340,4,4,0,0,1,3,3
9503325,1,1,0,0,1,0,0
105191,0,0,0,0,0,0,0
9409344,4,2,2,3,0,4,20
9607417,0,0,0,0,0,0,0
203188,6,3,3,7,0,6,53
9708371,3,1,2,3,0,3,10
11280,1,1,0,0,0,1,5
9909543,3,3,0,0,0,3,5
9901387,6,4,2,3,0,6,28
9811467,4,3,1,1,3,1,1
8082,2,2,0,0,1,1,1
9812422,3,1,2,2,0,3,13
206014,2,2,0,0,0,2,11
9706390,1,1,0,0,0,1,1
9608464,2,2,0,0,0,2,5
9025,1,1,0,0,1,0,0
208242,0,0,0,0,0,0,0
9710393,0,0,0,0,0,0,0
210139,5,3,2,2,0,5,27
201256,10,8,2,2,0,10,43
209062,1,1,0,0,0,1,2
9611305,4,3,1,1,3,1,2
9408206,3,3,0,0,0,3,3
9811513,3,3,0,0,1,2,5
9909336,2,2,0,0,0,2,7
9501329,3,2,1,1,3,0,0
111127,1,1,0,0,0,1,2
210325,0,0,0,0,0,0,0
9608448,5,2,3,7,5,0,0
209135,0,0,0,0,0,0,0
106090,3,2,1,1,0,3,22
11318,4,4,0,0,2,2,2
201277,0,0,0,0,0,0,0
210278,1,1,0,0,0,1,8
101245,3,2,1,1,0,3,24
111473,5,3,2,2,0,5,32
9905504,8,3,5,12,0,8,12
9805243,4,2,2,2,0,4,5
9608492,1,1,0,0,0,1,1
9703380,3,1,2,2,1,2,2
109119,10,3,7,14,0,10,105
9804413,4,3,1,1,0,4,11
9805394,6,3,3,3,2,4,10
9806377,1,1,0,0,1,0,0
201077,2,2,0,0,0,2,62
9707494,0,0,0,0,0,0,0
9412227,1,1,0,0,1,0,0
9905499,6,1,5,9,0,6,12
10072,2,1,1,1,0,2,11
9312244,4,3,1,1,4,0,0
1283,0,0,0,0,0,0,0
9501291,0,0,0,0,0,0,0
9609282,2,2,0,0,2,0,0
9709371,9,5,4,6,2,7,18
9610398,0,0,0,0,0,0,0
9807241,6,6,0,0,1,5,12
9512350,0,0,0,0,0,0,0
9806421,1,1,0,0,0,1,1
9801237,3,1,2,3,0,3,3
9604362,0,0,0,0,0,0,0
9710326,3,1,2,3,0,3,12
9608326,0,0,0,0,0,0,0
9705412,3,1,2,3,2,1,2
5131,4,1,3,3,0,4,7
112182,1,1,0,0,0,1,3
103156,0,0,0,0,0,0,0
9910422,4,1,3,6,0,4,12
9609288,0,0,0,0,0,0,0
7345,3,1,2,2,0,3,9
9138,1,1,0,0,0,1,2
101267,3,1,2,3,1,2,13
112291,1,1,0,0,0,1,5
9812492,3,1,2,3,3,0,0
9811342,3,2,1,1,1,2,2
9501326,0,0,0,0,0,0,0
107290,3,2,1,1,1,2,15
9503336,2,2,0,0,2,0,0
9603387,1,1,0,0,1,0,0
3313,10,1,9,32,0,10,21
9609303,0,0,0,0,0,0,0
9903227,8,2,6,8,0,8,17
9606380,7,1,6,10,7,0,0
11276,5,2,3,3,1,4,17
9601304,3,2,1,1,3,0,0
204300,0,0,0,0,0,0,0
9907442,0,0,0,0,0,0,0
206106,0,0,0,0,0,0,0
9810298,1,1,0,0,1,0,0
11107,3,2,1,1,0,3,4
209281,1,1,0,0,0,1,2
9606369,9,8,1,1,3,6,6
9711493,0,0,0,0,0,0,0
9510400,0,0,0,0,0,0,0
302173,3,2,1,1,0,3,5
9305265,1,1,0,0,1,0,0
9503472,1,1,0,0,1,0,0
205268,0,0,0,0,0,0,0
9809420,1,1,0,0,0,1,1
9706424,0,0,0,0,0,0,0
1316,0,0,0,0,0,0,0
9401230,1,1,0,0,1,0,0
107208,1,1,0,0,0,1,1
9405282,0,0,0,0,0,0,0
9710430,0,0,0,0,0,0,0
102214,0,0,0,0,0,0,0
9605366,0,0,0,0,0,0,0
106134,0,0,0,0,0,0,0
9909446,4,2,2,2,0,4,14
109158,8,5,3,3,2,6,19
9504419,3,3,0,0,0,3,3
101152,1,1,0,0,0,1,1
9903228,4,4,0,0,0,4,7
202125,2,1,1,1,0,2,25
9803468,2,2,0,0,2,0,0
207222,4,1,3,5,0,4,61
9908498,4,4,0,0,1,3,9
107147,6,2,4,6,0,6,82
212209,0,0,0,0,0,0,0
105296,0,0,0,0,0,0,0
204285,2,2,0,0,0,2,8
110389,0,0,0,0,0,0,0
9903225,0,0,0,0,0,0,0
109076,3,3,0,0,1,2,6
212324,0,0,0,0,0,0,0
205224,4,2,2,2,1,3,18
9406322,1,1,0,0,0,1,1
207299,1,1,0,0,0,1,11
112142,2,2,0,0,1,1,4
9701240,2,1,1,1,1,1,1
9405404,0,0,0,0,0,0,0
9904364,1,1,0,0,0,1,1
202144,3,1,2,3,0,3,12
9712503,1,1,0,0,0,1,1
211378,3,1,2,3,0,3,121
112157,5,2,3,3,0,5,23
9908303,0,0,0,0,0,0,0
5059,4,1,3,3,1,3,10
12360,4,2,2,3,0,4,27
9712207,1,1,0,0,1,0,0
9604274,3,3,0,0,2,1,1
9703307,1,1,0,0,1,0,0
110418,1,1,0,0,1,0,0
201255,2,1,1,1,1,1,2
9811209,1,1,0,0,1,0,0
9902454,0,0,0,0,0,0,0
9811486,1,1,0,0,1,0,0
9410257,2,2,0,0,2,0,0
9611416,1,1,0,0,0,1,2
9709416,0,0,0,0,0,0,0
211394,3,3,0,0,0,3,24
9803325,0,0,0,0,0,0,0
206185,1,1,0,0,1,0,0
208108,1,1,0,0,0,1,2
106268,0,0,0,0,0,0,0
11348,4,2,2,2,0,4,16
10039,0,0,0,0,0,0,0
9907260,1,1,0,0,0,1,3
9802348,1,1,0,0,1,0,0
12266,3,2,1,1,2,1,3
9712521,0,0,0,0,0,0,0
1193,3,3,0,0,0,3,4
12078,1,1,0,0,0,1,2
9408393,0,0,0,0,0,0,0
9809507,3,2,1,1,0,3,27
111213,2,1,1,1,1,1,1
209264,3,3,0,0,0,3,9
9901400,0,0,0,0,0,0,0
202096,0,0,0,0,0,0,0
9905213,2,2,0,0,2,0,0
9712422,2,2,0,0,1,1,1
7123,5,2,3,5,1,4,9
9708288,2,1,1,1,0,2,10
211459,0,0,0,0,0,0,0
105137,0,0,0,0,0,0,0
9810318,0,0,0,0,0,0,0
9604450,1,1,0,0,1,0,0
9708339,1,1,0,0,1,0,0
9411418,0,0,0,0,0,0,0
9806271,1,1,0,0,1,0,0
106236,0,0,0,0,0,0,0
9903437,1,1,0,0,1,0,0
9506402,1,1,0,0,0,1,3
102040,0,0,0,0,0,0,0
202241,1,1,0,0,0,1,1
9905280,1,1,0,0,1,0,0
1250,1,1,0,0,1,0,0
206092,3,3,0,0,2,1,3
301023,0,0,0,0,0,0,0
202126,1,1,0,0,0,1,5
301208,1,1,0,0,0,1,4
208237,1,1,0,0,0,1,15
9706528,0,0,0,0,0,0,0
206289,1,1,0,0,0,1,1
111449,0,0,0,0,0,0,0
9910502,2,2,0,0,0,2,4
9510451,0,0,0,0,0,0,0
9902277,1,1,0,0,0,1,3
111184,1,1,0,0,0,1,2
9902281,0,0,0,0,0,0,0
108086,3,2,1,1,0,3,7
302117,0,0,0,0,0,0,0
211083,2,2,0,0,1,1,2
105241,0,0,0,0,0,0,0
9902445,0,0,0,0,0,0,0
9912272,0,0,0,0,0,0,0
9207201,0,0,0,0,0,0,0
9902414,1,1,0,0,0,1,4
212083,1,1,0,0,0,1,4
9906263,2,1,1,1,0,2,2
210211,0,0,0,0,0,0,0
212279,1,1,0,0,0,1,6
301118,0,0,0,0,0,0,0
9404246,2,2,0,0,2,0,0
110218,1,1,0,0,0,1,10
111177,1,1,0,0,1,0,0
8174,0,0,0,0,0,0,0
205161,2,2,0,0,0,2,15
11028,0,0,0,0,0,0,0
4042,1,1,0,0,0,1,3
9610263,0,0,0,0,0,0,0
9807473,0,0,0,0,0,0,0
9609275,0,0,0,0,0,0,0
9409397,0,0,0,0,0,0,0
9508318,0,0,0,0,0,0,0
201079,1,1,0,0,1,0,0
9412233,2,2,0,0,2,0,0
9503343,0,0,0,0,0,0,0
204041,1,1,0,0,0,1,4
9910478,1,1,0,0,1,0,0
110185,0,0,0,0,0,0,0
11063,0,0,0,0,0,0,0
9808323,0,0,0,0,0,0,0
9902455,0,0,0,0,0,0,0
9410379,0,0,0,0,0,0,0
210239,1,1,0,0,0,1,1
9703462,0,0,0,0,0,0,0
106074,0,0,0,0,0,0,0
9612214,3,2,1,1,3,0,0
12339,0,0,0,0,0,0,0
202119,0,0,0,0,0,0,0
9604324,0,0,0,0,0,0,0
211042,1,1,0,0,0,1,7
212138,1,1,0,0,0,1,4
9410221,2,2,0,0,2,0,0
204078,1,1,0,0,1,0,0
212282,0,0,0,0,0,0,0
211002,0,0,0,0,0,0,0
5329,0,0,0,0,0,0,0
5111,0,0,0,0,0,0,0
105240,1,1,0,0,0,1,6
102239,1,1,0,0,0,1,4
9706456,0,0,0,0,0,0,0
10226,0,0,0,0,0,0,0
209228,0,0,0,0,0,0,0
9407232,0,0,0,0,0,0,0
207232,0,0,0,0,0,0,0
9310213,0,0,0,0,0,0,0
9507412,0,0,0,0,0,0,0
9901361,0,0,0,0,0,0,0
9606401,1,1,0,0,1,0,0
9903461,0,0,0,0,0,0,0
10095,1,1,0,0,0,1,1
201090,0,0,0,0,0,0,0
204247,0,0,0,0,0,0,0
301140,0,0,0,0,0,0,0
9703461,0,0,0,0,0,0,0
9407262,0,0,0,0,0,0,0
3158,1,1,0,0,0,1,1
11093,1,1,0,0,0,1,9
111380,0,0,0,0,0,0,0
12298,0,0,0,0,0,0,0
101044,1,1,0,0,0,1,3
9908206,0,0,0,0,0,0,0
210047,0,0,0,0,0,0,0
207021,0,0,0,0,0,0,0
9910564,0,0,0,0,0,0,0
204233,0,0,0,0,0,0,0
9705403,0,0,0,0,0,0,0
6094,0,0,0,0,0,0,0
9708375,0,0,0,0,0,0,0
4164,0,0,0,0,0,0,0
207353,1,1,0,0,0,1,10
2069,0,0,0,0,0,0,0
211445,0,0,0,0,0,0,0
9609272,0,0,0,0,0,0,0
3173,2,2,0,0,0,2,5
209220,0,0,0,0,0,0,0
212006,0,0,0,0,0,0,0
107134,0,0,0,0,0,0,0
9803414,1,1,0,0,0,1,2
210367,1,1,0,0,0,1,5
10188,2,2,0,0,2,0,0
9810469,0,0,0,0,0,0,0
207057,0,0,0,0,0,0,0
101167,1,1,0,0,0,1,2
9912239,0,0,0,0,0,0,0
209315,0,0,0,0,0,0,0
9710318,0,0,0,0,0,0,0
203086,0,0,0,0,0,0,0
9612455,0,0,0,0,0,0,0
111129,1,1,0,0,0,1,11
9805483,1,1,0,0,0,1,1
9409222,0,0,0,0,0,0,0
9504258,0,0,0,0,0,0,0
107096,0,0,0,0,0,0,0
9811408,0,0,0,0,0,0,0
9808363,0,0,0,0,0,0,0
9607483,0,0,0,0,0,0,0
205145,0,0,0,0,0,0,0
9605341,0,0,0,0,0,0,0
9211241,1,1,0,0,1,0,0
209276,0,0,0,0,0,0,0
9113,0,0,0,0,0,0,0
202067,1,1,0,0,0,1,1
9904508,0,0,0,0,0,0,0
9906306,0,0,0,0,0,0,0
211140,0,0,0,0,0,0,0
208221,0,0,0,0,0,0,0
209097,0,0,0,0,0,0,0
3108,1,1,0,0,0,1,3
9808495,0,0,0,0,0,0,0
302220,0,0,0,0,0,0,0
112006,1,1,0,0,0,1,2
108087,1,1,0,0,0,1,1
302111,0,0,0,0,0,0,0
9005,0,0,0,0,0,0,0
9610550,0,0,0,0,0,0,0
202057,0,0,0,0,0,0,0
9705421,1,1,0,0,1,0,0
9706495,0,0,0,0,0,0,0
301239,0,0,0,0,0,0,0
11343,0,0,0,0,0,0,0
103035,1,1,0,0,1,0,0
8001,0,0,0,0,0,0,0
9907278,0,0,0,0,0,0,0
9704237,0,0,0,0,0,0,0
9801247,0,0,0,0,0,0,0
106007,0,0,0,0,0,0,0
206213,0,0,0,0,0,0,0
9711286,1,1,0,0,1,0,0
212355,0,0,0,0,0,0,0
9505349,0,0,0,0,0,0,0
111049,0,0,0,0,0,0,0
8176,0,0,0,0,0,0,0
9411228,0,0,0,0,0,0,0
9610483,0,0,0,0,0,0,0
9253,0,0,0,0,0,0,0
112193,1,1,0,0,0,1,2
9511394,0,0,0,0,0,0,0
104273,1,1,0,0,0,1,3
302044,0,0,0,0,0,0,0
9612218,0,0,0,0,0,0,0
110058,0,0,0,0,0,0,0
6252,0,0,0,0,0,0,0
9903316,0,0,0,0,0,0,0
107092,0,0,0,0,0,0,0
9602427,0,0,0,0,0,0,0
9711465,0,0,0,0,0,0,0
112344,0,0,0,0,0,0,0
210001,1,1,0,0,0,1,1
209012,0,0,0,0,0,0,0
9912316,0,0,0,0,0,0,0
9708479,1,1,0,0,0,1,4
9608429,1,1,0,0,0,1,2
9302236,0,0,0,0,0,0,0
9806300,0,0,0,0,0,0,0
106058,0,0,0,0,0,0,0
6137,0,0,0,0,0,0,0
9610291,0,0,0,0,0,0,0
9611447,0,0,0,0,0,0,0
9310274,0,0,0,0,0,0,0
212027,1,1,0,0,0,1,10
207173,1,1,0,0,0,1,5
6330,0,0,0,0,0,0,0
201276,0,0,0,0,0,0,0
102294,0,0,0,0,0,0,0
209291,0,0,0,0,0,0,0
211117,0,0,0,0,0,0,0
12181,0,0,0,0,0,0,0
208245,0,0,0,0,0,0,0
9804406,0,0,0,0,0,0,0
10320,1,1,0,0,0,1,4
9311268,0,0,0,0,0,0,0
207262,0,0,0,0,0,0,0
1139,0,0,0,0,0,0,0
9801275,0,0,0,0,0,0,0
9802339,0,0,0,0,0,0,0
210136,0,0,0,0,0,0,0
210365,1,1,0,0,0,1,1
9711317,0,0,0,0,0,0,0
9502294,0,0,0,0,0,0,0
111372,0,0,0,0,0,0,0
9302247,88,21,67,258,68,20,23
9910236,31,10,21,69,2,29,235
8018,26,2,24,105,0,26,75
9712306,38,3,35,134,15,23,44
9307247,216,4,212,1554,80,136,208
9408290,84,22,62,243,38,46,116
7085,32,1,31,173,2,30,214
9907270,14,8,6,8,1,13,30
9906434,80,6,74,559,1,79,639
9604412,71,22,49,100,5,66,680
111276,16,5,11,22,2,14,29
9501362,38,10,28,119,22,16,29
9805244,24,5,19,67,3,21,96
12351,21,5,16,41,0,21,89
9811356,186,6,180,2095,1,185,876
9406411,10,6,4,7,8,2,2
9609311,8,4,4,4,1,7,22
9709284,6,2,4,6,0,6,36
9812518,7,3,4,4,0,7,50
9303263,19,2,17,46,19,0,0
9207249,18,6,12,21,18,0,0
9602390,25,3,22,53,10,15,24
9812377,20,5,15,37,0,20,102
9306265,7,4,3,3,5,2,3
9509275,4,1,3,3,4,0,0
9810432,18,2,16,49,0,18,71
3246,60,11,49,229,1,59,406
202162,4,3,1,2,0,4,36
9507343,16,7,9,17,6,10,11
9209203,25,9,16,66,25,0,0
9406363,84,9,75,329,41,43,43
9604344,7,2,5,6,5,2,2
9610383,2,1,1,1,0,2,2
9503367,2,2,0,0,1,1,4
9504292,65,5,60,238,0,65,271
9604289,7,6,1,1,6,1,2
9707203,15,2,13,44,0,15,43
9808451,36,8,28,93,0,36,317
9507393,34,13,21,53,17,17,48
9610481,65,12,53,340,8,57,253
9911440,2,2,0,0,1,1,14
9808355,63,5,58,340,2,61,559
9907532,56,11,45,196,5,51,375
9802445,87,15,72,278,54,33,52
9212278,90,7,83,471,90,0,0
9806534,37,4,33,118,23,14,23
9805429,35,6,29,93,1,34,266
9602386,14,7,7,11,4,10,44
9903454,66,9,57,306,9,57,314
9602307,32,6,26,81,16,16,57
9808327,29,7,22,52,9,20,40
9903464,26,7,19,41,3,23,84
9502414,9,5,4,5,2,7,46
9606460,32,3,29,91,7,25,25
9702400,14,8,6,9,4,10,33
9310248,11,2,9,27,11,0,0
9607281,7,3,4,5,1,6,11
9707311,6,5,1,1,1,5,25
9509365,19,5,14,39,7,12,12
9403330,25,9,16,86,3,22,48
9303274,98,25,73,429,98,0,0
9606388,107,7,100,917,0,107,516
9609451,21,1,20,95,8,13,39
9706387,14,2,12,42,0,14,184
11337,15,8,7,7,2,13,92
9811471,54,3,51,265,2,52,225
9708209,8,2,6,22,2,6,10
9805235,6,2,4,7,1,5,20
9710335,89,5,84,500,11,78,590
9811335,16,1,15,45,0,16,212
9507378,334,21,313,3195,19,315,694
9612396,8,3,5,7,2,6,15
9706382,9,2,7,14,1,8,120
9901265,16,7,9,30,0,16,112
9507445,32,8,24,82,10,22,72
9503299,8,2,6,12,8,0,0
106081,53,17,36,82,0,53,399
9812358,79,5,74,396,22,57,173
9808328,30,5,25,71,4,26,82
9706303,48,3,45,195,13,35,60
12318,6,5,1,1,0,6,40
9908382,19,6,13,28,0,19,149
9909455,14,6,8,12,3,11,22
9602292,11,7,4,6,1,10,11
9510256,5,5,0,0,4,1,1
9703327,56,3,53,205,1,55,320
9608361,38,8,30,96,2,36,95
9511363,73,15,58,249,35,38,51
9805217,91,5,86,666,13,78,123
9607386,10,5,5,6,8,2,2
9406354,18,2,16,42,4,14,31
9604211,7,4,3,4,4,3,6
9806512,4,2,2,2,1,3,9
9811338,1,1,0,0,1,0,0
9605323,149,29,120,696,26,123,322
9704308,7,2,5,11,2,5,10
9411220,10,6,4,6,10,0,0
9706354,17,11,6,11,1,16,64
9711427,50,5,45,235,0,50,227
9401266,49,16,33,124,49,0,0
9405320,87,14,73,350,87,0,0
9507422,16,5,11,40,14,2,2
9705295,16,3,13,44,0,16,62
9909526,4,3,1,2,0,4,17
9302248,39,17,22,56,28,11,11
9404239,22,9,13,34,1,21,45
9601246,14,6,8,13,3,11,15
9801356,54,2,52,337,10,44,83
9906475,49,7,42,197,0,49,441
9902315,16,3,13,38,1,15,93
9605349,27,6,21,56,6,21,44
9211249,29,4,25,130,29,0,0
9501388,11,4,7,14,2,9,47
9512218,119,14,105,478,87,32,33
9902443,26,7,19,32,7,19,91
9508406,42,2,40,164,1,41,173
9905572,7,3,4,5,1,6,37
9906373,4,1,3,4,1,3,22
9403301,47,9,38,129,18,29,62
9404318,10,2,8,22,1,9,9
9903389,50,7,43,169,8,42,325
9412349,6,1,5,6,6,0,0
9907342,11,5,6,13,4,7,33
9804425,36,4,32,79,2,34,163
9701304,15,6,9,16,3,12,71
9606399,251,61,190,770,154,97,162
9604351,77,12,65,401,21,56,215
9806482,77,9,68,285,2,75,349
9906222,16,6,10,23,0,16,251
9603327,15,5,10,14,5,10,25
9501373,5,3,2,2,3,2,2
101067,23,3,20,88,0,23,195
9912531,40,2,38,236,0,40,243
9209269,53,17,36,164,53,0,0
9510447,1,1,0,0,0,1,5
9803341,10,1,9,35,0,10,28
9173,18,7,11,16,0,18,263
108178,15,2,13,23,6,9,41
105323,15,4,11,35,1,14,33
9605365,6,2,4,6,0,6,21
9702300,11,3,8,11,1,10,49
9405233,82,10,72,253,49,33,44
9805289,21,6,15,40,0,21,179
9807415,50,5,45,257,1,49,229
9705417,39,4,35,187,24,15,25
106119,16,7,9,18,0,16,133
9404293,6,2,4,10,6,0,0
9710347,8,5,3,5,0,8,55
9301278,19,5,14,30,19,0,0
9305342,25,4,21,61,25,0,0
9404212,29,7,22,80,12,17,27
9509424,14,3,11,31,6,8,8
9506256,60,4,56,432,8,52,98
9702426,25,9,16,45,0,25,101
9912516,49,9,40,154,13,36,161
9906262,33,1,32,197,0,33,36
9904395,67,5,62,472,3,64,496
9904257,13,5,8,14,2,11,45
9305208,9,5,4,4,6,3,3
9311356,27,4,23,79,13,14,17
9805494,29,10,19,44,8,21,54
9412301,27,7,20,71,3,24,24
9504302,17,2,15,27,2,15,39
9405348,37,10,27,85,1,36,78
9710512,10,4,6,9,0,10,60
106025,41,4,37,112,1,40,164
111309,4,4,0,0,2,2,10
9211244,8,5,3,3,6,2,2
9403389,15,6,9,17,13,2,4
9405428,21,2,19,57,15,6,11
2147,72,16,56,179,7,65,260
3220,25,5,20,57,1,24,138
9511335,70,21,49,152,33,37,62
9511201,2,2,0,0,2,0,0
102147,96,4,92,895,14,82,237
102122,131,8,123,1282,31,100,485
9704403,53,11,42,165,0,53,379
9305309,70,12,58,220,70,0,0
9806366,34,13,21,52,5,29,54
9401325,20,9,11,20,3,17,50
103048,55,2,53,357,0,55,762
8336,16,7,9,18,1,15,58
9812337,21,3,18,66,1,20,83
9404219,2,2,0,0,2,0,0
103179,59,17,42,149,22,37,137
9912211,6,1,5,9,0,6,129
9504353,24,4,20,39,24,0,0
9288,8,3,5,9,1,7,28
101115,5,2,3,4,0,5,29
1001,39,4,35,269,2,37,355
9801304,15,4,11,15,0,15,63
9910262,28,6,22,38,6,22,27
6154,41,5,36,186,1,40,191
5308,4,3,1,1,0,4,7
9605264,82,10,72,260,33,49,119
9602316,7,3,4,8,3,4,4
9409356,12,3,9,22,0,12,23
8209,10,3,7,10,0,10,70
6340,9,5,4,6,0,9,59
9907328,6,1,5,8,0,6,72
9035,1,1,0,0,0,1,5
9903248,3,2,1,2,1,2,4
104178,9,3,6,13,0,9,189
102033,26,5,21,58,4,22,36
9905237,39,4,35,171,26,13,13
201127,32,10,22,58,2,30,214
9807378,8,4,4,7,7,1,2
110067,30,8,22,68,1,29,190
9906266,54,4,50,261,0,54,516
9802299,35,8,27,61,9,26,55
9501283,17,7,10,18,6,11,12
112236,1,1,0,0,0,1,5
5055,2,2,0,0,0,2,14
9912276,7,2,5,6,0,7,36
103028,13,3,10,34,2,11,74
9806346,5,1,4,5,1,4,67
9703350,11,3,8,15,2,9,38
9908369,16,7,9,13,1,15,116
9411432,11,3,8,13,11,0,0
9712362,9,1,8,16,0,9,70
9211258,10,3,7,12,1,9,9
9910316,14,4,10,24,3,11,45
9503423,0,0,0,0,0,0,0
9911395,53,7,46,237,0,53,388
4255,13,2,11,31,0,13,90
12216,4,3,1,1,3,1,5
9904313,7,2,5,10,0,7,69
9305310,17,9,8,14,17,0,0
9505420,5,2,3,7,4,1,1
7031,40,2,38,203,0,40,246
9608261,6,3,3,8,0,6,8
9611218,82,7,75,387,0,82,447
9610364,13,5,8,20,0,13,103
9707484,10,5,5,10,0,10,57
9509262,2,2,0,0,0,2,3
9611362,6,1,5,8,1,5,10
103326,1,1,0,0,0,1,3
9708395,15,6,9,25,3,12,26
9510343,3,2,1,1,0,3,13
9303269,8,2,6,9,5,3,3
2134,23,6,17,49,2,21,121
9705358,10,1,9,22,1,9,31
9903474,18,3,15,42,4,14,149
9507337,4,3,1,1,3,1,3
9809410,10,1,9,26,9,1,1
9702367,84,19,65,217,39,45,98
9404322,5,4,1,1,0,5,5
9508246,26,7,19,49,20,6,6
7251,16,3,13,37,0,16,181
2075,15,4,11,27,1,14,118
9906324,9,6,3,5,0,9,26
9404237,24,7,17,42,24,0,0
9511361,9,4,5,6,0,9,39
9403319,5,5,0,0,1,4,4
1287,10,3,7,14,1,9,91
9610261,3,2,1,1,0,3,4
9702227,28,13,15,31,1,27,105
9801205,12,5,7,10,5,7,8
9709496,4,2,2,2,2,2,6
9506240,2,2,0,0,2,0,0
9511397,141,19,122,808,27,114,240
9906256,14,2,12,24,0,14,53
9607246,2,1,1,1,0,2,6
6326,5,2,3,3,0,5,32
9705446,1,1,0,0,0,1,3
9601333,4,2,2,2,0,4,38
9302306,1,1,0,0,1,0,0
9704333,86,7,79,386,42,44,74
9606465,13,5,8,21,13,0,0
9707289,3,3,0,0,0,3,9
9810294,3,2,1,1,0,3,8
9811351,15,6,9,19,8,7,12
9608346,10,1,9,18,5,5,6
9504219,103,4,99,786,25,78,193
9703212,63,9,54,376,0,63,752
9403388,13,7,6,14,3,10,20
9508405,7,1,6,6,0,7,17
9307243,47,5,42,294,40,7,17
9808244,12,6,6,7,3,9,20
9605318,6,5,1,1,0,6,12
9702395,7,4,3,3,4,3,5
9906378,4,4,0,0,1,3,14
104021,7,2,5,11,3,4,4
9912435,33,11,22,89,12,21,50
9703270,7,4,3,4,4,3,8
9407259,5,4,1,1,1,4,6
9410235,23,5,18,26,4,19,74
9809209,4,3,1,1,1,3,38
9903540,20,4,16,52,0,20,201
9707380,10,2,8,16,10,0,0
9906272,2,2,0,0,1,1,3
9604395,3,3,0,0,1,2,2
9703252,5,2,3,4,1,4,7
211370,2,1,1,1,0,2,16
9804321,20,9,11,24,20,0,0
9604392,5,1,4,7,0,5,20
9512290,10,6,4,7,1,9,23
9507429,33,7,26,94,29,4,6
9211206,6,3,3,3,6,0,0
9903534,14,9,5,6,2,12,54
10190,2,2,0,0,0,2,2
9605209,12,3,9,15,2,10,29
9501236,4,2,2,2,4,0,0
9602302,25,7,18,68,1,24,116
9912520,9,1,8,23,5,4,7
9606311,11,2,9,23,1,10,20
9509277,2,2,0,0,1,1,1
9902469,5,3,2,3,0,5,31
5297,37,8,29,85,5,32,132
9909292,36,3,33,128,9,27,51
9809489,9,4,5,6,0,9,67
9511345,13,6,7,12,0,13,66
9408395,3,1,2,3,0,3,4
9706454,9,3,6,12,0,9,113
103166,3,3,0,0,0,3,33
9804364,6,3,3,5,6,0,0
9711435,10,2,8,12,1,9,73
204066,0,0,0,0,0,0,0
9302203,38,8,30,82,38,0,0
12231,6,3,3,3,4,2,6
5208,23,10,13,30,2,21,68
9506216,3,1,2,3,3,0,0
9606359,11,5,6,11,4,7,25
9807417,18,4,14,41,4,14,36
6168,5,4,1,1,0,5,15
9401332,15,3,12,38,5,10,10
9507381,3,2,1,1,2,1,1
107234,3,1,2,2,0,3,16
9503322,3,2,1,1,3,0,0
9710382,18,10,8,14,8,10,11
9311250,5,1,4,6,0,5,10
9911300,2,2,0,0,2,0,0
9806499,15,1,14,29,0,15,36
6003,6,2,4,5,0,6,11
101227,2,2,0,0,2,0,0
9411395,23,5,18,66,14,9,9
9810475,24,14,10,18,3,21,31
9511207,13,10,3,7,4,9,15
4027,22,2,20,83,1,21,82
9804202,14,9,5,6,0,14,72
9506253,13,2,11,43,1,12,25
9507341,4,2,2,3,0,4,7
111001,0,0,0,0,0,0,0
108130,1,1,0,0,1,0,0
9710293,2,2,0,0,2,0,0
9510259,24,6,18,47,3,21,38
9611399,5,4,1,1,5,0,0
9904428,13,2,11,26,0,13,51
9801422,4,2,2,3,2,2,15
9712501,2,1,1,1,0,2,9
106283,3,3,0,0,0,3,5
201231,88,19,69,349,43,45,97
9910307,2,2,0,0,0,2,5
9910224,4,3,1,1,0,4,19
9292,16,3,13,43,3,13,71
12268,2,1,1,1,0,2,6
9506471,15,4,11,23,7,8,20
103317,4,1,3,3,0,4,43
9407308,5,5,0,0,5,0,0
9608297,19,3,16,44,1,18,65
103100,5,1,4,6,0,5,35
9409274,2,1,1,1,2,0,0
9604335,26,8,18,40,9,17,23
9611343,13,3,10,28,2,11,21
9405377,5,1,4,5,5,0,0
9901241,6,2,4,7,0,6,69
212129,21,10,11,36,6,15,70
9903276,10,2,8,13,0,10,65
101232,12,6,6,11,3,9,10
9812201,16,4,12,40,2,14,51
9602231,1,1,0,0,0,1,4
3100,6,4,2,2,0,6,21
9604442,17,4,13,22,3,14,25
9904286,27,7,20,54,3,24,136
202030,34,7,27,126,1,33,235
10178,35,7,28,100,22,13,19
9609204,20,3,17,51,0,20,68
206193,5,4,1,1,0,5,21
9806442,5,3,2,2,0,5,45
107190,20,3,17,97,0,20,127
7009,8,5,3,5,5,3,8
7359,20,6,14,50,3,17,29
111078,8,2,6,10,0,8,59
104104,12,6,6,12,0,12,38
109202,5,4,1,1,1,4,15
2208,5,1,4,7,0,5,28
9506366,1,1,0,0,1,0,0
206060,9,2,7,23,0,9,109
9712445,23,4,19,40,1,22,74
9605234,19,4,15,58,7,12,15
9804322,7,6,1,1,3,4,18
9610331,25,6,19,46,3,22,53
9806434,6,2,4,9,0,6,32
9709348,41,8,33,126,2,39,190
9608226,4,4,0,0,2,2,8
9303271,6,4,2,3,6,0,0
9605243,2,2,0,0,2,0,0
9606282,7,1,6,12,1,6,19
11019,1,1,0,0,0,1,15
9502223,5,5,0,0,5,0,0
9309246,9,6,3,7,2,7,15
204134,7,4,3,5,2,5,12
9709208,9,5,4,8,0,9,32
9707216,1,1,0,0,1,0,0
9405327,4,2,2,2,2,2,2
10328,13,6,7,13,1,12,107
9805287,9,4,5,13,6,3,10
9307327,4,1,3,4,4,0,0
9805510,3,2,1,1,3,0,0
112273,12,4,8,14,0,12,161
12196,4,3,1,1,0,4,34
9609221,4,4,0,0,0,4,9
101113,9,1,8,16,0,9,77
9405242,10,8,2,2,10,0,0
12044,3,2,1,1,2,1,1
9910442,12,8,4,10,0,12,83
6249,2,2,0,0,0,2,8
107148,5,4,1,2,0,5,5
209249,0,0,0,0,0,0,0
9706539,6,3,3,3,2,4,4
9610418,6,1,5,10,0,6,6
9702297,9,4,5,11,4,5,7
9504377,7,6,1,1,7,0,0
9912474,3,2,1,1,0,3,12
9410271,3,2,1,1,1,2,2
9902201,9,4,5,7,0,9,63
9805468,10,7,3,4,1,9,18
210399,1,1,0,0,0,1,3
10100,8,6,2,3,0,8,33
9510298,2,2,0,0,2,0,0
9802316,5,2,3,5,2,3,5
9606351,7,4,3,4,0,7,12
9503363,5,4,1,2,5,0,0
209316,3,2,1,1,1,2,6
9303239,9,6,3,9,9,0,0
9210208,23,3,20,106,23,0,0
201236,1,1,0,0,0,1,4
9507226,0,0,0,0,0,0,0
9612304,4,2,2,2,2,2,8
9906213,5,1,4,8,0,5,8
9412373,11,8,3,8,1,10,65
9802306,8,4,4,5,1,7,14
9506345,6,4,2,3,4,2,4
9905212,12,2,10,17,2,10,32
9801361,8,5,3,3,1,7,16
9703257,21,9,12,22,1,20,42
9907569,5,5,0,0,0,5,25
9612278,4,2,2,2,2,2,2
9608486,5,1,4,6,3,2,2
9906336,4,4,0,0,0,4,17
5075,14,8,6,22,2,12,47
8196,4,3,1,1,0,4,24
106063,0,0,0,0,0,0,0
9506204,21,5,16,46,8,13,14
9212236,17,6,11,22,17,0,0
9404234,11,6,5,6,1,10,40
9405263,2,2,0,0,2,0,0
9905576,5,4,1,1,0,5,32
9901312,5,3,2,3,0,5,50
8331,1,1,0,0,0,1,5
9305212,6,3,3,8,6,0,0
211374,0,0,0,0,0,0,0
9149,6,3,3,3,0,6,28
5090,2,1,1,1,0,2,12
102076,0,0,0,0,0,0,0
9604281,11,3,8,12,1,10,25
9512272,4,3,1,1,2,2,8
9909387,11,4,7,15,1,10,43
9906269,5,4,1,1,0,5,14
1037,2,1,1,1,0,2,6
9709372,11,5,6,12,2,9,27
103215,10,1,9,23,1,9,68
203062,4,2,2,3,0,4,48
9911357,2,2,0,0,2,0,0
108116,1,1,0,0,0,1,5
9610528,6,1,5,9,4,2,2
9801372,7,5,2,2,5,2,2
9304239,9,3,6,10,9,0,0
9266,3,1,2,3,0,3,23
9610399,8,3,5,12,0,8,10
207351,2,2,0,0,0,2,10
9303272,3,3,0,0,3,0,0
9602259,13,4,9,11,7,6,6
9603278,9,3,6,7,4,5,9
9609484,2,2,0,0,0,2,4
9812210,3,2,1,1,0,3,10
209346,0,0,0,0,0,0,0
12034,0,0,0,0,0,0,0
101134,2,1,1,1,0,2,2
9404324,3,3,0,0,0,3,8
103008,9,3,6,12,0,9,81
9608382,7,3,4,4,0,7,19
9903527,12,5,7,13,5,7,14
9804238,5,4,1,1,2,3,3
9907214,24,11,13,37,0,24,52
9709295,17,4,13,18,5,12,29
9409433,11,2,9,20,11,0,0
9605407,5,4,1,1,0,5,10
9809597,1,1,0,0,0,1,4
204138,3,1,2,2,3,0,0
9609258,4,2,2,2,4,0,0
9901430,18,4,14,41,2,16,34
9705265,3,3,0,0,0,3,6
7323,21,7,14,33,5,16,28
9809355,4,1,3,3,0,4,7
205070,3,3,0,0,0,3,20
6343,3,1,2,3,0,3,8
9408260,16,4,12,20,6,10,10
9903495,9,3,6,12,4,5,5
9910519,4,3,1,1,4,0,0
9505411,0,0,0,0,0,0,0
9610220,2,2,0,0,0,2,2
9703201,24,10,14,36,10,14,26
205323,15,5,10,19,1,14,93
3125,7,4,3,3,1,6,7
9404203,1,1,0,0,1,0,0
9309314,3,1,2,2,3,0,0
2142,5,4,1,1,0,5,18
203204,1,1,0,0,0,1,6
9809253,8,3,5,10,1,7,15
103295,12,7,5,7,0,12,63
9305320,3,1,2,3,3,0,0
302222,0,0,0,0,0,0,0
202127,8,2,6,16,0,8,98
9312263,2,1,1,1,2,0,0
211146,0,0,0,0,0,0,0
9810290,3,2,1,1,2,1,1
9147,5,5,0,0,0,5,38
107175,4,1,3,4,0,4,18
9801370,3,1,2,2,0,3,7
9712379,3,2,1,1,1,2,9
201088,1,1,0,0,0,1,8
9702254,0,0,0,0,0,0,0
9609213,10,3,7,24,6,4,4
9307272,1,1,0,0,1,0,0
9911327,8,5,3,5,0,8,73
9506389,4,2,2,5,0,4,4
11283,7,4,3,3,1,6,20
9911278,1,1,0,0,0,1,3
106354,7,2,5,7,0,7,47
104054,2,2,0,0,0,2,7
202055,1,1,0,0,0,1,3
12030,18,3,15,45,1,17,119
105197,7,2,5,8,3,4,5
103119,19,7,12,27,1,18,64
4228,7,3,4,6,0,7,45
209021,0,0,0,0,0,0,0
204135,5,2,3,4,0,5,23
12314,2,2,0,0,1,1,1
9512212,1,1,0,0,0,1,3
111403,3,3,0,0,0,3,15
1159,1,1,0,0,0,1,1
302138,0,0,0,0,0,0,0
5069,16,8,8,20,1,15,85
11376,3,1,2,3,3,0,0
9707284,4,3,1,1,0,4,19
9501366,4,2,2,2,0,4,18
11370,0,0,0,0,0,0,0
9802384,11,4,7,17,3,8,10
9605346,5,2,3,5,5,0,0
5083,4,2,2,2,0,4,12
9308312,2,2,0,0,2,0,0
206143,2,1,1,1,0,2,13
9706356,2,2,0,0,0,2,6
9812514,8,1,7,21,0,8,33
6271,5,1,4,10,0,5,86
9811405,7,2,5,10,0,7,22
9502226,3,1,2,3,3,0,0
1157,4,2,2,2,0,4,80
9802425,4,2,2,2,0,4,16
7129,18,5,13,22,0,18,84
9712370,4,2,2,2,4,0,0
9610505,1,1,0,0,0,1,5
9510285,2,2,0,0,0,2,4
302072,0,0,0,0,0,0,0
109016,1,1,0,0,0,1,2
9505394,2,1,1,1,0,2,2
9811263,9,5,4,10,0,9,34
9211,5,3,2,2,0,5,21
104247,1,1,0,0,1,0,0
107219,23,10,13,19,6,17,49
9801226,6,2,4,8,0,6,9
9711313,8,6,2,4,1,7,17
9809404,4,4,0,0,1,3,6
207261,6,4,2,3,0,6,22
301143,2,1,1,1,0,2,19
212212,9,2,7,14,0,9,92
9901415,10,1,9,21,6,4,5
9709233,1,1,0,0,1,0,0
11373,6,2,4,6,2,4,16
9805507,4,1,3,6,4,0,0
6104,4,1,3,5,0,4,55
9312301,2,2,0,0,2,0,0
9907382,12,3,9,27,2,10,45
110312,6,3,3,3,1,5,12
10265,2,2,0,0,0,2,14
9708460,5,3,2,2,0,5,21
9708249,1,1,0,0,0,1,1
9504428,2,2,0,0,0,2,3
9708218,3,2,1,1,0,3,18
11260,11,3,8,18,3,8,31
9508395,9,3,6,12,5,4,7
9410245,3,1,2,3,3,0,0
9407242,2,2,0,0,1,1,2
9509363,9,2,7,18,8,1,1
9610494,6,2,4,7,2,4,6
9709309,0,0,0,0,0,0,0
9906288,2,2,0,0,0,2,2
9603239,8,5,3,4,1,7,14
9801349,8,3,5,7,1,7,7
9507266,1,1,0,0,0,1,2
9302213,12,9,3,4,12,0,0
201170,6,5,1,1,2,4,13
1242,1,1,0,0,0,1,1
9607334,2,2,0,0,0,2,6
9902284,1,1,0,0,1,0,0
204200,5,4,1,2,0,5,60
9712427,0,0,0,0,0,0,0
9911479,12,4,8,13,0,12,38
9601245,1,1,0,0,0,1,2
9402217,3,3,0,0,3,0,0
9701332,2,2,0,0,1,1,2
206297,3,3,0,0,0,3,27
9907226,5,5,0,0,0,5,10
9712327,3,3,0,0,0,3,6
9502386,5,2,3,5,5,0,0
211073,0,0,0,0,0,0,0
9809298,5,5,0,0,3,2,4
110187,3,1,2,3,0,3,4
9804449,4,3,1,1,0,4,11
10010,2,2,0,0,0,2,15
9902210,2,2,0,0,0,2,2
9908514,7,2,5,13,1,6,7
9812323,0,0,0,0,0,0,0
109053,4,3,1,1,0,4,12
9904208,3,3,0,0,2,1,1
9812255,1,1,0,0,0,1,2
9607249,6,3,3,8,1,5,5
9503300,6,2,4,4,6,0,0
110345,1,1,0,0,0,1,7
210021,5,1,4,5,0,5,51
104001,3,2,1,1,0,3,17
9710507,1,1,0,0,0,1,2
9809393,3,1,2,3,0,3,25
9904429,4,1,3,4,4,0,0
9904387,0,0,0,0,0,0,0
11303,1,1,0,0,0,1,5
9708332,3,2,1,1,1,2,9
11131,0,0,0,0,0,0,0
11100,1,1,0,0,0,1,2
9708492,0,0,0,0,0,0,0
9903209,7,3,4,6,2,5,9
9709329,7,3,4,4,0,7,25
10125,1,1,0,0,1,0,0
9904476,0,0,0,0,0,0,0
9806239,5,2,3,3,0,5,20
112274,13,5,8,14,0,13,90
9605315,13,5,8,14,4,9,9
9706418,2,1,1,1,0,2,3
206306,8,6,2,3,0,8,70
106269,1,1,0,0,0,1,2
209340,2,2,0,0,0,2,17
9603426,3,1,2,2,0,3,6
10250,1,1,0,0,0,1,7
211195,1,1,0,0,0,1,2
9312352,1,1,0,0,1,0,0
4183,8,4,4,5,0,8,39
9403221,3,2,1,1,3,0,0
9802367,6,2,4,10,0,6,58
7199,0,0,0,0,0,0,0
9905268,3,3,0,0,0,3,3
9210206,7,3,4,6,7,0,0
8231,3,2,1,1,0,3,12
202188,0,0,0,0,0,0,0
9812451,1,1,0,0,0,1,5
9811258,1,1,0,0,0,1,3
9108,3,2,1,1,0,3,9
10284,0,0,0,0,0,0,0
9905207,1,1,0,0,1,0,0
9707329,0,0,0,0,0,0,0
12091,4,4,0,0,1,3,10
9709413,3,3,0,0,1,2,4
9505371,3,2,1,1,3,0,0
9911269,1,1,0,0,0,1,2
9805296,4,2,2,3,0,4,19
9904441,6,3,3,4,4,2,3
107036,4,4,0,0,1,3,12
3019,5,4,1,1,0,5,23
9405406,0,0,0,0,0,0,0
9508220,4,2,2,3,0,4,16
9309320,2,2,0,0,1,1,3
204073,5,2,3,4,2,3,6
9807460,6,4,2,2,2,4,9
201267,1,1,0,0,1,0,0
9903254,4,2,2,3,0,4,4
9406394,4,1,3,3,4,0,0
9711279,0,0,0,0,0,0,0
9308281,2,2,0,0,2,0,0
9901272,4,1,3,5,0,4,22
101171,6,1,5,11,1,5,11
9608411,2,2,0,0,2,0,0
9710554,2,1,1,1,1,1,1
209274,0,0,0,0,0,0,0
9802259,0,0,0,0,0,0,0
9909566,0,0,0,0,0,0,0
9709459,1,1,0,0,0,1,3
9251,6,1,5,9,0,6,23
205230,5,2,3,3,0,5,15
9901414,1,1,0,0,1,0,0
9608349,2,1,1,1,0,2,13
9809436,1,1,0,0,0,1,4
9408278,1,1,0,0,1,0,0
9705289,0,0,0,0,0,0,0
107038,4,4,0,0,0,4,17
205156,6,4,2,2,1,5,8
9608319,9,7,2,2,3,6,9
208238,1,1,0,0,0,1,10
9911216,0,0,0,0,0,0,0
112280,2,2,0,0,0,2,11
112010,1,1,0,0,0,1,1
110358,1,1,0,0,1,0,0
9309297,5,1,4,9,5,0,0
9086,13,8,5,7,0,13,63
9911267,1,1,0,0,0,1,1
9906249,3,3,0,0,0,3,7
212101,0,0,0,0,0,0,0
9801400,1,1,0,0,1,0,0
9222,4,1,3,4,0,4,9
9712475,0,0,0,0,0,0,0
9908221,2,2,0,0,0,2,7
9711495,0,0,0,0,0,0,0
102160,1,1,0,0,0,1,2
205177,1,1,0,0,0,1,12
9211243,5,3,2,3,5,0,0
9701340,5,3,2,2,3,2,2
9406209,0,0,0,0,0,0,0
9312305,7,6,1,1,7,0,0
9902321,4,3,1,1,1,3,14
9511468,1,1,0,0,0,1,2
9609292,1,1,0,0,1,0,0
208075,0,0,0,0,0,0,0
9602321,1,1,0,0,0,1,1
9408329,0,0,0,0,0,0,0
9907217,0,0,0,0,0,0,0
9182,0,0,0,0,0,0,0
9812274,6,1,5,12,0,6,11
9711508,1,1,0,0,0,1,8
9807380,2,1,1,1,0,2,10
9911400,1,1,0,0,0,1,1
9277,0,0,0,0,0,0,0
9911277,5,3,2,3,5,0,0
105108,3,2,1,1,0,3,13
9504203,1,1,0,0,1,0,0
103262,1,1,0,0,0,1,2
9122,0,0,0,0,0,0,0
9812204,0,0,0,0,0,0,0
106272,1,1,0,0,0,1,1
104197,2,1,1,1,0,2,8
211194,1,1,0,0,1,0,0
9810258,4,2,2,2,0,4,4
2121,0,0,0,0,0,0,0
102025,5,3,2,2,1,4,7
4124,6,3,3,5,0,6,52
9912221,2,2,0,0,0,2,10
9602266,1,1,0,0,0,1,3
106132,9,1,8,28,0,9,47
9906303,3,1,2,3,0,3,12
102031,0,0,0,0,0,0,0
12163,0,0,0,0,0,0,0
101139,3,1,2,2,0,3,10
9808212,0,0,0,0,0,0,0
111139,2,2,0,0,0,2,9
9711458,5,5,0,0,3,2,2
1066,1,1,0,0,0,1,1
110008,0,0,0,0,0,0,0
202249,0,0,0,0,0,0,0
9909257,3,3,0,0,1,2,2
9911415,3,3,0,0,0,3,6
211150,0,0,0,0,0,0,0
9909287,0,0,0,0,0,0,0
209368,3,2,1,1,1,2,2
9809264,2,1,1,1,1,1,1
6325,0,0,0,0,0,0,0
9708453,1,1,0,0,1,0,0
9307359,1,1,0,0,1,0,0
205042,0,0,0,0,0,0,0
9711329,3,1,2,2,0,3,8
9607305,0,0,0,0,0,0,0
106114,1,1,0,0,0,1,5
11020,1,1,0,0,0,1,6
9803307,1,1,0,0,1,0,0
202204,4,2,2,2,0,4,40
9207262,1,1,0,0,1,0,0
101210,3,3,0,0,3,0,0
205074,0,0,0,0,0,0,0
9911284,3,2,1,1,0,3,9
9405305,0,0,0,0,0,0,0
9806524,1,1,0,0,0,1,5
205141,3,2,1,1,0,3,69
203184,5,2,3,5,0,5,22
9910426,0,0,0,0,0,0,0
207276,2,1,1,1,0,2,34
9906410,2,1,1,1,0,2,4
102169,5,1,4,10,0,5,66
207156,4,2,2,2,0,4,29
107104,1,1,0,0,1,0,0
107109,2,2,0,0,0,2,7
5032,2,1,1,1,2,0,0
109175,0,0,0,0,0,0,0
202209,4,1,3,6,0,4,17
112352,4,2,2,2,0,4,13
210175,0,0,0,0,0,0,0
9409230,1,1,0,0,0,1,1
208155,2,1,1,1,0,2,17
9710346,2,1,1,1,2,0,0
9506246,0,0,0,0,0,0,0
2056,0,0,0,0,0,0,0
6181,2,2,0,0,0,2,4
9209212,1,1,0,0,1,0,0
9810447,1,1,0,0,0,1,2
211393,3,3,0,0,0,3,6
201194,1,1,0,0,0,1,5
9604424,4,3,1,1,3,1,1
109050,1,1,0,0,1,0,0
106202,6,6,0,0,3,3,6
212085,0,0,0,0,0,0,0
9206217,3,2,1,1,3,0,0
9605249,2,2,0,0,0,2,2
9901373,0,0,0,0,0,0,0
212208,1,1,0,0,0,1,1
9810205,1,1,0,0,1,0,0
210095,1,1,0,0,0,1,1
9402263,2,2,0,0,2,0,0
205146,1,1,0,0,0,1,1
9911532,2,2,0,0,1,1,2
9704370,0,0,0,0,0,0,0
209287,0,0,0,0,0,0,0
9611456,5,3,2,3,1,4,5
207046,1,1,0,0,1,0,0
210391,1,1,0,0,0,1,2
9912296,0,0,0,0,0,0,0
9608232,0,0,0,0,0,0,0
9177,0,0,0,0,0,0,0
9706463,2,1,1,1,0,2,4
9601258,1,1,0,0,1,0,0
7029,1,1,0,0,1,0,0
9612375,4,4,0,0,2,2,3
108006,0,0,0,0,0,0,0
9507308,1,1,0,0,0,1,1
110351,0,0,0,0,0,0,0
9911508,2,1,1,1,0,2,6
9602203,2,1,1,1,1,1,3
6210,3,1,2,2,0,3,3
2143,4,4,0,0,0,4,17
9903356,1,1,0,0,1,0,0
9803350,2,2,0,0,0,2,8
105162,2,2,0,0,0,2,6
8318,1,1,0,0,0,1,9
9905558,4,1,3,4,0,4,22
9801382,1,1,0,0,1,0,0
205097,2,1,1,1,0,2,12
210281,0,0,0,0,0,0,0
9704427,1,1,0,0,1,0,0
9712308,1,1,0,0,1,0,0
9809482,0,0,0,0,0,0,0
9501278,1,1,0,0,1,0,0
206210,0,0,0,0,0,0,0
9801343,0,0,0,0,0,0,0
9611385,0,0,0,0,0,0,0
2194,2,2,0,0,1,1,2
112035,1,1,0,0,0,1,18
9905299,1,1,0,0,1,0,0
9605360,1,1,0,0,0,1,1
1070,2,2,0,0,1,1,1
4161,2,1,1,1,2,0,0
210077,2,2,0,0,0,2,2
212072,1,1,0,0,1,0,0
9608246,1,1,0,0,0,1,1
9509401,1,1,0,0,1,0,0
204201,2,1,1,1,0,2,3
105343,0,0,0,0,0,0,0
9502277,0,0,0,0,0,0,0
9707246,0,0,0,0,0,0,0
9909283,1,1,0,0,1,0,0
108066,1,1,0,0,0,1,2
9505403,0,0,0,0,0,0,0
9801232,3,1,2,3,3,0,0
110261,5,1,4,5,0,5,8
207071,1,1,0,0,0,1,7
9805511,0,0,0,0,0,0,0
12068,0,0,0,0,0,0,0
9604374,0,0,0,0,0,0,0
9205226,1,1,0,0,1,0,0
9507249,0,0,0,0,0,0,0
212317,0,0,0,0,0,0,0
9510397,2,2,0,0,2,0,0
9711436,2,2,0,0,2,0,0
212307,3,2,1,2,0,3,21
109201,4,3,1,1,0,4,52
112301,0,0,0,0,0,0,0
12286,0,0,0,0,0,0,0
11098,0,0,0,0,0,0,0
110198,0,0,0,0,0,0,0
205299,1,1,0,0,0,1,3
111451,0,0,0,0,0,0,0
12042,0,0,0,0,0,0,0
207328,1,1,0,0,1,0,0
9911303,0,0,0,0,0,0,0
8028,0,0,0,0,0,0,0
211066,0,0,0,0,0,0,0
211143,0,0,0,0,0,0,0
111261,2,2,0,0,0,2,5
9608427,0,0,0,0,0,0,0
203219,0,0,0,0,0,0,0
9801267,0,0,0,0,0,0,0
112175,0,0,0,0,0,0,0
7225,0,0,0,0,0,0,0
208122,1,1,0,0,0,1,5
108266,0,0,0,0,0,0,0
212173,0,0,0,0,0,0,0
9809448,0,0,0,0,0,0,0
102267,1,1,0,0,0,1,2
108038,0,0,0,0,0,0,0
9803332,0,0,0,0,0,0,0
9912237,3,2,1,1,2,1,2
9610436,0,0,0,0,0,0,0
302119,0,0,0,0,0,0,0
9402267,0,0,0,0,0,0,0
9611379,0,0,0,0,0,0,0
209243,1,1,0,0,1,0,0
9411275,1,1,0,0,1,0,0
212356,0,0,0,0,0,0,0
210398,1,1,0,0,0,1,8
9310328,0,0,0,0,0,0,0
5237,1,1,0,0,1,0,0
9712274,1,1,0,0,0,1,1
9323,0,0,0,0,0,0,0
104214,2,1,1,1,0,2,18
112019,0,0,0,0,0,0,0
9609372,4,1,3,5,4,0,0
209024,1,1,0,0,0,1,6
210440,0,0,0,0,0,0,0
106239,0,0,0,0,0,0,0
9503267,0,0,0,0,0,0,0
105341,0,0,0,0,0,0,0
9612215,1,1,0,0,0,1,2
106323,1,1,0,0,0,1,4
9807512,0,0,0,0,0,0,0
9803233,0,0,0,0,0,0,0
9509243,1,1,0,0,0,1,1
110188,1,1,0,0,0,1,18
302079,0,0,0,0,0,0,0
9606304,0,0,0,0,0,0,0
101235,0,0,0,0,0,0,0
9310277,0,0,0,0,0,0,0
106300,1,1,0,0,1,0,0
111264,1,1,0,0,0,1,8
9808395,0,0,0,0,0,0,0
302103,0,0,0,0,0,0,0
107179,0,0,0,0,0,0,0
209075,0,0,0,0,0,0,0
12200,0,0,0,0,0,0,0
9507301,0,0,0,0,0,0,0
205142,0,0,0,0,0,0,0
9802360,0,0,0,0,0,0,0
207163,0,0,0,0,0,0,0
9501397,1,1,0,0,0,1,1
1135,2,1,1,1,0,2,4
9409247,0,0,0,0,0,0,0
9912235,0,0,0,0,0,0,0
102202,0,0,0,0,0,0,0
9812511,0,0,0,0,0,0,0
9912418,0,0,0,0,0,0,0
5325,1,1,0,0,0,1,4
9505258,0,0,0,0,0,0,0
9907429,2,2,0,0,0,2,4
9911335,1,1,0,0,0,1,2
204346,1,1,0,0,0,1,4
101141,1,1,0,0,0,1,2
9703322,0,0,0,0,0,0,0
9810395,0,0,0,0,0,0,0
9707374,0,0,0,0,0,0,0
112323,0,0,0,0,0,0,0
11084,0,0,0,0,0,0,0
9804405,0,0,0,0,0,0,0
302261,0,0,0,0,0,0,0
12144,0,0,0,0,0,0,0
11338,0,0,0,0,0,0,0
9803231,0,0,0,0,0,0,0
9709482,0,0,0,0,0,0,0
11042,0,0,0,0,0,0,0
209113,0,0,0,0,0,0,0
203216,0,0,0,0,0,0,0
9404260,1,1,0,0,1,0,0
104286,0,0,0,0,0,0,0
109152,0,0,0,0,0,0,0
112311,0,0,0,0,0,0,0
209240,1,1,0,0,0,1,2
207016,0,0,0,0,0,0,0
206281,0,0,0,0,0,0,0
9905438,2,1,1,1,1,1,1
202062,0,0,0,0,0,0,0
9806485,1,1,0,0,1,0,0
111347,0,0,0,0,0,0,0
212326,0,0,0,0,0,0,0
209288,0,0,0,0,0,0,0
205089,1,1,0,0,0,1,10
9605287,0,0,0,0,0,0,0
211372,0,0,0,0,0,0,0
6048,1,1,0,0,0,1,2
9809518,0,0,0,0,0,0,0
301135,0,0,0,0,0,0,0
206119,0,0,0,0,0,0,0
106079,0,0,0,0,0,0,0
212190,0,0,0,0,0,0,0
9310360,0,0,0,0,0,0,0
9411385,0,0,0,0,0,0,0
111400,0,0,0,0,0,0,0
210401,0,0,0,0,0,0,0
103196,0,0,0,0,0,0,0
9610253,0,0,0,0,0,0,0
9611262,0,0,0,0,0,0,0
9812494,0,0,0,0,0,0,0
9506408,0,0,0,0,0,0,0
302100,0,0,0,0,0,0,0
9312314,0,0,0,0,0,0,0
9609335,0,0,0,0,0,0,0
204169,0,0,0,0,0,0,0
9502202,0,0,0,0,0,0,0
209198,0,0,0,0,0,0,0
112271,0,0,0,0,0,0,0
9410299,0,0,0,0,0,0,0
207212,0,0,0,0,0,0,0
112164,0,0,0,0,0,0,0
9909247,0,0,0,0,0,0,0
9805431,0,0,0,0,0,0,0
9910482,0,0,0,0,0,0,0
212281,0,0,0,0,0,0,0
301162,0,0,0,0,0,0,0
9907239,0,0,0,0,0,0,0
9809528,0,0,0,0,0,0,0
9710419,1,1,0,0,0,1,1
112327,0,0,0,0,0,0,0
205193,0,0,0,0,0,0,0
105047,0,0,0,0,0,0,0
111369,0,0,0,0,0,0,0
212050,0,0,0,0,0,0,0
302262,0,0,0,0,0,0,0
108151,0,0,0,0,0,0,0
9812480,0,0,0,0,0,0,0
210066,0,0,0,0,0,0,0
9207270,0,0,0,0,0,0,0
210231,0,0,0,0,0,0,0
9807491,0,0,0,0,0,0,0
104149,0,0,0,0,0,0,0
9511413,0,0,0,0,0,0,0
9610201,0,0,0,0,0,0,0
9409360,0,0,0,0,0,0,0
9212231,0,0,0,0,0,0,0
111148,0,0,0,0,0,0,0
302135,1,1,0,0,0,1,5
107028,0,0,0,0,0,0,0
8213,0,0,0,0,0,0,0
9706236,0,0,0,0,0,0,0
9901435,0,0,0,0,0,0,0
211035,0,0,0,0,0,0,0
212087,0,0,0,0,0,0,0
211126,0,0,0,0,0,0,0
9705365,0,0,0,0,0,0,0
9412226,0,0,0,0,0,0,0
9911469,0,0,0,0,0,0,0
302043,0,0,0,0,0,0,0
9907546,0,0,0,0,0,0,0
1294,0,0,0,0,0,0,0
9908234,0,0,0,0,0,0,0
6008,0,0,0,0,0,0,0
9306303,0,0,0,0,0,0,0
9908452,0,0,0,0,0,0,0
302275,0,0,0,0,0,0,0
9501357,81,13,68,227,15,66,178
9810333,44,12,32,125,21,23,40
8159,22,3,19,57,0,22,200
9801443,49,4,45,167,2,47,186
9307318,14,3,11,35,14,0,0
9408306,74,8,66,398,5,69,335
7339,5,4,1,1,1,4,22
9907300,6,3,3,6,1,5,11
9906497,11,4,7,16,6,5,8
9606354,57,22,35,78,33,24,46
201160,1,1,0,0,0,1,1
9502376,18,4,14,45,0,18,50
9806351,26,3,23,114,2,24,92
103338,4,3,1,1,2,2,2
9909411,39,10,29,78,2,37,189
9408313,28,9,19,37,28,0,0
9610368,16,4,12,25,0,16,46
9709493,3,2,1,2,0,3,4
9902202,1,1,0,0,0,1,23
9305272,5,4,1,1,3,2,2
9207273,19,4,15,41,19,0,0
9603311,36,7,29,102,8,28,68
9903287,1,1,0,0,0,1,3
9306306,25,5,20,66,25,0,0
9510308,24,1,23,120,1,23,44
9812320,57,2,55,354,2,55,393
5024,31,9,22,58,5,26,145
202199,5,4,1,1,0,5,54
9704456,23,1,22,54,23,0,0
9403353,7,5,2,2,5,2,7
9409303,10,4,6,10,10,0,0
9608329,18,8,10,16,5,13,39
9502418,45,5,40,203,7,38,93
9212245,13,5,8,23,13,0,0
9504312,39,6,33,121,2,37,140
9710476,4,2,2,3,4,0,0
9708403,27,6,21,75,13,14,23
9808470,40,13,27,94,16,24,24
9712493,96,5,91,479,27,69,223
9611423,52,9,43,169,26,26,39
9206209,9,7,2,2,9,0,0
9809554,45,5,40,233,7,38,111
9908262,3,1,2,2,1,2,6
9807466,14,6,8,13,2,12,31
9705270,15,3,12,21,4,11,35
9807305,78,7,71,348,18,60,273
9806490,1,1,0,0,0,1,7
9305257,16,6,10,19,16,0,0
9904328,15,1,14,41,1,14,36
9603430,36,7,29,197,9,27,27
9809315,34,5,29,135,0,34,261
9903499,12,2,10,29,0,12,33
9505318,4,3,1,1,4,0,0
9607239,46,9,37,143,26,20,34
9703361,10,4,6,14,1,9,26
9311257,16,6,10,25,7,9,22
9608218,2,2,0,0,0,2,16
9711288,6,5,1,1,1,5,12
9606342,76,1,75,386,17,59,143
9406224,81,20,61,205,58,23,29
9309293,75,20,55,210,16,59,136
9609443,51,7,44,235,2,49,96
9610540,82,8,74,665,0,82,413
9706510,11,5,6,8,4,7,16
12099,16,6,10,23,0,16,58
9901278,34,3,31,89,3,31,78
9708326,37,6,31,135,7,30,64
9805260,10,4,6,10,1,9,29
9812229,37,6,31,113,2,35,152
9812278,15,3,12,38,2,13,95
9507386,104,3,101,981,14,90,225
9612426,47,8,39,218,4,43,221
9706540,54,9,45,184,7,47,190
9912319,15,4,11,26,0,15,81
9508314,21,7,14,42,11,10,17
9509379,49,6,43,210,49,0,0
106205,2,2,0,0,1,1,4
9903305,23,9,14,32,0,23,244
9810520,11,7,4,5,2,9,53
9712372,60,8,52,218,2,58,367
9307322,62,4,58,372,23,39,105
2167,30,12,18,53,7,23,87
9309294,79,15,64,216,66,13,14
9802310,2,1,1,1,1,1,3
9512206,23,7,16,65,23,0,0
9706207,23,3,20,49,1,22,114
9609449,64,11,53,284,5,59,517
9608314,4,1,3,3,1,3,11
9805471,78,3,75,684,4,74,149
9605288,98,13,85,357,23,75,197
9306296,25,14,11,39,10,15,18
9607383,103,9,94,499,34,69,111
9809530,10,7,3,3,0,10,28
9808429,6,2,4,6,1,5,27
9708342,12,2,10,25,0,12,98
9311303,11,6,5,11,11,0,0
9707337,23,9,14,35,11,12,21
9707264,37,3,34,156,8,29,63
9801322,32,2,30,120,10,22,101
9407337,17,6,11,18,11,6,6
9409446,21,6,15,43,2,19,30
9309234,23,5,18,64,23,0,0
9708350,23,4,19,55,1,22,107
9703360,6,3,3,7,0,6,22
9902230,11,2,9,23,1,10,48
9404343,25,7,18,54,0,25,48
102170,1,1,0,0,0,1,3
9803363,57,1,56,362,5,52,235
9408380,21,1,20,76,3,18,41
9704325,32,4,28,161,6,26,48
9607293,13,5,8,21,11,2,2
9212305,51,12,39,164,49,2,2
9511216,6,4,2,3,0,6,19
9603366,80,21,59,194,15,65,95
9511305,15,11,4,6,3,12,20
9510408,100,14,86,463,7,93,396
9405343,19,1,18,84,14,5,5
9906536,14,1,13,34,1,13,60
9406276,6,5,1,1,2,4,4
9405240,30,8,22,61,13,17,17
9904270,14,4,10,23,0,14,73
9501364,8,4,4,6,1,7,11
9907502,20,3,17,46,4,16,35
9808404,44,3,41,283,0,44,244
9705347,72,9,63,359,2,70,254
9611213,31,4,27,96,10,21,45
9607291,19,4,15,39,3,16,100
9806484,35,4,31,134,0,35,201
9906280,11,4,7,13,0,11,46
5025,39,20,19,51,2,37,311
9505343,11,6,5,5,4,7,21
101326,16,1,15,67,0,16,110
1043,6,1,5,9,5,1,1
9211267,16,8,8,17,8,8,8
9605293,4,4,0,0,1,3,6
9807318,12,5,7,13,3,9,46
10274,12,1,11,29,0,12,81
108210,15,5,10,14,0,15,65
205106,12,9,3,3,0,12,118
9608277,34,7,27,66,10,24,35
9305349,8,4,4,7,8,0,0
9407404,81,19,62,214,26,55,110
9811316,21,8,13,42,1,20,124
9807522,34,5,29,106,0,34,179
9706429,1,1,0,0,0,1,2
9707423,44,1,43,299,17,27,38
9705361,19,4,15,67,4,15,15
9801448,13,7,6,7,1,12,30
9404207,29,8,21,61,26,3,3
9506380,222,22,200,1220,50,172,607
9404342,32,9,23,70,21,11,17
9601292,5,4,1,1,3,2,3
9512369,58,5,53,332,0,58,187
9703275,9,2,7,18,4,5,6
9505308,28,9,19,52,28,0,0
9309275,2,2,0,0,2,0,0
9905229,5,3,2,2,3,2,3
9904297,24,9,15,26,2,22,99
9604222,6,4,2,2,3,3,5
9312329,12,1,11,27,3,9,17
9805486,6,3,3,5,0,6,15
9607475,4,3,1,1,0,4,9
9504313,15,2,13,55,1,14,29
9412249,16,6,10,27,0,16,34
9712350,8,1,7,9,0,8,22
107154,14,3,11,27,0,14,110
9508356,5,4,1,1,1,4,4
9502318,14,12,2,2,1,13,50
9606269,10,2,8,18,1,9,15
9406328,17,6,11,21,9,8,18
2186,27,7,20,35,0,27,129
6127,11,2,9,19,2,9,24
9610527,14,1,13,22,0,14,39
9704358,8,3,5,15,0,8,50
102157,103,7,96,960,1,102,560
9811300,5,1,4,6,2,3,27
9909497,19,2,17,61,0,19,129
9307235,49,12,37,126,26,23,23
9811402,15,6,9,24,6,9,17
9408265,32,8,24,107,4,28,126
103054,28,1,27,128,1,27,254
10203,34,11,23,67,1,33,287
9903402,58,3,55,350,1,57,292
104034,45,10,35,103,3,42,313
104166,15,4,11,39,0,15,59
9912282,9,4,5,6,0,9,51
9510422,11,5,6,11,0,11,12
103060,8,4,4,6,1,7,24
1268,54,5,49,337,0,54,185
2132,9,5,4,5,0,9,51
9803387,15,4,11,19,3,12,29
9910545,11,4,7,15,1,10,35
9906308,11,5,6,11,0,11,24
6311,19,4,15,49,5,14,39
9712541,7,1,6,15,1,6,7
9602317,5,1,4,10,5,0,0
9505419,31,6,25,82,5,26,57
10051,3,2,1,2,0,3,35
9812486,47,3,44,488,0,47,460
9907347,16,3,13,32,0,16,386
10029,13,5,8,11,0,13,126
9903358,170,19,151,832,9,161,476
109028,5,3,2,3,0,5,34
107173,11,2,9,22,0,11,32
9801261,3,3,0,0,2,1,1
201146,6,3,3,4,1,5,94
9405318,4,4,0,0,1,3,5
110163,34,2,32,223,0,34,256
9908299,21,1,20,62,0,21,167
9802357,104,37,67,241,12,92,353
9511417,25,3,22,51,21,4,5
9912496,13,4,9,26,0,13,81
11132,14,10,4,10,0,14,52
7048,6,3,3,3,0,6,34
107030,8,1,7,17,0,8,66
9807246,11,2,9,15,1,10,84
9806273,2,2,0,0,1,1,17
4031,7,4,3,4,1,6,22
9503369,2,2,0,0,0,2,3
9309208,3,3,0,0,3,0,0
9306209,19,8,11,29,5,14,17
4068,9,4,5,11,0,9,48
9019,0,0,0,0,0,0,0
9409377,7,3,4,4,5,2,2
4262,17,5,12,24,1,16,162
12222,15,5,10,20,0,15,54
9904321,8,3,5,8,1,7,58
9402341,35,6,29,143,35,0,0
9806242,2,2,0,0,2,0,0
7315,29,1,28,132,0,29,196
9610476,1,1,0,0,1,0,0
9701208,13,9,4,5,0,13,148
9612408,14,6,8,16,0,14,111
9409211,14,5,9,21,14,0,0
9511301,9,5,4,6,9,0,0
9704224,15,6,9,20,0,15,38
9709470,5,2,3,5,2,3,3
9706231,4,3,1,1,0,4,22
9512269,2,1,1,1,0,2,16
9505220,10,1,9,11,1,9,22
12260,32,10,22,51,6,26,32
9708220,20,5,15,32,6,14,33
9906224,55,14,41,116,0,55,488
9305228,44,10,34,102,44,0,0
105336,12,4,8,20,0,12,51
9703420,75,7,68,306,3,72,202
9501369,146,35,111,390,92,54,98
9511299,1,1,0,0,1,0,0
101305,21,4,17,57,1,20,229
5020,4,3,1,1,0,4,48
9911461,8,3,5,12,1,7,33
9212210,26,12,14,29,10,16,21
9608405,4,2,2,2,2,2,5
9603289,48,10,38,142,23,25,49
3075,20,10,10,16,0,20,127
9707220,33,11,22,51,9,24,46
9702277,24,9,15,34,1,23,54
9710224,23,8,15,30,3,20,74
9710300,23,8,15,41,0,23,114
9610445,37,10,27,74,14,23,50
9512404,81,4,77,390,1,80,251
9907204,10,1,9,14,1,9,33
9609361,4,2,2,3,1,3,14
9234,4,1,3,4,0,4,6
9706270,35,4,31,85,0,35,184
9409371,32,6,26,99,23,9,9
9311376,24,10,14,29,23,1,1
9705290,43,4,39,171,2,41,209
9607232,2,2,0,0,0,2,10
9707292,1,1,0,0,1,0,0
9809568,1,1,0,0,0,1,5
9812348,9,2,7,14,1,8,56
9704318,5,3,2,2,2,3,3
9504248,73,2,71,526,4,69,166
9704347,11,5,6,19,0,11,228
9403391,15,10,5,9,4,11,17
9509338,4,3,1,1,2,2,6
9205243,36,8,28,115,36,0,0
9804365,4,2,2,2,0,4,22
101263,1,1,0,0,0,1,2
9802424,28,2,26,93,28,0,0
2282,10,7,3,5,2,8,27
105204,14,4,10,29,0,14,55
9812249,2,2,0,0,1,1,5
9704326,4,3,1,1,1,3,13
9604212,3,3,0,0,3,0,0
9509347,12,7,5,6,2,10,19
9811240,9,2,7,10,0,9,44
9709500,4,3,1,1,1,3,4
9801253,8,4,4,4,1,7,7
2221,4,2,2,2,0,4,14
9604405,2,2,0,0,2,0,0
9707392,6,2,4,13,2,4,5
5186,6,2,4,6,0,6,26
9803476,24,7,17,42,0,24,173
9911510,7,4,3,4,1,6,48
9603413,5,1,4,5,2,3,4
9606223,16,3,13,30,6,10,16
9307205,8,5,3,4,8,0,0
9909372,13,9,4,5,1,12,65
9910489,4,2,2,2,2,2,5
9302320,3,1,2,3,3,0,0
9512437,12,7,5,8,5,7,22
9603322,14,7,7,17,7,7,7
9405298,16,4,12,20,6,10,10
9610327,3,1,2,2,3,0,0
9712364,2,2,0,0,1,1,11
2287,41,4,37,194,0,41,273
7095,5,2,3,4,0,5,25
9912398,19,8,11,24,2,17,102
9811295,8,3,5,9,2,6,27
9511401,9,5,4,4,4,5,10
9612256,7,1,6,13,1,6,22
9710350,3,3,0,0,0,3,19
110255,12,9,3,3,2,10,88
9811333,2,1,1,1,0,2,2
9712520,14,2,12,20,4,10,24
105111,6,3,3,5,2,4,11
9306224,12,4,8,12,12,0,0
105222,8,2,6,10,0,8,31
6045,21,7,14,24,1,20,102
9507322,2,1,1,1,0,2,6
9608209,3,1,2,2,0,3,15
9811434,5,4,1,1,0,5,27
11389,2,2,0,0,0,2,4
9605238,9,3,6,21,0,9,22
9602289,1,1,0,0,0,1,4
108068,9,2,7,20,0,9,30
9310324,22,5,17,52,22,0,0
9306323,27,11,16,45,27,0,0
9412334,23,7,16,37,11,12,17
12151,1,1,0,0,0,1,3
9612285,25,13,12,20,13,12,21
112235,10,5,5,9,1,9,72
108205,3,3,0,0,0,3,12
9506292,7,5,2,3,3,4,4
9902375,35,15,20,45,19,16,37
9509242,22,8,14,30,10,12,12
101226,7,1,6,13,0,7,36
9606206,1,1,0,0,0,1,1
9602258,6,4,2,5,1,5,11
9510417,7,2,5,5,4,3,6
11264,10,7,3,4,7,3,3
109157,1,1,0,0,1,0,0
9902440,13,8,5,10,0,13,67
9711231,34,3,31,119,7,27,54
9312337,2,1,1,1,2,0,0
9906366,18,3,15,41,0,18,87
9808283,45,10,35,126,32,13,13
9905216,4,2,2,2,0,4,18
109075,2,1,1,1,0,2,2
202048,8,2,6,8,1,7,111
5088,0,0,0,0,0,0,0
9604311,3,1,2,3,3,0,0
101010,10,1,9,18,4,6,24
102042,4,1,3,4,0,4,7
9406238,7,2,5,15,0,7,24
104056,10,2,8,22,0,10,170
9410266,24,9,15,36,1,23,67
9506255,7,5,2,6,7,0,0
103244,6,1,5,8,0,6,18
9610404,3,1,2,2,0,3,10
9610515,11,9,2,2,0,11,59
9611387,8,3,5,9,0,8,40
9406357,15,4,11,31,15,0,0
9903484,3,3,0,0,0,3,5
108176,1,1,0,0,0,1,5
9907365,7,1,6,11,0,7,65
9408337,0,0,0,0,0,0,0
9702312,5,5,0,0,2,3,16
9502233,1,1,0,0,1,0,0
9601278,10,4,6,10,4,6,32
9607408,25,7,18,46,4,21,21
107123,12,3,9,19,0,12,50
204049,5,3,2,4,0,5,24
12236,3,3,0,0,0,3,7
9707445,13,3,10,28,1,12,19
207326,9,3,6,9,0,9,86
9807569,5,1,4,4,1,4,7
108152,15,4,11,29,0,15,144
7206,7,1,6,10,0,7,39
11393,22,5,17,67,3,19,71
9806302,0,0,0,0,0,0,0
105212,23,9,14,37,0,23,59
109277,8,5,3,5,7,1,1
9709366,10,6,4,7,0,10,33
9508206,7,3,4,7,2,5,8
203244,11,6,5,9,0,11,100
9802205,1,1,0,0,0,1,1
9603251,4,3,1,1,1,3,9
9410391,1,1,0,0,0,1,3
9707387,14,7,7,10,4,10,19
9905226,29,15,14,23,0,29,281
9904230,11,3,8,27,8,3,3
9807504,19,11,8,20,5,14,21
9304314,5,2,3,3,5,0,0
9610523,2,1,1,1,0,2,7
111245,15,3,12,25,1,14,153
12077,3,1,2,2,0,3,19
9902295,0,0,0,0,0,0,0
9803481,8,4,4,6,3,5,9
9804211,34,6,28,91,16,18,56
9802341,15,1,14,28,15,0,0
9609249,1,1,0,0,0,1,1
9706524,3,3,0,0,1,2,8
12336,4,3,1,1,0,4,26
9805508,3,2,1,1,0,3,7
9905573,5,5,0,0,5,0,0
9807322,2,1,1,1,1,1,1
9807427,15,6,9,15,9,6,13
9909466,1,1,0,0,0,1,1
9611219,3,3,0,0,0,3,9
101347,12,6,6,9,0,12,87
9407294,3,3,0,0,1,2,4
12075,48,6,42,161,1,47,63
9809548,3,1,2,2,0,3,16
9712418,6,1,5,8,0,6,13
110102,12,7,5,9,1,11,11
109052,7,5,2,2,0,7,87
9601341,2,2,0,0,1,1,1
9706537,5,2,3,5,0,5,10
9703393,1,1,0,0,1,0,0
9309328,3,1,2,2,3,0,0
9206240,6,3,3,4,6,0,0
2204,11,4,7,11,2,9,19
9910326,2,2,0,0,2,0,0
9905232,1,1,0,0,0,1,3
104253,5,1,4,8,4,1,1
9911408,13,13,0,0,10,3,4
9902394,4,3,1,1,0,4,9
9806353,7,3,4,7,0,7,11
9607484,4,3,1,1,1,3,33
9610467,14,1,13,36,5,9,22
210193,5,4,1,1,0,5,21
9309216,21,7,14,34,21,0,0
9303257,14,3,11,30,1,13,13
109061,3,3,0,0,0,3,27
9404252,0,0,0,0,0,0,0
9612314,7,1,6,11,4,3,4
9705377,7,3,4,6,2,5,6
9509371,9,4,5,9,0,9,43
9805382,2,2,0,0,0,2,3
9612208,7,3,4,5,1,6,11
9905446,5,3,2,2,0,5,13
9802302,8,5,3,3,0,8,41
9810415,7,5,2,3,6,1,1
109189,0,0,0,0,0,0,0
9710381,4,2,2,2,2,2,5
9708458,1,1,0,0,0,1,1
9904233,12,6,6,7,1,11,63
9203224,3,2,1,1,3,0,0
10204,3,3,0,0,0,3,14
9805397,7,5,2,3,0,7,19
9702394,17,4,13,31,4,13,35
9407309,1,1,0,0,0,1,2
9910429,0,0,0,0,0,0,0
103234,11,6,5,7,0,11,41
9910542,3,2,1,1,0,3,5
205202,0,0,0,0,0,0,0
9903309,2,1,1,1,0,2,7
9603250,7,1,6,9,2,5,19
111471,3,2,1,1,0,3,15
109140,18,8,10,22,0,18,195
9804347,10,4,6,13,7,3,3
12040,1,1,0,0,1,0,0
9607238,7,2,5,13,0,7,11
111436,1,1,0,0,0,1,1
9909517,1,1,0,0,0,1,5
9908203,3,2,1,1,0,3,11
102068,6,1,5,7,0,6,20
9803246,8,3,5,9,0,8,24
108225,10,3,7,20,0,10,89
203118,3,1,2,2,0,3,21
9807243,8,4,4,4,3,5,24
109213,3,2,1,1,0,3,7
9805299,1,1,0,0,0,1,6
9708217,4,2,2,2,4,0,0
9204203,3,3,0,0,3,0,0
12194,4,2,2,3,0,4,27
9702324,1,1,0,0,0,1,2
207364,3,2,1,1,0,3,40
106105,1,1,0,0,0,1,3
9701266,17,6,11,34,2,15,22
9912548,5,2,3,5,0,5,43
9609501,1,1,0,0,0,1,6
9903467,1,1,0,0,0,1,6
111249,4,2,2,2,1,3,14
9300,1,1,0,0,0,1,6
9910462,7,3,4,9,7,0,0
9409392,6,5,1,2,4,2,3
9911304,5,2,3,6,0,5,48
9304235,5,4,1,2,3,2,5
2241,11,7,4,9,1,10,24
9704435,3,3,0,0,0,3,3
9903489,19,7,12,33,0,19,58
9711298,7,4,3,8,0,7,21
205050,10,6,4,5,0,10,58
9704417,8,3,5,8,5,3,3
9810352,1,1,0,0,0,1,2
204208,9,1,8,18,0,9,52
9901239,13,4,9,23,1,12,62
3020,14,1,13,43,0,14,47
9907397,3,2,1,1,0,3,14
9090,7,6,1,1,4,3,5
205147,2,2,0,0,1,1,6
205131,9,4,5,12,0,9,49
103281,2,1,1,1,0,2,7
9509357,0,0,0,0,0,0,0
9909338,6,5,1,1,2,4,17
1074,7,3,4,4,0,7,20
9210212,5,2,3,6,5,0,0
6206,2,1,1,1,0,2,9
212321,2,2,0,0,0,2,18
208203,7,5,2,2,0,7,108
108188,7,4,3,4,0,7,33
9806402,12,2,10,28,1,11,16
9310231,2,1,1,1,0,2,2
3268,3,3,0,0,1,2,7
6239,3,1,2,3,3,0,0
9709490,4,3,1,1,3,1,4
106162,4,1,3,3,0,4,23
9401216,1,1,0,0,0,1,2
9909256,2,2,0,0,0,2,13
208080,24,9,15,56,3,21,107
9703460,6,2,4,10,6,0,0
9904458,4,2,2,3,0,4,24
9509278,9,2,7,14,0,9,37
12012,4,3,1,1,0,4,7
12128,2,2,0,0,1,1,5
9802215,1,1,0,0,0,1,2
9705379,1,1,0,0,1,0,0
4237,15,5,10,10,0,15,18
9301228,6,4,2,2,3,3,3
9407348,4,2,2,2,4,0,0
9912450,3,3,0,0,0,3,9
106004,3,2,1,1,0,3,38
107139,5,4,1,1,1,4,16
9508301,4,1,3,6,4,0,0
6158,5,4,1,1,5,0,0
110087,2,2,0,0,0,2,20
109217,10,4,6,16,1,9,68
202145,4,2,2,2,1,3,13
103018,3,2,1,1,0,3,18
106012,63,20,43,109,0,63,726
105046,3,2,1,1,0,3,29
10217,8,3,5,8,0,8,36
206071,12,4,8,22,0,12,72
204152,1,1,0,0,0,1,5
104264,11,6,5,9,0,11,53
9406247,0,0,0,0,0,0,0
9508205,7,4,3,6,4,3,3
103267,7,3,4,6,3,4,21
103337,5,1,4,7,1,4,5
12218,1,1,0,0,1,0,0
12103,19,8,11,23,0,19,167
9709225,9,5,4,9,0,9,60
9503205,8,4,4,6,1,7,16
12277,2,2,0,0,1,1,2
9907415,4,4,0,0,3,1,1
9808326,7,2,5,10,4,3,5
9511423,4,2,2,2,4,0,0
9609518,6,2,4,5,1,5,14
207277,4,3,1,2,0,4,72
9805279,3,1,2,3,0,3,21
9809249,17,5,12,48,2,15,57
9908321,9,1,8,20,5,4,4
9810283,3,1,2,2,0,3,23
7211,1,1,0,0,0,1,2
9512270,7,1,6,14,7,0,0
9303228,1,1,0,0,1,0,0
101322,12,7,5,10,2,10,31
9806422,1,1,0,0,0,1,1
102172,7,2,5,8,1,6,16
9506269,14,5,9,10,1,13,16
205165,7,6,1,1,0,7,44
9601301,2,2,0,0,0,2,7
9704425,0,0,0,0,0,0,0
9904374,1,1,0,0,1,0,0
9904291,11,5,6,14,3,8,34
105237,0,0,0,0,0,0,0
108156,3,3,0,0,2,1,2
9801284,10,1,9,31,6,4,4
9706319,0,0,0,0,0,0,0
9406310,1,1,0,0,0,1,1
209165,2,1,1,1,0,2,6
102064,7,1,6,12,0,7,47
212270,13,8,5,10,2,11,75
6085,7,3,4,4,5,2,5
9906352,1,1,0,0,0,1,2
4119,2,2,0,0,0,2,4
9807335,12,3,9,15,1,11,44
109250,3,1,2,3,0,3,6
9611282,5,2,3,5,0,5,13
1115,10,5,5,5,0,10,98
111187,3,1,2,2,1,2,11
8284,2,2,0,0,2,0,0
9803239,3,2,1,1,0,3,19
9710467,1,1,0,0,0,1,3
9508382,2,2,0,0,1,1,2
9805323,2,1,1,1,0,2,22
104005,2,1,1,1,0,2,11
212021,0,0,0,0,0,0,0
9412251,5,3,2,3,5,0,0
9310219,1,1,0,0,1,0,0
1239,6,1,5,11,0,6,26
9611231,4,2,2,2,0,4,6
9207203,3,2,1,1,3,0,0
9507288,4,2,2,3,4,0,0
9605256,3,2,1,1,0,3,17
9811376,8,4,4,4,0,8,19
9210237,3,2,1,1,3,0,0
9312226,8,3,5,9,8,0,0
202186,1,1,0,0,1,0,0
9802378,3,3,0,0,1,2,3
9902314,2,1,1,1,0,2,4
9910524,2,1,1,1,0,2,15
206086,1,1,0,0,0,1,5
9710398,5,3,2,3,1,4,9
9811430,1,1,0,0,1,0,0
9609270,1,1,0,0,0,1,1
9408211,3,3,0,0,0,3,3
9701329,3,2,1,2,3,0,0
207070,5,1,4,8,1,4,10
9406280,0,0,0,0,0,0,0
5012,3,3,0,0,3,0,0
209302,3,2,1,1,1,2,14
205093,3,3,0,0,0,3,5
9910394,1,1,0,0,0,1,6
9911333,2,2,0,0,1,1,1
9808477,5,4,1,1,1,4,11
6202,3,1,2,2,0,3,14
9903310,4,4,0,0,3,1,1
11076,6,1,5,7,0,6,9
6027,5,4,1,1,1,4,44
205061,8,2,6,21,0,8,35
9905279,1,1,0,0,0,1,11
9909320,2,2,0,0,1,1,3
9812368,7,1,6,11,3,4,7
9807210,1,1,0,0,1,0,0
112114,6,2,4,4,3,3,22
210048,1,1,0,0,0,1,13
105152,1,1,0,0,0,1,4
9507268,5,1,4,8,2,3,3
9811259,11,3,8,18,1,10,64
9805206,8,5,3,4,3,5,20
9605252,8,2,6,7,1,7,14
9412274,5,1,4,4,5,0,0
9802403,3,2,1,1,0,3,13
9912245,10,5,5,6,10,0,0
11398,4,2,2,2,0,4,7
102108,1,1,0,0,0,1,3
9706505,4,3,1,1,4,0,0
103161,5,2,3,4,0,5,27
9611315,5,2,3,4,5,0,0
9707206,3,3,0,0,2,1,2
9806373,6,4,2,4,0,6,29
205109,7,4,3,8,0,7,70
9607457,2,1,1,1,0,2,5
1279,1,1,0,0,0,1,6
205208,21,4,17,37,0,21,122
102038,3,2,1,1,0,3,3
9324,6,3,3,7,0,6,124
9804387,3,2,1,1,1,2,10
9905245,5,2,3,3,3,2,6
105279,8,3,5,6,0,8,34
9812254,4,1,3,4,1,3,9
9305298,1,1,0,0,1,0,0
9406410,1,1,0,0,1,0,0
9212254,1,1,0,0,1,0,0
9812395,3,2,1,1,0,3,5
9304244,1,1,0,0,1,0,0
9905427,15,6,9,22,5,10,22
8201,3,1,2,2,0,3,14
9606424,1,1,0,0,0,1,1
211131,0,0,0,0,0,0,0
9803275,1,1,0,0,0,1,1
12235,6,5,1,1,3,3,5
6336,4,4,0,0,1,3,4
9905225,1,1,0,0,0,1,1
9902311,1,1,0,0,0,1,2
209027,1,1,0,0,0,1,1
110007,3,3,0,0,0,3,4
9510249,3,1,2,2,2,1,6
9411441,2,2,0,0,1,1,1
9906323,0,0,0,0,0,0,0
9402255,2,2,0,0,1,1,2
12193,5,3,2,2,2,3,3
109034,8,3,5,8,0,8,47
101234,1,1,0,0,0,1,2
9512342,1,1,0,0,0,1,5
9507312,2,1,1,1,0,2,9
204144,6,3,3,7,0,6,11
9701295,0,0,0,0,0,0,0
9708406,0,0,0,0,0,0,0
9812528,0,0,0,0,0,0,0
9511411,4,4,0,0,1,3,8
9505231,3,3,0,0,0,3,3
4180,1,1,0,0,1,0,0
9904306,1,1,0,0,0,1,4
12003,5,2,3,5,3,2,2
9402352,2,2,0,0,2,0,0
9711376,1,1,0,0,0,1,1
9801455,0,0,0,0,0,0,0
211247,0,0,0,0,0,0,0
1163,0,0,0,0,0,0,0
209341,0,0,0,0,0,0,0
110038,5,2,3,4,5,0,0
209111,1,1,0,0,0,1,1
207303,1,1,0,0,0,1,2
9701282,1,1,0,0,0,1,5
9501272,2,2,0,0,0,2,2
101063,1,1,0,0,0,1,1
9507328,3,1,2,2,2,1,1
9707543,9,8,1,1,9,0,0
207217,1,1,0,0,0,1,1
9303250,2,1,1,1,2,0,0
9603263,6,2,4,5,0,6,48
212292,0,0,0,0,0,0,0
206178,4,3,1,1,2,2,8
302170,0,0,0,0,0,0,0
5190,10,7,3,7,1,9,31
9804271,2,2,0,0,0,2,3
203130,1,1,0,0,1,0,0
110209,0,0,0,0,0,0,0
9812352,2,2,0,0,0,2,7
111025,2,2,0,0,0,2,5
9504209,2,1,1,1,1,1,1
4162,1,1,0,0,0,1,9
9604305,5,3,2,2,2,3,3
9908304,4,3,1,1,0,4,11
101013,1,1,0,0,0,1,1
9806337,8,3,5,9,1,7,15
111196,4,2,2,2,0,4,23
9212256,5,1,4,7,5,0,0
9710250,2,2,0,0,2,0,0
9901332,9,2,7,23,8,1,1
104061,0,0,0,0,0,0,0
9811388,2,2,0,0,0,2,5
9911444,0,0,0,0,0,0,0
6161,4,3,1,1,2,2,2
9712533,5,3,2,2,0,5,10
202242,3,3,0,0,0,3,14
9509376,0,0,0,0,0,0,0
9509280,1,1,0,0,1,0,0
110092,0,0,0,0,0,0,0
9812530,4,1,3,6,0,4,37
211320,0,0,0,0,0,0,0
9904357,3,3,0,0,0,3,35
9905435,3,1,2,3,0,3,8
9507325,2,2,0,0,0,2,4
210180,0,0,0,0,0,0,0
209105,1,1,0,0,0,1,7
9908494,0,0,0,0,0,0,0
211038,1,1,0,0,0,1,4
9506224,1,1,0,0,1,0,0
9708320,4,1,3,5,0,4,4
9905485,4,2,2,2,0,4,5
211256,1,1,0,0,0,1,2
211115,0,0,0,0,0,0,0
9809411,8,2,6,10,5,3,3
9510260,2,2,0,0,0,2,4
102151,1,1,0,0,0,1,1
208222,1,1,0,0,0,1,4
9605218,2,2,0,0,0,2,7
9412252,1,1,0,0,0,1,1
9910523,2,1,1,1,0,2,6
9802397,5,1,4,7,2,3,3
9906344,3,2,1,1,0,3,7
9601274,0,0,0,0,0,0,0
102195,4,3,1,2,1,3,10
106056,0,0,0,0,0,0,0
302085,0,0,0,0,0,0,0
9209227,2,1,1,1,2,0,0
9503261,0,0,0,0,0,0,0
9408237,3,3,0,0,3,0,0
110101,1,1,0,0,0,1,1
9909262,3,2,1,1,2,1,1
9901379,0,0,0,0,0,0,0
111270,0,0,0,0,0,0,0
9504383,3,3,0,0,0,3,11
302131,5,1,4,6,0,5,7
107011,1,1,0,0,0,1,6
8270,2,2,0,0,0,2,11
9611325,1,1,0,0,1,0,0
9607396,2,1,1,1,0,2,2
201102,1,1,0,0,0,1,1
9805213,2,2,0,0,0,2,9
105275,0,0,0,0,0,0,0
211072,0,0,0,0,0,0,0
9708449,0,0,0,0,0,0,0
9712226,0,0,0,0,0,0,0
207288,3,3,0,0,0,3,25
9406348,1,1,0,0,1,0,0
9501211,0,0,0,0,0,0,0
7325,6,1,5,10,0,6,33
105276,0,0,0,0,0,0,0
9301235,1,1,0,0,1,0,0
9605311,1,1,0,0,0,1,1
204317,3,2,1,1,0,3,12
206284,3,1,2,2,0,3,26
9189,0,0,0,0,0,0,0
9037,5,3,2,4,1,4,9
9912309,0,0,0,0,0,0,0
109291,1,1,0,0,0,1,9
209297,1,1,0,0,0,1,7
9311302,0,0,0,0,0,0,0
9306247,0,0,0,0,0,0,0
102311,1,1,0,0,0,1,1
9408247,2,2,0,0,2,0,0
206131,5,2,3,6,0,5,19
9611418,3,2,1,1,2,1,1
5216,3,2,1,1,3,0,0
209259,1,1,0,0,0,1,3
9904400,0,0,0,0,0,0,0
9511226,0,0,0,0,0,0,0
102296,0,0,0,0,0,0,0
9712402,0,0,0,0,0,0,0
3132,2,1,1,1,0,2,2
9508222,0,0,0,0,0,0,0
9905334,0,0,0,0,0,0,0
211404,2,1,1,1,0,2,69
204271,1,1,0,0,0,1,17
9805326,1,1,0,0,0,1,1
111308,3,2,1,1,0,3,13
9807546,2,2,0,0,1,1,3
211190,1,1,0,0,0,1,5
9803206,0,0,0,0,0,0,0
9405422,1,1,0,0,0,1,1
111066,1,1,0,0,0,1,2
12105,0,0,0,0,0,0,0
9806504,1,1,0,0,0,1,2
109252,1,1,0,0,0,1,1
205195,0,0,0,0,0,0,0
2180,0,0,0,0,0,0,0
9211274,1,1,0,0,1,0,0
209055,0,0,0,0,0,0,0
105245,6,6,0,0,5,1,1
9504236,1,1,0,0,1,0,0
5282,2,2,0,0,1,1,3
9706405,1,1,0,0,1,0,0
9807444,0,0,0,0,0,0,0
9608204,3,2,1,1,0,3,3
9510222,1,1,0,0,1,0,0
207198,0,0,0,0,0,0,0
301148,0,0,0,0,0,0,0
11220,3,1,2,3,0,3,8
9607391,1,1,0,0,1,0,0
112070,2,2,0,0,0,2,8
9906496,0,0,0,0,0,0,0
111175,1,1,0,0,0,1,3
301045,1,1,0,0,0,1,1
9903379,1,1,0,0,0,1,3
201184,4,1,3,3,0,4,7
9810460,1,1,0,0,0,1,3
209349,0,0,0,0,0,0,0
9906315,0,0,0,0,0,0,0
9706240,2,2,0,0,0,2,2
9609219,4,1,3,5,2,2,2
105256,0,0,0,0,0,0,0
201028,0,0,0,0,0,0,0
204283,4,2,2,4,0,4,33
202026,0,0,0,0,0,0,0
9808392,0,0,0,0,0,0,0
9803302,0,0,0,0,0,0,0
210119,0,0,0,0,0,0,0
9610554,0,0,0,0,0,0,0
302205,0,0,0,0,0,0,0
9605393,0,0,0,0,0,0,0
202181,4,4,0,0,0,4,15
9901310,1,1,0,0,0,1,2
7326,3,1,2,2,0,3,40
9905535,1,1,0,0,1,0,0
9606265,1,1,0,0,0,1,1
1071,1,1,0,0,1,0,0
204196,1,1,0,0,0,1,9
9902379,4,4,0,0,0,4,8
111272,0,0,0,0,0,0,0
203068,0,0,0,0,0,0,0
2105,0,0,0,0,0,0,0
204168,2,1,1,1,1,1,1
9609214,1,1,0,0,0,1,5
111174,0,0,0,0,0,0,0
9507224,0,0,0,0,0,0,0
301099,1,1,0,0,0,1,1
102002,0,0,0,0,0,0,0
9910431,1,1,0,0,0,1,4
9904229,6,5,1,1,3,3,12
110400,6,3,3,3,0,6,19
107006,1,1,0,0,0,1,4
102299,3,3,0,0,0,3,20
201190,1,1,0,0,0,1,1
9910440,0,0,0,0,0,0,0
9310308,0,0,0,0,0,0,0
9801450,0,0,0,0,0,0,0
206186,1,1,0,0,0,1,5
112229,1,1,0,0,0,1,3
9605410,0,0,0,0,0,0,0
11142,0,0,0,0,0,0,0
206158,2,2,0,0,0,2,38
110170,0,0,0,0,0,0,0
208138,0,0,0,0,0,0,0
212311,0,0,0,0,0,0,0
212218,0,0,0,0,0,0,0
9405319,0,0,0,0,0,0,0
104119,1,1,0,0,1,0,0
211294,0,0,0,0,0,0,0
205003,0,0,0,0,0,0,0
9510459,0,0,0,0,0,0,0
9408324,0,0,0,0,0,0,0
9406333,0,0,0,0,0,0,0
9611270,3,2,1,1,2,1,1
6236,1,1,0,0,0,1,1
211311,0,0,0,0,0,0,0
9128,1,1,0,0,0,1,6
210161,3,2,1,1,0,3,37
211425,0,0,0,0,0,0,0
202070,0,0,0,0,0,0,0
104132,1,1,0,0,1,0,0
207270,0,0,0,0,0,0,0
207142,2,1,1,1,0,2,19
101218,0,0,0,0,0,0,0
211208,0,0,0,0,0,0,0
9809240,0,0,0,0,0,0,0
207063,0,0,0,0,0,0,0
9804373,1,1,0,0,0,1,7
211327,0,0,0,0,0,0,0
9909483,0,0,0,0,0,0,0
12315,2,2,0,0,1,1,2
9701337,0,0,0,0,0,0,0
107285,0,0,0,0,0,0,0
9908366,1,1,0,0,0,1,2
9309278,0,0,0,0,0,0,0
11079,2,2,0,0,1,1,5
9508238,0,0,0,0,0,0,0
203095,0,0,0,0,0,0,0
9806320,0,0,0,0,0,0,0
302030,0,0,0,0,0,0,0
212297,0,0,0,0,0,0,0
11362,3,3,0,0,0,3,5
9506367,1,1,0,0,1,0,0
201046,1,1,0,0,0,1,2
9903311,0,0,0,0,0,0,0
9307346,1,1,0,0,1,0,0
9906348,0,0,0,0,0,0,0
202252,0,0,0,0,0,0,0
209251,0,0,0,0,0,0,0
9603296,0,0,0,0,0,0,0
9805479,1,1,0,0,1,0,0
106170,0,0,0,0,0,0,0
9902398,0,0,0,0,0,0,0
9810436,2,1,1,1,0,2,11
9506232,1,1,0,0,0,1,2
9707314,0,0,0,0,0,0,0
9511235,0,0,0,0,0,0,0
211037,0,0,0,0,0,0,0
206146,0,0,0,0,0,0,0
302080,0,0,0,0,0,0,0
201027,0,0,0,0,0,0,0
101296,0,0,0,0,0,0,0
9403317,1,1,0,0,1,0,0
9910401,0,0,0,0,0,0,0
12173,1,1,0,0,1,0,0
9908517,0,0,0,0,0,0,0
9906355,0,0,0,0,0,0,0
1049,0,0,0,0,0,0,0
9305330,0,0,0,0,0,0,0
9810541,0,0,0,0,0,0,0
9911416,1,1,0,0,1,0,0
9908302,0,0,0,0,0,0,0
9408350,0,0,0,0,0,0,0
11284,0,0,0,0,0,0,0
9802264,1,1,0,0,1,0,0
207272,1,1,0,0,0,1,7
107059,1,1,0,0,1,0,0
9912259,0,0,0,0,0,0,0
204045,0,0,0,0,0,0,0
109251,0,0,0,0,0,0,0
7214,0,0,0,0,0,0,0
207193,0,0,0,0,0,0,0
9907287,0,0,0,0,0,0,0
201181,0,0,0,0,0,0,0
207065,0,0,0,0,0,0,0
105125,0,0,0,0,0,0,0
101062,1,1,0,0,0,1,1
209204,0,0,0,0,0,0,0
9903545,0,0,0,0,0,0,0
9905370,0,0,0,0,0,0,0
207220,0,0,0,0,0,0,0
9802249,0,0,0,0,0,0,0
201279,0,0,0,0,0,0,0
210269,0,0,0,0,0,0,0
212189,0,0,0,0,0,0,0
9306202,0,0,0,0,0,0,0
202044,0,0,0,0,0,0,0
6258,1,1,0,0,0,1,2
9704271,0,0,0,0,0,0,0
5130,0,0,0,0,0,0,0
10185,0,0,0,0,0,0,0
9611306,0,0,0,0,0,0,0
9706422,0,0,0,0,0,0,0
9606321,0,0,0,0,0,0,0
2217,1,1,0,0,0,1,5
11052,1,1,0,0,1,0,0
208252,0,0,0,0,0,0,0
9701206,0,0,0,0,0,0,0
9510405,0,0,0,0,0,0,0
211113,0,0,0,0,0,0,0
301190,0,0,0,0,0,0,0
205240,1,1,0,0,0,1,5
103019,1,1,0,0,0,1,5
9505400,0,0,0,0,0,0,0
9907456,0,0,0,0,0,0,0
210264,0,0,0,0,0,0,0
9904392,1,1,0,0,0,1,4
9605396,0,0,0,0,0,0,0
9507247,0,0,0,0,0,0,0
210274,0,0,0,0,0,0,0
9810274,0,0,0,0,0,0,0
202164,0,0,0,0,0,0,0
9807404,0,0,0,0,0,0,0
9907405,0,0,0,0,0,0,0
9503308,0,0,0,0,0,0,0
103006,0,0,0,0,0,0,0
9503302,1,1,0,0,1,0,0
208137,1,1,0,0,1,0,0
9812414,0,0,0,0,0,0,0
4054,0,0,0,0,0,0,0
9312285,0,0,0,0,0,0,0
301144,0,0,0,0,0,0,0
9901279,0,0,0,0,0,0,0
211189,0,0,0,0,0,0,0
9807232,0,0,0,0,0,0,0
9904356,0,0,0,0,0,0,0
9508217,0,0,0,0,0,0,0
302069,0,0,0,0,0,0,0
9311233,0,0,0,0,0,0,0
207309,0,0,0,0,0,0,0
204105,0,0,0,0,0,0,0
104177,0,0,0,0,0,0,0
9509397,0,0,0,0,0,0,0
207317,0,0,0,0,0,0,0
9810502,0,0,0,0,0,0,0
212380,0,0,0,0,0,0,0
9612370,0,0,0,0,0,0,0
201126,0,0,0,0,0,0,0
204219,0,0,0,0,0,0,0
301006,0,0,0,0,0,0,0
9711390,0,0,0,0,0,0,0
9811452,0,0,0,0,0,0,0
9609519,0,0,0,0,0,0,0
209060,0,0,0,0,0,0,0
11294,0,0,0,0,0,0,0
9906351,0,0,0,0,0,0,0
9908345,0,0,0,0,0,0,0
9608238,0,0,0,0,0,0,0
9808310,0,0,0,0,0,0,0
209317,0,0,0,0,0,0,0
9606352,0,0,0,0,0,0,0
301116,0,0,0,0,0,0,0
9909525,0,0,0,0,0,0,0
9812329,0,0,0,0,0,0,0
9604433,0,0,0,0,0,0,0
9303242,0,0,0,0,0,0,0
106043,0,0,0,0,0,0,0
9605343,0,0,0,0,0,0,0
210201,1,1,0,0,0,1,7
210203,0,0,0,0,0,0,0
9203209,1,1,0,0,1,0,0
108088,0,0,0,0,0,0,0
9607231,0,0,0,0,0,0,0
211437,0,0,0,0,0,0,0
112204,0,0,0,0,0,0,0
12327,0,0,0,0,0,0,0
9608454,0,0,0,0,0,0,0
210309,0,0,0,0,0,0,0
201312,0,0,0,0,0,0,0
111036,0,0,0,0,0,0,0
9304224,0,0,0,0,0,0,0
9311333,0,0,0,0,0,0,0
9501384,165,38,127,615,76,89,180
9901418,3,2,1,1,0,3,4
8216,7,3,4,5,0,7,31
9802394,115,12,103,518,61,54,192
9307364,136,15,121,910,136,0,0
9408382,47,6,41,221,47,0,0
8234,1,1,0,0,1,0,0
9910417,11,5,6,10,3,8,48
9907335,37,6,31,163,0,37,232
9610208,55,12,43,168,16,39,68
203079,27,15,12,15,7,20,135
9505409,45,9,36,120,32,13,20
9809486,6,3,3,6,1,5,7
107180,9,1,8,14,4,5,21
1048,5,4,1,1,0,5,16
9409238,8,2,6,11,4,4,4
9610424,10,3,7,23,2,8,23
9710372,35,8,27,108,6,29,159
9902452,21,5,16,57,2,19,132
9512355,32,9,23,66,32,0,0
9209244,10,3,7,11,10,0,0
9603349,27,7,20,54,2,25,50
9903369,14,2,12,20,1,13,98
9308343,4,3,1,1,4,0,0
9512278,6,3,3,3,0,6,18
9903382,10,6,4,10,0,10,55
8125,8,3,5,8,1,7,36
202255,4,3,1,1,2,2,7
9709264,28,10,18,30,19,9,15
9502276,4,1,3,3,2,2,2
9412201,45,17,28,114,16,29,63
9609209,28,14,14,25,15,13,41
9504393,6,2,4,6,6,0,0
9306242,102,16,86,361,102,0,0
9507238,14,4,10,23,0,14,75
9711354,10,6,4,8,3,7,14
9708483,111,11,100,579,49,62,130
9809508,13,3,10,17,1,12,28
9802328,13,4,9,15,4,9,21
9611465,27,20,7,12,11,16,82
9207213,60,30,30,103,60,0,0
9810308,58,6,52,235,8,50,147
9908294,3,1,2,2,1,2,3
9808254,21,4,17,80,1,20,22
9712239,7,2,5,7,0,7,44
9807306,4,3,1,1,2,2,3
9807484,2,2,0,0,0,2,16
9310307,10,3,7,12,9,1,1
9905320,20,5,15,56,0,20,321
9606295,27,5,22,58,4,23,26
9809458,19,4,15,35,3,16,55
9807568,3,1,2,3,1,2,17
9511280,6,4,2,5,2,4,5
9607265,25,3,22,51,17,8,9
9712446,6,3,3,4,0,6,12
9410412,21,8,13,25,1,20,40
9703215,12,5,7,9,1,11,19
9401337,4,1,3,6,2,2,2
9606423,72,4,68,293,4,68,168
9408228,73,17,56,325,52,21,21
9206206,20,7,13,30,20,0,0
9612447,72,6,66,531,3,69,156
9702247,20,2,18,92,2,18,65
9706519,6,4,2,3,0,6,53
102017,23,2,21,79,1,22,178
9409244,92,10,82,635,30,62,235
9709369,11,3,8,22,0,11,20
9806347,4,1,3,4,0,4,16
9812369,29,8,21,65,2,27,128
112129,5,2,3,4,0,5,17
9512396,111,4,107,1222,22,89,177
9612464,47,10,37,113,1,46,353
9706554,28,6,22,67,0,28,192
2260,10,2,8,13,0,10,101
9511242,2,2,0,0,2,0,0
9703442,39,7,32,115,12,27,76
107047,3,2,1,1,0,3,4
9905520,19,3,16,31,2,17,135
2116,28,5,23,89,1,27,157
9802409,52,8,44,109,13,39,84
9505326,61,13,48,221,3,58,375
7170,9,1,8,16,0,9,48
9403362,32,7,25,95,11,21,39
9902362,8,4,4,9,1,7,41
6246,1,1,0,0,0,1,7
9707516,16,4,12,24,0,16,41
9804456,5,2,3,4,0,5,20
9609503,14,3,11,19,1,13,37
9806292,254,6,248,2633,17,237,754
9605235,79,1,78,678,5,74,415
9404201,115,8,107,708,34,81,206
9611273,37,8,29,109,2,35,143
9810492,1,1,0,0,0,1,7
9212246,29,5,24,118,29,0,0
9708344,13,4,9,22,1,12,105
9607393,13,11,2,5,13,0,0
9709387,18,2,16,42,17,1,1
9707362,21,3,18,65,0,21,24
9502308,33,8,25,77,29,4,4
9407359,29,12,17,44,7,22,24
9508386,53,15,38,124,26,27,40
9901438,8,3,5,7,0,8,18
9709360,23,6,17,32,0,23,88
9811464,2,1,1,1,0,2,20
9301288,8,5,3,4,8,0,0
9309324,9,4,5,8,9,0,0
3146,13,4,9,14,0,13,103
9803454,51,3,48,258,5,46,329
9411229,127,4,123,743,38,89,150
9801397,73,6,67,582,20,53,202
9607300,9,6,3,6,9,0,0
9302224,55,8,47,305,29,26,26
9908416,2,1,1,1,0,2,6
9612250,18,10,8,13,0,18,93
9804355,28,4,24,112,12,16,32
9710463,40,7,33,143,15,25,72
9406318,26,2,24,119,9,17,17
9907267,14,3,11,31,1,13,109
9406285,45,13,32,129,2,43,113
9405309,9,5,4,8,4,5,11
9905337,49,5,44,231,7,42,227
9503328,20,7,13,25,7,13,29
9908269,19,1,18,42,10,9,19
9809490,38,2,36,205,2,36,159
9805209,26,11,15,32,0,26,152
9801444,32,4,28,70,7,25,40
9609263,32,12,20,45,5,27,140
9808371,43,12,31,60,13,30,47
9907385,58,5,53,659,3,55,66
6320,1,1,0,0,0,1,2
9508311,11,9,2,3,4,7,14
102047,66,13,53,158,4,62,540
1318,19,3,16,45,0,19,128
9211302,36,10,26,74,18,18,21
9704394,16,4,12,28,2,14,58
9811387,14,3,11,41,0,14,61
11027,5,1,4,5,1,4,79
108260,12,4,8,21,0,12,71
9906234,107,7,100,617,1,106,1408
9612463,26,9,17,60,0,26,76
9311287,3,3,0,0,0,3,8
9512230,48,7,41,217,43,5,5
9312272,191,33,158,870,38,153,573
9809582,59,2,57,289,0,59,286
9803290,44,4,40,198,1,43,230
9709492,75,4,71,491,10,65,149
5103,10,4,6,8,0,10,50
9801451,2,1,1,1,0,2,9
9405226,4,3,1,1,1,3,10
9508321,99,9,90,676,9,90,288
9405342,58,21,37,108,24,34,73
9406317,16,4,12,29,3,13,13
9606484,7,2,5,6,7,0,0
9704331,20,7,13,37,11,9,18
9603391,12,10,2,3,1,11,35
9409225,17,9,8,27,13,4,4
9905381,71,4,67,488,1,70,518
9904382,33,7,26,89,1,32,411
9405223,16,5,11,17,3,13,45
9404323,9,4,5,8,6,3,11
9706331,30,14,16,26,9,21,68
9607476,4,2,2,3,0,4,11
9504319,39,10,29,142,14,25,36
9503491,10,2,8,12,1,9,19
9805222,15,6,9,17,0,15,124
111058,82,3,79,389,24,58,298
9707347,25,4,21,66,5,20,45
9503383,17,3,14,19,4,13,21
9505337,8,3,5,8,4,4,7
9410326,54,17,37,100,11,43,95
3038,12,3,9,13,1,11,40
7254,23,12,11,38,0,23,115
9212275,2,2,0,0,2,0,0
9208221,42,6,36,187,42,0,0
102181,49,4,45,182,2,47,401
9811489,38,3,35,164,2,36,264
2126,16,12,4,4,1,15,57
9409254,114,19,95,429,108,6,6
9903238,22,2,20,74,3,19,56
106189,21,1,20,86,0,21,218
103218,23,4,19,83,0,23,313
102163,17,4,13,31,4,13,34
9904393,56,10,46,248,9,47,253
7259,14,4,10,33,0,14,226
106128,15,3,12,23,2,13,29
6026,7,2,5,5,0,7,30
9604451,13,4,9,10,0,13,19
104269,8,2,6,9,1,7,30
7191,11,8,3,6,1,10,72
3195,2,2,0,0,0,2,14
9804431,7,4,3,3,1,6,17
9911358,5,1,4,7,1,4,13
9910250,24,4,20,39,0,24,187
7006,32,6,26,86,3,29,305
9606219,10,3,7,18,1,9,31
105126,1,1,0,0,0,1,4
9510253,3,2,1,1,0,3,3
9901299,58,3,55,333,0,58,317
6046,18,3,15,29,1,17,120
9907355,50,4,46,175,0,50,455
12167,33,1,32,197,0,33,467
9904464,11,2,9,18,1,10,86
201274,17,4,13,45,1,16,386
111255,8,2,6,12,0,8,33
9812529,11,1,10,34,8,3,4
201240,3,2,1,1,0,3,19
9209242,3,2,1,1,3,0,0
110382,28,1,27,190,0,28,281
9909373,16,6,10,22,0,16,137
9807358,103,11,92,422,4,99,674
9512390,6,2,4,5,1,5,10
1059,5,2,3,5,0,5,45
9908205,14,1,13,24,0,14,235
12028,1,1,0,0,1,0,0
202023,7,1,6,10,0,7,66
9808255,32,10,22,58,9,23,37
9603346,15,7,8,16,7,8,17
9512415,12,4,8,9,2,10,16
9601311,20,7,13,30,5,15,25
9310280,1,1,0,0,1,0,0
9312278,11,7,4,6,0,11,30
8127,13,3,10,23,0,13,175
7244,2,2,0,0,0,2,6
9302299,15,6,9,15,13,2,2
5188,2,1,1,1,0,2,16
101045,6,3,3,3,0,6,30
9904413,25,6,19,61,0,25,279
9402299,16,6,10,18,2,14,104
9505226,21,6,15,23,19,2,2
8214,17,3,14,50,0,17,135
9803359,7,6,1,1,1,6,27
9703370,6,2,4,7,0,6,43
9701210,14,1,13,24,0,14,51
9807413,7,3,4,4,5,2,5
9512333,4,2,2,2,2,2,4
9706279,7,4,3,4,0,7,29
9906457,3,3,0,0,1,2,3
9509432,30,10,20,58,0,30,138
9701305,12,7,5,9,2,10,36
202150,0,0,0,0,0,0,0
102117,7,4,3,7,1,6,54
9803401,19,8,11,14,2,17,51
9906343,22,2,20,71,0,22,233
9407227,9,4,5,6,0,9,15
9902383,20,8,12,40,2,18,44
9707500,28,4,24,78,0,28,133
9503221,10,6,4,8,8,2,2
9512305,1,1,0,0,0,1,2
102257,16,7,9,32,0,16,203
9411260,45,10,35,104,36,9,13
9505442,4,1,3,4,2,2,3
9310345,1,1,0,0,0,1,1
9608374,8,7,1,1,1,7,14
9711227,81,7,74,405,2,79,447
5132,5,3,2,3,0,5,11
9708335,34,10,24,87,2,32,126
9707276,3,2,1,1,0,3,19
9311255,45,5,40,134,23,22,22
9710465,18,7,11,21,2,16,109
9706435,2,2,0,0,2,0,0
9601285,17,3,14,48,1,16,75
9709465,11,2,9,17,0,11,43
9609362,1,1,0,0,1,0,0
11252,24,9,15,63,0,24,372
9708349,19,6,13,37,0,19,153
9208201,8,2,6,15,8,0,0
9605367,22,4,18,52,2,20,68
9705318,24,3,21,86,2,22,69
9607256,12,2,10,14,0,12,19
9707348,5,3,2,2,1,4,23
9705323,13,2,11,31,0,13,60
9406382,54,15,39,148,54,0,0
9707393,22,8,14,46,5,17,37
9505391,44,2,42,276,0,44,162
9705469,12,4,8,33,0,12,157
9405225,20,5,15,38,3,17,29
9509352,17,2,15,46,1,16,68
9708247,12,4,8,18,12,0,0
9607405,9,5,4,5,1,8,22
10006,5,5,0,0,0,5,25
9809424,9,5,4,8,1,8,29
3013,5,2,3,7,0,5,19
9808498,10,3,7,15,5,5,7
7181,29,8,21,74,0,29,281
9704367,2,1,1,1,2,0,0
9911526,3,1,2,2,1,2,2
9511277,3,1,2,2,0,3,4
9812447,3,3,0,0,0,3,9
2243,4,4,0,0,1,3,6
9905494,3,2,1,1,0,3,5
104041,38,2,36,238,1,37,85
9207242,7,6,1,1,7,0,0
9712451,12,5,7,14,5,7,15
5203,4,4,0,0,3,1,1
9405334,1,1,0,0,1,0,0
9301258,13,7,6,9,7,6,6
9605277,5,2,3,4,0,5,9
9411380,3,2,1,1,3,0,0
9307325,17,4,13,39,17,0,0
9901224,11,1,10,43,0,11,71
9803268,3,2,1,1,0,3,6
9910555,2,1,1,1,0,2,2
9603362,12,7,5,7,4,8,17
9603341,23,7,16,27,2,21,47
9503246,2,2,0,0,0,2,2
9702313,1,1,0,0,1,0,0
9812236,46,6,40,158,2,44,140
3198,21,7,14,30,2,19,97
7101,20,12,8,16,1,19,58
9308254,6,1,5,10,6,0,0
9209238,17,6,11,41,17,0,0
9512267,4,1,3,4,0,4,28
9304227,5,3,2,2,5,0,0
9902251,11,5,6,7,2,9,50
112135,12,5,7,15,0,12,81
9903549,19,3,16,44,12,7,7
9801251,14,5,9,15,0,14,109
105187,3,3,0,0,0,3,7
9308351,11,4,7,15,11,0,0
105253,12,2,10,26,0,12,111
8034,7,2,5,6,1,6,25
9508227,9,4,5,10,8,1,3
9610221,2,2,0,0,0,2,11
5074,1,1,0,0,0,1,7
9509281,3,3,0,0,1,2,4
9802258,8,5,3,3,2,6,13
9901306,17,4,13,59,2,15,165
9806209,5,2,3,7,0,5,13
9312338,12,3,9,20,12,0,0
9401305,8,3,5,14,1,7,8
9503333,12,3,9,17,4,8,12
1173,1,1,0,0,1,0,0
9808294,9,2,7,10,0,9,31
9710216,13,5,8,13,9,4,5
204299,8,6,2,3,0,8,81
9604328,14,3,11,39,1,13,40
9708386,6,5,1,1,0,6,33
9601328,2,2,0,0,0,2,2
104277,13,3,10,27,1,12,53
9210205,8,8,0,0,8,0,0
9607333,1,1,0,0,0,1,10
104075,2,1,1,1,0,2,8
9703430,2,2,0,0,2,0,0
111130,6,3,3,4,0,6,41
9903405,7,4,3,4,7,0,0
9501221,14,4,10,24,10,4,5
9402304,6,3,3,7,5,1,1
9907559,20,11,9,27,1,19,131
9903284,7,3,4,7,0,7,13
9910461,12,6,6,11,0,12,110
110166,8,3,5,9,0,8,82
202149,3,3,0,0,2,1,2
9811230,1,1,0,0,1,0,0
9707492,8,4,4,8,1,7,19
9609393,5,2,3,5,1,4,17
103286,8,2,6,9,0,8,21
10058,7,4,3,4,1,6,27
104106,9,6,3,3,0,9,22
9506391,15,5,10,18,4,11,21
9505229,0,0,0,0,0,0,0
110246,4,2,2,2,0,4,28
9311263,5,3,2,2,5,0,0
9611259,4,4,0,0,0,4,58
9701370,8,4,4,10,0,8,36
9602238,30,14,16,28,8,22,85
9803303,0,0,0,0,0,0,0
12101,5,2,3,4,0,5,26
9909521,1,1,0,0,0,1,2
9209240,18,6,12,46,18,0,0
9607389,43,4,39,200,11,32,83
9812231,4,3,1,1,2,2,2
9707269,7,3,4,8,0,7,53
9709394,10,4,6,12,0,10,35
202210,19,5,14,42,1,18,73
205241,79,9,70,279,3,76,367
12357,18,3,15,43,1,17,72
9806518,16,3,13,29,1,15,28
208026,24,7,17,36,4,20,119
9812216,4,3,1,1,1,3,4
210058,8,6,2,5,0,8,73
108097,2,2,0,0,1,1,3
103007,4,1,3,5,0,4,40
9805413,3,3,0,0,3,0,0
110300,14,3,11,31,1,13,68
110061,3,1,2,2,3,0,0
9807526,1,1,0,0,1,0,0
9712523,5,3,2,2,3,2,3
205024,7,3,4,6,0,7,151
9807497,18,2,16,46,0,18,111
9805201,0,0,0,0,0,0,0
9405299,19,5,14,64,5,14,38
9708290,7,3,4,6,2,5,7
9804418,1,1,0,0,0,1,8
9905309,37,3,34,102,4,33,153
9908493,6,1,5,9,0,6,16
9306305,4,4,0,0,2,2,2
9702383,9,3,6,9,4,5,9
12370,2,2,0,0,0,2,14
9506386,7,3,4,6,5,2,2
9506474,4,4,0,0,1,3,6
9603390,12,2,10,33,8,4,10
9809292,10,3,7,12,2,8,17
9812412,7,1,6,20,0,7,42
9806207,4,1,3,4,3,1,1
9403382,3,1,2,3,3,0,0
103339,5,2,3,3,0,5,11
9609310,4,2,2,2,0,4,14
9609353,5,3,2,2,1,4,8
112261,2,2,0,0,0,2,2
9809321,45,1,44,367,23,22,25
9503398,15,7,8,14,1,14,14
9811248,13,4,9,15,0,13,146
9804282,31,3,28,140,14,17,50
9609418,9,5,4,4,2,7,16
11176,4,3,1,1,0,4,14
9910359,3,1,2,2,0,3,16
9704353,11,3,8,18,0,11,41
111287,2,2,0,0,0,2,5
112308,1,1,0,0,0,1,6
9609522,3,2,1,1,1,2,2
9808290,11,2,9,14,0,11,26
9703435,3,3,0,0,1,2,3
9504407,26,11,15,31,24,2,2
9708489,2,2,0,0,0,2,2
9612326,28,5,23,96,28,0,0
9609413,6,2,4,6,1,5,22
102013,32,3,29,136,1,31,194
105273,6,3,3,4,2,4,9
101040,0,0,0,0,0,0,0
9705333,19,4,15,62,1,18,63
9809494,2,2,0,0,1,1,1
9609404,11,4,7,10,10,1,1
9710222,14,6,8,23,1,13,46
209109,4,2,2,3,0,4,4
9411247,10,5,5,5,4,6,13
9401218,5,3,2,2,5,0,0
9812498,18,3,15,33,0,18,76
9812331,0,0,0,0,0,0,0
9612384,6,2,4,5,2,4,11
9804232,4,2,2,2,0,4,6
9510453,8,3,5,8,0,8,63
9610292,7,3,4,5,1,6,10
9404230,2,2,0,0,1,1,1
9910409,1,1,0,0,0,1,1
9812270,0,0,0,0,0,0,0
9811276,9,7,2,2,3,6,16
109114,0,0,0,0,0,0,0
9710410,6,3,3,3,1,5,14
10163,8,3,5,5,0,8,24
9708490,5,2,3,7,0,5,14
9612272,5,2,3,4,2,3,5
9308275,16,1,15,37,0,16,26
9612299,1,1,0,0,1,0,0
9706367,3,2,1,1,0,3,9
9309301,2,2,0,0,0,2,5
9708430,3,3,0,0,0,3,9
6129,14,1,13,34,3,11,17
9912413,1,1,0,0,1,0,0
12304,5,4,1,2,0,5,49
9904352,6,3,3,5,0,6,30
9706384,2,2,0,0,0,2,4
208027,2,2,0,0,1,1,18
9909291,0,0,0,0,0,0,0
9809496,5,1,4,6,0,5,12
3063,1,1,0,0,0,1,4
9610213,8,3,5,9,0,8,29
6123,10,6,4,8,0,10,35
9403365,5,3,2,4,5,0,0
9908455,10,5,5,8,1,9,30
103022,3,2,1,1,1,2,7
9807519,7,1,6,12,0,7,33
110318,1,1,0,0,0,1,11
203179,1,1,0,0,0,1,8
9809442,5,4,1,2,3,2,2
9708435,6,3,3,3,2,4,4
9812304,4,2,2,2,0,4,30
9709452,21,2,19,35,6,15,21
9501319,10,6,4,5,4,6,6
12291,4,2,2,3,0,4,42
9702327,10,2,8,21,0,10,17
1254,1,1,0,0,0,1,12
101224,24,16,8,9,1,23,168
9805416,18,2,16,23,13,5,7
9805357,3,3,0,0,0,3,11
9605201,7,4,3,4,1,6,61
9706479,4,3,1,1,0,4,31
206242,5,5,0,0,0,5,20
9604259,11,3,8,15,7,4,7
9810204,0,0,0,0,0,0,0
102120,3,3,0,0,1,2,11
9912420,3,1,2,3,0,3,29
2231,0,0,0,0,0,0,0
9912367,13,4,9,14,0,13,182
9801345,3,3,0,0,0,3,7
9907498,13,6,7,8,2,11,25
9802206,13,6,7,11,0,13,91
205116,1,1,0,0,0,1,5
9907542,9,3,6,18,0,9,27
9304250,1,1,0,0,1,0,0
7283,4,1,3,5,0,4,23
9712369,11,3,8,22,1,10,43
7088,5,2,3,4,0,5,24
9909424,1,1,0,0,0,1,9
12292,9,2,7,11,0,9,46
206080,3,3,0,0,0,3,24
206163,7,5,2,3,2,5,14
209148,1,1,0,0,1,0,0
10062,7,4,3,3,3,4,9
9304231,1,1,0,0,1,0,0
9262,5,4,1,1,0,5,26
9210214,5,2,3,6,5,0,0
6216,1,1,0,0,0,1,4
206058,12,6,6,9,1,11,34
208204,1,1,0,0,0,1,7
110254,3,2,1,1,1,2,3
107294,8,3,5,11,8,0,0
9307233,3,2,1,1,3,0,0
6062,1,1,0,0,0,1,3
12127,4,1,3,5,4,0,0
9504432,2,1,1,1,0,2,12
106319,19,4,15,39,1,18,189
9404294,3,1,2,3,3,0,0
9908300,6,4,2,3,0,6,23
209002,12,1,11,32,0,12,115
9705370,2,2,0,0,0,2,10
9806398,7,4,3,6,1,6,28
9605257,7,7,0,0,1,6,13
105189,1,1,0,0,0,1,12
105132,4,1,3,5,0,4,24
9402207,6,3,3,4,2,4,4
9707496,8,3,5,5,0,8,52
11352,7,5,2,2,0,7,48
9604273,5,3,2,3,2,3,10
9505324,6,4,2,2,0,6,10
9610330,2,2,0,0,1,1,1
7157,11,3,8,15,0,11,178
9601379,11,3,8,17,7,4,4
9811311,9,3,6,15,2,7,8
107073,5,3,2,2,0,5,24
9810451,4,1,3,6,0,4,12
111324,10,2,8,14,0,10,74
205047,2,1,1,1,0,2,13
111307,7,2,5,6,2,5,9
111048,2,2,0,0,0,2,8
9709221,9,5,4,8,2,7,28
9710357,4,2,2,2,0,4,10
204342,22,4,18,58,0,22,75
210034,8,1,7,9,1,7,28
9610412,4,2,2,2,1,3,4
9211284,16,6,10,24,16,0,0
9508391,10,6,4,5,10,0,0
106055,13,6,7,7,1,12,44
107136,4,2,2,3,0,4,16
101201,6,2,4,7,0,6,17
105270,2,2,0,0,0,2,9
9710355,5,3,2,2,1,4,25
9504309,3,2,1,1,1,2,2
9510341,3,3,0,0,1,2,16
106120,12,7,5,11,0,12,124
9903285,6,1,5,7,1,5,10
9805459,2,2,0,0,0,2,2
9702355,4,1,3,3,0,4,22
208142,5,3,2,3,1,4,97
9806526,22,3,19,71,0,22,171
2127,17,5,12,37,0,17,182
9912425,11,2,9,18,0,11,127
9811313,11,11,0,0,1,10,53
106331,2,2,0,0,0,2,11
9909269,3,2,1,2,0,3,9
9606264,16,4,12,23,10,6,6
112264,1,1,0,0,0,1,3
9508245,2,1,1,1,2,0,0
211163,1,1,0,0,0,1,3
9510358,0,0,0,0,0,0,0
302067,2,2,0,0,1,1,1
9806445,1,1,0,0,0,1,6
9607283,1,1,0,0,0,1,1
9603300,2,1,1,1,2,0,0
4133,2,1,1,1,0,2,4
9705296,13,6,7,9,1,12,50
9909381,7,3,4,7,2,5,24
9807470,2,1,1,1,1,1,1
9609416,1,1,0,0,0,1,11
4113,3,3,0,0,0,3,14
106221,12,6,6,11,0,12,81
111098,10,4,6,12,0,10,59
211264,2,2,0,0,0,2,13
9910300,3,2,1,1,1,2,3
9707358,1,1,0,0,1,0,0
12202,3,3,0,0,2,1,3
9808366,3,1,2,2,0,3,9
110180,2,1,1,1,0,2,47
105298,2,1,1,1,1,1,1
9807402,3,2,1,1,0,3,5
201123,2,2,0,0,0,2,4
9607445,2,2,0,0,0,2,2
9809565,1,1,0,0,0,1,8
9712538,1,1,0,0,0,1,3
9610305,4,3,1,1,3,1,1
9403207,1,1,0,0,0,1,1
104287,1,1,0,0,0,1,4
210319,3,3,0,0,0,3,27
9506385,6,2,4,5,6,0,0
112245,7,2,5,8,0,7,38
3201,9,2,7,17,0,9,31
9807331,4,4,0,0,0,4,17
9210258,3,3,0,0,3,0,0
9212273,3,2,1,1,3,0,0
210085,3,3,0,0,0,3,22
9909357,4,2,2,3,2,2,2
9410356,12,3,9,28,1,11,38
205125,6,4,2,4,0,6,43
207141,1,1,0,0,1,0,0
9512440,0,0,0,0,0,0,0
7272,9,3,6,8,0,9,27
9903395,3,1,2,3,0,3,16
9407225,1,1,0,0,0,1,3
9701333,4,3,1,3,4,0,0
9804258,4,2,2,3,0,4,14
9208259,1,1,0,0,1,0,0
11289,7,4,3,5,0,7,50
9602360,2,2,0,0,1,1,3
207357,1,1,0,0,1,0,0
9912350,0,0,0,0,0,0,0
102184,9,5,4,4,4,5,18
203140,2,1,1,1,0,2,12
9901290,1,1,0,0,0,1,4
203135,15,9,6,8,1,14,67
12080,12,3,9,29,0,12,26
9809452,1,1,0,0,0,1,3
9902466,1,1,0,0,1,0,0
9407304,2,2,0,0,1,1,2
9407267,9,1,8,24,9,0,0
3278,6,1,5,10,0,6,46
4196,3,3,0,0,0,3,12
9404352,5,3,2,2,4,1,1
9803217,0,0,0,0,0,0,0
9504221,4,3,1,1,1,3,3
9810354,2,1,1,1,1,1,1
112346,6,3,3,4,0,6,48
210125,1,1,0,0,0,1,4
207264,0,0,0,0,0,0,0
9601370,3,1,2,2,0,3,11
9606451,3,1,2,2,0,3,6
9902481,8,5,3,3,0,8,27
9710376,7,3,4,5,1,6,10
9910390,1,1,0,0,0,1,8
9501355,1,1,0,0,0,1,5
9706257,2,2,0,0,1,1,1
111093,6,3,3,3,0,6,50
205308,1,1,0,0,0,1,8
9403377,0,0,0,0,0,0,0
201284,3,3,0,0,0,3,29
9709230,6,2,4,4,3,3,3
9610287,0,0,0,0,0,0,0
9904319,6,3,3,8,0,6,33
205272,5,3,2,3,3,2,5
9604276,2,2,0,0,2,0,0
1281,3,1,2,2,3,0,0
204337,7,1,6,18,0,7,74
12025,0,0,0,0,0,0,0
10159,8,4,4,10,0,8,60
9901454,1,1,0,0,0,1,4
9904390,3,3,0,0,0,3,7
205076,4,3,1,1,0,4,63
9507357,3,2,1,1,3,0,0
9610385,5,5,0,0,0,5,19
9501400,2,1,1,1,1,1,1
9512224,1,1,0,0,0,1,7
9509340,1,1,0,0,0,1,1
9909438,6,3,3,7,0,6,24
9910372,1,1,0,0,0,1,3
9308339,7,3,4,6,7,0,0
208071,1,1,0,0,0,1,3
11089,5,3,2,2,0,5,29
9809402,5,3,2,2,0,5,16
203225,2,1,1,1,2,0,0
9908324,3,3,0,0,1,2,6
9908422,2,1,1,1,1,1,3
9411405,4,1,3,4,2,2,2
12016,2,2,0,0,0,2,3
9805298,1,1,0,0,1,0,0
9511403,1,1,0,0,0,1,4
9711325,3,3,0,0,1,2,7
9810236,0,0,0,0,0,0,0
9810255,0,0,0,0,0,0,0
9909547,4,1,3,4,4,0,0
111100,5,3,2,3,2,3,7
9807337,1,1,0,0,1,0,0
9310240,3,3,0,0,3,0,0
9406422,4,4,0,0,0,4,7
206125,1,1,0,0,0,1,3
207302,1,1,0,0,0,1,3
9609211,1,1,0,0,1,0,0
9810382,3,1,2,2,0,3,9
9312282,2,2,0,0,1,1,1
9807545,11,7,4,6,1,10,22
9803248,2,1,1,1,0,2,9
9907338,10,3,7,14,4,6,10
202120,2,2,0,0,0,2,10
111171,0,0,0,0,0,0,0
9712233,4,2,2,2,1,3,5
9509271,9,4,5,7,9,0,0
202011,3,1,2,2,0,3,4
211439,0,0,0,0,0,0,0
111402,2,2,0,0,0,2,3
110348,5,3,2,3,1,4,31
9903401,0,0,0,0,0,0,0
5071,4,3,1,1,1,3,26
9411325,2,2,0,0,0,2,8
9401212,3,1,2,2,2,1,1
11009,3,2,1,1,2,1,1
9312219,2,2,0,0,1,1,2
11149,1,1,0,0,1,0,0
9801219,7,5,2,2,7,0,0
9605332,7,3,4,4,6,1,1
9709400,1,1,0,0,0,1,6
205214,1,1,0,0,0,1,5
9509252,1,1,0,0,0,1,1
104124,11,6,5,6,1,10,34
5251,3,3,0,0,0,3,10
9909366,5,1,4,7,0,5,23
7300,5,1,4,7,0,5,9
107055,0,0,0,0,0,0,0
107252,3,2,1,1,1,2,4
206172,9,6,3,3,0,9,18
9609523,2,1,1,1,0,2,3
10054,2,1,1,1,0,2,31
203151,3,3,0,0,1,2,7
111173,1,1,0,0,0,1,1
9504271,0,0,0,0,0,0,0
211243,2,2,0,0,0,2,7
202226,1,1,0,0,0,1,8
9308261,4,1,3,6,1,3,5
9810472,1,1,0,0,1,0,0
9802307,4,2,2,3,4,0,0
9612234,0,0,0,0,0,0,0
9807323,4,3,1,1,0,4,13
9705457,2,2,0,0,0,2,6
9910328,1,1,0,0,1,0,0
9710517,5,2,3,8,0,5,9
111165,1,1,0,0,1,0,0
9505443,2,2,0,0,2,0,0
107174,2,2,0,0,0,2,3
9608219,1,1,0,0,0,1,1
9603355,2,2,0,0,1,1,2
9803496,4,4,0,0,4,0,0
9909246,8,2,6,12,1,7,17
9321,2,2,0,0,1,1,11
9708316,0,0,0,0,0,0,0
9905560,3,2,1,1,0,3,5
9905541,0,0,0,0,0,0,0
9804358,0,0,0,0,0,0,0
101057,5,5,0,0,0,5,20
9704309,1,1,0,0,0,1,2
9807477,1,1,0,0,0,1,1
106143,2,1,1,1,2,0,0
9804382,4,2,2,3,0,4,22
205044,0,0,0,0,0,0,0
210013,0,0,0,0,0,0,0
302039,0,0,0,0,0,0,0
106348,2,2,0,0,1,1,1
4188,1,1,0,0,1,0,0
9507400,2,2,0,0,1,1,1
9805465,0,0,0,0,0,0,0
112184,7,1,6,11,0,7,52
9804303,3,1,2,3,3,0,0
9804276,0,0,0,0,0,0,0
10110,0,0,0,0,0,0,0
108255,2,2,0,0,0,2,12
209168,1,1,0,0,0,1,6
12365,7,3,4,9,1,6,9
211409,0,0,0,0,0,0,0
9412350,2,2,0,0,0,2,4
203036,0,0,0,0,0,0,0
9903551,0,0,0,0,0,0,0
2013,0,0,0,0,0,0,0
9709409,0,0,0,0,0,0,0
106178,3,3,0,0,0,3,21
9504384,1,1,0,0,0,1,7
210411,3,3,0,0,1,2,8
103056,3,2,1,2,0,3,21
9907295,1,1,0,0,1,0,0
9704411,0,0,0,0,0,0,0
108063,1,1,0,0,1,0,0
9905383,2,1,1,1,2,0,0
12361,1,1,0,0,0,1,2
112152,1,1,0,0,0,1,10
8088,2,2,0,0,0,2,6
9503364,1,1,0,0,1,0,0
5010,0,0,0,0,0,0,0
211333,0,0,0,0,0,0,0
302005,0,0,0,0,0,0,0
9810464,0,0,0,0,0,0,0
6036,6,1,5,13,0,6,36
210403,2,2,0,0,0,2,5
8261,0,0,0,0,0,0,0
107128,2,1,1,1,0,2,9
9304243,4,4,0,0,4,0,0
104252,7,4,3,3,0,7,27
204209,0,0,0,0,0,0,0
9805353,1,1,0,0,0,1,2
9909552,0,0,0,0,0,0,0
9711441,7,1,6,12,0,7,20
203220,5,2,3,4,0,5,15
209121,6,3,3,3,0,6,106
12148,1,1,0,0,0,1,3
110248,3,2,1,1,1,2,6
9904216,3,1,2,3,2,1,1
209180,5,3,2,2,0,5,13
9806418,1,1,0,0,1,0,0
103114,2,1,1,1,2,0,0
7027,2,2,0,0,1,1,1
9708494,0,0,0,0,0,0,0
9604372,0,0,0,0,0,0,0
9412241,0,0,0,0,0,0,0
9308321,2,2,0,0,0,2,2
9610346,0,0,0,0,0,0,0
9710201,1,1,0,0,0,1,1
9905538,0,0,0,0,0,0,0
207373,3,2,1,1,0,3,31
9401207,0,0,0,0,0,0,0
9808348,2,1,1,1,0,2,4
302129,1,1,0,0,0,1,3
212402,0,0,0,0,0,0,0
9504315,0,0,0,0,0,0,0
9510354,0,0,0,0,0,0,0
6113,1,1,0,0,0,1,1
9708281,2,2,0,0,1,1,1
9803318,0,0,0,0,0,0,0
210232,1,1,0,0,0,1,1
9508367,0,0,0,0,0,0,0
9809370,0,0,0,0,0,0,0
9702224,0,0,0,0,0,0,0
9804218,3,3,0,0,3,0,0
9906488,2,2,0,0,0,2,10
1262,1,1,0,0,0,1,1
9709422,0,0,0,0,0,0,0
9606462,1,1,0,0,0,1,6
9510234,1,1,0,0,0,1,3
212061,0,0,0,0,0,0,0
9703366,0,0,0,0,0,0,0
10288,2,2,0,0,0,2,2
9604213,0,0,0,0,0,0,0
201180,0,0,0,0,0,0,0
9912202,2,1,1,1,0,2,4
9612452,0,0,0,0,0,0,0
9806533,0,0,0,0,0,0,0
301217,0,0,0,0,0,0,0
302176,0,0,0,0,0,0,0
206251,0,0,0,0,0,0,0
9912392,1,1,0,0,1,0,0
9610474,3,3,0,0,3,0,0
201119,0,0,0,0,0,0,0
112243,2,2,0,0,2,0,0
9902297,1,1,0,0,0,1,9
107269,0,0,0,0,0,0,0
9705456,7,2,5,6,5,2,2
103293,0,0,0,0,0,0,0
101271,0,0,0,0,0,0,0
202021,4,2,2,2,0,4,27
209101,0,0,0,0,0,0,0
208277,0,0,0,0,0,0,0
9708381,0,0,0,0,0,0,0
301077,0,0,0,0,0,0,0
5022,0,0,0,0,0,0,0
9610227,1,1,0,0,1,0,0
105271,0,0,0,0,0,0,0
201113,4,1,3,3,0,4,13
9807435,1,1,0,0,0,1,1
11075,4,2,2,3,2,2,4
9905544,1,1,0,0,0,1,1
9211236,0,0,0,0,0,0,0
102011,1,1,0,0,1,0,0
206311,1,1,0,0,0,1,10
9804448,1,1,0,0,0,1,1
9602434,2,2,0,0,0,2,4
111183,1,1,0,0,0,1,3
6186,0,0,0,0,0,0,0
301114,0,0,0,0,0,0,0
207030,2,2,0,0,0,2,15
9802417,0,0,0,0,0,0,0
9712423,0,0,0,0,0,0,0
212069,0,0,0,0,0,0,0
203197,0,0,0,0,0,0,0
9210209,0,0,0,0,0,0,0
9904261,7,5,2,3,1,6,22
110413,1,1,0,0,0,1,2
109138,0,0,0,0,0,0,0
9503245,0,0,0,0,0,0,0
212081,0,0,0,0,0,0,0
9703300,3,1,2,2,1,2,4
9807566,0,0,0,0,0,0,0
207038,0,0,0,0,0,0,0
205297,1,1,0,0,0,1,1
212244,0,0,0,0,0,0,0
201203,0,0,0,0,0,0,0
103282,1,1,0,0,1,0,0
208013,0,0,0,0,0,0,0
102084,0,0,0,0,0,0,0
201304,3,3,0,0,0,3,39
207337,1,1,0,0,0,1,4
201017,2,1,1,1,1,1,2
9711230,1,1,0,0,1,0,0
9701204,0,0,0,0,0,0,0
9806459,1,1,0,0,0,1,1
9602388,0,0,0,0,0,0,0
9509395,0,0,0,0,0,0,0
9405432,1,1,0,0,1,0,0
105346,0,0,0,0,0,0,0
9705313,1,1,0,0,0,1,1
9812425,0,0,0,0,0,0,0
301229,0,0,0,0,0,0,0
10035,0,0,0,0,0,0,0
9612255,0,0,0,0,0,0,0
209205,1,1,0,0,0,1,6
112318,0,0,0,0,0,0,0
10045,0,0,0,0,0,0,0
9910303,1,1,0,0,0,1,5
208056,1,1,0,0,0,1,5
108101,1,1,0,0,0,1,5
106282,1,1,0,0,0,1,4
9905517,0,0,0,0,0,0,0
105223,0,0,0,0,0,0,0
202272,0,0,0,0,0,0,0
111283,2,1,1,1,0,2,8
9909379,1,1,0,0,0,1,6
9802208,0,0,0,0,0,0,0
11110,0,0,0,0,0,0,0
102140,0,0,0,0,0,0,0
109237,0,0,0,0,0,0,0
101101,0,0,0,0,0,0,0
205232,2,2,0,0,0,2,9
212082,0,0,0,0,0,0,0
211014,0,0,0,0,0,0,0
9802430,0,0,0,0,0,0,0
9812443,0,0,0,0,0,0,0
207237,4,4,0,0,0,4,19
9912310,4,1,3,3,1,3,5
9508313,1,1,0,0,1,0,0
9901328,0,0,0,0,0,0,0
9608234,0,0,0,0,0,0,0
9910439,0,0,0,0,0,0,0
208254,1,1,0,0,0,1,1
9805333,0,0,0,0,0,0,0
210071,0,0,0,0,0,0,0
207172,0,0,0,0,0,0,0
9604368,1,1,0,0,1,0,0
209004,0,0,0,0,0,0,0
9712267,0,0,0,0,0,0,0
106222,3,2,1,1,0,3,3
203168,0,0,0,0,0,0,0
109185,0,0,0,0,0,0,0
301278,0,0,0,0,0,0,0
9811409,0,0,0,0,0,0,0
8118,1,1,0,0,0,1,2
2090,1,1,0,0,0,1,2
9511451,0,0,0,0,0,0,0
211368,0,0,0,0,0,0,0
9405353,0,0,0,0,0,0,0
102197,1,1,0,0,0,1,9
9805350,0,0,0,0,0,0,0
302056,0,0,0,0,0,0,0
102034,0,0,0,0,0,0,0
9801315,1,1,0,0,1,0,0
9511354,0,0,0,0,0,0,0
9510432,1,1,0,0,1,0,0
102258,0,0,0,0,0,0,0
5229,1,1,0,0,0,1,3
9409337,0,0,0,0,0,0,0
9802269,0,0,0,0,0,0,0
9507214,1,1,0,0,0,1,7
9403260,0,0,0,0,0,0,0
9098,0,0,0,0,0,0,0
212046,0,0,0,0,0,0,0
104188,0,0,0,0,0,0,0
9811416,0,0,0,0,0,0,0
9094,0,0,0,0,0,0,0
209128,0,0,0,0,0,0,0
9503379,0,0,0,0,0,0,0
9407281,0,0,0,0,0,0,0
9712435,0,0,0,0,0,0,0
111352,0,0,0,0,0,0,0
12126,2,1,1,1,2,0,0
105322,0,0,0,0,0,0,0
106259,0,0,0,0,0,0,0
201158,0,0,0,0,0,0,0
10271,0,0,0,0,0,0,0
9611268,0,0,0,0,0,0,0
9401261,1,1,0,0,1,0,0
102058,0,0,0,0,0,0,0
9911355,0,0,0,0,0,0,0
9305301,1,1,0,0,0,1,2
9904217,0,0,0,0,0,0,0
9702268,0,0,0,0,0,0,0
9906364,0,0,0,0,0,0,0
210087,0,0,0,0,0,0,0
5271,1,1,0,0,0,1,1
204177,0,0,0,0,0,0,0
106016,0,0,0,0,0,0,0
9505363,0,0,0,0,0,0,0
204104,0,0,0,0,0,0,0
9305253,1,1,0,0,1,0,0
9603332,0,0,0,0,0,0,0
3197,0,0,0,0,0,0,0
11189,0,0,0,0,0,0,0
101069,0,0,0,0,0,0,0
2026,0,0,0,0,0,0,0
205123,0,0,0,0,0,0,0
9506343,0,0,0,0,0,0,0
110026,0,0,0,0,0,0,0
9808472,0,0,0,0,0,0,0
2014,0,0,0,0,0,0,0
11073,0,0,0,0,0,0,0
211317,0,0,0,0,0,0,0
302169,0,0,0,0,0,0,0
9812264,0,0,0,0,0,0,0
10168,0,0,0,0,0,0,0
209170,0,0,0,0,0,0,0
201057,0,0,0,0,0,0,0
9810263,0,0,0,0,0,0,0
9911501,0,0,0,0,0,0,0
9604322,0,0,0,0,0,0,0
9409363,0,0,0,0,0,0,0
9810444,0,0,0,0,0,0,0
203245,0,0,0,0,0,0,0
9810521,0,0,0,0,0,0,0
9709308,0,0,0,0,0,0,0
9707339,0,0,0,0,0,0,0
9807365,1,1,0,0,0,1,1
202187,0,0,0,0,0,0,0
9212216,0,0,0,0,0,0,0
110112,0,0,0,0,0,0,0
212325,0,0,0,0,0,0,0
9710269,0,0,0,0,0,0,0
211121,0,0,0,0,0,0,0
9311364,0,0,0,0,0,0,0
9709471,0,0,0,0,0,0,0
7239,0,0,0,0,0,0,0
9206265,1,1,0,0,1,0,0
103186,0,0,0,0,0,0,0
210029,0,0,0,0,0,0,0
206046,0,0,0,0,0,0,0
202165,0,0,0,0,0,0,0
111065,1,1,0,0,1,0,0
9605370,0,0,0,0,0,0,0
9301,0,0,0,0,0,0,0
105342,0,0,0,0,0,0,0
12248,0,0,0,0,0,0,0
108019,0,0,0,0,0,0,0
1245,0,0,0,0,0,0,0
202118,0,0,0,0,0,0,0
9706446,0,0,0,0,0,0,0
110120,1,1,0,0,0,1,6
9503389,1,1,0,0,1,0,0
9206234,1,1,0,0,1,0,0
9812374,0,0,0,0,0,0,0
9601251,0,0,0,0,0,0,0
9710378,0,0,0,0,0,0,0
4112,0,0,0,0,0,0,0
208064,1,1,0,0,0,1,1
9911443,0,0,0,0,0,0,0
9702259,0,0,0,0,0,0,0
9907313,0,0,0,0,0,0,0
212066,0,0,0,0,0,0,0
204203,0,0,0,0,0,0,0
9903529,0,0,0,0,0,0,0
9907441,0,0,0,0,0,0,0
9806529,0,0,0,0,0,0,0
9207224,0,0,0,0,0,0,0
10336,0,0,0,0,0,0,0
110223,0,0,0,0,0,0,0
12059,0,0,0,0,0,0,0
111320,0,0,0,0,0,0,0
6220,0,0,0,0,0,0,0
9811343,0,0,0,0,0,0,0
1277,1,1,0,0,1,0,0
9411374,0,0,0,0,0,0,0
9410208,0,0,0,0,0,0,0
9502366,71,23,48,171,10,61,156
9908432,9,6,3,5,3,6,42
8255,80,6,74,362,3,77,312
9802433,75,4,71,599,1,74,643
9308246,294,14,280,2146,88,206,278
9408390,41,4,37,147,15,26,30
11184,10,5,5,7,8,2,4
10071,1,1,0,0,1,0,0
9908395,35,7,28,125,3,32,363
9612433,119,19,100,512,116,3,3
203229,3,3,0,0,0,3,13
9505429,21,3,18,44,12,9,16
9812246,8,3,5,9,1,7,42
201023,8,3,5,8,0,8,20
1304,7,2,5,9,2,5,26
9409312,2,2,0,0,0,2,4
9611247,17,2,15,44,0,17,77
9710447,21,6,15,67,8,13,24
9903212,2,1,1,1,0,2,2
9602224,7,4,3,4,7,0,0
9210231,20,6,14,29,20,0,0
9606233,37,8,29,99,0,37,168
9905347,22,8,14,36,0,22,121
9309228,14,5,9,13,14,0,0
9512401,31,2,29,167,5,26,47
9903507,18,3,15,40,2,16,62
10338,92,36,56,199,10,82,658
203065,4,4,0,0,1,3,13
9711395,265,13,252,3447,232,33,33
9601260,6,4,2,3,1,5,8
9412380,11,3,8,9,5,6,7
9609488,13,11,2,2,3,10,81
9508296,29,5,24,77,14,15,24
9406249,20,8,12,22,10,10,34
9508322,7,4,3,6,0,7,28
9803449,5,2,3,4,3,2,4
9709388,127,10,117,1008,48,79,85
9809596,98,5,93,696,2,96,1066
9806376,29,7,22,83,4,25,166
9411315,3,2,1,1,3,0,0
9212204,34,11,23,72,34,0,0
9810542,10,5,5,8,0,10,50
9909206,6,2,4,4,0,6,35
9808277,22,5,17,60,3,19,26
9210221,26,7,19,48,25,1,1
9808419,14,6,8,16,0,14,80
9808207,13,3,10,16,7,6,14
9801276,24,7,17,50,8,16,32
9906275,32,5,27,118,0,32,509
9606353,12,4,8,14,9,3,3
9809481,10,6,4,5,1,9,48
104091,14,3,11,18,0,14,73
9512429,12,4,8,23,12,0,0
9607285,18,1,17,40,0,18,42
9204215,38,6,32,99,38,0,0
9502296,11,4,7,13,2,9,21
9707517,7,4,3,6,0,7,17
9807502,9,1,8,29,0,9,37
9609431,19,9,10,21,3,16,74
9309252,45,19,26,81,45,0,0
9405420,11,2,9,30,1,10,27
9704339,27,3,24,76,0,27,145
9702392,98,2,96,1148,42,56,194
9707214,17,4,13,27,1,16,25
103299,17,3,14,46,0,17,121
9409290,32,3,29,172,3,29,110
9801298,27,6,21,40,0,27,77
9806348,68,12,56,412,1,67,732
9906286,49,8,41,139,1,48,315
7318,11,1,10,35,11,0,0
9601367,145,4,141,1402,36,109,254
9612468,24,1,23,100,0,24,118
9707302,13,1,12,27,0,13,94
3119,27,3,24,91,0,27,321
9511256,20,5,15,54,0,20,78
9802345,7,3,4,7,1,6,29
107257,10,2,8,13,1,9,23
9906376,21,9,12,26,5,16,55
9511255,39,2,37,201,8,31,104
9802412,21,5,16,31,3,18,83
9508346,19,9,10,23,1,18,93
12219,18,5,13,40,0,18,162
9406337,14,8,6,17,14,0,0
9903314,3,2,1,1,2,1,1
1177,11,4,7,19,0,11,51
9709232,35,8,27,67,4,31,151
9707371,14,6,8,13,2,12,38
9706247,21,8,13,34,0,21,97
9807348,49,2,47,256,1,48,181
9206266,58,9,49,543,58,0,0
9502321,28,8,20,57,1,27,118
9702292,5,3,2,3,1,4,5
9212255,4,2,2,3,4,0,0
9609460,43,2,41,284,7,36,75
9703227,5,3,2,4,1,4,7
9410414,45,5,40,217,45,0,0
9712222,74,5,69,604,13,61,166
9707375,10,5,5,8,3,7,12
9402283,159,25,134,621,159,0,0
9408383,16,6,10,21,4,12,12
109180,0,0,0,0,0,0,0
9404338,17,6,11,28,17,0,0
9802359,3,2,1,2,0,3,21
9710375,8,8,0,0,1,7,22
9311261,14,7,7,11,12,2,2
9404235,7,2,5,9,7,0,0
6346,11,4,7,16,0,11,66
9804227,63,1,62,452,3,60,344
9412265,62,3,59,216,9,53,126
9802379,60,2,58,462,1,59,149
9609380,8,7,1,1,2,6,21
9312235,33,6,27,151,33,0,0
2001,18,10,8,18,0,18,120
9711335,5,4,1,1,1,4,4
9811202,80,5,75,672,4,76,366
9911367,25,5,20,68,7,18,47
9409269,21,3,18,61,1,20,37
9907343,4,1,3,3,1,3,16
9501229,14,3,11,26,5,9,16
9409250,64,16,48,193,52,12,12
9906210,25,4,21,41,0,25,175
9503330,16,4,12,28,13,3,9
103314,15,10,5,7,15,0,0
9901319,28,4,24,138,0,28,344
9805211,14,7,7,11,3,11,53
9803393,37,3,34,170,10,27,51
9609400,17,6,11,25,13,4,4
9808467,45,4,41,156,6,39,171
9907387,8,3,5,9,1,7,16
6352,4,3,1,1,2,2,11
9601385,6,5,1,1,0,6,18
103092,5,2,3,4,0,5,25
2277,18,4,14,84,0,18,202
9212205,3,1,2,3,3,0,0
9707432,8,4,4,6,2,6,16
9812305,14,4,10,29,0,14,95
11034,1,1,0,0,0,1,4
109095,16,5,11,35,0,16,113
207275,0,0,0,0,0,0,0
9701212,10,3,7,9,10,0,0
9405360,10,5,5,5,0,10,22
9607394,139,23,116,527,26,113,302
9407251,69,16,53,206,5,64,246
9810280,52,3,49,261,2,50,133
9503358,27,8,19,32,0,27,107
9711514,65,2,63,393,1,64,201
9712212,36,2,34,151,0,36,122
9802358,33,6,27,71,2,31,106
9406202,24,12,12,21,15,9,15
9510287,11,10,1,1,1,10,62
9412374,32,6,26,75,22,10,14
9503432,12,4,8,19,2,10,17
9607319,26,3,23,78,5,21,47
9707430,41,7,34,207,10,31,67
9607268,2,2,0,0,1,1,2
9610545,7,2,5,14,7,0,0
9906281,49,2,47,305,1,48,269
9905426,5,5,0,0,1,4,24
9601365,28,2,26,84,5,23,146
9404362,14,4,10,23,11,3,3
9507375,8,5,3,4,7,1,2
9608487,16,2,14,37,6,10,17
9505298,27,8,19,72,1,26,100
9510238,9,2,7,24,0,9,41
9805452,9,5,4,5,2,7,18
112102,70,11,59,192,1,69,237
9704443,9,2,7,26,9,0,0
9602211,18,5,13,28,11,7,7
9501408,0,0,0,0,0,0,0
9501298,28,14,14,23,4,24,81
3163,18,4,14,51,4,14,46
8056,23,5,18,37,7,16,27
9907540,3,2,1,1,3,0,0
9208238,25,9,16,73,25,0,0
102204,97,5,92,996,1,96,324
9908443,42,4,38,231,0,42,497
3154,70,19,51,216,2,68,817
9411444,25,4,21,68,2,23,36
9904282,28,5,23,71,4,24,109
106334,36,8,28,79,1,35,313
9801446,26,6,20,71,0,26,169
104258,15,5,10,25,0,15,221
9906206,71,7,64,437,4,67,425
9512252,76,2,74,657,1,75,305
6078,27,4,23,65,6,21,89
105294,7,4,3,4,1,6,26
9808399,4,2,2,3,1,3,3
104303,2,2,0,0,1,1,1
10041,13,5,8,24,0,13,76
9307368,9,1,8,20,9,0,0
9805208,53,6,47,222,2,51,121
9911426,2,2,0,0,0,2,11
9306271,39,11,28,73,39,0,0
9208240,14,4,10,26,14,0,0
9710323,16,5,11,19,2,14,61
4268,5,3,2,3,2,3,5
2169,2,2,0,0,0,2,2
9902310,50,4,46,301,0,50,496
8151,7,6,1,1,0,7,61
205194,0,0,0,0,0,0,0
101070,17,2,15,51,0,17,93
9905567,17,6,11,17,3,14,79
204316,22,10,12,20,0,22,303
112081,27,3,24,92,0,27,560
9907471,8,2,6,19,0,8,20
202271,6,3,3,6,0,6,113
9301241,8,3,5,5,6,2,2
111052,13,1,12,40,0,13,66
9909523,9,1,8,21,0,9,68
9812478,22,5,17,34,2,20,44
9512428,18,2,16,36,18,0,0
3089,17,5,12,32,0,17,148
9909248,34,7,27,98,23,11,11
103189,1,1,0,0,1,0,0
204311,7,5,2,2,0,7,21
9808447,9,4,5,8,0,9,31
9702431,8,4,4,6,0,8,41
9602337,7,4,3,3,0,7,9
9805391,1,1,0,0,1,0,0
9310291,22,5,17,46,22,0,0
9407328,9,6,3,4,0,9,32
11360,4,1,3,4,0,4,28
5101,7,6,1,1,0,7,19
9206247,6,2,4,6,6,0,0
5227,8,4,4,6,0,8,59
101066,4,3,1,1,0,4,24
9905478,8,3,5,11,1,7,18
9408345,11,4,7,15,0,11,29
9506456,22,3,19,42,16,6,6
9255,72,8,64,266,3,69,580
9803364,10,3,7,16,1,9,30
9703429,38,8,30,90,0,38,366
9701324,10,2,8,24,2,8,13
9801206,7,2,5,10,1,6,11
9512339,7,4,3,5,7,0,0
9905406,14,4,10,20,0,14,34
9905479,5,4,1,1,3,2,2
9510437,11,6,5,14,0,11,23
9411312,12,2,10,24,12,0,0
102090,41,6,35,158,0,41,200
105097,9,1,8,24,0,9,68
9807377,27,5,22,64,2,25,99
9907499,41,4,37,143,2,39,242
9501204,20,8,12,25,20,0,0
7158,12,3,9,29,1,11,40
9804288,48,17,31,71,37,11,11
9702263,20,5,15,25,2,18,66
9603405,1,1,0,0,0,1,1
104259,10,1,9,25,0,10,114
9810496,25,1,24,104,1,24,124
9708448,13,4,9,17,2,11,44
9711324,7,5,2,2,0,7,12
9612356,0,0,0,0,0,0,0
9711371,32,5,27,129,0,32,160
7068,25,5,20,43,0,25,139
9712410,19,9,10,21,0,19,108
9712473,12,2,10,23,0,12,86
9405326,24,3,21,45,20,4,4
9710561,33,7,26,80,2,31,83
9409416,13,3,10,23,5,8,23
9403390,63,8,55,327,30,33,53
9606323,20,4,16,46,2,18,26
9611203,2,2,0,0,0,2,6
104060,2,1,1,1,0,2,4
3142,8,4,4,9,0,8,124
9901214,8,6,2,3,6,2,3
9401270,20,5,15,36,20,0,0
9409374,2,1,1,1,0,2,4
9608355,5,2,3,3,2,3,12
9707383,2,2,0,0,0,2,5
9707291,96,16,80,410,7,89,430
9506446,7,5,2,3,1,6,7
9708241,6,5,1,1,2,4,11
9506317,61,1,60,483,5,56,114
9709286,17,2,15,63,0,17,287
9405365,9,1,8,20,1,8,13
9512202,8,2,6,12,0,8,33
9204232,9,6,3,4,9,0,0
9706332,3,2,1,1,0,3,29
9207212,30,16,14,29,30,0,0
9809499,4,2,2,3,0,4,8
9907408,23,2,21,55,1,22,40
9809206,11,7,4,5,2,9,49
203014,1,1,0,0,1,0,0
9705242,33,4,29,155,16,17,25
9412319,30,4,26,163,1,29,151
9511349,13,6,7,9,1,12,63
9708329,14,2,12,18,14,0,0
5248,21,11,10,14,1,20,54
3010,1,1,0,0,1,0,0
103125,84,10,74,741,2,82,266
9708380,0,0,0,0,0,0,0
9807229,31,8,23,57,2,29,128
7213,17,5,12,26,2,15,78
9511266,13,6,7,11,2,11,55
9409342,1,1,0,0,0,1,5
9607382,16,6,10,22,3,13,60
5224,6,3,3,5,1,5,24
9310262,3,1,2,2,3,0,0
9502251,24,6,18,97,5,19,29
9711430,4,4,0,0,0,4,4
6025,2,1,1,1,0,2,13
9702208,9,6,3,4,4,5,6
9604316,26,6,20,61,3,23,68
9410377,6,4,2,3,2,4,7
107276,0,0,0,0,0,0,0
9904276,13,3,10,32,0,13,87
9907496,32,2,30,168,2,30,259
8124,9,7,2,2,1,8,70
9408231,3,3,0,0,0,3,3
9308270,23,10,13,55,23,0,0
9601287,9,6,3,5,5,4,4
205296,1,1,0,0,0,1,6
9903419,12,4,8,29,1,11,29
9610297,13,3,10,22,0,13,25
9904354,3,2,1,1,1,2,2
9801348,7,2,5,8,7,0,0
106147,4,4,0,0,0,4,9
9601323,0,0,0,0,0,0,0
107124,7,3,4,5,1,6,18
103042,6,1,5,9,0,6,12
9512419,6,4,2,3,0,6,56
9808484,9,2,7,12,2,7,11
6309,5,3,2,2,0,5,35
9312269,7,3,4,6,5,2,3
9606417,17,9,8,16,5,12,35
9409216,5,1,4,6,1,4,4
9808303,14,2,12,18,3,11,28
9406391,15,6,9,17,15,0,0
9611331,11,7,4,4,0,11,32
9505377,3,2,1,1,1,2,4
9811371,5,5,0,0,0,5,29
9903295,0,0,0,0,0,0,0
9905277,10,5,5,6,1,9,29
207183,7,6,1,1,0,7,28
9612329,9,4,5,13,1,8,25
101132,11,5,6,11,1,10,73
9302312,23,4,19,47,1,22,22
9801324,29,3,26,135,11,18,22
9308369,13,9,4,5,2,11,20
9607347,5,2,3,6,2,3,3
204145,5,2,3,3,0,5,41
5168,1,1,0,0,0,1,2
5134,13,3,10,26,0,13,92
9605376,5,3,2,3,2,3,12
9601213,4,3,1,1,1,3,3
9508284,1,1,0,0,1,0,0
9502358,2,2,0,0,2,0,0
9407254,1,1,0,0,0,1,1
9911435,7,4,3,3,0,7,44
201002,4,3,1,1,0,4,16
202218,14,7,7,10,1,13,50
9911480,3,2,1,1,1,2,4
9402223,16,2,14,30,8,8,8
11121,4,2,2,4,0,4,25
9301263,5,2,3,5,5,0,0
9701221,3,2,1,1,3,0,0
104141,8,4,4,6,0,8,161
9507336,15,8,7,13,2,13,45
9912399,0,0,0,0,0,0,0
9402243,41,5,36,144,0,41,132
9606201,14,5,9,16,6,8,10
9401255,35,12,23,75,7,28,28
9704329,6,3,3,6,0,6,16
9606300,2,2,0,0,0,2,2
9409302,3,3,0,0,2,1,1
12366,1,1,0,0,0,1,1
9911243,8,2,6,10,0,8,124
9209270,4,2,2,3,4,0,0
9803366,28,1,27,110,3,25,95
11299,9,5,4,4,0,9,33
9909331,2,2,0,0,0,2,19
9710247,25,4,21,40,0,25,91
203237,17,7,10,19,0,17,129
205349,12,3,9,18,1,11,70
101181,4,3,1,1,0,4,17
9806523,5,3,2,2,1,4,15
208132,5,3,2,2,0,5,49
9703362,3,3,0,0,0,3,4
11081,16,6,10,18,1,15,33
110021,3,3,0,0,1,2,5
103213,2,1,1,1,0,2,10
9312346,2,2,0,0,2,0,0
110303,9,2,7,11,0,9,109
110232,2,1,1,1,0,2,3
9901231,9,7,2,2,0,9,21
9809211,16,3,13,41,8,8,11
205122,3,1,2,2,0,3,39
9709497,1,1,0,0,0,1,4
9705453,16,7,9,18,1,15,66
9403386,7,4,3,3,4,3,6
9709307,7,1,6,12,0,7,20
9902411,17,7,10,17,0,17,134
9910438,31,10,21,60,1,30,217
9807564,1,1,0,0,0,1,3
9308284,26,9,17,53,26,0,0
9712246,1,1,0,0,1,0,0
110138,7,4,3,10,0,7,92
9908246,14,3,11,32,0,14,101
9511360,9,2,7,13,1,8,8
9606466,6,2,4,9,0,6,30
3249,1,1,0,0,0,1,9
9902408,10,1,9,35,1,9,37
9607376,6,1,5,13,6,0,0
9606247,11,2,9,20,0,11,60
9809279,5,5,0,0,0,5,39
9805393,1,1,0,0,0,1,4
9309239,1,1,0,0,0,1,1
9910311,2,2,0,0,0,2,3
9906319,41,4,37,303,2,39,58
9806488,7,3,4,7,1,6,14
9310329,17,6,11,27,10,7,7
9610504,2,1,1,1,0,2,5
9610416,2,1,1,1,0,2,3
9704314,4,2,2,3,4,0,0
9809466,8,5,3,3,0,8,125
9608407,8,2,6,13,1,7,23
111288,2,2,0,0,0,2,5
10101,8,6,2,2,1,7,26
9612406,2,2,0,0,0,2,15
9809289,2,1,1,1,2,0,0
9705293,8,5,3,3,0,8,18
9604345,6,5,1,1,0,6,27
8285,3,2,1,1,0,3,17
9706365,9,3,6,14,3,6,24
9801242,7,3,4,9,0,7,31
109181,11,4,7,15,0,11,54
205255,3,2,1,1,0,3,8
9602400,4,3,1,1,4,0,0
9909367,0,0,0,0,0,0,0
9810370,13,9,4,6,1,12,32
9612422,3,2,1,1,0,3,22
9307225,3,3,0,0,3,0,0
6031,3,1,2,2,0,3,9
9411201,10,6,4,5,4,6,7
9503329,3,1,2,2,1,2,7
3006,13,6,7,9,2,11,36
9508387,6,2,4,7,3,3,3
9612410,2,1,1,1,0,2,6
9812485,2,1,1,1,1,1,4
9603449,18,9,9,19,1,17,105
9705302,8,4,4,6,0,8,10
9802356,11,5,6,8,1,10,22
9412234,1,1,0,0,1,0,0
9307299,2,2,0,0,1,1,1
111377,4,3,1,1,1,3,21
12282,8,5,3,4,1,7,17
9711373,8,2,6,11,0,8,24
9901419,4,3,1,1,0,4,7
9712550,5,2,3,4,0,5,19
9805387,2,2,0,0,1,1,2
9810282,4,1,3,5,0,4,28
9210274,2,1,1,1,2,0,0
9606277,13,3,10,20,3,10,14
9811228,1,1,0,0,0,1,1
9612274,4,2,2,2,0,4,8
6257,16,3,13,25,0,16,61
9308233,2,1,1,1,1,1,1
9501223,16,1,15,47,8,8,15
9508269,5,3,2,3,5,0,0
9503321,2,2,0,0,2,0,0
210318,1,1,0,0,0,1,9
9312233,2,2,0,0,2,0,0
9407288,9,4,5,7,9,0,0
101291,0,0,0,0,0,0,0
9610535,4,3,1,2,0,4,10
9017,6,4,2,2,4,2,8
9506381,8,3,5,11,1,7,17
9911241,2,2,0,0,0,2,7
105028,9,5,4,4,2,7,51
9811370,7,2,5,10,0,7,37
112360,5,2,3,6,0,5,39
205302,1,1,0,0,0,1,14
9901375,4,4,0,0,1,3,4
9807302,6,5,1,1,0,6,8
9812446,9,3,6,7,2,7,25
9901416,11,4,7,14,5,6,13
9408248,12,9,3,3,0,12,27
12317,5,2,3,3,4,1,2
9703241,18,4,14,54,0,18,59
203031,7,4,3,3,0,7,100
9602422,9,3,6,10,0,9,30
9806381,10,6,4,5,3,7,10
9805500,14,9,5,13,3,11,78
9706392,2,2,0,0,1,1,9
9808341,5,5,0,0,0,5,45
106203,6,5,1,2,0,6,31
9706491,3,1,2,3,0,3,11
210362,0,0,0,0,0,0,0
103025,3,2,1,1,0,3,17
9912229,0,0,0,0,0,0,0
9411250,5,2,3,5,5,0,0
104058,4,4,0,0,0,4,17
9311343,0,0,0,0,0,0,0
9912364,6,3,3,4,0,6,38
9901327,9,3,6,17,2,7,7
9506262,7,3,4,7,7,0,0
9709501,2,1,1,1,0,2,4
11231,3,2,1,2,3,0,0
105163,2,1,1,1,0,2,17
9906267,7,4,3,5,0,7,18
9801380,7,2,5,14,1,6,8
9602331,2,2,0,0,0,2,3
104071,9,6,3,3,0,9,46
207352,6,5,1,1,0,6,39
205293,10,5,5,6,0,10,15
209169,1,1,0,0,1,0,0
9703399,1,1,0,0,0,1,2
9604297,2,1,1,1,2,0,0
9502255,14,1,13,28,3,11,36
9212296,11,7,4,14,0,11,18
9412238,5,2,3,3,5,0,0
208243,3,2,1,1,1,2,4
212015,0,0,0,0,0,0,0
110081,10,6,4,10,3,7,34
9805224,12,1,11,33,10,2,2
9811229,1,1,0,0,0,1,3
12250,4,1,3,6,0,4,27
106266,2,1,1,1,0,2,2
9502257,2,1,1,1,0,2,4
102321,19,3,16,61,0,19,321
9409297,1,1,0,0,0,1,2
211252,1,1,0,0,0,1,14
209014,14,4,10,23,0,14,153
110224,0,0,0,0,0,0,0
9807231,3,3,0,0,0,3,10
9609427,9,3,6,10,2,7,29
9801307,18,4,14,29,0,18,81
9808218,5,3,2,4,0,5,17
9306295,5,4,1,1,0,5,5
9511329,7,6,1,1,7,0,0
12299,9,2,7,25,0,9,67
9607335,1,1,0,0,0,1,3
6350,2,1,1,1,0,2,4
9512397,1,1,0,0,1,0,0
9066,3,1,2,3,0,3,73
9151,8,2,6,8,2,6,11
108125,2,2,0,0,0,2,4
102003,6,3,3,4,0,6,12
102217,2,1,1,1,1,1,2
202232,1,1,0,0,1,0,0
206308,7,2,5,15,0,7,119
202016,4,3,1,1,0,4,33
112108,29,18,11,26,0,29,308
9806535,13,4,9,25,2,11,11
9806455,14,2,12,29,0,14,49
205314,13,3,10,27,0,13,68
210205,7,5,2,2,0,7,128
9812347,3,3,0,0,1,2,3
9308223,16,10,6,16,4,12,18
9610487,2,2,0,0,2,0,0
109186,12,8,4,4,0,12,56
108253,2,2,0,0,0,2,12
107254,8,3,5,10,3,5,42
110178,1,1,0,0,0,1,2
9710358,13,3,10,37,0,13,48
9802262,8,3,5,10,1,7,30
9801454,1,1,0,0,0,1,5
4234,7,4,3,4,0,7,37
9806226,12,4,8,16,2,10,31
1256,4,2,2,2,1,3,23
9710258,4,3,1,1,1,3,19
201049,3,3,0,0,1,2,8
9808384,1,1,0,0,0,1,7
9811212,12,1,11,47,0,12,106
9303305,11,10,1,1,11,0,0
9908474,2,2,0,0,0,2,15
9905408,2,2,0,0,2,0,0
9912423,28,9,19,50,7,21,74
9803361,2,2,0,0,0,2,3
2266,5,1,4,7,1,4,6
211349,0,0,0,0,0,0,0
7021,5,1,4,7,0,5,16
9804219,4,3,1,1,1,3,6
302070,2,1,1,1,1,1,1
9810292,5,3,2,2,0,5,108
9602435,0,0,0,0,0,0,0
9607357,1,1,0,0,0,1,1
9509386,2,1,1,1,2,0,0
9805455,2,1,1,1,1,1,1
9910379,13,5,8,26,1,12,39
9903332,6,2,4,10,1,5,15
9502319,7,3,4,6,1,6,7
9804318,3,2,1,1,2,1,1
105173,2,2,0,0,0,2,7
204076,5,3,2,2,0,5,42
211266,4,4,0,0,0,4,55
6024,20,9,11,16,5,15,25
9208235,2,2,0,0,2,0,0
101172,3,2,1,1,1,2,9
9211276,1,1,0,0,1,0,0
204279,4,2,2,5,1,3,18
104279,2,2,0,0,0,2,9
9903438,2,1,1,1,0,2,2
202008,3,3,0,0,1,2,3
9908399,7,6,1,1,2,5,30
9285,2,1,1,1,0,2,11
9710477,2,1,1,1,0,2,3
9706402,3,2,1,1,2,1,1
9510428,6,2,4,8,3,3,4
107243,2,1,1,1,0,2,4
111166,4,1,3,4,0,4,26
9812238,2,2,0,0,0,2,7
112219,3,2,1,1,1,2,4
4229,1,1,0,0,0,1,3
9707245,4,3,1,1,0,4,23
9406290,1,1,0,0,0,1,1
9606357,4,3,1,1,0,4,30
9909484,7,2,5,7,0,7,43
9604231,12,5,7,8,1,11,25
9405294,2,1,1,1,2,0,0
9219,3,1,2,3,0,3,17
108010,3,2,1,1,2,1,3
9403206,1,1,0,0,1,0,0
10261,11,6,5,6,0,11,102
9307305,1,1,0,0,1,0,0
9310202,2,2,0,0,2,0,0
9312300,2,2,0,0,1,1,1
111430,2,1,1,1,0,2,4
9305337,7,5,2,3,7,0,0
9503457,2,1,1,1,1,1,1
111311,9,2,7,18,6,3,3
205009,3,3,0,0,2,1,2
9605358,2,2,0,0,0,2,6
4160,1,1,0,0,0,1,6
9910355,6,3,3,4,0,6,18
9811298,7,2,5,9,1,6,36
9410300,0,0,0,0,0,0,0
2184,5,2,3,3,3,2,7
201042,1,1,0,0,0,1,5
205090,2,2,0,0,0,2,3
9902322,4,2,2,2,0,4,46
103102,17,9,8,15,2,15,81
5238,3,2,1,1,0,3,28
101341,0,0,0,0,0,0,0
9408201,5,3,2,2,3,2,2
204097,0,0,0,0,0,0,0
9505432,4,3,1,1,1,3,3
208154,0,0,0,0,0,0,0
203025,5,3,2,3,0,5,32
3112,1,1,0,0,1,0,0
106244,1,1,0,0,0,1,3
9707400,3,2,1,1,3,0,0
9612289,2,1,1,1,2,0,0
9611396,2,1,1,1,1,1,2
9903381,5,3,2,2,1,4,7
9712534,9,2,7,21,1,8,31
9406218,5,3,2,3,3,2,2
9605253,0,0,0,0,0,0,0
9807389,3,2,1,1,0,3,13
3298,4,2,2,3,1,3,13
9212211,3,2,1,2,3,0,0
202043,2,2,0,0,0,2,7
9803402,2,1,1,1,2,0,0
205172,2,2,0,0,2,0,0
9911249,5,3,2,3,0,5,21
209178,4,2,2,3,0,4,53
9906207,1,1,0,0,0,1,3
3052,1,1,0,0,1,0,0
9912493,1,1,0,0,0,1,1
9908244,6,4,2,4,0,6,20
104169,1,1,0,0,0,1,8
9512352,3,2,1,1,3,0,0
9708201,0,0,0,0,0,0,0
210019,1,1,0,0,0,1,5
9503282,8,1,7,14,0,8,32
9801421,2,2,0,0,0,2,4
9601345,1,1,0,0,0,1,3
7232,5,4,1,1,1,4,43
9510371,1,1,0,0,0,1,2
9705372,14,3,11,38,1,13,38
9908297,1,1,0,0,0,1,1
9308340,7,5,2,3,7,0,0
110280,2,1,1,1,0,2,6
210314,3,3,0,0,0,3,29
211237,0,0,0,0,0,0,0
107137,3,3,0,0,3,0,0
9908426,7,3,4,4,4,3,4
9910280,1,1,0,0,0,1,4
9804291,2,2,0,0,0,2,2
1149,8,6,2,2,4,4,5
9804394,3,2,1,1,0,3,14
9507330,5,3,2,2,5,0,0
9902247,0,0,0,0,0,0,0
10060,4,2,2,2,0,4,21
9802322,6,3,3,4,6,0,0
8059,3,2,1,1,0,3,10
111120,5,2,3,3,0,5,36
9711300,1,1,0,0,0,1,3
9503412,4,1,3,6,0,4,15
9503483,2,2,0,0,0,2,8
107330,3,2,1,1,1,2,4
111236,5,4,1,2,0,5,18
211219,0,0,0,0,0,0,0
9305292,1,1,0,0,1,0,0
9303235,4,4,0,0,4,0,0
9707453,3,1,2,2,3,0,0
9706469,4,1,3,5,3,1,1
9910436,3,1,2,3,0,3,9
203246,0,0,0,0,0,0,0
9809300,5,1,4,7,1,4,6
9712425,10,6,4,4,5,5,6
1238,0,0,0,0,0,0,0
204255,2,1,1,1,0,2,12
102053,4,3,1,1,1,3,20
9812416,1,1,0,0,0,1,4
9505418,7,3,4,4,7,0,0
9702284,4,2,2,2,1,3,5
211110,2,2,0,0,0,2,15
9503230,7,7,0,0,1,6,9
9405350,0,0,0,0,0,0,0
9907411,2,1,1,1,2,0,0
9409463,5,3,2,3,1,4,5
202094,0,0,0,0,0,0,0
9810446,10,2,8,11,5,5,6
101052,0,0,0,0,0,0,0
9501209,0,0,0,0,0,0,0
201257,2,1,1,1,0,2,7
9603425,0,0,0,0,0,0,0
204242,2,2,0,0,0,2,5
2095,3,2,1,1,3,0,0
9911383,4,2,2,3,0,4,47
7301,4,1,3,3,0,4,7
9908336,3,2,1,2,0,3,28
212096,0,0,0,0,0,0,0
2303,3,3,0,0,1,2,6
9503301,0,0,0,0,0,0,0
102048,6,1,5,10,0,6,37
105244,3,3,0,0,0,3,15
9712336,0,0,0,0,0,0,0
9412279,2,2,0,0,1,1,2
109206,2,1,1,1,0,2,8
107087,3,2,1,1,0,3,10
9407318,2,1,1,1,0,2,3
9903222,9,3,6,9,1,8,9
9509400,1,1,0,0,0,1,1
9911470,4,4,0,0,2,2,11
9707272,5,1,4,9,1,4,6
9509391,1,1,0,0,1,0,0
302009,0,0,0,0,0,0,0
9906326,1,1,0,0,0,1,1
111278,2,1,1,1,0,2,11
9910272,3,3,0,0,3,0,0
101343,5,3,2,2,2,3,5
9503311,7,5,2,4,3,4,7
9907208,0,0,0,0,0,0,0
9506230,1,1,0,0,1,0,0
12011,2,2,0,0,1,1,5
2176,0,0,0,0,0,0,0
3024,1,1,0,0,1,0,0
11316,1,1,0,0,0,1,2
10098,0,0,0,0,0,0,0
9910369,0,0,0,0,0,0,0
301230,0,0,0,0,0,0,0
9706393,2,2,0,0,0,2,8
9404266,4,4,0,0,4,0,0
111344,2,2,0,0,0,2,13
9702272,1,1,0,0,0,1,4
202038,2,2,0,0,0,2,11
9911310,2,1,1,1,0,2,20
209103,4,4,0,0,1,3,12
9605466,3,1,2,3,0,3,11
11068,1,1,0,0,0,1,1
9505415,0,0,0,0,0,0,0
9512271,3,1,2,2,0,3,3
111151,7,2,5,15,0,7,52
9812436,4,1,3,6,1,3,8
9506320,3,3,0,0,3,0,0
5115,5,5,0,0,0,5,17
9709277,4,2,2,2,0,4,11
208121,3,2,1,1,0,3,27
206214,2,2,0,0,0,2,3
209325,3,3,0,0,0,3,5
207102,0,0,0,0,0,0,0
9911388,1,1,0,0,0,1,2
9909303,1,1,0,0,0,1,6
11351,0,0,0,0,0,0,0
101016,0,0,0,0,0,0,0
9511379,0,0,0,0,0,0,0
205049,0,0,0,0,0,0,0
205335,1,1,0,0,1,0,0
9507229,0,0,0,0,0,0,0
9408311,1,1,0,0,1,0,0
9610392,1,1,0,0,0,1,2
212136,0,0,0,0,0,0,0
9803249,0,0,0,0,0,0,0
9812288,1,1,0,0,0,1,2
212284,1,1,0,0,0,1,6
9604268,2,1,1,1,0,2,2
203185,0,0,0,0,0,0,0
210267,0,0,0,0,0,0,0
9604366,11,7,4,6,11,0,0
106038,3,1,2,2,2,1,1
9807538,2,2,0,0,0,2,22
9807382,6,5,1,1,0,6,13
3304,8,4,4,6,0,8,21
9406402,5,2,3,4,4,1,1
5300,5,1,4,10,0,5,7
212105,0,0,0,0,0,0,0
9409317,2,2,0,0,1,1,2
110197,1,1,0,0,0,1,6
201047,5,2,3,4,2,3,6
9906260,5,5,0,0,0,5,32
9905363,1,1,0,0,0,1,2
101295,1,1,0,0,0,1,3
212278,0,0,0,0,0,0,0
9906439,3,1,2,2,0,3,8
205317,0,0,0,0,0,0,0
205063,0,0,0,0,0,0,0
211011,2,2,0,0,0,2,15
9907227,1,1,0,0,0,1,3
103158,1,1,0,0,0,1,1
107259,3,2,1,2,0,3,11
107041,0,0,0,0,0,0,0
9510409,1,1,0,0,0,1,2
9711468,1,1,0,0,1,0,0
302252,0,0,0,0,0,0,0
9603411,3,2,1,1,0,3,14
9806296,0,0,0,0,0,0,0
301224,0,0,0,0,0,0,0
102215,2,2,0,0,0,2,11
302031,0,0,0,0,0,0,0
9708491,3,3,0,0,1,2,8
208105,0,0,0,0,0,0,0
6204,1,1,0,0,0,1,1
302237,0,0,0,0,0,0,0
9332,0,0,0,0,0,0,0
9403298,5,4,1,2,0,5,13
9506295,2,1,1,1,2,0,0
108080,1,1,0,0,0,1,5
9406377,4,2,2,2,2,2,2
301049,0,0,0,0,0,0,0
9704306,0,0,0,0,0,0,0
9302321,1,1,0,0,1,0,0
209071,0,0,0,0,0,0,0
207049,0,0,0,0,0,0,0
3040,1,1,0,0,0,1,1
108118,3,2,1,2,0,3,6
9603275,1,1,0,0,0,1,3
9504381,2,1,1,1,2,0,0
112180,3,1,2,2,0,3,22
209307,0,0,0,0,0,0,0
6231,3,1,2,2,2,1,5
9606461,2,1,1,1,1,1,5
110055,0,0,0,0,0,0,0
301264,0,0,0,0,0,0,0
9710440,0,0,0,0,0,0,0
9712539,0,0,0,0,0,0,0
9803420,2,2,0,0,0,2,2
212384,1,1,0,0,0,1,15
103333,2,1,1,1,0,2,5
9711267,0,0,0,0,0,0,0
9904467,1,1,0,0,0,1,1
110080,2,2,0,0,0,2,14
102004,0,0,0,0,0,0,0
9910503,0,0,0,0,0,0,0
101003,1,1,0,0,0,1,26
9905548,1,1,0,0,1,0,0
212091,0,0,0,0,0,0,0
9710278,2,1,1,1,2,0,0
9712465,0,0,0,0,0,0,0
204153,1,1,0,0,0,1,6
201313,1,1,0,0,0,1,9
9910289,0,0,0,0,0,0,0
11088,5,1,4,7,5,0,0
9712316,1,1,0,0,1,0,0
9806449,0,0,0,0,0,0,0
9907317,5,4,1,1,0,5,20
106073,6,3,3,4,0,6,9
9804409,1,1,0,0,0,1,1
11321,3,2,1,1,0,3,59
9906227,1,1,0,0,0,1,2
212335,0,0,0,0,0,0,0
108146,1,1,0,0,0,1,3
9503409,1,1,0,0,0,1,3
9805226,0,0,0,0,0,0,0
9505284,3,2,1,1,3,0,0
210222,0,0,0,0,0,0,0
110103,0,0,0,0,0,0,0
210266,0,0,0,0,0,0,0
9712361,0,0,0,0,0,0,0
211312,0,0,0,0,0,0,0
2304,1,1,0,0,0,1,1
9705238,0,0,0,0,0,0,0
202261,1,1,0,0,0,1,2
9807370,0,0,0,0,0,0,0
9711284,0,0,0,0,0,0,0
201289,3,2,1,1,0,3,21
2018,0,0,0,0,0,0,0
9908487,0,0,0,0,0,0,0
9809273,2,2,0,0,0,2,9
11008,0,0,0,0,0,0,0
112020,0,0,0,0,0,0,0
203016,1,1,0,0,0,1,5
9907568,0,0,0,0,0,0,0
9712525,1,1,0,0,0,1,21
104229,1,1,0,0,1,0,0
109131,0,0,0,0,0,0,0
8199,1,1,0,0,1,0,0
8322,1,1,0,0,0,1,2
205252,0,0,0,0,0,0,0
9810202,0,0,0,0,0,0,0
207340,1,1,0,0,0,1,1
9703398,3,3,0,0,3,0,0
212174,0,0,0,0,0,0,0
9710471,0,0,0,0,0,0,0
9305203,0,0,0,0,0,0,0
9911396,1,1,0,0,0,1,1
9809231,0,0,0,0,0,0,0
9015,0,0,0,0,0,0,0
9805312,0,0,0,0,0,0,0
9805400,0,0,0,0,0,0,0
204174,2,1,1,1,0,2,13
9908491,0,0,0,0,0,0,0
207099,0,0,0,0,0,0,0
107326,0,0,0,0,0,0,0
9511365,0,0,0,0,0,0,0
9608442,0,0,0,0,0,0,0
9903347,1,1,0,0,0,1,2
9806463,0,0,0,0,0,0,0
10102,0,0,0,0,0,0,0
9508375,1,1,0,0,1,0,0
105118,0,0,0,0,0,0,0
101189,0,0,0,0,0,0,0
9912411,0,0,0,0,0,0,0
207273,3,3,0,0,0,3,81
9309295,1,1,0,0,1,0,0
9104,0,0,0,0,0,0,0
302199,0,0,0,0,0,0,0
9505332,0,0,0,0,0,0,0
205139,0,0,0,0,0,0,0
9802246,0,0,0,0,0,0,0
203018,0,0,0,0,0,0,0
9607308,0,0,0,0,0,0,0
205286,2,1,1,1,0,2,16
9609433,1,1,0,0,0,1,1
106241,0,0,0,0,0,0,0
110139,1,1,0,0,0,1,2
9406380,1,1,0,0,0,1,1
9907484,0,0,0,0,0,0,0
9710344,0,0,0,0,0,0,0
210187,0,0,0,0,0,0,0
2040,0,0,0,0,0,0,0
9807409,2,1,1,1,0,2,10
110076,0,0,0,0,0,0,0
9312261,2,2,0,0,2,0,0
9501255,0,0,0,0,0,0,0
9505380,0,0,0,0,0,0,0
3239,5,1,4,7,1,4,16
207027,1,1,0,0,0,1,5
9512376,1,1,0,0,0,1,1
9306316,0,0,0,0,0,0,0
9198,1,1,0,0,0,1,3
211172,1,1,0,0,1,0,0
9304221,1,1,0,0,1,0,0
9903523,1,1,0,0,0,1,1
108045,2,1,1,1,2,0,0
9605414,0,0,0,0,0,0,0
106200,0,0,0,0,0,0,0
210168,0,0,0,0,0,0,0
9904273,2,2,0,0,0,2,4
9902415,0,0,0,0,0,0,0
208010,1,1,0,0,1,0,0
9811332,1,1,0,0,1,0,0
9405203,0,0,0,0,0,0,0
206069,0,0,0,0,0,0,0
103241,0,0,0,0,0,0,0
212153,0,0,0,0,0,0,0
6132,0,0,0,0,0,0,0
210012,1,1,0,0,0,1,1
1220,0,0,0,0,0,0,0
9405275,0,0,0,0,0,0,0
106061,0,0,0,0,0,0,0
6263,0,0,0,0,0,0,0
101144,0,0,0,0,0,0,0
103279,1,1,0,0,1,0,0
110128,0,0,0,0,0,0,0
7039,1,1,0,0,0,1,14
207245,0,0,0,0,0,0,0
207202,0,0,0,0,0,0,0
9805462,1,1,0,0,0,1,3
10109,0,0,0,0,0,0,0
9701302,0,0,0,0,0,0,0
9510299,0,0,0,0,0,0,0
204125,0,0,0,0,0,0,0
207285,0,0,0,0,0,0,0
108248,1,1,0,0,0,1,3
9602222,0,0,0,0,0,0,0
101242,0,0,0,0,0,0,0
9912440,0,0,0,0,0,0,0
9710479,0,0,0,0,0,0,0
9705259,0,0,0,0,0,0,0
107246,0,0,0,0,0,0,0
103266,0,0,0,0,0,0,0
4163,1,1,0,0,0,1,2
9409425,0,0,0,0,0,0,0
212141,0,0,0,0,0,0,0
12245,0,0,0,0,0,0,0
206012,0,0,0,0,0,0,0
7153,0,0,0,0,0,0,0
111364,0,0,0,0,0,0,0
9706301,1,1,0,0,0,1,1
111126,0,0,0,0,0,0,0
9908282,0,0,0,0,0,0,0
9610391,0,0,0,0,0,0,0
9412364,0,0,0,0,0,0,0
9905373,1,1,0,0,0,1,1
208104,0,0,0,0,0,0,0
111404,1,1,0,0,0,1,1
211125,0,0,0,0,0,0,0
201035,0,0,0,0,0,0,0
212034,0,0,0,0,0,0,0
9809342,0,0,0,0,0,0,0
102104,0,0,0,0,0,0,0
3265,0,0,0,0,0,0,0
210277,1,1,0,0,0,1,5
11344,0,0,0,0,0,0,0
208062,0,0,0,0,0,0,0
204013,1,1,0,0,1,0,0
9505375,0,0,0,0,0,0,0
9712265,0,0,0,0,0,0,0
9506250,0,0,0,0,0,0,0
210443,0,0,0,0,0,0,0
9508410,0,0,0,0,0,0,0
301096,0,0,0,0,0,0,0
9801220,0,0,0,0,0,0,0
104159,1,1,0,0,0,1,8
9308252,0,0,0,0,0,0,0
9812482,0,0,0,0,0,0,0
211361,0,0,0,0,0,0,0
9812245,0,0,0,0,0,0,0
8060,0,0,0,0,0,0,0
4097,1,1,0,0,0,1,8
2052,0,0,0,0,0,0,0
211441,0,0,0,0,0,0,0
103093,0,0,0,0,0,0,0
104079,0,0,0,0,0,0,0
212239,0,0,0,0,0,0,0
9608489,0,0,0,0,0,0,0
9606334,0,0,0,0,0,0,0
9502269,0,0,0,0,0,0,0
212333,0,0,0,0,0,0,0
11279,1,1,0,0,1,0,0
7147,0,0,0,0,0,0,0
210067,0,0,0,0,0,0,0
9708341,0,0,0,0,0,0,0
9310,0,0,0,0,0,0,0
4026,0,0,0,0,0,0,0
9512273,0,0,0,0,0,0,0
104045,0,0,0,0,0,0,0
9905449,0,0,0,0,0,0,0
107260,0,0,0,0,0,0,0
9405413,0,0,0,0,0,0,0
9711510,0,0,0,0,0,0,0
9507313,0,0,0,0,0,0,0
302175,0,0,0,0,0,0,0
9806500,0,0,0,0,0,0,0
301215,0,0,0,0,0,0,0
9601253,0,0,0,0,0,0,0
9904381,0,0,0,0,0,0,0
104249,0,0,0,0,0,0,0
9506362,0,0,0,0,0,0,0
302086,0,0,0,0,0,0,0
209312,0,0,0,0,0,0,0
9295,1,1,0,0,0,1,5
9809579,0,0,0,0,0,0,0
9405280,0,0,0,0,0,0,0
9809299,0,0,0,0,0,0,0
9609332,0,0,0,0,0,0,0
301241,0,0,0,0,0,0,0
2119,0,0,0,0,0,0,0
9502355,0,0,0,0,0,0,0
209196,0,0,0,0,0,0,0
111072,0,0,0,0,0,0,0
9712403,0,0,0,0,0,0,0
102326,0,0,0,0,0,0,0
9711420,0,0,0,0,0,0,0
208167,0,0,0,0,0,0,0
110271,0,0,0,0,0,0,0
9504372,125,16,109,497,75,50,58
9911280,31,5,26,163,6,25,82
8273,38,4,34,158,1,37,299
9804363,151,17,134,701,16,135,716
9308262,116,17,99,526,4,112,231
9409287,61,9,52,263,8,53,146
11269,8,5,3,5,5,3,7
10222,9,4,5,15,7,2,3
9908442,4,4,0,0,0,4,7
9705356,60,9,51,263,11,49,220
204087,12,3,9,14,2,10,26
9505430,10,5,5,6,5,5,13
9812472,118,18,100,591,24,94,581
201249,9,2,7,17,2,7,10
2006,17,1,16,40,0,17,85
9410230,29,2,27,145,28,1,1
9611302,11,4,7,16,6,5,6
9712335,2,2,0,0,1,1,1
9903215,15,6,9,15,1,14,113
9612383,12,4,8,14,8,4,18
9210233,43,5,38,193,2,41,41
9607213,32,4,28,80,4,28,123
9905468,2,1,1,1,0,2,7
9309322,2,2,0,0,2,0,0
9601357,31,4,27,121,1,30,95
9904268,5,4,1,1,1,4,10
101165,24,8,16,35,4,20,87
203123,13,4,9,12,2,11,74
9711396,250,11,239,3278,229,21,27
9401257,5,2,3,3,5,0,0
9504413,40,5,35,161,8,32,69
9405390,15,11,4,6,12,3,3
9512378,47,16,31,91,19,28,85
9407264,5,4,1,4,0,5,27
9509410,34,7,27,106,3,31,108
6235,11,7,4,4,1,10,80
9711415,33,4,29,168,29,4,7
9810505,19,7,12,24,1,18,81
9807235,156,7,149,1303,38,118,265
9606360,36,3,33,122,31,5,5
9305205,27,10,17,41,11,16,29
9811252,45,2,43,248,2,43,102
9909208,5,2,3,3,3,2,2
9808405,1,1,0,0,1,0,0
9411341,33,12,21,53,27,6,6
9809501,12,5,7,15,3,9,31
9810448,3,2,1,1,2,1,1
9801320,1,1,0,0,0,1,2
9406241,39,7,32,139,39,0,0
9607201,35,7,28,139,7,28,45
9810387,11,6,5,11,1,10,39
2060,19,3,16,53,0,19,72
9601332,11,3,8,22,0,11,25
9609260,4,3,1,1,2,2,4
9205234,48,9,39,209,48,0,0
9503248,11,2,9,19,0,11,48
9709361,1,1,0,0,0,1,1
9302212,9,2,7,14,9,0,0
3007,1,1,0,0,0,1,3
9501247,28,6,22,46,6,22,44
9411357,4,1,3,3,1,3,3
9711517,10,1,9,17,0,10,39
9703276,120,3,117,1283,30,90,240
9707274,13,5,8,17,0,13,279
104090,13,8,5,7,0,13,51
9410406,89,9,80,492,88,1,1
9802405,92,10,82,649,12,80,483
6345,12,5,7,10,0,12,42
9907572,31,6,25,83,0,31,111
8023,22,3,19,78,12,10,10
9602207,11,8,3,4,5,6,8
9612490,15,6,9,20,1,14,53
9707386,24,3,21,64,0,24,174
7080,4,3,1,1,0,4,53
9603328,17,6,11,28,1,16,61
9808289,24,8,16,28,5,19,69
108096,15,8,7,12,0,15,66
9907391,25,3,22,90,0,25,104
9606279,6,2,4,6,1,5,11
9806266,21,11,10,15,2,19,152
9610337,7,4,3,5,2,5,9
101276,19,4,15,54,0,19,172
9704410,13,2,11,27,13,0,0
9905328,3,3,0,0,1,2,13
9310319,79,15,64,293,79,0,0
9709267,12,3,9,19,0,12,47
9708447,8,4,4,6,3,5,15
9707416,2,2,0,0,0,2,6
9811291,257,4,253,3128,6,251,1207
9303317,80,8,72,837,13,67,130
9504265,18,3,15,44,1,17,121
9707409,98,1,97,1030,54,44,60
9308245,3,2,1,1,3,0,0
9609474,46,1,45,307,8,38,130
9512328,87,4,83,443,26,61,156
9605286,61,24,37,70,41,20,20
9712302,57,4,53,374,1,56,109
9707426,19,2,17,56,0,19,96
9609365,16,6,10,32,3,13,31
9410411,7,3,4,7,7,0,0
4270,10,3,7,14,1,9,20
9409291,19,9,10,28,15,4,7
9802431,12,4,8,16,0,12,62
9602409,13,4,9,17,3,10,40
9312228,21,9,12,33,21,0,0
9505389,2,1,1,1,1,1,1
9402288,74,18,56,188,16,58,109
9804241,80,8,72,563,2,78,507
9505224,67,12,55,215,2,65,211
9405304,60,9,51,349,60,0,0
9212289,12,6,6,16,12,0,0
9402278,33,10,23,57,8,25,56
9403290,150,3,147,1419,86,64,64
9404270,230,46,184,1009,150,80,139
9907282,15,2,13,32,15,0,0
9607355,67,6,61,352,41,26,26
9409339,1,1,0,0,1,0,0
9907461,18,4,14,42,1,17,82
9502324,34,6,28,83,5,29,104
9411334,52,9,43,120,11,41,125
9906259,25,2,23,65,4,21,148
9503357,3,2,1,1,0,3,3
7069,25,10,15,27,12,13,14
9906287,23,1,22,107,0,23,95
9805473,34,8,26,74,3,31,94
9806404,183,31,152,432,66,117,215
9610433,31,8,23,50,3,28,75
9809397,5,2,3,3,0,5,24
9907472,55,4,51,277,4,51,208
7294,45,1,44,196,4,41,133
9603304,13,3,10,26,2,11,12
103168,11,5,6,17,0,11,71
3185,9,4,5,8,1,8,115
9212295,12,5,7,11,2,10,26
9803281,1,1,0,0,0,1,1
9812515,7,2,5,11,0,7,25
9812516,4,3,1,2,0,4,21
212228,5,1,4,5,0,5,20
9906513,62,2,60,327,1,61,365
9203222,16,8,8,10,9,7,7
9406284,4,2,2,2,3,1,4
9607421,64,19,45,212,7,57,168
9412379,35,8,27,57,3,32,79
9810410,95,3,92,595,5,90,424
9605351,13,4,9,13,2,11,31
9803380,62,3,59,322,5,57,205
9807269,28,6,22,85,0,28,140
9802443,5,3,2,2,1,4,4
9711446,9,3,6,11,1,8,32
9604232,30,5,25,74,15,15,40
9501382,19,2,17,68,14,5,5
9505252,7,3,4,5,1,6,14
9608321,20,6,14,51,2,18,83
9708455,17,8,9,16,2,15,23
9607286,26,13,13,20,11,15,56
9611383,8,5,3,5,4,4,4
9906362,20,6,14,44,0,20,211
9812260,24,4,20,106,4,20,33
9604414,2,2,0,0,1,1,2
9411237,21,6,15,43,10,11,11
9603415,3,1,2,2,3,0,0
9609339,34,12,22,60,4,30,85
9507228,8,5,3,12,0,8,20
9412273,18,9,9,21,8,10,16
9809294,4,4,0,0,1,3,8
112255,54,15,39,97,0,54,279
9804430,9,2,7,26,8,1,1
9602201,11,5,6,8,0,11,52
9309330,9,4,5,8,9,0,0
9503366,18,7,11,24,0,18,52
5261,43,5,38,132,0,43,184
8222,27,7,20,66,15,12,14
9401285,20,1,19,55,12,8,8
9208248,37,7,30,134,37,0,0
102331,94,5,89,675,0,94,1219
9908499,9,2,7,17,0,9,68
6049,41,3,38,256,0,41,393
9504220,29,10,19,69,1,28,52
9906233,31,6,25,78,2,29,177
107151,23,10,13,27,0,23,298
9809223,30,9,21,33,3,27,92
106345,15,3,12,33,0,15,173
9909325,25,4,21,63,4,21,145
9612483,67,9,58,404,8,59,108
6319,29,7,22,82,0,29,330
11251,83,3,80,445,24,59,172
9903277,6,6,0,0,1,5,16
9805247,30,6,24,60,4,26,40
9402335,168,7,161,1734,168,0,0
9408239,6,4,2,3,0,6,16
9806228,34,4,30,112,0,34,148
9912232,4,1,3,4,0,4,15
9310281,18,2,16,37,9,9,16
9302228,12,5,7,15,12,0,0
9711203,2,2,0,0,0,2,3
5221,8,7,1,1,0,8,53
9503384,97,15,82,366,84,13,13
9904211,92,7,85,601,0,92,466
9912408,67,8,59,245,1,66,381
101076,6,5,1,1,1,5,16
101320,2,2,0,0,0,2,12
9908220,7,1,6,10,0,7,39
205184,2,2,0,0,0,2,25
201206,28,7,21,77,2,26,118
9193,4,1,3,3,0,4,17
203064,5,2,3,3,0,5,18
204228,9,2,7,22,0,9,154
111069,21,1,20,106,0,21,195
9910255,20,11,9,13,0,20,259
9903520,30,11,19,42,2,28,120
9603443,6,4,2,2,1,5,10
4200,28,5,23,58,0,28,99
9904252,8,1,7,11,0,8,70
109121,3,1,2,2,0,3,11
205071,6,3,3,4,0,6,49
9411241,24,4,20,52,8,16,33
9706494,11,2,9,18,0,11,35
9809301,5,4,1,1,2,3,6
9809371,7,1,6,11,6,1,1
9310374,9,4,5,9,9,0,0
103017,3,3,0,0,1,2,3
9503489,19,4,15,50,11,8,8
9806509,5,3,2,3,2,3,11
205134,9,3,6,10,0,9,24
5299,1,1,0,0,0,1,1
101081,3,2,1,1,0,3,47
9908283,23,7,16,42,1,22,65
9203210,7,4,3,4,6,1,2
9204219,13,8,5,8,13,0,0
10296,29,4,25,96,0,29,214
9808215,7,3,4,8,0,7,28
9706541,5,3,2,3,0,5,45
9702385,1,1,0,0,0,1,16
9505313,10,3,7,11,0,10,10
9605433,3,1,2,2,1,2,5
9905421,2,1,1,1,2,0,0
9309232,14,4,10,30,14,0,0
9606392,15,3,12,14,2,13,83
9412295,14,3,11,22,6,8,11
102301,73,3,70,652,7,66,114
105349,18,8,10,12,1,17,83
9811251,16,3,13,34,0,16,87
9908286,17,4,13,46,0,17,349
9402280,2,2,0,0,1,1,2
105064,41,7,34,114,3,38,113
9804436,37,4,33,104,0,37,159
9710374,18,7,11,19,1,17,66
9604210,4,4,0,0,1,3,32
108084,15,5,10,20,0,15,198
9904278,35,4,31,118,0,35,393
9710451,18,13,5,7,3,15,38
9711346,14,7,7,12,7,7,7
9412381,14,1,13,42,5,9,17
9712404,3,2,1,1,2,1,1
7218,44,19,25,54,2,42,334
1046,51,11,40,111,5,46,255
9801281,13,8,5,13,1,12,39
9401342,17,9,8,11,17,0,0
9711387,53,8,45,221,10,43,174
9306334,3,3,0,0,3,0,0
9408346,74,13,61,300,25,49,93
9407202,6,4,2,3,5,1,1
9611221,2,1,1,1,0,2,7
9711453,20,4,16,48,15,5,5
9911384,4,4,0,0,0,4,27
9208209,6,2,4,6,6,0,0
9405290,21,3,18,70,13,8,8
9607329,5,5,0,0,1,4,21
9608425,2,2,0,0,0,2,3
9707420,1,1,0,0,0,1,20
9802338,7,4,3,5,0,7,45
9609351,4,4,0,0,0,4,15
9709246,5,2,3,5,0,5,7
9512407,26,6,20,74,18,8,8
9305201,7,5,2,4,3,4,6
9405424,18,3,15,41,1,17,31
9404272,9,1,8,16,3,6,8
9405367,6,4,2,2,6,0,0
9707357,3,1,2,2,0,3,12
9303277,9,5,4,12,9,0,0
9810468,8,7,1,2,3,5,8
9907450,8,2,6,8,0,8,20
9809234,9,6,3,3,2,7,48
107061,6,2,4,9,0,6,29
9705267,12,6,6,19,3,9,18
9504351,11,5,6,14,5,6,6
9603384,24,2,22,88,1,23,71
9903511,8,1,7,19,0,8,41
9607332,57,12,45,97,25,32,150
3287,5,3,2,3,0,5,6
12275,1,1,0,0,0,1,1
9210253,128,14,114,468,128,0,0
9807385,3,1,2,3,0,3,5
8228,4,2,2,2,1,3,30
9806217,4,3,1,1,0,4,9
107220,6,1,5,10,0,6,122
9705243,22,4,18,58,9,13,19
9811469,16,11,5,7,16,0,0
9312280,5,3,2,3,5,0,0
9607314,24,4,20,108,10,14,15
9508295,4,3,1,2,0,4,17
9905489,4,2,2,2,0,4,19
9912377,2,2,0,0,2,0,0
9605312,23,9,14,41,12,11,14
9511300,11,8,3,5,8,3,5
9609462,13,5,8,13,1,12,106
9904448,27,6,21,106,6,21,88
9912253,9,4,5,13,0,9,139
11026,10,5,5,7,2,8,63
9509378,17,4,13,46,17,0,0
9402295,22,4,18,60,11,11,19
9601350,6,3,3,6,4,2,3
2267,51,17,34,100,31,20,22
9908319,3,2,1,1,1,2,3
9801406,6,3,3,3,0,6,24
9910341,12,1,11,23,4,8,17
9802251,16,4,12,34,1,15,86
109089,1,1,0,0,1,0,0
9301202,3,3,0,0,3,0,0
108017,9,1,8,13,1,8,25
107188,3,2,1,1,0,3,10
9604376,17,4,13,34,0,17,106
9810211,4,3,1,1,0,4,35
210050,0,0,0,0,0,0,0
9506265,10,6,4,5,7,3,3
9802219,2,1,1,1,0,2,6
9309306,3,3,0,0,3,0,0
9905366,15,3,12,24,2,13,59
9503278,20,2,18,53,0,20,39
9701400,27,4,23,56,2,25,63
9507206,5,2,3,4,1,4,12
9811420,4,4,0,0,0,4,26
9402362,24,4,20,49,24,0,0
1028,11,3,8,12,1,10,70
207191,1,1,0,0,0,1,1
9806244,14,5,9,21,3,11,30
5156,13,4,9,32,0,13,126
9504320,14,5,9,19,2,12,24
9912488,18,2,16,76,1,17,73
4233,3,3,0,0,0,3,22
9609337,2,1,1,1,0,2,17
9331,6,3,3,8,0,6,27
9608320,11,4,7,11,2,9,15
9141,15,1,14,40,1,14,134
9410392,6,3,3,3,4,2,2
9706316,23,4,19,68,1,22,34
9408314,1,1,0,0,0,1,1
9810537,7,2,5,8,0,7,11
111020,2,2,0,0,0,2,16
207319,0,0,0,0,0,0,0
201291,57,11,46,190,1,56,501
202269,6,5,1,1,0,6,63
9511424,10,5,5,8,7,3,4
9504431,14,5,9,17,1,13,52
9912511,7,3,4,7,0,7,30
9803488,20,5,15,36,4,16,37
9909275,1,1,0,0,0,1,2
104151,17,3,14,33,0,17,258
9508257,1,1,0,0,0,1,2
9709358,8,2,6,12,7,1,1
9504274,18,2,16,38,0,18,70
9608328,2,1,1,1,2,0,0
9507364,4,4,0,0,1,3,11
9705411,12,5,7,20,0,12,57
9231,4,3,1,2,0,4,47
9512211,2,2,0,0,0,2,4
103278,2,1,1,1,0,2,5
9802276,13,4,9,30,0,13,60
9209287,9,4,5,11,9,0,0
9810307,16,2,14,48,1,15,58
1130,9,5,4,8,3,6,27
9908490,6,4,2,3,0,6,14
9801379,23,3,20,49,0,23,136
204051,2,2,0,0,0,2,9
206174,18,3,15,60,1,17,235
101350,12,5,7,10,0,12,149
9807457,5,3,2,3,0,5,10
105199,4,3,1,1,1,3,24
9710248,4,3,1,1,3,1,1
108117,24,11,13,33,1,23,94
9907331,9,3,6,11,1,8,29
104230,6,1,5,10,0,6,38
207231,0,0,0,0,0,0,0
111133,11,4,7,14,0,11,94
110310,7,5,2,4,3,4,11
9707450,10,8,2,2,3,7,43
9911237,26,4,22,94,2,24,80
205168,4,1,3,5,0,4,41
9801303,0,0,0,0,0,0,0
9403405,3,3,0,0,3,0,0
9503219,23,7,16,39,9,14,28
9810425,15,1,14,23,0,15,29
9903536,7,5,2,3,3,4,34
9403233,12,6,6,9,3,9,12
9809425,8,2,6,17,0,8,57
9308327,10,3,7,20,10,0,0
3113,12,6,6,19,4,8,22
9812535,1,1,0,0,0,1,1
9710426,17,8,9,22,1,16,132
9512248,26,3,23,73,2,24,54
9608330,4,3,1,1,0,4,11
9403241,3,2,1,1,2,1,1
9907500,7,2,5,10,1,6,23
9612470,0,0,0,0,0,0,0
9606327,4,1,3,6,0,4,14
9501338,8,4,4,6,1,7,7
9502217,7,2,5,7,3,4,4
9209223,8,5,3,6,8,0,0
9030,4,2,2,3,3,1,1
9907389,26,3,23,127,1,25,75
4181,6,3,3,4,0,6,25
9310355,8,4,4,5,0,8,8
9808232,26,3,23,110,0,26,181
10143,0,0,0,0,0,0,0
211008,2,2,0,0,0,2,5
9907485,2,1,1,1,0,2,49
201054,3,3,0,0,0,3,17
9711394,2,2,0,0,0,2,6
105165,6,3,3,3,0,6,57
9803428,14,6,8,17,0,14,155
9705312,4,3,1,1,1,3,22
9706322,1,1,0,0,0,1,1
9707266,7,4,3,7,4,3,8
9810381,7,3,4,5,0,7,34
9808247,15,5,10,31,1,14,52
9909410,1,1,0,0,0,1,1
9306277,6,5,1,1,4,2,2
201210,4,1,3,4,3,1,3
9901225,1,1,0,0,1,0,0
9503224,2,1,1,1,2,0,0
11257,11,5,6,8,0,11,74
9401276,11,3,8,27,4,7,12
9501267,9,5,4,7,9,0,0
9180,2,2,0,0,0,2,12
9905505,10,6,4,7,2,8,16
9406273,3,2,1,1,3,0,0
9304282,2,2,0,0,2,0,0
9601235,11,5,6,11,5,6,8
9702344,1,1,0,0,1,0,0
201104,0,0,0,0,0,0,0
9611402,1,1,0,0,0,1,7
9606319,4,2,2,2,1,3,5
9705210,2,2,0,0,0,2,6
9212304,1,1,0,0,1,0,0
9712313,0,0,0,0,0,0,0
8289,3,2,1,1,1,2,13
105320,2,2,0,0,0,2,8
9909403,2,2,0,0,0,2,9
9908408,2,2,0,0,0,2,14
9807509,7,2,5,7,0,7,27
9808236,6,6,0,0,2,4,25
9902448,4,1,3,6,0,4,6
9301240,7,3,4,5,7,0,0
9606456,30,8,22,61,30,0,0
1332,3,2,1,1,0,3,18
203271,2,2,0,0,0,2,12
10319,7,1,6,9,0,7,40
9801331,3,3,0,0,0,3,17
9902464,4,3,1,1,1,3,12
9804277,15,6,9,11,1,14,100
9807393,6,1,5,9,0,6,100
205099,2,1,1,1,0,2,27
9404336,5,4,1,2,5,0,0
9507310,6,3,3,3,3,3,3
9607240,4,3,1,1,1,3,6
9612206,1,1,0,0,0,1,3
106337,2,1,1,1,0,2,8
4203,2,1,1,1,0,2,21
202128,0,0,0,0,0,0,0
105078,4,3,1,1,0,4,12
9904421,10,3,7,17,0,10,64
9312265,7,4,3,3,7,0,0
206026,9,5,4,7,0,9,44
9912431,11,6,5,7,0,11,21
9911260,3,2,1,1,0,3,8
9510330,1,1,0,0,0,1,1
9308225,2,2,0,0,1,1,1
104103,13,2,11,30,0,13,64
101102,4,3,1,1,3,1,3
9706378,13,3,10,30,0,13,32
205281,9,6,3,3,1,8,29
9807394,1,1,0,0,0,1,1
9806378,1,1,0,0,0,1,1
9807286,11,5,6,12,1,10,17
9505421,5,3,2,2,5,0,0
9904351,5,3,2,3,0,5,8
110328,1,1,0,0,0,1,3
9906515,3,2,1,1,0,3,7
12021,4,3,1,1,1,3,7
9309225,4,3,1,1,4,0,0
9704250,22,7,15,38,2,20,82
9609470,5,3,2,2,0,5,6
9603235,2,2,0,0,1,1,2
12345,11,4,7,17,11,0,0
9909524,4,4,0,0,2,2,9
9511374,7,2,5,6,1,6,14
206292,24,14,10,14,2,22,64
9712450,1,1,0,0,1,0,0
9810249,5,1,4,6,1,4,10
106088,7,4,3,8,1,6,44
9802327,1,1,0,0,0,1,3
9810322,16,1,15,75,10,6,6
9512438,1,1,0,0,1,0,0
105229,43,26,17,33,20,23,43
207366,8,4,4,5,0,8,58
112121,2,2,0,0,0,2,5
9912540,9,4,5,11,1,8,11
9609385,14,3,11,36,14,0,0
9711380,1,1,0,0,0,1,2
9711429,17,3,14,34,2,15,86
9401221,5,3,2,3,0,5,5
9612462,14,3,11,23,1,13,23
209188,4,3,1,1,0,4,14
201142,3,2,1,1,1,2,2
9905250,4,4,0,0,3,1,6
9903412,9,3,6,10,0,9,34
203080,1,1,0,0,0,1,7
9609321,15,4,11,28,4,11,16
108067,4,2,2,3,0,4,12
9407234,5,4,1,1,2,3,3
102337,11,3,8,18,0,11,186
9410320,5,1,4,6,0,5,7
205111,7,4,3,6,1,6,31
209208,13,6,7,13,0,13,119
2160,2,2,0,0,1,1,5
9811451,3,3,0,0,0,3,9
9708438,4,1,3,3,2,2,3
9804221,22,5,17,50,16,6,13
9902446,6,4,2,3,0,6,24
9306208,6,1,5,6,6,0,0
9801419,1,1,0,0,0,1,1
106169,18,8,10,19,3,15,79
9610290,1,1,0,0,0,1,4
7008,10,4,6,13,0,10,70
9310323,2,1,1,1,1,1,1
206009,4,4,0,0,0,4,23
104203,6,5,1,2,1,5,7
9911431,7,4,3,4,4,3,12
9806220,3,2,1,1,0,3,4
111106,1,1,0,0,0,1,4
203261,13,10,3,7,1,12,33
112101,9,1,8,36,0,9,54
202167,9,1,8,15,0,9,104
5043,8,4,4,6,3,5,12
9909534,3,3,0,0,0,3,29
9710408,0,0,0,0,0,0,0
9805480,2,1,1,1,0,2,7
210258,2,1,1,1,0,2,13
9312209,6,2,4,7,6,0,0
9310264,5,5,0,0,5,0,0
9709259,5,1,4,7,0,5,21
9707491,4,2,2,3,0,4,5
9602348,1,1,0,0,1,0,0
9401299,11,6,5,8,4,7,10
9906329,0,0,0,0,0,0,0
9801294,7,2,5,8,0,7,42
9509296,3,3,0,0,1,2,5
12254,2,1,1,1,0,2,12
8301,5,2,3,4,0,5,61
9705409,11,3,8,23,1,10,25
9811504,1,1,0,0,0,1,1
9711218,6,3,3,3,4,2,2
201244,2,2,0,0,1,1,7
8108,0,0,0,0,0,0,0
9905359,18,3,15,64,0,18,176
9402279,6,4,2,3,0,6,6
9909224,5,4,1,1,0,5,27
9807445,0,0,0,0,0,0,0
1035,6,1,5,9,0,6,28
9906444,3,3,0,0,0,3,9
107248,2,1,1,1,0,2,4
9911492,4,3,1,1,2,2,4
105001,3,3,0,0,0,3,15
9901334,12,9,3,3,0,12,56
204250,3,1,2,2,0,3,21
9711211,9,2,7,8,1,8,31
9304209,12,8,4,5,9,3,3
9605239,10,3,7,10,9,1,1
9511294,3,1,2,2,2,1,1
3254,2,2,0,0,0,2,12
111315,15,4,11,21,0,15,102
9906357,8,2,6,10,1,7,13
9510420,3,2,1,1,1,2,3
9509418,7,6,1,1,4,3,3
9403314,18,8,10,23,18,0,0
208085,1,1,0,0,0,1,11
211414,2,2,0,0,0,2,9
9334,1,1,0,0,1,0,0
302174,0,0,0,0,0,0,0
9610417,5,4,1,1,2,3,3
212291,0,0,0,0,0,0,0
205112,2,1,1,1,0,2,2
4223,14,7,7,9,1,13,72
9905228,10,2,8,16,2,8,9
9711312,3,1,2,3,3,0,0
9910364,1,1,0,0,0,1,5
9512375,9,3,6,18,8,1,1
9810279,2,2,0,0,1,1,2
201010,5,4,1,1,0,5,22
106174,3,3,0,0,0,3,17
108186,6,2,4,7,1,5,14
202175,1,1,0,0,0,1,4
7149,6,5,1,1,6,0,0
201015,1,1,0,0,0,1,5
7340,7,3,4,6,0,7,46
9304284,2,2,0,0,1,1,2
9309290,1,1,0,0,1,0,0
209058,0,0,0,0,0,0,0
9711272,7,4,3,3,0,7,24
9709317,2,2,0,0,1,1,10
9607247,2,1,1,1,0,2,5
102332,11,3,8,24,1,10,36
8206,2,1,1,1,2,0,0
9408227,2,2,0,0,2,0,0
11069,1,1,0,0,0,1,13
9311310,2,2,0,0,1,1,1
9404292,3,2,1,1,0,3,4
9712512,5,3,2,3,1,4,12
111466,2,1,1,1,0,2,8
9212317,1,1,0,0,1,0,0
111336,4,2,2,3,1,3,9
9503293,9,4,5,10,9,0,0
212180,3,1,2,2,0,3,25
102121,1,1,0,0,0,1,11
9812351,6,6,0,0,3,3,3
9805421,10,1,9,20,10,0,0
9607242,18,3,15,65,1,17,53
9809356,3,3,0,0,0,3,8
5305,2,1,1,1,2,0,0
2174,5,4,1,1,0,5,5
201086,5,4,1,1,5,0,0
9902390,5,1,4,4,0,5,51
9404202,4,3,1,1,4,0,0
1179,1,1,0,0,1,0,0
9804340,6,4,2,5,4,2,2
9509349,5,1,4,6,5,0,0
107328,0,0,0,0,0,0,0
9510272,0,0,0,0,0,0,0
9102,26,4,22,55,2,24,112
203172,3,1,2,3,0,3,34
9507356,0,0,0,0,0,0,0
7258,12,5,7,14,0,12,170
9601257,1,1,0,0,0,1,7
9207223,6,6,0,0,5,1,1
212001,0,0,0,0,0,0,0
9211252,5,2,3,4,5,0,0
9909225,9,1,8,29,0,9,64
9410288,5,2,3,4,1,4,17
9707533,2,2,0,0,1,1,2
9911270,8,2,6,10,1,7,20
103130,3,2,1,1,0,3,11
9401346,2,2,0,0,1,1,4
112077,3,3,0,0,0,3,8
9909340,1,1,0,0,0,1,2
101197,1,1,0,0,1,0,0
9807573,3,2,1,1,0,3,8
210304,3,1,2,3,0,3,18
9612323,6,1,5,8,6,0,0
4157,1,1,0,0,0,1,1
106192,9,2,7,15,0,9,58
9341,5,1,4,7,4,1,2
204213,3,1,2,2,0,3,25
109222,3,1,2,3,0,3,3
9508402,5,1,4,5,0,5,25
112115,6,3,3,8,0,6,49
9602416,4,2,2,3,4,0,0
9803501,7,3,4,5,1,6,26
9210224,2,2,0,0,2,0,0
9601244,3,2,1,1,1,2,6
9709311,2,1,1,1,1,1,1
9807261,14,4,10,29,4,10,28
9407334,4,3,1,1,0,4,5
9906253,10,2,8,21,4,6,19
208233,0,0,0,0,0,0,0
11005,2,2,0,0,0,2,7
7111,10,6,4,5,0,10,35
12120,5,2,3,6,1,4,17
9903458,3,3,0,0,0,3,3
9911296,4,1,3,3,0,4,52
9306216,3,2,1,1,3,0,0
4150,3,3,0,0,1,2,5
9707270,9,4,5,9,0,9,31
9606315,2,2,0,0,0,2,6
105288,5,5,0,0,0,5,50
9412232,1,1,0,0,0,1,1
9801413,0,0,0,0,0,0,0
104111,3,3,0,0,0,3,14
204226,2,1,1,1,0,2,2
9809235,0,0,0,0,0,0,0
9505338,4,1,3,4,0,4,12
9410206,0,0,0,0,0,0,0
112281,4,2,2,3,0,4,19
4061,0,0,0,0,0,0,0
207259,2,2,0,0,0,2,10
302004,0,0,0,0,0,0,0
9305209,4,4,0,0,4,0,0
9909522,1,1,0,0,0,1,6
9810207,3,2,1,1,1,2,4
9912220,3,1,2,3,0,3,17
3131,6,1,5,10,0,6,47
9501331,8,4,4,7,8,0,0
201053,6,2,4,10,0,6,17
211058,0,0,0,0,0,0,0
204332,3,2,1,1,0,3,17
107185,4,3,1,1,0,4,19
9905496,2,2,0,0,0,2,10
9809222,5,2,3,4,0,5,11
9702326,6,4,2,2,4,2,4
206235,3,2,1,1,0,3,20
9310238,1,1,0,0,1,0,0
211026,0,0,0,0,0,0,0
9403343,2,1,1,1,0,2,2
9409311,0,0,0,0,0,0,0
104300,15,2,13,27,0,15,245
9905210,4,4,0,0,0,4,5
8025,4,3,1,1,2,2,3
9312336,1,1,0,0,1,0,0
204139,3,2,1,1,1,2,12
107250,3,2,1,1,0,3,14
211239,4,3,1,1,2,2,6
9905258,2,2,0,0,1,1,1
9512256,3,1,2,2,3,0,0
7302,3,3,0,0,0,3,11
9909221,1,1,0,0,0,1,7
206226,1,1,0,0,0,1,5
9902320,5,2,3,6,4,1,2
9908420,3,2,1,1,0,3,17
103109,1,1,0,0,0,1,3
111271,4,2,2,3,1,3,16
9263,1,1,0,0,1,0,0
102149,0,0,0,0,0,0,0
9908380,7,6,1,1,1,6,25
9612481,0,0,0,0,0,0,0
9407390,9,2,7,12,1,8,23
104070,0,0,0,0,0,0,0
9506290,7,0,7,19,7,0,0
209142,1,1,0,0,0,1,2
9906554,1,1,0,0,0,1,6
9704352,3,2,1,1,0,3,4
212203,1,1,0,0,0,1,1
9406298,1,1,0,0,1,0,0
201044,3,3,0,0,0,3,9
209158,8,5,3,3,0,8,59
104160,3,3,0,0,0,3,4
211227,0,0,0,0,0,0,0
9310255,0,0,0,0,0,0,0
9502344,0,0,0,0,0,0,0
101155,1,1,0,0,1,0,0
9807276,2,1,1,1,0,2,3
9409241,2,2,0,0,0,2,4
102177,4,2,2,3,0,4,9
9608428,0,0,0,0,0,0,0
9910232,1,1,0,0,1,0,0
9503231,4,3,1,1,4,0,0
9175,1,1,0,0,0,1,4
9506239,3,3,0,0,1,2,5
202277,6,3,3,4,0,6,19
4198,3,2,1,1,3,0,0
102325,0,0,0,0,0,0,0
9404233,1,1,0,0,0,1,3
211054,3,3,0,0,2,1,2
9710421,3,2,1,1,0,3,38
101148,3,2,1,1,0,3,12
9401234,2,2,0,0,1,1,1
9704202,4,1,3,3,0,4,24
12069,2,1,1,1,0,2,2
9504369,1,1,0,0,0,1,7
101203,0,0,0,0,0,0,0
9907554,6,3,3,4,4,2,2
9911318,2,2,0,0,0,2,7
206065,1,1,0,0,0,1,15
9810490,1,1,0,0,0,1,1
9308354,0,0,0,0,0,0,0
9803215,2,2,0,0,0,2,10
9506244,1,1,0,0,1,0,0
7188,0,0,0,0,0,0,0
201068,0,0,0,0,0,0,0
9808497,2,1,1,1,0,2,38
12045,0,0,0,0,0,0,0
104313,1,1,0,0,1,0,0
207281,1,1,0,0,0,1,8
211403,0,0,0,0,0,0,0
1300,0,0,0,0,0,0,0
9702215,1,1,0,0,0,1,2
211461,1,1,0,0,0,1,4
9705420,0,0,0,0,0,0,0
9402201,5,3,2,3,5,0,0
207335,4,2,2,2,0,4,18
9405292,1,1,0,0,1,0,0
9701331,1,1,0,0,1,0,0
101285,0,0,0,0,0,0,0
9806227,3,2,1,1,0,3,3
109142,3,2,1,1,0,3,4
9810450,3,3,0,0,0,3,23
9809202,1,1,0,0,0,1,1
206167,0,0,0,0,0,0,0
208225,1,1,0,0,0,1,5
104014,4,1,3,6,0,4,13
208095,1,1,0,0,0,1,4
9906347,2,2,0,0,0,2,7
9807362,6,3,3,4,2,4,22
207226,3,2,1,1,0,3,59
2175,0,0,0,0,0,0,0
9506384,1,1,0,0,1,0,0
102233,2,1,1,1,0,2,6
9902402,2,2,0,0,2,0,0
201237,0,0,0,0,0,0,0
9807355,1,1,0,0,0,1,1
9503397,0,0,0,0,0,0,0
5166,0,0,0,0,0,0,0
104270,1,1,0,0,0,1,12
103273,2,1,1,1,0,2,7
9905206,6,3,3,5,6,0,0
205186,0,0,0,0,0,0,0
9812211,2,1,1,1,0,2,3
103204,1,1,0,0,0,1,6
9803340,2,2,0,0,1,1,1
210336,0,0,0,0,0,0,0
9610286,1,1,0,0,1,0,0
9207252,1,1,0,0,1,0,0
9710307,1,1,0,0,0,1,7
206006,1,1,0,0,0,1,4
9711372,1,1,0,0,1,0,0
9910290,6,1,5,12,2,4,4
9812400,1,1,0,0,1,0,0
302248,2,2,0,0,1,1,44
9256,0,0,0,0,0,0,0
202179,0,0,0,0,0,0,0
209278,0,0,0,0,0,0,0
101074,1,1,0,0,0,1,5
9809382,0,0,0,0,0,0,0
9809316,0,0,0,0,0,0,0
111419,0,0,0,0,0,0,0
9309206,1,1,0,0,0,1,1
302021,0,0,0,0,0,0,0
9906320,1,1,0,0,1,0,0
3078,1,1,0,0,1,0,0
9506234,0,0,0,0,0,0,0
9310289,0,0,0,0,0,0,0
9807508,0,0,0,0,0,0,0
203144,2,2,0,0,0,2,13
205239,1,1,0,0,0,1,16
302075,0,0,0,0,0,0,0
9312230,3,2,1,1,3,0,0
103336,2,1,1,1,1,1,1
212112,1,1,0,0,0,1,3
8002,0,0,0,0,0,0,0
9804287,0,0,0,0,0,0,0
11178,2,1,1,1,0,2,4
302073,1,1,0,0,0,1,8
107085,2,2,0,0,0,2,8
110359,1,1,0,0,0,1,2
5241,1,1,0,0,0,1,5
9712456,3,1,2,2,0,3,7
12172,1,1,0,0,0,1,1
212098,0,0,0,0,0,0,0
9411313,0,0,0,0,0,0,0
9809325,2,2,0,0,1,1,1
9505351,2,2,0,0,1,1,1
9807485,1,1,0,0,0,1,1
302121,0,0,0,0,0,0,0
207086,1,1,0,0,0,1,8
201199,2,2,0,0,1,1,6
109048,2,2,0,0,0,2,17
210303,2,1,1,1,0,2,4
103207,3,1,2,2,1,2,4
9609424,0,0,0,0,0,0,0
302133,0,0,0,0,0,0,0
9908418,0,0,0,0,0,0,0
9710230,1,1,0,0,0,1,3
9311342,2,1,1,1,2,0,0
212392,0,0,0,0,0,0,0
1024,3,3,0,0,0,3,7
9811325,1,1,0,0,1,0,0
105040,1,1,0,0,0,1,12
9506349,2,1,1,1,2,0,0
210100,0,0,0,0,0,0,0
205031,4,3,1,1,0,4,20
9809428,2,2,0,0,1,1,3
11255,0,0,0,0,0,0,0
211259,0,0,0,0,0,0,0
210351,1,1,0,0,0,1,5
9212313,1,1,0,0,1,0,0
9509326,1,1,0,0,1,0,0
104139,1,1,0,0,0,1,1
203083,2,2,0,0,0,2,8
9706224,2,2,0,0,0,2,4
9305261,0,0,0,0,0,0,0
9805210,0,0,0,0,0,0,0
9803208,0,0,0,0,0,0,0
9905519,1,1,0,0,0,1,3
8329,1,1,0,0,1,0,0
9907311,0,0,0,0,0,0,0
112217,0,0,0,0,0,0,0
9802435,0,0,0,0,0,0,0
9707461,3,2,1,1,1,2,5
201177,1,1,0,0,0,1,1
211165,0,0,0,0,0,0,0
9169,1,1,0,0,0,1,1
9910493,3,1,2,2,0,3,3
8128,0,0,0,0,0,0,0
9412320,0,0,0,0,0,0,0
108143,1,1,0,0,0,1,6
9811429,0,0,0,0,0,0,0
9410291,0,0,0,0,0,0,0
207295,0,0,0,0,0,0,0
301007,0,0,0,0,0,0,0
210099,1,1,0,0,0,1,1
211274,0,0,0,0,0,0,0
210363,0,0,0,0,0,0,0
9504207,0,0,0,0,0,0,0
112254,1,1,0,0,1,0,0
206181,1,1,0,0,0,1,4
207368,0,0,0,0,0,0,0
9309280,1,1,0,0,1,0,0
111282,0,0,0,0,0,0,0
209175,1,1,0,0,0,1,8
207207,1,1,0,0,0,1,2
10258,0,0,0,0,0,0,0
3080,0,0,0,0,0,0,0
207146,0,0,0,0,0,0,0
107314,0,0,0,0,0,0,0
209289,0,0,0,0,0,0,0
111462,0,0,0,0,0,0,0
9701386,0,0,0,0,0,0,0
9216,0,0,0,0,0,0,0
9407278,1,1,0,0,1,0,0
110222,0,0,0,0,0,0,0
9708400,0,0,0,0,0,0,0
9707440,1,1,0,0,0,1,3
12338,1,1,0,0,1,0,0
9806283,0,0,0,0,0,0,0
9904463,0,0,0,0,0,0,0
302016,0,0,0,0,0,0,0
207204,1,1,0,0,0,1,6
9312328,3,2,1,2,3,0,0
209367,0,0,0,0,0,0,0
101246,0,0,0,0,0,0,0
9301230,1,1,0,0,1,0,0
9812291,1,1,0,0,0,1,1
9806257,0,0,0,0,0,0,0
9311330,0,0,0,0,0,0,0
9909213,0,0,0,0,0,0,0
10084,0,0,0,0,0,0,0
212400,0,0,0,0,0,0,0
9310300,0,0,0,0,0,0,0
108099,0,0,0,0,0,0,0
109153,0,0,0,0,0,0,0
9077,4,2,2,3,0,4,22
11208,0,0,0,0,0,0,0
104241,0,0,0,0,0,0,0
9902287,0,0,0,0,0,0,0
203043,1,1,0,0,0,1,1
211276,1,1,0,0,0,1,4
105112,0,0,0,0,0,0,0
206089,0,0,0,0,0,0,0
9509301,0,0,0,0,0,0,0
9411284,0,0,0,0,0,0,0
111250,0,0,0,0,0,0,0
9509235,0,0,0,0,0,0,0
9710383,0,0,0,0,0,0,0
9912549,0,0,0,0,0,0,0
301127,1,1,0,0,1,0,0
109220,1,1,0,0,0,1,3
210292,0,0,0,0,0,0,0
9706553,0,0,0,0,0,0,0
9705326,0,0,0,0,0,0,0
9511377,0,0,0,0,0,0,0
10034,0,0,0,0,0,0,0
201065,0,0,0,0,0,0,0
3192,0,0,0,0,0,0,0
210160,0,0,0,0,0,0,0
210280,0,0,0,0,0,0,0
9910418,0,0,0,0,0,0,0
9812419,0,0,0,0,0,0,0
3050,1,1,0,0,1,0,0
9706458,0,0,0,0,0,0,0
212154,0,0,0,0,0,0,0
111422,0,0,0,0,0,0,0
209112,0,0,0,0,0,0,0
9315,0,0,0,0,0,0,0
9912375,1,1,0,0,0,1,2
9812306,2,2,0,0,1,1,1
9502310,0,0,0,0,0,0,0
9709237,0,0,0,0,0,0,0
9604293,0,0,0,0,0,0,0
302158,0,0,0,0,0,0,0
9708289,0,0,0,0,0,0,0
9706433,0,0,0,0,0,0,0
205120,0,0,0,0,0,0,0
210366,0,0,0,0,0,0,0
112342,0,0,0,0,0,0,0
211151,0,0,0,0,0,0,0
9804374,0,0,0,0,0,0,0
302022,0,0,0,0,0,0,0
9902457,0,0,0,0,0,0,0
107090,0,0,0,0,0,0,0
1198,0,0,0,0,0,0,0
3245,1,1,0,0,0,1,13
9506363,0,0,0,0,0,0,0
9605290,1,1,0,0,1,0,0
210142,0,0,0,0,0,0,0
109176,1,1,0,0,0,1,3
301203,0,0,0,0,0,0,0
9608216,0,0,0,0,0,0,0
211452,0,0,0,0,0,0,0
106051,0,0,0,0,0,0,0
204349,0,0,0,0,0,0,0
107283,0,0,0,0,0,0,0
302183,0,0,0,0,0,0,0
210148,0,0,0,0,0,0,0
9706514,0,0,0,0,0,0,0
207354,0,0,0,0,0,0,0
9311369,1,1,0,0,1,0,0
106235,0,0,0,0,0,0,0
111017,0,0,0,0,0,0,0
9911495,0,0,0,0,0,0,0
301195,0,0,0,0,0,0,0
205025,0,0,0,0,0,0,0
9710558,0,0,0,0,0,0,0
9608356,0,0,0,0,0,0,0
105070,0,0,0,0,0,0,0
9504401,0,0,0,0,0,0,0
206286,0,0,0,0,0,0,0
207062,0,0,0,0,0,0,0
9407340,0,0,0,0,0,0,0
7074,0,0,0,0,0,0,0
9502228,0,0,0,0,0,0,0
9405354,0,0,0,0,0,0,0
9701395,0,0,0,0,0,0,0
9611381,0,0,0,0,0,0,0
302253,1,1,0,0,0,1,2
9607282,0,0,0,0,0,0,0
9912444,1,1,0,0,0,1,4
302168,0,0,0,0,0,0,0
101072,0,0,0,0,0,0,0
7282,0,0,0,0,0,0,0
9612381,0,0,0,0,0,0,0
9020,0,0,0,0,0,0,0
9512261,0,0,0,0,0,0,0
9411393,0,0,0,0,0,0,0
301244,0,0,0,0,0,0,0
208025,0,0,0,0,0,0,0
212359,0,0,0,0,0,0,0
105068,0,0,0,0,0,0,0
9801452,0,0,0,0,0,0,0
9907416,0,0,0,0,0,0,0
106325,0,0,0,0,0,0,0
9505202,0,0,0,0,0,0,0
102190,0,0,0,0,0,0,0
211329,0,0,0,0,0,0,0
9309273,0,0,0,0,0,0,0
210105,0,0,0,0,0,0,0
212336,0,0,0,0,0,0,0
6191,0,0,0,0,0,0,0
302066,0,0,0,0,0,0,0
9809578,0,0,0,0,0,0,0
107210,0,0,0,0,0,0,0
9408335,0,0,0,0,0,0,0
106032,0,0,0,0,0,0,0
302140,0,0,0,0,0,0,0
211295,0,0,0,0,0,0,0
301083,0,0,0,0,0,0,0
208028,0,0,0,0,0,0,0
9504251,0,0,0,0,0,0,0
9708235,1,1,0,0,1,0,0
9070,0,0,0,0,0,0,0
9706471,0,0,0,0,0,0,0
9506337,0,0,0,0,0,0,0
9706532,0,0,0,0,0,0,0
204336,0,0,0,0,0,0,0
210138,0,0,0,0,0,0,0
111088,0,0,0,0,0,0,0
9609446,0,0,0,0,0,0,0
9911445,0,0,0,0,0,0,0
10242,0,0,0,0,0,0,0
209342,0,0,0,0,0,0,0
9608484,0,0,0,0,0,0,0
9309318,0,0,0,0,0,0,0
9511210,147,23,124,533,79,68,68
9210215,7,5,2,5,7,0,0
9042,6,4,2,2,0,6,49
9805403,67,18,49,146,3,64,362
9308287,55,12,43,190,8,47,208
9409309,50,16,34,94,22,28,65
11392,8,5,3,6,1,7,104
11086,14,6,8,17,4,10,30
9909530,6,4,2,3,0,6,16
9709382,23,5,18,32,14,9,10
206024,8,7,1,2,0,8,68
9506351,23,3,20,54,17,6,10
9203216,47,25,22,51,47,0,0
202205,14,3,11,25,0,14,74
3294,6,3,3,4,1,5,9
9411337,8,3,5,13,5,3,5
9611363,80,9,71,331,6,74,249
9712394,12,1,11,22,4,8,18
9903394,14,6,8,21,4,10,21
9707454,7,2,5,8,2,5,12
9211292,38,2,36,185,0,38,38
9607328,3,2,1,1,1,2,11
9906292,7,4,3,4,0,7,48
2082,21,2,19,48,1,20,40
1002,67,12,55,306,8,59,546
9905413,16,4,12,33,16,0,0
101342,23,9,14,42,2,21,86
9501339,47,15,32,103,15,32,104
9803386,7,4,3,5,2,5,5
9410365,10,3,7,19,7,3,3
9505426,8,5,3,4,0,8,18
9412286,12,4,8,23,11,1,2
9512399,14,9,5,9,0,14,61
9504307,42,7,35,107,12,30,57
9310314,31,5,26,90,23,8,12
1009,4,3,1,1,3,1,1
9711444,16,2,14,64,4,12,27
9811352,23,4,19,38,1,22,94
9808205,161,16,145,858,24,137,633
9706309,20,7,13,38,6,14,27
9306212,76,17,59,225,60,16,19
9811265,37,6,31,117,1,36,158
9909249,16,5,11,20,1,15,276
9405239,26,4,22,93,9,17,31
9502306,22,10,12,30,12,10,14
9810309,27,5,22,36,2,25,207
9811407,2,2,0,0,0,2,6
9804433,8,3,5,9,0,8,35
9708366,39,10,29,89,11,28,45
9707542,18,5,13,23,0,18,47
9810493,4,3,1,1,0,4,27
3208,3,1,2,3,0,3,16
9606383,30,6,24,46,14,16,22
9511331,9,4,5,5,6,3,4
9208243,29,19,10,28,29,0,0
9503456,9,4,5,9,1,8,41
9710389,6,5,1,1,1,5,10
12029,1,1,0,0,1,0,0
9209232,226,44,182,1057,189,37,38
9501325,32,11,21,45,3,29,108
9501244,28,8,20,33,17,11,11
9712392,43,4,39,232,22,21,28
9703279,90,2,88,991,5,85,253
9707275,16,4,12,25,0,16,140
104122,5,4,1,1,1,4,9
9504326,83,3,80,528,8,75,262
9905397,20,4,16,52,1,19,80
11317,7,3,4,4,0,7,72
9910221,90,13,77,294,3,87,586
12001,26,6,20,77,5,21,49
9602239,119,7,112,897,9,110,256
9701244,46,7,39,176,3,43,240
9707537,29,6,23,64,0,29,247
9403266,126,17,109,584,101,25,30
9606379,6,4,2,4,0,6,8
9328,10,6,4,6,1,9,50
108121,11,6,5,6,2,9,86
9909404,30,4,26,102,1,29,208
9806204,9,2,7,23,0,9,20
9812375,47,7,40,124,18,29,32
9902308,36,3,33,196,2,34,89
102295,3,1,2,3,0,3,25
9803297,69,1,68,626,68,1,1
9905451,1,1,0,0,1,0,0
9401308,93,10,83,359,27,66,68
6107,0,0,0,0,0,0,0
9902355,13,4,9,21,0,13,92
9711301,1,1,0,0,0,1,4
9811337,204,8,196,2292,0,204,869
9305274,76,14,62,460,76,0,0
9504427,29,2,27,139,3,26,135
6290,3,2,1,1,1,2,5
9311230,2,1,1,1,2,0,0
9610370,56,6,50,299,2,54,284
9410234,14,6,8,13,14,0,0
9605449,1,1,0,0,1,0,0
9512327,31,5,26,91,19,12,13
9708296,4,1,3,4,1,3,5
9612338,4,1,3,6,0,4,10
9601336,34,12,22,44,12,22,24
5035,7,5,2,2,1,6,20
9605225,6,1,5,8,0,6,13
105230,0,0,0,0,0,0,0
9603270,8,3,5,10,3,5,6
9405359,17,10,7,14,4,13,49
9506430,23,5,18,49,11,12,14
9603202,114,13,101,404,14,100,590
9805270,70,5,65,487,1,69,350
9511430,43,3,40,185,13,30,61
9503209,43,5,38,218,34,9,12
9207236,83,18,65,320,64,19,19
9410342,20,7,13,32,2,18,50
9811448,162,12,150,1181,3,159,978
9501381,6,4,2,2,3,3,6
9907555,46,5,41,246,2,44,474
9411409,52,9,43,237,52,0,0
2198,28,11,17,29,3,25,158
9308232,61,7,54,215,50,11,23
9504408,22,8,14,31,5,17,58
9504256,22,7,15,26,14,8,16
9906389,5,2,3,3,0,5,42
9504250,32,14,18,52,15,17,38
9410403,1,1,0,0,0,1,1
9909482,19,6,13,51,0,19,108
9703354,20,4,16,53,2,18,115
9808474,8,4,4,7,0,8,8
9610498,26,6,20,92,0,26,82
9809480,30,10,20,41,29,1,1
9907523,28,2,26,164,2,26,29
7362,49,6,43,175,1,48,217
9701364,13,5,8,29,0,13,30
104073,23,5,18,69,0,23,263
3327,9,1,8,13,0,9,124
9212315,16,8,8,21,16,0,0
9811227,30,3,27,153,0,30,134
9902419,5,3,2,2,1,4,35
9903292,33,9,24,54,4,29,82
206020,16,1,15,65,2,14,49
9906523,61,6,55,254,0,61,256
9204237,18,6,12,30,18,0,0
9406359,38,12,26,96,23,15,22
9610242,8,1,7,20,8,0,0
9505304,27,5,22,71,6,21,25
9810535,43,7,36,151,0,43,246
9801365,35,7,28,76,3,32,191
9804237,30,3,27,109,0,30,173
9304247,9,3,6,11,9,0,0
9804214,14,2,12,23,0,14,70
9603343,13,2,11,27,0,13,46
9604406,30,2,28,98,2,28,143
9503271,73,5,68,323,25,48,154
101331,5,4,1,1,0,5,14
9607271,6,6,0,0,3,3,4
9712426,6,3,3,5,0,6,12
9812493,2,2,0,0,0,2,4
9701216,6,2,4,8,1,5,5
9906470,46,5,41,196,2,44,230
9810533,8,1,7,24,8,0,0
9608441,27,5,22,61,2,25,58
9412309,13,4,9,20,9,4,11
9904207,5,3,2,2,2,3,5
9610250,6,4,2,2,2,4,17
9510325,24,3,21,116,3,21,21
9502250,11,6,5,6,0,11,88
9809553,4,3,1,1,0,4,21
205102,8,2,6,11,0,8,101
9709242,5,4,1,1,0,5,13
9610367,8,5,3,5,2,6,17
9403354,3,2,1,1,3,0,0
9505384,10,5,5,5,0,10,37
7227,27,6,21,48,3,24,134
9205,21,4,17,31,0,21,81
9403381,12,4,8,22,3,9,14
9209256,18,4,14,81,18,0,0
102344,88,6,82,651,0,88,676
9912460,19,1,18,108,0,19,74
102131,27,2,25,180,19,8,9
9510301,123,13,110,555,21,102,247
9906296,52,3,49,290,0,52,191
107316,27,6,21,49,0,27,414
9902409,11,5,6,11,2,9,23
9805378,14,6,8,11,4,10,30
9909485,32,3,29,122,1,31,334
9809438,27,9,18,38,4,23,58
10231,13,3,10,17,5,8,27
104221,27,12,15,31,8,19,37
9907320,3,1,2,2,1,2,2
9907332,9,3,6,10,0,9,12
9908245,29,4,25,81,1,28,172
9410341,3,3,0,0,0,3,6
9806357,15,3,12,27,0,15,63
9912284,16,7,9,21,1,15,80
9405301,12,5,7,10,5,7,12
9401259,5,2,3,5,3,2,2
9309276,1,1,0,0,1,0,0
10344,6,4,2,2,0,6,32
9505410,20,4,16,43,2,18,32
9907272,33,2,31,137,0,33,214
6097,26,12,14,24,0,26,265
109047,4,3,1,1,0,4,5
103032,46,7,39,175,1,45,634
9908413,19,2,17,40,2,17,92
209107,7,4,3,5,1,6,17
207020,6,3,3,3,0,6,110
9412338,10,5,5,7,6,4,6
9205205,25,9,16,49,25,0,0
6041,71,23,48,174,0,71,791
111230,15,3,12,46,0,15,102
9910498,20,2,18,58,0,20,100
4238,0,0,0,0,0,0,0
9605250,22,9,13,21,10,12,30
6114,9,7,2,4,0,9,44
9904266,41,5,36,263,0,41,706
111016,11,4,7,10,2,9,45
205247,3,2,1,1,0,3,52
9501394,55,9,46,154,55,0,0
9712376,8,3,5,6,6,2,2
4135,0,0,0,0,0,0,0
9910205,57,10,47,162,23,34,140
9403349,16,5,11,38,11,5,5
1039,8,3,5,7,0,8,20
9912373,15,3,12,24,4,11,25
9411362,0,0,0,0,0,0,0
201094,2,2,0,0,0,2,3
6178,2,1,1,1,0,2,3
101121,3,1,2,2,0,3,43
9909236,7,2,5,6,2,5,24
9401338,6,5,1,2,1,5,5
9212250,24,8,16,32,24,0,0
9712251,40,2,38,168,0,40,274
9307248,15,4,11,20,12,3,3
9707223,34,7,27,80,0,34,305
9301204,9,3,6,17,9,0,0
9507289,12,6,6,12,0,12,43
9607331,5,4,1,1,3,2,4
9810235,7,4,3,5,0,7,58
9408396,7,1,6,19,0,7,7
9701418,13,4,9,20,1,12,32
9412236,16,5,11,21,6,10,12
103151,18,3,15,62,0,18,74
9710313,34,6,28,108,14,20,69
9507267,29,9,20,48,3,26,48
9909429,31,5,26,102,0,31,360
9802256,1,1,0,0,0,1,3
9809242,16,4,12,23,1,15,45
9809243,9,3,6,7,0,9,29
9806249,16,10,6,9,3,13,26
9604230,4,4,0,0,0,4,14
109122,6,1,5,7,0,6,67
9904468,49,5,44,192,0,49,626
9412272,19,2,17,46,19,0,0
9711349,24,8,16,51,24,0,0
9506355,4,4,0,0,1,3,6
9803316,84,14,70,277,12,72,379
7248,27,6,21,36,7,20,37
2182,10,1,9,21,0,10,66
9803237,48,12,36,114,4,44,223
9507354,29,10,19,51,15,14,44
9801300,19,7,12,23,2,17,70
9708484,2,2,0,0,0,2,13
9502285,18,3,15,66,2,16,34
9601374,6,2,4,9,0,6,59
9705250,24,13,11,22,5,19,38
9804234,19,5,14,36,6,13,14
9503266,32,13,19,59,19,13,22
9512370,16,5,11,25,2,14,15
9410292,4,1,3,4,0,4,7
9608310,15,4,11,22,8,7,49
9609231,17,7,10,24,0,17,32
9707459,7,5,2,2,0,7,18
9605436,10,3,7,19,0,10,30
9609394,2,2,0,0,2,0,0
9710361,3,2,1,1,3,0,0
9512433,18,5,13,33,1,17,119
9210227,33,9,24,58,26,7,7
9406268,13,4,9,34,0,13,28
9405336,16,7,9,11,16,0,0
9504230,45,14,31,100,13,32,41
9707242,11,6,5,9,0,11,98
9811308,19,2,17,60,4,15,22
9901401,4,3,1,3,1,3,12
8296,4,3,1,1,4,0,0
12247,6,4,2,3,4,2,3
9609325,11,2,9,19,3,8,16
9705298,4,3,1,1,1,3,4
9812454,5,2,3,5,0,5,21
9608350,39,6,33,161,0,39,186
9502222,2,1,1,1,2,0,0
9911338,16,8,8,9,2,14,28
5037,10,7,3,3,1,9,28
2232,4,4,0,0,1,3,14
9310228,76,15,61,297,11,65,65
9811225,9,5,4,10,0,9,30
106280,4,4,0,0,0,4,41
9125,5,5,0,0,0,5,33
3251,25,7,18,39,2,23,129
9711411,7,2,5,7,4,3,3
1274,22,4,18,80,0,22,118
9406379,7,4,3,3,6,1,2
9710339,19,4,15,95,3,16,51
9511206,13,9,4,5,2,11,35
9408353,11,4,7,12,11,0,0
9501358,34,3,31,181,34,0,0
9607317,26,7,19,55,1,25,107
9610377,2,2,0,0,0,2,5
9807503,6,3,3,6,0,6,11
9907360,24,5,19,51,1,23,152
9708416,8,8,0,0,3,5,8
101127,17,8,9,9,0,17,79
7304,16,8,8,14,3,13,133
9708303,20,2,18,55,6,14,63
9602319,1,1,0,0,0,1,3
204011,1,1,0,0,1,0,0
210145,4,3,1,1,0,4,29
9409201,2,1,1,1,1,1,1
9912407,18,3,15,34,1,17,94
9804339,13,3,10,27,0,13,70
202061,1,1,0,0,0,1,1
210061,0,0,0,0,0,0,0
108110,5,1,4,6,1,4,25
9601234,41,5,36,98,32,9,30
9607233,9,4,5,9,0,9,33
9812276,14,4,10,28,0,14,76
11159,12,2,10,22,0,12,49
9804305,2,2,0,0,0,2,9
9803480,3,3,0,0,1,2,3
9410331,8,2,6,15,5,3,3
9801270,16,10,6,7,6,10,53
9508411,13,6,7,10,1,12,17
9802419,17,8,9,22,1,16,130
9507332,11,4,7,12,1,10,19
9606439,3,3,0,0,1,2,3
9804352,31,7,24,60,1,30,148
9810358,4,1,3,5,0,4,7
9802448,2,2,0,0,1,1,1
9908293,4,3,1,1,1,3,6
7152,12,7,5,8,0,12,101
9608340,9,7,2,3,0,9,24
9712355,2,2,0,0,2,0,0
3207,4,2,2,2,0,4,25
9711263,4,2,2,2,0,4,25
4146,1,1,0,0,0,1,4
9309210,5,2,3,5,5,0,0
11247,26,6,20,68,0,26,196
9409451,14,2,12,24,14,0,0
9308259,4,2,2,2,4,0,0
9710328,8,3,5,7,1,7,12
9902328,6,4,2,3,2,4,35
107168,2,1,1,1,0,2,17
1264,26,18,8,12,6,20,95
205313,2,2,0,0,2,0,0
9908357,4,2,2,3,0,4,14
9708262,11,5,6,10,4,7,11
9703319,18,3,15,49,2,16,73
9912524,9,3,6,24,0,9,121
9905506,2,2,0,0,0,2,5
5260,26,6,20,57,4,22,88
104174,13,4,9,21,0,13,165
9510386,20,7,13,26,4,16,66
9811206,10,3,7,9,1,9,15
9207264,77,5,72,399,1,76,76
9510455,11,5,6,12,1,10,18
9303233,38,9,29,181,38,0,0
2115,3,3,0,0,0,3,5
4155,3,1,2,2,0,3,5
9207244,5,4,1,1,5,0,0
105281,5,4,1,1,0,5,35
2012,1,1,0,0,0,1,3
9210244,12,4,8,23,12,0,0
9160,4,1,3,5,0,4,25
2120,23,6,17,39,0,23,111
9412310,38,5,33,166,32,6,8
9902345,4,4,0,0,0,4,33
204273,5,1,4,6,0,5,18
9906433,7,4,3,4,2,5,16
102136,12,1,11,43,0,12,91
9807549,9,5,4,9,0,9,42
102091,2,2,0,0,0,2,12
9907548,29,6,23,92,1,28,158
111057,5,3,2,2,0,5,14
9909448,10,6,4,8,0,10,83
105145,15,5,10,28,0,15,65
8232,11,6,5,6,0,11,73
9702253,5,2,3,4,5,0,0
111112,11,3,8,22,0,11,82
9710277,19,6,13,25,4,15,55
9912428,5,3,2,3,5,0,0
205199,6,3,3,5,0,6,151
9807537,5,5,0,0,1,4,20
9504308,0,0,0,0,0,0,0
9705465,4,1,3,3,0,4,18
9803238,7,5,2,3,6,1,2
7261,11,4,7,10,0,11,89
9502243,13,3,10,22,2,11,25
9905539,11,1,10,25,0,11,43
9712518,3,3,0,0,3,0,0
9511441,2,2,0,0,2,0,0
9501271,2,2,0,0,2,0,0
9505211,14,5,9,18,14,0,0
9609500,13,6,7,13,0,13,203
9608387,9,2,7,13,1,8,33
9710229,4,4,0,0,2,2,8
9908289,7,0,7,17,0,7,60
9512299,5,2,3,5,5,0,0
9612366,1,1,0,0,0,1,2
9602345,4,3,1,1,0,4,20
9509284,7,2,5,10,2,5,9
112139,0,0,0,0,0,0,0
201164,5,3,2,3,1,4,5
9910338,51,5,46,418,23,28,41
9307239,8,5,3,7,8,0,0
9304204,12,5,7,15,12,0,0
9810536,35,6,29,136,3,32,269
9903255,2,1,1,1,1,1,1
11155,12,9,3,3,6,6,35
9707541,6,4,2,3,0,6,20
202132,2,2,0,0,0,2,5
108081,1,1,0,0,1,0,0
105335,7,4,3,4,0,7,43
9303307,11,5,6,13,1,10,17
9308253,1,1,0,0,1,0,0
9706359,2,2,0,0,0,2,2
9702216,59,11,48,114,6,53,135
9908340,4,2,2,2,0,4,107
9908463,7,3,4,12,1,6,10
9902309,8,4,4,6,1,7,12
9609436,24,5,19,46,5,19,30
204043,3,2,1,1,0,3,3
9006,23,13,10,16,0,23,104
9712297,10,6,4,8,5,5,5
101142,7,2,5,6,0,7,45
9510448,4,1,3,4,0,4,6
9502307,8,2,6,8,0,8,22
203054,1,1,0,0,0,1,1
9808462,6,4,2,4,1,5,9
9406340,9,5,4,5,9,0,0
9705314,4,2,2,2,0,4,32
9611208,7,6,1,1,2,5,10
9703263,2,2,0,0,0,2,5
9602365,1,1,0,0,1,0,0
9404274,15,6,9,15,14,1,1
9608242,6,4,2,3,0,6,37
9505362,1,1,0,0,1,0,0
9309317,1,1,0,0,1,0,0
9504293,10,2,8,13,1,9,16
102036,2,1,1,1,0,2,12
9403410,4,2,2,3,4,0,0
9702435,9,6,3,3,2,7,12
9911240,1,1,0,0,0,1,2
9811440,5,4,1,1,0,5,20
9808353,4,3,1,1,0,4,8
9907553,8,4,4,5,0,8,41
9304273,11,7,4,10,11,0,0
9609459,5,2,3,5,3,2,4
9910310,13,3,10,17,0,13,101
2048,8,4,4,5,1,7,42
12137,22,2,20,47,8,14,31
9903365,18,8,10,18,7,11,27
9406242,8,6,2,2,8,0,0
9811443,3,3,0,0,0,3,18
9901218,1,1,0,0,0,1,4
207221,1,1,0,0,0,1,10
9809505,4,4,0,0,0,4,33
9303210,4,3,1,1,4,0,0
9804392,1,1,0,0,0,1,1
9706399,10,9,1,1,0,10,38
9502268,7,5,2,4,7,0,0
5317,1,1,0,0,0,1,5
102219,1,1,0,0,0,1,12
9807399,12,6,6,8,4,8,11
211233,0,0,0,0,0,0,0
9811288,8,2,6,7,0,8,21
206066,4,4,0,0,0,4,49
9710271,5,2,3,4,2,3,3
2162,14,3,11,22,0,14,54
9602275,6,4,2,2,3,3,6
9211224,3,2,1,1,3,0,0
9607359,10,6,4,4,0,10,19
101244,10,8,2,4,9,1,2
9709337,2,2,0,0,2,0,0
9606290,1,1,0,0,1,0,0
1329,4,4,0,0,1,3,7
9710409,2,2,0,0,0,2,5
9908377,4,2,2,2,0,4,10
106160,0,0,0,0,0,0,0
6284,0,0,0,0,0,0,0
103331,12,3,9,18,2,10,113
9411230,3,2,1,1,3,0,0
9806265,3,2,1,2,0,3,6
9712434,20,9,11,13,4,16,87
9910562,9,6,3,5,0,9,47
9711289,9,3,6,9,4,5,9
9309213,6,3,3,3,6,0,0
4096,1,1,0,0,0,1,3
9506322,5,3,2,2,0,5,6
9708370,16,11,5,5,7,9,15
9712487,2,1,1,1,0,2,2
9406232,2,2,0,0,2,0,0
208163,6,3,3,6,0,6,83
107231,3,2,1,2,0,3,30
9812258,24,16,8,10,11,13,25
9810437,10,1,9,38,0,10,19
9411280,3,3,0,0,0,3,11
105234,6,2,4,6,4,2,2
208266,8,7,1,1,0,8,41
201105,9,6,3,3,1,8,42
7346,7,5,2,2,2,5,27
9804257,11,3,8,12,3,8,16
9711459,1,1,0,0,0,1,1
9711499,9,2,7,15,0,9,56
9405393,4,1,3,5,0,4,19
9908287,4,3,1,1,0,4,12
210112,1,1,0,0,0,1,5
202025,2,1,1,1,0,2,2
9803292,4,3,1,1,2,2,2
101147,2,2,0,0,0,2,16
106044,11,2,9,27,2,9,17
9907235,6,1,5,9,5,1,1
9910208,1,1,0,0,1,0,0
9707531,1,1,0,0,0,1,13
105205,9,3,6,6,0,9,110
9410321,7,2,5,8,0,7,14
205290,16,5,11,17,2,14,40
210091,8,5,3,4,0,8,90
9911428,1,1,0,0,0,1,5
9805417,4,1,3,6,0,4,7
9807227,2,2,0,0,1,1,13
9510237,1,1,0,0,0,1,2
1102,5,2,3,4,0,5,11
9212253,21,11,10,19,21,0,0
9307357,1,1,0,0,1,0,0
9911523,13,2,11,23,0,13,89
9611227,4,4,0,0,0,4,51
10353,17,1,16,39,0,17,198
9607480,0,0,0,0,0,0,0
9910296,5,3,2,3,0,5,70
9903208,1,1,0,0,1,0,0
9912360,0,0,0,0,0,0,0
9806221,6,3,3,6,2,4,4
8165,3,2,1,1,0,3,10
207350,2,2,0,0,0,2,25
9807371,17,1,16,93,0,17,30
203187,5,2,3,4,0,5,45
12160,1,1,0,0,0,1,3
9912376,13,3,10,20,0,13,44
9507353,14,10,4,8,0,14,86
9501263,27,3,24,106,27,0,0
211071,3,3,0,0,0,3,18
9804335,2,2,0,0,0,2,9
4185,4,2,2,3,1,3,5
9809593,1,1,0,0,0,1,3
9711226,5,4,1,1,1,4,9
9811214,4,1,3,5,3,1,1
9411306,3,2,1,1,2,1,1
9405206,2,1,1,1,1,1,1
9802293,2,2,0,0,0,2,3
9904258,16,4,12,34,9,7,20
11082,4,2,2,3,0,4,27
9279,1,1,0,0,0,1,8
9805246,0,0,0,0,0,0,0
103177,0,0,0,0,0,0,0
9712338,2,2,0,0,1,1,4
208226,8,2,6,8,0,8,45
9711507,2,2,0,0,1,1,2
9909337,12,1,11,44,1,11,130
9309325,1,1,0,0,1,0,0
9312249,13,2,11,29,13,0,0
9501410,2,1,1,1,2,0,0
101253,1,1,0,0,0,1,2
9910318,1,1,0,0,0,1,3
111387,0,0,0,0,0,0,0
9405311,5,3,2,5,5,0,0
205101,1,1,0,0,0,1,4
9510357,8,3,5,5,1,7,9
205334,5,5,0,0,0,5,34
9612412,2,1,1,1,0,2,8
9205218,1,1,0,0,1,0,0
9308320,2,1,1,1,2,0,0
9601354,5,4,1,1,0,5,8
9801308,4,3,1,1,3,1,1
204211,8,5,3,4,0,8,58
9910423,5,1,4,6,0,5,16
9505286,2,1,1,1,2,0,0
9905368,3,2,1,1,0,3,14
105215,1,1,0,0,0,1,6
210284,4,1,3,4,0,4,22
212227,1,1,0,0,0,1,3
1027,5,5,0,0,3,2,4
110219,1,1,0,0,0,1,3
9906342,1,1,0,0,0,1,8
107205,3,1,2,2,0,3,12
209125,2,1,1,1,0,2,21
9249,1,1,0,0,0,1,1
9902359,2,2,0,0,1,1,2
111051,0,0,0,0,0,0,0
5042,3,1,2,3,0,3,10
9810245,2,1,1,1,0,2,6
101182,0,0,0,0,0,0,0
105195,9,2,7,11,0,9,60
9055,0,0,0,0,0,0,0
110059,2,1,1,1,2,0,0
9409261,2,1,1,1,2,0,0
9804444,4,4,0,0,4,0,0
9606343,3,2,1,1,0,3,6
9812224,5,4,1,1,3,2,4
9308307,4,4,0,0,4,0,0
9708496,6,2,4,9,1,5,5
101150,4,2,2,2,0,4,17
9810300,1,1,0,0,0,1,8
211158,1,1,0,0,0,1,2
212393,0,0,0,0,0,0,0
105142,6,2,4,10,0,6,31
10099,4,3,1,1,4,0,0
9504422,6,2,4,6,0,6,9
9301296,2,1,1,1,2,0,0
9712397,3,2,1,2,0,3,17
108004,2,2,0,0,0,2,5
12086,1,1,0,0,0,1,2
201282,5,4,1,2,0,5,20
9206202,2,2,0,0,2,0,0
9409307,3,3,0,0,3,0,0
9907345,1,1,0,0,0,1,2
212397,2,2,0,0,0,2,17
9904375,1,1,0,0,0,1,2
103146,0,0,0,0,0,0,0
9904213,3,2,1,1,0,3,6
9610352,4,2,2,3,0,4,17
9708407,1,1,0,0,0,1,2
7046,2,2,0,0,0,2,3
101207,2,2,0,0,0,2,5
108057,2,1,1,1,0,2,14
9606248,0,0,0,0,0,0,0
9204239,3,2,1,2,3,0,0
9402349,1,1,0,0,1,0,0
9804341,7,5,2,7,7,0,0
9606249,3,2,1,1,3,0,0
212211,0,0,0,0,0,0,0
9705331,0,0,0,0,0,0,0
111368,2,2,0,0,2,0,0
9506403,5,1,4,5,5,0,0
9412282,10,5,5,6,3,7,14
12009,3,1,2,2,3,0,0
9501342,1,1,0,0,1,0,0
9806497,0,0,0,0,0,0,0
9901202,3,2,1,1,0,3,17
9306245,6,3,3,6,6,0,0
208199,1,1,0,0,0,1,1
9312293,0,0,0,0,0,0,0
9505373,5,5,0,0,4,1,1
2100,3,2,1,2,1,2,3
107171,5,4,1,1,1,4,18
9403202,2,2,0,0,2,0,0
206207,9,4,5,7,0,9,51
9810403,3,3,0,0,1,2,2
110319,3,3,0,0,0,3,9
9510255,1,1,0,0,0,1,1
110208,10,4,6,9,0,10,69
9802427,1,1,0,0,0,1,3
6302,1,1,0,0,0,1,3
106115,10,1,9,25,0,10,113
6043,7,3,4,9,0,7,48
207315,2,2,0,0,1,1,5
4062,4,1,3,6,2,2,2
9506379,4,3,1,1,4,0,0
203041,4,1,3,4,0,4,76
9712373,0,0,0,0,0,0,0
9812217,2,2,0,0,1,1,1
9303212,4,4,0,0,4,0,0
9706351,2,2,0,0,0,2,9
9810296,7,1,6,6,6,1,1
9605381,1,1,0,0,1,0,0
9207276,1,1,0,0,1,0,0
2024,14,7,7,11,3,11,23
4225,6,3,3,4,1,5,6
8166,1,1,0,0,0,1,6
202216,4,3,1,1,0,4,16
101024,4,1,3,4,0,4,12
9904484,4,2,2,2,4,0,0
101047,1,1,0,0,1,0,0
9502398,1,1,0,0,0,1,3
9610245,1,1,0,0,1,0,0
9611210,7,4,3,5,3,4,7
9906540,0,0,0,0,0,0,0
101043,2,2,0,0,0,2,22
9302254,3,2,1,1,3,0,0
9805420,3,2,1,1,0,3,9
108165,3,2,1,1,2,1,2
301067,0,0,0,0,0,0,0
204212,0,0,0,0,0,0,0
9212309,2,2,0,0,2,0,0
101082,0,0,0,0,0,0,0
204147,4,2,2,2,0,4,12
11091,5,1,4,6,0,5,22
9507278,2,2,0,0,2,0,0
104096,7,1,6,8,2,5,20
104307,6,2,4,5,2,4,19
9064,0,0,0,0,0,0,0
9811281,4,4,0,0,2,2,6
9907348,2,1,1,1,2,0,0
12138,5,1,4,5,0,5,42
9706452,2,1,1,1,0,2,9
111421,0,0,0,0,0,0,0
210348,1,1,0,0,0,1,5
205040,7,4,3,4,0,7,38
210189,1,1,0,0,0,1,7
9510442,0,0,0,0,0,0,0
8146,1,1,0,0,0,1,2
9801402,2,2,0,0,0,2,2
206259,13,5,8,10,0,13,71
9405363,0,0,0,0,0,0,0
9907465,2,2,0,0,0,2,10
208113,8,1,7,15,0,8,48
105091,0,0,0,0,0,0,0
106353,13,1,12,25,0,13,223
205173,0,0,0,0,0,0,0
9403267,2,2,0,0,0,2,2
4257,2,2,0,0,0,2,4
206083,0,0,0,0,0,0,0
5298,1,1,0,0,0,1,3
9504380,2,2,0,0,0,2,2
9505294,2,2,0,0,2,0,0
9702338,4,4,0,0,3,1,4
105030,2,2,0,0,0,2,5
9907346,1,1,0,0,0,1,3
9807329,1,1,0,0,0,1,6
7067,8,5,3,5,0,8,17
9405307,0,0,0,0,0,0,0
105094,4,1,3,5,0,4,17
9606284,5,5,0,0,4,1,1
211211,0,0,0,0,0,0,0
9912338,8,3,5,13,0,8,87
9710540,2,2,0,0,0,2,5
9912443,0,0,0,0,0,0,0
9504412,2,1,1,1,0,2,3
9908273,1,1,0,0,1,0,0
9807206,4,1,3,6,0,4,8
2016,5,1,4,5,0,5,12
9301292,5,4,1,2,5,0,0
9806295,0,0,0,0,0,0,0
212352,1,1,0,0,0,1,1
9404267,0,0,0,0,0,0,0
201266,1,1,0,0,0,1,4
202257,12,2,10,23,0,12,97
9911488,3,3,0,0,0,3,10
9010,5,3,2,2,1,4,13
9804312,0,0,0,0,0,0,0
9310218,1,1,0,0,0,1,3
108254,1,1,0,0,1,0,0
9907376,1,1,0,0,0,1,1
9309265,5,3,2,2,5,0,0
108224,8,3,5,15,0,8,105
9510264,2,2,0,0,0,2,4
9706490,2,1,1,1,1,1,1
9302241,1,1,0,0,1,0,0
9706506,0,0,0,0,0,0,0
6211,3,1,2,3,1,2,3
203059,3,1,2,2,0,3,24
11202,2,2,0,0,2,0,0
9801296,0,0,0,0,0,0,0
212134,0,0,0,0,0,0,0
201038,1,1,0,0,0,1,3
9710454,3,1,2,2,0,3,21
9510412,0,0,0,0,0,0,0
9309291,0,0,0,0,0,0,0
9804372,4,4,0,0,0,4,23
3061,3,1,2,3,3,0,0
112329,7,3,4,9,0,7,49
208046,2,1,1,1,0,2,11
108198,1,1,0,0,0,1,13
210122,0,0,0,0,0,0,0
101158,3,1,2,2,0,3,13
9806323,2,2,0,0,0,2,8
212057,0,0,0,0,0,0,0
9210223,2,1,1,1,2,0,0
9905510,1,1,0,0,1,0,0
9905331,1,1,0,0,0,1,6
9809336,1,1,0,0,1,0,0
9509240,2,2,0,0,0,2,6
9812310,1,1,0,0,0,1,2
111214,2,2,0,0,1,1,1
210113,1,1,0,0,0,1,1
102166,1,1,0,0,0,1,3
9806465,0,0,0,0,0,0,0
9709396,1,1,0,0,0,1,3
1030,2,2,0,0,0,2,12
9309329,0,0,0,0,0,0,0
9806483,1,1,0,0,0,1,2
208265,2,2,0,0,0,2,9
209120,0,0,0,0,0,0,0
9710399,1,1,0,0,0,1,2
9906255,3,1,2,2,3,0,0
9808373,1,1,0,0,0,1,14
111162,1,1,0,0,0,1,2
9912368,2,1,1,1,1,1,6
9803331,1,1,0,0,0,1,4
110145,1,1,0,0,0,1,7
301213,0,0,0,0,0,0,0
104193,3,1,2,3,0,3,12
9709296,1,1,0,0,1,0,0
9411270,3,2,1,1,3,0,0
9212293,1,1,0,0,1,0,0
11302,1,1,0,0,1,0,0
9705215,1,1,0,0,1,0,0
207339,0,0,0,0,0,0,0
302260,0,0,0,0,0,0,0
101328,0,0,0,0,0,0,0
1020,1,1,0,0,1,0,0
9901422,2,2,0,0,1,1,1
9312330,1,1,0,0,0,1,1
9706521,0,0,0,0,0,0,0
107332,2,2,0,0,0,2,16
108215,3,1,2,2,1,2,8
9608362,0,0,0,0,0,0,0
9612339,0,0,0,0,0,0,0
101035,0,0,0,0,0,0,0
5170,0,0,0,0,0,0,0
9707473,1,1,0,0,1,0,0
105153,0,0,0,0,0,0,0
9709335,2,2,0,0,1,1,3
9505236,1,1,0,0,0,1,1
209139,0,0,0,0,0,0,0
301055,2,1,1,1,0,2,22
9908400,2,2,0,0,1,1,2
211284,1,1,0,0,0,1,5
112237,0,0,0,0,0,0,0
205294,0,0,0,0,0,0,0
111081,0,0,0,0,0,0,0
103107,2,2,0,0,2,0,0
9409359,0,0,0,0,0,0,0
101116,1,1,0,0,0,1,4
209201,0,0,0,0,0,0,0
9805265,0,0,0,0,0,0,0
9609366,1,1,0,0,0,1,2
204319,0,0,0,0,0,0,0
9907536,0,0,0,0,0,0,0
9318,1,1,0,0,0,1,1
9611290,2,2,0,0,0,2,5
9502394,1,1,0,0,1,0,0
9302294,3,3,0,0,3,0,0
9606363,0,0,0,0,0,0,0
7122,2,1,1,1,2,0,0
206037,0,0,0,0,0,0,0
210271,2,2,0,0,0,2,2
9212282,4,3,1,1,4,0,0
3247,1,1,0,0,0,1,4
9903263,2,2,0,0,1,1,1
9402350,0,0,0,0,0,0,0
9507260,2,2,0,0,1,1,1
9808273,1,1,0,0,0,1,7
9611448,1,1,0,0,0,1,15
108107,1,1,0,0,1,0,0
9810346,0,0,0,0,0,0,0
9812512,1,1,0,0,0,1,1
107312,1,1,0,0,0,1,4
109074,0,0,0,0,0,0,0
202217,1,1,0,0,0,1,8
9308361,1,1,0,0,0,1,1
9903330,1,1,0,0,1,0,0
301194,0,0,0,0,0,0,0
7138,0,0,0,0,0,0,0
302104,2,2,0,0,0,2,18
105115,2,1,1,1,0,2,9
9902387,0,0,0,0,0,0,0
9902333,0,0,0,0,0,0,0
211336,1,1,0,0,0,1,3
9903442,2,2,0,0,1,1,1
9912279,1,1,0,0,0,1,6
9311236,0,0,0,0,0,0,0
9809407,1,1,0,0,0,1,1
3088,2,1,1,1,0,2,5
9901205,1,1,0,0,0,1,5
9112,0,0,0,0,0,0,0
9708312,0,0,0,0,0,0,0
9710437,0,0,0,0,0,0,0
110228,2,1,1,1,1,1,1
9701424,1,1,0,0,0,1,1
9022,1,1,0,0,1,0,0
208029,1,1,0,0,0,1,3
2136,2,2,0,0,1,1,4
9410410,1,1,0,0,1,0,0
111206,2,2,0,0,0,2,16
106062,0,0,0,0,0,0,0
211268,4,2,2,3,1,3,9
209343,0,0,0,0,0,0,0
205110,0,0,0,0,0,0,0
209359,0,0,0,0,0,0,0
104138,0,0,0,0,0,0,0
212056,0,0,0,0,0,0,0
9704240,1,1,0,0,0,1,2
7140,0,0,0,0,0,0,0
210098,1,1,0,0,0,1,5
211164,0,0,0,0,0,0,0
9153,0,0,0,0,0,0,0
9805328,0,0,0,0,0,0,0
9710505,1,1,0,0,0,1,2
9710555,2,1,1,1,0,2,7
211186,1,1,0,0,0,1,10
9608207,1,1,0,0,0,1,1
6065,2,1,1,1,2,0,0
1223,1,1,0,0,0,1,2
9705336,0,0,0,0,0,0,0
9401205,2,2,0,0,2,0,0
12079,0,0,0,0,0,0,0
9702257,2,2,0,0,1,1,1
9905274,0,0,0,0,0,0,0
9212228,1,1,0,0,1,0,0
105022,1,1,0,0,0,1,3
9908506,1,1,0,0,0,1,3
201286,0,0,0,0,0,0,0
208182,0,0,0,0,0,0,0
9402257,1,1,0,0,1,0,0
9805506,1,1,0,0,1,0,0
112282,1,1,0,0,1,0,0
209321,0,0,0,0,0,0,0
9007,1,1,0,0,0,1,1
9902433,0,0,0,0,0,0,0
9903290,0,0,0,0,0,0,0
105259,2,2,0,0,1,1,1
9911417,0,0,0,0,0,0,0
9903232,0,0,0,0,0,0,0
9901223,0,0,0,0,0,0,0
211428,1,1,0,0,0,1,11
9701318,0,0,0,0,0,0,0
2140,1,1,0,0,0,1,2
112314,1,1,0,0,0,1,2
9701202,0,0,0,0,0,0,0
9903485,0,0,0,0,0,0,0
105248,1,1,0,0,0,1,6
211045,0,0,0,0,0,0,0
212346,0,0,0,0,0,0,0
9311201,1,1,0,0,1,0,0
112064,0,0,0,0,0,0,0
9306281,0,0,0,0,0,0,0
9804220,0,0,0,0,0,0,0
101028,0,0,0,0,0,0,0
9510240,0,0,0,0,0,0,0
9712208,0,0,0,0,0,0,0
11305,2,2,0,0,0,2,4
9308306,2,1,1,1,2,0,0
9907369,1,1,0,0,0,1,4
9602367,0,0,0,0,0,0,0
9509419,0,0,0,0,0,0,0
206254,0,0,0,0,0,0,0
204046,2,2,0,0,0,2,7
109033,1,1,0,0,0,1,3
9309300,0,0,0,0,0,0,0
9906440,0,0,0,0,0,0,0
3145,0,0,0,0,0,0,0
107267,2,1,1,1,0,2,17
12010,0,0,0,0,0,0,0
9402319,1,1,0,0,1,0,0
212314,0,0,0,0,0,0,0
9506372,0,0,0,0,0,0,0
4090,1,1,0,0,0,1,10
9308316,0,0,0,0,0,0,0
9912427,0,0,0,0,0,0,0
9404350,0,0,0,0,0,0,0
104257,0,0,0,0,0,0,0
9906550,0,0,0,0,0,0,0
9706346,0,0,0,0,0,0,0
9512294,1,1,0,0,0,1,10
201167,0,0,0,0,0,0,0
101355,1,1,0,0,1,0,0
9810326,0,0,0,0,0,0,0
210350,0,0,0,0,0,0,0
10046,0,0,0,0,0,0,0
209008,0,0,0,0,0,0,0
106028,0,0,0,0,0,0,0
9187,0,0,0,0,0,0,0
212234,0,0,0,0,0,0,0
9407243,0,0,0,0,0,0,0
111354,0,0,0,0,0,0,0
9803461,1,1,0,0,0,1,3
9608467,0,0,0,0,0,0,0
9701281,0,0,0,0,0,0,0
9908312,0,0,0,0,0,0,0
3147,0,0,0,0,0,0,0
207034,1,1,0,0,0,1,4
110401,0,0,0,0,0,0,0
104065,0,0,0,0,0,0,0
9609412,0,0,0,0,0,0,0
9907463,0,0,0,0,0,0,0
212133,0,0,0,0,0,0,0
9405333,1,1,0,0,1,0,0
209050,1,1,0,0,0,1,16
6187,0,0,0,0,0,0,0
9605282,0,0,0,0,0,0,0
9808491,0,0,0,0,0,0,0
9701319,0,0,0,0,0,0,0
211408,0,0,0,0,0,0,0
210298,1,1,0,0,0,1,6
9909557,0,0,0,0,0,0,0
9402331,1,1,0,0,0,1,1
9706381,0,0,0,0,0,0,0
9704341,0,0,0,0,0,0,0
206032,0,0,0,0,0,0,0
207137,0,0,0,0,0,0,0
210188,0,0,0,0,0,0,0
2125,0,0,0,0,0,0,0
9309250,0,0,0,0,0,0,0
9907325,0,0,0,0,0,0,0
9909346,0,0,0,0,0,0,0
209064,0,0,0,0,0,0,0
212266,0,0,0,0,0,0,0
9211218,0,0,0,0,0,0,0
10023,1,1,0,0,0,1,3
205104,0,0,0,0,0,0,0
302198,0,0,0,0,0,0,0
209018,0,0,0,0,0,0,0
301277,0,0,0,0,0,0,0
9809514,1,1,0,0,0,1,2
111330,0,0,0,0,0,0,0
104006,0,0,0,0,0,0,0
4265,0,0,0,0,0,0,0
106209,0,0,0,0,0,0,0
9411320,0,0,0,0,0,0,0
9710274,0,0,0,0,0,0,0
9096,0,0,0,0,0,0,0
9908367,0,0,0,0,0,0,0
112262,0,0,0,0,0,0,0
110054,0,0,0,0,0,0,0
8297,0,0,0,0,0,0,0
9406435,0,0,0,0,0,0,0
9811329,0,0,0,0,0,0,0
106150,0,0,0,0,0,0,0
9708385,0,0,0,0,0,0,0
8264,0,0,0,0,0,0,0
6075,0,0,0,0,0,0,0
211070,0,0,0,0,0,0,0
211104,1,1,0,0,0,1,20
9806527,0,0,0,0,0,0,0
9810503,0,0,0,0,0,0,0
9709220,0,0,0,0,0,0,0
9608337,0,0,0,0,0,0,0
9901449,1,1,0,0,1,0,0
7216,1,1,0,0,0,1,1
9707230,0,0,0,0,0,0,0
205164,0,0,0,0,0,0,0
9910288,0,0,0,0,0,0,0
302132,0,0,0,0,0,0,0
9901232,0,0,0,0,0,0,0
203196,0,0,0,0,0,0,0
208170,0,0,0,0,0,0,0
110410,0,0,0,0,0,0,0
9607444,0,0,0,0,0,0,0
9705431,0,0,0,0,0,0,0
210030,0,0,0,0,0,0,0
301152,0,0,0,0,0,0,0
9607224,0,0,0,0,0,0,0
203020,0,0,0,0,0,0,0
2269,0,0,0,0,0,0,0
9408202,0,0,0,0,0,0,0
9801289,0,0,0,0,0,0,0
210152,0,0,0,0,0,0,0
9709462,0,0,0,0,0,0,0
207109,0,0,0,0,0,0,0
212044,0,0,0,0,0,0,0
209318,0,0,0,0,0,0,0
207017,0,0,0,0,0,0,0
203026,0,0,0,0,0,0,0
207166,0,0,0,0,0,0,0
105198,0,0,0,0,0,0,0
212327,1,1,0,0,1,0,0
111242,0,0,0,0,0,0,0
9809542,0,0,0,0,0,0,0
9906350,0,0,0,0,0,0,0
107240,0,0,0,0,0,0,0
9801299,0,0,0,0,0,0,0
105075,0,0,0,0,0,0,0
9807328,0,0,0,0,0,0,0
111455,0,0,0,0,0,0,0
9609483,0,0,0,0,0,0,0
110039,0,0,0,0,0,0,0
9503250,0,0,0,0,0,0,0
9305285,0,0,0,0,0,0,0
1265,1,1,0,0,1,0,0
9809516,0,0,0,0,0,0,0
9508273,0,0,0,0,0,0,0
106182,0,0,0,0,0,0,0
9610453,1,1,0,0,1,0,0
9211304,183,25,158,1175,183,0,0
9054,4,2,2,3,1,3,16
9806468,50,7,43,182,3,47,416
9308288,182,21,161,1306,54,128,422
9409391,28,6,22,81,9,19,19
12161,3,3,0,0,0,3,13
12215,4,1,3,4,1,3,20
9403249,63,11,52,176,13,50,69
9712417,25,17,8,13,4,21,107
207280,1,1,0,0,0,1,2
9506461,50,12,38,217,12,38,112
9211272,29,11,18,52,29,0,0
203206,5,3,2,2,5,0,0
6032,24,11,13,23,2,22,96
9411426,217,20,197,1349,114,103,222
9611367,29,4,25,110,3,26,84
9712400,37,5,32,116,22,15,26
9906230,31,5,26,106,2,29,227
9710237,14,6,8,19,5,9,18
9303201,18,7,11,23,18,0,0
9608324,4,3,1,1,0,4,7
9907414,24,5,19,44,2,22,74
3275,25,8,17,48,0,25,122
11243,7,5,2,2,2,5,11
9906465,11,4,7,14,1,10,22
102023,14,6,8,10,4,10,35
9505233,27,8,19,51,20,7,11
9804233,139,7,132,1253,25,114,230
9502370,6,3,3,5,4,2,2
9602396,21,3,18,49,2,19,99
9503320,13,6,7,13,12,1,2
9403259,9,3,6,11,5,4,7
9302222,8,5,3,5,8,0,0
9311306,63,16,47,177,25,38,46
2096,8,4,4,6,0,8,103
9712290,140,7,133,1148,140,0,0
9811379,58,9,49,216,0,58,347
9811299,18,6,12,33,6,12,67
9507352,22,11,11,19,8,14,32
9505319,43,10,33,146,36,7,7
9811266,17,10,7,19,0,17,161
9909415,15,5,10,17,3,12,59
9410353,38,1,37,161,16,22,25
9310363,37,7,30,89,37,0,0
9508247,46,3,43,283,4,42,93
9811460,10,7,3,5,1,9,70
9403311,31,3,28,109,30,1,2
9807468,2,2,0,0,2,0,0
9708213,17,3,14,45,3,14,56
9811267,48,16,32,82,24,24,46
6331,12,4,8,19,1,11,54
9705391,17,7,10,26,4,13,20
9504338,4,3,1,1,0,4,4
9212267,9,3,6,14,9,0,0
9510306,3,1,2,2,3,0,0
9805219,38,12,26,53,7,31,31
9712415,39,10,29,65,17,22,28
9210240,52,20,32,105,48,4,4
9501336,30,7,23,52,8,22,45
9502210,19,3,16,33,5,14,26
9802292,6,4,2,2,2,4,25
9703288,114,6,108,1024,10,104,453
9707355,21,4,17,40,0,21,164
104238,22,3,19,48,0,22,274
9504327,130,9,121,1132,10,120,438
9908296,13,1,12,26,1,12,38
12212,10,6,4,5,0,10,82
1088,14,1,13,35,0,14,212
111144,15,2,13,44,0,15,39
9603238,101,6,95,744,11,90,118
9701286,62,4,58,357,0,62,410
9707546,34,5,29,125,0,34,175
9412393,27,4,23,60,6,21,44
9606475,11,6,5,10,11,0,0
103305,13,4,9,23,0,13,127
109045,31,9,22,101,1,30,146
1170,5,3,2,2,1,4,9
9908232,17,3,14,54,0,17,151
9912201,2,2,0,0,0,2,3
9909260,20,9,11,19,3,17,144
104101,9,4,5,6,1,8,69
9805373,82,5,77,734,13,69,138
9905462,5,3,2,3,5,0,0
9405352,98,10,88,599,79,19,19
9409229,19,4,15,29,18,1,1
9905463,14,4,10,14,0,14,102
9711362,29,6,23,82,4,25,135
9811353,89,3,86,563,11,78,226
9305275,54,14,40,182,9,45,94
9506278,15,1,14,41,1,14,76
9409327,20,5,15,43,20,0,0
9311267,4,2,2,2,4,0,0
9705218,13,1,12,36,0,13,49
9612413,18,6,12,38,1,17,37
9305296,4,4,0,0,4,0,0
9608491,49,6,43,333,35,14,19
9801352,14,5,9,25,7,7,11
9712371,12,2,10,30,3,9,17
9612251,44,10,34,87,27,17,37
11363,22,11,11,33,6,16,43
9611432,5,2,3,4,1,4,10
1040,26,5,21,70,4,22,85
9609468,10,3,7,11,6,4,11
9409380,75,26,49,171,59,16,26
9305287,11,6,5,11,11,0,0
9604225,21,8,13,27,2,19,121
9807421,70,8,62,304,1,69,484
9606230,69,7,62,292,12,57,129
9204206,13,9,4,4,13,0,0
9311215,35,3,32,110,4,31,78
9503255,7,6,1,1,0,7,45
9903224,51,4,47,192,1,50,420
9503411,59,4,55,318,19,40,52
9307269,16,7,9,16,16,0,0
9408344,52,8,44,233,43,9,9
9604327,18,4,14,33,9,9,9
9408262,39,10,29,82,5,34,98
9607303,55,15,40,140,8,47,219
9508202,73,8,65,451,53,20,25
9907545,33,6,27,63,1,32,212
9505257,2,1,1,1,0,2,11
9205231,21,6,15,38,21,0,0
9912473,15,2,13,44,0,15,78
9708313,6,2,4,5,1,5,32
9903282,217,53,164,455,60,157,528
9611272,43,4,39,200,19,24,63
9809550,21,7,14,34,1,20,141
9908307,5,2,3,3,1,4,6
9906483,1,1,0,0,1,0,0
9712301,59,28,31,61,11,48,244
106110,10,5,5,5,0,10,65
4074,28,7,21,61,0,28,450
9302265,18,7,11,24,0,18,23
8207,17,1,16,45,1,16,80
9903416,7,1,6,18,0,7,52
9905356,9,5,4,6,9,0,0
206021,16,2,14,51,1,15,51
9809406,44,4,40,320,0,44,251
9207217,52,8,44,159,52,0,0
9409259,1,1,0,0,1,0,0
9611217,22,11,11,25,2,20,118
9508258,82,13,69,247,8,74,147
9811323,103,6,97,792,5,98,452
9803463,8,5,3,4,2,6,20
9905467,11,8,3,4,0,11,32
9310335,2,2,0,0,2,0,0
9806281,5,1,4,5,0,5,23
9607241,14,3,11,28,0,14,58
9609374,21,11,10,24,0,21,108
9504300,10,7,3,3,10,0,0
5151,6,4,2,2,4,2,4
9803484,9,4,5,7,8,1,1
9806315,40,11,29,100,6,34,147
1226,6,3,3,3,2,4,22
9703294,5,2,3,4,0,5,5
9906481,57,7,50,208,5,52,386
9910349,2,2,0,0,1,1,1
9412213,16,6,10,12,16,0,0
9412361,16,8,8,12,9,7,23
9811331,1,1,0,0,0,1,1
9611310,17,7,10,16,10,7,14
9511267,5,3,2,2,0,5,8
9405204,22,1,21,56,22,0,0
9811226,5,5,0,0,0,5,18
9404310,2,1,1,1,2,0,0
9601383,8,3,5,9,5,3,6
9611364,18,5,13,35,0,18,109
9501299,2,2,0,0,0,2,2
9508293,9,8,1,1,0,9,69
7270,14,6,8,14,0,14,97
9911459,52,13,39,189,2,50,434
9509337,19,5,14,25,4,15,43
9209275,9,1,8,22,9,0,0
103067,95,7,88,501,0,95,1088
106084,9,2,7,19,0,9,33
102176,16,2,14,77,1,15,15
9602236,58,19,39,101,37,21,51
9907505,26,6,20,54,1,25,118
108104,25,11,14,24,6,19,41
9903333,11,4,7,13,1,10,105
9205229,18,5,13,35,18,0,0
9910465,21,4,17,43,0,21,49
9907427,10,2,8,19,0,10,38
9904399,29,1,28,101,10,19,38
105080,8,2,6,9,0,8,46
9805242,4,2,2,3,0,4,9
9907352,12,3,9,27,0,12,19
2163,8,3,5,9,0,8,35
9501311,16,8,8,18,7,9,15
9806371,11,9,2,3,0,11,49
5226,6,4,2,2,0,6,15
9405308,19,5,14,72,18,1,2
9404244,16,8,8,17,3,13,15
9503374,5,3,2,4,1,4,6
103138,3,3,0,0,1,2,8
9607370,29,12,17,50,6,23,51
9907520,50,6,44,202,0,50,490
9909255,85,9,76,357,0,85,577
110409,12,7,5,6,1,11,99
104285,19,7,12,20,3,16,209
9908454,16,4,12,18,0,16,127
210130,8,5,3,7,0,8,83
207043,10,5,5,6,0,10,102
9610499,12,5,7,11,1,11,43
9306280,3,3,0,0,1,2,2
107119,47,2,45,492,0,47,137
112054,8,5,3,4,0,8,69
9911252,65,13,52,230,2,63,524
1302,10,7,3,4,0,10,31
9606428,42,11,31,73,23,19,30
10141,4,1,3,6,0,4,17
9904433,30,6,24,69,5,25,240
9909218,17,6,11,21,0,17,370
9506467,27,6,21,42,3,24,56
9501395,32,3,29,102,5,27,65
9812513,19,5,14,38,2,17,60
9909490,2,2,0,0,2,0,0
1128,5,1,4,7,1,4,12
9602395,5,4,1,1,0,5,14
9511227,11,5,6,9,3,8,24
9912467,6,3,3,3,0,6,27
9404284,18,4,14,31,18,0,0
202170,25,4,21,69,1,24,127
6240,15,2,13,32,0,15,62
101145,3,1,2,3,0,3,32
9909476,36,2,34,199,36,0,0
9407246,14,5,9,32,10,4,6
9301233,11,8,3,4,11,0,0
9801233,16,7,9,19,1,15,66
9501314,19,10,9,22,9,10,10
9411365,188,14,174,1530,5,183,692
9411372,38,7,31,135,23,15,29
9603247,34,5,29,124,4,30,75
9609298,10,7,3,4,2,8,34
9708306,18,2,16,76,5,13,13
9410372,12,6,6,8,12,0,0
9703389,20,4,16,36,4,16,33
9511392,17,8,9,14,6,11,49
9909326,18,8,10,17,0,18,88
9807565,48,14,34,97,38,10,22
9606324,29,9,20,59,2,27,462
9910320,26,4,22,79,1,25,284
9208206,21,9,12,33,21,0,0
9909286,10,5,5,6,4,6,8
9905409,12,8,4,6,3,9,46
9810220,7,5,2,2,2,5,18
9606389,6,3,3,4,0,6,28
110277,5,3,2,2,0,5,36
9406329,13,6,7,12,13,0,0
9505416,15,2,13,24,1,14,14
9711350,4,1,3,6,4,0,0
9509258,23,7,16,57,2,21,36
9804284,29,3,26,108,0,29,223
11215,66,29,37,75,13,53,262
4251,6,1,5,10,0,6,58
9507271,59,12,47,160,40,19,35
9710379,21,5,16,31,4,17,86
9802362,24,1,23,82,0,24,54
9806345,19,10,9,15,9,10,38
9402318,16,4,12,30,3,13,17
9306268,14,7,7,12,14,0,0
5044,18,4,14,23,3,15,59
9808479,19,6,13,23,1,18,85
9504247,17,10,7,12,1,16,25
9612372,4,1,3,3,4,0,0
9501289,6,4,2,3,2,4,4
9607318,3,2,1,1,0,3,12
9609439,6,2,4,13,0,6,15
9707488,27,5,22,61,4,23,99
9707305,9,3,6,12,0,9,44
9609405,3,3,0,0,1,2,4
9804419,11,9,2,2,0,11,34
9602272,30,2,28,107,1,29,132
9307210,17,6,11,20,16,1,1
9406270,5,4,1,2,1,4,10
9411293,12,2,10,20,10,2,4
9505254,5,3,2,2,3,2,2
9708325,2,1,1,1,0,2,15
9909540,21,6,15,47,2,19,184
9907372,19,2,17,65,5,14,52
9612245,31,3,28,121,0,31,135
9908489,4,4,0,0,0,4,13
7355,38,11,27,80,1,37,143
9706551,10,1,9,17,1,9,15
9612428,14,4,10,23,5,9,20
9612282,7,3,4,6,0,7,51
9507215,9,4,5,14,7,2,2
9082,3,1,2,2,1,2,8
5182,2,2,0,0,0,2,5
1249,23,4,19,94,1,22,109
9312349,70,11,59,252,12,58,58
9811262,3,1,2,3,0,3,6
110203,7,1,6,11,0,7,52
9202,5,4,1,1,2,3,6
5093,6,5,1,1,0,6,71
9801223,17,6,11,36,7,10,11
2050,20,5,15,58,1,19,235
9505440,5,4,1,1,1,4,10
9803433,24,7,17,98,1,23,170
9305223,19,6,13,50,19,0,0
9502416,12,6,6,12,7,5,5
9602351,60,8,52,263,13,47,157
9611434,15,4,11,16,0,15,43
9701359,2,2,0,0,0,2,5
9312266,12,8,4,7,0,12,18
9907368,8,4,4,9,1,7,18
9303215,24,9,15,25,24,0,0
101194,8,4,4,7,1,7,24
9301222,16,9,7,11,16,0,0
9710234,36,6,30,96,10,26,118
9603422,14,7,7,8,1,13,32
9801293,7,2,5,13,7,0,0
102316,8,2,6,14,1,7,37
9311288,14,2,12,31,1,13,13
106255,6,4,2,2,1,5,23
9812230,10,2,8,21,1,9,16
9511287,3,2,1,1,3,0,0
109056,21,9,12,20,2,19,125
108227,8,2,6,8,0,8,81
9809337,54,17,37,98,7,47,193
9608392,14,8,6,9,0,14,162
9906307,5,4,1,1,2,3,24
12097,16,6,10,23,0,16,72
9608270,27,1,26,157,2,25,27
9612279,20,8,12,13,5,15,29
9503431,10,4,6,12,3,7,11
9808376,3,3,0,0,0,3,12
9509272,5,2,3,4,2,3,6
9806203,3,1,2,3,0,3,19
9510276,2,1,1,1,2,0,0
9806525,3,1,2,2,0,3,5
9805436,6,1,5,7,0,6,34
9507283,13,3,10,17,7,6,10
9605233,9,6,3,3,0,9,31
9908439,2,2,0,0,1,1,2
108197,8,5,3,4,0,8,42
9604221,3,3,0,0,1,2,2
9806530,17,5,12,17,1,16,70
9909496,9,5,4,7,0,9,37
9703414,9,6,3,3,1,8,22
7093,5,5,0,0,0,5,12
9411243,8,8,0,0,4,4,4
105029,20,11,9,17,4,16,96
9502407,2,2,0,0,2,0,0
9712478,11,5,6,14,1,10,81
9801340,1,1,0,0,0,1,1
9906365,4,1,3,3,0,4,20
9306210,7,6,1,1,7,0,0
10193,14,5,9,13,1,13,32
9903517,12,6,6,9,1,11,38
1273,9,4,5,8,4,5,20
9804302,7,7,0,0,2,5,11
9803493,9,5,4,14,2,7,21
3059,0,0,0,0,0,0,0
9612365,1,1,0,0,0,1,2
8268,6,3,3,4,0,6,64
104225,8,4,4,7,0,8,185
9511439,3,3,0,0,3,0,0
9705217,0,0,0,0,0,0,0
9212271,37,4,33,132,1,36,36
9608418,1,1,0,0,0,1,2
9409273,3,2,1,1,3,0,0
9603203,3,1,2,2,0,3,5
9910466,9,4,5,6,0,9,130
9501275,8,4,4,7,8,0,0
9307285,20,9,11,32,20,0,0
9501227,4,2,2,3,4,0,0
9211238,4,1,3,5,4,0,0
103110,12,7,5,8,1,11,43
2268,24,9,15,33,1,23,134
9605439,42,2,40,162,16,26,29
9903354,35,14,21,48,1,34,192
204288,11,7,4,5,0,11,63
210007,3,3,0,0,0,3,22
105297,19,8,11,38,3,16,55
9812499,21,5,16,43,2,19,59
9607288,2,2,0,0,1,1,2
205067,16,5,11,28,0,16,112
202233,24,12,12,28,5,19,72
9410236,11,4,7,9,2,9,26
9701419,21,6,15,65,1,20,44
112287,10,5,5,8,0,10,96
105140,0,0,0,0,0,0,0
111418,22,6,16,76,1,21,128
9402289,7,3,4,5,4,3,4
9611361,9,1,8,18,9,0,0
204040,5,2,3,3,0,5,66
9405273,26,3,23,102,9,17,17
9710514,4,2,2,3,3,1,2
9712497,15,3,12,23,1,14,79
107064,9,3,6,10,0,9,39
101099,10,4,6,11,1,9,98
9512374,7,3,4,5,0,7,30
9905543,15,2,13,29,0,15,78
9806291,8,7,1,1,5,3,27
9908481,6,6,0,0,0,6,16
102317,10,4,6,9,2,8,66
9606292,3,3,0,0,1,2,18
9611321,4,3,1,1,0,4,36
9608444,3,2,1,1,1,2,9
9702416,5,4,1,1,1,4,9
209187,26,15,11,13,1,25,99
9610218,6,3,3,7,0,6,18
9611258,5,3,2,3,0,5,18
1057,5,3,2,3,3,2,4
9712253,8,3,5,8,0,8,29
10332,5,3,2,3,0,5,15
202171,3,2,1,2,3,0,0
9912503,36,2,34,314,1,35,99
9304288,2,1,1,1,2,0,0
9312307,2,2,0,0,0,2,3
9909318,13,2,11,18,0,13,100
9912255,1,1,0,0,0,1,1
109167,3,3,0,0,0,3,16
9506388,7,1,6,11,7,0,0
103306,2,1,1,1,0,2,10
201131,7,3,4,6,0,7,61
107211,3,3,0,0,0,3,16
4248,4,1,3,3,0,4,15
9506478,4,3,1,1,2,2,2
9707280,2,2,0,0,0,2,10
9702236,3,2,1,1,2,1,1
6091,3,1,2,3,0,3,13
9911456,8,2,6,14,0,8,65
4012,1,1,0,0,0,1,10
9705223,12,4,8,18,0,12,48
9910399,12,2,10,30,1,11,64
4094,6,4,2,2,0,6,19
9902337,14,6,8,21,1,13,30
101344,3,3,0,0,0,3,34
9512228,2,2,0,0,0,2,7
9701277,8,2,6,12,0,8,82
206150,2,1,1,1,0,2,2
9810480,6,4,2,3,0,6,24
9711342,5,1,4,8,0,5,30
9804263,5,2,3,4,0,5,16
9507292,1,1,0,0,1,0,0
9704291,5,4,1,1,0,5,22
9808465,1,1,0,0,0,1,1
9410398,9,5,4,8,5,4,8
9608263,9,2,7,13,3,6,15
9405247,0,0,0,0,0,0,0
9708295,2,2,0,0,0,2,4
9508259,35,2,33,110,0,35,65
102281,9,7,2,2,1,8,27
9602379,1,1,0,0,0,1,3
9710461,3,2,1,1,2,1,1
6165,2,2,0,0,0,2,11
9811454,5,4,1,1,1,4,35
10325,17,7,10,13,0,17,219
9912304,1,1,0,0,0,1,3
9310290,1,1,0,0,0,1,1
9711365,10,4,6,11,0,10,83
9810527,0,0,0,0,0,0,0
102022,6,3,3,5,0,6,21
101136,17,7,10,21,2,15,35
9712354,2,1,1,1,2,0,0
10275,2,2,0,0,0,2,8
9802388,5,4,1,1,1,4,19
9903335,3,3,0,0,0,3,19
9210271,3,1,2,2,3,0,0
9803407,10,2,8,13,0,10,86
9408307,4,4,0,0,4,0,0
9504321,2,2,0,0,0,2,8
9706400,5,5,0,0,0,5,18
9805419,7,4,3,6,1,6,12
10112,2,1,1,1,0,2,8
9710503,1,1,0,0,0,1,1
9405231,2,1,1,1,2,0,0
2004,14,5,9,23,0,14,104
9912212,9,4,5,7,0,9,67
208241,5,1,4,4,0,5,21
9801439,6,4,2,3,1,5,11
8181,4,1,3,4,0,4,22
9903439,17,10,7,9,2,15,78
9512443,0,0,0,0,0,0,0
11006,1,1,0,0,0,1,10
102125,7,4,3,6,0,7,65
9711249,9,4,5,10,2,7,13
9607345,2,1,1,1,1,1,2
6121,5,1,4,8,1,4,13
9806496,10,3,7,20,2,8,28
9908470,1,1,0,0,0,1,4
9805331,2,1,1,1,0,2,4
5250,10,5,5,6,1,9,34
9905412,11,2,9,18,2,9,35
9907573,2,2,0,0,1,1,1
109103,4,1,3,3,0,4,28
9905439,13,5,8,10,2,11,44
9602343,29,3,26,60,1,28,130
207140,0,0,0,0,0,0,0
9604369,4,4,0,0,2,2,2
9706277,8,3,5,7,0,8,33
9710544,11,3,8,20,11,0,0
9701321,4,2,2,3,0,4,12
9803362,5,5,0,0,1,4,9
9309331,4,4,0,0,2,2,3
9091,11,4,7,13,0,11,74
112297,7,3,4,5,0,7,57
9903396,15,6,9,20,6,9,36
9903364,16,1,15,68,3,13,29
9312360,5,3,2,3,4,1,1
204180,3,2,1,1,0,3,22
209017,1,1,0,0,0,1,3
204236,6,5,1,1,1,5,24
208162,1,1,0,0,0,1,25
9806284,7,3,4,8,2,5,8
9812333,12,5,7,16,1,11,18
9712419,6,5,1,1,1,5,15
9408394,3,1,2,2,0,3,5
9407236,2,1,1,1,2,0,0
210291,5,5,0,0,0,5,71
209116,3,3,0,0,2,1,1
9902400,4,2,2,3,3,1,2
9409214,1,1,0,0,0,1,1
109272,8,4,4,4,0,8,21
103163,17,5,12,30,0,17,72
9903296,1,1,0,0,1,0,0
9706357,3,2,1,1,0,3,18
106248,8,3,5,8,0,8,154
9412353,4,2,2,2,0,4,9
206118,1,1,0,0,0,1,4
103094,4,2,2,3,2,2,6
210372,1,1,0,0,0,1,4
9610403,4,2,2,2,0,4,12
9809520,4,3,1,1,2,2,4
202087,5,2,3,3,0,5,29
9912517,2,2,0,0,0,2,4
207372,0,0,0,0,0,0,0
9403246,11,1,10,21,11,0,0
10227,6,2,4,5,0,6,29
9606377,8,2,6,13,0,8,25
101068,2,2,0,0,0,2,21
9811254,0,0,0,0,0,0,0
101026,0,0,0,0,0,0,0
9905326,6,4,2,2,3,3,4
9810237,3,3,0,0,3,0,0
9808231,4,2,2,3,0,4,7
12309,1,1,0,0,0,1,4
9809558,3,2,1,1,0,3,3
9807426,18,2,16,81,0,18,49
203270,15,2,13,32,0,15,132
107158,2,2,0,0,0,2,9
9905405,3,2,1,1,0,3,6
9707449,4,2,2,2,0,4,36
9510213,13,5,8,23,1,12,22
9508263,10,6,4,4,0,10,21
9906247,6,2,4,7,3,3,4
7137,4,3,1,1,0,4,49
9906424,21,3,18,85,0,21,124
9906289,2,2,0,0,1,1,9
9803379,1,1,0,0,1,0,0
112312,0,0,0,0,0,0,0
9704276,11,4,7,13,1,10,72
9802305,1,1,0,0,0,1,4
9905379,4,2,2,3,0,4,17
108212,0,0,0,0,0,0,0
12244,4,2,2,2,0,4,33
9303224,5,2,3,7,5,0,0
9803336,3,3,0,0,1,2,4
9510266,6,6,0,0,6,0,0
105260,13,5,8,18,0,13,127
9013,2,1,1,1,0,2,17
9909423,11,2,9,24,0,11,65
9706345,1,1,0,0,1,0,0
7352,3,1,2,3,0,3,8
9310327,8,8,0,0,1,7,7
5306,6,4,2,2,0,6,41
9807239,4,2,2,2,0,4,6
9701375,14,2,12,23,1,13,36
9707539,2,1,1,1,0,2,2
207211,4,2,2,3,0,4,20
9709231,14,5,9,20,6,8,21
203128,3,3,0,0,0,3,20
9612429,2,2,0,0,0,2,12
9701317,0,0,0,0,0,0,0
9401333,1,1,0,0,0,1,1
9605335,7,3,4,11,0,7,11
9812334,4,2,2,2,0,4,5
203030,6,2,4,5,0,6,108
11258,2,2,0,0,1,1,7
9507217,1,1,0,0,0,1,1
9612456,8,3,5,11,1,7,7
9906246,0,0,0,0,0,0,0
11365,11,5,6,9,1,10,39
204187,4,4,0,0,1,3,9
9803321,1,1,0,0,0,1,4
203067,3,2,1,1,0,3,41
206135,10,3,7,12,0,10,43
205287,4,4,0,0,0,4,44
211021,3,1,2,2,0,3,68
9805318,17,5,12,29,5,12,118
9409383,1,1,0,0,1,0,0
8252,3,1,2,3,0,3,5
9703247,5,2,3,4,2,3,3
11004,1,1,0,0,0,1,5
9503403,5,5,0,0,5,0,0
110221,9,4,5,5,0,9,94
1180,3,2,1,1,2,1,8
201006,9,5,4,6,2,7,31
9412229,1,1,0,0,0,1,3
9901423,1,1,0,0,0,1,2
9908291,3,2,1,1,0,3,7
9904459,4,3,1,1,1,3,14
9606459,3,3,0,0,0,3,5
9410394,3,1,2,3,3,0,0
106251,4,2,2,2,0,4,15
210045,1,1,0,0,0,1,7
110374,4,1,3,5,4,0,0
6291,1,1,0,0,1,0,0
202194,10,1,9,25,10,0,0
103101,5,4,1,1,4,1,3
9507251,5,4,1,1,0,5,16
9505325,3,2,1,1,1,2,4
9903368,1,1,0,0,0,1,1
11228,4,4,0,0,2,2,4
9401326,3,3,0,0,2,1,1
204354,1,1,0,0,0,1,2
9707366,4,4,0,0,0,4,12
9503468,2,2,0,0,2,0,0
9702285,6,5,1,1,3,3,3
9905529,3,3,0,0,0,3,9
7013,1,1,0,0,0,1,7
9611466,1,1,0,0,1,0,0
9906442,7,1,6,10,0,7,16
9411387,7,5,2,3,5,2,2
9507316,2,2,0,0,1,1,1
202112,4,1,3,5,0,4,27
112104,8,3,5,9,0,8,28
9609392,2,2,0,0,1,1,2
9706503,2,2,0,0,2,0,0
9710534,2,2,0,0,0,2,4
301242,0,0,0,0,0,0,0
9603255,3,1,2,3,3,0,0
9803376,4,1,3,4,1,3,3
106213,1,1,0,0,0,1,3
9709504,1,1,0,0,1,0,0
204115,22,8,14,25,1,21,153
9910531,5,3,2,2,0,5,9
9408323,3,3,0,0,0,3,3
101128,5,4,1,1,0,5,26
9605284,0,0,0,0,0,0,0
9702203,2,2,0,0,0,2,4
9709403,1,1,0,0,0,1,1
9708440,3,2,1,2,1,2,2
9610469,0,0,0,0,0,0,0
9206243,1,1,0,0,1,0,0
9508248,5,4,1,3,1,4,4
9911225,3,2,1,1,0,3,15
107230,3,2,1,1,0,3,12
9404347,4,3,1,1,4,0,0
208136,4,4,0,0,0,4,37
9710405,1,1,0,0,1,0,0
206036,1,1,0,0,0,1,3
9911399,3,3,0,0,2,1,1
103233,7,4,3,3,2,5,5
9805385,2,2,0,0,0,2,4
9809476,2,2,0,0,0,2,3
112353,0,0,0,0,0,0,0
101011,3,1,2,2,0,3,7
9511366,1,1,0,0,1,0,0
210425,0,0,0,0,0,0,0
9604403,12,6,6,10,5,7,10
9906502,9,2,7,20,0,9,49
9812450,3,3,0,0,2,1,1
9205241,1,1,0,0,1,0,0
9211213,2,2,0,0,2,0,0
9403286,5,1,4,6,5,0,0
9302205,0,0,0,0,0,0,0
9611300,4,3,1,2,0,4,11
9711449,2,2,0,0,2,0,0
3077,3,2,1,1,0,3,3
9905318,8,5,3,3,2,6,6
9908528,11,3,8,21,0,11,91
205276,2,2,0,0,0,2,15
9610409,10,4,6,12,10,0,0
9908338,5,3,2,3,5,0,0
9904511,1,1,0,0,1,0,0
9347,0,0,0,0,0,0,0
9512372,1,1,0,0,0,1,5
9410255,1,1,0,0,1,0,0
9811368,1,1,0,0,0,1,3
102279,11,4,7,13,0,11,127
210242,0,0,0,0,0,0,0
9801245,6,3,3,5,1,5,9
9911518,1,1,0,0,0,1,17
101006,2,2,0,0,0,2,4
7075,2,2,0,0,1,1,4
203071,0,0,0,0,0,0,0
9910331,1,1,0,0,0,1,2
5014,5,2,3,5,0,5,9
101206,1,1,0,0,0,1,2
9705393,2,1,1,1,2,0,0
107086,8,6,2,2,0,8,43
9303254,1,1,0,0,1,0,0
6215,4,4,0,0,2,2,11
3109,4,3,1,1,1,3,10
301128,0,0,0,0,0,0,0
105148,5,3,2,2,0,5,39
9707424,4,2,2,3,2,2,3
9501226,0,0,0,0,0,0,0
9710363,3,2,1,1,0,3,5
201275,2,2,0,0,1,1,2
9806431,8,5,3,4,0,8,18
107226,2,1,1,1,1,1,2
9610547,5,3,2,2,1,4,4
9803486,7,7,0,0,7,0,0
209085,3,2,1,1,0,3,28
9211201,1,1,0,0,1,0,0
9608432,1,1,0,0,0,1,4
209010,9,1,8,11,0,9,51
9305338,5,2,3,4,5,0,0
111026,15,5,10,16,2,13,227
201128,5,4,1,1,0,5,42
204278,4,3,1,1,1,3,13
9610273,0,0,0,0,0,0,0
8114,8,4,4,9,0,8,40
12223,3,2,1,1,0,3,14
109092,4,2,2,3,0,4,22
108083,0,0,0,0,0,0,0
9711491,0,0,0,0,0,0,0
6167,2,1,1,1,2,0,0
9905563,1,1,0,0,1,0,0
9611427,0,0,0,0,0,0,0
9703296,1,1,0,0,0,1,1
9708414,1,1,0,0,1,0,0
105303,2,2,0,0,0,2,7
9809318,2,2,0,0,2,0,0
207009,2,1,1,1,0,2,8
9901451,2,2,0,0,0,2,8
9710327,6,5,1,1,0,6,42
9810314,0,0,0,0,0,0,0
9811223,0,0,0,0,0,0,0
1209,1,1,0,0,0,1,3
9704216,4,1,3,6,0,4,7
106024,5,2,3,5,0,5,54
9507435,0,0,0,0,0,0,0
9712261,4,4,0,0,1,3,3
112199,6,3,3,3,0,6,74
12359,1,1,0,0,1,0,0
9602253,7,4,3,4,1,6,16
205143,10,6,4,4,1,9,91
9807343,3,3,0,0,3,0,0
203183,3,3,0,0,0,3,13
9705231,2,2,0,0,1,1,3
9902422,1,1,0,0,0,1,2
210016,0,0,0,0,0,0,0
102018,0,0,0,0,0,0,0
9506376,1,1,0,0,0,1,2
9501346,3,1,2,2,3,0,0
9903391,0,0,0,0,0,0,0
212406,1,1,0,0,0,1,8
9807419,0,0,0,0,0,0,0
9405300,4,2,2,3,4,0,0
9809387,1,1,0,0,0,1,3
201217,5,3,2,4,0,5,16
101211,4,2,2,2,3,1,1
9907440,0,0,0,0,0,0,0
101095,1,1,0,0,0,1,3
7084,2,1,1,1,2,0,0
9710530,1,1,0,0,0,1,6
9412297,1,1,0,0,0,1,2
9902425,0,0,0,0,0,0,0
9701382,0,0,0,0,0,0,0
107120,0,0,0,0,0,0,0
9092,1,1,0,0,0,1,8
6177,3,3,0,0,0,3,16
9610486,2,1,1,1,0,2,2
106305,1,1,0,0,0,1,4
9901448,2,1,1,1,0,2,7
211096,2,2,0,0,0,2,5
9607313,2,2,0,0,1,1,1
9307212,2,2,0,0,2,0,0
206140,3,2,1,1,0,3,57
9806215,2,1,1,1,0,2,2
205298,0,0,0,0,0,0,0
9711305,3,3,0,0,0,3,14
9411226,5,4,1,2,5,0,0
111383,1,1,0,0,1,0,0
9901300,1,1,0,0,0,1,1
201295,0,0,0,0,0,0,0
9709207,3,1,2,3,0,3,15
9811336,2,1,1,1,0,2,2
9609528,0,0,0,0,0,0,0
9709488,1,1,0,0,0,1,5
9501396,1,1,0,0,1,0,0
209074,4,2,2,2,0,4,60
101077,1,1,0,0,0,1,3
9709321,0,0,0,0,0,0,0
9912485,2,2,0,0,0,2,4
9810545,3,3,0,0,1,2,6
9512279,1,1,0,0,1,0,0
9708274,3,1,2,2,1,2,5
102314,0,0,0,0,0,0,0
11198,1,1,0,0,0,1,1
109005,3,2,1,1,0,3,10
112341,1,1,0,0,0,1,6
202073,2,2,0,0,0,2,7
211363,1,1,0,0,0,1,25
9808271,1,1,0,0,0,1,1
104082,2,1,1,1,0,2,7
9805501,1,1,0,0,1,0,0
9912487,2,1,1,1,2,0,0
209230,1,1,0,0,0,1,7
9608445,0,0,0,0,0,0,0
9701290,1,1,0,0,0,1,1
9702401,3,3,0,0,2,1,2
211051,0,0,0,0,0,0,0
111279,0,0,0,0,0,0,0
9901282,0,0,0,0,0,0,0
206157,3,3,0,0,0,3,4
9802309,0,0,0,0,0,0,0
109171,1,1,0,0,0,1,4
3036,1,1,0,0,0,1,3
212232,0,0,0,0,0,0,0
204220,0,0,0,0,0,0,0
9707391,1,1,0,0,1,0,0
9708361,2,2,0,0,0,2,6
9703306,0,0,0,0,0,0,0
9274,1,1,0,0,0,1,5
301262,1,1,0,0,0,1,12
205301,1,1,0,0,0,1,4
6283,1,1,0,0,0,1,7
106194,2,2,0,0,0,2,15
107177,3,3,0,0,1,2,2
2203,4,4,0,0,1,3,13
104175,3,3,0,0,2,1,4
9903367,2,1,1,1,0,2,8
9905301,1,1,0,0,0,1,3
11267,0,0,0,0,0,0,0
8030,1,1,0,0,0,1,3
9901291,0,0,0,0,0,0,0
103301,0,0,0,0,0,0,0
9803234,0,0,0,0,0,0,0
9903493,4,3,1,1,1,3,15
107065,2,1,1,1,0,2,10
9912247,2,1,1,1,0,2,2
201092,2,2,0,0,1,1,2
9805466,0,0,0,0,0,0,0
302266,0,0,0,0,0,0,0
105031,0,0,0,0,0,0,0
301095,1,1,0,0,0,1,10
302185,0,0,0,0,0,0,0
101184,1,1,0,0,1,0,0
11385,3,1,2,2,0,3,15
107132,3,1,2,3,0,3,28
9712480,0,0,0,0,0,0,0
9901421,0,0,0,0,0,0,0
9712227,1,1,0,0,0,1,5
9811341,1,1,0,0,0,1,5
210185,0,0,0,0,0,0,0
9411221,1,1,0,0,0,1,1
9310251,0,0,0,0,0,0,0
208015,1,1,0,0,0,1,2
204235,0,0,0,0,0,0,0
9309222,1,1,0,0,1,0,0
3322,2,2,0,0,1,1,6
101282,0,0,0,0,0,0,0
9209265,1,1,0,0,1,0,0
205155,1,1,0,0,0,1,4
102049,1,1,0,0,0,1,6
203217,0,0,0,0,0,0,0
110233,0,0,0,0,0,0,0
301028,1,1,0,0,0,1,4
9805363,3,2,1,1,0,3,12
9705213,1,1,0,0,1,0,0
103026,0,0,0,0,0,0,0
211114,0,0,0,0,0,0,0
5287,1,1,0,0,0,1,3
212157,0,0,0,0,0,0,0
10272,0,0,0,0,0,0,0
9504240,0,0,0,0,0,0,0
9507350,3,1,2,2,0,3,16
8192,1,1,0,0,0,1,11
203194,2,1,1,1,2,0,0
9710498,0,0,0,0,0,0,0
111211,4,3,1,1,1,3,5
9807518,3,1,2,3,1,2,2
9609205,0,0,0,0,0,0,0
9910475,1,1,0,0,1,0,0
209034,0,0,0,0,0,0,0
9811398,1,1,0,0,1,0,0
206182,2,1,1,1,0,2,13
104248,1,1,0,0,0,1,2
9409368,0,0,0,0,0,0,0
9410275,1,1,0,0,0,1,1
208274,0,0,0,0,0,0,0
9606374,1,1,0,0,0,1,3
9912244,0,0,0,0,0,0,0
12228,0,0,0,0,0,0,0
106341,1,1,0,0,0,1,1
9510450,1,1,0,0,0,1,1
9410373,1,1,0,0,1,0,0
9909468,0,0,0,0,0,0,0
205157,1,1,0,0,0,1,17
9501354,0,0,0,0,0,0,0
110279,3,2,1,1,1,2,6
110305,0,0,0,0,0,0,0
9311295,0,0,0,0,0,0,0
9608456,0,0,0,0,0,0,0
205114,0,0,0,0,0,0,0
9809595,0,0,0,0,0,0,0
111429,0,0,0,0,0,0,0
9710496,0,0,0,0,0,0,0
9807208,0,0,0,0,0,0,0
9812500,0,0,0,0,0,0,0
9908354,0,0,0,0,0,0,0
9503471,1,1,0,0,0,1,2
212371,0,0,0,0,0,0,0
212410,0,0,0,0,0,0,0
206224,0,0,0,0,0,0,0
202248,2,1,1,1,0,2,31
102008,1,1,0,0,0,1,1
11328,1,1,0,0,1,0,0
9905384,0,0,0,0,0,0,0
9603246,1,1,0,0,0,1,1
9709512,1,1,0,0,0,1,3
101284,1,1,0,0,0,1,1
9706396,0,0,0,0,0,0,0
5091,1,1,0,0,0,1,4
211335,3,2,1,1,2,1,6
9505365,0,0,0,0,0,0,0
9807252,3,2,1,2,3,0,0
9706286,2,1,1,1,1,1,1
10021,1,1,0,0,0,1,3
211139,0,0,0,0,0,0,0
105035,0,0,0,0,0,0,0
210393,1,1,0,0,0,1,1
9803278,0,0,0,0,0,0,0
104202,0,0,0,0,0,0,0
11320,3,2,1,1,0,3,14
207073,0,0,0,0,0,0,0
9510320,0,0,0,0,0,0,0
301201,3,3,0,0,0,3,13
208100,0,0,0,0,0,0,0
9611403,1,1,0,0,0,1,1
104233,0,0,0,0,0,0,0
302219,0,0,0,0,0,0,0
9511353,0,0,0,0,0,0,0
209227,0,0,0,0,0,0,0
9912536,0,0,0,0,0,0,0
1016,0,0,0,0,0,0,0
212164,0,0,0,0,0,0,0
211405,0,0,0,0,0,0,0
9911401,0,0,0,0,0,0,0
210213,1,1,0,0,1,0,0
9901391,2,2,0,0,1,1,2
206232,1,1,0,0,0,1,9
9911236,0,0,0,0,0,0,0
9407387,0,0,0,0,0,0,0
211346,0,0,0,0,0,0,0
9901287,0,0,0,0,0,0,0
9811499,1,1,0,0,0,1,4
9708493,0,0,0,0,0,0,0
211269,0,0,0,0,0,0,0
9212247,1,1,0,0,1,0,0
104032,1,1,0,0,0,1,5
9907284,0,0,0,0,0,0,0
9604356,0,0,0,0,0,0,0
9706226,0,0,0,0,0,0,0
9411369,0,0,0,0,0,0,0
206091,0,0,0,0,0,0,0
102088,0,0,0,0,0,0,0
9905315,0,0,0,0,0,0,0
9901274,1,1,0,0,0,1,1
209119,0,0,0,0,0,0,0
9708278,0,0,0,0,0,0,0
9901311,0,0,0,0,0,0,0
105076,1,1,0,0,0,1,7
9812468,0,0,0,0,0,0,0
111238,0,0,0,0,0,0,0
9809236,0,0,0,0,0,0,0
9310214,0,0,0,0,0,0,0
202183,0,0,0,0,0,0,0
101222,0,0,0,0,0,0,0
9903317,1,1,0,0,0,1,3
9908472,0,0,0,0,0,0,0
9901284,0,0,0,0,0,0,0
210424,0,0,0,0,0,0,0
201149,1,1,0,0,0,1,3
11315,0,0,0,0,0,0,0
301228,0,0,0,0,0,0,0
203241,0,0,0,0,0,0,0
9810422,0,0,0,0,0,0,0
210051,0,0,0,0,0,0,0
8244,0,0,0,0,0,0,0
302258,0,0,0,0,0,0,0
9710412,0,0,0,0,0,0,0
9908215,0,0,0,0,0,0,0
302061,0,0,0,0,0,0,0
9168,0,0,0,0,0,0,0
9402338,0,0,0,0,0,0,0
9406314,0,0,0,0,0,0,0
210254,0,0,0,0,0,0,0
203005,0,0,0,0,0,0,0
9909457,0,0,0,0,0,0,0
207152,0,0,0,0,0,0,0
9507408,0,0,0,0,0,0,0
103283,0,0,0,0,0,0,0
110086,0,0,0,0,0,0,0
103232,0,0,0,0,0,0,0
9603299,0,0,0,0,0,0,0
210137,1,1,0,0,0,1,5
9808208,1,1,0,0,0,1,4
9912454,2,1,1,1,2,0,0
9612395,0,0,0,0,0,0,0
9501322,0,0,0,0,0,0,0
202224,0,0,0,0,0,0,0
12104,1,1,0,0,0,1,1
210248,0,0,0,0,0,0,0
111248,0,0,0,0,0,0,0
9906217,0,0,0,0,0,0,0
9908405,0,0,0,0,0,0,0
302065,0,0,0,0,0,0,0
204143,0,0,0,0,0,0,0
210120,0,0,0,0,0,0,0
111293,0,0,0,0,0,0,0
9807471,0,0,0,0,0,0,0
108007,0,0,0,0,0,0,0
6243,0,0,0,0,0,0,0
3037,1,1,0,0,0,1,5
9706499,0,0,0,0,0,0,0
9709378,0,0,0,0,0,0,0
9811385,0,0,0,0,0,0,0
11101,0,0,0,0,0,0,0
9708462,0,0,0,0,0,0,0
9907244,0,0,0,0,0,0,0
9507458,0,0,0,0,0,0,0
210283,2,1,1,1,0,2,38
9607257,2,1,1,1,0,2,4
9512255,0,0,0,0,0,0,0
102340,0,0,0,0,0,0,0
112220,1,1,0,0,0,1,5
106122,0,0,0,0,0,0,0
9911301,1,1,0,0,0,1,3
9401223,0,0,0,0,0,0,0
209086,0,0,0,0,0,0,0
12093,0,0,0,0,0,0,0
210064,0,0,0,0,0,0,0
9711471,0,0,0,0,0,0,0
208179,0,0,0,0,0,0,0
9405219,0,0,0,0,0,0,0
2107,0,0,0,0,0,0,0
9408268,0,0,0,0,0,0,0
9704356,0,0,0,0,0,0,0
9611252,0,0,0,0,0,0,0
9605374,0,0,0,0,0,0,0
206107,0,0,0,0,0,0,0
9704289,0,0,0,0,0,0,0
9604408,0,0,0,0,0,0,0
106092,0,0,0,0,0,0,0
9510335,0,0,0,0,0,0,0
9711502,0,0,0,0,0,0,0
9507203,0,0,0,0,0,0,0
11325,0,0,0,0,0,0,0
208124,1,1,0,0,0,1,16
301225,0,0,0,0,0,0,0
12380,0,0,0,0,0,0,0
301175,0,0,0,0,0,0,0
5002,0,0,0,0,0,0,0
208051,0,0,0,0,0,0,0
204053,0,0,0,0,0,0,0
9325,0,0,0,0,0,0,0
210344,0,0,0,0,0,0,0
11113,0,0,0,0,0,0,0
9511303,0,0,0,0,0,0,0
11125,0,0,0,0,0,0,0
9504386,0,0,0,0,0,0,0
9906414,0,0,0,0,0,0,0
112053,0,0,0,0,0,0,0
9805437,0,0,0,0,0,0,0
9808337,0,0,0,0,0,0,0
11169,0,0,0,0,0,0,0
9402355,0,0,0,0,0,0,0
10216,0,0,0,0,0,0,0
302208,0,0,0,0,0,0,0
204241,0,0,0,0,0,0,0
301250,0,0,0,0,0,0,0
9706487,17,4,13,38,1,16,27
9211321,160,19,141,1097,160,0,0
9210,2,2,0,0,0,2,9
9808493,106,6,100,773,8,98,608
9308349,109,9,100,1104,90,19,19
9409437,50,4,46,275,10,40,147
101259,4,2,2,4,0,4,49
9405283,2,1,1,1,2,0,0
9603261,60,4,56,208,15,45,103
9804254,36,10,26,129,1,35,140
211047,3,1,2,2,0,3,12
9508338,17,3,14,22,6,11,17
9301281,41,16,25,56,41,0,0
205270,9,5,4,4,0,9,88
7160,5,2,3,3,1,4,14
9412214,17,10,7,10,2,15,41
9611397,37,15,22,63,11,26,84
9801236,1,1,0,0,0,1,1
9906268,17,5,12,36,1,16,91
9903289,15,5,10,20,5,10,25
9304269,6,2,4,5,6,0,0
9610446,11,4,7,17,0,11,39
9908330,22,5,17,44,1,21,54
7335,13,5,8,14,0,13,59
12109,9,3,6,15,2,7,12
9907238,29,6,23,65,7,22,87
102083,4,3,1,1,0,4,20
9602415,64,20,44,96,16,48,82
9804290,70,6,64,257,3,67,163
9503268,4,1,3,3,0,4,7
9603374,78,9,69,346,30,48,94
9606391,7,3,4,6,2,5,5
9302210,216,41,175,1257,111,105,231
9310297,36,4,32,154,32,4,5
9403345,14,8,6,13,7,7,7
2108,116,10,106,778,16,100,531
9712488,43,2,41,218,24,19,27
9811390,132,10,122,1110,26,106,304
9503430,18,8,10,21,15,3,4
9906244,42,20,22,39,13,29,76
9602333,24,5,19,56,5,19,68
9811363,32,9,23,59,8,24,134
9909518,4,3,1,1,2,2,2
9505353,26,4,22,73,11,15,26
9505281,27,6,21,66,19,8,14
9611277,34,1,33,144,11,23,77
9812222,10,2,8,13,10,0,0
9406351,18,4,14,30,13,5,5
9509306,1,1,0,0,1,0,0
9709373,7,1,6,19,7,0,0
9211293,11,4,7,16,11,0,0
9338,4,2,2,3,0,4,20
9801409,9,2,7,14,0,9,25
9504244,9,3,6,15,3,6,10
9303275,16,7,9,15,16,0,0
9601390,13,6,7,14,2,11,57
9807307,7,4,3,4,0,7,23
9209205,293,58,235,879,293,0,0
9306309,169,28,141,665,100,69,99
9709395,72,11,61,214,6,66,261
9505347,23,9,14,21,2,21,72
9803308,17,6,11,18,2,15,73
9703444,24,2,22,65,7,17,50
9707458,16,8,8,14,0,16,184
105011,24,7,17,26,0,24,355
9505369,46,4,42,208,2,44,128
9910237,38,5,33,192,1,37,252
105246,6,4,2,2,0,6,40
2234,53,7,46,262,0,53,634
111406,1,1,0,0,1,0,0
9604339,20,11,9,21,2,18,97
9701341,41,2,39,189,0,41,420
9708264,17,8,9,11,0,17,102
9707259,62,7,55,186,3,59,243
9607481,9,5,4,9,4,5,5
104126,36,8,28,65,0,36,244
109101,3,3,0,0,0,3,13
2216,32,8,24,73,0,32,204
9911390,14,4,10,30,0,14,143
9205221,74,16,58,219,74,0,0
102310,6,2,4,7,0,6,61
108226,3,2,1,1,0,3,16
9901389,83,1,82,750,0,83,375
9303309,88,12,76,541,88,0,0
9509413,24,2,22,47,8,16,16
9506289,58,2,56,273,44,14,15
9410280,148,31,117,530,41,107,251
9812272,12,6,6,11,1,11,78
9811378,57,1,56,403,0,57,504
9312215,56,13,43,239,11,45,84
9510271,17,3,14,49,0,17,144
9409349,24,4,20,68,4,20,25
9405232,5,5,0,0,3,2,2
9706297,39,2,37,170,0,39,176
9403226,70,7,63,662,19,51,120
9506266,5,2,3,5,5,0,0
9610209,121,1,120,1140,121,0,0
9802290,278,19,259,1818,162,116,345
9501232,27,10,17,47,23,4,4
9407399,27,9,18,55,15,12,13
9507327,4,2,2,3,2,2,2
9705389,13,6,7,23,4,9,22
9904274,4,1,3,4,1,3,15
9706339,36,1,35,199,6,30,109
9507233,2,2,0,0,1,1,1
9406395,7,5,2,3,1,6,19
9706265,34,7,27,73,3,31,110
9809423,38,3,35,188,2,36,165
9611388,25,3,22,116,3,22,49
9209263,7,4,3,5,7,0,0
9312220,28,1,27,98,3,25,56
9509256,34,1,33,158,2,32,67
9903239,12,5,7,15,0,12,140
9612202,46,4,42,157,9,37,92
9403346,10,7,3,6,10,0,0
9210262,23,7,16,48,23,0,0
9605213,27,3,24,69,9,18,34
9508280,37,3,34,107,5,32,71
9706397,31,9,22,74,2,29,116
9509333,24,10,14,42,7,17,17
9909369,21,4,17,27,0,21,145
9506399,12,2,10,28,6,6,11
9503400,6,4,2,2,3,3,6
9807278,116,40,76,244,24,92,470
9801306,44,6,38,116,3,41,162
9907231,86,29,57,148,33,53,93
9701256,32,12,20,48,3,29,104
9810319,22,2,20,82,0,22,59
9908387,8,6,2,2,0,8,65
9911467,5,4,1,1,0,5,7
9311260,45,8,37,149,39,6,6
107024,7,3,4,7,0,7,67
6059,14,3,11,45,0,14,194
9305340,4,3,1,1,1,3,3
12039,36,4,32,134,0,36,292
9905465,5,1,4,9,0,5,18
9912274,12,6,6,14,0,12,53
211124,8,2,6,16,0,8,40
9810320,36,3,33,165,0,36,182
9209277,36,8,28,90,16,20,25
9504429,3,2,1,1,1,2,3
9702333,22,4,18,64,0,22,52
9611319,5,4,1,1,1,4,7
9811428,134,1,133,1019,7,127,865
9806236,81,4,77,754,3,78,244
9909509,40,1,39,148,2,38,213
9405337,26,5,21,64,23,3,4
9806426,4,2,2,3,0,4,14
9611454,19,14,5,8,11,8,12
9610224,49,8,41,163,4,45,270
9512383,65,10,55,205,1,64,195
9201,5,3,2,2,0,5,23
9306324,9,2,7,20,9,0,0
9807480,42,3,39,247,2,40,137
3221,14,8,6,9,0,14,41
9705362,3,1,2,3,0,3,7
9906539,29,10,19,49,2,27,178
9906345,6,3,3,5,0,6,33
9510252,39,11,28,58,0,39,152
9501390,17,4,13,34,5,12,41
9711293,3,3,0,0,3,0,0
9611375,18,6,12,24,3,15,37
9601249,35,7,28,148,5,30,70
9707402,7,4,3,4,2,5,5
9901445,17,2,15,34,1,16,45
9505405,45,1,44,258,29,16,16
9403255,3,3,0,0,2,1,1
9304265,28,7,21,65,11,17,21
9305214,1,1,0,0,1,0,0
9510303,9,9,0,0,6,3,4
9041,47,15,32,77,18,29,83
9810513,4,4,0,0,4,0,0
9806216,3,2,1,1,0,3,13
9301242,16,1,15,80,16,0,0
103280,75,12,63,301,0,75,1180
9708227,63,9,54,396,1,62,354
102180,30,2,28,266,0,30,190
9702281,28,6,22,87,1,27,95
9909499,9,6,3,4,2,7,22
112013,9,5,4,5,2,7,62
9903370,22,5,17,52,4,18,80
9205237,36,9,27,76,36,0,0
9910553,44,8,36,171,0,44,626
9911245,36,11,25,91,2,34,325
9910286,37,4,33,113,5,32,97
7065,17,10,7,9,11,6,12
9612294,13,3,10,24,0,13,65
9504379,19,6,13,30,19,0,0
2190,5,4,1,1,0,5,25
9506432,36,4,32,130,36,0,0
9807330,8,6,2,2,3,5,6
9306337,47,8,39,137,47,0,0
9405394,43,3,40,214,17,26,38
9511347,9,4,5,14,0,9,20
9603330,12,6,6,10,2,10,13
103330,3,2,1,1,2,1,4
9708282,2,2,0,0,1,1,1
9907522,37,5,32,101,0,37,446
9911262,61,4,57,354,1,60,461
111390,14,7,7,16,2,12,89
105088,26,9,17,33,5,21,32
9911228,15,3,12,30,0,15,131
210157,6,5,1,1,0,6,110
7172,17,3,14,57,4,13,64
9910292,7,3,4,8,2,5,5
9503340,14,3,11,32,11,3,3
108060,45,3,42,423,0,45,221
112186,21,3,18,82,0,21,239
9912498,42,4,38,191,0,42,273
9307345,11,7,4,8,11,0,0
9701214,5,3,2,2,0,5,5
11295,24,6,18,38,0,24,251
9306222,10,1,9,22,10,0,0
9909294,4,3,1,1,0,4,22
9707436,37,6,31,112,2,35,104
9507368,17,7,10,19,3,14,15
2286,18,9,9,16,0,18,107
9611248,4,4,0,0,1,3,26
4083,10,1,9,16,3,7,31
9209296,21,5,16,85,21,0,0
9209299,23,8,15,43,7,16,16
9706508,4,3,1,1,1,3,12
9308237,1,1,0,0,1,0,0
203004,1,1,0,0,0,1,2
6250,36,3,33,144,0,36,105
101154,7,4,3,4,0,7,50
9909479,15,6,9,14,6,9,22
9406374,12,6,6,15,3,9,36
9302268,7,1,6,9,7,0,0
9801260,78,6,72,437,1,77,471
9509303,28,8,20,61,27,1,2
9503465,13,6,7,13,4,9,22
9503346,18,8,10,22,0,18,76
9606271,11,6,5,9,8,3,3
9609340,2,2,0,0,2,0,0
9712467,21,3,18,65,0,21,107
9611311,7,2,5,13,0,7,13
9704351,17,6,11,25,1,16,85
9512336,148,12,136,1021,28,120,611
103058,15,2,13,39,0,15,83
9903211,25,3,22,71,0,25,65
9608449,10,4,6,12,0,10,55
9911317,15,3,12,34,0,15,116
9506387,9,3,6,7,6,3,3
203171,0,0,0,0,0,0,0
9909541,31,4,27,68,1,30,160
9312279,41,8,33,132,41,0,0
9607252,6,3,3,6,1,5,28
9310236,72,10,62,409,72,0,0
9707525,1,1,0,0,0,1,2
9609419,33,4,29,134,10,23,43
9711351,12,5,7,9,12,0,0
9511252,21,2,19,55,12,9,11
9805342,78,7,71,343,2,76,467
105050,3,1,2,3,0,3,3
5120,3,2,1,2,3,0,0
9510418,9,4,5,7,2,7,13
9808248,27,7,20,57,0,27,189
9802406,33,8,25,69,9,24,45
9908500,1,1,0,0,0,1,1
9409423,2,2,0,0,1,1,1
9405419,10,7,3,3,3,7,29
5129,28,5,23,67,0,28,184
9602323,38,7,31,98,38,0,0
9504336,36,13,23,79,4,32,58
9706289,0,0,0,0,0,0,0
9511469,13,9,4,4,5,8,18
9608201,5,2,3,3,0,5,19
9610334,23,7,16,57,3,20,93
9708362,8,7,1,1,0,8,20
9709406,4,2,2,2,0,4,17
9709345,4,3,1,1,0,4,17
9805228,16,3,13,42,15,1,1
9609368,8,4,4,5,0,8,66
9311367,28,7,21,123,14,14,23
9406345,42,9,33,167,2,40,99
9605387,21,3,18,94,0,21,301
9506454,32,13,19,38,6,26,37
9701325,9,7,2,2,1,8,62
1145,6,5,1,1,0,6,9
9907423,54,9,45,205,15,39,77
9905254,3,2,1,1,1,2,2
9611301,3,3,0,0,1,2,2
1147,3,2,1,2,0,3,14
9707210,3,1,2,2,2,1,1
9803397,9,1,8,23,0,9,25
9706305,2,2,0,0,1,1,4
9810524,10,3,7,14,10,0,0
9606422,12,8,4,9,4,8,22
9810553,24,2,22,60,24,0,0
4127,18,4,14,49,0,18,144
9402274,38,10,28,94,1,37,63
9805484,8,6,2,2,1,7,126
201081,12,7,5,14,0,12,111
11382,1,1,0,0,0,1,3
7145,4,3,1,1,1,3,15
9802423,3,3,0,0,0,3,3
2272,25,6,19,90,1,24,209
9807248,4,2,2,2,0,4,4
9807354,15,4,11,70,0,15,49
9310312,20,7,13,25,20,0,0
9602377,10,3,7,15,3,7,7
9605394,1,1,0,0,1,0,0
9612260,76,19,57,285,8,68,202
9605303,4,1,3,5,0,4,16
9401330,13,12,1,1,13,0,0
9907425,22,6,16,78,1,21,91
9608280,16,5,11,25,1,15,76
101264,2,2,0,0,1,1,8
9401324,11,5,6,8,4,7,14
9905358,10,2,8,20,0,10,65
9604391,6,6,0,0,5,1,3
9806240,8,3,5,7,3,5,5
104284,31,4,27,104,0,31,196
9508397,10,1,9,20,2,8,26
9703338,27,1,26,157,0,27,130
9905486,10,1,9,26,0,10,74
9505434,7,4,3,4,6,1,1
109077,9,5,4,5,0,9,54
108232,1,1,0,0,0,1,2
9911297,10,5,5,8,1,9,42
9608406,13,7,6,8,0,13,121
101268,0,0,0,0,0,0,0
12142,32,16,16,49,6,26,106
9401239,3,2,1,1,2,1,1
9801243,5,4,1,1,0,5,14
9605432,7,3,4,5,1,6,20
9610222,8,5,3,4,5,3,36
9510267,12,3,9,20,12,0,0
9907514,13,2,11,29,1,12,71
9510346,17,7,10,16,17,0,0
9504418,8,4,4,7,8,0,0
9806437,29,12,17,36,2,27,155
9604418,3,1,2,3,0,3,6
9802369,3,2,1,1,0,3,6
9910339,2,2,0,0,0,2,7
9703455,11,2,9,29,1,10,29
9311207,8,5,3,7,1,7,19
9903240,8,7,1,1,0,8,38
2009,5,4,1,2,0,5,19
9405208,5,4,1,2,3,2,3
8074,8,1,7,11,0,8,8
9505441,12,9,3,3,12,0,0
4085,36,4,32,128,0,36,273
9805338,12,6,6,10,4,8,35
9803356,15,2,13,33,0,15,51
2106,5,2,3,3,1,4,17
9408321,6,3,3,5,0,6,6
9807299,2,1,1,1,0,2,15
105159,19,5,14,37,0,19,84
207031,3,3,0,0,0,3,8
9705451,25,14,11,19,15,10,21
9808201,7,3,4,4,0,7,25
9905249,9,1,8,20,0,9,88
9912323,1,1,0,0,1,0,0
9609359,2,1,1,1,0,2,7
101092,11,6,5,8,0,11,34
104242,15,6,9,19,0,15,222
9407244,12,4,8,15,10,2,2
9606472,3,2,1,1,0,3,20
9301232,23,4,19,59,0,23,23
9607413,4,2,2,2,0,4,8
9505277,11,4,7,14,1,10,14
9710286,12,1,11,22,0,12,71
9902368,9,2,7,18,0,9,49
9507230,30,4,26,123,13,17,17
211446,0,0,0,0,0,0,0
9707540,14,4,10,28,1,13,160
9211242,4,2,2,3,4,0,0
108272,5,3,2,2,5,0,0
7303,7,5,2,2,1,6,31
9609207,25,7,18,60,1,24,75
9902258,15,8,7,10,1,14,29
204291,9,2,7,14,0,9,50
8314,2,1,1,1,0,2,5
107161,7,1,6,10,0,7,44
9902240,13,4,9,16,4,9,37
9803294,1,1,0,0,0,1,3
108001,4,3,1,1,3,1,12
207186,8,5,3,5,0,8,70
7222,20,5,15,28,1,19,97
9910405,8,3,5,12,1,7,21
203192,2,2,0,0,0,2,3
9610441,1,1,0,0,0,1,6
112074,11,5,6,19,0,11,62
9906226,3,2,1,1,0,3,15
9708319,8,1,7,12,2,6,6
204112,4,1,3,5,0,4,56
9503279,5,1,4,9,5,0,0
9803411,2,2,0,0,0,2,3
9409364,7,4,3,5,4,3,6
107317,4,3,1,1,1,3,6
9704342,17,3,14,48,3,14,54
9602394,3,2,1,1,0,3,9
9712259,1,1,0,0,0,1,5
9605314,5,2,3,5,5,0,0
9510366,8,2,6,12,2,6,13
102318,2,2,0,0,0,2,19
9702206,4,3,1,1,1,3,18
9611324,7,6,1,1,0,7,80
9610236,3,2,1,1,1,2,6
6324,8,2,6,8,2,6,7
9601326,18,3,15,27,2,16,36
9607207,9,3,6,8,0,9,32
9608262,4,3,1,1,0,4,7
110375,3,1,2,3,0,3,30
9701316,5,4,1,1,1,4,20
9909348,22,12,10,14,5,17,42
205057,5,3,2,3,2,3,11
9705274,6,4,2,2,3,3,3
9302301,11,7,4,6,10,1,1
9401245,11,6,5,12,6,5,9
9912315,7,4,3,6,0,7,20
9504352,7,5,2,2,7,0,0
9901348,5,2,3,3,0,5,23
9811358,4,2,2,2,4,0,0
8171,5,3,2,3,0,5,9
201300,11,3,8,20,0,11,96
203088,0,0,0,0,0,0,0
9902303,14,3,11,22,4,10,31
9402252,1,1,0,0,0,1,2
9307296,6,4,2,2,6,0,0
9707320,7,4,3,5,2,5,6
7061,3,1,2,3,0,3,21
9611438,22,2,20,95,9,13,18
9902318,14,3,11,25,1,13,51
2261,7,3,4,9,0,7,23
12026,6,6,0,0,0,6,70
9602375,25,7,18,35,25,0,0
9908243,7,6,1,2,3,4,6
9812316,25,4,21,30,2,23,71
9512231,6,4,2,2,4,2,2
9706462,6,3,3,4,0,6,33
9309307,7,6,1,1,7,0,0
9902412,5,3,2,3,1,4,13
9601320,10,3,7,12,5,5,14
9903410,4,2,2,2,0,4,16
9503326,2,2,0,0,2,0,0
9707301,17,6,11,34,7,10,17
9712307,11,6,5,7,0,11,49
9506275,2,2,0,0,0,2,11
9702368,7,2,5,7,0,7,19
9603393,9,2,7,12,9,0,0
9608210,16,7,9,11,6,10,10
9701209,7,4,3,3,1,6,27
106206,7,2,5,9,0,7,38
9603377,35,5,30,130,9,26,39
9802266,1,1,0,0,1,0,0
1288,4,1,3,3,1,3,5
9501228,22,5,17,58,18,4,9
5276,14,4,10,21,0,14,180
9605347,6,3,3,3,0,6,26
9402294,2,1,1,1,0,2,3
9801297,20,6,14,27,1,19,69
9805230,2,2,0,0,0,2,6
104033,2,2,0,0,0,2,18
9407282,15,2,13,43,15,0,0
9512201,2,1,1,1,1,1,2
9707415,4,2,2,2,0,4,24
9607227,1,1,0,0,0,1,3
9507459,0,0,0,0,0,0,0
9505274,1,1,0,0,1,0,0
9702358,12,6,6,12,2,10,30
9411340,9,6,3,3,6,3,3
9603321,2,1,1,1,0,2,2
9709255,1,1,0,0,0,1,15
6157,12,6,6,10,1,11,20
9801328,3,1,2,2,0,3,13
9705404,7,2,5,8,0,7,29
107189,5,3,2,4,0,5,38
11134,11,4,7,20,0,11,106
9912313,9,6,3,3,1,8,36
211012,1,1,0,0,0,1,4
9803494,1,1,0,0,1,0,0
108134,3,2,1,1,0,3,9
9904255,2,2,0,0,0,2,8
9402245,2,2,0,0,2,0,0
2102,7,4,3,3,0,7,47
102246,3,3,0,0,0,3,6
9712284,10,4,6,17,0,10,26
7053,13,6,7,9,8,5,5
7305,7,2,5,9,0,7,23
7025,16,5,11,21,11,5,5
9911339,7,5,2,2,7,0,0
9911527,1,1,0,0,0,1,3
9901267,8,5,3,4,5,3,9
9401273,2,1,1,1,0,2,2
9612443,3,2,1,1,0,3,6
109269,1,1,0,0,0,1,2
9909267,7,1,6,7,0,7,19
9409430,9,7,2,3,5,4,6
107261,8,7,1,1,4,4,6
9902424,3,2,1,1,0,3,5
9803458,1,1,0,0,0,1,3
9810343,3,1,2,2,0,3,13
9906339,3,2,1,1,0,3,17
103170,12,5,7,13,4,8,26
4034,2,1,1,1,0,2,10
108085,31,5,26,111,2,29,232
203052,2,1,1,1,0,2,7
101104,2,2,0,0,1,1,1
9910204,13,1,12,48,0,13,32
9409227,7,4,3,3,5,2,2
9411438,14,2,12,29,13,1,1
209035,5,3,2,3,0,5,22
109161,3,2,1,1,0,3,13
202064,10,4,6,16,0,10,123
9808378,27,2,25,97,2,25,89
9901405,18,3,15,36,2,16,72
207181,0,0,0,0,0,0,0
9508377,2,1,1,1,0,2,4
9904434,7,3,4,7,1,6,15
211245,8,5,3,4,0,8,22
209181,1,1,0,0,0,1,2
9907570,2,2,0,0,0,2,3
9706447,3,3,0,0,0,3,15
201056,6,4,2,4,0,6,23
104201,2,1,1,1,0,2,12
9801438,0,0,0,0,0,0,0
9706220,6,4,2,2,1,5,30
107142,18,5,13,48,2,16,191
9503241,15,4,11,23,3,12,27
209059,11,7,4,5,0,11,109
109149,16,6,10,37,2,14,43
210324,1,1,0,0,0,1,4
9805449,3,1,2,2,0,3,10
9910206,9,1,8,13,0,9,20
12199,3,2,1,1,0,3,10
1162,7,1,6,14,0,7,24
1011,3,2,1,1,2,1,2
9907486,4,2,2,3,0,4,4
9705280,3,2,1,1,0,3,3
9504410,6,2,4,6,4,2,4
111125,1,1,0,0,0,1,10
9808288,1,1,0,0,0,1,11
111198,2,1,1,1,0,2,35
9311234,4,2,2,2,4,0,0
9302308,2,1,1,1,2,0,0
9908479,1,1,0,0,0,1,2
9910435,7,2,5,11,0,7,23
209147,3,2,1,1,1,2,5
9809376,19,6,13,75,1,18,59
204093,7,4,3,4,0,7,52
2195,5,3,2,3,0,5,26
9709365,5,5,0,0,2,3,26
9806424,13,6,7,15,0,13,117
9609476,7,2,5,11,1,6,6
9905278,2,2,0,0,1,1,6
2237,8,3,5,10,0,8,47
9906403,5,3,2,2,0,5,26
9909235,7,3,4,6,0,7,15
9510319,11,6,5,6,11,0,0
9206213,3,1,2,3,3,0,0
101138,3,2,1,1,1,2,2
9704400,2,2,0,0,0,2,5
9804328,1,1,0,0,0,1,1
9609379,8,6,2,2,1,7,14
9702294,2,1,1,1,0,2,5
12296,2,1,1,1,0,2,19
9410249,8,3,5,9,1,7,7
9702252,5,3,2,3,1,4,7
9512226,4,1,3,4,1,3,3
109151,4,3,1,1,1,3,3
9905480,8,1,7,17,0,8,58
9912424,16,2,14,50,0,16,141
9712324,3,3,0,0,2,1,2
9911313,4,1,3,6,1,3,13
9407290,7,5,2,5,1,6,24
9047,1,1,0,0,0,1,2
9510362,2,2,0,0,1,1,1
9711238,3,1,2,3,0,3,14
207301,1,1,0,0,1,0,0
9709289,9,2,7,15,7,2,2
9710338,3,3,0,0,3,0,0
6237,9,5,4,7,0,9,38
9705246,8,5,3,5,3,5,9
9610503,1,1,0,0,0,1,2
9612201,1,1,0,0,0,1,2
9605399,3,1,2,2,1,2,2
9912395,2,1,1,1,0,2,11
11047,2,2,0,0,0,2,9
4236,4,2,2,2,3,1,2
12084,0,0,0,0,0,0,0
9810470,3,2,1,1,1,2,4
9606404,3,1,2,2,0,3,8
9192,2,1,1,1,2,0,0
209309,5,5,0,0,0,5,18
9708330,3,1,2,3,0,3,70
204280,7,2,5,13,1,6,11
209124,5,2,3,5,0,5,21
210323,7,6,1,2,0,7,208
9407400,5,1,4,7,5,0,0
7180,10,7,3,4,0,10,38
9711355,7,5,2,3,1,6,12
8243,5,1,4,7,5,0,0
9707394,4,3,1,1,1,3,6
9712406,3,3,0,0,0,3,21
9908389,1,1,0,0,1,0,0
9305238,6,2,4,8,6,0,0
9802278,4,3,1,1,1,3,9
201043,3,2,1,1,0,3,10
9805218,0,0,0,0,0,0,0
106030,1,1,0,0,0,1,1
302254,1,1,0,0,0,1,1
12278,14,9,5,9,1,13,97
201159,1,1,0,0,0,1,2
9906291,1,1,0,0,0,1,10
107159,4,4,0,0,1,3,16
107311,2,2,0,0,0,2,4
206027,2,1,1,1,0,2,6
202276,1,1,0,0,0,1,3
202195,8,3,5,14,0,8,58
9610530,1,1,0,0,0,1,3
9409414,1,1,0,0,0,1,1
9612305,1,1,0,0,0,1,1
9905223,1,1,0,0,1,0,0
9808329,6,3,3,6,0,6,10
9406364,1,1,0,0,0,1,1
207278,2,1,1,1,0,2,2
9612345,1,1,0,0,0,1,3
9611299,8,1,7,12,8,0,0
9407356,2,2,0,0,2,0,0
302123,0,0,0,0,0,0,0
9902361,10,1,9,23,1,9,41
4078,2,2,0,0,2,0,0
9908459,2,2,0,0,0,2,2
9803455,3,2,1,1,1,2,3
12262,1,1,0,0,0,1,8
12189,8,3,5,8,2,6,6
204305,3,2,1,1,0,3,8
1123,1,1,0,0,1,0,0
9405267,4,2,2,3,2,2,2
11036,8,4,4,5,2,6,19
203124,2,2,0,0,0,2,4
9909471,5,2,3,3,1,4,8
9704418,1,1,0,0,1,0,0
9812325,1,1,0,0,0,1,7
9709505,3,2,1,1,3,0,0
206290,5,4,1,1,0,5,50
7094,1,1,0,0,1,0,0
9307232,15,11,4,6,13,2,3
102069,6,4,2,3,0,6,38
211122,1,1,0,0,0,1,1
203074,1,1,0,0,0,1,2
9711515,4,4,0,0,3,1,3
9709279,0,0,0,0,0,0,0
9605403,2,2,0,0,2,0,0
9904415,1,1,0,0,0,1,2
9403369,3,3,0,0,3,0,0
9313,3,1,2,2,0,3,13
9910352,8,3,5,14,0,8,31
9408319,7,4,3,5,6,1,11
209005,1,1,0,0,0,1,7
1042,4,3,1,1,1,3,5
1168,3,3,0,0,1,2,3
9709256,1,1,0,0,1,0,0
112322,9,1,8,26,0,9,81
9808386,3,2,1,1,0,3,16
9906285,1,1,0,0,0,1,2
5214,4,3,1,1,4,0,0
102161,2,2,0,0,0,2,6
209081,0,0,0,0,0,0,0
2220,2,2,0,0,0,2,3
9308231,0,0,0,0,0,0,0
9507221,0,0,0,0,0,0,0
9806355,6,3,3,4,1,5,11
9501350,3,2,1,1,0,3,4
9208256,5,3,2,2,5,0,0
9604255,6,2,4,9,0,6,9
9611444,4,2,2,3,0,4,6
11070,3,2,1,1,0,3,14
9806438,5,1,4,10,0,5,34
3160,11,4,7,19,1,10,41
111405,0,0,0,0,0,0,0
5164,6,5,1,1,0,6,26
9711299,5,4,1,1,5,0,0
9408356,3,3,0,0,3,0,0
112009,1,1,0,0,0,1,2
9609206,1,1,0,0,0,1,5
6270,0,0,0,0,0,0,0
9310318,4,1,3,5,4,0,0
9710231,0,0,0,0,0,0,0
9811423,5,4,1,1,1,4,5
105186,1,1,0,0,0,1,11
9501302,0,0,0,0,0,0,0
9511281,1,1,0,0,0,1,6
9607295,1,1,0,0,0,1,4
9286,11,5,6,13,0,11,53
112062,0,0,0,0,0,0,0
9409239,0,0,0,0,0,0,0
7189,3,3,0,0,1,2,15
7059,3,1,2,2,0,3,9
9806222,0,0,0,0,0,0,0
9907301,3,3,0,0,0,3,11
211371,1,1,0,0,0,1,3
9407321,2,2,0,0,1,1,1
8327,1,1,0,0,0,1,6
6021,3,3,0,0,0,3,12
10327,1,1,0,0,0,1,4
106096,2,2,0,0,0,2,17
9710532,1,1,0,0,0,1,1
9511264,2,2,0,0,0,2,3
7234,6,3,3,3,1,5,24
302098,0,0,0,0,0,0,0
9706461,1,1,0,0,0,1,1
11065,1,1,0,0,1,0,0
111067,3,3,0,0,0,3,10
9703409,3,3,0,0,3,0,0
9905336,2,2,0,0,0,2,6
201246,1,1,0,0,0,1,5
108128,1,1,0,0,0,1,12
209084,8,5,3,3,0,8,56
9306238,5,3,2,4,5,0,0
111141,12,6,6,6,0,12,217
110142,5,3,2,2,0,5,36
209347,1,1,0,0,1,0,0
210052,0,0,0,0,0,0,0
9912303,1,1,0,0,0,1,1
10255,2,2,0,0,2,0,0
2233,1,1,0,0,1,0,0
9608267,2,2,0,0,2,0,0
9710407,3,3,0,0,0,3,11
107131,0,0,0,0,0,0,0
204039,0,0,0,0,0,0,0
9910473,0,0,0,0,0,0,0
9911259,2,2,0,0,2,0,0
9309253,1,1,0,0,1,0,0
107183,3,2,1,2,0,3,20
9610420,4,4,0,0,2,2,3
209126,1,1,0,0,0,1,2
9910480,0,0,0,0,0,0,0
9511332,2,2,0,0,0,2,3
9710394,1,1,0,0,1,0,0
9904254,2,2,0,0,0,2,3
1081,0,0,0,0,0,0,0
9502244,3,3,0,0,3,0,0
110344,2,1,1,1,0,2,6
210159,0,0,0,0,0,0,0
9706416,3,1,2,2,2,1,2
212181,2,2,0,0,0,2,7
9806374,3,2,1,1,1,2,3
12049,8,5,3,3,0,8,43
205280,2,1,1,1,0,2,9
9811485,4,2,2,3,2,2,11
7049,3,3,0,0,0,3,7
9702250,1,1,0,0,0,1,2
9607361,0,0,0,0,0,0,0
110323,4,1,3,5,0,4,8
9810212,0,0,0,0,0,0,0
9812461,4,2,2,2,1,3,9
9608409,7,1,6,17,0,7,14
9804366,4,2,2,3,2,2,2
204113,3,2,1,2,0,3,5
9608395,1,1,0,0,0,1,1
1077,1,1,0,0,0,1,2
12257,2,1,1,1,0,2,4
104019,5,4,1,2,0,5,12
101293,2,2,0,0,1,1,1
9404221,3,3,0,0,3,0,0
103332,3,3,0,0,0,3,27
7203,1,1,0,0,1,0,0
9805460,5,2,3,3,0,5,18
9401247,5,5,0,0,3,2,4
204257,1,1,0,0,0,1,1
9811510,1,1,0,0,0,1,3
102200,4,2,2,2,3,1,2
9808417,0,0,0,0,0,0,0
107072,3,1,2,3,0,3,18
103129,0,0,0,0,0,0,0
9703243,0,0,0,0,0,0,0
9268,1,1,0,0,0,1,4
105174,4,4,0,0,0,4,11
11157,0,0,0,0,0,0,0
109124,1,1,0,0,0,1,7
9905203,1,1,0,0,0,1,1
206084,0,0,0,0,0,0,0
202208,2,2,0,0,0,2,21
9407257,0,0,0,0,0,0,0
9912416,4,2,2,2,1,3,3
109006,3,2,1,1,2,1,3
9809392,0,0,0,0,0,0,0
105014,4,4,0,0,0,4,89
9504358,3,3,0,0,0,3,7
9811491,0,0,0,0,0,0,0
9702241,1,1,0,0,0,1,1
209052,0,0,0,0,0,0,0
9611421,1,1,0,0,0,1,1
204282,4,1,3,4,0,4,30
105305,3,2,1,1,2,1,5
102041,0,0,0,0,0,0,0
9702275,5,3,2,2,1,4,4
9259,1,1,0,0,0,1,3
9701255,2,1,1,1,2,0,0
7183,1,1,0,0,0,1,4
5073,2,2,0,0,0,2,6
9511429,0,0,0,0,0,0,0
207129,4,2,2,2,0,4,10
9407355,1,1,0,0,1,0,0
203097,2,2,0,0,0,2,13
208141,5,3,2,3,0,5,90
9712430,0,0,0,0,0,0,0
106317,1,1,0,0,0,1,4
9712241,0,0,0,0,0,0,0
112100,0,0,0,0,0,0,0
212304,3,3,0,0,0,3,58
9610482,0,0,0,0,0,0,0
301018,0,0,0,0,0,0,0
9710243,2,2,0,0,0,2,2
202017,1,1,0,0,0,1,1
110013,1,1,0,0,1,0,0
9805503,1,1,0,0,0,1,4
9165,2,2,0,0,1,1,1
9712296,0,0,0,0,0,0,0
203262,0,0,0,0,0,0,0
9707444,0,0,0,0,0,0,0
208125,0,0,0,0,0,0,0
9409205,0,0,0,0,0,0,0
9909330,1,1,0,0,1,0,0
9503451,0,0,0,0,0,0,0
9912400,0,0,0,0,0,0,0
9506431,0,0,0,0,0,0,0
9809265,1,1,0,0,0,1,3
110292,1,1,0,0,0,1,14
203085,3,2,1,1,0,3,8
105016,3,1,2,2,0,3,16
111095,0,0,0,0,0,0,0
9903546,2,1,1,1,2,0,0
111039,2,2,0,0,2,0,0
112299,0,0,0,0,0,0,0
301022,0,0,0,0,0,0,0
9412376,0,0,0,0,0,0,0
9505287,2,1,1,1,2,0,0
9808315,1,1,0,0,0,1,3
107278,3,2,1,1,1,2,17
4073,0,0,0,0,0,0,0
9606366,2,1,1,1,0,2,2
11090,0,0,0,0,0,0,0
9911330,0,0,0,0,0,0,0
9609455,1,1,0,0,1,0,0
9511262,3,2,1,1,3,0,0
210167,1,1,0,0,1,0,0
111231,0,0,0,0,0,0,0
302054,1,1,0,0,0,1,16
206017,2,2,0,0,0,2,24
9606336,3,2,1,1,1,2,3
109118,4,3,1,1,1,3,18
9905360,1,1,0,0,0,1,3
211225,0,0,0,0,0,0,0
211049,0,0,0,0,0,0,0
109083,0,0,0,0,0,0,0
9801312,0,0,0,0,0,0,0
111365,0,0,0,0,0,0,0
9906493,0,0,0,0,0,0,0
205181,1,1,0,0,0,1,1
112213,1,1,0,0,0,1,1
108015,2,2,0,0,2,0,0
9307343,1,1,0,0,1,0,0
3005,3,2,1,1,1,2,4
107021,0,0,0,0,0,0,0
9909363,2,2,0,0,0,2,6
9601340,0,0,0,0,0,0,0
105114,1,1,0,0,0,1,5
301121,0,0,0,0,0,0,0
9911288,2,2,0,0,0,2,5
9505345,2,1,1,1,2,0,0
9702316,3,1,2,3,0,3,12
204260,0,0,0,0,0,0,0
9805505,0,0,0,0,0,0,0
9707417,0,0,0,0,0,0,0
9706248,0,0,0,0,0,0,0
9810327,0,0,0,0,0,0,0
9309254,0,0,0,0,0,0,0
9507448,0,0,0,0,0,0,0
205256,0,0,0,0,0,0,0
110347,2,1,1,1,0,2,4
206189,1,1,0,0,0,1,2
9710330,1,1,0,0,0,1,3
109198,3,2,1,1,2,1,2
9908201,3,1,2,3,1,2,2
211130,0,0,0,0,0,0,0
9803339,0,0,0,0,0,0,0
206005,4,1,3,3,0,4,22
204315,1,1,0,0,0,1,7
208084,1,1,0,0,0,1,10
9905362,2,1,1,1,1,1,2
302151,0,0,0,0,0,0,0
212389,0,0,0,0,0,0,0
8055,0,0,0,0,0,0,0
112336,2,2,0,0,1,1,5
9912243,1,1,0,0,1,0,0
9607420,2,2,0,0,1,1,1
9100,1,1,0,0,1,0,0
9506306,1,1,0,0,0,1,7
9807463,0,0,0,0,0,0,0
201073,2,2,0,0,0,2,3
301166,0,0,0,0,0,0,0
9701405,0,0,0,0,0,0,0
7098,3,2,1,1,0,3,9
111182,1,1,0,0,0,1,2
9812243,3,2,1,1,1,2,2
9307264,1,1,0,0,1,0,0
102191,1,1,0,0,0,1,24
9711494,0,0,0,0,0,0,0
106131,1,1,0,0,0,1,23
9909359,0,0,0,0,0,0,0
9808226,1,1,0,0,0,1,2
9506293,0,0,0,0,0,0,0
9611436,0,0,0,0,0,0,0
208047,0,0,0,0,0,0,0
204182,2,2,0,0,1,1,2
301189,1,1,0,0,0,1,23
210158,0,0,0,0,0,0,0
112029,1,1,0,0,0,1,13
101185,2,2,0,0,0,2,5
9905209,1,1,0,0,1,0,0
9610465,0,0,0,0,0,0,0
9902249,0,0,0,0,0,0,0
9293,0,0,0,0,0,0,0
101216,2,2,0,0,0,2,5
9806247,0,0,0,0,0,0,0
9604377,0,0,0,0,0,0,0
9704340,0,0,0,0,0,0,0
9406207,3,3,0,0,0,3,3
9909209,3,2,1,1,2,1,3
212319,0,0,0,0,0,0,0
210072,0,0,0,0,0,0,0
9806343,0,0,0,0,0,0,0
206134,0,0,0,0,0,0,0
210282,0,0,0,0,0,0,0
9705373,1,1,0,0,1,0,0
7200,0,0,0,0,0,0,0
9803465,0,0,0,0,0,0,0
110042,0,0,0,0,0,0,0
9408361,0,0,0,0,0,0,0
9405258,0,0,0,0,0,0,0
301016,0,0,0,0,0,0,0
9906454,0,0,0,0,0,0,0
8148,0,0,0,0,0,0,0
9404251,1,1,0,0,1,0,0
9258,0,0,0,0,0,0,0
9610512,0,0,0,0,0,0,0
110226,0,0,0,0,0,0,0
205292,0,0,0,0,0,0,0
9311262,0,0,0,0,0,0,0
7028,0,0,0,0,0,0,0
9807553,0,0,0,0,0,0,0
9811241,1,1,0,0,0,1,1
202080,0,0,0,0,0,0,0
9907289,0,0,0,0,0,0,0
210444,0,0,0,0,0,0,0
110162,1,1,0,0,0,1,2
212120,0,0,0,0,0,0,0
9711239,0,0,0,0,0,0,0
9511442,0,0,0,0,0,0,0
110399,1,1,0,0,0,1,3
109123,0,0,0,0,0,0,0
9507351,0,0,0,0,0,0,0
9901269,0,0,0,0,0,0,0
211090,0,0,0,0,0,0,0
9910463,0,0,0,0,0,0,0
109057,0,0,0,0,0,0,0
6316,0,0,0,0,0,0,0
9607468,0,0,0,0,0,0,0
301214,0,0,0,0,0,0,0
9412207,0,0,0,0,0,0,0
102054,1,1,0,0,1,0,0
105284,2,1,1,1,2,0,0
4218,0,0,0,0,0,0,0
9505367,1,1,0,0,1,0,0
9810508,1,1,0,0,0,1,2
9808220,0,0,0,0,0,0,0
208061,3,2,1,1,0,3,13
105036,2,2,0,0,0,2,9
211436,0,0,0,0,0,0,0
11071,1,1,0,0,1,0,0
9910374,1,1,0,0,1,0,0
105345,0,0,0,0,0,0,0
9607262,0,0,0,0,0,0,0
9812424,2,2,0,0,0,2,4
9605371,0,0,0,0,0,0,0
9907283,2,1,1,1,2,0,0
9510292,0,0,0,0,0,0,0
212377,1,1,0,0,0,1,1
211056,0,0,0,0,0,0,0
9607344,1,1,0,0,1,0,0
302077,0,0,0,0,0,0,0
211449,0,0,0,0,0,0,0
212386,1,1,0,0,0,1,13
9706549,0,0,0,0,0,0,0
211398,0,0,0,0,0,0,0
110322,0,0,0,0,0,0,0
11219,0,0,0,0,0,0,0
9211275,0,0,0,0,0,0,0
302210,0,0,0,0,0,0,0
112335,0,0,0,0,0,0,0
9601238,2,2,0,0,2,0,0
101261,0,0,0,0,0,0,0
212032,0,0,0,0,0,0,0
209285,0,0,0,0,0,0,0
9708470,0,0,0,0,0,0,0
9709489,0,0,0,0,0,0,0
3214,1,1,0,0,0,1,5
9707315,1,1,0,0,0,1,4
9606258,3,2,1,1,3,0,0
12295,0,0,0,0,0,0,0
1085,0,0,0,0,0,0,0
104156,0,0,0,0,0,0,0
9706483,0,0,0,0,0,0,0
110352,0,0,0,0,0,0,0
202022,0,0,0,0,0,0,0
301058,1,1,0,0,0,1,7
3128,0,0,0,0,0,0,0
203176,0,0,0,0,0,0,0
9602244,0,0,0,0,0,0,0
209102,0,0,0,0,0,0,0
212215,0,0,0,0,0,0,0
9508394,0,0,0,0,0,0,0
9507286,0,0,0,0,0,0,0
111378,0,0,0,0,0,0,0
107207,0,0,0,0,0,0,0
9507468,0,0,0,0,0,0,0
210246,0,0,0,0,0,0,0
207267,0,0,0,0,0,0,0
9806274,0,0,0,0,0,0,0
201020,0,0,0,0,0,0,0
9912349,0,0,0,0,0,0,0
104059,0,0,0,0,0,0,0
212055,0,0,0,0,0,0,0
209310,0,0,0,0,0,0,0
212018,0,0,0,0,0,0,0
9705473,1,1,0,0,0,1,3
9904498,0,0,0,0,0,0,0
9610240,0,0,0,0,0,0,0
2025,1,1,0,0,0,1,2
6095,1,1,0,0,1,0,0
204157,0,0,0,0,0,0,0
103148,1,1,0,0,0,1,3
9904342,1,1,0,0,1,0,0
302273,0,0,0,0,0,0,0
9411420,0,0,0,0,0,0,0
9509302,0,0,0,0,0,0,0
201239,0,0,0,0,0,0,0
210208,0,0,0,0,0,0,0
103152,1,1,0,0,0,1,14
204133,0,0,0,0,0,0,0
302196,0,0,0,0,0,0,0
9511418,0,0,0,0,0,0,0
9901325,0,0,0,0,0,0,0
210341,1,1,0,0,0,1,4
9701259,0,0,0,0,0,0,0
211299,1,1,0,0,0,1,2
9702335,0,0,0,0,0,0,0
9608473,0,0,0,0,0,0,0
12098,0,0,0,0,0,0,0
11265,0,0,0,0,0,0,0
111460,0,0,0,0,0,0,0
108200,0,0,0,0,0,0,0
9803499,0,0,0,0,0,0,0
9806237,0,0,0,0,0,0,0
2244,0,0,0,0,0,0,0
9904424,0,0,0,0,0,0,0
9084,0,0,0,0,0,0,0
9907534,0,0,0,0,0,0,0
8142,0,0,0,0,0,0,0
9812295,0,0,0,0,0,0,0
212115,0,0,0,0,0,0,0
211278,0,0,0,0,0,0,0
9309255,0,0,0,0,0,0,0
9409321,0,0,0,0,0,0,0
203105,0,0,0,0,0,0,0
211456,0,0,0,0,0,0,0
204009,0,0,0,0,0,0,0
301103,0,0,0,0,0,0,0
4260,0,0,0,0,0,0,0
9608316,0,0,0,0,0,0,0
106003,0,0,0,0,0,0,0
9311315,0,0,0,0,0,0,0
9512357,0,0,0,0,0,0,0
210082,0,0,0,0,0,0,0
9211239,36,13,23,56,36,0,0
9212203,125,7,118,1012,125,0,0
11238,21,3,18,48,0,21,135
9809311,110,4,106,726,1,109,772
9309203,20,5,15,51,3,17,17
9409440,100,9,91,498,4,96,293
102274,1,1,0,0,0,1,5
9608365,62,10,52,295,6,56,228
9603414,38,11,27,53,3,35,188
9805422,148,21,127,459,39,109,264
211224,1,1,0,0,0,1,7
9511282,3,1,2,3,2,1,2
9305232,50,5,45,153,12,38,38
208156,5,4,1,1,2,3,7
7316,5,4,1,1,2,3,10
9412250,15,7,8,17,11,4,4
9611455,22,4,18,89,2,20,60
9802241,42,8,34,103,11,31,69
9906462,15,1,14,33,1,14,69
9905436,17,7,10,19,5,12,17
9305258,60,21,39,112,37,23,48
9702265,30,5,25,78,0,30,77
9911266,23,7,16,33,1,22,88
201227,4,3,1,1,0,4,24
101083,24,8,16,43,6,18,103
9908409,13,9,4,6,0,13,46
102144,16,2,14,22,4,12,38
9708310,28,4,24,65,2,26,112
9804403,212,5,207,2701,27,185,451
9509305,1,1,0,0,0,1,2
9610457,5,4,1,1,2,3,12
9508390,25,8,17,63,11,14,14
9302221,25,5,20,67,25,0,0
9311326,32,7,25,81,32,0,0
9406372,61,17,44,122,42,19,21
2246,29,6,23,74,8,21,32
9712537,83,10,73,509,0,83,562
9812273,42,12,30,68,1,41,398
9805238,25,1,24,82,8,17,23
9911524,67,7,60,293,0,67,491
9604415,13,7,6,9,11,2,4
9811447,66,8,58,289,10,56,320
9910314,29,6,23,62,1,28,209
9511220,9,2,7,11,2,7,11
9505301,31,7,24,89,20,11,16
9612232,37,3,34,143,11,26,81
9812403,13,6,7,13,0,13,50
9808284,10,5,5,9,5,5,9
9709473,53,16,37,81,19,34,76
9709494,19,2,17,84,0,19,50
9301239,25,9,16,35,24,1,1
102306,9,4,5,10,6,3,6
9807479,16,1,15,42,2,14,60
9509285,24,8,16,29,5,19,27
9311360,9,2,7,14,3,6,16
9612439,8,3,5,6,0,8,46
9809381,17,4,13,32,2,15,38
9606345,93,42,51,147,56,37,76
9311340,152,28,124,507,83,69,132
9209251,124,7,117,1116,124,0,0
9507219,6,5,1,1,2,4,8
9807327,59,3,56,495,2,57,203
9705416,43,9,34,178,0,43,456
9707477,25,2,23,96,1,24,189
105200,21,7,14,24,0,21,142
9611373,6,3,3,7,4,2,11
9911233,61,3,58,325,4,57,594
9307291,146,23,123,783,32,114,242
2235,19,4,15,43,0,19,194
6146,28,2,26,96,0,28,171
9604387,153,29,124,594,45,108,320
9701394,22,5,17,64,1,21,85
9708377,19,5,14,40,0,19,301
9903453,73,14,59,189,1,72,475
9608364,11,6,5,7,3,8,15
109243,1,1,0,0,0,1,6
110124,7,3,4,7,0,7,31
9403295,81,30,51,148,64,17,21
9506313,18,8,10,18,5,13,15
9308210,84,16,68,246,44,40,55
9402348,13,4,9,29,13,0,0
9608478,19,4,15,41,19,0,0
9701342,20,8,12,27,12,8,17
9307201,80,10,70,436,79,1,1
9610345,83,13,70,369,11,72,159
9510403,75,8,67,309,7,68,211
9505392,9,5,4,6,3,6,16
9711248,29,8,21,54,3,26,86
9903294,63,3,60,602,0,63,667
9312296,71,9,62,771,0,71,361
9512265,4,2,2,3,0,4,24
9504349,42,8,34,105,42,0,0
9405373,4,4,0,0,4,0,0
9706325,6,1,5,9,3,3,3
9605460,11,2,9,20,4,7,20
9302250,12,2,10,22,12,0,0
9610534,29,2,27,215,29,0,0
9803389,201,24,177,1145,0,201,577
9506245,7,6,1,1,4,3,3
9602363,48,15,33,99,17,31,71
9711303,2,2,0,0,2,0,0
9706201,18,6,12,40,2,16,66
9906316,20,5,15,61,6,14,45
9707260,1,1,0,0,1,0,0
9605334,11,3,8,15,1,10,28
9611224,7,4,3,7,0,7,34
9904398,5,3,2,2,0,5,19
9812205,106,6,100,776,10,96,160
9703404,31,1,30,163,8,23,43
9211226,21,6,15,33,11,10,10
9409453,32,9,23,74,12,20,39
9702415,7,3,4,6,0,7,38
9401220,26,16,10,21,16,10,10
9404248,48,7,41,153,38,10,10
9411235,4,3,1,1,3,1,2
9406214,24,12,12,33,24,0,0
9607440,52,4,48,274,22,30,44
9612286,18,15,3,4,5,13,56
9708426,29,5,24,104,4,25,106
9509409,16,3,13,27,0,16,76
9910299,5,2,3,5,0,5,73
9507395,7,2,5,5,0,7,11
9704360,3,1,2,3,2,1,1
9410346,19,6,13,19,17,2,2
9805485,7,2,5,8,2,5,7
9907512,20,8,12,27,4,16,52
9704258,34,3,31,155,9,25,33
9810389,39,2,37,326,0,39,221
9908523,39,4,35,218,0,39,355
9912543,4,3,1,1,3,1,1
9706480,5,3,2,2,0,5,17
108036,8,4,4,5,0,8,31
10156,3,3,0,0,0,3,33
9306310,21,7,14,39,9,12,18
12274,15,4,11,39,0,15,71
9905521,5,1,4,9,0,5,40
107003,4,1,3,4,0,4,29
211218,6,1,5,10,0,6,35
9812296,30,4,26,72,7,23,39
9211216,18,6,12,32,17,1,1
9602372,16,2,14,57,16,0,0
9702359,41,6,35,133,0,41,151
9707497,11,4,7,11,1,10,38
9210228,26,6,20,75,26,0,0
9806413,37,4,33,147,1,36,123
9207247,5,5,0,0,5,0,0
9411206,16,7,9,13,16,0,0
9806477,13,1,12,20,1,12,48
9612268,25,8,17,32,7,18,52
9607414,43,12,31,120,2,41,179
9606325,33,10,23,55,4,29,174
101208,13,6,7,14,3,10,59
9601310,42,5,37,222,6,36,100
9808299,69,8,61,381,2,67,363
9910449,5,4,1,1,2,3,4
9708359,3,1,2,2,0,3,5
9907400,21,3,18,46,0,21,174
9603272,13,2,11,27,3,10,24
9603342,35,10,25,84,10,25,88
9903264,4,2,2,3,4,0,0
9711330,5,3,2,2,5,0,0
9701425,12,4,8,12,0,12,26
9602347,12,4,8,28,0,12,102
9606281,26,4,22,71,17,9,23
9903293,6,3,3,5,1,5,21
9511388,73,5,68,596,14,59,152
9411286,49,17,32,89,36,13,14
9401267,15,2,13,36,0,15,49
103065,48,7,41,208,7,41,272
9510441,7,5,2,2,3,4,5
9304218,13,11,2,3,13,0,0
9903506,2,2,0,0,2,0,0
9807215,3,2,1,1,0,3,13
9303207,20,4,16,93,0,20,69
104028,12,2,10,18,6,6,11
9209292,19,3,16,41,19,0,0
102193,33,5,28,271,0,33,196
9704335,44,18,26,56,10,34,64
9910275,13,6,7,11,1,12,89
9810297,25,5,20,57,0,25,150
9911255,34,6,28,76,2,32,198
9208255,11,3,8,19,11,0,0
9911337,20,5,15,33,0,20,117
9508374,3,2,1,1,3,0,0
9299,37,11,26,88,5,32,180
7154,4,2,2,2,1,3,17
9801437,12,7,5,5,3,9,17
9506270,12,5,7,17,9,3,4
7215,9,7,2,2,3,6,9
9507307,44,11,33,146,1,43,86
9807434,28,5,23,74,3,25,94
9310350,56,21,35,101,56,0,0
9406432,19,7,12,53,15,4,4
9602318,4,3,1,1,0,4,20
9612233,2,2,0,0,0,2,5
9304289,13,3,10,18,13,0,0
9709440,5,4,1,1,1,4,6
9909558,31,3,28,102,0,31,157
9911294,40,1,39,234,0,40,230
9604262,6,2,4,4,3,3,3
109115,44,11,33,138,0,44,900
9911371,21,9,12,34,0,21,267
210171,3,3,0,0,2,1,1
12191,10,3,7,15,1,9,11
6304,6,3,3,3,0,6,24
9612297,14,2,12,30,0,14,56
109242,47,1,46,464,0,47,441
9906549,53,12,41,122,1,52,428
9912552,18,7,11,22,1,17,121
9703233,9,3,6,8,1,8,47
9701311,16,6,10,15,6,10,22
12100,56,10,46,195,6,50,210
9810550,6,3,3,6,0,6,34
2229,15,3,12,25,0,15,126
9807411,23,3,20,51,2,21,59
9606212,31,6,25,119,3,28,126
4266,4,2,2,3,0,4,12
9803257,22,12,10,18,2,20,94
9804354,34,7,27,101,8,26,32
9412259,29,3,26,103,16,13,33
9302290,12,2,10,20,2,10,10
9708485,4,1,3,3,0,4,10
9402208,14,3,11,26,14,0,0
204101,17,3,14,49,0,17,366
8029,4,2,2,3,0,4,48
101212,8,3,5,8,0,8,130
9910220,39,7,32,131,2,37,233
9411435,12,4,8,25,7,5,5
9305224,3,2,1,1,3,0,0
9801262,75,9,66,346,0,75,392
9605428,18,6,12,20,12,6,6
9505329,166,11,155,1161,5,161,507
9508373,54,4,50,208,0,54,253
9606382,4,2,2,2,2,2,3
9610376,3,1,2,2,1,2,4
9809230,14,4,10,35,0,14,57
9902458,6,2,4,8,0,6,16
9409335,52,8,44,300,47,5,5
9602245,15,4,11,26,0,15,41
12125,77,3,74,800,46,31,46
9610421,10,4,6,10,10,0,0
9706310,3,3,0,0,1,2,30
9406302,22,11,11,18,17,5,6
9412312,4,3,1,1,2,2,3
9408331,11,8,3,3,5,6,6
9910464,12,4,8,17,0,12,86
9508347,256,32,224,1276,168,88,188
9608461,1,1,0,0,1,0,0
9403400,30,3,27,83,30,0,0
9805216,12,4,8,22,1,11,27
9610313,26,4,22,78,2,24,75
9611400,6,5,1,1,0,6,13
9607258,1,1,0,0,1,0,0
9807212,7,5,2,3,3,4,10
105172,2,1,1,1,0,2,10
9412255,16,3,13,36,10,6,8
9511330,12,4,8,22,0,12,54
9905512,36,12,24,50,15,21,62
9802432,25,3,22,83,2,23,70
9912345,2,2,0,0,0,2,17
9411253,19,5,14,35,9,10,20
9403212,19,9,10,29,1,18,30
102230,10,7,3,5,1,9,42
9707254,23,2,21,95,0,23,191
9511263,22,8,14,31,10,12,64
9508309,2,2,0,0,2,0,0
9410279,15,6,9,14,15,0,0
9603450,25,6,19,58,0,25,62
9612469,1,1,0,0,0,1,2
9708474,1,1,0,0,0,1,1
9408368,5,2,3,4,1,4,5
9410212,2,1,1,1,2,0,0
9806493,13,4,9,15,2,11,27
9610344,3,2,1,1,0,3,3
9410225,12,3,9,21,1,11,57
9406387,6,2,4,8,6,0,0
9610335,5,2,3,4,0,5,25
9507208,1,1,0,0,0,1,1
9404311,16,7,9,16,10,6,6
3143,8,2,6,10,0,8,13
9910270,4,2,2,3,1,3,5
9707398,27,4,23,106,7,20,30
9312211,2,1,1,1,1,1,1
1261,5,1,4,9,1,4,4
9707327,34,3,31,144,3,31,53
9606381,15,1,14,41,0,15,81
9708304,6,3,3,3,4,2,2
9905242,46,7,39,154,6,40,237
9712502,15,6,9,12,11,4,4
9909459,4,3,1,1,2,2,2
5211,3,3,0,0,0,3,18
9407368,5,4,1,2,0,5,24
9605229,25,2,23,102,0,25,180
207126,6,4,2,5,0,6,40
104254,10,1,9,15,0,10,87
7281,10,4,6,12,1,9,37
9803284,16,1,15,27,3,13,44
3122,17,6,11,34,0,17,173
3262,17,3,14,35,4,13,34
9807375,15,4,11,56,1,14,41
9508339,5,3,2,3,0,5,32
9703254,9,5,4,9,1,8,49
9710521,54,5,49,229,2,52,266
9612390,27,6,21,76,5,22,36
9504340,7,3,4,5,1,6,11
9412397,4,4,0,0,0,4,6
9907446,38,5,33,202,0,38,440
109125,31,5,26,103,2,29,234
102213,6,2,4,5,0,6,35
9409304,6,4,2,2,2,4,8
9906241,6,2,4,8,0,6,66
9607223,2,1,1,1,0,2,8
9806241,9,5,4,6,2,7,14
107048,25,6,19,69,0,25,276
9609517,11,4,7,22,0,11,89
9704336,15,3,12,46,0,15,126
9607423,3,2,1,1,2,1,2
9501286,3,2,1,1,3,0,0
111140,5,4,1,1,0,5,31
108242,7,1,6,6,1,6,37
9405330,4,4,0,0,2,2,5
9610363,11,6,5,9,2,9,88
7012,23,6,17,47,0,23,127
103231,9,3,6,7,0,9,56
9506393,17,9,8,15,0,17,69
9801407,3,3,0,0,0,3,6
9612321,13,3,10,21,1,12,98
9709223,20,5,15,31,0,20,175
9511352,14,3,11,22,10,4,6
9506448,25,3,22,72,1,24,35
9510402,15,7,8,17,8,7,36
9303313,20,9,11,23,20,0,0
9601351,5,2,3,4,1,4,9
104236,11,4,7,19,0,11,114
9304258,9,5,4,8,6,3,3
10089,8,2,6,6,4,4,4
9909244,22,4,18,74,0,22,186
9501258,2,2,0,0,0,2,6
9310279,20,2,18,69,20,0,0
9912453,8,3,5,10,0,8,36
9612291,14,5,9,11,0,14,64
9215,6,3,3,5,0,6,23
9509257,4,3,1,1,1,3,3
103024,3,1,2,3,0,3,29
9809577,1,1,0,0,0,1,2
9805451,10,3,7,12,0,10,32
9906332,5,2,3,4,0,5,13
9603241,2,2,0,0,1,1,1
9612450,8,4,4,7,0,8,44
109245,3,1,2,2,0,3,27
10198,12,6,6,13,1,11,160
9710251,1,1,0,0,1,0,0
9810539,3,2,1,1,1,2,2
9907431,10,4,6,13,0,10,48
202107,13,2,11,13,0,13,60
9512426,4,3,1,2,0,4,17
9809475,9,6,3,8,0,9,49
9901411,4,4,0,0,2,2,5
9501371,4,2,2,2,2,2,2
9610246,1,1,0,0,1,0,0
9302201,17,2,15,46,0,17,17
9609327,1,1,0,0,1,0,0
9604270,6,3,3,4,0,6,26
9802329,24,5,19,55,5,19,81
9901368,6,2,4,7,0,6,35
9610468,4,3,1,1,4,0,0
210251,5,5,0,0,0,5,63
9802312,11,4,7,8,0,11,39
9212252,5,3,2,3,0,5,5
1072,32,5,27,85,0,32,68
9701330,36,4,32,106,1,35,118
9611452,10,3,7,12,1,9,15
206202,0,0,0,0,0,0,0
204314,117,18,99,494,7,110,408
101318,14,3,11,27,3,11,23
108020,4,3,1,1,1,3,5
9905316,11,3,8,13,0,11,70
9304308,6,3,3,5,6,0,0
204037,5,1,4,4,0,5,42
9709234,7,2,5,7,0,7,8
7310,4,3,1,2,0,4,25
9608443,7,1,6,13,0,7,13
204021,5,3,2,2,0,5,16
1073,4,4,0,0,0,4,29
112351,18,2,16,41,0,18,97
9912436,13,8,5,6,1,12,41
9906318,23,5,18,67,3,20,30
1225,2,2,0,0,0,2,8
9503332,19,6,13,43,4,15,42
9805390,19,6,13,28,0,19,40
9209274,7,6,1,2,7,0,0
9511253,0,0,0,0,0,0,0
9706373,7,1,6,9,4,3,4
9407277,7,4,3,6,7,0,0
9404232,4,2,2,2,0,4,4
9707360,4,2,2,2,0,4,18
9509322,3,2,1,1,2,1,1
9910283,8,5,3,6,1,7,82
9710380,15,2,13,28,0,15,84
9705311,15,4,11,19,3,12,22
9612355,5,4,1,2,1,4,17
105069,3,3,0,0,0,3,4
9805273,6,2,4,7,2,4,8
9608274,3,3,0,0,1,2,2
5086,0,0,0,0,0,0,0
206201,1,1,0,0,1,0,0
9706380,4,1,3,4,2,2,2
6134,4,2,2,3,0,4,9
9905346,16,5,11,17,0,16,51
9711367,3,1,2,2,0,3,8
211044,0,0,0,0,0,0,0
9402248,5,2,3,5,5,0,0
4170,1,1,0,0,0,1,3
5263,14,2,12,31,0,14,49
9701328,5,1,4,8,0,5,36
9803418,8,6,2,2,6,2,4
101180,12,8,4,4,4,8,36
211123,0,0,0,0,0,0,0
3159,10,4,6,10,2,8,45
9402212,1,1,0,0,0,1,1
9601268,6,5,1,1,5,1,1
9402269,1,1,0,0,0,1,1
9707466,14,7,7,13,8,6,9
1151,24,4,20,47,6,18,55
9706409,19,2,17,77,1,18,63
9902410,16,5,11,25,0,16,81
6241,7,2,5,10,1,6,16
9607427,6,4,2,2,1,5,6
9812467,22,4,18,59,0,22,116
9908274,1,1,0,0,0,1,6
9901420,18,12,6,7,0,18,48
9612266,1,1,0,0,1,0,0
9708292,2,2,0,0,1,1,4
9403294,5,1,4,4,3,2,2
9708243,7,4,3,5,3,4,9
9509407,3,1,2,3,0,3,7
9910389,2,1,1,1,0,2,6
1140,0,0,0,0,0,0,0
9708436,4,2,2,2,2,2,6
9803228,8,4,4,6,0,8,61
9712262,0,0,0,0,0,0,0
9310336,9,1,8,23,9,0,0
9301287,4,2,2,2,4,0,0
9704285,2,2,0,0,2,0,0
9605298,34,12,22,58,1,33,92
109221,5,3,2,2,0,5,38
9606254,18,8,10,23,2,16,44
9802317,2,1,1,1,2,0,0
2276,5,2,3,4,0,5,16
9601230,16,3,13,36,1,15,36
7041,10,3,7,15,0,10,185
9902475,8,3,5,9,0,8,75
9407322,1,1,0,0,1,0,0
9607436,11,1,10,24,9,2,2
9901283,6,3,3,4,0,6,24
108009,7,1,6,14,1,6,16
4116,7,3,4,5,0,7,58
9804380,4,4,0,0,1,3,22
103142,0,0,0,0,0,0,0
9211312,1,1,0,0,1,0,0
9410254,5,3,2,2,4,1,1
9806214,5,2,3,4,0,5,10
12085,11,3,8,19,0,11,144
9407289,9,1,8,22,7,2,2
9706550,5,5,0,0,2,3,4
9902403,7,3,4,4,0,7,12
9811221,8,4,4,10,0,8,18
9803424,8,1,7,13,0,8,78
9197,5,5,0,0,2,3,8
106159,17,5,12,31,0,17,97
12057,14,5,9,33,0,14,59
2076,4,2,2,4,0,4,26
211019,4,2,2,2,0,4,20
9404275,2,1,1,1,2,0,0
9903375,15,6,9,19,0,15,68
9908374,2,2,0,0,0,2,3
9410217,1,1,0,0,1,0,0
9154,9,6,3,5,1,8,24
103192,5,3,2,2,0,5,46
9805398,4,1,3,3,4,0,0
8117,8,4,4,6,0,8,66
8306,4,3,1,1,0,4,20
9809207,7,1,6,13,0,7,25
9612374,14,7,7,18,1,13,27
9407330,3,3,0,0,3,0,0
9411266,2,2,0,0,0,2,4
9305229,5,2,3,4,4,1,1
9811453,7,5,2,3,7,0,0
9905354,7,4,3,4,6,1,1
3196,7,2,5,9,3,4,4
9511387,9,4,5,7,0,9,39
5255,4,2,2,3,3,1,1
9511231,2,2,0,0,1,1,1
9504388,7,1,6,8,6,1,3
9812393,10,5,5,7,0,10,31
9908458,21,4,17,58,1,20,161
106270,1,1,0,0,0,1,1
9911452,5,3,2,4,0,5,15
112119,24,4,20,91,0,24,198
204351,2,1,1,1,1,1,7
9711254,3,3,0,0,2,1,2
9609269,3,2,1,2,3,0,0
9506426,3,3,0,0,2,1,1
9612222,4,3,1,1,0,4,4
209117,3,2,1,1,0,3,32
112359,13,6,7,10,0,13,140
202097,7,3,4,10,0,7,58
9811242,4,4,0,0,3,1,1
9902326,13,3,10,18,1,12,75
11287,5,2,3,3,0,5,17
9809430,3,1,2,3,0,3,5
9904410,4,4,0,0,1,3,15
211359,6,4,2,2,0,6,15
201305,5,2,3,3,1,4,19
9909241,3,2,1,1,2,1,2
3115,4,4,0,0,0,4,34
112190,1,1,0,0,0,1,6
109072,8,2,6,8,0,8,59
9304236,2,2,0,0,2,0,0
107145,1,1,0,0,0,1,4
107256,9,2,7,13,0,9,194
9504363,12,4,8,14,5,7,8
209303,4,2,2,2,0,4,36
110106,5,2,3,5,0,5,18
107089,1,1,0,0,1,0,0
9807265,3,1,2,3,0,3,26
9912294,3,3,0,0,3,0,0
112112,1,1,0,0,0,1,23
2003,5,3,2,5,0,5,23
5193,2,1,1,1,0,2,11
9803483,8,3,5,12,8,0,0
9808320,26,8,18,68,0,26,113
9304316,7,4,3,3,7,0,0
6262,4,2,2,3,1,3,6
9611386,5,3,2,2,0,5,23
207184,6,4,2,2,0,6,45
9411279,11,2,9,17,11,0,0
9704454,3,1,2,2,0,3,6
12226,3,1,2,3,0,3,5
9810271,5,2,3,4,1,4,15
210428,3,1,2,2,0,3,31
9909268,4,4,0,0,0,4,17
205160,4,1,3,3,0,4,109
10128,8,3,5,5,0,8,38
9307278,8,6,2,2,8,0,0
9809362,4,1,3,3,0,4,31
9710239,3,2,1,1,0,3,6
11161,0,0,0,0,0,0,0
4186,8,3,5,12,0,8,28
9909245,12,3,9,18,1,11,45
2144,2,1,1,1,0,2,8
207108,12,6,6,9,0,12,274
9308358,3,1,2,2,0,3,3
105005,12,4,8,15,0,12,99
9409224,8,2,6,12,8,0,0
9809290,6,4,2,4,0,6,46
9904350,1,1,0,0,0,1,4
9702351,1,1,0,0,0,1,3
9409286,7,6,1,1,0,7,7
9212230,4,3,1,2,1,3,3
9705249,7,3,4,5,1,6,10
9512286,2,1,1,1,0,2,8
9807400,12,4,8,9,2,10,15
9910240,4,2,2,3,0,4,40
9901323,13,1,12,46,1,12,25
9510373,5,5,0,0,4,1,1
102130,2,2,0,0,0,2,10
9408379,4,3,1,1,2,2,3
9909383,8,2,6,8,4,4,4
102225,0,0,0,0,0,0,0
212396,0,0,0,0,0,0,0
9032,1,1,0,0,1,0,0
9908396,5,4,1,1,2,3,7
9712388,9,4,5,8,2,7,13
201005,6,4,2,4,2,4,9
9209246,4,1,3,5,3,1,1
9502235,4,2,2,4,4,0,0
9512344,10,4,6,10,10,0,0
9605454,8,2,6,13,1,7,15
9902349,0,0,0,0,0,0,0
9511370,1,1,0,0,0,1,1
9611250,3,2,1,1,2,1,1
9508287,1,1,0,0,1,0,0
9812503,3,2,1,2,3,0,0
9701388,6,5,1,1,1,5,24
107099,11,1,10,23,2,9,63
204111,8,2,6,9,1,7,26
9803253,9,1,8,19,5,4,4
209305,4,2,2,3,0,4,52
210038,6,2,4,11,0,6,22
9705423,12,4,8,24,0,12,12
9707514,3,1,2,3,0,3,7
9907298,5,3,2,2,2,3,6
9905434,1,1,0,0,0,1,3
203148,0,0,0,0,0,0,0
9801366,8,7,1,1,0,8,28
9906363,6,4,2,2,0,6,38
9505399,4,3,1,1,4,0,0
9905447,5,4,1,2,0,5,10
9908315,3,3,0,0,1,2,6
202157,3,1,2,2,1,2,3
204240,2,2,0,0,0,2,22
12107,2,1,1,1,1,1,3
204254,8,3,5,7,0,8,47
107141,10,3,7,22,0,10,48
205039,3,3,0,0,0,3,16
9904332,0,0,0,0,0,0,0
104165,3,1,2,2,3,0,0
9905287,8,4,4,5,0,8,36
2271,4,2,2,2,1,3,7
103015,3,1,2,3,0,3,6
202202,7,2,5,9,0,7,51
1227,4,2,2,2,1,3,4
9709222,0,0,0,0,0,0,0
9709476,3,3,0,0,0,3,5
9901349,2,1,1,1,0,2,16
6322,2,1,1,1,1,1,4
9709211,10,4,6,16,1,9,60
210212,1,1,0,0,0,1,4
9506358,8,5,3,4,1,7,13
9210275,1,1,0,0,1,0,0
6007,7,4,3,3,1,6,25
212059,1,1,0,0,0,1,12
9905263,3,3,0,0,1,2,16
9027,2,1,1,1,0,2,5
9905255,9,3,6,13,9,0,0
9501387,24,1,23,106,24,0,0
9311304,3,2,1,1,1,2,5
202004,4,1,3,6,0,4,17
9904384,4,3,1,1,4,0,0
9612325,5,2,3,5,1,4,13
9406383,9,2,7,14,9,0,0
9611289,2,1,1,1,0,2,4
8312,4,2,2,2,4,0,0
9904445,1,1,0,0,0,1,5
9607434,2,2,0,0,0,2,3
9801202,5,2,3,3,3,2,2
201064,0,0,0,0,0,0,0
112259,6,4,2,2,0,6,72
106152,0,0,0,0,0,0,0
206063,4,3,1,1,0,4,13
111395,1,1,0,0,0,1,2
204258,10,3,7,13,0,10,42
1047,2,2,0,0,2,0,0
107221,2,2,0,0,2,0,0
9605258,1,1,0,0,1,0,0
9607467,0,0,0,0,0,0,0
9407286,0,0,0,0,0,0,0
9501348,4,3,1,1,3,1,1
102322,2,1,1,1,1,1,1
9804378,4,3,1,1,1,3,9
9408320,3,2,1,1,1,2,2
208106,1,1,0,0,0,1,1
5038,7,6,1,2,0,7,35
10197,1,1,0,0,0,1,1
9403322,13,3,10,21,13,0,0
201030,11,1,10,33,0,11,88
9706349,0,0,0,0,0,0,0
9912335,1,1,0,0,0,1,4
107286,1,1,0,0,0,1,6
9806460,2,2,0,0,0,2,7
12051,1,1,0,0,1,0,0
207248,2,2,0,0,0,2,16
9305221,4,4,0,0,4,0,0
9402302,14,5,9,13,14,0,0
9908496,0,0,0,0,0,0,0
106154,2,2,0,0,2,0,0
9208257,2,2,0,0,2,0,0
9703368,3,2,1,1,0,3,4
9803296,4,3,1,1,0,4,12
9602303,1,1,0,0,0,1,3
9904394,3,1,2,3,0,3,23
102005,3,1,2,3,0,3,8
11127,2,2,0,0,0,2,6
8188,13,6,7,15,1,12,47
9812430,3,3,0,0,1,2,11
9605203,1,1,0,0,0,1,3
1058,8,3,5,7,1,7,23
9606234,3,3,0,0,0,3,16
2289,1,1,0,0,1,0,0
9607304,1,1,0,0,0,1,2
9602368,3,3,0,0,0,3,6
9711364,0,0,0,0,0,0,0
9607369,1,1,0,0,1,0,0
9511395,0,0,0,0,0,0,0
10094,0,0,0,0,0,0,0
9809308,6,5,1,1,3,3,5
9804454,10,5,5,8,10,0,0
7255,7,3,4,8,3,4,11
211034,0,0,0,0,0,0,0
102029,2,2,0,0,0,2,5
8225,1,1,0,0,0,1,1
9312255,1,1,0,0,1,0,0
108095,3,2,1,1,0,3,19
211467,1,1,0,0,0,1,22
9909568,2,2,0,0,0,2,12
8180,1,1,0,0,0,1,3
7058,3,3,0,0,0,3,12
9804460,10,7,3,4,0,10,24
9912385,7,2,5,14,1,6,64
105218,0,0,0,0,0,0,0
9603286,1,1,0,0,0,1,1
104039,4,4,0,0,0,4,32
9912234,6,3,3,4,0,6,30
1325,2,2,0,0,0,2,12
9304253,1,1,0,0,1,0,0
10257,6,3,3,5,0,6,17
210039,0,0,0,0,0,0,0
206138,5,1,4,6,0,5,24
111338,3,3,0,0,0,3,32
9903362,3,2,1,1,2,1,1
211041,1,1,0,0,0,1,7
9904246,4,2,2,2,0,4,41
8133,0,0,0,0,0,0,0
110161,2,2,0,0,0,2,18
9907316,5,4,1,1,1,4,10
9809541,0,0,0,0,0,0,0
206015,5,3,2,4,1,4,16
9402247,2,1,1,1,2,0,0
5102,1,1,0,0,1,0,0
206305,2,1,1,1,1,1,5
109065,0,0,0,0,0,0,0
5304,5,5,0,0,3,2,5
202123,4,4,0,0,1,3,5
9902357,1,1,0,0,1,0,0
112211,7,6,1,2,1,6,23
9606268,0,0,0,0,0,0,0
9901407,6,1,5,11,1,5,12
9712293,6,4,2,2,1,5,14
105021,8,5,3,3,0,8,39
9408249,3,3,0,0,3,0,0
9601210,1,1,0,0,0,1,2
9211263,1,1,0,0,1,0,0
9901380,3,3,0,0,3,0,0
9612311,0,0,0,0,0,0,0
9503462,6,2,4,9,6,0,0
203201,6,2,4,4,0,6,41
9208262,0,0,0,0,0,0,0
9607479,2,2,0,0,0,2,7
202206,3,2,1,1,0,3,14
9409384,5,1,4,8,5,0,0
9210259,1,1,0,0,1,0,0
206099,12,2,10,21,0,12,65
9606302,4,4,0,0,0,4,5
9806208,0,0,0,0,0,0,0
9612330,0,0,0,0,0,0,0
107023,0,0,0,0,0,0,0
201247,5,3,2,2,0,5,36
9808391,2,2,0,0,2,0,0
205041,2,1,1,1,0,2,22
210179,1,1,0,0,0,1,7
9804464,3,3,0,0,1,2,2
207201,2,2,0,0,0,2,3
9610484,2,2,0,0,0,2,4
9711206,6,3,3,4,2,4,7
101019,5,3,2,2,0,5,19
107037,4,1,3,5,0,4,5
203023,2,1,1,1,0,2,2
4264,2,2,0,0,0,2,12
9503254,2,2,0,0,1,1,1
9709254,4,3,1,1,1,3,3
9506383,1,1,0,0,0,1,3
9410407,5,1,4,6,0,5,8
9310265,0,0,0,0,0,0,0
9704227,0,0,0,0,0,0,0
9409420,0,0,0,0,0,0,0
9804463,0,0,0,0,0,0,0
9909550,3,2,1,1,0,3,8
9612244,4,4,0,0,3,1,2
9709224,1,1,0,0,0,1,3
9809260,1,1,0,0,0,1,4
9809561,0,0,0,0,0,0,0
5272,0,0,0,0,0,0,0
9706515,2,2,0,0,0,2,2
205273,0,0,0,0,0,0,0
9181,3,2,1,1,0,3,14
109173,7,1,6,12,0,7,71
9503272,1,1,0,0,0,1,3
9912508,2,2,0,0,0,2,3
9902317,0,0,0,0,0,0,0
106059,2,2,0,0,0,2,11
9401250,1,1,0,0,1,0,0
10241,0,0,0,0,0,0,0
9406384,1,1,0,0,0,1,1
208129,1,1,0,0,0,1,12
208227,4,4,0,0,0,4,9
9605391,1,1,0,0,1,0,0
204287,3,2,1,1,0,3,8
203045,1,1,0,0,0,1,5
208045,3,1,2,2,3,0,0
9705418,0,0,0,0,0,0,0
12273,1,1,0,0,0,1,4
302155,0,0,0,0,0,0,0
9703222,1,1,0,0,0,1,1
205054,1,1,0,0,0,1,1
211154,1,1,0,0,0,1,3
208158,1,1,0,0,0,1,1
9811372,1,1,0,0,0,1,2
9904323,2,1,1,1,0,2,5
5157,2,1,1,1,1,1,7
9405321,0,0,0,0,0,0,0
9607365,1,1,0,0,1,0,0
9509314,5,1,4,6,5,0,0
203119,5,3,2,3,0,5,24
2131,2,1,1,1,1,1,10
9409288,0,0,0,0,0,0,0
108214,2,2,0,0,0,2,9
9711222,0,0,0,0,0,0,0
8259,1,1,0,0,0,1,5
9903281,1,1,0,0,0,1,2
9809589,2,2,0,0,0,2,9
111135,2,1,1,1,2,0,0
202137,0,0,0,0,0,0,0
7253,2,2,0,0,0,2,9
210115,1,1,0,0,0,1,4
203190,0,0,0,0,0,0,0
9608475,3,1,2,2,0,3,9
9605248,1,1,0,0,0,1,1
9305216,0,0,0,0,0,0,0
207244,0,0,0,0,0,0,0
6199,0,0,0,0,0,0,0
7019,0,0,0,0,0,0,0
9812281,3,1,2,3,3,0,0
204155,2,1,1,1,0,2,14
9310226,0,0,0,0,0,0,0
108149,3,1,2,2,0,3,6
9904242,4,3,1,1,1,3,8
111136,2,2,0,0,2,0,0
9909226,0,0,0,0,0,0,0
9804207,0,0,0,0,0,0,0
9502357,0,0,0,0,0,0,0
204007,0,0,0,0,0,0,0
9709204,0,0,0,0,0,0,0
9608220,1,1,0,0,1,0,0
2094,0,0,0,0,0,0,0
9412399,4,2,2,2,4,0,0
8240,3,2,1,1,3,0,0
9410287,0,0,0,0,0,0,0
9610382,2,2,0,0,0,2,10
9512310,1,1,0,0,0,1,1
9909233,1,1,0,0,1,0,0
6066,2,2,0,0,2,0,0
210377,1,1,0,0,0,1,1
110184,1,1,0,0,0,1,14
9809394,1,1,0,0,0,1,4
9710433,0,0,0,0,0,0,0
9911525,0,0,0,0,0,0,0
103016,1,1,0,0,1,0,0
5254,1,1,0,0,0,1,5
211460,0,0,0,0,0,0,0
101193,1,1,0,0,0,1,4
9906473,1,1,0,0,0,1,7
101195,0,0,0,0,0,0,0
204032,1,1,0,0,0,1,1
208023,0,0,0,0,0,0,0
9609450,0,0,0,0,0,0,0
101137,0,0,0,0,0,0,0
9905289,2,1,1,1,1,1,1
106018,1,1,0,0,1,0,0
9510328,0,0,0,0,0,0,0
9509356,1,1,0,0,0,1,1
9508345,0,0,0,0,0,0,0
12033,4,1,3,4,0,4,24
12081,2,2,0,0,0,2,4
205223,2,2,0,0,0,2,2
110321,2,1,1,1,0,2,3
9911211,1,1,0,0,0,1,1
9802347,2,2,0,0,1,1,1
9606436,2,1,1,1,0,2,2
110333,5,4,1,1,1,4,22
212139,0,0,0,0,0,0,0
208200,0,0,0,0,0,0,0
8224,4,3,1,1,1,3,9
9810418,0,0,0,0,0,0,0
101125,3,1,2,3,0,3,3
9712485,1,1,0,0,0,1,3
9805313,0,0,0,0,0,0,0
9812241,0,0,0,0,0,0,0
9909354,2,1,1,1,0,2,3
202142,2,2,0,0,0,2,8
9340,2,1,1,1,0,2,6
206022,3,3,0,0,0,3,18
9812285,3,2,1,1,3,0,0
9606255,0,0,0,0,0,0,0
9812268,0,0,0,0,0,0,0
212213,1,1,0,0,0,1,2
208031,4,2,2,2,0,4,38
211142,0,0,0,0,0,0,0
302178,0,0,0,0,0,0,0
207256,0,0,0,0,0,0,0
203015,0,0,0,0,0,0,0
211347,0,0,0,0,0,0,0
9310201,0,0,0,0,0,0,0
9706395,1,1,0,0,0,1,1
111076,2,1,1,1,0,2,4
9179,0,0,0,0,0,0,0
207252,0,0,0,0,0,0,0
110417,1,1,0,0,0,1,9
9808365,0,0,0,0,0,0,0
301186,0,0,0,0,0,0,0
210124,1,1,0,0,1,0,0
9906334,0,0,0,0,0,0,0
9806245,0,0,0,0,0,0,0
302136,0,0,0,0,0,0,0
109284,0,0,0,0,0,0,0
302230,0,0,0,0,0,0,0
9609492,2,2,0,0,2,0,0
9609387,1,1,0,0,0,1,4
9806452,0,0,0,0,0,0,0
301131,2,1,1,1,0,2,5
210330,2,1,1,1,0,2,6
9807295,0,0,0,0,0,0,0
201048,3,3,0,0,2,1,4
1117,0,0,0,0,0,0,0
209221,0,0,0,0,0,0,0
108194,1,1,0,0,0,1,3
212334,0,0,0,0,0,0,0
9109,1,1,0,0,0,1,1
9712421,1,1,0,0,1,0,0
3314,0,0,0,0,0,0,0
9909309,0,0,0,0,0,0,0
301110,0,0,0,0,0,0,0
210420,0,0,0,0,0,0,0
12323,1,1,0,0,0,1,2
302130,0,0,0,0,0,0,0
9502303,1,1,0,0,1,0,0
212137,0,0,0,0,0,0,0
9912535,0,0,0,0,0,0,0
9806447,1,1,0,0,0,1,3
9812367,0,0,0,0,0,0,0
205209,0,0,0,0,0,0,0
3027,0,0,0,0,0,0,0
209242,1,1,0,0,0,1,7
9710387,0,0,0,0,0,0,0
9911246,1,1,0,0,1,0,0
201153,0,0,0,0,0,0,0
9809457,1,1,0,0,1,0,0
9602217,0,0,0,0,0,0,0
101140,1,1,0,0,0,1,3
3095,1,1,0,0,0,1,2
207361,0,0,0,0,0,0,0
9605212,0,0,0,0,0,0,0
108012,1,1,0,0,0,1,10
9801319,0,0,0,0,0,0,0
5047,1,1,0,0,1,0,0
1263,1,1,0,0,0,1,2
106167,0,0,0,0,0,0,0
104299,0,0,0,0,0,0,0
9810434,1,1,0,0,1,0,0
103303,1,1,0,0,0,1,8
9503493,0,0,0,0,0,0,0
9907304,0,0,0,0,0,0,0
5092,1,1,0,0,0,1,1
9712412,0,0,0,0,0,0,0
10333,0,0,0,0,0,0,0
9810401,0,0,0,0,0,0,0
10189,0,0,0,0,0,0,0
9402334,0,0,0,0,0,0,0
9511213,0,0,0,0,0,0,0
9507317,0,0,0,0,0,0,0
302154,0,0,0,0,0,0,0
4079,1,1,0,0,1,0,0
9803409,1,1,0,0,0,1,4
9908406,0,0,0,0,0,0,0
9501237,0,0,0,0,0,0,0
9604373,0,0,0,0,0,0,0
106249,1,1,0,0,0,1,1
209053,0,0,0,0,0,0,0
109263,0,0,0,0,0,0,0
9406353,0,0,0,0,0,0,0
4058,0,0,0,0,0,0,0
9802250,0,0,0,0,0,0,0
210311,0,0,0,0,0,0,0
9803442,3,3,0,0,0,3,9
105310,0,0,0,0,0,0,0
110286,0,0,0,0,0,0,0
211443,0,0,0,0,0,0,0
112315,0,0,0,0,0,0,0
9702317,0,0,0,0,0,0,0
110210,0,0,0,0,0,0,0
9902306,0,0,0,0,0,0,0
207072,0,0,0,0,0,0,0
9609349,0,0,0,0,0,0,0
9811458,0,0,0,0,0,0,0
3315,0,0,0,0,0,0,0
211451,0,0,0,0,0,0,0
12349,2,1,1,1,0,2,6
301151,1,1,0,0,0,1,8
9709272,0,0,0,0,0,0,0
9602401,0,0,0,0,0,0,0
9610386,0,0,0,0,0,0,0
211429,0,0,0,0,0,0,0
9907308,0,0,0,0,0,0,0
9601223,0,0,0,0,0,0,0
206257,1,1,0,0,0,1,6
9705472,0,0,0,0,0,0,0
9808418,0,0,0,0,0,0,0
106281,1,1,0,0,1,0,0
301027,0,0,0,0,0,0,0
9806261,0,0,0,0,0,0,0
104295,0,0,0,0,0,0,0
9002,0,0,0,0,0,0,0
212090,0,0,0,0,0,0,0
9903434,1,1,0,0,0,1,1
101214,0,0,0,0,0,0,0
9610353,1,1,0,0,0,1,9
104195,0,0,0,0,0,0,0
301147,0,0,0,0,0,0,0
105074,0,0,0,0,0,0,0
212014,0,0,0,0,0,0,0
111104,0,0,0,0,0,0,0
9802265,1,1,0,0,0,1,2
9809303,0,0,0,0,0,0,0
9508215,0,0,0,0,0,0,0
111386,0,0,0,0,0,0,0
12130,0,0,0,0,0,0,0
110205,0,0,0,0,0,0,0
9905419,0,0,0,0,0,0,0
201082,1,1,0,0,0,1,5
9812524,0,0,0,0,0,0,0
9401334,0,0,0,0,0,0,0
301133,0,0,0,0,0,0,0
11386,0,0,0,0,0,0,0
9504290,0,0,0,0,0,0,0
111399,1,1,0,0,0,1,3
9907215,0,0,0,0,0,0,0
10085,1,1,0,0,1,0,0
201039,0,0,0,0,0,0,0
212349,0,0,0,0,0,0,0
9609294,0,0,0,0,0,0,0
212204,0,0,0,0,0,0,0
9802333,0,0,0,0,0,0,0
207155,0,0,0,0,0,0,0
112016,2,1,1,1,0,2,11
9611382,0,0,0,0,0,0,0
11015,0,0,0,0,0,0,0
9612419,0,0,0,0,0,0,0
106290,0,0,0,0,0,0,0
9309209,0,0,0,0,0,0,0
9511274,0,0,0,0,0,0,0
9908394,0,0,0,0,0,0,0
102212,1,1,0,0,0,1,1
203191,0,0,0,0,0,0,0
206227,0,0,0,0,0,0,0
9809216,0,0,0,0,0,0,0
209176,0,0,0,0,0,0,0
9406371,0,0,0,0,0,0,0
9703329,0,0,0,0,0,0,0
9802398,0,0,0,0,0,0,0
10318,0,0,0,0,0,0,0
9506365,0,0,0,0,0,0,0
9411402,0,0,0,0,0,0,0
9707288,0,0,0,0,0,0,0
8178,0,0,0,0,0,0,0
210147,0,0,0,0,0,0,0
9706333,0,0,0,0,0,0,0
112215,0,0,0,0,0,0,0
9509264,0,0,0,0,0,0,0
9809581,0,0,0,0,0,0,0
6013,0,0,0,0,0,0,0
9501330,0,0,0,0,0,0,0
210228,0,0,0,0,0,0,0
9906519,1,1,0,0,1,0,0
9909450,0,0,0,0,0,0,0
206139,0,0,0,0,0,0,0
9411227,0,0,0,0,0,0,0
9706264,0,0,0,0,0,0,0
109136,0,0,0,0,0,0,0
201221,0,0,0,0,0,0,0
9309288,0,0,0,0,0,0,0
9609259,0,0,0,0,0,0,0
206048,0,0,0,0,0,0,0
9902285,0,0,0,0,0,0,0
9801313,0,0,0,0,0,0,0
203007,0,0,0,0,0,0,0
9911234,0,0,0,0,0,0,0
9608353,0,0,0,0,0,0,0
9710369,0,0,0,0,0,0,0
9708236,0,0,0,0,0,0,0
9302217,51,11,40,167,51,0,0
9303284,177,34,143,1353,81,96,96
11358,4,3,1,1,1,3,5
9809384,23,2,21,54,1,22,167
9309236,8,4,4,7,2,6,6
9409454,39,8,31,132,29,10,10
102345,2,2,0,0,2,0,0
9610455,19,8,11,16,3,16,70
3090,5,4,1,1,4,1,1
9807223,17,8,9,12,0,17,72
211308,4,3,1,1,0,4,25
9604309,18,4,14,43,1,17,65
9306256,79,18,61,255,74,5,5
9203223,89,24,65,242,89,0,0
8065,4,2,2,3,0,4,21
9503433,109,10,99,573,4,105,247
9612211,16,1,15,48,16,0,0
9803262,3,1,2,2,0,3,9
9907326,4,2,2,2,1,3,4
105325,11,5,6,8,0,11,78
9308205,19,7,12,29,7,12,12
9702381,40,15,25,76,3,37,127
9601393,12,6,6,10,1,11,20
201292,2,2,0,0,1,1,1
9409263,22,8,14,32,12,10,11
9910366,20,5,15,28,1,19,51
103090,12,6,6,10,0,12,64
9805446,9,2,7,13,4,5,9
9906242,3,3,0,0,0,3,6
9510310,5,3,2,3,3,2,2
9611334,7,3,4,5,3,4,8
9801208,76,24,52,220,76,0,0
9302223,33,10,23,84,33,0,0
9405215,9,6,3,3,2,7,14
9406396,15,8,7,12,4,11,22
3058,76,23,53,153,3,73,659
9801327,11,2,9,20,4,7,26
9812282,108,11,97,593,7,101,483
9807525,47,10,37,98,6,41,62
9912358,88,18,70,240,11,77,445
1306,14,7,7,17,0,14,237
9812475,99,10,89,480,1,98,889
9910522,24,1,23,62,0,24,169
9512220,48,4,44,172,9,39,93
9505395,22,2,20,56,15,7,10
9807315,13,2,11,39,10,3,3
9601346,26,3,23,65,10,16,19
9810272,33,9,24,90,0,33,264
9502297,61,15,46,201,22,39,46
9710289,18,1,17,69,1,17,89
9208241,20,10,10,15,20,0,0
9210256,21,1,20,61,21,0,0
9808321,5,2,3,5,1,4,15
9605214,48,15,33,99,32,16,21
9405256,23,8,15,37,6,17,40
9704366,5,1,4,4,1,4,21
9811479,10,3,7,9,0,10,82
9610231,109,20,89,358,109,0,0
9402253,191,30,161,791,78,113,247
9309310,87,10,77,577,77,10,10
9602391,5,5,0,0,0,5,36
9808265,56,4,52,362,1,55,479
9307312,17,2,15,72,5,12,12
9708272,32,5,27,108,4,28,127
105213,9,4,5,5,0,9,24
9903447,20,6,14,51,0,20,206
9911309,39,3,36,203,20,19,23
9704357,97,2,95,651,62,35,40
6172,13,2,11,29,0,13,58
7196,23,8,15,61,2,21,180
9604452,93,6,87,684,2,91,310
9702291,26,5,21,69,4,22,253
9709306,15,5,10,22,0,15,143
9905296,27,3,24,101,1,26,258
9609502,7,7,0,0,0,7,14
109260,26,10,16,29,0,26,229
110317,15,8,7,9,3,12,51
9412340,30,4,26,140,30,0,0
5015,7,4,3,3,1,6,23
9310326,48,7,41,158,46,2,2
9603244,35,3,32,159,10,25,51
9708398,21,6,15,39,17,4,5
9404241,14,1,13,32,4,10,15
9401219,119,10,109,981,71,48,52
9711384,41,7,34,112,2,39,258
9603237,92,8,84,516,14,78,254
9506248,73,9,64,194,26,47,144
9808411,11,6,5,8,9,2,6
9903422,143,5,138,1109,1,142,992
9406288,31,8,23,57,3,28,72
9504280,1,1,0,0,1,0,0
9509213,29,5,24,69,1,28,71
9408207,22,2,20,73,22,0,0
9707323,22,7,15,40,15,7,33
9506321,6,3,3,4,1,5,7
9304249,9,3,6,16,5,4,4
9702245,96,11,85,646,21,75,76
9804332,65,7,58,312,4,61,78
9603218,11,6,5,11,5,6,6
9304296,22,14,8,11,22,0,0
9806317,19,4,15,35,0,19,91
9806306,12,8,4,7,3,9,36
9509282,6,1,5,12,2,4,9
9707326,41,3,38,182,1,40,154
9703446,18,7,11,27,3,15,68
9612378,9,7,2,2,4,5,11
9905351,22,3,19,54,0,22,179
9903355,55,5,50,335,2,53,136
9705254,38,8,30,105,4,34,115
9308344,6,2,4,8,6,0,0
9605406,12,5,7,9,0,12,103
9409412,17,12,5,8,12,5,11
9402218,16,7,9,30,4,12,16
9407268,34,6,28,91,19,15,16
9503466,2,2,0,0,2,0,0
9506438,21,8,13,24,7,14,48
9608322,85,6,79,432,23,62,104
9704416,31,10,21,45,3,28,89
9712210,5,1,4,7,1,4,9
9512263,45,7,38,149,42,3,3
9910334,18,7,11,30,3,15,53
9508233,20,8,12,35,19,1,1
9809379,10,3,7,21,2,8,17
9507414,87,8,79,433,5,82,184
9409202,9,2,7,12,7,2,2
9912439,28,6,22,98,7,21,49
9704447,29,4,25,72,9,20,31
9810409,48,4,44,340,0,48,308
9909464,22,4,18,47,1,21,221
101051,26,5,21,59,0,26,113
9805233,19,7,12,28,0,19,100
108175,6,4,2,2,0,6,78
9810514,59,4,55,623,0,59,228
9307330,26,8,18,54,7,19,47
9910225,46,5,41,213,0,46,629
9908290,9,1,8,29,0,9,106
112028,3,2,1,1,0,3,18
105239,41,5,36,191,41,0,0
9812365,17,3,14,30,4,13,13
9211222,18,6,12,32,18,0,0
9604349,13,3,10,21,1,12,17
9707249,30,10,20,67,1,29,168
9711470,7,1,6,12,0,7,31
9306248,30,10,20,71,30,0,0
9807501,105,4,101,966,19,86,262
9602260,64,14,50,203,21,43,76
9503331,4,1,3,4,0,4,5
4050,15,3,12,34,0,15,111
9703388,7,3,4,8,0,7,47
9501222,33,4,29,80,8,25,39
9606370,70,13,57,244,9,61,102
9701257,22,7,15,31,19,3,4
1194,6,3,3,4,0,6,13
9808312,75,13,62,350,7,68,345
9910357,4,1,3,4,0,4,8
9708445,2,2,0,0,0,2,9
9907421,40,19,21,43,12,28,88
9605325,15,6,9,18,1,14,83
9607237,14,3,11,22,1,13,46
9310361,4,2,2,2,2,2,2
11174,0,0,0,0,0,0,0
9704434,10,5,5,8,3,7,15
9603291,5,3,2,4,2,3,5
9701344,6,4,2,2,3,3,20
9904449,2,2,0,0,0,2,11
9607259,48,9,39,189,5,43,136
9601265,14,3,11,23,14,0,0
9404279,10,3,7,11,10,0,0
9350,155,42,113,524,82,73,301
9511218,12,5,7,13,0,12,35
9512354,4,2,2,3,0,4,9
8276,7,4,3,3,1,6,29
1303,5,2,3,5,1,4,14
9310309,10,3,7,23,3,7,14
106204,35,11,24,48,1,34,400
9301205,13,8,5,8,13,0,0
102199,33,3,30,266,0,33,238
9709322,69,7,62,265,2,67,151
9911293,69,3,66,212,7,62,303
1309,18,4,14,33,1,17,116
9912494,10,3,7,22,0,10,85
9305254,29,14,15,29,10,19,36
9711461,1,1,0,0,0,1,3
9405228,19,10,9,19,14,5,7
11190,7,5,2,2,6,1,1
8245,16,5,11,27,1,15,122
9211281,4,1,3,4,4,0,0
9507250,12,3,9,25,12,0,0
7236,3,3,0,0,1,2,6
9507321,21,6,15,59,0,21,103
9807528,20,7,13,35,0,20,113
9412342,6,4,2,3,2,4,8
9410319,18,5,13,65,2,16,51
9602433,10,3,7,12,10,0,0
9402285,26,7,19,46,26,0,0
9412348,25,2,23,62,9,16,30
9909310,6,3,3,4,0,6,30
9910474,35,3,32,153,0,35,235
9809467,34,2,32,123,0,34,138
1255,8,3,5,6,3,5,9
9403256,170,32,138,873,170,0,0
9503399,8,7,1,1,8,0,0
211141,4,4,0,0,1,3,18
104261,13,2,11,30,1,12,51
10002,13,2,11,24,0,13,101
9709424,30,11,19,40,19,11,14
109287,45,5,40,352,0,45,420
2041,12,2,10,37,0,12,56
201232,15,1,14,54,0,15,264
9707452,3,2,1,1,0,3,13
9701420,27,10,17,27,6,21,67
12378,18,6,12,19,0,18,94
9903475,43,3,40,366,0,43,660
3306,14,9,5,8,0,14,175
9809250,22,5,17,40,1,21,103
9610296,7,4,3,4,0,7,25
103264,2,1,1,1,2,0,0
9807452,15,7,8,16,5,10,28
9807264,53,12,41,118,24,29,45
9506369,5,2,3,5,5,0,0
9307316,13,2,11,24,4,9,14
9902428,6,3,3,4,2,4,15
201207,0,0,0,0,0,0,0
8021,13,5,8,24,1,12,25
8046,28,4,24,113,0,28,126
9405288,8,2,6,11,2,6,8
9910257,8,2,6,11,0,8,109
9408218,6,3,3,3,1,5,22
9305283,10,5,5,8,10,0,0
9812448,188,8,180,1588,188,0,0
9706347,44,7,37,147,5,39,79
9511315,168,8,160,1166,3,165,580
9509308,50,6,44,115,0,50,354
9703428,12,7,5,7,3,9,25
9610463,10,10,0,0,6,4,32
9702331,17,2,15,53,7,10,27
9206248,2,1,1,1,2,0,0
9411331,8,3,5,10,6,2,2
9808425,15,2,13,53,1,14,89
209372,0,0,0,0,0,0,0
9610495,17,3,14,30,11,6,7
9710354,48,5,43,173,5,43,192
9603318,18,4,14,26,2,16,23
9502380,0,0,0,0,0,0,0
9409428,15,5,10,18,6,9,13
9912370,5,4,1,1,0,5,15
9510232,39,6,33,132,36,3,3
9610303,2,2,0,0,1,1,2
9910238,52,6,46,281,0,52,556
9504273,28,7,21,72,14,14,14
9610490,27,9,18,32,13,14,26
9409308,2,2,0,0,2,0,0
9609448,36,13,23,58,6,30,60
9807251,52,10,42,139,7,45,300
106100,1,1,0,0,0,1,6
9510262,23,2,21,59,8,15,19
9601280,35,15,20,43,6,29,95
1021,13,6,7,9,0,13,44
9804353,15,3,12,27,3,12,47
9910388,16,6,10,31,1,15,60
9412392,2,2,0,0,2,0,0
9407208,6,5,1,1,2,4,20
9911476,7,2,5,9,2,5,14
9805380,49,4,45,183,7,42,168
9603230,5,4,1,1,2,3,5
9604437,21,9,12,29,4,17,37
9412345,23,7,16,37,11,12,21
9505317,19,3,16,39,7,12,31
9701201,2,2,0,0,2,0,0
9709236,4,3,1,1,0,4,23
9508204,51,12,39,168,11,40,77
9411433,9,6,3,3,5,4,9
9808481,5,2,3,5,1,4,7
9702270,8,3,5,5,1,7,47
9605438,1,1,0,0,1,0,0
9407238,6,3,3,5,2,4,6
9611462,7,3,4,6,0,7,53
9407217,4,2,2,3,4,0,0
9407382,17,4,13,34,0,17,17
7110,4,2,2,2,0,4,30
4171,17,5,12,20,0,17,156
9809297,3,2,1,1,3,0,0
9905246,9,8,1,1,0,9,89
3234,8,5,3,12,0,8,53
9707421,7,3,4,9,0,7,12
9311284,28,2,26,132,28,0,0
9712221,34,6,28,100,2,32,351
9903406,22,4,18,100,0,22,91
9807320,15,4,11,19,0,15,36
101160,1,1,0,0,0,1,4
6047,21,4,17,43,0,21,109
9305207,11,2,9,24,3,8,16
9608394,29,2,27,94,0,29,219
9411255,16,5,11,12,5,11,11
104317,16,7,9,21,0,16,227
8010,19,9,10,25,3,16,80
9803367,7,5,2,3,2,5,10
6119,23,5,18,61,0,23,321
6333,6,1,5,10,0,6,18
9408407,19,2,17,79,4,15,25
9510289,25,1,24,63,21,4,5
9711413,3,1,2,3,0,3,8
9803306,31,2,29,105,0,31,124
9612409,22,8,14,26,10,12,40
1215,4,3,1,1,3,1,1
9511284,12,3,9,19,0,12,25
9907474,23,6,17,42,0,23,165
107007,8,5,3,3,2,6,102
103063,17,4,13,18,1,16,82
9912526,3,2,1,1,0,3,34
9908524,2,1,1,1,0,2,6
9607336,10,4,6,22,1,9,11
9905247,30,9,21,55,19,11,12
110121,20,3,17,49,0,20,120
9610506,14,2,12,36,1,13,44
9704428,23,4,19,116,0,23,278
207136,1,1,0,0,0,1,2
3271,5,2,3,5,0,5,16
202265,3,2,1,1,0,3,22
109084,20,13,7,21,3,17,114
9712457,28,5,23,56,8,20,30
9612298,3,1,2,2,0,3,21
7245,4,4,0,0,0,4,33
104037,4,1,3,5,0,4,9
9509323,2,1,1,1,0,2,2
9802212,1,1,0,0,1,0,0
9607273,3,1,2,3,0,3,19
9709407,6,5,1,2,2,4,14
9602218,16,5,11,15,1,15,92
9902235,2,2,0,0,0,2,11
9512326,9,3,6,20,2,7,18
7295,0,0,0,0,0,0,0
9605297,26,2,24,97,6,20,28
106333,6,2,4,9,0,6,57
9405202,10,4,6,6,3,7,8
104048,18,8,10,13,2,16,64
102266,2,1,1,1,0,2,25
9510224,7,3,4,4,2,5,23
9311294,21,3,18,54,21,0,0
9801426,2,2,0,0,1,1,1
9702255,9,6,3,3,2,7,30
10164,1,1,0,0,0,1,1
9608309,3,2,1,1,2,1,2
103300,25,8,17,79,2,23,55
9811450,1,1,0,0,0,1,3
9612393,4,2,2,2,0,4,7
9908433,49,14,35,83,22,27,141
9609441,14,2,12,42,4,10,18
9903486,1,1,0,0,0,1,22
202058,40,19,21,36,5,35,277
102093,29,7,22,69,0,29,334
9903472,13,9,4,5,9,4,10
9610387,0,0,0,0,0,0,0
9910223,5,2,3,4,0,5,38
106190,34,4,30,163,1,33,171
7299,1,1,0,0,0,1,2
9911329,7,5,2,3,1,6,38
9401295,5,3,2,2,5,0,0
9612438,7,5,2,2,1,6,15
9702370,6,3,3,6,0,6,8
9412304,10,4,6,11,0,10,60
9610320,1,1,0,0,1,0,0
9610285,5,3,2,2,0,5,19
9804265,17,3,14,34,13,4,5
9905500,12,3,9,29,0,12,330
9606407,1,1,0,0,0,1,2
9803271,3,3,0,0,1,2,7
9906413,5,1,4,5,0,5,19
9212280,8,2,6,13,8,0,0
7350,21,9,12,29,1,20,53
9711485,86,8,78,394,1,85,351
9805225,15,2,13,57,4,11,11
105121,9,3,6,10,1,8,38
205022,35,10,25,61,1,34,254
102245,11,5,6,10,2,9,16
108168,25,10,15,32,0,25,294
9906486,13,2,11,38,1,12,80
9610350,8,7,1,1,4,4,8
107039,52,4,48,335,0,52,357
9701336,19,4,15,26,10,9,16
12229,2,1,1,1,0,2,4
9707384,10,3,7,16,7,3,4
204360,16,8,8,14,1,15,94
9705315,12,6,6,18,2,10,19
201099,12,5,7,9,1,11,54
9212241,3,3,0,0,3,0,0
9910514,4,1,3,4,4,0,0
9307,2,2,0,0,0,2,9
9508225,23,13,10,14,3,20,33
9611357,11,2,9,26,1,10,61
9508262,28,6,22,54,2,26,59
9405421,7,3,4,4,3,4,9
9801277,4,2,2,3,1,3,4
9707406,4,2,2,2,0,4,12
9611351,1,1,0,0,0,1,6
9411245,4,2,2,2,4,0,0
9409333,6,2,4,8,6,0,0
9905571,16,4,12,33,0,16,147
9607301,6,2,4,5,4,2,5
9705445,6,3,3,5,0,6,23
9704310,1,1,0,0,0,1,3
109037,4,1,3,4,0,4,8
9810531,6,2,4,4,3,3,7
9609248,12,5,7,19,2,10,28
9908216,3,2,1,1,2,1,3
9709429,2,2,0,0,2,0,0
9707212,2,2,0,0,0,2,3
8083,6,4,2,3,1,5,6
9908271,4,3,1,2,0,4,16
9805250,15,3,12,41,4,11,34
105128,6,2,4,5,2,4,14
9403351,14,5,9,18,14,0,0
9906310,20,3,17,55,2,18,130
112014,5,3,2,2,0,5,11
9121,1,1,0,0,0,1,2
9904259,12,9,3,3,2,10,30
8097,0,0,0,0,0,0,0
102061,1,1,0,0,0,1,11
7298,23,14,9,15,0,23,169
9412307,1,1,0,0,0,1,6
9709318,8,6,2,2,3,5,12
9409221,9,6,3,7,2,7,19
9709499,70,12,58,182,28,42,91
9803343,16,9,7,14,0,16,75
9708461,5,3,2,3,0,5,20
9902451,63,8,55,283,0,63,453
12240,5,2,3,3,0,5,25
9607438,3,2,1,1,1,2,5
9901429,19,4,15,40,0,19,131
9411302,25,7,18,30,9,16,16
9312268,33,10,23,50,27,6,6
9612441,3,2,1,1,0,3,7
9710484,6,4,2,2,4,2,2
9407349,4,4,0,0,0,4,7
9712273,10,5,5,7,3,7,32
9510277,9,1,8,22,0,9,20
9708454,5,3,2,3,5,0,0
9612440,10,3,7,12,1,9,29
9804389,3,2,1,1,0,3,14
9807289,2,1,1,1,0,2,6
9503275,17,5,12,22,7,10,11
9311350,11,7,4,5,3,8,8
9511343,7,2,5,5,0,7,46
9703245,10,7,3,4,7,3,4
103194,7,2,5,10,0,7,13
110334,3,2,1,1,1,2,3
9703236,4,2,2,2,2,2,6
9805251,11,4,7,13,0,11,92
3144,5,4,1,1,0,5,17
3225,3,2,1,1,0,3,28
206180,1,1,0,0,1,0,0
9304294,13,5,8,19,0,13,16
9407323,2,2,0,0,1,1,1
9702226,11,6,5,6,0,11,37
9906261,3,2,1,1,0,3,12
108026,6,1,5,8,0,6,11
9811417,9,3,6,9,2,7,30
9807373,6,4,2,2,0,6,27
9308368,1,1,0,0,1,0,0
9409298,0,0,0,0,0,0,0
9502405,7,4,3,3,6,1,1
204243,1,1,0,0,0,1,5
105160,18,4,14,36,0,18,237
9302206,15,8,7,10,15,0,0
9801265,2,2,0,0,0,2,11
9404254,1,1,0,0,1,0,0
9801362,4,1,3,5,1,3,3
9902338,4,1,3,4,0,4,40
9811488,2,1,1,1,2,0,0
107165,35,6,29,111,1,34,371
107212,10,4,6,14,0,10,51
3045,7,5,2,3,0,7,53
212005,2,2,0,0,0,2,17
9412246,3,1,2,3,3,0,0
9908247,19,10,9,13,2,17,42
9908519,3,3,0,0,0,3,7
9912302,3,3,0,0,0,3,26
12092,4,3,1,1,0,4,27
104148,5,2,3,4,0,5,24
9805467,10,5,5,14,0,10,13
9711489,4,3,1,1,0,4,4
9607385,5,3,2,3,2,3,4
9911418,6,1,5,5,0,6,23
9801418,6,4,2,3,0,6,14
9412293,5,5,0,0,1,4,4
9509309,3,3,0,0,1,2,4
101176,3,2,1,1,1,2,3
9605355,1,1,0,0,0,1,6
9810278,2,2,0,0,0,2,5
102256,4,3,1,1,0,4,29
9609375,14,3,11,18,5,9,17
10092,4,4,0,0,1,3,12
9403271,4,3,1,2,0,4,4
9803403,11,3,8,16,0,11,53
9507450,1,1,0,0,0,1,2
9701272,10,6,4,6,5,5,6
9603382,4,3,1,1,1,3,4
2042,6,4,2,3,0,6,19
112345,12,1,11,30,0,12,95
205207,1,1,0,0,0,1,1
9301223,1,1,0,0,1,0,0
9807224,9,2,7,13,8,1,1
9501252,2,2,0,0,2,0,0
9905515,26,6,20,71,7,19,38
209294,3,3,0,0,0,3,15
206087,6,3,3,5,0,6,38
203109,2,2,0,0,0,2,14
1189,17,5,12,32,3,14,19
9905350,6,2,4,4,0,6,36
12004,8,5,3,4,0,8,32
9610429,7,1,6,16,7,0,0
9612239,15,1,14,62,6,9,9
212071,2,2,0,0,1,1,2
202192,1,1,0,0,1,0,0
11191,11,7,4,6,3,8,19
9805344,15,2,13,23,2,13,52
101046,2,2,0,0,0,2,14
9605457,9,6,3,3,1,8,19
9801338,0,0,0,0,0,0,0
9702304,3,1,2,3,0,3,9
111227,10,4,6,17,0,10,128
9505328,13,3,10,22,3,10,17
210207,2,2,0,0,1,1,8
112303,12,6,6,13,0,12,35
102081,14,3,11,26,1,13,151
9810334,2,1,1,1,0,2,14
9609453,6,4,2,4,0,6,17
9602341,5,2,3,3,0,5,18
5302,2,1,1,1,0,2,7
10342,2,2,0,0,0,2,4
9601364,1,1,0,0,0,1,1
9706306,6,4,2,3,4,2,2
111321,0,0,0,0,0,0,0
10069,6,3,3,6,0,6,15
9411212,0,0,0,0,0,0,0
9606371,7,6,1,1,2,5,10
9412231,10,2,8,15,10,0,0
9706276,5,4,1,1,2,3,11
101277,5,5,0,0,2,3,23
9810338,11,7,4,6,1,10,38
211095,1,1,0,0,0,1,10
4137,13,2,11,37,6,7,18
205248,2,2,0,0,0,2,44
10150,8,1,7,21,0,8,117
9706364,3,3,0,0,3,0,0
9812505,3,1,2,2,0,3,10
9804402,1,1,0,0,0,1,1
9911308,4,4,0,0,0,4,7
9505387,13,3,10,31,6,7,14
9809417,1,1,0,0,1,0,0
5172,12,3,9,21,0,12,49
2122,1,1,0,0,0,1,8
3003,2,1,1,1,0,2,11
105025,12,3,9,17,0,12,142
9208228,10,4,6,9,10,0,0
9811219,4,2,2,2,1,3,8
9904460,3,3,0,0,0,3,41
9610520,2,1,1,1,0,2,4
9701249,5,3,2,2,0,5,32
210092,0,0,0,0,0,0,0
9609478,1,1,0,0,0,1,3
9311242,1,1,0,0,1,0,0
9207251,7,6,1,2,7,0,0
9310325,4,4,0,0,4,0,0
9503273,16,5,11,27,11,5,10
103036,3,3,0,0,0,3,21
9111,2,1,1,1,0,2,14
9906421,5,3,2,2,0,5,13
3260,12,4,8,11,0,12,78
9909414,1,1,0,0,1,0,0
209377,1,1,0,0,1,0,0
9701369,2,2,0,0,2,0,0
209093,0,0,0,0,0,0,0
9806233,4,3,1,2,0,4,8
9311216,6,3,3,4,6,0,0
9509263,11,2,9,22,6,5,5
9509234,2,2,0,0,0,2,2
9603248,11,4,7,13,8,3,3
9612290,5,1,4,9,5,0,0
9502406,3,3,0,0,3,0,0
9607229,4,3,1,1,0,4,9
1015,1,1,0,0,0,1,1
9710411,0,0,0,0,0,0,0
9405249,2,2,0,0,2,0,0
9505271,6,4,2,2,0,6,30
9806395,3,3,0,0,0,3,9
208089,6,2,4,10,0,6,97
9711315,5,1,4,9,5,0,0
211204,8,4,4,11,0,8,79
2191,2,2,0,0,0,2,23
10174,5,3,2,2,0,5,36
9809544,7,1,6,7,0,7,12
9912290,4,3,1,1,0,4,24
9806314,3,2,1,1,2,1,1
9911437,1,1,0,0,1,0,0
9903443,3,1,2,3,0,3,17
9806443,1,1,0,0,1,0,0
9707353,2,2,0,0,1,1,2
2074,12,7,5,9,0,12,51
9909230,3,3,0,0,2,1,1
203129,2,1,1,1,0,2,13
110282,2,1,1,1,0,2,10
3285,7,5,2,4,3,4,6
102276,10,2,8,14,2,8,21
201299,5,5,0,0,1,4,18
9907225,7,4,3,3,0,7,50
9807392,2,1,1,1,0,2,4
3253,5,2,3,4,0,5,23
212280,0,0,0,0,0,0,0
102067,10,4,6,13,4,6,7
106101,5,1,4,5,0,5,20
106031,5,3,2,2,0,5,20
106026,4,3,1,1,0,4,8
9606425,5,3,2,2,2,3,5
9803230,1,1,0,0,0,1,13
9502207,6,4,2,3,1,5,20
12008,1,1,0,0,0,1,5
9711318,10,4,6,16,1,9,51
211105,2,1,1,1,0,2,12
9701237,2,1,1,1,2,0,0
9802363,0,0,0,0,0,0,0
9905501,10,6,4,5,1,9,19
301165,2,2,0,0,0,2,13
9807482,5,3,2,3,5,0,0
9607424,5,2,3,4,1,4,4
9906500,4,2,2,3,0,4,8
9601376,14,2,12,39,0,14,24
9708291,2,1,1,1,1,1,3
202109,8,2,6,13,0,8,31
109174,9,4,5,9,0,9,72
9603373,2,2,0,0,0,2,5
9506227,4,1,3,5,0,4,6
2211,7,3,4,7,3,4,27
104036,2,2,0,0,0,2,6
9711516,13,2,11,31,3,10,58
7072,2,2,0,0,2,0,0
10105,1,1,0,0,0,1,1
106316,3,2,1,1,0,3,16
104044,5,2,3,3,0,5,43
9710322,6,3,3,4,2,4,8
9212243,3,2,1,2,3,0,0
9905507,1,1,0,0,1,0,0
205269,5,3,2,2,0,5,39
6118,2,2,0,0,0,2,4
6162,6,5,1,1,2,4,20
9707382,3,3,0,0,0,3,6
9606396,1,1,0,0,0,1,3
9707439,2,1,1,1,0,2,17
9803311,2,1,1,1,0,2,7
9811393,7,3,4,5,3,4,5
9712341,1,1,0,0,1,0,0
9407357,1,1,0,0,1,0,0
208251,4,3,1,1,0,4,11
9912530,2,1,1,1,1,1,1
103346,1,1,0,0,0,1,2
9601277,11,2,9,17,2,9,19
205315,7,3,4,5,0,7,78
9501225,2,1,1,1,2,0,0
208235,3,2,1,1,1,2,11
108267,1,1,0,0,0,1,4
9902207,4,4,0,0,2,2,2
9903313,1,1,0,0,1,0,0
9908231,8,3,5,9,0,8,69
9504297,0,0,0,0,0,0,0
302145,0,0,0,0,0,0,0
9603354,0,0,0,0,0,0,0
2017,2,2,0,0,2,0,0
202049,2,2,0,0,0,2,13
204238,0,0,0,0,0,0,0
9701287,0,0,0,0,0,0,0
9148,3,2,1,2,0,3,8
9906463,2,1,1,1,0,2,19
9029,4,3,1,1,1,3,5
107106,4,3,1,1,1,3,13
109191,3,3,0,0,3,0,0
9909322,4,3,1,1,4,0,0
9407312,1,1,0,0,1,0,0
10347,1,1,0,0,0,1,2
9309323,7,4,3,5,7,0,0
9410278,1,1,0,0,1,0,0
209376,3,3,0,0,0,3,36
9606313,4,4,0,0,0,4,7
9508312,2,1,1,1,0,2,4
9608371,2,2,0,0,1,1,5
9510426,1,1,0,0,0,1,6
5204,0,0,0,0,0,0,0
9404218,8,4,4,4,8,0,0
9908467,6,2,4,5,2,4,7
1023,6,2,4,7,4,2,3
209217,2,2,0,0,0,2,38
9703364,1,1,0,0,1,0,0
7164,1,1,0,0,0,1,1
210103,0,0,0,0,0,0,0
9909449,4,3,1,1,0,4,19
112039,4,2,2,2,0,4,45
9910260,4,4,0,0,0,4,13
9803413,0,0,0,0,0,0,0
9211205,2,1,1,1,2,0,0
9312204,4,2,2,2,4,0,0
9711201,19,4,15,60,0,19,76
205264,0,0,0,0,0,0,0
9604422,1,1,0,0,1,0,0
106015,1,1,0,0,0,1,2
9904439,3,2,1,1,3,0,0
3255,0,0,0,0,0,0,0
9905355,4,2,2,3,0,4,32
9912351,9,2,7,15,0,9,17
202227,3,2,1,2,0,3,8
9808308,2,2,0,0,1,1,2
5144,10,3,7,14,0,10,80
7195,1,1,0,0,0,1,2
102284,2,1,1,1,1,1,3
9606476,4,2,2,2,0,4,9
9812327,1,1,0,0,0,1,1
9906499,2,2,0,0,0,2,6
103200,0,0,0,0,0,0,0
112248,0,0,0,0,0,0,0
101041,3,2,1,1,0,3,14
1109,1,1,0,0,0,1,6
208055,1,1,0,0,0,1,5
9502236,0,0,0,0,0,0,0
9034,3,3,0,0,0,3,4
6230,2,2,0,0,0,2,12
111123,5,3,2,2,2,3,6
9801398,0,0,0,0,0,0,0
204162,1,1,0,0,0,1,1
210357,0,0,0,0,0,0,0
11309,0,0,0,0,0,0,0
9607264,1,1,0,0,1,0,0
9907285,1,1,0,0,0,1,7
9711321,4,4,0,0,4,0,0
9503405,1,1,0,0,1,0,0
9707493,1,1,0,0,0,1,1
5215,3,2,1,1,0,3,8
9410371,0,0,0,0,0,0,0
204269,0,0,0,0,0,0,0
204150,4,3,1,1,0,4,25
9607455,3,1,2,3,0,3,13
106327,2,1,1,1,0,2,20
204069,5,3,2,3,0,5,33
9512403,0,0,0,0,0,0,0
101204,1,1,0,0,1,0,0
207013,6,2,4,9,0,6,43
2288,1,1,0,0,0,1,3
9304268,1,1,0,0,1,0,0
9407335,2,2,0,0,2,0,0
9503315,3,3,0,0,3,0,0
204350,2,2,0,0,0,2,19
9912277,0,0,0,0,0,0,0
203189,3,2,1,1,0,3,25
9904256,9,2,7,16,2,7,11
9601378,2,2,0,0,1,1,2
208143,3,2,1,1,0,3,15
9509396,2,2,0,0,0,2,6
9911498,2,1,1,1,0,2,6
11108,0,0,0,0,0,0,0
12070,1,1,0,0,0,1,2
204272,1,1,0,0,0,1,1
1280,1,1,0,0,0,1,5
9906248,1,1,0,0,0,1,2
9503420,4,4,0,0,4,0,0
9710253,4,2,2,2,0,4,12
9410408,4,1,3,5,0,4,4
302142,0,0,0,0,0,0,0
206115,1,1,0,0,0,1,5
102028,3,1,2,3,0,3,4
9507367,2,2,0,0,0,2,2
9902282,3,3,0,0,0,3,5
9709479,4,4,0,0,0,4,5
9910363,1,1,0,0,0,1,1
9602298,0,0,0,0,0,0,0
9411436,0,0,0,0,0,0,0
9312362,1,1,0,0,1,0,0
2129,3,3,0,0,1,2,22
104009,4,2,2,3,0,4,20
9811480,4,4,0,0,2,2,2
109256,10,4,6,8,0,10,74
105007,0,0,0,0,0,0,0
208194,1,1,0,0,1,0,0
9706527,1,1,0,0,1,0,0
12347,0,0,0,0,0,0,0
209122,0,0,0,0,0,0,0
111009,0,0,0,0,0,0,0
210382,0,0,0,0,0,0,0
104158,4,2,2,2,0,4,6
9611238,3,2,1,1,1,2,2
10292,4,4,0,0,0,4,16
9705375,0,0,0,0,0,0,0
8130,0,0,0,0,0,0,0
9909492,2,2,0,0,0,2,7
9503211,0,0,0,0,0,0,0
9903378,1,1,0,0,0,1,1
210441,2,2,0,0,0,2,13
9410315,2,1,1,1,2,0,0
206008,0,0,0,0,0,0,0
5161,4,3,1,1,1,3,6
212351,3,3,0,0,0,3,5
9801249,1,1,0,0,1,0,0
9904325,3,2,1,1,0,3,7
9912371,1,1,0,0,0,1,1
104297,2,2,0,0,2,0,0
9809391,2,1,1,1,2,0,0
9601290,4,3,1,2,0,4,4
204237,2,1,1,1,0,2,7
111389,1,1,0,0,0,1,14
9602361,0,0,0,0,0,0,0
9510429,1,1,0,0,0,1,1
101345,2,1,1,1,0,2,3
9806225,3,2,1,1,0,3,6
102334,1,1,0,0,0,1,1
9504400,2,1,1,1,0,2,2
9803435,2,1,1,1,2,0,0
101065,2,1,1,1,2,0,0
3240,2,1,1,1,0,2,9
201106,1,1,0,0,0,1,9
104102,1,1,0,0,0,1,1
112075,0,0,0,0,0,0,0
9909370,2,2,0,0,0,2,2
1050,2,1,1,1,0,2,8
111328,2,2,0,0,0,2,23
9912222,1,1,0,0,0,1,1
102249,0,0,0,0,0,0,0
6285,0,0,0,0,0,0,0
208264,3,1,2,2,2,1,1
9907438,0,0,0,0,0,0,0
108256,4,2,2,4,0,4,20
202220,0,0,0,0,0,0,0
111260,3,3,0,0,2,1,1
110015,1,1,0,0,0,1,5
208018,0,0,0,0,0,0,0
204107,0,0,0,0,0,0,0
8317,4,4,0,0,0,4,27
302166,0,0,0,0,0,0,0
9703297,0,0,0,0,0,0,0
9711500,1,1,0,0,0,1,1
205179,0,0,0,0,0,0,0
9909498,1,1,0,0,0,1,4
9506468,0,0,0,0,0,0,0
9612257,2,1,1,1,2,0,0
9602237,1,1,0,0,1,0,0
207330,1,1,0,0,0,1,16
6074,2,2,0,0,0,2,3
212089,1,1,0,0,0,1,12
201230,4,3,1,1,2,2,5
9909365,3,2,1,1,0,3,15
9707468,1,1,0,0,1,0,0
9701351,2,2,0,0,1,1,1
9507385,0,0,0,0,0,0,0
9904202,2,1,1,1,2,0,0
209046,2,1,1,1,1,1,2
9910264,0,0,0,0,0,0,0
107322,0,0,0,0,0,0,0
206153,0,0,0,0,0,0,0
111159,2,2,0,0,0,2,5
9606341,0,0,0,0,0,0,0
301237,0,0,0,0,0,0,0
9906328,2,2,0,0,0,2,4
212295,1,1,0,0,0,1,4
106231,0,0,0,0,0,0,0
9608278,0,0,0,0,0,0,0
9501306,0,0,0,0,0,0,0
102178,0,0,0,0,0,0,0
12150,3,2,1,1,0,3,18
110099,0,0,0,0,0,0,0
9501363,0,0,0,0,0,0,0
8119,1,1,0,0,1,0,0
9407383,0,0,0,0,0,0,0
9504213,3,2,1,1,3,0,0
9307289,2,2,0,0,2,0,0
6109,0,0,0,0,0,0,0
110057,1,1,0,0,0,1,4
206219,0,0,0,0,0,0,0
12174,0,0,0,0,0,0,0
9707486,1,1,0,0,0,1,3
9811292,0,0,0,0,0,0,0
9909270,1,1,0,0,0,1,5
105099,0,0,0,0,0,0,0
9805347,0,0,0,0,0,0,0
9806312,0,0,0,0,0,0,0
9705283,0,0,0,0,0,0,0
12376,1,1,0,0,1,0,0
9305263,1,1,0,0,1,0,0
9710215,0,0,0,0,0,0,0
9503385,2,2,0,0,2,0,0
9805428,1,1,0,0,1,0,0
301270,1,1,0,0,0,1,2
210032,3,3,0,0,0,3,24
6055,1,1,0,0,0,1,1
208187,0,0,0,0,0,0,0
6117,0,0,0,0,0,0,0
10263,1,1,0,0,0,1,1
8050,0,0,0,0,0,0,0
9912269,0,0,0,0,0,0,0
9705335,2,2,0,0,0,2,5
4230,3,3,0,0,0,3,6
301050,0,0,0,0,0,0,0
209144,2,1,1,1,0,2,2
107140,1,1,0,0,0,1,4
201157,0,0,0,0,0,0,0
205151,2,2,0,0,0,2,13
9809383,0,0,0,0,0,0,0
107195,0,0,0,0,0,0,0
9907367,0,0,0,0,0,0,0
102333,1,1,0,0,1,0,0
1183,0,0,0,0,0,0,0
201098,1,1,0,0,0,1,2
9912486,1,1,0,0,0,1,3
9504328,1,1,0,0,0,1,1
212271,1,1,0,0,0,1,7
9183,1,1,0,0,0,1,4
212004,3,1,2,3,0,3,4
301066,0,0,0,0,0,0,0
9610234,0,0,0,0,0,0,0
211149,0,0,0,0,0,0,0
201095,1,1,0,0,0,1,3
209104,0,0,0,0,0,0,0
208098,1,1,0,0,0,1,2
9804204,2,2,0,0,2,0,0
9712420,0,0,0,0,0,0,0
211082,0,0,0,0,0,0,0
9810225,1,1,0,0,0,1,3
206039,0,0,0,0,0,0,0
11038,0,0,0,0,0,0,0
9409394,0,0,0,0,0,0,0
9606365,2,2,0,0,1,1,1
8293,0,0,0,0,0,0,0
9310354,0,0,0,0,0,0,0
9601272,1,1,0,0,0,1,2
204024,1,1,0,0,0,1,1
9902461,1,1,0,0,0,1,7
210126,0,0,0,0,0,0,0
9705325,0,0,0,0,0,0,0
207345,3,2,1,1,0,3,18
9712263,0,0,0,0,0,0,0
9512323,0,0,0,0,0,0,0
107051,1,1,0,0,1,0,0
301009,0,0,0,0,0,0,0
9605254,0,0,0,0,0,0,0
212102,1,1,0,0,0,1,3
10155,0,0,0,0,0,0,0
201280,1,1,0,0,0,1,1
9605232,0,0,0,0,0,0,0
207176,0,0,0,0,0,0,0
202180,0,0,0,0,0,0,0
207115,0,0,0,0,0,0,0
9901248,2,1,1,1,2,0,0
201165,0,0,0,0,0,0,0
9311224,1,1,0,0,0,1,1
104207,0,0,0,0,0,0,0
9707238,0,0,0,0,0,0,0
8014,0,0,0,0,0,0,0
9905342,1,1,0,0,0,1,12
9807202,0,0,0,0,0,0,0
3310,0,0,0,0,0,0,0
109040,0,0,0,0,0,0,0
9705424,0,0,0,0,0,0,0
7045,1,1,0,0,0,1,2
106142,0,0,0,0,0,0,0
211431,1,1,0,0,0,1,6
5087,0,0,0,0,0,0,0
9701258,0,0,0,0,0,0,0
302177,0,0,0,0,0,0,0
9412240,1,1,0,0,1,0,0
301106,0,0,0,0,0,0,0
10311,0,0,0,0,0,0,0
301275,0,0,0,0,0,0,0
9904462,0,0,0,0,0,0,0
11329,0,0,0,0,0,0,0
111132,0,0,0,0,0,0,0
9804203,0,0,0,0,0,0,0
212362,1,1,0,0,0,1,4
112244,0,0,0,0,0,0,0
9301214,0,0,0,0,0,0,0
112001,1,1,0,0,0,1,5
9801360,0,0,0,0,0,0,0
11018,0,0,0,0,0,0,0
206244,0,0,0,0,0,0,0
9906451,1,1,0,0,0,1,1
9709216,0,0,0,0,0,0,0
210202,2,2,0,0,0,2,32
9807363,0,0,0,0,0,0,0
9208261,1,1,0,0,1,0,0
9910380,0,0,0,0,0,0,0
9808439,0,0,0,0,0,0,0
211098,0,0,0,0,0,0,0
110371,2,2,0,0,0,2,10
208263,1,1,0,0,0,1,5
9510331,0,0,0,0,0,0,0
205107,0,0,0,0,0,0,0
210093,0,0,0,0,0,0,0
9804424,0,0,0,0,0,0,0
9912382,0,0,0,0,0,0,0
207029,0,0,0,0,0,0,0
209202,0,0,0,0,0,0,0
8187,0,0,0,0,0,0,0
9311208,0,0,0,0,0,0,0
103302,0,0,0,0,0,0,0
206147,0,0,0,0,0,0,0
9712375,2,1,1,1,2,0,0
9803204,1,1,0,0,1,0,0
9408327,0,0,0,0,0,0,0
6144,0,0,0,0,0,0,0
112171,1,1,0,0,0,1,5
9902224,2,1,1,1,2,0,0
9412330,0,0,0,0,0,0,0
9908241,0,0,0,0,0,0,0
210279,0,0,0,0,0,0,0
9506441,0,0,0,0,0,0,0
301198,0,0,0,0,0,0,0
9410264,0,0,0,0,0,0,0
111033,0,0,0,0,0,0,0
9705381,0,0,0,0,0,0,0
7229,0,0,0,0,0,0,0
9611365,0,0,0,0,0,0,0
9310334,0,0,0,0,0,0,0
206211,1,1,0,0,0,1,17
211184,0,0,0,0,0,0,0
107155,0,0,0,0,0,0,0
110010,0,0,0,0,0,0,0
9410210,0,0,0,0,0,0,0
9701339,0,0,0,0,0,0,0
210307,0,0,0,0,0,0,0
212301,0,0,0,0,0,0,0
9408263,0,0,0,0,0,0,0
104046,0,0,0,0,0,0,0
9404300,0,0,0,0,0,0,0
9810251,1,1,0,0,1,0,0
201084,0,0,0,0,0,0,0
207325,0,0,0,0,0,0,0
9712206,0,0,0,0,0,0,0
111349,0,0,0,0,0,0,0
9609505,0,0,0,0,0,0,0
9912433,0,0,0,0,0,0,0
9507454,0,0,0,0,0,0,0
207349,0,0,0,0,0,0,0
212145,0,0,0,0,0,0,0
211176,0,0,0,0,0,0,0
9702323,0,0,0,0,0,0,0
210337,0,0,0,0,0,0,0
9904263,0,0,0,0,0,0,0
211379,0,0,0,0,0,0,0
301200,0,0,0,0,0,0,0
9501205,0,0,0,0,0,0,0
9810483,0,0,0,0,0,0,0
210217,0,0,0,0,0,0,0
212152,0,0,0,0,0,0,0
210177,0,0,0,0,0,0,0
301207,0,0,0,0,0,0,0
106009,0,0,0,0,0,0,0
9601366,0,0,0,0,0,0,0
301182,0,0,0,0,0,0,0
207058,0,0,0,0,0,0,0
9612484,0,0,0,0,0,0,0
12302,0,0,0,0,0,0,0
9711383,0,0,0,0,0,0,0
301081,0,0,0,0,0,0,0
9607235,0,0,0,0,0,0,0
9308305,0,0,0,0,0,0,0
210079,0,0,0,0,0,0,0
6126,0,0,0,0,0,0,0
9608372,0,0,0,0,0,0,0
209237,0,0,0,0,0,0,0
109270,0,0,0,0,0,0,0
111410,0,0,0,0,0,0,0
5187,1,1,0,0,1,0,0
212308,0,0,0,0,0,0,0
12330,0,0,0,0,0,0,0
302083,0,0,0,0,0,0,0
302001,0,0,0,0,0,0,0
112087,0,0,0,0,0,0,0
211356,0,0,0,0,0,0,0
104089,0,0,0,0,0,0,0
302062,0,0,0,0,0,0,0
209092,0,0,0,0,0,0,0
9902257,0,0,0,0,0,0,0
12341,0,0,0,0,0,0,0
203156,0,0,0,0,0,0,0
209022,0,0,0,0,0,0,0
302242,0,0,0,0,0,0,0
9405341,67,6,61,323,39,28,32
9304257,257,27,230,1965,178,79,79
12152,28,7,21,81,1,27,165
9810260,79,8,71,537,3,76,940
9310311,101,9,92,706,101,0,0
9410388,55,9,46,294,29,26,40
103197,21,3,18,44,0,21,53
9711426,23,8,15,36,16,7,9
6068,16,7,9,18,0,16,152
9811377,18,7,11,21,2,16,96
9406205,46,21,25,47,22,24,43
9606435,13,3,10,19,0,13,61
9308346,4,3,1,1,3,1,1
9302272,25,11,14,27,25,0,0
104105,3,2,1,1,0,3,6
9504417,3,3,0,0,2,1,1
9612402,26,2,24,72,1,25,116
9804331,4,2,2,2,1,3,3
9907375,1,1,0,0,0,1,6
203056,23,13,10,21,0,23,399
9311320,19,8,11,20,12,7,15
9704455,27,10,17,48,2,25,115
11078,2,2,0,0,2,0,0
9204211,80,21,59,227,80,0,0
9409457,13,8,5,6,7,6,8
2205,1,1,0,0,0,1,6
104047,19,3,16,52,0,19,200
9812275,27,12,15,31,1,26,126
9908480,13,3,10,34,2,11,121
9511219,2,2,0,0,0,2,8
9611358,7,1,6,9,0,7,50
9801209,65,19,46,197,65,0,0
9304321,24,4,20,62,6,18,28
9503259,23,1,22,52,10,13,29
9408234,55,11,44,177,31,24,54
3184,57,9,48,272,2,55,535
9803299,70,5,65,384,3,67,275
9812308,8,6,2,2,0,8,39
9404308,26,12,14,18,18,8,8
9707215,47,7,40,142,22,25,34
1311,4,3,1,1,4,0,0
9812538,69,15,54,205,3,66,408
9911224,10,6,4,4,2,8,36
9612247,1,1,0,0,1,0,0
9605273,98,11,87,439,45,53,158
9807376,4,1,3,6,4,0,0
9706300,11,3,8,18,1,10,26
9603292,5,5,0,0,0,5,14
9307344,15,5,10,20,7,8,12
9711340,6,2,4,5,3,3,5
9411219,27,4,23,76,21,6,12
9301261,16,3,13,29,16,0,0
9809537,6,2,4,6,6,0,0
9411366,79,3,76,524,48,31,52
9504208,9,3,6,8,0,9,37
9211325,12,2,10,21,3,9,9
9204234,25,13,12,24,25,0,0
9910433,9,5,4,6,0,9,46
9402266,37,22,15,36,6,31,121
9403350,34,3,31,156,9,25,32
9610431,10,5,5,6,0,10,25
9808304,46,2,44,218,0,46,257
9403288,18,1,17,78,8,10,10
9708495,15,3,12,38,0,15,49
105308,16,9,7,12,0,16,54
9907341,27,3,24,164,27,0,0
9911392,21,1,20,67,0,21,219
9705304,96,6,90,508,6,90,188
7208,39,9,30,107,0,39,731
7338,10,3,7,17,7,3,3
9605222,30,4,26,88,4,26,79
9702299,42,12,30,91,10,32,151
9709383,14,3,11,23,0,14,168
10074,2,2,0,0,2,0,0
9701347,6,3,3,7,0,6,45
9607214,57,5,52,316,15,42,94
111169,1,1,0,0,0,1,6
9510313,18,2,16,56,3,15,29
9408229,35,10,25,47,35,0,0
9402227,88,13,75,362,88,0,0
9608231,27,2,25,80,16,11,22
9909560,22,8,14,63,0,22,137
9206205,39,5,34,94,39,0,0
9409375,97,9,88,708,40,57,88
9711258,20,2,18,54,0,20,103
9607473,32,5,27,98,4,28,48
9506264,41,10,31,122,11,30,89
9811235,30,12,18,38,6,24,71
9904220,49,4,45,355,0,49,373
9508379,126,9,117,666,31,95,401
9503227,3,2,1,2,3,0,0
9710334,22,7,15,27,5,17,17
9411244,3,3,0,0,2,1,2
9708239,51,6,45,175,4,47,340
9604244,21,5,16,61,3,18,50
9311213,21,2,19,83,19,2,6
9703298,40,2,38,271,8,32,60
9806260,10,5,5,6,0,10,63
9711486,18,6,12,23,2,16,34
9311237,55,15,40,111,27,28,28
9807489,5,1,4,6,0,5,39
2103,0,0,0,0,0,0,0
9303236,36,8,28,89,36,0,0
9709454,5,5,0,0,0,5,11
9812378,10,1,9,28,2,8,16
9306267,25,13,12,20,25,0,0
9209268,124,17,107,831,114,10,10
9304274,8,5,3,4,8,0,0
9806429,5,3,2,2,0,5,76
9309270,9,5,4,5,6,3,13
9610471,12,6,6,11,0,12,82
9211230,4,2,2,2,4,0,0
9411375,10,6,4,5,5,5,10
9409376,3,2,1,1,2,1,1
9609423,8,3,5,7,4,4,4
9601205,54,8,46,172,27,27,81
9609287,16,3,13,27,3,13,29
9708207,32,12,20,73,1,31,90
9807439,4,1,3,3,0,4,21
9609369,7,2,5,5,4,3,6
9911463,8,3,5,8,0,8,79
9508353,15,5,10,25,15,0,0
9811364,11,4,7,16,9,2,2
9606431,6,2,4,6,0,6,41
9507306,7,1,6,8,1,6,7
9501230,50,8,42,248,50,0,0
9705234,57,1,56,380,7,50,226
9811340,6,3,3,6,0,6,17
9909506,66,4,62,684,0,66,136
6148,2,1,1,1,0,2,9
9601352,16,9,7,13,4,12,31
108185,4,4,0,0,0,4,15
9903359,12,1,11,28,6,6,29
9308283,14,5,9,12,1,13,43
9910247,29,4,25,140,0,29,289
9910295,13,4,9,22,0,13,79
112206,15,6,9,27,0,15,123
202089,17,2,15,78,0,17,21
9812483,59,5,54,327,6,53,490
9908363,44,10,34,151,44,0,0
9303291,62,13,49,212,53,9,9
9708364,20,6,14,44,0,20,94
9712255,2,2,0,0,0,2,2
9307347,58,13,45,280,58,0,0
9210229,19,4,15,46,19,0,0
9702409,79,6,73,514,1,78,884
9510275,7,4,3,5,3,4,4
102187,15,3,12,36,0,15,84
9708443,4,3,1,2,0,4,23
9503362,20,5,15,23,15,5,10
9608221,18,8,10,18,4,14,32
9811256,18,5,13,29,6,12,24
9302281,29,7,22,71,29,0,0
9809244,32,6,26,169,0,32,91
9711506,7,5,2,2,7,0,0
9805259,35,4,31,130,1,34,151
9504228,12,5,7,11,11,1,1
9806293,20,8,12,24,3,17,41
9704361,77,12,65,380,7,70,220
9609267,10,3,7,17,1,9,28
1004,2,1,1,1,2,0,0
9803470,5,4,1,2,0,5,12
9302307,109,20,89,611,98,11,11
9307320,23,12,11,19,3,20,33
9907468,9,2,7,15,0,9,24
9703220,52,5,47,202,14,38,123
9601343,31,16,15,32,7,24,46
9310380,8,2,6,15,8,0,0
10348,21,3,18,52,0,21,113
9601203,9,8,1,2,0,9,28
5159,4,3,1,1,0,4,64
10086,14,4,10,24,1,13,40
9804273,33,6,27,73,4,29,146
9401209,11,2,9,38,0,11,61
107329,13,8,5,7,0,13,148
9402284,13,4,9,16,4,9,18
102211,11,3,8,42,0,11,21
9906471,10,6,4,5,9,1,2
9911323,70,13,57,169,1,69,291
3138,6,2,4,8,2,4,13
106130,6,1,5,10,0,6,12
9306325,16,6,10,42,9,7,7
9801238,19,9,10,15,1,18,88
9402342,31,7,24,70,17,14,17
4193,9,1,8,17,2,7,12
8258,12,3,9,18,0,12,78
9707512,4,2,2,3,1,3,4
9606333,1,1,0,0,1,0,0
9602230,2,2,0,0,2,0,0
9508358,2,2,0,0,0,2,8
9807563,2,2,0,0,1,1,4
9503484,58,11,47,191,8,50,87
9411203,45,20,25,59,35,10,25
9703224,18,5,13,24,1,17,31
9410304,53,7,46,162,32,21,27
9502312,15,14,1,2,10,5,5
9409208,31,7,24,84,31,0,0
9911349,17,3,14,39,0,17,152
9903417,141,10,131,770,18,123,483
5049,22,4,18,34,1,21,176
9408245,128,17,111,831,128,0,0
9505396,3,3,0,0,3,0,0
211144,2,2,0,0,1,1,7
109231,11,5,6,17,0,11,98
10017,45,24,21,49,24,21,47
9906338,6,1,5,11,0,6,64
110127,35,0,35,221,0,35,254
103043,9,1,8,18,0,9,37
109247,5,1,4,5,0,5,27
9608289,1,1,0,0,1,0,0
9408255,16,5,11,24,16,0,0
101131,18,4,14,21,0,18,58
9903538,27,2,25,245,0,27,317
8158,8,4,4,6,0,8,92
9902290,13,6,7,9,0,13,116
9611286,5,1,4,6,0,5,17
9803258,1,1,0,0,0,1,5
9405380,14,6,8,22,14,0,0
9912240,9,1,8,11,0,9,31
9606418,3,2,1,1,0,3,15
9412365,8,3,5,7,1,7,25
4069,5,3,2,3,0,5,21
112034,7,3,4,8,0,7,53
8292,27,7,20,60,0,27,331
8071,12,3,9,14,1,11,131
9602322,21,2,19,69,0,21,69
9911206,18,7,11,17,2,16,99
9410284,3,3,0,0,0,3,19
9305293,20,3,17,34,10,10,10
9908337,27,5,22,84,0,27,199
9707447,16,6,10,26,6,10,13
9512320,26,1,25,113,0,26,57
9509355,38,6,32,82,0,38,179
9711253,4,3,1,1,1,3,5
9611380,1,1,0,0,1,0,0
9209266,4,2,2,2,4,0,0
9508359,51,9,42,199,46,5,5
9501240,39,4,35,135,34,5,6
9705239,0,0,0,0,0,0,0
106027,17,3,14,35,1,16,149
9612333,18,10,8,15,6,12,23
9712498,1,1,0,0,0,1,2
9809377,6,6,0,0,0,6,42
9304278,2,2,0,0,2,0,0
9712386,3,2,1,1,3,0,0
9604295,31,4,27,155,8,23,32
9609226,26,7,19,57,1,25,84
9701248,30,6,24,81,5,25,39
9910424,5,5,0,0,0,5,68
9605424,8,3,5,10,0,8,16
9611232,5,1,4,4,1,4,11
9507365,12,4,8,14,11,1,1
9212212,69,13,56,219,59,10,10
9807397,4,2,2,2,0,4,4
9405250,35,9,26,73,29,6,6
9603302,14,4,10,18,2,12,28
9603204,50,9,41,116,28,22,33
2081,15,5,10,25,0,15,97
9804397,23,6,17,32,2,21,88
9806433,2,2,0,0,0,2,6
9509217,12,5,7,12,5,7,11
9507402,3,3,0,0,1,2,5
9606485,3,1,2,2,3,0,0
9709379,57,2,55,345,1,56,333
9605395,14,7,7,18,6,8,13
9811395,3,1,2,3,0,3,5
9701241,15,7,8,26,2,13,91
9508270,1,1,0,0,0,1,1
9701312,2,2,0,0,1,1,1
9709425,7,3,4,4,0,7,15
9509259,6,2,4,4,2,4,5
9408328,11,6,5,8,9,2,2
9904455,11,6,5,7,1,10,15
9704228,24,5,19,58,23,1,1
9612225,24,10,14,47,4,20,77
9407241,6,2,4,5,6,0,0
9612212,13,2,11,48,0,13,106
9408340,14,5,9,20,7,7,8
9609457,17,5,12,24,8,9,29
9511250,12,6,6,13,12,0,0
6229,26,7,19,50,0,26,154
3281,5,1,4,6,0,5,47
9909428,7,3,4,6,0,7,27
9207260,1,1,0,0,1,0,0
9712459,23,4,19,77,0,23,56
9506276,2,1,1,1,0,2,12
9801204,10,2,8,13,1,9,69
9807557,7,4,3,5,1,6,29
9812279,2,2,0,0,1,1,1
10108,3,2,1,1,0,3,14
8103,6,4,2,2,0,6,37
9305291,16,6,10,20,2,14,31
9612353,17,1,16,50,0,17,111
9501349,5,4,1,1,0,5,25
106098,4,4,0,0,0,4,25
9287,16,5,11,27,2,14,131
9804206,6,3,3,4,0,6,11
9610354,14,5,9,27,2,12,37
7357,22,7,15,62,1,21,135
9605373,4,2,2,3,4,0,0
9603221,6,6,0,0,2,4,9
9711512,5,4,1,1,1,4,27
9809256,4,2,2,3,0,4,6
9702249,8,5,3,5,2,6,16
12305,7,3,4,4,2,5,46
9601325,7,4,3,6,0,7,32
9908516,22,1,21,98,0,22,153
108275,7,2,5,12,0,7,33
103157,14,7,7,12,0,14,108
8078,12,9,3,3,3,9,35
9603337,11,4,7,20,7,4,5
9704313,2,2,0,0,0,2,3
9504225,1,1,0,0,0,1,2
112305,12,4,8,13,0,12,98
9704322,38,6,32,103,1,37,266
9705236,24,5,19,83,0,24,286
206148,6,5,1,1,0,6,28
9904334,9,2,7,14,2,7,19
9306211,3,2,1,1,3,0,0
110141,2,1,1,1,0,2,5
9801282,22,6,16,60,7,15,45
9612349,4,2,2,2,1,3,84
8033,9,5,4,5,9,0,0
109230,13,6,7,11,2,11,71
9601391,11,8,3,3,1,10,45
9802279,3,3,0,0,1,2,6
9510424,5,3,2,3,0,5,13
9705396,2,1,1,1,0,2,4
9605336,12,9,3,3,3,9,29
302225,0,0,0,0,0,0,0
201031,3,3,0,0,1,2,7
8160,2,2,0,0,0,2,4
9608438,16,2,14,46,1,15,45
9612495,12,3,9,25,1,11,19
9504238,22,3,19,28,9,13,30
9403274,28,5,23,73,24,4,4
1200,3,2,1,2,0,3,28
9704413,1,1,0,0,0,1,1
9606275,16,2,14,88,0,16,56
9810477,1,1,0,0,0,1,1
9504278,11,4,7,8,9,2,2
9301218,17,8,9,17,17,0,0
9806290,8,5,3,6,0,8,97
8016,13,6,7,15,1,12,75
9211221,11,9,2,2,11,0,0
9402203,18,6,12,16,18,0,0
9905222,14,7,7,18,1,13,104
9903492,7,4,3,4,0,7,27
9909364,5,3,2,2,0,5,27
205216,4,4,0,0,1,3,10
108265,5,3,2,3,0,5,27
9907222,5,4,1,1,1,4,19
9506437,11,6,5,10,1,10,37
9605386,6,6,0,0,0,6,29
111068,25,5,20,65,0,25,161
9706472,6,3,3,4,5,1,1
9911517,6,2,4,11,2,4,9
9802392,4,3,1,1,0,4,4
9305237,5,3,2,3,5,0,0
9703438,16,6,10,23,0,16,88
9607439,26,7,19,53,0,26,55
9411353,13,7,6,8,13,0,0
9610510,2,1,1,1,0,2,18
9806299,17,4,13,27,1,16,108
7161,0,0,0,0,0,0,0
9603389,9,4,5,9,4,5,5
9912429,1,1,0,0,0,1,9
9602269,11,4,7,10,4,7,16
9301255,5,2,3,6,0,5,5
107307,4,4,0,0,0,4,33
9812522,25,4,21,50,1,24,82
9903512,11,2,9,24,0,11,53
107262,4,3,1,1,0,4,29
2242,17,6,11,30,2,15,64
105188,13,5,8,24,2,11,44
109018,11,3,8,23,0,11,107
9907314,15,2,13,31,2,13,42
9243,0,0,0,0,0,0,0
108021,36,1,35,206,0,36,237
103046,16,6,10,18,0,16,83
104109,8,3,5,7,0,8,44
9805268,50,13,37,74,16,34,83
206258,4,3,1,1,0,4,74
9905252,12,4,8,16,0,12,67
202158,14,7,7,11,1,13,43
9901305,2,2,0,0,2,0,0
9602419,32,3,29,90,32,0,0
102010,22,3,19,58,4,18,57
9601309,18,5,13,41,0,18,87
9704299,11,4,7,23,0,11,75
9512414,3,3,0,0,1,2,4
9605219,15,5,10,34,2,13,27
9902302,6,6,0,0,1,5,13
9809455,4,2,2,2,0,4,20
9704213,18,2,16,34,0,18,77
9603284,7,3,4,7,7,0,0
9410306,1,1,0,0,1,0,0
9809517,3,2,1,1,0,3,15
9706500,1,1,0,0,0,1,1
9802421,6,4,2,2,0,6,45
9808213,6,5,1,1,1,5,12
9802364,9,4,5,12,4,5,7
9807222,11,4,7,19,1,10,49
11291,0,0,0,0,0,0,0
9710547,19,7,12,14,5,14,69
9302214,12,5,7,12,12,0,0
9709291,17,6,11,30,0,17,148
9612336,7,4,3,4,7,0,0
9912218,3,2,1,1,0,3,10
9810323,4,1,3,4,0,4,9
206191,1,1,0,0,0,1,6
9304262,8,5,3,4,4,4,4
9908258,5,2,3,6,1,4,11
201287,17,2,15,31,3,14,34
9908483,17,10,7,10,3,14,40
9904443,5,2,3,3,5,0,0
9610464,8,5,3,5,1,7,45
8107,7,5,2,4,0,7,47
106293,3,3,0,0,0,3,5
9607343,2,2,0,0,0,2,14
9704450,7,3,4,5,1,6,26
9409417,1,1,0,0,0,1,2
9806363,3,2,1,1,0,3,7
9807464,23,6,17,33,3,20,42
9710316,24,9,15,76,3,21,58
9903327,14,4,10,12,0,14,86
9906529,10,1,9,30,5,5,9
9510243,4,2,2,3,0,4,7
9911381,10,4,6,7,0,10,42
9705275,13,4,9,17,1,12,58
9506281,19,8,11,26,1,18,65
9701234,12,2,10,23,3,9,33
9711302,13,6,7,7,2,11,23
102137,5,5,0,0,3,2,6
9408354,26,5,21,86,26,0,0
9604265,1,1,0,0,0,1,1
8319,3,2,1,1,0,3,21
9311265,12,8,4,8,9,3,3
9604253,6,3,3,3,1,5,9
9602209,2,1,1,1,2,0,0
9504268,7,1,6,8,1,6,8
9401282,8,1,7,17,1,7,7
9702377,2,2,0,0,0,2,2
9601363,17,8,9,20,14,3,3
9811475,3,3,0,0,0,3,19
110335,1,1,0,0,0,1,4
9609329,7,3,4,5,1,6,14
9812301,4,2,2,2,3,1,1
9342,6,1,5,6,1,5,14
3174,7,4,3,3,0,7,58
7306,5,3,2,3,0,5,57
9310230,4,1,3,4,0,4,8
9508305,4,3,1,2,3,1,1
9406311,10,5,5,7,4,6,15
9909445,4,1,3,3,0,4,24
109100,5,3,2,3,1,4,22
6147,9,1,8,19,2,7,7
9809493,6,3,3,3,0,6,16
9712428,6,2,4,5,3,3,4
9209272,7,2,5,8,7,0,0
9504421,2,2,0,0,1,1,1
110339,4,3,1,1,0,4,13
105292,27,6,21,42,5,22,97
9310310,7,3,4,8,5,2,2
9809272,4,1,3,3,0,4,22
9609266,9,3,6,10,1,8,38
9805221,8,1,7,14,0,8,10
9911332,7,2,5,10,0,7,48
9905425,6,3,3,3,1,5,18
107206,16,5,11,41,0,16,151
111299,9,2,7,14,0,9,54
3190,3,3,0,0,0,3,8
9304256,9,5,4,5,4,5,5
9509360,4,2,2,3,1,3,5
9907433,4,4,0,0,4,0,0
9411379,13,7,6,6,7,6,6
9602249,1,1,0,0,1,0,0
9511237,4,1,3,4,4,0,0
104228,9,1,8,14,0,9,112
9808343,1,1,0,0,1,0,0
203159,3,2,1,1,0,3,15
9610315,8,3,5,13,1,7,18
9412390,7,4,3,5,1,6,8
9803312,8,3,5,9,2,6,10
9612223,17,8,9,15,3,14,28
9604360,10,2,8,12,4,6,10
1034,6,3,3,6,2,4,15
9610257,2,2,0,0,0,2,7
9611206,14,1,13,26,0,14,32
106292,4,2,2,3,0,4,9
9706318,5,4,1,1,0,5,9
6300,4,4,0,0,0,4,14
207087,1,1,0,0,0,1,23
9803464,9,6,3,5,0,9,35
9605409,6,3,3,6,5,1,2
9609429,5,1,4,5,4,1,1
108204,5,2,3,4,0,5,13
9707379,6,3,3,3,3,3,8
203099,8,1,7,18,0,8,127
8256,2,1,1,1,0,2,3
9412284,3,2,1,1,3,0,0
9902279,7,3,4,4,0,7,8
9506472,7,6,1,1,0,7,19
107126,0,0,0,0,0,0,0
209333,1,1,0,0,0,1,2
207110,9,6,3,4,0,9,93
207096,7,6,1,1,3,4,25
9912216,25,8,17,34,7,18,63
9907373,10,3,7,21,4,6,7
111070,0,0,0,0,0,0,0
9801414,7,2,5,14,1,6,8
9904409,10,3,7,18,0,10,44
103121,13,3,10,21,0,13,99
207121,1,1,0,0,1,0,0
102338,7,3,4,5,0,7,24
9904304,4,1,3,5,0,4,10
9802422,7,4,3,3,0,7,54
9609320,12,5,7,9,1,11,36
9404337,7,5,2,2,7,0,0
9705328,3,2,1,1,1,2,6
9508414,8,4,4,4,8,0,0
9506344,5,3,2,5,1,4,9
211068,1,1,0,0,0,1,18
205113,2,1,1,1,0,2,5
9806250,3,1,2,2,0,3,15
9704436,11,1,10,24,2,9,15
9610373,9,4,5,13,2,7,22
10113,4,2,2,2,1,3,15
6063,2,1,1,1,0,2,9
9608451,3,2,1,1,2,1,2
212151,2,2,0,0,1,1,17
6197,12,1,11,52,0,12,27
9801264,4,3,1,1,4,0,0
11048,9,3,6,9,0,9,88
9210264,4,2,2,3,4,0,0
210339,0,0,0,0,0,0,0
203053,2,2,0,0,0,2,15
204120,2,1,1,1,0,2,8
101300,9,4,5,11,0,9,90
9303288,8,6,2,4,6,2,2
211111,4,2,2,2,0,4,33
11062,12,3,9,25,1,11,18
205312,6,3,3,3,0,6,35
11314,20,3,17,56,1,19,174
9604252,1,1,0,0,1,0,0
9901276,3,2,1,1,0,3,64
9802444,1,1,0,0,0,1,1
9706299,0,0,0,0,0,0,0
9507311,11,6,5,6,4,7,17
9907307,8,1,7,17,0,8,71
8295,18,6,12,40,0,18,165
10007,8,4,4,5,0,8,48
9909529,5,4,1,1,0,5,31
105037,19,7,12,25,2,17,202
9503284,0,0,0,0,0,0,0
9904228,2,2,0,0,0,2,4
9906420,4,2,2,2,0,4,35
9103,2,2,0,0,1,1,2
6293,1,1,0,0,0,1,21
5202,2,2,0,0,0,2,3
9606236,0,0,0,0,0,0,0
9606318,5,2,3,5,0,5,7
9502409,3,2,1,1,3,0,0
9805463,2,2,0,0,0,2,7
9809262,11,5,6,12,1,10,53
102150,3,1,2,2,1,2,19
9706466,1,1,0,0,1,0,0
6234,3,3,0,0,1,2,4
5098,3,2,1,1,0,3,15
12177,3,2,1,1,0,3,6
201302,3,2,1,1,0,3,6
9711295,4,4,0,0,4,0,0
202160,6,4,2,2,1,5,20
9808225,12,4,8,14,2,10,34
9408212,6,3,3,4,3,3,4
9608286,8,3,5,15,1,7,11
9812203,1,1,0,0,0,1,19
9304212,4,4,0,0,4,0,0
9702428,2,1,1,1,0,2,4
9510205,2,2,0,0,1,1,2
9809567,16,4,12,19,3,13,32
9910499,4,4,0,0,0,4,31
9502368,7,2,5,6,7,0,0
9902472,1,1,0,0,0,1,16
9601347,7,2,5,8,7,0,0
9912446,6,3,3,7,0,6,10
209192,3,2,1,1,1,2,22
111105,0,0,0,0,0,0,0
211206,1,1,0,0,0,1,18
9601284,3,1,2,2,0,3,13
207131,3,2,1,1,1,2,4
9609217,5,1,4,5,4,1,1
9712357,6,3,3,4,2,4,16
9807431,0,0,0,0,0,0,0
9708444,2,1,1,1,1,1,2
9711256,5,2,3,4,0,5,24
9706272,4,1,3,5,0,4,22
9707346,3,3,0,0,2,1,1
3021,9,2,7,13,0,9,87
9811455,7,2,5,8,2,5,9
204012,2,2,0,0,2,0,0
201130,3,2,1,1,0,3,19
205338,0,0,0,0,0,0,0
103076,6,2,4,5,1,5,24
9509223,1,1,0,0,1,0,0
107043,2,2,0,0,0,2,2
9710351,1,1,0,0,1,0,0
9805207,4,2,2,3,0,4,10
8238,3,2,1,1,0,3,10
104055,3,3,0,0,1,2,3
112304,2,2,0,0,0,2,9
4141,3,3,0,0,0,3,8
9601219,2,2,0,0,2,0,0
9808281,4,2,2,3,0,4,12
9805295,7,5,2,3,2,5,29
9609352,5,1,4,7,1,4,39
9608212,4,2,2,3,4,0,0
9807218,3,3,0,0,1,2,4
9910528,1,1,0,0,1,0,0
9502314,3,3,0,0,2,1,3
9705441,2,2,0,0,0,2,13
206090,1,1,0,0,0,1,1
12110,3,2,1,1,1,2,13
204121,0,0,0,0,0,0,0
9907483,3,1,2,3,1,2,2
9907273,6,5,1,1,6,0,0
9610262,11,1,10,30,1,10,26
212110,1,1,0,0,0,1,2
11395,1,1,0,0,0,1,5
9911509,0,0,0,0,0,0,0
110122,4,2,2,2,4,0,0
9506308,3,2,1,1,1,2,3
9910215,5,5,0,0,1,4,31
212156,2,1,1,1,0,2,13
9712343,9,2,7,20,0,9,32
202221,1,1,0,0,1,0,0
8324,1,1,0,0,0,1,2
102336,4,2,2,2,0,4,21
112050,4,1,3,4,4,0,0
9907392,0,0,0,0,0,0,0
212099,1,1,0,0,0,1,16
301260,0,0,0,0,0,0,0
206307,5,1,4,6,0,5,48
11060,1,1,0,0,1,0,0
9909536,4,3,1,2,1,3,16
105130,0,0,0,0,0,0,0
111128,0,0,0,0,0,0,0
9406325,2,2,0,0,1,1,1
9909219,1,1,0,0,1,0,0
9912248,2,1,1,1,0,2,6
9807374,15,5,10,17,13,2,2
2110,1,1,0,0,0,1,1
106148,2,2,0,0,0,2,13
9506410,0,0,0,0,0,0,0
5116,5,2,3,4,0,5,16
9801255,4,3,1,1,0,4,7
208275,3,2,1,1,0,3,14
9511432,1,1,0,0,0,1,1
210240,1,1,0,0,0,1,5
103005,1,1,0,0,0,1,3
1308,8,3,5,6,1,7,28
9709332,3,3,0,0,3,0,0
101272,5,1,4,5,0,5,31
9701368,2,2,0,0,0,2,6
9410348,7,4,3,4,5,2,2
103193,0,0,0,0,0,0,0
101260,9,8,1,1,1,8,64
12258,1,1,0,0,0,1,3
8248,1,1,0,0,0,1,1
9506394,3,3,0,0,0,3,6
10004,5,3,2,3,0,5,16
2062,5,3,2,6,1,4,14
9705211,1,1,0,0,1,0,0
203260,1,1,0,0,0,1,1
9706363,9,7,2,3,0,9,30
6080,5,5,0,0,0,5,10
9503348,0,0,0,0,0,0,0
106127,5,4,1,1,0,5,25
9708321,1,1,0,0,0,1,8
9811477,3,2,1,1,2,1,1
203090,8,3,5,10,0,8,31
9707310,1,1,0,0,0,1,4
1241,0,0,0,0,0,0,0
9406281,6,5,1,1,2,4,6
9810234,3,2,1,1,0,3,7
9701217,0,0,0,0,0,0,0
111071,0,0,0,0,0,0,0
9703423,1,1,0,0,0,1,2
4222,2,1,1,1,0,2,8
9510407,8,2,6,15,0,8,28
9601381,1,1,0,0,1,0,0
9710511,2,2,0,0,1,1,3
2051,6,3,3,3,4,2,2
106180,1,1,0,0,0,1,7
205227,5,4,1,2,0,5,44
9806520,1,1,0,0,0,1,9
209296,0,0,0,0,0,0,0
10243,2,2,0,0,0,2,2
9212264,1,1,0,0,1,0,0
9807334,22,1,21,78,0,22,243
9504361,1,1,0,0,0,1,1
9608400,1,1,0,0,0,1,5
9610281,3,3,0,0,1,2,2
7184,4,4,0,0,1,3,10
212236,0,0,0,0,0,0,0
8195,9,3,6,10,0,9,13
9407220,3,2,1,1,3,0,0
206093,1,1,0,0,0,1,4
107176,7,5,2,2,2,5,33
9406269,2,2,0,0,2,0,0
9703333,1,1,0,0,1,0,0
105304,11,2,9,28,0,11,86
9806453,9,2,7,18,0,9,73
9903318,7,4,3,3,4,3,6
107078,6,6,0,0,3,3,11
9609355,3,1,2,2,0,3,7
103013,3,3,0,0,0,3,9
10230,4,1,3,4,0,4,31
206260,0,0,0,0,0,0,0
205092,0,0,0,0,0,0,0
207177,0,0,0,0,0,0,0
9702303,1,1,0,0,0,1,2
9811345,3,3,0,0,0,3,16
9302276,0,0,0,0,0,0,0
9707522,0,0,0,0,0,0,0
5178,0,0,0,0,0,0,0
8189,7,4,3,4,2,5,21
11043,1,1,0,0,0,1,2
9411317,3,2,1,1,3,0,0
9803338,3,3,0,0,1,2,8
9406409,0,0,0,0,0,0,0
9503242,0,0,0,0,0,0,0
206296,0,0,0,0,0,0,0
2097,5,2,3,4,0,5,14
1097,0,0,0,0,0,0,0
9509300,1,1,0,0,0,1,1
206098,1,1,0,0,0,1,3
9402273,0,0,0,0,0,0,0
9910325,2,2,0,0,1,1,7
205327,4,4,0,0,0,4,32
102100,0,0,0,0,0,0,0
112088,4,4,0,0,0,4,37
207079,9,6,3,5,0,9,96
9711202,5,5,0,0,1,4,8
9510356,2,2,0,0,1,1,1
9303314,3,3,0,0,2,1,1
9802321,1,1,0,0,1,0,0
7291,6,2,4,7,0,6,59
9405403,1,1,0,0,0,1,2
204151,1,1,0,0,0,1,5
9705397,7,5,2,3,2,5,24
9705410,2,2,0,0,0,2,4
210109,1,1,0,0,0,1,4
11122,1,1,0,0,0,1,2
2146,0,0,0,0,0,0,0
9702217,0,0,0,0,0,0,0
109081,6,4,2,2,1,5,16
209068,0,0,0,0,0,0,0
301158,0,0,0,0,0,0,0
7130,2,2,0,0,2,0,0
9506377,1,1,0,0,1,0,0
9097,3,3,0,0,1,2,2
9502342,4,2,2,2,0,4,12
105170,2,2,0,0,1,1,9
201229,5,3,2,3,0,5,18
5053,1,1,0,0,0,1,2
110356,1,1,0,0,0,1,1
9804336,1,1,0,0,0,1,5
9804289,1,1,0,0,1,0,0
302027,1,1,0,0,1,0,0
9411265,2,2,0,0,2,0,0
211438,2,2,0,0,0,2,5
9904453,0,0,0,0,0,0,0
111467,0,0,0,0,0,0,0
210381,0,0,0,0,0,0,0
9506404,0,0,0,0,0,0,0
204064,3,2,1,1,0,3,36
9412216,2,2,0,0,2,0,0
9308334,1,1,0,0,1,0,0
9411389,1,1,0,0,1,0,0
9411348,0,0,0,0,0,0,0
208117,1,1,0,0,0,1,5
9407386,0,0,0,0,0,0,0
202235,2,1,1,1,0,2,4
9704368,2,2,0,0,1,1,1
210172,2,1,1,1,0,2,4
9508363,0,0,0,0,0,0,0
9512392,0,0,0,0,0,0,0
9905218,4,3,1,1,0,4,16
9803327,1,1,0,0,1,0,0
212063,0,0,0,0,0,0,0
1314,0,0,0,0,0,0,0
211213,2,2,0,0,0,2,29
9403355,1,1,0,0,1,0,0
204063,2,2,0,0,0,2,20
9909201,1,1,0,0,0,1,3
108257,3,3,0,0,0,3,18
9606394,1,1,0,0,1,0,0
112232,4,4,0,0,2,2,3
202139,5,4,1,1,0,5,28
3039,3,2,1,1,3,0,0
9907330,1,1,0,0,0,1,1
9602278,0,0,0,0,0,0,0
9603369,1,1,0,0,0,1,2
204140,2,1,1,1,0,2,31
9409256,1,1,0,0,1,0,0
9501368,2,1,1,1,0,2,5
102300,1,1,0,0,0,1,2
111305,2,1,1,1,0,2,7
9406304,0,0,0,0,0,0,0
9711269,1,1,0,0,0,1,7
9605435,1,1,0,0,0,1,1
301263,0,0,0,0,0,0,0
9911251,1,1,0,0,0,1,3
107125,3,2,1,2,0,3,17
9708260,2,2,0,0,2,0,0
4212,2,1,1,1,0,2,4
9808428,0,0,0,0,0,0,0
9910329,1,1,0,0,0,1,6
204312,0,0,0,0,0,0,0
9807559,4,2,2,3,1,3,5
11041,1,1,0,0,1,0,0
9907299,2,2,0,0,0,2,8
209322,2,2,0,0,0,2,2
110396,0,0,0,0,0,0,0
205267,0,0,0,0,0,0,0
9608431,0,0,0,0,0,0,0
9308301,1,1,0,0,1,0,0
5246,2,1,1,1,0,2,13
105101,3,2,1,1,0,3,16
9803283,5,2,3,6,0,5,33
103003,2,2,0,0,0,2,6
9309327,1,1,0,0,1,0,0
212251,0,0,0,0,0,0,0
9809246,0,0,0,0,0,0,0
11181,0,0,0,0,0,0,0
9806313,0,0,0,0,0,0,0
9808461,2,2,0,0,0,2,2
9410336,0,0,0,0,0,0,0
5036,0,0,0,0,0,0,0
103135,2,1,1,1,0,2,3
211033,0,0,0,0,0,0,0
207023,1,1,0,0,0,1,2
204034,3,3,0,0,0,3,8
9703205,3,1,2,2,3,0,0
11166,0,0,0,0,0,0,0
9312254,1,1,0,0,0,1,1
9205208,1,1,0,0,1,0,0
9904322,1,1,0,0,0,1,1
211221,2,2,0,0,0,2,2
9711431,1,1,0,0,1,0,0
203057,1,1,0,0,0,1,1
9906535,0,0,0,0,0,0,0
110337,1,1,0,0,0,1,4
210153,1,1,0,0,0,1,1
209358,0,0,0,0,0,0,0
212390,0,0,0,0,0,0,0
211223,0,0,0,0,0,0,0
9503265,0,0,0,0,0,0,0
9511246,1,1,0,0,0,1,2
9909223,0,0,0,0,0,0,0
9709426,0,0,0,0,0,0,0
203078,1,1,0,0,0,1,6
9908441,1,1,0,0,1,0,0
112292,1,1,0,0,0,1,2
10307,5,2,3,8,4,1,2
9404363,1,1,0,0,1,0,0
9707519,0,0,0,0,0,0,0
9906438,0,0,0,0,0,0,0
205077,0,0,0,0,0,0,0
9904326,2,2,0,0,2,0,0
205078,1,1,0,0,0,1,2
9307283,0,0,0,0,0,0,0
9707422,2,2,0,0,0,2,7
9701207,2,2,0,0,0,2,4
9407403,1,1,0,0,1,0,0
101252,0,0,0,0,0,0,0
211350,0,0,0,0,0,0,0
9808279,0,0,0,0,0,0,0
9704449,0,0,0,0,0,0,0
104013,0,0,0,0,0,0,0
9309332,2,1,1,1,2,0,0
209133,0,0,0,0,0,0,0
9404328,2,2,0,0,2,0,0
205086,0,0,0,0,0,0,0
210392,2,1,1,1,0,2,7
108052,0,0,0,0,0,0,0
110343,0,0,0,0,0,0,0
9507241,0,0,0,0,0,0,0
9904506,0,0,0,0,0,0,0
9904293,2,1,1,1,2,0,0
9908444,1,1,0,0,0,1,1
9221,0,0,0,0,0,0,0
9611237,1,1,0,0,0,1,3
9907565,0,0,0,0,0,0,0
9906543,2,2,0,0,0,2,10
9807291,0,0,0,0,0,0,0
9902275,1,1,0,0,0,1,2
203228,0,0,0,0,0,0,0
106008,0,0,0,0,0,0,0
9503435,0,0,0,0,0,0,0
102118,0,0,0,0,0,0,0
212259,0,0,0,0,0,0,0
9809408,0,0,0,0,0,0,0
9407315,0,0,0,0,0,0,0
9501215,0,0,0,0,0,0,0
302172,0,0,0,0,0,0,0
111096,0,0,0,0,0,0,0
205128,1,1,0,0,0,1,6
11163,0,0,0,0,0,0,0
212261,2,1,1,1,0,2,11
109208,1,1,0,0,1,0,0
9609398,0,0,0,0,0,0,0
9908209,1,1,0,0,1,0,0
207094,1,1,0,0,0,1,1
102114,1,1,0,0,0,1,2
212088,0,0,0,0,0,0,0
101015,2,2,0,0,0,2,3
205346,0,0,0,0,0,0,0
107019,0,0,0,0,0,0,0
9805348,2,1,1,1,1,1,1
112176,0,0,0,0,0,0,0
208022,0,0,0,0,0,0,0
203153,0,0,0,0,0,0,0
9307358,0,0,0,0,0,0,0
9309315,0,0,0,0,0,0,0
9712527,0,0,0,0,0,0,0
9805425,1,1,0,0,0,1,5
107088,1,1,0,0,1,0,0
9809280,1,1,0,0,0,1,11
9602428,0,0,0,0,0,0,0
212060,0,0,0,0,0,0,0
301256,1,1,0,0,0,1,27
9808452,0,0,0,0,0,0,0
8026,1,1,0,0,1,0,0
9807429,0,0,0,0,0,0,0
210343,0,0,0,0,0,0,0
203066,0,0,0,0,0,0,0
204267,2,1,1,1,2,0,0
9907220,2,2,0,0,0,2,13
109021,1,1,0,0,1,0,0
212097,2,1,1,1,0,2,26
212169,1,1,0,0,0,1,7
9603344,0,0,0,0,0,0,0
205087,0,0,0,0,0,0,0
9908478,2,1,1,1,2,0,0
1105,1,1,0,0,0,1,2
9506312,0,0,0,0,0,0,0
9406327,0,0,0,0,0,0,0
9808358,0,0,0,0,0,0,0
302224,0,0,0,0,0,0,0
9909430,1,1,0,0,0,1,1
9609507,1,1,0,0,0,1,1
208068,1,1,0,0,0,1,6
108263,1,1,0,0,0,1,10
3241,1,1,0,0,0,1,3
9907527,0,0,0,0,0,0,0
9802332,0,0,0,0,0,0,0
209197,0,0,0,0,0,0,0
302015,0,0,0,0,0,0,0
9607458,2,2,0,0,1,1,1
301078,1,1,0,0,0,1,3
11304,1,1,0,0,1,0,0
208178,2,2,0,0,0,2,23
210163,0,0,0,0,0,0,0
9605320,0,0,0,0,0,0,0
9504303,0,0,0,0,0,0,0
9707528,0,0,0,0,0,0,0
102095,2,2,0,0,0,2,3
9604348,0,0,0,0,0,0,0
103030,2,1,1,1,1,1,4
9711445,0,0,0,0,0,0,0
302082,0,0,0,0,0,0,0
9803474,0,0,0,0,0,0,0
9406408,0,0,0,0,0,0,0
206236,1,1,0,0,0,1,1
110288,0,0,0,0,0,0,0
112272,1,1,0,0,0,1,2
205028,0,0,0,0,0,0,0
12375,2,1,1,1,0,2,8
301008,0,0,0,0,0,0,0
206277,1,1,0,0,0,1,8
2159,0,0,0,0,0,0,0
9803404,0,0,0,0,0,0,0
211161,0,0,0,0,0,0,0
212221,0,0,0,0,0,0,0
209351,0,0,0,0,0,0,0
6353,0,0,0,0,0,0,0
201021,0,0,0,0,0,0,0
9207230,0,0,0,0,0,0,0
9805409,1,1,0,0,1,0,0
206053,0,0,0,0,0,0,0
6194,2,1,1,1,1,1,2
102328,0,0,0,0,0,0,0
9706222,0,0,0,0,0,0,0
210404,0,0,0,0,0,0,0
9812533,0,0,0,0,0,0,0
9912480,0,0,0,0,0,0,0
301138,0,0,0,0,0,0,0
9507399,0,0,0,0,0,0,0
10119,0,0,0,0,0,0,0
1275,0,0,0,0,0,0,0
110190,0,0,0,0,0,0,0
6356,0,0,0,0,0,0,0
9910340,0,0,0,0,0,0,0
9612350,0,0,0,0,0,0,0
110211,2,1,1,1,1,1,1
212163,0,0,0,0,0,0,0
1094,0,0,0,0,0,0,0
9508404,0,0,0,0,0,0,0
9803247,0,0,0,0,0,0,0
9604306,1,1,0,0,0,1,4
11037,0,0,0,0,0,0,0
212409,0,0,0,0,0,0,0
9609513,0,0,0,0,0,0,0
103227,0,0,0,0,0,0,0
9609396,0,0,0,0,0,0,0
205307,1,1,0,0,0,1,6
106271,0,0,0,0,0,0,0
112099,0,0,0,0,0,0,0
9403214,0,0,0,0,0,0,0
209155,0,0,0,0,0,0,0
205311,0,0,0,0,0,0,0
9909569,0,0,0,0,0,0,0
302115,0,0,0,0,0,0,0
9811233,0,0,0,0,0,0,0
9910385,0,0,0,0,0,0,0
8239,0,0,0,0,0,0,0
110132,0,0,0,0,0,0,0
104209,0,0,0,0,0,0,0
9306261,0,0,0,0,0,0,0
9405402,0,0,0,0,0,0,0
208169,0,0,0,0,0,0,0
112289,0,0,0,0,0,0,0
206255,0,0,0,0,0,0,0
9803330,0,0,0,0,0,0,0
211087,0,0,0,0,0,0,0
9311377,0,0,0,0,0,0,0
204098,1,1,0,0,0,1,5
9904358,0,0,0,0,0,0,0
111008,0,0,0,0,0,0,0
9703405,0,0,0,0,0,0,0
103347,0,0,0,0,0,0,0
201101,0,0,0,0,0,0,0
9907402,0,0,0,0,0,0,0
9607375,1,1,0,0,0,1,1
212332,0,0,0,0,0,0,0
201050,2,1,1,1,2,0,0
9508350,0,0,0,0,0,0,0
9810519,0,0,0,0,0,0,0
207190,0,0,0,0,0,0,0
9906407,0,0,0,0,0,0,0
9702439,0,0,0,0,0,0,0
1138,0,0,0,0,0,0,0
9711457,0,0,0,0,0,0,0
9610288,0,0,0,0,0,0,0
9207243,0,0,0,0,0,0,0
9409441,0,0,0,0,0,0,0
9608284,0,0,0,0,0,0,0
9907364,0,0,0,0,0,0,0
9308207,0,0,0,0,0,0,0
211365,0,0,0,0,0,0,0
1187,0,0,0,0,0,0,0
9912401,0,0,0,0,0,0,0
212207,0,0,0,0,0,0,0
207187,0,0,0,0,0,0,0
205079,0,0,0,0,0,0,0
9710527,0,0,0,0,0,0,0
9405255,0,0,0,0,0,0,0
9406309,0,0,0,0,0,0,0
207060,0,0,0,0,0,0,0
9708318,0,0,0,0,0,0,0
9609406,0,0,0,0,0,0,0
9508364,0,0,0,0,0,0,0
9910386,0,0,0,0,0,0,0
203274,0,0,0,0,0,0,0
9309233,0,0,0,0,0,0,0
9911320,0,0,0,0,0,0,0
212287,0,0,0,0,0,0,0
9508393,29,5,24,70,4,25,45
9406263,24,10,14,40,11,13,39
12208,15,4,11,24,0,15,143
9810438,3,2,1,2,2,1,2
9310332,52,10,42,126,52,0,0
9411335,7,1,6,9,0,7,7
9408332,47,19,28,102,25,22,50
9801412,26,6,20,76,9,17,29
6136,28,14,14,27,3,25,175
9911321,35,14,21,62,4,31,282
9506326,20,2,18,50,16,4,4
9608325,5,2,3,3,3,2,2
9401243,4,4,0,0,3,1,1
9401258,148,54,94,305,148,0,0
105318,3,1,2,2,0,3,18
9504434,35,12,23,62,16,19,33
9612424,47,13,34,178,4,43,245
9804343,10,3,7,13,0,10,37
9907462,10,2,8,18,0,10,121
1056,7,2,5,11,0,7,47
9311336,27,7,20,48,27,0,0
9706267,8,2,6,10,0,8,44
9702325,10,6,4,6,2,8,13
9406316,19,6,13,44,3,16,24
9409458,92,19,73,253,77,15,23
104016,8,6,2,2,3,5,10
105096,33,8,25,79,0,33,319
9903404,55,14,41,189,5,50,424
9507269,12,2,10,32,3,9,25
9212239,10,4,6,10,10,0,0
9611445,16,2,14,27,0,16,62
9401357,11,6,5,9,5,6,6
9602424,24,5,19,52,1,23,43
9503303,80,7,73,281,34,46,91
9408304,28,10,18,51,10,18,25
9207257,65,12,53,159,65,0,0
9805293,33,5,28,72,7,26,57
9812360,171,40,131,460,27,144,852
9809415,88,7,81,548,5,83,361
9710417,41,8,33,141,20,21,27
2044,15,9,6,8,4,11,61
9901228,64,5,59,350,3,61,654
9911238,9,5,4,5,2,7,18
9612391,6,3,3,4,0,6,23
9808251,71,3,68,469,3,68,527
9807517,24,4,20,81,0,24,151
9805262,79,7,72,383,47,32,72
9606221,1,1,0,0,0,1,3
9311227,10,7,3,6,2,8,14
9711358,8,8,0,0,3,5,14
9506228,19,9,10,16,4,15,49
9306235,32,4,28,80,24,8,8
9811355,14,2,12,24,0,14,41
9502304,20,8,12,22,9,11,14
9504323,2,1,1,1,0,2,5
9207237,16,4,12,32,16,0,0
9307275,2,2,0,0,1,1,1
9903302,12,3,9,23,0,12,78
9411298,26,10,16,21,0,26,40
9412208,66,2,64,353,18,48,81
9604251,6,2,4,7,0,6,35
9810232,74,16,58,218,4,70,561
9511466,17,2,15,44,3,14,39
9709445,17,3,14,39,1,16,47
107121,5,2,3,4,1,4,12
9909473,20,2,18,79,1,19,19
9209279,74,13,61,402,74,0,0
9705320,30,8,22,53,11,19,75
7313,44,9,35,111,0,44,490
10111,2,1,1,1,0,2,23
9605398,111,9,102,772,4,107,607
9702307,29,9,20,59,1,28,208
9710217,23,5,18,53,0,23,263
101023,14,5,9,13,3,11,32
9704355,20,6,14,23,13,7,7
9701233,70,6,64,450,4,66,194
111392,4,3,1,1,0,4,29
9706441,16,4,12,31,1,15,60
9409215,69,8,61,228,57,12,12
9411422,21,5,16,52,1,20,38
9611347,15,5,10,18,6,9,19
9911382,2,2,0,0,0,2,3
9303241,63,19,44,126,30,33,33
9410267,32,12,20,35,32,0,0
9801453,9,8,1,1,2,7,47
9611393,25,6,19,62,2,23,67
9510404,8,7,1,1,1,7,23
9812267,20,3,17,42,0,20,106
9904234,22,2,20,163,0,22,328
9603208,182,21,161,1014,36,146,1062
9403296,2,1,1,1,1,1,1
9803408,14,6,8,12,6,8,8
9411307,26,2,24,84,9,17,42
9708390,33,5,28,131,6,27,32
9602334,16,4,12,30,3,13,29
9312218,9,5,4,18,1,8,36
9706449,8,4,4,7,1,7,11
9806342,26,5,21,69,4,22,86
9305225,45,7,38,151,45,0,0
9501376,36,9,27,74,23,13,15
9811465,3,1,2,2,0,3,27
9211322,41,7,34,137,41,0,0
9403244,38,14,24,57,38,0,0
9511308,5,3,2,5,1,4,8
9812411,7,3,4,5,4,3,5
9307337,25,15,10,19,25,0,0
9311325,128,15,113,542,28,100,154
9411323,21,7,14,32,3,18,88
9810259,11,2,9,13,1,10,51
9403328,3,3,0,0,3,0,0
9709333,19,7,12,24,6,13,26
9402219,16,4,12,29,16,0,0
9411411,9,2,7,8,2,7,22
9502348,84,8,76,401,52,32,38
9403304,20,4,16,31,15,5,9
9603325,9,3,6,11,4,5,6
9612431,16,3,13,40,4,12,12
9710538,12,3,9,16,0,12,58
9809573,2,2,0,0,0,2,12
9609481,104,6,98,646,42,62,90
9912305,12,3,9,25,0,12,153
9601214,3,3,0,0,0,3,3
9906510,3,2,1,1,0,3,4
9610400,75,3,72,518,2,73,211
9510204,59,14,45,138,11,48,137
1103,20,2,18,60,0,20,109
9706206,30,4,26,132,2,28,121
9811382,35,3,32,124,2,33,131
9910252,21,4,17,28,2,19,92
9411431,42,9,33,94,14,28,42
9707300,2,2,0,0,1,1,3
109135,9,2,7,18,0,9,116
9906551,52,4,48,413,1,51,514
9311256,8,2,6,10,7,1,1
9910313,46,3,43,275,0,46,475
9910541,8,2,6,9,0,8,91
103269,3,1,2,2,0,3,25
204193,11,1,10,44,0,11,31
9902381,18,2,16,37,1,17,54
9908364,33,6,27,102,25,8,8
9407291,64,9,55,209,48,16,16
9710473,36,5,31,135,5,31,139
9801445,40,10,30,164,7,33,95
9408359,40,10,30,88,27,13,23
9410231,86,20,66,236,26,60,159
9704273,42,1,41,258,41,1,1
9511470,6,1,5,7,0,6,9
9503210,19,5,14,34,6,13,17
9303316,8,5,3,8,8,0,0
9508237,23,6,17,35,20,3,6
9609373,2,2,0,0,0,2,5
9609420,29,7,22,51,5,24,62
9303293,15,1,14,32,5,10,10
9809590,9,3,6,9,0,9,17
9902219,3,3,0,0,3,0,0
9904404,129,12,117,808,11,118,502
9603223,5,3,2,2,0,5,5
9807281,15,8,7,9,1,14,37
9704384,10,4,6,6,0,10,54
9703287,58,4,54,495,0,58,200
4220,2,2,0,0,0,2,2
1158,4,3,1,1,0,4,9
9305206,69,14,55,246,59,10,10
9507261,12,3,9,17,0,12,64
5183,17,3,14,32,0,17,42
9805470,90,6,84,599,31,59,226
9610525,13,4,9,13,2,11,18
9312271,3,3,0,0,3,0,0
12333,27,5,22,68,0,27,267
9601358,9,5,4,7,1,8,25
2117,2,2,0,0,2,0,0
9507377,4,3,1,2,0,4,11
9501417,24,1,23,84,13,11,21
9402205,14,3,11,52,0,14,56
111059,77,8,69,291,6,71,199
9607465,31,6,25,89,2,29,98
102222,19,3,16,101,0,19,137
9907475,21,3,18,47,1,20,101
11233,19,9,10,24,0,19,187
9210272,35,2,33,106,35,0,0
3186,39,6,33,133,0,39,356
9309218,41,5,36,208,15,26,47
9308324,10,5,5,9,0,10,14
9209213,30,9,21,80,30,0,0
5259,30,6,24,79,2,28,62
9162,1,1,0,0,0,1,2
9305230,13,3,10,24,13,0,0
9246,20,8,12,33,3,17,51
9602296,4,2,2,3,4,0,0
9510410,45,5,40,151,11,34,55
9808340,35,8,27,89,0,35,161
9511405,20,4,16,70,7,13,15
9412311,30,4,26,89,8,22,51
9711456,10,6,4,8,1,9,28
9504394,1,1,0,0,1,0,0
9506226,26,7,19,50,4,22,48
9511358,10,4,6,10,5,5,13
9409350,4,2,2,3,3,1,1
3051,2,2,0,0,0,2,15
7192,52,12,40,185,3,49,233
9408318,11,8,3,4,4,7,10
1161,7,3,4,7,0,7,29
211156,2,2,0,0,0,2,24
110083,14,2,12,31,0,14,183
10289,19,9,10,14,5,14,43
9910371,6,3,3,5,0,6,23
111042,47,5,42,365,0,47,632
103104,12,7,5,8,2,10,71
208260,0,0,0,0,0,0,0
9501249,6,5,1,1,5,1,1
9505210,11,2,9,13,3,8,21
103127,7,3,4,4,1,6,47
9906400,15,4,11,44,0,15,322
9708441,5,2,3,6,1,4,7
3086,25,4,21,53,0,25,231
9703320,21,5,16,49,2,19,120
9803432,16,8,8,16,2,14,54
9209219,4,4,0,0,4,0,0
9912417,6,2,4,11,0,6,11
9608313,12,8,4,5,2,10,30
9309292,5,5,0,0,5,0,0
5313,16,10,6,10,4,12,24
9308352,3,2,1,1,3,0,0
11355,15,4,11,18,3,12,248
8338,3,1,2,2,0,3,7
9604228,11,1,10,26,0,11,22
9911348,11,2,9,21,1,10,77
9304298,18,9,9,24,12,6,13
9306241,44,4,40,187,44,0,0
9809232,2,2,0,0,1,1,3
9806212,22,9,13,33,6,16,22
9601276,108,4,104,628,1,107,357
9510202,39,3,36,118,0,39,117
9401340,8,5,3,3,4,4,5
9612292,10,3,7,10,3,7,42
9703424,6,5,1,1,3,3,5
9610351,1,1,0,0,1,0,0
9502264,13,2,11,29,0,13,45
9208236,22,1,21,81,22,0,0
203121,10,7,3,6,1,9,74
103041,0,0,0,0,0,0,0
9801201,8,7,1,1,2,6,48
9711401,16,10,6,11,5,11,32
9411290,9,5,4,5,1,8,18
9811208,8,3,5,11,2,6,11
9604441,68,9,59,322,17,51,134
9301229,40,8,32,167,40,0,0
1053,1,1,0,0,0,1,1
1286,35,12,23,54,1,34,413
9708223,16,4,12,40,1,15,68
9602378,15,6,9,39,6,9,13
9708248,11,6,5,9,11,0,0
9406255,28,16,12,21,9,19,26
9810466,43,7,36,146,0,43,306
9410375,13,6,7,15,13,0,0
9807405,14,6,8,18,0,14,74
9608399,5,2,3,5,0,5,22
2157,14,7,7,8,0,14,85
9806356,43,5,38,131,7,36,99
9810230,8,4,4,8,0,8,35
9307262,25,7,18,50,25,0,0
9507291,4,4,0,0,0,4,30
9805475,2,2,0,0,0,2,2
9801252,20,4,16,61,0,20,182
9607325,1,1,0,0,1,0,0
9303216,9,3,6,8,6,3,3
9705205,3,3,0,0,1,2,2
9601356,46,5,41,243,3,43,167
9701320,3,3,0,0,2,1,1
9709433,6,5,1,2,1,5,23
9602421,27,4,23,73,4,23,69
9308226,27,13,14,29,18,9,16
9905367,8,6,2,2,1,7,15
9704298,50,11,39,186,4,46,284
9208231,29,6,23,63,10,19,19
9408339,41,5,36,140,15,26,61
9509294,17,4,13,73,0,17,42
9503351,44,14,30,84,14,30,53
9810440,23,10,13,29,23,0,0
9902340,6,4,2,2,5,1,1
11217,7,2,5,7,0,7,35
4048,12,5,7,19,3,9,51
9603335,16,7,9,15,2,14,50
9301227,1,1,0,0,1,0,0
9802239,25,5,20,63,3,22,58
9507246,49,9,40,224,1,48,216
9801272,40,4,36,218,0,40,498
9809304,13,8,5,8,4,9,82
9902313,13,4,9,14,1,12,28
10276,1,1,0,0,0,1,2
9909376,15,2,13,59,0,15,140
9307297,17,5,12,25,12,5,5
9701309,32,4,28,95,0,32,349
9610298,3,1,2,3,0,3,9
9712300,16,3,13,28,0,16,71
9911264,9,3,6,14,1,8,57
9805502,1,1,0,0,0,1,1
9709320,18,7,11,18,2,16,57
8122,4,2,2,3,4,0,0
9407296,31,12,19,66,4,27,84
9604434,8,5,3,5,8,0,0
9801288,1,1,0,0,0,1,1
9811481,47,4,43,218,2,45,229
9702441,6,2,4,9,1,5,12
12364,7,5,2,2,1,6,30
9608214,14,3,11,22,0,14,52
9909315,22,4,18,83,0,22,200
9609395,16,2,14,43,0,16,33
103221,4,1,3,3,0,4,11
105283,11,4,7,12,6,5,9
9904206,41,3,38,155,4,37,130
9602282,3,2,1,1,0,3,8
9906520,2,2,0,0,2,0,0
204225,13,5,8,15,0,13,106
9709235,1,1,0,0,0,1,10
106199,1,1,0,0,0,1,3
206310,6,2,4,5,1,5,34
9905565,6,3,3,4,1,5,8
9604416,58,7,51,214,19,39,68
111158,2,2,0,0,0,2,9
9802447,13,9,4,5,9,4,12
9612491,1,1,0,0,0,1,2
101257,10,3,7,10,0,10,83
202031,10,4,6,7,0,10,41
9406308,3,3,0,0,3,0,0
9310371,5,2,3,6,5,0,0
9610479,17,4,13,20,7,10,35
10171,7,5,2,3,4,3,4
9605337,10,3,7,16,10,0,0
1237,2,1,1,1,1,1,1
108177,88,19,69,247,4,84,433
9603209,15,7,8,13,5,10,15
9401269,19,7,12,40,19,0,0
9703335,13,4,9,23,3,10,19
9510396,20,1,19,41,8,12,21
9404331,7,3,4,7,5,2,2
9307290,3,2,1,1,1,2,2
9412382,19,3,16,40,16,3,4
9606474,13,1,12,64,1,12,76
9806511,2,1,1,1,2,0,0
9702403,16,5,11,19,5,11,21
9410309,11,3,8,26,11,0,0
9801254,4,4,0,0,0,4,11
8134,4,2,2,3,0,4,35
9506347,14,2,12,26,12,2,2
9502408,15,6,9,13,15,0,0
9907503,7,2,5,7,0,7,41
9802415,10,6,4,12,3,7,47
9507245,10,6,4,8,10,0,0
207015,1,1,0,0,0,1,6
203258,27,15,12,14,0,27,80
9909217,21,6,15,27,1,20,207
212345,2,2,0,0,0,2,9
9405329,9,5,4,6,2,7,13
202090,11,1,10,20,0,11,52
9709305,9,5,4,5,0,9,18
9605368,3,2,1,1,1,2,4
9504392,0,0,0,0,0,0,0
9205201,6,3,3,4,6,0,0
9706284,5,3,2,3,0,5,13
9709245,8,4,4,5,0,8,27
9510399,13,7,6,10,11,2,2
9702266,11,3,8,22,0,11,52
9902391,4,3,1,1,1,3,8
1246,1,1,0,0,1,0,0
9604275,3,3,0,0,2,1,1
206095,4,3,1,1,0,4,12
9608358,15,4,11,30,0,15,105
9303321,11,5,6,16,11,0,0
9807350,8,4,4,6,0,8,15
9905524,5,5,0,0,1,4,11
9907420,12,2,10,21,0,12,63
111043,2,2,0,0,1,1,9
105175,28,4,24,109,2,26,156
110291,9,4,5,8,0,9,49
110249,18,5,13,32,3,15,145
9908381,5,3,2,2,1,4,31
9912343,28,8,20,47,1,27,120
108139,29,4,25,112,0,29,268
109126,3,2,1,1,0,3,13
105178,1,1,0,0,0,1,1
9806340,16,10,6,8,1,15,32
9306332,7,3,4,8,7,0,0
110366,18,7,11,23,0,18,33
5249,7,4,3,4,1,6,31
9904316,4,4,0,0,2,2,2
9604411,4,4,0,0,4,0,0
103180,2,2,0,0,0,2,8
9602338,9,1,8,16,4,5,5
9804309,29,6,23,56,11,18,38
9401217,8,6,2,3,7,1,1
9312343,11,3,8,20,11,0,0
7133,18,2,16,66,0,18,201
9709453,24,6,18,59,4,20,74
9711504,14,6,8,15,0,14,75
9606395,1,1,0,0,1,0,0
9502258,5,2,3,3,3,2,2
9704389,12,5,7,15,0,12,75
9411209,2,1,1,1,2,0,0
9806253,21,13,8,17,0,21,177
9503206,8,4,4,7,8,0,0
9911535,13,6,7,16,6,7,28
9512239,23,7,16,38,2,21,29
9503235,9,9,0,0,7,2,2
9712216,27,8,19,40,8,19,77
9310369,62,1,61,428,12,50,130
9207235,14,10,4,7,14,0,0
9802211,5,3,2,2,1,4,4
205226,1,1,0,0,1,0,0
9501279,19,9,10,16,7,12,44
9312312,19,7,12,41,0,19,65
9304292,3,1,2,2,3,0,0
9907466,7,2,5,12,0,7,39
9808324,36,5,31,140,3,33,45
201281,7,3,4,4,3,4,14
9905509,13,6,7,8,0,13,28
9803348,3,3,0,0,1,2,3
9704223,16,4,12,28,0,16,16
107270,5,4,1,1,0,5,37
9708254,7,3,4,5,1,6,62
9705382,4,4,0,0,2,2,9
9410312,1,1,0,0,0,1,2
9405281,1,1,0,0,1,0,0
9902395,7,4,3,5,0,7,51
9711251,24,4,20,75,1,23,84
9905376,22,7,15,36,0,22,199
9907202,8,1,7,18,0,8,27
9312264,15,5,10,18,10,5,5
9811243,5,2,3,3,2,3,5
9705329,24,5,19,51,13,11,26
105277,12,2,10,22,2,10,38
9406215,2,2,0,0,1,1,1
9711437,1,1,0,0,0,1,6
111019,5,3,2,3,1,4,8
9502287,1,1,0,0,0,1,1
111431,0,0,0,0,0,0,0
101297,17,7,10,24,0,17,90
9404225,8,4,4,4,7,1,1
9606329,9,3,6,8,3,6,6
9702295,2,1,1,1,1,1,2
9512418,12,6,6,7,1,11,27
9510375,2,1,1,1,0,2,4
9410382,0,0,0,0,0,0,0
9605331,2,2,0,0,0,2,2
7162,1,1,0,0,0,1,6
110355,1,1,0,0,0,1,4
9710518,3,2,1,1,1,2,6
9812355,9,4,5,8,1,8,21
9709415,8,4,4,4,8,0,0
9905364,2,2,0,0,1,1,1
11172,6,2,4,5,0,6,44
9803450,9,6,3,4,0,9,14
9510369,2,2,0,0,1,1,3
9506375,29,13,16,41,29,0,0
9607244,14,2,12,20,9,5,5
110369,10,6,4,8,0,10,52
9509414,6,4,2,2,2,4,5
9903471,3,3,0,0,0,3,24
9306327,1,1,0,0,1,0,0
9507285,1,1,0,0,1,0,0
9401341,3,2,1,2,2,1,1
212343,0,0,0,0,0,0,0
9906221,12,1,11,33,0,12,136
2055,2,2,0,0,0,2,20
9712276,14,2,12,38,9,5,9
108270,0,0,0,0,0,0,0
9811268,10,3,7,11,0,10,31
9224,7,4,3,3,0,7,37
9809479,2,2,0,0,0,2,5
9704437,1,1,0,0,1,0,0
204270,7,1,6,13,0,7,24
3270,9,3,6,14,0,9,63
9308290,7,6,1,1,4,3,3
9706453,12,1,11,16,8,4,7
9811366,13,5,8,14,2,11,41
9807527,8,6,2,3,0,8,39
9608245,10,6,4,8,5,5,8
9908305,8,5,3,4,1,7,36
105319,2,2,0,0,0,2,5
9809503,13,4,9,19,0,13,83
202039,9,6,3,3,1,8,43
9705269,7,3,4,5,0,7,27
9605237,9,4,5,12,1,8,12
9804281,18,6,12,24,1,17,45
9805304,1,1,0,0,0,1,4
9608338,6,6,0,0,0,6,25
2253,7,2,5,7,1,6,38
9406275,10,3,7,19,7,3,3
9710208,9,3,6,10,0,9,20
108180,1,1,0,0,0,1,6
9706530,27,10,17,33,4,23,126
9408325,2,1,1,1,1,1,1
103081,4,2,2,3,0,4,27
9410274,10,7,3,3,10,0,0
9703451,1,1,0,0,0,1,1
9612288,2,2,0,0,2,0,0
203265,2,1,1,1,1,1,2
9507239,2,2,0,0,1,1,3
204171,8,3,5,10,0,8,68
10232,1,1,0,0,0,1,6
9505423,2,2,0,0,0,2,2
9909458,7,3,4,5,3,4,4
9506411,7,4,3,4,0,7,29
8131,4,3,1,1,0,4,28
210155,4,2,2,2,0,4,40
207260,4,3,1,1,0,4,11
208097,2,2,0,0,0,2,3
9610206,2,1,1,1,1,1,1
12232,25,4,21,45,0,25,70
9610210,7,2,5,8,1,6,17
9610316,4,2,2,3,4,0,0
9707502,7,4,3,4,1,6,22
111337,2,2,0,0,0,2,7
208144,1,1,0,0,1,0,0
9906448,4,1,3,3,0,4,12
9911393,6,2,4,6,1,5,9
12205,4,4,0,0,0,4,20
9811437,10,2,8,14,0,10,69
9612358,8,5,3,5,2,6,20
9609313,3,3,0,0,1,2,3
9904277,21,10,11,16,1,20,49
9506422,13,3,10,20,12,1,1
5123,9,5,4,11,1,8,27
206064,1,1,0,0,0,1,7
9808229,2,2,0,0,0,2,5
9408216,12,4,8,14,12,0,0
9908507,2,2,0,0,0,2,5
9504272,3,3,0,0,1,2,9
7023,3,1,2,2,0,3,8
9612354,2,2,0,0,1,1,1
112086,1,1,0,0,1,0,0
10352,11,1,10,40,0,11,60
9606288,0,0,0,0,0,0,0
4240,1,1,0,0,0,1,10
202115,1,1,0,0,0,1,3
208078,8,5,3,3,0,8,66
108065,5,2,3,3,2,3,9
9911254,9,2,7,18,3,6,6
102015,4,2,2,2,1,3,10
9511460,2,1,1,1,0,2,2
111108,1,1,0,0,0,1,1
11168,2,1,1,1,0,2,8
205320,1,1,0,0,0,1,3
12136,29,2,27,76,0,29,288
9604215,3,2,1,1,0,3,9
9910274,3,2,1,1,0,3,24
8003,1,1,0,0,0,1,3
9507274,2,1,1,1,2,0,0
9709247,3,2,1,1,0,3,6
9910263,4,2,2,3,0,4,47
9297,9,5,4,5,0,9,86
103310,1,1,0,0,1,0,0
9906546,8,4,4,5,1,7,39
107182,13,7,6,9,0,13,80
9210278,3,2,1,1,0,3,5
9910228,1,1,0,0,1,0,0
210296,2,2,0,0,0,2,27
109254,1,1,0,0,0,1,5
9511348,10,4,6,13,0,10,25
10043,2,1,1,1,0,2,8
9508267,1,1,0,0,1,0,0
9708409,1,1,0,0,0,1,2
209304,0,0,0,0,0,0,0
9809413,4,2,2,2,0,4,39
9809372,11,3,8,12,4,7,19
9602411,11,5,6,16,0,11,51
1003,6,3,3,3,0,6,16
1270,11,6,5,7,1,10,23
6342,2,2,0,0,0,2,13
9405243,4,4,0,0,4,0,0
9205245,7,3,4,4,7,0,0
9908233,1,1,0,0,1,0,0
206300,12,1,11,26,0,12,144
9509245,2,2,0,0,1,1,1
9506346,2,2,0,0,2,0,0
9404356,12,4,8,19,2,10,22
9507265,7,1,6,15,0,7,53
9302275,2,2,0,0,2,0,0
9706328,3,2,1,1,1,2,9
9608331,3,3,0,0,3,0,0
9008,9,6,3,3,1,8,15
9411297,3,3,0,0,3,0,0
9406272,2,2,0,0,0,2,14
9211327,1,1,0,0,1,0,0
9608293,3,3,0,0,0,3,5
103141,3,1,2,3,0,3,11
204173,8,5,3,5,1,7,25
7317,4,1,3,4,0,4,35
211384,3,2,1,1,0,3,24
106267,8,2,6,11,0,8,114
208034,5,3,2,2,0,5,25
9511416,0,0,0,0,0,0,0
1322,5,2,3,8,0,5,98
9711448,1,1,0,0,0,1,1
205215,0,0,0,0,0,0,0
9907294,5,2,3,4,1,4,23
9411326,0,0,0,0,0,0,0
9406332,5,1,4,9,5,0,0
9358,6,1,5,10,0,6,51
9906547,2,2,0,0,2,0,0
204205,19,13,6,8,1,18,74
202100,2,2,0,0,0,2,4
8271,0,0,0,0,0,0,0
7237,8,2,6,21,0,8,21
9504350,3,3,0,0,3,0,0
102339,2,2,0,0,0,2,15
9806282,7,5,2,2,0,7,17
9910403,7,1,6,11,0,7,23
10349,5,3,2,4,0,5,18
106225,1,1,0,0,1,0,0
9902447,9,1,8,24,9,0,0
9608471,1,1,0,0,0,1,1
4156,1,1,0,0,0,1,1
9602384,1,1,0,0,0,1,1
9810262,1,1,0,0,0,1,7
9701358,6,3,3,5,0,6,40
9703396,2,1,1,1,0,2,4
9811245,7,4,3,4,1,6,13
107080,3,2,1,1,0,3,21
9609414,0,0,0,0,0,0,0
9603329,3,3,0,0,2,1,3
202078,3,2,1,1,0,3,3
9702212,2,2,0,0,0,2,16
11201,4,4,0,0,0,4,27
9402317,3,3,0,0,3,0,0
9606358,4,4,0,0,2,2,2
9611398,11,2,9,21,1,10,28
205051,2,2,0,0,1,1,4
9807403,3,2,1,1,3,0,0
9802234,3,1,2,3,0,3,3
8115,5,2,3,3,1,4,6
9506464,4,2,2,2,2,2,3
5063,1,1,0,0,0,1,3
110056,6,2,4,6,1,5,9
9801329,16,6,10,28,1,15,51
6226,2,1,1,1,2,0,0
9353,1,1,0,0,1,0,0
111024,1,1,0,0,0,1,3
9707480,8,1,7,17,0,8,40
206209,1,1,0,0,0,1,5
12241,13,5,8,22,4,9,40
3157,1,1,0,0,0,1,2
209134,2,2,0,0,0,2,8
107015,2,2,0,0,1,1,8
3092,3,3,0,0,3,0,0
9406265,0,0,0,0,0,0,0
110152,1,1,0,0,0,1,1
9801295,9,4,5,7,1,8,24
9410224,5,3,2,4,1,4,6
6341,10,3,7,13,1,9,58
9808336,2,1,1,1,1,1,2
9811483,4,4,0,0,2,2,2
206266,10,4,6,9,0,10,91
9302293,6,4,2,2,6,0,0
8139,3,1,2,2,0,3,12
212373,0,0,0,0,0,0,0
204321,1,1,0,0,0,1,12
9708415,1,1,0,0,0,1,10
206264,0,0,0,0,0,0,0
11274,3,1,2,2,0,3,12
9907276,2,2,0,0,0,2,8
209314,0,0,0,0,0,0,0
105157,5,2,3,5,0,5,30
9603220,3,3,0,0,3,0,0
9401290,1,1,0,0,1,0,0
9308280,1,1,0,0,1,0,0
103038,2,2,0,0,2,0,0
12288,5,3,2,2,1,4,20
9607488,4,4,0,0,2,2,2
9506341,2,2,0,0,2,0,0
9802371,2,2,0,0,0,2,13
9703292,4,1,3,5,0,4,12
209271,1,1,0,0,0,1,1
106118,1,1,0,0,0,1,1
208176,1,1,0,0,0,1,4
7274,6,4,2,2,0,6,120
9401316,2,2,0,0,0,2,4
111200,3,3,0,0,0,3,12
8235,0,0,0,0,0,0,0
111428,0,0,0,0,0,0,0
203094,1,1,0,0,0,1,3
9312253,0,0,0,0,0,0,0
9907437,6,3,3,3,1,5,12
302165,0,0,0,0,0,0,0
9709219,2,2,0,0,0,2,3
101143,4,2,2,2,0,4,28
102251,0,0,0,0,0,0,0
110110,1,1,0,0,0,1,2
9904489,2,1,1,1,1,1,1
9611353,7,3,4,6,2,5,5
9401233,6,6,0,0,6,0,0
9906524,5,3,2,2,0,5,12
102124,7,3,4,5,0,7,23
102280,1,1,0,0,0,1,3
206025,2,2,0,0,0,2,5
10129,1,1,0,0,1,0,0
110117,3,2,1,2,0,3,15
203164,1,1,0,0,0,1,3
9512213,4,2,2,3,0,4,37
101329,1,1,0,0,1,0,0
9510390,1,1,0,0,0,1,1
9608468,1,1,0,0,0,1,5
9504391,1,1,0,0,1,0,0
9904405,0,0,0,0,0,0,0
9409294,1,1,0,0,0,1,1
12015,12,4,8,21,0,12,52
9610324,0,0,0,0,0,0,0
207318,1,1,0,0,0,1,7
204058,4,3,1,1,0,4,37
9127,1,1,0,0,0,1,2
202152,2,1,1,1,0,2,4
110296,6,4,2,2,1,5,14
9808263,7,1,6,11,0,7,40
9703282,0,0,0,0,0,0,0
9207275,1,1,0,0,1,0,0
9611339,1,1,0,0,1,0,0
112246,1,1,0,0,0,1,6
9801292,7,2,5,8,7,0,0
112195,1,1,0,0,0,1,3
209245,0,0,0,0,0,0,0
6265,1,1,0,0,0,1,2
112116,0,0,0,0,0,0,0
209049,0,0,0,0,0,0,0
9209206,1,1,0,0,0,1,1
9502369,3,3,0,0,3,0,0
9410220,2,1,1,1,2,0,0
204102,1,1,0,0,1,0,0
9903376,4,1,3,3,0,4,16
111015,2,1,1,1,0,2,12
202028,1,1,0,0,0,1,1
9309221,2,2,0,0,2,0,0
9605305,0,0,0,0,0,0,0
203060,1,1,0,0,0,1,2
110052,1,1,0,0,0,1,29
12169,1,1,0,0,1,0,0
9206226,2,2,0,0,2,0,0
107079,1,1,0,0,0,1,5
9505344,0,0,0,0,0,0,0
9412290,0,0,0,0,0,0,0
205331,5,3,2,3,0,5,49
10254,5,3,2,2,0,5,18
110268,1,1,0,0,1,0,0
208058,4,1,3,5,0,4,18
9807536,2,1,1,1,2,0,0
9412242,5,3,2,2,0,5,13
9501337,0,0,0,0,0,0,0
5100,1,1,0,0,0,1,1
10301,3,2,1,2,0,3,10
9911319,0,0,0,0,0,0,0
9712414,2,2,0,0,0,2,2
202066,2,2,0,0,0,2,19
9704444,2,1,1,1,0,2,15
211434,1,1,0,0,0,1,33
6219,1,1,0,0,0,1,5
9406305,2,2,0,0,0,2,2
111306,0,0,0,0,0,0,0
109159,2,2,0,0,0,2,6
9303240,1,1,0,0,1,0,0
207085,1,1,0,0,0,1,4
9308323,1,1,0,0,0,1,6
9606349,2,2,0,0,2,0,0
9711235,2,2,0,0,2,0,0
9608476,1,1,0,0,0,1,1
205201,11,6,5,8,0,11,85
103145,1,1,0,0,0,1,4
9908325,2,2,0,0,0,2,6
209355,0,0,0,0,0,0,0
106265,0,0,0,0,0,0,0
9909405,6,5,1,2,0,6,17
211228,4,3,1,1,0,4,31
9911328,0,0,0,0,0,0,0
204075,0,0,0,0,0,0,0
208126,1,1,0,0,0,1,9
107324,0,0,0,0,0,0,0
204167,1,1,0,0,1,0,0
212347,0,0,0,0,0,0,0
103099,7,4,3,6,0,7,49
9808408,4,4,0,0,1,3,25
9604219,2,2,0,0,2,0,0
301119,0,0,0,0,0,0,0
9809502,0,0,0,0,0,0,0
109015,1,1,0,0,1,0,0
201014,2,2,0,0,1,1,16
206155,1,1,0,0,0,1,2
8037,1,1,0,0,0,1,4
208217,4,3,1,1,1,3,4
9406344,3,3,0,0,0,3,6
107020,1,1,0,0,0,1,4
9905321,2,2,0,0,0,2,3
9802229,0,0,0,0,0,0,0
207238,1,1,0,0,0,1,6
9805354,1,1,0,0,0,1,1
211418,1,1,0,0,0,1,10
210024,0,0,0,0,0,0,0
6166,1,1,0,0,1,0,0
9808228,2,1,1,1,1,1,5
106262,2,2,0,0,1,1,4
9511406,3,3,0,0,0,3,3
205121,2,2,0,0,0,2,6
108025,1,1,0,0,0,1,2
211159,0,0,0,0,0,0,0
9307231,2,1,1,1,2,0,0
9605216,3,3,0,0,0,3,5
9303209,2,1,1,1,2,0,0
211197,2,2,0,0,0,2,29
9810203,0,0,0,0,0,0,0
11361,0,0,0,0,0,0,0
208019,4,2,2,2,0,4,36
111208,3,1,2,3,0,3,11
9409322,0,0,0,0,0,0,0
9411319,1,1,0,0,1,0,0
9404345,3,2,1,1,3,0,0
110370,4,2,2,3,0,4,13
205127,0,0,0,0,0,0,0
9905353,0,0,0,0,0,0,0
9610434,1,1,0,0,0,1,2
111355,1,1,0,0,0,1,5
12373,0,0,0,0,0,0,0
9909519,0,0,0,0,0,0,0
12293,0,0,0,0,0,0,0
9504233,5,1,4,9,5,0,0
302271,0,0,0,0,0,0,0
10044,1,1,0,0,1,0,0
210057,1,1,0,0,1,0,0
9612271,0,0,0,0,0,0,0
2187,1,1,0,0,0,1,3
9711374,1,1,0,0,1,0,0
9902229,1,1,0,0,0,1,3
9904237,1,1,0,0,0,1,18
204345,0,0,0,0,0,0,0
9603437,0,0,0,0,0,0,0
9711451,3,2,1,1,3,0,0
9402346,1,1,0,0,1,0,0
201215,0,0,0,0,0,0,0
1153,0,0,0,0,0,0,0
210346,0,0,0,0,0,0,0
1323,1,1,0,0,0,1,4
9804438,4,2,2,4,4,0,0
9806254,0,0,0,0,0,0,0
4195,2,2,0,0,0,2,2
11297,1,1,0,0,1,0,0
9509387,0,0,0,0,0,0,0
211138,2,2,0,0,0,2,2
205231,1,1,0,0,0,1,4
9411430,3,3,0,0,0,3,7
9905471,0,0,0,0,0,0,0
9801248,3,2,1,1,0,3,9
9409267,1,1,0,0,1,0,0
9126,0,0,0,0,0,0,0
211275,1,1,0,0,0,1,3
7348,1,1,0,0,0,1,14
9211334,10,5,5,6,10,0,0
9706202,0,0,0,0,0,0,0
104250,1,1,0,0,0,1,9
4152,3,2,1,1,0,3,3
9901294,0,0,0,0,0,0,0
211229,2,2,0,0,0,2,2
210190,1,1,0,0,0,1,5
12276,1,1,0,0,0,1,5
9912359,1,1,0,0,0,1,3
207143,2,1,1,1,2,0,0
111286,1,1,0,0,0,1,1
9711270,1,1,0,0,0,1,6
9902388,0,0,0,0,0,0,0
107160,1,1,0,0,1,0,0
9912331,1,1,0,0,0,1,1
9510244,0,0,0,0,0,0,0
110295,0,0,0,0,0,0,0
10249,1,1,0,0,1,0,0
9805202,0,0,0,0,0,0,0
9608380,0,0,0,0,0,0,0
9906239,3,1,2,3,3,0,0
9709276,0,0,0,0,0,0,0
9807493,3,3,0,0,0,3,5
9704407,1,1,0,0,0,1,1
9709385,0,0,0,0,0,0,0
7165,0,0,0,0,0,0,0
204293,1,1,0,0,0,1,6
105307,0,0,0,0,0,0,0
9503297,0,0,0,0,0,0,0
10184,1,1,0,0,0,1,1
9905265,0,0,0,0,0,0,0
9409233,0,0,0,0,0,0,0
9404358,1,1,0,0,1,0,0
112288,0,0,0,0,0,0,0
210301,1,1,0,0,0,1,6
111409,0,0,0,0,0,0,0
211337,0,0,0,0,0,0,0
12117,0,0,0,0,0,0,0
207265,0,0,0,0,0,0,0
9510456,0,0,0,0,0,0,0
9707324,2,2,0,0,0,2,2
3319,1,1,0,0,0,1,3
9605416,1,1,0,0,1,0,0
9804427,0,0,0,0,0,0,0
9511346,0,0,0,0,0,0,0
9602346,2,2,0,0,0,2,2
9710235,2,2,0,0,2,0,0
9911368,0,0,0,0,0,0,0
10236,0,0,0,0,0,0,0
3054,0,0,0,0,0,0,0
10317,0,0,0,0,0,0,0
302051,0,0,0,0,0,0,0
8164,1,1,0,0,0,1,1
211077,0,0,0,0,0,0,0
9609236,0,0,0,0,0,0,0
204310,1,1,0,0,1,0,0
101012,0,0,0,0,0,0,0
209354,2,2,0,0,2,0,0
3295,1,1,0,0,0,1,1
301223,0,0,0,0,0,0,0
205253,0,0,0,0,0,0,0
9512360,0,0,0,0,0,0,0
11030,0,0,0,0,0,0,0
12186,0,0,0,0,0,0,0
9502242,0,0,0,0,0,0,0
9802222,0,0,0,0,0,0,0
9810404,1,1,0,0,1,0,0
9908279,0,0,0,0,0,0,0
9322,2,2,0,0,0,2,6
112253,0,0,0,0,0,0,0
10256,0,0,0,0,0,0,0
206298,0,0,0,0,0,0,0
9809388,1,1,0,0,0,1,1
9803395,0,0,0,0,0,0,0
9604384,0,0,0,0,0,0,0
9312332,0,0,0,0,0,0,0
9412383,1,1,0,0,0,1,2
9908476,0,0,0,0,0,0,0
9912328,0,0,0,0,0,0,0
210375,0,0,0,0,0,0,0
201162,0,0,0,0,0,0,0
205316,1,1,0,0,0,1,2
9602215,0,0,0,0,0,0,0
9703339,1,1,0,0,1,0,0
112265,2,2,0,0,0,2,5
9504367,1,1,0,0,1,0,0
9906466,1,1,0,0,1,0,0
212074,0,0,0,0,0,0,0
9911285,0,0,0,0,0,0,0
7290,0,0,0,0,0,0,0
211344,1,1,0,0,0,1,22
204231,2,2,0,0,0,2,15
110329,0,0,0,0,0,0,0
9809309,2,1,1,1,0,2,4
2197,2,2,0,0,0,2,4
109289,1,1,0,0,0,1,3
212011,0,0,0,0,0,0,0
9912206,0,0,0,0,0,0,0
9905398,0,0,0,0,0,0,0
207169,1,1,0,0,0,1,6
9902228,2,1,1,1,2,0,0
9406425,0,0,0,0,0,0,0
201182,0,0,0,0,0,0,0
9706255,1,1,0,0,1,0,0
109164,0,0,0,0,0,0,0
9309304,0,0,0,0,0,0,0
9904487,0,0,0,0,0,0,0
109141,1,1,0,0,0,1,1
9602202,1,1,0,0,1,0,0
9509247,0,0,0,0,0,0,0
301221,1,1,0,0,0,1,11
6296,0,0,0,0,0,0,0
205026,2,2,0,0,0,2,22
9511452,1,1,0,0,0,1,3
3126,0,0,0,0,0,0,0
208094,0,0,0,0,0,0,0
211128,0,0,0,0,0,0,0
212100,0,0,0,0,0,0,0
301197,0,0,0,0,0,0,0
111275,3,1,2,2,0,3,5
9606218,1,1,0,0,1,0,0
204160,1,1,0,0,0,1,3
9808374,0,0,0,0,0,0,0
9118,0,0,0,0,0,0,0
9503490,0,0,0,0,0,0,0
204172,1,1,0,0,0,1,4
9710562,0,0,0,0,0,0,0
111407,0,0,0,0,0,0,0
110244,2,1,1,1,0,2,12
9402222,0,0,0,0,0,0,0
3065,0,0,0,0,0,0,0
9708230,0,0,0,0,0,0,0
9701269,1,1,0,0,1,0,0
107026,1,1,0,0,0,1,8
110068,0,0,0,0,0,0,0
209268,1,1,0,0,0,1,3
9407258,1,1,0,0,1,0,0
10121,3,2,1,1,2,1,1
9801408,0,0,0,0,0,0,0
12159,0,0,0,0,0,0,0
9712323,0,0,0,0,0,0,0
9701239,0,0,0,0,0,0,0
9903278,0,0,0,0,0,0,0
211249,0,0,0,0,0,0,0
9406229,0,0,0,0,0,0,0
302068,0,0,0,0,0,0,0
103071,0,0,0,0,0,0,0
112194,0,0,0,0,0,0,0
9312354,0,0,0,0,0,0,0
6131,0,0,0,0,0,0,0
108183,0,0,0,0,0,0,0
9604409,0,0,0,0,0,0,0
212065,0,0,0,0,0,0,0
2027,1,1,0,0,0,1,3
9405221,1,1,0,0,1,0,0
209283,1,1,0,0,0,1,2
6111,0,0,0,0,0,0,0
112224,0,0,0,0,0,0,0
9406336,0,0,0,0,0,0,0
9807562,0,0,0,0,0,0,0
106238,0,0,0,0,0,0,0
9502343,0,0,0,0,0,0,0
6269,1,1,0,0,1,0,0
9511445,1,1,0,0,1,0,0
101332,1,1,0,0,0,1,22
9211237,2,1,1,1,2,0,0
201145,0,0,0,0,0,0,0
9505323,0,0,0,0,0,0,0
211009,0,0,0,0,0,0,0
6282,0,0,0,0,0,0,0
110234,0,0,0,0,0,0,0
9611413,0,0,0,0,0,0,0
105176,0,0,0,0,0,0,0
1125,0,0,0,0,0,0,0
9811435,0,0,0,0,0,0,0
203070,0,0,0,0,0,0,0
9908503,0,0,0,0,0,0,0
9511202,0,0,0,0,0,0,0
9403375,1,1,0,0,1,0,0
105201,0,0,0,0,0,0,0
211265,0,0,0,0,0,0,0
9909507,0,0,0,0,0,0,0
9802349,0,0,0,0,0,0,0
206273,1,1,0,0,0,1,2
9705360,0,0,0,0,0,0,0
211364,0,0,0,0,0,0,0
10351,0,0,0,0,0,0,0
207150,1,1,0,0,0,1,5
9506294,0,0,0,0,0,0,0
9511247,0,0,0,0,0,0,0
110100,0,0,0,0,0,0,0
9909276,0,0,0,0,0,0,0
9605421,0,0,0,0,0,0,0
1176,0,0,0,0,0,0,0
9711343,0,0,0,0,0,0,0
9056,0,0,0,0,0,0,0
210383,1,1,0,0,0,1,1
9508226,1,1,0,0,0,1,1
9807410,0,0,0,0,0,0,0
9310220,0,0,0,0,0,0,0
212372,0,0,0,0,0,0,0
9702440,2,2,0,0,0,2,2
9712449,0,0,0,0,0,0,0
112096,0,0,0,0,0,0,0
3127,0,0,0,0,0,0,0
211003,0,0,0,0,0,0,0
9290,0,0,0,0,0,0,0
9501309,0,0,0,0,0,0,0
12146,0,0,0,0,0,0,0
9809271,0,0,0,0,0,0,0
205174,1,1,0,0,0,1,2
9803495,0,0,0,0,0,0,0
301010,0,0,0,0,0,0,0
9411291,0,0,0,0,0,0,0
212217,0,0,0,0,0,0,0
209123,0,0,0,0,0,0,0
109273,0,0,0,0,0,0,0
9909413,0,0,0,0,0,0,0
302229,0,0,0,0,0,0,0
205300,0,0,0,0,0,0,0
109070,0,0,0,0,0,0,0
9905414,0,0,0,0,0,0,0
211135,0,0,0,0,0,0,0
107289,0,0,0,0,0,0,0
9811297,0,0,0,0,0,0,0
9506429,0,0,0,0,0,0,0
302215,0,0,0,0,0,0,0
301164,0,0,0,0,0,0,0
