fp_int_id,cp_level,cp_r_citing_zero,cp_r_citing_nonzero,tr_citing,cp_r_cited_zero,cp_r_cited_nonzero,tr_cited
9907233,1,1,0,0,0,1,5
8216,6,2,4,5,0,6,21
9811472,28,1,27,195,0,28,166
9405214,9,1,8,20,9,0,0
107180,4,1,3,4,4,0,0
209326,1,1,0,0,0,1,5
9906292,4,1,3,4,0,4,23
9504241,8,1,7,18,0,8,24
102263,0,0,0,0,0,0,0
9309211,4,1,3,5,3,1,1
9403230,28,2,26,145,6,22,30
9512399,9,5,4,8,0,9,42
9808333,36,1,35,238,0,36,178
9712495,37,2,35,260,37,0,0
1306,4,3,1,2,0,4,86
9810309,9,2,7,13,0,9,109
9805368,5,2,3,6,0,5,42
9508276,12,1,11,23,3,9,9
9802201,10,1,9,27,10,0,0
9509205,8,2,6,13,0,8,10
9510461,3,2,1,1,3,0,0
9506354,17,2,15,55,17,0,0
201137,0,0,0,0,0,0,0
9712287,38,2,36,308,0,38,115
9911202,18,2,16,78,0,18,91
9911309,9,2,7,23,5,4,4
9704225,16,2,14,66,0,16,198
9409396,10,3,7,14,0,10,39
9510313,11,2,9,33,2,9,13
9702318,25,2,23,133,0,25,110
108226,1,1,0,0,0,1,5
9807275,4,2,2,2,4,0,0
9910221,9,2,7,17,0,9,36
9701238,17,3,14,66,0,17,45
9511473,6,4,2,4,0,6,6
9902476,4,1,3,4,0,4,12
9901382,1,1,0,0,0,1,2
9504295,13,2,11,32,0,13,19
9209205,18,2,16,80,18,0,0
9703314,8,3,5,5,0,8,26
9705389,3,1,2,3,0,3,11
9511308,4,2,2,5,0,4,8
9308330,10,5,5,13,10,0,0
9402288,19,3,16,57,19,0,0
9704325,20,1,19,122,6,14,21
9603202,15,2,13,44,0,15,30
7343,1,1,0,0,0,1,1
9611453,15,1,14,53,0,15,63
9408344,29,2,27,167,29,0,0
9307326,17,3,14,50,17,0,0
10294,6,5,1,1,0,6,61
103314,4,1,3,5,4,0,0
9709443,10,1,9,37,0,10,74
5114,0,0,0,0,0,0,0
2123,16,1,15,55,0,16,302
9906512,65,2,63,801,0,65,488
9910347,16,2,14,49,0,16,394
101067,11,1,10,36,11,0,0
202093,10,1,9,29,0,10,10
9310216,4,1,3,4,0,4,8
9303291,13,2,11,61,13,0,0
9905215,33,2,31,225,0,33,114
9704273,30,1,29,196,30,0,0
9808276,2,2,0,0,0,2,18
9703286,17,1,16,73,0,17,54
9910301,8,3,5,7,0,8,13
9908529,17,3,14,50,0,17,31
9802440,55,3,52,510,0,55,292
9807281,9,2,7,10,0,9,19
9212259,7,5,2,5,7,0,0
9611375,8,2,6,12,0,8,22
9601249,19,3,16,91,0,19,53
9501287,9,1,8,24,9,0,0
9411377,16,1,15,56,16,0,0
9501389,1,1,0,0,1,0,0
9810479,36,2,34,244,0,36,181
9210229,12,1,11,32,12,0,0
9801415,8,1,7,24,0,8,43
9065,18,2,16,75,2,16,43
9709356,4,2,2,2,0,4,21
9808456,22,1,21,121,5,17,43
103320,7,2,5,13,0,7,67
9803309,8,1,7,25,1,7,11
9603353,7,2,5,7,0,7,21
9805247,14,2,12,36,0,14,14
9810319,10,1,9,29,2,8,12
9310281,8,1,7,21,8,0,0
9907385,43,2,41,556,1,42,42
4213,33,2,31,237,0,33,144
9702389,10,2,8,12,0,10,33
9811501,43,1,42,510,0,43,249
9910277,4,2,2,2,0,4,37
10212,40,2,38,324,0,40,497
207020,5,3,2,2,0,5,99
106295,54,1,53,743,0,54,54
9909523,6,1,5,15,0,6,8
9605250,8,2,6,13,3,5,8
9903239,4,3,1,1,0,4,49
9911252,19,2,17,51,0,19,172
12096,5,3,2,3,0,5,36
9803290,13,1,12,40,0,13,67
9511422,11,1,10,29,11,0,0
9912417,6,2,4,11,0,6,11
9603201,8,3,5,9,2,6,6
9603368,8,4,4,5,1,7,10
9507416,19,4,15,42,0,19,52
9911392,13,1,12,43,0,13,138
9710228,3,1,2,2,3,0,0
9901281,68,1,67,723,4,64,519
9608433,16,5,11,18,0,16,165
101048,4,1,3,3,1,3,3
9203215,4,1,3,5,4,0,0
9706423,3,2,1,1,1,2,2
9603376,4,1,3,6,0,4,12
9710313,10,2,8,36,7,3,5
9709330,1,1,0,0,0,1,3
9809468,4,1,3,5,0,4,72
9311237,15,1,14,39,1,14,14
9709511,7,1,6,18,0,7,124
9809243,7,3,4,5,0,7,18
7251,9,1,8,20,0,9,66
9910209,26,4,22,125,0,26,249
9712352,6,3,3,3,6,0,0
9604419,8,3,5,8,0,8,29
9607254,10,3,7,23,0,10,48
9405250,8,1,7,17,8,0,0
9708482,2,2,0,0,0,2,2
9907204,4,1,3,3,0,4,7
9803359,2,2,0,0,0,2,6
9602320,8,4,4,9,1,7,20
9409416,7,2,5,13,7,0,0
9612226,3,2,1,2,3,0,0
9809568,1,1,0,0,0,1,3
4215,5,5,0,0,0,5,19
9705460,7,3,4,9,1,6,6
9703299,53,4,49,584,0,53,235
9610431,2,2,0,0,0,2,7
9603333,9,3,6,14,0,9,21
9305204,13,1,12,51,13,0,0
102319,4,2,2,2,2,2,3
9708301,2,1,1,1,0,2,2
9505281,7,2,5,11,7,0,0
9803397,9,1,8,23,0,9,31
9806519,13,2,11,39,0,13,175
108024,2,1,1,1,1,1,1
8205,0,0,0,0,0,0,0
4127,11,1,10,33,0,11,111
9310228,31,2,29,154,1,30,30
9802381,35,3,32,210,0,35,281
9410326,9,2,7,21,0,9,21
5093,2,2,0,0,0,2,26
9302258,3,2,1,1,3,0,0
107129,13,3,10,26,0,13,80
9303256,5,4,1,1,3,2,2
9812520,11,1,10,27,1,10,25
9911226,1,1,0,0,0,1,4
2253,7,1,6,11,0,7,37
9411429,4,1,3,6,4,0,0
107153,3,2,1,1,3,0,0
9912398,10,5,5,9,0,10,60
9404228,10,1,9,24,2,8,16
9504294,7,2,5,8,5,2,2
9406235,14,6,8,33,0,14,73
7228,2,2,0,0,0,2,17
9705435,6,2,4,6,3,3,3
9403318,16,3,13,43,1,15,30
9907469,4,1,3,5,0,4,18
9607418,7,1,6,17,7,0,0
9403311,4,1,3,4,4,0,0
11160,6,1,5,12,1,5,5
9601391,3,3,0,0,0,3,15
9602415,10,1,9,18,2,8,8
9709267,2,2,0,0,2,0,0
9610525,7,4,3,5,0,7,7
9604233,17,4,13,40,1,16,144
9902471,11,2,9,32,2,9,18
9811371,4,4,0,0,0,4,25
9805436,3,1,2,2,0,3,19
9512225,5,1,4,5,1,4,4
9911490,2,2,0,0,0,2,39
9911206,3,2,1,1,0,3,30
9501317,3,2,1,1,0,3,10
9801268,25,1,24,174,0,25,136
9810477,1,1,0,0,0,1,1
204343,4,2,2,2,0,4,23
4208,18,3,15,55,0,18,174
9709341,1,1,0,0,1,0,0
9707521,17,3,14,48,0,17,127
9609377,7,1,6,11,0,7,7
9809307,6,1,5,9,0,6,6
9903284,5,1,4,7,0,5,9
9802323,5,4,1,1,0,5,5
109075,2,1,1,1,2,0,0
209258,3,0,3,3,0,3,5
9302232,28,2,26,217,28,0,0
202090,7,1,6,14,1,6,6
9909475,1,1,0,0,0,1,7
9408322,16,2,14,65,0,16,69
9504392,0,0,0,0,0,0,0
10161,2,2,0,0,0,2,8
9705217,0,0,0,0,0,0,0
9612265,8,1,7,13,1,7,11
9405386,10,2,8,26,0,10,16
9604333,9,2,7,29,0,9,31
9702426,12,3,9,27,0,12,48
9905500,10,1,9,29,0,10,280
9808277,4,2,2,2,0,4,5
108076,2,1,1,1,0,2,4
9408339,7,2,5,15,7,0,0
9307368,3,1,2,3,3,0,0
9912265,19,2,17,71,1,18,29
9707311,2,1,1,1,0,2,7
9701330,14,3,11,37,0,14,38
5194,3,1,2,2,0,3,4
108181,1,1,0,0,1,0,0
201277,8,1,7,18,1,7,7
9411432,2,2,0,0,2,0,0
104112,11,1,10,35,0,11,11
107325,2,1,1,1,0,2,47
203122,2,1,1,1,0,2,9
204360,3,1,2,3,0,3,3
102265,16,2,14,65,0,16,130
9510287,3,3,0,0,0,3,21
9802273,7,1,6,16,0,7,18
9503418,5,2,3,3,5,0,0
9805201,0,0,0,0,0,0,0
9705292,9,4,5,11,2,7,7
9405212,5,2,3,6,3,2,2
9911371,12,3,9,27,0,12,105
9706450,21,1,20,102,6,15,15
9603392,3,2,1,1,3,0,0
9502258,1,1,0,0,1,0,0
9808295,3,1,2,2,3,0,0
9906280,4,3,1,1,0,4,4
9708343,1,1,0,0,0,1,10
9907414,10,1,9,17,0,10,18
9812412,7,1,6,20,0,7,37
9512385,2,1,1,1,2,0,0
9603390,6,1,5,14,3,3,6
106346,5,2,3,5,0,5,7
9806521,0,0,0,0,0,0,0
9611354,5,1,4,8,1,4,11
9903371,6,1,5,13,0,6,21
101213,3,2,1,1,0,3,35
9304275,11,2,9,36,11,0,0
9907432,12,2,10,23,0,12,61
9903542,2,2,0,0,0,2,9
9612245,12,1,11,47,0,12,42
201306,1,1,0,0,0,1,2
8097,0,0,0,0,0,0,0
201131,6,2,4,6,0,6,37
10101,2,2,0,0,0,2,12
9802441,14,4,10,44,0,14,84
9801377,4,2,2,3,0,4,7
9909232,2,2,0,0,0,2,79
9808400,14,1,13,46,3,11,11
9808247,9,2,7,20,0,9,37
9903327,4,3,1,1,0,4,4
9702384,7,3,4,5,1,6,6
9608393,3,2,1,1,0,3,4
9909516,5,1,4,8,0,5,5
9807258,3,2,1,1,0,3,13
9510421,5,1,4,8,0,5,5
9602220,1,1,0,0,0,1,1
205012,2,1,1,1,0,2,6
9805434,2,1,1,1,0,2,5
9610367,2,1,1,1,2,0,0
9612302,7,1,6,17,2,5,10
9912321,1,1,0,0,0,1,3
9301267,6,1,5,6,6,0,0
9712262,0,0,0,0,0,0,0
9510375,2,1,1,1,0,2,4
9809504,2,1,1,1,2,0,0
9602326,16,3,13,42,0,16,54
9909406,7,1,6,15,0,7,27
1261,4,1,3,5,4,0,0
9703228,5,1,4,6,3,2,2
9907373,9,1,8,17,0,9,18
11236,0,0,0,0,0,0,0
9501293,3,1,2,2,0,3,3
9603440,10,3,7,17,0,10,40
4064,1,1,0,0,1,0,0
9711503,0,0,0,0,0,0,0
9909445,4,1,3,3,0,4,11
9910429,0,0,0,0,0,0,0
9610447,3,1,2,2,0,3,3
9401305,5,1,4,9,5,0,0
9605295,12,2,10,31,0,12,35
9712359,14,2,12,27,0,14,83
102270,7,1,6,11,0,7,38
9511241,1,1,0,0,0,1,2
212343,0,0,0,0,0,0,0
9912430,3,3,0,0,0,3,6
2055,0,0,0,0,0,0,0
9802420,8,1,7,15,1,7,10
9706211,2,1,1,1,2,0,0
8321,7,1,6,20,2,5,9
107046,3,3,0,0,0,3,26
9810515,3,1,2,2,0,3,6
209244,0,0,0,0,0,0,0
9605401,5,1,4,10,0,5,9
9803286,2,1,1,1,0,2,3
9804404,5,3,2,3,1,4,4
9805378,3,2,1,1,1,2,3
8263,4,2,2,5,0,4,37
9912463,5,1,4,6,0,5,37
9712351,14,2,12,20,0,14,46
9612407,0,0,0,0,0,0,0
9307310,1,1,0,0,1,0,0
9512222,0,0,0,0,0,0,0
6175,8,2,6,15,1,7,12
9404271,3,2,1,1,0,3,3
9601355,4,1,3,4,2,2,2
302055,0,0,0,0,0,0,0
209353,3,2,1,1,0,3,10
9410415,11,3,8,27,0,11,11
9306267,6,3,3,4,6,0,0
9511231,1,1,0,0,0,1,1
9811237,12,3,9,25,0,12,61
102051,2,2,0,0,0,2,14
9811224,10,1,9,19,1,9,12
207334,3,2,1,1,0,3,40
9712270,2,1,1,1,2,0,0
206034,3,1,2,2,0,3,42
111158,1,1,0,0,1,0,0
3006,1,1,0,0,0,1,5
9607222,9,1,8,28,0,9,69
9404246,1,1,0,0,1,0,0
9212310,6,2,4,4,6,0,0
206087,3,1,2,3,0,3,10
9908245,11,2,9,30,0,11,44
106320,4,1,3,5,0,4,4
9804432,5,1,4,4,2,3,3
9601254,0,0,0,0,0,0,0
9610429,7,1,6,16,7,0,0
107025,0,0,0,0,0,0,0
9509320,15,3,12,40,2,13,13
9506313,2,2,0,0,1,1,1
9210260,5,1,4,5,5,0,0
9207235,6,6,0,0,6,0,0
9704206,1,1,0,0,1,0,0
108207,3,1,2,3,0,3,3
9612358,4,1,3,5,0,4,10
9605440,4,1,3,5,0,4,4
103295,7,2,5,9,0,7,21
9606305,6,1,5,9,2,4,10
9909467,1,1,0,0,1,0,0
9708305,10,2,8,34,10,0,0
9308222,5,2,3,5,5,0,0
211146,0,0,0,0,0,0,0
9910206,9,1,8,13,0,9,20
9609420,7,1,6,12,0,7,7
9810516,9,2,7,24,2,7,10
9710515,2,2,0,0,2,0,0
9711489,1,1,0,0,0,1,8
9806367,5,2,3,6,0,5,11
9503396,4,3,1,1,4,0,0
9505324,5,3,2,2,0,5,5
110346,4,1,3,3,0,4,39
9806382,11,1,10,39,0,11,100
110341,6,2,4,6,0,6,130
9708345,0,0,0,0,0,0,0
9612256,6,1,5,11,0,6,18
9511458,1,1,0,0,0,1,1
3212,5,1,4,6,3,2,2
9909268,2,2,0,0,0,2,2
9607454,10,1,9,29,10,0,0
9611383,3,1,2,3,3,0,0
9803424,5,1,4,8,0,5,66
9710239,1,1,0,0,0,1,1
9611442,3,3,0,0,3,0,0
9312323,6,6,0,0,6,0,0
5039,2,1,1,1,0,2,4
9610445,12,2,10,34,2,10,24
9609302,2,1,1,1,2,0,0
12073,10,4,6,9,0,10,62
111004,1,1,0,0,0,1,30
6032,5,2,3,4,0,5,32
209337,6,3,3,6,0,6,81
108212,0,0,0,0,0,0,0
9703422,6,4,2,2,0,6,48
210092,0,0,0,0,0,0,0
112054,0,0,0,0,0,0,0
9503478,9,2,7,21,9,0,0
9311277,4,1,3,5,0,4,7
9910240,3,1,2,3,0,3,33
8017,2,1,1,1,0,2,4
9207217,6,2,4,7,6,0,0
9308244,4,2,2,3,4,0,0
9609430,2,2,0,0,0,2,44
9610276,8,2,6,16,8,0,0
9710247,6,3,3,4,0,6,24
110047,4,1,3,4,1,3,5
207301,1,1,0,0,1,0,0
204092,8,3,5,11,0,8,206
9908350,2,1,1,1,0,2,10
9501279,5,3,2,5,0,5,8
302070,2,1,1,1,2,0,0
9608286,7,3,4,11,1,6,8
9701317,0,0,0,0,0,0,0
104274,1,1,0,0,0,1,3
202176,1,1,0,0,0,1,2
111254,0,0,0,0,0,0,0
106037,1,1,0,0,0,1,8
9304276,10,3,7,14,10,0,0
9703280,3,3,0,0,3,0,0
9211209,3,1,2,3,3,0,0
9510455,2,1,1,1,1,1,1
9701388,1,1,0,0,0,1,6
9806216,1,1,0,0,1,0,0
9705324,2,2,0,0,0,2,6
9911394,3,3,0,0,0,3,10
9906352,1,1,0,0,1,0,0
104086,3,1,2,3,0,3,37
9211276,1,1,0,0,1,0,0
9511416,0,0,0,0,0,0,0
4223,5,2,3,4,0,5,48
103342,4,1,3,6,1,3,3
212378,0,0,0,0,0,0,0
9612412,1,1,0,0,0,1,2
9407380,4,2,2,3,4,0,0
9408246,5,1,4,8,5,0,0
9503403,4,4,0,0,4,0,0
105195,6,1,5,9,0,6,33
9902460,0,0,0,0,0,0,0
9612458,3,1,2,2,0,3,5
9504262,0,0,0,0,0,0,0
9307277,1,1,0,0,0,1,1
9806306,7,3,4,6,0,7,32
205066,1,1,0,0,0,1,4
202053,1,1,0,0,0,1,2
9504343,2,1,1,1,2,0,0
5021,1,1,0,0,0,1,1
9603281,2,2,0,0,2,0,0
9906288,2,2,0,0,0,2,2
9911448,0,0,0,0,0,0,0
9504288,5,2,3,3,5,0,0
4205,1,1,0,0,1,0,0
102320,3,3,0,0,3,0,0
208109,0,0,0,0,0,0,0
3311,2,1,1,1,2,0,0
9611368,3,1,2,2,0,3,4
104291,4,1,3,3,1,3,3
9709250,2,1,1,1,0,2,4
204200,4,3,1,1,0,4,55
9512381,6,1,5,11,6,0,0
9812495,8,4,4,16,0,8,46
211105,2,1,1,1,0,2,7
9609414,1,1,0,0,0,1,2
9404279,3,2,1,1,3,0,0
9801417,0,0,0,0,0,0,0
206090,1,1,0,0,0,1,1
302123,0,0,0,0,0,0,0
9512234,6,3,3,5,6,0,0
9401259,3,2,1,2,1,2,2
9204202,4,2,2,5,4,0,0
9510318,4,1,3,5,4,0,0
9710415,6,1,5,12,0,6,31
9301219,2,1,1,1,2,0,0
103170,7,2,5,11,1,6,15
9809452,1,1,0,0,0,1,3
205090,1,1,0,0,1,0,0
9709476,1,1,0,0,0,1,2
9903310,1,1,0,0,0,1,1
9908514,7,1,6,15,7,0,0
9410323,1,1,0,0,1,0,0
9310331,2,1,1,1,2,0,0
9904445,1,1,0,0,1,0,0
9607434,1,1,0,0,1,0,0
9605265,0,0,0,0,0,0,0
109165,0,0,0,0,0,0,0
9809449,6,1,5,9,4,2,2
1164,1,1,0,0,0,1,1
212026,2,1,1,1,0,2,14
101031,1,1,0,0,0,1,3
209134,2,2,0,0,0,2,8
9411336,3,3,0,0,1,2,2
9702261,0,0,0,0,0,0,0
204183,0,0,0,0,0,0,0
9601203,4,1,3,5,4,0,0
9810424,9,1,8,29,0,9,17
8063,1,1,0,0,0,1,3
9705250,3,2,1,1,0,3,3
9906500,3,1,2,3,0,3,3
9510441,3,2,1,1,3,0,0
9709285,1,1,0,0,1,0,0
112303,0,0,0,0,0,0,0
11260,7,1,6,15,5,2,3
107182,3,3,0,0,0,3,7
9806512,2,1,1,1,2,0,0
9401296,1,1,0,0,0,1,1
4023,0,0,0,0,0,0,0
112127,2,1,1,1,0,2,16
212210,0,0,0,0,0,0,0
9603239,5,2,3,4,3,2,5
9801278,0,0,0,0,0,0,0
9902405,5,1,4,6,0,5,17
9410376,4,4,0,0,4,0,0
9904388,3,3,0,0,0,3,40
210435,0,0,0,0,0,0,0
9812292,4,1,3,6,2,2,2
4081,1,1,0,0,0,1,3
9505272,5,1,4,8,1,4,7
9803422,1,1,0,0,0,1,5
9811411,4,1,3,4,4,0,0
9802384,7,2,5,12,1,6,6
102327,0,0,0,0,0,0,0
9904500,2,1,1,1,0,2,6
9906282,1,1,0,0,0,1,2
9711283,2,1,1,1,1,1,1
9311374,3,1,2,2,3,0,0
9906463,2,1,1,1,0,2,12
9602330,3,1,2,3,3,0,0
9308340,4,2,2,3,4,0,0
11264,5,2,3,4,5,0,0
9902291,0,0,0,0,0,0,0
9809362,0,0,0,0,0,0,0
9809226,1,1,0,0,0,1,5
9703257,5,2,3,7,5,0,0
9605234,14,2,12,45,4,10,13
109279,2,2,0,0,0,2,4
10305,6,1,5,13,0,6,18
204337,4,1,3,6,0,4,15
9508250,3,3,0,0,3,0,0
9610303,0,0,0,0,0,0,0
9502213,3,3,0,0,3,0,0
9412203,4,1,3,4,4,0,0
9705418,1,1,0,0,1,0,0
9801347,8,1,7,15,5,3,3
9705367,3,2,1,1,3,0,0
212124,0,0,0,0,0,0,0
9206244,2,2,0,0,2,0,0
101006,1,1,0,0,0,1,2
9210270,3,2,1,1,3,0,0
9603422,3,2,1,1,3,0,0
9505383,1,1,0,0,0,1,3
9510241,0,0,0,0,0,0,0
204144,6,3,3,7,0,6,11
9906544,1,1,0,0,1,0,0
107308,1,1,0,0,1,0,0
9909543,3,3,0,0,0,3,5
9812319,3,1,2,3,1,2,2
9801384,4,3,1,1,1,3,5
205057,1,1,0,0,0,1,5
9711509,4,2,2,3,0,4,8
9608443,6,1,5,11,0,6,6
9608376,2,1,1,1,2,0,0
9906264,0,0,0,0,0,0,0
9907286,3,1,2,2,0,3,3
9811519,2,1,1,1,0,2,5
9410398,2,2,0,0,0,2,2
9812277,8,3,5,8,1,7,14
9903490,2,2,0,0,0,2,2
9903206,1,1,0,0,0,1,1
9251,5,1,4,7,0,5,16
9611361,2,1,1,1,2,0,0
9302235,1,1,0,0,1,0,0
9808308,1,1,0,0,0,1,2
9302259,2,2,0,0,2,0,0
9602329,1,1,0,0,0,1,1
102120,0,0,0,0,0,0,0
111314,2,2,0,0,0,2,10
9409463,4,2,2,3,0,4,4
9906502,2,1,1,1,0,2,4
109154,7,2,5,10,0,7,35
102137,0,0,0,0,0,0,0
204278,0,0,0,0,0,0,0
9501209,0,0,0,0,0,0,0
205214,1,1,0,0,0,1,4
2181,3,2,1,1,0,3,8
9808207,1,1,0,0,0,1,3
202264,4,1,3,3,4,0,0
207092,3,1,2,2,0,3,19
9907207,0,0,0,0,0,0,0
9911219,2,2,0,0,0,2,2
9811345,3,3,0,0,0,3,12
9907346,1,1,0,0,0,1,3
9906304,1,1,0,0,0,1,1
209277,0,0,0,0,0,0,0
9806523,1,1,0,0,0,1,2
9808419,1,1,0,0,0,1,4
6300,1,1,0,0,1,0,0
9509285,3,2,1,2,3,0,0
9603439,2,1,1,1,0,2,3
9811349,5,1,4,9,0,5,50
9703230,0,0,0,0,0,0,0
9710559,0,0,0,0,0,0,0
109264,0,0,0,0,0,0,0
108138,3,2,1,1,3,0,0
9908329,0,0,0,0,0,0,0
9812527,7,1,6,9,1,6,6
9505250,6,1,5,12,6,0,0
202268,1,1,0,0,0,1,2
3123,3,2,1,1,0,3,33
9707272,5,1,4,9,3,2,2
9501291,0,0,0,0,0,0,0
9502305,5,2,3,3,5,0,0
209252,1,1,0,0,0,1,4
3300,7,2,5,13,0,7,31
9907570,5,2,3,8,5,0,0
209158,4,2,2,2,0,4,27
9504206,2,2,0,0,1,1,2
7300,4,1,3,5,0,4,8
9182,0,0,0,0,0,0,0
9507304,5,1,4,5,5,0,0
9909421,0,0,0,0,0,0,0
9610351,0,0,0,0,0,0,0
206113,1,1,0,0,0,1,4
9709251,1,1,0,0,1,0,0
9308345,3,2,1,1,0,3,3
10130,2,1,1,1,1,1,1
202066,1,1,0,0,0,1,17
9804293,3,2,1,1,1,2,2
202003,2,1,1,1,0,2,34
209146,0,0,0,0,0,0,0
107197,1,1,0,0,0,1,7
9701389,3,3,0,0,0,3,3
9711206,4,2,2,3,4,0,0
10243,2,2,0,0,2,0,0
9909344,1,1,0,0,1,0,0
201217,3,1,2,3,0,3,8
204272,1,1,0,0,0,1,1
206066,1,1,0,0,0,1,5
9710551,0,0,0,0,0,0,0
9704374,1,1,0,0,0,1,3
9610500,0,0,0,0,0,0,0
9605428,2,2,0,0,2,0,0
1115,6,2,4,4,0,6,53
110071,2,2,0,0,0,2,2
9710343,1,1,0,0,0,1,1
9910533,0,0,0,0,0,0,0
9811348,0,0,0,0,0,0,0
7076,3,1,2,3,3,0,0
9909401,4,1,3,5,0,4,21
111469,0,0,0,0,0,0,0
4121,0,0,0,0,0,0,0
9912412,1,1,0,0,1,0,0
211025,0,0,0,0,0,0,0
9801335,2,1,1,1,2,0,0
9905494,1,1,0,0,0,1,2
104272,0,0,0,0,0,0,0
212062,0,0,0,0,0,0,0
9402212,0,0,0,0,0,0,0
6288,0,0,0,0,0,0,0
9181,2,1,1,1,0,2,2
207196,2,2,0,0,0,2,9
210073,1,1,0,0,0,1,5
9407257,0,0,0,0,0,0,0
9703272,0,0,0,0,0,0,0
9912508,1,1,0,0,0,1,2
205049,0,0,0,0,0,0,0
9411382,4,3,1,1,2,2,2
9604334,0,0,0,0,0,0,0
9407323,0,0,0,0,0,0,0
9805485,0,0,0,0,0,0,0
206062,0,0,0,0,0,0,0
9506237,1,1,0,0,0,1,1
205312,0,0,0,0,0,0,0
105107,3,1,2,3,0,3,8
9611245,0,0,0,0,0,0,0
9611421,0,0,0,0,0,0,0
9702328,0,0,0,0,0,0,0
205084,0,0,0,0,0,0,0
209120,0,0,0,0,0,0,0
101068,1,1,0,0,0,1,1
9802229,0,0,0,0,0,0,0
9906255,3,1,2,2,3,0,0
9507205,1,1,0,0,1,0,0
9605366,0,0,0,0,0,0,0
9708206,1,1,0,0,1,0,0
7183,1,1,0,0,0,1,1
9205224,0,0,0,0,0,0,0
110145,1,1,0,0,0,1,7
8111,0,0,0,0,0,0,0
9412344,2,2,0,0,2,0,0
9502396,1,1,0,0,0,1,1
212105,0,0,0,0,0,0,0
207287,5,2,3,4,0,5,63
9406242,3,1,2,2,3,0,0
9910454,2,1,1,1,0,2,4
5217,2,1,1,1,2,0,0
208224,1,1,0,0,1,0,0
112032,1,1,0,0,1,0,0
9304296,5,5,0,0,5,0,0
101328,0,0,0,0,0,0,0
12148,1,1,0,0,0,1,3
9612213,2,2,0,0,0,2,4
9603303,6,2,4,5,0,6,13
9809479,0,0,0,0,0,0,0
9708458,0,0,0,0,0,0,0
9405213,1,1,0,0,1,0,0
9711269,1,1,0,0,0,1,6
205075,0,0,0,0,0,0,0
9305243,0,0,0,0,0,0,0
9701320,1,1,0,0,1,0,0
201290,0,0,0,0,0,0,0
9511373,0,0,0,0,0,0,0
208125,0,0,0,0,0,0,0
9405404,0,0,0,0,0,0,0
9501206,3,2,1,1,3,0,0
6335,2,1,1,1,0,2,4
9806296,0,0,0,0,0,0,0
206192,2,2,0,0,0,2,17
103115,0,0,0,0,0,0,0
209139,0,0,0,0,0,0,0
9903342,0,0,0,0,0,0,0
111247,0,0,0,0,0,0,0
9908303,0,0,0,0,0,0,0
9809313,1,1,0,0,1,0,0
9506247,0,0,0,0,0,0,0
9811264,1,1,0,0,1,0,0
12321,5,1,4,8,4,1,1
104314,0,0,0,0,0,0,0
10222,1,1,0,0,1,0,0
9909518,2,2,0,0,2,0,0
9708329,2,2,0,0,2,0,0
102179,2,1,1,1,0,2,6
301205,0,0,0,0,0,0,0
9411378,0,0,0,0,0,0,0
9411441,0,0,0,0,0,0,0
109252,1,1,0,0,1,0,0
12082,3,1,2,3,3,0,0
9410294,2,1,1,1,2,0,0
9709345,0,0,0,0,0,0,0
9408226,1,1,0,0,1,0,0
2094,0,0,0,0,0,0,0
9507248,1,1,0,0,1,0,0
205217,0,0,0,0,0,0,0
9506275,1,1,0,0,0,1,1
9506468,0,0,0,0,0,0,0
9606462,1,1,0,0,1,0,0
9807508,0,0,0,0,0,0,0
9807444,0,0,0,0,0,0,0
9702283,2,1,1,1,2,0,0
9911510,1,1,0,0,1,0,0
9809284,0,0,0,0,0,0,0
9709282,1,1,0,0,0,1,6
9706463,2,1,1,1,0,2,4
9606232,0,0,0,0,0,0,0
104168,0,0,0,0,0,0,0
9906293,0,0,0,0,0,0,0
9905360,0,0,0,0,0,0,0
9205208,1,1,0,0,1,0,0
9605355,0,0,0,0,0,0,0
8036,0,0,0,0,0,0,0
9708418,1,1,0,0,0,1,4
9510344,1,1,0,0,1,0,0
9810346,0,0,0,0,0,0,0
5241,2,1,1,1,0,2,2
9806439,1,1,0,0,1,0,0
9610309,1,1,0,0,0,1,2
212009,0,0,0,0,0,0,0
112044,0,0,0,0,0,0,0
9812537,0,0,0,0,0,0,0
9710548,0,0,0,0,0,0,0
9710254,0,0,0,0,0,0,0
210447,1,1,0,0,0,1,10
9510328,0,0,0,0,0,0,0
3322,1,1,0,0,1,0,0
9407331,0,0,0,0,0,0,0
211444,1,1,0,0,0,1,1
9025,0,0,0,0,0,0,0
111408,0,0,0,0,0,0,0
112292,1,1,0,0,0,1,2
9512444,1,1,0,0,1,0,0
201212,1,1,0,0,1,0,0
9608378,1,1,0,0,1,0,0
1192,1,1,0,0,1,0,0
9908418,0,0,0,0,0,0,0
201122,0,0,0,0,0,0,0
104292,1,1,0,0,0,1,1
9060,2,2,0,0,2,0,0
208200,0,0,0,0,0,0,0
9606265,0,0,0,0,0,0,0
9302214,2,2,0,0,2,0,0
9503393,4,2,2,3,4,0,0
202001,0,0,0,0,0,0,0
9803464,1,1,0,0,1,0,0
9610317,1,1,0,0,1,0,0
9405373,1,1,0,0,1,0,0
7014,1,1,0,0,0,1,3
9188,0,0,0,0,0,0,0
9607219,0,0,0,0,0,0,0
201230,0,0,0,0,0,0,0
9807330,2,2,0,0,2,0,0
1215,1,1,0,0,1,0,0
9904327,2,2,0,0,0,2,4
9505299,1,1,0,0,1,0,0
206182,2,1,1,1,0,2,2
104139,0,0,0,0,0,0,0
212077,0,0,0,0,0,0,0
9401294,3,3,0,0,3,0,0
301233,0,0,0,0,0,0,0
9408298,2,1,1,1,2,0,0
9407316,0,0,0,0,0,0,0
9220,0,0,0,0,0,0,0
9911253,2,1,1,1,0,2,2
9503320,2,1,1,1,2,0,0
9911486,0,0,0,0,0,0,0
4186,2,1,1,1,2,0,0
210197,1,1,0,0,0,1,3
9705335,2,2,0,0,0,2,2
9909468,0,0,0,0,0,0,0
9911380,0,0,0,0,0,0,0
9907551,1,1,0,0,0,1,1
9409257,1,1,0,0,1,0,0
204308,3,1,2,2,0,3,33
211020,0,0,0,0,0,0,0
9911368,0,0,0,0,0,0,0
9808227,1,1,0,0,1,0,0
302179,0,0,0,0,0,0,0
9412369,0,0,0,0,0,0,0
103025,1,1,0,0,0,1,5
212259,0,0,0,0,0,0,0
105055,0,0,0,0,0,0,0
111451,0,0,0,0,0,0,0
10290,0,0,0,0,0,0,0
106332,0,0,0,0,0,0,0
9811218,0,0,0,0,0,0,0
9911303,0,0,0,0,0,0,0
108232,0,0,0,0,0,0,0
9406333,0,0,0,0,0,0,0
2200,1,1,0,0,1,0,0
9510429,0,0,0,0,0,0,0
9910224,2,1,1,1,2,0,0
9804336,0,0,0,0,0,0,0
9712289,0,0,0,0,0,0,0
11345,1,1,0,0,1,0,0
9901236,0,0,0,0,0,0,0
9608217,0,0,0,0,0,0,0
104066,1,1,0,0,1,0,0
9150,1,1,0,0,1,0,0
205346,0,0,0,0,0,0,0
9501401,0,0,0,0,0,0,0
10025,0,0,0,0,0,0,0
9508375,0,0,0,0,0,0,0
9701282,0,0,0,0,0,0,0
205204,0,0,0,0,0,0,0
206239,1,1,0,0,0,1,1
10200,0,0,0,0,0,0,0
204152,0,0,0,0,0,0,0
9903485,0,0,0,0,0,0,0
9703426,0,0,0,0,0,0,0
212248,0,0,0,0,0,0,0
1258,1,1,0,0,0,1,6
9706314,0,0,0,0,0,0,0
208077,0,0,0,0,0,0,0
112064,0,0,0,0,0,0,0
9408205,0,0,0,0,0,0,0
5290,0,0,0,0,0,0,0
9808452,0,0,0,0,0,0,0
211014,0,0,0,0,0,0,0
9406393,1,1,0,0,1,0,0
9712396,0,0,0,0,0,0,0
208147,0,0,0,0,0,0,0
212194,0,0,0,0,0,0,0
9711419,0,0,0,0,0,0,0
110107,0,0,0,0,0,0,0
209024,0,0,0,0,0,0,0
107307,0,0,0,0,0,0,0
205021,0,0,0,0,0,0,0
111300,0,0,0,0,0,0,0
9603344,0,0,0,0,0,0,0
207294,2,2,0,0,0,2,2
209251,0,0,0,0,0,0,0
111085,1,1,0,0,0,1,11
9807288,0,0,0,0,0,0,0
9404304,0,0,0,0,0,0,0
9608298,0,0,0,0,0,0,0
9409389,0,0,0,0,0,0,0
8014,0,0,0,0,0,0,0
111101,1,1,0,0,1,0,0
9604304,0,0,0,0,0,0,0
9406308,2,2,0,0,2,0,0
211345,1,1,0,0,1,0,0
9407378,1,1,0,0,1,0,0
208033,0,0,0,0,0,0,0
109246,0,0,0,0,0,0,0
106142,0,0,0,0,0,0,0
211368,0,0,0,0,0,0,0
9908484,0,0,0,0,0,0,0
9606330,1,1,0,0,1,0,0
301243,0,0,0,0,0,0,0
9712439,0,0,0,0,0,0,0
103116,0,0,0,0,0,0,0
205026,2,2,0,0,0,2,20
302110,0,0,0,0,0,0,0
204226,0,0,0,0,0,0,0
9710262,0,0,0,0,0,0,0
9412390,1,1,0,0,1,0,0
109263,0,0,0,0,0,0,0
9810508,1,1,0,0,0,1,2
9812468,0,0,0,0,0,0,0
9507214,1,1,0,0,0,1,5
207272,1,1,0,0,0,1,5
207033,0,0,0,0,0,0,0
9804447,0,0,0,0,0,0,0
9501261,0,0,0,0,0,0,0
9608425,0,0,0,0,0,0,0
204172,2,1,1,1,0,2,4
211101,0,0,0,0,0,0,0
210005,0,0,0,0,0,0,0
9212209,1,1,0,0,1,0,0
207308,0,0,0,0,0,0,0
9911239,1,1,0,0,1,0,0
9805236,0,0,0,0,0,0,0
9609349,0,0,0,0,0,0,0
9405333,1,1,0,0,1,0,0
9603254,0,0,0,0,0,0,0
9909300,0,0,0,0,0,0,0
2298,1,1,0,0,1,0,0
9505246,2,2,0,0,2,0,0
112083,0,0,0,0,0,0,0
9707236,0,0,0,0,0,0,0
9607313,0,0,0,0,0,0,0
206165,0,0,0,0,0,0,0
12009,0,0,0,0,0,0,0
302194,0,0,0,0,0,0,0
209003,0,0,0,0,0,0,0
5192,0,0,0,0,0,0,0
9509295,0,0,0,0,0,0,0
302068,0,0,0,0,0,0,0
9303285,0,0,0,0,0,0,0
112194,0,0,0,0,0,0,0
7164,0,0,0,0,0,0,0
9408327,0,0,0,0,0,0,0
9909224,1,1,0,0,1,0,0
9603299,0,0,0,0,0,0,0
210137,0,0,0,0,0,0,0
9808208,1,1,0,0,0,1,3
202036,0,0,0,0,0,0,0
205104,0,0,0,0,0,0,0
9805280,0,0,0,0,0,0,0
111404,0,0,0,0,0,0,0
104018,1,1,0,0,1,0,0
9507464,0,0,0,0,0,0,0
9705225,0,0,0,0,0,0,0
209090,0,0,0,0,0,0,0
212224,0,0,0,0,0,0,0
9707343,0,0,0,0,0,0,0
9910381,0,0,0,0,0,0,0
302270,0,0,0,0,0,0,0
9508266,0,0,0,0,0,0,0
9509434,0,0,0,0,0,0,0
103298,0,0,0,0,0,0,0
9805428,0,0,0,0,0,0,0
201063,0,0,0,0,0,0,0
210421,0,0,0,0,0,0,0
101346,1,1,0,0,1,0,0
9402345,0,0,0,0,0,0,0
9801220,0,0,0,0,0,0,0
10085,1,1,0,0,1,0,0
9803317,1,1,0,0,0,1,2
9809532,2,1,1,1,2,0,0
9511276,0,0,0,0,0,0,0
9701377,0,0,0,0,0,0,0
101117,0,0,0,0,0,0,0
12287,0,0,0,0,0,0,0
2025,0,0,0,0,0,0,0
206255,0,0,0,0,0,0,0
212145,0,0,0,0,0,0,0
103148,0,0,0,0,0,0,0
9702323,0,0,0,0,0,0,0
210337,0,0,0,0,0,0,0
9506294,0,0,0,0,0,0,0
9310294,0,0,0,0,0,0,0
9240,1,1,0,0,0,1,1
106349,0,0,0,0,0,0,0
9809274,0,0,0,0,0,0,0
9806326,0,0,0,0,0,0,0
112363,0,0,0,0,0,0,0
9056,0,0,0,0,0,0,0
3250,1,1,0,0,1,0,0
205203,0,0,0,0,0,0,0
104219,0,0,0,0,0,0,0
9803443,1,1,0,0,0,1,3
9404307,1,1,0,0,1,0,0
9411245,1,1,0,0,1,0,0
6137,0,0,0,0,0,0,0
9511413,0,0,0,0,0,0,0
208124,1,1,0,0,0,1,7
9709486,1,1,0,0,1,0,0
9809581,0,0,0,0,0,0,0
2244,0,0,0,0,0,0,0
9608372,0,0,0,0,0,0,0
9084,0,0,0,0,0,0,0
109270,0,0,0,0,0,0,0
210065,0,0,0,0,0,0,0
102035,0,0,0,0,0,0,0
111350,0,0,0,0,0,0,0
301157,0,0,0,0,0,0,0
210370,0,0,0,0,0,0,0
211325,0,0,0,0,0,0,0
2119,0,0,0,0,0,0,0
9708318,0,0,0,0,0,0,0
302062,0,0,0,0,0,0,0
10073,1,1,0,0,1,0,0
107289,0,0,0,0,0,0,0
301161,0,0,0,0,0,0,0
9408258,0,0,0,0,0,0,0
201172,0,0,0,0,0,0,0
208049,0,0,0,0,0,0,0
9504304,16,2,14,46,16,0,0
12152,8,2,6,16,0,8,43
9902334,30,2,28,188,0,30,275
9409260,9,1,8,19,1,8,11
111307,4,2,2,3,1,3,3
9207267,3,1,2,3,3,0,0
9801317,0,0,0,0,0,0,0
9512313,7,1,6,11,0,7,21
3183,3,3,0,0,3,0,0
9211247,3,1,2,2,3,0,0
9405423,11,3,8,24,2,9,16
9308363,20,4,16,66,1,19,19
9809596,38,5,33,232,0,38,480
9712537,25,2,23,110,0,25,261
9802314,35,3,32,208,16,19,19
9807517,13,2,11,53,0,13,69
9906525,20,1,19,111,0,20,71
9606460,14,1,13,34,0,14,14
9310248,8,1,7,19,8,0,0
9502219,9,1,8,21,9,0,0
9509399,4,2,2,2,0,4,4
9510439,28,3,25,137,4,24,54
103299,8,1,7,15,0,8,34
9802361,19,2,17,52,0,19,70
9911233,33,2,31,214,0,33,404
9801271,15,7,8,25,0,15,259
9704307,10,2,8,16,0,10,147
9504424,3,1,2,2,0,3,15
9607214,22,1,21,135,9,13,17
9702322,32,2,30,222,0,32,199
8226,10,2,8,15,0,10,40
7353,0,0,0,0,0,0,0
9603237,15,4,11,41,0,15,52
9706303,22,1,21,104,0,22,41
9604343,3,1,2,2,0,3,6
9205247,15,1,14,53,15,0,0
9803408,7,3,4,6,7,0,0
9508292,10,5,5,9,0,10,18
9405237,30,4,26,214,15,15,15
9612415,8,1,7,13,3,5,13
9806317,8,1,7,9,0,8,58
9706325,2,1,1,1,2,0,0
9308342,6,4,2,2,6,0,0
9407344,22,2,20,79,2,20,36
9712222,44,2,42,416,1,43,105
9508408,9,1,8,15,5,4,7
9909350,2,1,1,1,2,0,0
9706467,11,4,7,25,0,11,74
9605213,17,2,15,43,4,13,22
9401211,17,2,15,55,6,11,27
9510408,36,4,32,267,0,36,150
7087,2,1,1,1,1,1,4
9804453,8,1,7,24,0,8,58
9805315,17,2,15,53,0,17,43
2209,31,4,27,147,0,31,667
9908227,45,1,44,395,0,45,540
9912409,25,4,21,99,0,25,422
101326,11,3,8,32,2,9,9
206023,8,2,6,15,0,8,44
9211226,8,2,6,18,3,5,5
9409419,18,1,17,99,18,0,0
9810457,56,4,52,654,0,56,234
9707423,31,1,30,213,10,21,31
9801212,18,1,17,58,0,18,86
9706268,11,1,10,33,0,11,27
9705442,19,1,18,94,8,11,11
9909266,13,1,12,39,0,13,95
9807513,48,2,46,368,22,26,26
9702299,10,3,7,27,10,0,0
9303299,9,5,4,13,1,8,8
9704434,4,2,2,3,1,3,3
9602347,10,2,8,29,0,10,63
9603244,11,1,10,28,4,7,7
9509248,11,2,9,30,2,9,9
9409244,28,2,26,162,0,28,99
9904219,28,1,27,166,0,28,95
9703412,2,2,0,0,0,2,9
9804399,5,1,4,7,0,5,23
10003,21,2,19,91,21,0,0
9503479,4,2,2,4,0,4,14
9808459,26,2,24,158,9,17,35
9806236,47,3,44,493,0,47,120
9807360,9,1,8,18,1,8,12
9305230,12,1,11,32,12,0,0
9907332,9,3,6,11,0,9,12
1103,11,1,10,33,1,10,36
7099,0,0,0,0,0,0,0
12140,18,2,16,79,0,18,103
9602315,4,1,3,6,1,3,6
9702408,10,2,8,14,0,10,28
9812486,39,3,36,446,0,39,310
205194,0,0,0,0,0,0,0
11056,19,1,18,68,0,19,213
207043,9,5,4,4,0,9,62
107119,38,1,37,442,0,38,76
9911262,29,1,28,201,0,29,34
9305308,6,1,5,11,6,0,0
9903475,35,2,33,322,0,35,509
9912464,4,4,0,0,0,4,18
9608251,18,2,16,79,3,15,15
9902290,7,2,5,7,0,7,30
9611310,4,2,2,3,0,4,7
1069,4,0,4,5,0,4,8
9606452,2,1,1,1,0,2,6
9605339,9,3,6,12,1,8,8
9603210,4,2,2,2,0,4,16
9912230,13,3,10,46,0,13,78
9801433,2,1,1,1,0,2,2
9801240,0,0,0,0,0,0,0
9609504,3,1,2,3,0,3,30
9309287,4,1,3,5,4,0,0
9212229,7,1,6,11,7,0,0
9710352,0,0,0,0,0,0,0
9609527,1,1,0,0,0,1,1
9903211,8,1,7,25,0,8,9
9610323,11,1,10,34,0,11,20
9711401,0,0,0,0,0,0,0
9305225,18,2,16,73,18,0,0
9902354,19,1,18,91,1,18,18
9905409,3,2,1,1,0,3,14
101305,14,3,11,39,0,14,123
9910238,21,3,18,93,0,21,233
9808434,5,1,4,6,2,3,3
9402209,11,3,8,24,1,10,10
9701289,28,6,22,153,0,28,125
9409254,18,1,17,78,18,0,0
9602241,2,1,1,1,2,0,0
9912271,3,3,0,0,0,3,20
9707254,18,1,17,80,0,18,184
9606427,14,5,9,23,0,14,56
9807249,14,2,12,76,5,9,33
9712301,0,0,0,0,0,0,0
9705323,10,3,7,18,0,10,32
9503349,4,1,3,4,4,0,0
9706209,13,1,12,37,3,10,25
9703311,43,4,39,399,0,43,191
9405428,12,1,11,38,12,0,0
9510300,7,1,6,15,7,0,0
9907423,19,1,18,105,9,10,10
9601346,8,1,7,20,1,7,7
9612243,3,1,2,3,3,0,0
4100,2,1,1,1,0,2,6
9606381,13,1,12,38,0,13,77
9807454,4,2,2,2,0,4,64
9902482,22,8,14,30,0,22,298
3287,3,3,0,0,0,3,4
6047,13,1,12,29,0,13,60
9903236,2,1,1,1,0,2,6
9803382,8,3,5,13,0,8,111
9501298,5,2,3,3,0,5,10
9912492,6,4,2,5,0,6,60
9501216,4,2,2,3,0,4,5
6254,13,1,12,55,0,13,45
9310338,7,5,2,3,3,4,4
9911424,7,4,3,4,0,7,18
5309,11,2,9,19,0,11,96
4181,5,2,3,5,0,5,21
9608214,4,1,3,6,4,0,0
104189,1,1,0,0,1,0,0
104016,0,0,0,0,0,0,0
9407347,13,1,12,38,6,7,14
301079,0,0,0,0,0,0,0
9406354,10,1,9,19,0,10,23
7288,3,1,2,2,0,3,20
9608239,5,2,3,7,5,0,0
9204214,24,2,22,116,24,0,0
201174,1,1,0,0,1,0,0
9610518,7,1,6,13,1,6,9
104226,13,4,9,32,0,13,28
12097,12,4,8,21,0,12,31
9502210,5,3,2,2,1,4,4
9702334,11,6,5,11,0,11,23
9505220,1,1,0,0,1,0,0
108096,4,1,3,6,0,4,4
9605220,13,5,8,13,0,13,60
9709205,6,1,5,9,0,6,15
9811420,0,0,0,0,0,0,0
9401269,7,2,5,19,7,0,0
112235,5,1,4,5,0,5,33
207191,0,0,0,0,0,0,0
9906285,2,1,1,1,2,0,0
9502321,3,2,1,1,0,3,9
9801375,16,1,15,72,0,16,87
9806511,2,1,1,1,2,0,0
208103,2,2,0,0,0,2,14
5134,11,1,10,25,0,11,78
9906204,1,1,0,0,0,1,1
9708348,19,4,15,38,0,19,50
9604436,8,1,7,18,8,0,0
9710516,9,3,6,23,9,0,0
9407254,0,0,0,0,0,0,0
9611285,6,1,5,6,6,0,0
9808367,2,1,1,1,2,0,0
211318,1,1,0,0,0,1,3
9502349,14,1,13,66,14,0,0
111068,14,3,11,34,0,14,108
9902217,3,2,1,1,0,3,11
9712432,1,1,0,0,0,1,1
9305324,2,2,0,0,2,0,0
9805380,21,1,20,78,21,0,0
9503450,1,1,0,0,1,0,0
9709382,8,3,5,8,2,6,6
9409265,11,1,10,29,0,11,39
9606310,19,1,18,74,0,19,106
9710286,11,1,10,24,0,11,61
7161,0,0,0,0,0,0,0
9901241,2,2,0,0,0,2,28
202198,1,1,0,0,0,1,4
9905441,12,2,10,31,0,12,150
9605324,8,3,5,8,2,6,8
8143,12,3,9,28,0,12,96
9608233,8,2,6,18,0,8,85
1130,5,3,2,3,0,5,21
12191,3,1,2,2,0,3,3
9908435,1,1,0,0,1,0,0
201307,13,2,11,54,0,13,35
9910314,4,1,3,6,0,4,33
104130,10,1,9,25,0,10,20
111057,1,1,0,0,0,1,3
111078,7,2,5,9,0,7,49
108112,6,2,4,10,6,0,0
104218,9,2,7,19,0,9,82
9712464,5,1,4,7,0,5,25
9809211,8,2,6,22,2,6,6
9709497,3,2,1,1,3,0,0
9605422,0,0,0,0,0,0,0
9705465,4,1,3,3,0,4,16
9605219,10,2,8,31,0,10,21
9909203,30,2,28,189,0,30,257
9709348,12,1,11,47,0,12,19
9811360,0,0,0,0,0,0,0
9411236,1,1,0,0,1,0,0
11055,3,1,2,3,0,3,114
9809550,4,3,1,1,0,4,36
9710277,1,1,0,0,0,1,7
9908327,12,3,9,20,1,11,28
9902408,9,1,8,32,0,9,37
9701343,8,1,7,20,3,5,5
9205237,11,2,9,28,11,0,0
9611388,1,1,0,0,0,1,2
9708252,1,1,0,0,0,1,4
9406299,18,1,17,96,18,0,0
9803274,10,2,8,35,1,9,16
103335,16,2,14,74,0,16,193
9602394,0,0,0,0,0,0,0
9908352,17,2,15,55,0,17,121
9901428,1,1,0,0,0,1,7
9706242,25,2,23,156,0,25,62
209219,3,2,1,2,0,3,10
9710432,2,1,1,1,2,0,0
211123,0,0,0,0,0,0,0
106293,1,1,0,0,1,0,0
9804451,9,1,8,28,0,9,46
9812336,3,3,0,0,0,3,3
9905219,4,1,3,5,0,4,48
9911321,3,2,1,1,0,3,11
9809510,9,2,7,15,0,9,50
9902451,20,2,18,78,0,20,183
9705223,4,4,0,0,0,4,18
9607427,1,1,0,0,1,0,0
9611308,3,1,2,2,0,3,9
9908243,4,2,2,2,1,3,5
9401276,10,2,8,28,10,0,0
9501267,2,1,1,1,2,0,0
206124,5,2,3,5,0,5,14
9711466,0,0,0,0,0,0,0
9702207,2,1,1,1,0,2,4
9707307,8,1,7,18,0,8,17
9912406,1,1,0,0,0,1,3
9502399,8,1,7,10,1,7,7
9503275,7,1,6,10,4,3,3
9503330,0,0,0,0,0,0,0
9606266,2,1,1,1,0,2,8
9908257,11,2,9,18,0,11,38
207054,0,0,0,0,0,0,0
12282,5,2,3,4,0,5,7
9709213,5,1,4,5,5,0,0
111186,0,0,0,0,0,0,0
3225,1,1,0,0,0,1,1
9402275,5,1,4,7,1,4,4
9605230,10,3,7,18,0,10,49
9805397,3,1,2,3,0,3,8
9607436,3,3,0,0,2,1,1
9803298,6,2,4,9,0,6,16
9701213,2,2,0,0,1,1,1
9610448,4,1,3,5,4,0,0
9705334,5,1,4,8,5,0,0
9607324,7,2,5,13,0,7,19
9606311,10,1,9,17,0,10,17
105180,7,3,4,6,0,7,45
9404240,3,2,1,1,3,0,0
206076,2,1,1,1,0,2,6
9508213,8,2,6,17,8,0,0
9801234,2,1,1,1,0,2,10
9802436,6,2,4,6,0,6,13
9801342,3,2,1,2,0,3,10
9001,13,1,12,59,2,11,17
9602322,8,1,7,15,0,8,20
9810222,1,1,0,0,1,0,0
3270,8,2,6,14,0,8,56
9402276,4,3,1,1,0,4,4
9703417,2,2,0,0,0,2,5
9302248,6,1,5,6,6,0,0
9712376,1,1,0,0,0,1,1
9266,3,1,2,3,0,3,21
202084,1,1,0,0,0,1,2
9701248,19,4,15,66,1,18,22
9604245,1,1,0,0,1,0,0
9405288,2,2,0,0,0,2,2
9506202,1,1,0,0,1,0,0
9406421,10,1,9,26,10,0,0
9406306,2,1,1,1,0,2,3
9612380,3,2,1,1,0,3,6
5223,3,3,0,0,0,3,21
211281,1,1,0,0,0,1,5
9704262,12,3,9,29,0,12,29
9307337,7,2,5,9,7,0,0
9308310,4,2,2,2,4,0,0
9905407,5,1,4,6,0,5,27
9508403,13,1,12,15,13,0,0
9802406,11,1,10,34,0,11,22
9909212,10,4,6,11,0,10,127
9507239,0,0,0,0,0,0,0
202218,5,2,3,3,0,5,16
9903483,2,1,1,1,2,0,0
9902233,6,3,3,8,0,6,24
9806467,20,1,19,102,0,20,133
9410233,4,2,2,4,0,4,12
9303227,3,1,2,2,0,3,6
211236,0,0,0,0,0,0,0
9610371,2,1,1,1,2,0,0
9809242,4,1,3,4,0,4,6
209153,1,1,0,0,1,0,0
9203211,5,3,2,3,5,0,0
9801414,7,2,5,14,1,6,8
9610220,2,2,0,0,1,1,1
9611412,5,2,3,5,0,5,13
9406313,2,1,1,1,2,0,0
203256,3,3,0,0,0,3,8
9308308,9,8,1,1,1,8,8
9404278,1,1,0,0,1,0,0
9606454,2,1,1,1,2,0,0
9303258,6,2,4,9,0,6,6
9606323,5,1,4,8,0,5,8
106162,5,1,4,4,0,5,10
9707515,5,4,1,1,0,5,25
211252,0,0,0,0,0,0,0
210091,3,2,1,1,0,3,20
9907393,3,1,2,3,1,2,2
9904458,0,0,0,0,0,0,0
9909378,1,1,0,0,0,1,9
110320,0,0,0,0,0,0,0
9607216,1,1,0,0,0,1,4
9602352,5,2,3,5,5,0,0
204210,0,0,0,0,0,0,0
11352,2,2,0,0,0,2,6
9211231,4,1,3,6,4,0,0
9608368,4,3,1,1,0,4,10
104113,1,1,0,0,0,1,11
9901260,17,1,16,51,0,17,93
201001,3,1,2,2,0,3,67
9508309,1,1,0,0,1,0,0
9703432,2,1,1,1,0,2,13
9404340,4,2,2,2,4,0,0
8020,3,2,1,1,0,3,4
106335,2,2,0,0,2,0,0
9705333,12,2,10,46,2,10,14
9708279,3,1,2,3,3,0,0
9806253,8,3,5,9,0,8,99
9804402,0,0,0,0,0,0,0
9502220,1,1,0,0,1,0,0
9908214,2,1,1,1,0,2,11
4246,3,1,2,3,0,3,3
9701296,8,1,7,11,1,7,12
9803399,3,1,2,3,0,3,15
9609204,10,2,8,18,0,10,17
6136,0,0,0,0,0,0,0
9602273,4,1,3,3,0,4,19
207139,6,2,4,5,0,6,99
10221,1,1,0,0,1,0,0
9712434,10,8,2,2,0,10,63
10043,2,1,1,1,0,2,6
108234,1,1,0,0,0,1,2
9505308,9,2,7,21,9,0,0
9206218,6,2,4,9,6,0,0
9809413,1,1,0,0,0,1,15
9504229,8,1,7,13,8,0,0
9403253,3,1,2,2,0,3,3
9308313,2,1,1,1,0,2,2
1113,1,1,0,0,0,1,10
9705288,7,1,6,15,0,7,12
9711326,2,1,1,1,0,2,12
9909436,4,2,2,3,0,4,9
9908233,1,1,0,0,1,0,0
7276,4,2,2,3,0,4,40
105001,2,2,0,0,0,2,10
9212307,4,2,2,4,4,0,0
205165,4,3,1,1,0,4,28
9611342,0,0,0,0,0,0,0
9610503,2,2,0,0,0,2,5
9707434,2,1,1,1,2,0,0
6304,3,2,1,2,1,2,2
109200,1,1,0,0,0,1,2
9909362,3,2,1,2,0,3,12
9310298,9,3,6,13,9,0,0
9603305,0,0,0,0,0,0,0
9045,1,1,0,0,1,0,0
9410369,2,1,1,1,2,0,0
9603341,1,1,0,0,0,1,1
9910295,2,1,1,1,2,0,0
9810402,2,1,1,1,0,2,2
9803321,0,0,0,0,0,0,0
9709466,0,0,0,0,0,0,0
104217,5,2,3,5,0,5,80
212291,0,0,0,0,0,0,0
9405405,2,2,0,0,2,0,0
1322,5,2,3,8,0,5,68
101002,4,1,3,6,4,0,0
111187,1,1,0,0,0,1,2
5085,1,1,0,0,0,1,4
9505407,6,2,4,9,1,5,5
9701205,7,2,5,16,0,7,26
9908389,0,0,0,0,0,0,0
110221,6,2,4,4,0,6,46
9408386,1,1,0,0,1,0,0
9308265,5,1,4,8,5,0,0
9406334,3,2,1,1,3,0,0
9209252,4,2,2,3,4,0,0
4178,1,1,0,0,0,1,1
110310,4,4,0,0,0,4,8
9706551,5,1,4,7,5,0,0
9610494,4,1,3,4,2,2,2
9403316,2,1,1,1,2,0,0
9805283,0,0,0,0,0,0,0
9308362,4,2,2,2,4,0,0
9906505,1,1,0,0,1,0,0
9506287,5,2,3,3,5,0,0
9402233,0,0,0,0,0,0,0
112216,2,2,0,0,2,0,0
201051,2,2,0,0,1,1,1
9712391,0,0,0,0,0,0,0
9708224,1,1,0,0,0,1,3
9806234,4,1,3,5,4,0,0
9502229,7,1,6,13,7,0,0
208142,3,2,1,2,0,3,63
9612431,4,1,3,5,4,0,0
9907515,4,3,1,2,0,4,4
109182,2,2,0,0,0,2,4
9904479,0,0,0,0,0,0,0
9805366,1,1,0,0,0,1,1
9802293,0,0,0,0,0,0,0
202078,3,2,1,1,0,3,3
12110,0,0,0,0,0,0,0
9601267,3,3,0,0,0,3,6
9511347,5,2,3,7,2,3,5
103101,1,1,0,0,0,1,3
209302,0,0,0,0,0,0,0
9811298,4,1,3,5,0,4,31
9603256,3,2,1,1,2,1,1
203181,4,1,3,5,0,4,9
207326,1,1,0,0,0,1,4
201086,1,1,0,0,0,1,1
9702227,4,2,2,3,2,2,2
9905329,7,7,0,0,0,7,78
11076,4,2,2,2,0,4,8
9510306,0,0,0,0,0,0,0
9905458,1,1,0,0,1,0,0
9904367,7,1,6,20,1,6,31
7072,0,0,0,0,0,0,0
9604263,1,1,0,0,1,0,0
9185,3,2,1,2,0,3,4
9909452,4,1,3,3,0,4,5
302092,0,0,0,0,0,0,0
110109,0,0,0,0,0,0,0
9611215,7,1,6,11,7,0,0
201303,6,2,4,7,0,6,30
9404325,4,2,2,2,4,0,0
9408310,2,2,0,0,2,0,0
9604378,4,1,3,3,4,0,0
9708440,3,2,1,2,1,2,2
9909225,9,1,8,29,0,9,50
9708332,1,1,0,0,0,1,6
9704354,0,0,0,0,0,0,0
9905255,6,2,4,10,6,0,0
9805463,0,0,0,0,0,0,0
9809505,0,0,0,0,0,0,0
7242,0,0,0,0,0,0,0
109012,4,1,3,4,0,4,9
9709284,2,1,1,1,0,2,8
1148,2,1,1,1,0,2,4
9408401,1,1,0,0,1,0,0
1006,1,1,0,0,1,0,0
210206,2,2,0,0,0,2,27
3274,2,2,0,0,1,1,1
301176,0,0,0,0,0,0,0
9506245,2,2,0,0,2,0,0
9907561,2,1,1,1,0,2,11
110195,3,2,1,2,0,3,24
9802292,0,0,0,0,0,0,0
107257,2,2,0,0,1,1,1
9904345,3,1,2,3,3,0,0
9310330,2,1,1,1,2,0,0
9512216,3,1,2,3,0,3,7
9703387,0,0,0,0,0,0,0
9712314,2,2,0,0,0,2,4
9908222,4,1,3,5,0,4,4
9903468,4,3,1,1,4,0,0
101173,0,0,0,0,0,0,0
9710388,1,1,0,0,0,1,5
9707446,2,1,1,1,2,0,0
9403216,3,1,2,3,0,3,3
9211,1,1,0,0,0,1,2
9602416,3,1,2,3,3,0,0
9410348,4,2,2,3,4,0,0
9508307,1,1,0,0,1,0,0
9805512,2,1,1,1,1,1,1
109037,3,1,2,2,0,3,7
9801436,3,2,1,2,0,3,16
9502322,1,1,0,0,1,0,0
9906460,6,1,5,11,0,6,20
9905452,5,2,3,5,5,0,0
102229,9,1,8,19,0,9,32
101335,3,2,1,1,0,3,6
9403328,1,1,0,0,1,0,0
9401314,3,3,0,0,3,0,0
208057,0,0,0,0,0,0,0
9508312,3,1,2,2,3,0,0
9807321,1,1,0,0,1,0,0
9805340,8,2,6,17,0,8,13
7063,1,1,0,0,0,1,4
7144,5,2,3,6,2,3,3
102251,0,0,0,0,0,0,0
9703423,4,3,1,1,0,4,5
9811521,1,1,0,0,0,1,1
9207274,1,1,0,0,1,0,0
9703215,3,1,2,2,0,3,9
9312225,3,3,0,0,3,0,0
205022,4,1,3,5,0,4,55
9808325,1,1,0,0,0,1,1
9411224,3,2,1,2,3,0,0
9710301,6,1,5,7,6,0,0
9807422,7,2,5,10,1,6,6
9311327,1,1,0,0,1,0,0
110117,3,2,1,2,0,3,9
9803248,3,1,2,2,0,3,8
9804295,9,2,7,19,0,9,16
9902453,5,2,3,3,0,5,16
9312271,1,1,0,0,1,0,0
9210262,5,2,3,5,5,0,0
9910490,0,0,0,0,0,0,0
9401232,3,1,2,2,3,0,0
9701215,11,1,10,25,11,0,0
102106,1,1,0,0,0,1,1
9304253,1,1,0,0,1,0,0
110348,4,2,2,3,0,4,18
9708319,1,1,0,0,0,1,1
9502331,1,1,0,0,1,0,0
206235,0,0,0,0,0,0,0
9211201,1,1,0,0,1,0,0
9510457,4,3,1,1,4,0,0
9026,0,0,0,0,0,0,0
111060,2,1,1,1,0,2,10
9409311,0,0,0,0,0,0,0
9807256,1,1,0,0,0,1,3
104186,7,2,5,11,0,7,29
1269,1,1,0,0,0,1,7
9905509,6,2,4,5,0,6,16
9312336,1,1,0,0,1,0,0
103042,5,1,4,8,0,5,5
9903513,4,1,3,3,1,3,5
9610239,0,0,0,0,0,0,0
302170,0,0,0,0,0,0,0
5190,5,2,3,6,2,3,4
9901237,0,0,0,0,0,0,0
7293,3,1,2,2,0,3,11
209049,0,0,0,0,0,0,0
204039,0,0,0,0,0,0,0
9808206,3,2,1,1,1,2,2
103079,1,1,0,0,1,0,0
9804322,1,1,0,0,0,1,3
9902240,3,3,0,0,0,3,9
9808474,1,1,0,0,1,0,0
9712293,3,2,1,1,1,2,3
9606220,2,1,1,1,1,1,2
9304217,6,2,4,8,0,6,6
9704390,1,1,0,0,1,0,0
9702418,5,5,0,0,5,0,0
107298,1,1,0,0,1,0,0
9901357,1,1,0,0,1,0,0
9904254,1,1,0,0,1,0,0
9903429,3,1,2,3,0,3,8
9509214,2,1,1,1,0,2,5
9910536,4,2,2,4,4,0,0
6098,1,1,0,0,0,1,13
9210264,3,1,2,3,3,0,0
9509391,0,0,0,0,0,0,0
9706350,6,2,4,7,6,0,0
109091,1,1,0,0,0,1,3
9811455,4,1,3,5,0,4,5
9506316,0,0,0,0,0,0,0
208153,1,1,0,0,0,1,1
201120,0,0,0,0,0,0,0
7301,3,1,2,2,0,3,5
110092,0,0,0,0,0,0,0
9812497,2,2,0,0,0,2,2
9703444,2,2,0,0,2,0,0
9502344,0,0,0,0,0,0,0
208259,1,1,0,0,0,1,2
9711502,1,1,0,0,1,0,0
103144,0,0,0,0,0,0,0
9035,0,0,0,0,0,0,0
11272,1,1,0,0,0,1,17
9809282,3,2,1,1,1,2,3
212367,0,0,0,0,0,0,0
208251,0,0,0,0,0,0,0
210023,1,1,0,0,0,1,6
6357,0,0,0,0,0,0,0
9911498,2,1,1,1,0,2,2
9701298,0,0,0,0,0,0,0
10128,3,2,1,1,0,3,10
204250,0,0,0,0,0,0,0
9708250,0,0,0,0,0,0,0
9801296,0,0,0,0,0,0,0
9601204,1,1,0,0,0,1,7
9705351,2,1,1,1,0,2,4
9605346,2,1,1,1,2,0,0
102182,0,0,0,0,0,0,0
4124,4,3,1,1,0,4,41
3299,3,1,2,2,2,1,1
9801286,0,0,0,0,0,0,0
9811433,4,3,1,1,0,4,7
205212,1,1,0,0,0,1,1
7283,3,1,2,3,0,3,8
9609303,0,0,0,0,0,0,0
10275,0,0,0,0,0,0,0
9609452,1,1,0,0,1,0,0
9503262,0,0,0,0,0,0,0
106070,0,0,0,0,0,0,0
9806340,2,1,1,1,2,0,0
9801253,5,3,2,2,0,5,5
9907442,0,0,0,0,0,0,0
204325,1,1,0,0,0,1,3
9302272,2,1,1,1,2,0,0
9810221,5,1,4,6,0,5,11
106125,1,1,0,0,0,1,2
12364,1,1,0,0,0,1,1
208191,0,0,0,0,0,0,0
9504269,0,0,0,0,0,0,0
9608301,1,1,0,0,1,0,0
9911292,0,0,0,0,0,0,0
111214,1,1,0,0,1,0,0
109267,1,1,0,0,0,1,8
9407321,2,2,0,0,2,0,0
107011,1,1,0,0,0,1,6
212264,0,0,0,0,0,0,0
10116,3,1,2,2,3,0,0
9404309,1,1,0,0,0,1,1
9403386,1,1,0,0,1,0,0
8136,2,1,1,1,2,0,0
9411318,3,1,2,2,3,0,0
9605391,1,1,0,0,1,0,0
9604353,9,4,5,8,0,9,21
112039,0,0,0,0,0,0,0
3077,1,1,0,0,1,0,0
8209,2,1,1,1,2,0,0
9509402,0,0,0,0,0,0,0
9912485,2,2,0,0,0,2,4
9611210,4,1,3,5,1,3,3
9502337,1,1,0,0,1,0,0
206135,1,1,0,0,0,1,5
9703222,2,1,1,1,2,0,0
9204213,4,3,1,1,4,0,0
102072,2,2,0,0,0,2,15
6156,2,2,0,0,2,0,0
210364,0,0,0,0,0,0,0
9210245,4,3,1,1,4,0,0
208095,0,0,0,0,0,0,0
202012,7,1,6,14,0,7,85
9907268,5,2,3,5,2,3,4
103150,2,1,1,1,0,2,3
9603228,3,2,1,2,3,0,0
2204,1,1,0,0,1,0,0
7126,0,0,0,0,0,0,0
109103,1,1,0,0,0,1,10
9610482,0,0,0,0,0,0,0
9906439,3,1,2,2,0,3,8
9704391,0,0,0,0,0,0,0
9803412,4,2,2,4,0,4,10
109175,0,0,0,0,0,0,0
9301215,1,1,0,0,1,0,0
9910222,0,0,0,0,0,0,0
9501294,0,0,0,0,0,0,0
11195,2,1,1,1,0,2,2
9211230,3,3,0,0,3,0,0
9611346,0,0,0,0,0,0,0
104221,2,2,0,0,2,0,0
9310325,2,2,0,0,2,0,0
9509400,0,0,0,0,0,0,0
9402269,0,0,0,0,0,0,0
9505265,0,0,0,0,0,0,0
106283,0,0,0,0,0,0,0
9808475,0,0,0,0,0,0,0
208219,0,0,0,0,0,0,0
201110,0,0,0,0,0,0,0
103057,6,1,5,5,1,5,9
9502204,2,2,0,0,2,0,0
9902206,1,1,0,0,1,0,0
9704203,0,0,0,0,0,0,0
9701223,0,0,0,0,0,0,0
9810390,2,2,0,0,0,2,2
9605208,0,0,0,0,0,0,0
9705412,2,1,1,1,2,0,0
108044,0,0,0,0,0,0,0
10304,0,0,0,0,0,0,0
9811450,0,0,0,0,0,0,0
9901368,0,0,0,0,0,0,0
5246,2,1,1,1,0,2,7
212208,1,1,0,0,1,0,0
9912538,0,0,0,0,0,0,0
9302255,2,2,0,0,2,0,0
9508367,0,0,0,0,0,0,0
104147,2,1,1,1,2,0,0
9610247,2,1,1,1,2,0,0
2180,0,0,0,0,0,0,0
9903467,0,0,0,0,0,0,0
9410315,1,1,0,0,1,0,0
11127,0,0,0,0,0,0,0
9609208,0,0,0,0,0,0,0
9706217,1,1,0,0,0,1,2
9808461,2,2,0,0,0,2,2
9603275,1,1,0,0,1,0,0
9707248,0,0,0,0,0,0,0
212061,0,0,0,0,0,0,0
6228,0,0,0,0,0,0,0
211033,0,0,0,0,0,0,0
9807495,0,0,0,0,0,0,0
110415,0,0,0,0,0,0,0
9712288,1,1,0,0,0,1,5
9502319,4,2,2,2,2,2,2
5096,1,1,0,0,0,1,4
208106,0,0,0,0,0,0,0
101128,1,1,0,0,0,1,7
9409267,1,1,0,0,1,0,0
9803420,2,2,0,0,0,2,2
9909347,0,0,0,0,0,0,0
9811276,1,1,0,0,0,1,2
9903297,0,0,0,0,0,0,0
210185,0,0,0,0,0,0,0
9402320,4,2,2,3,4,0,0
9705291,2,1,1,1,2,0,0
211207,0,0,0,0,0,0,0
103246,1,1,0,0,0,1,2
104114,0,0,0,0,0,0,0
105162,1,1,0,0,0,1,3
9710367,1,1,0,0,1,0,0
9409217,1,1,0,0,1,0,0
9508341,0,0,0,0,0,0,0
5322,0,0,0,0,0,0,0
9601340,0,0,0,0,0,0,0
210281,0,0,0,0,0,0,0
9711255,0,0,0,0,0,0,0
9908357,0,0,0,0,0,0,0
1134,0,0,0,0,0,0,0
110268,0,0,0,0,0,0,0
103207,2,1,1,1,1,1,1
9808427,0,0,0,0,0,0,0
9606453,1,1,0,0,1,0,0
9810525,0,0,0,0,0,0,0
9809407,1,1,0,0,1,0,0
9910356,1,1,0,0,0,1,1
9510303,3,2,1,1,3,0,0
105083,0,0,0,0,0,0,0
206219,0,0,0,0,0,0,0
9712519,1,1,0,0,0,1,1
204176,0,0,0,0,0,0,0
9905522,0,0,0,0,0,0,0
9503409,0,0,0,0,0,0,0
9506349,2,1,1,1,2,0,0
4229,0,0,0,0,0,0,0
110308,0,0,0,0,0,0,0
9611434,2,2,0,0,0,2,2
9609268,0,0,0,0,0,0,0
9303212,1,1,0,0,1,0,0
9501328,0,0,0,0,0,0,0
104013,0,0,0,0,0,0,0
201093,1,1,0,0,1,0,0
9709278,3,1,2,3,0,3,6
9711252,3,1,2,3,0,3,3
208084,1,1,0,0,0,1,3
205110,0,0,0,0,0,0,0
210200,1,1,0,0,0,1,2
202229,1,1,0,0,0,1,5
11373,1,1,0,0,0,1,1
207096,1,1,0,0,1,0,0
12190,0,0,0,0,0,0,0
211152,0,0,0,0,0,0,0
105318,1,1,0,0,0,1,9
203015,0,0,0,0,0,0,0
9711511,0,0,0,0,0,0,0
204124,1,1,0,0,0,1,1
9902450,0,0,0,0,0,0,0
9512339,4,2,2,2,4,0,0
9403293,3,3,0,0,3,0,0
9511277,1,1,0,0,1,0,0
210278,0,0,0,0,0,0,0
110318,0,0,0,0,0,0,0
110238,4,1,3,4,0,4,27
106340,2,1,1,1,2,0,0
108011,0,0,0,0,0,0,0
9910325,0,0,0,0,0,0,0
109236,0,0,0,0,0,0,0
9308307,1,1,0,0,1,0,0
11173,0,0,0,0,0,0,0
302051,0,0,0,0,0,0,0
8164,0,0,0,0,0,0,0
9410291,0,0,0,0,0,0,0
9911374,1,1,0,0,0,1,1
212233,0,0,0,0,0,0,0
9609492,2,2,0,0,2,0,0
9510459,0,0,0,0,0,0,0
112066,0,0,0,0,0,0,0
105346,0,0,0,0,0,0,0
9712448,2,1,1,1,2,0,0
9704254,0,0,0,0,0,0,0
9909420,0,0,0,0,0,0,0
9705338,1,1,0,0,1,0,0
9409398,0,0,0,0,0,0,0
9905209,0,0,0,0,0,0,0
9805402,1,1,0,0,1,0,0
108051,2,1,1,1,0,2,15
9802222,0,0,0,0,0,0,0
9812532,1,1,0,0,1,0,0
108162,1,1,0,0,1,0,0
9512269,0,0,0,0,0,0,0
9909309,0,0,0,0,0,0,0
211428,1,1,0,0,0,1,7
9608349,1,1,0,0,0,1,4
210015,0,0,0,0,0,0,0
212404,1,1,0,0,0,1,8
9706505,2,2,0,0,2,0,0
102191,0,0,0,0,0,0,0
211139,0,0,0,0,0,0,0
211376,0,0,0,0,0,0,0
101174,1,1,0,0,0,1,5
301234,0,0,0,0,0,0,0
6170,0,0,0,0,0,0,0
9807451,0,0,0,0,0,0,0
11320,2,2,0,0,0,2,11
9809414,0,0,0,0,0,0,0
2299,1,1,0,0,0,1,2
9602215,0,0,0,0,0,0,0
205286,2,1,1,1,0,2,9
206253,0,0,0,0,0,0,0
5320,0,0,0,0,0,0,0
12217,2,2,0,0,0,2,5
211334,1,1,0,0,0,1,5
212102,1,1,0,0,0,1,3
9612469,0,0,0,0,0,0,0
10158,0,0,0,0,0,0,0
9811319,0,0,0,0,0,0,0
108271,2,2,0,0,2,0,0
9909311,0,0,0,0,0,0,0
9411386,1,1,0,0,1,0,0
7028,0,0,0,0,0,0,0
210071,0,0,0,0,0,0,0
9611407,0,0,0,0,0,0,0
206291,0,0,0,0,0,0,0
212051,0,0,0,0,0,0,0
11354,0,0,0,0,0,0,0
107258,0,0,0,0,0,0,0
302224,0,0,0,0,0,0,0
211346,0,0,0,0,0,0,0
9504338,2,2,0,0,2,0,0
9305210,0,0,0,0,0,0,0
212260,0,0,0,0,0,0,0
109205,0,0,0,0,0,0,0
203257,2,2,0,0,0,2,3
112325,0,0,0,0,0,0,0
9904487,0,0,0,0,0,0,0
106200,0,0,0,0,0,0,0
9811293,1,1,0,0,0,1,1
9511475,0,0,0,0,0,0,0
9905335,0,0,0,0,0,0,0
9708397,1,1,0,0,1,0,0
101191,0,0,0,0,0,0,0
9308202,0,0,0,0,0,0,0
212274,2,1,1,1,2,0,0
9707294,0,0,0,0,0,0,0
209334,0,0,0,0,0,0,0
211128,0,0,0,0,0,0,0
111132,0,0,0,0,0,0,0
9406353,0,0,0,0,0,0,0
9808220,0,0,0,0,0,0,0
101295,0,0,0,0,0,0,0
9806460,0,0,0,0,0,0,0
204245,0,0,0,0,0,0,0
9710361,2,2,0,0,2,0,0
6294,0,0,0,0,0,0,0
9512297,1,1,0,0,1,0,0
5016,0,0,0,0,0,0,0
112272,0,0,0,0,0,0,0
207245,0,0,0,0,0,0,0
9306304,1,1,0,0,1,0,0
111295,0,0,0,0,0,0,0
209019,0,0,0,0,0,0,0
9807257,0,0,0,0,0,0,0
9910380,0,0,0,0,0,0,0
203241,0,0,0,0,0,0,0
9804405,0,0,0,0,0,0,0
9803458,0,0,0,0,0,0,0
6213,2,1,1,1,2,0,0
9507290,2,2,0,0,2,0,0
301025,0,0,0,0,0,0,0
9709482,0,0,0,0,0,0,0
210269,0,0,0,0,0,0,0
302112,0,0,0,0,0,0,0
9506460,0,0,0,0,0,0,0
302184,1,1,0,0,0,1,10
9611372,0,0,0,0,0,0,0
5307,0,0,0,0,0,0,0
9809522,0,0,0,0,0,0,0
106183,0,0,0,0,0,0,0
103033,0,0,0,0,0,0,0
110082,1,1,0,0,1,0,0
9908270,0,0,0,0,0,0,0
10119,0,0,0,0,0,0,0
9610322,0,0,0,0,0,0,0
9707315,1,1,0,0,0,1,2
9903434,1,1,0,0,0,1,1
12295,0,0,0,0,0,0,0
9412364,0,0,0,0,0,0,0
9612395,0,0,0,0,0,0,0
301147,0,0,0,0,0,0,0
107283,0,0,0,0,0,0,0
9901251,0,0,0,0,0,0,0
106046,0,0,0,0,0,0,0
9811217,0,0,0,0,0,0,0
212054,0,0,0,0,0,0,0
9910547,0,0,0,0,0,0,0
9611420,1,1,0,0,1,0,0
9901298,1,1,0,0,1,0,0
12335,1,1,0,0,1,0,0
9710499,0,0,0,0,0,0,0
9302282,0,0,0,0,0,0,0
204284,0,0,0,0,0,0,0
9701403,1,1,0,0,1,0,0
102208,0,0,0,0,0,0,0
110251,0,0,0,0,0,0,0
106157,0,0,0,0,0,0,0
106007,0,0,0,0,0,0,0
9708251,2,2,0,0,2,0,0
202263,0,0,0,0,0,0,0
9912442,0,0,0,0,0,0,0
9812285,2,1,1,1,2,0,0
9712272,0,0,0,0,0,0,0
9604428,0,0,0,0,0,0,0
9410305,1,1,0,0,1,0,0
9504249,0,0,0,0,0,0,0
112289,0,0,0,0,0,0,0
211210,0,0,0,0,0,0,0
9803330,0,0,0,0,0,0,0
211176,0,0,0,0,0,0,0
9311377,0,0,0,0,0,0,0
204098,1,1,0,0,0,1,3
9209,0,0,0,0,0,0,0
206129,0,0,0,0,0,0,0
103117,0,0,0,0,0,0,0
9812224,1,1,0,0,1,0,0
9606365,1,1,0,0,1,0,0
212188,0,0,0,0,0,0,0
12106,0,0,0,0,0,0,0
211004,0,0,0,0,0,0,0
9412240,1,1,0,0,1,0,0
111268,0,0,0,0,0,0,0
9703376,1,1,0,0,1,0,0
8253,0,0,0,0,0,0,0
207233,0,0,0,0,0,0,0
5145,0,0,0,0,0,0,0
9910335,1,1,0,0,1,0,0
9808310,0,0,0,0,0,0,0
108200,0,0,0,0,0,0,0
9308305,0,0,0,0,0,0,0
210079,0,0,0,0,0,0,0
6126,0,0,0,0,0,0,0
9809271,0,0,0,0,0,0,0
209237,0,0,0,0,0,0,0
1187,0,0,0,0,0,0,0
112136,0,0,0,0,0,0,0
210275,0,0,0,0,0,0,0
211201,0,0,0,0,0,0,0
211435,0,0,0,0,0,0,0
205197,0,0,0,0,0,0,0
9806362,0,0,0,0,0,0,0
111455,0,0,0,0,0,0,0
109070,0,0,0,0,0,0,0
208253,0,0,0,0,0,0,0
211135,0,0,0,0,0,0,0
9509273,1,1,0,0,1,0,0
210417,1,1,0,0,1,0,0
9512214,0,0,0,0,0,0,0
204257,1,1,0,0,1,0,0
111470,1,1,0,0,1,0,0
9505235,14,2,12,43,14,0,0
12208,7,1,6,14,0,7,37
9903230,16,1,15,76,0,16,130
9410307,7,1,6,12,7,0,0
106344,0,0,0,0,0,0,0
9303263,8,1,7,17,8,0,0
9404335,4,1,3,3,4,0,0
9603227,11,5,6,15,0,11,45
8047,4,3,1,1,0,4,4
9703264,2,1,1,1,0,2,12
9409388,19,2,17,83,8,11,11
9512378,5,5,0,0,0,5,23
9811379,25,4,21,64,0,25,169
9806328,36,6,30,212,0,36,341
9806294,27,2,25,168,17,10,10
9810505,9,2,7,13,0,9,33
9804262,18,2,16,82,4,14,14
9607265,8,1,7,14,2,6,6
9704366,2,1,1,1,0,2,8
9502304,3,1,2,3,3,0,0
9409367,5,1,4,6,5,0,0
9601387,19,4,15,73,0,19,54
104238,9,2,7,13,0,9,78
9802433,43,1,42,379,0,43,295
9912254,19,1,18,101,0,19,84
9303230,43,1,42,367,43,0,0
9706382,5,1,4,8,0,5,79
9701347,2,2,0,0,0,2,18
9701233,28,3,25,207,1,27,76
9702380,33,2,31,243,0,33,84
111073,0,0,0,0,0,0,0
9712294,2,1,1,1,2,0,0
9408213,21,2,19,87,21,0,0
9709243,24,3,21,112,0,24,75
9606447,2,2,0,0,0,2,5
9208205,12,2,10,28,1,11,11
9806435,6,2,4,5,6,0,0
9610553,4,2,2,3,0,4,21
9603214,17,3,14,83,0,17,28
9701252,7,1,6,6,0,7,14
9805481,4,2,2,4,0,4,36
9912292,0,0,0,0,0,0,0
9310217,3,2,1,2,1,2,2
9512303,18,2,16,62,0,18,45
9801356,23,1,22,140,6,17,17
9602265,12,2,10,35,6,6,6
7071,0,0,0,0,0,0,0
9801224,1,1,0,0,0,1,1
9607440,30,1,29,186,8,22,35
9403403,16,1,15,63,2,14,25
9708219,17,1,16,67,0,17,82
9311329,15,1,14,39,15,0,0
9809574,15,1,14,61,0,15,111
9806368,17,2,15,51,0,17,88
3140,12,2,10,21,0,12,180
9910254,25,2,23,128,0,25,415
9908235,20,2,18,107,0,20,148
107003,4,1,3,4,0,4,7
207164,2,1,1,1,0,2,12
9212277,6,1,5,13,6,0,0
9412322,17,3,14,86,4,13,13
9811202,49,2,47,457,0,49,238
9709492,40,2,38,291,1,39,104
9806213,16,3,13,38,0,16,104
9706307,7,2,5,12,0,7,48
9502260,14,1,13,51,14,0,0
9909435,16,2,14,38,0,16,134
9707207,3,1,2,3,3,0,0
9712254,9,2,7,16,3,6,6
9312329,6,1,5,12,2,4,9
9803470,3,2,1,2,0,3,7
9511267,1,1,0,0,0,1,1
6006,3,1,2,3,0,3,13
9711308,14,1,13,31,2,12,18
9309283,30,4,26,199,30,0,0
9909265,13,1,12,37,1,12,88
9910420,20,2,18,60,0,20,57
9806246,6,1,5,14,0,6,15
102098,32,3,29,167,1,31,240
9604232,6,2,4,7,0,6,17
9909228,15,4,11,50,0,15,61
9807501,47,1,46,517,2,45,130
105269,5,2,3,6,0,5,106
9306264,11,1,10,30,11,0,0
9907352,11,2,9,26,0,11,14
9706545,4,1,3,4,0,4,14
2078,8,4,4,5,0,8,47
6001,21,2,19,115,0,21,126
9602316,4,1,3,6,0,4,4
9501233,0,0,0,0,0,0,0
4130,0,0,0,0,0,0,0
9604262,2,2,0,0,2,0,0
11094,36,1,35,240,0,36,478
110083,11,2,9,22,0,11,145
108060,38,2,36,387,0,38,106
9911294,28,1,27,173,0,28,77
9312204,4,1,3,5,4,0,0
9903538,24,2,22,208,0,24,275
9906542,6,1,5,9,0,6,16
9812337,7,1,6,16,0,7,16
9405342,11,2,9,32,11,0,0
9904248,12,8,4,8,0,12,93
2152,5,0,5,7,3,2,4
9608215,2,2,0,0,0,2,5
9704448,8,3,5,9,1,7,15
112034,4,1,3,4,0,4,16
202170,2,2,0,0,0,2,2
9412315,7,4,3,8,7,0,0
9703370,4,1,3,3,4,0,0
9610364,9,3,6,14,0,9,79
9610237,3,1,2,2,3,0,0
9212268,9,1,8,20,9,0,0
9302211,2,1,1,1,2,0,0
9601377,2,1,1,1,2,0,0
6223,3,2,1,1,3,0,0
9601360,14,1,13,54,14,0,0
9606203,16,1,15,73,16,0,0
9611433,51,2,49,506,1,50,175
9710431,29,4,25,175,29,0,0
9912370,1,1,0,0,0,1,6
104259,9,1,8,21,0,9,63
102257,9,2,7,21,0,9,112
9809456,2,2,0,0,2,0,0
9405355,14,3,11,32,0,14,26
9708335,17,3,14,62,0,17,65
9501297,7,1,6,14,7,0,0
9604217,12,3,9,27,0,12,51
9812513,7,3,4,6,0,7,33
9704207,58,2,56,583,0,58,317
9702282,6,4,2,5,0,6,26
9405290,21,2,19,120,15,6,6
9609378,5,3,2,4,0,5,16
9802338,6,3,3,5,0,6,27
9709246,3,1,2,2,3,0,0
9710487,17,3,14,58,2,15,43
9703337,39,3,36,324,0,39,140
9501336,12,2,10,30,2,10,14
9512264,13,1,12,38,7,6,6
1124,0,0,0,0,0,0,0
9910270,0,0,0,0,0,0,0
108073,3,2,1,1,0,3,57
9906450,4,2,2,3,0,4,15
9311284,22,1,21,124,22,0,0
9809529,2,2,0,0,0,2,33
9909478,6,4,2,2,0,6,79
9911305,4,1,3,3,2,2,2
6116,11,3,8,21,0,11,116
9610265,9,2,7,17,9,0,0
9605359,8,3,5,7,0,8,38
107097,8,2,6,13,0,8,24
108159,0,0,0,0,0,0,0
9512202,1,1,0,0,0,1,3
105311,17,2,15,56,0,17,91
9207241,6,2,4,7,6,0,0
104176,0,0,0,0,0,0,0
9302311,14,1,13,69,14,0,0
7222,9,5,4,7,0,9,58
9612405,3,1,2,3,0,3,3
2287,25,3,22,109,0,25,213
9704431,1,1,0,0,1,0,0
9502280,4,1,3,6,0,4,8
206056,4,1,3,4,1,3,3
9407317,15,6,9,37,1,14,39
9612397,15,2,13,56,15,0,0
112228,4,1,3,6,1,3,3
9305232,22,1,21,81,0,22,22
104262,2,2,0,0,1,1,1
9702341,2,1,1,1,0,2,2
8129,10,2,8,21,10,0,0
12142,10,3,7,21,1,9,13
9211310,7,3,4,10,7,0,0
9802219,2,1,1,1,0,2,4
3317,5,4,1,1,0,5,27
108068,9,2,7,20,1,8,14
9606207,12,3,9,11,1,11,11
9609239,2,2,0,0,0,2,4
9806525,1,1,0,0,1,0,0
9509321,6,2,4,12,1,5,5
104236,6,2,4,9,0,6,54
206171,2,1,1,1,2,0,0
9708221,0,0,0,0,0,0,0
9405234,6,3,3,3,0,6,11
9411384,20,2,18,95,1,19,19
4179,2,2,0,0,0,2,2
9604398,13,3,10,13,1,12,33
9141,12,1,11,27,0,12,116
9903405,2,1,1,1,2,0,0
9710354,12,3,9,23,0,12,51
9507341,3,1,2,2,0,3,6
9907510,15,1,14,40,0,15,29
9308277,3,3,0,0,3,0,0
9501379,5,1,4,8,0,5,5
207031,0,0,0,0,0,0,0
203010,0,0,0,0,0,0,0
9506280,20,1,19,139,20,0,0
106166,45,2,43,416,0,45,222
9703278,13,2,11,34,1,12,12
9504371,3,1,2,3,3,0,0
9308204,2,2,0,0,2,0,0
9809483,19,3,16,59,1,18,26
9606472,1,1,0,0,1,0,0
9601343,5,2,3,4,0,5,11
9409393,12,2,10,31,0,12,45
9608280,11,3,8,16,0,11,67
9802329,15,2,13,45,0,15,44
9811402,3,1,2,2,3,0,0
9803303,0,0,0,0,0,0,0
9507445,11,2,9,25,2,9,23
210380,1,1,0,0,0,1,4
9710333,0,0,0,0,0,0,0
204119,0,0,0,0,0,0,0
9410269,7,2,5,12,0,7,38
9805225,13,2,11,46,13,0,0
105149,3,1,2,2,0,3,3
206245,5,2,3,6,0,5,54
202006,9,2,7,18,1,8,28
9911264,4,1,3,6,0,4,28
105113,5,2,3,8,0,5,15
1086,8,2,6,13,8,0,0
9806302,0,0,0,0,0,0,0
6014,5,1,4,7,0,5,27
105105,6,3,3,7,0,6,48
9710328,1,1,0,0,0,1,2
9809263,12,1,11,39,1,11,50
9905343,2,2,0,0,0,2,3
9504308,0,0,0,0,0,0,0
9806270,3,3,0,0,0,3,15
9312343,7,1,6,18,7,0,0
9907281,3,2,1,1,3,0,0
9801215,13,1,12,42,1,12,12
211399,0,0,0,0,0,0,0
9412314,1,1,0,0,1,0,0
1087,8,3,5,10,0,8,129
9708212,5,1,4,6,0,5,20
9508291,11,4,7,18,0,11,24
2022,5,1,4,7,0,5,15
9902452,12,2,10,39,0,12,78
9607376,6,1,5,13,6,0,0
9602395,1,1,0,0,1,0,0
9304305,3,1,2,3,3,0,0
9805393,1,1,0,0,0,1,2
9407338,13,1,12,58,13,0,0
9810412,8,2,6,25,0,8,22
1142,19,2,17,98,0,19,60
9302203,6,2,4,12,6,0,0
9909429,17,3,14,35,0,17,133
7158,9,2,7,21,0,9,17
9707282,11,1,10,37,0,11,29
9911342,10,3,7,14,0,10,36
9803348,1,1,0,0,0,1,1
102061,1,1,0,0,0,1,7
9712350,3,1,2,3,0,3,3
9811300,3,1,2,3,0,3,16
9805245,7,2,5,7,0,7,15
9907328,4,1,3,3,0,4,43
9804254,4,2,2,2,0,4,6
9809513,11,1,10,24,0,11,58
9806232,24,4,20,109,0,24,213
9908363,8,2,6,17,8,0,0
9912490,4,2,2,2,0,4,17
9511457,0,0,0,0,0,0,0
9504379,9,1,8,20,9,0,0
9205243,18,2,16,74,18,0,0
9608480,13,2,11,43,1,12,33
207114,2,1,1,1,0,2,8
9705255,2,2,0,0,1,1,1
9510294,0,0,0,0,0,0,0
9710445,6,2,4,7,0,6,18
4092,1,1,0,0,0,1,1
9509260,9,2,7,11,0,9,19
9504268,6,1,5,7,1,5,7
9305207,6,2,4,9,6,0,0
9512321,8,1,7,13,2,6,9
4227,12,1,11,44,0,12,71
3204,4,1,3,4,0,4,10
105320,2,2,0,0,0,2,5
9709452,7,3,4,7,0,7,11
5081,2,2,0,0,0,2,18
9904233,2,1,1,1,1,1,2
9409316,4,1,3,4,0,4,6
9711204,6,2,4,6,0,6,45
9808236,0,0,0,0,0,0,0
9609475,0,0,0,0,0,0,0
9607244,4,1,3,5,4,0,0
9607204,1,1,0,0,1,0,0
9611201,2,2,0,0,0,2,4
9705364,10,1,9,33,3,7,7
9603315,0,0,0,0,0,0,0
9810315,6,1,5,14,0,6,18
9709292,17,2,15,87,2,15,31
9407341,3,2,1,1,3,0,0
211426,1,1,0,0,0,1,4
9702358,5,2,3,5,0,5,5
9803319,2,2,0,0,0,2,15
9807277,8,1,7,16,0,8,21
9802340,2,2,0,0,2,0,0
9912449,0,0,0,0,0,0,0
9904321,2,1,1,1,0,2,17
9809254,3,2,1,1,0,3,5
5162,6,2,4,9,0,6,43
9207228,5,1,4,5,5,0,0
9609309,3,2,1,1,0,3,10
9903306,2,1,1,1,0,2,3
9709467,1,1,0,0,0,1,1
12194,4,2,2,3,0,4,26
207351,0,0,0,0,0,0,0
9701266,12,3,9,30,1,11,11
9604247,1,1,0,0,1,0,0
9503294,7,3,4,5,2,5,5
5234,0,0,0,0,0,0,0
9905412,6,1,5,7,1,5,5
9603318,4,2,2,2,0,4,7
9701372,2,1,1,1,1,1,2
110220,1,1,0,0,0,1,6
9401309,8,2,6,17,8,0,0
9708363,9,2,7,11,0,9,34
9311375,6,2,4,7,4,2,2
9403271,3,2,1,2,0,3,3
9906461,4,1,3,5,0,4,20
9610369,7,6,1,1,7,0,0
9510304,15,1,14,66,15,0,0
112249,0,0,0,0,0,0,0
9710317,5,4,1,1,0,5,21
112119,13,1,12,38,2,11,17
107060,3,1,2,2,0,3,26
9903532,2,1,1,1,0,2,6
9902484,17,2,15,69,0,17,158
9605272,0,0,0,0,0,0,0
9306232,5,2,3,3,5,0,0
209333,0,0,0,0,0,0,0
9511215,1,1,0,0,1,0,0
9405318,1,1,0,0,1,0,0
9906520,1,1,0,0,1,0,0
9308257,2,1,1,1,0,2,2
9610316,3,1,2,3,3,0,0
6206,2,1,1,1,0,2,7
9703201,11,3,8,14,2,9,18
211359,0,0,0,0,0,0,0
103014,6,2,4,6,0,6,6
9308371,9,8,1,1,1,8,8
9906508,1,1,0,0,0,1,4
9912407,6,2,4,9,6,0,0
9306237,12,1,11,35,1,11,11
9609325,5,1,4,8,0,5,11
204191,6,5,1,1,0,6,30
9308263,12,1,11,28,0,12,12
11048,8,2,6,11,0,8,71
204166,11,1,10,30,0,11,112
210324,0,0,0,0,0,0,0
9903333,4,3,1,2,0,4,75
9703330,3,2,1,1,1,2,6
9409357,2,1,1,1,2,0,0
9602201,1,1,0,0,1,0,0
9801370,2,1,1,1,1,1,1
207026,7,1,6,9,0,7,64
5049,6,1,5,8,0,6,27
204132,0,0,0,0,0,0,0
9709449,2,1,1,1,2,0,0
103312,1,1,0,0,0,1,16
9911327,3,2,1,1,0,3,26
107327,2,2,0,0,0,2,9
9802438,2,2,0,0,0,2,6
9702356,5,1,4,6,0,5,29
9509297,3,2,1,2,1,2,2
110041,1,1,0,0,0,1,2
102103,1,1,0,0,1,0,0
9706201,11,3,8,29,1,10,21
9803378,3,1,2,3,1,2,4
9901276,3,2,1,1,0,3,62
9802444,1,1,0,0,0,1,1
9408392,0,0,0,0,0,0,0
9807398,1,1,0,0,0,1,1
9811377,4,1,3,6,4,0,0
9703406,7,1,6,11,0,7,42
9810492,0,0,0,0,0,0,0
11184,2,1,1,1,2,0,0
9806360,2,1,1,1,0,2,7
9706489,4,3,1,1,0,4,25
9906480,0,0,0,0,0,0,0
9702294,2,1,1,1,0,2,4
9905374,1,1,0,0,0,1,14
203199,1,1,0,0,0,1,4
108235,3,3,0,0,0,3,5
9509207,7,2,5,13,7,0,0
9304298,7,3,4,10,7,0,0
9711290,1,1,0,0,0,1,16
9803390,5,3,2,2,0,5,5
104080,5,2,3,5,0,5,17
9502411,2,1,1,1,0,2,2
9807223,2,1,1,1,0,2,18
1270,7,3,4,5,2,5,5
9804302,2,2,0,0,0,2,2
9904240,7,1,6,10,1,6,12
9711295,2,2,0,0,2,0,0
102218,9,1,8,19,0,9,134
9906365,2,1,1,1,0,2,7
9403291,1,1,0,0,0,1,3
6237,7,3,4,7,0,7,24
9503335,1,1,0,0,0,1,2
9609389,1,1,0,0,0,1,1
9801412,1,1,0,0,0,1,9
9810489,3,1,2,3,3,0,0
9608290,0,0,0,0,0,0,0
9607210,14,2,12,64,0,14,14
9611250,3,2,1,1,3,0,0
9706386,0,0,0,0,0,0,0
9907493,1,1,0,0,1,0,0
9704259,3,2,1,1,1,2,4
9409401,2,1,1,1,2,0,0
210284,0,0,0,0,0,0,0
9607284,4,2,2,4,4,0,0
9708330,2,1,1,1,0,2,57
9707358,1,1,0,0,1,0,0
110049,4,2,2,3,0,4,41
7169,4,1,3,3,0,4,24
9309316,0,0,0,0,0,0,0
2006,6,1,5,9,0,6,50
9905228,9,1,8,15,8,1,1
110312,2,1,1,1,1,1,1
8290,2,2,0,0,0,2,7
9607263,5,1,4,7,1,4,4
9802253,5,2,3,6,0,5,21
9505399,2,1,1,1,2,0,0
9358,6,1,5,10,0,6,27
9055,0,0,0,0,0,0,0
9403324,3,1,2,3,0,3,3
9409261,2,1,1,1,2,0,0
9901424,0,0,0,0,0,0,0
9711463,4,1,3,3,4,0,0
204254,5,2,3,4,0,5,29
110060,0,0,0,0,0,0,0
9611231,3,2,1,1,0,3,4
8183,0,0,0,0,0,0,0
9602356,3,2,1,1,1,2,2
5123,2,1,1,1,2,0,0
9907557,2,2,0,0,0,2,8
9710292,0,0,0,0,0,0,0
9308324,3,3,0,0,3,0,0
102099,3,1,2,3,0,3,6
108058,1,1,0,0,1,0,0
9709280,2,2,0,0,2,0,0
9711425,1,1,0,0,0,1,3
9601255,0,0,0,0,0,0,0
9505260,5,1,4,7,1,4,4
9904260,2,2,0,0,0,2,10
9805210,1,1,0,0,0,1,4
9512338,5,1,4,6,5,0,0
207278,0,0,0,0,0,0,0
9710477,0,0,0,0,0,0,0
9603323,2,1,1,1,2,0,0
9704442,1,1,0,0,1,0,0
9612241,4,1,3,3,4,0,0
11228,0,0,0,0,0,0,0
9706367,2,2,0,0,0,2,2
103096,4,1,3,6,0,4,9
9027,2,1,1,1,0,2,5
203140,1,1,0,0,0,1,8
9501387,18,1,17,96,18,0,0
9902478,3,1,2,3,1,2,4
204111,4,1,3,3,0,4,11
201089,3,3,0,0,0,3,15
9809401,3,2,1,1,3,0,0
9702252,3,2,1,2,0,3,5
9805251,10,3,7,13,0,10,84
11036,3,1,2,2,0,3,8
9402259,1,1,0,0,1,0,0
9903273,0,0,0,0,0,0,0
9704439,3,2,1,1,1,2,3
202221,1,1,0,0,1,0,0
204097,0,0,0,0,0,0,0
10078,1,1,0,0,0,1,2
103212,1,1,0,0,0,1,2
202239,9,2,7,17,0,9,59
9703256,7,2,5,7,7,0,0
9611283,6,3,3,5,0,6,6
203006,6,1,5,7,0,6,20
9411358,2,2,0,0,0,2,2
9409274,1,1,0,0,1,0,0
9610255,2,2,0,0,0,2,2
9708441,4,2,2,3,0,4,10
9911311,8,1,7,21,0,8,44
9804300,4,3,1,1,0,4,7
9305329,5,2,3,4,5,0,0
8012,2,1,1,1,0,2,8
9508239,3,3,0,0,3,0,0
9712253,0,0,0,0,0,0,0
9310293,0,0,0,0,0,0,0
9905236,3,1,2,3,3,0,0
9805358,0,0,0,0,0,0,0
9711422,7,1,6,13,7,0,0
9705478,0,0,0,0,0,0,0
6029,0,0,0,0,0,0,0
210289,4,3,1,1,0,4,51
9911513,3,3,0,0,3,0,0
9911399,0,0,0,0,0,0,0
1305,0,0,0,0,0,0,0
9911464,3,2,1,1,0,3,20
302193,0,0,0,0,0,0,0
207005,2,2,0,0,0,2,15
202254,2,1,1,1,0,2,6
10250,1,1,0,0,0,1,3
9404206,2,1,1,1,2,0,0
9606422,4,2,2,4,0,4,9
9610350,2,2,0,0,2,0,0
9702364,5,1,4,7,2,3,7
9810498,0,0,0,0,0,0,0
9802220,4,1,3,6,4,0,0
1212,5,1,4,7,0,5,25
9709329,2,1,1,1,0,2,16
9607287,0,0,0,0,0,0,0
109109,1,1,0,0,0,1,3
9148,1,1,0,0,0,1,4
9605210,3,1,2,3,3,0,0
9703441,4,1,3,3,1,3,3
9506341,1,1,0,0,1,0,0
9812451,1,1,0,0,0,1,1
4271,8,3,5,15,4,4,4
205081,0,0,0,0,0,0,0
9408356,2,2,0,0,2,0,0
9901399,4,2,2,4,0,4,15
9905453,6,2,4,8,2,4,4
106188,3,1,2,3,0,3,13
9607316,0,0,0,0,0,0,0
9407342,6,5,1,1,0,6,6
9408318,0,0,0,0,0,0,0
11211,1,1,0,0,0,1,1
9609502,4,3,1,1,0,4,9
101043,2,2,0,0,0,2,18
9904386,4,1,3,6,0,4,14
110255,0,0,0,0,0,0,0
102335,3,1,2,3,0,3,5
302089,0,0,0,0,0,0,0
9286,8,3,5,11,0,8,29
9912304,0,0,0,0,0,0,0
9143,1,1,0,0,0,1,10
9510407,8,2,6,15,0,8,30
101082,0,0,0,0,0,0,0
110166,4,1,3,6,0,4,34
9709351,2,1,1,1,0,2,11
9509390,1,1,0,0,0,1,1
9903254,3,1,2,2,0,3,3
9506436,8,1,7,16,8,0,0
9803291,0,0,0,0,0,0,0
203033,1,1,0,0,0,1,4
7020,1,1,0,0,0,1,3
9810340,7,1,6,12,0,7,42
9806288,4,1,3,5,0,4,4
9305298,0,0,0,0,0,0,0
9606272,0,0,0,0,0,0,0
9902241,2,2,0,0,0,2,2
9812470,0,0,0,0,0,0,0
9704315,0,0,0,0,0,0,0
7246,3,1,2,2,3,0,0
9809372,3,2,1,1,3,0,0
11242,2,1,1,1,1,1,2
10114,5,2,3,4,2,3,3
5264,0,0,0,0,0,0,0
207269,0,0,0,0,0,0,0
9703270,2,1,1,1,2,0,0
9811513,0,0,0,0,0,0,0
9907337,0,0,0,0,0,0,0
9711320,0,0,0,0,0,0,0
9311376,3,3,0,0,3,0,0
9903433,1,1,0,0,1,0,0
102094,0,0,0,0,0,0,0
9712229,2,1,1,1,2,0,0
103200,0,0,0,0,0,0,0
9609466,0,0,0,0,0,0,0
201257,2,1,1,1,0,2,6
9609364,4,2,2,3,4,0,0
101277,3,3,0,0,0,3,9
104124,2,1,1,1,0,2,8
9904323,4,1,3,4,1,3,3
1159,0,0,0,0,0,0,0
106080,1,1,0,0,1,0,0
207165,0,0,0,0,0,0,0
202123,2,2,0,0,0,2,2
9806506,0,0,0,0,0,0,0
206151,1,1,0,0,1,0,0
9304206,3,2,1,1,3,0,0
9704211,0,0,0,0,0,0,0
9904259,0,0,0,0,0,0,0
9801435,4,3,1,2,3,1,1
9712336,0,0,0,0,0,0,0
9204212,7,1,6,14,7,0,0
9710439,0,0,0,0,0,0,0
9612206,0,0,0,0,0,0,0
9405291,1,1,0,0,1,0,0
9808302,1,1,0,0,1,0,0
9903409,1,1,0,0,1,0,0
9905499,6,1,5,9,0,6,12
10072,0,0,0,0,0,0,0
9906235,8,2,6,21,0,8,20
9912241,3,1,2,3,0,3,9
9906554,1,1,0,0,0,1,5
9712248,0,0,0,0,0,0,0
9905262,0,0,0,0,0,0,0
103008,4,2,2,3,0,4,16
9905444,6,1,5,10,0,6,17
9411213,1,1,0,0,0,1,3
110102,3,1,2,3,3,0,0
9512350,0,0,0,0,0,0,0
9412362,7,1,6,9,7,0,0
103043,1,1,0,0,1,0,0
9511273,2,1,1,1,0,2,2
9812517,2,2,0,0,2,0,0
9310218,1,1,0,0,1,0,0
5122,1,1,0,0,0,1,10
9608326,0,0,0,0,0,0,0
3205,1,1,0,0,0,1,5
9909527,0,0,0,0,0,0,0
9705394,0,0,0,0,0,0,0
9902382,1,1,0,0,0,1,3
211258,2,1,1,1,0,2,5
9910292,4,3,1,1,0,4,4
101057,0,0,0,0,0,0,0
9806310,1,1,0,0,1,0,0
6093,1,1,0,0,0,1,3
9507234,2,2,0,0,2,0,0
7305,2,1,1,1,0,2,7
12070,1,1,0,0,0,1,1
202243,0,0,0,0,0,0,0
9612225,5,5,0,0,5,0,0
9711322,3,3,0,0,0,3,4
9501327,1,1,0,0,1,0,0
9803418,2,2,0,0,2,0,0
5146,6,4,2,3,0,6,39
208222,0,0,0,0,0,0,0
9904474,2,1,1,1,2,0,0
9504425,0,0,0,0,0,0,0
207097,0,0,0,0,0,0,0
201261,2,1,1,1,2,0,0
12153,2,1,1,1,0,2,6
9312209,2,2,0,0,2,0,0
102031,0,0,0,0,0,0,0
9504227,0,0,0,0,0,0,0
9705397,3,2,1,1,0,3,11
104098,1,1,0,0,0,1,6
9512291,0,0,0,0,0,0,0
9411436,0,0,0,0,0,0,0
9711458,3,3,0,0,2,1,1
9909451,3,2,1,1,0,3,8
9309245,1,1,0,0,0,1,1
9811222,3,2,1,1,0,3,8
9811480,2,2,0,0,0,2,2
9911345,2,1,1,1,2,0,0
212212,1,1,0,0,0,1,16
105007,0,0,0,0,0,0,0
9901303,0,0,0,0,0,0,0
9905332,0,0,0,0,0,0,0
112151,1,1,0,0,1,0,0
9910451,2,1,1,1,2,0,0
9503258,2,2,0,0,2,0,0
103056,3,2,1,2,0,3,20
106304,2,1,1,1,0,2,2
101061,2,2,0,0,0,2,2
9503371,0,0,0,0,0,0,0
9910227,1,1,0,0,1,0,0
9706424,0,0,0,0,0,0,0
9604380,2,2,0,0,2,0,0
111360,0,0,0,0,0,0,0
9907540,0,0,0,0,0,0,0
206143,0,0,0,0,0,0,0
4166,2,2,0,0,2,0,0
9810325,0,0,0,0,0,0,0
9502361,2,2,0,0,2,0,0
9503293,4,1,3,4,4,0,0
202204,3,1,2,2,0,3,8
9208241,3,1,2,2,3,0,0
209124,2,1,1,1,0,2,8
9501350,0,0,0,0,0,0,0
302120,0,0,0,0,0,0,0
11082,0,0,0,0,0,0,0
9807380,3,2,1,1,3,0,0
9805277,0,0,0,0,0,0,0
9901211,0,0,0,0,0,0,0
202073,2,2,0,0,0,2,6
205343,5,1,4,8,0,5,20
9811364,7,2,5,13,7,0,0
103108,4,2,2,3,1,3,3
6286,1,1,0,0,1,0,0
209016,0,0,0,0,0,0,0
109101,0,0,0,0,0,0,0
109269,0,0,0,0,0,0,0
9409288,0,0,0,0,0,0,0
201237,0,0,0,0,0,0,0
9309265,3,1,2,2,3,0,0
105123,0,0,0,0,0,0,0
9408247,2,2,0,0,2,0,0
9612386,0,0,0,0,0,0,0
9902278,0,0,0,0,0,0,0
9411319,1,1,0,0,1,0,0
9805302,0,0,0,0,0,0,0
212312,1,1,0,0,0,1,9
9609324,0,0,0,0,0,0,0
9806251,0,0,0,0,0,0,0
9510263,1,1,0,0,1,0,0
203190,0,0,0,0,0,0,0
9208207,4,3,1,1,4,0,0
202065,0,0,0,0,0,0,0
102052,0,0,0,0,0,0,0
9810551,0,0,0,0,0,0,0
107100,0,0,0,0,0,0,0
9609316,3,2,1,1,3,0,0
9274,1,1,0,0,0,1,5
206299,0,0,0,0,0,0,0
111199,4,1,3,4,0,4,25
9810245,0,0,0,0,0,0,0
9712431,1,1,0,0,1,0,0
9702225,5,3,2,2,5,0,0
9612271,0,0,0,0,0,0,0
9904284,1,1,0,0,0,1,8
9604274,1,1,0,0,1,0,0
1298,0,0,0,0,0,0,0
9703307,0,0,0,0,0,0,0
9804278,1,1,0,0,1,0,0
9904237,1,1,0,0,0,1,9
201255,0,0,0,0,0,0,0
9912246,1,1,0,0,0,1,2
9908454,3,1,2,3,0,3,15
301049,0,0,0,0,0,0,0
112214,2,1,1,1,0,2,3
9803494,0,0,0,0,0,0,0
9904365,0,0,0,0,0,0,0
9812210,0,0,0,0,0,0,0
9710241,2,1,1,1,2,0,0
9910210,1,1,0,0,1,0,0
9611300,0,0,0,0,0,0,0
9811394,0,0,0,0,0,0,0
9804438,4,2,2,4,4,0,0
5282,1,1,0,0,0,1,3
9606363,0,0,0,0,0,0,0
112180,3,1,2,2,1,2,5
9801423,0,0,0,0,0,0,0
9512265,0,0,0,0,0,0,0
9810369,1,1,0,0,0,1,2
110412,1,1,0,0,0,1,3
207198,0,0,0,0,0,0,0
9402351,3,1,2,2,3,0,0
9811494,0,0,0,0,0,0,0
9610475,0,0,0,0,0,0,0
9207256,3,1,2,2,3,0,0
9910260,0,0,0,0,0,0,0
9803279,4,2,2,2,4,0,0
9707400,0,0,0,0,0,0,0
9905483,0,0,0,0,0,0,0
9612341,1,1,0,0,0,1,2
203014,1,1,0,0,1,0,0
9708260,0,0,0,0,0,0,0
9712456,2,2,0,0,1,1,1
112286,0,0,0,0,0,0,0
203081,0,0,0,0,0,0,0
204235,0,0,0,0,0,0,0
9706240,1,1,0,0,0,1,1
9808260,0,0,0,0,0,0,0
110274,0,0,0,0,0,0,0
9407298,2,2,0,0,2,0,0
9912359,1,1,0,0,0,1,2
9509356,1,1,0,0,0,1,1
202026,1,1,0,0,0,1,1
9309324,3,2,1,1,3,0,0
9907222,0,0,0,0,0,0,0
205056,0,0,0,0,0,0,0
9810470,1,1,0,0,1,0,0
9409433,3,2,1,1,3,0,0
101274,0,0,0,0,0,0,0
211355,0,0,0,0,0,0,0
9411445,3,1,2,2,3,0,0
9707417,0,0,0,0,0,0,0
9811512,0,0,0,0,0,0,0
9807357,0,0,0,0,0,0,0
9705445,0,0,0,0,0,0,0
9906239,3,1,2,3,3,0,0
9503437,3,1,2,2,3,0,0
202027,2,1,1,1,0,2,7
9808460,2,2,0,0,0,2,2
110347,2,1,1,1,0,2,4
9702365,0,0,0,0,0,0,0
111384,0,0,0,0,0,0,0
103103,2,2,0,0,2,0,0
9909472,0,0,0,0,0,0,0
2219,0,0,0,0,0,0,0
12071,1,1,0,0,1,0,0
9701362,0,0,0,0,0,0,0
201146,2,1,1,1,0,2,20
210351,0,0,0,0,0,0,0
9804417,2,1,1,1,0,2,7
9705436,0,0,0,0,0,0,0
9706331,3,1,2,3,3,0,0
9812268,1,1,0,0,0,1,3
107251,1,1,0,0,0,1,5
302160,0,0,0,0,0,0,0
9029,2,1,1,1,2,0,0
107082,1,1,0,0,1,0,0
206040,1,1,0,0,0,1,1
9709463,0,0,0,0,0,0,0
104105,0,0,0,0,0,0,0
9207251,4,4,0,0,4,0,0
9912272,0,0,0,0,0,0,0
12383,3,2,1,1,3,0,0
9804331,0,0,0,0,0,0,0
106004,1,1,0,0,0,1,19
9507389,1,1,0,0,1,0,0
207082,0,0,0,0,0,0,0
9910246,0,0,0,0,0,0,0
112360,0,0,0,0,0,0,0
204128,2,1,1,1,0,2,18
210090,1,1,0,0,0,1,1
9506327,2,1,1,1,2,0,0
9306328,0,0,0,0,0,0,0
207069,2,2,0,0,0,2,4
301004,0,0,0,0,0,0,0
9708297,0,0,0,0,0,0,0
105290,0,0,0,0,0,0,0
3070,0,0,0,0,0,0,0
9206226,1,1,0,0,1,0,0
8011,0,0,0,0,0,0,0
11331,0,0,0,0,0,0,0
3257,0,0,0,0,0,0,0
9304243,2,2,0,0,2,0,0
102282,1,1,0,0,1,0,0
210363,0,0,0,0,0,0,0
9802425,1,1,0,0,0,1,1
208032,0,0,0,0,0,0,0
9503342,0,0,0,0,0,0,0
104077,0,0,0,0,0,0,0
9804315,0,0,0,0,0,0,0
209221,0,0,0,0,0,0,0
105278,0,0,0,0,0,0,0
111388,0,0,0,0,0,0,0
204110,0,0,0,0,0,0,0
9910469,0,0,0,0,0,0,0
9908279,0,0,0,0,0,0,0
206079,2,2,0,0,0,2,17
9810225,1,1,0,0,0,1,2
211335,0,0,0,0,0,0,0
9809240,0,0,0,0,0,0,0
9511467,0,0,0,0,0,0,0
3018,0,0,0,0,0,0,0
9912479,0,0,0,0,0,0,0
210072,0,0,0,0,0,0,0
212137,0,0,0,0,0,0,0
207071,0,0,0,0,0,0,0
206108,0,0,0,0,0,0,0
6081,0,0,0,0,0,0,0
9906488,1,1,0,0,0,1,5
9412202,1,1,0,0,1,0,0
9803465,0,0,0,0,0,0,0
9705441,0,0,0,0,0,0,0
9305338,2,1,1,1,2,0,0
111062,0,0,0,0,0,0,0
207204,1,1,0,0,0,1,5
5111,0,0,0,0,0,0,0
9607323,0,0,0,0,0,0,0
9802343,0,0,0,0,0,0,0
12206,0,0,0,0,0,0,0
204267,2,1,1,1,2,0,0
9258,0,0,0,0,0,0,0
9901328,0,0,0,0,0,0,0
9811213,1,1,0,0,0,1,3
210361,0,0,0,0,0,0,0
9906382,1,1,0,0,1,0,0
7249,0,0,0,0,0,0,0
5047,1,1,0,0,1,0,0
9502407,0,0,0,0,0,0,0
9309320,1,1,0,0,1,0,0
9810487,0,0,0,0,0,0,0
9808398,0,0,0,0,0,0,0
204047,0,0,0,0,0,0,0
9803486,3,3,0,0,3,0,0
207169,0,0,0,0,0,0,0
212120,0,0,0,0,0,0,0
9801440,0,0,0,0,0,0,0
9706290,0,0,0,0,0,0,0
212123,1,1,0,0,0,1,26
107038,1,1,0,0,0,1,1
9701310,0,0,0,0,0,0,0
8299,1,1,0,0,1,0,0
9508333,0,0,0,0,0,0,0
111250,0,0,0,0,0,0,0
9905411,0,0,0,0,0,0,0
9308298,0,0,0,0,0,0,0
9702413,1,1,0,0,1,0,0
111197,0,0,0,0,0,0,0
9602252,0,0,0,0,0,0,0
204030,0,0,0,0,0,0,0
301024,1,1,0,0,0,1,1
9612492,1,1,0,0,1,0,0
202005,0,0,0,0,0,0,0
205336,1,1,0,0,0,1,1
102095,2,2,0,0,0,2,2
301197,0,0,0,0,0,0,0
9710250,2,2,0,0,2,0,0
9405275,0,0,0,0,0,0,0
9403260,0,0,0,0,0,0,0
9504341,1,1,0,0,1,0,0
9805491,0,0,0,0,0,0,0
210439,0,0,0,0,0,0,0
9905234,0,0,0,0,0,0,0
9512371,0,0,0,0,0,0,0
9710562,0,0,0,0,0,0,0
111422,0,0,0,0,0,0,0
208074,0,0,0,0,0,0,0
9812439,0,0,0,0,0,0,0
208166,0,0,0,0,0,0,0
9507333,0,0,0,0,0,0,0
9905408,1,1,0,0,1,0,0
211056,0,0,0,0,0,0,0
209204,0,0,0,0,0,0,0
106042,0,0,0,0,0,0,0
201100,0,0,0,0,0,0,0
9704316,2,2,0,0,0,2,2
103139,0,0,0,0,0,0,0
201279,0,0,0,0,0,0,0
102058,0,0,0,0,0,0,0
202214,0,0,0,0,0,0,0
111464,0,0,0,0,0,0,0
4245,0,0,0,0,0,0,0
9605360,1,1,0,0,1,0,0
9807227,1,1,0,0,0,1,13
12166,0,0,0,0,0,0,0
111446,0,0,0,0,0,0,0
208183,0,0,0,0,0,0,0
9711443,0,0,0,0,0,0,0
9704313,1,1,0,0,1,0,0
206086,0,0,0,0,0,0,0
6144,0,0,0,0,0,0,0
212090,0,0,0,0,0,0,0
9902207,1,1,0,0,1,0,0
101214,0,0,0,0,0,0,0
211452,0,0,0,0,0,0,0
104156,0,0,0,0,0,0,0
301045,1,1,0,0,1,0,0
209018,0,0,0,0,0,0,0
9905248,0,0,0,0,0,0,0
9902406,0,0,0,0,0,0,0
209308,0,0,0,0,0,0,0
2029,1,1,0,0,1,0,0
106276,0,0,0,0,0,0,0
9912332,0,0,0,0,0,0,0
9907558,0,0,0,0,0,0,0
203269,0,0,0,0,0,0,0
211302,0,0,0,0,0,0,0
106224,0,0,0,0,0,0,0
9502367,0,0,0,0,0,0,0
9611349,0,0,0,0,0,0,0
9911208,1,1,0,0,1,0,0
9909299,0,0,0,0,0,0,0
9611257,0,0,0,0,0,0,0
302100,0,0,0,0,0,0,0
9708385,0,0,0,0,0,0,0
302213,0,0,0,0,0,0,0
9602294,0,0,0,0,0,0,0
9812300,2,1,1,1,2,0,0
9908477,0,0,0,0,0,0,0
105106,0,0,0,0,0,0,0
9901383,1,1,0,0,1,0,0
9507295,0,0,0,0,0,0,0
9802349,0,0,0,0,0,0,0
9702288,0,0,0,0,0,0,0
9705360,0,0,0,0,0,0,0
211087,0,0,0,0,0,0,0
10351,0,0,0,0,0,0,0
207150,0,0,0,0,0,0,0
9902262,0,0,0,0,0,0,0
9410263,0,0,0,0,0,0,0
211253,0,0,0,0,0,0,0
9812243,1,1,0,0,1,0,0
108211,0,0,0,0,0,0,0
208145,0,0,0,0,0,0,0
12054,0,0,0,0,0,0,0
212310,0,0,0,0,0,0,0
9911451,0,0,0,0,0,0,0
9506414,0,0,0,0,0,0,0
9709287,0,0,0,0,0,0,0
211447,0,0,0,0,0,0,0
9910434,0,0,0,0,0,0,0
5097,0,0,0,0,0,0,0
104149,0,0,0,0,0,0,0
9206234,1,1,0,0,1,0,0
112215,0,0,0,0,0,0,0
9290,0,0,0,0,0,0,0
9608284,0,0,0,0,0,0,0
9907364,0,0,0,0,0,0,0
9909488,0,0,0,0,0,0,0
211365,0,0,0,0,0,0,0
9803495,0,0,0,0,0,0,0
9707255,0,0,0,0,0,0,0
9505437,0,0,0,0,0,0,0
9805399,0,0,0,0,0,0,0
207182,1,1,0,0,1,0,0
9905345,0,0,0,0,0,0,0
9801421,1,1,0,0,1,0,0
211456,0,0,0,0,0,0,0
9707397,0,0,0,0,0,0,0
106010,0,0,0,0,0,0,0
12112,0,0,0,0,0,0,0
9504282,0,0,0,0,0,0,0
209033,0,0,0,0,0,0,0
9404286,0,0,0,0,0,0,0
9505291,1,1,0,0,1,0,0
9307309,0,0,0,0,0,0,0
9606402,14,2,12,31,3,11,11
102012,2,1,1,1,0,2,14
9904408,36,3,33,317,1,35,380
9501212,5,1,4,8,2,3,3
3294,3,2,1,1,3,0,0
9707454,4,1,3,4,0,4,6
9601393,3,3,0,0,0,3,3
9604312,3,2,1,1,0,3,12
9810383,5,1,4,5,5,0,0
9403250,11,1,10,34,3,8,8
9410232,17,2,15,63,0,17,54
9311214,14,2,12,21,7,7,7
9812273,5,4,1,1,0,5,75
9901388,22,2,20,89,0,22,276
9807386,21,2,19,94,0,21,104
9804421,27,3,24,147,0,27,284
3184,24,1,23,135,0,24,246
9605214,7,2,5,18,3,4,4
9211325,4,2,2,2,0,4,4
9507238,8,1,7,17,0,8,43
9703209,16,3,13,46,1,15,43
9603363,19,4,15,65,0,19,112
105200,3,3,0,0,0,3,24
9804319,39,1,38,275,0,39,291
9912264,21,3,18,108,1,20,58
9408384,66,3,63,964,66,0,0
9707302,11,1,10,24,0,11,84
9903453,12,2,10,41,1,11,11
9805337,8,1,7,17,4,4,13
9703349,42,2,40,311,0,42,342
5323,3,3,0,0,0,3,9
9912270,4,1,3,3,4,0,0
9505352,22,1,21,81,2,20,20
9801222,11,2,9,25,0,11,58
9606445,1,1,0,0,1,0,0
9308217,12,1,11,27,0,12,21
9808429,0,0,0,0,0,0,0
9708390,14,3,11,62,2,12,12
9608203,19,1,18,107,0,19,42
9604272,7,1,6,10,0,7,18
9708463,8,3,5,7,0,8,28
9606470,2,2,0,0,2,0,0
9310340,7,4,3,5,7,0,0
9905550,17,1,16,70,0,17,74
9801397,38,2,36,322,1,37,135
9604425,15,1,14,53,15,0,0
9401220,10,5,5,13,1,9,9
9403231,4,2,2,4,4,0,0
9608322,34,2,32,215,3,31,43
9406285,17,2,15,72,1,16,48
9708257,20,1,19,88,0,20,53
9403320,13,1,12,34,13,0,0
9903550,5,1,4,8,0,5,37
9806482,28,3,25,97,0,28,175
4095,22,2,20,75,0,22,91
9910491,44,2,42,349,1,43,429
9908360,6,1,5,12,0,6,129
111178,3,1,2,3,0,3,3
207243,8,2,6,16,0,8,45
9608277,8,3,5,10,1,7,7
9509212,12,2,10,45,0,12,22
9902371,52,4,48,489,0,52,374
8058,13,2,11,38,1,12,12
9908316,12,2,10,33,0,12,84
9305342,10,3,7,24,10,0,0
5151,0,0,0,0,0,0,0
9910357,0,0,0,0,0,0,0
9210202,1,1,0,0,1,0,0
9806361,10,2,8,19,4,6,8
9404323,4,1,3,6,1,3,8
8053,0,0,0,0,0,0,0
9409432,2,1,1,1,2,0,0
2049,17,3,14,63,0,17,51
9802241,17,2,15,47,3,14,21
9403266,20,3,17,86,20,0,0
9911370,18,1,17,80,0,18,40
9306333,26,1,25,130,26,0,0
9807326,6,2,4,10,0,6,34
102181,27,2,25,104,0,27,175
9612359,3,1,2,3,0,3,14
103280,34,6,28,138,0,34,456
9903402,31,2,29,220,0,31,158
1101,8,1,7,22,0,8,136
9408244,8,2,6,15,0,8,16
9246,7,2,5,13,0,7,11
9305266,13,3,10,34,13,0,0
9802414,11,1,10,29,2,9,13
9607366,11,1,10,47,6,5,5
9602317,5,1,4,10,5,0,0
9309335,5,5,0,0,5,0,0
2223,2,2,0,0,0,2,7
109047,2,1,1,1,2,0,0
12007,17,2,15,59,0,17,155
9905237,19,1,18,100,19,0,0
109106,45,1,44,520,1,44,153
9912408,24,1,23,120,0,24,79
9603443,0,0,0,0,0,0,0
9904262,21,3,18,103,0,21,382
9909481,15,1,14,47,0,15,43
9903544,17,1,16,71,0,17,31
9408253,12,1,11,36,12,0,0
9211214,21,3,18,101,21,0,0
4191,6,1,5,8,0,6,21
9601269,4,3,1,2,0,4,27
9912467,4,1,3,3,0,4,4
2150,7,3,4,11,0,7,40
112295,4,2,2,2,4,0,0
9806358,13,10,3,3,0,13,24
9706541,4,3,1,2,0,4,6
9612408,9,4,5,10,0,9,85
9905421,3,1,2,2,3,0,0
9304230,5,1,4,8,5,0,0
9411246,1,1,0,0,0,1,1
9605246,4,2,2,2,0,4,7
103041,0,0,0,0,0,0,0
9144,2,1,1,1,0,2,10
9609529,24,1,23,154,14,10,10
9509286,2,1,1,1,0,2,3
9903459,6,1,5,8,1,5,8
9804436,13,1,12,23,1,12,54
108084,9,4,5,13,0,9,87
3032,13,1,12,44,0,13,200
9904501,4,2,2,2,0,4,4
103111,1,1,0,0,1,0,0
7068,7,1,6,9,0,7,55
9604220,10,2,8,32,10,0,0
9301244,15,2,13,56,15,0,0
9709465,6,2,4,7,0,6,22
9704406,20,1,19,88,0,20,106
9911276,1,1,0,0,0,1,17
9605367,20,1,19,92,0,20,38
9610334,8,3,5,13,0,8,44
9605436,8,3,5,10,1,7,13
9806493,5,1,4,7,5,0,0
9711481,9,1,8,19,0,9,41
9703433,30,1,29,196,0,30,144
9503366,10,2,8,17,0,10,23
9512292,10,2,8,23,0,10,10
9411219,11,1,10,30,11,0,0
9903353,1,1,0,0,1,0,0
9505340,10,3,7,27,1,9,9
9903552,2,1,1,1,0,2,6
9406204,24,1,23,123,8,16,16
9811369,7,2,5,6,0,7,89
9805403,11,4,7,11,0,11,57
101160,0,0,0,0,0,0,0
7073,10,3,7,23,0,10,97
9704378,7,4,3,8,0,7,7
9601306,19,1,18,88,19,0,0
106352,6,1,5,13,0,6,20
11115,2,2,0,0,0,2,7
9132,1,1,0,0,0,1,9
106113,6,1,5,9,0,6,13
209039,0,0,0,0,0,0,0
9302320,2,1,1,1,2,0,0
9501214,17,1,16,75,17,0,0
106155,2,2,0,0,0,2,8
9908326,27,5,22,137,0,27,179
9907496,26,2,24,144,0,26,214
7304,8,3,5,9,0,8,63
9602282,2,2,0,0,0,2,4
207136,3,2,1,1,0,3,5
9408250,10,6,4,12,0,10,15
9703436,14,1,13,47,14,0,0
9906385,4,1,3,6,4,0,0
210114,0,0,0,0,0,0,0
202200,0,0,0,0,0,0,0
9511233,4,1,3,5,4,0,0
9906375,17,3,14,69,17,0,0
103231,6,2,4,5,0,6,30
9703321,5,2,3,4,2,3,6
9803480,1,1,0,0,0,1,1
1178,3,1,2,2,0,3,17
9209279,22,3,19,117,22,0,0
9606469,3,1,2,3,0,3,54
9605356,6,2,4,8,6,0,0
9902272,1,1,0,0,0,1,2
9602418,6,2,4,12,1,5,5
106333,5,1,4,8,0,5,40
207183,2,2,0,0,0,2,2
9407273,6,1,5,9,0,6,34
9610354,9,3,6,21,0,9,31
4027,11,1,10,36,0,11,57
9912320,4,1,3,3,2,2,2
1230,7,1,6,14,0,7,7
11234,12,4,8,24,0,12,142
9902356,4,2,2,2,0,4,6
9710509,22,2,20,73,0,22,101
9308243,4,2,2,3,4,0,0
9609441,8,1,7,26,8,0,0
9311248,5,5,0,0,0,5,5
9204211,11,2,9,32,11,0,0
108265,1,1,0,0,1,0,0
7179,3,3,0,0,3,0,0
9507403,14,1,13,78,1,13,13
107331,19,1,18,92,0,19,90
9710302,13,1,12,34,0,13,31
9507244,2,1,1,1,0,2,2
9308328,2,2,0,0,2,0,0
9908334,10,1,9,20,1,9,17
9610246,1,1,0,0,1,0,0
201133,0,0,0,0,0,0,0
9503236,9,4,5,14,0,9,62
9611449,6,1,5,11,0,6,8
9804265,10,1,9,19,10,0,0
9912324,3,3,0,0,1,2,2
9512211,1,1,0,0,1,0,0
9609511,9,2,7,13,0,9,21
6311,9,2,7,22,9,0,0
9705384,1,1,0,0,1,0,0
9611284,10,4,6,13,0,10,39
9601374,5,1,4,9,0,5,44
9902375,12,1,11,33,1,11,11
110036,1,1,0,0,0,1,2
7176,21,3,18,82,1,20,119
209131,1,1,0,0,0,1,8
3189,1,1,0,0,0,1,4
106021,3,1,2,3,0,3,12
12229,3,2,1,1,0,3,8
9805413,2,2,0,0,2,0,0
2147,8,1,7,19,8,0,0
107161,4,1,3,6,0,4,20
9301258,4,2,2,3,4,0,0
9903355,16,3,13,72,16,0,0
9810466,19,3,16,66,0,19,165
9303236,4,4,0,0,4,0,0
9503390,6,3,3,5,6,0,0
9412219,7,1,6,15,2,5,5
9903536,3,2,1,1,1,2,5
9804201,17,1,16,74,1,16,33
9401307,2,2,0,0,2,0,0
9405225,4,2,2,4,0,4,4
3111,5,2,3,4,0,5,67
112191,0,0,0,0,0,0,0
9603271,7,3,4,9,0,7,21
3170,7,2,5,5,0,7,25
9907500,6,1,5,9,0,6,23
9612470,0,0,0,0,0,0,0
9503227,1,1,0,0,1,0,0
9409216,4,1,3,5,4,0,0
9502217,5,1,4,6,1,4,4
9505262,15,1,14,66,2,13,22
9810535,4,1,3,4,2,2,2
4071,14,2,12,52,0,14,68
9502243,7,2,5,12,3,4,4
9910320,16,2,14,35,0,16,97
9912326,9,1,8,24,9,0,0
9805259,20,1,19,91,0,20,100
11368,1,1,0,0,0,1,6
9610464,5,2,3,5,0,5,39
9702209,4,2,2,2,0,4,17
9209277,5,1,4,9,5,0,0
9811489,8,1,7,20,0,8,59
9709448,0,0,0,0,0,0,0
9907401,3,1,2,2,0,3,37
9801363,9,1,8,16,9,0,0
9906495,5,3,2,4,1,4,23
9806305,15,3,12,42,0,15,116
105154,4,1,3,4,0,4,18
9307329,7,2,5,7,7,0,0
9805369,0,0,0,0,0,0,0
9712297,5,2,3,5,0,5,5
9302274,7,2,5,18,0,7,7
9704222,16,1,15,54,0,16,76
202114,1,1,0,0,0,1,1
9708396,6,2,4,7,3,3,3
9205221,6,2,4,6,6,0,0
9806275,4,2,2,3,0,4,10
9310209,2,1,1,1,2,0,0
9607292,7,1,6,12,7,0,0
9512418,5,2,3,3,0,5,9
9305291,7,2,5,6,3,4,4
1090,5,2,3,8,0,5,19
9906490,9,1,8,31,0,9,39
7050,4,3,1,1,0,4,13
8289,0,0,0,0,0,0,0
110335,0,0,0,0,0,0,0
107317,0,0,0,0,0,0,0
9910293,0,0,0,0,0,0,0
9306201,4,1,3,5,4,0,0
9807201,6,2,4,5,0,6,41
9507371,6,1,5,8,6,0,0
9608490,0,0,0,0,0,0,0
9707335,3,1,2,3,0,3,3
9612274,2,1,1,1,2,0,0
103234,3,2,1,1,0,3,10
9504333,19,1,18,94,19,0,0
9407409,2,2,0,0,2,0,0
9712551,12,6,6,11,0,12,71
9411363,1,1,0,0,0,1,1
112200,0,0,0,0,0,0,0
208073,2,2,0,0,0,2,26
9801456,7,1,6,13,0,7,21
9803259,2,2,0,0,0,2,13
103190,0,0,0,0,0,0,0
9704266,1,1,0,0,1,0,0
9810524,2,2,0,0,2,0,0
9910530,1,1,0,0,0,1,9
9709325,6,2,4,11,0,6,14
11134,8,3,5,12,0,8,93
3176,1,1,0,0,0,1,1
9610268,1,1,0,0,0,1,3
9707375,4,1,3,4,4,0,0
9511402,6,2,4,5,0,6,19
12291,4,2,2,3,0,4,41
4136,8,2,6,14,0,8,8
9702363,19,4,15,57,1,18,20
9702226,2,2,0,0,0,2,6
9404284,7,2,5,12,7,0,0
9908373,2,2,0,0,0,2,24
9803314,8,3,5,12,0,8,108
9310332,12,1,11,36,12,0,0
5124,6,4,2,3,0,6,42
9501223,12,1,11,36,4,8,13
9409250,17,4,13,55,17,0,0
9801399,5,2,3,3,0,5,33
9407203,5,2,3,4,0,5,9
207087,1,1,0,0,0,1,16
107270,1,1,0,0,0,1,10
9704379,14,6,8,9,2,12,12
9802362,13,1,12,49,0,13,13
9603382,3,2,1,1,3,0,0
9709274,7,3,4,7,0,7,7
103300,12,1,11,41,12,0,0
12297,2,1,1,1,0,2,10
9905387,4,2,2,3,0,4,16
9904507,8,1,7,20,0,8,69
210265,0,0,0,0,0,0,0
9401344,1,1,0,0,0,1,4
104116,2,1,1,1,2,0,0
9410317,7,1,6,12,7,0,0
9412222,1,1,0,0,1,0,0
101166,1,1,0,0,0,1,5
9405309,1,1,0,0,0,1,2
9809330,0,0,0,0,0,0,0
6216,1,1,0,0,0,1,2
212321,1,1,0,0,0,1,6
206058,1,1,0,0,0,1,3
108252,3,1,2,2,0,3,6
112189,6,1,5,9,1,5,14
9709306,6,2,4,5,0,6,36
11031,2,2,0,0,0,2,3
9601373,4,1,3,4,0,4,8
9702304,3,1,2,3,0,3,9
9305228,13,1,12,46,13,0,0
9703363,4,1,3,3,0,4,18
11295,16,4,12,25,0,16,161
9703328,3,2,1,1,0,3,7
102081,9,2,7,14,0,9,129
9807390,6,1,5,10,0,6,103
9306271,7,1,6,11,7,0,0
9908295,3,1,2,3,2,1,2
9311256,3,2,1,1,3,0,0
9712379,2,1,1,1,1,1,1
203069,12,3,9,30,0,12,48
6233,5,3,2,3,0,5,24
105165,2,2,0,0,0,2,23
9706234,1,1,0,0,1,0,0
101039,1,1,0,0,0,1,8
9066,3,1,2,3,0,3,64
7278,3,1,2,2,1,2,2
9609245,5,1,4,6,5,0,0
9703324,6,3,3,5,0,6,35
9507267,10,2,8,23,0,10,10
108020,0,0,0,0,0,0,0
101181,1,1,0,0,0,1,3
9706225,10,3,7,26,0,10,14
9705451,0,0,0,0,0,0,0
6060,0,0,0,0,0,0,0
9510213,5,2,3,6,0,5,5
9208255,2,2,0,0,2,0,0
9801447,2,1,1,1,2,0,0
12358,0,0,0,0,0,0,0
9712483,12,1,11,25,0,12,44
9805223,3,2,1,1,0,3,17
9611207,8,1,7,19,0,8,8
9906329,1,1,0,0,0,1,3
9709225,3,2,1,1,0,3,27
109247,0,0,0,0,0,0,0
11183,0,0,0,0,0,0,0
9703258,5,4,1,1,0,5,42
9303311,11,1,10,25,11,0,0
109179,1,1,0,0,0,1,2
9510269,9,1,8,18,0,9,55
9307320,9,7,2,3,0,9,9
9810425,8,1,7,7,6,2,2
9902346,4,2,2,4,0,4,6
12154,3,1,2,2,0,3,8
9811405,3,1,2,3,0,3,8
9511461,0,0,0,0,0,0,0
9911334,1,1,0,0,0,1,1
9708262,5,3,2,2,5,0,0
112264,0,0,0,0,0,0,0
9408360,1,1,0,0,1,0,0
107040,6,2,4,5,0,6,88
202160,5,3,2,2,0,5,20
9402258,2,1,1,1,0,2,5
9706392,1,1,0,0,0,1,4
9605329,1,1,0,0,0,1,2
9502235,4,2,2,4,4,0,0
9811263,5,2,3,6,0,5,26
108069,6,1,5,10,0,6,32
9608335,0,0,0,0,0,0,0
9604383,20,1,19,106,20,0,0
9808392,4,2,2,3,0,4,7
9510420,3,2,1,1,1,2,3
204126,0,0,0,0,0,0,0
9510399,2,1,1,1,2,0,0
9505271,3,1,2,2,2,1,1
112106,1,1,0,0,0,1,4
9607300,4,2,2,3,4,0,0
9708437,3,2,1,1,0,3,70
9707372,1,1,0,0,1,0,0
112172,3,3,0,0,0,3,35
107205,3,3,0,0,0,3,20
9203202,2,2,0,0,2,0,0
9911505,9,2,7,23,0,9,38
9812334,0,0,0,0,0,0,0
9701275,3,2,1,1,3,0,0
6172,4,2,2,2,0,4,7
9708263,4,1,3,5,4,0,0
9802270,5,2,3,6,0,5,21
9707353,1,1,0,0,0,1,1
104155,4,1,3,4,0,4,18
9908315,1,1,0,0,1,0,0
9402238,2,1,1,1,0,2,4
9412229,1,1,0,0,0,1,2
9610219,8,3,5,11,6,2,2
9807302,4,3,1,1,1,3,5
9603359,0,0,0,0,0,0,0
1239,6,1,5,11,0,6,26
9612471,1,1,0,0,0,1,3
9407209,2,1,1,1,0,2,12
9708334,1,1,0,0,0,1,2
9212214,1,1,0,0,1,0,0
9711268,4,1,3,5,0,4,9
9709317,1,1,0,0,0,1,4
9608341,0,0,0,0,0,0,0
9807385,3,1,2,3,0,3,3
9807318,2,1,1,1,2,0,0
9609280,1,1,0,0,0,1,5
9804426,0,0,0,0,0,0,0
5140,1,1,0,0,0,1,2
9609410,5,1,4,4,0,5,8
9407225,1,1,0,0,0,1,3
9808417,1,1,0,0,0,1,3
9709295,10,3,7,11,0,10,24
9911375,0,0,0,0,0,0,0
9708476,0,0,0,0,0,0,0
9509323,0,0,0,0,0,0,0
9702390,3,1,2,2,0,3,22
9903201,6,2,4,6,3,3,3
9301206,1,1,0,0,1,0,0
5163,2,1,1,1,0,2,13
11201,1,1,0,0,0,1,10
9607424,5,2,3,4,1,4,4
9910355,6,3,3,4,0,6,18
9601376,11,1,10,37,0,11,20
105287,0,0,0,0,0,0,0
204173,3,3,0,0,0,3,10
209192,0,0,0,0,0,0,0
108057,2,1,1,1,0,2,14
9705249,3,1,2,2,1,2,3
9902322,4,2,2,2,0,4,35
11324,1,1,0,0,0,1,2
9807304,0,0,0,0,0,0,0
9906390,0,0,0,0,0,0,0
9711516,9,2,7,27,0,9,56
10343,2,2,0,0,2,0,0
4031,3,2,1,1,0,3,8
11235,1,1,0,0,0,1,2
9411315,0,0,0,0,0,0,0
206300,7,1,6,15,0,7,63
9901226,5,5,0,0,0,5,5
9805278,3,2,1,1,0,3,6
204142,7,2,5,11,0,7,34
9802205,0,0,0,0,0,0,0
9805477,6,1,5,15,0,6,6
6110,2,2,0,0,0,2,12
9709279,0,0,0,0,0,0,0
208199,0,0,0,0,0,0,0
9704385,5,2,3,3,5,0,0
9408368,3,3,0,0,1,2,2
4151,2,1,1,1,0,2,4
9603364,1,1,0,0,0,1,1
9803459,9,4,5,13,0,9,24
9811247,1,1,0,0,1,0,0
9911512,2,1,1,1,2,0,0
9603435,3,3,0,0,2,1,1
9809320,5,3,2,3,0,5,9
9602438,5,4,1,1,0,5,17
9909217,4,4,0,0,0,4,67
203003,3,2,1,1,0,3,5
9912532,3,2,1,1,3,0,0
9612438,3,2,1,1,0,3,6
9704375,4,3,1,1,1,3,3
108267,0,0,0,0,0,0,0
2034,4,2,2,2,0,4,16
203166,3,1,2,3,0,3,61
201168,3,1,2,3,0,3,8
9171,1,1,0,0,0,1,4
9502214,2,1,1,1,2,0,0
9701225,2,1,1,1,0,2,3
9812450,2,1,1,1,0,2,2
9304239,3,1,2,3,3,0,0
9707346,1,1,0,0,1,0,0
6211,1,1,0,0,0,1,2
2249,4,1,3,3,0,4,11
9302205,0,0,0,0,0,0,0
9509275,1,1,0,0,0,1,2
9803369,1,1,0,0,0,1,6
2062,5,3,2,6,1,4,10
12313,1,1,0,0,0,1,4
9906253,7,1,6,16,3,4,4
202188,0,0,0,0,0,0,0
9608243,3,2,1,1,3,0,0
106312,4,1,3,5,0,4,6
9801376,0,0,0,0,0,0,0
9605203,1,1,0,0,0,1,3
11074,6,1,5,11,0,6,68
9912214,6,2,4,8,0,6,14
9908473,9,2,7,29,2,7,10
9604369,1,1,0,0,0,1,1
9606217,7,1,6,20,0,7,7
9310321,2,2,0,0,2,0,0
9405349,0,0,0,0,0,0,0
9907437,3,2,1,1,0,3,8
105186,1,1,0,0,0,1,9
9906432,5,1,4,7,0,5,22
110125,0,0,0,0,0,0,0
103172,2,1,1,1,0,2,4
105156,1,1,0,0,0,1,1
110110,0,0,0,0,0,0,0
9908308,1,1,0,0,0,1,1
4192,5,2,3,7,0,5,40
9611353,6,2,4,6,2,4,4
9910331,1,1,0,0,0,1,2
111203,5,1,4,10,0,5,45
9712285,2,1,1,1,0,2,9
9903253,1,1,0,0,0,1,1
9408367,0,0,0,0,0,0,0
206163,0,0,0,0,0,0,0
9910526,2,2,0,0,0,2,3
108072,1,1,0,0,0,1,5
6342,1,1,0,0,0,1,2
9811285,6,2,4,6,0,6,41
9701251,2,1,1,1,1,1,1
9707437,6,2,4,5,1,5,11
9505361,3,2,1,1,3,0,0
9706213,1,1,0,0,0,1,2
9409422,2,2,0,0,2,0,0
9512324,0,0,0,0,0,0,0
10152,0,0,0,0,0,0,0
11065,0,0,0,0,0,0,0
9809222,4,1,3,4,4,0,0
6192,4,1,3,5,4,0,0
9604300,0,0,0,0,0,0,0
105326,1,1,0,0,0,1,11
201246,0,0,0,0,0,0,0
9809436,1,1,0,0,0,1,2
9512382,1,1,0,0,0,1,1
9706257,1,1,0,0,1,0,0
9904349,0,0,0,0,0,0,0
201055,0,0,0,0,0,0,0
9510434,0,0,0,0,0,0,0
9712230,2,1,1,1,2,0,0
9812228,0,0,0,0,0,0,0
110124,2,1,1,1,0,2,7
206015,2,2,0,0,1,1,1
9809291,5,2,3,5,5,0,0
8038,6,3,3,3,6,0,0
204242,2,2,0,0,0,2,5
9904325,3,1,2,2,0,3,3
9304233,0,0,0,0,0,0,0
9904494,3,1,2,2,3,0,0
112218,1,1,0,0,0,1,5
111123,4,2,2,2,2,2,3
9504318,2,2,0,0,1,1,1
207125,8,2,6,18,0,8,29
9506457,4,3,1,1,0,4,6
9308296,1,1,0,0,1,0,0
9901316,2,2,0,0,0,2,2
9607264,1,1,0,0,1,0,0
9311209,1,1,0,0,1,0,0
12242,1,1,0,0,0,1,5
9711356,1,1,0,0,1,0,0
9511332,1,1,0,0,1,0,0
6358,2,2,0,0,0,2,6
101138,0,0,0,0,0,0,0
5215,1,1,0,0,0,1,4
9810363,7,1,6,14,7,0,0
9406209,0,0,0,0,0,0,0
9908414,7,1,6,13,0,7,21
9907262,1,1,0,0,0,1,1
9406365,1,1,0,0,0,1,1
9704352,3,2,1,1,0,3,3
9606331,0,0,0,0,0,0,0
103331,2,1,1,1,0,2,7
7314,2,1,1,1,0,2,3
204313,0,0,0,0,0,0,0
205034,4,2,2,3,2,2,2
9504363,4,4,0,0,4,0,0
9803364,5,2,3,6,1,4,8
9309331,0,0,0,0,0,0,0
9701267,1,1,0,0,0,1,2
9710327,1,1,0,0,0,1,14
9406366,1,1,0,0,1,0,0
9611461,1,1,0,0,0,1,10
9602391,3,3,0,0,0,3,13
9808409,1,1,0,0,0,1,5
9901343,1,1,0,0,0,1,6
9909449,1,1,0,0,0,1,3
10098,0,0,0,0,0,0,0
211301,1,1,0,0,0,1,3
9804454,5,1,4,5,5,0,0
301230,0,0,0,0,0,0,0
9042,4,2,2,2,0,4,16
9408303,1,1,0,0,1,0,0
9906522,0,0,0,0,0,0,0
9803282,3,1,2,2,0,3,14
202277,3,3,0,0,0,3,5
106102,1,1,0,0,0,1,1
9706287,5,5,0,0,5,0,0
9707487,2,1,1,1,0,2,4
9712292,0,0,0,0,0,0,0
2088,1,1,0,0,0,1,1
104025,0,0,0,0,0,0,0
9507427,4,1,3,5,4,0,0
7118,0,0,0,0,0,0,0
9409338,1,1,0,0,1,0,0
205313,1,1,0,0,1,0,0
9704389,2,1,1,1,2,0,0
9409442,2,2,0,0,2,0,0
9906303,3,1,2,3,0,3,12
9906344,3,2,1,1,0,3,5
9310241,3,3,0,0,3,0,0
9905304,2,1,1,1,0,2,10
9912303,0,0,0,0,0,0,0
9502356,3,2,1,1,3,0,0
9409379,1,1,0,0,1,0,0
9707388,2,1,1,1,2,0,0
9811453,4,2,2,3,4,0,0
7312,6,1,5,8,0,6,33
9710233,0,0,0,0,0,0,0
9807541,3,1,2,2,3,0,0
2013,0,0,0,0,0,0,0
12203,6,2,4,10,1,5,25
9412216,1,1,0,0,1,0,0
9808471,4,2,2,2,1,3,3
9703409,1,1,0,0,1,0,0
111383,0,0,0,0,0,0,0
302173,2,1,1,1,0,2,2
9507323,2,2,0,0,2,0,0
9507229,0,0,0,0,0,0,0
110137,1,1,0,0,0,1,3
9602314,0,0,0,0,0,0,0
3047,1,1,0,0,0,1,4
9321,1,1,0,0,0,1,11
205042,0,0,0,0,0,0,0
9608439,2,2,0,0,0,2,3
10292,3,3,0,0,0,3,9
9412277,4,1,3,3,4,0,0
206205,0,0,0,0,0,0,0
202212,0,0,0,0,0,0,0
210373,0,0,0,0,0,0,0
9507297,0,0,0,0,0,0,0
9702275,3,2,1,1,0,3,3
207288,2,2,0,0,0,2,7
9406348,1,1,0,0,1,0,0
9809219,0,0,0,0,0,0,0
9403263,1,1,0,0,1,0,0
205248,0,0,0,0,0,0,0
211154,0,0,0,0,0,0,0
302245,0,0,0,0,0,0,0
108273,7,1,6,10,0,7,28
109134,0,0,0,0,0,0,0
9906307,0,0,0,0,0,0,0
211287,3,2,1,1,0,3,45
9906391,3,2,1,2,0,3,3
9910203,4,1,3,4,4,0,0
9911403,0,0,0,0,0,0,0
208189,1,1,0,0,1,0,0
101169,1,1,0,0,1,0,0
209013,0,0,0,0,0,0,0
9401233,2,2,0,0,2,0,0
1020,1,1,0,0,1,0,0
9506394,2,2,0,0,0,2,2
101345,2,1,1,1,0,2,3
9904216,2,1,1,1,2,0,0
302234,0,0,0,0,0,0,0
9512242,0,0,0,0,0,0,0
4096,0,0,0,0,0,0,0
212379,0,0,0,0,0,0,0
9801395,1,1,0,0,1,0,0
9810300,0,0,0,0,0,0,0
9507430,3,2,1,1,3,0,0
9501270,1,1,0,0,1,0,0
104102,1,1,0,0,0,1,1
106342,2,2,0,0,0,2,10
10322,7,1,6,7,3,4,6
9611208,1,1,0,0,0,1,1
9809374,0,0,0,0,0,0,0
12353,0,0,0,0,0,0,0
9609318,3,2,1,1,3,0,0
9606404,0,0,0,0,0,0,0
103097,1,1,0,0,0,1,6
9903321,0,0,0,0,0,0,0
9806509,2,1,1,1,2,0,0
302240,0,0,0,0,0,0,0
8267,1,1,0,0,0,1,2
9603418,1,1,0,0,1,0,0
9037,2,1,1,1,0,2,4
9206217,2,2,0,0,2,0,0
2210,0,0,0,0,0,0,0
9810488,0,0,0,0,0,0,0
111122,0,0,0,0,0,0,0
9806473,0,0,0,0,0,0,0
12105,0,0,0,0,0,0,0
9502282,8,1,7,11,8,0,0
9803283,5,2,3,6,0,5,22
9911381,1,1,0,0,0,1,1
205035,1,1,0,0,0,1,2
9505216,1,1,0,0,1,0,0
9702224,0,0,0,0,0,0,0
9710295,2,2,0,0,2,0,0
9711500,1,1,0,0,0,1,1
209055,0,0,0,0,0,0,0
9610452,0,0,0,0,0,0,0
9706461,0,0,0,0,0,0,0
9811344,0,0,0,0,0,0,0
6302,0,0,0,0,0,0,0
9805466,0,0,0,0,0,0,0
203144,2,2,0,0,0,2,5
9711235,1,1,0,0,1,0,0
9502387,0,0,0,0,0,0,0
9610305,2,1,1,1,2,0,0
9605202,0,0,0,0,0,0,0
9312230,2,1,1,1,2,0,0
9710320,0,0,0,0,0,0,0
9804264,2,2,0,0,2,0,0
6227,0,0,0,0,0,0,0
7220,2,2,0,0,0,2,9
9606301,1,1,0,0,1,0,0
9808273,1,1,0,0,0,1,6
9509401,2,1,1,1,2,0,0
212033,0,0,0,0,0,0,0
9509385,0,0,0,0,0,0,0
111365,0,0,0,0,0,0,0
9906493,0,0,0,0,0,0,0
110080,0,0,0,0,0,0,0
9606299,1,1,0,0,1,0,0
104255,3,3,0,0,0,3,7
108015,2,2,0,0,2,0,0
107269,0,0,0,0,0,0,0
9501275,1,1,0,0,1,0,0
11253,0,0,0,0,0,0,0
9503321,1,1,0,0,1,0,0
9511246,0,0,0,0,0,0,0
9501306,0,0,0,0,0,0,0
209101,0,0,0,0,0,0,0
9808384,0,0,0,0,0,0,0
9904373,1,1,0,0,0,1,3
9802375,1,1,0,0,1,0,0
107160,1,1,0,0,1,0,0
102322,0,0,0,0,0,0,0
109098,0,0,0,0,0,0,0
9404297,0,0,0,0,0,0,0
9703391,2,2,0,0,2,0,0
9606436,2,1,1,1,2,0,0
9809434,1,1,0,0,1,0,0
9312344,1,1,0,0,1,0,0
9511304,0,0,0,0,0,0,0
210084,0,0,0,0,0,0,0
9712235,0,0,0,0,0,0,0
106019,5,1,4,10,5,0,0
107133,3,2,1,1,0,3,8
101125,3,1,2,3,0,3,3
9701424,0,0,0,0,0,0,0
3076,2,2,0,0,0,2,12
6042,0,0,0,0,0,0,0
112153,0,0,0,0,0,0,0
9503325,0,0,0,0,0,0,0
7210,3,2,1,1,1,2,3
210327,0,0,0,0,0,0,0
212294,0,0,0,0,0,0,0
106062,0,0,0,0,0,0,0
9910377,0,0,0,0,0,0,0
9512349,2,2,0,0,0,2,2
9606255,0,0,0,0,0,0,0
104248,0,0,0,0,0,0,0
105189,0,0,0,0,0,0,0
210418,0,0,0,0,0,0,0
9412380,1,1,0,0,1,0,0
9305261,0,0,0,0,0,0,0
202261,4,3,1,2,4,0,0
9612368,0,0,0,0,0,0,0
9512283,0,0,0,0,0,0,0
10263,1,1,0,0,0,1,1
9604374,0,0,0,0,0,0,0
9504254,1,1,0,0,0,1,1
104251,0,0,0,0,0,0,0
9910368,0,0,0,0,0,0,0
201073,2,2,0,0,1,1,1
204068,1,1,0,0,0,1,22
9904446,0,0,0,0,0,0,0
9702351,0,0,0,0,0,0,0
105014,1,1,0,0,0,1,17
101079,0,0,0,0,0,0,0
9710474,1,1,0,0,0,1,1
112301,0,0,0,0,0,0,0
11203,0,0,0,0,0,0,0
9610519,0,0,0,0,0,0,0
207148,0,0,0,0,0,0,0
9009,1,1,0,0,0,1,2
9902225,0,0,0,0,0,0,0
9905274,0,0,0,0,0,0,0
12042,0,0,0,0,0,0,0
9610361,1,1,0,0,0,1,1
9912486,1,1,0,0,0,1,2
9509395,0,0,0,0,0,0,0
9711389,1,1,0,0,1,0,0
7310,2,1,1,1,0,2,9
210408,1,1,0,0,0,1,8
9912422,0,0,0,0,0,0,0
209366,2,1,1,1,0,2,18
9802257,0,0,0,0,0,0,0
9809295,0,0,0,0,0,0,0
201095,1,1,0,0,0,1,2
108064,0,0,0,0,0,0,0
7166,3,2,1,1,3,0,0
9809339,0,0,0,0,0,0,0
9909285,0,0,0,0,0,0,0
9303255,5,5,0,0,5,0,0
9903232,0,0,0,0,0,0,0
9805348,0,0,0,0,0,0,0
211375,0,0,0,0,0,0,0
9404295,1,1,0,0,1,0,0
9409332,2,2,0,0,2,0,0
9907302,0,0,0,0,0,0,0
9604205,0,0,0,0,0,0,0
8293,0,0,0,0,0,0,0
9310354,0,0,0,0,0,0,0
4261,0,0,0,0,0,0,0
108082,0,0,0,0,0,0,0
106148,0,0,0,0,0,0,0
9909463,1,1,0,0,0,1,5
9809573,0,0,0,0,0,0,0
3027,0,0,0,0,0,0,0
9805329,0,0,0,0,0,0,0
9906251,2,1,1,1,2,0,0
9903314,0,0,0,0,0,0,0
9905559,0,0,0,0,0,0,0
9806320,0,0,0,0,0,0,0
105171,0,0,0,0,0,0,0
210227,0,0,0,0,0,0,0
9506369,2,2,0,0,2,0,0
212074,0,0,0,0,0,0,0
11218,0,0,0,0,0,0,0
9710344,0,0,0,0,0,0,0
11180,0,0,0,0,0,0,0
209079,1,1,0,0,0,1,7
9909317,0,0,0,0,0,0,0
6281,2,2,0,0,0,2,2
207115,0,0,0,0,0,0,0
9912353,0,0,0,0,0,0,0
211097,0,0,0,0,0,0,0
203146,0,0,0,0,0,0,0
9412211,0,0,0,0,0,0,0
9806456,0,0,0,0,0,0,0
9903415,0,0,0,0,0,0,0
212200,0,0,0,0,0,0,0
109124,0,0,0,0,0,0,0
9305259,0,0,0,0,0,0,0
211389,0,0,0,0,0,0,0
206279,3,2,1,1,0,3,82
106145,0,0,0,0,0,0,0
210397,0,0,0,0,0,0,0
9510395,0,0,0,0,0,0,0
9412251,2,2,0,0,2,0,0
101204,0,0,0,0,0,0,0
9706440,0,0,0,0,0,0,0
103249,0,0,0,0,0,0,0
9906464,0,0,0,0,0,0,0
110171,0,0,0,0,0,0,0
212186,0,0,0,0,0,0,0
9806359,0,0,0,0,0,0,0
9403255,1,1,0,0,1,0,0
11109,0,0,0,0,0,0,0
203024,0,0,0,0,0,0,0
205225,0,0,0,0,0,0,0
211086,0,0,0,0,0,0,0
9507202,0,0,0,0,0,0,0
212362,0,0,0,0,0,0,0
210160,0,0,0,0,0,0,0
210280,0,0,0,0,0,0,0
201178,0,0,0,0,0,0,0
302259,0,0,0,0,0,0,0
11152,0,0,0,0,0,0,0
210077,0,0,0,0,0,0,0
9610343,0,0,0,0,0,0,0
9605443,1,1,0,0,1,0,0
110401,0,0,0,0,0,0,0
9501411,1,1,0,0,1,0,0
9807416,1,1,0,0,0,1,1
10092,1,1,0,0,1,0,0
11353,0,0,0,0,0,0,0
9906240,1,1,0,0,1,0,0
9811458,0,0,0,0,0,0,0
105322,1,1,0,0,0,1,3
9909545,0,0,0,0,0,0,0
301048,0,0,0,0,0,0,0
9702329,0,0,0,0,0,0,0
11079,0,0,0,0,0,0,0
9401261,1,1,0,0,1,0,0
210366,0,0,0,0,0,0,0
9411407,0,0,0,0,0,0,0
210055,2,2,0,0,0,2,18
9906497,2,2,0,0,2,0,0
9503382,0,0,0,0,0,0,0
301191,0,0,0,0,0,0,0
210101,0,0,0,0,0,0,0
9204,0,0,0,0,0,0,0
9911402,0,0,0,0,0,0,0
203112,0,0,0,0,0,0,0
205078,0,0,0,0,0,0,0
206261,0,0,0,0,0,0,0
1275,1,1,0,0,1,0,0
112171,1,1,0,0,0,1,4
9902224,2,1,1,1,2,0,0
9412330,0,0,0,0,0,0,0
10023,1,1,0,0,0,1,2
104195,0,0,0,0,0,0,0
212163,0,0,0,0,0,0,0
202224,0,0,0,0,0,0,0
9810384,2,2,0,0,2,0,0
9812306,1,1,0,0,1,0,0
10139,0,0,0,0,0,0,0
7044,0,0,0,0,0,0,0
9512331,0,0,0,0,0,0,0
9505348,0,0,0,0,0,0,0
9706255,1,1,0,0,1,0,0
210438,0,0,0,0,0,0,0
9345,1,1,0,0,1,0,0
9805459,1,1,0,0,0,1,1
104029,0,0,0,0,0,0,0
9409305,0,0,0,0,0,0,0
9712472,0,0,0,0,0,0,0
9704237,0,0,0,0,0,0,0
9902376,1,1,0,0,0,1,3
208137,1,1,0,0,1,0,0
9912349,0,0,0,0,0,0,0
9707231,0,0,0,0,0,0,0
9308357,0,0,0,0,0,0,0
9808252,0,0,0,0,0,0,0
212182,0,0,0,0,0,0,0
9611370,0,0,0,0,0,0,0
9911439,0,0,0,0,0,0,0
206082,0,0,0,0,0,0,0
208108,0,0,0,0,0,0,0
12124,0,0,0,0,0,0,0
105329,0,0,0,0,0,0,0
105282,0,0,0,0,0,0,0
9910486,0,0,0,0,0,0,0
12038,0,0,0,0,0,0,0
9612494,0,0,0,0,0,0,0
203102,0,0,0,0,0,0,0
204248,0,0,0,0,0,0,0
107333,0,0,0,0,0,0,0
105127,0,0,0,0,0,0,0
201066,2,2,0,0,2,0,0
211240,0,0,0,0,0,0,0
7235,0,0,0,0,0,0,0
110264,0,0,0,0,0,0,0
101315,0,0,0,0,0,0,0
9808422,0,0,0,0,0,0,0
205309,0,0,0,0,0,0,0
301220,0,0,0,0,0,0,0
212036,0,0,0,0,0,0,0
9409330,1,1,0,0,1,0,0
302175,0,0,0,0,0,0,0
9607235,0,0,0,0,0,0,0
9806338,0,0,0,0,0,0,0
9501309,0,0,0,0,0,0,0
12146,0,0,0,0,0,0,0
9307246,1,1,0,0,1,0,0
205174,0,0,0,0,0,0,0
101135,0,0,0,0,0,0,0
9702241,1,1,0,0,1,0,0
9607338,0,0,0,0,0,0,0
105243,0,0,0,0,0,0,0
9706321,0,0,0,0,0,0,0
9601232,0,0,0,0,0,0,0
9806242,1,1,0,0,1,0,0
9609259,0,0,0,0,0,0,0
9907292,0,0,0,0,0,0,0
9802233,0,0,0,0,0,0,0
4131,0,0,0,0,0,0,0
9611309,0,0,0,0,0,0,0
208015,1,1,0,0,1,0,0
9305246,1,1,0,0,1,0,0
9309334,0,0,0,0,0,0,0
9710497,0,0,0,0,0,0,0
9607354,15,4,11,27,0,15,36
102077,9,1,8,22,0,9,44
9906434,44,2,42,368,0,44,413
9501362,15,2,13,60,3,12,21
8065,1,1,0,0,0,1,2
9710237,4,1,3,4,0,4,8
207280,0,0,0,0,0,0,0
9809275,3,1,2,3,0,3,13
9806219,14,1,13,31,2,12,16
9406363,20,1,19,101,5,15,15
9411260,10,2,8,22,1,9,16
9311306,8,2,6,10,5,3,3
9812282,26,1,25,115,0,26,195
9909301,6,2,4,5,0,6,87
9808355,24,3,21,125,0,24,259
9805429,18,4,14,68,0,18,146
2149,13,2,11,43,0,13,98
9606260,20,1,19,105,0,20,57
9207237,6,1,5,7,6,0,0
9808269,0,0,0,0,0,0,0
9406319,27,4,23,141,27,0,0
9707435,14,2,12,35,0,14,87
9901288,14,4,10,22,0,14,75
9806348,37,3,34,265,0,37,349
9812396,37,3,34,186,0,37,440
9507378,62,2,60,793,0,62,104
9708377,13,4,9,29,0,13,196
109113,4,2,2,4,0,4,6
9902205,8,1,7,16,0,8,26
9705253,33,1,32,197,0,33,234
9710348,8,2,6,15,8,0,0
9912438,3,3,0,0,0,3,4
9707222,5,2,3,9,5,0,0
9801443,18,2,16,56,0,18,70
9511447,1,1,0,0,1,0,0
9512421,9,5,4,11,0,9,21
9507426,5,2,3,8,5,0,0
9410414,21,1,20,129,21,0,0
9705278,7,2,5,10,0,7,11
9311290,19,1,18,65,19,0,0
9511321,7,2,5,12,0,7,17
9912250,1,1,0,0,1,0,0
9605334,1,1,0,0,0,1,3
9711287,29,2,27,215,15,14,24
9802379,32,2,30,243,0,32,96
9604225,5,2,3,3,0,5,16
9402218,12,3,9,30,1,11,15
105340,1,1,0,0,0,1,3
9701227,12,2,10,17,0,12,46
9508202,20,1,19,120,20,0,0
9710463,17,1,16,68,0,17,37
9509313,16,2,14,35,2,14,25
9705357,16,3,13,58,0,16,130
9812366,25,3,22,88,0,25,121
4207,14,1,13,33,0,14,271
9910550,36,2,34,264,0,36,686
9908480,10,1,9,33,0,10,120
112028,3,2,1,1,0,3,8
210133,1,1,0,0,0,1,9
9602242,11,2,9,22,1,10,10
9712234,12,1,11,48,0,12,38
9812397,13,1,12,42,0,13,126
1122,15,2,13,57,15,0,0
9506235,0,0,0,0,0,0,0
9306204,13,2,11,39,13,0,0
2036,7,3,4,5,0,7,38
9902219,2,2,0,0,2,0,0
9907458,0,0,0,0,0,0,0
9811355,7,2,5,11,0,7,36
9412361,3,1,2,3,0,3,8
1158,1,1,0,0,0,1,4
9504302,7,1,6,8,0,7,10
2183,22,3,19,94,0,22,76
9802374,15,1,14,28,1,14,34
9404281,27,3,24,141,7,20,33
9912317,22,4,18,80,0,22,144
9309223,25,1,24,120,25,0,0
9808415,11,2,9,31,0,11,76
106204,12,4,8,15,0,12,116
4169,14,2,12,41,0,14,58
102324,21,1,20,92,0,21,220
9904393,24,2,22,133,1,23,140
6319,8,1,7,18,0,8,118
9507348,8,2,6,11,1,7,19
2008,6,1,5,11,0,6,6
9310350,9,2,7,21,9,0,0
9808467,15,1,14,55,0,15,33
9812375,17,1,16,67,17,0,0
105126,0,0,0,0,0,0,0
10117,10,3,7,10,0,10,115
9503295,9,2,7,21,9,0,0
9609234,1,1,0,0,1,0,0
101124,24,6,18,77,0,24,355
111160,7,1,6,11,0,7,125
109242,42,1,41,437,0,42,185
9912498,26,2,24,136,0,26,113
9211293,4,2,2,4,4,0,0
9904266,29,2,27,216,0,29,487
9910498,13,2,11,30,0,13,43
9904283,9,1,8,28,2,7,12
9706494,7,1,6,12,0,7,7
9211328,18,2,16,73,18,0,0
9703265,5,1,4,7,0,5,5
9211258,11,3,8,15,0,11,11
9902428,2,2,0,0,0,2,9
9905202,10,2,8,22,0,10,61
201094,0,0,0,0,0,0,0
9506456,13,1,12,24,13,0,0
9601349,32,2,30,114,0,32,262
9702385,1,1,0,0,0,1,14
9810235,1,1,0,0,0,1,1
9306321,2,1,1,1,0,2,7
9706231,2,1,1,1,0,2,9
9511381,8,2,6,12,8,0,0
5183,4,2,2,2,2,2,4
9604438,5,1,4,6,0,5,8
9612426,17,2,15,76,12,5,5
9310257,8,1,7,10,8,0,0
9709289,8,1,7,13,8,0,0
9604295,22,3,19,131,4,18,18
109122,5,1,4,5,0,5,44
3107,15,1,14,55,0,15,245
9806386,5,1,4,5,0,5,17
5128,1,1,0,0,1,0,0
1046,17,3,14,36,0,17,166
9702239,9,1,8,21,0,9,17
9409426,12,2,10,44,12,0,0
9405233,14,1,13,55,14,0,0
9705264,21,1,20,90,0,21,58
9707365,10,3,7,12,0,10,75
9607275,9,1,8,24,0,9,20
9701241,6,3,3,8,0,6,47
9707305,8,3,5,11,0,8,33
9905477,7,1,6,13,7,0,0
9707393,8,3,5,9,0,8,26
9705287,22,2,20,96,0,22,272
9512278,5,3,2,2,0,5,18
9608306,17,3,14,50,0,17,96
9411274,9,1,8,15,9,0,0
9905254,1,1,0,0,1,0,0
9704283,10,1,9,26,3,7,12
10335,0,0,0,0,0,0,0
9410338,20,1,19,72,0,20,32
9602404,10,1,9,28,0,10,66
9903540,12,3,9,28,0,12,76
2221,4,3,1,2,0,4,17
9909376,14,1,13,56,0,14,93
9903221,3,1,2,3,0,3,6
9601324,18,1,17,70,0,18,18
9510327,6,1,5,9,0,6,6
9208233,8,2,6,17,8,0,0
9710543,4,1,3,6,0,4,32
106195,12,1,11,31,0,12,64
10190,2,2,0,0,0,2,2
9910555,1,1,0,0,0,1,1
9501358,23,1,22,134,10,13,13
108117,4,2,2,2,0,4,23
9911522,5,2,3,7,0,5,24
9912253,7,3,4,11,0,7,110
106029,3,1,2,2,0,3,3
9308279,6,1,5,7,6,0,0
210145,2,2,0,0,0,2,14
9908319,2,1,1,1,2,0,0
9708495,8,1,7,14,0,8,24
9711435,10,2,8,13,0,10,85
4209,4,2,2,5,1,3,8
11049,1,1,0,0,0,1,11
9703290,1,1,0,0,0,1,34
9912380,8,1,7,16,0,8,8
109230,5,1,4,6,0,5,15
9306268,5,1,4,8,5,0,0
9612279,8,1,7,10,2,6,13
9906417,3,3,0,0,0,3,15
9901342,0,0,0,0,0,0,0
9607392,10,4,6,13,1,9,20
9603285,10,1,9,18,0,10,16
9409202,4,1,3,4,4,0,0
9610489,4,1,3,5,0,4,14
9612495,8,2,6,19,0,8,14
9907539,6,4,2,2,0,6,51
9502388,1,1,0,0,0,1,7
9308214,20,2,18,72,20,0,0
9712236,4,1,3,3,0,4,36
9712494,2,2,0,0,0,2,6
103044,12,2,10,30,0,12,41
11247,19,4,15,50,0,19,149
9805338,5,1,4,4,5,0,0
9711428,20,4,16,52,0,20,97
9402315,4,2,2,3,4,0,0
9807339,12,1,11,40,12,0,0
9306248,6,1,5,5,6,0,0
9607309,5,1,4,10,0,5,12
205216,1,1,0,0,0,1,2
210387,1,1,0,0,0,1,3
9508297,12,1,11,61,0,12,12
108071,35,4,31,208,0,35,373
9806324,13,2,11,28,0,13,40
9609486,2,1,1,1,1,1,2
9707476,3,1,2,3,0,3,9
9812269,15,3,12,42,0,15,81
9706284,5,3,2,3,0,5,13
103244,3,2,1,1,3,0,0
9808421,10,1,9,30,0,10,54
9512442,6,1,5,10,6,0,0
9806299,13,3,10,25,0,13,98
9906395,5,3,2,4,0,5,20
9602263,3,2,1,1,0,3,10
9708357,6,3,3,4,0,6,7
107081,9,1,8,12,2,7,7
9803475,3,2,1,1,0,3,6
9209231,7,1,6,15,7,0,0
9609462,6,2,4,8,0,6,62
9903512,10,2,8,20,0,10,25
201195,9,3,6,12,0,9,65
101151,13,2,11,44,0,13,83
110307,9,2,7,21,0,9,37
9702429,4,1,3,4,0,4,6
106072,5,2,3,4,0,5,17
101106,4,1,3,3,0,4,26
207231,0,0,0,0,0,0,0
9812403,6,1,5,11,6,0,0
110287,9,3,6,26,0,9,54
9402289,2,1,1,1,0,2,2
9904330,13,2,11,45,0,13,73
9711371,15,2,13,46,0,15,101
9804391,5,1,4,7,0,5,16
9712497,6,2,4,5,0,6,28
112140,1,1,0,0,0,1,1
9502308,3,2,1,2,3,0,0
9805356,20,3,17,80,0,20,40
9903248,0,0,0,0,0,0,0
9308273,6,2,4,11,6,0,0
9707540,8,3,5,14,0,8,90
101088,1,1,0,0,0,1,9
9606466,3,2,1,2,0,3,10
3249,1,1,0,0,0,1,4
9908289,7,0,7,17,0,7,51
9610218,3,2,1,2,1,2,2
9508320,2,1,1,1,0,2,4
9505442,2,1,1,1,0,2,4
9509284,6,2,4,8,2,4,7
9603313,7,1,6,20,0,7,20
9807522,4,1,3,4,4,0,0
6009,6,1,5,11,0,6,24
9506406,4,1,3,4,0,4,10
9911511,3,1,2,3,0,3,25
9910316,7,1,6,13,0,7,26
9809315,21,1,20,107,0,21,127
9801304,10,3,7,10,0,10,36
9610408,8,1,7,18,0,8,60
9704223,12,3,9,18,0,12,12
9705447,4,3,1,1,0,4,10
9903370,3,2,1,1,0,3,27
9612219,1,1,0,0,1,0,0
9910202,0,0,0,0,0,0,0
9801386,4,1,3,3,4,0,0
9909305,7,3,4,13,0,7,43
9905376,14,3,11,22,0,14,136
2261,5,1,4,9,0,5,10
9403227,10,1,9,16,10,0,0
9706552,1,1,0,0,1,0,0
110405,5,1,4,7,1,4,8
9405297,4,1,3,6,0,4,19
9704436,10,1,9,24,1,9,12
9502224,6,1,5,8,6,0,0
9501386,2,1,1,1,2,0,0
9405310,1,1,0,0,0,1,1
9910375,2,1,1,1,0,2,10
9907269,0,0,0,0,0,0,0
9610460,2,1,1,1,0,2,8
9602392,3,3,0,0,0,3,5
9306260,6,2,4,4,6,0,0
9811301,10,1,9,34,4,6,6
9909477,14,1,13,60,0,14,54
112276,1,1,0,0,0,1,4
9406350,6,1,5,10,6,0,0
9602375,7,1,6,8,7,0,0
7248,4,3,1,1,4,0,0
9511338,1,1,0,0,1,0,0
9308241,6,3,3,9,6,0,0
9810273,6,2,4,6,0,6,51
9806223,4,2,2,3,0,4,4
9605267,1,1,0,0,1,0,0
9905392,5,1,4,7,1,4,11
9708430,1,1,0,0,0,1,1
6129,10,1,9,27,2,8,13
3228,1,1,0,0,1,0,0
9308337,7,7,0,0,0,7,7
9710434,2,1,1,1,0,2,34
209069,0,0,0,0,0,0,0
9807466,2,2,0,0,0,2,2
7005,14,3,11,45,0,14,137
9803407,8,1,7,10,0,8,19
9606391,4,1,3,5,0,4,4
2154,2,2,0,0,2,0,0
9610427,3,1,2,2,0,3,9
9901436,0,0,0,0,0,0,0
9812209,6,3,3,5,0,6,8
9709372,9,2,7,16,0,9,23
12369,2,1,1,1,0,2,25
9807272,2,1,1,1,2,0,0
9812304,3,2,1,1,0,3,19
9709425,4,2,2,2,4,0,0
9703431,0,0,0,0,0,0,0
102125,3,1,2,2,0,3,46
5060,5,3,2,2,0,5,12
9807394,0,0,0,0,0,0,0
9912548,3,1,2,3,0,3,18
9801322,9,1,8,24,3,6,6
9904469,8,1,7,14,0,8,50
9401273,3,1,2,2,0,3,4
9312315,11,1,10,30,11,0,0
1028,6,1,5,5,0,6,38
9601205,15,1,14,54,2,13,40
9512263,12,3,9,26,12,0,0
9802312,2,1,1,1,0,2,8
9408308,1,1,0,0,0,1,4
106277,3,1,2,3,0,3,30
104308,2,1,1,1,0,2,16
9705413,10,8,2,2,10,0,0
9903388,8,3,5,13,2,6,6
9804301,1,1,0,0,0,1,1
9606464,3,3,0,0,2,1,1
108090,6,1,5,10,2,4,4
101132,5,2,3,6,0,5,54
9908293,1,1,0,0,0,1,4
9911460,11,1,10,33,0,11,95
2047,4,1,3,6,0,4,4
9701299,1,1,0,0,0,1,2
202189,1,1,0,0,0,1,2
9511333,8,1,7,9,1,7,14
9508349,2,2,0,0,1,1,5
3218,2,1,1,1,0,2,10
9810393,1,1,0,0,1,0,0
9406214,3,2,1,2,3,0,0
9407236,2,1,1,1,2,0,0
112135,2,1,1,1,0,2,12
9302265,6,3,3,3,0,6,6
9912501,7,1,6,12,7,0,0
5197,9,1,8,27,9,0,0
106097,0,0,0,0,0,0,0
108123,0,0,0,0,0,0,0
9310253,12,2,10,32,12,0,0
9705328,2,1,1,1,0,2,6
111244,9,3,6,13,0,9,152
9709436,0,0,0,0,0,0,0
102279,12,3,9,17,0,12,118
9510415,7,1,6,14,7,0,0
102117,5,2,3,5,0,5,46
9903334,1,1,0,0,1,0,0
9704243,4,4,0,0,2,2,2
9903504,1,1,0,0,0,1,16
9409438,1,1,0,0,0,1,1
9802279,1,1,0,0,0,1,2
205259,8,2,6,13,0,8,16
9911289,6,1,5,10,6,0,0
204001,5,2,3,5,1,4,5
9705248,1,1,0,0,0,1,1
12378,6,4,2,3,0,6,34
9903418,8,1,7,22,0,8,119
10131,4,2,2,2,0,4,10
9709312,5,1,4,7,1,4,5
9806221,3,1,2,2,1,2,2
9702336,0,0,0,0,0,0,0
202086,7,4,3,7,0,7,69
11168,2,1,1,1,0,2,4
9609321,8,1,7,23,8,0,0
9701254,0,0,0,0,0,0,0
3124,1,1,0,0,0,1,1
9501263,14,1,13,55,14,0,0
9912511,0,0,0,0,0,0,0
9711434,1,1,0,0,0,1,4
9909458,4,2,2,2,4,0,0
9803221,7,2,5,12,0,7,53
9805476,3,2,1,1,0,3,11
9511228,11,1,10,36,11,0,0
205111,3,1,2,3,0,3,26
9710358,12,3,9,34,0,12,34
109184,1,1,0,0,1,0,0
9903543,1,1,0,0,0,1,13
9611228,3,2,1,2,0,3,21
9607432,8,2,6,9,1,7,12
11097,5,2,3,4,0,5,18
9510386,6,2,4,6,0,6,33
9805336,0,0,0,0,0,0,0
9806333,3,1,2,3,3,0,0
9804458,3,2,1,1,0,3,20
12222,9,3,6,13,0,9,28
9810283,3,1,2,2,0,3,21
9405392,4,2,2,2,4,0,0
6101,2,2,0,0,2,0,0
9712410,2,1,1,1,0,2,14
2266,6,1,5,9,3,3,7
108100,9,3,6,14,0,9,27
9801336,0,0,0,0,0,0,0
9904411,5,2,3,3,0,5,11
9311226,0,0,0,0,0,0,0
9702424,4,3,1,1,0,4,29
9503452,2,1,1,1,0,2,2
9509234,2,2,0,0,0,2,2
4091,1,1,0,0,0,1,1
103174,11,2,9,30,0,11,44
9812216,0,0,0,0,0,0,0
203030,4,1,3,3,0,4,89
9508342,0,0,0,0,0,0,0
9508221,2,2,0,0,0,2,4
7033,2,2,0,0,0,2,2
9610424,3,1,2,2,3,0,0
9811380,3,2,1,1,3,0,0
11154,1,1,0,0,0,1,1
9512306,1,1,0,0,0,1,3
9711315,6,1,5,13,0,6,6
9904252,0,0,0,0,0,0,0
209305,1,1,0,0,0,1,8
9705423,11,3,8,30,0,11,11
9804383,1,1,0,0,0,1,3
9702441,0,0,0,0,0,0,0
9806212,4,4,0,0,4,0,0
9905247,9,4,5,15,4,5,5
6240,3,1,2,2,0,3,5
9708460,3,1,2,2,0,3,9
8022,1,1,0,0,0,1,1
9907322,8,2,6,25,2,6,19
9709210,1,1,0,0,0,1,2
9909230,1,1,0,0,1,0,0
9211261,3,1,2,3,3,0,0
9709333,4,3,1,1,0,4,4
9610439,3,1,2,2,1,2,2
9708435,3,1,2,2,3,0,0
9510437,1,1,0,0,1,0,0
3201,5,1,4,6,0,5,14
9807331,2,2,0,0,0,2,5
9603370,1,1,0,0,0,1,9
9911256,0,0,0,0,0,0,0
3034,1,1,0,0,1,0,0
9906420,3,1,2,2,0,3,11
211158,1,1,0,0,0,1,2
9511361,0,0,0,0,0,0,0
9707392,5,2,3,7,5,0,0
206148,3,2,1,2,0,3,17
9703394,0,0,0,0,0,0,0
9408277,1,1,0,0,1,0,0
108213,5,2,3,6,0,5,34
9811203,3,3,0,0,0,3,8
9406276,1,1,0,0,1,0,0
9711492,0,0,0,0,0,0,0
9709293,5,1,4,6,0,5,15
9211250,5,2,3,5,5,0,0
9711410,3,3,0,0,0,3,3
9402217,3,3,0,0,3,0,0
107062,1,1,0,0,0,1,8
9702431,1,1,0,0,0,1,5
9404310,1,1,0,0,1,0,0
9705226,8,4,4,7,5,3,3
9707330,0,0,0,0,0,0,0
9907483,3,1,2,3,1,2,2
9805421,9,1,8,19,9,0,0
9610262,11,1,10,30,1,10,24
104199,1,1,0,0,0,1,10
205051,1,1,0,0,0,1,4
101207,2,2,0,0,0,2,4
9609392,0,0,0,0,0,0,0
9612305,0,0,0,0,0,0,0
9902390,5,1,4,4,0,5,49
9910215,2,2,0,0,0,2,13
9608482,4,3,1,2,4,0,0
9811204,4,1,3,4,4,0,0
9712343,9,2,7,20,0,9,31
7215,4,2,2,2,1,3,3
9907256,2,1,1,1,2,0,0
9503477,5,1,4,7,3,2,2
9702346,0,0,0,0,0,0,0
211001,4,2,2,2,0,4,45
9909338,3,3,0,0,0,3,13
9903426,3,2,1,2,0,3,25
210320,3,1,2,2,0,3,46
9901266,6,1,5,10,0,6,26
9404249,7,1,6,21,7,0,0
5227,3,1,2,2,0,3,15
9408313,2,1,1,1,2,0,0
9610469,0,0,0,0,0,0,0
9802403,2,1,1,1,0,2,3
9503322,1,1,0,0,0,1,1
9712545,0,0,0,0,0,0,0
9603232,2,1,1,1,2,0,0
9803370,0,0,0,0,0,0,0
9707276,0,0,0,0,0,0,0
9903396,5,1,4,6,1,4,10
9606271,6,3,3,4,5,1,1
105206,0,0,0,0,0,0,0
9501222,5,1,4,9,5,0,0
12325,0,0,0,0,0,0,0
11266,4,2,2,5,4,0,0
103274,5,2,3,6,0,5,25
9605361,4,2,2,3,0,4,21
9407289,4,1,3,4,4,0,0
9811341,1,1,0,0,0,1,1
201183,1,1,0,0,0,1,7
9324,5,2,3,6,0,5,95
9611223,9,2,7,20,7,2,2
9905217,2,1,1,1,0,2,4
2212,6,1,5,11,2,4,4
9703459,1,1,0,0,0,1,4
9806355,6,3,3,6,1,5,7
9309251,5,2,3,4,5,0,0
9809494,1,1,0,0,1,0,0
9305208,4,2,2,2,1,3,3
5121,3,3,0,0,0,3,13
9206212,4,4,0,0,4,0,0
9706449,2,2,0,0,0,2,2
9607466,4,2,2,3,0,4,4
9509242,6,1,5,14,6,0,0
10213,1,1,0,0,0,1,7
2024,3,2,1,1,1,2,2
9606424,0,0,0,0,0,0,0
211131,0,0,0,0,0,0,0
9802364,5,1,4,8,5,0,0
9404263,0,0,0,0,0,0,0
9312360,4,2,2,5,4,0,0
9812441,3,2,1,2,0,3,14
9608412,7,1,6,11,7,0,0
9910379,8,1,7,21,1,7,13
9411317,2,1,1,1,2,0,0
9402227,8,1,7,27,8,0,0
9711336,0,0,0,0,0,0,0
9209260,3,2,1,1,3,0,0
9604231,5,1,4,5,0,5,7
9908493,1,1,0,0,0,1,4
9406383,5,1,4,8,5,0,0
108262,8,2,6,13,6,2,2
209336,1,1,0,0,0,1,3
1326,0,0,0,0,0,0,0
109009,2,2,0,0,0,2,4
101234,0,0,0,0,0,0,0
8279,3,1,2,2,0,3,30
9612227,5,3,2,4,0,5,21
102101,1,1,0,0,0,1,1
111269,7,2,5,16,0,7,74
9808466,0,0,0,0,0,0,0
110201,0,0,0,0,0,0,0
9308258,2,2,0,0,2,0,0
9712284,2,1,1,1,0,2,8
9805365,2,1,1,1,2,0,0
9810433,0,0,0,0,0,0,0
9707211,5,1,4,8,5,0,0
9904238,3,2,1,1,0,3,22
9506379,2,1,1,1,2,0,0
9411289,8,1,7,15,8,0,0
9511325,1,1,0,0,0,1,1
9907430,1,1,0,0,0,1,1
112252,0,0,0,0,0,0,0
9402318,1,1,0,0,0,1,1
6210,4,2,2,2,0,4,4
9905355,5,1,4,5,0,5,25
9909427,3,2,1,2,0,3,4
211127,0,0,0,0,0,0,0
105013,0,0,0,0,0,0,0
201300,0,0,0,0,0,0,0
9911432,1,1,0,0,1,0,0
9501272,2,2,0,0,0,2,2
9409272,2,1,1,1,2,0,0
9701201,1,1,0,0,1,0,0
9812244,1,1,0,0,1,0,0
9902271,1,1,0,0,0,1,7
9312280,3,1,2,2,3,0,0
9712232,2,1,1,1,2,0,0
9609355,2,1,1,1,2,0,0
4257,0,0,0,0,0,0,0
108018,2,1,1,1,2,0,0
9407313,1,1,0,0,1,0,0
9912333,0,0,0,0,0,0,0
110038,0,0,0,0,0,0,0
9908291,3,2,1,1,0,3,9
9210207,1,1,0,0,1,0,0
9910268,2,2,0,0,0,2,3
1281,0,0,0,0,0,0,0
9302276,0,0,0,0,0,0,0
9912402,0,0,0,0,0,0,0
206035,1,1,0,0,0,1,5
9711325,1,1,0,0,0,1,2
9601342,2,2,0,0,2,0,0
9806442,3,1,2,2,3,0,0
9606284,1,1,0,0,1,0,0
10024,0,0,0,0,0,0,0
9269,0,0,0,0,0,0,0
9705330,2,1,1,1,2,0,0
9601210,1,1,0,0,1,0,0
9707494,0,0,0,0,0,0,0
206074,3,2,1,1,1,2,3
2097,3,2,1,1,0,3,12
9903222,6,1,5,8,0,6,6
9402206,3,3,0,0,3,0,0
203226,0,0,0,0,0,0,0
9901308,2,1,1,1,2,0,0
9301292,4,3,1,2,4,0,0
9506385,5,2,3,5,5,0,0
9909358,0,0,0,0,0,0,0
9608258,0,0,0,0,0,0,0
9906552,3,1,2,2,0,3,11
9408403,1,1,0,0,1,0,0
205280,1,1,0,0,0,1,2
9507256,3,3,0,0,3,0,0
9608259,2,2,0,0,0,2,4
9608219,1,1,0,0,0,1,1
9801359,0,0,0,0,0,0,0
9905491,1,1,0,0,0,1,2
7247,1,1,0,0,0,1,2
9708425,4,2,2,3,0,4,11
9905435,3,1,2,3,0,3,8
9708413,5,1,4,8,0,5,12
9812259,1,1,0,0,0,1,3
9507381,1,1,0,0,0,1,1
9812429,0,0,0,0,0,0,0
9912472,1,1,0,0,0,1,2
6053,1,1,0,0,0,1,7
9503231,4,3,1,1,4,0,0
9805332,5,1,4,9,0,5,15
9307290,1,1,0,0,1,0,0
9803490,1,1,0,0,1,0,0
9601235,2,1,1,1,2,0,0
9703253,1,1,0,0,1,0,0
9311320,2,2,0,0,0,2,3
9907440,0,0,0,0,0,0,0
9311250,3,1,2,3,0,3,6
9707428,1,1,0,0,1,0,0
4140,1,1,0,0,0,1,5
9090,3,3,0,0,3,0,0
4188,0,0,0,0,0,0,0
9612393,0,0,0,0,0,0,0
9503336,1,1,0,0,1,0,0
9603387,1,1,0,0,0,1,1
9908421,1,1,0,0,0,1,1
9408323,1,1,0,0,1,0,0
9312226,5,1,4,7,5,0,0
9809365,5,1,4,6,5,0,0
104129,5,3,2,4,0,5,57
9911215,2,1,1,1,0,2,21
301231,1,1,0,0,1,0,0
9505310,3,2,1,1,3,0,0
211438,0,0,0,0,0,0,0
9903286,0,0,0,0,0,0,0
9603429,3,2,1,1,0,3,4
110093,0,0,0,0,0,0,0
8225,0,0,0,0,0,0,0
6299,2,1,1,1,0,2,9
9908521,2,2,0,0,2,0,0
208089,4,1,3,6,0,4,52
9907206,3,1,2,2,0,3,3
9710519,0,0,0,0,0,0,0
9308334,1,1,0,0,1,0,0
104313,0,0,0,0,0,0,0
209368,2,1,1,1,2,0,0
9509209,2,2,0,0,2,0,0
107274,0,0,0,0,0,0,0
209199,1,1,0,0,0,1,2
9404326,2,2,0,0,2,0,0
208173,0,0,0,0,0,0,0
9812341,0,0,0,0,0,0,0
201102,1,1,0,0,0,1,1
9607281,0,0,0,0,0,0,0
6141,2,1,1,1,0,2,4
9511403,1,1,0,0,0,1,1
201219,5,4,1,1,0,5,26
201002,0,0,0,0,0,0,0
5283,0,0,0,0,0,0,0
9505290,1,1,0,0,1,0,0
7066,1,1,0,0,0,1,3
201049,0,0,0,0,0,0,0
302005,0,0,0,0,0,0,0
1030,0,0,0,0,0,0,0
9403355,1,1,0,0,1,0,0
9311371,0,0,0,0,0,0,0
9909201,0,0,0,0,0,0,0
112178,1,1,0,0,1,0,0
202251,0,0,0,0,0,0,0
105092,1,1,0,0,0,1,5
203097,1,1,0,0,0,1,7
202125,2,1,1,1,0,2,22
9705297,0,0,0,0,0,0,0
107302,1,1,0,0,0,1,2
9908498,1,1,0,0,0,1,4
107300,0,0,0,0,0,0,0
104007,0,0,0,0,0,0,0
204081,0,0,0,0,0,0,0
9602361,0,0,0,0,0,0,0
301018,0,0,0,0,0,0,0
9708331,0,0,0,0,0,0,0
102300,1,1,0,0,0,1,2
9811477,1,1,0,0,1,0,0
212199,3,2,1,1,0,3,49
109244,1,1,0,0,0,1,2
9808345,0,0,0,0,0,0,0
111229,2,2,0,0,0,2,11
9508392,1,1,0,0,1,0,0
9708494,0,0,0,0,0,0,0
9803375,1,1,0,0,0,1,1
9609478,0,0,0,0,0,0,0
9808219,0,0,0,0,0,0,0
302252,0,0,0,0,0,0,0
12032,5,5,0,0,0,5,9
206065,0,0,0,0,0,0,0
9709335,1,1,0,0,1,0,0
206197,0,0,0,0,0,0,0
212059,0,0,0,0,0,0,0
9312258,5,4,1,1,5,0,0
201194,0,0,0,0,0,0,0
6088,1,1,0,0,0,1,2
9807362,2,1,1,1,1,1,1
5059,3,1,2,2,0,3,5
9910458,6,3,3,4,0,6,6
110368,0,0,0,0,0,0,0
108149,1,1,0,0,0,1,2
9610476,0,0,0,0,0,0,0
5299,0,0,0,0,0,0,0
9801221,0,0,0,0,0,0,0
106208,3,2,1,1,0,3,15
9312255,1,1,0,0,1,0,0
9803318,0,0,0,0,0,0,0
9505273,7,4,3,4,0,7,7
9910280,0,0,0,0,0,0,0
9808449,1,1,0,0,1,0,0
204351,0,0,0,0,0,0,0
9509224,1,1,0,0,1,0,0
9506415,0,0,0,0,0,0,0
9603322,5,4,1,1,3,2,2
9809246,0,0,0,0,0,0,0
207049,0,0,0,0,0,0,0
9810359,0,0,0,0,0,0,0
9706291,0,0,0,0,0,0,0
9712462,2,2,0,0,2,0,0
9310289,0,0,0,0,0,0,0
9511262,2,1,1,1,2,0,0
9303247,2,1,1,1,2,0,0
2271,3,1,2,2,0,3,7
9209233,1,1,0,0,1,0,0
9709423,0,0,0,0,0,0,0
9505371,1,1,0,0,1,0,0
9603436,2,1,1,1,2,0,0
9508360,2,2,0,0,2,0,0
9605227,2,2,0,0,0,2,2
205059,0,0,0,0,0,0,0
9140,1,1,0,0,0,1,10
9908377,1,1,0,0,1,0,0
211049,0,0,0,0,0,0,0
9706528,1,1,0,0,0,1,1
211185,1,1,0,0,0,1,3
208014,2,1,1,1,0,2,19
9505257,1,1,0,0,0,1,3
9503278,1,1,0,0,1,0,0
105046,1,1,0,0,1,0,0
9403326,2,2,0,0,2,0,0
8062,0,0,0,0,0,0,0
9609450,0,0,0,0,0,0,0
7119,5,1,4,6,5,0,0
9707405,1,1,0,0,1,0,0
9910500,0,0,0,0,0,0,0
9410289,1,1,0,0,1,0,0
9412371,1,1,0,0,1,0,0
9303287,1,1,0,0,1,0,0
204153,0,0,0,0,0,0,0
9601328,0,0,0,0,0,0,0
9808402,0,0,0,0,0,0,0
9607456,0,0,0,0,0,0,0
9407307,0,0,0,0,0,0,0
102262,1,1,0,0,0,1,1
206210,0,0,0,0,0,0,0
9411264,0,0,0,0,0,0,0
9704215,2,2,0,0,0,2,2
9909262,1,1,0,0,0,1,1
9910298,0,0,0,0,0,0,0
208216,0,0,0,0,0,0,0
9312322,1,1,0,0,0,1,1
108218,1,1,0,0,0,1,1
212335,0,0,0,0,0,0,0
108062,4,1,3,6,0,4,7
102096,3,1,2,3,3,0,0
9811292,0,0,0,0,0,0,0
206189,1,1,0,0,0,1,2
9906321,5,1,4,8,5,0,0
5055,1,1,0,0,1,0,0
210310,1,1,0,0,0,1,6
211112,0,0,0,0,0,0,0
9502253,3,1,2,2,3,0,0
208011,0,0,0,0,0,0,0
9803211,0,0,0,0,0,0,0
209034,0,0,0,0,0,0,0
9507224,0,0,0,0,0,0,0
201109,0,0,0,0,0,0,0
9503385,2,2,0,0,2,0,0
9810238,1,1,0,0,1,0,0
9707516,1,1,0,0,1,0,0
101071,1,1,0,0,1,0,0
3223,0,0,0,0,0,0,0
212056,0,0,0,0,0,0,0
204163,1,1,0,0,0,1,1
11385,0,0,0,0,0,0,0
9802295,0,0,0,0,0,0,0
9908251,0,0,0,0,0,0,0
9809477,0,0,0,0,0,0,0
9607445,0,0,0,0,0,0,0
202051,0,0,0,0,0,0,0
102250,1,1,0,0,0,1,4
111076,2,1,1,1,2,0,0
110023,1,1,0,0,0,1,2
9802228,1,1,0,0,1,0,0
9610520,1,1,0,0,0,1,2
103292,0,0,0,0,0,0,0
302032,0,0,0,0,0,0,0
301030,0,0,0,0,0,0,0
112137,0,0,0,0,0,0,0
9802255,0,0,0,0,0,0,0
9507369,2,2,0,0,0,2,5
9507410,0,0,0,0,0,0,0
211415,0,0,0,0,0,0,0
9807287,1,1,0,0,1,0,0
9710496,0,0,0,0,0,0,0
9908519,1,1,0,0,1,0,0
9278,1,1,0,0,0,1,2
302172,0,0,0,0,0,0,0
9911396,0,0,0,0,0,0,0
302107,0,0,0,0,0,0,0
111285,1,1,0,0,0,1,5
9906517,0,0,0,0,0,0,0
9807343,1,1,0,0,1,0,0
107031,0,0,0,0,0,0,0
9801361,1,1,0,0,1,0,0
202038,0,0,0,0,0,0,0
103145,0,0,0,0,0,0,0
4030,0,0,0,0,0,0,0
111189,1,1,0,0,0,1,1
9412252,0,0,0,0,0,0,0
9810518,0,0,0,0,0,0,0
7092,1,1,0,0,0,1,7
9806247,0,0,0,0,0,0,0
112253,0,0,0,0,0,0,0
301110,0,0,0,0,0,0,0
9905517,0,0,0,0,0,0,0
212290,0,0,0,0,0,0,0
9304244,0,0,0,0,0,0,0
210416,0,0,0,0,0,0,0
9309315,0,0,0,0,0,0,0
9308259,1,1,0,0,1,0,0
9807391,1,1,0,0,1,0,0
12158,0,0,0,0,0,0,0
301150,0,0,0,0,0,0,0
9709404,1,1,0,0,0,1,1
9119,0,0,0,0,0,0,0
9705325,0,0,0,0,0,0,0
207039,1,1,0,0,0,1,4
8095,0,0,0,0,0,0,0
4202,0,0,0,0,0,0,0
101028,0,0,0,0,0,0,0
5213,1,1,0,0,0,1,4
9310372,1,1,0,0,1,0,0
208278,0,0,0,0,0,0,0
2112,1,1,0,0,0,1,1
207199,0,0,0,0,0,0,0
3095,1,1,0,0,1,0,0
9308321,0,0,0,0,0,0,0
111274,0,0,0,0,0,0,0
205304,0,0,0,0,0,0,0
106103,0,0,0,0,0,0,0
9503257,0,0,0,0,0,0,0
111181,0,0,0,0,0,0,0
9911401,0,0,0,0,0,0,0
205250,0,0,0,0,0,0,0
204057,0,0,0,0,0,0,0
9611377,0,0,0,0,0,0,0
9805504,1,1,0,0,0,1,5
10313,0,0,0,0,0,0,0
111280,0,0,0,0,0,0,0
9907304,0,0,0,0,0,0,0
9703461,0,0,0,0,0,0,0
9912400,1,1,0,0,1,0,0
210236,2,2,0,0,0,2,65
211235,0,0,0,0,0,0,0
4080,2,2,0,0,2,0,0
9410211,1,1,0,0,1,0,0
11120,0,0,0,0,0,0,0
101011,2,1,1,1,2,0,0
12064,0,0,0,0,0,0,0
110183,0,0,0,0,0,0,0
105169,0,0,0,0,0,0,0
9510374,0,0,0,0,0,0,0
1276,0,0,0,0,0,0,0
211397,0,0,0,0,0,0,0
212358,0,0,0,0,0,0,0
9808222,1,1,0,0,0,1,3
9401201,0,0,0,0,0,0,0
101096,0,0,0,0,0,0,0
205095,0,0,0,0,0,0,0
104305,0,0,0,0,0,0,0
111275,2,1,1,1,0,2,3
111354,0,0,0,0,0,0,0
9803461,0,0,0,0,0,0,0
10036,1,1,0,0,1,0,0
9068,0,0,0,0,0,0,0
9905492,1,1,0,0,0,1,6
9906474,0,0,0,0,0,0,0
106331,0,0,0,0,0,0,0
9902465,0,0,0,0,0,0,0
9901284,0,0,0,0,0,0,0
9810469,0,0,0,0,0,0,0
9805453,3,1,2,2,3,0,0
105303,0,0,0,0,0,0,0
103310,0,0,0,0,0,0,0
2159,0,0,0,0,0,0,0
205155,0,0,0,0,0,0,0
204125,1,1,0,0,0,1,4
9812356,1,1,0,0,1,0,0
9909227,0,0,0,0,0,0,0
9911356,0,0,0,0,0,0,0
9605338,0,0,0,0,0,0,0
9408355,1,1,0,0,1,0,0
210298,1,1,0,0,0,1,3
9301245,1,1,0,0,1,0,0
9801404,0,0,0,0,0,0,0
9505237,0,0,0,0,0,0,0
106273,0,0,0,0,0,0,0
6033,0,0,0,0,0,0,0
108156,1,1,0,0,1,0,0
108154,0,0,0,0,0,0,0
106020,0,0,0,0,0,0,0
211242,0,0,0,0,0,0,0
211010,0,0,0,0,0,0,0
203157,1,1,0,0,1,0,0
108183,0,0,0,0,0,0,0
9604409,0,0,0,0,0,0,0
6356,0,0,0,0,0,0,0
9411400,1,1,0,0,1,0,0
9905429,4,3,1,1,4,0,0
101015,2,2,0,0,2,0,0
6111,0,0,0,0,0,0,0
110352,0,0,0,0,0,0,0
209344,0,0,0,0,0,0,0
201163,0,0,0,0,0,0,0
302020,0,0,0,0,0,0,0
207068,0,0,0,0,0,0,0
9901227,0,0,0,0,0,0,0
9708293,0,0,0,0,0,0,0
9810256,0,0,0,0,0,0,0
9609223,0,0,0,0,0,0,0
211193,0,0,0,0,0,0,0
201241,0,0,0,0,0,0,0
9610216,0,0,0,0,0,0,0
302052,0,0,0,0,0,0,0
9701383,0,0,0,0,0,0,0
103006,0,0,0,0,0,0,0
9801247,0,0,0,0,0,0,0
301096,0,0,0,0,0,0,0
9805426,0,0,0,0,0,0,0
9705352,0,0,0,0,0,0,0
103220,0,0,0,0,0,0,0
9412303,1,1,0,0,1,0,0
210151,1,1,0,0,0,1,2
112105,1,1,0,0,0,1,9
9805237,0,0,0,0,0,0,0
102325,1,1,0,0,1,0,0
1099,0,0,0,0,0,0,0
9801434,0,0,0,0,0,0,0
301013,0,0,0,0,0,0,0
9610442,0,0,0,0,0,0,0
2296,0,0,0,0,0,0,0
102155,0,0,0,0,0,0,0
9711497,0,0,0,0,0,0,0
9508235,1,1,0,0,1,0,0
9807455,0,0,0,0,0,0,0
9502328,0,0,0,0,0,0,0
8194,0,0,0,0,0,0,0
9504298,0,0,0,0,0,0,0
9505382,0,0,0,0,0,0,0
209132,0,0,0,0,0,0,0
201037,0,0,0,0,0,0,0
9712528,0,0,0,0,0,0,0
210144,0,0,0,0,0,0,0
9612295,0,0,0,0,0,0,0
2281,0,0,0,0,0,0,0
211410,0,0,0,0,0,0,0
9608238,0,0,0,0,0,0,0
302066,0,0,0,0,0,0,0
211003,0,0,0,0,0,0,0
9807285,0,0,0,0,0,0,0
201238,0,0,0,0,0,0,0
9809575,1,1,0,0,1,0,0
9211227,1,1,0,0,1,0,0
9908348,1,1,0,0,0,1,1
9501239,0,0,0,0,0,0,0
112348,0,0,0,0,0,0,0
9502265,0,0,0,0,0,0,0
101060,0,0,0,0,0,0,0
9605293,1,1,0,0,1,0,0
211254,0,0,0,0,0,0,0
9607231,0,0,0,0,0,0,0
9308353,1,1,0,0,1,0,0
210176,0,0,0,0,0,0,0
9807533,0,0,0,0,0,0,0
9907529,1,1,0,0,1,0,0
210020,0,0,0,0,0,0,0
11288,0,0,0,0,0,0,0
9508385,0,0,0,0,0,0,0
302214,0,0,0,0,0,0,0
9809241,0,0,0,0,0,0,0
9611297,11,1,10,17,2,9,15
103211,10,1,9,18,0,10,90
9907335,24,1,23,122,0,24,173
9502376,12,1,11,34,1,11,28
9906208,2,1,1,1,2,0,0
9903289,5,2,3,4,0,5,8
11078,1,1,0,0,1,0,0
9904295,2,1,1,1,0,2,8
9311350,5,1,4,6,5,0,0
9504413,17,1,16,73,1,16,29
9501201,13,1,12,36,0,13,43
9406372,13,5,8,17,6,7,7
9904210,17,1,16,48,0,17,321
9806272,27,2,25,147,0,27,105
9809415,35,1,34,220,0,35,184
9809368,7,1,6,13,0,7,110
9810491,17,2,15,70,0,17,159
9407247,54,3,51,603,54,0,0
9806376,0,0,0,0,0,0,0
9610517,6,1,5,6,0,6,13
9606342,21,1,20,93,0,21,38
9705270,6,1,5,8,0,6,31
9308272,25,2,23,133,25,0,0
109259,0,0,0,0,0,0,0
9404282,46,1,45,417,46,0,0
9601367,57,1,56,710,1,56,111
9710217,11,1,10,28,0,11,150
9503277,3,1,2,3,3,0,0
10181,5,3,2,4,0,5,132
9707482,17,3,14,67,0,17,190
9807430,6,1,5,8,0,6,6
6301,0,0,0,0,0,0,0
9804456,3,1,2,3,3,0,0
9802394,15,3,12,36,0,15,84
9605235,45,1,44,434,1,44,330
9603388,11,1,10,38,1,10,10
9601392,8,2,6,17,8,0,0
9310276,15,5,10,45,9,6,6
9707264,21,2,19,106,1,20,38
9401266,19,4,15,60,19,0,0
9703348,9,1,8,15,0,9,20
9309234,7,4,3,10,1,6,6
9404235,2,1,1,1,2,0,0
9804227,31,1,30,211,0,31,58
9803363,25,1,24,137,0,25,141
9403313,6,1,5,11,6,0,0
9411375,4,1,3,4,0,4,9
12087,8,1,7,11,4,4,4
9704255,29,5,24,172,0,29,107
9609481,31,1,30,255,13,18,18
9902327,30,1,29,173,0,30,148
9708412,7,1,6,10,1,6,6
9811520,6,1,5,10,1,5,35
9901229,20,2,18,64,0,20,124
5228,19,2,17,65,0,19,149
9912531,34,2,32,198,0,34,219
106110,3,2,1,1,0,3,18
112206,8,1,7,20,1,7,13
210415,5,1,4,8,0,5,32
9211216,9,2,7,25,9,0,0
9801353,11,1,10,35,0,11,35
9807348,12,1,11,39,0,12,36
9603324,6,1,5,13,0,6,25
9211332,3,3,0,0,3,0,0
9307347,28,5,23,165,28,0,0
9712271,12,2,10,37,4,8,31
9908450,3,3,0,0,3,0,0
9810471,9,2,7,25,9,0,0
9411239,18,1,17,63,18,0,0
9501390,4,1,3,5,0,4,12
9701222,13,1,12,40,13,0,0
9408284,7,1,6,13,7,0,0
9907447,31,1,30,220,31,0,0
9803453,14,5,9,15,0,14,49
9404283,36,4,32,239,11,25,40
9911272,1,1,0,0,0,1,10
9910231,18,1,17,59,0,18,45
9902238,7,1,6,17,0,7,88
111064,6,4,2,2,0,6,71
9355,8,1,7,19,0,8,31
103048,35,1,34,208,0,35,353
9906206,39,3,36,294,0,39,259
8019,10,2,8,28,0,10,98
9505326,19,5,14,56,0,19,116
9909456,12,1,11,34,12,0,0
9611450,14,2,12,37,1,13,23
9811382,12,1,11,37,0,12,28
9802204,9,2,7,16,0,9,30
9306337,13,2,11,44,13,0,0
2199,36,2,34,203,0,36,128
9511357,6,2,4,11,0,6,6
110409,2,2,0,0,0,2,12
101304,30,2,28,172,0,30,422
202271,5,3,2,3,0,5,90
109287,37,2,35,330,0,37,198
201232,15,1,14,54,0,15,202
9301239,4,2,2,4,3,1,1
9904380,24,4,20,154,0,24,473
9902381,6,2,4,8,1,5,5
9909325,13,1,12,48,0,13,58
9801365,10,1,9,19,0,10,16
9405239,20,3,17,74,6,14,25
9806392,4,1,3,3,0,4,12
9306209,18,4,14,51,1,17,22
11360,1,1,0,0,0,1,6
9409377,2,1,1,1,0,2,2
2104,1,1,0,0,1,0,0
9705477,15,2,13,27,3,12,12
9303205,39,4,35,368,39,0,0
9707223,9,2,7,14,0,9,128
9804251,2,1,1,1,2,0,0
9304310,4,1,3,3,0,4,12
9407268,11,1,10,35,5,6,6
9602268,1,1,0,0,0,1,1
8029,3,2,1,1,0,3,14
9905300,0,0,0,0,0,0,0
9612468,13,1,12,44,13,0,0
9407227,5,3,2,2,1,4,4
9809410,4,1,3,5,4,0,0
9604441,22,2,20,118,2,20,26
110277,3,2,1,1,0,3,21
6096,9,3,6,14,0,9,80
9212210,10,3,7,19,2,8,8
9812404,2,1,1,1,1,1,2
1287,7,2,5,9,0,7,77
9703343,11,3,8,26,0,11,36
9410302,8,1,7,12,4,4,4
9603350,5,2,3,3,1,4,6
9706410,22,1,21,113,0,22,146
9709376,7,2,5,9,0,7,89
9706534,17,4,13,65,0,17,56
9702223,2,2,0,0,0,2,20
9709406,3,2,1,1,0,3,10
9907487,6,1,5,8,0,6,7
9704319,8,1,7,11,0,8,19
9705414,16,3,13,41,0,16,315
9512345,3,2,1,1,0,3,6
9301259,27,2,25,186,27,0,0
9702243,9,1,8,20,0,9,14
9906539,12,2,10,25,0,12,38
9910508,6,2,4,9,0,6,20
3139,3,2,1,1,0,3,18
9506276,2,1,1,1,0,2,12
9409380,16,2,14,66,16,0,0
9802315,9,1,8,16,1,8,8
5220,4,2,2,3,1,3,3
9910481,12,1,11,40,0,12,85
9601386,0,0,0,0,0,0,0
9603212,20,3,17,71,3,17,34
9907211,7,1,6,12,1,6,16
9605277,4,2,2,3,1,3,3
9910348,5,3,2,3,0,5,35
9805360,10,1,9,31,5,5,5
9910489,3,1,2,2,2,1,2
6025,2,1,1,1,0,2,4
9602351,25,2,23,146,1,24,71
9708481,15,1,14,51,15,0,0
9908415,9,3,6,18,0,9,38
9607319,12,1,11,36,0,12,37
104024,4,1,3,5,4,0,0
9503217,6,3,3,4,1,5,5
6250,21,1,20,101,0,21,34
9812481,1,1,0,0,1,0,0
9910341,8,1,7,15,0,8,11
9712277,12,2,10,22,0,12,108
6016,2,1,1,1,0,2,5
105253,9,3,6,21,0,9,86
9512419,5,4,1,1,0,5,46
10233,1,1,0,0,0,1,1
202031,3,1,2,2,0,3,16
9612493,4,1,3,4,0,4,4
9801407,1,1,0,0,0,1,3
9812476,8,5,3,5,2,6,13
9504326,25,1,24,124,0,25,110
9610357,6,3,3,4,0,6,68
9306230,12,2,10,32,12,0,0
9507306,3,2,1,1,0,3,3
9710244,3,2,1,1,3,0,0
9805461,16,1,15,54,0,16,74
9802448,0,0,0,0,0,0,0
9610224,8,2,6,9,0,8,87
9503334,12,1,11,27,0,12,12
9801350,19,1,18,100,0,19,175
9702242,3,1,2,2,3,0,0
104134,5,1,4,7,0,5,28
9912435,15,4,11,47,2,13,28
9807529,9,2,7,10,9,0,0
9706316,13,2,11,38,1,12,21
9406208,3,1,2,3,3,0,0
9904206,16,1,15,55,1,15,29
111020,2,2,0,0,0,2,3
9212308,15,1,14,53,15,0,0
108193,8,1,7,22,0,8,40
9610502,0,0,0,0,0,0,0
9605456,27,2,25,186,3,24,48
108102,13,2,11,48,0,13,90
9809538,4,2,2,2,0,4,12
108079,0,0,0,0,0,0,0
9511337,13,2,11,41,13,0,0
9711229,15,2,13,59,0,15,37
9406213,4,1,3,6,4,0,0
110246,1,1,0,0,0,1,11
9710341,3,2,1,1,0,3,15
9603267,7,1,6,13,3,4,4
9903257,2,2,0,0,0,2,19
9709266,1,1,0,0,0,1,1
9708427,8,1,7,22,4,4,4
9801294,5,1,4,4,0,5,22
107101,9,1,8,12,1,8,13
9606287,7,2,5,7,2,5,5
9310324,12,2,10,31,12,0,0
9502233,1,1,0,0,1,0,0
9907420,9,1,8,17,0,9,28
105207,5,2,3,3,0,5,18
101307,15,2,13,44,0,15,33
112060,6,2,4,10,1,5,24
9901433,6,1,5,10,1,5,5
107201,5,1,4,5,0,5,22
9907360,9,1,8,17,0,9,34
101350,2,1,1,1,0,2,17
9905340,5,1,4,9,5,0,0
10245,1,1,0,0,0,1,1
2245,0,0,0,0,0,0,0
207003,8,1,7,17,0,8,112
9804284,11,2,9,24,0,11,102
9805390,11,3,8,20,1,10,18
9303273,14,2,12,26,1,13,13
9807434,2,1,1,1,1,1,1
101070,15,2,13,45,0,15,75
106230,6,3,3,3,1,5,9
9712518,1,1,0,0,1,0,0
9611440,0,0,0,0,0,0,0
9903274,3,1,2,3,0,3,98
9808375,4,1,3,5,0,4,25
9608330,3,2,1,1,0,3,9
9905281,12,1,11,33,2,10,10
209187,4,2,2,2,0,4,36
9608274,3,3,0,0,1,2,2
9602369,1,1,0,0,0,1,5
9602345,2,1,1,1,0,2,4
9705267,2,1,1,1,0,2,4
10332,0,0,0,0,0,0,0
203254,5,2,3,4,0,5,105
104127,14,4,10,31,0,14,125
9512374,3,3,0,0,0,3,11
9803334,4,1,3,3,0,4,4
211008,0,0,0,0,0,0,0
9809363,19,2,17,85,0,19,120
9804431,2,1,1,1,0,2,8
9411392,9,2,7,20,0,9,70
9705222,5,3,2,2,0,5,27
9609469,9,4,5,10,0,9,24
9904282,6,1,5,13,0,6,41
9709301,2,1,1,1,0,2,8
9709214,12,2,10,33,6,6,8
9911429,1,1,0,0,0,1,4
9908463,1,1,0,0,0,1,1
9801388,5,2,3,4,0,5,65
6241,6,1,5,10,0,6,15
9611359,11,1,10,18,11,0,0
9707348,0,0,0,0,0,0,0
9608384,5,1,4,9,2,3,5
9410213,7,1,6,10,0,7,47
9710413,9,5,4,14,0,9,37
9810259,3,2,1,1,0,3,7
9504250,9,1,8,26,1,8,13
9411422,4,3,1,1,0,4,4
9507292,0,0,0,0,0,0,0
9906418,2,2,0,0,2,0,0
9808350,0,0,0,0,0,0,0
9402250,4,1,3,6,4,0,0
9306301,4,2,2,2,4,0,0
9908224,6,1,5,14,0,6,8
9911315,14,1,13,46,0,14,55
9503489,7,1,6,16,7,0,0
9407204,5,1,4,8,5,0,0
9711382,1,1,0,0,0,1,1
106214,1,1,0,0,0,1,1
9711473,0,0,0,0,0,0,0
9401249,12,3,9,23,1,11,15
9811280,4,3,1,2,0,4,18
9803261,8,3,5,14,0,8,8
211358,0,0,0,0,0,0,0
9509239,16,1,15,53,4,12,16
9706480,2,1,1,1,2,0,0
12137,9,1,8,19,0,9,18
9712354,2,1,1,1,2,0,0
9211311,11,3,8,24,11,0,0
9704339,17,2,15,59,0,17,115
101018,3,3,0,0,3,0,0
302232,0,0,0,0,0,0,0
10267,10,2,8,30,0,10,140
9803428,7,4,3,3,0,7,23
9507420,6,1,5,11,6,0,0
9708210,2,2,0,0,2,0,0
9510410,13,1,12,37,13,0,0
9506386,4,3,1,1,1,3,3
9712445,5,1,4,7,5,0,0
9910342,6,3,3,7,0,6,19
110072,3,2,1,1,0,3,23
9809270,0,0,0,0,0,0,0
9911426,0,0,0,0,0,0,0
9805396,3,2,1,1,1,2,2
9702386,1,1,0,0,1,0,0
103192,3,2,1,1,0,3,34
9706488,0,0,0,0,0,0,0
9805416,7,1,6,9,7,0,0
9805500,7,3,4,8,0,7,36
9310252,7,1,6,18,7,0,0
9903528,0,0,0,0,0,0,0
9304202,4,1,3,5,4,0,0
9611304,2,2,0,0,0,2,8
105066,2,2,0,0,0,2,11
9602235,8,1,7,18,8,0,0
9910334,6,1,5,9,0,6,10
9806265,1,1,0,0,1,0,0
9409340,2,2,0,0,1,1,3
111318,2,1,1,1,0,2,31
9804238,1,1,0,0,1,0,0
9904376,7,5,2,2,7,0,0
9601289,4,1,3,5,1,3,6
105067,3,1,2,3,0,3,3
9503424,2,1,1,1,2,0,0
110393,6,2,4,13,1,5,8
9901239,10,2,8,25,0,10,83
9808258,4,1,3,3,0,4,17
9912388,11,2,9,28,0,11,90
112354,2,1,1,1,0,2,6
9810443,2,1,1,1,0,2,18
9702253,2,1,1,1,2,0,0
9303259,9,1,8,23,9,0,0
9303225,5,3,2,2,0,5,5
9307251,0,0,0,0,0,0,0
9608476,1,1,0,0,1,0,0
9701410,2,2,0,0,1,1,1
9904434,4,1,3,4,1,3,5
9905437,4,3,1,1,0,4,29
9412228,1,1,0,0,0,1,3
9806402,10,2,8,20,1,9,9
10178,13,1,12,47,13,0,0
8277,0,0,0,0,0,0,0
7186,3,3,0,0,3,0,0
9601216,6,2,4,12,0,6,6
9708285,0,0,0,0,0,0,0
103184,4,1,3,3,0,4,14
9608434,10,1,9,31,6,4,4
110161,2,1,1,1,0,2,18
9604267,10,1,9,19,4,6,6
9503256,0,0,0,0,0,0,0
9512389,2,2,0,0,2,0,0
9606201,3,1,2,2,3,0,0
9809234,1,1,0,0,0,1,12
4015,2,1,1,1,0,2,2
9403366,5,3,2,5,5,0,0
9901231,2,1,1,1,0,2,2
9710531,5,1,4,6,5,0,0
109095,8,2,6,11,4,4,4
9603384,4,2,2,4,4,0,0
9704229,3,3,0,0,0,3,10
9906378,2,1,1,1,0,2,15
107318,1,1,0,0,1,0,0
9710272,4,1,3,3,0,4,6
9503210,5,2,3,6,5,0,0
9209224,2,1,1,1,2,0,0
111324,6,2,4,7,0,6,38
9707234,1,1,0,0,0,1,2
9712330,2,1,1,1,0,2,26
9602285,2,1,1,1,2,0,0
9502359,8,2,6,23,3,5,5
8003,1,1,0,0,0,1,3
9903247,1,1,0,0,1,0,0
9604281,5,1,4,6,0,5,10
9911485,2,2,0,0,0,2,2
9812261,7,3,4,6,0,7,53
9605425,0,0,0,0,0,0,0
302128,0,0,0,0,0,0,0
104263,2,1,1,1,0,2,19
9809290,4,2,2,4,0,4,31
207254,0,0,0,0,0,0,0
109254,0,0,0,0,0,0,0
9612231,4,2,2,3,0,4,32
9804281,8,4,4,9,1,7,15
6328,4,1,3,4,0,4,4
9602436,5,2,3,5,0,5,45
9703320,5,2,3,7,0,5,32
9801341,3,2,1,1,0,3,18
9704323,5,2,3,5,0,5,39
9512217,2,1,1,1,2,0,0
9510383,0,0,0,0,0,0,0
9505431,2,2,0,0,0,2,2
9909394,1,1,0,0,1,0,0
9808201,1,1,0,0,0,1,1
107248,2,1,1,1,0,2,3
9807384,4,1,3,3,1,3,9
9701249,3,2,1,1,3,0,0
207211,1,1,0,0,0,1,1
9205245,3,3,0,0,3,0,0
9304249,6,2,4,10,6,0,0
9204234,7,2,5,11,7,0,0
9604395,3,2,1,1,1,2,2
9605239,1,1,0,0,0,1,1
105146,3,3,0,0,0,3,16
9705450,1,1,0,0,0,1,1
9911221,1,1,0,0,0,1,6
9911386,0,0,0,0,0,0,0
12084,0,0,0,0,0,0,0
9701314,2,1,1,1,2,0,0
9612479,2,1,1,1,2,0,0
9608293,1,1,0,0,0,1,1
7297,2,2,0,0,2,0,0
9405235,0,0,0,0,0,0,0
9612357,11,3,8,33,11,0,0
9903497,0,0,0,0,0,0,0
7091,11,2,9,34,0,11,75
210323,2,2,0,0,0,2,40
9609495,4,2,2,3,0,4,6
9601347,2,2,0,0,2,0,0
9904320,2,1,1,1,2,0,0
9901415,8,1,7,14,8,0,0
9411439,2,1,1,1,0,2,3
9803239,3,2,1,1,0,3,13
9710337,5,3,2,3,5,0,0
9403284,1,1,0,0,1,0,0
8269,0,0,0,0,0,0,0
1180,0,0,0,0,0,0,0
9212265,3,1,2,3,3,0,0
9505288,2,2,0,0,2,0,0
9612285,5,4,1,1,0,5,10
205185,2,2,0,0,0,2,13
9511435,1,1,0,0,1,0,0
7340,4,2,2,2,0,4,26
9211211,8,2,6,12,8,0,0
9905450,3,1,2,2,0,3,23
9905391,4,2,2,2,0,4,10
9605350,1,1,0,0,1,0,0
9906504,2,1,1,1,2,0,0
110374,4,1,3,5,4,0,0
9507266,1,1,0,0,1,0,0
207171,0,0,0,0,0,0,0
9905428,0,0,0,0,0,0,0
9908423,3,2,1,1,0,3,13
9806427,0,0,0,0,0,0,0
1119,7,2,5,13,0,7,40
9608311,1,1,0,0,0,1,1
9404292,1,1,0,0,1,0,0
9712427,0,0,0,0,0,0,0
9708431,5,4,1,2,0,5,5
9403209,4,2,2,3,4,0,0
9611265,2,1,1,1,2,0,0
9408211,3,3,0,0,3,0,0
106034,5,3,2,3,0,5,31
3044,1,1,0,0,1,0,0
9103,0,0,0,0,0,0,0
9907226,1,1,0,0,0,1,5
9610468,0,0,0,0,0,0,0
9503468,0,0,0,0,0,0,0
9811270,8,1,7,17,8,0,0
9611398,10,2,8,20,0,10,28
104063,0,0,0,0,0,0,0
208024,0,0,0,0,0,0,0
112104,6,2,4,5,0,6,20
9301285,3,3,0,0,3,0,0
9410223,2,2,0,0,2,0,0
202154,2,1,1,1,0,2,23
7316,1,1,0,0,0,1,1
6027,1,1,0,0,0,1,8
9903444,3,2,1,1,0,3,3
9801329,9,2,7,23,0,9,41
9170,5,2,3,3,0,5,8
9902276,3,2,1,1,1,2,4
9812526,6,3,3,5,0,6,11
9907334,1,1,0,0,0,1,1
111176,6,2,4,7,0,6,20
207052,3,1,2,3,0,3,20
9811262,1,1,0,0,0,1,1
203126,3,1,2,3,0,3,37
9608223,11,1,10,36,0,11,16
9901204,0,0,0,0,0,0,0
9405416,7,3,4,9,7,0,0
9602406,1,1,0,0,0,1,1
9607207,4,4,0,0,0,4,12
9501355,1,1,0,0,0,1,3
107294,3,2,1,1,1,2,2
9609380,1,1,0,0,0,1,2
9909381,2,1,1,1,2,0,0
9705209,1,1,0,0,0,1,1
9509412,0,0,0,0,0,0,0
108186,1,1,0,0,0,1,2
9709275,1,1,0,0,0,1,3
9611315,5,2,3,4,5,0,0
9505339,4,1,3,5,1,3,3
9610326,4,3,1,1,4,0,0
103133,4,1,3,4,2,2,2
101053,3,1,2,3,0,3,6
9609311,5,2,3,3,0,5,17
9602379,0,0,0,0,0,0,0
101237,0,0,0,0,0,0,0
9601248,5,4,1,1,0,5,6
209340,0,0,0,0,0,0,0
9903204,6,3,3,7,0,6,8
9905572,2,1,1,1,0,2,8
9906416,0,0,0,0,0,0,0
9809399,1,1,0,0,0,1,3
9510305,1,1,0,0,0,1,1
9402282,4,1,3,4,2,2,2
9807317,0,0,0,0,0,0,0
9906421,3,2,1,1,0,3,11
9911482,5,1,4,7,0,5,19
9812385,2,1,1,1,0,2,4
9611313,3,1,2,2,3,0,0
9706218,2,1,1,1,0,2,8
9605237,6,1,5,12,1,5,5
107083,0,0,0,0,0,0,0
5270,3,2,1,1,0,3,15
9409239,1,1,0,0,1,0,0
210314,3,3,0,0,0,3,28
9906276,4,2,2,3,0,4,4
9306255,2,2,0,0,2,0,0
9407312,2,1,1,1,0,2,2
9706250,1,1,0,0,0,1,2
9905205,4,1,3,5,4,0,0
1237,1,1,0,0,1,0,0
107116,2,1,1,1,0,2,20
9607304,0,0,0,0,0,0,0
9709413,1,1,0,0,0,1,2
9312238,1,1,0,0,0,1,1
9707513,4,2,2,2,0,4,9
9401202,11,1,10,30,11,0,0
9508279,5,1,4,7,1,4,4
9607278,5,2,3,8,5,0,0
9402248,3,1,2,3,3,0,0
9907259,1,1,0,0,0,1,5
9907351,1,1,0,0,0,1,1
9807337,0,0,0,0,0,0,0
9146,3,1,2,2,0,3,27
9711249,2,1,1,1,2,0,0
9312217,2,1,1,1,2,0,0
203214,5,1,4,9,0,5,64
204090,1,1,0,0,0,1,1
9809592,0,0,0,0,0,0,0
9812528,0,0,0,0,0,0,0
9809598,1,1,0,0,0,1,4
9906526,3,1,2,2,2,1,1
9502334,10,2,8,13,10,0,0
9709493,2,1,1,1,2,0,0
9907371,2,2,0,0,0,2,13
9903372,2,1,1,1,0,2,18
9509416,4,1,3,5,0,4,4
105218,0,0,0,0,0,0,0
9911536,0,0,0,0,0,0,0
107288,2,2,0,0,2,0,0
9802259,0,0,0,0,0,0,0
9812418,9,1,8,17,9,0,0
8195,6,1,5,9,0,6,6
111002,0,0,0,0,0,0,0
12115,5,3,2,2,0,5,30
9308355,3,2,1,1,3,0,0
204186,0,0,0,0,0,0,0
9901354,3,2,1,1,0,3,30
9308366,2,1,1,1,2,0,0
9212316,1,1,0,0,1,0,0
9505423,1,1,0,0,1,0,0
105091,0,0,0,0,0,0,0
12356,0,0,0,0,0,0,0
9506433,2,2,0,0,0,2,2
9712233,2,1,1,1,0,2,2
9803487,1,1,0,0,0,1,1
9610273,0,0,0,0,0,0,0
101041,1,1,0,0,0,1,1
2239,1,1,0,0,0,1,3
9708287,2,1,1,1,2,0,0
101145,0,0,0,0,0,0,0
5251,1,1,0,0,0,1,1
9303254,1,1,0,0,1,0,0
9405417,0,0,0,0,0,0,0
9601227,0,0,0,0,0,0,0
9209206,1,1,0,0,1,0,0
9812352,2,2,0,0,0,2,3
206249,0,0,0,0,0,0,0
9307232,3,2,1,2,3,0,0
9910251,5,3,2,5,3,2,2
302017,0,0,0,0,0,0,0
9503305,1,1,0,0,1,0,0
9263,1,1,0,0,1,0,0
9907316,2,2,0,0,0,2,12
9707213,2,1,1,1,2,0,0
9711459,0,0,0,0,0,0,0
205177,1,1,0,0,0,1,6
9407265,0,0,0,0,0,0,0
9802442,8,2,6,12,0,8,16
104070,0,0,0,0,0,0,0
9512370,6,2,4,7,1,5,5
9609376,0,0,0,0,0,0,0
4199,0,0,0,0,0,0,0
9507435,0,0,0,0,0,0,0
9806295,0,0,0,0,0,0,0
9406222,3,2,1,1,3,0,0
9410372,3,3,0,0,3,0,0
302006,0,0,0,0,0,0,0
203136,1,1,0,0,0,1,1
208249,1,1,0,0,0,1,1
9907217,0,0,0,0,0,0,0
9805441,1,1,0,0,0,1,6
9503311,3,2,1,1,1,2,4
9610417,1,1,0,0,1,0,0
9809439,3,2,1,1,0,3,4
9902422,0,0,0,0,0,0,0
9902316,1,1,0,0,0,1,11
2176,0,0,0,0,0,0,0
9705405,4,2,2,3,4,0,0
302203,0,0,0,0,0,0,0
9211314,3,2,1,1,3,0,0
9510438,3,3,0,0,3,0,0
9503230,0,0,0,0,0,0,0
104053,3,3,0,0,0,3,11
9807419,0,0,0,0,0,0,0
9907370,4,1,3,5,0,4,16
9708298,0,0,0,0,0,0,0
9510236,1,1,0,0,1,0,0
9703384,2,2,0,0,1,1,1
9510423,1,1,0,0,1,0,0
9811359,0,0,0,0,0,0,0
9707356,1,1,0,0,0,1,1
9206261,1,1,0,0,1,0,0
9711205,0,0,0,0,0,0,0
206247,0,0,0,0,0,0,0
9806395,1,1,0,0,1,0,0
9906447,1,1,0,0,1,0,0
9405344,2,1,1,1,2,0,0
9712243,0,0,0,0,0,0,0
9306231,3,1,2,3,3,0,0
9901313,0,0,0,0,0,0,0
9503488,2,2,0,0,0,2,14
9802397,4,1,3,6,1,3,3
9901242,5,2,3,4,1,4,4
12227,2,1,1,1,0,2,14
9911389,1,1,0,0,0,1,6
110066,1,1,0,0,1,0,0
9912219,0,0,0,0,0,0,0
204075,0,0,0,0,0,0,0
9807428,2,2,0,0,2,0,0
9609322,1,1,0,0,0,1,3
9512391,0,0,0,0,0,0,0
9910201,2,2,0,0,2,0,0
9805388,0,0,0,0,0,0,0
201068,0,0,0,0,0,0,0
210037,3,1,2,3,0,3,44
9804348,8,2,6,11,4,4,14
9408217,7,2,5,12,7,0,0
9703203,0,0,0,0,0,0,0
9902317,0,0,0,0,0,0,0
302131,4,1,3,4,3,1,1
9601214,0,0,0,0,0,0,0
105163,1,1,0,0,0,1,2
6325,0,0,0,0,0,0,0
1156,0,0,0,0,0,0,0
9411312,2,2,0,0,2,0,0
9703245,3,2,1,1,3,0,0
9905383,2,1,1,1,2,0,0
9403373,2,2,0,0,2,0,0
9508363,0,0,0,0,0,0,0
9811401,1,1,0,0,0,1,2
9142,0,0,0,0,0,0,0
203045,0,0,0,0,0,0,0
9903380,1,1,0,0,1,0,0
211390,1,1,0,0,0,1,4
5267,1,1,0,0,0,1,3
211333,0,0,0,0,0,0,0
106038,3,1,2,2,1,2,3
201023,1,1,0,0,0,1,2
210024,0,0,0,0,0,0,0
9203206,4,4,0,0,4,0,0
210205,5,4,1,1,0,5,66
9708280,2,2,0,0,2,0,0
103089,1,1,0,0,0,1,4
9607380,0,0,0,0,0,0,0
7058,0,0,0,0,0,0,0
9906347,2,2,0,0,0,2,7
9708265,2,1,1,1,2,0,0
208188,1,1,0,0,0,1,11
9906410,2,1,1,1,0,2,3
101248,0,0,0,0,0,0,0
2207,0,0,0,0,0,0,0
9806229,1,1,0,0,0,1,8
9409256,1,1,0,0,1,0,0
211068,0,0,0,0,0,0,0
9611334,1,1,0,0,1,0,0
1271,2,1,1,1,0,2,2
205063,0,0,0,0,0,0,0
201227,1,1,0,0,0,1,2
9904312,1,1,0,0,0,1,1
7261,0,0,0,0,0,0,0
105233,4,2,2,2,0,4,54
9506218,0,0,0,0,0,0,0
107041,0,0,0,0,0,0,0
9407223,3,2,1,1,3,0,0
9605285,2,2,0,0,2,0,0
9306324,2,2,0,0,2,0,0
9803340,1,1,0,0,1,0,0
9705408,6,1,5,11,6,0,0
104043,0,0,0,0,0,0,0
9708361,2,2,0,0,2,0,0
9605353,0,0,0,0,0,0,0
210002,0,0,0,0,0,0,0
9705309,0,0,0,0,0,0,0
112157,0,0,0,0,0,0,0
3316,0,0,0,0,0,0,0
9808348,1,1,0,0,0,1,2
111308,2,1,1,1,0,2,4
102135,0,0,0,0,0,0,0
9912475,1,1,0,0,1,0,0
11229,4,1,3,4,4,0,0
9512262,2,2,0,0,2,0,0
11017,0,0,0,0,0,0,0
9301275,2,1,1,1,2,0,0
211182,0,0,0,0,0,0,0
9806470,1,1,0,0,0,1,1
9709311,0,0,0,0,0,0,0
9508299,1,1,0,0,0,1,2
9603252,2,1,1,1,0,2,2
9809277,2,1,1,1,2,0,0
9809419,0,0,0,0,0,0,0
205124,0,0,0,0,0,0,0
9501396,1,1,0,0,1,0,0
9311368,4,2,2,3,4,0,0
9810366,0,0,0,0,0,0,0
9318,1,1,0,0,0,1,2
301092,1,1,0,0,0,1,9
9508251,1,1,0,0,1,0,0
5305,0,0,0,0,0,0,0
9302294,2,2,0,0,2,0,0
9512310,1,1,0,0,0,1,1
7122,2,1,1,1,2,0,0
9706465,0,0,0,0,0,0,0
9312252,2,2,0,0,2,0,0
2248,0,0,0,0,0,0,0
208005,1,1,0,0,0,1,1
9904369,0,0,0,0,0,0,0
9906444,1,1,0,0,1,0,0
9608295,0,0,0,0,0,0,0
211400,0,0,0,0,0,0,0
104215,0,0,0,0,0,0,0
103254,0,0,0,0,0,0,0
5254,0,0,0,0,0,0,0
9608403,0,0,0,0,0,0,0
9311354,0,0,0,0,0,0,0
9911295,4,1,3,6,0,4,16
202120,0,0,0,0,0,0,0
101195,0,0,0,0,0,0,0
205181,0,0,0,0,0,0,0
9903356,1,1,0,0,1,0,0
9903272,2,2,0,0,2,0,0
301237,0,0,0,0,0,0,0
8057,5,2,3,3,0,5,43
206049,0,0,0,0,0,0,0
9709260,0,0,0,0,0,0,0
207145,0,0,0,0,0,0,0
9503243,1,1,0,0,1,0,0
9305237,1,1,0,0,1,0,0
207086,1,1,0,0,0,1,4
9910515,1,1,0,0,0,1,3
9706374,0,0,0,0,0,0,0
9510250,1,1,0,0,0,1,2
112107,0,0,0,0,0,0,0
9905503,0,0,0,0,0,0,0
201305,1,1,0,0,0,1,3
301031,0,0,0,0,0,0,0
10159,1,1,0,0,0,1,3
9909257,2,2,0,0,0,2,2
9811443,1,1,0,0,0,1,10
111118,0,0,0,0,0,0,0
207119,0,0,0,0,0,0,0
9406225,0,0,0,0,0,0,0
11190,2,1,1,1,1,1,2
111322,3,1,2,3,0,3,8
104187,4,1,3,4,0,4,4
9903312,0,0,0,0,0,0,0
9910509,5,4,1,3,0,5,18
9910282,4,2,2,4,0,4,29
9802317,1,1,0,0,1,0,0
208237,2,1,1,1,0,2,9
5048,1,1,0,0,0,1,1
9907354,2,1,1,1,2,0,0
107237,0,0,0,0,0,0,0
9408375,3,3,0,0,3,0,0
206005,2,1,1,1,0,2,3
9405204,3,3,0,0,3,0,0
9508223,0,0,0,0,0,0,0
9404328,2,2,0,0,2,0,0
9905362,0,0,0,0,0,0,0
9903291,1,1,0,0,1,0,0
9308247,0,0,0,0,0,0,0
9309259,0,0,0,0,0,0,0
9811207,1,1,0,0,1,0,0
105085,2,1,1,1,1,1,1
9302321,1,1,0,0,1,0,0
9712454,1,1,0,0,0,1,4
9811415,1,1,0,0,0,1,3
9910440,0,0,0,0,0,0,0
208213,1,1,0,0,0,1,2
9511472,0,0,0,0,0,0,0
9810311,2,2,0,0,0,2,6
9804427,0,0,0,0,0,0,0
9906263,0,0,0,0,0,0,0
9709458,0,0,0,0,0,0,0
9710467,0,0,0,0,0,0,0
103247,0,0,0,0,0,0,0
9712489,0,0,0,0,0,0,0
9706204,0,0,0,0,0,0,0
110170,0,0,0,0,0,0,0
9501370,0,0,0,0,0,0,0
9911415,1,1,0,0,0,1,1
209371,0,0,0,0,0,0,0
9809221,0,0,0,0,0,0,0
201288,0,0,0,0,0,0,0
9909359,0,0,0,0,0,0,0
9703344,0,0,0,0,0,0,0
9901250,2,1,1,1,0,2,2
204310,1,1,0,0,1,0,0
210099,1,1,0,0,0,1,1
210335,0,0,0,0,0,0,0
208182,0,0,0,0,0,0,0
9508318,0,0,0,0,0,0,0
207091,0,0,0,0,0,0,0
9812359,0,0,0,0,0,0,0
8218,0,0,0,0,0,0,0
102030,1,1,0,0,1,0,0
12186,0,0,0,0,0,0,0
9912387,0,0,0,0,0,0,0
9602339,0,0,0,0,0,0,0
9407354,2,2,0,0,2,0,0
206164,0,0,0,0,0,0,0
8031,0,0,0,0,0,0,0
6320,0,0,0,0,0,0,0
9810428,2,2,0,0,1,1,2
206039,0,0,0,0,0,0,0
105118,0,0,0,0,0,0,0
12267,3,1,2,3,0,3,9
201062,0,0,0,0,0,0,0
106001,0,0,0,0,0,0,0
9206221,3,3,0,0,3,0,0
9712527,0,0,0,0,0,0,0
9912256,1,1,0,0,1,0,0
11199,0,0,0,0,0,0,0
205279,0,0,0,0,0,0,0
9506255,2,1,1,1,2,0,0
9906428,2,2,0,0,2,0,0
212060,0,0,0,0,0,0,0
212042,0,0,0,0,0,0,0
9810339,0,0,0,0,0,0,0
9608383,0,0,0,0,0,0,0
9712204,1,1,0,0,1,0,0
9607423,1,1,0,0,1,0,0
103209,0,0,0,0,0,0,0
9907459,0,0,0,0,0,0,0
108206,0,0,0,0,0,0,0
202116,1,1,0,0,1,0,0
9704332,1,1,0,0,1,0,0
9209207,3,3,0,0,3,0,0
9811468,0,0,0,0,0,0,0
301088,0,0,0,0,0,0,0
9903347,0,0,0,0,0,0,0
9405427,2,2,0,0,2,0,0
9074,1,1,0,0,0,1,3
9311291,0,0,0,0,0,0,0
9405408,0,0,0,0,0,0,0
9911229,0,0,0,0,0,0,0
9608485,0,0,0,0,0,0,0
9803423,1,1,0,0,0,1,5
112122,0,0,0,0,0,0,0
207041,0,0,0,0,0,0,0
9905342,1,1,0,0,0,1,2
9606304,0,0,0,0,0,0,0
111459,0,0,0,0,0,0,0
211324,0,0,0,0,0,0,0
107045,0,0,0,0,0,0,0
12027,0,0,0,0,0,0,0
9501207,1,1,0,0,1,0,0
203162,0,0,0,0,0,0,0
102161,1,1,0,0,0,1,1
106011,0,0,0,0,0,0,0
205182,0,0,0,0,0,0,0
10047,1,1,0,0,1,0,0
9407216,2,2,0,0,2,0,0
9901414,1,1,0,0,1,0,0
9810268,0,0,0,0,0,0,0
209044,1,1,0,0,0,1,2
301170,0,0,0,0,0,0,0
10285,0,0,0,0,0,0,0
301254,0,0,0,0,0,0,0
9605390,0,0,0,0,0,0,0
205140,0,0,0,0,0,0,0
112290,1,1,0,0,0,1,3
101193,1,1,0,0,1,0,0
9809236,0,0,0,0,0,0,0
209220,0,0,0,0,0,0,0
2124,0,0,0,0,0,0,0
3171,0,0,0,0,0,0,0
9503201,2,2,0,0,2,0,0
4168,0,0,0,0,0,0,0
208172,0,0,0,0,0,0,0
9611351,0,0,0,0,0,0,0
9807407,2,2,0,0,2,0,0
9806454,1,1,0,0,0,1,3
110336,0,0,0,0,0,0,0
103345,0,0,0,0,0,0,0
208229,0,0,0,0,0,0,0
9803404,0,0,0,0,0,0,0
9709237,0,0,0,0,0,0,0
203086,0,0,0,0,0,0,0
9906491,0,0,0,0,0,0,0
302042,0,0,0,0,0,0,0
9402343,0,0,0,0,0,0,0
9912440,0,0,0,0,0,0,0
302061,0,0,0,0,0,0,0
3175,1,1,0,0,1,0,0
9601268,3,3,0,0,3,0,0
211132,0,0,0,0,0,0,0
11278,1,1,0,0,1,0,0
9905430,0,0,0,0,0,0,0
202130,0,0,0,0,0,0,0
9508329,0,0,0,0,0,0,0
9609336,0,0,0,0,0,0,0
210255,0,0,0,0,0,0,0
9157,0,0,0,0,0,0,0
204295,1,1,0,0,1,0,0
9606276,0,0,0,0,0,0,0
9903430,0,0,0,0,0,0,0
210388,1,1,0,0,0,1,2
9910340,0,0,0,0,0,0,0
9912454,2,1,1,1,2,0,0
210279,0,0,0,0,0,0,0
3001,2,1,1,1,0,2,5
105074,0,0,0,0,0,0,0
112097,0,0,0,0,0,0,0
108087,1,1,0,0,1,0,0
209088,0,0,0,0,0,0,0
9802212,0,0,0,0,0,0,0
9402300,0,0,0,0,0,0,0
8137,0,0,0,0,0,0,0
9611356,0,0,0,0,0,0,0
11204,0,0,0,0,0,0,0
212206,1,1,0,0,0,1,4
102220,0,0,0,0,0,0,0
9603385,0,0,0,0,0,0,0
9604427,0,0,0,0,0,0,0
209211,0,0,0,0,0,0,0
9604322,0,0,0,0,0,0,0
9503302,0,0,0,0,0,0,0
10176,0,0,0,0,0,0,0
9404300,0,0,0,0,0,0,0
211392,0,0,0,0,0,0,0
210097,0,0,0,0,0,0,0
9705343,0,0,0,0,0,0,0
111266,0,0,0,0,0,0,0
205016,0,0,0,0,0,0,0
9604350,0,0,0,0,0,0,0
212155,0,0,0,0,0,0,0
302218,0,0,0,0,0,0,0
105339,0,0,0,0,0,0,0
107253,0,0,0,0,0,0,0
9810335,0,0,0,0,0,0,0
9504339,0,0,0,0,0,0,0
9701211,0,0,0,0,0,0,0
10013,0,0,0,0,0,0,0
211323,0,0,0,0,0,0,0
209110,0,0,0,0,0,0,0
12316,0,0,0,0,0,0,0
4174,0,0,0,0,0,0,0
201259,0,0,0,0,0,0,0
9304270,1,1,0,0,1,0,0
203221,0,0,0,0,0,0,0
111216,1,1,0,0,1,0,0
9507392,0,0,0,0,0,0,0
110259,0,0,0,0,0,0,0
9603411,1,1,0,0,1,0,0
9905553,1,1,0,0,1,0,0
9406323,0,0,0,0,0,0,0
9503389,0,0,0,0,0,0,0
9706333,0,0,0,0,0,0,0
3227,0,0,0,0,0,0,0
12243,0,0,0,0,0,0,0
105020,0,0,0,0,0,0,0
9305,0,0,0,0,0,0,0
208060,0,0,0,0,0,0,0
9803392,0,0,0,0,0,0,0
203142,0,0,0,0,0,0,0
9809201,0,0,0,0,0,0,0
9312310,0,0,0,0,0,0,0
209311,0,0,0,0,0,0,0
1210,0,0,0,0,0,0,0
9808316,0,0,0,0,0,0,0
9207224,0,0,0,0,0,0,0
9412300,1,1,0,0,1,0,0
11151,0,0,0,0,0,0,0
9710243,1,1,0,0,1,0,0
5291,0,0,0,0,0,0,0
3099,1,1,0,0,1,0,0
101310,1,1,0,0,1,0,0
9512289,0,0,0,0,0,0,0
112038,0,0,0,0,0,0,0
203218,0,0,0,0,0,0,0
9704296,5,4,1,1,0,5,12
9804363,21,2,19,104,21,0,0
9908395,19,3,16,80,0,19,223
9505429,6,1,5,11,2,4,7
9912281,3,2,1,1,2,1,1
203079,3,3,0,0,0,3,37
9908236,0,0,0,0,0,0,0
9603409,10,2,8,19,0,10,22
9804290,14,1,13,40,14,0,0
9603374,27,2,25,132,6,21,43
9511261,7,1,6,10,1,6,16
9408304,10,5,5,10,2,8,14
9904279,19,3,16,63,0,19,337
9606360,23,1,22,88,23,0,0
9809554,26,2,24,131,3,23,73
9812360,19,4,15,80,0,19,114
9901320,13,1,12,31,0,13,140
9408214,33,3,30,256,33,0,0
9710565,10,2,8,19,3,7,7
9703361,2,2,0,0,0,2,6
9606423,19,1,18,65,0,19,54
9611293,8,5,3,3,0,8,60
9405259,12,1,11,37,2,10,10
9705320,6,1,5,6,6,0,0
9711246,50,1,49,574,0,50,161
9602239,47,1,46,472,0,47,114
9711216,11,1,10,28,0,11,183
9912513,6,1,5,9,6,0,0
10229,1,1,0,0,0,1,18
9710312,12,2,10,33,1,11,48
9908353,5,2,3,3,0,5,10
9606362,7,2,5,8,7,0,0
9708447,3,1,2,3,0,3,3
9710550,2,1,1,1,0,2,2
9206266,38,3,35,448,38,0,0
9207227,11,1,10,44,11,0,0
9604399,3,1,2,3,3,0,0
9302250,10,3,7,25,10,0,0
9707426,12,1,11,37,0,12,66
9407359,13,4,9,21,3,10,10
9811465,2,1,1,1,0,2,20
9506203,3,2,1,1,0,3,9
9505389,2,1,1,1,2,0,0
9804241,31,1,30,202,1,30,73
9803454,17,1,16,63,0,17,136
9406251,8,3,5,19,8,0,0
9411411,7,1,6,7,0,7,19
12303,5,2,3,4,0,5,12
9803473,21,3,18,70,0,21,90
9610259,20,1,19,115,0,20,41
9905337,27,1,26,141,0,27,159
9808344,4,4,0,0,0,4,19
9904315,3,1,2,3,0,3,12
9901331,10,2,8,19,0,10,67
6034,12,2,10,34,0,12,187
1318,15,2,13,40,0,15,114
11273,2,1,1,1,0,2,13
12039,13,2,11,29,0,13,160
208156,0,0,0,0,0,0,0
9211222,9,2,7,25,9,0,0
9801449,8,3,5,12,0,8,12
9809406,20,2,18,121,0,20,58
9801280,3,1,2,3,0,3,18
9311335,3,3,0,0,3,0,0
9403307,13,3,10,29,5,8,8
9808468,12,2,10,37,0,12,40
9908504,30,1,29,164,0,30,373
9904292,9,1,8,16,2,7,7
9703317,20,1,19,73,1,19,49
102085,2,2,0,0,1,1,2
9710450,12,1,11,26,1,11,17
9408287,7,2,5,14,7,0,0
9911406,30,1,29,205,15,15,15
203075,3,1,2,3,0,3,6
9408404,35,5,30,245,35,0,0
9501407,28,1,27,171,5,23,44
9903359,4,1,3,3,0,4,24
9907516,7,2,5,12,0,7,85
112113,19,3,16,46,0,19,282
9208251,31,2,29,244,31,0,0
103054,16,1,15,59,0,16,128
9909485,22,2,20,85,0,22,271
9299,5,1,4,10,0,5,47
9305282,19,1,18,71,2,17,50
9812364,5,1,4,7,1,4,4
9704324,14,3,11,41,2,12,19
9903436,11,3,8,27,1,10,33
9306259,14,3,11,53,14,0,0
9412348,14,2,12,39,6,8,8
6122,5,3,2,3,0,5,41
9609201,5,1,4,6,0,5,9
1080,5,2,3,5,0,5,17
102201,32,5,27,166,0,32,496
109028,1,1,0,0,0,1,1
110127,27,0,27,193,0,27,141
9706344,28,1,27,151,0,28,112
9410389,2,2,0,0,0,2,4
9905474,13,2,11,40,0,13,162
9810320,13,1,12,38,5,8,8
9909480,13,1,12,40,0,13,58
9807411,10,1,9,19,2,8,8
9410353,25,1,24,108,10,15,15
9901403,3,1,2,2,0,3,7
9309216,12,8,4,7,0,12,12
9312274,6,1,5,10,6,0,0
9302299,4,2,2,3,4,0,0
3321,3,1,2,2,3,0,0
9254,9,1,8,23,0,9,9
9405241,44,1,43,429,19,25,25
9508373,24,2,22,97,0,24,149
9712467,14,2,12,41,0,14,80
106158,0,0,0,0,0,0,0
9410240,7,1,6,12,2,5,5
9603356,4,1,3,4,4,0,0
101081,1,1,0,0,0,1,7
9803368,18,1,17,84,18,0,0
9701286,22,1,21,116,0,22,45
9402280,1,1,0,0,0,1,1
106123,5,1,4,6,0,5,19
9606314,23,1,22,100,1,22,45
9310236,16,1,15,69,16,0,0
7197,11,3,8,27,0,11,122
9711324,5,3,2,2,0,5,7
9611256,2,1,1,1,2,0,0
3075,2,1,1,1,0,2,20
9706413,6,1,5,8,0,6,15
9507319,21,2,19,95,3,18,23
9402266,6,2,4,7,6,0,0
9812448,49,1,48,465,49,0,0
9808360,6,4,2,5,0,6,63
9709509,11,2,9,31,0,11,42
9706269,3,2,1,1,0,3,21
9707291,23,1,22,123,0,23,108
9910226,5,1,4,4,0,5,12
9603294,2,1,1,1,2,0,0
9705416,28,6,22,127,0,28,311
105088,5,1,4,6,2,3,3
9303204,17,2,15,79,17,0,0
9802287,7,1,6,12,0,7,19
9703267,16,2,14,61,16,0,0
9904257,0,0,0,0,0,0,0
5179,1,1,0,0,0,1,6
9507246,27,3,24,156,0,27,173
9510311,10,1,9,24,0,10,102
9612433,18,2,16,66,18,0,0
103239,2,2,0,0,0,2,13
9912390,20,1,19,94,0,20,117
9310359,3,2,1,2,3,0,0
9603380,6,2,4,6,6,0,0
4189,0,0,0,0,0,0,0
9705243,9,3,6,16,9,0,0
103311,1,1,0,0,1,0,0
9603413,0,0,0,0,0,0,0
9412336,4,1,3,4,4,0,0
9905489,3,1,2,2,0,3,7
9612260,17,1,16,72,2,15,27
9904209,10,2,8,22,2,8,39
9909399,3,1,2,3,0,3,9
9708416,4,2,2,2,0,4,4
9510210,1,1,0,0,1,0,0
9507201,2,1,1,1,0,2,3
8046,21,3,18,101,0,21,59
102238,18,1,17,106,0,18,72
9703332,20,3,17,84,0,20,128
9801251,11,3,8,11,0,11,66
6018,2,1,1,1,0,2,5
108227,5,1,4,5,0,5,49
9604376,11,3,8,23,0,11,66
9907449,1,1,0,0,0,1,1
208228,4,3,1,1,0,4,25
9707457,1,1,0,0,0,1,3
9801410,4,3,1,2,0,4,7
9612321,8,2,6,14,0,8,69
9908202,5,1,4,5,0,5,10
9610461,2,1,1,1,0,2,45
9403281,11,2,9,30,11,0,0
7295,0,0,0,0,0,0,0
9706437,1,1,0,0,1,0,0
9312262,1,1,0,0,1,0,0
9406263,7,1,6,11,7,0,0
9705306,0,0,0,0,0,0,0
9505267,15,3,12,44,2,13,18
9807443,26,2,24,106,0,26,284
9707459,3,1,2,2,3,0,0
9609256,11,6,5,7,0,11,36
9803212,1,1,0,0,0,1,1
9809577,1,1,0,0,0,1,2
9703439,1,1,0,0,0,1,1
9807221,0,0,0,0,0,0,0
9904428,5,1,4,8,0,5,34
4046,3,1,2,3,1,2,3
9306240,15,1,14,45,3,12,12
111224,7,1,6,15,0,7,56
9512343,4,1,3,3,4,0,0
9701384,28,2,26,180,4,24,81
108161,19,1,18,76,0,19,198
9709305,3,1,2,3,0,3,4
106237,1,1,0,0,0,1,1
9603247,19,1,18,84,1,18,26
9802404,6,2,4,5,0,6,17
9408204,6,1,5,8,6,0,0
103100,3,1,2,2,0,3,27
9803251,6,3,3,10,0,6,33
9604254,1,1,0,0,0,1,2
9903413,7,3,4,7,0,7,44
9605344,2,1,1,1,2,0,0
9307325,10,2,8,28,10,0,0
9510212,7,3,4,10,0,7,7
109066,8,5,3,4,0,8,27
9709503,1,1,0,0,0,1,2
9408219,11,1,10,31,11,0,0
9401348,2,2,0,0,2,0,0
9909539,9,2,7,11,0,9,35
110123,2,1,1,1,0,2,10
107014,16,2,14,53,0,16,98
203138,5,1,4,7,0,5,19
9905388,3,1,2,3,0,3,7
107233,4,3,1,1,0,4,17
209171,1,1,0,0,0,1,9
105140,1,1,0,0,0,1,5
9907452,6,1,5,11,6,0,0
9174,4,3,1,1,0,4,12
9409329,15,1,14,66,15,0,0
203223,10,1,9,20,0,10,172
9805342,27,2,25,142,0,27,203
9607253,11,1,10,25,11,0,0
9211322,17,4,13,61,17,0,0
9812311,2,1,1,1,1,1,1
101099,6,2,4,8,0,6,70
2193,3,2,1,1,0,3,21
9605314,4,2,2,3,4,0,0
9609290,2,2,0,0,1,1,1
9911243,5,1,4,5,0,5,102
9902295,0,0,0,0,0,0,0
9608387,3,2,1,1,0,3,13
111028,3,2,1,1,0,3,10
9909537,3,3,0,0,0,3,5
9609248,6,3,3,9,1,5,20
9606449,4,2,2,2,0,4,4
202106,1,1,0,0,0,1,1
9711217,1,1,0,0,0,1,7
9909348,5,3,2,2,0,5,19
4056,29,1,28,229,0,29,83
103316,7,2,5,15,0,7,43
9609467,9,1,8,17,0,9,29
9609423,6,2,4,10,6,0,0
11155,3,3,0,0,0,3,17
9904336,12,2,10,27,0,12,90
206081,0,0,0,0,0,0,0
9602355,2,2,0,0,0,2,13
112015,3,2,1,1,0,3,3
9705402,0,0,0,0,0,0,0
9906233,6,2,4,8,0,6,48
9707280,1,1,0,0,0,1,5
9712524,6,2,4,8,0,6,9
9810381,0,0,0,0,0,0,0
9803254,2,1,1,1,2,0,0
9806267,10,3,7,21,0,10,106
12240,2,1,1,1,0,2,8
9710223,11,4,7,13,0,11,19
9610450,2,1,1,1,0,2,5
9812458,5,1,4,9,2,3,5
9405271,12,2,10,39,0,12,67
9711327,5,2,3,3,0,5,44
1204,5,3,2,4,0,5,35
206003,1,1,0,0,0,1,2
9506248,7,4,3,3,1,6,19
9503326,2,2,0,0,2,0,0
9806369,1,1,0,0,1,0,0
9504320,5,1,4,9,0,5,8
9512235,1,1,0,0,0,1,2
9307297,4,2,2,2,1,3,3
9910393,8,1,7,20,0,8,16
3072,4,2,2,2,0,4,21
9804353,8,1,7,17,2,6,6
9410250,4,1,3,6,4,0,0
9901244,2,2,0,0,0,2,3
110367,0,0,0,0,0,0,0
9709431,1,1,0,0,0,1,2
9302307,14,3,11,39,14,0,0
9906383,5,3,2,4,0,5,51
210436,0,0,0,0,0,0,0
109045,22,1,21,91,0,22,71
9403276,15,2,13,57,15,0,0
203271,0,0,0,0,0,0,0
101136,9,5,4,11,0,9,26
9803304,1,1,0,0,0,1,1
9509231,3,1,2,2,2,1,1
9706288,7,3,4,10,0,7,131
9408269,0,0,0,0,0,0,0
212300,1,1,0,0,0,1,4
101323,8,2,6,19,0,8,68
109140,6,3,3,6,0,6,72
9706478,6,3,3,5,0,6,24
9904333,1,1,0,0,0,1,1
9603450,12,1,11,25,0,12,12
9504418,4,1,3,4,4,0,0
9805274,6,2,4,8,6,0,0
9807519,5,1,4,9,0,5,18
110199,1,1,0,0,0,1,14
9602210,3,3,0,0,3,0,0
9704372,1,1,0,0,1,0,0
9901314,5,2,3,4,3,2,3
9710416,4,1,3,5,1,3,7
108182,2,1,1,1,0,2,18
9405202,5,1,4,6,5,0,0
9806381,6,4,2,3,0,6,6
9901384,8,2,6,15,1,7,46
9510329,4,3,1,1,0,4,11
9904497,1,1,0,0,0,1,4
9305229,2,1,1,1,2,0,0
9401331,2,1,1,1,1,1,1
103002,6,3,3,6,0,6,24
9607303,16,3,13,43,0,16,68
9910344,7,1,6,11,0,7,12
9607442,4,2,2,4,4,0,0
9302288,7,2,5,11,7,0,0
9611244,9,1,8,16,0,9,16
9704435,1,1,0,0,1,0,0
9906423,11,9,2,2,0,11,11
9512318,1,1,0,0,0,1,1
12350,4,1,3,6,4,0,0
9509259,2,1,1,1,1,1,1
8016,6,2,4,8,0,6,40
9906267,5,1,4,6,0,5,39
9809450,2,1,1,1,0,2,7
9501202,3,3,0,0,0,3,3
112362,1,1,0,0,0,1,4
9804277,11,4,7,9,0,11,80
210359,0,0,0,0,0,0,0
9408260,8,1,7,15,0,8,8
9207222,9,2,7,14,9,0,0
9211296,3,3,0,0,3,0,0
9805252,1,1,0,0,1,0,0
9803478,1,1,0,0,0,1,1
9405270,3,1,2,3,3,0,0
210291,0,0,0,0,0,0,0
209225,2,1,1,1,2,0,0
9805224,10,1,9,24,10,0,0
108199,14,1,13,47,1,13,20
9803276,1,1,0,0,1,0,0
111226,0,0,0,0,0,0,0
6338,4,1,3,4,0,4,11
9609370,5,4,1,1,0,5,7
207210,2,2,0,0,0,2,2
9604442,5,1,4,8,5,0,0
201128,5,4,1,1,0,5,37
9607256,9,1,8,10,0,9,14
9309307,2,2,0,0,2,0,0
9811451,0,0,0,0,0,0,0
9908507,0,0,0,0,0,0,0
9902396,1,1,0,0,0,1,3
9409412,5,3,2,4,5,0,0
9802215,0,0,0,0,0,0,0
9809223,2,2,0,0,0,2,13
9903244,4,1,3,5,1,3,6
202098,2,1,1,1,0,2,2
9705380,3,2,1,1,1,2,2
9502247,12,1,11,23,12,0,0
101026,0,0,0,0,0,0,0
7333,1,1,0,0,1,0,0
9710211,0,0,0,0,0,0,0
9903398,0,0,0,0,0,0,0
9307209,2,2,0,0,1,1,1
109018,10,2,8,25,0,10,56
9810388,3,2,1,2,0,3,9
9505309,5,1,4,7,0,5,15
9604215,2,1,1,1,2,0,0
1334,0,0,0,0,0,0,0
11209,3,1,2,2,1,2,5
9909454,1,1,0,0,1,0,0
9607336,6,2,4,11,0,6,11
204206,0,0,0,0,0,0,0
9904496,4,3,1,1,0,4,37
9508414,2,2,0,0,2,0,0
9403244,8,1,7,13,8,0,0
6174,1,1,0,0,0,1,1
9610318,0,0,0,0,0,0,0
1031,9,1,8,17,1,8,12
5200,1,1,0,0,0,1,6
9805261,4,4,0,0,0,4,22
9807453,4,2,2,5,0,4,7
9319,1,1,0,0,0,1,4
9608329,3,1,2,2,0,3,18
9706479,1,1,0,0,0,1,11
9712395,6,2,4,5,0,6,32
9905397,0,0,0,0,0,0,0
2089,3,2,1,1,0,3,19
9510323,1,1,0,0,1,0,0
9910361,1,1,0,0,0,1,1
4008,1,1,0,0,0,1,10
9509279,8,1,7,12,8,0,0
110028,2,2,0,0,0,2,4
9801418,1,1,0,0,0,1,3
9701250,2,2,0,0,2,0,0
103348,2,1,1,1,2,0,0
9709392,2,2,0,0,0,2,33
9610499,2,1,1,1,0,2,6
9512335,0,0,0,0,0,0,0
9812203,1,1,0,0,0,1,19
9602393,2,1,1,1,2,0,0
9408239,4,2,2,3,0,4,10
109111,0,0,0,0,0,0,0
9905348,7,3,4,8,0,7,29
9903524,6,1,5,7,4,2,2
9508287,1,1,0,0,1,0,0
9905302,3,1,2,3,1,2,2
9607413,1,1,0,0,0,1,1
9812383,0,0,0,0,0,0,0
9708336,4,1,3,4,4,0,0
9305254,9,6,3,3,0,9,9
9803253,8,2,6,16,1,7,12
302174,0,0,0,0,0,0,0
7129,5,1,4,5,0,5,30
5141,2,1,1,1,0,2,4
8141,7,3,4,8,0,7,13
1048,1,1,0,0,0,1,1
9807431,0,0,0,0,0,0,0
201123,1,1,0,0,0,1,1
9603345,2,2,0,0,0,2,3
9809565,1,1,0,0,0,1,6
5171,0,0,0,0,0,0,0
9306257,1,1,0,0,1,0,0
9807308,2,2,0,0,0,2,12
9910492,2,1,1,1,0,2,22
302164,1,1,0,0,0,1,3
9705390,6,2,4,8,6,0,0
9612312,3,2,1,1,0,3,3
110276,7,1,6,10,0,7,44
11342,1,1,0,0,0,1,1
9602274,10,1,9,32,10,0,0
9305222,5,2,3,4,0,5,5
9708284,0,0,0,0,0,0,0
9611397,2,2,0,0,0,2,5
10206,0,0,0,0,0,0,0
9907363,1,1,0,0,1,0,0
206027,2,1,1,1,0,2,6
9412236,5,3,2,2,0,5,5
202019,1,1,0,0,0,1,3
9305255,1,1,0,0,1,0,0
9805345,4,1,3,4,0,4,8
9505210,2,1,1,1,0,2,2
101300,6,1,5,11,0,6,26
9812290,1,1,0,0,0,1,9
108004,1,1,0,0,0,1,2
9704219,1,1,0,0,1,0,0
4035,0,0,0,0,0,0,0
9407250,3,2,1,1,0,3,5
9612292,5,2,3,4,2,3,3
9610319,3,3,0,0,0,3,5
205030,0,0,0,0,0,0,0
9611294,2,2,0,0,2,0,0
9304319,9,3,6,20,9,0,0
9406280,0,0,0,0,0,0,0
9207261,1,1,0,0,1,0,0
9402317,2,2,0,0,2,0,0
9906442,7,1,6,10,0,7,14
9612205,7,3,4,12,0,7,39
9809298,0,0,0,0,0,0,0
110105,10,1,9,23,0,10,51
206193,1,1,0,0,0,1,5
9304254,3,3,0,0,3,0,0
205337,0,0,0,0,0,0,0
9505356,2,2,0,0,0,2,2
7160,3,2,1,1,3,0,0
3278,6,1,5,10,0,6,41
9904486,0,0,0,0,0,0,0
9805282,5,1,4,9,0,5,35
1214,6,3,3,3,0,6,6
212211,0,0,0,0,0,0,0
9406312,9,2,7,19,9,0,0
9503300,5,1,4,4,5,0,0
209301,1,1,0,0,0,1,1
9136,2,1,1,1,0,2,10
102237,1,1,0,0,0,1,5
206307,4,1,3,5,0,4,39
9802308,11,1,10,33,1,10,29
9911435,0,0,0,0,0,0,0
9702229,4,1,3,5,4,0,0
9703421,1,1,0,0,1,0,0
9607467,0,0,0,0,0,0,0
9410288,4,2,2,3,0,4,8
211178,0,0,0,0,0,0,0
211057,0,0,0,0,0,0,0
9511320,0,0,0,0,0,0,0
9801337,0,0,0,0,0,0,0
9403377,0,0,0,0,0,0,0
105330,2,2,0,0,0,2,3
9410413,1,1,0,0,0,1,1
9709230,5,2,3,3,2,3,3
9512445,5,1,4,7,1,4,6
9509381,1,1,0,0,1,0,0
112063,2,1,1,1,0,2,2
10123,0,0,0,0,0,0,0
109253,1,1,0,0,0,1,6
9501282,3,2,1,1,3,0,0
9712300,6,1,5,8,0,6,34
9507374,0,0,0,0,0,0,0
204213,1,1,0,0,0,1,14
9910327,1,1,0,0,0,1,2
9708201,0,0,0,0,0,0,0
9806277,2,2,0,0,2,0,0
9810375,0,0,0,0,0,0,0
9306298,4,2,2,3,4,0,0
110133,0,0,0,0,0,0,0
9701394,2,2,0,0,2,0,0
9308290,3,2,1,1,0,3,3
9911489,6,1,5,12,0,6,16
9604360,3,1,2,3,3,0,0
9610254,0,0,0,0,0,0,0
9610373,3,2,1,1,0,3,11
9703292,4,1,3,5,0,4,8
9907296,0,0,0,0,0,0,0
3160,9,3,6,14,1,8,31
9411442,1,1,0,0,1,0,0
112149,1,1,0,0,0,1,6
9502262,5,1,4,7,5,0,0
9906245,0,0,0,0,0,0,0
9409227,2,1,1,1,0,2,2
9410313,3,1,2,3,3,0,0
9811245,0,0,0,0,0,0,0
112319,0,0,0,0,0,0,0
6341,6,2,4,8,0,6,28
9302219,2,2,0,0,2,0,0
9506391,4,1,3,4,4,0,0
9612361,0,0,0,0,0,0,0
9902432,1,1,0,0,0,1,2
9404239,7,1,6,12,0,7,7
9805296,4,2,2,3,0,4,16
104161,3,1,2,3,1,2,2
9904290,4,1,3,4,2,2,2
202246,6,3,3,5,0,6,25
6162,0,0,0,0,0,0,0
9711300,1,1,0,0,0,1,2
9909211,7,2,5,15,0,7,10
9504210,8,2,6,14,8,0,0
7189,1,1,0,0,0,1,9
206125,0,0,0,0,0,0,0
210389,0,0,0,0,0,0,0
9508323,2,2,0,0,2,0,0
9810382,3,1,2,2,0,3,6
204091,4,3,1,1,0,4,31
9709415,3,2,1,1,3,0,0
9804461,3,3,0,0,0,3,21
9806373,4,2,2,4,0,4,5
7151,1,1,0,0,0,1,5
9607288,0,0,0,0,0,0,0
9702222,5,1,4,4,0,5,7
12160,1,1,0,0,1,0,0
9908335,2,2,0,0,2,0,0
9412312,2,1,1,1,2,0,0
211247,0,0,0,0,0,0,0
210189,0,0,0,0,0,0,0
12015,11,2,9,18,0,11,39
2074,6,4,2,3,0,6,17
208134,2,2,0,0,0,2,18
11003,1,1,0,0,0,1,5
3148,2,2,0,0,0,2,3
111338,1,1,0,0,0,1,22
9401212,3,1,2,2,2,1,1
9908238,1,1,0,0,1,0,0
9409358,1,1,0,0,1,0,0
9904253,1,1,0,0,1,0,0
9908267,2,2,0,0,0,2,11
9505357,7,2,5,8,0,7,7
4250,0,0,0,0,0,0,0
110141,0,0,0,0,0,0,0
210052,0,0,0,0,0,0,0
10230,2,1,1,1,1,1,2
9906411,5,1,4,8,5,0,0
9708352,0,0,0,0,0,0,0
9912372,2,2,0,0,2,0,0
9505294,0,0,0,0,0,0,0
9805496,5,2,3,4,2,3,3
9806244,4,2,2,2,2,2,3
9501273,3,1,2,3,3,0,0
9608226,0,0,0,0,0,0,0
9910414,1,1,0,0,0,1,1
102087,1,1,0,0,0,1,1
9504209,2,1,1,1,1,1,1
109155,0,0,0,0,0,0,0
9604415,2,2,0,0,2,0,0
9503319,1,1,0,0,0,1,1
9312325,1,1,0,0,1,0,0
201118,0,0,0,0,0,0,0
9708368,1,1,0,0,0,1,2
9604297,1,1,0,0,1,0,0
111196,3,1,2,2,0,3,9
9303243,1,1,0,0,1,0,0
9604327,5,1,4,7,5,0,0
1209,4,3,1,2,0,4,4
9901332,9,2,7,23,9,0,0
9901380,0,0,0,0,0,0,0
9610432,1,1,0,0,1,0,0
210159,0,0,0,0,0,0,0
9712261,0,0,0,0,0,0,0
9710461,2,2,0,0,1,1,1
9606393,1,1,0,0,1,0,0
201150,5,3,2,2,0,5,29
9706518,2,1,1,1,2,0,0
205143,4,4,0,0,0,4,49
9509280,1,1,0,0,1,0,0
9603371,1,1,0,0,1,0,0
211227,0,0,0,0,0,0,0
9704220,1,1,0,0,0,1,1
9807547,0,0,0,0,0,0,0
9811469,3,3,0,0,3,0,0
9902419,1,1,0,0,0,1,11
9301238,2,1,1,1,2,0,0
9277,0,0,0,0,0,0,0
112242,4,1,3,3,0,4,13
9901375,0,0,0,0,0,0,0
9608428,0,0,0,0,0,0,0
9206222,5,2,3,3,5,0,0
9909269,1,1,0,0,0,1,5
9610484,2,2,0,0,1,1,1
7136,0,0,0,0,0,0,0
9307278,4,2,2,2,4,0,0
8315,2,1,1,1,0,2,3
102313,0,0,0,0,0,0,0
9507227,0,0,0,0,0,0,0
9809580,1,1,0,0,1,0,0
9601353,4,3,1,1,4,0,0
9905424,2,2,0,0,0,2,6
9706502,1,1,0,0,1,0,0
107188,2,1,1,1,0,2,4
9809442,4,1,3,4,2,2,2
201107,0,0,0,0,0,0,0
9510227,2,2,0,0,1,1,1
9912221,1,1,0,0,0,1,3
9602266,2,1,1,1,1,1,2
9808440,1,1,0,0,1,0,0
9805305,1,1,0,0,0,1,4
9804303,3,1,2,3,3,0,0
9804276,0,0,0,0,0,0,0
110404,0,0,0,0,0,0,0
9912509,0,0,0,0,0,0,0
211199,0,0,0,0,0,0,0
302143,0,0,0,0,0,0,0
9603444,0,0,0,0,0,0,0
9303282,0,0,0,0,0,0,0
9807342,3,3,0,0,1,2,2
9502244,1,1,0,0,1,0,0
210256,0,0,0,0,0,0,0
9212233,1,1,0,0,1,0,0
112225,0,0,0,0,0,0,0
211062,2,1,1,1,0,2,29
9403368,6,1,5,6,6,0,0
302256,0,0,0,0,0,0,0
9610421,1,1,0,0,1,0,0
9811388,1,1,0,0,0,1,1
111326,0,0,0,0,0,0,0
9507274,1,1,0,0,1,0,0
107231,2,2,0,0,0,2,4
2190,4,3,1,1,0,4,18
9812321,2,2,0,0,0,2,2
9405249,1,1,0,0,1,0,0
9707266,1,1,0,0,0,1,1
9905307,0,0,0,0,0,0,0
9608218,1,1,0,0,0,1,7
9504272,1,1,0,0,0,1,5
9506474,1,1,0,0,0,1,1
9197,1,1,0,0,0,1,3
8130,0,0,0,0,0,0,0
207018,0,0,0,0,0,0,0
3200,0,0,0,0,0,0,0
9909415,4,2,2,2,0,4,23
9812457,0,0,0,0,0,0,0
109142,3,2,1,1,0,3,6
9908278,0,0,0,0,0,0,0
209156,1,1,0,0,1,0,0
9706498,0,0,0,0,0,0,0
203108,4,1,3,4,0,4,65
103066,0,0,0,0,0,0,0
9812408,0,0,0,0,0,0,0
9503324,1,1,0,0,0,1,1
203150,0,0,0,0,0,0,0
211363,1,1,0,0,0,1,23
9806233,1,1,0,0,0,1,1
106175,8,1,7,23,0,8,51
9912309,0,0,0,0,0,0,0
107147,2,2,0,0,0,2,13
2254,0,0,0,0,0,0,0
9908511,0,0,0,0,0,0,0
9602360,1,1,0,0,1,0,0
108214,1,1,0,0,0,1,3
9706470,1,1,0,0,0,1,1
208019,3,2,1,1,0,3,6
9612208,2,1,1,1,0,2,4
209214,2,1,1,1,0,2,16
9812531,2,1,1,1,2,0,0
9611202,0,0,0,0,0,0,0
211071,1,1,0,0,0,1,9
9503298,0,0,0,0,0,0,0
104084,3,3,0,0,3,0,0
208262,1,1,0,0,0,1,6
9808388,0,0,0,0,0,0,0
9905272,2,1,1,1,0,2,3
9610312,1,1,0,0,1,0,0
9911493,3,1,2,3,0,3,3
104042,1,1,0,0,1,0,0
9504395,0,0,0,0,0,0,0
9408237,1,1,0,0,1,0,0
207228,1,1,0,0,1,0,0
5301,0,0,0,0,0,0,0
7206,1,1,0,0,0,1,7
9608313,2,2,0,0,2,0,0
9708491,2,2,0,0,0,2,10
302129,1,1,0,0,0,1,2
1132,3,1,2,2,0,3,12
9701399,3,1,2,3,3,0,0
108256,3,2,1,1,0,3,3
9501268,2,2,0,0,2,0,0
11021,0,0,0,0,0,0,0
9510206,2,1,1,1,1,1,1
206297,2,2,0,0,2,0,0
205180,1,1,0,0,0,1,5
108080,2,1,1,1,1,1,1
9305320,2,1,1,1,2,0,0
9401353,4,2,2,3,4,0,0
9809316,0,0,0,0,0,0,0
9712474,1,1,0,0,0,1,2
4002,0,0,0,0,0,0,0
103022,1,1,0,0,0,1,3
9603312,4,4,0,0,3,1,1
1153,0,0,0,0,0,0,0
9904288,5,1,4,5,5,0,0
203209,3,2,1,2,0,3,5
11399,1,1,0,0,0,1,1
1065,1,1,0,0,0,1,8
201092,0,0,0,0,0,0,0
9602237,1,1,0,0,1,0,0
302266,0,0,0,0,0,0,0
107077,1,1,0,0,0,1,3
9411427,0,0,0,0,0,0,0
9605306,0,0,0,0,0,0,0
206177,0,0,0,0,0,0,0
9605354,2,2,0,0,0,2,9
9610480,1,1,0,0,1,0,0
9609477,0,0,0,0,0,0,0
210396,1,1,0,0,0,1,4
9208,2,2,0,0,2,0,0
103253,1,1,0,0,1,0,0
9903438,0,0,0,0,0,0,0
110351,0,0,0,0,0,0,0
9702312,0,0,0,0,0,0,0
108245,0,0,0,0,0,0,0
9906473,1,1,0,0,0,1,7
9409230,0,0,0,0,0,0,0
9505234,0,0,0,0,0,0,0
209349,0,0,0,0,0,0,0
301047,0,0,0,0,0,0,0
209358,0,0,0,0,0,0,0
101003,1,1,0,0,0,1,12
111339,1,1,0,0,1,0,0
9511278,0,0,0,0,0,0,0
210326,0,0,0,0,0,0,0
8170,0,0,0,0,0,0,0
107058,0,0,0,0,0,0,0
9704309,0,0,0,0,0,0,0
9805406,0,0,0,0,0,0,0
211168,0,0,0,0,0,0,0
212143,0,0,0,0,0,0,0
3206,0,0,0,0,0,0,0
9904332,1,1,0,0,1,0,0
302205,0,0,0,0,0,0,0
101027,2,2,0,0,2,0,0
4063,2,2,0,0,0,2,7
9805475,0,0,0,0,0,0,0
9906405,0,0,0,0,0,0,0
9907479,1,1,0,0,0,1,2
9911515,1,1,0,0,1,0,0
9404347,1,1,0,0,1,0,0
9404341,2,1,1,1,2,0,0
9606355,4,1,3,6,4,0,0
9601339,2,2,0,0,0,2,6
206267,1,1,0,0,0,1,6
9909270,1,1,0,0,0,1,4
11312,0,0,0,0,0,0,0
101337,0,0,0,0,0,0,0
203068,0,0,0,0,0,0,0
10055,1,1,0,0,0,1,1
9710221,0,0,0,0,0,0,0
204034,1,1,0,0,0,1,2
9911450,0,0,0,0,0,0,0
206022,1,1,0,0,0,1,2
2304,1,1,0,0,0,1,2
208097,0,0,0,0,0,0,0
9711370,0,0,0,0,0,0,0
9309225,1,1,0,0,1,0,0
102183,0,0,0,0,0,0,0
9306227,1,1,0,0,1,0,0
9912286,0,0,0,0,0,0,0
9812347,1,1,0,0,1,0,0
211162,0,0,0,0,0,0,0
112231,0,0,0,0,0,0,0
9910322,0,0,0,0,0,0,0
205224,2,1,1,1,0,2,10
11008,0,0,0,0,0,0,0
9903231,0,0,0,0,0,0,0
9802434,0,0,0,0,0,0,0
103120,0,0,0,0,0,0,0
8104,0,0,0,0,0,0,0
9510397,1,1,0,0,1,0,0
9507338,1,1,0,0,0,1,2
9504432,0,0,0,0,0,0,0
10204,1,1,0,0,1,0,0
212171,0,0,0,0,0,0,0
302097,0,0,0,0,0,0,0
102084,0,0,0,0,0,0,0
9405317,1,1,0,0,1,0,0
8291,1,1,0,0,0,1,9
211340,0,0,0,0,0,0,0
11256,0,0,0,0,0,0,0
3232,1,1,0,0,0,1,12
1183,0,0,0,0,0,0,0
211294,0,0,0,0,0,0,0
9705317,0,0,0,0,0,0,0
208053,1,1,0,0,1,0,0
206025,0,0,0,0,0,0,0
9609275,0,0,0,0,0,0,0
212371,0,0,0,0,0,0,0
211143,0,0,0,0,0,0,0
109191,0,0,0,0,0,0,0
105164,0,0,0,0,0,0,0
9210237,1,1,0,0,1,0,0
109288,1,1,0,0,1,0,0
9807483,1,1,0,0,1,0,0
9511470,2,1,1,1,2,0,0
207116,1,1,0,0,0,1,1
104204,2,2,0,0,0,2,8
6317,0,0,0,0,0,0,0
9907535,1,1,0,0,0,1,1
9908408,1,1,0,0,0,1,8
3045,1,1,0,0,0,1,4
10256,0,0,0,0,0,0,0
9608225,0,0,0,0,0,0,0
110019,2,1,1,1,0,2,20
4150,1,1,0,0,0,1,3
9904401,1,1,0,0,1,0,0
9905547,0,0,0,0,0,0,0
9312332,0,0,0,0,0,0,0
9604324,0,0,0,0,0,0,0
210068,0,0,0,0,0,0,0
212187,0,0,0,0,0,0,0
9610548,0,0,0,0,0,0,0
9909402,0,0,0,0,0,0,0
209354,2,2,0,0,2,0,0
210317,0,0,0,0,0,0,0
9709500,2,2,0,0,2,0,0
203250,0,0,0,0,0,0,0
301201,1,1,0,0,0,1,2
9609433,1,1,0,0,0,1,1
9609312,0,0,0,0,0,0,0
9812453,1,1,0,0,0,1,2
301120,0,0,0,0,0,0,0
9604299,1,1,0,0,0,1,1
9704321,1,1,0,0,1,0,0
209227,0,0,0,0,0,0,0
212135,0,0,0,0,0,0,0
210026,1,1,0,0,0,1,10
9609283,1,1,0,0,1,0,0
207050,0,0,0,0,0,0,0
205087,0,0,0,0,0,0,0
1263,1,1,0,0,0,1,2
9609228,1,1,0,0,0,1,1
9907403,0,0,0,0,0,0,0
9608432,1,1,0,0,1,0,0
9808369,0,0,0,0,0,0,0
11369,0,0,0,0,0,0,0
105060,0,0,0,0,0,0,0
9909430,2,2,0,0,0,2,2
9601389,1,1,0,0,1,0,0
107193,0,0,0,0,0,0,0
208007,1,1,0,0,1,0,0
9711237,0,0,0,0,0,0,0
301112,0,0,0,0,0,0,0
9511393,0,0,0,0,0,0,0
212045,0,0,0,0,0,0,0
9907284,0,0,0,0,0,0,0
210395,0,0,0,0,0,0,0
202008,2,2,0,0,2,0,0
9702425,1,1,0,0,1,0,0
102045,0,0,0,0,0,0,0
105301,0,0,0,0,0,0,0
9605429,1,1,0,0,1,0,0
9603415,0,0,0,0,0,0,0
9609440,0,0,0,0,0,0,0
212376,0,0,0,0,0,0,0
9511291,0,0,0,0,0,0,0
9307217,1,1,0,0,1,0,0
9502354,0,0,0,0,0,0,0
9701279,2,1,1,1,2,0,0
111238,0,0,0,0,0,0,0
105036,1,1,0,0,0,1,2
5325,0,0,0,0,0,0,0
9908344,1,1,0,0,1,0,0
9710345,0,0,0,0,0,0,0
9912341,0,0,0,0,0,0,0
204116,0,0,0,0,0,0,0
205096,0,0,0,0,0,0,0
9911284,0,0,0,0,0,0,0
9703322,0,0,0,0,0,0,0
9909492,0,0,0,0,0,0,0
5239,0,0,0,0,0,0,0
207305,0,0,0,0,0,0,0
9506463,0,0,0,0,0,0,0
9701269,1,1,0,0,1,0,0
209050,1,1,0,0,0,1,12
112165,1,1,0,0,1,0,0
12144,0,0,0,0,0,0,0
111129,0,0,0,0,0,0,0
9203221,1,1,0,0,1,0,0
205120,0,0,0,0,0,0,0
110322,0,0,0,0,0,0,0
9801206,1,1,0,0,1,0,0
9250,0,0,0,0,0,0,0
209226,2,2,0,0,0,2,8
9503410,0,0,0,0,0,0,0
9610474,2,2,0,0,2,0,0
9912374,0,0,0,0,0,0,0
9209208,1,1,0,0,1,0,0
9611214,0,0,0,0,0,0,0
208164,1,1,0,0,1,0,0
210360,1,1,0,0,0,1,4
9710207,0,0,0,0,0,0,0
9311308,1,1,0,0,1,0,0
9711490,0,0,0,0,0,0,0
9608390,0,0,0,0,0,0,0
2027,0,0,0,0,0,0,0
9908241,0,0,0,0,0,0,0
110211,2,1,1,1,2,0,0
3060,1,1,0,0,0,1,2
11340,1,1,0,0,1,0,0
112006,0,0,0,0,0,0,0
9505400,0,0,0,0,0,0,0
302111,0,0,0,0,0,0,0
9804245,0,0,0,0,0,0,0
9312282,1,1,0,0,1,0,0
109255,0,0,0,0,0,0,0
9409236,1,1,0,0,1,0,0
9907508,0,0,0,0,0,0,0
202148,0,0,0,0,0,0,0
9408341,0,0,0,0,0,0,0
9810413,0,0,0,0,0,0,0
106036,0,0,0,0,0,0,0
9907278,0,0,0,0,0,0,0
9504401,0,0,0,0,0,0,0
9409363,0,0,0,0,0,0,0
201020,0,0,0,0,0,0,0
9811233,0,0,0,0,0,0,0
11039,0,0,0,0,0,0,0
9344,0,0,0,0,0,0,0
9808210,0,0,0,0,0,0,0
103321,1,1,0,0,1,0,0
9503361,0,0,0,0,0,0,0
9905526,0,0,0,0,0,0,0
9812507,0,0,0,0,0,0,0
209240,1,1,0,0,1,0,0
110130,0,0,0,0,0,0,0
7308,0,0,0,0,0,0,0
210234,0,0,0,0,0,0,0
9603407,0,0,0,0,0,0,0
109286,0,0,0,0,0,0,0
203247,0,0,0,0,0,0,0
10144,1,1,0,0,1,0,0
301211,0,0,0,0,0,0,0
9809536,0,0,0,0,0,0,0
209234,0,0,0,0,0,0,0
101054,1,1,0,0,1,0,0
302211,0,0,0,0,0,0,0
210300,0,0,0,0,0,0,0
9606204,0,0,0,0,0,0,0
9305264,1,1,0,0,1,0,0
205178,0,0,0,0,0,0,0
209185,0,0,0,0,0,0,0
9806300,0,0,0,0,0,0,0
9511257,0,0,0,0,0,0,0
9507313,0,0,0,0,0,0,0
301081,0,0,0,0,0,0,0
9808420,0,0,0,0,0,0,0
12218,1,1,0,0,1,0,0
210184,0,0,0,0,0,0,0
8032,1,1,0,0,1,0,0
9811424,0,0,0,0,0,0,0
112093,0,0,0,0,0,0,0
9910487,0,0,0,0,0,0,0
9502362,0,0,0,0,0,0,0
11381,0,0,0,0,0,0,0
11108,1,1,0,0,1,0,0
9510211,2,2,0,0,2,0,0
3106,0,0,0,0,0,0,0
301241,0,0,0,0,0,0,0
207060,0,0,0,0,0,0,0
9908512,0,0,0,0,0,0,0
212407,0,0,0,0,0,0,0
9806393,1,1,0,0,1,0,0
9709362,1,1,0,0,1,0,0
9909263,0,0,0,0,0,0,0
9611408,0,0,0,0,0,0,0
9408236,0,0,0,0,0,0,0
9912461,0,0,0,0,0,0,0
9702314,19,1,18,85,9,10,19
9905312,32,2,30,204,32,0,0
112008,1,1,0,0,0,1,1
9606435,8,1,7,13,0,8,43
3033,6,2,4,5,0,6,70
1133,8,3,5,11,0,8,39
9712400,10,2,8,27,10,0,0
9309248,8,2,6,16,8,0,0
9507269,12,2,10,32,3,9,18
9611358,4,1,3,4,0,4,18
9610383,0,0,0,0,0,0,0
9408397,8,5,3,4,2,6,6
9906297,11,4,7,14,0,11,97
2246,13,2,11,34,0,13,13
9811266,10,3,7,15,0,10,111
9812426,26,2,24,147,26,0,0
9902364,4,1,3,3,0,4,65
9603378,49,1,48,473,4,45,45
9803440,7,5,2,2,0,7,13
9711476,1,1,0,0,1,0,0
9609431,5,1,4,9,0,5,25
9402253,12,7,5,8,0,12,48
9607447,20,2,18,92,1,19,42
9804393,5,4,1,1,0,5,5
9809311,48,2,46,358,0,48,402
9603238,33,2,31,241,0,33,33
9712499,9,2,7,24,0,9,138
9806471,21,2,19,125,0,21,228
9903456,30,3,27,134,0,30,264
9710335,38,3,35,255,1,37,365
9701396,34,2,32,220,3,31,52
9912354,4,2,2,2,0,4,4
9611393,9,2,7,14,0,9,14
9705400,6,3,3,5,1,5,8
9302210,45,3,42,518,3,42,111
9406368,3,2,1,1,0,3,5
9605460,7,1,6,12,7,0,0
9310242,15,6,9,47,9,6,6
9806342,10,3,7,21,0,10,54
9708296,0,0,0,0,0,0,0
9212246,17,2,15,83,17,0,0
9709270,1,1,0,0,0,1,2
9506430,2,1,1,1,2,0,0
9809423,22,1,21,108,0,22,70
9503209,21,1,20,112,21,0,0
9502346,6,1,5,8,2,4,8
9501388,9,4,5,10,0,9,44
9611344,6,2,4,11,6,0,0
9804212,17,2,15,66,0,17,69
9611292,21,1,20,115,0,21,59
9906340,32,1,31,169,0,32,182
9702251,2,2,0,0,2,0,0
9909353,17,1,16,72,0,17,186
9901397,18,2,16,49,0,18,184
8208,19,3,16,75,0,19,350
2277,12,4,8,38,0,12,183
101308,5,2,3,4,0,5,17
105009,9,3,6,9,0,9,119
2082,9,3,6,14,3,6,6
9604412,11,7,4,5,0,11,199
9808275,11,1,10,32,0,11,63
9811291,65,4,61,1063,0,65,244
9802271,6,2,4,8,0,6,41
9409408,3,2,1,1,0,3,3
9404212,12,3,9,35,3,9,9
9906218,11,1,10,27,0,11,52
9501341,44,1,43,526,44,0,0
9906281,14,2,12,45,14,0,0
9705391,13,2,11,31,0,13,47
5084,4,1,3,4,4,0,0
9712387,8,2,6,15,1,7,16
9505238,7,3,4,8,0,7,68
9911457,23,2,21,115,0,23,55
8262,10,3,7,24,0,10,20
9601293,8,1,7,18,0,8,57
9508288,18,1,17,83,0,18,47
9602385,17,1,16,68,17,0,0
9704358,7,2,5,15,0,7,49
202110,11,6,5,9,0,11,185
9704361,31,1,30,228,0,31,95
103067,41,2,39,225,0,41,463
9910553,20,4,16,71,0,20,402
10009,6,1,5,14,0,6,38
9504279,13,2,11,37,0,13,43
9805418,7,2,5,12,0,7,13
10146,5,1,4,6,0,5,25
9705337,2,1,1,1,0,2,20
9411338,12,1,11,41,4,8,8
9506226,13,1,12,30,0,13,19
6278,25,1,24,101,0,25,182
9804364,6,2,4,9,6,0,0
4029,9,1,8,18,0,9,46
104178,6,1,5,10,0,6,122
9806357,2,1,1,1,2,0,0
111042,38,2,36,341,0,38,314
9603249,51,1,50,591,30,21,21
9411299,2,2,0,0,0,2,4
9906400,12,4,8,37,0,12,266
9903224,12,2,10,26,1,11,27
9911337,13,2,11,35,0,13,57
108104,7,3,4,6,0,7,13
9505353,18,3,15,56,4,14,24
9901450,3,1,2,2,0,3,9
9312278,11,6,5,8,0,11,33
9904450,7,1,6,11,0,7,23
205134,0,0,0,0,0,0,0
107066,2,2,0,0,0,2,2
9255,18,2,16,70,18,0,0
9405407,48,1,47,450,2,46,70
9509308,25,2,23,67,0,25,199
9702218,3,1,2,2,0,3,3
5052,2,1,1,1,0,2,3
9505224,11,1,10,29,1,10,21
102090,2,1,1,1,0,2,26
9509379,7,2,5,11,7,0,0
9808431,14,1,13,57,0,14,14
9703250,12,2,10,24,0,12,57
9704398,8,2,6,6,1,7,7
101091,13,2,11,44,0,13,45
9703420,21,1,20,77,0,21,73
9403400,11,1,10,36,11,0,0
11254,10,1,9,27,0,10,116
9711346,6,2,4,8,0,6,6
9707503,2,1,1,1,2,0,0
4251,5,1,4,9,0,5,47
9706420,12,1,11,42,1,11,21
9510254,9,1,8,22,1,8,13
9603346,4,1,3,4,1,3,3
9711227,27,2,25,136,0,27,246
9810364,6,4,2,2,0,6,36
9401270,9,2,7,22,9,0,0
9706371,3,2,1,2,0,3,27
9401206,23,3,20,139,14,9,9
9704318,0,0,0,0,0,0,0
9403213,1,1,0,0,1,0,0
9706298,14,3,11,34,0,14,220
9901222,4,1,3,5,4,0,0
9306322,16,1,15,73,5,11,11
9904297,7,2,5,8,0,7,18
9706309,9,1,8,28,4,5,5
106149,13,1,12,35,0,13,58
9804400,4,4,0,0,0,4,7
9601390,6,4,2,3,0,6,37
9512434,12,4,8,30,0,12,121
110159,1,1,0,0,0,1,2
9711240,10,1,9,25,3,7,13
7001,5,3,2,3,1,4,4
9412205,1,1,0,0,0,1,1
9604260,7,3,4,9,0,7,21
9305305,6,1,5,9,6,0,0
9711411,4,1,3,4,2,2,2
9407241,1,1,0,0,1,0,0
9508383,4,2,2,2,4,0,0
9803268,3,2,1,1,0,3,3
9709481,1,1,0,0,0,1,1
9706339,24,1,23,134,1,23,94
9709361,1,1,0,0,0,1,1
9909562,5,1,4,8,0,5,27
9610272,6,2,4,8,6,0,0
9501274,2,2,0,0,2,0,0
9311278,13,1,12,45,6,7,7
104284,21,1,20,101,0,21,63
102131,19,1,18,130,19,0,0
9703338,25,1,24,152,0,25,116
206310,4,1,3,6,4,0,0
105034,3,2,1,1,0,3,15
110194,4,3,1,1,0,4,35
9605465,10,7,3,7,0,10,133
9906335,0,0,0,0,0,0,0
9711360,9,1,8,24,9,0,0
9304205,13,1,12,42,13,0,0
9406328,9,2,7,15,0,9,10
9405345,12,2,10,43,12,0,0
9911528,6,2,4,4,0,6,16
9611255,2,1,1,1,0,2,48
9602246,10,1,9,16,0,10,28
9311341,12,1,11,28,12,0,0
9806437,8,2,6,12,0,8,35
9209263,2,2,0,0,2,0,0
9610223,7,2,5,9,1,6,6
9412281,5,1,4,5,5,0,0
9606468,12,1,11,26,1,11,18
9911299,6,2,4,4,0,6,36
9711337,3,1,2,2,3,0,0
6134,7,2,5,16,0,7,7
9304271,4,2,2,2,4,0,0
9611350,3,3,0,0,0,3,10
9507280,3,2,1,1,3,0,0
9802376,2,2,0,0,2,0,0
9506325,11,2,9,37,6,5,5
107168,2,1,1,1,0,2,3
9612413,11,3,8,27,1,10,18
112310,6,1,5,9,0,6,52
9602373,3,3,0,0,0,3,3
9802432,15,1,14,58,0,15,35
108170,19,3,16,64,0,19,275
9507449,7,2,5,9,7,0,0
9803384,2,1,1,1,2,0,0
9606231,21,2,19,94,1,20,43
9805294,7,2,5,12,0,7,25
9410363,2,1,1,1,2,0,0
9206242,43,5,38,334,43,0,0
9903329,5,1,4,5,0,5,18
9610285,1,1,0,0,0,1,1
1175,11,1,10,25,0,11,76
6184,4,1,3,6,0,4,6
9409302,1,1,0,0,0,1,1
9506207,8,3,5,6,2,6,6
102128,7,1,6,13,7,0,0
9704447,8,1,7,21,1,7,7
9408390,13,1,12,35,3,10,10
11299,0,0,0,0,0,0,0
9101,5,2,3,3,0,5,15
107262,0,0,0,0,0,0,0
108172,15,2,13,50,0,15,113
204194,12,1,11,45,1,11,42
9905461,4,2,2,4,1,3,11
204062,1,1,0,0,0,1,4
2072,23,3,20,114,8,15,41
206258,3,2,1,1,0,3,19
9810435,8,1,7,15,2,6,6
9205,8,3,5,9,1,7,17
9509201,16,1,15,62,2,14,14
205033,14,2,12,36,0,14,250
9807358,29,1,28,148,0,29,293
9804309,12,2,10,25,2,10,10
102050,0,0,0,0,0,0,0
110325,19,3,16,50,0,19,397
103032,32,4,28,136,0,32,515
9910438,10,3,7,19,0,10,77
9806291,0,0,0,0,0,0,0
9402240,2,1,1,1,2,0,0
5109,4,3,1,1,0,4,87
9708282,1,1,0,0,0,1,5
9608444,1,1,0,0,0,1,3
6324,4,1,3,4,4,0,0
9712368,4,1,3,6,4,0,0
9604432,4,2,2,2,0,4,9
9401291,8,2,6,13,2,6,6
9412375,4,3,1,1,4,0,0
9704277,9,1,8,14,0,9,17
302087,0,0,0,0,0,0,0
5316,30,2,28,222,0,30,100
12196,4,3,1,1,0,4,32
9302286,2,2,0,0,2,0,0
9801274,0,0,0,0,0,0,0
109167,0,0,0,0,0,0,0
9906452,21,2,19,119,0,21,89
102271,1,1,0,0,0,1,3
9905396,0,0,0,0,0,0,0
9304315,5,2,3,4,5,0,0
9605289,1,1,0,0,0,1,1
9907505,4,1,3,4,0,4,34
9606354,2,2,0,0,2,0,0
9805231,6,1,5,7,0,6,15
9503285,2,2,0,0,2,0,0
9806462,2,1,1,1,0,2,16
9902410,12,5,7,16,0,12,60
9309272,5,1,4,8,5,0,0
9906223,4,2,2,4,0,4,7
9612454,13,1,12,30,0,13,32
11035,0,0,0,0,0,0,0
9607484,3,2,1,1,0,3,33
112223,0,0,0,0,0,0,0
9905252,3,1,2,2,0,3,16
9210208,18,3,15,89,18,0,0
9408373,10,1,9,22,10,0,0
1140,0,0,0,0,0,0,0
9902255,16,4,12,38,0,16,60
9308335,6,1,5,11,6,0,0
9705378,3,3,0,0,0,3,4
9805382,0,0,0,0,0,0,0
9910425,7,2,5,13,0,7,16
5125,4,1,3,6,0,4,22
9807405,7,2,5,10,0,7,12
9703254,3,1,2,3,0,3,10
9502416,5,3,2,5,5,0,0
101192,5,1,4,4,1,4,14
5142,2,1,1,1,0,2,33
9305260,7,2,5,14,7,0,0
9909302,5,1,4,4,0,5,35
205001,2,2,0,0,0,2,15
204229,15,2,13,32,0,15,87
9504230,9,2,7,23,9,0,0
2048,5,1,4,5,0,5,36
9407282,10,1,9,30,10,0,0
9912413,1,1,0,0,1,0,0
9403262,3,2,1,2,3,0,0
9812421,0,0,0,0,0,0,0
9311336,2,2,0,0,2,0,0
102278,3,1,2,3,0,3,14
102343,8,1,7,15,0,8,79
105160,12,3,9,20,0,12,165
9303239,3,2,1,1,3,0,0
9606316,1,1,0,0,0,1,5
9606254,6,2,4,5,0,6,12
105235,1,1,0,0,1,0,0
109090,0,0,0,0,0,0,0
9811370,5,1,4,8,0,5,21
111348,4,3,1,2,0,4,32
211433,0,0,0,0,0,0,0
9904255,1,1,0,0,1,0,0
9308225,1,1,0,0,0,1,1
9305314,10,2,8,21,10,0,0
112158,1,1,0,0,0,1,13
9701230,1,1,0,0,0,1,1
3102,0,0,0,0,0,0,0
9808280,7,3,4,8,0,7,42
9411379,6,3,3,3,1,5,5
6284,0,0,0,0,0,0,0
101176,0,0,0,0,0,0,0
9212234,2,1,1,1,2,0,0
9904475,3,2,1,1,0,3,13
9706397,10,2,8,20,0,10,35
9212206,7,2,5,18,7,0,0
9609403,2,2,0,0,0,2,2
9310302,3,2,1,2,3,0,0
9702350,19,1,18,61,4,15,36
9408248,1,1,0,0,0,1,1
9907214,12,10,2,2,12,0,0
9701272,2,1,1,1,2,0,0
9805221,0,0,0,0,0,0,0
9503373,0,0,0,0,0,0,0
111130,5,2,3,3,0,5,39
103088,0,0,0,0,0,0,0
9811294,3,3,0,0,0,3,18
9703303,3,2,1,1,1,2,2
9411302,8,1,7,14,8,0,0
9707258,1,1,0,0,0,1,1
210155,2,1,1,1,0,2,20
9509357,0,0,0,0,0,0,0
9509270,2,2,0,0,0,2,8
209007,0,0,0,0,0,0,0
9403409,1,1,0,0,1,0,0
9806325,2,2,0,0,0,2,4
9902369,4,1,3,5,2,2,2
202010,3,2,1,2,0,3,16
110254,2,1,1,1,2,0,0
9903412,7,3,4,6,0,7,14
201211,6,2,4,8,0,6,25
9711379,1,1,0,0,1,0,0
110299,1,1,0,0,0,1,4
9901440,8,3,5,11,0,8,16
9704349,2,1,1,1,1,1,1
9402324,3,1,2,2,3,0,0
9605217,2,1,1,1,0,2,2
9904437,0,0,0,0,0,0,0
9903267,0,0,0,0,0,0,0
9401304,1,1,0,0,1,0,0
9808341,1,1,0,0,0,1,1
9907417,2,2,0,0,0,2,10
9901220,3,2,1,1,0,3,5
9802296,0,0,0,0,0,0,0
9707496,6,2,4,4,0,6,46
207010,1,1,0,0,0,1,1
9911331,3,1,2,3,0,3,6
108210,6,1,5,9,1,5,5
107156,5,4,1,1,0,5,33
9510431,13,2,11,23,2,11,11
207184,1,1,0,0,0,1,10
202203,0,0,0,0,0,0,0
9701334,1,1,0,0,0,1,1
9808481,1,1,0,0,1,0,0
9508269,2,1,1,1,2,0,0
3220,11,1,10,39,1,10,10
9810391,2,1,1,1,0,2,3
9602304,3,1,2,3,0,3,18
9607399,1,1,0,0,0,1,2
9610401,3,2,1,1,0,3,9
9610270,6,1,5,11,6,0,0
9508365,3,2,1,1,0,3,3
9610315,4,2,2,4,0,4,11
1307,8,2,6,16,0,8,46
9908393,7,2,5,8,0,7,24
9601212,1,1,0,0,1,0,0
9511318,7,4,3,6,0,7,7
9701292,2,1,1,1,2,0,0
9605318,3,2,1,1,3,0,0
2257,9,3,6,11,0,9,20
9901333,1,1,0,0,0,1,8
9610202,3,1,2,3,0,3,18
9911542,2,1,1,1,0,2,5
107057,4,3,1,1,0,4,5
9711218,1,1,0,0,1,0,0
9707425,3,1,2,3,0,3,20
9902258,7,7,0,0,0,7,8
9705358,5,1,4,8,4,1,1
9706247,6,2,4,5,0,6,24
9704400,0,0,0,0,0,0,0
9705407,2,1,1,1,2,0,0
1157,4,2,2,2,0,4,56
9611326,5,1,4,5,0,5,5
111387,0,0,0,0,0,0,0
9506356,6,1,5,10,6,0,0
9608457,1,1,0,0,1,0,0
9610405,2,1,1,1,0,2,2
9408312,1,1,0,0,0,1,1
9905349,4,3,1,2,0,4,5
9510281,0,0,0,0,0,0,0
9507265,7,1,6,15,0,7,53
9603300,1,1,0,0,1,0,0
9909332,6,2,4,8,0,6,45
104211,3,2,1,1,3,0,0
9910448,0,0,0,0,0,0,0
9906331,5,3,2,2,0,5,6
9609361,0,0,0,0,0,0,0
9809404,1,1,0,0,0,1,1
9707224,7,2,5,12,0,7,20
9503399,1,1,0,0,1,0,0
9807292,2,2,0,0,0,2,2
105217,0,0,0,0,0,0,0
9403288,4,1,3,3,0,4,4
2191,2,1,1,1,0,2,33
202131,7,2,5,14,0,7,46
9903446,5,1,4,9,0,5,10
6159,7,1,6,11,0,7,11
9903357,3,2,1,2,1,2,2
9804216,1,1,0,0,1,0,0
103149,4,3,1,2,1,3,6
10265,0,0,0,0,0,0,0
9285,2,1,1,1,0,2,7
2226,1,1,0,0,0,1,1
9408343,2,1,1,1,1,1,1
109120,0,0,0,0,0,0,0
9802278,2,1,1,1,2,0,0
208215,2,1,1,1,0,2,4
9805404,2,2,0,0,0,2,3
9404289,3,1,2,3,3,0,0
111205,7,1,6,10,0,7,38
9409413,3,2,1,1,3,0,0
9509223,1,1,0,0,1,0,0
9702403,3,1,2,2,0,3,5
9705315,8,2,6,17,1,7,7
4194,1,1,0,0,0,1,1
10065,1,1,0,0,0,1,1
9506298,2,1,1,1,0,2,2
111398,2,1,1,1,2,0,0
302003,6,1,5,7,6,0,0
9911263,2,1,1,1,0,2,4
9904235,0,0,0,0,0,0,0
9806491,7,1,6,15,0,7,7
9702267,1,1,0,0,0,1,4
9901216,3,1,2,3,0,3,9
9408270,0,0,0,0,0,0,0
10157,1,1,0,0,0,1,2
9807203,0,0,0,0,0,0,0
9606223,8,1,7,13,8,0,0
9607230,1,1,0,0,0,1,3
9508265,2,2,0,0,0,2,3
9505319,5,1,4,6,5,0,0
108240,6,3,3,4,0,6,29
9505420,1,1,0,0,1,0,0
9402279,4,2,2,3,0,4,4
9912350,0,0,0,0,0,0,0
9301213,1,1,0,0,1,0,0
210069,0,0,0,0,0,0,0
9908459,1,1,0,0,1,0,0
9910391,2,2,0,0,0,2,10
10107,0,0,0,0,0,0,0
112125,7,2,5,10,0,7,29
109174,5,1,4,7,0,5,14
6355,0,0,0,0,0,0,0
202041,1,1,0,0,0,1,2
9401319,4,2,2,3,4,0,0
9803385,0,0,0,0,0,0,0
5238,3,2,1,1,0,3,23
9307238,3,3,0,0,3,0,0
9609393,2,1,1,1,2,0,0
9710561,7,1,6,9,7,0,0
4153,5,2,3,3,5,0,0
9607249,6,3,3,8,1,5,5
9810354,2,1,1,1,1,1,1
102277,2,1,1,1,2,0,0
209181,0,0,0,0,0,0,0
7190,1,1,0,0,0,1,4
210146,5,3,2,5,0,5,77
9809393,4,1,3,5,0,4,17
9209292,2,2,0,0,2,0,0
9911203,4,1,3,5,0,4,12
9510224,1,1,0,0,0,1,6
9606396,1,1,0,0,0,1,3
9404333,5,3,2,3,0,5,12
9412237,1,1,0,0,0,1,4
2195,4,1,3,5,4,0,0
9510338,3,2,1,1,3,0,0
9312306,4,4,0,0,4,0,0
9211221,4,4,0,0,4,0,0
9906448,3,1,2,2,0,3,8
9307224,1,1,0,0,1,0,0
9803402,2,1,1,1,2,0,0
9601326,5,1,4,5,0,5,13
9409286,2,2,0,0,2,0,0
209043,4,2,2,4,0,4,48
7284,3,3,0,0,3,0,0
5330,0,0,0,0,0,0,0
3103,1,1,0,0,1,0,0
9812427,5,2,3,3,0,5,31
9305349,4,3,1,1,4,0,0
209081,0,0,0,0,0,0,0
112148,0,0,0,0,0,0,0
9411383,4,1,3,3,0,4,12
9809512,0,0,0,0,0,0,0
9706477,0,0,0,0,0,0,0
9501229,3,2,1,1,1,2,2
101215,3,2,1,1,0,3,7
212370,0,0,0,0,0,0,0
9302313,6,2,4,10,6,0,0
9702249,3,1,2,3,0,3,4
9611444,3,1,2,3,3,0,0
9406329,3,2,1,1,3,0,0
9709478,1,1,0,0,0,1,4
112284,3,1,2,2,0,3,18
9809486,0,0,0,0,0,0,0
9409310,7,1,6,9,7,0,0
208071,1,1,0,0,0,1,2
110332,0,0,0,0,0,0,0
9803448,0,0,0,0,0,0,0
9511463,1,1,0,0,1,0,0
9512446,1,1,0,0,0,1,9
9706246,2,1,1,1,0,2,3
7180,0,0,0,0,0,0,0
111342,1,1,0,0,1,0,0
102069,4,2,2,3,0,4,18
9604228,0,0,0,0,0,0,0
9605303,3,1,2,3,1,2,2
9604354,1,1,0,0,1,0,0
9908398,0,0,0,0,0,0,0
9609427,5,2,3,4,0,5,11
9810236,0,0,0,0,0,0,0
201042,0,0,0,0,0,0,0
9910427,1,1,0,0,0,1,1
105141,5,1,4,6,0,5,33
9806397,0,0,0,0,0,0,0
9809235,0,0,0,0,0,0,0
2237,2,2,0,0,1,1,1
9702372,2,1,1,1,0,2,6
12202,0,0,0,0,0,0,0
2038,8,2,6,17,8,0,0
106107,3,1,2,2,3,0,0
9707284,1,1,0,0,0,1,7
9810387,0,0,0,0,0,0,0
205131,5,1,4,8,0,5,19
9802310,1,1,0,0,0,1,2
9709468,5,1,4,6,0,5,22
9811219,2,2,0,0,2,0,0
1233,4,2,2,2,0,4,27
9099,0,0,0,0,0,0,0
9809421,2,1,1,1,0,2,4
205264,0,0,0,0,0,0,0
9912484,0,0,0,0,0,0,0
9603259,2,2,0,0,1,1,1
204255,2,1,1,1,0,2,12
102053,3,3,0,0,0,3,20
4138,6,1,5,13,1,5,5
9711453,11,1,10,30,11,0,0
6306,3,2,1,1,0,3,6
9904269,1,1,0,0,0,1,2
204185,4,1,3,4,0,4,15
5144,9,2,7,14,0,9,68
9708484,0,0,0,0,0,0,0
9210279,1,1,0,0,1,0,0
9412284,0,0,0,0,0,0,0
5167,3,1,2,2,0,3,31
111100,1,1,0,0,0,1,4
10210,1,1,0,0,0,1,2
2145,0,0,0,0,0,0,0
9711475,2,1,1,1,0,2,5
203261,4,4,0,0,0,4,21
9801292,3,1,2,3,3,0,0
9906413,4,1,3,4,0,4,4
9211331,2,2,0,0,2,0,0
208048,0,0,0,0,0,0,0
108083,0,0,0,0,0,0,0
9804257,5,1,4,5,5,0,0
9707403,2,1,1,1,0,2,3
9507279,2,1,1,1,0,2,2
205243,0,0,0,0,0,0,0
206226,0,0,0,0,0,0,0
9608492,1,1,0,0,1,0,0
9609523,2,1,1,1,1,1,1
9507275,4,4,0,0,3,1,2
301061,0,0,0,0,0,0,0
9408351,2,1,1,1,2,0,0
211211,0,0,0,0,0,0,0
103169,5,2,3,6,0,5,53
112155,0,0,0,0,0,0,0
9611222,1,1,0,0,1,0,0
202226,1,1,0,0,0,1,5
9309214,1,1,0,0,0,1,1
110052,1,1,0,0,0,1,11
9911480,5,1,4,6,5,0,0
9612372,0,0,0,0,0,0,0
9909236,0,0,0,0,0,0,0
9609260,1,1,0,0,1,0,0
111022,1,1,0,0,1,0,0
9608338,2,2,0,0,0,2,3
9704248,2,2,0,0,2,0,0
9507263,1,1,0,0,1,0,0
206042,0,0,0,0,0,0,0
9708373,0,0,0,0,0,0,0
201216,1,1,0,0,0,1,11
107174,1,1,0,0,0,1,2
9803362,0,0,0,0,0,0,0
9010,2,2,0,0,2,0,0
9310244,4,2,2,3,4,0,0
9712470,1,1,0,0,0,1,9
9607361,0,0,0,0,0,0,0
9904357,2,2,0,0,0,2,20
9807276,2,1,1,1,1,1,1
9909563,5,2,3,3,5,0,0
302195,1,1,0,0,0,1,2
9706550,0,0,0,0,0,0,0
9410219,3,1,2,2,3,0,0
9207249,8,1,7,8,8,0,0
201075,1,1,0,0,0,1,12
9608395,0,0,0,0,0,0,0
9907455,3,3,0,0,0,3,9
9406305,2,2,0,0,0,2,2
4051,4,2,2,4,2,2,3
9805450,0,0,0,0,0,0,0
9310374,2,2,0,0,2,0,0
9312231,0,0,0,0,0,0,0
4264,2,2,0,0,0,2,9
9609379,6,3,3,6,1,5,10
203200,0,0,0,0,0,0,0
207229,0,0,0,0,0,0,0
9403265,3,1,2,3,3,0,0
9708328,3,3,0,0,0,3,3
9409283,0,0,0,0,0,0,0
9704292,0,0,0,0,0,0,0
9805465,0,0,0,0,0,0,0
9611340,1,1,0,0,0,1,1
9503316,2,1,1,1,2,0,0
9812436,4,1,3,6,1,3,8
9506320,2,2,0,0,2,0,0
8200,1,1,0,0,1,0,0
204018,0,0,0,0,0,0,0
202063,5,3,2,4,0,5,24
203040,2,2,0,0,0,2,3
9507447,1,1,0,0,1,0,0
9209227,2,1,1,1,2,0,0
9911405,1,1,0,0,0,1,5
9409373,0,0,0,0,0,0,0
9610264,0,0,0,0,0,0,0
9804327,0,0,0,0,0,0,0
9906533,1,1,0,0,1,0,0
110040,0,0,0,0,0,0,0
9705220,3,1,2,3,3,0,0
107232,1,1,0,0,1,0,0
9611266,0,0,0,0,0,0,0
9904309,0,0,0,0,0,0,0
212116,0,0,0,0,0,0,0
9412342,1,1,0,0,1,0,0
203117,3,1,2,3,0,3,3
8270,1,1,0,0,0,1,2
9708323,0,0,0,0,0,0,0
111370,0,0,0,0,0,0,0
9610302,1,1,0,0,1,0,0
9152,1,1,0,0,0,1,1
9607328,0,0,0,0,0,0,0
9503288,1,1,0,0,0,1,1
9801325,0,0,0,0,0,0,0
9805361,3,2,1,2,0,3,27
9603230,2,2,0,0,2,0,0
9405282,0,0,0,0,0,0,0
110270,0,0,0,0,0,0,0
212063,0,0,0,0,0,0,0
9702235,2,1,1,1,2,0,0
111162,1,1,0,0,0,1,2
9301208,2,2,0,0,2,0,0
9407202,1,1,0,0,1,0,0
211257,1,1,0,0,0,1,13
210041,0,0,0,0,0,0,0
9504419,3,3,0,0,0,3,3
302047,0,0,0,0,0,0,0
1257,0,0,0,0,0,0,0
205121,0,0,0,0,0,0,0
208141,4,2,2,3,0,4,82
9189,0,0,0,0,0,0,0
206221,5,1,4,9,0,5,43
9909552,0,0,0,0,0,0,0
102169,4,1,3,6,0,4,12
10111,0,0,0,0,0,0,0
9611246,0,0,0,0,0,0,0
9810203,0,0,0,0,0,0,0
9611216,0,0,0,0,0,0,0
9606405,0,0,0,0,0,0,0
104068,0,0,0,0,0,0,0
9610292,3,1,2,3,3,0,0
3312,6,1,5,15,6,0,0
9409262,0,0,0,0,0,0,0
9311366,2,2,0,0,2,0,0
9505295,3,3,0,0,0,3,9
9406322,1,1,0,0,0,1,2
205186,0,0,0,0,0,0,0
106179,1,1,0,0,0,1,7
110084,0,0,0,0,0,0,0
109169,0,0,0,0,0,0,0
9707473,1,1,0,0,1,0,0
10323,2,1,1,1,0,2,4
9903539,1,1,0,0,0,1,2
9304247,1,1,0,0,1,0,0
9507406,1,1,0,0,1,0,0
9807557,0,0,0,0,0,0,0
9802211,1,1,0,0,0,1,2
204271,0,0,0,0,0,0,0
9407367,0,0,0,0,0,0,0
9910415,0,0,0,0,0,0,0
109050,0,0,0,0,0,0,0
7132,2,2,0,0,0,2,10
9411306,1,1,0,0,0,1,1
205267,0,0,0,0,0,0,0
9511301,5,4,1,3,5,0,0
101122,0,0,0,0,0,0,0
9605249,1,1,0,0,0,1,1
9708273,0,0,0,0,0,0,0
110296,2,2,0,0,0,2,9
105027,0,0,0,0,0,0,0
9404294,2,1,1,1,2,0,0
301235,0,0,0,0,0,0,0
9805265,0,0,0,0,0,0,0
111006,1,1,0,0,0,1,5
2295,2,2,0,0,0,2,10
9804401,1,1,0,0,0,1,1
9912437,1,1,0,0,0,1,1
9238,0,0,0,0,0,0,0
9911467,4,3,1,1,0,4,4
211134,1,1,0,0,0,1,7
9911218,2,1,1,1,2,0,0
9904243,1,1,0,0,0,1,5
9410336,0,0,0,0,0,0,0
5036,0,0,0,0,0,0,0
210167,0,0,0,0,0,0,0
10089,5,1,4,6,5,0,0
9406270,2,2,0,0,2,0,0
9604434,1,1,0,0,1,0,0
9907562,1,1,0,0,1,0,0
9903494,0,0,0,0,0,0,0
9710534,1,1,0,0,1,0,0
9708478,0,0,0,0,0,0,0
9906302,0,0,0,0,0,0,0
9411343,0,0,0,0,0,0,0
9412288,0,0,0,0,0,0,0
9409346,1,1,0,0,1,0,0
102127,0,0,0,0,0,0,0
9706442,0,0,0,0,0,0,0
9710203,0,0,0,0,0,0,0
107322,0,0,0,0,0,0,0
206153,0,0,0,0,0,0,0
204032,0,0,0,0,0,0,0
112243,0,0,0,0,0,0,0
203161,3,2,1,1,0,3,35
102080,0,0,0,0,0,0,0
9910432,5,2,3,4,0,5,22
9608414,0,0,0,0,0,0,0
9406341,0,0,0,0,0,0,0
10282,2,1,1,1,0,2,6
9509291,1,1,0,0,0,1,2
9609407,0,0,0,0,0,0,0
201014,1,1,0,0,0,1,8
4011,0,0,0,0,0,0,0
203114,1,1,0,0,0,1,26
208261,5,1,4,9,0,5,27
111277,0,0,0,0,0,0,0
9905230,1,1,0,0,1,0,0
9610227,1,1,0,0,1,0,0
109024,1,1,0,0,0,1,1
204015,0,0,0,0,0,0,0
9307289,2,2,0,0,2,0,0
9712507,1,1,0,0,1,0,0
9809317,0,0,0,0,0,0,0
3015,0,0,0,0,0,0,0
302159,0,0,0,0,0,0,0
9905442,2,1,1,1,2,0,0
9807530,0,0,0,0,0,0,0
1315,0,0,0,0,0,0,0
112166,2,2,0,0,0,2,17
112209,0,0,0,0,0,0,0
7022,2,2,0,0,0,2,11
1235,1,1,0,0,1,0,0
112232,3,2,1,1,3,0,0
10264,1,1,0,0,0,1,2
9906237,0,0,0,0,0,0,0
110184,0,0,0,0,0,0,0
9905285,1,1,0,0,0,1,2
9307356,3,1,2,3,3,0,0
9402235,0,0,0,0,0,0,0
1206,0,0,0,0,0,0,0
9410370,1,1,0,0,0,1,3
205086,0,0,0,0,0,0,0
302161,0,0,0,0,0,0,0
9901257,0,0,0,0,0,0,0
9505373,2,2,0,0,2,0,0
9610412,1,1,0,0,1,0,0
210214,1,1,0,0,1,0,0
9509253,0,0,0,0,0,0,0
9905574,1,1,0,0,0,1,2
9904293,0,0,0,0,0,0,0
8329,1,1,0,0,1,0,0
9803410,1,1,0,0,1,0,0
9510416,1,1,0,0,1,0,0
302057,0,0,0,0,0,0,0
9811320,0,0,0,0,0,0,0
109265,3,2,1,1,0,3,5
9412396,0,0,0,0,0,0,0
9409273,1,1,0,0,1,0,0
9604361,0,0,0,0,0,0,0
209260,1,1,0,0,0,1,4
9906433,1,1,0,0,1,0,0
8322,1,1,0,0,0,1,2
204033,0,0,0,0,0,0,0
212249,0,0,0,0,0,0,0
207011,0,0,0,0,0,0,0
209138,0,0,0,0,0,0,0
9806444,2,2,0,0,2,0,0
9911339,1,1,0,0,1,0,0
103307,0,0,0,0,0,0,0
205036,0,0,0,0,0,0,0
9808216,2,2,0,0,2,0,0
103135,0,0,0,0,0,0,0
8028,0,0,0,0,0,0,0
204182,1,1,0,0,0,1,2
9805312,0,0,0,0,0,0,0
108230,0,0,0,0,0,0,0
302105,0,0,0,0,0,0,0
9408349,0,0,0,0,0,0,0
9811310,0,0,0,0,0,0,0
9909306,0,0,0,0,0,0,0
9908266,1,1,0,0,0,1,3
110207,3,2,1,2,3,0,0
9802322,3,1,2,2,3,0,0
9703362,1,1,0,0,1,0,0
9810312,1,1,0,0,0,1,1
8082,1,1,0,0,0,1,1
1182,2,1,1,1,0,2,6
10120,1,1,0,0,1,0,0
9901286,0,0,0,0,0,0,0
212286,1,1,0,0,0,1,12
112229,0,0,0,0,0,0,0
1221,0,0,0,0,0,0,0
9809369,0,0,0,0,0,0,0
1076,0,0,0,0,0,0,0
9402267,0,0,0,0,0,0,0
9809350,0,0,0,0,0,0,0
9611281,0,0,0,0,0,0,0
9505412,1,1,0,0,1,0,0
208236,0,0,0,0,0,0,0
201162,0,0,0,0,0,0,0
209332,1,1,0,0,0,1,4
9903470,0,0,0,0,0,0,0
201011,1,1,0,0,0,1,9
8026,1,1,0,0,1,0,0
9312328,3,2,1,2,3,0,0
105240,1,1,0,0,0,1,6
208272,1,1,0,0,0,1,10
111083,0,0,0,0,0,0,0
9309285,2,1,1,1,2,0,0
10155,0,0,0,0,0,0,0
9212239,4,4,0,0,4,0,0
9200,1,1,0,0,0,1,2
207331,0,0,0,0,0,0,0
9612281,1,1,0,0,1,0,0
11045,0,0,0,0,0,0,0
9809309,2,1,1,1,0,2,4
9901248,3,2,1,1,3,0,0
12310,0,0,0,0,0,0,0
9903461,0,0,0,0,0,0,0
205249,0,0,0,0,0,0,0
9512308,1,1,0,0,1,0,0
9311240,0,0,0,0,0,0,0
9909405,3,2,1,2,0,3,6
9902228,3,1,2,2,3,0,0
9602383,1,1,0,0,1,0,0
101235,0,0,0,0,0,0,0
11068,0,0,0,0,0,0,0
9305339,0,0,0,0,0,0,0
207306,1,1,0,0,0,1,1
9401283,1,1,0,0,1,0,0
111241,0,0,0,0,0,0,0
108164,0,0,0,0,0,0,0
1067,0,0,0,0,0,0,0
9811305,1,1,0,0,0,1,1
205144,0,0,0,0,0,0,0
9806492,0,0,0,0,0,0,0
9804272,1,1,0,0,1,0,0
9807401,0,0,0,0,0,0,0
9912495,0,0,0,0,0,0,0
9912213,0,0,0,0,0,0,0
205330,0,0,0,0,0,0,0
9509202,1,1,0,0,1,0,0
212192,0,0,0,0,0,0,0
9407219,0,0,0,0,0,0,0
9910305,3,1,2,3,3,0,0
9807534,1,1,0,0,1,0,0
210311,0,0,0,0,0,0,0
9911468,0,0,0,0,0,0,0
1165,0,0,0,0,0,0,0
107134,0,0,0,0,0,0,0
302247,0,0,0,0,0,0,0
212160,0,0,0,0,0,0,0
106146,1,1,0,0,0,1,8
9812424,1,1,0,0,1,0,0
9610416,0,0,0,0,0,0,0
207057,0,0,0,0,0,0,0
106187,0,0,0,0,0,0,0
104303,1,1,0,0,1,0,0
111397,0,0,0,0,0,0,0
302251,0,0,0,0,0,0,0
9810422,0,0,0,0,0,0,0
9804280,0,0,0,0,0,0,0
9905370,0,0,0,0,0,0,0
11338,0,0,0,0,0,0,0
9808266,0,0,0,0,0,0,0
9708417,0,0,0,0,0,0,0
9610386,0,0,0,0,0,0,0
9806498,0,0,0,0,0,0,0
9811408,0,0,0,0,0,0,0
9901393,0,0,0,0,0,0,0
109086,0,0,0,0,0,0,0
207292,0,0,0,0,0,0,0
9605449,1,1,0,0,1,0,0
212159,0,0,0,0,0,0,0
203174,0,0,0,0,0,0,0
9602231,0,0,0,0,0,0,0
205152,0,0,0,0,0,0,0
209114,0,0,0,0,0,0,0
9810380,0,0,0,0,0,0,0
6323,0,0,0,0,0,0,0
9509417,1,1,0,0,1,0,0
9908313,1,1,0,0,0,1,2
9612350,0,0,0,0,0,0,0
209283,1,1,0,0,0,1,2
9912405,0,0,0,0,0,0,0
301198,0,0,0,0,0,0,0
103019,0,0,0,0,0,0,0
110026,0,0,0,0,0,0,0
301135,0,0,0,0,0,0,0
206119,0,0,0,0,0,0,0
9809534,0,0,0,0,0,0,0
109229,0,0,0,0,0,0,0
3101,0,0,0,0,0,0,0
9802246,1,1,0,0,1,0,0
207283,1,1,0,0,1,0,0
212167,0,0,0,0,0,0,0
9801389,1,1,0,0,1,0,0
103222,1,1,0,0,1,0,0
9503308,0,0,0,0,0,0,0
9406435,0,0,0,0,0,0,0
9508410,0,0,0,0,0,0,0
111399,1,1,0,0,0,1,3
9811435,0,0,0,0,0,0,0
9611404,0,0,0,0,0,0,0
9502240,0,0,0,0,0,0,0
9602346,1,1,0,0,1,0,0
9311362,0,0,0,0,0,0,0
11171,0,0,0,0,0,0,0
9707340,0,0,0,0,0,0,0
9506252,0,0,0,0,0,0,0
210140,1,1,0,0,1,0,0
112187,0,0,0,0,0,0,0
206256,0,0,0,0,0,0,0
9701280,0,0,0,0,0,0,0
9802217,0,0,0,0,0,0,0
210400,0,0,0,0,0,0,0
9907563,0,0,0,0,0,0,0
9506249,0,0,0,0,0,0,0
207240,0,0,0,0,0,0,0
211465,0,0,0,0,0,0,0
212222,0,0,0,0,0,0,0
9911462,1,1,0,0,1,0,0
302037,0,0,0,0,0,0,0
205339,0,0,0,0,0,0,0
9910520,0,0,0,0,0,0,0
112005,0,0,0,0,0,0,0
110406,0,0,0,0,0,0,0
11294,0,0,0,0,0,0,0
9612418,1,1,0,0,1,0,0
9303300,1,1,0,0,1,0,0
9709462,0,0,0,0,0,0,0
9901408,0,0,0,0,0,0,0
9902358,0,0,0,0,0,0,0
9605402,0,0,0,0,0,0,0
206114,0,0,0,0,0,0,0
204019,0,0,0,0,0,0,0
9510214,0,0,0,0,0,0,0
211298,0,0,0,0,0,0,0
9905389,0,0,0,0,0,0,0
9067,0,0,0,0,0,0,0
302033,0,0,0,0,0,0,0
9706324,0,0,0,0,0,0,0
9906353,0,0,0,0,0,0,0
209362,0,0,0,0,0,0,0
9706532,0,0,0,0,0,0,0
201116,0,0,0,0,0,0,0
9606307,0,0,0,0,0,0,0
9911246,1,1,0,0,1,0,0
112011,0,0,0,0,0,0,0
110135,0,0,0,0,0,0,0
212030,0,0,0,0,0,0,0
211212,0,0,0,0,0,0,0
9404275,1,1,0,0,1,0,0
9302247,13,1,12,46,3,10,10
9910291,10,2,8,21,0,10,25
3090,2,2,0,0,2,0,0
9903229,14,2,12,40,1,13,51
9405277,20,2,18,100,20,0,0
11112,5,1,4,6,0,5,26
9808433,13,2,11,26,5,8,8
9502415,13,2,11,45,1,12,12
9304266,8,1,7,22,8,0,0
9611363,24,1,23,95,0,24,92
9503367,1,1,0,0,1,0,0
9409372,12,6,6,14,0,12,27
9703351,45,1,44,442,9,36,74
9912358,19,1,18,70,3,16,35
9811447,24,1,23,110,0,24,128
9902283,23,3,20,92,0,23,362
9902392,6,1,5,8,0,6,142
9604444,12,1,11,40,0,12,46
9805343,6,2,4,5,0,6,6
9305268,1,1,0,0,1,0,0
3007,1,1,0,0,0,1,5
9209232,23,3,20,80,23,0,0
9701313,19,1,18,84,0,19,48
9902256,10,1,9,20,1,9,9
9809384,12,1,11,30,0,12,85
9604452,40,2,38,323,0,40,148
9609357,2,2,0,0,1,1,1
9808493,46,1,45,337,0,46,318
9710331,16,2,14,76,1,15,52
9710336,26,2,24,115,0,26,178
201117,1,1,0,0,0,1,1
1177,5,2,3,6,0,5,23
9506264,13,2,11,36,5,8,16
9907386,1,1,0,0,1,0,0
9303317,49,1,48,617,8,41,87
9302207,7,1,6,13,7,0,0
9606364,5,2,3,5,0,5,10
8099,4,2,2,3,0,4,13
9806344,13,2,11,36,4,9,9
9410411,2,2,0,0,2,0,0
9410258,16,1,15,70,5,11,11
9402298,10,2,8,26,10,0,0
9507233,0,0,0,0,0,0,0
9811239,18,1,17,74,0,18,75
9603314,19,3,16,63,0,19,198
9506476,6,1,5,8,2,4,4
9511216,4,3,1,1,0,4,17
6329,6,1,5,8,3,3,3
9804357,6,2,4,5,0,6,25
9701393,18,1,17,89,0,18,73
9908323,15,1,14,54,0,15,113
9411238,1,1,0,0,1,0,0
9712506,9,4,5,13,0,9,43
9903390,14,3,11,30,0,14,86
9058,5,2,3,7,0,5,127
3185,7,2,5,8,0,7,105
9405262,24,2,22,124,24,0,0
108185,1,1,0,0,0,1,4
7335,4,3,1,1,0,4,8
9311232,19,3,16,70,0,19,38
9810374,9,2,7,18,0,9,47
9811323,38,1,37,349,0,38,153
9810334,3,2,1,1,0,3,18
9403295,10,4,6,18,10,0,0
9406248,22,3,19,103,5,17,17
9908378,7,1,6,10,0,7,45
9501372,45,1,44,545,45,0,0
9906362,6,1,5,9,0,6,12
9707451,12,2,10,26,1,11,44
10153,3,2,1,1,0,3,3
9902203,6,1,5,8,2,4,7
9510238,8,1,7,23,2,6,6
9612293,3,1,2,3,0,3,8
9410260,7,1,6,14,7,0,0
9506217,12,1,11,33,0,12,51
9803320,0,0,0,0,0,0,0
9612267,12,2,10,32,0,12,12
9208221,24,3,21,143,24,0,0
204192,6,2,4,5,0,6,95
9801445,14,1,13,63,3,11,11
112117,16,2,14,48,0,16,93
9911307,1,1,0,0,0,1,1
102252,6,1,5,11,0,6,71
9704441,4,3,1,1,0,4,18
101133,4,2,2,2,0,4,12
7294,11,1,10,30,0,11,49
9302281,8,3,5,9,8,0,0
9511272,8,3,5,20,8,0,0
9608213,10,2,8,18,0,10,36
8049,32,4,28,129,0,32,157
9911365,3,1,2,2,0,3,14
10029,8,3,5,7,0,8,58
201274,15,2,13,41,0,15,345
211296,0,0,0,0,0,0,0
111099,33,1,32,271,0,33,238
9604317,50,1,49,550,7,43,43
9512390,2,1,1,1,0,2,6
9908328,6,1,5,8,0,6,73
9809582,10,1,9,25,10,0,0
6251,7,1,6,19,0,7,41
9207279,21,4,17,80,21,0,0
9511220,6,2,4,7,1,5,9
9909393,6,3,3,6,0,6,13
9312347,12,4,8,15,0,12,28
9907549,5,1,4,7,5,0,0
203004,1,1,0,0,1,0,0
9512227,4,1,3,4,0,4,25
9907209,2,2,0,0,0,2,9
9406386,46,2,44,430,20,26,26
9509355,23,4,19,50,0,23,121
9512327,6,1,5,8,6,0,0
103326,1,1,0,0,0,1,2
9509432,10,1,9,19,0,10,19
11311,3,1,2,3,0,3,44
9709244,4,1,3,6,3,1,1
9810336,12,2,10,34,0,12,24
9703312,14,2,12,55,0,14,46
9607431,8,1,7,12,8,0,0
105336,9,2,7,19,0,9,37
9707500,20,2,18,62,0,20,102
4087,8,1,7,18,0,8,58
9912226,18,2,16,84,0,18,188
9711349,12,3,9,34,12,0,0
105324,7,2,5,11,0,7,9
9501369,18,1,17,91,10,8,8
9706511,12,1,11,41,0,12,39
9512404,16,2,14,48,0,16,40
9808334,4,1,3,6,3,1,1
9709379,35,1,34,242,0,35,248
9601333,2,2,0,0,0,2,22
9706341,0,0,0,0,0,0,0
9707420,1,1,0,0,0,1,7
9602421,14,1,13,51,0,14,43
9406231,4,3,1,1,4,0,0
9804419,3,3,0,0,0,3,11
9706387,12,2,10,33,0,12,149
104246,1,1,0,0,0,1,10
9409243,21,2,19,109,4,17,26
105023,0,0,0,0,0,0,0
9707398,16,2,14,69,5,11,11
10240,17,2,15,78,0,17,36
9711421,2,2,0,0,0,2,2
9402314,5,1,4,6,0,5,23
9404259,1,1,0,0,0,1,2
5248,4,3,1,1,0,4,4
9909361,6,2,4,8,0,6,19
6312,7,2,5,12,3,4,6
9510231,1,1,0,0,0,1,1
9604266,14,3,11,33,0,14,36
9706430,5,1,4,5,1,4,4
9801223,11,3,8,25,4,7,8
9502209,1,1,0,0,1,0,0
9707351,8,1,7,24,0,8,45
9508295,3,2,1,2,0,3,9
9408353,3,2,1,2,3,0,0
9707326,23,1,22,111,0,23,121
103068,15,2,13,48,0,15,27
9806413,21,1,20,89,0,21,65
109125,13,2,11,30,0,13,149
9311356,15,3,12,50,9,6,6
9210227,8,1,7,22,8,0,0
108037,21,1,20,88,1,20,70
102176,14,2,12,58,14,0,0
9703379,24,2,22,133,0,24,90
9911281,0,0,0,0,0,0,0
9404213,5,2,3,9,5,0,0
9409335,33,2,31,249,33,0,0
9608211,12,5,7,15,0,12,154
9606359,6,3,3,6,0,6,18
9902420,14,1,13,47,8,6,6
9503318,9,2,7,24,0,9,9
9209215,14,1,13,36,14,0,0
9612490,0,0,0,0,0,0,0
9712457,15,1,14,57,15,0,0
9612446,4,3,1,1,0,4,61
9410272,6,1,5,6,6,0,0
9704258,5,1,4,5,0,5,7
9605297,10,1,9,24,1,9,9
108268,11,5,6,14,0,11,47
9707523,5,2,3,3,0,5,9
9411203,5,2,3,3,0,5,16
9606483,13,2,11,37,1,12,26
9912488,10,1,9,37,0,10,58
9503213,3,3,0,0,1,2,2
8074,5,2,3,7,0,5,10
9701306,1,1,0,0,0,1,1
9204222,6,1,5,12,6,0,0
9812248,0,0,0,0,0,0,0
9501303,5,1,4,6,1,4,5
9802415,7,3,4,12,0,7,34
9405240,4,1,3,4,4,0,0
209129,0,0,0,0,0,0,0
202048,5,1,4,5,0,5,59
9512281,8,2,6,15,5,3,3
2044,1,1,0,0,0,1,13
106190,23,2,21,138,0,23,81
9601246,5,3,2,4,0,5,5
103012,10,1,9,34,0,10,90
9703450,19,2,17,55,3,16,35
9611364,11,2,9,26,0,11,67
9608396,6,1,5,8,3,3,3
9207264,36,3,33,191,0,36,36
9705392,13,2,11,26,0,13,23
9505270,2,1,1,1,2,0,0
9804306,14,1,13,47,6,8,8
9412327,14,3,11,52,14,0,0
9211206,2,1,1,1,2,0,0
9206241,7,1,6,10,7,0,0
111312,8,3,5,20,8,0,0
9207232,8,1,7,25,8,0,0
9606213,7,1,6,13,0,7,17
9710465,5,1,4,5,0,5,18
9408305,9,1,8,25,9,0,0
7191,5,4,1,2,0,5,38
110001,12,3,9,22,0,12,101
204253,23,2,21,138,2,21,55
9912268,3,2,1,1,0,3,10
107084,2,1,1,1,0,2,6
6005,18,2,16,71,0,18,47
109156,0,0,0,0,0,0,0
204021,0,0,0,0,0,0,0
9511446,10,1,9,27,10,0,0
9511431,7,1,6,15,0,7,16
205284,6,1,5,12,0,6,92
9807497,12,2,10,26,0,12,76
9707404,0,0,0,0,0,0,0
2158,2,1,1,1,0,2,3
1268,44,4,40,293,0,44,129
7133,14,1,13,60,0,14,148
9809425,7,1,6,17,0,7,22
9607370,9,4,5,11,1,8,15
9608358,6,2,4,10,0,6,25
101249,4,2,2,3,0,4,46
110247,1,1,0,0,0,1,10
9610236,2,1,1,1,0,2,6
102144,4,1,3,4,4,0,0
9805273,3,1,2,3,0,3,3
9512325,4,1,3,5,4,0,0
9309246,4,2,2,3,0,4,8
9310379,45,3,42,341,1,44,244
9705356,8,4,4,7,0,8,50
5222,3,2,1,1,0,3,11
6077,26,1,25,173,0,26,128
9403241,0,0,0,0,0,0,0
9503253,6,2,4,10,3,3,3
9410265,4,4,0,0,4,0,0
9121,1,1,0,0,0,1,1
9907548,17,2,15,75,0,17,112
9801383,3,1,2,3,3,0,0
9701285,2,1,1,1,1,1,2
9912327,0,0,0,0,0,0,0
9703408,0,0,0,0,0,0,0
9812201,3,1,2,2,0,3,20
9405347,2,1,1,1,2,0,0
9811302,4,2,2,2,0,4,6
9803401,0,0,0,0,0,0,0
9706365,5,1,4,10,0,5,23
9810275,21,2,19,78,0,21,115
9906529,9,1,8,28,7,2,2
9903354,10,3,7,14,0,10,43
9706529,13,2,11,22,1,12,38
9804270,2,1,1,1,2,0,0
9612422,3,2,1,1,0,3,22
9095,5,1,4,5,0,5,15
9510207,9,1,8,20,5,4,4
9303257,9,2,7,24,0,9,9
9411330,8,2,6,11,0,8,12
9612440,4,1,3,4,0,4,13
103304,2,2,0,0,0,2,5
9401271,9,1,8,28,9,0,0
9606373,5,2,3,4,5,0,0
9404357,31,3,28,144,31,0,0
9803201,7,1,6,14,7,0,0
9905472,1,1,0,0,0,1,8
9605348,7,2,5,11,1,6,12
9710518,2,1,1,1,0,2,8
9510460,3,1,2,2,3,0,0
105155,4,4,0,0,0,4,13
9912223,16,4,12,32,0,16,215
9312302,8,4,4,6,0,8,16
7010,4,3,1,1,0,4,31
106163,17,1,16,90,0,17,90
206152,14,6,8,20,0,14,65
9611278,1,1,0,0,1,0,0
7109,9,2,7,12,0,9,77
6257,0,0,0,0,0,0,0
9712550,1,1,0,0,0,1,3
302192,0,0,0,0,0,0,0
9511456,2,1,1,1,0,2,2
9607289,4,1,3,3,0,4,11
212025,1,1,0,0,0,1,11
103217,14,2,12,35,0,14,182
105292,13,4,9,24,0,13,85
1145,3,3,0,0,0,3,6
9901413,1,1,0,0,0,1,1
9607329,1,1,0,0,0,1,3
107280,1,1,0,0,1,0,0
102068,5,1,4,4,0,5,17
9904421,7,2,5,13,0,7,35
203062,1,1,0,0,0,1,14
9312,2,2,0,0,2,0,0
9707262,0,0,0,0,0,0,0
9211224,3,2,1,1,3,0,0
9403248,6,2,4,6,6,0,0
9806441,14,2,12,48,0,14,51
9712486,1,1,0,0,0,1,4
9708410,1,1,0,0,1,0,0
9901235,2,1,1,1,0,2,11
9505421,5,3,2,2,5,0,0
9912551,2,2,0,0,0,2,2
1034,2,1,1,1,1,1,1
12034,0,0,0,0,0,0,0
101134,2,1,1,1,0,2,2
9809346,10,4,6,16,0,10,62
209255,1,1,0,0,0,1,1
9612270,2,2,0,0,0,2,2
9403282,3,2,1,2,0,3,3
9704244,16,1,15,42,6,10,10
9405294,3,2,1,2,3,0,0
9903489,12,3,9,23,0,12,23
9612288,1,1,0,0,1,0,0
9801362,1,1,0,0,1,0,0
9411355,1,1,0,0,1,0,0
111131,3,3,0,0,0,3,34
5297,3,2,1,1,0,3,15
8043,14,2,12,38,0,14,50
9610407,4,2,2,2,4,0,0
9912431,5,2,3,4,0,5,8
9512405,2,1,1,1,2,0,0
204335,4,1,3,4,0,4,26
9305245,3,3,0,0,3,0,0
9506428,0,0,0,0,0,0,0
207181,1,1,0,0,1,0,0
9604404,6,2,4,6,1,5,5
9204231,5,1,4,6,5,0,0
9903480,4,1,3,5,1,3,4
207101,2,2,0,0,0,2,19
111309,1,1,0,0,0,1,1
3115,2,2,0,0,0,2,10
112103,1,1,0,0,0,1,19
9909241,0,0,0,0,0,0,0
109147,1,1,0,0,0,1,2
9909321,3,1,2,2,0,3,10
9609528,1,1,0,0,1,0,0
202270,10,3,7,23,0,10,255
9506279,0,0,0,0,0,0,0
9903464,5,3,2,4,0,5,18
9803202,1,1,0,0,0,1,3
9909416,0,0,0,0,0,0,0
9609202,8,1,7,16,2,6,6
9807369,0,0,0,0,0,0,0
9901345,0,0,0,0,0,0,0
9709355,1,1,0,0,0,1,1
9712426,0,0,0,0,0,0,0
101229,2,2,0,0,0,2,4
9312210,11,2,9,40,5,6,6
108178,6,1,5,11,6,0,0
10353,16,1,15,36,0,16,149
9607276,4,1,3,4,0,4,4
210339,0,0,0,0,0,0,0
9411423,1,1,0,0,1,0,0
9710205,0,0,0,0,0,0,0
102138,2,1,1,1,0,2,15
9602212,1,1,0,0,0,1,1
104200,12,1,11,45,1,11,43
9905445,1,1,0,0,0,1,4
9701277,4,2,2,5,0,4,39
9506355,2,2,0,0,2,0,0
9403401,12,2,10,22,2,10,13
9709444,5,2,3,6,0,5,6
9506471,5,2,3,4,5,0,0
9710309,3,2,1,2,0,3,6
5210,11,1,10,28,0,11,109
9809593,0,0,0,0,0,0,0
9809530,1,1,0,0,0,1,5
102073,0,0,0,0,0,0,0
201251,2,2,0,0,0,2,3
9609454,1,1,0,0,0,1,1
3306,2,2,0,0,0,2,33
9905555,3,2,1,1,0,3,20
9903285,3,1,2,2,0,3,6
9803312,4,1,3,3,1,3,5
11176,2,1,1,1,2,0,0
9604271,1,1,0,0,1,0,0
9710453,2,1,1,1,0,2,12
9905531,0,0,0,0,0,0,0
9908203,2,1,1,1,0,2,10
9812272,4,3,1,2,0,4,24
9405206,1,1,0,0,1,0,0
9404222,0,0,0,0,0,0,0
9911242,2,1,1,1,0,2,16
9801281,4,3,1,1,0,4,8
212396,0,0,0,0,0,0,0
9607462,4,1,3,4,1,3,3
9701235,1,1,0,0,1,0,0
9410346,3,1,2,3,3,0,0
9305233,3,1,2,2,3,0,0
9905457,0,0,0,0,0,0,0
9504243,1,1,0,0,1,0,0
9912482,2,2,0,0,0,2,15
9308320,2,1,1,1,2,0,0
9305276,23,2,21,134,23,0,0
104247,1,1,0,0,1,0,0
9907280,1,1,0,0,1,0,0
9910499,2,2,0,0,0,2,4
9512244,4,4,0,0,0,4,13
9406310,1,1,0,0,1,0,0
9410234,4,1,3,5,4,0,0
9308294,2,2,0,0,2,0,0
9804437,2,2,0,0,0,2,5
12183,1,1,0,0,0,1,4
111105,0,0,0,0,0,0,0
105061,6,3,3,8,0,6,64
9906342,0,0,0,0,0,0,0
205287,0,0,0,0,0,0,0
9805376,4,2,2,5,0,4,4
9705374,4,2,2,3,4,0,0
9704224,6,1,5,6,0,6,18
6024,8,2,6,9,0,8,12
9910364,1,1,0,0,0,1,5
9512375,7,2,5,16,7,0,0
9402215,2,1,1,1,2,0,0
9304314,2,1,1,1,2,0,0
2255,4,3,1,1,0,4,21
9906547,2,2,0,0,2,0,0
208123,0,0,0,0,0,0,0
9703367,12,5,7,22,1,11,26
9404290,6,3,3,4,6,0,0
202050,7,5,2,4,0,7,52
5256,1,1,0,0,0,1,4
9504350,3,3,0,0,3,0,0
9707245,2,2,0,0,0,2,16
9412213,3,1,2,2,3,0,0
9908387,2,2,0,0,0,2,3
9910336,2,1,1,1,2,0,0
9902378,0,0,0,0,0,0,0
205130,2,1,1,1,0,2,6
9412305,0,0,0,0,0,0,0
105057,2,2,0,0,0,2,4
9411394,2,2,0,0,2,0,0
9810392,6,2,4,7,6,0,0
9808432,2,2,0,0,0,2,5
9912376,7,1,6,13,0,7,20
9212253,4,4,0,0,4,0,0
9903518,3,2,1,1,3,0,0
9805510,2,2,0,0,2,0,0
9709320,7,3,4,6,0,7,7
211076,0,0,0,0,0,0,0
9602238,0,0,0,0,0,0,0
9508344,3,1,2,2,0,3,3
112042,3,3,0,0,0,3,16
9305224,2,2,0,0,2,0,0
9410249,6,2,4,6,0,6,6
9605358,1,1,0,0,1,0,0
111037,0,0,0,0,0,0,0
8227,3,1,2,3,2,1,1
9907273,2,2,0,0,2,0,0
9811417,1,1,0,0,0,1,1
9910394,1,1,0,0,0,1,5
112160,6,3,3,4,0,6,38
9911509,0,0,0,0,0,0,0
3303,2,2,0,0,1,1,1
202042,1,1,0,0,0,1,2
9903283,0,0,0,0,0,0,0
9209278,5,3,2,3,5,0,0
9411390,0,0,0,0,0,0,0
9303276,2,2,0,0,0,2,3
9910484,1,1,0,0,0,1,2
9601300,1,1,0,0,0,1,4
106287,3,3,0,0,0,3,3
9812368,7,1,6,11,3,4,7
208154,0,0,0,0,0,0,0
109030,3,2,1,1,0,3,14
111395,3,3,0,0,3,0,0
9909271,3,3,0,0,0,3,9
105281,2,2,0,0,2,0,0
9811259,8,1,7,19,0,8,32
9301240,1,1,0,0,1,0,0
12135,3,2,1,1,0,3,4
9605258,0,0,0,0,0,0,0
111128,0,0,0,0,0,0,0
9311313,4,1,3,3,0,4,4
11131,0,0,0,0,0,0,0
9011,6,2,4,10,3,3,3
9807461,4,2,2,2,0,4,24
9606324,0,0,0,0,0,0,0
9512229,1,1,0,0,0,1,10
104005,0,0,0,0,0,0,0
9608357,0,0,0,0,0,0,0
9909340,1,1,0,0,0,1,2
9811376,6,6,0,0,0,6,19
9503465,5,2,3,5,5,0,0
210198,2,1,1,1,0,2,36
9303,0,0,0,0,0,0,0
3052,1,1,0,0,0,1,3
5011,0,0,0,0,0,0,0
9910435,5,1,4,7,0,5,10
106269,0,0,0,0,0,0,0
12051,0,0,0,0,0,0,0
9908298,0,0,0,0,0,0,0
9503215,4,1,3,3,0,4,7
9708295,2,2,0,0,2,0,0
9408330,2,1,1,1,2,0,0
9505307,1,1,0,0,0,1,1
9312320,5,1,4,8,5,0,0
111063,2,2,0,0,1,1,1
9808393,4,2,2,5,0,4,40
9605312,8,2,6,17,2,6,6
9803296,2,1,1,1,0,2,2
112296,0,0,0,0,0,0,0
9708254,0,0,0,0,0,0,0
7172,13,3,10,44,1,12,44
9712335,1,1,0,0,1,0,0
102005,0,0,0,0,0,0,0
110280,2,1,1,1,0,2,3
102029,3,2,1,1,1,2,5
9701365,3,2,1,1,0,3,10
9902473,2,2,0,0,0,2,4
9503348,1,1,0,0,0,1,1
9512228,3,2,1,2,1,2,2
9911296,4,1,3,3,0,4,42
9509359,0,0,0,0,0,0,0
9706347,14,1,13,45,0,14,25
9610243,1,1,0,0,0,1,2
9609320,4,2,2,3,2,2,2
9611254,0,0,0,0,0,0,0
9405260,0,0,0,0,0,0,0
9702206,3,2,1,1,0,3,12
10060,3,2,1,1,0,3,10
106088,1,1,0,0,1,0,0
9803347,3,2,1,1,3,0,0
110033,5,2,3,4,0,5,17
9802413,0,0,0,0,0,0,0
9610222,1,1,0,0,0,1,13
1191,2,1,1,1,2,0,0
9312247,3,1,2,3,3,0,0
9710503,0,0,0,0,0,0,0
8084,5,1,4,6,0,5,9
107215,2,2,0,0,0,2,2
207153,0,0,0,0,0,0,0
9508317,8,2,6,15,1,7,7
9901387,3,1,2,3,0,3,19
9402293,4,1,3,4,4,0,0
9802206,6,2,4,5,0,6,51
6050,0,0,0,0,0,0,0
9511404,6,3,3,6,0,6,19
3079,1,1,0,0,0,1,2
9805457,0,0,0,0,0,0,0
9707406,0,0,0,0,0,0,0
2138,2,1,1,1,0,2,7
9906443,0,0,0,0,0,0,0
204332,4,3,1,1,0,4,23
107185,3,3,0,0,0,3,12
9902342,3,1,2,3,3,0,0
9804234,11,1,10,24,2,9,9
9910539,2,1,1,1,0,2,14
9265,4,3,1,1,0,4,6
112294,2,1,1,1,0,2,4
9711201,15,2,13,55,0,15,69
9706435,1,1,0,0,1,0,0
9804263,2,2,0,0,0,2,6
9304274,1,1,0,0,1,0,0
12018,1,1,0,0,1,0,0
202002,0,0,0,0,0,0,0
9706266,4,1,3,5,4,0,0
9603282,0,0,0,0,0,0,0
9409430,0,0,0,0,0,0,0
9809541,0,0,0,0,0,0,0
9807260,2,1,1,1,0,2,2
9910535,3,2,1,1,0,3,6
9908409,0,0,0,0,0,0,0
110411,4,4,0,0,0,4,8
9609229,4,2,2,2,4,0,0
11317,3,2,1,1,0,3,15
108201,3,1,2,3,0,3,4
9507331,1,1,0,0,0,1,2
201186,1,1,0,0,0,1,1
9807329,1,1,0,0,0,1,1
9610423,2,1,1,1,2,0,0
9703380,2,1,1,1,1,1,1
9311282,4,1,3,5,3,1,1
9606451,0,0,0,0,0,0,0
9409258,1,1,0,0,1,0,0
209126,1,1,0,0,1,0,0
5149,3,1,2,2,0,3,34
108272,2,2,0,0,2,0,0
9503405,1,1,0,0,1,0,0
107087,2,1,1,1,1,1,1
9301231,3,2,1,1,3,0,0
104144,2,1,1,1,0,2,16
9908273,0,0,0,0,0,0,0
9409444,2,1,1,1,2,0,0
9906202,3,3,0,0,3,0,0
4020,0,0,0,0,0,0,0
9511471,1,1,0,0,1,0,0
9706416,1,1,0,0,0,1,1
9509309,1,1,0,0,1,0,0
206126,1,1,0,0,0,1,1
111343,1,1,0,0,0,1,2
110250,0,0,0,0,0,0,0
207079,6,3,3,3,0,6,82
101343,2,1,1,1,0,2,3
9811231,0,0,0,0,0,0,0
203183,0,0,0,0,0,0,0
108054,4,2,2,3,0,4,15
9601338,0,0,0,0,0,0,0
107023,0,0,0,0,0,0,0
210016,0,0,0,0,0,0,0
9907376,1,1,0,0,0,1,1
9507325,1,1,0,0,0,1,1
211430,1,1,0,0,0,1,4
9912522,0,0,0,0,0,0,0
9510264,2,2,0,0,0,2,2
9211223,4,3,1,1,0,4,9
5139,3,1,2,2,0,3,20
9506227,1,1,0,0,0,1,1
9210,0,0,0,0,0,0,0
7212,2,1,1,1,0,2,4
9807374,4,1,3,5,4,0,0
9704285,1,1,0,0,1,0,0
9806474,0,0,0,0,0,0,0
9308203,3,3,0,0,3,0,0
1280,1,1,0,0,0,1,5
9809411,4,2,2,3,0,4,9
5295,1,1,0,0,0,1,2
206085,2,2,0,0,2,0,0
9807243,0,0,0,0,0,0,0
9704417,6,3,3,5,6,0,0
9712349,2,2,0,0,0,2,10
9507400,1,1,0,0,0,1,1
9907419,0,0,0,0,0,0,0
9701340,1,1,0,0,0,1,1
9604242,3,1,2,3,3,0,0
112329,0,0,0,0,0,0,0
208046,1,1,0,0,0,1,3
9908407,0,0,0,0,0,0,0
210199,1,1,0,0,0,1,2
202068,4,2,2,3,0,4,24
9506401,0,0,0,0,0,0,0
108236,1,1,0,0,0,1,9
211409,0,0,0,0,0,0,0
9506358,2,2,0,0,1,1,1
9901213,0,0,0,0,0,0,0
9401224,0,0,0,0,0,0,0
9503299,2,2,0,0,2,0,0
9809336,1,1,0,0,1,0,0
211019,2,1,1,1,0,2,4
9901427,0,0,0,0,0,0,0
9703392,1,1,0,0,1,0,0
9604219,2,2,0,0,2,0,0
9802232,0,0,0,0,0,0,0
210411,3,3,0,0,1,2,8
9903300,0,0,0,0,0,0,0
201295,0,0,0,0,0,0,0
9502275,0,0,0,0,0,0,0
9301257,2,1,1,1,2,0,0
107272,1,1,0,0,1,0,0
9307275,0,0,0,0,0,0,0
4019,2,2,0,0,0,2,2
9505303,2,1,1,1,2,0,0
9406218,2,1,1,1,2,0,0
9511244,0,0,0,0,0,0,0
9805352,3,1,2,2,0,3,5
9905218,3,2,1,1,0,3,8
9303266,1,1,0,0,1,0,0
4001,2,2,0,0,0,2,34
9405248,0,0,0,0,0,0,0
9808492,1,1,0,0,0,1,1
9503420,4,1,3,4,4,0,0
212076,1,1,0,0,0,1,6
102141,1,1,0,0,0,1,1
104213,3,2,1,1,0,3,29
102075,3,3,0,0,0,3,3
9405305,0,0,0,0,0,0,0
9911268,1,1,0,0,0,1,2
9612430,0,0,0,0,0,0,0
204339,2,2,0,0,0,2,7
108025,1,1,0,0,0,1,2
1120,2,2,0,0,0,2,7
207222,4,1,3,5,0,4,39
9906260,3,3,0,0,0,3,6
106267,3,1,2,2,0,3,18
9156,1,1,0,0,1,0,0
9903463,0,0,0,0,0,0,0
9310278,0,0,0,0,0,0,0
9512250,2,2,0,0,2,0,0
9410293,3,3,0,0,3,0,0
204290,2,1,1,1,0,2,31
3272,2,2,0,0,0,2,12
7269,8,1,7,26,8,0,0
9311280,1,1,0,0,1,0,0
106285,0,0,0,0,0,0,0
210175,0,0,0,0,0,0,0
209259,1,1,0,0,0,1,3
9710556,4,1,3,3,4,0,0
205023,0,0,0,0,0,0,0
101114,2,2,0,0,0,2,6
9711314,0,0,0,0,0,0,0
204220,0,0,0,0,0,0,0
4065,0,0,0,0,0,0,0
9803355,1,1,0,0,0,1,3
9503451,0,0,0,0,0,0,0
9812401,0,0,0,0,0,0,0
9701276,0,0,0,0,0,0,0
9801332,1,1,0,0,0,1,7
9702215,0,0,0,0,0,0,0
9208228,2,2,0,0,2,0,0
9910263,1,1,0,0,0,1,4
11107,1,1,0,0,0,1,1
9805257,0,0,0,0,0,0,0
112270,0,0,0,0,0,0,0
101283,1,1,0,0,1,0,0
9509350,0,0,0,0,0,0,0
8075,1,1,0,0,1,0,0
9503360,0,0,0,0,0,0,0
6347,0,0,0,0,0,0,0
102283,2,1,1,1,0,2,6
101116,1,1,0,0,0,1,3
9412353,1,1,0,0,0,1,1
301137,1,1,0,0,1,0,0
9704368,1,1,0,0,1,0,0
9908287,3,2,1,1,0,3,9
9905533,0,0,0,0,0,0,0
9506464,1,1,0,0,0,1,1
9611345,3,1,2,2,3,0,0
4252,1,1,0,0,1,0,0
9606366,2,1,1,1,1,1,1
204049,1,1,0,0,0,1,3
9404360,0,0,0,0,0,0,0
9608436,1,1,0,0,0,1,2
9905418,0,0,0,0,0,0,0
4195,1,1,0,0,1,0,0
9909233,1,1,0,0,1,0,0
11348,4,2,2,2,0,4,8
9410295,0,0,0,0,0,0,0
1199,0,0,0,0,0,0,0
9512351,0,0,0,0,0,0,0
302185,0,0,0,0,0,0,0
201180,0,0,0,0,0,0,0
9509307,2,2,0,0,2,0,0
9905308,0,0,0,0,0,0,0
9306263,0,0,0,0,0,0,0
9512305,0,0,0,0,0,0,0
9910552,0,0,0,0,0,0,0
111175,0,0,0,0,0,0,0
9510209,0,0,0,0,0,0,0
9706426,0,0,0,0,0,0,0
9710410,0,0,0,0,0,0,0
9906535,1,1,0,0,0,1,1
111159,1,1,0,0,0,1,3
12172,0,0,0,0,0,0,0
206287,1,1,0,0,0,1,13
7330,0,0,0,0,0,0,0
9411313,0,0,0,0,0,0,0
9510253,1,1,0,0,1,0,0
210405,0,0,0,0,0,0,0
9712500,0,0,0,0,0,0,0
205160,0,0,0,0,0,0,0
2083,0,0,0,0,0,0,0
105115,0,0,0,0,0,0,0
208277,0,0,0,0,0,0,0
212245,1,1,0,0,0,1,1
209262,5,1,4,8,0,5,29
9709421,0,0,0,0,0,0,0
9805363,3,2,1,1,0,3,12
9806449,0,0,0,0,0,0,0
201003,0,0,0,0,0,0,0
6189,0,0,0,0,0,0,0
9703403,1,1,0,0,0,1,2
102040,0,0,0,0,0,0,0
9709323,1,1,0,0,0,1,2
211006,0,0,0,0,0,0,0
302013,0,0,0,0,0,0,0
204051,0,0,0,0,0,0,0
9509300,0,0,0,0,0,0,0
9807212,3,3,0,0,3,0,0
204056,2,2,0,0,0,2,10
9709385,0,0,0,0,0,0,0
302149,0,0,0,0,0,0,0
9903275,3,2,1,2,3,0,0
111183,1,1,0,0,1,0,0
9907299,1,1,0,0,0,1,1
204297,0,0,0,0,0,0,0
10059,3,1,2,2,0,3,6
207001,0,0,0,0,0,0,0
9309332,2,1,1,1,2,0,0
9212313,1,1,0,0,1,0,0
10283,1,1,0,0,0,1,4
9612423,0,0,0,0,0,0,0
112288,0,0,0,0,0,0,0
9807268,0,0,0,0,0,0,0
12252,0,0,0,0,0,0,0
9611260,0,0,0,0,0,0,0
12314,1,1,0,0,0,1,2
211027,1,1,0,0,1,0,0
7139,0,0,0,0,0,0,0
206275,0,0,0,0,0,0,0
9510456,0,0,0,0,0,0,0
8146,0,0,0,0,0,0,0
9207201,0,0,0,0,0,0,0
9507364,1,1,0,0,1,0,0
112067,1,1,0,0,0,1,5
9310370,1,1,0,0,1,0,0
212244,0,0,0,0,0,0,0
9410352,1,1,0,0,1,0,0
9502257,1,1,0,0,1,0,0
9507402,0,0,0,0,0,0,0
9709359,0,0,0,0,0,0,0
212195,0,0,0,0,0,0,0
9910493,3,1,2,2,0,3,3
110218,1,1,0,0,0,1,6
9602312,0,0,0,0,0,0,0
111117,1,1,0,0,1,0,0
202015,2,2,0,0,0,2,7
9803207,0,0,0,0,0,0,0
9911387,1,1,0,0,1,0,0
9509240,0,0,0,0,0,0,0
202169,1,1,0,0,0,1,2
7146,0,0,0,0,0,0,0
9908506,1,1,0,0,0,1,3
9408324,0,0,0,0,0,0,0
301131,0,0,0,0,0,0,0
9504207,0,0,0,0,0,0,0
111261,0,0,0,0,0,0,0
9808319,0,0,0,0,0,0,0
202206,2,1,1,1,0,2,6
104023,0,0,0,0,0,0,0
210006,0,0,0,0,0,0,0
9508257,0,0,0,0,0,0,0
9811242,1,1,0,0,1,0,0
9902246,0,0,0,0,0,0,0
9410386,1,1,0,0,1,0,0
1118,0,0,0,0,0,0,0
3314,0,0,0,0,0,0,0
9903205,0,0,0,0,0,0,0
4216,0,0,0,0,0,0,0
209289,0,0,0,0,0,0,0
9905251,3,1,2,3,0,3,19
9708387,0,0,0,0,0,0,0
9811261,3,3,0,0,3,0,0
9506219,0,0,0,0,0,0,0
9712433,0,0,0,0,0,0,0
12315,1,1,0,0,0,1,1
302249,0,0,0,0,0,0,0
9411360,1,1,0,0,1,0,0
101256,0,0,0,0,0,0,0
110182,0,0,0,0,0,0,0
9611339,0,0,0,0,0,0,0
110030,0,0,0,0,0,0,0
9912537,0,0,0,0,0,0,0
104235,0,0,0,0,0,0,0
9703339,1,1,0,0,1,0,0
9510240,0,0,0,0,0,0,0
9323,0,0,0,0,0,0,0
110293,4,2,2,5,0,4,17
111001,1,1,0,0,1,0,0
105052,1,1,0,0,0,1,2
9808329,1,1,0,0,1,0,0
9610512,0,0,0,0,0,0,0
9505439,0,0,0,0,0,0,0
1082,0,0,0,0,0,0,0
9411443,1,1,0,0,0,1,3
212383,0,0,0,0,0,0,0
1068,0,0,0,0,0,0,0
9908478,2,1,1,1,2,0,0
106323,0,0,0,0,0,0,0
9807512,0,0,0,0,0,0,0
9909553,0,0,0,0,0,0,0
9603426,1,1,0,0,1,0,0
9307335,1,1,0,0,1,0,0
9704326,3,1,2,3,3,0,0
3023,0,0,0,0,0,0,0
9707314,0,0,0,0,0,0,0
9905513,1,1,0,0,0,1,3
12355,0,0,0,0,0,0,0
209215,0,0,0,0,0,0,0
11290,0,0,0,0,0,0,0
9910266,0,0,0,0,0,0,0
104021,1,1,0,0,1,0,0
211090,0,0,0,0,0,0,0
9908206,0,0,0,0,0,0,0
101238,0,0,0,0,0,0,0
9807217,0,0,0,0,0,0,0
9807296,0,0,0,0,0,0,0
11087,0,0,0,0,0,0,0
9502295,2,1,1,1,2,0,0
9807333,0,0,0,0,0,0,0
9808352,1,1,0,0,1,0,0
203152,0,0,0,0,0,0,0
201260,0,0,0,0,0,0,0
205187,2,2,0,0,0,2,15
9603405,0,0,0,0,0,0,0
9911494,2,1,1,1,2,0,0
9711445,0,0,0,0,0,0,0
302082,0,0,0,0,0,0,0
9098,0,0,0,0,0,0,0
9802449,0,0,0,0,0,0,0
9411275,0,0,0,0,0,0,0
204117,1,1,0,0,1,0,0
203231,1,1,0,0,1,0,0
105185,1,1,0,0,1,0,0
9905258,1,1,0,0,1,0,0
9503379,0,0,0,0,0,0,0
201181,0,0,0,0,0,0,0
9907212,0,0,0,0,0,0,0
205192,1,1,0,0,1,0,0
212022,0,0,0,0,0,0,0
301109,0,0,0,0,0,0,0
9607344,2,2,0,0,2,0,0
106259,0,0,0,0,0,0,0
9306216,3,2,1,1,3,0,0
9810404,1,1,0,0,1,0,0
9402357,1,1,0,0,1,0,0
9908215,0,0,0,0,0,0,0
9907330,0,0,0,0,0,0,0
209026,1,1,0,0,0,1,6
9306202,0,0,0,0,0,0,0
11025,1,1,0,0,0,1,3
102115,0,0,0,0,0,0,0
209169,0,0,0,0,0,0,0
9704226,1,1,0,0,1,0,0
9908383,0,0,0,0,0,0,0
9903271,0,0,0,0,0,0,0
212318,0,0,0,0,0,0,0
9606252,0,0,0,0,0,0,0
9906279,0,0,0,0,0,0,0
11261,0,0,0,0,0,0,0
212357,1,1,0,0,0,1,3
106065,0,0,0,0,0,0,0
2015,0,0,0,0,0,0,0
9405221,1,1,0,0,1,0,0
109112,0,0,0,0,0,0,0
206282,0,0,0,0,0,0,0
1094,0,0,0,0,0,0,0
9506343,0,0,0,0,0,0,0
201035,0,0,0,0,0,0,0
9907456,0,0,0,0,0,0,0
2014,0,0,0,0,0,0,0
9610550,0,0,0,0,0,0,0
202057,0,0,0,0,0,0,0
302023,0,0,0,0,0,0,0
9901238,1,1,0,0,0,1,1
201192,1,1,0,0,1,0,0
9810348,0,0,0,0,0,0,0
9708360,0,0,0,0,0,0,0
9905433,0,0,0,0,0,0,0
9911501,0,0,0,0,0,0,0
9209230,2,2,0,0,2,0,0
206286,0,0,0,0,0,0,0
302115,0,0,0,0,0,0,0
9809388,1,1,0,0,1,0,0
9608283,1,1,0,0,1,0,0
9902477,0,0,0,0,0,0,0
9612474,1,1,0,0,1,0,0
9804260,0,0,0,0,0,0,0
302233,0,0,0,0,0,0,0
5143,0,0,0,0,0,0,0
9501393,0,0,0,0,0,0,0
9501264,0,0,0,0,0,0,0
9803293,0,0,0,0,0,0,0
9609421,1,1,0,0,0,1,4
102210,0,0,0,0,0,0,0
208211,0,0,0,0,0,0,0
9611269,0,0,0,0,0,0,0
12133,0,0,0,0,0,0,0
9912389,0,0,0,0,0,0,0
9812343,0,0,0,0,0,0,0
211338,0,0,0,0,0,0,0
2037,0,0,0,0,0,0,0
9912533,1,1,0,0,1,0,0
205017,1,1,0,0,0,1,1
9409431,0,0,0,0,0,0,0
105072,0,0,0,0,0,0,0
101243,1,1,0,0,1,0,0
105178,0,0,0,0,0,0,0
202118,0,0,0,0,0,0,0
9706468,1,1,0,0,1,0,0
209157,0,0,0,0,0,0,0
9703398,1,1,0,0,1,0,0
209345,0,0,0,0,0,0,0
302204,0,0,0,0,0,0,0
201124,0,0,0,0,0,0,0
202230,0,0,0,0,0,0,0
9301293,1,1,0,0,1,0,0
9901417,0,0,0,0,0,0,0
206264,1,1,0,0,1,0,0
301141,0,0,0,0,0,0,0
301222,0,0,0,0,0,0,0
9408259,0,0,0,0,0,0,0
9811389,0,0,0,0,0,0,0
9801351,0,0,0,0,0,0,0
10320,1,1,0,0,0,1,7
9807328,0,0,0,0,0,0,0
212084,0,0,0,0,0,0,0
302180,0,0,0,0,0,0,0
212338,0,0,0,0,0,0,0
203013,0,0,0,0,0,0,0
106091,0,0,0,0,0,0,0
211093,0,0,0,0,0,0,0
9811269,0,0,0,0,0,0,0
9702231,0,0,0,0,0,0,0
9502366,13,2,11,38,1,12,12
9512380,34,1,33,293,1,33,173
8151,3,2,1,2,3,0,0
9511342,11,1,10,36,11,0,0
9410404,14,2,12,52,14,0,0
11144,4,3,1,1,0,4,35
9808443,15,2,13,36,7,8,8
9509316,16,3,13,57,0,16,21
9502284,8,1,7,19,8,0,0
9611445,9,1,8,15,0,9,31
9504393,2,2,0,0,2,0,0
9409464,9,5,4,9,1,8,12
9605413,21,1,20,138,21,0,0
9807235,43,3,40,424,3,40,76
9812475,32,2,30,156,0,32,406
9707203,12,1,11,38,0,12,31
9903203,2,1,1,1,0,2,28
9505402,2,1,1,1,0,2,10
9807305,6,5,1,1,0,6,13
9505318,1,1,0,0,1,0,0
9411298,4,1,3,5,4,0,0
9210235,22,6,16,73,22,0,0
9712398,14,2,12,40,0,14,53
9809329,12,2,10,30,12,0,0
9809545,6,1,5,10,0,6,73
9605222,15,2,13,52,0,15,54
9409355,2,1,1,1,2,0,0
9802345,4,2,2,4,0,4,15
2116,15,1,14,60,0,15,111
9802391,29,3,26,153,1,28,314
9909455,2,1,1,1,2,0,0
9310319,23,2,21,91,23,0,0
9606444,9,1,8,19,5,4,4
9608314,2,1,1,1,1,1,2
9305274,30,3,27,271,30,0,0
9308315,5,3,2,5,0,5,5
9606415,6,2,4,6,0,6,15
3028,9,2,7,21,1,8,14
9702373,10,2,8,12,0,10,14
9706354,6,6,0,0,0,6,23
9703305,18,1,17,75,2,16,30
9404313,17,4,13,65,17,0,0
9305247,3,2,1,1,3,0,0
3146,7,3,4,7,0,7,38
9207214,45,3,42,441,45,0,0
9708486,4,1,3,3,0,4,26
9908416,1,1,0,0,0,1,3
9608364,1,1,0,0,0,1,2
9805292,10,1,9,22,0,10,39
9703266,13,1,12,47,0,13,55
9910309,24,1,23,83,0,24,173
9403224,9,2,7,25,3,6,6
9701304,5,2,3,6,0,5,24
9906222,8,2,6,9,0,8,123
9357,8,3,5,9,0,8,119
3327,7,1,6,11,0,7,115
9412257,19,1,18,73,0,19,19
107223,2,2,0,0,0,2,8
11243,4,2,2,2,0,4,7
9311339,21,3,18,100,1,20,36
9908309,8,1,7,20,0,8,60
9811337,61,2,59,857,0,61,260
9812345,3,1,2,3,0,3,24
9711446,5,2,3,4,0,5,21
9410283,14,4,10,32,3,11,11
9911385,7,2,5,9,0,7,38
9510365,44,1,43,501,0,44,87
9906470,8,1,7,14,0,8,8
9804428,12,3,9,19,0,12,35
9807213,3,2,1,1,3,0,0
9902243,7,1,6,10,0,7,20
9505298,7,4,3,3,0,7,23
9707217,3,1,2,3,0,3,11
9704443,7,1,6,21,7,0,0
9508338,9,1,8,19,0,9,36
9507377,2,2,0,0,2,0,0
9702404,8,2,6,20,0,8,14
9208238,13,3,10,56,13,0,0
9207234,41,2,39,398,41,0,0
102331,42,2,40,294,0,42,395
7113,7,1,6,15,0,7,42
9812235,2,1,1,1,2,0,0
9906456,8,3,5,11,0,8,205
9607488,4,2,2,2,0,4,7
7108,9,2,7,15,0,9,47
7362,9,1,8,18,0,9,42
9405308,14,2,12,59,14,0,0
9605264,15,3,12,46,1,14,32
9610267,14,3,11,27,0,14,58
8144,20,1,19,70,0,20,177
6046,9,2,7,15,0,9,47
9608401,24,1,23,138,24,0,0
204316,4,1,3,3,0,4,82
209100,2,1,1,1,0,2,14
112161,23,1,22,117,0,23,176
9605431,44,1,43,445,1,43,99
9402332,7,2,5,11,7,0,0
9909392,6,3,3,6,0,6,93
9810280,11,1,10,32,6,5,5
9705417,21,1,20,115,21,0,0
9808255,14,3,11,32,0,14,26
9512220,25,3,22,90,2,23,60
3149,6,1,5,8,0,6,16
9407328,10,5,5,9,0,10,45
9909243,6,2,4,5,0,6,29
204101,7,1,6,8,0,7,129
9211286,6,3,3,8,4,2,2
9501324,9,1,8,21,9,0,0
9407339,73,2,71,886,41,32,32
9511433,21,2,19,56,0,21,92
9703404,23,1,22,133,13,10,10
9709470,4,1,3,5,4,0,0
9606392,6,4,2,3,0,6,26
9906266,18,3,15,62,0,18,123
9807238,5,1,4,10,2,3,4
9811251,10,1,9,26,0,10,29
9705271,20,3,17,71,2,18,88
9507216,17,1,16,79,1,16,16
9807282,13,2,11,47,13,0,0
9712447,5,1,4,7,0,5,21
9907509,9,2,7,20,0,9,57
9911414,21,3,18,88,0,21,325
9711350,4,1,3,6,4,0,0
104198,5,1,4,7,0,5,9
9705344,21,4,17,98,0,21,102
9707208,10,3,7,22,0,10,19
9601285,11,1,10,27,0,11,42
9804370,1,1,0,0,0,1,3
9710270,33,1,32,221,0,33,196
9409371,18,2,16,74,15,3,3
9705205,2,2,0,0,2,0,0
9707488,1,1,0,0,0,1,13
9602429,16,1,15,62,1,15,41
9412384,6,5,1,1,0,6,6
9711392,8,3,5,8,0,8,31
9706482,8,2,6,15,0,8,76
11270,5,2,3,4,0,5,59
9410357,22,2,20,115,2,20,52
9801309,1,1,0,0,1,0,0
9809531,16,1,15,66,5,11,17
12134,8,2,6,18,0,8,18
9407291,12,1,11,41,12,0,0
9410412,9,2,7,10,0,9,30
9209294,2,1,1,1,2,0,0
9712401,5,1,4,5,5,0,0
9709249,6,1,5,9,0,6,6
9902423,29,2,27,230,29,0,0
9704333,26,2,24,145,8,18,23
9604298,7,3,4,5,0,7,35
9707474,3,2,1,1,0,3,5
9803284,5,2,3,4,0,5,11
9403301,10,1,9,24,5,5,5
9610415,10,1,9,23,3,7,13
9409460,4,1,3,4,0,4,12
9812380,2,1,1,1,0,2,4
9710521,28,2,26,133,0,28,148
10354,27,2,25,149,10,17,17
9802401,1,1,0,0,0,1,14
108275,6,1,5,11,0,6,32
9507436,7,1,6,11,7,0,0
9410235,11,2,9,10,1,10,22
110121,21,3,18,72,0,21,107
102180,23,2,21,175,6,17,17
9703427,33,2,31,227,0,33,176
9904470,2,2,0,0,0,2,4
9706523,4,1,3,4,1,3,3
9411285,25,2,23,121,25,0,0
9608392,6,3,3,4,0,6,58
9608209,2,1,1,1,0,2,10
9902449,18,2,16,62,3,15,20
9511239,12,2,10,33,2,10,17
9306297,2,1,1,1,0,2,2
9608264,3,3,0,0,0,3,11
9908252,13,1,12,40,0,13,41
9702353,1,1,0,0,0,1,10
9410273,7,1,6,9,2,5,5
9706526,11,2,9,25,1,10,17
9608438,6,2,4,10,0,6,17
105090,13,2,11,32,0,13,54
109084,4,2,2,4,0,4,9
9302312,13,2,11,33,0,13,13
9608272,14,5,9,33,0,14,52
9809247,16,3,13,51,0,16,164
9310341,4,2,2,2,4,0,0
103203,3,2,1,1,0,3,10
105071,12,3,9,26,0,12,86
9409451,11,1,10,22,11,0,0
9712372,18,3,15,40,0,18,167
9312337,2,1,1,1,2,0,0
9911302,10,2,8,15,0,10,35
9306210,2,1,1,1,2,0,0
9707243,9,1,8,18,0,9,29
202269,4,3,1,1,0,4,43
9507428,4,1,3,5,4,0,0
9603372,10,3,7,14,0,10,35
9802260,0,0,0,0,0,0,0
9703271,4,1,3,6,3,1,2
102259,15,4,11,64,0,15,88
9605316,0,0,0,0,0,0,0
9305267,15,2,13,55,15,0,0
9712381,0,0,0,0,0,0,0
9212271,26,2,24,101,1,25,25
9706239,13,2,11,31,0,13,29
9504431,7,2,5,10,0,7,25
9806279,23,2,21,111,3,20,37
9503266,10,3,7,27,10,0,0
9404334,1,1,0,0,1,0,0
9702400,1,1,0,0,0,1,4
201036,0,0,0,0,0,0,0
9905283,2,1,1,1,0,2,2
9610244,12,2,10,24,0,12,37
9711485,27,2,25,136,2,25,41
2120,8,3,5,8,0,8,35
9910252,7,1,6,10,0,7,25
201052,7,1,6,15,0,7,44
204286,22,1,21,119,0,22,70
9607201,21,3,18,87,4,17,24
9610504,2,2,0,0,1,1,2
9336,12,1,11,33,0,12,32
3224,7,3,4,4,0,7,34
6229,7,1,6,12,7,0,0
9607419,9,1,8,18,0,9,9
9602439,12,1,11,29,0,12,31
206060,8,1,7,21,0,8,85
9810438,1,1,0,0,0,1,1
9406283,3,2,1,1,3,0,0
12372,1,1,0,0,0,1,2
4014,45,2,43,307,0,45,550
9903246,26,2,24,109,1,25,214
9905539,9,1,8,20,0,9,35
9712256,3,3,0,0,0,3,18
9304267,9,1,8,24,9,0,0
12077,2,1,1,1,0,2,8
9705452,8,1,7,13,0,8,17
9612355,3,2,1,2,0,3,13
112302,9,2,7,20,6,3,3
9810531,5,1,4,4,3,2,4
9601279,5,1,4,6,2,3,3
9411256,5,2,3,6,5,0,0
9307241,49,2,47,471,49,0,0
9706261,6,2,4,6,0,6,19
210402,2,1,1,1,0,2,4
7224,19,2,17,87,0,19,65
9304288,1,1,0,0,1,0,0
9508407,3,1,2,2,0,3,8
9712384,3,1,2,3,0,3,4
9511358,5,1,4,5,5,0,0
9909465,1,1,0,0,0,1,31
9808364,4,1,3,4,0,4,23
9808413,1,1,0,0,0,1,1
9511258,3,2,1,1,3,0,0
9406201,1,1,0,0,1,0,0
9905465,0,0,0,0,0,0,0
9409417,1,1,0,0,1,0,0
9902436,4,2,2,2,0,4,14
9311293,9,1,8,21,9,0,0
9711406,8,1,7,20,0,8,58
111156,2,1,1,1,0,2,7
9907202,7,1,6,17,0,7,8
204010,1,1,0,0,0,1,8
10244,6,1,5,5,4,2,2
9911503,1,1,0,0,0,1,1
9701291,7,2,5,13,0,7,11
102039,2,2,0,0,0,2,6
9503470,6,2,4,7,6,0,0
9411321,1,1,0,0,0,1,1
9503376,6,1,5,8,3,3,3
9512311,6,4,2,2,3,3,3
4038,4,2,2,4,0,4,7
9807481,0,0,0,0,0,0,0
9610249,2,1,1,1,2,0,0
9408299,26,3,23,91,0,26,81
9910532,0,0,0,0,0,0,0
9812332,3,2,1,1,0,3,19
9402223,8,1,7,21,8,0,0
9711423,2,1,1,1,0,2,6
9711413,2,1,1,1,0,2,3
9610238,3,1,2,3,0,3,3
9912249,6,3,3,10,0,6,93
9305206,12,3,9,19,12,0,0
9308275,11,1,10,23,0,11,20
108002,14,1,13,40,0,14,101
209239,2,1,1,1,0,2,7
9401244,1,1,0,0,1,0,0
7159,17,4,13,34,0,17,202
9309333,5,1,4,7,5,0,0
9701253,8,1,7,13,8,0,0
110031,4,2,2,2,4,0,0
9309319,3,1,2,3,3,0,0
9607291,5,3,2,4,0,5,17
9907488,4,1,3,6,0,4,12
104162,9,1,8,16,0,9,163
9911362,0,0,0,0,0,0,0
9912227,5,2,3,3,4,1,1
9806335,5,2,3,5,5,0,0
9608470,8,4,4,6,0,8,19
9404293,1,1,0,0,1,0,0
105078,1,1,0,0,0,1,5
9903326,3,1,2,3,0,3,5
203195,3,2,1,2,0,3,21
110186,1,1,0,0,0,1,13
9610528,2,2,0,0,2,0,0
9512443,0,0,0,0,0,0,0
9407370,4,2,2,3,1,3,3
9908525,5,1,4,7,0,5,33
9406411,3,1,2,3,3,0,0
106085,0,0,0,0,0,0,0
9903375,5,1,4,8,0,5,29
106160,0,0,0,0,0,0,0
9411266,1,1,0,0,0,1,1
9048,1,1,0,0,0,1,1
9300,1,1,0,0,0,1,6
9910462,7,3,4,9,7,0,0
9909369,4,1,3,3,0,4,27
107124,3,2,1,1,3,0,0
9611391,1,1,0,0,0,1,3
9306236,4,2,2,4,4,0,0
9704305,10,2,8,21,0,10,42
9707317,4,1,3,4,1,3,3
9912364,3,1,2,2,0,3,9
9810247,0,0,0,0,0,0,0
209130,0,0,0,0,0,0,0
9301264,1,1,0,0,1,0,0
11307,2,1,1,1,0,2,7
9703448,6,3,3,7,0,6,30
3020,14,1,13,48,2,12,40
104101,2,2,0,0,0,2,5
205305,2,1,1,1,0,2,10
9605383,1,1,0,0,1,0,0
206304,8,1,7,19,0,8,67
8109,0,0,0,0,0,0,0
9509305,0,0,0,0,0,0,0
8157,2,2,0,0,0,2,2
9602405,6,1,5,9,6,0,0
9603325,5,1,4,7,5,0,0
9904410,3,3,0,0,0,3,15
210286,1,1,0,0,0,1,5
9812258,3,2,1,1,2,1,1
9904304,3,1,2,3,0,3,7
112226,5,1,4,9,0,5,13
9905250,1,1,0,0,0,1,1
105129,5,1,4,5,1,4,4
7004,3,2,1,1,0,3,9
9612389,2,1,1,1,2,0,0
102321,16,2,14,52,0,16,275
209078,0,0,0,0,0,0,0
9811205,3,2,1,1,0,3,7
9907388,1,1,0,0,0,1,2
9611362,6,2,4,7,0,6,19
9703226,0,0,0,0,0,0,0
207044,3,3,0,0,0,3,6
9704382,3,2,1,1,3,0,0
9406250,4,1,3,4,0,4,8
9703221,9,4,5,11,0,9,51
208063,1,1,0,0,0,1,5
9505239,2,2,0,0,0,2,3
108260,8,1,7,19,2,6,6
111125,1,1,0,0,0,1,3
9702325,6,3,3,3,0,6,8
208112,2,2,0,0,0,2,23
301117,0,0,0,0,0,0,0
9406274,7,1,6,10,7,0,0
9712333,2,2,0,0,0,2,2
301257,0,0,0,0,0,0,0
107313,10,1,9,33,0,10,10
9908471,1,1,0,0,0,1,2
9405356,2,2,0,0,2,0,0
109017,2,2,0,0,0,2,3
9408352,5,4,1,1,1,4,9
9303262,2,1,1,1,2,0,0
205060,0,0,0,0,0,0,0
9711224,1,1,0,0,0,1,6
101325,6,2,4,8,0,6,29
9708488,4,3,1,2,4,0,0
104143,0,0,0,0,0,0,0
9608210,5,1,4,5,5,0,0
11376,3,1,2,3,3,0,0
9511260,10,2,8,15,0,10,23
1320,2,2,0,0,0,2,25
106229,2,1,1,1,0,2,2
9806226,10,2,8,16,0,10,31
9512275,0,0,0,0,0,0,0
109202,0,0,0,0,0,0,0
9710297,1,1,0,0,1,0,0
9802331,1,1,0,0,0,1,8
9607384,3,1,2,2,1,2,2
9412393,13,3,10,24,2,11,13
9610208,6,1,5,7,0,6,6
9903394,5,2,3,5,3,2,4
9903340,5,3,2,4,0,5,42
1035,5,1,4,8,0,5,17
9807274,0,0,0,0,0,0,0
9809520,2,2,0,0,1,1,1
9704212,4,2,2,3,0,4,6
9410214,2,2,0,0,2,0,0
208230,0,0,0,0,0,0,0
9401302,2,1,1,1,1,1,1
9207242,3,3,0,0,3,0,0
109042,0,0,0,0,0,0,0
10328,0,0,0,0,0,0,0
9401333,1,1,0,0,0,1,1
9506271,19,2,17,99,19,0,0
105237,1,1,0,0,0,1,1
9811260,4,2,2,2,0,4,16
9308338,7,4,3,7,7,0,0
9512204,5,3,2,2,1,4,4
9206209,2,1,1,1,2,0,0
9705305,8,1,7,19,1,7,16
9808300,0,0,0,0,0,0,0
9610296,2,1,1,1,0,2,5
9701375,3,1,2,3,0,3,3
7317,3,1,2,2,0,3,27
106255,3,2,1,1,0,3,52
211384,2,1,1,1,0,2,6
3188,8,1,7,17,0,8,51
9910233,8,1,7,14,2,6,14
9909214,5,2,3,8,0,5,12
9711448,0,0,0,0,0,0,0
9702274,9,1,8,15,9,0,0
9809455,3,2,1,1,0,3,7
8103,1,1,0,0,0,1,1
6183,1,1,0,0,0,1,1
9208257,1,1,0,0,1,0,0
9810456,6,2,4,7,6,0,0
9605245,12,1,11,32,1,11,11
8163,3,3,0,0,0,3,15
9610282,7,1,6,14,0,7,13
9905380,0,0,0,0,0,0,0
110266,3,1,2,3,0,3,19
1163,1,1,0,0,0,1,4
208240,1,1,0,0,0,1,15
9311324,1,1,0,0,0,1,1
9709309,0,0,0,0,0,0,0
9708464,1,1,0,0,1,0,0
9708244,0,0,0,0,0,0,0
9510259,4,3,1,1,1,3,3
9410351,4,1,3,6,4,0,0
9409376,1,1,0,0,0,1,1
9311219,0,0,0,0,0,0,0
301218,0,0,0,0,0,0,0
9901439,8,2,6,10,0,8,23
9710547,9,3,6,7,0,9,30
9607334,0,0,0,0,0,0,0
9905223,0,0,0,0,0,0,0
12008,1,1,0,0,0,1,2
9710398,3,2,1,2,0,3,6
9903350,2,2,0,0,0,2,4
11081,5,2,3,5,5,0,0
9612310,1,1,0,0,0,1,2
9609509,1,1,0,0,1,0,0
9511465,6,1,5,5,6,0,0
9604203,0,0,0,0,0,0,0
9410297,4,2,2,2,0,4,4
9608379,1,1,0,0,1,0,0
106228,1,1,0,0,1,0,0
108091,2,1,1,1,1,1,1
9904213,0,0,0,0,0,0,0
9610365,2,1,1,1,2,0,0
204303,0,0,0,0,0,0,0
201099,4,1,3,4,0,4,31
9506292,3,3,0,0,3,0,0
9910349,1,1,0,0,1,0,0
204190,1,1,0,0,0,1,2
112126,3,1,2,2,0,3,39
9211285,3,2,1,1,3,0,0
9310288,2,2,0,0,2,0,0
9204210,3,2,1,1,3,0,0
9304283,9,2,7,20,9,0,0
9510369,1,1,0,0,0,1,2
5098,2,1,1,1,0,2,10
9412355,3,1,2,3,3,0,0
204115,4,3,1,1,0,4,25
8041,14,2,12,42,0,14,42
207264,2,2,0,0,2,0,0
207327,0,0,0,0,0,0,0
103278,1,1,0,0,1,0,0
9802227,3,3,0,0,0,3,6
5288,4,1,3,4,0,4,6
2061,4,1,3,4,2,2,2
9707382,3,3,0,0,0,3,3
110152,1,1,0,0,0,1,1
9312293,0,0,0,0,0,0,0
9712327,1,1,0,0,0,1,3
10160,4,1,3,5,0,4,4
9305304,2,2,0,0,0,2,2
9708378,0,0,0,0,0,0,0
9406374,0,0,0,0,0,0,0
9910321,1,1,0,0,1,0,0
9801218,1,1,0,0,0,1,2
9810403,1,1,0,0,0,1,1
9407260,13,3,10,33,13,0,0
9311251,0,0,0,0,0,0,0
102168,0,0,0,0,0,0,0
9806403,9,2,7,15,9,0,0
9906361,2,1,1,1,0,2,5
1009,1,1,0,0,1,0,0
9809493,0,0,0,0,0,0,0
102038,1,1,0,0,1,0,0
9903313,1,1,0,0,1,0,0
9210265,3,1,2,2,3,0,0
9503313,4,1,3,3,0,4,15
9903510,8,4,4,7,0,8,38
9508415,1,1,0,0,0,1,1
7135,0,0,0,0,0,0,0
9609262,4,1,3,4,0,4,4
9809248,2,1,1,1,2,0,0
9709211,8,2,6,16,0,8,54
9911235,2,2,0,0,0,2,7
9701287,0,0,0,0,0,0,0
9806479,2,1,1,1,0,2,2
2068,0,0,0,0,0,0,0
105291,12,3,9,30,1,11,29
9504428,1,1,0,0,0,1,1
9907254,7,4,3,4,0,7,14
208233,0,0,0,0,0,0,0
110059,0,0,0,0,0,0,0
9711260,1,1,0,0,0,1,4
9910483,1,1,0,0,0,1,1
9301252,2,1,1,1,0,2,2
10284,0,0,0,0,0,0,0
101047,0,0,0,0,0,0,0
9405378,1,1,0,0,1,0,0
9710539,14,1,13,43,0,14,24
9701357,0,0,0,0,0,0,0
9612378,1,1,0,0,0,1,3
9412297,2,2,0,0,2,0,0
9305273,3,3,0,0,3,0,0
9502255,6,1,5,9,0,6,10
9412232,1,1,0,0,0,1,1
102057,0,0,0,0,0,0,0
203167,3,2,1,2,0,3,8
204088,4,2,2,2,0,4,10
9403300,2,2,0,0,2,0,0
9610230,0,0,0,0,0,0,0
9014,0,0,0,0,0,0,0
9612277,0,0,0,0,0,0,0
9401315,2,1,1,1,2,0,0
107330,2,1,1,1,0,2,4
9410270,3,1,2,3,3,0,0
9903531,3,3,0,0,0,3,25
302004,0,0,0,0,0,0,0
9310335,0,0,0,0,0,0,0
9506396,2,1,1,1,0,2,2
9910234,1,1,0,0,0,1,1
9907477,2,2,0,0,2,0,0
9612216,1,1,0,0,0,1,5
9510392,0,0,0,0,0,0,0
9707287,0,0,0,0,0,0,0
9504361,1,1,0,0,1,0,0
9912232,3,1,2,2,0,3,8
209274,0,0,0,0,0,0,0
205040,6,3,3,3,0,6,39
9806431,2,1,1,1,0,2,5
11023,0,0,0,0,0,0,0
9907567,9,2,7,14,0,9,16
9709429,0,0,0,0,0,0,0
9807504,5,1,4,7,5,0,0
107297,0,0,0,0,0,0,0
9507309,2,2,0,0,2,0,0
211026,0,0,0,0,0,0,0
9703356,4,1,3,5,4,0,0
208151,0,0,0,0,0,0,0
12236,0,0,0,0,0,0,0
101097,1,1,0,0,0,1,2
9804326,2,1,1,1,0,2,2
7296,0,0,0,0,0,0,0
9205232,2,2,0,0,2,0,0
112248,0,0,0,0,0,0,0
9405306,0,0,0,0,0,0,0
9406277,0,0,0,0,0,0,0
9708310,3,1,2,3,0,3,16
202092,0,0,0,0,0,0,0
9806347,1,1,0,0,0,1,1
105246,0,0,0,0,0,0,0
201112,1,1,0,0,0,1,2
9807226,0,0,0,0,0,0,0
9806451,2,1,1,1,0,2,4
9611427,0,0,0,0,0,0,0
212101,0,0,0,0,0,0,0
9503301,0,0,0,0,0,0,0
9408389,3,2,1,2,0,3,3
9610378,0,0,0,0,0,0,0
109249,0,0,0,0,0,0,0
207009,0,0,0,0,0,0,0
9806377,0,0,0,0,0,0,0
9912209,0,0,0,0,0,0,0
9505388,2,1,1,1,0,2,3
9907377,1,1,0,0,0,1,2
9703458,0,0,0,0,0,0,0
105266,0,0,0,0,0,0,0
9807367,4,3,1,2,0,4,12
9609411,1,1,0,0,0,1,1
201125,0,0,0,0,0,0,0
10339,0,0,0,0,0,0,0
9208262,0,0,0,0,0,0,0
106327,1,1,0,0,0,1,19
9609292,0,0,0,0,0,0,0
9812231,2,1,1,1,2,0,0
206204,0,0,0,0,0,0,0
10140,2,2,0,0,0,2,3
207013,1,1,0,0,0,1,2
9911488,0,0,0,0,0,0,0
205136,1,1,0,0,0,1,3
103164,0,0,0,0,0,0,0
101292,5,1,4,7,0,5,15
9905469,1,1,0,0,0,1,1
9403405,1,1,0,0,1,0,0
110323,0,0,0,0,0,0,0
102018,0,0,0,0,0,0,0
9708316,0,0,0,0,0,0,0
209364,0,0,0,0,0,0,0
111461,0,0,0,0,0,0,0
9903391,0,0,0,0,0,0,0
9306265,1,1,0,0,0,1,2
9910496,2,1,1,1,0,2,8
9607367,2,1,1,1,2,0,0
9709201,3,1,2,2,3,0,0
9901353,0,0,0,0,0,0,0
7345,0,0,0,0,0,0,0
202014,0,0,0,0,0,0,0
9909256,0,0,0,0,0,0,0
9601301,0,0,0,0,0,0,0
301158,0,0,0,0,0,0,0
9810258,1,1,0,0,0,1,3
9911317,2,1,1,1,0,2,2
203210,0,0,0,0,0,0,0
9803258,3,3,0,0,0,3,3
9706335,1,1,0,0,0,1,1
203002,0,0,0,0,0,0,0
9505415,0,0,0,0,0,0,0
9512271,3,1,2,2,0,3,3
9806378,0,0,0,0,0,0,0
9604257,3,1,2,3,3,0,0
9092,1,1,0,0,0,1,5
107072,2,1,1,1,0,2,5
111379,3,2,1,1,0,3,15
109166,3,1,2,3,3,0,0
205014,2,2,0,0,0,2,13
209286,0,0,0,0,0,0,0
102156,2,1,1,1,0,2,13
209325,1,1,0,0,1,0,0
9404265,0,0,0,0,0,0,0
9709401,3,2,1,1,0,3,9
9612296,0,0,0,0,0,0,0
9505315,4,2,2,2,4,0,0
9401324,0,0,0,0,0,0,0
206026,6,4,2,3,0,6,21
9508234,2,1,1,1,0,2,6
9707480,5,1,4,10,3,2,2
9908399,2,2,0,0,0,2,15
301119,0,0,0,0,0,0,0
211462,1,1,0,0,0,1,6
105124,0,0,0,0,0,0,0
209122,0,0,0,0,0,0,0
9408311,1,1,0,0,1,0,0
9308317,3,2,1,2,3,0,0
9506353,0,0,0,0,0,0,0
9808405,0,0,0,0,0,0,0
9803249,0,0,0,0,0,0,0
9511268,2,1,1,1,1,1,1
9210271,1,1,0,0,1,0,0
9401230,1,1,0,0,1,0,0
9707456,0,0,0,0,0,0,0
9907221,0,0,0,0,0,0,0
9309204,1,1,0,0,1,0,0
9317,0,0,0,0,0,0,0
211095,0,0,0,0,0,0,0
107127,0,0,0,0,0,0,0
9810293,0,0,0,0,0,0,0
201188,2,1,1,1,0,2,12
8115,2,1,1,1,2,0,0
110398,0,0,0,0,0,0,0
210034,2,2,0,0,0,2,2
9301235,1,1,0,0,1,0,0
7349,1,1,0,0,0,1,7
9510266,2,2,0,0,2,0,0
105179,3,2,1,1,0,3,9
106022,2,1,1,1,0,2,3
202145,0,0,0,0,0,0,0
207276,2,1,1,1,0,2,19
2175,0,0,0,0,0,0,0
109291,0,0,0,0,0,0,0
203107,2,1,1,1,0,2,4
301177,1,1,0,0,0,1,8
9407210,0,0,0,0,0,0,0
9609515,1,1,0,0,0,1,1
204012,0,0,0,0,0,0,0
209041,0,0,0,0,0,0,0
9909549,5,1,4,7,0,5,22
8087,7,1,6,19,0,7,7
208270,0,0,0,0,0,0,0
9608419,0,0,0,0,0,0,0
103114,2,1,1,1,2,0,0
7027,2,2,0,0,0,2,3
9612339,0,0,0,0,0,0,0
101322,1,1,0,0,0,1,5
7097,2,1,1,1,0,2,4
9604319,0,0,0,0,0,0,0
9608475,3,1,2,2,0,3,6
9501347,3,1,2,2,3,0,0
9702221,1,1,0,0,0,1,2
9304284,1,1,0,0,1,0,0
9811288,0,0,0,0,0,0,0
9809591,0,0,0,0,0,0,0
203169,0,0,0,0,0,0,0
9601322,1,1,0,0,1,0,0
9303286,2,2,0,0,2,0,0
9909210,0,0,0,0,0,0,0
208105,0,0,0,0,0,0,0
9509367,0,0,0,0,0,0,0
205326,0,0,0,0,0,0,0
2187,0,0,0,0,0,0,0
9510354,0,0,0,0,0,0,0
9811211,1,1,0,0,1,0,0
6113,1,1,0,0,1,0,0
9808307,0,0,0,0,0,0,0
9712511,0,0,0,0,0,0,0
301022,0,0,0,0,0,0,0
9410320,2,1,1,1,2,0,0
210046,0,0,0,0,0,0,0
8030,1,1,0,0,0,1,1
204162,0,0,0,0,0,0,0
9702279,1,1,0,0,0,1,3
9309206,1,1,0,0,0,1,1
9710202,1,1,0,0,0,1,1
103226,1,1,0,0,0,1,4
9412399,2,1,1,1,2,0,0
301072,2,2,0,0,0,2,16
9306311,1,1,0,0,1,0,0
9711233,1,1,0,0,0,1,5
9811425,3,3,0,0,3,0,0
9508201,0,0,0,0,0,0,0
207330,0,0,0,0,0,0,0
9907336,5,1,4,6,5,0,0
9509387,0,0,0,0,0,0,0
9905501,3,2,1,1,0,3,8
9704373,0,0,0,0,0,0,0
211239,1,1,0,0,1,0,0
110055,0,0,0,0,0,0,0
9810418,2,1,1,1,0,2,2
101198,0,0,0,0,0,0,0
6176,0,0,0,0,0,0,0
208065,0,0,0,0,0,0,0
9811393,3,2,1,1,3,0,0
302176,0,0,0,0,0,0,0
203205,1,1,0,0,0,1,1
9512285,2,2,0,0,2,0,0
9711512,0,0,0,0,0,0,0
9911409,0,0,0,0,0,0,0
110337,1,1,0,0,0,1,4
109074,0,0,0,0,0,0,0
207362,0,0,0,0,0,0,0
9901294,0,0,0,0,0,0,0
9308346,2,1,1,1,2,0,0
212193,0,0,0,0,0,0,0
210017,0,0,0,0,0,0,0
9503416,3,2,1,1,3,0,0
9411223,0,0,0,0,0,0,0
9611452,1,1,0,0,0,1,1
102049,1,1,0,0,1,0,0
109248,0,0,0,0,0,0,0
201083,1,1,0,0,0,1,1
211023,4,1,3,4,0,4,35
207055,1,1,0,0,0,1,18
9702316,3,1,2,3,0,3,12
2301,0,0,0,0,0,0,0
106301,3,2,1,1,0,3,16
9912529,0,0,0,0,0,0,0
9607266,2,1,1,1,2,0,0
9901310,1,1,0,0,1,0,0
203125,0,0,0,0,0,0,0
9601330,0,0,0,0,0,0,0
9804356,2,2,0,0,2,0,0
9807558,0,0,0,0,0,0,0
103344,0,0,0,0,0,0,0
202219,1,1,0,0,0,1,9
9809546,0,0,0,0,0,0,0
9609405,1,1,0,0,0,1,2
205183,2,1,1,1,0,2,5
9907457,1,1,0,0,0,1,1
4157,1,1,0,0,1,0,0
1246,0,0,0,0,0,0,0
210049,0,0,0,0,0,0,0
103245,2,2,0,0,0,2,11
103297,1,1,0,0,1,0,0
9905265,0,0,0,0,0,0,0
211268,3,1,2,3,0,3,8
203230,2,2,0,0,0,2,2
111454,0,0,0,0,0,0,0
12175,0,0,0,0,0,0,0
209374,0,0,0,0,0,0,0
1032,0,0,0,0,0,0,0
9412354,2,1,1,1,2,0,0
208274,0,0,0,0,0,0,0
203063,0,0,0,0,0,0,0
105241,0,0,0,0,0,0,0
9505283,0,0,0,0,0,0,0
9612240,0,0,0,0,0,0,0
211164,0,0,0,0,0,0,0
9205226,1,1,0,0,1,0,0
211183,0,0,0,0,0,0,0
201200,0,0,0,0,0,0,0
9705349,1,1,0,0,1,0,0
9607405,2,1,1,1,2,0,0
9411359,0,0,0,0,0,0,0
9229,0,0,0,0,0,0,0
212279,1,1,0,0,0,1,5
9707219,0,0,0,0,0,0,0
9909433,0,0,0,0,0,0,0
1223,1,1,0,0,0,1,2
12286,0,0,0,0,0,0,0
9911470,2,2,0,0,0,2,7
9803373,1,1,0,0,1,0,0
111163,1,1,0,0,0,1,1
10048,0,0,0,0,0,0,0
9705376,0,0,0,0,0,0,0
9710471,0,0,0,0,0,0,0
9810317,0,0,0,0,0,0,0
5206,1,1,0,0,0,1,2
9611436,0,0,0,0,0,0,0
9405432,1,1,0,0,1,0,0
9907320,0,0,0,0,0,0,0
9402257,1,1,0,0,1,0,0
9812425,0,0,0,0,0,0,0
9606285,0,0,0,0,0,0,0
105177,3,1,2,3,0,3,5
9805258,0,0,0,0,0,0,0
209027,1,1,0,0,1,0,0
9610385,0,0,0,0,0,0,0
9811460,0,0,0,0,0,0,0
104083,0,0,0,0,0,0,0
9609501,0,0,0,0,0,0,0
1060,0,0,0,0,0,0,0
211082,0,0,0,0,0,0,0
9212255,1,1,0,0,1,0,0
9510348,0,0,0,0,0,0,0
9701318,0,0,0,0,0,0,0
9907537,2,1,1,1,0,2,6
9805408,0,0,0,0,0,0,0
9712227,0,0,0,0,0,0,0
302041,0,0,0,0,0,0,0
9711515,1,1,0,0,1,0,0
9802208,0,0,0,0,0,0,0
211042,1,1,0,0,0,1,1
9709469,0,0,0,0,0,0,0
9707414,0,0,0,0,0,0,0
302109,0,0,0,0,0,0,0
105298,0,0,0,0,0,0,0
110290,1,1,0,0,0,1,1
204197,0,0,0,0,0,0,0
2173,0,0,0,0,0,0,0
9802288,1,1,0,0,1,0,0
208100,0,0,0,0,0,0,0
9811271,1,1,0,0,1,0,0
111220,2,1,1,1,0,2,15
9406240,0,0,0,0,0,0,0
9509218,0,0,0,0,0,0,0
9911274,0,0,0,0,0,0,0
9912237,0,0,0,0,0,0,0
204096,0,0,0,0,0,0,0
10019,2,2,0,0,1,1,2
104172,0,0,0,0,0,0,0
211078,1,1,0,0,0,1,1
9501412,0,0,0,0,0,0,0
2197,0,0,0,0,0,0,0
9603296,0,0,0,0,0,0,0
9805479,1,1,0,0,1,0,0
9607340,1,1,0,0,1,0,0
9911487,0,0,0,0,0,0,0
206007,0,0,0,0,0,0,0
9707202,5,1,4,9,3,2,2
105255,0,0,0,0,0,0,0
9612257,1,1,0,0,1,0,0
9712498,0,0,0,0,0,0,0
7271,0,0,0,0,0,0,0
9605300,1,1,0,0,1,0,0
9810462,0,0,0,0,0,0,0
9909503,0,0,0,0,0,0,0
7104,0,0,0,0,0,0,0
9511213,0,0,0,0,0,0,0
104184,0,0,0,0,0,0,0
210047,0,0,0,0,0,0,0
9707237,0,0,0,0,0,0,0
9903393,0,0,0,0,0,0,0
9803471,0,0,0,0,0,0,0
9807240,2,2,0,0,1,1,1
9909216,2,1,1,1,1,1,1
9303318,0,0,0,0,0,0,0
6209,0,0,0,0,0,0,0
9506223,0,0,0,0,0,0,0
301181,0,0,0,0,0,0,0
9601258,0,0,0,0,0,0,0
103030,1,1,0,0,0,1,4
9606218,1,1,0,0,1,0,0
204160,0,0,0,0,0,0,0
9402352,1,1,0,0,1,0,0
9505258,0,0,0,0,0,0,0
9908366,0,0,0,0,0,0,0
206055,1,1,0,0,1,0,0
205069,1,1,0,0,1,0,0
10342,1,1,0,0,1,0,0
9905261,1,1,0,0,1,0,0
9405263,1,1,0,0,1,0,0
9805462,0,0,0,0,0,0,0
9811403,1,1,0,0,0,1,1
9805285,0,0,0,0,0,0,0
9902265,0,0,0,0,0,0,0
210139,1,1,0,0,1,0,0
9809324,2,2,0,0,2,0,0
9604293,0,0,0,0,0,0,0
206004,0,0,0,0,0,0,0
207220,0,0,0,0,0,0,0
9805483,1,1,0,0,1,0,0
9809344,2,2,0,0,2,0,0
9809391,1,1,0,0,1,0,0
107096,0,0,0,0,0,0,0
9212309,1,1,0,0,1,0,0
12284,0,0,0,0,0,0,0
9305289,2,2,0,0,2,0,0
109277,1,1,0,0,1,0,0
9812227,0,0,0,0,0,0,0
9502373,2,1,1,1,2,0,0
9610388,0,0,0,0,0,0,0
106242,0,0,0,0,0,0,0
302141,0,0,0,0,0,0,0
111011,0,0,0,0,0,0,0
1131,0,0,0,0,0,0,0
107170,0,0,0,0,0,0,0
9702213,0,0,0,0,0,0,0
9811462,1,1,0,0,0,1,3
9505376,0,0,0,0,0,0,0
205189,0,0,0,0,0,0,0
205344,0,0,0,0,0,0,0
112224,0,0,0,0,0,0,0
211125,0,0,0,0,0,0,0
210148,0,0,0,0,0,0,0
9808472,0,0,0,0,0,0,0
9809342,0,0,0,0,0,0,0
106079,0,0,0,0,0,0,0
212190,0,0,0,0,0,0,0
103282,1,1,0,0,1,0,0
9708324,0,0,0,0,0,0,0
210229,0,0,0,0,0,0,0
9312243,1,1,0,0,1,0,0
9806330,0,0,0,0,0,0,0
8001,0,0,0,0,0,0,0
105070,0,0,0,0,0,0,0
9706499,0,0,0,0,0,0,0
9504290,0,0,0,0,0,0,0
1125,0,0,0,0,0,0,0
3182,0,0,0,0,0,0,0
207333,0,0,0,0,0,0,0
6337,0,0,0,0,0,0,0
101339,0,0,0,0,0,0,0
9806414,0,0,0,0,0,0,0
9304,0,0,0,0,0,0,0
9610462,0,0,0,0,0,0,0
9503218,0,0,0,0,0,0,0
9309261,1,1,0,0,1,0,0
103250,0,0,0,0,0,0,0
1014,0,0,0,0,0,0,0
9510314,0,0,0,0,0,0,0
302096,0,0,0,0,0,0,0
9811317,0,0,0,0,0,0,0
111232,0,0,0,0,0,0,0
302050,0,0,0,0,0,0,0
9806464,1,1,0,0,0,1,1
9907288,0,0,0,0,0,0,0
9710260,0,0,0,0,0,0,0
9603280,0,0,0,0,0,0,0
111237,3,2,1,1,3,0,0
204195,0,0,0,0,0,0,0
10033,0,0,0,0,0,0,0
106109,0,0,0,0,0,0,0
210423,0,0,0,0,0,0,0
107260,0,0,0,0,0,0,0
210231,0,0,0,0,0,0,0
9807491,0,0,0,0,0,0,0
11265,0,0,0,0,0,0,0
9279,0,0,0,0,0,0,0
302253,1,1,0,0,1,0,0
9310300,1,1,0,0,1,0,0
9905353,1,1,0,0,1,0,0
9604447,0,0,0,0,0,0,0
211407,0,0,0,0,0,0,0
9709370,0,0,0,0,0,0,0
9710311,0,0,0,0,0,0,0
4082,0,0,0,0,0,0,0
211192,0,0,0,0,0,0,0
208245,0,0,0,0,0,0,0
9405269,0,0,0,0,0,0,0
9705365,0,0,0,0,0,0,0
9906414,0,0,0,0,0,0,0
9902344,0,0,0,0,0,0,0
204074,0,0,0,0,0,0,0
9909272,0,0,0,0,0,0,0
105272,0,0,0,0,0,0,0
9712268,0,0,0,0,0,0,0
9512317,0,0,0,0,0,0,0
112208,0,0,0,0,0,0,0
9405415,0,0,0,0,0,0,0
9903217,12,2,10,24,4,8,8
9310311,23,2,21,164,23,0,0
8298,2,2,0,0,2,0,0
9602234,20,2,18,94,10,10,10
9505433,33,2,31,272,33,0,0
12332,6,2,4,6,0,6,40
9902214,7,3,4,5,0,7,19
9308347,21,4,17,95,21,0,0
9503228,8,1,7,19,1,7,7
9205238,23,3,20,135,23,0,0
9403259,3,3,0,0,0,3,5
9602364,3,2,1,1,0,3,14
9607437,43,1,42,400,23,20,20
9706281,35,2,33,266,0,35,130
9812538,20,2,18,72,0,20,195
9504405,17,2,15,88,17,0,0
104091,7,2,5,9,0,7,45
9204215,8,2,6,17,8,0,0
9709438,6,2,4,8,6,0,0
9807315,4,1,3,4,0,4,12
9610374,3,1,2,3,3,0,0
9303202,25,6,19,79,25,0,0
9808487,12,1,11,28,0,12,43
7360,17,1,16,57,10,7,7
9810260,45,3,42,315,0,45,527
9605398,43,2,41,380,0,43,273
107121,4,1,3,5,1,3,12
110022,2,1,1,1,0,2,3
9511255,22,2,20,133,3,19,76
9804252,27,2,25,142,1,26,162
9902308,25,1,24,166,0,25,64
9405352,27,1,26,132,27,0,0
9304302,12,1,11,37,12,0,0
9707416,1,1,0,0,0,1,1
9305275,20,1,19,100,0,20,48
9504260,4,1,3,3,0,4,10
9612334,3,3,0,0,0,3,15
3277,5,2,3,4,0,5,9
9607290,11,1,10,21,6,5,7
9407399,8,1,7,15,8,0,0
9703358,18,2,16,64,0,18,63
9405398,15,4,11,48,15,0,0
9703446,5,2,3,3,0,5,19
9411323,5,2,3,9,0,5,15
9304225,49,8,41,409,49,0,0
9207218,22,1,21,106,22,0,0
9808380,0,0,0,0,0,0,0
9403346,5,2,3,6,5,0,0
9807396,7,2,5,12,0,7,28
9710436,25,1,24,137,1,24,121
9909229,7,1,6,8,0,7,42
9307221,14,3,11,64,14,0,0
9705347,30,3,27,192,0,30,142
9911273,11,4,7,13,0,11,153
10321,9,1,8,14,0,9,116
4074,15,3,12,30,0,15,335
9501304,20,4,16,64,3,17,31
9704394,12,2,10,24,0,12,53
109036,2,2,0,0,0,2,7
9401226,17,2,15,46,0,17,103
9909334,8,2,6,14,0,8,60
9811350,61,2,59,838,0,61,258
9904438,3,1,2,3,0,3,17
9603343,12,2,10,21,1,11,36
9503271,19,1,18,77,2,17,55
9612460,0,0,0,0,0,0,0
9607449,43,1,42,458,0,43,128
9906481,11,1,10,18,0,11,33
9807479,7,1,6,12,0,7,32
9903476,7,2,5,12,0,7,27
9903279,5,2,3,3,0,5,13
9404346,5,1,4,6,5,0,0
209056,0,0,0,0,0,0,0
9902399,11,2,9,36,5,6,6
9510372,13,1,12,37,0,13,47
9709510,2,2,0,0,2,0,0
9703345,11,1,10,22,0,11,17
9208248,20,2,18,103,20,0,0
9506380,33,2,31,208,5,28,45
6049,26,2,24,187,0,26,110
1019,17,1,16,78,0,17,56
105056,8,1,7,13,0,8,58
9908513,13,2,11,39,0,13,249
9608398,6,3,3,4,0,6,16
9502289,21,2,19,106,21,0,0
9810241,13,2,11,38,0,13,21
9406431,11,5,6,28,5,6,6
9712541,7,1,6,15,1,6,6
9712482,9,6,3,6,0,9,37
10051,4,2,2,3,0,4,30
4129,0,0,0,0,0,0,0
9610260,21,2,19,106,0,21,21
205184,1,1,0,0,0,1,16
209107,1,1,0,0,0,1,6
112247,32,2,30,218,0,32,383
9609381,65,1,64,793,9,56,161
9404299,6,3,3,6,6,0,0
9910255,2,2,0,0,0,2,42
9905204,5,1,4,6,0,5,11
9709364,28,1,27,168,1,27,68
9506467,3,2,1,1,0,3,6
9612391,2,2,0,0,0,2,9
9809556,7,1,6,19,7,0,0
9603307,1,1,0,0,0,1,6
8127,5,2,3,6,0,5,30
1253,17,2,15,59,0,17,185
9207219,9,2,7,16,9,0,0
9704201,13,1,12,42,1,12,12
9411365,64,6,58,619,0,64,268
9602223,41,2,39,173,0,41,172
9708306,6,2,4,6,0,6,21
9905479,2,1,1,1,0,2,2
9703389,4,2,2,5,0,4,4
9912287,8,4,4,6,0,8,141
9808328,8,3,5,13,0,8,21
9812229,11,2,9,26,0,11,29
9705307,19,3,16,66,2,17,74
9312212,30,1,29,201,30,0,0
9902383,10,2,8,29,1,9,17
9510235,7,3,4,8,1,6,6
9911434,11,1,10,29,0,11,77
1295,1,1,0,0,0,1,3
9611400,2,2,0,0,1,1,1
9811253,18,3,15,51,0,18,40
9711440,16,2,14,60,0,16,96
9710224,8,1,7,17,0,8,33
9511397,24,1,23,142,3,21,40
9411415,13,4,9,41,13,0,0
9710427,29,1,28,166,0,29,250
9805232,17,3,14,82,17,0,0
9512208,6,2,4,6,0,6,13
9709390,2,2,0,0,0,2,16
9610269,17,2,15,68,0,17,76
9302249,7,1,6,7,7,0,0
9710401,30,3,27,179,0,30,528
9707275,7,4,3,7,0,7,75
9908218,13,1,12,32,6,7,7
9509299,20,3,17,105,0,20,70
3038,2,2,0,0,0,2,7
9901350,14,1,13,61,2,12,16
12354,9,1,8,25,0,9,17
9706540,8,4,4,7,0,8,15
9502296,6,3,3,3,0,6,17
9305321,3,2,1,1,3,0,0
8090,4,3,1,1,0,4,12
9610301,10,1,9,31,10,0,0
7018,6,3,3,6,0,6,8
9307266,13,2,11,42,13,0,0
9604302,7,3,4,6,0,7,27
9311225,6,1,5,8,6,0,0
9804206,4,2,2,2,0,4,7
9306219,13,3,10,51,13,0,0
9204216,5,1,4,10,5,0,0
9305223,12,3,9,34,12,0,0
12179,0,0,0,0,0,0,0
9803306,19,1,18,67,0,19,88
11332,13,1,12,40,0,13,19
9303280,15,4,11,32,15,0,0
9603328,21,2,19,147,21,0,0
8288,1,1,0,0,1,0,0
9211303,11,3,8,21,11,0,0
112305,5,2,3,6,0,5,33
102193,22,4,18,153,3,19,42
9704317,19,3,16,77,0,19,87
107214,1,1,0,0,0,1,3
205210,2,1,1,1,0,2,4
9612394,28,3,25,156,1,27,55
9608406,6,3,3,4,0,6,58
9610221,1,1,0,0,0,1,6
3025,7,1,6,11,1,6,14
9707462,3,2,1,1,1,2,4
9804305,1,1,0,0,0,1,1
9605432,5,1,4,5,0,5,10
9908283,14,4,10,32,0,14,44
9610549,9,1,8,26,6,3,3
9704328,0,0,0,0,0,0,0
9809367,9,2,7,13,0,9,13
9804352,9,2,7,20,0,9,28
106356,11,2,9,28,0,11,27
10334,6,2,4,8,0,6,10
9404209,17,3,14,40,1,16,52
203009,4,2,2,3,0,4,14
9812487,13,3,10,35,0,13,101
9911477,3,1,2,2,3,0,0
9901306,12,2,10,46,0,12,138
4085,17,2,15,68,0,17,169
9506347,11,1,10,23,6,5,5
9712478,8,3,5,10,0,8,76
9402304,4,1,3,6,3,1,1
9908333,8,1,7,16,0,8,24
9710370,5,1,4,10,1,4,22
9711215,9,1,8,17,0,9,24
10193,1,1,0,0,0,1,6
9911300,1,1,0,0,1,0,0
9702315,13,2,11,27,0,13,77
9503413,2,1,1,1,2,0,0
9703273,1,1,0,0,0,1,2
102297,12,3,9,47,12,0,0
9402292,2,1,1,1,2,0,0
9405209,8,1,7,14,0,8,8
9502315,7,1,6,10,7,0,0
9212284,32,4,28,133,0,32,32
9703207,3,2,1,2,0,3,7
9605392,15,3,12,42,0,15,54
9807336,17,1,16,55,4,13,13
9911379,7,1,6,10,0,7,32
9606407,1,1,0,0,0,1,2
9507352,2,1,1,1,2,0,0
104315,2,2,0,0,0,2,8
9507442,3,1,2,3,3,0,0
9609342,2,1,1,1,0,2,11
9707478,7,1,6,10,7,0,0
9808426,27,1,26,121,0,27,63
9606291,0,0,0,0,0,0,0
202030,15,3,12,52,0,15,109
204314,20,1,19,92,0,20,89
9501269,22,2,20,101,22,0,0
102323,34,1,33,238,0,34,114
105224,6,2,4,9,0,6,49
7233,4,4,0,0,0,4,18
7243,6,3,3,6,0,6,6
9807552,6,1,5,8,0,6,14
9607463,7,2,5,8,0,7,23
203244,7,2,5,9,0,7,44
9707349,0,0,0,0,0,0,0
9511412,2,2,0,0,1,1,1
9610443,2,1,1,1,0,2,4
4044,46,4,42,338,0,46,458
9904420,2,2,0,0,0,2,2
9905543,10,3,7,23,0,10,50
9712299,7,2,5,9,0,7,17
9402204,11,1,10,31,11,0,0
9908246,11,2,9,21,0,11,76
2046,0,0,0,0,0,0,0
9704310,1,1,0,0,0,1,3
111385,4,1,3,6,4,0,0
204134,3,1,2,2,0,3,8
9603327,5,2,3,5,5,0,0
9308235,2,2,0,0,2,0,0
9307242,42,2,40,391,42,0,0
9709288,4,2,2,2,0,4,14
210427,1,1,0,0,0,1,4
7329,31,2,29,217,0,31,193
211044,0,0,0,0,0,0,0
9511380,3,1,2,2,0,3,8
9612399,3,1,2,2,3,0,0
9908483,7,3,4,4,3,4,4
6084,1,1,0,0,0,1,6
9911529,0,0,0,0,0,0,0
9711352,1,1,0,0,0,1,15
9349,0,0,0,0,0,0,0
9406399,1,1,0,0,1,0,0
9810295,3,3,0,0,0,3,7
9410312,1,1,0,0,0,1,1
9908449,1,1,0,0,0,1,4
9503383,8,1,7,13,1,7,7
9711487,7,1,6,13,0,7,54
102021,8,1,7,14,0,8,25
6351,16,2,14,53,0,16,89
3168,16,1,15,57,16,0,0
1203,3,1,2,3,3,0,0
9411368,6,1,5,13,6,0,0
104170,0,0,0,0,0,0,0
9809312,8,3,5,10,3,5,5
10171,1,1,0,0,0,1,2
9406273,1,1,0,0,1,0,0
9505222,5,1,4,4,0,5,12
9602327,8,4,4,10,8,0,0
9701257,4,1,3,5,4,0,0
9409270,2,1,1,1,2,0,0
11366,2,2,0,0,2,0,0
9605223,24,2,22,54,0,24,163
9405385,4,2,2,3,4,0,0
9901317,7,1,6,13,0,7,52
9412356,7,1,6,14,0,7,7
9902266,1,1,0,0,0,1,2
111044,8,4,4,9,0,8,35
9805490,0,0,0,0,0,0,0
3309,0,0,0,0,0,0,0
9307222,11,2,9,17,11,0,0
9810282,2,2,0,0,0,2,18
6051,2,1,1,1,0,2,11
211251,3,2,1,1,0,3,22
9510291,1,1,0,0,1,0,0
104033,1,1,0,0,0,1,12
9504244,6,2,4,10,1,5,5
9701273,5,1,4,5,0,5,5
201245,2,2,0,0,0,2,2
8331,1,1,0,0,0,1,1
9406303,9,1,8,23,0,9,9
211374,0,0,0,0,0,0,0
106278,7,2,5,8,0,7,143
9605405,2,2,0,0,2,0,0
9801394,2,1,1,1,0,2,4
1051,0,0,0,0,0,0,0
111436,0,0,0,0,0,0,0
110003,0,0,0,0,0,0,0
9804253,2,1,1,1,2,0,0
211233,0,0,0,0,0,0,0
204086,1,1,0,0,0,1,13
3118,5,2,3,6,0,5,41
9812382,1,1,0,0,0,1,13
9402245,1,1,0,0,1,0,0
9410266,6,2,4,5,0,6,13
9909408,7,3,4,10,0,7,50
9411310,3,1,2,3,3,0,0
9708247,7,1,6,14,7,0,0
9811366,5,2,3,5,0,5,21
9706394,4,2,2,3,4,0,0
9309263,5,3,2,3,5,0,0
9408254,4,2,2,2,1,3,3
9604259,7,1,6,13,7,0,0
9810204,1,1,0,0,0,1,3
9802370,7,1,6,9,0,7,30
108242,1,1,0,0,0,1,2
9604407,3,1,2,3,0,3,3
9307223,0,0,0,0,0,0,0
9710267,4,1,3,6,0,4,18
9606412,4,1,3,4,4,0,0
9506322,3,2,1,1,3,0,0
9810211,0,0,0,0,0,0,0
9044,1,1,0,0,1,0,0
104227,0,0,0,0,0,0,0
106139,4,3,1,1,0,4,53
9710560,4,3,1,1,0,4,18
7088,5,1,4,6,0,5,19
104027,1,1,0,0,0,1,6
2267,11,1,10,28,11,0,0
209017,1,1,0,0,0,1,3
207053,6,2,4,10,0,6,68
9703399,1,1,0,0,1,0,0
212125,0,0,0,0,0,0,0
1074,3,1,2,2,3,0,0
9706453,1,1,0,0,0,1,1
9606426,6,2,4,4,0,6,10
9612239,14,1,13,59,6,8,8
9402347,9,2,7,11,2,7,7
9803292,2,1,1,1,2,0,0
9911393,4,1,3,3,0,4,6
201080,11,3,8,25,0,11,29
9912434,10,3,7,12,2,8,12
108030,4,3,1,1,0,4,7
9702382,0,0,0,0,0,0,0
9703260,0,0,0,0,0,0,0
102337,9,1,8,18,0,9,144
204145,0,0,0,0,0,0,0
110155,3,2,1,1,0,3,87
9806419,7,2,5,6,7,0,0
9804389,0,0,0,0,0,0,0
9805215,0,0,0,0,0,0,0
107200,8,1,7,12,4,4,4
9708315,2,1,1,1,1,1,1
9306295,4,3,1,1,0,4,4
9708358,2,2,0,0,0,2,14
9402265,5,1,4,8,0,5,10
9211301,9,1,8,32,9,0,0
12041,8,2,6,24,8,0,0
10069,4,1,3,6,4,0,0
9402232,0,0,0,0,0,0,0
104242,9,2,7,13,0,9,129
105332,3,2,1,1,3,0,0
9510262,6,2,4,4,0,6,6
9707380,7,2,5,9,7,0,0
211300,3,3,0,0,0,3,16
9902204,11,1,10,41,11,0,0
111373,0,0,0,0,0,0,0
9307219,1,1,0,0,1,0,0
9909453,2,1,1,1,2,0,0
9503346,9,3,6,9,0,9,28
9807225,0,0,0,0,0,0,0
7198,5,3,2,2,5,0,0
9711373,2,1,1,1,0,2,7
102119,3,2,1,1,0,3,26
11334,5,3,2,6,0,5,24
11275,8,3,5,12,0,8,48
9812309,4,3,1,1,0,4,4
103040,2,1,1,1,2,0,0
9505409,11,1,10,25,11,0,0
9910346,3,1,2,2,0,3,68
9505279,7,2,5,12,7,0,0
9705409,9,2,7,21,1,8,19
9208253,5,1,4,5,5,0,0
8153,1,1,0,0,0,1,2
9805489,0,0,0,0,0,0,0
9604239,2,1,1,1,0,2,5
8140,0,0,0,0,0,0,0
9911241,1,1,0,0,0,1,3
9403341,7,1,6,13,7,0,0
9906269,1,1,0,0,1,0,0
9906271,2,1,1,1,0,2,10
9605376,7,1,6,15,7,0,0
102225,0,0,0,0,0,0,0
9708438,2,1,1,1,2,0,0
9708232,3,2,1,1,0,3,6
9609284,0,0,0,0,0,0,0
10090,0,0,0,0,0,0,0
9404301,1,1,0,0,0,1,1
206043,1,1,0,0,0,1,1
108126,1,1,0,0,1,0,0
9605406,2,1,1,1,0,2,18
9607357,0,0,0,0,0,0,0
9603430,25,4,21,133,6,19,19
9711236,6,2,4,7,0,6,23
9709240,0,0,0,0,0,0,0
204344,0,0,0,0,0,0,0
9502368,5,1,4,5,5,0,0
4113,2,2,0,0,0,2,9
9712442,1,1,0,0,0,1,7
9701374,2,1,1,1,2,0,0
9804446,0,0,0,0,0,0,0
9711238,2,1,1,1,0,2,6
105161,2,2,0,0,0,2,13
203067,2,1,1,1,0,2,32
210038,6,2,4,11,1,5,7
9133,8,2,6,10,0,8,57
9509430,0,0,0,0,0,0,0
9810416,7,2,5,15,1,6,9
9703255,2,1,1,1,2,0,0
106066,4,3,1,2,0,4,7
9903443,1,1,0,0,0,1,7
101046,0,0,0,0,0,0,0
5260,1,1,0,0,0,1,17
9709203,3,1,2,2,2,1,3
9908208,5,3,2,3,0,5,24
9301253,13,1,12,43,13,0,0
203129,2,1,1,1,0,2,12
9411282,9,2,7,17,1,8,15
9812238,2,2,0,0,0,2,7
9903322,1,1,0,0,0,1,4
2132,4,2,2,2,0,4,7
112210,3,3,0,0,0,3,17
209080,0,0,0,0,0,0,0
9207203,2,1,1,1,2,0,0
9706320,1,1,0,0,1,0,0
209058,0,0,0,0,0,0,0
9410406,4,1,3,3,4,0,0
9801205,3,1,2,3,0,3,3
9706462,1,1,0,0,0,1,3
9210249,5,2,3,4,5,0,0
211085,5,1,4,6,5,0,0
9902319,7,2,5,9,0,7,17
9809444,2,2,0,0,0,2,10
9207265,4,2,2,3,4,0,0
9903368,1,1,0,0,1,0,0
9608212,3,1,2,3,3,0,0
9607317,4,3,1,1,0,4,24
9712237,0,0,0,0,0,0,0
101233,0,0,0,0,0,0,0
9507411,0,0,0,0,0,0,0
9503312,1,1,0,0,1,0,0
6279,0,0,0,0,0,0,0
9701224,0,0,0,0,0,0,0
9507425,5,2,3,4,1,4,10
103343,2,2,0,0,0,2,13
9708362,1,1,0,0,0,1,1
205245,2,1,1,1,0,2,2
302268,0,0,0,0,0,0,0
9706214,0,0,0,0,0,0,0
9809356,1,1,0,0,0,1,1
12080,9,2,7,24,1,8,9
9709491,0,0,0,0,0,0,0
1303,0,0,0,0,0,0,0
9509413,3,3,0,0,3,0,0
9905529,1,1,0,0,0,1,3
9408281,2,2,0,0,0,2,2
9402349,1,1,0,0,1,0,0
9205235,3,1,2,2,3,0,0
9705439,5,2,3,6,0,5,5
108163,1,1,0,0,0,1,8
106213,0,0,0,0,0,0,0
9504221,2,1,1,1,0,2,3
112259,4,2,2,2,0,4,16
12279,8,4,4,10,5,3,3
111394,0,0,0,0,0,0,0
207002,1,1,0,0,0,1,2
9707529,0,0,0,0,0,0,0
9410324,2,2,0,0,1,1,4
4148,5,1,4,8,5,0,0
9506407,3,1,2,3,3,0,0
9204219,6,2,4,5,6,0,0
9911373,1,1,0,0,0,1,1
9206243,1,1,0,0,1,0,0
9605253,0,0,0,0,0,0,0
104192,2,1,1,1,0,2,6
9607293,0,0,0,0,0,0,0
9410318,5,2,3,6,5,0,0
9402268,0,0,0,0,0,0,0
11191,1,1,0,0,0,1,2
101251,1,1,0,0,0,1,1
9710405,1,1,0,0,1,0,0
9409384,10,2,8,19,10,0,0
9210251,5,5,0,0,5,0,0
3053,2,2,0,0,0,2,6
9902282,3,2,1,1,1,2,2
101309,0,0,0,0,0,0,0
9907550,4,2,2,4,0,4,4
9711455,2,1,1,1,2,0,0
12025,0,0,0,0,0,0,0
9709332,2,2,0,0,2,0,0
9601299,2,2,0,0,0,2,3
9502395,3,3,0,0,0,3,3
9401255,11,1,10,43,11,0,0
102293,0,0,0,0,0,0,0
9909514,1,1,0,0,1,0,0
9803328,2,1,1,1,2,0,0
9606270,0,0,0,0,0,0,0
9711318,8,2,6,16,0,8,46
9607353,6,2,4,9,0,6,10
9508382,1,1,0,0,1,0,0
9807550,1,1,0,0,0,1,3
9704386,3,3,0,0,3,0,0
109231,8,3,5,14,0,8,81
9304286,4,3,1,2,4,0,0
209271,0,0,0,0,0,0,0
4225,4,2,2,3,0,4,4
5164,2,2,0,0,0,2,4
9709430,0,0,0,0,0,0,0
9509424,3,2,1,2,3,0,0
9401316,2,1,1,1,1,1,3
9908324,2,2,0,0,0,2,4
9904511,1,1,0,0,1,0,0
9312283,1,1,0,0,1,0,0
9807263,13,1,12,30,0,13,47
9605221,3,2,1,1,1,2,2
9709257,1,1,0,0,0,1,1
207032,0,0,0,0,0,0,0
7346,1,1,0,0,0,1,7
9502309,7,3,4,7,0,7,16
9302254,3,2,1,1,3,0,0
101001,2,1,1,1,2,0,0
209241,1,1,0,0,0,1,4
9501338,4,2,2,3,4,0,0
204077,1,1,0,0,0,1,4
9606279,1,1,0,0,1,0,0
9901249,0,0,0,0,0,0,0
212238,0,0,0,0,0,0,0
9702313,0,0,0,0,0,0,0
112281,2,1,1,1,0,2,5
207302,0,0,0,0,0,0,0
207047,4,3,1,1,0,4,11
211371,1,1,0,0,1,0,0
9303235,4,4,0,0,4,0,0
9702402,1,1,0,0,1,0,0
9810520,4,2,2,2,4,0,0
7086,2,1,1,1,0,2,4
9705422,6,3,3,8,0,6,16
9411281,1,1,0,0,1,0,0
9912459,0,0,0,0,0,0,0
9510390,1,1,0,0,1,0,0
9911358,3,1,2,3,0,3,6
11086,1,1,0,0,0,1,2
9311378,0,0,0,0,0,0,0
9606440,2,1,1,1,0,2,7
9801424,0,0,0,0,0,0,0
9911322,2,1,1,1,0,2,6
9610212,1,1,0,0,0,1,1
9811474,4,1,3,3,1,3,3
104306,5,1,4,7,0,5,8
9406269,1,1,0,0,1,0,0
9604310,2,2,0,0,2,0,0
9910389,0,0,0,0,0,0,0
207296,2,1,1,1,0,2,17
9912282,1,1,0,0,1,0,0
111127,0,0,0,0,0,0,0
9910512,2,1,1,1,0,2,3
9712388,2,1,1,1,0,2,4
9405227,1,1,0,0,0,1,1
112203,2,1,1,1,0,2,6
9211330,1,1,0,0,1,0,0
9401317,3,3,0,0,3,0,0
9704276,5,1,4,8,0,5,31
9401298,3,3,0,0,3,0,0
206305,1,1,0,0,0,1,3
109026,0,0,0,0,0,0,0
3056,0,0,0,0,0,0,0
9808204,0,0,0,0,0,0,0
9203207,5,1,4,10,5,0,0
9603329,1,1,0,0,1,0,0
107219,8,4,4,6,0,8,27
9908420,0,0,0,0,0,0,0
9304269,2,1,1,1,2,0,0
8126,1,1,0,0,0,1,1
101010,2,1,1,1,2,0,0
108115,0,0,0,0,0,0,0
9709405,0,0,0,0,0,0,0
9912208,1,1,0,0,1,0,0
9607441,1,1,0,0,0,1,5
9612481,0,0,0,0,0,0,0
9810378,0,0,0,0,0,0,0
9508263,3,3,0,0,0,3,5
9612311,0,0,0,0,0,0,0
9802307,4,2,2,3,1,3,3
103053,3,2,1,1,0,3,36
10149,1,1,0,0,0,1,1
9607455,3,1,2,3,0,3,12
9809306,6,1,5,6,0,6,8
9506434,3,2,1,1,3,0,0
9608304,0,0,0,0,0,0,0
9505311,2,2,0,0,0,2,5
10309,0,0,0,0,0,0,0
109127,3,1,2,2,3,0,0
9601327,1,1,0,0,1,0,0
9810530,6,2,4,8,0,6,9
9304268,1,1,0,0,1,0,0
9702238,7,1,6,18,7,0,0
9902296,3,2,1,1,3,0,0
9802321,1,1,0,0,1,0,0
9211319,2,2,0,0,2,0,0
9810212,0,0,0,0,0,0,0
9609286,0,0,0,0,0,0,0
111427,4,2,2,2,0,4,6
101161,1,1,0,0,0,1,6
9405242,2,1,1,1,2,0,0
9311351,0,0,0,0,0,0,0
9912262,3,1,2,2,0,3,11
11122,0,0,0,0,0,0,0
9911534,3,3,0,0,1,2,2
9908467,2,2,0,0,0,2,2
9812204,0,0,0,0,0,0,0
9704446,0,0,0,0,0,0,0
9402294,0,0,0,0,0,0,0
9408328,4,1,3,3,4,0,0
207085,1,1,0,0,0,1,2
107249,0,0,0,0,0,0,0
5013,2,1,1,1,0,2,9
9909466,0,0,0,0,0,0,0
4145,0,0,0,0,0,0,0
106232,0,0,0,0,0,0,0
9909487,1,1,0,0,0,1,2
9401234,1,1,0,0,1,0,0
9704202,4,1,3,3,0,4,20
9404317,0,0,0,0,0,0,0
9711340,2,1,1,1,0,2,4
9804463,1,1,0,0,0,1,3
6177,1,1,0,0,0,1,2
1016,4,1,3,4,0,4,15
110063,2,1,1,1,0,2,4
208086,1,1,0,0,0,1,6
209235,1,1,0,0,1,0,0
9901292,0,0,0,0,0,0,0
102289,3,2,1,1,0,3,4
9310337,2,2,0,0,2,0,0
9808349,1,1,0,0,0,1,4
9902367,0,0,0,0,0,0,0
9810523,0,0,0,0,0,0,0
9205203,3,3,0,0,3,0,0
203275,5,2,3,9,0,5,15
9507305,3,1,2,3,0,3,3
9701361,3,1,2,3,3,0,0
9801406,2,2,0,0,0,2,6
210414,1,1,0,0,0,1,5
9809392,0,0,0,0,0,0,0
9906349,1,1,0,0,1,0,0
208117,1,1,0,0,1,0,0
9807347,2,2,0,0,0,2,3
9510381,1,1,0,0,0,1,1
9706434,0,0,0,0,0,0,0
9512295,2,1,1,1,2,0,0
9705420,0,0,0,0,0,0,0
9609304,0,0,0,0,0,0,0
9505249,1,1,0,0,1,0,0
111154,1,1,0,0,0,1,3
9911441,0,0,0,0,0,0,0
201187,0,0,0,0,0,0,0
11020,1,1,0,0,0,1,6
9912298,0,0,0,0,0,0,0
207238,0,0,0,0,0,0,0
9259,1,1,0,0,0,1,2
9602431,0,0,0,0,0,0,0
9810329,5,1,4,8,0,5,11
206169,0,0,0,0,0,0,0
9036,1,1,0,0,0,1,19
204135,3,1,2,2,3,0,0
9304229,1,1,0,0,1,0,0
9901330,1,1,0,0,0,1,8
211039,0,0,0,0,0,0,0
106211,3,2,1,1,0,3,7
9903457,2,1,1,1,2,0,0
204209,0,0,0,0,0,0,0
109092,0,0,0,0,0,0,0
9907277,0,0,0,0,0,0,0
9711441,3,1,2,3,0,3,3
208001,0,0,0,0,0,0,0
204224,2,1,1,1,0,2,7
9505377,0,0,0,0,0,0,0
9511330,2,1,1,1,2,0,0
203203,1,1,0,0,1,0,0
107149,1,1,0,0,1,0,0
102195,3,2,1,1,1,2,3
103215,5,1,4,8,5,0,0
9508340,0,0,0,0,0,0,0
9905521,1,1,0,0,0,1,1
103273,2,1,1,1,0,2,6
107259,3,2,1,2,0,3,11
109171,1,1,0,0,0,1,4
112142,1,1,0,0,0,1,4
101078,2,2,0,0,0,2,4
9607422,0,0,0,0,0,0,0
9607297,8,1,7,17,8,0,0
9512332,4,2,2,2,4,0,0
9410396,0,0,0,0,0,0,0
9404233,1,1,0,0,1,0,0
9509227,4,2,2,3,4,0,0
302216,0,0,0,0,0,0,0
9912222,1,1,0,0,0,1,1
9608360,2,2,0,0,2,0,0
101094,0,0,0,0,0,0,0
9702309,1,1,0,0,0,1,1
4177,6,1,5,10,0,6,8
210329,0,0,0,0,0,0,0
9705310,0,0,0,0,0,0,0
9706296,1,1,0,0,0,1,5
9506254,2,2,0,0,2,0,0
6178,0,0,0,0,0,0,0
9802335,0,0,0,0,0,0,0
9707253,0,0,0,0,0,0,0
9906386,2,2,0,0,2,0,0
102016,2,1,1,1,0,2,8
9401216,0,0,0,0,0,0,0
9811318,1,1,0,0,0,1,1
9505287,2,1,1,1,2,0,0
202163,1,1,0,0,1,0,0
9610341,2,1,1,1,2,0,0
204319,0,0,0,0,0,0,0
112169,0,0,0,0,0,0,0
9612487,1,1,0,0,0,1,2
11181,0,0,0,0,0,0,0
212341,0,0,0,0,0,0,0
9310232,1,1,0,0,1,0,0
12086,0,0,0,0,0,0,0
9904412,0,0,0,0,0,0,0
9409280,3,2,1,1,3,0,0
110289,0,0,0,0,0,0,0
9706359,1,1,0,0,0,1,1
9504389,0,0,0,0,0,0,0
7204,0,0,0,0,0,0,0
9802383,1,1,0,0,1,0,0
206017,0,0,0,0,0,0,0
103336,0,0,0,0,0,0,0
9709472,0,0,0,0,0,0,0
9809332,0,0,0,0,0,0,0
9807352,0,0,0,0,0,0,0
205211,5,5,0,0,0,5,109
9904202,1,1,0,0,1,0,0
212384,1,1,0,0,0,1,15
101221,0,0,0,0,0,0,0
209094,0,0,0,0,0,0,0
9710293,1,1,0,0,1,0,0
9908253,0,0,0,0,0,0,0
204243,0,0,0,0,0,0,0
112213,0,0,0,0,0,0,0
210429,1,1,0,0,1,0,0
9711375,0,0,0,0,0,0,0
9308361,1,1,0,0,0,1,1
9901247,1,1,0,0,1,0,0
201268,0,0,0,0,0,0,0
9704210,1,1,0,0,0,1,1
201164,3,1,2,3,0,3,3
9606320,2,1,1,1,2,0,0
9508345,0,0,0,0,0,0,0
201199,0,0,0,0,0,0,0
9903362,2,1,1,1,2,0,0
211342,3,2,1,1,0,3,22
107112,3,2,1,2,0,3,11
110321,2,1,1,1,0,2,2
9912279,0,0,0,0,0,0,0
108124,1,1,0,0,0,1,5
9510353,1,1,0,0,1,0,0
9611307,2,1,1,1,2,0,0
9807435,1,1,0,0,1,0,0
203048,0,0,0,0,0,0,0
9901253,0,0,0,0,0,0,0
9507337,1,1,0,0,1,0,0
9611302,2,2,0,0,2,0,0
9606457,1,1,0,0,1,0,0
9611428,0,0,0,0,0,0,0
9808245,0,0,0,0,0,0,0
210437,0,0,0,0,0,0,0
301208,1,1,0,0,0,1,3
9908400,1,1,0,0,0,1,1
9607387,0,0,0,0,0,0,0
2105,0,0,0,0,0,0,0
110153,3,1,2,2,0,3,11
205231,0,0,0,0,0,0,0
9703371,0,0,0,0,0,0,0
212038,0,0,0,0,0,0,0
6028,1,1,0,0,0,1,3
9910317,3,1,2,2,3,0,0
12269,0,0,0,0,0,0,0
1300,1,1,0,0,1,0,0
9902281,0,0,0,0,0,0,0
9803437,0,0,0,0,0,0,0
9804433,1,1,0,0,0,1,2
8055,0,0,0,0,0,0,0
211083,0,0,0,0,0,0,0
9805511,0,0,0,0,0,0,0
301115,0,0,0,0,0,0,0
211297,0,0,0,0,0,0,0
106341,1,1,0,0,0,1,1
9310308,0,0,0,0,0,0,0
211129,1,1,0,0,1,0,0
9906367,1,1,0,0,1,0,0
9710553,1,1,0,0,1,0,0
9612406,0,0,0,0,0,0,0
9208208,2,2,0,0,2,0,0
207252,0,0,0,0,0,0,0
212307,3,2,1,2,0,3,14
9407275,1,1,0,0,1,0,0
209147,0,0,0,0,0,0,0
9311295,0,0,0,0,0,0,0
208138,0,0,0,0,0,0,0
107292,0,0,0,0,0,0,0
9602293,0,0,0,0,0,0,0
9130,2,2,0,0,0,2,4
9703300,3,1,2,2,3,0,0
9302226,0,0,0,0,0,0,0
12224,0,0,0,0,0,0,0
9902480,0,0,0,0,0,0,0
10287,1,1,0,0,0,1,1
9411345,1,1,0,0,1,0,0
9410394,0,0,0,0,0,0,0
9808399,2,2,0,0,2,0,0
210108,1,1,0,0,0,1,9
9805400,0,0,0,0,0,0,0
9512431,0,0,0,0,0,0,0
111013,3,1,2,3,3,0,0
206206,0,0,0,0,0,0,0
112268,2,2,0,0,0,2,3
9901395,0,0,0,0,0,0,0
210295,0,0,0,0,0,0,0
9812342,1,1,0,0,1,0,0
9504202,0,0,0,0,0,0,0
210070,0,0,0,0,0,0,0
107019,0,0,0,0,0,0,0
301046,0,0,0,0,0,0,0
9310267,2,2,0,0,2,0,0
9505365,0,0,0,0,0,0,0
9909273,1,1,0,0,0,1,5
9607228,0,0,0,0,0,0,0
4231,0,0,0,0,0,0,0
208006,0,0,0,0,0,0,0
9803430,0,0,0,0,0,0,0
9104,0,0,0,0,0,0,0
9611379,0,0,0,0,0,0,0
9705285,0,0,0,0,0,0,0
9706340,1,1,0,0,0,1,3
9710366,0,0,0,0,0,0,0
1129,1,1,0,0,1,0,0
9904384,2,1,1,1,2,0,0
9907395,0,0,0,0,0,0,0
211196,0,0,0,0,0,0,0
9901359,0,0,0,0,0,0,0
301016,0,0,0,0,0,0,0
9910513,0,0,0,0,0,0,0
208152,2,1,1,1,0,2,15
9162,0,0,0,0,0,0,0
9503244,0,0,0,0,0,0,0
108048,0,0,0,0,0,0,0
112029,0,0,0,0,0,0,0
9407232,0,0,0,0,0,0,0
207232,0,0,0,0,0,0,0
9609305,1,1,0,0,0,1,4
9902330,0,0,0,0,0,0,0
208131,0,0,0,0,0,0,0
102062,0,0,0,0,0,0,0
207172,0,0,0,0,0,0,0
9604368,1,1,0,0,1,0,0
102232,0,0,0,0,0,0,0
9228,0,0,0,0,0,0,0
9912518,0,0,0,0,0,0,0
9904430,4,1,3,5,0,4,5
9606338,0,0,0,0,0,0,0
109185,0,0,0,0,0,0,0
9511235,0,0,0,0,0,0,0
3158,1,1,0,0,1,0,0
11140,0,0,0,0,0,0,0
9909493,0,0,0,0,0,0,0
9604278,0,0,0,0,0,0,0
9903484,0,0,0,0,0,0,0
211431,1,1,0,0,0,1,2
107179,0,0,0,0,0,0,0
9811228,1,1,0,0,1,0,0
9706282,0,0,0,0,0,0,0
302171,0,0,0,0,0,0,0
9711432,1,1,0,0,1,0,0
9806446,0,0,0,0,0,0,0
9610347,0,0,0,0,0,0,0
211339,0,0,0,0,0,0,0
9711209,0,0,0,0,0,0,0
9602257,0,0,0,0,0,0,0
108086,0,0,0,0,0,0,0
9509335,1,1,0,0,0,1,1
9510445,0,0,0,0,0,0,0
212067,0,0,0,0,0,0,0
207342,0,0,0,0,0,0,0
9910418,0,0,0,0,0,0,0
212046,0,0,0,0,0,0,0
9907429,1,1,0,0,0,1,2
302088,0,0,0,0,0,0,0
9612414,0,0,0,0,0,0,0
11239,1,1,0,0,1,0,0
9702317,0,0,0,0,0,0,0
9502234,1,1,0,0,1,0,0
9609412,0,0,0,0,0,0,0
301169,0,0,0,0,0,0,0
9906228,0,0,0,0,0,0,0
9908325,1,1,0,0,0,1,1
302156,0,0,0,0,0,0,0
9809302,0,0,0,0,0,0,0
6187,0,0,0,0,0,0,0
201158,0,0,0,0,0,0,0
9601318,0,0,0,0,0,0,0
9803231,0,0,0,0,0,0,0
211398,0,0,0,0,0,0,0
9804424,0,0,0,0,0,0,0
209113,0,0,0,0,0,0,0
9305301,1,1,0,0,1,0,0
9807514,1,1,0,0,1,0,0
10169,0,0,0,0,0,0,0
209103,1,1,0,0,1,0,0
9808382,2,1,1,1,0,2,4
9808403,2,1,1,1,2,0,0
110074,0,0,0,0,0,0,0
7150,1,1,0,0,0,1,1
203206,1,1,0,0,1,0,0
2090,0,0,0,0,0,0,0
201096,0,0,0,0,0,0,0
11232,0,0,0,0,0,0,0
9706475,0,0,0,0,0,0,0
9907236,0,0,0,0,0,0,0
9608391,0,0,0,0,0,0,0
8045,0,0,0,0,0,0,0
9511312,0,0,0,0,0,0,0
9806410,0,0,0,0,0,0,0
302183,0,0,0,0,0,0,0
9911475,1,1,0,0,1,0,0
212034,0,0,0,0,0,0,0
9701245,0,0,0,0,0,0,0
9904392,1,1,0,0,0,1,3
9605396,0,0,0,0,0,0,0
301273,0,0,0,0,0,0,0
211190,0,0,0,0,0,0,0
209331,0,0,0,0,0,0,0
9804286,1,1,0,0,1,0,0
9606242,0,0,0,0,0,0,0
107143,1,1,0,0,0,1,8
8297,0,0,0,0,0,0,0
207267,0,0,0,0,0,0,0
9408263,0,0,0,0,0,0,0
9504383,1,1,0,0,1,0,0
9708465,0,0,0,0,0,0,0
302019,0,0,0,0,0,0,0
9811487,1,1,0,0,1,0,0
210107,0,0,0,0,0,0,0
9604379,0,0,0,0,0,0,0
106111,0,0,0,0,0,0,0
9505401,0,0,0,0,0,0,0
9604346,0,0,0,0,0,0,0
9801231,0,0,0,0,0,0,0
207206,0,0,0,0,0,0,0
211102,0,0,0,0,0,0,0
9303261,1,1,0,0,1,0,0
210220,0,0,0,0,0,0,0
2111,0,0,0,0,0,0,0
9608228,0,0,0,0,0,0,0
9306312,0,0,0,0,0,0,0
9703416,2,1,1,1,2,0,0
9808250,1,1,0,0,1,0,0
9411350,0,0,0,0,0,0,0
104171,0,0,0,0,0,0,0
9403299,0,0,0,0,0,0,0
209293,0,0,0,0,0,0,0
9708379,0,0,0,0,0,0,0
9807532,0,0,0,0,0,0,0
9704218,0,0,0,0,0,0,0
9309273,0,0,0,0,0,0,0
111392,1,1,0,0,1,0,0
9802221,1,1,0,0,1,0,0
9023,1,1,0,0,1,0,0
110392,0,0,0,0,0,0,0
209273,0,0,0,0,0,0,0
9808373,0,0,0,0,0,0,0
9807242,0,0,0,0,0,0,0
211309,0,0,0,0,0,0,0
103285,0,0,0,0,0,0,0
5294,0,0,0,0,0,0,0
9508355,0,0,0,0,0,0,0
111273,0,0,0,0,0,0,0
9612488,0,0,0,0,0,0,0
1279,0,0,0,0,0,0,0
9804406,0,0,0,0,0,0,0
108088,0,0,0,0,0,0,0
203105,0,0,0,0,0,0,0
105316,0,0,0,0,0,0,0
9211279,1,1,0,0,1,0,0
9809559,1,1,0,0,1,0,0
1284,1,1,0,0,1,0,0
9403247,0,0,0,0,0,0,0
9207248,1,1,0,0,1,0,0
110116,0,0,0,0,0,0,0
110373,0,0,0,0,0,0,0
9803214,9,1,8,18,9,0,0
9402363,17,2,15,99,0,17,58
9707293,0,0,0,0,0,0,0
9603205,16,2,14,69,16,0,0
9604223,31,4,27,214,2,29,46
108041,2,2,0,0,0,2,14
9906419,9,3,6,11,1,8,23
203229,0,0,0,0,0,0,0
9403398,13,3,10,29,0,13,44
9502291,16,1,15,67,0,16,29
9302221,9,1,8,19,9,0,0
9812460,1,1,0,0,0,1,1
9612444,22,1,21,132,0,22,39
9705208,37,1,36,298,0,37,101
9901228,28,3,25,111,0,28,347
9602216,19,1,18,84,0,19,47
2060,14,3,11,40,0,14,57
9208243,6,2,4,11,6,0,0
9801368,8,1,7,15,8,0,0
9606215,8,2,6,16,4,4,4
9610419,3,2,1,2,0,3,3
9303274,13,4,9,21,13,0,0
9811471,9,1,8,13,0,9,43
8004,17,1,16,54,7,10,10
9810397,6,1,5,10,0,6,66
9605408,47,1,46,471,0,47,262
9603379,8,1,7,21,8,0,0
9328,6,3,3,4,0,6,24
9908232,11,2,9,30,0,11,105
9804274,17,3,14,53,0,17,96
9803297,43,1,42,415,27,16,16
9610345,24,2,22,89,3,21,21
9609512,3,1,2,2,0,3,41
9902208,2,2,0,0,0,2,2
9312215,26,1,25,156,2,24,53
9708456,59,3,56,704,7,52,95
9804296,3,2,1,1,2,1,1
4267,6,1,5,11,0,6,10
9702201,6,1,5,7,3,3,3
9602363,12,4,8,28,5,7,7
9703359,18,1,17,73,2,16,31
9411332,10,1,9,21,0,10,26
9407326,9,1,8,25,5,4,4
9804416,7,1,6,13,0,7,25
9307247,40,3,37,305,12,28,40
9306290,31,3,28,190,11,20,20
9602214,7,1,6,13,2,5,5
9411235,1,1,0,0,0,1,1
9807540,17,3,14,66,0,17,80
9801430,33,2,31,256,2,31,144
9307363,10,1,9,30,10,0,0
9408233,7,2,5,12,1,6,6
9805209,8,2,6,16,0,8,77
9610231,12,2,10,38,12,0,0
11333,24,3,21,73,0,24,508
6059,7,3,4,10,0,7,162
9507314,10,1,9,23,0,10,25
3215,2,2,0,0,0,2,31
109068,2,2,0,0,0,2,2
9403407,9,3,6,24,0,9,69
9611204,11,2,9,36,0,11,24
9811353,26,1,25,171,0,26,101
9705361,14,1,13,55,2,12,12
9607241,12,3,9,21,1,11,43
9504234,25,1,24,117,1,24,63
9506291,8,1,7,18,8,0,0
9612437,37,1,36,351,1,36,144
9907400,6,2,4,7,0,6,11
9903207,6,2,4,4,0,6,30
9805448,4,2,2,3,0,4,9
9905305,5,4,1,1,0,5,25
9503491,5,1,4,5,5,0,0
205162,1,1,0,0,1,0,0
9709242,0,0,0,0,0,0,0
9512288,16,2,14,36,0,16,82
9350,7,5,2,3,0,7,43
9706238,7,2,5,14,0,7,13
9209256,15,4,11,72,15,0,0
9508321,32,3,29,242,2,30,30
102145,47,1,46,416,3,44,162
3186,13,1,12,38,0,13,47
111243,3,2,1,1,0,3,16
9912211,5,1,4,8,0,5,119
9508346,7,2,5,8,0,7,50
9505320,22,2,20,93,3,19,19
9907472,15,2,13,55,0,15,42
9406432,12,2,10,49,12,0,0
9911427,7,2,5,12,2,5,23
10344,2,1,1,1,0,2,9
9811428,49,1,48,507,49,0,0
9803466,51,1,50,579,17,34,50
9705470,13,2,11,47,0,13,26
210130,5,3,2,5,0,5,58
9806280,10,1,9,26,1,9,9
201139,28,2,26,170,0,28,370
9702379,28,2,26,169,0,28,148
9509254,6,3,3,6,1,5,5
9911231,3,3,0,0,0,3,79
9904485,5,1,4,7,1,4,6
9709397,27,2,25,141,0,27,81
9501395,6,1,5,10,5,1,1
9703240,25,2,23,95,25,0,0
9811267,7,1,6,16,5,2,2
9205220,6,1,5,9,6,0,0
1169,6,1,5,12,0,6,34
3119,16,3,13,49,0,16,207
9412346,1,1,0,0,0,1,7
9706329,12,2,10,31,0,12,43
9505329,57,3,54,439,0,57,207
9705286,27,4,23,85,0,27,181
9205228,13,1,12,47,13,0,0
5004,4,2,2,4,0,4,16
9501240,6,1,5,12,6,0,0
102301,46,2,44,502,3,43,43
9809437,5,1,4,7,0,5,13
9812369,9,3,6,16,0,9,43
9706554,14,4,10,30,0,14,66
9502380,0,0,0,0,0,0,0
105348,0,0,0,0,0,0,0
9410345,25,2,23,126,25,0,0
9912391,17,2,15,51,0,17,65
9801330,5,1,4,6,2,3,6
9507365,3,2,1,1,3,0,0
9405340,10,1,9,27,10,0,0
9802357,18,2,16,64,0,18,94
9710300,10,4,6,21,0,10,53
9311274,19,2,17,80,19,0,0
9705432,10,4,6,18,1,9,11
9801369,15,3,12,41,0,15,182
9901214,1,1,0,0,0,1,2
9405320,13,1,12,38,13,0,0
9710541,3,2,1,1,0,3,32
9405371,4,2,2,5,1,3,3
9904455,5,4,1,1,0,5,5
9605266,31,1,30,225,0,31,127
9707355,13,3,10,23,0,13,100
9601336,10,1,9,23,10,0,0
9604301,19,2,17,74,0,19,64
9607251,9,2,7,17,2,7,14
3256,2,1,1,1,0,2,4
105204,8,1,7,21,0,8,31
7355,15,3,12,50,0,15,63
9503248,8,1,7,13,0,8,34
9901406,4,4,0,0,0,4,9
9082,2,1,1,1,0,2,7
9806450,4,2,2,3,0,4,8
9507441,5,0,5,10,5,0,0
9604363,16,2,14,70,10,6,6
9507354,7,4,3,4,1,6,6
9505428,9,1,8,21,0,9,9
9810301,4,4,0,0,0,4,16
6160,23,1,22,126,6,17,37
9509333,6,1,5,12,2,4,4
9310312,6,2,4,12,6,0,0
6232,7,2,5,10,0,7,24
9805327,8,1,7,12,1,7,41
9902273,20,2,18,113,0,20,203
9804355,19,1,18,95,0,19,22
9910557,16,1,15,63,0,16,198
1231,1,1,0,0,0,1,1
9304234,7,2,5,12,7,0,0
204225,10,3,7,17,0,10,68
102199,24,3,21,170,3,21,45
9704336,15,3,12,46,0,15,124
8155,5,2,3,5,5,0,0
7003,4,2,2,5,4,0,0
9704249,25,4,21,117,1,24,94
9610363,5,4,1,1,0,5,89
9809209,2,2,0,0,0,2,24
9912515,7,2,5,12,0,7,8
9306269,3,1,2,2,3,0,0
9411357,3,2,1,1,3,0,0
9410331,7,2,5,14,7,0,0
9806224,0,0,0,0,0,0,0
9412343,4,1,3,6,4,0,0
9507347,2,2,0,0,2,0,0
9902234,7,3,4,5,0,7,17
9511448,12,1,11,32,4,8,10
107291,19,2,17,73,1,18,48
105222,4,1,3,4,0,4,7
9701301,7,3,4,12,0,7,13
101226,4,1,3,5,4,0,0
9912297,0,0,0,0,0,0,0
9911447,1,1,0,0,0,1,6
7219,6,2,4,10,0,6,86
7181,18,2,16,61,0,18,194
9509238,11,3,8,15,0,11,23
9803356,10,2,8,14,0,10,27
9411220,4,2,2,4,4,0,0
9911257,5,1,4,7,0,5,22
9903486,1,1,0,0,0,1,15
10312,1,1,0,0,0,1,3
1273,1,1,0,0,0,1,8
9812519,1,1,0,0,1,0,0
9702430,10,3,7,13,0,10,35
9707399,1,1,0,0,0,1,1
9708498,3,2,1,2,1,2,4
102304,9,2,7,26,0,9,72
9404208,1,1,0,0,0,1,1
9502378,16,3,13,66,8,8,13
9502385,10,3,7,12,10,0,0
9301232,17,2,15,44,0,17,17
9306292,1,1,0,0,0,1,1
9606238,11,3,8,18,0,11,40
9810504,5,1,4,10,0,5,5
9712345,0,0,0,0,0,0,0
9603389,5,2,3,4,5,0,0
9402311,1,1,0,0,1,0,0
9610498,12,2,10,28,2,10,10
9910253,1,1,0,0,0,1,2
9212245,8,2,6,20,8,0,0
9803342,1,1,0,0,0,1,4
9901442,14,3,11,42,0,14,49
9503362,5,4,1,1,5,0,0
202210,10,2,8,24,0,10,43
205241,19,1,18,74,0,19,98
9604357,11,2,9,29,0,11,17
107190,18,3,15,92,0,18,116
107113,10,1,9,32,0,10,35
9303320,17,4,13,62,17,0,0
111319,3,1,2,2,0,3,8
9904433,5,2,3,3,0,5,15
9906226,2,2,0,0,0,2,8
9909411,13,2,11,39,0,13,13
9807537,0,0,0,0,0,0,0
206116,0,0,0,0,0,0,0
9707381,1,1,0,0,0,1,3
7192,26,4,22,118,0,26,135
9706448,1,1,0,0,1,0,0
9712259,0,0,0,0,0,0,0
9601317,2,2,0,0,0,2,2
9503495,9,1,8,18,1,8,8
9710426,9,2,7,14,0,9,94
9405236,6,1,5,10,6,0,0
9503207,3,1,2,3,3,0,0
203034,8,1,7,14,0,8,44
110262,9,2,7,16,2,7,7
9507397,4,2,2,3,0,4,4
9306244,9,6,3,7,0,9,18
9307243,33,1,32,251,33,0,0
9709291,5,3,2,3,0,5,30
9811375,13,1,12,34,2,11,11
10201,28,2,26,170,0,28,249
7286,2,1,1,1,2,0,0
9502371,3,1,2,2,3,0,0
9704337,5,1,4,7,5,0,0
9802231,1,1,0,0,0,1,7
9707505,8,3,5,9,0,8,45
9809429,4,2,2,2,0,4,40
9705395,11,2,9,24,0,11,42
9605228,1,1,0,0,1,0,0
9811226,0,0,0,0,0,0,0
9510232,8,2,6,13,8,0,0
9805508,0,0,0,0,0,0,0
10135,0,0,0,0,0,0,0
9511326,8,3,5,8,0,8,14
9802218,1,1,0,0,0,1,5
9294,9,1,8,20,0,9,29
105317,0,0,0,0,0,0,0
3169,13,3,10,27,0,13,13
12020,9,2,7,20,0,9,48
9507394,4,2,2,5,0,4,4
2242,4,2,2,2,0,4,13
9908485,7,3,4,8,2,5,11
9404359,1,1,0,0,1,0,0
9406340,2,1,1,1,2,0,0
201236,0,0,0,0,0,0,0
9602426,5,1,4,9,0,5,7
9906213,5,1,4,8,5,0,0
9708264,2,2,0,0,1,1,1
9607360,1,1,0,0,1,0,0
9606263,15,3,12,27,0,15,115
9408282,2,1,1,1,2,0,0
9903249,5,2,3,6,0,5,23
9911506,1,1,0,0,0,1,3
9803288,3,3,0,0,0,3,10
9711418,1,1,0,0,0,1,2
9308359,5,3,2,3,5,0,0
9907279,1,1,0,0,1,0,0
9405261,1,1,0,0,0,1,2
9902475,5,2,3,5,0,5,38
202136,6,3,3,3,0,6,16
107001,19,1,18,102,0,19,36
9904483,8,1,7,13,3,5,7
110369,8,5,3,5,0,8,43
9609287,6,2,4,5,0,6,16
9702421,6,4,2,2,0,6,10
208043,1,1,0,0,0,1,26
9904352,5,2,3,5,1,4,6
9512366,4,3,1,1,0,4,24
111471,3,1,2,2,3,0,0
110213,4,2,2,2,0,4,74
9903472,1,1,0,0,0,1,7
9511464,9,1,8,22,9,0,0
9708467,1,1,0,0,1,0,0
5310,5,2,3,5,5,0,0
108008,1,1,0,0,1,0,0
9405231,1,1,0,0,1,0,0
204270,3,1,2,3,3,0,0
205302,1,1,0,0,0,1,14
4226,5,1,4,5,0,5,34
9904317,1,1,0,0,1,0,0
9410217,1,1,0,0,1,0,0
9507336,2,1,1,1,0,2,5
9910444,17,1,16,74,0,17,99
9508209,2,1,1,1,0,2,4
9806496,9,3,6,18,2,7,12
9805357,1,1,0,0,1,0,0
9805331,2,1,1,1,0,2,2
9905226,6,3,3,5,0,6,37
9308227,4,1,3,4,4,0,0
9702370,4,1,3,6,0,4,8
210362,0,0,0,0,0,0,0
9812504,5,2,3,5,0,5,25
12231,0,0,0,0,0,0,0
9601348,0,0,0,0,0,0,0
9207278,6,3,3,4,6,0,0
9805498,13,2,11,28,1,12,43
9601325,2,1,1,1,0,2,6
2240,2,2,0,0,0,2,6
9807307,1,1,0,0,0,1,4
8286,0,0,0,0,0,0,0
5280,2,2,0,0,0,2,28
112338,4,2,2,3,0,4,32
9711361,7,3,4,5,7,0,0
9810322,16,1,15,82,16,0,0
104088,5,3,2,3,3,2,2
7323,12,2,10,31,3,9,9
210342,0,0,0,0,0,0,0
210260,1,1,0,0,0,1,4
9609384,12,1,11,49,12,0,0
208120,1,1,0,0,0,1,1
105238,0,0,0,0,0,0,0
9412246,2,1,1,1,2,0,0
9711221,2,2,0,0,0,2,5
9803394,15,3,12,49,0,15,27
9901409,1,1,0,0,0,1,9
3125,3,1,2,2,1,2,2
9911411,2,1,1,1,0,2,4
106002,1,1,0,0,0,1,4
9311344,10,1,9,29,10,0,0
9907291,5,1,4,7,5,0,0
9607409,2,2,0,0,2,0,0
9609374,0,0,0,0,0,0,0
104285,10,2,8,14,0,10,159
104067,1,1,0,0,0,1,4
110114,5,1,4,5,0,5,50
9504255,0,0,0,0,0,0,0
9603347,1,1,0,0,0,1,3
9311337,2,2,0,0,1,1,1
111193,7,4,3,5,0,7,10
9809366,2,2,0,0,1,1,1
9306208,6,1,5,6,6,0,0
9503461,5,1,4,9,0,5,12
9812263,2,2,0,0,0,2,9
9604443,11,2,9,37,1,10,16
1211,2,2,0,0,0,2,51
10141,3,1,2,3,0,3,3
9307272,1,1,0,0,1,0,0
108122,15,3,12,30,0,15,186
203133,1,1,0,0,0,1,1
9610362,3,3,0,0,0,3,9
9610266,1,1,0,0,0,1,13
212129,4,1,3,5,0,4,19
9909206,2,2,0,0,0,2,16
102235,1,1,0,0,0,1,5
203276,0,0,0,0,0,0,0
105080,0,0,0,0,0,0,0
9507398,7,3,4,6,0,7,16
9412293,3,2,1,1,3,0,0
102194,2,2,0,0,0,2,2
9606332,6,2,4,7,0,6,9
106184,6,3,3,3,0,6,41
9223,4,1,3,5,0,4,6
302138,0,0,0,0,0,0,0
207121,0,0,0,0,0,0,0
105254,4,1,3,4,2,2,3
9504310,0,0,0,0,0,0,0
205052,3,2,1,1,0,3,41
9705311,12,5,7,16,0,12,19
9805246,0,0,0,0,0,0,0
9505427,3,2,1,1,0,3,3
107287,1,1,0,0,0,1,5
9808396,4,2,2,3,0,4,4
9512258,7,3,4,5,0,7,9
9709402,1,1,0,0,0,1,2
9908455,7,4,3,5,0,7,18
9212315,4,1,3,6,4,0,0
9704407,1,1,0,0,1,0,0
210170,0,0,0,0,0,0,0
101253,1,1,0,0,0,1,1
12177,1,1,0,0,1,0,0
209377,0,0,0,0,0,0,0
9810426,1,1,0,0,0,1,3
9510208,0,0,0,0,0,0,0
9911407,2,2,0,0,0,2,5
207157,0,0,0,0,0,0,0
109013,3,2,1,1,3,0,0
9902269,1,1,0,0,1,0,0
9804275,1,1,0,0,0,1,26
9612201,1,1,0,0,0,1,1
9706378,10,3,7,23,0,10,25
9703238,4,1,3,3,0,4,11
9610535,1,1,0,0,1,0,0
201214,1,1,0,0,1,0,0
9705396,1,1,0,0,0,1,1
9804318,1,1,0,0,0,1,1
301005,0,0,0,0,0,0,0
9804240,3,2,1,1,2,1,1
9803476,7,1,6,21,0,7,55
102292,0,0,0,0,0,0,0
106186,2,2,0,0,0,2,13
211206,1,1,0,0,0,1,16
211204,5,2,3,8,0,5,12
103039,5,5,0,0,0,5,27
9311352,3,3,0,0,3,0,0
9702228,1,1,0,0,0,1,2
9703283,2,1,1,1,2,0,0
105104,4,3,1,1,0,4,17
9907294,2,1,1,1,0,2,9
9712406,1,1,0,0,0,1,10
9804229,7,1,6,16,0,7,14
9401327,4,1,3,5,3,1,1
105015,0,0,0,0,0,0,0
9605368,0,0,0,0,0,0,0
204328,1,1,0,0,0,1,17
9311215,9,1,8,24,9,0,0
9809418,2,2,0,0,0,2,7
9604328,6,2,4,8,0,6,16
9906231,0,0,0,0,0,0,0
208214,2,1,1,1,0,2,30
201159,1,1,0,0,0,1,1
9210258,3,3,0,0,3,0,0
1040,16,3,13,57,2,14,53
106251,0,0,0,0,0,0,0
9611373,0,0,0,0,0,0,0
9506211,0,0,0,0,0,0,0
9704396,13,3,10,49,0,13,39
9306284,3,3,0,0,0,3,3
211181,4,2,2,2,0,4,8
9904459,2,2,0,0,0,2,11
9610413,1,1,0,0,1,0,0
9512379,2,2,0,0,0,2,2
9901349,2,1,1,1,0,2,12
9703396,2,1,1,1,0,2,2
9604326,2,1,1,1,0,2,13
9502390,1,1,0,0,1,0,0
9804316,1,1,0,0,0,1,2
9408362,1,1,0,0,1,0,0
204023,0,0,0,0,0,0,0
8233,1,1,0,0,1,0,0
9406388,0,0,0,0,0,0,0
9702212,2,2,0,0,0,2,10
8214,10,1,9,22,0,10,38
9408383,3,2,1,2,3,0,0
209145,1,1,0,0,0,1,3
1327,6,2,4,7,5,1,1
9603291,3,3,0,0,3,0,0
9506388,2,2,0,0,2,0,0
202112,4,1,3,5,0,4,19
9502339,1,1,0,0,1,0,0
9612325,4,1,3,5,0,4,13
9708408,1,1,0,0,0,1,3
9905516,0,0,0,0,0,0,0
9705214,1,1,0,0,0,1,2
301242,0,0,0,0,0,0,0
9812242,0,0,0,0,0,0,0
11111,2,1,1,1,0,2,10
104276,1,1,0,0,0,1,9
103084,1,1,0,0,0,1,3
9505432,4,3,1,1,1,3,3
112050,4,1,3,4,4,0,0
102187,12,2,10,30,0,12,47
10228,6,2,4,12,1,5,6
205148,4,1,3,4,4,0,0
9209269,2,1,1,1,2,0,0
9608351,0,0,0,0,0,0,0
9904429,4,1,3,4,4,0,0
108144,4,1,3,4,0,4,13
3263,0,0,0,0,0,0,0
9904435,0,0,0,0,0,0,0
9304256,1,1,0,0,1,0,0
9707533,2,2,0,0,1,1,1
112275,1,1,0,0,0,1,4
9507340,3,1,2,2,1,2,2
9509244,2,1,1,1,2,0,0
9207212,5,5,0,0,5,0,0
110191,0,0,0,0,0,0,0
9215,2,2,0,0,1,1,1
10125,0,0,0,0,0,0,0
9508411,7,3,4,4,0,7,15
9606235,0,0,0,0,0,0,0
205254,3,2,1,1,0,3,21
9903227,7,2,5,7,1,6,6
12047,1,1,0,0,0,1,7
9903365,6,2,4,9,6,0,0
9806214,1,1,0,0,0,1,1
2300,4,4,0,0,4,0,0
209314,0,0,0,0,0,0,0
12204,2,1,1,1,2,0,0
9409324,4,1,3,3,4,0,0
9504375,12,1,11,41,5,7,7
12066,2,2,0,0,2,0,0
9908381,0,0,0,0,0,0,0
9803227,4,2,2,5,0,4,19
9303221,3,2,1,2,3,0,0
9802367,6,2,4,10,0,6,57
9611212,3,1,2,2,1,2,2
9711265,1,1,0,0,0,1,6
9812376,1,1,0,0,0,1,1
9708242,0,0,0,0,0,0,0
9802354,0,0,0,0,0,0,0
9807265,0,0,0,0,0,0,0
9909335,1,1,0,0,0,1,3
103010,3,2,1,1,3,0,0
9706363,7,5,2,3,0,7,25
9708300,3,3,0,0,0,3,6
9711234,1,1,0,0,0,1,5
9028,0,0,0,0,0,0,0
9908426,4,1,3,3,2,2,2
9612377,0,0,0,0,0,0,0
9805230,1,1,0,0,0,1,2
9902236,8,1,7,11,0,8,17
9312338,3,1,2,2,3,0,0
110007,3,3,0,0,1,2,2
301255,0,0,0,0,0,0,0
6277,4,3,1,1,0,4,14
9608371,1,1,0,0,0,1,3
9501302,0,0,0,0,0,0,0
101108,3,1,2,3,3,0,0
203155,3,3,0,0,0,3,24
9605424,2,2,0,0,0,2,2
201258,4,2,2,2,1,3,6
204212,0,0,0,0,0,0,0
9609337,1,1,0,0,0,1,2
210238,2,2,0,0,0,2,12
9509372,2,2,0,0,2,0,0
204147,2,2,0,0,0,2,5
111236,3,3,0,0,0,3,15
9708406,0,0,0,0,0,0,0
207066,1,1,0,0,0,1,1
9305209,4,4,0,0,4,0,0
9606298,1,1,0,0,1,0,0
9703295,0,0,0,0,0,0,0
9704300,1,1,0,0,1,0,0
9809571,4,1,3,4,0,4,19
6348,5,1,4,7,0,5,9
9904268,3,2,1,1,0,3,7
9601264,1,1,0,0,1,0,0
206075,0,0,0,0,0,0,0
210348,1,1,0,0,0,1,5
9302279,2,2,0,0,2,0,0
1325,2,2,0,0,0,2,12
9601287,1,1,0,0,1,0,0
9911476,4,1,3,4,0,4,10
205230,4,1,3,3,0,4,16
205251,1,1,0,0,0,1,1
101297,5,1,4,9,1,4,4
9802390,0,0,0,0,0,0,0
9910485,0,0,0,0,0,0,0
9903410,2,1,1,1,0,2,4
207297,2,2,0,0,0,2,16
9904390,0,0,0,0,0,0,0
9707543,10,3,7,8,10,0,0
9403277,4,2,2,3,1,3,3
9808225,5,1,4,5,0,5,17
9210210,3,1,2,2,3,0,0
112246,1,1,0,0,0,1,6
209083,0,0,0,0,0,0,0
9402356,0,0,0,0,0,0,0
9910495,0,0,0,0,0,0,0
205163,0,0,0,0,0,0,0
9502236,0,0,0,0,0,0,0
9199,1,1,0,0,0,1,6
9604421,1,1,0,0,0,1,3
9707445,6,5,1,2,1,5,5
9206252,4,1,3,6,0,4,4
9512232,1,1,0,0,1,0,0
111025,1,1,0,0,0,1,3
9902289,1,1,0,0,1,0,0
102175,0,0,0,0,0,0,0
202213,1,1,0,0,0,1,1
107279,2,1,1,1,2,0,0
9608261,2,2,0,0,0,2,2
9504271,0,0,0,0,0,0,0
9605321,1,1,0,0,1,0,0
9605331,0,0,0,0,0,0,0
9209244,2,1,1,1,2,0,0
9807247,2,1,1,1,1,1,1
101266,0,0,0,0,0,0,0
12169,1,1,0,0,1,0,0
9703424,4,1,3,4,4,0,0
111367,1,1,0,0,0,1,1
9707453,2,1,1,1,2,0,0
9505344,0,0,0,0,0,0,0
302272,0,0,0,0,0,0,0
9809563,2,2,0,0,0,2,2
9602286,0,0,0,0,0,0,0
111453,0,0,0,0,0,0,0
3082,0,0,0,0,0,0,0
202257,5,2,3,4,2,3,4
9902464,1,1,0,0,1,0,0
9607486,4,1,3,5,0,4,4
9510356,1,1,0,0,0,1,1
9801237,3,1,2,3,3,0,0
9707415,1,1,0,0,0,1,12
9503315,1,1,0,0,1,0,0
9605420,1,1,0,0,1,0,0
9402236,1,1,0,0,1,0,0
9511469,4,3,1,1,4,0,0
204165,2,2,0,0,0,2,4
102275,1,1,0,0,0,1,6
9804366,3,1,2,2,2,1,1
9806319,0,0,0,0,0,0,0
112267,0,0,0,0,0,0,0
9812213,0,0,0,0,0,0,0
9709331,0,0,0,0,0,0,0
9351,0,0,0,0,0,0,0
9708320,3,2,1,2,3,0,0
9509255,4,4,0,0,3,1,2
9302222,2,2,0,0,2,0,0
9508274,3,3,0,0,0,3,3
112188,0,0,0,0,0,0,0
9511250,2,2,0,0,2,0,0
106053,0,0,0,0,0,0,0
9712509,0,0,0,0,0,0,0
9503252,1,1,0,0,0,1,2
11136,1,1,0,0,1,0,0
203082,0,0,0,0,0,0,0
9410377,1,1,0,0,0,1,1
9804372,3,3,0,0,0,3,19
9309306,2,2,0,0,1,1,1
9612209,1,1,0,0,0,1,1
12278,4,2,2,3,0,4,42
9404319,1,1,0,0,0,1,1
9411380,0,0,0,0,0,0,0
102253,2,1,1,1,2,0,0
9508236,0,0,0,0,0,0,0
206145,0,0,0,0,0,0,0
9710470,1,1,0,0,1,0,0
212057,0,0,0,0,0,0,0
11005,0,0,0,0,0,0,0
2264,0,0,0,0,0,0,0
9407398,4,1,3,3,4,0,0
212347,0,0,0,0,0,0,0
9409304,1,1,0,0,0,1,1
211175,0,0,0,0,0,0,0
9802305,0,0,0,0,0,0,0
9409306,0,0,0,0,0,0,0
9906299,4,2,2,3,1,3,3
212113,0,0,0,0,0,0,0
9803485,1,1,0,0,1,0,0
5174,2,1,1,1,0,2,10
109015,1,1,0,0,1,0,0
9806465,0,0,0,0,0,0,0
9707332,2,1,1,1,2,0,0
9303323,2,2,0,0,2,0,0
9808240,1,1,0,0,0,1,1
9410284,2,2,0,0,0,2,9
9708307,0,0,0,0,0,0,0
9607406,1,1,0,0,0,1,1
2215,0,0,0,0,0,0,0
110380,0,0,0,0,0,0,0
9802446,0,0,0,0,0,0,0
9708449,0,0,0,0,0,0,0
203096,0,0,0,0,0,0,0
209127,0,0,0,0,0,0,0
12273,1,1,0,0,0,1,2
9512279,1,1,0,0,1,0,0
102048,4,1,3,6,0,4,21
6011,5,3,2,5,0,5,18
108197,2,1,1,1,0,2,10
208076,0,0,0,0,0,0,0
110175,0,0,0,0,0,0,0
101147,0,0,0,0,0,0,0
202039,4,4,0,0,0,4,27
206250,0,0,0,0,0,0,0
9910525,3,1,2,3,2,1,1
106324,2,1,1,1,0,2,2
207226,2,1,1,1,0,2,19
9705215,1,1,0,0,1,0,0
9905363,0,0,0,0,0,0,0
106026,1,1,0,0,0,1,1
9405293,0,0,0,0,0,0,0
112058,0,0,0,0,0,0,0
9512267,0,0,0,0,0,0,0
9912428,1,1,0,0,1,0,0
111031,0,0,0,0,0,0,0
9503397,0,0,0,0,0,0,0
202209,4,1,3,6,0,4,10
9404285,1,1,0,0,1,0,0
9812305,3,2,1,2,3,0,0
108215,1,1,0,0,0,1,6
9905206,5,2,3,4,0,5,5
7253,0,0,0,0,0,0,0
9609415,1,1,0,0,0,1,1
207075,0,0,0,0,0,0,0
1029,0,0,0,0,0,0,0
9608339,6,1,5,10,0,6,6
9606302,4,2,2,2,4,0,0
9307231,2,1,1,1,2,0,0
1050,0,0,0,0,0,0,0
9712503,2,2,0,0,1,1,1
108196,2,2,0,0,2,0,0
9807559,4,2,2,3,1,3,5
302031,0,0,0,0,0,0,0
9603211,3,1,2,2,2,1,1
9405300,2,1,1,1,2,0,0
11165,5,2,3,5,0,5,11
208184,2,2,0,0,0,2,6
5046,0,0,0,0,0,0,0
9801244,5,3,2,3,0,5,39
9332,0,0,0,0,0,0,0
12216,0,0,0,0,0,0,0
9404273,2,2,0,0,0,2,9
9911376,0,0,0,0,0,0,0
9707300,0,0,0,0,0,0,0
208018,0,0,0,0,0,0,0
9303271,2,2,0,0,2,0,0
101327,0,0,0,0,0,0,0
106272,0,0,0,0,0,0,0
9910548,0,0,0,0,0,0,0
9906333,0,0,0,0,0,0,0
103301,0,0,0,0,0,0,0
112065,0,0,0,0,0,0,0
9905401,0,0,0,0,0,0,0
210346,0,0,0,0,0,0,0
211394,1,1,0,0,1,0,0
9310292,1,1,0,0,1,0,0
11099,1,1,0,0,1,0,0
112321,1,1,0,0,0,1,3
9505372,2,1,1,1,2,0,0
5050,1,1,0,0,0,1,2
9608232,0,0,0,0,0,0,0
9502303,1,1,0,0,0,1,1
9608266,3,3,0,0,3,0,0
210377,0,0,0,0,0,0,0
111265,0,0,0,0,0,0,0
3247,1,1,0,0,0,1,4
204164,0,0,0,0,0,0,0
207098,0,0,0,0,0,0,0
9401215,1,1,0,0,1,0,0
8202,0,0,0,0,0,0,0
9126,0,0,0,0,0,0,0
302073,1,1,0,0,0,1,8
9235,2,2,0,0,0,2,3
9712405,0,0,0,0,0,0,0
203057,0,0,0,0,0,0,0
9907329,0,0,0,0,0,0,0
104250,1,1,0,0,0,1,9
208023,0,0,0,0,0,0,0
206222,2,2,0,0,1,1,1
9704426,2,2,0,0,0,2,4
9309222,0,0,0,0,0,0,0
9710472,1,1,0,0,0,1,2
107239,0,0,0,0,0,0,0
9905482,1,1,0,0,0,1,2
111016,4,1,3,6,4,0,0
9811220,0,0,0,0,0,0,0
102177,2,1,1,1,0,2,2
9902387,0,0,0,0,0,0,0
9809476,0,0,0,0,0,0,0
212047,1,1,0,0,0,1,11
105151,3,2,1,1,3,0,0
10307,5,2,3,8,5,0,0
9708429,0,0,0,0,0,0,0
9801343,0,0,0,0,0,0,0
9802301,0,0,0,0,0,0,0
10249,0,0,0,0,0,0,0
2194,4,2,2,4,0,4,4
111034,1,1,0,0,0,1,1
9810368,1,1,0,0,1,0,0
9306258,0,0,0,0,0,0,0
9708312,0,0,0,0,0,0,0
9903487,0,0,0,0,0,0,0
9906330,1,1,0,0,0,1,1
9801249,1,1,0,0,1,0,0
9401237,3,3,0,0,3,0,0
111272,0,0,0,0,0,0,0
9909409,0,0,0,0,0,0,0
109275,1,1,0,0,0,1,3
9809269,1,1,0,0,0,1,1
9606209,0,0,0,0,0,0,0
205319,0,0,0,0,0,0,0
9412220,1,1,0,0,0,1,2
211414,0,0,0,0,0,0,0
2174,2,1,1,1,2,0,0
10010,1,1,0,0,1,0,0
9903344,1,1,0,0,0,1,4
9811328,2,2,0,0,0,2,7
9505403,0,0,0,0,0,0,0
9609225,0,0,0,0,0,0,0
9909274,0,0,0,0,0,0,0
9908424,2,2,0,0,2,0,0
107006,0,0,0,0,0,0,0
102299,2,2,0,0,0,2,10
7024,2,2,0,0,2,0,0
9906426,1,1,0,0,1,0,0
9100,0,0,0,0,0,0,0
1190,1,1,0,0,0,1,3
9608235,0,0,0,0,0,0,0
208175,1,1,0,0,0,1,4
9903296,0,0,0,0,0,0,0
5284,0,0,0,0,0,0,0
9506308,1,1,0,0,0,1,1
210134,0,0,0,0,0,0,0
212028,2,1,1,1,0,2,14
9908359,0,0,0,0,0,0,0
9510337,0,0,0,0,0,0,0
301186,0,0,0,0,0,0,0
201304,2,2,0,0,0,2,16
301124,0,0,0,0,0,0,0
9807273,0,0,0,0,0,0,0
9908210,1,1,0,0,1,0,0
9807554,2,2,0,0,0,2,2
9206254,2,2,0,0,2,0,0
9803294,0,0,0,0,0,0,0
9811414,2,2,0,0,2,0,0
9901365,2,2,0,0,2,0,0
9609387,1,1,0,0,0,1,1
9809231,0,0,0,0,0,0,0
9183,1,1,0,0,0,1,2
9905269,0,0,0,0,0,0,0
112254,1,1,0,0,0,1,1
9412233,2,2,0,0,2,0,0
205327,2,2,0,0,0,2,16
205105,2,2,0,0,0,2,9
11341,1,1,0,0,0,1,2
112175,0,0,0,0,0,0,0
110185,0,0,0,0,0,0,0
201267,0,0,0,0,0,0,0
105167,0,0,0,0,0,0,0
209040,1,1,0,0,0,1,2
9322,2,2,0,0,0,2,3
9305202,1,1,0,0,1,0,0
9312321,1,1,0,0,1,0,0
9406207,2,2,0,0,0,2,2
101324,0,0,0,0,0,0,0
9304212,1,1,0,0,1,0,0
207246,0,0,0,0,0,0,0
202207,1,1,0,0,0,1,3
9910556,0,0,0,0,0,0,0
110222,1,1,0,0,0,1,6
11110,0,0,0,0,0,0,0
9807542,0,0,0,0,0,0,0
9807441,0,0,0,0,0,0,0
104078,0,0,0,0,0,0,0
9902215,1,1,0,0,1,0,0
9407300,0,0,0,0,0,0,0
202234,0,0,0,0,0,0,0
9510388,0,0,0,0,0,0,0
9708259,2,2,0,0,0,2,2
201153,0,0,0,0,0,0,0
302030,0,0,0,0,0,0,0
104214,2,1,1,1,0,2,15
8303,0,0,0,0,0,0,0
9402361,2,2,0,0,2,0,0
4144,0,0,0,0,0,0,0
9407242,0,0,0,0,0,0,0
9903311,0,0,0,0,0,0,0
106239,1,1,0,0,1,0,0
9712247,0,0,0,0,0,0,0
9808264,2,2,0,0,2,0,0
9908428,1,1,0,0,0,1,1
9606243,0,0,0,0,0,0,0
108099,0,0,0,0,0,0,0
9505380,0,0,0,0,0,0,0
211387,0,0,0,0,0,0,0
9312353,0,0,0,0,0,0,0
9303269,1,1,0,0,1,0,0
3276,0,0,0,0,0,0,0
11175,2,2,0,0,0,2,7
9198,1,1,0,0,0,1,2
9711351,2,2,0,0,2,0,0
9710230,0,0,0,0,0,0,0
11024,1,1,0,0,0,1,1
203202,0,0,0,0,0,0,0
9605262,1,1,0,0,1,0,0
9709300,1,1,0,0,1,0,0
209197,2,1,1,1,0,2,2
9606476,0,0,0,0,0,0,0
9812420,0,0,0,0,0,0,0
9304313,1,1,0,0,1,0,0
12239,0,0,0,0,0,0,0
9908379,0,0,0,0,0,0,0
9606481,1,1,0,0,0,1,1
207074,0,0,0,0,0,0,0
9608237,0,0,0,0,0,0,0
9911312,0,0,0,0,0,0,0
110418,0,0,0,0,0,0,0
204170,0,0,0,0,0,0,0
204239,0,0,0,0,0,0,0
9707538,0,0,0,0,0,0,0
209335,0,0,0,0,0,0,0
8056,1,1,0,0,1,0,0
9408227,1,1,0,0,1,0,0
101144,0,0,0,0,0,0,0
204045,0,0,0,0,0,0,0
9811281,1,1,0,0,1,0,0
111207,2,1,1,1,0,2,2
1107,0,0,0,0,0,0,0
205028,0,0,0,0,0,0,0
207202,0,0,0,0,0,0,0
201149,1,1,0,0,0,1,3
101167,0,0,0,0,0,0,0
9810347,1,1,0,0,1,0,0
9706228,2,1,1,1,2,0,0
208198,2,2,0,0,0,2,12
3315,0,0,0,0,0,0,0
210051,0,0,0,0,0,0,0
108248,1,1,0,0,0,1,3
10271,0,0,0,0,0,0,0
9802249,0,0,0,0,0,0,0
9602401,0,0,0,0,0,0,0
9805409,0,0,0,0,0,0,0
9911355,0,0,0,0,0,0,0
107246,0,0,0,0,0,0,0
108022,0,0,0,0,0,0,0
3325,1,1,0,0,0,1,2
9510321,0,0,0,0,0,0,0
9808383,1,1,0,0,0,1,2
9904251,1,1,0,0,0,1,2
107196,1,1,0,0,0,1,3
9702233,1,1,0,0,1,0,0
211089,0,0,0,0,0,0,0
109038,0,0,0,0,0,0,0
203139,0,0,0,0,0,0,0
3244,1,1,0,0,0,1,9
9607298,1,1,0,0,1,0,0
9906377,1,1,0,0,1,0,0
9911472,0,0,0,0,0,0,0
9609404,2,2,0,0,2,0,0
9908500,0,0,0,0,0,0,0
201222,0,0,0,0,0,0,0
301277,0,0,0,0,0,0,0
210248,0,0,0,0,0,0,0
9706514,0,0,0,0,0,0,0
9309277,1,1,0,0,1,0,0
11073,0,0,0,0,0,0,0
211317,0,0,0,0,0,0,0
211107,0,0,0,0,0,0,0
7311,0,0,0,0,0,0,0
107169,0,0,0,0,0,0,0
104093,0,0,0,0,0,0,0
103276,0,0,0,0,0,0,0
9610253,0,0,0,0,0,0,0
3037,1,1,0,0,0,1,5
11386,0,0,0,0,0,0,0
9909569,0,0,0,0,0,0,0
208273,0,0,0,0,0,0,0
10064,0,0,0,0,0,0,0
11010,1,1,0,0,1,0,0
111111,0,0,0,0,0,0,0
4089,0,0,0,0,0,0,0
101254,0,0,0,0,0,0,0
206160,0,0,0,0,0,0,0
9505374,1,1,0,0,1,0,0
9808441,0,0,0,0,0,0,0
9609328,0,0,0,0,0,0,0
9805444,0,0,0,0,0,0,0
206102,1,1,0,0,1,0,0
10076,0,0,0,0,0,0,0
108153,0,0,0,0,0,0,0
9906479,0,0,0,0,0,0,0
9606479,0,0,0,0,0,0,0
9409328,0,0,0,0,0,0,0
111228,0,0,0,0,0,0,0
210056,0,0,0,0,0,0,0
105047,0,0,0,0,0,0,0
210386,0,0,0,0,0,0,0
9505360,0,0,0,0,0,0,0
9905306,0,0,0,0,0,0,0
9301210,1,1,0,0,1,0,0
9607464,1,1,0,0,1,0,0
211322,0,0,0,0,0,0,0
9212311,1,1,0,0,1,0,0
9906351,0,0,0,0,0,0,0
110120,1,1,0,0,0,1,6
9177,1,1,0,0,1,0,0
101104,1,1,0,0,1,0,0
212197,0,0,0,0,0,0,0
9906380,0,0,0,0,0,0,0
9710510,1,1,0,0,1,0,0
212235,0,0,0,0,0,0,0
9609494,0,0,0,0,0,0,0
9906534,0,0,0,0,0,0,0
9809375,0,0,0,0,0,0,0
103270,1,1,0,0,1,0,0
204003,0,0,0,0,0,0,0
9911520,1,1,0,0,1,0,0
211126,0,0,0,0,0,0,0
9806529,0,0,0,0,0,0,0
112087,0,0,0,0,0,0,0
9512315,0,0,0,0,0,0,0
302084,0,0,0,0,0,0,0
5137,0,0,0,0,0,0,0
9503378,1,1,0,0,1,0,0
9305249,1,1,0,0,1,0,0
11224,0,0,0,0,0,0,0
9806459,1,1,0,0,1,0,0
111372,0,0,0,0,0,0,0
112133,0,0,0,0,0,0,0
9409437,23,2,21,149,0,23,100
9304219,3,1,2,2,3,0,0
9805244,7,1,6,15,0,7,16
9605345,14,1,13,61,0,14,17
111297,1,1,0,0,0,1,9
9406205,5,1,4,5,2,3,3
3246,31,3,28,134,0,31,306
9301289,11,1,10,27,11,0,0
9309326,9,1,8,19,1,8,8
9304321,10,3,7,16,2,8,8
9809266,7,1,6,11,7,0,0
9811352,5,2,3,4,0,5,27
9904281,22,2,20,127,4,18,38
9901245,13,2,11,32,0,13,147
9404308,8,4,4,5,8,0,0
3208,3,1,2,3,0,3,16
9212267,6,2,4,10,6,0,0
9801431,8,2,6,11,1,7,11
9606467,9,2,7,22,1,8,22
9704238,4,2,2,5,4,0,0
9309293,15,4,11,21,0,15,49
9901278,11,1,10,18,0,11,21
8009,18,1,17,62,4,14,27
9810482,22,1,21,86,0,22,291
9607225,29,1,28,215,0,29,188
9608450,9,1,8,22,2,7,7
112089,1,1,0,0,0,1,14
9911390,8,2,6,22,0,8,86
9805303,28,3,25,127,0,28,328
9805373,49,3,46,497,6,43,88
9711258,10,1,9,23,0,10,22
9211256,32,3,29,211,32,0,0
9708299,3,1,2,2,2,1,1
9312296,51,3,48,629,0,51,247
9502401,35,2,33,293,35,0,0
9803322,2,1,1,1,2,0,0
9910488,10,1,9,21,2,8,8
9803389,37,2,35,267,0,37,189
9806260,2,2,0,0,1,1,1
9705295,13,3,10,33,0,13,51
9503276,8,1,7,14,0,8,8
9611224,5,3,2,4,0,5,30
9805297,5,2,3,5,0,5,15
9307291,40,5,35,292,1,39,79
9312235,26,4,22,138,26,0,0
9609301,7,1,6,10,2,5,8
9411399,4,2,2,3,1,3,3
9904418,2,1,1,1,0,2,15
9810216,31,2,29,215,0,31,74
9506399,10,2,8,24,4,6,6
7043,0,0,0,0,0,0,0
9805211,5,4,1,2,0,5,25
101051,16,2,14,40,0,16,67
11394,5,3,2,2,0,5,76
9810514,45,2,43,539,0,45,175
9701323,10,3,7,15,0,10,27
103168,3,2,1,1,0,3,3
9401258,10,1,9,18,10,0,0
9405207,25,4,21,102,0,25,101
9710473,8,1,7,19,0,8,27
9811356,60,2,58,826,0,60,256
6128,9,4,5,10,0,9,71
9612268,9,2,7,11,1,8,10
9505245,25,3,22,105,0,25,95
9602292,7,2,5,11,0,7,7
9703464,43,2,41,421,1,42,199
9906381,15,1,14,53,2,13,23
9802238,24,1,23,122,15,9,9
9910315,6,1,5,9,0,6,12
9807544,4,2,2,5,0,4,16
9707402,5,3,2,2,1,4,4
208177,7,3,4,4,0,7,84
9608231,8,1,7,20,4,4,4
9405368,6,2,4,5,6,0,0
2063,16,1,15,57,1,15,24
9806409,7,2,5,8,0,7,23
9209275,8,1,7,21,8,0,0
9706509,23,2,21,100,0,23,54
102147,40,1,39,303,3,37,110
6266,15,1,14,51,0,15,74
9707546,21,2,19,94,1,20,70
7155,1,1,0,0,0,1,6
9602250,2,2,0,0,0,2,18
101115,3,1,2,3,0,3,6
9910545,6,2,4,10,0,6,15
9410319,15,3,12,61,2,13,29
9405425,11,2,9,35,11,0,0
9902299,2,2,0,0,0,2,13
9811448,47,1,46,423,0,47,47
9806292,50,2,48,512,0,50,118
9706427,19,2,17,63,0,19,36
210157,3,2,1,1,0,3,66
9912355,11,1,10,33,0,11,43
201228,17,2,15,68,0,17,199
9703449,43,1,42,349,2,41,118
9611465,1,1,0,0,0,1,6
205106,0,0,0,0,0,0,0
9904495,7,1,6,10,0,7,18
9712542,21,1,20,83,0,21,88
9505242,5,1,4,5,0,5,5
9703454,22,2,20,66,0,22,107
9907203,9,1,8,26,0,9,20
9208230,7,4,3,3,7,0,0
1194,4,2,2,2,0,4,6
3238,12,2,10,27,0,12,216
9209220,8,4,4,11,8,0,0
9808332,11,1,10,22,0,11,50
9511315,58,2,56,449,0,58,273
9706369,6,2,4,8,0,6,61
9604352,13,2,11,37,2,11,11
9309232,8,1,7,26,8,0,0
9701418,6,1,5,14,1,5,9
12125,51,2,49,616,51,0,0
9903270,3,1,2,3,0,3,10
9903385,5,2,3,5,0,5,29
9707386,12,3,9,23,0,12,68
9304278,2,2,0,0,2,0,0
9802382,2,2,0,0,2,0,0
9507218,8,2,6,15,8,0,0
110032,10,2,8,18,0,10,111
9805216,5,4,1,3,2,3,4
9808394,2,2,0,0,1,1,1
9603289,18,2,16,75,10,8,8
9803351,11,2,9,21,0,11,47
9806513,3,1,2,3,0,3,10
9403390,18,2,16,88,9,9,9
9705433,9,4,5,13,1,8,10
9712251,21,1,20,90,0,21,199
9208209,4,3,1,2,4,0,0
9406385,9,2,7,17,0,9,9
9907257,4,1,3,5,0,4,10
9302298,6,2,4,12,6,0,0
9805228,7,1,6,7,7,0,0
9605283,44,4,40,372,0,44,402
9606438,9,1,8,19,0,9,95
9907319,23,2,21,144,0,23,111
9606356,17,3,14,65,0,17,73
9801276,4,2,2,5,2,2,2
9901401,1,1,0,0,0,1,3
9810468,0,0,0,0,0,0,0
9604430,10,1,9,33,10,0,0
9503456,5,2,3,4,0,5,29
9802445,11,2,9,19,11,0,0
9807320,7,2,5,9,0,7,7
9710236,8,1,7,17,0,8,13
9904303,1,1,0,0,0,1,3
9812280,4,3,1,1,0,4,27
9406212,8,2,6,11,8,0,0
9804313,0,0,0,0,0,0,0
9811426,7,3,4,5,0,7,10
3105,14,1,13,64,8,6,6
9608350,6,1,5,12,6,0,0
9403304,6,1,5,9,6,0,0
9003,3,2,1,1,0,3,11
9811481,23,3,20,102,0,23,142
9904220,29,4,25,244,0,29,246
9811362,17,3,14,80,0,17,93
104146,18,5,13,35,0,18,227
9909259,2,1,1,1,2,0,0
9304245,9,2,7,18,9,0,0
207036,7,1,6,15,0,7,48
102211,10,3,7,33,1,9,9
9704428,22,3,19,107,0,22,263
11375,3,1,2,2,0,3,8
9609371,4,2,2,5,4,0,0
9708395,11,3,8,22,0,11,14
9610425,6,3,3,6,0,6,70
9809304,4,3,1,1,0,4,35
9512439,5,2,3,4,1,4,8
9502201,3,1,2,2,3,0,0
9406375,2,1,1,1,1,1,1
9411435,8,2,6,20,8,0,0
9608281,2,2,0,0,2,0,0
9801298,5,5,0,0,0,5,14
9601280,1,1,0,0,0,1,5
2032,4,1,3,4,0,4,13
9402362,6,1,5,12,6,0,0
104137,18,3,15,74,3,15,15
9403274,11,1,10,29,11,0,0
9401262,6,3,3,8,6,0,0
104277,6,1,5,12,3,3,3
9403394,6,4,2,2,0,6,10
9710526,8,1,7,13,0,8,54
3068,7,1,6,14,0,7,97
11387,15,3,12,58,0,15,209
9511382,6,2,4,6,0,6,17
9803457,8,3,5,6,0,8,82
9608462,1,1,0,0,1,0,0
206052,0,0,0,0,0,0,0
9909364,0,0,0,0,0,0,0
3198,5,4,1,2,0,5,5
9402224,8,2,6,13,8,0,0
9805214,7,1,6,12,1,6,6
9811299,5,2,3,3,0,5,23
9508204,17,3,14,62,1,16,35
112260,4,2,2,2,0,4,7
102312,12,3,9,43,12,0,0
9701409,0,0,0,0,0,0,0
9503486,16,3,13,49,16,0,0
9512237,9,3,6,8,3,6,6
9302201,14,2,12,36,0,14,14
9207225,2,1,1,1,2,0,0
9606244,3,2,1,1,0,3,20
9812236,18,3,15,64,0,18,59
9403292,8,4,4,12,8,0,0
9606340,2,1,1,1,0,2,2
9709439,2,1,1,1,0,2,3
9612236,1,1,0,0,0,1,5
9403376,4,1,3,5,1,3,3
9505384,5,1,4,7,1,4,6
9505317,9,1,8,19,2,7,14
9911207,7,1,6,12,0,7,26
9508237,5,4,1,1,5,0,0
204288,2,2,0,0,0,2,16
205261,14,1,13,45,0,14,66
9901208,3,1,2,2,0,3,43
108152,14,3,11,29,0,14,148
110173,11,3,8,32,0,11,35
9712201,13,3,10,41,13,0,0
112123,2,2,0,0,0,2,6
203192,0,0,0,0,0,0,0
9904316,1,1,0,0,1,0,0
205024,7,3,4,6,0,7,135
9405273,19,1,18,84,5,14,14
9605388,2,2,0,0,2,0,0
9710377,1,1,0,0,0,1,1
11241,53,2,51,406,0,53,728
9902411,3,1,2,2,3,0,0
9710389,4,1,3,4,4,0,0
9308295,5,3,2,2,5,0,0
9507452,9,2,7,16,0,9,21
9606292,2,2,0,0,0,2,18
9503206,5,1,4,7,5,0,0
105250,0,0,0,0,0,0,0
5293,8,2,6,15,0,8,40
1146,0,0,0,0,0,0,0
9504337,5,1,4,7,5,0,0
9706524,0,0,0,0,0,0,0
9307244,42,2,40,396,42,0,0
9807280,0,0,0,0,0,0,0
9811509,12,1,11,27,12,0,0
10205,19,1,18,111,0,19,130
105128,3,2,1,1,3,0,0
8251,0,0,0,0,0,0,0
9609220,0,0,0,0,0,0,0
204025,3,3,0,0,0,3,11
9809548,3,1,2,2,0,3,15
203163,0,0,0,0,0,0,0
9707227,7,1,6,9,0,7,168
9504408,6,2,4,7,2,4,4
9407353,1,1,0,0,1,0,0
9610418,5,1,4,6,0,5,5
9602256,2,1,1,1,0,2,2
4039,0,0,0,0,0,0,0
9610485,4,2,2,2,0,4,11
9802248,6,2,4,7,0,6,48
104266,5,3,2,4,2,3,4
3242,6,3,3,6,0,6,34
6023,10,3,7,24,0,10,18
10203,10,2,8,19,0,10,99
110256,1,1,0,0,0,1,2
103147,2,2,0,0,0,2,8
9412269,8,2,6,14,8,0,0
9211225,2,2,0,0,2,0,0
9711342,5,1,4,8,0,5,11
109061,2,2,0,0,0,2,14
9604321,9,3,6,10,3,6,7
201104,0,0,0,0,0,0,0
9701219,4,4,0,0,0,4,14
8125,3,3,0,0,0,3,27
9612453,16,3,13,29,0,16,110
9902380,2,1,1,1,0,2,3
9811456,0,0,0,0,0,0,0
2302,0,0,0,0,0,0,0
9502261,7,1,6,15,7,0,0
9710400,2,1,1,1,2,0,0
9608486,2,1,1,1,0,2,2
9810394,2,1,1,1,1,1,1
9412289,0,0,0,0,0,0,0
9605347,4,4,0,0,0,4,18
111179,0,0,0,0,0,0,0
107002,17,1,16,71,0,17,45
9707431,6,1,5,13,6,0,0
111341,1,1,0,0,0,1,11
9706348,4,3,1,1,0,4,10
9606256,2,1,1,1,2,0,0
101230,3,2,1,1,0,3,87
9601358,3,1,2,3,3,0,0
9511275,6,2,4,8,0,6,31
208027,3,3,0,0,1,2,2
111157,3,2,1,1,0,3,66
9603396,15,1,14,72,7,8,8
9709366,2,2,0,0,0,2,5
9712505,0,0,0,0,0,0,0
106337,2,1,1,1,0,2,4
9911436,10,1,9,20,1,9,9
203158,0,0,0,0,0,0,0
206272,2,1,1,1,0,2,2
211147,2,1,1,1,0,2,4
5066,4,1,3,4,0,4,19
9601215,1,1,0,0,1,0,0
9502377,0,0,0,0,0,0,0
9403331,8,3,5,11,2,6,6
9911214,14,1,13,50,0,14,91
9612329,3,2,1,2,3,0,0
11053,15,1,14,59,0,15,95
9706244,1,1,0,0,1,0,0
9911527,1,1,0,0,0,1,2
9512329,14,3,11,48,14,0,0
105158,0,0,0,0,0,0,0
9706491,3,1,2,3,0,3,11
9712315,4,2,2,2,0,4,6
9902218,3,1,2,3,0,3,12
8078,5,5,0,0,0,5,25
9205242,2,1,1,1,2,0,0
9912455,3,3,0,0,0,3,6
9806486,14,1,13,38,0,14,71
9511284,4,2,2,2,0,4,12
9706251,4,1,3,6,3,1,1
9501220,5,2,3,6,5,0,0
9910287,2,2,0,0,0,2,25
12381,6,1,5,5,0,6,46
9910442,7,3,4,10,0,7,44
9811275,11,2,9,21,0,11,45
9810437,11,1,10,45,0,11,11
9812384,3,1,2,2,3,0,0
10148,17,2,15,47,6,11,23
209117,0,0,0,0,0,0,0
6185,4,1,3,6,0,4,4
9609385,10,1,9,32,10,0,0
9811518,5,3,2,4,5,0,0
9262,1,1,0,0,0,1,6
9509360,2,1,1,1,1,1,1
9503333,4,1,3,3,0,4,4
9809583,12,1,11,35,0,12,29
211245,0,0,0,0,0,0,0
9902400,3,1,2,3,3,0,0
9712209,4,2,2,5,0,4,33
10308,1,1,0,0,0,1,1
9911291,10,2,8,22,3,7,12
102116,2,1,1,1,0,2,27
9503474,6,2,4,7,4,2,2
9608275,2,1,1,1,0,2,2
105205,4,2,2,2,0,4,83
9712280,5,2,3,3,0,5,9
108274,1,1,0,0,0,1,6
9411372,4,4,0,0,4,0,0
9810528,2,2,0,0,0,2,5
9903233,0,0,0,0,0,0,0
9807351,2,2,0,0,0,2,3
9166,0,0,0,0,0,0,0
9809259,0,0,0,0,0,0,0
9302295,6,2,4,11,6,0,0
9812488,8,2,6,9,0,8,20
9709334,6,1,5,14,0,6,15
9608333,0,0,0,0,0,0,0
106033,2,1,1,1,0,2,4
9610330,0,0,0,0,0,0,0
112163,3,1,2,2,0,3,38
210349,0,0,0,0,0,0,0
201085,0,0,0,0,0,0,0
11397,2,2,0,0,0,2,2
210192,0,0,0,0,0,0,0
102236,2,2,0,0,0,2,10
9184,0,0,0,0,0,0,0
105197,6,1,5,6,1,5,5
302076,0,0,0,0,0,0,0
1255,3,1,2,3,0,3,6
9605397,1,1,0,0,0,1,1
9407263,0,0,0,0,0,0,0
9404287,4,1,3,4,4,0,0
107222,5,2,3,5,0,5,46
9907512,5,1,4,9,5,0,0
108253,1,1,0,0,0,1,5
206096,1,1,0,0,1,0,0
110178,2,1,1,1,0,2,3
9403273,2,1,1,1,2,0,0
205265,1,1,0,0,0,1,12
104052,10,5,5,7,0,10,45
9606477,9,3,6,16,0,9,26
9509310,2,2,0,0,0,2,3
11310,3,2,1,1,0,3,12
9602340,5,1,4,7,4,1,1
9412379,4,2,2,4,4,0,0
9712492,5,2,3,6,0,5,12
3133,0,0,0,0,0,0,0
9809386,0,0,0,0,0,0,0
9402326,8,2,6,14,2,6,6
8116,2,1,1,1,0,2,3
5306,3,2,1,1,1,2,4
9909414,1,1,0,0,1,0,0
112045,4,1,3,3,1,3,3
9606456,5,2,3,4,5,0,0
9509210,1,1,0,0,0,1,4
9803272,7,1,6,10,4,3,3
110272,1,1,0,0,0,1,2
107105,3,2,1,1,0,3,9
9705232,1,1,0,0,1,0,0
10007,1,1,0,0,0,1,6
9512344,4,2,2,4,4,0,0
9709494,16,1,15,71,0,16,44
3254,2,2,0,0,0,2,11
9609274,1,1,0,0,0,1,4
9705273,2,2,0,0,2,0,0
9406272,2,2,0,0,0,2,8
9509418,3,2,1,1,3,0,0
9601252,5,1,4,6,5,0,0
9805351,1,1,0,0,0,1,5
302060,0,0,0,0,0,0,0
8007,1,1,0,0,0,1,6
9712389,3,2,1,1,0,3,15
212020,2,2,0,0,0,2,47
10081,1,1,0,0,0,1,1
103261,5,5,0,0,0,5,38
9602207,0,0,0,0,0,0,0
9603320,3,1,2,3,3,0,0
9703316,2,1,1,1,2,0,0
8252,3,1,2,3,0,3,3
9604390,3,1,2,2,0,3,13
9202,1,1,0,0,0,1,3
9809498,8,1,7,23,0,8,85
9601381,3,2,1,2,3,0,0
9709349,1,1,0,0,0,1,3
9903383,4,1,3,5,0,4,7
204330,1,1,0,0,0,1,6
9312220,8,1,7,20,8,0,0
9808246,0,0,0,0,0,0,0
9708223,4,2,2,3,0,4,13
9912283,2,2,0,0,0,2,2
8081,3,2,1,1,2,1,1
203089,0,0,0,0,0,0,0
9406290,1,1,0,0,0,1,1
9906316,12,3,9,45,3,9,30
107159,3,3,0,0,1,2,7
9505337,2,2,0,0,2,0,0
9411247,3,1,2,2,3,0,0
9506370,8,1,7,20,8,0,0
9802408,5,2,3,4,0,5,12
9703438,8,2,6,13,3,5,5
9710520,0,0,0,0,0,0,0
9607430,1,1,0,0,1,0,0
9604397,1,1,0,0,0,1,1
9607443,3,1,2,3,0,3,11
9903338,1,1,0,0,1,0,0
9405376,0,0,0,0,0,0,0
3064,0,0,0,0,0,0,0
9607307,0,0,0,0,0,0,0
9408225,3,1,2,2,3,0,0
11289,2,1,1,1,0,2,19
204338,0,0,0,0,0,0,0
9801314,1,1,0,0,1,0,0
107034,0,0,0,0,0,0,0
10150,5,1,4,5,0,5,24
9911222,2,2,0,0,1,1,1
9703400,5,2,3,4,5,0,0
4018,3,2,1,1,0,3,3
211326,0,0,0,0,0,0,0
9809355,2,1,1,1,2,0,0
202004,4,1,3,6,0,4,7
9204217,1,1,0,0,1,0,0
9603373,1,1,0,0,0,1,4
109130,4,1,3,4,2,2,7
9601388,4,4,0,0,4,0,0
9407393,2,2,0,0,0,2,9
203124,1,1,0,0,1,0,0
208223,1,1,0,0,0,1,3
7238,5,2,3,4,0,5,13
5279,0,0,0,0,0,0,0
9812325,1,1,0,0,0,1,2
201064,0,0,0,0,0,0,0
105166,1,1,0,0,0,1,4
9908223,10,1,9,30,0,10,19
10246,3,1,2,3,0,3,5
205150,3,2,1,1,0,3,4
9505354,1,1,0,0,0,1,2
9806497,0,0,0,0,0,0,0
9601371,2,2,0,0,2,0,0
103076,0,0,0,0,0,0,0
9402323,1,1,0,0,1,0,0
9509319,3,2,1,1,0,3,5
9806346,0,0,0,0,0,0,0
9508248,5,4,1,3,1,4,4
11100,1,1,0,0,0,1,2
9601209,1,1,0,0,0,1,1
9601334,3,1,2,3,3,0,0
9408319,0,0,0,0,0,0,0
9306203,2,2,0,0,2,0,0
9909267,3,1,2,2,3,0,0
1218,4,3,1,1,0,4,32
9801349,9,2,7,8,1,8,8
9511462,4,3,1,1,0,4,27
210127,1,1,0,0,0,1,11
9909550,4,3,1,1,0,4,8
109211,0,0,0,0,0,0,0
9911535,4,2,2,2,0,4,11
107286,0,0,0,0,0,0,0
9703308,1,1,0,0,1,0,0
110050,1,1,0,0,1,0,0
9804387,2,1,1,1,0,2,10
9409318,1,1,0,0,1,0,0
9610543,15,1,14,61,1,14,20
9904471,4,3,1,2,0,4,12
9807234,2,1,1,1,2,0,0
4183,2,2,0,0,0,2,7
9401341,2,1,1,1,1,1,1
9704299,9,3,6,19,0,9,67
9710299,3,1,2,2,0,3,6
9611435,0,0,0,0,0,0,0
103102,8,3,5,11,0,8,39
9608279,1,1,0,0,1,0,0
9308284,8,1,7,17,8,0,0
9155,0,0,0,0,0,0,0
9410267,3,1,2,3,3,0,0
112114,1,1,0,0,0,1,4
9904223,5,3,2,3,0,5,15
9708234,0,0,0,0,0,0,0
109188,1,1,0,0,0,1,6
9608463,2,1,1,1,2,0,0
9908338,3,1,2,3,3,0,0
9411314,2,2,0,0,0,2,7
9707329,0,0,0,0,0,0,0
9907241,8,4,4,7,0,8,42
209376,1,1,0,0,0,1,10
106153,4,2,2,2,4,0,0
209194,3,1,2,3,0,3,8
6339,1,1,0,0,1,0,0
302165,0,0,0,0,0,0,0
9409299,2,2,0,0,2,0,0
101109,2,1,1,1,2,0,0
11212,0,0,0,0,0,0,0
9707450,1,1,0,0,0,1,14
109150,0,0,0,0,0,0,0
7075,1,1,0,0,0,1,4
9406294,1,1,0,0,0,1,1
206269,3,1,2,3,0,3,12
201226,1,1,0,0,0,1,10
5014,3,1,2,2,0,3,3
9907305,3,2,1,1,0,3,13
9609211,1,1,0,0,1,0,0
9501320,2,1,1,1,2,0,0
104307,1,1,0,0,0,1,4
11286,0,0,0,0,0,0,0
9607415,1,1,0,0,1,0,0
9504433,2,1,1,1,2,0,0
9810341,5,2,3,5,0,5,21
208128,0,0,0,0,0,0,0
9610441,0,0,0,0,0,0,0
9806476,0,0,0,0,0,0,0
106257,2,2,0,0,0,2,10
112072,1,1,0,0,0,1,5
302098,0,0,0,0,0,0,0
3255,0,0,0,0,0,0,0
9904452,1,1,0,0,0,1,2
9912361,2,1,1,1,0,2,9
203118,5,1,4,7,5,0,0
110091,4,3,1,1,4,0,0
9908225,7,2,5,14,7,0,0
9905466,0,0,0,0,0,0,0
9907465,1,1,0,0,0,1,1
9906406,1,1,0,0,0,1,1
208130,0,0,0,0,0,0,0
9706318,0,0,0,0,0,0,0
9906339,7,6,1,1,0,7,7
9305278,10,3,7,18,10,0,0
9811410,4,3,1,1,0,4,16
9301250,1,1,0,0,0,1,1
103013,1,1,0,0,0,1,1
203233,4,1,3,5,0,4,19
9211232,2,2,0,0,2,0,0
9511206,0,0,0,0,0,0,0
111337,0,0,0,0,0,0,0
9501348,2,2,0,0,2,0,0
101245,3,2,1,1,0,3,18
101045,0,0,0,0,0,0,0
9903374,4,1,3,4,0,4,17
9702342,4,1,3,6,1,3,6
9910473,0,0,0,0,0,0,0
206172,3,2,1,1,0,3,8
9407252,5,4,1,1,0,5,20
9909546,2,2,0,0,1,1,2
6150,1,1,0,0,0,1,8
108167,1,1,0,0,0,1,2
9412363,9,2,7,13,9,0,0
9412279,2,2,0,0,2,0,0
6127,0,0,0,0,0,0,0
9503242,0,0,0,0,0,0,0
9210231,2,1,1,1,2,0,0
9809314,1,1,0,0,0,1,1
9408275,4,4,0,0,4,0,0
4249,1,1,0,0,1,0,0
9603243,0,0,0,0,0,0,0
9312244,2,1,1,1,2,0,0
9804368,1,1,0,0,1,0,0
107176,3,3,0,0,0,3,15
211024,1,1,0,0,0,1,5
9805398,3,1,2,2,3,0,0
9409456,2,2,0,0,2,0,0
9804408,3,2,1,1,0,3,3
9712309,3,1,2,3,0,3,10
206099,3,2,1,1,0,3,3
9511349,3,3,0,0,0,3,7
9610375,0,0,0,0,0,0,0
9501259,4,2,2,3,2,2,2
9812274,6,1,5,12,0,6,8
9706389,1,1,0,0,0,1,13
9312289,1,1,0,0,1,0,0
204350,1,1,0,0,0,1,9
9808391,1,1,0,0,1,0,0
3024,1,1,0,0,1,0,0
301206,0,0,0,0,0,0,0
9809335,0,0,0,0,0,0,0
9804464,2,2,0,0,0,2,2
9902360,1,1,0,0,0,1,6
12053,1,1,0,0,0,1,1
9804268,1,1,0,0,0,1,4
9501381,0,0,0,0,0,0,0
9712508,2,1,1,1,1,1,1
9809567,4,3,1,1,0,4,8
9712481,1,1,0,0,1,0,0
10020,0,0,0,0,0,0,0
9906216,0,0,0,0,0,0,0
3135,3,1,2,3,0,3,14
106212,0,0,0,0,0,0,0
12156,1,1,0,0,0,1,5
9610332,0,0,0,0,0,0,0
9412313,0,0,0,0,0,0,0
101231,1,1,0,0,1,0,0
9601380,1,1,0,0,1,0,0
5211,0,0,0,0,0,0,0
9612340,2,1,1,1,0,2,7
8177,0,0,0,0,0,0,0
9306282,1,1,0,0,1,0,0
8246,2,1,1,1,0,2,13
9308236,4,3,1,1,4,0,0
9308364,2,2,0,0,1,1,1
9603398,2,1,1,1,2,0,0
9403212,2,2,0,0,2,0,0
206230,0,0,0,0,0,0,0
9810356,1,1,0,0,1,0,0
9905290,2,2,0,0,2,0,0
1066,1,1,0,0,0,1,1
9352,0,0,0,0,0,0,0
9603277,3,3,0,0,0,3,3
112277,1,1,0,0,0,1,3
9902340,1,1,0,0,0,1,1
9703206,0,0,0,0,0,0,0
9910228,0,0,0,0,0,0,0
109168,0,0,0,0,0,0,0
9611441,2,1,1,1,1,1,2
209059,2,2,0,0,0,2,33
106059,1,1,0,0,0,1,7
9809585,2,1,1,1,1,1,1
9311272,1,1,0,0,1,0,0
9709207,3,1,2,3,0,3,7
9707411,1,1,0,0,0,1,3
9308331,2,2,0,0,2,0,0
208129,0,0,0,0,0,0,0
9309329,0,0,0,0,0,0,0
9405372,2,2,0,0,2,0,0
9806434,0,0,0,0,0,0,0
9310318,0,0,0,0,0,0,0
207113,0,0,0,0,0,0,0
207284,0,0,0,0,0,0,0
9506321,0,0,0,0,0,0,0
9912384,1,1,0,0,1,0,0
207174,1,1,0,0,0,1,11
1314,0,0,0,0,0,0,0
9701255,2,1,1,1,2,0,0
105094,3,1,2,3,0,3,11
103091,1,1,0,0,0,1,9
7221,3,1,2,3,3,0,0
9712378,1,1,0,0,1,0,0
9509262,1,1,0,0,0,1,1
9806524,1,1,0,0,0,1,4
9708286,0,0,0,0,0,0,0
102276,2,2,0,0,2,0,0
9909571,2,1,1,1,2,0,0
110197,1,1,0,0,0,1,2
102025,0,0,0,0,0,0,0
9805501,1,1,0,0,1,0,0
9607378,4,1,3,5,4,0,0
9804452,3,2,1,1,3,0,0
9404316,1,1,0,0,1,0,0
5127,1,1,0,0,0,1,11
9509222,2,2,0,0,2,0,0
209184,0,0,0,0,0,0,0
107032,1,1,0,0,0,1,3
9312330,1,1,0,0,0,1,1
202211,4,1,3,6,3,1,2
9812301,1,1,0,0,0,1,1
9903416,1,1,0,0,0,1,2
206157,1,1,0,0,0,1,1
9802309,0,0,0,0,0,0,0
3240,2,1,1,1,0,2,4
9511226,0,0,0,0,0,0,0
202095,2,2,0,0,0,2,4
9412227,1,1,0,0,1,0,0
112075,0,0,0,0,0,0,0
9705203,2,2,0,0,0,2,7
9403217,2,1,1,1,2,0,0
9910329,1,1,0,0,0,1,3
9810447,1,1,0,0,0,1,1
108089,0,0,0,0,0,0,0
9504233,5,1,4,9,5,0,0
204140,0,0,0,0,0,0,0
9609244,2,2,0,0,0,2,2
205301,0,0,0,0,0,0,0
9910290,6,1,5,12,6,0,0
9908510,1,1,0,0,0,1,8
9905569,1,1,0,0,0,1,7
9811321,3,2,1,2,0,3,32
9711305,2,2,0,0,0,2,10
11391,0,0,0,0,0,0,0
9403298,4,3,1,2,0,4,9
9806417,1,1,0,0,1,0,0
9506442,4,4,0,0,4,0,0
105101,3,2,1,1,0,3,13
9306305,3,3,0,0,3,0,0
11071,2,2,0,0,2,0,0
204007,0,0,0,0,0,0,0
9811486,1,1,0,0,1,0,0
9812338,1,1,0,0,0,1,2
9607247,0,0,0,0,0,0,0
106068,1,1,0,0,0,1,1
9405222,2,2,0,0,2,0,0
9811246,1,1,0,0,1,0,0
212375,0,0,0,0,0,0,0
109060,0,0,0,0,0,0,0
9707469,1,1,0,0,0,1,2
111014,2,1,1,1,0,2,4
9507273,1,1,0,0,0,1,2
101172,0,0,0,0,0,0,0
9211333,1,1,0,0,1,0,0
9711429,4,2,2,2,0,4,25
10039,0,0,0,0,0,0,0
3273,0,0,0,0,0,0,0
11322,1,1,0,0,1,0,0
9809394,1,1,0,0,0,1,4
112077,1,1,0,0,0,1,1
12165,1,1,0,0,1,0,0
10235,0,0,0,0,0,0,0
8171,2,2,0,0,0,2,8
9810296,2,2,0,0,2,0,0
210257,0,0,0,0,0,0,0
9707465,2,1,1,1,2,0,0
105265,0,0,0,0,0,0,0
9504266,0,0,0,0,0,0,0
9510307,0,0,0,0,0,0,0
4053,1,1,0,0,0,1,9
208040,0,0,0,0,0,0,0
9811502,0,0,0,0,0,0,0
11040,2,1,1,1,0,2,8
9307343,1,1,0,0,1,0,0
6061,3,1,2,2,3,0,0
101223,1,1,0,0,0,1,6
9802418,3,2,1,1,3,0,0
204043,1,1,0,0,0,1,1
9801233,2,2,0,0,2,0,0
9512270,3,1,2,3,3,0,0
2303,2,2,0,0,0,2,4
9811432,0,0,0,0,0,0,0
203032,0,0,0,0,0,0,0
9508278,3,2,1,1,1,2,2
8119,0,0,0,0,0,0,0
9208235,1,1,0,0,1,0,0
105271,0,0,0,0,0,0,0
211386,0,0,0,0,0,0,0
9810430,0,0,0,0,0,0,0
9804409,5,1,4,8,5,0,0
106138,0,0,0,0,0,0,0
209338,0,0,0,0,0,0,0
210022,0,0,0,0,0,0,0
9607343,0,0,0,0,0,0,0
9510316,3,2,1,1,3,0,0
6155,0,0,0,0,0,0,0
9806322,0,0,0,0,0,0,0
105209,1,1,0,0,0,1,2
9802234,0,0,0,0,0,0,0
301011,0,0,0,0,0,0,0
6021,0,0,0,0,0,0,0
110103,0,0,0,0,0,0,0
9901275,0,0,0,0,0,0,0
102291,3,3,0,0,3,0,0
211246,0,0,0,0,0,0,0
209254,0,0,0,0,0,0,0
9708420,0,0,0,0,0,0,0
8042,1,1,0,0,1,0,0
9512251,2,1,1,1,2,0,0
9602289,0,0,0,0,0,0,0
9910431,1,1,0,0,0,1,4
9812362,0,0,0,0,0,0,0
9808285,1,1,0,0,0,1,2
211142,0,0,0,0,0,0,0
109138,0,0,0,0,0,0,0
9503245,0,0,0,0,0,0,0
6012,2,1,1,1,0,2,9
109128,0,0,0,0,0,0,0
9308281,1,1,0,0,1,0,0
9503447,0,0,0,0,0,0,0
9904364,0,0,0,0,0,0,0
9703382,1,1,0,0,0,1,1
9911201,0,0,0,0,0,0,0
9712525,1,1,0,0,0,1,9
9405267,2,1,1,1,2,0,0
12379,2,1,1,1,2,0,0
11142,0,0,0,0,0,0,0
9608424,2,2,0,0,2,0,0
9602370,0,0,0,0,0,0,0
205151,0,0,0,0,0,0,0
212072,0,0,0,0,0,0,0
111323,0,0,0,0,0,0,0
9905422,1,1,0,0,0,1,12
9164,0,0,0,0,0,0,0
9606221,0,0,0,0,0,0,0
211077,0,0,0,0,0,0,0
9710326,0,0,0,0,0,0,0
9610428,0,0,0,0,0,0,0
9903530,1,1,0,0,0,1,4
9604391,0,0,0,0,0,0,0
211274,0,0,0,0,0,0,0
11163,0,0,0,0,0,0,0
301189,1,1,0,0,0,1,9
103185,2,1,1,1,2,0,0
9608427,0,0,0,0,0,0,0
211170,1,1,0,0,0,1,3
110228,0,0,0,0,0,0,0
110212,1,1,0,0,0,1,1
211425,0,0,0,0,0,0,0
7225,0,0,0,0,0,0,0
9906317,1,1,0,0,0,1,4
104015,0,0,0,0,0,0,0
4172,1,1,0,0,0,1,4
9509206,0,0,0,0,0,0,0
9811391,1,1,0,0,1,0,0
212313,0,0,0,0,0,0,0
210420,0,0,0,0,0,0,0
210368,0,0,0,0,0,0,0
109215,1,1,0,0,0,1,6
110260,0,0,0,0,0,0,0
12210,1,1,0,0,0,1,4
9512272,0,0,0,0,0,0,0
105248,2,1,1,1,0,2,13
302199,0,0,0,0,0,0,0
112156,1,1,0,0,1,0,0
302241,0,0,0,0,0,0,0
101356,0,0,0,0,0,0,0
9810279,0,0,0,0,0,0,0
207105,0,0,0,0,0,0,0
202141,0,0,0,0,0,0,0
9804210,2,2,0,0,0,2,13
9307377,4,2,2,2,4,0,0
107051,1,1,0,0,1,0,0
9906489,1,1,0,0,0,1,3
9911521,0,0,0,0,0,0,0
9910504,0,0,0,0,0,0,0
211263,0,0,0,0,0,0,0
9403372,0,0,0,0,0,0,0
9605216,2,2,0,0,1,1,1
9608234,0,0,0,0,0,0,0
9307346,1,1,0,0,1,0,0
9609308,1,1,0,0,1,0,0
3269,3,2,1,1,2,1,1
302150,0,0,0,0,0,0,0
9508304,0,0,0,0,0,0,0
8198,0,0,0,0,0,0,0
109153,0,0,0,0,0,0,0
102239,0,0,0,0,0,0,0
9503345,0,0,0,0,0,0,0
9505215,0,0,0,0,0,0,0
9611424,0,0,0,0,0,0,0
112079,0,0,0,0,0,0,0
203043,0,0,0,0,0,0,0
301278,0,0,0,0,0,0,0
211037,0,0,0,0,0,0,0
9512408,0,0,0,0,0,0,0
109044,1,1,0,0,0,1,2
11301,1,1,0,0,0,1,1
9604450,1,1,0,0,0,1,1
109141,1,1,0,0,0,1,2
103319,0,0,0,0,0,0,0
9910401,0,0,0,0,0,0,0
211343,0,0,0,0,0,0,0
10281,1,1,0,0,1,0,0
211092,0,0,0,0,0,0,0
210088,0,0,0,0,0,0,0
212111,0,0,0,0,0,0,0
9507308,1,1,0,0,1,0,0
101177,0,0,0,0,0,0,0
12238,1,1,0,0,1,0,0
204262,0,0,0,0,0,0,0
111251,1,1,0,0,1,0,0
9708325,1,1,0,0,1,0,0
206233,0,0,0,0,0,0,0
106064,1,1,0,0,1,0,0
9608467,0,0,0,0,0,0,0
9812419,0,0,0,0,0,0,0
104188,0,0,0,0,0,0,0
9117,1,1,0,0,0,1,3
9707289,1,1,0,0,1,0,0
212276,0,0,0,0,0,0,0
111407,0,0,0,0,0,0,0
104065,0,0,0,0,0,0,0
9907283,2,1,1,1,2,0,0
9712435,0,0,0,0,0,0,0
9812351,1,1,0,0,1,0,0
205118,0,0,0,0,0,0,0
202132,1,1,0,0,0,1,2
211098,0,0,0,0,0,0,0
302077,0,0,0,0,0,0,0
302158,0,0,0,0,0,0,0
9602222,0,0,0,0,0,0,0
9611268,0,0,0,0,0,0,0
9409423,1,1,0,0,1,0,0
12159,0,0,0,0,0,0,0
9909557,0,0,0,0,0,0,0
211151,0,0,0,0,0,0,0
9705461,0,0,0,0,0,0,0
9703334,0,0,0,0,0,0,0
4034,0,0,0,0,0,0,0
11128,0,0,0,0,0,0,0
211332,0,0,0,0,0,0,0
101126,0,0,0,0,0,0,0
9909209,2,1,1,1,2,0,0
9402228,0,0,0,0,0,0,0
211099,0,0,0,0,0,0,0
103323,1,1,0,0,1,0,0
9710469,0,0,0,0,0,0,0
208008,0,0,0,0,0,0,0
9906425,1,1,0,0,1,0,0
11149,0,0,0,0,0,0,0
9910455,1,1,0,0,0,1,3
9905497,1,1,0,0,1,0,0
301129,0,0,0,0,0,0,0
12104,0,0,0,0,0,0,0
301058,1,1,0,0,0,1,4
9710291,0,0,0,0,0,0,0
207354,0,0,0,0,0,0,0
102104,0,0,0,0,0,0,0
3265,0,0,0,0,0,0,0
111195,0,0,0,0,0,0,0
9407377,0,0,0,0,0,0,0
4154,0,0,0,0,0,0,0
11343,0,0,0,0,0,0,0
103035,1,1,0,0,1,0,0
9907405,0,0,0,0,0,0,0
210246,0,0,0,0,0,0,0
212301,0,0,0,0,0,0,0
105176,0,0,0,0,0,0,0
207081,3,1,2,2,0,3,8
207250,0,0,0,0,0,0,0
9704397,1,1,0,0,1,0,0
9906472,0,0,0,0,0,0,0
209279,0,0,0,0,0,0,0
101240,0,0,0,0,0,0,0
203207,0,0,0,0,0,0,0
302152,0,0,0,0,0,0,0
9711397,1,1,0,0,1,0,0
9609299,1,1,0,0,1,0,0
205045,0,0,0,0,0,0,0
5168,1,1,0,0,1,0,0
4163,1,1,0,0,1,0,0
3173,1,1,0,0,1,0,0
9809551,1,1,0,0,1,0,0
9709384,1,1,0,0,0,1,1
212158,0,0,0,0,0,0,0
9606446,0,0,0,0,0,0,0
205193,0,0,0,0,0,0,0
201126,0,0,0,0,0,0,0
101120,0,0,0,0,0,0,0
9503287,0,0,0,0,0,0,0
202215,0,0,0,0,0,0,0
301036,0,0,0,0,0,0,0
9407205,0,0,0,0,0,0,0
108169,0,0,0,0,0,0,0
106092,0,0,0,0,0,0,0
9907315,0,0,0,0,0,0,0
9711510,0,0,0,0,0,0,0
210147,0,0,0,0,0,0,0
9807290,0,0,0,0,0,0,0
212119,1,1,0,0,1,0,0
212220,0,0,0,0,0,0,0
9329,0,0,0,0,0,0,0
3211,0,0,0,0,0,0,0
211031,0,0,0,0,0,0,0
211377,0,0,0,0,0,0,0
9806433,1,1,0,0,1,0,0
104133,0,0,0,0,0,0,0
211035,0,0,0,0,0,0,0
212087,0,0,0,0,0,0,0
9907441,0,0,0,0,0,0,0
9609332,0,0,0,0,0,0,0
112084,1,1,0,0,1,0,0
207338,0,0,0,0,0,0,0
211241,1,1,0,0,1,0,0
301076,0,0,0,0,0,0,0
9907312,1,1,0,0,1,0,0
9603375,0,0,0,0,0,0,0
9907566,0,0,0,0,0,0,0
201269,0,0,0,0,0,0,0
302275,0,0,0,0,0,0,0
9607469,1,1,0,0,1,0,0
9507262,22,2,20,142,0,22,40
9405274,2,2,0,0,0,2,2
9806351,17,1,16,66,0,17,38
9608460,19,1,18,105,0,19,49
9411426,42,1,41,329,42,0,0
9207258,4,1,3,5,4,0,0
10338,12,3,9,15,0,12,165
9301290,19,1,18,77,3,16,16
9212285,11,3,8,30,11,0,0
9602424,18,1,17,67,1,17,17
6235,0,0,0,0,0,0,0
9408234,10,2,8,29,10,0,0
9609276,21,3,18,123,7,14,14
9901318,18,2,16,53,0,18,84
9801327,2,2,0,0,1,1,2
6331,9,2,7,18,0,9,45
9311360,6,2,4,8,1,5,14
9509351,2,2,0,0,0,2,8
9712307,5,1,4,8,1,4,13
9706280,2,1,1,1,0,2,2
9802334,11,6,5,6,0,11,83
9704423,60,1,59,777,4,56,97
12155,9,2,7,18,1,8,19
9811335,14,1,13,36,0,14,164
9607397,31,2,29,208,0,31,226
9702337,8,1,7,14,1,7,15
2161,10,3,7,20,0,10,73
12099,6,3,3,5,0,6,25
105308,3,3,0,0,0,3,4
9901389,53,1,52,533,0,53,227
9711384,16,2,14,40,0,16,57
9211260,29,3,26,179,29,0,0
9812267,2,1,1,1,1,1,1
9508379,22,2,20,147,1,21,68
9602299,27,1,26,163,7,20,20
9609474,22,1,21,124,2,20,26
9911410,4,2,2,3,0,4,7
9601211,19,2,17,88,19,0,0
9704267,2,1,1,1,2,0,0
9708350,12,3,9,29,0,12,58
9504204,9,1,8,17,0,9,18
6083,4,1,3,4,0,4,19
9907391,11,1,10,24,0,11,44
9308246,43,2,41,340,3,40,60
9410342,15,2,13,33,0,15,47
9710364,6,2,4,4,0,6,12
106176,7,2,5,12,0,7,27
9906257,13,2,11,44,0,13,87
9810313,23,1,22,133,0,23,126
9508233,8,2,6,19,8,0,0
3141,5,3,2,3,0,5,49
9608205,25,2,23,159,2,23,106
9803445,16,1,15,45,0,16,84
101025,9,2,7,9,0,9,122
9904353,54,4,50,591,0,54,443
9803371,12,2,10,24,0,12,44
11379,6,2,4,5,6,0,0
9405257,7,2,5,10,7,0,0
9405346,11,1,10,22,0,11,60
9811386,7,2,5,13,0,7,41
9811378,29,4,25,229,0,29,274
5103,7,1,6,8,0,7,41
9703388,5,2,3,5,0,5,34
9506459,7,2,5,11,0,7,22
9606484,4,1,3,3,4,0,0
9707364,40,2,38,370,1,39,224
9812361,14,1,13,53,5,9,9
9802304,18,1,17,72,0,18,18
9805486,2,1,1,1,0,2,7
9403364,13,1,12,43,13,0,0
9606281,7,2,5,12,7,0,0
103199,19,2,17,58,0,19,106
9612269,18,2,16,80,3,15,25
9501408,0,0,0,0,0,0,0
2064,17,2,15,56,1,16,26
9806472,7,2,5,9,0,7,23
9301242,15,1,14,79,15,0,0
9810360,36,1,35,268,6,30,87
102315,30,2,28,193,0,30,248
9809239,9,1,8,23,0,9,34
104034,17,2,15,43,0,17,214
6026,1,1,0,0,0,1,7
9304295,17,6,11,27,1,16,16
2163,7,2,5,9,0,7,22
9811492,7,3,4,7,0,7,44
9501392,10,3,7,27,0,10,44
9411367,11,2,9,30,11,0,0
9910250,14,4,10,22,0,14,126
9901299,31,1,30,216,0,31,62
9807415,17,2,15,63,0,17,52
9710500,5,3,2,6,0,5,14
211156,1,1,0,0,0,1,16
209193,2,1,1,1,0,2,47
201248,20,3,17,91,0,20,236
9705279,15,1,14,53,0,15,103
9402229,9,5,4,4,0,9,23
101131,5,1,4,7,5,0,0
9812365,7,2,5,9,0,7,7
9802267,17,2,15,68,0,17,91
9506206,1,1,0,0,0,1,2
9707407,7,2,5,8,0,7,43
9911298,9,1,8,20,0,9,22
9405382,6,4,2,4,0,6,17
2238,6,1,5,10,0,6,42
3323,16,5,11,48,0,16,231
9211228,9,5,4,14,3,6,6
9809433,13,3,10,24,0,13,62
9512320,19,1,18,92,0,19,44
9505379,24,2,22,93,0,24,130
9607233,9,3,6,14,0,9,16
9408396,7,1,6,19,0,7,7
9404248,12,1,11,40,12,0,0
209372,0,0,0,0,0,0,0
9705345,8,3,5,7,6,2,3
4115,13,2,11,29,0,13,225
9707537,11,1,10,14,0,11,79
9308271,23,2,21,128,11,12,12
203171,1,1,0,0,0,1,7
9312279,12,1,11,41,12,0,0
103182,34,5,29,136,0,34,424
9809485,3,1,2,2,2,1,1
9810281,3,2,1,1,1,2,2
9803316,19,1,18,69,2,17,24
9807251,20,3,17,62,0,20,187
9902250,7,2,5,10,1,6,18
9408346,22,5,17,116,5,17,25
9407405,4,2,2,5,4,0,0
9801260,28,3,25,133,0,28,238
9612284,7,3,4,8,7,0,0
9507211,5,1,4,8,0,5,6
9406224,9,2,7,17,9,0,0
9906337,0,0,0,0,0,0,0
9408300,2,2,0,0,2,0,0
9612337,9,1,8,26,0,9,67
9707497,3,1,2,2,0,3,22
9905390,33,1,32,256,0,33,107
9706304,7,3,4,6,1,6,25
9805386,3,1,2,2,0,3,5
3281,3,1,2,3,0,3,31
9712281,2,2,0,0,2,0,0
9705242,22,1,21,125,13,9,9
9808377,24,1,23,154,0,24,64
9805219,7,3,4,5,0,7,7
9812279,1,1,0,0,0,1,1
9283,2,1,1,1,0,2,10
9701373,5,1,4,9,5,0,0
9807298,3,1,2,2,0,3,14
9602380,1,1,0,0,1,0,0
9610298,2,1,1,1,0,2,6
9911247,3,3,0,0,0,3,12
9712429,15,2,13,70,10,5,5
4159,4,3,1,1,0,4,11
9505322,7,3,4,10,7,0,0
9348,3,2,1,1,0,3,20
9902343,6,2,4,7,0,6,36
9904234,20,1,19,153,0,20,305
9904276,12,2,10,31,0,12,71
103256,17,3,14,43,0,17,167
9812289,2,1,1,1,0,2,7
9311353,4,1,3,3,0,4,4
207241,5,1,4,6,0,5,50
9903419,9,2,7,25,2,7,13
9705236,18,4,14,65,0,18,252
103122,1,1,0,0,0,1,3
9911455,1,1,0,0,0,1,2
9709215,9,3,6,15,1,8,27
9610471,4,2,2,4,0,4,52
9812276,2,2,0,0,0,2,16
112057,4,1,3,4,0,4,9
9409381,5,1,4,6,5,0,0
9401227,2,1,1,1,2,0,0
9503431,7,1,6,12,1,6,6
9806204,2,2,0,0,2,0,0
9207233,4,1,3,5,4,0,0
9403383,8,3,5,8,0,8,8
9905551,5,1,4,6,0,5,12
9403410,6,1,5,13,6,0,0
104260,11,2,9,28,1,10,32
1297,9,4,5,11,0,9,65
9207253,7,4,3,8,7,0,0
110004,5,1,4,7,0,5,11
9608344,5,1,4,5,0,5,9
9802242,8,2,6,8,0,8,52
3172,12,2,10,27,0,12,116
103024,3,1,2,3,0,3,28
9604359,4,2,2,2,0,4,16
9805451,3,1,2,2,0,3,15
9508284,1,1,0,0,1,0,0
205126,2,2,0,0,2,0,0
9506258,2,2,0,0,2,0,0
5158,3,2,1,1,0,3,4
9502330,5,3,2,2,0,5,16
9803301,16,1,15,46,6,10,17
9905275,4,1,3,6,0,4,28
9309268,8,1,7,22,8,0,0
12145,9,1,8,20,6,3,3
104278,1,1,0,0,0,1,29
9407308,1,1,0,0,1,0,0
9506398,8,1,7,19,0,8,14
9602306,6,6,0,0,6,0,0
9402243,28,4,24,103,0,28,97
102027,0,0,0,0,0,0,0
301232,0,0,0,0,0,0,0
9903220,18,3,15,58,0,18,53
9405400,8,4,4,12,8,0,0
9604275,1,1,0,0,0,1,1
9505301,4,1,3,5,4,0,0
9901277,5,3,2,2,0,5,43
107048,5,3,2,3,0,5,38
9602325,5,2,3,6,0,5,23
9601356,15,1,14,44,2,13,28
9401328,13,2,11,29,13,0,0
9809232,1,1,0,0,0,1,3
205349,7,1,6,13,0,7,48
206162,18,2,16,51,0,18,113
9807568,1,1,0,0,0,1,11
210058,1,1,0,0,0,1,2
203267,8,1,7,17,0,8,35
9812499,8,3,5,14,1,7,13
9904366,4,2,2,2,4,0,0
9406417,2,2,0,0,2,0,0
9608402,1,1,0,0,0,1,2
205122,3,1,2,2,0,3,39
9501251,16,1,15,60,0,16,26
9905369,5,2,3,3,4,1,1
5326,1,1,0,0,0,1,1
12167,31,1,30,192,0,31,400
9509353,8,1,7,12,3,5,5
9710425,3,2,1,1,0,3,3
9507334,1,1,0,0,1,0,0
9602269,5,2,3,5,0,5,9
9612237,12,1,11,30,0,12,109
9512300,5,1,4,5,0,5,11
9062,3,3,0,0,0,3,7
111465,8,2,6,9,0,8,61
9503221,5,2,3,6,5,0,0
9603219,2,1,1,1,1,1,1
9612421,3,2,1,1,0,3,10
9307245,26,1,25,172,26,0,0
9610333,1,1,0,0,1,0,0
9902292,11,1,10,25,0,11,26
12157,25,6,19,133,0,25,199
206191,1,1,0,0,0,1,2
4101,9,1,8,23,0,9,17
9306318,2,1,1,1,2,0,0
107138,2,1,1,1,0,2,3
9910359,3,1,2,2,0,3,14
6249,2,2,0,0,0,2,8
9709319,4,2,2,2,0,4,66
9406318,6,1,5,9,6,0,0
9809553,1,1,0,0,0,1,2
9706537,4,2,2,2,0,4,8
109069,0,0,0,0,0,0,0
9601375,7,1,6,15,3,4,4
9702292,1,1,0,0,0,1,4
9703281,2,2,0,0,0,2,20
101163,2,1,1,1,2,0,0
9106,4,1,3,4,0,4,14
6201,9,1,8,15,0,9,15
9612451,11,1,10,40,2,9,9
11257,4,1,3,4,1,3,3
9909207,8,1,7,16,0,8,20
9911449,0,0,0,0,0,0,0
9306319,7,2,5,18,0,7,7
9601320,5,1,4,6,0,5,14
9812498,10,1,9,20,0,10,37
9607306,11,3,8,19,0,11,24
9602365,1,1,0,0,1,0,0
9312248,10,3,7,10,10,0,0
9906467,4,1,3,4,0,4,24
9802303,1,1,0,0,0,1,10
9905476,1,1,0,0,0,1,2
9805250,5,2,3,6,0,5,16
9505355,3,3,0,0,3,0,0
9502271,6,1,5,9,6,0,0
9710494,2,1,1,1,2,0,0
9705229,1,1,0,0,0,1,2
2224,19,2,17,81,0,19,94
9406381,1,1,0,0,1,0,0
103195,1,1,0,0,0,1,7
9611251,11,3,8,22,0,11,73
201197,16,1,15,49,0,16,70
9903553,4,1,3,5,1,3,3
9908372,7,1,6,15,0,7,37
6147,7,1,6,14,1,6,6
9412259,3,2,1,1,3,0,0
202177,0,0,0,0,0,0,0
9902409,5,1,4,8,5,0,0
9611261,0,0,0,0,0,0,0
210318,0,0,0,0,0,0,0
201019,6,3,3,5,0,6,64
9605423,13,3,10,48,0,13,21
4235,10,2,8,25,2,8,25
9511399,2,1,1,1,0,2,4
9502268,3,1,2,3,3,0,0
9610381,10,1,9,28,10,0,0
104126,5,1,4,4,1,4,4
210241,1,1,0,0,0,1,2
109214,14,1,13,50,14,0,0
9206,5,2,3,4,0,5,36
9810441,5,2,3,7,0,5,50
9405360,3,2,1,1,3,0,0
107094,1,1,0,0,0,1,10
9911366,11,1,10,31,0,11,74
9812379,1,1,0,0,0,1,2
9809207,6,1,5,11,0,6,11
9606432,2,1,1,1,2,0,0
9508246,6,3,3,3,0,6,15
9803497,13,1,12,30,3,10,19
5094,2,2,0,0,2,0,0
9906515,2,1,1,1,0,2,6
9906298,2,2,0,0,0,2,4
9403335,13,2,11,45,3,10,10
9803313,7,2,5,6,1,6,6
9508245,1,1,0,0,0,1,1
6327,3,1,2,2,0,3,3
9906462,12,1,11,28,0,12,56
9310301,2,1,1,1,2,0,0
9710544,8,1,7,17,8,0,0
9709474,4,1,3,4,1,3,6
9407255,0,0,0,0,0,0,0
104120,16,3,13,49,0,16,283
204352,8,1,7,15,0,8,25
9710257,8,2,6,15,1,7,24
9903364,16,1,15,68,3,13,22
9801411,5,2,3,4,2,3,4
12292,8,1,7,10,0,8,45
207352,2,2,0,0,0,2,6
6343,3,1,2,3,0,3,6
9808378,13,1,12,47,2,11,20
9609445,21,1,20,77,0,21,45
9503432,6,2,4,11,6,0,0
9905319,0,0,0,0,0,0,0
9412334,9,2,7,15,9,0,0
9811295,6,2,4,8,0,6,27
208204,1,1,0,0,0,1,3
108188,4,2,2,3,0,4,28
102032,2,1,1,1,0,2,2
9405295,2,2,0,0,0,2,6
209330,1,1,0,0,0,1,11
9605444,10,2,8,31,2,8,19
9301203,4,2,2,2,4,0,0
9610235,1,1,0,0,0,1,2
105268,13,2,11,45,0,13,129
9903307,2,1,1,1,0,2,5
9711302,0,0,0,0,0,0,0
9602271,6,2,4,9,0,6,10
9404225,4,3,1,1,4,0,0
9506330,1,1,0,0,1,0,0
9503222,3,1,2,3,3,0,0
9607206,2,2,0,0,0,2,5
9607349,2,2,0,0,1,1,1
9403246,7,1,6,15,7,0,0
201088,0,0,0,0,0,0,0
9712363,6,1,5,14,0,6,20
9312350,12,1,11,20,12,0,0
8158,4,2,2,2,0,4,44
9512397,1,1,0,0,1,0,0
203251,3,1,2,2,0,3,42
9907506,7,1,6,16,0,7,18
10345,1,1,0,0,1,0,0
3196,5,2,3,5,2,3,3
104095,2,1,1,1,0,2,13
10088,3,2,1,2,0,3,6
3286,2,2,0,0,0,2,2
111048,2,2,0,0,0,2,3
207235,2,1,1,1,0,2,12
9501376,14,2,12,40,14,0,0
9908501,2,1,1,1,0,2,4
9209247,1,1,0,0,1,0,0
9608201,2,2,0,0,0,2,10
111188,4,1,3,3,0,4,52
8186,10,4,6,12,0,10,49
107136,2,1,1,1,0,2,4
204341,1,1,0,0,0,1,1
9307369,3,2,1,1,3,0,0
9405244,1,1,0,0,1,0,0
9605260,0,0,0,0,0,0,0
10350,1,1,0,0,0,1,10
9408359,10,1,9,31,10,0,0
9508354,7,1,6,11,1,6,6
11374,0,0,0,0,0,0,0
9508335,0,0,0,0,0,0,0
9609218,6,4,2,3,0,6,7
9602251,7,4,3,7,0,7,7
9805241,4,3,1,1,0,4,6
9602411,2,2,0,0,0,2,11
9312249,7,1,6,14,7,0,0
210004,1,1,0,0,0,1,2
9047,1,1,0,0,0,1,2
9405243,1,1,0,0,1,0,0
203123,5,1,4,5,1,4,11
9609252,2,1,1,1,2,0,0
110202,0,0,0,0,0,0,0
6073,1,1,0,0,0,1,1
11054,5,1,4,6,5,0,0
1108,7,2,5,11,0,7,15
9311358,0,0,0,0,0,0,0
1200,2,1,1,1,0,2,10
9507401,1,1,0,0,1,0,0
9802387,13,2,11,26,0,13,18
9908220,6,1,5,9,0,6,16
9808223,3,1,2,3,0,3,5
11308,3,2,1,1,0,3,19
9307318,4,2,2,2,4,0,0
9905368,3,2,1,1,0,3,10
9610328,4,3,1,2,0,4,6
9412235,13,1,12,37,13,0,0
107277,2,1,1,1,2,0,0
9701415,7,2,5,9,1,6,7
9712223,4,2,2,4,0,4,21
204280,6,2,4,11,1,5,7
9707376,2,1,1,1,2,0,0
9912525,6,1,5,8,0,6,24
9511259,1,1,0,0,0,1,2
9701397,2,1,1,1,0,2,2
9703372,2,1,1,1,2,0,0
8243,5,1,4,7,5,0,0
9610279,2,1,1,1,0,2,9
9804420,6,2,4,5,2,4,6
9810266,8,1,7,20,0,8,107
9703364,3,2,1,2,0,3,3
9710392,1,1,0,0,0,1,4
9804430,5,1,4,9,0,5,7
9711478,5,3,2,5,0,5,9
204240,1,1,0,0,0,1,4
9804444,2,2,0,0,2,0,0
9807556,0,0,0,0,0,0,0
9511386,5,2,3,4,5,0,0
5082,2,1,1,1,2,0,0
110375,1,1,0,0,0,1,6
9309290,1,1,0,0,1,0,0
9711496,1,1,0,0,0,1,3
3253,5,2,3,4,0,5,14
9509346,2,2,0,0,2,0,0
9505227,2,2,0,0,0,2,2
9602272,16,3,13,78,1,15,25
9503425,2,1,1,1,0,2,3
9804455,4,1,3,3,0,4,6
9509265,2,1,1,1,2,0,0
9609215,2,1,1,1,1,1,1
206057,16,1,15,27,0,16,69
9609352,4,1,3,6,0,4,18
6145,5,1,4,4,1,4,4
9308251,1,1,0,0,1,0,0
9810485,1,1,0,0,0,1,1
103181,1,1,0,0,0,1,3
9710495,1,1,0,0,0,1,3
10080,3,2,1,1,0,3,26
10145,1,1,0,0,1,0,0
9702219,1,1,0,0,1,0,0
9147,4,4,0,0,0,4,34
11314,7,4,3,4,0,7,36
9904447,2,1,1,1,2,0,0
7217,3,3,0,0,1,2,2
10134,3,1,2,2,1,2,3
201061,2,2,0,0,0,2,7
9708407,0,0,0,0,0,0,0
202109,6,1,5,11,0,6,18
9510373,1,1,0,0,0,1,1
9609249,0,0,0,0,0,0,0
106095,2,1,1,1,0,2,4
202256,1,1,0,0,0,1,1
9406228,4,2,2,2,0,4,12
8312,3,1,2,2,3,0,0
111317,1,1,0,0,0,1,2
11032,2,1,1,1,0,2,13
9901352,0,0,0,0,0,0,0
10105,1,1,0,0,0,1,1
9912506,1,1,0,0,1,0,0
9610497,1,1,0,0,0,1,2
207236,4,1,3,5,0,4,45
10247,4,1,3,5,0,4,9
202174,6,1,5,12,0,6,18
9410334,0,0,0,0,0,0,0
9405367,2,2,0,0,2,0,0
9607377,2,2,0,0,1,1,1
3161,10,1,9,34,1,9,23
210445,0,0,0,0,0,0,0
9710478,1,1,0,0,0,1,2
9707439,1,1,0,0,0,1,5
9406267,6,1,5,9,6,0,0
11398,2,1,1,1,0,2,4
9907514,0,0,0,0,0,0,0
9604382,3,2,1,1,0,3,5
9406419,1,1,0,0,1,0,0
9804334,0,0,0,0,0,0,0
9806235,1,1,0,0,1,0,0
5038,5,4,1,2,0,5,31
9412254,6,1,5,5,6,0,0
9512341,3,3,0,0,0,3,9
112174,1,1,0,0,0,1,1
9708245,1,1,0,0,0,1,3
9907381,0,0,0,0,0,0,0
9803477,7,1,6,16,7,0,0
5214,0,0,0,0,0,0,0
108134,2,1,1,1,0,2,4
9807368,0,0,0,0,0,0,0
109222,3,1,2,3,0,3,3
9310380,1,1,0,0,1,0,0
9704405,14,1,13,47,0,14,32
9904363,3,2,1,1,1,2,6
9810398,2,1,1,1,2,0,0
9907225,4,2,2,2,0,4,19
9403221,2,1,1,1,2,0,0
9511414,9,1,8,24,0,9,34
9612409,4,1,3,6,1,3,6
9203213,2,1,1,1,2,0,0
9163,13,1,12,39,0,13,42
9702378,1,1,0,0,1,0,0
9403314,8,3,5,17,8,0,0
9607312,0,0,0,0,0,0,0
9801355,3,1,2,3,3,0,0
107106,1,1,0,0,0,1,6
9910540,5,3,2,3,0,5,5
9305332,3,2,1,1,3,0,0
5026,4,1,3,6,1,3,3
9905511,1,1,0,0,0,1,1
6336,2,2,0,0,0,2,3
9609206,1,1,0,0,0,1,4
9902311,0,0,0,0,0,0,0
9908528,10,2,8,17,0,10,43
103095,0,0,0,0,0,0,0
9804394,2,1,1,1,0,2,8
210433,2,1,1,1,0,2,8
9904465,1,1,0,0,1,0,0
205058,1,1,0,0,0,1,6
9904385,0,0,0,0,0,0,0
102055,2,1,1,1,0,2,2
9403286,2,1,1,1,2,0,0
9710276,0,0,0,0,0,0,0
3210,1,1,0,0,0,1,1
9608478,9,3,6,12,9,0,0
9906278,0,0,0,0,0,0,0
210150,3,1,2,2,0,3,15
207059,1,1,0,0,0,1,1
7059,3,1,2,2,0,3,3
9905386,4,1,3,4,0,4,6
211219,0,0,0,0,0,0,0
104096,3,1,2,2,0,3,8
1013,3,1,2,2,3,0,0
8307,1,1,0,0,0,1,2
9609310,1,1,0,0,1,0,0
9305310,3,3,0,0,3,0,0
9901272,4,1,3,5,0,4,18
102082,1,1,0,0,1,0,0
9512426,1,1,0,0,1,0,0
9504325,2,2,0,0,2,0,0
201166,4,1,3,6,0,4,8
9610281,2,2,0,0,0,2,2
9908261,2,2,0,0,0,2,4
212236,0,0,0,0,0,0,0
11072,0,0,0,0,0,0,0
109210,0,0,0,0,0,0,0
209111,1,1,0,0,0,1,6
2148,2,1,1,1,0,2,6
104022,6,2,4,8,1,5,9
9706332,1,1,0,0,0,1,11
9902426,1,1,0,0,0,1,1
9812521,2,1,1,1,1,1,1
101075,2,2,0,0,0,2,8
9904246,3,1,2,2,0,3,24
202094,0,0,0,0,0,0,0
9806258,0,0,0,0,0,0,0
9709231,4,2,2,3,0,4,13
9409353,0,0,0,0,0,0,0
3085,2,1,1,1,1,1,2
203027,4,1,3,6,0,4,18
208069,4,4,0,0,0,4,25
108231,0,0,0,0,0,0,0
208083,1,1,0,0,0,1,22
110196,1,1,0,0,0,1,7
9309297,6,2,4,12,6,0,0
9906528,3,2,1,1,0,3,5
9503239,4,1,3,6,3,1,1
9710442,4,1,3,5,1,3,7
9902357,1,1,0,0,1,0,0
5178,0,0,0,0,0,0,0
9310245,6,1,5,6,6,0,0
9807509,0,0,0,0,0,0,0
9801357,5,1,4,7,0,5,15
102207,2,2,0,0,0,2,3
9806536,1,1,0,0,1,0,0
102318,1,1,0,0,0,1,3
9910275,5,2,3,5,0,5,22
9605305,0,0,0,0,0,0,0
9601217,1,1,0,0,0,1,2
9804384,3,2,1,1,3,0,0
9701264,0,0,0,0,0,0,0
204112,0,0,0,0,0,0,0
9801331,0,0,0,0,0,0,0
104061,0,0,0,0,0,0,0
103257,1,1,0,0,0,1,1
9308304,4,1,3,3,4,0,0
9704404,2,1,1,1,2,0,0
212203,0,0,0,0,0,0,0
9501311,3,3,0,0,3,0,0
9703453,5,2,3,4,5,0,0
9806316,5,3,2,4,0,5,17
9909248,3,1,2,2,3,0,0
9403215,8,1,7,10,8,0,0
9603427,1,1,0,0,1,0,0
9712452,3,1,2,2,0,3,12
9812530,4,1,3,6,4,0,0
108142,0,0,0,0,0,0,0
5100,0,0,0,0,0,0,0
201247,3,2,1,1,0,3,21
9911347,0,0,0,0,0,0,0
9811330,0,0,0,0,0,0,0
211277,1,1,0,0,1,0,0
9902252,0,0,0,0,0,0,0
9812262,0,0,0,0,0,0,0
9809460,1,1,0,0,0,1,5
211434,0,0,0,0,0,0,0
6219,1,1,0,0,0,1,5
9609288,0,0,0,0,0,0,0
9808330,1,1,0,0,0,1,1
9807477,1,1,0,0,0,1,1
9312298,1,1,0,0,1,0,0
9711430,3,3,0,0,3,0,0
208197,0,0,0,0,0,0,0
9075,2,1,1,1,0,2,12
9904354,2,1,1,1,2,0,0
9907344,1,1,0,0,0,1,6
9709261,0,0,0,0,0,0,0
7016,0,0,0,0,0,0,0
9510412,0,0,0,0,0,0,0
8182,0,0,0,0,0,0,0
9908240,1,1,0,0,1,0,0
9807526,0,0,0,0,0,0,0
8093,1,1,0,0,0,1,2
9610526,1,1,0,0,1,0,0
209355,0,0,0,0,0,0,0
9610505,0,0,0,0,0,0,0
9208215,3,2,1,1,3,0,0
9905271,6,3,3,5,0,6,34
102260,0,0,0,0,0,0,0
202059,0,0,0,0,0,0,0
9812208,1,1,0,0,1,0,0
5272,0,0,0,0,0,0,0
9908247,3,2,1,2,3,0,0
111340,0,0,0,0,0,0,0
202193,0,0,0,0,0,0,0
207225,0,0,0,0,0,0,0
205298,0,0,0,0,0,0,0
9409276,0,0,0,0,0,0,0
9902347,0,0,0,0,0,0,0
6255,2,1,1,1,2,0,0
9705241,4,2,2,3,1,3,6
9907324,0,0,0,0,0,0,0
12347,0,0,0,0,0,0,0
9505214,0,0,0,0,0,0,0
204324,0,0,0,0,0,0,0
9711439,2,1,1,1,0,2,4
9305293,6,5,1,1,0,6,6
9308351,2,2,0,0,2,0,0
104158,0,0,0,0,0,0,0
9305333,3,3,0,0,3,0,0
9909282,0,0,0,0,0,0,0
9512316,1,1,0,0,1,0,0
9301270,2,2,0,0,2,0,0
205242,1,1,0,0,0,1,14
110358,1,1,0,0,1,0,0
9309208,1,1,0,0,1,0,0
11119,1,1,0,0,1,0,0
207329,1,1,0,0,0,1,1
9510406,2,1,1,1,2,0,0
9404264,1,1,0,0,1,0,0
107183,2,1,1,1,0,2,14
103329,1,1,0,0,0,1,9
209091,1,1,0,0,0,1,14
9706364,2,2,0,0,2,0,0
9406402,3,2,1,1,0,3,3
101152,0,0,0,0,0,0,0
9208229,1,1,0,0,1,0,0
111294,0,0,0,0,0,0,0
9511240,2,2,0,0,0,2,2
9902335,3,1,2,3,3,0,0
5009,1,1,0,0,0,1,2
9712241,0,0,0,0,0,0,0
9506384,1,1,0,0,1,0,0
9905268,1,1,0,0,1,0,0
7171,0,0,0,0,0,0,0
9911336,0,0,0,0,0,0,0
9609356,0,0,0,0,0,0,0
9706457,2,2,0,0,0,2,10
9906537,0,0,0,0,0,0,0
9412323,1,1,0,0,1,0,0
202258,5,1,4,10,0,5,22
9801257,1,1,0,0,1,0,0
9810513,2,1,1,1,2,0,0
111135,2,1,1,1,2,0,0
9812253,4,1,3,5,0,4,4
9911251,1,1,0,0,0,1,3
9404202,2,2,0,0,2,0,0
205221,0,0,0,0,0,0,0
9904484,1,1,0,0,1,0,0
4212,2,1,1,1,0,2,4
6181,2,2,0,0,0,2,2
9403275,1,1,0,0,0,1,2
9909519,0,0,0,0,0,0,0
9905334,0,0,0,0,0,0,0
208003,0,0,0,0,0,0,0
9712411,5,2,3,7,1,4,4
104020,3,2,1,1,0,3,16
9601270,2,1,1,1,2,0,0
110292,1,1,0,0,0,1,8
9902441,4,1,3,6,4,0,0
9511294,1,1,0,0,1,0,0
9909505,1,1,0,0,0,1,9
9902470,1,1,0,0,0,1,13
9710409,0,0,0,0,0,0,0
9507316,1,1,0,0,1,0,0
202179,0,0,0,0,0,0,0
9909293,1,1,0,0,1,0,0
9707506,0,0,0,0,0,0,0
204345,0,0,0,0,0,0,0
9410321,1,1,0,0,0,1,1
9807255,2,2,0,0,2,0,0
8317,3,3,0,0,0,3,6
9402263,2,2,0,0,2,0,0
9605438,0,0,0,0,0,0,0
9512213,1,1,0,0,1,0,0
101017,2,1,1,1,2,0,0
9608263,4,2,2,3,0,4,13
2087,0,0,0,0,0,0,0
106093,2,2,0,0,0,2,4
5099,0,0,0,0,0,0,0
9704429,3,1,2,3,3,0,0
9605351,3,1,2,3,3,0,0
9504384,1,1,0,0,1,0,0
9811308,2,2,0,0,2,0,0
9608204,1,1,0,0,1,0,0
9708402,2,1,1,1,0,2,16
107015,0,0,0,0,0,0,0
106197,0,0,0,0,0,0,0
106017,3,3,0,0,0,3,5
9909365,2,2,0,0,0,2,13
10270,2,1,1,1,2,0,0
9304291,1,1,0,0,1,0,0
9709475,0,0,0,0,0,0,0
9806522,4,2,2,2,0,4,14
4078,0,0,0,0,0,0,0
3268,1,1,0,0,0,1,1
9904277,3,1,2,2,3,0,0
11240,0,0,0,0,0,0,0
9211334,5,3,2,2,5,0,0
9502402,0,0,0,0,0,0,0
9910302,0,0,0,0,0,0,0
9606341,0,0,0,0,0,0,0
102231,0,0,0,0,0,0,0
9909351,2,1,1,1,0,2,2
106270,0,0,0,0,0,0,0
9806418,1,1,0,0,1,0,0
2137,4,2,2,2,0,4,17
9804441,1,1,0,0,0,1,3
201210,2,1,1,1,1,1,1
5119,0,0,0,0,0,0,0
102178,0,0,0,0,0,0,0
203217,0,0,0,0,0,0,0
9712308,1,1,0,0,1,0,0
2099,0,0,0,0,0,0,0
9712512,4,2,2,3,4,0,0
9912331,1,1,0,0,0,1,1
9705213,1,1,0,0,1,0,0
9809360,2,2,0,0,2,0,0
206159,1,1,0,0,0,1,3
9801345,4,4,0,0,4,0,0
3088,2,1,1,1,0,2,4
106137,1,1,0,0,0,1,3
112043,0,0,0,0,0,0,0
7051,1,1,0,0,1,0,0
9701350,1,1,0,0,0,1,1
106220,0,0,0,0,0,0,0
9708386,0,0,0,0,0,0,0
9812505,0,0,0,0,0,0,0
6010,2,1,1,1,2,0,0
9801273,1,1,0,0,1,0,0
110342,1,1,0,0,1,0,0
210222,0,0,0,0,0,0,0
9809428,1,1,0,0,1,0,0
112012,0,0,0,0,0,0,0
5243,0,0,0,0,0,0,0
9503369,0,0,0,0,0,0,0
208192,1,1,0,0,0,1,3
9609409,0,0,0,0,0,0,0
204002,3,3,0,0,0,3,21
9808414,2,1,1,1,0,2,4
9409366,0,0,0,0,0,0,0
203083,2,2,0,0,0,2,6
9510341,0,0,0,0,0,0,0
211416,0,0,0,0,0,0,0
6055,1,1,0,0,1,0,0
2018,0,0,0,0,0,0,0
9908487,0,0,0,0,0,0,0
9810385,3,1,2,3,0,3,5
103037,1,1,0,0,1,0,0
211347,0,0,0,0,0,0,0
9807566,0,0,0,0,0,0,0
203115,0,0,0,0,0,0,0
9603242,2,1,1,1,2,0,0
9612317,0,0,0,0,0,0,0
9707461,0,0,0,0,0,0,0
9806206,0,0,0,0,0,0,0
102307,3,1,2,3,3,0,0
211165,0,0,0,0,0,0,0
301118,0,0,0,0,0,0,0
201060,0,0,0,0,0,0,0
106008,0,0,0,0,0,0,0
9611303,0,0,0,0,0,0,0
1147,1,1,0,0,0,1,5
207100,0,0,0,0,0,0,0
3259,0,0,0,0,0,0,0
209118,0,0,0,0,0,0,0
9504370,0,0,0,0,0,0,0
9403258,1,1,0,0,1,0,0
9507231,2,1,1,1,2,0,0
204137,1,1,0,0,0,1,7
9504328,1,1,0,0,0,1,1
201286,0,0,0,0,0,0,0
3295,1,1,0,0,0,1,1
210330,2,1,1,1,0,2,7
9805506,1,1,0,0,1,0,0
211311,0,0,0,0,0,0,0
210261,1,1,0,0,0,1,4
205138,1,1,0,0,0,1,3
206175,0,0,0,0,0,0,0
209205,1,1,0,0,0,1,5
202070,0,0,0,0,0,0,0
302186,0,0,0,0,0,0,0
206179,1,1,0,0,0,1,6
9802337,1,1,0,0,1,0,0
9412338,2,2,0,0,2,0,0
9907543,0,0,0,0,0,0,0
9312305,4,4,0,0,4,0,0
208212,1,1,0,0,1,0,0
9711331,0,0,0,0,0,0,0
9301266,1,1,0,0,1,0,0
8337,0,0,0,0,0,0,0
206111,0,0,0,0,0,0,0
1232,0,0,0,0,0,0,0
105035,0,0,0,0,0,0,0
9708400,0,0,0,0,0,0,0
9910343,0,0,0,0,0,0,0
204167,0,0,0,0,0,0,0
111301,1,1,0,0,0,1,4
9502288,0,0,0,0,0,0,0
210398,0,0,0,0,0,0,0
6214,0,0,0,0,0,0,0
212094,0,0,0,0,0,0,0
10005,0,0,0,0,0,0,0
9807429,0,0,0,0,0,0,0
9310299,2,1,1,1,2,0,0
212297,0,0,0,0,0,0,0
9612228,0,0,0,0,0,0,0
9811497,0,0,0,0,0,0,0
9506339,0,0,0,0,0,0,0
9501331,2,1,1,1,2,0,0
9512212,1,1,0,0,1,0,0
9910439,0,0,0,0,0,0,0
301123,0,0,0,0,0,0,0
9910326,2,1,1,1,2,0,0
101107,0,0,0,0,0,0,0
212201,0,0,0,0,0,0,0
2305,1,1,0,0,1,0,0
3145,0,0,0,0,0,0,0
10095,1,1,0,0,0,1,1
301153,0,0,0,0,0,0,0
9412378,1,1,0,0,1,0,0
10300,0,0,0,0,0,0,0
101156,1,1,0,0,1,0,0
9506372,0,0,0,0,0,0,0
111198,0,0,0,0,0,0,0
102280,0,0,0,0,0,0,0
301104,0,0,0,0,0,0,0
9702204,0,0,0,0,0,0,0
9609224,0,0,0,0,0,0,0
206234,0,0,0,0,0,0,0
9812237,0,0,0,0,0,0,0
210168,0,0,0,0,0,0,0
208035,1,1,0,0,0,1,5
211063,0,0,0,0,0,0,0
302244,0,0,0,0,0,0,0
301226,0,0,0,0,0,0,0
9710490,1,1,0,0,1,0,0
4167,0,0,0,0,0,0,0
6030,0,0,0,0,0,0,0
4164,0,0,0,0,0,0,0
102267,1,1,0,0,1,0,0
204306,3,3,0,0,0,3,27
201138,1,1,0,0,0,1,1
9801441,0,0,0,0,0,0,0
210121,0,0,0,0,0,0,0
201069,1,1,0,0,1,0,0
9310214,0,0,0,0,0,0,0
9701281,0,0,0,0,0,0,0
103279,1,1,0,0,1,0,0
5252,0,0,0,0,0,0,0
7042,0,0,0,0,0,0,0
9501288,0,0,0,0,0,0,0
204323,0,0,0,0,0,0,0
103296,1,1,0,0,1,0,0
9902306,0,0,0,0,0,0,0
10109,0,0,0,0,0,0,0
4036,0,0,0,0,0,0,0
9807516,0,0,0,0,0,0,0
207209,0,0,0,0,0,0,0
9410308,0,0,0,0,0,0,0
209105,1,1,0,0,1,0,0
204321,0,0,0,0,0,0,0
9708289,0,0,0,0,0,0,0
9706433,0,0,0,0,0,0,0
210093,0,0,0,0,0,0,0
211396,0,0,0,0,0,0,0
9168,0,0,0,0,0,0,0
9402338,0,0,0,0,0,0,0
301192,0,0,0,0,0,0,0
9507345,0,0,0,0,0,0,0
12319,0,0,0,0,0,0,0
9504311,1,1,0,0,1,0,0
212361,0,0,0,0,0,0,0
9508374,1,1,0,0,1,0,0
9902374,0,0,0,0,0,0,0
9302266,2,2,0,0,2,0,0
110027,0,0,0,0,0,0,0
208090,0,0,0,0,0,0,0
9902254,0,0,0,0,0,0,0
9506435,0,0,0,0,0,0,0
205258,0,0,0,0,0,0,0
9506300,0,0,0,0,0,0,0
9504414,3,1,2,3,3,0,0
9906455,1,1,0,0,1,0,0
206301,1,1,0,0,0,1,5
202022,0,0,0,0,0,0,0
9711376,0,0,0,0,0,0,0
111330,0,0,0,0,0,0,0
104006,0,0,0,0,0,0,0
4265,0,0,0,0,0,0,0
106209,0,0,0,0,0,0,0
211167,0,0,0,0,0,0,0
9404215,1,1,0,0,1,0,0
9807381,0,0,0,0,0,0,0
210401,0,0,0,0,0,0,0
103196,0,0,0,0,0,0,0
9810263,0,0,0,0,0,0,0
301133,0,0,0,0,0,0,0
205311,0,0,0,0,0,0,0
9905273,0,0,0,0,0,0,0
206294,3,1,2,2,3,0,0
9302218,0,0,0,0,0,0,0
9602371,0,0,0,0,0,0,0
9510352,1,1,0,0,1,0,0
9609390,0,0,0,0,0,0,0
9411230,1,1,0,0,1,0,0
9333,0,0,0,0,0,0,0
212275,1,1,0,0,0,1,1
4224,0,0,0,0,0,0,0
9602376,0,0,0,0,0,0,0
112240,0,0,0,0,0,0,0
9910398,0,0,0,0,0,0,0
6140,0,0,0,0,0,0,0
9609461,0,0,0,0,0,0,0
110151,0,0,0,0,0,0,0
9611295,2,1,1,1,2,0,0
102109,0,0,0,0,0,0,0
301193,0,0,0,0,0,0,0
9911270,1,1,0,0,1,0,0
111065,0,0,0,0,0,0,0
9403392,1,1,0,0,1,0,0
9306215,1,1,0,0,1,0,0
112010,0,0,0,0,0,0,0
9912381,0,0,0,0,0,0,0
9307227,0,0,0,0,0,0,0
301168,0,0,0,0,0,0,0
9702335,0,0,0,0,0,0,0
9706446,0,0,0,0,0,0,0
8178,0,0,0,0,0,0,0
9711383,0,0,0,0,0,0,0
206013,0,0,0,0,0,0,0
7331,0,0,0,0,0,0,0
9506458,0,0,0,0,0,0,0
111173,0,0,0,0,0,0,0
9509317,0,0,0,0,0,0,0
210253,0,0,0,0,0,0,0
9912285,0,0,0,0,0,0,0
212363,0,0,0,0,0,0,0
7090,0,0,0,0,0,0,0
209357,1,1,0,0,1,0,0
210203,0,0,0,0,0,0,0
9809299,0,0,0,0,0,0,0
9506337,0,0,0,0,0,0,0
302229,0,0,0,0,0,0,0
207316,0,0,0,0,0,0,0
302144,0,0,0,0,0,0,0
208194,1,1,0,0,1,0,0
1126,0,0,0,0,0,0,0
9408405,0,0,0,0,0,0,0
106133,0,0,0,0,0,0,0
9502294,0,0,0,0,0,0,0
9905298,1,1,0,0,1,0,0
9711261,3,1,2,2,3,0,0
104062,10,2,8,18,0,10,54
9301212,12,2,10,33,0,12,12
9812246,6,2,4,7,0,6,16
9611247,12,2,10,46,0,12,34
9503203,23,1,22,134,23,0,0
9602414,21,2,19,133,1,20,75
104047,14,1,13,37,0,14,168
9307295,17,4,13,54,0,17,39
9309298,9,2,7,23,5,4,4
9511378,20,1,19,93,20,0,0
3058,8,6,2,3,0,8,148
9708403,11,2,9,31,4,7,7
9711415,19,2,17,108,19,0,0
9903460,13,2,11,30,0,13,113
9711416,2,1,1,1,2,0,0
9338,3,1,2,3,0,3,18
9405256,7,3,4,8,1,6,17
9301291,5,2,3,6,5,0,0
9811282,12,1,11,50,4,8,10
9803335,2,1,1,1,1,1,2
9604251,5,1,4,7,0,5,30
9504327,41,2,39,413,16,25,25
111262,0,0,0,0,0,0,0
9812278,12,1,11,30,0,12,76
9607487,17,1,16,64,0,17,154
9901265,5,2,3,4,0,5,15
6068,6,2,4,7,0,6,37
9401204,17,2,15,51,17,0,0
9712306,5,1,4,5,5,0,0
9404241,7,1,6,13,6,1,1
9801453,4,3,1,1,0,4,13
9303270,31,6,25,170,31,0,0
9607473,9,2,7,13,0,9,9
9603208,41,1,40,383,0,41,385
9707409,52,1,51,599,21,31,44
9606378,8,1,7,23,3,5,7
9901394,9,4,5,10,0,9,20
9602287,25,2,23,161,25,0,0
9804332,26,2,24,129,1,25,25
9709360,9,4,5,11,0,9,48
9506208,9,3,6,12,0,9,32
9610414,16,2,14,67,7,9,16
9907501,4,1,3,4,0,4,17
9308262,28,6,22,132,0,28,63
9509256,24,1,23,117,0,24,55
9803446,3,3,0,0,0,3,6
6205,13,1,12,57,13,0,0
9906373,3,1,2,3,0,3,19
9902430,21,1,20,98,0,21,92
9508353,7,2,5,13,7,0,0
9508378,20,2,18,106,0,20,37
9703354,12,2,10,38,0,12,88
9312318,19,1,18,75,19,0,0
102047,15,3,12,21,0,15,235
9906551,38,3,35,315,0,38,446
9905253,3,1,2,3,0,3,11
103092,1,1,0,0,0,1,1
9906513,20,1,19,93,4,16,16
9408290,21,4,17,67,0,21,43
9303309,40,2,38,392,40,0,0
9503443,33,1,32,239,1,32,67
9712212,26,2,24,119,0,26,89
9708443,3,3,0,0,0,3,15
9512383,13,3,10,30,0,13,57
9607271,5,2,3,3,0,5,10
9809521,37,2,35,261,0,37,241
9905220,3,3,0,0,0,3,21
9803333,16,1,15,55,0,16,35
9811331,0,0,0,0,0,0,0
9405337,8,2,6,14,8,0,0
11145,0,0,0,0,0,0,0
106025,16,1,15,35,0,16,102
9701231,13,2,11,37,0,13,26
9309330,2,1,1,1,2,0,0
2186,7,2,5,10,0,7,28
9609428,15,3,12,59,0,15,25
9303207,16,2,14,87,0,16,57
9905481,42,3,39,331,2,40,120
9908531,25,2,23,159,1,24,86
104304,23,2,21,88,1,22,47
9612483,28,3,25,185,0,28,51
108108,2,1,1,1,1,1,1
9311222,13,9,4,7,0,13,35
9707363,5,2,3,4,0,5,5
9203223,14,1,13,51,14,0,0
9505225,9,1,8,25,0,9,47
9506332,9,1,8,18,0,9,9
103138,2,2,0,0,1,1,4
9904211,44,3,41,354,0,44,116
9809217,33,4,29,271,0,33,65
9812523,15,3,12,42,0,15,39
211169,1,1,0,0,0,1,17
209295,2,1,1,1,0,2,38
202081,21,4,17,81,0,21,264
9402283,29,1,28,240,29,0,0
9402231,8,2,6,9,8,0,0
102290,7,1,6,10,3,4,4
9812296,8,1,7,16,8,0,0
9803405,20,6,14,54,0,20,114
9803463,1,1,0,0,0,1,3
9809396,6,1,5,7,0,6,40
9712362,11,1,10,18,0,11,80
9410259,3,3,0,0,0,3,24
9803257,4,1,3,5,0,4,9
8292,12,1,11,26,0,12,196
9304216,5,2,3,5,0,5,11
9812257,7,4,3,4,0,7,7
9601276,51,1,50,319,0,51,191
9701208,7,5,2,3,0,7,94
9607272,10,4,6,13,0,10,19
9611311,6,1,5,13,0,6,12
9406373,10,1,9,34,10,0,0
112334,2,2,0,0,1,1,1
9311357,4,1,3,5,4,0,0
9706315,48,3,45,404,6,42,79
9709383,9,5,4,6,0,9,84
9211266,17,3,14,70,17,0,0
9403225,7,3,4,9,7,0,0
9609226,16,3,13,48,0,16,43
8102,12,4,8,23,0,12,98
9906324,3,2,1,2,1,2,2
9706256,1,1,0,0,1,0,0
10082,0,0,0,0,0,0,0
9808262,3,2,1,1,0,3,19
11215,10,3,7,10,0,10,93
9502285,10,2,8,31,1,9,16
211313,1,1,0,0,0,1,1
9801252,11,3,8,30,0,11,120
9609448,4,3,1,1,1,3,3
9605207,3,3,0,0,0,3,4
9609480,8,2,6,12,8,0,0
9506333,4,3,1,1,4,0,0
9403245,1,1,0,0,1,0,0
9612346,27,2,25,195,0,27,194
9607326,3,3,0,0,0,3,23
9906296,29,1,28,182,0,29,82
9512417,9,3,6,15,9,0,0
9901219,3,1,2,2,0,3,5
108043,11,2,9,42,0,11,64
101093,1,1,0,0,0,1,4
9707327,23,1,22,117,2,21,29
9901443,7,2,5,9,0,7,88
9811240,2,1,1,1,0,2,3
9902313,9,2,7,12,0,9,19
9912426,2,1,1,1,0,2,8
9702214,6,2,4,12,2,4,4
9811225,5,2,3,7,0,5,12
9507255,1,1,0,0,1,0,0
106280,1,1,0,0,0,1,17
9512290,5,3,2,2,0,5,8
9906538,11,2,9,37,4,7,7
9901224,11,1,10,43,0,11,58
9409315,6,4,2,2,0,6,6
9403229,10,1,9,28,10,0,0
9904472,17,2,15,59,1,16,92
9904355,23,3,20,160,0,23,228
9904448,14,3,11,53,0,14,53
102308,8,2,6,15,0,8,42
9809453,10,3,7,14,0,10,31
9812490,2,2,0,0,0,2,9
208159,5,3,2,3,0,5,43
9708272,16,1,15,54,4,12,24
207160,0,0,0,0,0,0,0
9905475,5,2,3,5,1,4,4
9506205,3,1,2,2,0,3,5
9709484,16,2,14,45,2,14,31
9612349,2,1,1,1,0,2,50
101268,0,0,0,0,0,0,0
104037,0,0,0,0,0,0,0
9712530,0,0,0,0,0,0,0
9805266,0,0,0,0,0,0,0
9407382,12,1,11,28,0,12,12
9704376,0,0,0,0,0,0,0
9302304,4,1,3,5,4,0,0
9409212,11,2,9,18,0,11,40
9505203,4,2,2,5,0,4,4
9501250,1,1,0,0,0,1,2
209166,0,0,0,0,0,0,0
9903421,8,2,6,14,0,8,47
9701325,3,3,0,0,0,3,12
9806530,5,1,4,9,5,0,0
9710280,8,1,7,12,1,7,7
9806461,4,2,2,3,0,4,22
6354,5,1,4,8,0,5,84
103258,19,1,18,68,0,19,171
9610342,1,1,0,0,0,1,3
9809204,8,4,4,6,0,8,86
2106,6,1,5,13,1,5,5
201127,9,1,8,21,2,7,22
9904473,0,0,0,0,0,0,0
9803391,7,2,5,10,7,0,0
9612439,4,2,2,3,0,4,23
203143,0,0,0,0,0,0,0
9910392,3,1,2,3,0,3,32
9402337,20,2,18,104,13,7,7
110098,3,1,2,2,0,3,6
103034,8,1,7,22,0,8,49
9511439,1,1,0,0,1,0,0
9509268,19,2,17,83,10,9,9
9603213,7,5,2,2,0,7,16
9412304,8,3,5,8,0,8,47
101123,2,2,0,0,0,2,6
2178,23,2,21,106,0,23,87
9907425,5,1,4,7,0,5,24
9606246,4,1,3,4,0,4,8
9506318,3,2,1,1,3,0,0
9602386,2,1,1,1,0,2,2
9408337,0,0,0,0,0,0,0
112300,6,3,3,4,0,6,22
9605400,4,1,3,6,0,4,6
9604388,13,1,12,29,0,13,22
9511420,5,1,4,4,0,5,13
9702311,1,1,0,0,0,1,1
206174,12,2,10,40,0,12,100
207227,15,7,8,22,0,15,109
9810257,2,2,0,0,0,2,31
9310211,4,3,1,1,4,0,0
205332,7,1,6,10,0,7,51
9902385,8,2,6,13,1,7,13
9808458,7,1,6,20,0,7,14
8232,1,1,0,0,0,1,1
9408210,6,1,5,7,6,0,0
205168,4,1,3,5,0,4,33
9503332,13,1,12,36,1,12,35
9902332,3,2,1,2,3,0,0
9503232,4,3,1,1,4,0,0
101042,19,2,17,65,0,19,176
9504284,6,1,5,9,2,4,4
9308352,2,1,1,1,2,0,0
302124,0,0,0,0,0,0,0
9606282,6,1,5,11,0,6,12
9710380,11,2,9,21,0,11,65
9808213,4,3,1,1,0,4,12
9807456,0,0,0,0,0,0,0
9810288,2,1,1,1,0,2,4
9604446,4,2,2,2,1,3,3
9405245,3,2,1,2,3,0,0
9403382,3,1,2,3,3,0,0
9310365,40,1,39,318,0,40,158
9612401,1,1,0,0,1,0,0
9907528,6,4,2,2,0,6,25
102097,13,1,12,42,0,13,105
9603349,9,3,6,11,1,8,11
4107,10,1,9,29,0,10,38
9311249,1,1,0,0,0,1,1
111359,4,1,3,3,4,0,0
9809466,5,3,2,2,0,5,85
9907327,9,1,8,14,0,9,32
9608483,3,1,2,3,0,3,11
9909551,1,1,0,0,0,1,2
9509408,7,2,5,9,7,0,0
9811387,3,1,2,2,0,3,13
8064,1,1,0,0,0,1,1
9804351,6,1,5,9,0,6,11
9706500,1,1,0,0,0,1,3
9605313,8,1,7,15,0,8,8
104220,5,1,4,6,5,0,0
10070,4,1,3,4,0,4,18
9327,4,1,3,5,0,4,13
9902237,14,1,13,57,1,13,13
101142,3,2,1,1,0,3,5
9912491,3,1,2,2,0,3,8
9606222,3,3,0,0,3,0,0
9806217,0,0,0,0,0,0,0
9510277,9,1,8,22,0,9,18
9903226,7,1,6,10,3,4,8
9805494,2,2,0,0,0,2,11
9502412,1,1,0,0,1,0,0
9312251,10,3,7,10,10,0,0
9907473,2,1,1,1,0,2,22
9704334,7,2,5,8,0,7,8
9210241,9,2,7,25,9,0,0
9609520,6,2,4,6,0,6,12
5258,1,1,0,0,0,1,17
9507332,7,1,6,11,7,0,0
109221,3,2,1,1,0,3,18
10163,4,1,3,3,0,4,15
9902309,1,1,0,0,0,1,2
101170,4,2,2,3,0,4,24
10087,8,4,4,12,2,6,36
9904488,5,1,4,4,0,5,26
202088,13,1,12,33,0,13,69
9908508,6,2,4,5,0,6,15
10252,2,2,0,0,0,2,16
10319,5,1,4,5,0,5,11
9705359,0,0,0,0,0,0,0
105295,2,1,1,1,0,2,27
9903309,0,0,0,0,0,0,0
9306285,6,1,5,10,3,3,3
1166,8,2,6,9,8,0,0
9902341,21,1,20,92,0,21,173
9712266,7,1,6,15,0,7,18
9907387,5,2,3,7,0,5,9
9603361,1,1,0,0,0,1,2
9805419,1,1,0,0,0,1,3
8091,2,2,0,0,0,2,4
101118,5,1,4,7,3,2,2
208268,2,1,1,1,0,2,12
110002,14,1,13,41,1,13,13
103157,4,3,1,1,0,4,44
9804298,15,1,14,68,0,15,68
9912302,2,2,0,0,0,2,23
11006,2,2,0,0,0,2,16
9912215,16,4,12,49,0,16,157
9809527,3,1,2,3,3,0,0
9903428,7,3,4,11,0,7,11
9807286,6,1,5,9,1,5,8
9301262,8,2,6,11,8,0,0
9804217,8,1,7,12,1,7,7
9605384,1,1,0,0,0,1,1
9612443,3,2,1,1,0,3,5
12021,0,0,0,0,0,0,0
9404318,8,1,7,19,1,7,7
9901386,6,3,3,4,0,6,32
5199,2,2,0,0,0,2,4
9908515,6,2,4,8,6,0,0
9909222,10,2,8,14,0,10,59
9404243,6,2,4,9,1,5,5
9808290,7,1,6,10,0,7,10
9806210,3,2,1,1,0,3,7
9301222,4,3,1,1,4,0,0
9704264,4,2,2,5,1,3,18
203273,4,2,2,3,0,4,4
9807494,4,2,2,2,0,4,23
9910204,14,1,13,56,0,14,34
9309249,4,1,3,4,4,0,0
103124,8,4,4,8,0,8,38
106291,7,1,6,13,7,0,0
103281,2,1,1,1,0,2,7
9812398,7,1,6,17,0,7,7
9411217,22,1,21,97,5,17,22
9505252,2,1,1,1,0,2,4
9811441,0,0,0,0,0,0,0
9609500,9,5,4,8,0,9,150
9904409,10,3,7,18,0,10,41
209188,0,0,0,0,0,0,0
102338,3,1,2,3,0,3,18
102033,4,1,3,4,4,0,0
9301274,3,2,1,2,3,0,0
110402,2,1,1,1,0,2,18
9612320,5,1,4,8,0,5,17
9909238,0,0,0,0,0,0,0
9706474,0,0,0,0,0,0,0
106248,4,1,3,6,0,4,93
9703326,2,2,0,0,0,2,23
9507204,4,2,2,2,4,0,0
9507335,5,1,4,10,0,5,5
9409320,6,3,3,3,6,0,0
9601275,6,1,5,6,2,4,4
9510417,3,1,2,2,1,2,2
9812477,0,0,0,0,0,0,0
9511314,2,1,1,1,2,0,0
9411395,9,2,7,20,3,6,6
9610380,2,2,0,0,2,0,0
9801387,4,1,3,5,0,4,29
9502278,9,6,3,6,9,0,0
106165,1,1,0,0,0,1,1
9607480,0,0,0,0,0,0,0
208012,5,1,4,6,0,5,63
9508301,4,1,3,6,4,0,0
10015,1,1,0,0,0,1,4
2192,4,1,3,6,4,0,0
9903481,2,1,1,1,0,2,3
101334,2,2,0,0,0,2,14
9907481,3,1,2,2,2,1,1
5043,6,1,5,10,6,0,0
105147,11,2,9,29,0,11,28
9508319,7,1,6,13,7,0,0
212132,1,1,0,0,0,1,17
204204,1,1,0,0,0,1,2
9708231,1,1,0,0,0,1,4
111382,3,3,0,0,0,3,36
103267,3,1,2,2,0,3,16
103337,3,1,2,3,3,0,0
9705219,6,1,5,10,0,6,6
9812525,2,1,1,1,0,2,4
9408286,1,1,0,0,1,0,0
9304280,1,1,0,0,1,0,0
5242,1,1,0,0,0,1,7
9501228,11,1,10,35,11,0,0
9701260,9,4,5,14,0,9,9
2102,3,1,2,2,1,2,2
9502286,1,1,0,0,0,1,1
9511419,5,2,3,4,3,2,2
2133,1,1,0,0,0,1,1
5110,3,1,2,2,0,3,3
9412249,5,3,2,2,1,4,4
7352,0,0,0,0,0,0,0
9502226,3,1,2,3,3,0,0
9606397,5,1,4,7,5,0,0
302257,0,0,0,0,0,0,0
9909349,0,0,0,0,0,0,0
9612374,3,2,1,1,3,0,0
102172,3,2,1,1,3,0,0
9506269,8,3,5,7,5,3,3
110243,3,2,1,1,0,3,6
101110,4,1,3,4,0,4,12
9212264,1,1,0,0,1,0,0
9211302,8,1,7,17,8,0,0
9302275,2,2,0,0,2,0,0
9807442,12,3,9,30,0,12,69
9912395,2,1,1,1,0,2,6
9909313,1,1,0,0,0,1,2
7015,4,1,3,4,0,4,19
9309203,4,2,2,2,4,0,0
9608347,8,1,7,18,8,0,0
9611276,1,1,0,0,0,1,2
9607408,13,1,12,30,2,11,11
301042,1,1,0,0,0,1,1
9906476,1,1,0,0,0,1,13
9903238,2,2,0,0,1,1,1
111303,4,2,2,5,4,0,0
301111,0,0,0,0,0,0,0
9911425,3,2,1,1,0,3,11
206110,4,2,2,3,0,4,47
9807449,1,1,0,0,0,1,4
9711282,1,1,0,0,0,1,4
207014,1,1,0,0,0,1,2
9612383,2,1,1,1,0,2,9
9805288,6,2,4,5,2,4,6
9810297,7,1,6,13,0,7,91
9309257,17,2,15,60,17,0,0
9812202,6,3,3,6,0,6,83
111109,1,1,0,0,0,1,13
9911500,0,0,0,0,0,0,0
106082,1,1,0,0,0,1,11
9905525,0,0,0,0,0,0,0
9412291,3,1,2,2,2,1,1
9610403,2,1,1,1,0,2,5
203186,2,1,1,1,0,2,20
9310326,3,1,2,3,3,0,0
10217,5,1,4,7,0,5,16
9708487,2,1,1,1,0,2,3
101150,3,2,1,1,0,3,11
9605256,2,2,0,0,2,0,0
9710481,0,0,0,0,0,0,0
9612204,4,1,3,5,0,4,9
9706407,0,0,0,0,0,0,0
9606229,6,1,5,10,6,0,0
9608363,1,1,0,0,0,1,2
9605375,2,1,1,1,2,0,0
201296,20,1,19,70,3,17,26
9701358,4,1,3,5,0,4,22
8135,6,1,5,5,2,4,7
11388,3,3,0,0,0,3,19
9808278,4,4,0,0,0,4,18
9712476,7,1,6,16,7,0,0
9503337,2,1,1,1,2,0,0
9503457,0,0,0,0,0,0,0
9508388,1,1,0,0,1,0,0
11062,8,2,6,13,0,8,8
9905473,0,0,0,0,0,0,0
102121,1,1,0,0,0,1,8
9603406,1,1,0,0,0,1,1
105252,2,2,0,0,0,2,4
205019,2,2,0,0,0,2,4
201091,1,1,0,0,0,1,4
12262,2,2,0,0,0,2,4
11395,0,0,0,0,0,0,0
9406292,2,1,1,1,2,0,0
110122,0,0,0,0,0,0,0
9710357,4,1,3,6,4,0,0
103237,2,1,1,1,2,0,0
9406413,3,2,1,1,0,3,8
104036,2,2,0,0,0,2,2
204008,2,1,1,1,1,1,1
9708271,4,1,3,5,0,4,4
9805322,1,1,0,0,1,0,0
8313,1,1,0,0,1,0,0
106316,3,2,1,1,0,3,9
111368,0,0,0,0,0,0,0
209160,1,1,0,0,0,1,5
104001,2,1,1,1,0,2,8
204348,7,1,6,13,0,7,28
9312301,2,2,0,0,2,0,0
204156,0,0,0,0,0,0,0
9602284,4,3,1,1,4,0,0
9901215,0,0,0,0,0,0,0
206011,1,1,0,0,0,1,18
210094,1,1,0,0,0,1,5
9801295,5,2,3,5,0,5,9
9803311,0,0,0,0,0,0,0
9807389,2,1,1,1,2,0,0
9909245,2,1,1,1,0,2,4
9610205,1,1,0,0,0,1,4
9407357,1,1,0,0,1,0,0
9306287,0,0,0,0,0,0,0
9705321,1,1,0,0,1,0,0
9802419,12,5,7,19,0,12,120
9810201,1,1,0,0,0,1,1
9508402,5,1,4,7,0,5,21
109181,3,2,1,1,3,0,0
9603358,3,1,2,3,3,0,0
9801204,1,1,0,0,0,1,2
9812346,8,1,7,17,2,6,6
9309230,0,0,0,0,0,0,0
9341,5,1,4,7,5,0,0
9405375,1,1,0,0,1,0,0
4062,4,1,3,6,2,2,2
9308231,0,0,0,0,0,0,0
9709457,13,1,12,34,0,13,33
9809379,3,2,1,1,1,2,2
9903499,1,1,0,0,0,1,2
9909371,2,1,1,1,0,2,9
9501400,2,1,1,1,1,1,1
9611357,8,2,6,15,0,8,54
9603438,1,1,0,0,0,1,3
9603264,0,0,0,0,0,0,0
10207,12,2,10,27,0,12,49
9511367,1,1,0,0,0,1,1
9505328,5,2,3,5,0,5,5
9407226,4,4,0,0,4,0,0
9906332,2,1,1,1,0,2,4
9905318,5,3,2,2,0,5,5
208176,1,1,0,0,0,1,1
208218,2,1,1,1,0,2,2
10302,3,1,2,3,0,3,9
9410222,0,0,0,0,0,0,0
112009,0,0,0,0,0,0,0
9609295,1,1,0,0,0,1,4
9701293,3,1,2,2,0,3,14
9812459,6,3,3,7,0,6,26
203090,0,0,0,0,0,0,0
9707270,7,2,5,9,0,7,21
211282,1,1,0,0,0,1,6
7281,7,1,6,12,2,5,5
211036,0,0,0,0,0,0,0
9604316,2,2,0,0,0,2,9
102056,1,1,0,0,0,1,4
9703368,1,1,0,0,0,1,1
9707413,0,0,0,0,0,0,0
6157,1,1,0,0,1,0,0
112062,0,0,0,0,0,0,0
9904368,2,2,0,0,0,2,16
102303,1,1,0,0,0,1,2
101340,2,1,1,1,0,2,10
9906524,1,1,0,0,0,1,3
4061,0,0,0,0,0,0,0
207259,2,2,0,0,0,2,5
9508399,6,1,5,10,0,6,8
6043,4,1,3,5,0,4,4
210117,0,0,0,0,0,0,0
111192,0,0,0,0,0,0,0
203164,0,0,0,0,0,0,0
9907338,6,2,4,8,1,5,9
4262,4,1,3,5,0,4,28
301179,0,0,0,0,0,0,0
9807490,1,1,0,0,1,0,0
201053,5,1,4,10,0,5,5
9509373,4,2,2,2,4,0,0
9912234,4,1,3,4,0,4,15
201097,0,0,0,0,0,0,0
9501319,3,3,0,0,3,0,0
9510233,1,1,0,0,1,0,0
3307,6,1,5,5,0,6,20
9810529,5,2,3,3,0,5,10
102067,6,1,5,11,0,6,7
105119,2,2,0,0,0,2,7
9701364,4,2,2,2,4,0,0
10050,0,0,0,0,0,0,0
4033,2,2,0,0,0,2,8
9403340,11,5,6,13,11,0,0
104300,13,1,12,26,0,13,236
9906212,1,1,0,0,0,1,7
9807433,0,0,0,0,0,0,0
9907249,0,0,0,0,0,0,0
11153,2,1,1,1,0,2,2
204138,0,0,0,0,0,0,0
206266,6,2,4,6,0,6,71
105131,2,2,0,0,1,1,1
210027,1,1,0,0,0,1,8
207177,0,0,0,0,0,0,0
9903287,3,1,2,3,0,3,12
9910245,1,1,0,0,0,1,2
9507215,6,1,5,14,6,0,0
9711474,2,1,1,1,0,2,6
9809492,1,1,0,0,1,0,0
9410220,2,1,1,1,2,0,0
210357,0,0,0,0,0,0,0
9709460,0,0,0,0,0,0,0
9804345,7,2,5,14,0,7,7
207221,0,0,0,0,0,0,0
9803338,1,1,0,0,1,0,0
102149,0,0,0,0,0,0,0
12192,0,0,0,0,0,0,0
9508277,4,1,3,5,3,1,1
9083,0,0,0,0,0,0,0
204322,0,0,0,0,0,0,0
9509306,0,0,0,0,0,0,0
203239,1,1,0,0,0,1,2
9604255,5,1,4,9,0,5,8
1149,3,2,1,1,2,1,1
9307250,6,1,5,8,6,0,0
9511424,5,2,3,6,5,0,0
9809454,1,1,0,0,1,0,0
112199,1,1,0,0,0,1,6
9504247,3,3,0,0,3,0,0
9908301,3,1,2,2,0,3,9
9903377,2,1,1,1,0,2,8
208058,0,0,0,0,0,0,0
9409281,8,3,5,10,8,0,0
9910345,1,1,0,0,0,1,4
9509269,4,1,3,4,4,0,0
9801202,3,1,2,2,3,0,0
106203,1,1,0,0,1,0,0
9605247,1,1,0,0,0,1,1
110144,2,2,0,0,0,2,8
9307218,1,1,0,0,1,0,0
9512231,2,1,1,1,2,0,0
9808318,0,0,0,0,0,0,0
9707303,3,2,1,1,3,0,0
9510370,4,4,0,0,4,0,0
103156,0,0,0,0,0,0,0
110257,3,1,2,2,0,3,9
212366,0,0,0,0,0,0,0
9304208,4,4,0,0,4,0,0
207360,0,0,0,0,0,0,0
9611414,0,0,0,0,0,0,0
9511441,1,1,0,0,1,0,0
107076,1,1,0,0,0,1,2
205188,1,1,0,0,1,0,0
111375,1,1,0,0,0,1,7
9609315,1,1,0,0,1,0,0
211091,0,0,0,0,0,0,0
109081,1,1,0,0,0,1,3
9806480,1,1,0,0,1,0,0
9505296,2,2,0,0,2,0,0
5045,1,1,0,0,0,1,3
5136,2,2,0,0,0,2,2
9804321,3,2,1,1,3,0,0
108050,2,1,1,1,1,1,1
9610542,2,1,1,1,2,0,0
7358,3,1,2,2,3,0,0
106265,0,0,0,0,0,0,0
12163,0,0,0,0,0,0,0
9807279,5,2,3,6,0,5,16
9708365,2,2,0,0,2,0,0
112017,1,1,0,0,1,0,0
8061,2,1,1,1,0,2,23
208126,1,1,0,0,0,1,4
9503261,0,0,0,0,0,0,0
110008,0,0,0,0,0,0,0
107162,2,2,0,0,2,0,0
102167,0,0,0,0,0,0,0
109104,1,1,0,0,1,0,0
207138,0,0,0,0,0,0,0
9204201,1,1,0,0,1,0,0
8311,1,1,0,0,0,1,1
202255,0,0,0,0,0,0,0
9903527,3,3,0,0,3,0,0
106286,0,0,0,0,0,0,0
9311300,2,1,1,1,2,0,0
9603433,2,1,1,1,0,2,10
9805355,1,1,0,0,0,1,5
9212250,7,1,6,7,7,0,0
9511279,2,2,0,0,2,0,0
9712549,0,0,0,0,0,0,0
209052,1,1,0,0,0,1,3
9812220,1,1,0,0,1,0,0
9138,0,0,0,0,0,0,0
105275,0,0,0,0,0,0,0
207118,0,0,0,0,0,0,0
9707357,0,0,0,0,0,0,0
9503364,1,1,0,0,1,0,0
8033,1,1,0,0,1,0,0
9912267,4,2,2,2,4,0,0
9805354,1,1,0,0,0,1,1
302155,0,0,0,0,0,0,0
9901407,4,1,3,6,0,4,10
106274,1,1,0,0,0,1,8
301125,0,0,0,0,0,0,0
9403211,0,0,0,0,0,0,0
9312267,4,1,3,4,4,0,0
107128,2,1,1,1,0,2,8
9707512,1,1,0,0,1,0,0
210299,0,0,0,0,0,0,0
9312339,4,1,3,3,4,0,0
9808271,1,1,0,0,0,1,1
9510276,0,0,0,0,0,0,0
9509314,4,1,3,4,4,0,0
207339,0,0,0,0,0,0,0
9503469,1,1,0,0,1,0,0
9706205,0,0,0,0,0,0,0
9910339,0,0,0,0,0,0,0
9603286,0,0,0,0,0,0,0
102200,0,0,0,0,0,0,0
9804226,1,1,0,0,0,1,1
211051,0,0,0,0,0,0,0
204307,4,1,3,6,0,4,23
9301216,1,1,0,0,1,0,0
9803341,0,0,0,0,0,0,0
9803435,1,1,0,0,1,0,0
103233,3,2,1,1,2,1,1
205127,0,0,0,0,0,0,0
9604372,0,0,0,0,0,0,0
12382,3,1,2,2,0,3,5
9812299,0,0,0,0,0,0,0
110150,2,2,0,0,2,0,0
6161,3,1,2,2,3,0,0
211440,1,1,0,0,0,1,1
9610300,0,0,0,0,0,0,0
9404272,1,1,0,0,0,1,1
204266,0,0,0,0,0,0,0
9707518,1,1,0,0,0,1,17
7339,0,0,0,0,0,0,0
1207,0,0,0,0,0,0,0
6285,0,0,0,0,0,0,0
3100,0,0,0,0,0,0,0
9507330,1,1,0,0,1,0,0
4093,0,0,0,0,0,0,0
9907552,1,1,0,0,0,1,9
9256,0,0,0,0,0,0,0
9912528,0,0,0,0,0,0,0
103107,2,2,0,0,2,0,0
207159,0,0,0,0,0,0,0
9905447,0,0,0,0,0,0,0
106355,1,1,0,0,1,0,0
9308327,2,1,1,1,2,0,0
1079,0,0,0,0,0,0,0
9711451,2,1,1,1,2,0,0
6287,0,0,0,0,0,0,0
9511208,1,1,0,0,1,0,0
107278,3,3,0,0,0,3,21
108140,0,0,0,0,0,0,0
108184,0,0,0,0,0,0,0
9906325,0,0,0,0,0,0,0
209287,0,0,0,0,0,0,0
9302213,4,4,0,0,4,0,0
9706536,2,1,1,1,0,2,2
9810440,3,1,2,3,3,0,0
204016,0,0,0,0,0,0,0
207260,0,0,0,0,0,0,0
9703366,0,0,0,0,0,0,0
209154,0,0,0,0,0,0,0
9510222,1,1,0,0,1,0,0
9907301,0,0,0,0,0,0,0
105234,4,1,3,3,4,0,0
9910510,2,2,0,0,0,2,2
9607333,0,0,0,0,0,0,0
9805449,1,1,0,0,1,0,0
9512256,2,1,1,1,2,0,0
107203,1,1,0,0,0,1,2
9304297,1,1,0,0,1,0,0
6062,0,0,0,0,0,0,0
10227,5,1,4,5,0,5,9
105300,1,1,0,0,0,1,1
9411440,2,2,0,0,0,2,2
9905446,0,0,0,0,0,0,0
9605311,0,0,0,0,0,0,0
9211205,1,1,0,0,1,0,0
109235,0,0,0,0,0,0,0
9802402,0,0,0,0,0,0,0
101137,0,0,0,0,0,0,0
102158,1,1,0,0,0,1,2
9910243,0,0,0,0,0,0,0
12374,0,0,0,0,0,0,0
9506377,2,1,1,1,2,0,0
211466,0,0,0,0,0,0,0
9709426,0,0,0,0,0,0,0
301121,0,0,0,0,0,0,0
9708339,0,0,0,0,0,0,0
9910384,1,1,0,0,0,1,2
9912458,4,2,2,3,4,0,0
204232,3,1,2,3,0,3,9
204260,0,0,0,0,0,0,0
9907317,2,2,0,0,0,2,3
9812314,0,0,0,0,0,0,0
110361,0,0,0,0,0,0,0
5287,1,1,0,0,0,1,3
112035,1,1,0,0,0,1,5
104123,0,0,0,0,0,0,0
9409435,0,0,0,0,0,0,0
9411337,2,1,1,1,2,0,0
9810401,1,1,0,0,1,0,0
111124,1,1,0,0,0,1,3
9911261,1,1,0,0,1,0,0
9912245,2,1,1,1,2,0,0
9801419,1,1,0,0,1,0,0
207291,1,1,0,0,0,1,10
208029,0,0,0,0,0,0,0
2136,1,1,0,0,0,1,5
9807476,1,1,0,0,1,0,0
111449,0,0,0,0,0,0,0
9707530,0,0,0,0,0,0,0
212240,0,0,0,0,0,0,0
9811399,1,1,0,0,1,0,0
9510315,0,0,0,0,0,0,0
5105,4,1,3,5,0,4,72
9307225,1,1,0,0,1,0,0
9902284,0,0,0,0,0,0,0
9502393,0,0,0,0,0,0,0
203240,2,2,0,0,0,2,7
211337,0,0,0,0,0,0,0
9704240,1,1,0,0,0,1,3
9803208,0,0,0,0,0,0,0
9903533,2,1,1,1,0,2,12
107303,0,0,0,0,0,0,0
205223,0,0,0,0,0,0,0
104060,0,0,0,0,0,0,0
9902414,2,1,1,1,1,1,1
8247,1,1,0,0,0,1,2
9405268,2,2,0,0,0,2,2
9710555,0,0,0,0,0,0,0
9706215,0,0,0,0,0,0,0
111327,2,1,1,1,0,2,2
5063,0,0,0,0,0,0,0
206158,1,1,0,0,0,1,3
9911398,2,2,0,0,0,2,5
10236,0,0,0,0,0,0,0
1188,0,0,0,0,0,0,0
9605393,1,1,0,0,1,0,0
201272,3,1,2,2,0,3,7
210288,1,1,0,0,0,1,10
202250,3,1,2,3,0,3,11
9401240,2,2,0,0,2,0,0
207295,0,0,0,0,0,0,0
9508240,1,1,0,0,1,0,0
1184,2,1,1,1,0,2,8
111096,0,0,0,0,0,0,0
208047,0,0,0,0,0,0,0
211348,0,0,0,0,0,0,0
212004,3,1,2,3,0,3,3
206224,0,0,0,0,0,0,0
301229,0,0,0,0,0,0,0
9503283,0,0,0,0,0,0,0
9508224,0,0,0,0,0,0,0
101007,2,1,1,1,2,0,0
107326,0,0,0,0,0,0,0
112318,0,0,0,0,0,0,0
302221,0,0,0,0,0,0,0
208186,0,0,0,0,0,0,0
9510391,1,1,0,0,1,0,0
301054,0,0,0,0,0,0,0
210378,0,0,0,0,0,0,0
6149,1,1,0,0,0,1,3
102026,0,0,0,0,0,0,0
301227,0,0,0,0,0,0,0
9611290,1,1,0,0,0,1,2
8212,1,1,0,0,1,0,0
9810218,0,0,0,0,0,0,0
9909498,1,1,0,0,1,0,0
9307274,2,2,0,0,2,0,0
211045,0,0,0,0,0,0,0
212138,0,0,0,0,0,0,0
211382,0,0,0,0,0,0,0
109234,1,1,0,0,0,1,4
9307303,2,2,0,0,2,0,0
203018,0,0,0,0,0,0,0
9311234,1,1,0,0,1,0,0
211303,1,1,0,0,0,1,5
9708317,0,0,0,0,0,0,0
106225,0,0,0,0,0,0,0
9712438,2,1,1,1,2,0,0
207237,2,2,0,0,0,2,6
2045,0,0,0,0,0,0,0
9805320,0,0,0,0,0,0,0
9506274,1,1,0,0,1,0,0
207361,0,0,0,0,0,0,0
210187,0,0,0,0,0,0,0
2040,0,0,0,0,0,0,0
202021,1,1,0,0,0,1,9
9906430,0,0,0,0,0,0,0
101073,1,1,0,0,0,1,2
301074,0,0,0,0,0,0,0
9509396,0,0,0,0,0,0,0
9901391,1,1,0,0,1,0,0
9803233,0,0,0,0,0,0,0
211267,1,1,0,0,0,1,3
9711467,0,0,0,0,0,0,0
211424,0,0,0,0,0,0,0
107319,0,0,0,0,0,0,0
9503471,1,1,0,0,1,0,0
9511442,0,0,0,0,0,0,0
9910475,1,1,0,0,1,0,0
11258,0,0,0,0,0,0,0
302250,0,0,0,0,0,0,0
105135,0,0,0,0,0,0,0
8219,1,1,0,0,1,0,0
9503458,0,0,0,0,0,0,0
9706459,0,0,0,0,0,0,0
102197,1,1,0,0,0,1,10
204252,0,0,0,0,0,0,0
9207271,1,1,0,0,1,0,0
301185,1,1,0,0,0,1,4
111468,0,0,0,0,0,0,0
109243,0,0,0,0,0,0,0
211420,0,0,0,0,0,0,0
9911382,1,1,0,0,1,0,0
203120,0,0,0,0,0,0,0
9906309,0,0,0,0,0,0,0
9606336,2,1,1,1,2,0,0
108209,0,0,0,0,0,0,0
9071,0,0,0,0,0,0,0
9806262,0,0,0,0,0,0,0
9410403,0,0,0,0,0,0,0
9703310,1,1,0,0,1,0,0
3050,1,1,0,0,1,0,0
301247,0,0,0,0,0,0,0
9807520,0,0,0,0,0,0,0
103075,0,0,0,0,0,0,0
209266,0,0,0,0,0,0,0
9907451,1,1,0,0,1,0,0
9807363,0,0,0,0,0,0,0
9510368,2,1,1,1,2,0,0
9712424,0,0,0,0,0,0,0
203100,0,0,0,0,0,0,0
209218,0,0,0,0,0,0,0
211161,0,0,0,0,0,0,0
211451,0,0,0,0,0,0,0
8244,0,0,0,0,0,0,0
9808491,0,0,0,0,0,0,0
9701319,0,0,0,0,0,0,0
104004,0,0,0,0,0,0,0
9118,1,1,0,0,1,0,0
11219,0,0,0,0,0,0,0
9402331,1,1,0,0,1,0,0
9910531,2,2,0,0,2,0,0
9502358,1,1,0,0,1,0,0
9911335,1,1,0,0,1,0,0
5001,0,0,0,0,0,0,0
9908250,0,0,0,0,0,0,0
9710261,1,1,0,0,1,0,0
9608302,0,0,0,0,0,0,0
105017,0,0,0,0,0,0,0
4149,1,1,0,0,0,1,3
1213,0,0,0,0,0,0,0
210249,0,0,0,0,0,0,0
9606328,0,0,0,0,0,0,0
109049,1,1,0,0,1,0,0
7060,0,0,0,0,0,0,0
9707226,3,1,2,3,3,0,0
9906453,0,0,0,0,0,0,0
211362,0,0,0,0,0,0,0
212014,0,0,0,0,0,0,0
111104,0,0,0,0,0,0,0
111248,0,0,0,0,0,0,0
203176,1,1,0,0,0,1,1
9908405,0,0,0,0,0,0,0
302065,0,0,0,0,0,0,0
107321,1,1,0,0,0,1,2
104287,0,0,0,0,0,0,0
6089,0,0,0,0,0,0,0
9912476,1,1,0,0,1,0,0
9807404,0,0,0,0,0,0,0
9608356,0,0,0,0,0,0,0
210307,0,0,0,0,0,0,0
9705385,0,0,0,0,0,0,0
204333,0,0,0,0,0,0,0
9807521,0,0,0,0,0,0,0
211304,0,0,0,0,0,0,0
211133,0,0,0,0,0,0,0
9505349,0,0,0,0,0,0,0
212002,0,0,0,0,0,0,0
302093,0,0,0,0,0,0,0
9410299,0,0,0,0,0,0,0
212320,1,1,0,0,0,1,2
206097,1,1,0,0,0,1,1
9508218,0,0,0,0,0,0,0
9046,0,0,0,0,0,0,0
3062,0,0,0,0,0,0,0
8167,0,0,0,0,0,0,0
12171,0,0,0,0,0,0,0
4230,0,0,0,0,0,0,0
11066,0,0,0,0,0,0,0
9310356,0,0,0,0,0,0,0
301142,0,0,0,0,0,0,0
202165,0,0,0,0,0,0,0
210067,0,0,0,0,0,0,0
112344,0,0,0,0,0,0,0
9903525,0,0,0,0,0,0,0
11390,0,0,0,0,0,0,0
207355,0,0,0,0,0,0,0
211216,0,0,0,0,0,0,0
210066,0,0,0,0,0,0,0
9612214,1,1,0,0,1,0,0
9405413,0,0,0,0,0,0,0
12302,0,0,0,0,0,0,0
9711457,0,0,0,0,0,0,0
9507217,0,0,0,0,0,0,0
110164,0,0,0,0,0,0,0
105313,0,0,0,0,0,0,0
301173,0,0,0,0,0,0,0
9907247,0,0,0,0,0,0,0
9802261,0,0,0,0,0,0,0
9711271,0,0,0,0,0,0,0
9406246,0,0,0,0,0,0,0
301053,0,0,0,0,0,0,0
210201,0,0,0,0,0,0,0
9903529,0,0,0,0,0,0,0
9706471,0,0,0,0,0,0,0
105075,0,0,0,0,0,0,0
207249,0,0,0,0,0,0,0
2139,0,0,0,0,0,0,0
9801250,0,0,0,0,0,0,0
9805401,0,0,0,0,0,0,0
207088,0,0,0,0,0,0,0
9410246,0,0,0,0,0,0,0
301084,0,0,0,0,0,0,0
9308318,1,1,0,0,1,0,0
9311333,0,0,0,0,0,0,0
9712252,2,2,0,0,0,2,2
7085,19,1,18,70,2,17,41
9209291,17,2,15,62,17,0,0
9704288,0,0,0,0,0,0,0
9611367,14,1,13,51,0,14,40
9506305,19,1,18,92,1,18,18
9403306,18,1,17,100,18,0,0
105096,22,5,17,52,0,22,265
9312291,11,4,7,24,11,0,0
9305335,10,3,7,14,10,0,0
9508296,23,3,20,76,1,22,62
9509389,29,1,28,179,29,0,0
9805238,10,1,9,26,2,8,8
9810328,12,2,10,38,3,9,9
9905470,9,2,7,13,0,9,99
9711444,2,1,1,1,2,0,0
9408333,17,2,15,79,10,7,7
9504208,4,1,3,4,0,4,16
9606416,15,2,13,52,0,15,50
9401337,5,1,4,8,5,0,0
9809464,2,1,1,1,0,2,6
9612442,8,1,7,11,0,8,70
9509204,47,1,46,510,6,41,57
1088,12,1,11,33,0,12,170
112129,6,2,4,8,0,6,21
9608224,37,3,34,257,0,37,351
9910211,5,1,4,6,1,4,10
7054,5,2,3,4,0,5,48
9806501,11,4,7,11,1,10,26
9806423,2,1,1,1,0,2,2
9312348,2,1,1,1,2,0,0
9802277,5,4,1,1,0,5,26
9304277,32,7,25,169,5,27,52
9506289,14,2,12,54,14,0,0
9603420,51,2,49,538,0,51,433
6290,3,2,1,1,1,2,2
9609460,25,1,24,161,3,22,35
9707337,9,2,7,15,9,0,0
9604250,18,2,16,82,18,0,0
9503386,7,1,6,17,0,7,14
9802359,3,2,1,2,0,3,19
9507237,7,3,4,7,0,7,21
9702339,16,4,12,53,1,15,45
9909404,11,2,9,17,0,11,59
9308287,22,3,19,109,0,22,108
9602349,8,3,5,14,0,8,38
9605317,23,2,21,119,10,13,13
10083,11,2,9,40,0,11,11
9906536,10,1,9,28,0,10,48
9903389,18,3,15,69,0,18,167
9603290,10,2,8,27,2,8,12
9608458,32,1,31,221,1,31,140
9708313,4,2,2,3,0,4,29
9312319,42,2,40,334,42,0,0
104073,6,1,5,7,0,6,90
9908212,20,1,19,95,0,20,157
9908320,6,2,4,5,0,6,24
107024,1,1,0,0,0,1,2
9905487,19,1,18,85,19,0,0
9408306,14,3,11,42,0,14,136
9307201,23,1,22,174,23,0,0
9506222,9,1,8,13,4,5,7
9803380,35,1,34,201,0,35,128
9611454,0,0,0,0,0,0,0
9604406,17,2,15,52,0,17,83
9608321,3,3,0,0,0,3,16
9809543,37,1,36,267,0,37,283
9903303,6,4,2,5,0,6,20
9805346,14,1,13,32,0,14,44
9711293,3,3,0,0,3,0,0
9608359,7,1,6,12,1,6,6
9501224,3,3,0,0,3,0,0
107154,8,2,6,8,0,8,61
9704274,13,1,12,30,0,13,32
9403354,1,1,0,0,1,0,0
3163,4,2,2,3,0,4,15
9511335,18,3,15,63,2,16,25
9310309,8,2,6,21,1,7,14
9907261,33,2,31,217,0,33,168
206271,0,0,0,0,0,0,0
105267,14,1,13,41,0,14,91
9809438,13,3,10,20,1,12,35
107310,4,2,2,4,4,0,0
9311269,7,7,0,0,0,7,29
105331,0,0,0,0,0,0,0
9403362,15,3,12,55,4,11,16
9507382,8,1,7,18,0,8,38
9606219,5,2,3,6,0,5,19
2077,8,3,5,10,0,8,13
9907272,21,2,19,99,0,21,78
9809467,11,2,9,30,0,11,37
9904464,7,1,6,10,0,7,29
211412,1,1,0,0,0,1,18
103123,8,2,6,11,0,8,59
202124,14,3,11,43,0,14,174
2071,4,1,3,4,0,4,15
9402333,10,1,9,13,10,0,0
103201,5,1,4,4,5,0,0
3089,5,1,4,7,0,5,15
9809250,6,2,4,10,0,6,17
9707401,6,3,3,3,1,5,5
9809458,9,2,7,13,0,9,27
9505248,45,3,42,390,45,0,0
9502211,3,2,1,1,0,3,18
9904287,6,2,4,9,0,6,25
11323,4,1,3,3,0,4,100
9306226,3,2,1,2,0,3,8
9508302,32,1,31,206,0,32,80
9601298,35,3,32,175,0,35,112
9607236,8,1,7,11,0,8,62
9809230,10,1,9,28,0,10,24
9902458,5,1,4,8,0,5,15
9308274,8,2,6,22,8,0,0
204292,2,2,0,0,0,2,6
9612387,4,2,2,4,1,3,3
9707395,41,3,38,316,0,41,289
12116,9,3,6,17,0,9,52
9302234,6,3,3,6,2,4,5
9403370,7,2,5,9,3,4,4
9602213,6,1,5,9,6,0,0
101236,3,1,2,2,0,3,18
9710451,8,1,7,18,1,7,8
9711344,3,1,2,3,3,0,0
5209,2,1,1,1,2,0,0
9810270,9,1,8,13,0,9,54
9701413,8,1,7,20,0,8,37
9509217,6,3,3,6,2,4,4
106306,5,2,3,4,5,0,0
9801262,26,4,22,107,0,26,204
9602323,6,3,3,5,6,0,0
9504357,3,1,2,3,3,0,0
9903519,4,1,3,6,0,4,8
9904344,12,2,10,40,1,11,11
9708241,3,3,0,0,0,3,9
9612364,30,1,29,203,0,30,305
9609209,6,6,0,0,0,6,40
9907255,13,2,11,41,0,13,57
9610368,4,1,3,4,0,4,12
9907372,6,2,4,9,0,6,14
4048,5,1,4,10,0,5,24
108148,0,0,0,0,0,0,0
9712459,18,2,16,71,0,18,34
9904425,20,1,19,113,0,20,413
9811479,3,1,2,2,0,3,4
9912242,7,4,3,6,0,7,15
9902427,4,3,1,1,0,4,15
9805240,3,1,2,2,0,3,6
9805484,4,3,1,1,0,4,58
211370,0,0,0,0,0,0,0
104254,3,1,2,2,0,3,40
9501284,6,1,5,7,3,3,3
9907533,9,3,6,18,1,8,12
9406359,15,1,14,86,15,0,0
9312324,8,1,7,10,8,0,0
9503384,21,2,19,96,21,0,0
9907229,6,1,5,8,0,6,9
9905227,17,1,16,77,0,17,242
9907446,29,4,25,163,0,29,346
108111,0,0,0,0,0,0,0
9809489,6,2,4,5,0,6,25
9802411,12,2,10,43,0,12,76
209306,2,1,1,1,0,2,17
9809525,9,2,7,15,0,9,35
106199,1,1,0,0,1,0,0
204066,0,0,0,0,0,0,0
9307262,5,2,3,5,5,0,0
9804299,14,2,12,49,0,14,86
9702310,2,1,1,1,0,2,59
6307,11,5,6,12,0,11,103
11389,2,2,0,0,2,0,0
9705237,1,1,0,0,0,1,3
9710417,5,2,3,4,5,0,0
9307317,16,3,13,68,16,0,0
9409290,9,1,8,27,0,9,44
9605337,5,1,4,9,5,0,0
9502323,11,3,8,12,0,11,46
9704239,8,1,7,14,3,5,7
9210219,10,3,7,18,10,0,0
10175,5,1,4,7,0,5,47
112085,4,3,1,1,0,4,8
9611389,1,1,0,0,0,1,2
9903240,4,1,3,5,0,4,4
9711212,6,3,3,4,0,6,14
9811255,2,1,1,1,0,2,12
9910214,6,1,5,10,0,6,108
112138,1,1,0,0,0,1,12
9510462,2,1,1,1,0,2,5
9706512,14,2,12,33,0,14,55
9409211,7,1,6,17,7,0,0
110215,10,1,9,21,4,6,13
9605377,11,3,8,12,0,11,88
12318,1,1,0,0,0,1,4
9910213,2,1,1,1,0,2,12
9711266,4,2,2,3,2,2,2
9911275,3,2,1,1,0,3,27
9501384,25,2,23,129,6,19,31
9812225,4,1,3,6,4,0,0
103050,8,1,7,19,1,7,7
9502273,5,2,3,4,2,3,3
9603340,15,3,12,38,0,15,36
9706428,3,2,1,1,0,3,6
9504274,14,1,13,28,0,14,59
9602221,20,2,18,55,0,20,75
9305277,11,1,10,37,11,0,0
9907474,9,1,8,21,1,8,25
9707240,3,2,1,1,0,3,9
301251,0,0,0,0,0,0,0
9708213,1,1,0,0,0,1,1
9209203,18,5,13,59,18,0,0
103087,7,1,6,12,7,0,0
9607363,3,1,2,3,0,3,16
9605229,12,2,10,15,0,12,45
9812522,7,1,6,14,1,6,17
9806365,3,2,1,1,0,3,3
210007,2,2,0,0,0,2,10
208026,7,2,5,9,0,7,55
9606482,0,0,0,0,0,0,0
9709234,2,1,1,1,2,0,0
207042,6,3,3,5,0,6,47
9905316,5,3,2,2,0,5,23
9402291,9,1,8,35,9,0,0
9910365,2,1,1,1,2,0,0
9501280,5,3,2,2,0,5,8
205199,6,3,3,5,0,6,138
9601309,15,4,11,34,0,15,74
205011,3,1,2,2,0,3,5
9507293,3,3,0,0,3,0,0
101275,27,1,26,133,0,27,387
9808215,1,1,0,0,0,1,1
9404232,1,1,0,0,0,1,1
8220,6,2,4,10,4,2,2
111245,7,1,6,13,0,7,103
9302315,10,1,9,27,10,0,0
9712269,3,2,1,1,0,3,4
9606414,1,1,0,0,1,0,0
9710308,3,1,2,3,3,0,0
9708459,4,2,2,2,1,3,3
9505253,0,0,0,0,0,0,0
9409391,6,2,4,11,6,0,0
9310369,38,1,37,310,0,38,101
9801201,0,0,0,0,0,0,0
9810553,14,1,13,45,14,0,0
104205,11,1,10,34,0,11,177
9208210,5,1,4,7,5,0,0
4110,11,1,10,32,0,11,48
9703463,4,2,2,2,0,4,15
201281,3,1,2,2,0,3,8
9905246,2,2,0,0,0,2,35
9704308,5,1,4,8,1,4,8
9609267,6,2,4,8,0,6,17
9612291,3,2,1,1,3,0,0
9608389,4,2,2,2,0,4,4
9607411,10,1,9,23,0,10,10
10016,1,1,0,0,0,1,4
9805493,4,1,3,4,0,4,10
9807505,6,4,2,4,0,6,6
9509216,12,2,10,35,12,0,0
9502297,13,3,10,36,3,10,10
102254,5,3,2,4,0,5,37
101258,4,1,3,4,0,4,19
101020,4,4,0,0,0,4,5
9910262,4,1,3,5,4,0,0
10097,1,1,0,0,0,1,1
9901374,4,4,0,0,4,0,0
9507359,3,2,1,1,0,3,7
111431,0,0,0,0,0,0,0
9910551,8,3,5,9,0,8,34
9411237,8,2,6,13,1,7,7
9808465,0,0,0,0,0,0,0
9403240,10,3,7,10,10,0,0
9806420,0,0,0,0,0,0,0
9801448,1,1,0,0,0,1,3
9903501,17,1,16,77,0,17,78
9708351,5,2,3,4,0,5,14
111377,1,1,0,0,0,1,2
9509225,6,1,5,9,0,6,6
102071,8,2,6,12,2,6,8
9298,1,1,0,0,0,1,7
7354,1,1,0,0,0,1,8
11150,7,1,6,9,0,7,31
11296,7,2,5,15,3,4,5
9909260,7,6,1,1,0,7,84
205117,5,2,3,5,0,5,32
9905317,5,1,4,6,5,0,0
9803226,12,1,11,39,0,12,46
9604418,0,0,0,0,0,0,0
2232,0,0,0,0,0,0,0
201293,1,1,0,0,0,1,12
9710371,6,2,4,7,0,6,11
9406349,5,1,4,5,0,5,7
205099,1,1,0,0,0,1,2
9911316,13,4,9,33,0,13,122
9712463,8,2,6,20,0,8,44
102076,0,0,0,0,0,0,0
9604345,1,1,0,0,0,1,2
9017,2,2,0,0,0,2,5
10112,2,1,1,1,0,2,6
109001,4,3,1,3,0,4,33
9078,5,1,4,7,5,0,0
110096,11,1,10,22,0,11,22
206068,0,0,0,0,0,0,0
9703284,15,1,14,57,15,0,0
9703452,0,0,0,0,0,0,0
106060,5,3,2,2,0,5,33
203180,4,4,0,0,0,4,10
9811508,2,1,1,1,0,2,2
9911418,4,1,3,3,0,4,9
9411253,8,1,7,19,8,0,0
9303306,13,2,11,29,13,0,0
9806298,11,2,9,27,1,10,40
9806503,0,0,0,0,0,0,0
9611296,1,1,0,0,0,1,1
9804208,3,1,2,2,3,0,0
9502324,9,1,8,19,0,9,17
105283,0,0,0,0,0,0,0
9903237,1,1,0,0,0,1,2
9909240,2,1,1,1,0,2,2
9705341,10,2,8,22,0,10,42
9210218,12,2,10,27,12,0,0
9810343,2,1,1,1,0,2,6
210244,1,1,0,0,0,1,7
9808317,4,1,3,3,1,3,3
9810239,2,1,1,1,0,2,22
204208,6,1,5,11,1,5,6
9708370,1,1,0,0,0,1,1
9906358,3,2,1,1,0,3,11
9603233,3,1,2,3,1,2,2
104071,6,3,3,3,0,6,37
203238,5,1,4,6,0,5,5
9912540,5,1,4,10,5,0,0
2241,2,1,1,1,0,2,5
9506392,10,1,9,26,0,10,20
9602264,5,1,4,8,0,5,10
9805435,0,0,0,0,0,0,0
9706270,8,2,6,11,3,5,9
9807523,4,1,3,6,0,4,8
212015,0,0,0,0,0,0,0
9701385,3,1,2,3,0,3,5
9903328,3,1,2,3,0,3,37
9302231,3,1,2,3,3,0,0
5269,4,1,3,3,0,4,6
9709506,7,1,6,15,0,7,21
9810371,16,2,14,48,0,16,173
9704246,2,2,0,0,2,0,0
107142,10,2,8,34,0,10,151
9406345,4,4,0,0,0,4,9
9606417,3,2,1,1,0,3,6
9905498,0,0,0,0,0,0,0
9502205,3,1,2,2,3,0,0
9606296,1,1,0,0,0,1,1
7070,5,1,4,8,5,0,0
9604448,3,2,1,1,3,0,0
9505302,2,2,0,0,0,2,2
9907486,3,1,2,3,0,3,3
10198,4,2,2,4,0,4,69
9704346,4,1,3,5,0,4,8
9502279,9,6,3,7,0,9,9
4240,1,1,0,0,0,1,1
9811254,0,0,0,0,0,0,0
208067,4,2,2,2,0,4,52
9811311,6,1,5,14,2,4,4
9712216,6,2,4,5,0,6,26
9809380,1,1,0,0,0,1,2
208193,2,1,1,1,0,2,9
207347,0,0,0,0,0,0,0
9503454,2,1,1,1,2,0,0
105296,3,2,1,1,0,3,6
203092,8,1,7,14,0,8,46
9601201,11,3,8,20,1,10,16
211331,1,1,0,0,0,1,11
204089,3,1,2,2,0,3,3
9302283,5,1,4,9,5,0,0
111403,2,2,0,0,0,2,13
106055,5,3,2,2,0,5,23
9811214,3,1,2,3,3,0,0
105049,1,1,0,0,0,1,4
9311257,3,1,2,3,3,0,0
9409218,1,1,0,0,1,0,0
9306277,1,1,0,0,1,0,0
9804445,5,2,3,4,0,5,34
9601230,10,1,9,25,0,10,19
9212226,12,2,10,34,12,0,0
8120,1,1,0,0,0,1,1
9302244,3,2,1,1,3,0,0
9512435,8,1,7,11,1,7,12
9808230,2,1,1,1,2,0,0
9705327,15,3,12,55,0,15,40
12296,0,0,0,0,0,0,0
9911313,1,1,0,0,1,0,0
9702419,4,2,2,3,0,4,4
9709316,4,2,2,3,0,4,4
110069,2,2,0,0,1,1,1
9607450,1,1,0,0,1,0,0
9712496,3,2,1,1,0,3,4
110339,0,0,0,0,0,0,0
9510285,3,2,1,1,0,3,3
101005,2,1,1,1,0,2,2
9805433,5,1,4,6,2,3,3
10237,3,1,2,2,0,3,13
9709327,4,2,2,2,0,4,12
6173,1,1,0,0,0,1,12
9809503,8,1,7,14,0,8,63
9801308,1,1,0,0,0,1,3
4170,2,1,1,1,0,2,3
9411425,9,2,7,24,9,0,0
9905224,0,0,0,0,0,0,0
9612456,7,2,5,11,0,7,7
9702302,1,1,0,0,0,1,2
9612462,13,3,10,22,0,13,23
212202,4,1,3,5,0,4,32
9612298,1,1,0,0,0,1,1
9804242,2,1,1,1,2,0,0
9512355,9,3,6,25,9,0,0
204031,0,0,0,0,0,0,0
211432,2,2,0,0,0,2,27
109217,6,2,4,7,0,6,59
9903482,0,0,0,0,0,0,0
9803358,0,0,0,0,0,0,0
201302,3,1,2,3,2,1,1
9809237,2,1,1,1,0,2,6
9912436,7,4,3,3,0,7,27
9902401,3,1,2,3,0,3,48
9402221,17,3,14,71,17,0,0
9606274,6,1,5,8,0,6,80
9812313,1,1,0,0,0,1,7
9711518,2,2,0,0,0,2,16
9705202,4,1,3,4,0,4,17
9901423,1,1,0,0,0,1,1
9801225,1,1,0,0,0,1,1
9711276,3,2,1,1,2,1,1
103167,1,1,0,0,0,1,3
9812392,1,1,0,0,0,1,8
9701404,12,2,10,40,5,7,7
9409206,0,0,0,0,0,0,0
9910403,7,1,6,11,7,0,0
210085,1,1,0,0,0,1,4
9708436,1,1,0,0,1,0,0
9612489,2,1,1,1,0,2,4
9501314,2,2,0,0,2,0,0
9704364,4,2,2,2,0,4,7
204227,2,1,1,1,0,2,2
104283,2,1,1,1,0,2,16
204004,18,2,16,47,0,18,66
9712440,2,1,1,1,0,2,14
7207,5,1,4,4,1,4,4
11396,2,2,0,0,0,2,9
9707535,9,4,5,5,0,9,39
9801307,7,1,6,14,1,6,6
9509247,4,1,3,4,4,0,0
111336,3,1,2,3,1,2,3
204149,1,1,0,0,0,1,4
4137,9,1,8,21,6,3,3
9704422,3,1,2,2,3,0,0
9905263,2,2,0,0,0,2,16
3179,5,1,4,10,0,5,48
9711412,0,0,0,0,0,0,0
111084,2,1,1,1,1,1,1
10063,2,1,1,1,0,2,15
9906503,4,2,2,3,1,3,3
9807403,1,1,0,0,1,0,0
9411340,3,1,2,2,3,0,0
103082,2,2,0,0,2,0,0
9807492,3,1,2,3,0,3,3
12014,0,0,0,0,0,0,0
3069,0,0,0,0,0,0,0
212156,2,1,1,1,0,2,7
204118,2,1,1,1,1,1,1
9803449,0,0,0,0,0,0,0
9710263,1,1,0,0,0,1,1
8324,1,1,0,0,1,0,0
102336,4,2,2,2,0,4,20
206290,3,3,0,0,0,3,17
210021,2,1,1,1,0,2,22
105152,1,1,0,0,0,1,4
9812491,0,0,0,0,0,0,0
9507213,5,1,4,6,0,5,9
9710546,2,2,0,0,2,0,0
9905557,2,2,0,0,0,2,6
9511437,3,1,2,2,0,3,10
101194,3,3,0,0,0,3,6
207313,2,2,0,0,0,2,19
9703373,7,2,5,15,7,0,0
9702270,1,1,0,0,0,1,2
6244,8,2,6,11,1,7,12
9907307,3,1,2,3,0,3,6
204296,0,0,0,0,0,0,0
9408320,1,1,0,0,0,1,1
9305240,1,1,0,0,1,0,0
9507444,3,2,1,1,0,3,4
9505392,1,1,0,0,1,0,0
9809228,2,1,1,1,2,0,0
9511327,4,1,3,3,0,4,23
9511309,2,1,1,1,0,2,2
9605315,4,1,3,4,4,0,0
9903331,3,1,2,3,0,3,6
9906465,6,1,5,9,0,6,11
9303220,2,2,0,0,2,0,0
103263,1,1,0,0,0,1,2
9707285,1,1,0,0,1,0,0
1250,1,1,0,0,0,1,1
9305221,3,3,0,0,3,0,0
9804249,4,1,3,6,0,4,14
9801344,5,1,4,5,5,0,0
9904245,1,1,0,0,1,0,0
9805260,3,1,2,2,0,3,3
9601345,1,1,0,0,0,1,3
9512224,1,1,0,0,0,1,6
9606262,1,1,0,0,0,1,3
9905208,0,0,0,0,0,0,0
9906445,13,1,12,43,1,12,24
9707312,0,0,0,0,0,0,0
9709221,6,2,4,8,1,5,20
9908474,0,0,0,0,0,0,0
9609297,4,2,2,2,0,4,24
9801392,6,1,5,7,6,0,0
204106,0,0,0,0,0,0,0
9811258,1,1,0,0,0,1,3
108223,2,1,1,1,0,2,5
9512266,0,0,0,0,0,0,0
10347,0,0,0,0,0,0,0
9611263,0,0,0,0,0,0,0
9705293,2,2,0,0,0,2,10
3098,1,1,0,0,0,1,6
103178,2,2,0,0,2,0,0
9710231,0,0,0,0,0,0,0
9809285,0,0,0,0,0,0,0
9910516,6,1,5,12,6,0,0
211321,2,1,1,1,1,1,2
9605457,2,2,0,0,0,2,5
9704232,4,2,2,4,0,4,14
107036,1,1,0,0,0,1,4
9710396,0,0,0,0,0,0,0
9812307,2,1,1,1,2,0,0
12184,3,3,0,0,0,3,3
9810286,4,2,2,2,0,4,4
9412217,3,1,2,2,3,0,0
12101,0,0,0,0,0,0,0
9806321,1,1,0,0,0,1,2
9906312,1,1,0,0,1,0,0
202077,1,1,0,0,0,1,6
107086,2,2,0,0,0,2,12
8034,3,1,2,2,0,3,6
109110,3,1,2,2,0,3,6
10273,0,0,0,0,0,0,0
9703315,4,1,3,3,4,0,0
9910436,3,1,2,3,0,3,7
202103,2,2,0,0,0,2,6
110363,3,3,0,0,0,3,18
9803285,2,2,0,0,2,0,0
9404356,6,1,5,15,6,0,0
10306,3,1,2,2,0,3,17
101024,0,0,0,0,0,0,0
212316,0,0,0,0,0,0,0
9191,0,0,0,0,0,0,0
9606431,0,0,0,0,0,0,0
7234,5,4,1,1,0,5,26
10223,1,1,0,0,0,1,3
9408317,8,3,5,17,8,0,0
204347,0,0,0,0,0,0,0
9702296,1,1,0,0,0,1,1
9711243,2,2,0,0,2,0,0
8160,0,0,0,0,0,0,0
9806453,7,1,6,16,0,7,33
106353,13,1,12,25,0,13,223
9801230,8,3,5,6,0,8,33
9711241,1,1,0,0,1,0,0
9609422,1,1,0,0,0,1,1
9901455,0,0,0,0,0,0,0
11347,0,0,0,0,0,0,0
9509252,0,0,0,0,0,0,0
9403235,2,1,1,1,2,0,0
205092,0,0,0,0,0,0,0
201244,1,1,0,0,0,1,1
9906459,7,1,6,14,0,7,21
9909517,0,0,0,0,0,0,0
9708205,6,1,5,13,1,5,11
9911465,0,0,0,0,0,0,0
9707522,0,0,0,0,0,0,0
9604358,1,1,0,0,0,1,1
205062,1,1,0,0,0,1,2
9709328,3,2,1,1,3,0,0
9804388,5,2,3,3,0,5,23
6114,3,1,2,3,3,0,0
202028,0,0,0,0,0,0,0
9912338,7,3,4,11,0,7,80
302264,0,0,0,0,0,0,0
9409293,2,1,1,1,2,0,0
6274,1,1,0,0,1,0,0
204318,1,1,0,0,0,1,10
9902328,0,0,0,0,0,0,0
207336,0,0,0,0,0,0,0
9506290,7,0,7,19,7,0,0
12016,1,1,0,0,0,1,1
9504355,4,3,1,2,0,4,4
9701335,0,0,0,0,0,0,0
111366,0,0,0,0,0,0,0
212352,0,0,0,0,0,0,0
9409308,1,1,0,0,1,0,0
9610398,0,0,0,0,0,0,0
9907511,1,1,0,0,0,1,7
9151,5,1,4,5,0,5,9
9412266,6,3,3,4,1,5,6
9906273,2,2,0,0,0,2,2
9511369,2,1,1,1,0,2,3
9908386,0,0,0,0,0,0,0
104111,1,1,0,0,1,0,0
9905564,0,0,0,0,0,0,0
301253,0,0,0,0,0,0,0
9809279,2,2,0,0,2,0,0
9312250,1,1,0,0,1,0,0
9709407,1,1,0,0,1,0,0
9712416,1,1,0,0,0,1,1
9809537,0,0,0,0,0,0,0
11339,1,1,0,0,0,1,2
205283,2,2,0,0,0,2,17
9004,3,1,2,3,3,0,0
9610552,1,1,0,0,1,0,0
209179,2,2,0,0,0,2,6
106226,0,0,0,0,0,0,0
211406,0,0,0,0,0,0,0
2252,7,2,5,12,7,0,0
9701232,0,0,0,0,0,0,0
112298,0,0,0,0,0,0,0
210013,0,0,0,0,0,0,0
9811342,1,1,0,0,0,1,1
103210,0,0,0,0,0,0,0
9706533,2,1,1,1,2,0,0
9508330,0,0,0,0,0,0,0
2109,1,1,0,0,0,1,3
9408321,1,1,0,0,1,0,0
9811510,1,1,0,0,0,1,2
9704314,2,1,1,1,2,0,0
209073,7,4,3,3,0,7,42
12290,2,2,0,0,0,2,2
9904214,3,3,0,0,3,0,0
9811484,2,2,0,0,0,2,4
9811437,7,1,6,11,0,7,35
9702240,1,1,0,0,1,0,0
112250,1,1,0,0,1,0,0
9805497,0,0,0,0,0,0,0
107275,2,1,1,1,0,2,5
9803215,1,1,0,0,0,1,2
3092,1,1,0,0,1,0,0
110309,1,1,0,0,1,0,0
8193,0,0,0,0,0,0,0
9911440,0,0,0,0,0,0,0
9711278,0,0,0,0,0,0,0
9703401,2,2,0,0,2,0,0
9812438,0,0,0,0,0,0,0
106279,1,1,0,0,0,1,14
9510273,0,0,0,0,0,0,0
9812239,2,2,0,0,2,0,0
9404261,2,2,0,0,1,1,1
9107,1,1,0,0,0,1,18
9504358,3,3,0,0,0,3,3
9608303,1,1,0,0,0,1,2
9612342,1,1,0,0,1,0,0
11196,0,0,0,0,0,0,0
208227,4,3,1,1,0,4,9
9906506,0,0,0,0,0,0,0
9605243,2,1,1,1,2,0,0
112152,1,1,0,0,0,1,8
206288,2,2,0,0,0,2,14
9705457,1,1,0,0,1,0,0
203185,0,0,0,0,0,0,0
210394,0,0,0,0,0,0,0
9812247,0,0,0,0,0,0,0
9412264,1,1,0,0,0,1,1
211418,1,1,0,0,0,1,7
9605335,5,2,3,8,0,5,6
9706292,1,1,0,0,0,1,7
202236,1,1,0,0,1,0,0
9211251,3,3,0,0,3,0,0
208225,0,0,0,0,0,0,0
5300,5,1,4,10,0,5,5
9607320,0,0,0,0,0,0,0
1056,1,1,0,0,0,1,4
9405387,2,1,1,1,2,0,0
9712430,0,0,0,0,0,0,0
9612287,2,2,0,0,2,0,0
9601290,3,2,1,1,0,3,3
9912487,0,0,0,0,0,0,0
9611289,0,0,0,0,0,0,0
110077,0,0,0,0,0,0,0
9909495,1,1,0,0,0,1,3
9604210,0,0,0,0,0,0,0
11318,1,1,0,0,1,0,0
9407233,0,0,0,0,0,0,0
202017,1,1,0,0,1,0,0
205331,3,1,2,3,0,3,19
301033,0,0,0,0,0,0,0
9812515,0,0,0,0,0,0,0
103158,0,0,0,0,0,0,0
101065,2,1,1,1,2,0,0
110143,2,2,0,0,0,2,4
9208211,3,1,2,3,3,0,0
101220,2,2,0,0,0,2,4
9912456,0,0,0,0,0,0,0
111355,1,1,0,0,0,1,3
3132,0,0,0,0,0,0,0
207271,2,1,1,1,2,0,0
5177,0,0,0,0,0,0,0
9208227,2,1,1,1,2,0,0
9409405,1,1,0,0,1,0,0
210116,0,0,0,0,0,0,0
105247,1,1,0,0,0,1,4
9902253,0,0,0,0,0,0,0
9907467,1,1,0,0,1,0,0
9506446,1,1,0,0,1,0,0
9606315,0,0,0,0,0,0,0
9712346,0,0,0,0,0,0,0
9912273,0,0,0,0,0,0,0
111081,0,0,0,0,0,0,0
301172,0,0,0,0,0,0,0
111039,2,2,0,0,2,0,0
103315,1,1,0,0,1,0,0
9904275,0,0,0,0,0,0,0
102246,1,1,0,0,0,1,1
101290,0,0,0,0,0,0,0
9902274,1,1,0,0,1,0,0
103003,0,0,0,0,0,0,0
205195,0,0,0,0,0,0,0
11225,1,1,0,0,1,0,0
9608220,0,0,0,0,0,0,0
9903500,2,1,1,1,2,0,0
9810227,1,1,0,0,0,1,4
9709487,0,0,0,0,0,0,0
105245,2,2,0,0,2,0,0
207103,0,0,0,0,0,0,0
9505206,1,1,0,0,0,1,2
106260,3,2,1,1,0,3,10
210207,0,0,0,0,0,0,0
9802283,0,0,0,0,0,0,0
9405254,0,0,0,0,0,0,0
11133,1,1,0,0,1,0,0
10288,2,2,0,0,0,2,2
104003,0,0,0,0,0,0,0
9507353,3,1,2,2,3,0,0
9604288,3,1,2,2,3,0,0
9605270,1,1,0,0,1,0,0
9710338,0,0,0,0,0,0,0
9610376,1,1,0,0,0,1,1
12266,2,1,1,1,2,0,0
9411309,1,1,0,0,1,0,0
12250,1,1,0,0,0,1,9
9710356,6,1,5,10,6,0,0
105251,2,1,1,1,1,1,1
8101,0,0,0,0,0,0,0
301156,0,0,0,0,0,0,0
3009,1,1,0,0,0,1,19
9903458,2,2,0,0,0,2,3
9910397,1,1,0,0,0,1,1
9503391,0,0,0,0,0,0,0
9607248,6,1,5,9,6,0,0
7123,4,2,2,3,1,3,5
8117,1,1,0,0,0,1,6
9904204,1,1,0,0,0,1,2
9709377,0,0,0,0,0,0,0
9608254,0,0,0,0,0,0,0
9612416,2,2,0,0,2,0,0
12033,4,1,3,4,0,4,20
9803302,0,0,0,0,0,0,0
9603283,2,1,1,1,2,0,0
9812318,0,0,0,0,0,0,0
6273,5,1,4,10,0,5,8
9510218,2,2,0,0,2,0,0
302133,0,0,0,0,0,0,0
9811490,1,1,0,0,0,1,1
9705434,1,1,0,0,0,1,1
9706248,0,0,0,0,0,0,0
202241,0,0,0,0,0,0,0
201032,0,0,0,0,0,0,0
9302228,1,1,0,0,1,0,0
9902202,0,0,0,0,0,0,0
9904467,0,0,0,0,0,0,0
103309,3,1,2,2,0,3,3
209272,1,1,0,0,0,1,1
208055,0,0,0,0,0,0,0
1285,0,0,0,0,0,0,0
204223,0,0,0,0,0,0,0
205031,1,1,0,0,0,1,4
9302206,3,1,2,3,3,0,0
208107,0,0,0,0,0,0,0
105343,0,0,0,0,0,0,0
9502392,1,1,0,0,1,0,0
211341,0,0,0,0,0,0,0
9811398,1,1,0,0,1,0,0
9402306,3,3,0,0,3,0,0
9510458,0,0,0,0,0,0,0
9501353,0,0,0,0,0,0,0
9808407,1,1,0,0,1,0,0
9508356,3,2,1,1,0,3,3
209077,3,3,0,0,0,3,24
206109,1,1,0,0,0,1,3
9606374,1,1,0,0,0,1,3
9401329,2,2,0,0,2,0,0
202146,0,0,0,0,0,0,0
9505254,1,1,0,0,1,0,0
8050,0,0,0,0,0,0,0
209180,0,0,0,0,0,0,0
9905484,1,1,0,0,0,1,1
9702331,2,1,1,1,2,0,0
9401287,3,1,2,2,3,0,0
9911359,0,0,0,0,0,0,0
9512210,0,0,0,0,0,0,0
206029,1,1,0,0,0,1,3
110279,2,1,1,1,0,2,4
109201,1,1,0,0,0,1,11
103341,0,0,0,0,0,0,0
211395,1,1,0,0,0,1,18
205252,1,1,0,0,0,1,6
3234,4,1,3,6,0,4,21
202253,2,2,0,0,0,2,3
207147,0,0,0,0,0,0,0
207194,2,1,1,1,0,2,9
9409223,2,2,0,0,2,0,0
3112,1,1,0,0,1,0,0
9605299,1,1,0,0,0,1,1
11129,0,0,0,0,0,0,0
101012,0,0,0,0,0,0,0
212271,0,0,0,0,0,0,0
7344,0,0,0,0,0,0,0
212261,2,1,1,1,0,2,10
210158,0,0,0,0,0,0,0
202248,2,1,1,1,0,2,18
104002,2,1,1,1,0,2,10
111116,0,0,0,0,0,0,0
105232,1,1,0,0,0,1,1
111282,0,0,0,0,0,0,0
9511365,0,0,0,0,0,0,0
211330,0,0,0,0,0,0,0
9808323,0,0,0,0,0,0,0
9706342,1,1,0,0,1,0,0
112309,0,0,0,0,0,0,0
105038,0,0,0,0,0,0,0
206198,0,0,0,0,0,0,0
9512377,1,1,0,0,1,0,0
102123,2,1,1,1,2,0,0
9804440,0,0,0,0,0,0,0
9809519,2,2,0,0,2,0,0
9506336,0,0,0,0,0,0,0
107104,0,0,0,0,0,0,0
9912535,0,0,0,0,0,0,0
210393,0,0,0,0,0,0,0
209243,1,1,0,0,1,0,0
211360,1,1,0,0,0,1,9
9712370,3,1,2,2,3,0,0
205166,0,0,0,0,0,0,0
9808376,0,0,0,0,0,0,0
9310328,0,0,0,0,0,0,0
9708202,0,0,0,0,0,0,0
212254,0,0,0,0,0,0,0
112265,0,0,0,0,0,0,0
9812400,2,1,1,1,2,0,0
101246,0,0,0,0,0,0,0
1052,1,1,0,0,1,0,0
212225,1,1,0,0,0,1,3
9903442,0,0,0,0,0,0,0
201280,1,1,0,0,1,0,0
9509419,0,0,0,0,0,0,0
9706388,0,0,0,0,0,0,0
9404204,0,0,0,0,0,0,0
9609402,0,0,0,0,0,0,0
9502231,0,0,0,0,0,0,0
301065,0,0,0,0,0,0,0
210213,0,0,0,0,0,0,0
202080,0,0,0,0,0,0,0
9612230,1,1,0,0,1,0,0
204217,2,1,1,1,2,0,0
9802327,0,0,0,0,0,0,0
9308343,1,1,0,0,1,0,0
105231,0,0,0,0,0,0,0
9901287,0,0,0,0,0,0,0
3310,0,0,0,0,0,0,0
9811409,0,0,0,0,0,0,0
11093,1,1,0,0,0,1,4
111380,0,0,0,0,0,0,0
9308326,0,0,0,0,0,0,0
11246,1,1,0,0,0,1,1
302078,0,0,0,0,0,0,0
9706346,0,0,0,0,0,0,0
9512294,1,1,0,0,0,1,10
207021,0,0,0,0,0,0,0
103189,0,0,0,0,0,0,0
9406405,0,0,0,0,0,0,0
9707350,0,0,0,0,0,0,0
9908437,0,0,0,0,0,0,0
9610340,0,0,0,0,0,0,0
1135,1,1,0,0,1,0,0
9808482,0,0,0,0,0,0,0
203127,0,0,0,0,0,0,0
9507360,1,1,0,0,1,0,0
9810324,0,0,0,0,0,0,0
9905238,0,0,0,0,0,0,0
9911282,0,0,0,0,0,0,0
9313,1,1,0,0,0,1,2
9115,0,0,0,0,0,0,0
9908312,0,0,0,0,0,0,0
9810414,1,1,0,0,1,0,0
9705455,0,0,0,0,0,0,0
212075,0,0,0,0,0,0,0
210259,0,0,0,0,0,0,0
210424,0,0,0,0,0,0,0
9902366,1,1,0,0,1,0,0
9912375,1,1,0,0,0,1,1
212303,0,0,0,0,0,0,0
10179,0,0,0,0,0,0,0
205293,1,1,0,0,1,0,0
107026,1,1,0,0,0,1,9
110371,2,2,0,0,0,2,7
211449,0,0,0,0,0,0,0
302258,0,0,0,0,0,0,0
9706549,0,0,0,0,0,0,0
9902213,0,0,0,0,0,0,0
101355,1,1,0,0,1,0,0
211429,0,0,0,0,0,0,0
9211275,0,0,0,0,0,0,0
9508230,0,0,0,0,0,0,0
9123,0,0,0,0,0,0,0
9709375,0,0,0,0,0,0,0
105117,0,0,0,0,0,0,0
211260,0,0,0,0,0,0,0
9712310,1,1,0,0,1,0,0
210081,0,0,0,0,0,0,0
9810455,0,0,0,0,0,0,0
9912507,3,2,1,1,3,0,0
9901371,0,0,0,0,0,0,0
209323,1,1,0,0,0,1,3
9905454,0,0,0,0,0,0,0
110229,0,0,0,0,0,0,0
9602227,0,0,0,0,0,0,0
9810254,2,1,1,1,0,2,4
9908456,0,0,0,0,0,0,0
302231,0,0,0,0,0,0,0
9410264,0,0,0,0,0,0,0
9905570,0,0,0,0,0,0,0
3128,0,0,0,0,0,0,0
9809303,0,0,0,0,0,0,0
9611365,0,0,0,0,0,0,0
209102,0,0,0,0,0,0,0
9507247,0,0,0,0,0,0,0
9706495,0,0,0,0,0,0,0
9711341,1,1,0,0,0,1,2
209170,1,1,0,0,0,1,3
201057,0,0,0,0,0,0,0
110054,0,0,0,0,0,0,0
209155,0,0,0,0,0,0,0
205005,0,0,0,0,0,0,0
9608268,0,0,0,0,0,0,0
9507272,0,0,0,0,0,0,0
207369,1,1,0,0,0,1,3
9903320,1,1,0,0,1,0,0
9502202,0,0,0,0,0,0,0
203265,0,0,0,0,0,0,0
211354,1,1,0,0,0,1,4
9807232,0,0,0,0,0,0,0
210338,0,0,0,0,0,0,0
9910218,0,0,0,0,0,0,0
110241,0,0,0,0,0,0,0
9912541,0,0,0,0,0,0,0
9912314,1,1,0,0,1,0,0
102024,0,0,0,0,0,0,0
12198,0,0,0,0,0,0,0
211391,0,0,0,0,0,0,0
2185,0,0,0,0,0,0,0
212070,1,1,0,0,0,1,8
107092,0,0,0,0,0,0,0
112139,1,1,0,0,1,0,0
9607444,0,0,0,0,0,0,0
111369,0,0,0,0,0,0,0
9406358,0,0,0,0,0,0,0
9502364,0,0,0,0,0,0,0
9809416,0,0,0,0,0,0,0
211453,0,0,0,0,0,0,0
9905449,0,0,0,0,0,0,0
9411402,0,0,0,0,0,0,0
9312223,1,1,0,0,1,0,0
9712449,0,0,0,0,0,0,0
9710363,1,1,0,0,1,0,0
9910529,0,0,0,0,0,0,0
9411347,0,0,0,0,0,0,0
8282,1,1,0,0,1,0,0
9904294,0,0,0,0,0,0,0
4090,0,0,0,0,0,0,0
111119,0,0,0,0,0,0,0
302113,0,0,0,0,0,0,0
9304215,1,1,0,0,1,0,0
9501418,0,0,0,0,0,0,0
204203,0,0,0,0,0,0,0
9812432,1,1,0,0,1,0,0
11125,0,0,0,0,0,0,0
201221,0,0,0,0,0,0,0
6315,0,0,0,0,0,0,0
209011,0,0,0,0,0,0,0
4017,0,0,0,0,0,0,0
109087,0,0,0,0,0,0,0
104222,2,2,0,0,2,0,0
9609514,0,0,0,0,0,0,0
9605274,0,0,0,0,0,0,0
9908452,0,0,0,0,0,0,0
110271,0,0,0,0,0,0,0
2171,12,3,9,32,4,8,12
8273,20,5,15,50,0,20,117
9502363,6,3,3,5,0,6,15
9304240,15,2,13,43,15,0,0
9611455,21,1,20,109,0,21,70
9510376,31,3,28,186,0,31,66
9506409,8,2,6,15,0,8,8
106116,8,5,3,4,0,8,126
9901206,18,1,17,77,18,0,0
9610457,0,0,0,0,0,0,0
9304299,27,2,25,130,27,0,0
9709388,42,1,41,393,16,26,26
9805293,8,1,7,13,2,6,6
2108,40,2,38,293,0,40,283
9907532,18,7,11,30,0,18,177
9712238,1,1,0,0,1,0,0
9601337,8,2,6,13,0,8,8
9805427,8,3,5,9,0,8,41
9610481,6,2,4,9,0,6,51
9807502,10,1,9,33,3,7,14
9901243,12,2,10,30,1,11,30
9712239,4,1,3,3,0,4,37
9703353,24,1,23,173,0,24,47
2234,31,3,28,179,0,31,409
7318,10,1,9,37,10,0,0
9608276,19,4,15,90,0,19,118
9912319,4,2,2,2,0,4,4
102089,5,2,3,4,0,5,28
104122,1,1,0,0,1,0,0
108103,2,2,0,0,0,2,4
9806515,4,1,3,5,0,4,9
9811273,13,4,9,18,0,13,71
9307249,27,4,23,113,6,21,41
9608466,7,3,4,7,0,7,25
9604320,53,1,52,537,0,53,361
9901341,5,1,4,7,3,2,4
9712385,8,1,7,16,0,8,66
9709387,11,1,10,27,11,0,0
9605357,25,2,23,160,25,0,0
109180,0,0,0,0,0,0,0
9802431,9,4,5,11,0,9,51
9507277,5,1,4,6,5,0,0
9705230,4,1,3,5,0,4,14
9705467,13,2,11,26,1,12,20
9401246,11,3,8,23,0,11,52
9702415,5,1,4,7,0,5,28
9401214,14,1,13,62,14,0,0
102020,5,1,4,8,1,4,8
9907267,12,3,9,26,0,12,103
9903478,22,2,20,88,0,22,179
9608299,6,2,4,10,1,5,7
9610477,31,1,30,198,0,31,188
9702244,23,2,21,135,0,23,178
9411431,16,2,14,47,1,15,21
108175,4,4,0,0,0,4,64
9908248,42,2,40,290,0,42,280
9908290,9,1,8,29,0,9,105
108036,3,1,2,2,1,2,6
9906523,19,2,17,76,1,18,32
9409440,22,3,19,85,0,22,129
9401219,52,3,49,674,31,21,21
9308329,6,2,4,8,6,0,0
9804237,20,1,19,70,0,20,129
9303316,4,1,3,5,4,0,0
9606325,6,2,4,5,0,6,45
9504300,3,1,2,2,3,0,0
9809572,36,2,34,234,0,36,309
9903473,4,1,3,3,0,4,20
9805473,13,4,9,28,0,13,40
9711330,3,3,0,0,3,0,0
9707201,9,3,6,21,0,9,20
9906300,3,3,0,0,0,3,16
111058,24,1,23,107,0,24,169
9704287,10,1,9,21,0,10,22
9501299,1,1,0,0,0,1,1
5261,15,2,13,34,0,15,47
9610527,6,1,5,7,0,6,20
9401209,11,2,9,38,0,11,60
9911496,29,4,25,160,0,29,145
7120,6,5,1,1,0,6,16
108192,6,2,4,5,0,6,80
9907427,10,2,8,19,0,10,38
9602295,9,2,7,28,9,0,0
9404253,5,3,2,3,0,5,13
8152,12,3,9,30,0,12,28
9503415,9,1,8,18,0,9,25
9508241,8,1,7,18,0,8,55
9710323,6,2,4,6,0,6,33
8283,6,2,4,6,1,5,5
9907520,29,2,27,143,0,29,123
9810410,23,1,22,134,0,23,121
9905567,5,2,3,5,0,5,23
9907523,21,2,19,126,3,18,18
108033,2,1,1,1,0,2,15
203154,13,1,12,36,0,13,152
9603397,11,1,10,33,11,0,0
9403201,9,1,8,12,9,0,0
110067,6,2,4,4,0,6,10
9903319,6,1,5,10,1,5,5
9411241,6,2,4,11,6,0,0
6217,2,1,1,1,2,0,0
9810510,11,1,10,23,0,11,53
9506416,33,2,31,223,33,0,0
103017,2,2,0,0,1,1,1
9406430,6,1,5,11,6,0,0
11355,7,3,4,5,0,7,121
9401325,4,1,3,5,0,4,10
9402335,72,2,70,881,72,0,0
9411303,36,3,33,274,9,27,88
9610294,9,3,6,9,0,9,153
9406287,15,1,14,69,15,0,0
9612457,7,2,5,17,0,7,15
9704351,7,1,6,10,0,7,28
9302,7,1,6,12,7,0,0
9707225,9,2,7,19,5,4,4
9710545,13,1,12,35,0,13,64
6054,10,1,9,24,0,10,61
9411290,5,2,3,4,0,5,11
9408331,5,3,2,2,0,5,5
9606345,9,3,6,16,2,7,13
105008,6,2,4,5,0,6,51
9504324,10,1,9,28,7,3,3
9808298,2,2,0,0,0,2,2
8051,2,2,0,0,1,1,1
5132,1,1,0,0,0,1,1
9903411,6,2,4,9,0,6,47
109195,1,1,0,0,0,1,2
9802350,12,1,11,34,3,9,17
8302,4,1,3,5,0,4,4
9811395,4,1,3,5,2,2,4
9507320,2,1,1,1,2,0,0
9408265,13,3,10,40,4,9,9
9905310,9,2,7,21,0,9,42
9608346,8,1,7,16,8,0,0
9702409,36,2,34,253,0,36,565
9612376,4,4,0,0,0,4,30
9611217,5,2,3,7,0,5,5
101263,0,0,0,0,0,0,0
9802424,14,1,13,43,14,0,0
4049,16,2,14,65,0,16,47
9710491,2,2,0,0,2,0,0
9802239,16,1,15,47,0,16,46
9904510,20,1,19,105,0,20,420
9812447,1,1,0,0,0,1,2
9909561,6,4,2,2,0,6,9
9811404,7,2,5,9,0,7,16
9805417,4,1,3,5,0,4,4
9408222,42,3,39,459,42,0,0
5186,4,1,3,5,0,4,18
104317,9,3,6,11,0,9,135
9503223,4,1,3,4,2,2,2
9411342,5,4,1,1,1,4,7
9502251,15,1,14,82,7,8,8
9506351,6,1,5,8,1,5,9
9601282,17,1,16,61,0,17,25
9907436,15,2,13,45,0,15,81
5191,20,1,19,93,20,0,0
9907555,18,3,15,64,0,18,273
3258,8,4,4,9,0,8,61
9810361,6,3,3,3,0,6,26
9804379,19,1,18,92,0,19,151
210031,1,1,0,0,0,1,9
4139,15,1,14,61,15,0,0
106302,1,1,0,0,1,0,0
202061,1,1,0,0,0,1,1
9307263,4,2,2,3,4,0,0
9805335,17,2,15,63,0,17,74
9703269,1,1,0,0,0,1,11
7245,1,1,0,0,0,1,7
9509281,2,2,0,0,0,2,4
9804310,4,1,3,4,0,4,5
9712446,0,0,0,0,0,0,0
9803310,5,2,3,5,0,5,20
9410388,20,4,16,81,20,0,0
9708326,5,1,4,7,0,5,7
9510402,1,1,0,0,0,1,7
9711345,5,1,4,6,2,3,3
9401238,7,3,4,7,0,7,7
12271,7,3,4,5,0,7,46
108135,3,3,0,0,0,3,3
9407251,13,2,11,50,0,13,31
9801324,19,2,17,82,3,16,20
9804202,5,4,1,1,0,5,36
9609246,2,2,0,0,0,2,3
9910441,12,2,10,31,0,12,135
8134,3,1,2,3,0,3,15
9808322,3,2,1,1,0,3,9
9610280,7,4,3,3,0,7,7
9908429,4,1,3,4,0,4,22
106075,3,2,1,1,0,3,13
9711517,6,5,1,1,0,6,27
9609395,3,1,2,3,0,3,12
1264,1,1,0,0,0,1,1
9805432,3,1,2,3,0,3,3
102255,16,2,14,80,0,16,101
9512233,1,1,0,0,1,0,0
106023,5,2,3,6,0,5,5
103069,6,3,3,9,0,6,59
9407244,4,1,3,4,3,1,1
9605233,3,1,2,2,0,3,11
9505285,13,2,11,39,8,5,5
9607439,18,4,14,37,0,18,45
9501260,5,1,4,6,0,5,5
9412276,13,1,12,49,7,6,6
9905403,2,1,1,1,0,2,24
9506453,1,1,0,0,0,1,3
108176,2,1,1,1,0,2,5
11059,5,1,4,7,0,5,30
9209240,16,5,11,45,16,0,0
105302,14,1,13,39,2,12,33
9602255,1,1,0,0,0,1,4
9612300,7,5,2,3,0,7,36
9504220,12,2,10,45,12,0,0
9601372,3,1,2,2,0,3,13
8314,2,1,1,1,0,2,3
208132,2,2,0,0,0,2,15
103230,5,2,3,3,5,0,0
9701336,4,2,2,2,3,1,1
9511252,13,1,12,37,9,4,4
9907314,9,1,8,16,0,9,25
9705366,12,1,11,46,4,8,8
9407264,4,2,2,4,0,4,4
9606214,3,2,1,1,1,2,4
204040,5,2,3,3,0,5,53
9703248,7,1,6,10,0,7,29
9806489,4,3,1,2,0,4,4
9812474,2,1,1,1,1,1,1
102009,35,2,33,202,0,35,530
9608472,9,2,7,24,4,5,5
9704213,10,2,8,17,0,10,41
103287,5,1,4,5,1,4,4
12370,1,1,0,0,0,1,11
9307298,11,2,9,20,11,0,0
9611320,5,1,4,6,5,0,0
9512441,2,1,1,1,0,2,2
9801403,4,1,3,6,4,0,0
9806249,2,2,0,0,0,2,4
9503259,5,1,4,6,5,0,0
9507437,7,1,6,15,3,4,4
212043,0,0,0,0,0,0,0
9612327,2,2,0,0,0,2,18
5037,3,1,2,2,0,3,11
104232,18,5,13,53,0,18,208
9602390,9,1,8,17,5,4,4
5262,7,1,6,12,0,7,20
9612335,5,1,4,7,0,5,15
201191,0,0,0,0,0,0,0
9502263,5,3,2,2,1,4,6
9712418,4,1,3,6,0,4,8
9612254,6,2,4,6,0,6,34
9703414,3,2,1,1,3,0,0
9803360,3,2,1,1,0,3,5
9704345,8,1,7,12,0,8,32
9508311,3,2,1,1,3,0,0
9809251,3,2,1,1,0,3,10
9910242,11,3,8,26,11,0,0
9502225,4,2,2,4,0,4,4
9406241,12,1,11,33,12,0,0
9501344,11,2,9,28,9,2,2
105192,4,2,2,3,0,4,18
9908499,0,0,0,0,0,0,0
8161,1,1,0,0,0,1,7
2168,1,1,0,0,0,1,1
9610384,6,1,5,9,6,0,0
9508293,3,2,1,1,0,3,11
9311,1,1,0,0,1,0,0
7152,1,1,0,0,0,1,6
9604420,3,1,2,3,2,1,1
9508254,6,1,5,6,0,6,6
9512337,3,1,2,2,0,3,9
9608469,1,1,0,0,1,0,0
9403269,4,3,1,1,4,0,0
9811284,1,1,0,0,1,0,0
9709389,4,1,3,4,0,4,4
102036,2,1,1,1,0,2,2
9509236,6,1,5,9,6,0,0
106206,5,1,4,8,0,5,18
9901419,4,3,1,1,0,4,6
2079,2,1,1,1,0,2,10
9912210,6,1,5,12,0,6,27
102228,4,1,3,4,0,4,19
9809446,5,1,4,5,0,5,33
205289,9,7,2,4,0,9,61
10037,3,2,1,1,0,3,8
9808480,3,2,1,2,0,3,23
9509414,2,2,0,0,1,1,1
9308233,1,1,0,0,1,0,0
9901312,3,2,1,2,0,3,40
9808241,5,3,2,2,0,5,8
9606239,9,2,7,14,5,4,8
9910456,3,2,1,1,3,0,0
9310313,20,3,17,120,20,0,0
9802393,5,1,4,6,0,5,31
12040,0,0,0,0,0,0,0
9608355,2,1,1,1,2,0,0
9806408,3,2,1,1,0,3,10
9503356,5,1,4,8,5,0,0
106159,10,1,9,22,0,10,41
12052,6,1,5,8,0,6,7
208241,4,2,2,2,0,4,18
9912337,1,1,0,0,1,0,0
9803426,10,2,8,26,0,10,33
9607220,4,1,3,4,4,0,0
9512429,7,1,6,16,7,0,0
9308289,3,2,1,1,0,3,3
9404224,0,0,0,0,0,0,0
9811339,1,1,0,0,0,1,4
9707341,8,3,5,15,0,8,13
9402321,9,3,6,11,0,9,9
9808454,14,4,10,23,0,14,67
9401281,4,1,3,6,4,0,0
9211239,4,3,1,1,4,0,0
9904417,2,2,0,0,0,2,4
9506438,9,1,8,18,4,5,5
10133,2,1,1,1,0,2,4
109126,0,0,0,0,0,0,0
6238,14,1,13,65,14,0,0
4190,8,1,7,14,0,8,29
9311343,0,0,0,0,0,0,0
9812393,5,2,3,3,0,5,15
112222,1,1,0,0,0,1,6
9406357,5,1,4,6,5,0,0
9909542,24,2,22,115,0,24,325
107007,5,3,2,2,0,5,88
9509267,2,1,1,1,2,0,0
9908292,1,1,0,0,0,1,5
3084,1,1,0,0,0,1,4
110269,6,5,1,1,0,6,29
206292,5,2,3,3,0,5,9
209035,0,0,0,0,0,0,0
1038,5,4,1,1,0,5,10
8048,0,0,0,0,0,0,0
9706542,3,1,2,3,0,3,8
9606442,3,2,1,1,3,0,0
9611264,4,1,3,6,4,0,0
9809409,7,1,6,11,0,7,28
201142,2,1,1,1,2,0,0
9403351,3,1,2,3,3,0,0
9701308,11,4,7,22,11,0,0
9304210,3,2,1,2,3,0,0
9812435,3,1,2,3,3,0,0
9902434,7,2,5,7,0,7,16
9802407,8,2,6,14,0,8,89
9604417,18,3,15,94,0,18,61
107256,8,2,6,11,0,8,151
9206214,10,4,6,20,10,0,0
9706406,2,2,0,0,0,2,6
9802268,2,1,1,1,2,0,0
9607474,0,0,0,0,0,0,0
9411311,2,1,1,1,2,0,0
107118,4,2,2,2,0,4,42
107175,3,1,2,3,0,3,12
9307226,4,2,2,2,4,0,0
9803483,6,2,4,11,6,0,0
106169,6,1,5,11,0,6,54
9702254,0,0,0,0,0,0,0
9511383,0,0,0,0,0,0,0
110045,4,1,3,4,0,4,14
9805472,3,2,1,1,0,3,46
208078,7,4,3,3,0,7,67
9912360,0,0,0,0,0,0,0
9807488,3,3,0,0,0,3,14
202056,1,1,0,0,0,1,4
210428,2,1,1,1,0,2,10
105288,4,4,0,0,0,4,38
9710443,0,0,0,0,0,0,0
107158,1,1,0,0,0,1,3
205013,9,1,8,16,0,9,36
9604437,8,3,5,13,2,6,11
211366,4,3,1,2,0,4,56
9911283,4,1,3,5,3,1,1
5089,4,1,3,3,2,2,3
9803225,24,1,23,128,2,22,87
9909235,3,3,0,0,0,3,7
9305280,2,2,0,0,0,2,5
5133,4,1,3,4,0,4,7
9409224,3,1,2,3,3,0,0
9501366,1,1,0,0,0,1,1
9304258,1,1,0,0,0,1,1
9905365,1,1,0,0,0,1,6
9411210,2,2,0,0,0,2,2
5202,0,0,0,0,0,0,0
9903387,0,0,0,0,0,0,0
9807406,3,1,2,2,0,3,7
9606434,1,1,0,0,0,1,2
9909442,2,1,1,1,1,1,1
9809555,5,1,4,6,0,5,10
10137,1,1,0,0,0,1,2
9905267,0,0,0,0,0,0,0
9602350,3,1,2,2,3,0,0
7298,5,4,1,1,0,5,54
9261,3,2,1,1,2,1,1
9908482,1,1,0,0,1,0,0
9506301,0,0,0,0,0,0,0
108006,1,1,0,0,0,1,1
9510358,1,1,0,0,0,1,2
105139,2,1,1,1,2,0,0
9807408,8,1,7,18,3,5,5
111142,0,0,0,0,0,0,0
9804377,9,4,5,10,0,9,51
9911422,2,2,0,0,0,2,27
9904291,5,2,3,5,0,5,22
9307233,2,1,1,1,2,0,0
9904443,0,0,0,0,0,0,0
9609401,7,1,6,15,0,7,18
9608327,4,1,3,5,4,0,0
9804347,6,2,4,10,6,0,0
9512296,3,1,2,2,3,0,0
9705269,4,3,1,1,0,4,11
212127,5,1,4,9,0,5,29
9701262,1,1,0,0,0,1,2
9305248,4,1,3,4,4,0,0
9904348,4,1,3,3,0,4,11
103308,7,1,6,12,0,7,59
6104,4,1,3,5,0,4,47
204100,3,2,1,1,0,3,38
9703289,3,3,0,0,0,3,10
9706279,4,3,1,1,0,4,17
203148,2,1,1,1,0,2,2
9812437,2,1,1,1,0,2,5
9802422,2,1,1,1,0,2,2
9909448,4,3,1,3,0,4,60
205113,1,1,0,0,0,1,1
9611341,5,1,4,6,0,5,52
9503273,5,2,3,5,2,3,6
9808430,0,0,0,0,0,0,0
9811442,4,2,2,2,0,4,29
106030,1,1,0,0,0,1,1
9804266,0,0,0,0,0,0,0
9502413,3,1,2,2,3,0,0
205103,0,0,0,0,0,0,0
9707368,2,1,1,1,0,2,5
9708496,6,2,4,9,1,5,5
9301273,3,3,0,0,3,0,0
2101,0,0,0,0,0,0,0
12212,5,4,1,1,0,5,40
9307373,1,1,0,0,1,0,0
9703208,12,1,11,50,12,0,0
9702369,0,0,0,0,0,0,0
9706443,1,1,0,0,0,1,2
102192,2,1,1,1,2,0,0
9805295,1,1,0,0,0,1,7
9711323,1,1,0,0,0,1,1
9412299,1,1,0,0,0,1,2
9905366,0,0,0,0,0,0,0
9604287,0,0,0,0,0,0,0
9903212,0,0,0,0,0,0,0
9906301,7,3,4,10,1,6,11
9607458,3,2,1,1,0,3,3
9407402,0,0,0,0,0,0,0
1136,2,1,1,1,0,2,6
9905455,0,0,0,0,0,0,0
9705260,2,1,1,1,2,0,0
9904383,4,1,3,3,0,4,8
106308,5,1,4,9,0,5,33
9512219,1,1,0,0,1,0,0
9306266,2,1,1,1,2,0,0
9310346,2,2,0,0,0,2,2
9507311,3,2,1,1,0,3,6
9401231,0,0,0,0,0,0,0
9504365,1,1,0,0,0,1,2
11069,0,0,0,0,0,0,0
9145,8,4,4,12,0,8,60
9806266,1,1,0,0,0,1,15
9811488,1,1,0,0,1,0,0
110056,4,1,3,5,0,4,9
12088,1,1,0,0,0,1,4
9710476,2,2,0,0,2,0,0
9606375,3,1,2,2,3,0,0
9801333,1,1,0,0,0,1,5
111024,0,0,0,0,0,0,0
106099,5,1,4,6,0,5,5
9410329,2,2,0,0,1,1,1
106244,0,0,0,0,0,0,0
9710390,2,1,1,1,0,2,2
9409418,7,1,6,14,0,7,15
12367,6,1,5,11,0,6,53
9805206,4,2,2,3,0,4,11
9708338,1,1,0,0,0,1,4
11096,5,3,2,3,1,4,8
207365,1,1,0,0,0,1,10
9706531,6,1,5,10,0,6,10
9706259,0,0,0,0,0,0,0
102245,5,1,4,5,1,4,8
9809417,2,2,0,0,0,2,2
202111,3,1,2,2,0,3,15
9401346,1,1,0,0,1,0,0
211283,0,0,0,0,0,0,0
9301218,3,1,2,2,3,0,0
9304263,3,2,1,1,3,0,0
9904476,0,0,0,0,0,0,0
9701356,0,0,0,0,0,0,0
9408364,7,1,6,8,7,0,0
9607457,3,2,1,1,0,3,5
9807379,0,0,0,0,0,0,0
9907219,4,1,3,4,0,4,11
9901404,1,1,0,0,1,0,0
2162,5,3,2,5,0,5,24
9602275,2,1,1,1,0,2,2
9903264,4,1,3,4,4,0,0
9706343,0,0,0,0,0,0,0
9808313,3,1,2,3,0,3,18
9805407,2,1,1,1,0,2,2
9812308,1,1,0,0,1,0,0
106154,0,0,0,0,0,0,0
9406410,0,0,0,0,0,0,0
8306,3,1,2,3,0,3,7
10062,4,1,3,3,0,4,9
9803498,4,2,2,3,0,4,27
9608222,4,2,2,3,0,4,4
9607331,2,2,0,0,1,1,3
9411267,5,2,3,9,5,0,0
7037,0,0,0,0,0,0,0
9608354,1,1,0,0,0,1,2
9712337,0,0,0,0,0,0,0
101286,5,2,3,6,5,0,0
9803275,1,1,0,0,0,1,1
9803467,4,1,3,6,4,0,0
9412325,2,2,0,0,2,0,0
6115,1,1,0,0,1,0,0
9508368,3,2,1,1,2,1,1
9706337,2,1,1,1,0,2,2
9709418,1,1,0,0,0,1,1
203094,0,0,0,0,0,0,0
9602368,3,3,0,0,0,3,6
9805423,1,1,0,0,0,1,6
9910494,0,0,0,0,0,0,0
109100,3,1,2,3,3,0,0
9704360,0,0,0,0,0,0,0
9603301,1,1,0,0,0,1,5
5315,2,1,1,1,0,2,3
9506439,3,2,1,1,3,0,0
107022,2,2,0,0,0,2,11
109088,3,2,1,1,0,3,11
9806394,5,1,4,6,5,0,0
212144,0,0,0,0,0,0,0
9610521,1,1,0,0,0,1,1
9601291,4,1,3,4,4,0,0
11091,5,2,3,6,0,5,22
108095,3,2,1,1,0,3,13
211467,1,1,0,0,0,1,20
11164,1,1,0,0,0,1,4
204085,2,2,0,0,0,2,11
6203,0,0,0,0,0,0,0
9805467,3,3,0,0,0,3,3
9912220,3,1,2,3,0,3,12
101171,5,1,4,8,2,3,3
106351,0,0,0,0,0,0,0
9701378,0,0,0,0,0,0,0
9501226,0,0,0,0,0,0,0
9904457,8,2,6,16,0,8,18
8188,7,2,5,10,0,7,11
111357,8,2,6,14,0,8,100
3151,4,2,2,4,2,2,2
9712250,0,0,0,0,0,0,0
104039,2,2,0,0,0,2,11
9403305,3,3,0,0,2,1,1
9905330,2,2,0,0,0,2,10
104296,1,1,0,0,1,0,0
9812355,1,1,0,0,1,0,0
105063,11,3,8,13,0,11,61
9512238,0,0,0,0,0,0,0
9811438,4,1,3,5,0,4,32
111026,11,3,8,14,0,11,219
210325,0,0,0,0,0,0,0
207298,0,0,0,0,0,0,0
9709209,2,2,0,0,0,2,2
9312203,3,1,2,2,3,0,0
9410354,2,2,0,0,2,0,0
9209258,4,2,2,3,4,0,0
103063,5,4,1,1,0,5,12
209245,0,0,0,0,0,0,0
201253,2,1,1,1,0,2,19
9909366,5,1,4,7,0,5,19
9503467,2,2,0,0,1,1,1
9805339,5,1,4,8,0,5,12
9904328,1,1,0,0,1,0,0
9707228,1,1,0,0,0,1,1
9711219,0,0,0,0,0,0,0
9304320,4,2,2,2,4,0,0
110064,3,1,2,3,0,3,18
9804413,3,2,1,1,0,3,10
101316,2,1,1,1,0,2,2
106040,2,1,1,1,2,0,0
9905328,1,1,0,0,0,1,11
6017,2,2,0,0,0,2,2
203022,1,1,0,0,0,1,2
9912443,1,1,0,0,1,0,0
9907556,4,2,2,3,0,4,21
9708399,1,1,0,0,1,0,0
207230,1,1,0,0,0,1,1
9807206,4,1,3,6,0,4,7
9612234,0,0,0,0,0,0,0
9901437,1,1,0,0,1,0,0
9707441,0,0,0,0,0,0,0
9504347,0,0,0,0,0,0,0
212181,2,2,0,0,0,2,5
9312281,2,2,0,0,2,0,0
9602321,1,1,0,0,1,0,0
9810507,1,1,0,0,0,1,5
9905326,2,1,1,1,0,2,2
104160,1,1,0,0,0,1,2
207070,0,0,0,0,0,0,0
9609348,6,2,4,8,1,5,12
9804412,1,1,0,0,1,0,0
108165,1,1,0,0,1,0,0
4106,0,0,0,0,0,0,0
111296,2,1,1,1,0,2,4
9912277,0,0,0,0,0,0,0
9703223,0,0,0,0,0,0,0
211351,0,0,0,0,0,0,0
9909327,0,0,0,0,0,0,0
9808488,0,0,0,0,0,0,0
9908494,0,0,0,0,0,0,0
110331,1,1,0,0,0,1,9
201144,2,1,1,1,0,2,2
9506224,1,1,0,0,1,0,0
9704256,1,1,0,0,0,1,1
206137,3,1,2,2,0,3,45
207133,3,3,0,0,0,3,23
5281,2,1,1,1,0,2,2
9812222,1,1,0,0,1,0,0
209324,0,0,0,0,0,0,0
7049,2,1,1,1,1,1,1
2121,0,0,0,0,0,0,0
102151,1,1,0,0,0,1,1
9708304,2,1,1,1,2,0,0
9401247,2,2,0,0,2,0,0
9805203,0,0,0,0,0,0,0
9808401,3,1,2,2,3,0,0
9704227,0,0,0,0,0,0,0
9607479,0,0,0,0,0,0,0
12211,0,0,0,0,0,0,0
9605292,1,1,0,0,1,0,0
301026,0,0,0,0,0,0,0
10110,0,0,0,0,0,0,0
206070,1,1,0,0,0,1,8
107070,0,0,0,0,0,0,0
112197,1,1,0,0,0,1,2
9411209,1,1,0,0,1,0,0
109139,2,1,1,1,0,2,3
9210223,2,1,1,1,2,0,0
203036,0,0,0,0,0,0,0
208174,0,0,0,0,0,0,0
4077,1,1,0,0,0,1,5
9811358,1,1,0,0,1,0,0
9702387,1,1,0,0,1,0,0
9910543,0,0,0,0,0,0,0
9812428,2,2,0,0,2,0,0
106328,1,1,0,0,0,1,14
9502207,2,2,0,0,2,0,0
9911224,0,0,0,0,0,0,0
9906507,4,2,2,2,0,4,25
9911507,3,2,1,2,0,3,42
111009,0,0,0,0,0,0,0
6151,0,0,0,0,0,0,0
9609482,4,2,2,3,2,2,4
101353,1,1,0,0,0,1,3
9611238,2,1,1,1,0,2,2
9806488,0,0,0,0,0,0,0
9612343,1,1,0,0,0,1,1
212284,0,0,0,0,0,0,0
9901338,1,1,0,0,0,1,4
9804279,1,1,0,0,0,1,1
9701331,1,1,0,0,1,0,0
3130,4,2,2,3,4,0,0
9806384,3,1,2,3,3,0,0
203111,0,0,0,0,0,0,0
301015,1,1,0,0,0,1,6
112007,1,1,0,0,0,1,3
205074,0,0,0,0,0,0,0
9511269,0,0,0,0,0,0,0
9711505,0,0,0,0,0,0,0
301213,0,0,0,0,0,0,0
104014,4,1,3,6,0,4,11
9210266,2,2,0,0,2,0,0
9907201,1,1,0,0,0,1,10
9407238,2,1,1,1,2,0,0
9512414,1,1,0,0,1,0,0
9410285,0,0,0,0,0,0,0
9810357,6,1,5,13,0,6,9
112100,0,0,0,0,0,0,0
9702269,0,0,0,0,0,0,0
104216,2,2,0,0,0,2,4
207112,0,0,0,0,0,0,0
9611348,0,0,0,0,0,0,0
9702391,0,0,0,0,0,0,0
204181,2,2,0,0,0,2,16
8259,1,1,0,0,0,1,2
211012,0,0,0,0,0,0,0
204093,3,3,0,0,0,3,20
9610353,2,2,0,0,0,2,11
9605435,1,1,0,0,0,1,1
301263,0,0,0,0,0,0,0
108190,0,0,0,0,0,0,0
9510409,1,1,0,0,0,1,2
101066,0,0,0,0,0,0,0
9908442,0,0,0,0,0,0,0
209036,0,0,0,0,0,0,0
9610346,0,0,0,0,0,0,0
8234,0,0,0,0,0,0,0
9910259,1,1,0,0,0,1,2
9803444,0,0,0,0,0,0,0
9812373,0,0,0,0,0,0,0
202033,2,2,0,0,0,2,3
3087,5,3,2,2,5,0,0
9712360,3,1,2,2,2,1,1
11083,0,0,0,0,0,0,0
9708388,2,2,0,0,2,0,0
8054,0,0,0,0,0,0,0
9804324,0,0,0,0,0,0,0
9701354,2,1,1,1,2,0,0
9503466,1,1,0,0,1,0,0
208036,0,0,0,0,0,0,0
111260,1,1,0,0,1,0,0
205260,2,2,0,0,2,0,0
9708238,2,1,1,1,2,0,0
12317,2,1,1,1,2,0,0
103085,0,0,0,0,0,0,0
9507236,0,0,0,0,0,0,0
7131,1,1,0,0,0,1,4
9809370,0,0,0,0,0,0,0
4268,1,1,0,0,1,0,0
9303305,4,4,0,0,4,0,0
9905314,1,1,0,0,0,1,1
9911530,0,0,0,0,0,0,0
9503347,1,1,0,0,0,1,1
3039,2,1,1,1,2,0,0
9507288,2,2,0,0,2,0,0
9505366,0,0,0,0,0,0,0
102330,0,0,0,0,0,0,0
9612280,0,0,0,0,0,0,0
9311212,3,1,2,3,3,0,0
9403369,1,1,0,0,1,0,0
111363,0,0,0,0,0,0,0
6231,3,1,2,2,3,0,0
9608230,0,0,0,0,0,0,0
9604290,0,0,0,0,0,0,0
9810399,0,0,0,0,0,0,0
11220,3,1,2,3,0,3,7
9810243,0,0,0,0,0,0,0
201234,2,2,0,0,0,2,11
106121,2,1,1,1,2,0,0
9912299,1,1,0,0,1,0,0
9802302,0,0,0,0,0,0,0
108097,0,0,0,0,0,0,0
105216,2,1,1,1,2,0,0
208119,1,1,0,0,0,1,1
203028,4,2,2,5,0,4,13
9808496,2,1,1,1,0,2,26
9812326,2,1,1,1,2,0,0
109178,2,1,1,1,0,2,22
101153,0,0,0,0,0,0,0
9712215,4,1,3,4,0,4,4
8318,1,1,0,0,0,1,5
9708288,2,1,1,1,0,2,10
9906214,0,0,0,0,0,0,0
9810379,0,0,0,0,0,0,0
9807366,0,0,0,0,0,0,0
111286,1,1,0,0,0,1,1
12150,3,2,1,1,0,3,16
9708381,0,0,0,0,0,0,0
9411418,0,0,0,0,0,0,0
9607255,1,1,0,0,1,0,0
107108,4,1,3,6,0,4,10
9911211,0,0,0,0,0,0,0
9406403,0,0,0,0,0,0,0
9903492,3,2,1,1,0,3,3
206041,0,0,0,0,0,0,0
9609222,0,0,0,0,0,0,0
7326,3,1,2,2,0,3,35
9910318,0,0,0,0,0,0,0
9305272,1,1,0,0,1,0,0
9809495,0,0,0,0,0,0,0
208072,1,1,0,0,0,1,1
10018,0,0,0,0,0,0,0
110394,0,0,0,0,0,0,0
208054,1,1,0,0,0,1,1
9609522,0,0,0,0,0,0,0
201079,4,2,2,3,0,4,21
9812241,0,0,0,0,0,0,0
9807518,3,1,2,3,1,2,2
206289,1,1,0,0,0,1,1
9609214,1,1,0,0,0,1,1
301037,0,0,0,0,0,0,0
110232,1,1,0,0,1,0,0
107243,0,0,0,0,0,0,0
9903392,0,0,0,0,0,0,0
9504214,0,0,0,0,0,0,0
9709235,0,0,0,0,0,0,0
302151,0,0,0,0,0,0,0
9412271,4,1,3,4,4,0,0
206223,2,1,1,1,0,2,16
9612336,2,1,1,1,2,0,0
112336,1,1,0,0,0,1,3
7140,0,0,0,0,0,0,0
4217,4,4,0,0,4,0,0
9709501,1,1,0,0,0,1,1
9409220,0,0,0,0,0,0,0
2214,1,1,0,0,0,1,6
9710483,2,1,1,1,2,0,0
104140,0,0,0,0,0,0,0
9707261,0,0,0,0,0,0,0
205157,1,1,0,0,0,1,5
207215,0,0,0,0,0,0,0
209144,0,0,0,0,0,0,0
7098,3,2,1,1,0,3,5
211271,0,0,0,0,0,0,0
9809334,0,0,0,0,0,0,0
210391,1,1,0,0,0,1,4
9511374,1,1,0,0,0,1,4
3093,0,0,0,0,0,0,0
9508216,0,0,0,0,0,0,0
205161,0,0,0,0,0,0,0
207195,1,1,0,0,0,1,5
9903379,0,0,0,0,0,0,0
9212228,1,1,0,0,1,0,0
9411215,0,0,0,0,0,0,0
9901367,2,2,0,0,2,0,0
7168,0,0,0,0,0,0,0
205128,1,1,0,0,0,1,2
9608348,1,1,0,0,0,1,2
301223,0,0,0,0,0,0,0
9807295,0,0,0,0,0,0,0
204174,2,1,1,1,0,2,14
105059,1,1,0,0,0,1,6
9710435,0,0,0,0,0,0,0
9712340,0,0,0,0,0,0,0
107228,1,1,0,0,1,0,0
209175,1,1,0,0,1,0,0
210033,0,0,0,0,0,0,0
108266,0,0,0,0,0,0,0
111074,0,0,0,0,0,0,0
9802389,0,0,0,0,0,0,0
8067,1,1,0,0,0,1,2
9908332,0,0,0,0,0,0,0
9902393,1,1,0,0,1,0,0
9810226,0,0,0,0,0,0,0
3078,0,0,0,0,0,0,0
9807345,0,0,0,0,0,0,0
6308,0,0,0,0,0,0,0
9711245,1,1,0,0,0,1,1
9601272,1,1,0,0,0,1,2
210282,0,0,0,0,0,0,0
107285,0,0,0,0,0,0,0
9711256,0,0,0,0,0,0,0
210390,0,0,0,0,0,0,0
11216,0,0,0,0,0,0,0
110042,0,0,0,0,0,0,0
108119,0,0,0,0,0,0,0
106262,1,1,0,0,0,1,4
108158,0,0,0,0,0,0,0
106161,1,1,0,0,0,1,8
106241,0,0,0,0,0,0,0
11305,1,1,0,0,1,0,0
9907397,1,1,0,0,1,0,0
210287,1,1,0,0,0,1,10
9510242,1,1,0,0,1,0,0
109021,1,1,0,0,1,0,0
9912536,0,0,0,0,0,0,0
206254,0,0,0,0,0,0,0
9503267,0,0,0,0,0,0,0
9904339,0,0,0,0,0,0,0
9512293,0,0,0,0,0,0,0
201271,1,1,0,0,1,0,0
9905301,0,0,0,0,0,0,0
9712540,0,0,0,0,0,0,0
106170,0,0,0,0,0,0,0
9809354,2,1,1,1,2,0,0
9402344,0,0,0,0,0,0,0
9507207,0,0,0,0,0,0,0
4045,0,0,0,0,0,0,0
9711239,0,0,0,0,0,0,0
208068,0,0,0,0,0,0,0
9304221,1,1,0,0,1,0,0
9511427,0,0,0,0,0,0,0
111264,1,1,0,0,0,1,8
202173,0,0,0,0,0,0,0
204199,0,0,0,0,0,0,0
302035,1,1,0,0,0,1,9
9911209,0,0,0,0,0,0,0
9411404,0,0,0,0,0,0,0
208258,0,0,0,0,0,0,0
12263,1,1,0,0,1,0,0
206188,0,0,0,0,0,0,0
9611240,0,0,0,0,0,0,0
211209,0,0,0,0,0,0,0
209150,0,0,0,0,0,0,0
9911416,1,1,0,0,1,0,0
9904241,0,0,0,0,0,0,0
9507390,0,0,0,0,0,0,0
9511249,1,1,0,0,1,0,0
9312331,0,0,0,0,0,0,0
9807539,0,0,0,0,0,0,0
9909529,2,2,0,0,2,0,0
211436,0,0,0,0,0,0,0
9801360,0,0,0,0,0,0,0
9802348,1,1,0,0,1,0,0
9403228,1,1,0,0,1,0,0
9705355,1,1,0,0,0,1,4
210406,0,0,0,0,0,0,0
9907541,0,0,0,0,0,0,0
9605371,0,0,0,0,0,0,0
9707206,1,1,0,0,1,0,0
9907463,0,0,0,0,0,0,0
9407305,0,0,0,0,0,0,0
208232,0,0,0,0,0,0,0
9412386,0,0,0,0,0,0,0
9706451,0,0,0,0,0,0,0
9603399,0,0,0,0,0,0,0
12349,2,1,1,1,0,2,6
301151,1,1,0,0,0,1,9
9601354,1,1,0,0,1,0,0
301002,0,0,0,0,0,0,0
211381,0,0,0,0,0,0,0
9507456,2,2,0,0,2,0,0
9907308,0,0,0,0,0,0,0
9810481,0,0,0,0,0,0,0
104286,0,0,0,0,0,0,0
9708269,0,0,0,0,0,0,0
111191,0,0,0,0,0,0,0
9211241,1,1,0,0,1,0,0
9909342,0,0,0,0,0,0,0
212041,0,0,0,0,0,0,0
111438,0,0,0,0,0,0,0
208267,0,0,0,0,0,0,0
9510380,1,1,0,0,1,0,0
209209,0,0,0,0,0,0,0
9904215,0,0,0,0,0,0,0
9805374,1,1,0,0,0,1,4
9512373,1,1,0,0,1,0,0
9809359,0,0,0,0,0,0,0
302063,0,0,0,0,0,0,0
112201,0,0,0,0,0,0,0
9508404,0,0,0,0,0,0,0
9905546,0,0,0,0,0,0,0
9802265,1,1,0,0,0,1,2
9601341,1,1,0,0,1,0,0
212409,0,0,0,0,0,0,0
111386,0,0,0,0,0,0,0
302169,0,0,0,0,0,0,0
9411385,0,0,0,0,0,0,0
301239,0,0,0,0,0,0,0
205025,0,0,0,0,0,0,0
9505375,0,0,0,0,0,0,0
9401334,0,0,0,0,0,0,0
110225,1,1,0,0,1,0,0
9207247,1,1,0,0,1,0,0
9309229,1,1,0,0,1,0,0
204130,0,0,0,0,0,0,0
9808473,0,0,0,0,0,0,0
9902248,0,0,0,0,0,0,0
301144,0,0,0,0,0,0,0
9510239,0,0,0,0,0,0,0
8176,0,0,0,0,0,0,0
8060,0,0,0,0,0,0,0
204261,1,1,0,0,1,0,0
9603403,0,0,0,0,0,0,0
8172,0,0,0,0,0,0,0
3046,0,0,0,0,0,0,0
203017,0,0,0,0,0,0,0
9411421,2,2,0,0,2,0,0
5304,1,1,0,0,1,0,0
9805381,0,0,0,0,0,0,0
9305317,0,0,0,0,0,0,0
107293,0,0,0,0,0,0,0
212380,0,0,0,0,0,0,0
7147,0,0,0,0,0,0,0
9408268,0,0,0,0,0,0,0
204219,0,0,0,0,0,0,0
201196,0,0,0,0,0,0,0
212216,0,0,0,0,0,0,0
211319,0,0,0,0,0,0,0
204114,0,0,0,0,0,0,0
2269,0,0,0,0,0,0,0
207058,0,0,0,0,0,0,0
210105,0,0,0,0,0,0,0
5061,0,0,0,0,0,0,0
112096,0,0,0,0,0,0,0
210262,0,0,0,0,0,0,0
9507405,0,0,0,0,0,0,0
210315,0,0,0,0,0,0,0
6221,0,0,0,0,0,0,0
209163,0,0,0,0,0,0,0
9909343,0,0,0,0,0,0,0
210230,0,0,0,0,0,0,0
9809533,0,0,0,0,0,0,0
9806201,0,0,0,0,0,0,0
9809579,0,0,0,0,0,0,0
9070,0,0,0,0,0,0,0
9309255,0,0,0,0,0,0,0
302001,0,0,0,0,0,0,0
9709435,0,0,0,0,0,0,0
12251,0,0,0,0,0,0,0
301044,0,0,0,0,0,0,0
204320,0,0,0,0,0,0,0
302269,0,0,0,0,0,0,0
111417,0,0,0,0,0,0,0
211013,0,0,0,0,0,0,0
9304224,0,0,0,0,0,0,0
9905508,1,1,0,0,1,0,0
9810333,11,3,8,31,11,0,0
12308,16,6,10,38,2,14,32
9206236,10,1,9,28,10,0,0
9403283,18,2,16,81,18,0,0
9612402,15,2,13,64,0,15,42
9603311,16,2,14,57,2,14,33
9507294,21,1,20,152,9,12,16
108059,4,3,1,1,0,4,46
9603434,1,1,0,0,0,1,1
9509378,2,2,0,0,2,0,0
9304307,27,2,25,157,27,0,0
9712488,22,1,21,108,22,0,0
9807525,9,1,8,17,0,9,9
9712290,43,1,42,451,43,0,0
9909249,4,2,2,2,0,4,83
9810272,13,2,11,34,0,13,109
9811427,16,2,14,69,4,12,12
9411366,21,2,19,89,2,19,38
9205234,27,3,24,160,27,0,0
9910433,5,3,2,3,0,5,30
9811265,7,1,6,16,7,0,0
9908451,3,3,0,0,0,3,7
105213,3,1,2,2,0,3,3
2235,15,2,13,38,0,15,170
8023,17,2,15,82,8,9,9
9609344,9,3,6,17,0,9,74
11337,2,1,1,1,0,2,6
107074,3,2,1,1,0,3,34
5015,4,2,2,2,4,0,0
101190,5,1,4,7,5,0,0
9507463,9,1,8,22,9,0,0
9401308,29,2,27,130,0,29,29
9307301,28,5,23,124,6,22,43
9604238,0,0,0,0,0,0,0
9604440,41,1,40,363,0,41,222
9909288,2,2,0,0,0,2,2
9602277,20,2,18,110,7,13,13
9809341,9,1,8,15,0,9,14
9608229,19,1,18,100,19,0,0
2103,1,1,0,0,0,1,3
9807489,3,1,2,3,0,3,23
9509341,7,2,5,9,0,7,34
9705401,15,3,12,39,0,15,50
9601307,11,2,9,31,6,5,5
9402360,35,4,31,210,3,32,86
9402219,14,2,12,32,14,0,0
9302208,6,1,5,12,6,0,0
103219,8,1,7,23,0,8,19
9907461,11,3,8,30,0,11,62
9904270,6,3,3,9,0,6,36
9612448,3,2,1,2,0,3,8
9704452,37,4,33,273,3,34,224
9704399,9,1,8,19,0,9,64
9601302,25,1,24,132,0,25,62
109135,4,2,2,2,0,4,55
9908310,46,3,43,366,0,46,491
9910225,31,2,29,156,0,31,496
8217,3,1,2,2,0,3,3
9802223,0,0,0,0,0,0,0
9409453,16,3,13,40,1,15,37
9407389,32,2,30,279,1,31,47
9310215,6,2,4,9,6,0,0
9807269,22,2,20,76,0,22,104
9401306,5,1,4,5,2,3,3
9608221,5,3,2,2,0,5,18
9607268,3,1,2,2,0,3,6
9810269,34,3,31,196,0,34,295
9904225,3,2,1,1,0,3,15
9809426,6,1,5,7,0,6,27
11174,0,0,0,0,0,0,0
9710259,5,1,4,9,0,5,13
9207236,11,2,9,34,11,0,0
112102,16,2,14,51,0,16,76
9704402,9,3,6,12,0,9,35
9305214,1,1,0,0,1,0,0
7227,4,2,2,3,0,4,21
10156,0,0,0,0,0,0,0
9402205,12,1,11,52,0,12,51
102344,43,2,41,315,0,43,284
104271,6,3,3,5,0,6,10
9311316,16,3,13,69,16,0,0
9402342,10,2,8,33,4,6,6
11251,19,2,17,88,19,0,0
9405419,3,2,1,1,0,3,11
8184,7,2,5,11,0,7,12
9607379,13,2,11,39,2,11,11
9610456,7,3,4,11,0,7,48
9711203,0,0,0,0,0,0,0
9506338,13,1,12,38,13,0,0
9907522,22,2,20,69,0,22,93
9812221,15,1,14,37,0,15,63
9911228,6,1,5,9,0,6,35
9909506,47,2,45,568,0,47,100
208050,2,1,1,1,0,2,16
204218,12,4,8,15,0,12,146
9612318,11,1,10,27,1,10,10
9404354,10,4,6,8,10,0,0
111435,4,4,0,0,0,4,11
9905244,4,2,2,3,0,4,20
9501394,15,2,13,47,15,0,0
205071,2,2,0,0,0,2,25
9811215,2,2,0,0,0,2,8
9511288,46,2,44,404,16,30,30
1039,2,1,1,1,2,0,0
4068,1,1,0,0,0,1,6
11392,3,2,1,1,0,3,50
9402299,3,2,1,2,0,3,13
9709432,57,2,55,583,0,57,278
9611218,32,3,29,138,0,32,201
9211268,1,1,0,0,1,0,0
9606344,21,3,18,111,4,17,23
9404277,7,1,6,19,7,0,0
9502300,14,1,13,48,2,12,12
101311,7,3,4,7,1,6,6
9711402,8,2,6,14,0,8,14
9712213,15,2,13,29,0,15,130
10106,8,1,7,17,0,8,63
9302227,7,2,5,12,7,0,0
9408376,8,3,5,12,0,8,13
9506233,13,3,10,39,0,13,40
107209,2,2,0,0,0,2,16
9609360,4,1,3,4,2,2,2
9602358,5,2,3,4,5,0,0
109160,1,1,0,0,0,1,2
9710414,3,1,2,2,3,0,0
9710508,4,3,1,1,0,4,10
9710462,3,1,2,3,2,1,1
9503291,8,1,7,20,8,0,0
4263,7,2,5,11,7,0,0
9305340,3,1,2,3,3,0,0
9512410,4,1,3,3,2,2,3
9905292,10,2,8,16,0,10,115
9707438,4,1,3,4,0,4,22
9608479,7,2,5,9,0,7,7
9702423,15,1,14,65,0,15,133
9303251,14,5,9,23,3,11,11
9306309,14,3,11,54,14,0,0
9909540,18,3,15,53,0,18,218
9806311,12,2,10,27,0,12,12
105196,8,1,7,27,0,8,38
9706230,3,3,0,0,0,3,12
9804376,8,1,7,19,0,8,24
9905295,17,2,15,83,0,17,367
9903511,8,1,7,19,0,8,44
110278,0,0,0,0,0,0,0
9811406,7,1,6,13,2,5,10
9806398,4,2,2,4,1,3,10
9411211,49,2,47,536,49,0,0
8228,3,1,2,2,0,3,19
7265,3,1,2,2,0,3,3
9803367,2,2,0,0,0,2,2
9206233,5,2,3,3,5,0,0
9607314,16,1,15,88,2,14,27
9405391,10,2,8,14,2,8,8
9903337,7,1,6,13,0,7,28
9908486,11,4,7,22,0,11,61
9909567,9,3,6,14,0,9,225
9908311,19,2,17,69,0,19,204
7095,4,2,2,2,0,4,21
4269,8,2,6,18,1,7,50
9707367,4,2,2,2,0,4,4
9504364,12,1,11,44,12,0,0
9710350,1,1,0,0,0,1,4
9510443,6,2,4,10,0,6,32
9511287,3,2,1,1,3,0,0
9601323,0,0,0,0,0,0,0
9809338,3,2,1,1,0,3,14
9508412,0,0,0,0,0,0,0
101257,3,2,1,1,0,3,26
9312269,4,1,3,5,4,0,0
9205214,11,2,9,28,11,0,0
9504406,1,1,0,0,1,0,0
9505244,14,1,13,41,1,13,13
9505369,23,4,19,93,2,21,40
9711377,6,1,5,5,1,5,10
201031,0,0,0,0,0,0,0
9707338,4,3,1,1,0,4,18
9708432,3,3,0,0,0,3,3
108205,2,1,1,1,0,2,20
108110,4,1,3,3,4,0,0
9506261,6,1,5,8,0,6,6
9803241,24,2,22,141,0,24,163
9703227,2,1,1,1,0,2,4
9409238,5,1,4,7,5,0,0
9093,2,2,0,0,0,2,23
103252,2,1,1,1,0,2,17
9508324,6,2,4,12,6,0,0
9402203,8,1,7,10,8,0,0
9907503,2,1,1,1,0,2,8
9807424,4,1,3,3,0,4,12
9902293,4,4,0,0,0,4,34
9712501,2,1,1,1,0,2,6
9910554,2,1,1,1,2,0,0
9807440,2,1,1,1,0,2,3
102222,14,2,12,59,0,14,44
107241,3,2,1,1,0,3,12
9707281,14,1,13,38,0,14,74
103072,7,2,5,19,0,7,32
9604303,2,1,1,1,1,1,1
9605349,11,2,9,30,0,11,20
9508362,12,3,9,27,0,12,27
9401228,17,5,12,45,0,17,64
9702375,1,1,0,0,0,1,13
9608317,9,2,7,27,9,0,0
2041,0,0,0,0,0,0,0
9212298,4,1,3,3,4,0,0
203178,2,1,1,1,0,2,4
1274,10,1,9,30,1,9,20
9209287,9,4,5,11,9,0,0
106067,15,1,14,32,0,15,47
9302217,7,4,3,5,7,0,0
9908412,9,4,5,22,0,9,11
9603428,10,3,7,28,10,0,0
9503323,2,1,1,1,0,2,2
105188,8,2,6,16,2,6,12
105199,2,2,0,0,0,2,18
105093,1,1,0,0,0,1,1
9603410,3,2,1,1,3,0,0
9912403,11,1,10,37,1,10,26
9907521,7,2,5,9,0,7,32
7266,1,1,0,0,0,1,9
9412372,5,1,4,8,0,5,5
9402213,6,2,4,9,1,5,5
112337,2,1,1,1,0,2,12
9707385,7,3,4,8,0,7,17
9711456,0,0,0,0,0,0,0
204060,2,2,0,0,0,2,9
102093,18,1,17,58,0,18,256
9412382,8,2,6,14,8,0,0
9711504,8,4,4,8,0,8,40
103289,4,3,1,1,1,3,3
110138,5,3,2,5,0,5,77
9310286,12,1,11,26,12,0,0
9707467,2,1,1,1,0,2,2
9504335,3,1,2,3,3,0,0
9807452,2,1,1,1,0,2,2
9804211,13,1,12,49,5,8,15
9503375,5,2,3,3,1,4,4
9606247,6,2,4,9,0,6,12
9504354,7,1,6,9,7,0,0
9709223,2,2,0,0,0,2,17
4182,0,0,0,0,0,0,0
104245,11,2,9,23,0,11,151
9709245,0,0,0,0,0,0,0
101113,9,1,8,16,0,9,67
9702305,8,2,6,10,0,8,22
9710514,2,1,1,1,2,0,0
9305257,4,2,2,4,4,0,0
9811365,4,1,3,5,0,4,13
9406321,3,1,2,3,3,0,0
9908527,1,1,0,0,1,0,0
9901445,10,1,9,24,1,9,12
9705474,8,5,3,7,0,8,49
9602301,6,2,4,9,6,0,0
9912474,1,1,0,0,0,1,4
9503427,0,0,0,0,0,0,0
9405322,6,2,4,10,6,0,0
207179,0,0,0,0,0,0,0
9907228,10,3,7,19,2,8,12
203047,2,1,1,1,0,2,8
10194,2,1,1,1,1,1,1
9506281,10,2,8,15,0,10,31
9912205,6,2,4,4,6,0,0
9808438,6,1,5,11,3,3,5
9507261,5,1,4,5,0,5,17
108061,3,1,2,2,0,3,7
9705314,2,1,1,1,0,2,11
9610513,4,1,3,4,0,4,9
9302317,11,2,9,25,11,0,0
9712515,1,1,0,0,0,1,3
9709342,5,2,3,6,4,1,1
9506345,4,3,1,1,4,0,0
2126,3,2,1,1,0,3,8
9812270,0,0,0,0,0,0,0
111240,1,1,0,0,0,1,3
9802386,3,2,1,1,0,3,19
108241,4,1,3,4,0,4,15
6165,1,1,0,0,0,1,6
9712332,1,1,0,0,0,1,2
9909318,8,1,7,10,0,8,26
9310230,5,1,4,9,5,0,0
9411287,12,2,10,29,2,10,10
207253,1,1,0,0,0,1,9
9910273,2,1,1,1,0,2,7
102022,4,2,2,4,0,4,9
9208244,3,2,1,1,0,3,3
9610479,2,1,1,1,2,0,0
205202,0,0,0,0,0,0,0
9607227,0,0,0,0,0,0,0
9606308,3,2,1,1,0,3,3
101278,6,3,3,5,1,5,5
9407293,13,2,11,58,2,11,11
9805395,5,1,4,6,0,5,17
9910387,4,1,3,4,0,4,16
9709255,1,1,0,0,0,1,6
9811221,7,3,4,10,0,7,13
9911332,4,1,3,4,0,4,11
107165,21,2,19,93,0,21,194
102264,8,2,6,12,6,2,2
9603416,3,3,0,0,0,3,6
9604265,1,1,0,0,0,1,2
9511256,11,3,8,27,1,10,43
9610470,1,1,0,0,0,1,1
9607359,2,1,1,1,0,2,6
9207266,7,2,5,9,7,0,0
9310266,3,3,0,0,1,2,2
9703413,0,0,0,0,0,0,0
9908470,0,0,0,0,0,0,0
9501313,4,2,2,2,0,4,11
9901267,0,0,0,0,0,0,0
9509324,12,2,10,25,12,0,0
9509226,3,1,2,2,0,3,8
5196,3,1,2,2,0,3,3
9609240,1,1,0,0,0,1,13
106050,6,3,3,6,0,6,115
103046,1,1,0,0,0,1,11
102010,11,1,10,37,1,10,18
101294,1,1,0,0,0,1,3
9206239,2,2,0,0,2,0,0
2156,2,2,0,0,1,1,1
106071,4,2,2,2,0,4,24
9606300,1,1,0,0,0,1,1
9909554,20,4,16,59,0,20,280
108109,1,1,0,0,0,1,9
9608252,1,1,0,0,1,0,0
104097,4,2,2,2,1,3,6
9602331,2,2,0,0,0,2,2
204180,2,2,0,0,0,2,13
207366,0,0,0,0,0,0,0
210181,0,0,0,0,0,0,0
9807224,9,1,8,17,9,0,0
9807383,2,2,0,0,2,0,0
9711499,4,1,3,4,0,4,18
9708472,3,1,2,3,0,3,3
9701210,5,1,4,7,2,3,3
207064,0,0,0,0,0,0,0
202025,1,1,0,0,0,1,1
9508306,2,1,1,1,2,0,0
9808242,8,2,6,12,0,8,42
9309314,3,1,2,2,3,0,0
9910395,6,2,4,11,6,0,0
203204,1,1,0,0,0,1,5
9806505,5,2,3,6,0,5,37
9707442,0,0,0,0,0,0,0
111227,7,2,5,16,0,7,100
9311367,7,2,5,9,3,4,4
9806385,2,1,1,1,0,2,4
9807420,1,1,0,0,0,1,1
9312268,7,1,6,13,7,0,0
9903427,4,1,3,5,0,4,4
105214,6,1,5,9,0,6,82
7101,5,1,4,9,0,5,12
9704272,10,2,8,25,1,9,20
9601364,1,1,0,0,0,1,1
9806352,14,2,12,53,0,14,51
9311296,5,2,3,5,5,0,0
9204236,5,2,3,6,5,0,0
12141,0,0,0,0,0,0,0
9808288,1,1,0,0,0,1,9
201121,4,1,3,4,0,4,25
9810237,1,1,0,0,1,0,0
6158,2,2,0,0,2,0,0
106223,4,1,3,3,0,4,22
211111,3,1,2,2,0,3,6
7011,2,1,1,1,0,2,3
9503407,1,1,0,0,1,0,0
112108,5,4,1,1,0,5,69
205274,4,1,3,4,0,4,31
9809524,10,2,8,31,2,8,13
207314,2,2,0,0,0,2,6
9401203,2,1,1,1,2,0,0
9902315,6,1,5,9,6,0,0
9906424,16,1,15,69,0,16,74
9707491,4,2,2,3,0,4,5
9206213,3,1,2,3,3,0,0
102165,3,2,1,1,0,3,7
9305201,0,0,0,0,0,0,0
9504309,3,2,1,1,1,2,2
9206247,3,1,2,2,3,0,0
9804349,0,0,0,0,0,0,0
9308283,3,1,2,2,3,0,0
201179,1,1,0,0,0,1,1
9609518,1,1,0,0,0,1,4
9408272,5,1,4,9,5,0,0
9703239,3,2,1,1,0,3,35
7056,2,1,1,1,0,2,8
9712325,9,1,8,23,9,0,0
9402348,1,1,0,0,1,0,0
102130,0,0,0,0,0,0,0
9408354,12,1,11,41,12,0,0
3260,5,3,2,2,0,5,50
9907248,1,1,0,0,0,1,4
9812407,0,0,0,0,0,0,0
9507393,2,2,0,0,0,2,10
9910519,2,1,1,1,2,0,0
9604411,1,1,0,0,0,1,1
106054,2,1,1,1,2,0,0
9709339,2,2,0,0,0,2,8
107211,0,0,0,0,0,0,0
9909307,3,2,1,2,0,3,19
9805314,1,1,0,0,0,1,2
4133,0,0,0,0,0,0,0
9907245,7,5,2,6,3,4,4
9811314,1,1,0,0,1,0,0
9705204,6,2,4,9,0,6,22
9704242,2,1,1,1,0,2,2
9812503,3,2,1,2,3,0,0
210132,1,1,0,0,0,1,2
9804320,4,2,2,2,0,4,10
212146,5,1,4,9,0,5,33
9810332,3,3,0,0,0,3,15
9306207,3,1,2,2,3,0,0
9503363,3,2,1,2,3,0,0
106077,6,1,5,10,0,6,50
110180,2,1,1,1,0,2,39
206122,4,2,2,3,0,4,53
9705449,1,1,0,0,0,1,4
1033,4,2,2,3,0,4,63
9903259,1,1,0,0,0,1,1
5245,10,2,8,18,0,10,28
9706272,4,1,3,4,4,0,0
9404227,4,3,1,1,4,0,0
106013,1,1,0,0,1,0,0
9805323,2,1,1,1,0,2,22
9511455,9,2,7,15,2,7,19
9610349,0,0,0,0,0,0,0
9907318,1,1,0,0,1,0,0
12107,2,1,1,1,1,1,2
9802373,3,2,1,1,3,0,0
9811454,3,3,0,0,0,3,33
111012,1,1,0,0,1,0,0
205039,1,1,0,0,0,1,5
9806455,11,2,9,26,0,11,17
9309202,3,3,0,0,3,0,0
9812484,3,2,1,1,0,3,6
9909484,5,1,4,5,0,5,31
9310375,0,0,0,0,0,0,0
9703268,13,1,12,59,0,13,26
9403218,2,2,0,0,2,0,0
209189,1,1,0,0,0,1,3
202134,4,1,3,4,3,1,1
9907504,0,0,0,0,0,0,0
9607481,0,0,0,0,0,0,0
9804375,4,1,3,6,2,2,2
5106,0,0,0,0,0,0,0
9406364,1,1,0,0,1,0,0
9911442,3,2,1,2,2,1,1
9603224,0,0,0,0,0,0,0
9412370,0,0,0,0,0,0,0
9404353,1,1,0,0,1,0,0
9803396,6,2,4,12,6,0,0
9602412,4,3,1,1,0,4,10
9901296,2,2,0,0,0,2,3
9807482,3,1,2,3,3,0,0
108222,5,1,4,8,0,5,57
7030,0,0,0,0,0,0,0
12118,1,1,0,0,0,1,4
9303248,4,2,2,2,4,0,0
9311304,2,1,1,1,2,0,0
9802297,1,1,0,0,1,0,0
111334,0,0,0,0,0,0,0
9711368,0,0,0,0,0,0,0
2250,10,2,8,25,0,10,55
9801269,2,2,0,0,0,2,26
210410,1,1,0,0,0,1,11
206088,2,1,1,1,0,2,6
3110,1,1,0,0,0,1,5
9810284,1,1,0,0,0,1,2
9601335,2,2,0,0,0,2,2
9612319,3,2,1,2,0,3,10
9606312,2,2,0,0,2,0,0
107152,6,1,5,8,0,6,6
9507356,0,0,0,0,0,0,0
9097,2,2,0,0,1,1,1
9710507,1,1,0,0,0,1,2
104008,0,0,0,0,0,0,0
103011,0,0,0,0,0,0,0
9808455,5,2,3,3,0,5,18
9908425,4,3,1,1,0,4,22
9712369,9,3,6,19,1,8,34
111077,3,3,0,0,0,3,12
9505204,4,1,3,4,1,3,9
9503350,2,2,0,0,0,2,5
101318,4,1,3,5,0,4,6
9803491,3,1,2,2,3,0,0
202072,6,2,4,10,0,6,25
9212211,1,1,0,0,1,0,0
209303,2,2,0,0,0,2,20
9410309,3,1,2,3,3,0,0
9309228,3,2,1,1,3,0,0
9610287,0,0,0,0,0,0,0
9408261,3,1,2,2,3,0,0
210305,1,1,0,0,0,1,5
9906207,1,1,0,0,0,1,8
9307313,1,1,0,0,1,0,0
9502383,0,0,0,0,0,0,0
9807569,0,0,0,0,0,0,0
1308,3,1,2,3,0,3,13
9704369,1,1,0,0,0,1,2
7307,0,0,0,0,0,0,0
9610430,4,1,3,5,0,4,9
9810427,4,1,3,4,0,4,22
212340,0,0,0,0,0,0,0
9603354,0,0,0,0,0,0,0
9609453,1,1,0,0,0,1,2
9211213,2,2,0,0,2,0,0
7232,2,1,1,1,0,2,28
9803450,3,2,1,2,0,3,5
9609442,1,1,0,0,0,1,1
9909438,5,3,2,4,0,5,15
9512333,2,1,1,1,1,1,1
9401239,2,1,1,1,0,2,2
8008,0,0,0,0,0,0,0
9211307,4,1,3,4,4,0,0
9707377,4,4,0,0,4,0,0
104239,5,2,3,6,0,5,9
9809402,5,3,2,2,0,5,10
9706271,4,1,3,4,0,4,22
9602311,0,0,0,0,0,0,0
10224,1,1,0,0,1,0,0
9606234,1,1,0,0,0,1,1
9411405,3,1,2,3,3,0,0
9510230,0,0,0,0,0,0,0
201292,1,1,0,0,1,0,0
9606313,3,3,0,0,0,3,6
9604204,3,1,2,2,1,2,3
9906498,9,1,8,30,0,9,26
211288,2,1,1,1,0,2,2
9309213,1,1,0,0,1,0,0
9709262,2,2,0,0,0,2,12
12193,2,1,1,1,0,2,4
101200,0,0,0,0,0,0,0
9339,2,2,0,0,0,2,14
9910528,0,0,0,0,0,0,0
9904244,3,2,1,1,1,2,4
10280,4,4,0,0,0,4,12
9409289,3,2,1,1,3,0,0
9708290,3,2,1,1,0,3,3
12305,4,2,2,2,0,4,29
9612435,3,2,1,1,0,3,9
207277,1,1,0,0,0,1,28
9912512,5,1,4,9,5,0,0
9711279,0,0,0,0,0,0,0
9901348,2,2,0,0,2,0,0
9907398,0,0,0,0,0,0,0
5212,1,1,0,0,0,1,1
101201,4,1,3,4,0,4,7
9511415,4,2,2,2,0,4,22
9609266,3,2,1,1,0,3,7
9309241,1,1,0,0,1,0,0
9905377,8,2,6,13,0,8,20
9904405,0,0,0,0,0,0,0
111362,5,4,1,1,0,5,110
9810415,3,1,2,3,2,1,1
9509404,2,2,0,0,2,0,0
9903401,0,0,0,0,0,0,0
9204220,3,2,1,1,3,0,0
9707508,0,0,0,0,0,0,0
102261,0,0,0,0,0,0,0
9804328,1,1,0,0,1,0,0
8094,4,1,3,5,0,4,16
9410337,3,3,0,0,3,0,0
9611419,0,0,0,0,0,0,0
111141,10,5,5,5,0,10,207
205156,6,4,2,2,1,5,8
9708490,0,0,0,0,0,0,0
9401252,4,2,2,2,4,0,0
301130,1,1,0,0,0,1,13
104310,0,0,0,0,0,0,0
9304272,3,2,1,1,3,0,0
9607277,0,0,0,0,0,0,0
9305271,2,2,0,0,2,0,0
3134,3,1,2,2,0,3,6
9911383,4,2,2,3,0,4,29
9501245,2,1,1,1,2,0,0
301056,0,0,0,0,0,0,0
108028,0,0,0,0,0,0,0
9502369,2,2,0,0,2,0,0
9607267,0,0,0,0,0,0,0
9403204,3,2,1,1,3,0,0
109119,6,2,4,9,0,6,66
9805499,2,2,0,0,0,2,12
108029,1,1,0,0,0,1,2
111167,1,1,0,0,0,1,1
104228,8,1,7,13,0,8,58
9912365,3,1,2,2,3,0,0
108132,2,1,1,1,0,2,2
9907433,2,2,0,0,2,0,0
1330,0,0,0,0,0,0,0
9810267,1,1,0,0,1,0,0
1272,0,0,0,0,0,0,0
9704216,4,1,3,6,0,4,7
203021,2,1,1,1,0,2,2
9810495,2,2,0,0,1,1,2
9704265,2,2,0,0,1,1,1
9304207,3,1,2,2,3,0,0
204069,3,2,1,1,0,3,20
9809474,1,1,0,0,0,1,2
202242,0,0,0,0,0,0,0
9712205,1,1,0,0,1,0,0
1252,0,0,0,0,0,0,0
9805455,2,1,1,1,2,0,0
12113,1,1,0,0,1,0,0
9710528,3,1,2,2,0,3,7
9910417,2,2,0,0,0,2,6
8272,0,0,0,0,0,0,0
9910544,2,1,1,1,0,2,4
205149,1,1,0,0,0,1,3
9506231,0,0,0,0,0,0,0
9506376,1,1,0,0,0,1,1
210179,3,3,0,0,1,2,3
9711296,1,1,0,0,0,1,2
9408230,0,0,0,0,0,0,0
9505330,1,1,0,0,1,0,0
107194,1,1,0,0,0,1,5
211046,1,1,0,0,0,1,2
9611355,1,1,0,0,0,1,1
112280,1,1,0,0,1,0,0
111089,0,0,0,0,0,0,0
205325,1,1,0,0,0,1,10
11230,4,1,3,4,0,4,4
110179,0,0,0,0,0,0,0
4165,0,0,0,0,0,0,0
9708454,2,1,1,1,2,0,0
9510340,0,0,0,0,0,0,0
109159,0,0,0,0,0,0,0
9804378,2,2,0,0,1,1,2
9410407,4,1,3,5,0,4,6
9603215,1,1,0,0,0,1,1
302142,0,0,0,0,0,0,0
206115,1,1,0,0,0,1,6
3313,2,1,1,1,0,2,12
10191,3,1,2,2,0,3,30
9410241,1,1,0,0,1,0,0
207107,3,3,0,0,3,0,0
5115,3,3,0,0,0,3,3
2142,3,2,1,1,0,3,7
7285,2,2,0,0,1,1,1
202071,1,1,0,0,0,1,2
9902307,0,0,0,0,0,0,0
9905287,1,1,0,0,0,1,2
9301228,3,1,2,2,3,0,0
9911388,0,0,0,0,0,0,0
9307336,4,3,1,3,4,0,0
8179,0,0,0,0,0,0,0
202208,1,1,0,0,0,1,2
9306,0,0,0,0,0,0,0
9706398,3,3,0,0,3,0,0
9711493,0,0,0,0,0,0,0
109223,1,1,0,0,0,1,4
9403385,2,2,0,0,2,0,0
9809502,0,0,0,0,0,0,0
10251,2,1,1,1,0,2,8
3202,1,1,0,0,0,1,1
2283,1,1,0,0,0,1,1
205268,0,0,0,0,0,0,0
9511453,0,0,0,0,0,0,0
205169,0,0,0,0,0,0,0
210172,1,1,0,0,0,1,2
9705476,1,1,0,0,1,0,0
6344,0,0,0,0,0,0,0
207335,2,1,1,1,2,0,0
9910565,0,0,0,0,0,0,0
9702410,1,1,0,0,1,0,0
9710399,1,1,0,0,0,1,2
112040,1,1,0,0,0,1,1
9708217,2,1,1,1,2,0,0
9710385,2,2,0,0,0,2,2
301064,0,0,0,0,0,0,0
105109,4,3,1,1,0,4,9
103175,0,0,0,0,0,0,0
9509245,1,1,0,0,0,1,1
9511400,1,1,0,0,1,0,0
207129,3,1,2,2,0,3,3
104193,3,1,2,3,0,3,13
9135,0,0,0,0,0,0,0
9810252,3,1,2,2,1,2,2
9509354,1,1,0,0,0,1,3
9701212,1,1,0,0,1,0,0
12246,0,0,0,0,0,0,0
9706481,0,0,0,0,0,0,0
203119,6,4,2,4,0,6,28
212209,0,0,0,0,0,0,0
9601259,2,1,1,1,1,1,2
9708376,0,0,0,0,0,0,0
9604422,0,0,0,0,0,0,0
9909570,1,1,0,0,0,1,2
104019,4,3,1,1,0,4,4
9603284,4,2,2,3,4,0,0
206131,5,2,3,6,0,5,17
211145,0,0,0,0,0,0,0
9710397,1,1,0,0,0,1,10
9404345,3,2,1,1,3,0,0
212178,1,1,0,0,0,1,7
201111,0,0,0,0,0,0,0
9812211,2,1,1,1,0,2,3
9702396,0,0,0,0,0,0,0
9912369,0,0,0,0,0,0,0
5235,1,1,0,0,0,1,10
9501410,1,1,0,0,1,0,0
302148,0,0,0,0,0,0,0
12162,1,1,0,0,0,1,3
9609351,1,1,0,0,1,0,0
9808408,1,1,0,0,0,1,5
9901444,6,2,4,6,2,4,10
11124,6,3,3,4,6,0,0
9801301,2,2,0,0,0,2,2
9801228,0,0,0,0,0,0,0
211284,1,1,0,0,0,1,1
210104,2,1,1,1,0,2,18
9712258,2,2,0,0,0,2,6
9908204,1,1,0,0,0,1,1
2203,1,1,0,0,0,1,3
7200,1,1,0,0,1,0,0
104175,1,1,0,0,0,1,3
9707526,0,0,0,0,0,0,0
9808311,1,1,0,0,0,1,1
202104,1,1,0,0,0,1,2
9903546,0,0,0,0,0,0,0
1141,1,1,0,0,0,1,1
9311244,1,1,0,0,0,1,2
9704306,0,0,0,0,0,0,0
9602261,0,0,0,0,0,0,0
9703297,0,0,0,0,0,0,0
9705224,1,1,0,0,0,1,2
9904490,2,2,0,0,2,0,0
9807388,1,1,0,0,0,1,3
3040,1,1,0,0,0,1,1
9405331,1,1,0,0,1,0,0
9403294,2,1,1,1,1,1,1
104044,2,1,1,1,0,2,6
9605257,2,2,0,0,1,1,1
9702268,1,1,0,0,0,1,2
12129,0,0,0,0,0,0,0
110046,1,1,0,0,1,0,0
302075,0,0,0,0,0,0,0
9502241,0,0,0,0,0,0,0
204294,0,0,0,0,0,0,0
9410243,1,1,0,0,1,0,0
9912202,2,1,1,1,0,2,4
9212318,0,0,0,0,0,0,0
9909246,5,1,4,6,1,4,4
9908489,1,1,0,0,0,1,3
2023,1,1,0,0,0,1,6
9611448,1,1,0,0,0,1,7
9504257,1,1,0,0,1,0,0
109107,0,0,0,0,0,0,0
9609388,2,1,1,1,2,0,0
206246,2,1,1,1,0,2,8
211450,0,0,0,0,0,0,0
9903386,3,1,2,2,3,0,0
9309292,1,1,0,0,1,0,0
1055,0,0,0,0,0,0,0
9808297,3,2,1,1,0,3,6
9609219,3,1,2,3,2,1,1
9905558,2,1,1,1,0,2,6
9509394,0,0,0,0,0,0,0
9810372,1,1,0,0,1,0,0
9805234,2,2,0,0,0,2,2
211463,0,0,0,0,0,0,0
203078,1,1,0,0,0,1,5
9910289,0,0,0,0,0,0,0
9307269,2,2,0,0,2,0,0
9401243,1,1,0,0,1,0,0
9812479,7,1,6,19,7,0,0
9407383,0,0,0,0,0,0,0
9306314,2,2,0,0,2,0,0
9706439,4,1,3,4,4,0,0
9709302,1,1,0,0,1,0,0
110333,3,3,0,0,0,3,6
11321,3,2,1,1,0,3,35
9907470,1,1,0,0,0,1,3
11158,0,0,0,0,0,0,0
9507448,0,0,0,0,0,0,0
103277,1,1,0,0,1,0,0
2206,2,2,0,0,0,2,2
107224,4,3,1,1,0,4,11
205009,0,0,0,0,0,0,0
9602434,1,1,0,0,0,1,1
9607374,1,1,0,0,0,1,1
9805347,1,1,0,0,0,1,2
9905361,3,1,2,3,3,0,0
204201,2,1,1,1,0,2,2
207030,1,1,0,0,0,1,7
212008,0,0,0,0,0,0,0
208042,0,0,0,0,0,0,0
9802286,2,2,0,0,2,0,0
9706425,1,1,0,0,1,0,0
9504203,1,1,0,0,1,0,0
9912325,0,0,0,0,0,0,0
1026,1,1,0,0,1,0,0
202161,0,0,0,0,0,0,0
9704270,0,0,0,0,0,0,0
209141,1,1,0,0,0,1,4
302178,0,0,0,0,0,0,0
9810548,2,2,0,0,2,0,0
9709324,1,1,0,0,1,0,0
211353,2,1,1,1,0,2,4
9908444,0,0,0,0,0,0,0
112020,0,0,0,0,0,0,0
9911538,0,0,0,0,0,0,0
102205,0,0,0,0,0,0,0
105098,0,0,0,0,0,0,0
9179,0,0,0,0,0,0,0
102284,1,1,0,0,0,1,2
204358,1,1,0,0,1,0,0
110417,1,1,0,0,0,1,2
208013,0,0,0,0,0,0,0
110157,0,0,0,0,0,0,0
9803205,0,0,0,0,0,0,0
9605409,0,0,0,0,0,0,0
3041,1,1,0,0,1,0,0
9502374,1,1,0,0,0,1,1
9405319,0,0,0,0,0,0,0
9309235,3,1,2,3,3,0,0
9912466,0,0,0,0,0,0,0
9610393,0,0,0,0,0,0,0
212365,0,0,0,0,0,0,0
9608446,0,0,0,0,0,0,0
9904451,1,1,0,0,0,1,1
212241,0,0,0,0,0,0,0
102110,0,0,0,0,0,0,0
9308377,0,0,0,0,0,0,0
301066,0,0,0,0,0,0,0
206181,1,1,0,0,0,1,4
9503343,0,0,0,0,0,0,0
204041,0,0,0,0,0,0,0
107042,1,1,0,0,1,0,0
9902433,0,0,0,0,0,0,0
9710288,0,0,0,0,0,0,0
110408,0,0,0,0,0,0,0
207270,0,0,0,0,0,0,0
8207,1,1,0,0,1,0,0
109290,0,0,0,0,0,0,0
9910294,0,0,0,0,0,0,0
9805243,2,1,1,1,2,0,0
9909253,1,1,0,0,1,0,0
106074,0,0,0,0,0,0,0
1262,0,0,0,0,0,0,0
9611396,0,0,0,0,0,0,0
9904212,0,0,0,0,0,0,0
9708270,2,1,1,1,2,0,0
9805425,0,0,0,0,0,0,0
9806447,0,0,0,0,0,0,0
9905545,0,0,0,0,0,0,0
9607221,0,0,0,0,0,0,0
9909441,0,0,0,0,0,0,0
11198,1,1,0,0,1,0,0
9810545,1,1,0,0,1,0,0
212082,0,0,0,0,0,0,0
104055,2,2,0,0,1,1,1
9705256,0,0,0,0,0,0,0
204214,2,1,1,1,1,1,1
12366,0,0,0,0,0,0,0
104233,0,0,0,0,0,0,0
9506230,0,0,0,0,0,0,0
208195,0,0,0,0,0,0,0
9502326,0,0,0,0,0,0,0
7290,0,0,0,0,0,0,0
110226,0,0,0,0,0,0,0
112356,0,0,0,0,0,0,0
208254,0,0,0,0,0,0,0
9509332,0,0,0,0,0,0,0
11001,0,0,0,0,0,0,0
9505351,1,1,0,0,1,0,0
9811241,1,1,0,0,1,0,0
9311224,1,1,0,0,0,1,1
209004,0,0,0,0,0,0,0
9908447,2,1,1,1,2,0,0
9210224,1,1,0,0,1,0,0
9411292,1,1,0,0,1,0,0
9811459,1,1,0,0,1,0,0
9807202,0,0,0,0,0,0,0
201182,0,0,0,0,0,0,0
105112,0,0,0,0,0,0,0
206146,0,0,0,0,0,0,0
302080,0,0,0,0,0,0,0
211234,0,0,0,0,0,0,0
210412,0,0,0,0,0,0,0
212219,0,0,0,0,0,0,0
9911278,0,0,0,0,0,0,0
109057,0,0,0,0,0,0,0
12200,0,0,0,0,0,0,0
302011,0,0,0,0,0,0,0
9408291,2,2,0,0,2,0,0
9710306,0,0,0,0,0,0,0
9606205,0,0,0,0,0,0,0
9708375,0,0,0,0,0,0,0
102258,0,0,0,0,0,0,0
9087,0,0,0,0,0,0,0
1167,0,0,0,0,0,0,0
9904466,0,0,0,0,0,0,0
9306278,1,1,0,0,1,0,0
9702347,1,1,0,0,0,1,1
206031,0,0,0,0,0,0,0
9803442,2,2,0,0,0,2,4
9406408,0,0,0,0,0,0,0
101222,0,0,0,0,0,0,0
9909363,0,0,0,0,0,0,0
106261,0,0,0,0,0,0,0
9611211,0,0,0,0,0,0,0
9903243,1,1,0,0,1,0,0
110210,0,0,0,0,0,0,0
301008,0,0,0,0,0,0,0
9902264,1,1,0,0,1,0,0
9812405,0,0,0,0,0,0,0
9409292,0,0,0,0,0,0,0
9401286,0,0,0,0,0,0,0
9303301,2,2,0,0,2,0,0
9311263,2,2,0,0,2,0,0
208263,1,1,0,0,0,1,5
212386,0,0,0,0,0,0,0
9709272,0,0,0,0,0,0,0
301087,0,0,0,0,0,0,0
7013,0,0,0,0,0,0,0
206053,0,0,0,0,0,0,0
207029,0,0,0,0,0,0,0
9808363,0,0,0,0,0,0,0
6258,0,0,0,0,0,0,0
9604214,1,1,0,0,0,1,1
211380,0,0,0,0,0,0,0
207323,0,0,0,0,0,0,0
9703229,0,0,0,0,0,0,0
9905382,0,0,0,0,0,0,0
109266,0,0,0,0,0,0,0
205266,1,1,0,0,1,0,0
9505205,1,1,0,0,1,0,0
9703419,0,0,0,0,0,0,0
208135,0,0,0,0,0,0,0
9603231,0,0,0,0,0,0,0
9812240,0,0,0,0,0,0,0
104194,0,0,0,0,0,0,0
9807372,0,0,0,0,0,0,0
9808359,0,0,0,0,0,0,0
5008,0,0,0,0,0,0,0
9911333,0,0,0,0,0,0,0
9705381,0,0,0,0,0,0,0
7229,0,0,0,0,0,0,0
6269,1,1,0,0,1,0,0
106202,2,2,0,0,2,0,0
210277,0,0,0,0,0,0,0
210274,0,0,0,0,0,0,0
111400,0,0,0,0,0,0,0
11192,2,1,1,1,2,0,0
112262,0,0,0,0,0,0,0
9701339,0,0,0,0,0,0,0
110234,0,0,0,0,0,0,0
7029,0,0,0,0,0,0,0
206142,0,0,0,0,0,0,0
9401248,0,0,0,0,0,0,0
8162,1,1,0,0,0,1,1
9308252,0,0,0,0,0,0,0
9707339,0,0,0,0,0,0,0
9410410,1,1,0,0,1,0,0
9905527,0,0,0,0,0,0,0
9810503,0,0,0,0,0,0,0
9610483,0,0,0,0,0,0,0
9608397,0,0,0,0,0,0,0
212172,0,0,0,0,0,0,0
111225,0,0,0,0,0,0,0
204065,0,0,0,0,0,0,0
209172,0,0,0,0,0,0,0
301034,0,0,0,0,0,0,0
9907374,0,0,0,0,0,0,0
210294,0,0,0,0,0,0,0
9903316,0,0,0,0,0,0,0
206046,0,0,0,0,0,0,0
212359,0,0,0,0,0,0,0
204133,0,0,0,0,0,0,0
9605370,0,0,0,0,0,0,0
9802203,0,0,0,0,0,0,0
212385,0,0,0,0,0,0,0
206161,0,0,0,0,0,0,0
212237,0,0,0,0,0,0,0
211299,0,0,0,0,0,0,0
9906407,0,0,0,0,0,0,0
9801289,0,0,0,0,0,0,0
9909289,0,0,0,0,0,0,0
108203,0,0,0,0,0,0,0
212039,0,0,0,0,0,0,0
111292,0,0,0,0,0,0,0
211203,0,0,0,0,0,0,0
9511283,0,0,0,0,0,0,0
301188,0,0,0,0,0,0,0
9902302,1,1,0,0,1,0,0
209282,0,0,0,0,0,0,0
9708340,0,0,0,0,0,0,0
211117,0,0,0,0,0,0,0
9708235,1,1,0,0,1,0,0
107240,0,0,0,0,0,0,0
109136,0,0,0,0,0,0,0
211084,0,0,0,0,0,0,0
9901234,0,0,0,0,0,0,0
212285,0,0,0,0,0,0,0
301238,0,0,0,0,0,0,0
207371,0,0,0,0,0,0,0
9912346,0,0,0,0,0,0,0
9906384,0,0,0,0,0,0,0
9711317,0,0,0,0,0,0,0
9411374,0,0,0,0,0,0,0
9309318,0,0,0,0,0,0,0
9911280,16,2,14,69,5,11,11
101259,2,2,0,0,0,2,11
9310355,8,2,6,15,0,8,8
9406416,7,1,6,7,0,7,7
9612424,25,3,22,123,0,25,155
9606233,15,2,13,43,0,15,50
9510308,16,1,15,94,3,13,13
112177,19,3,16,47,0,19,211
9502276,4,3,1,1,4,0,0
9604344,2,2,0,0,2,0,0
9311281,22,2,20,96,0,22,22
9806387,57,3,54,713,22,35,54
9808470,11,1,10,26,11,0,0
9806375,10,3,7,24,0,10,50
9910522,10,2,8,15,0,10,84
9903308,37,3,34,271,37,0,0
9901203,6,3,3,8,0,6,6
9607310,16,3,13,49,0,16,45
9212278,26,2,24,157,26,0,0
9803415,12,1,11,38,12,0,0
9811463,11,1,10,35,1,10,16
9611277,14,1,13,53,3,11,11
105194,4,1,3,5,2,2,3
4247,20,2,18,79,0,20,167
12001,18,2,16,85,2,16,38
9609434,42,4,38,299,0,42,350
2227,3,1,2,3,0,3,6
9312311,22,2,20,130,22,0,0
108141,9,5,4,6,0,9,89
102219,4,2,2,3,0,4,4
9702414,10,2,8,21,2,8,26
9303281,39,4,35,289,17,22,22
9308266,15,4,11,34,0,15,50
9208260,6,4,2,3,6,0,0
9203201,28,5,23,223,28,0,0
9904389,3,2,1,1,0,3,13
9605323,20,3,17,75,2,18,28
9805424,27,1,26,166,0,27,160
9612235,16,1,15,79,7,9,23
105230,1,1,0,0,0,1,1
5035,1,1,0,0,0,1,2
9312357,7,1,6,20,5,2,2
9711319,5,3,2,6,0,5,26
9703213,13,2,11,42,13,0,0
9402364,34,4,30,205,4,30,72
9511376,17,1,16,67,0,17,28
9803439,0,0,0,0,0,0,0
106141,7,1,6,16,0,7,21
4060,2,1,1,1,0,2,6
9905239,19,1,18,63,0,19,177
9702210,14,2,12,46,7,7,14
9804425,13,2,11,35,0,13,90
9804429,10,2,8,20,0,10,67
9612398,32,1,31,178,1,31,92
9711395,89,1,88,1722,89,0,0
9908314,13,1,12,51,0,13,80
9910247,18,1,17,85,0,18,229
9302270,8,1,7,10,8,0,0
9306214,15,2,13,60,8,7,14
9412265,18,4,14,42,0,18,138
9409375,43,2,41,500,5,38,56
9805349,9,2,7,23,0,9,51
9909509,25,1,24,95,0,25,165
9406257,4,1,3,3,4,0,0
9612229,2,1,1,1,0,2,16
2258,10,3,7,24,0,10,123
9901358,30,2,28,177,0,30,58
9905536,11,1,10,15,0,11,198
9809547,7,3,4,6,0,7,30
1004,2,1,1,1,2,0,0
9702433,9,2,7,24,0,9,9
9310285,7,1,6,11,2,5,5
112255,16,4,12,33,0,16,100
9603253,9,2,7,22,9,0,0
103065,21,2,19,84,0,21,177
7270,7,2,5,9,0,7,29
7034,1,1,0,0,1,0,0
9402310,12,2,10,38,0,12,32
1229,14,1,13,45,0,14,55
110252,5,3,2,2,0,5,24
9337,16,3,13,46,0,16,188
9209213,8,2,6,26,8,0,0
7154,2,1,1,1,0,2,13
9506393,5,3,2,2,0,5,11
9610541,9,1,8,25,9,0,0
9711328,7,2,5,9,0,7,37
7142,22,1,21,130,0,22,157
9309276,1,1,0,0,1,0,0
9907507,7,2,5,14,0,7,14
9909558,18,1,17,69,0,18,53
9812489,29,1,28,174,0,29,172
9505396,1,1,0,0,1,0,0
9912251,35,1,34,351,1,34,75
210009,3,3,0,0,0,3,56
109085,22,2,20,148,0,22,85
9812478,12,2,10,23,0,12,25
9502400,4,2,2,2,4,0,0
109258,0,0,0,0,0,0,0
9908219,2,2,0,0,0,2,10
9507368,6,3,3,6,0,6,6
9211309,22,1,21,151,22,0,0
9904298,4,2,2,2,0,4,21
9606388,46,2,44,377,0,46,176
9511227,3,1,2,2,0,3,12
9019,0,0,0,0,0,0,0
105103,10,3,7,19,0,10,105
9408345,3,2,1,2,0,3,9
9408245,36,2,34,348,36,0,0
9509375,29,2,27,135,0,29,201
111316,0,0,0,0,0,0,0
9809229,6,1,5,13,0,6,15
9504334,10,2,8,34,10,0,0
9411229,13,1,12,43,13,0,0
106314,3,1,2,2,3,0,0
9708382,6,2,4,7,1,5,9
9712535,24,3,21,101,0,24,204
9502329,28,3,25,194,28,0,0
9404257,4,1,3,6,2,2,2
9409428,3,2,1,1,0,3,4
9910464,5,2,3,6,0,5,14
2075,7,3,4,10,0,7,39
9505416,5,1,4,5,0,5,5
9807303,2,1,1,1,2,0,0
105050,3,1,2,3,0,3,3
9808335,1,1,0,0,0,1,1
9801300,6,1,5,9,0,6,28
9710506,2,1,1,1,0,2,2
9601242,8,1,7,22,8,0,0
8316,4,2,2,2,0,4,7
9406236,3,1,2,3,3,0,0
9706330,0,0,0,0,0,0,0
9501382,14,1,13,55,14,0,0
9809500,3,1,2,3,0,3,20
9707322,4,1,3,3,0,4,8
9703212,35,5,30,210,0,35,488
9212248,14,2,12,45,14,0,0
9804365,3,1,2,2,0,3,16
10006,1,1,0,0,0,1,6
9809424,4,2,2,2,0,4,8
9605301,11,1,10,42,11,0,0
9602342,4,1,3,4,1,3,6
9901322,5,2,3,5,0,5,25
9702393,7,1,6,12,0,7,50
9508316,2,1,1,1,2,0,0
4010,6,3,3,3,0,6,51
9812353,2,1,1,1,0,2,4
8110,4,1,3,6,0,4,8
9504219,47,2,45,452,3,44,91
11356,2,2,0,0,0,2,20
5203,4,1,3,5,4,0,0
9708215,5,2,3,5,5,0,0
9208247,6,2,4,4,6,0,0
9710339,16,2,14,92,3,13,39
9506461,22,2,20,119,12,10,10
9911413,4,2,2,2,0,4,9
9912261,16,4,12,39,0,16,85
9904267,20,4,16,103,0,20,154
9908390,17,1,16,57,0,17,49
8124,3,2,1,1,0,3,23
9209238,10,2,8,34,10,0,0
9706326,5,1,4,6,2,3,3
9807350,15,1,14,52,7,8,8
9508397,6,2,4,7,0,6,19
9708419,5,4,1,1,0,5,97
9505434,1,1,0,0,1,0,0
9301202,2,2,0,0,2,0,0
9904370,12,2,10,28,0,12,112
9410349,1,1,0,0,1,0,0
9912447,8,3,5,7,0,8,56
9506265,3,1,2,2,0,3,3
9510312,5,2,3,3,1,4,4
9703235,1,1,0,0,1,0,0
9506359,13,4,9,28,0,13,44
9506260,14,2,12,30,14,0,0
9710268,5,1,4,7,0,5,7
108177,16,1,15,56,0,16,73
9208249,8,2,6,18,8,0,0
9610532,5,2,3,5,1,4,4
110115,2,2,0,0,0,2,12
5156,11,3,8,27,0,11,136
9702442,0,0,0,0,0,0,0
9310233,27,2,25,224,27,0,0
9404296,0,0,0,0,0,0,0
9412294,6,1,5,7,2,4,4
8113,4,1,3,4,0,4,37
105293,2,1,1,1,0,2,19
9705462,4,1,3,4,0,4,4
9707319,6,3,3,6,0,6,14
9810467,3,2,1,1,1,2,2
9309294,12,2,10,27,12,0,0
9903423,0,0,0,0,0,0,0
9812501,3,1,2,2,0,3,12
9912397,1,1,0,0,1,0,0
9807498,1,1,0,0,0,1,2
102242,16,1,15,73,0,16,65
12268,2,1,1,1,0,2,5
9604445,12,2,10,37,0,12,32
103083,6,1,5,14,0,6,71
9505430,3,2,1,1,3,0,0
9608297,10,1,9,30,0,10,24
9404207,12,1,11,36,12,0,0
3318,1,1,0,0,0,1,19
9604202,7,4,3,5,0,7,49
9704331,8,1,7,21,8,0,0
9909398,2,1,1,1,2,0,0
9501290,2,1,1,1,1,1,1
205082,1,1,0,0,0,1,2
2050,10,3,7,24,0,10,57
9210244,11,3,8,23,11,0,0
106081,14,5,9,18,0,14,58
9601237,6,3,3,4,0,6,13
9510301,21,2,19,87,4,17,23
9711488,10,2,8,28,0,10,10
9402284,3,1,2,3,3,0,0
110291,6,2,4,7,0,6,13
102091,1,1,0,0,0,1,10
205067,13,3,10,25,0,13,100
5024,5,1,4,9,0,5,36
5311,5,1,4,10,0,5,25
201176,9,2,7,26,0,9,30
6138,1,1,0,0,0,1,11
9907390,12,3,9,51,0,12,24
9509380,3,1,2,2,3,0,0
1225,2,2,0,0,0,2,8
9707509,8,4,4,8,0,8,25
9511407,12,1,11,33,0,12,63
2182,5,2,3,4,1,4,9
104038,18,1,17,86,0,18,218
9501292,3,1,2,3,3,0,0
101306,3,3,0,0,0,3,11
103290,4,3,1,1,0,4,7
9812535,1,1,0,0,0,1,1
1301,3,1,2,2,3,0,0
9908342,1,1,0,0,0,1,3
9511313,1,1,0,0,1,0,0
9809292,3,1,2,3,0,3,5
9506329,7,1,6,18,1,6,12
9506443,0,0,0,0,0,0,0
9606327,3,1,2,3,0,3,7
9512259,6,3,3,3,0,6,6
9804434,4,1,3,3,0,4,4
9606372,4,2,2,3,4,0,0
106298,17,5,12,52,0,17,156
9607202,8,4,4,6,0,8,25
101347,8,3,5,8,0,8,66
10143,0,0,0,0,0,0,0
9803411,1,1,0,0,0,1,1
9310314,5,1,4,4,5,0,0
9704353,9,2,7,16,0,9,35
9610397,2,1,1,1,0,2,3
9237,4,2,2,3,1,3,3
9604335,8,1,7,15,8,0,0
9808263,7,2,5,12,1,6,23
9709455,4,1,3,4,0,4,5
9206227,5,1,4,10,5,0,0
9304238,1,1,0,0,1,0,0
101034,4,1,3,4,0,4,47
101023,4,1,3,4,0,4,4
9602245,10,2,8,22,2,8,8
9911232,4,1,3,5,4,0,0
9607218,2,1,1,1,2,0,0
9605231,7,1,6,9,0,7,32
3066,2,2,0,0,0,2,11
9510326,5,1,4,7,2,3,3
9508253,4,3,1,1,0,4,20
9309,2,1,1,1,0,2,7
9706249,5,1,4,6,0,5,8
9611336,3,2,1,2,0,3,7
9807289,1,1,0,0,0,1,2
9506304,1,1,0,0,1,0,0
9410327,2,1,1,1,2,0,0
9404230,2,2,0,0,1,1,1
9408391,5,1,4,9,1,4,4
9706496,2,2,0,0,2,0,0
9902280,11,2,9,23,5,6,6
9710423,1,1,0,0,0,1,4
9711250,1,1,0,0,1,0,0
9305284,11,1,10,34,11,0,0
9506270,8,1,7,20,8,0,0
10079,5,1,4,10,0,5,35
9707298,5,1,4,9,5,0,0
9507418,12,3,9,32,2,10,18
209216,5,1,4,5,0,5,21
1174,0,0,0,0,0,0,0
9904305,0,0,0,0,0,0,0
9203225,8,2,6,14,8,0,0
9803481,1,1,0,0,0,1,1
12304,3,3,0,0,0,3,42
9211272,3,3,0,0,3,0,0
9305212,5,2,3,8,5,0,0
9908299,6,1,5,9,6,0,0
9411294,11,2,9,43,2,9,9
9810449,3,2,1,2,0,3,19
9910286,4,2,2,3,0,4,18
9510283,2,2,0,0,2,0,0
6123,5,3,2,2,0,5,17
9224,1,1,0,0,0,1,3
107206,14,3,11,40,0,14,119
107212,7,3,4,8,0,7,18
9902391,2,2,0,0,1,1,2
9912429,0,0,0,0,0,0,0
9704312,12,2,10,33,1,11,18
9901246,7,1,6,19,3,4,4
104103,4,1,3,6,0,4,14
210118,0,0,0,0,0,0,0
9402277,5,4,1,1,0,5,5
9212208,4,3,1,1,4,0,0
9905528,0,0,0,0,0,0,0
9409309,8,1,7,19,8,0,0
9702216,10,1,9,16,2,8,11
9509369,8,1,7,9,8,0,0
9406275,7,2,5,14,7,0,0
9902350,5,2,3,6,3,2,2
9172,1,1,0,0,0,1,4
2007,3,1,2,3,0,3,50
9507291,0,0,0,0,0,0,0
103235,8,1,7,24,0,8,13
102037,4,3,1,1,0,4,39
8010,4,2,2,3,3,1,1
9610206,2,1,1,1,2,0,0
103023,8,6,2,2,0,8,35
9501315,1,1,0,0,0,1,1
9912451,26,3,23,86,0,26,369
111030,3,2,1,1,0,3,25
9802369,2,2,0,0,0,2,7
4021,4,1,3,4,0,4,4
9505441,3,1,2,2,3,0,0
9411438,12,1,11,33,12,0,0
202158,5,1,4,5,0,5,20
208162,1,1,0,0,0,1,7
9902279,8,1,7,9,0,8,8
9907491,9,3,6,12,0,9,71
9805229,3,2,1,1,0,3,15
9404237,4,1,3,6,4,0,0
9702230,4,1,3,5,2,2,2
109268,3,3,0,0,0,3,5
209116,1,1,0,0,1,0,0
9601329,3,1,2,3,3,0,0
9510243,0,0,0,0,0,0,0
9310231,2,1,1,1,0,2,2
9905341,3,2,1,1,0,3,3
6239,3,1,2,3,3,0,0
9808379,11,2,9,45,0,11,30
9707475,8,1,7,18,0,8,57
11281,1,1,0,0,0,1,3
9401351,4,2,2,3,1,3,3
9903403,4,1,3,4,0,4,7
9802266,0,0,0,0,0,0,0
9601220,4,1,3,4,0,4,11
9702345,5,1,4,9,5,0,0
106045,4,1,3,4,0,4,53
105132,3,1,2,3,0,3,9
9507315,0,0,0,0,0,0,0
9501262,4,2,2,3,4,0,0
9807448,12,3,9,30,0,12,100
9406288,7,3,4,7,7,0,0
9401284,3,1,2,3,0,3,3
7351,2,2,0,0,0,2,30
9611386,5,3,2,2,0,5,23
201297,8,3,5,9,0,8,67
9302308,2,1,1,1,2,0,0
107073,2,1,1,1,0,2,2
111106,3,3,0,0,0,3,29
112074,4,2,2,4,0,4,18
9604218,3,1,2,3,3,0,0
9510228,1,1,0,0,0,1,1
12136,10,3,7,24,0,10,119
207219,2,1,1,1,0,2,11
9805311,0,0,0,0,0,0,0
106345,3,1,2,2,0,3,3
9909356,2,1,1,1,0,2,14
9903258,4,3,1,2,0,4,4
9908260,14,4,10,41,0,14,125
9610487,0,0,0,0,0,0,0
9308269,4,1,3,5,2,2,2
9409240,5,1,4,8,5,0,0
9210278,2,2,0,0,1,1,1
9302302,3,1,2,2,3,0,0
12377,4,2,2,2,0,4,34
9602423,7,5,2,2,0,7,102
9401267,6,2,4,8,0,6,15
9159,2,1,1,1,2,0,0
9710258,2,2,0,0,0,2,6
9505240,3,1,2,3,3,0,0
9705272,1,1,0,0,0,1,8
9604294,8,2,6,9,1,7,7
9804407,7,1,6,14,0,7,7
9210232,1,1,0,0,1,0,0
9111,1,1,0,0,0,1,4
9807445,0,0,0,0,0,0,0
9909383,1,1,0,0,1,0,0
9606465,9,1,8,22,9,0,0
9710525,1,1,0,0,0,1,2
9802328,0,0,0,0,0,0,0
110217,1,1,0,0,1,0,0
9910514,1,1,0,0,1,0,0
204236,0,0,0,0,0,0,0
9709340,1,1,0,0,0,1,5
10274,2,2,0,0,2,0,0
5278,0,0,0,0,0,0,0
9811326,0,0,0,0,0,0,0
9810543,9,2,7,16,0,9,73
9605240,5,1,4,5,5,0,0
9801354,0,0,0,0,0,0,0
9901370,3,1,2,2,3,0,0
9807524,2,1,1,1,0,2,3
9809252,2,2,0,0,0,2,2
207261,4,2,2,3,4,0,0
9706376,3,1,2,2,0,3,6
212147,5,1,4,9,0,5,32
9710310,4,1,3,3,0,4,9
203031,3,3,0,0,0,3,24
9711244,11,2,9,31,11,0,0
112343,2,2,0,0,0,2,28
211021,3,1,2,2,0,3,49
203110,3,3,0,0,0,3,40
9804236,1,1,0,0,1,0,0
9907428,10,2,8,24,0,10,31
9708444,2,1,1,1,2,0,0
9902463,0,0,0,0,0,0,0
9704453,0,0,0,0,0,0,0
7202,0,0,0,0,0,0,0
110106,2,1,1,1,1,1,1
9812251,0,0,0,0,0,0,0
9706223,3,3,0,0,0,3,7
9606309,2,2,0,0,2,0,0
9411255,1,1,0,0,1,0,0
9605280,2,1,1,1,2,0,0
9509342,1,1,0,0,0,1,1
9702246,0,0,0,0,0,0,0
204122,0,0,0,0,0,0,0
107043,2,2,0,0,0,2,4
9904416,7,2,5,11,0,7,21
9707433,1,1,0,0,0,1,2
9911372,1,1,0,0,0,1,6
9711272,6,3,3,3,0,6,21
3067,2,2,0,0,0,2,3
212393,0,0,0,0,0,0,0
9404332,2,2,0,0,2,0,0
9710227,2,1,1,1,0,2,2
9512440,0,0,0,0,0,0,0
9705284,1,1,0,0,1,0,0
9807474,2,2,0,0,0,2,8
9803216,5,1,4,6,5,0,0
9905241,1,1,0,0,1,0,0
9811313,1,1,0,0,0,1,6
9907326,0,0,0,0,0,0,0
9601245,1,1,0,0,0,1,1
9405224,2,2,0,0,2,0,0
9405330,1,1,0,0,0,1,1
9903234,5,1,4,8,1,4,4
9701271,1,1,0,0,0,1,3
9061,0,0,0,0,0,0,0
9905577,1,1,0,0,0,1,18
9908458,10,1,9,31,0,10,80
9802353,2,2,0,0,1,1,1
210328,0,0,0,0,0,0,0
9605209,3,2,1,1,0,3,3
9403325,4,2,2,2,4,0,0
9802236,3,2,1,1,3,0,0
1335,4,3,1,1,0,4,4
9505325,1,1,0,0,0,1,2
9910399,8,1,7,23,0,8,16
4067,1,1,0,0,0,1,1
207056,1,1,0,0,0,1,5
9903450,4,2,2,4,0,4,4
9909439,4,2,2,2,0,4,26
9403270,4,2,2,3,4,0,0
9506381,4,1,3,3,2,2,2
9305306,8,3,5,12,8,0,0
9305346,1,1,0,0,1,0,0
112283,5,2,3,3,0,5,23
9404236,4,4,0,0,4,0,0
9610420,3,2,1,1,3,0,0
9602240,2,2,0,0,0,2,7
9021,3,3,0,0,0,3,6
203074,0,0,0,0,0,0,0
9902481,5,2,3,3,0,5,18
9706431,1,1,0,0,0,1,1
102223,1,1,0,0,0,1,7
201301,2,2,0,0,0,2,18
9607452,11,1,10,20,1,10,26
9505435,2,2,0,0,0,2,5
101338,2,1,1,1,0,2,2
106104,1,1,0,0,0,1,19
105347,0,0,0,0,0,0,0
2110,0,0,0,0,0,0,0
210125,2,2,0,0,0,2,18
112145,0,0,0,0,0,0,0
9910358,0,0,0,0,0,0,0
9504285,3,2,1,1,3,0,0
9410279,4,1,3,4,4,0,0
205109,6,3,3,8,0,6,18
9307210,3,1,2,3,3,0,0
9707360,1,1,0,0,1,0,0
9508380,8,2,6,18,8,0,0
9403345,3,3,0,0,1,2,2
8181,1,1,0,0,0,1,3
10132,0,0,0,0,0,0,0
210425,0,0,0,0,0,0,0
9701368,0,0,0,0,0,0,0
9712543,3,2,1,1,0,3,3
206112,1,1,0,0,1,0,0
103193,0,0,0,0,0,0,0
9705282,3,2,1,1,1,2,7
202049,1,1,0,0,0,1,2
9510418,1,1,0,0,0,1,5
9707379,4,1,3,6,4,0,0
9406379,3,2,1,1,3,0,0
9407336,11,1,10,33,11,0,0
9605433,2,1,1,1,1,1,1
9702416,1,1,0,0,0,1,2
4185,1,1,0,0,1,0,0
9407395,3,2,1,1,0,3,3
210154,0,0,0,0,0,0,0
109204,3,1,2,2,0,3,10
211237,0,0,0,0,0,0,0
9706421,1,1,0,0,0,1,4
9401210,6,4,2,3,6,0,0
106127,2,2,0,0,0,2,9
9309323,2,1,1,1,2,0,0
9302303,4,1,3,6,4,0,0
9307268,3,1,2,2,3,0,0
209210,0,0,0,0,0,0,0
9811475,0,0,0,0,0,0,0
9504422,5,2,3,5,5,0,0
4105,0,0,0,0,0,0,0
9604392,2,1,1,1,0,2,6
9511395,0,0,0,0,0,0,0
9904441,2,1,1,1,0,2,3
9809264,3,1,2,3,3,0,0
9908445,1,1,0,0,1,0,0
9909250,7,3,4,5,0,7,51
7255,5,1,4,7,2,3,3
9806371,4,3,1,2,0,4,16
101049,7,3,4,4,0,7,30
10269,0,0,0,0,0,0,0
9606294,3,2,1,1,1,2,3
9510347,1,1,0,0,0,1,1
106180,1,1,0,0,0,1,6
212064,1,1,0,0,0,1,5
9703218,0,0,0,0,0,0,0
9411316,2,2,0,0,2,0,0
9807414,2,2,0,0,0,2,4
9703214,3,1,2,3,2,1,1
9907348,2,1,1,1,2,0,0
106193,4,2,2,2,0,4,7
9910461,5,3,2,3,0,5,39
11213,1,1,0,0,0,1,4
9602297,5,2,3,4,5,0,0
9809357,1,1,0,0,1,0,0
9805309,1,1,0,0,0,1,7
204028,10,1,9,20,0,10,150
9808284,3,1,2,3,0,3,3
9708448,0,0,0,0,0,0,0
9702284,4,2,2,2,1,3,3
9805317,0,0,0,0,0,0,0
9409312,1,1,0,0,1,0,0
9509427,5,1,4,9,5,0,0
108128,0,0,0,0,0,0,0
101302,10,1,9,19,0,10,53
9910269,0,0,0,0,0,0,0
9707361,1,1,0,0,1,0,0
8133,1,1,0,0,0,1,4
207217,1,1,0,0,0,1,1
9809276,0,0,0,0,0,0,0
6072,0,0,0,0,0,0,0
205085,9,4,5,10,0,9,111
102162,1,1,0,0,0,1,9
9505341,2,1,1,1,0,2,6
9403319,3,3,0,0,3,0,0
9809208,0,0,0,0,0,0,0
203147,2,2,0,0,0,2,8
9804271,0,0,0,0,0,0,0
209267,0,0,0,0,0,0,0
208256,2,1,1,1,0,2,7
105157,1,1,0,0,0,1,2
9702406,2,2,0,0,0,2,4
9504281,2,2,0,0,2,0,0
9203217,2,2,0,0,2,0,0
12272,1,1,0,0,0,1,6
9712475,0,0,0,0,0,0,0
103052,1,1,0,0,1,0,0
104280,1,1,0,0,1,0,0
101102,1,1,0,0,0,1,2
9312300,0,0,0,0,0,0,0
9711297,5,3,2,3,2,3,3
9810314,0,0,0,0,0,0,0
1329,0,0,0,0,0,0,0
9801213,0,0,0,0,0,0,0
3104,0,0,0,0,0,0,0
9601379,7,1,6,12,3,4,4
9509278,7,1,6,13,0,7,20
8274,0,0,0,0,0,0,0
301071,0,0,0,0,0,0,0
107218,0,0,0,0,0,0,0
8077,0,0,0,0,0,0,0
9705296,6,4,2,2,6,0,0
111278,1,1,0,0,0,1,4
9706221,1,1,0,0,1,0,0
9904208,1,1,0,0,1,0,0
9811485,2,1,1,1,2,0,0
101244,2,1,1,1,2,0,0
9901264,4,2,2,3,0,4,5
9407406,3,2,1,1,3,0,0
9712242,2,2,0,0,2,0,0
9912345,1,1,0,0,0,1,3
11293,1,1,0,0,0,1,4
9504398,3,3,0,0,3,0,0
9707283,0,0,0,0,0,0,0
210180,1,1,0,0,1,0,0
206095,0,0,0,0,0,0,0
9210211,3,2,1,1,3,0,0
9412392,1,1,0,0,1,0,0
112004,2,1,1,1,0,2,11
209186,0,0,0,0,0,0,0
9610493,3,1,2,2,3,0,0
9804459,1,1,0,0,1,0,0
9812444,0,0,0,0,0,0,0
211286,0,0,0,0,0,0,0
12253,3,2,1,1,0,3,7
9903547,1,1,0,0,0,1,3
9901369,1,1,0,0,0,1,8
9911310,2,1,1,1,0,2,15
9408314,0,0,0,0,0,0,0
9812449,3,3,0,0,0,3,30
9701274,1,1,0,0,0,1,3
9410408,4,1,3,5,0,4,4
9309270,3,2,1,1,1,2,4
205201,5,2,3,5,1,4,6
201229,5,2,3,6,0,5,24
9910523,2,1,1,1,0,2,7
12026,2,2,0,0,0,2,23
9703374,1,1,0,0,0,1,2
11206,0,0,0,0,0,0,0
9907554,4,1,3,3,4,0,0
9709277,2,1,1,1,0,2,6
9506272,2,1,1,1,2,0,0
204300,0,0,0,0,0,0,0
9704290,1,1,0,0,1,0,0
106329,1,1,0,0,0,1,6
9706515,2,2,0,0,0,2,2
9905510,0,0,0,0,0,0,0
202249,0,0,0,0,0,0,0
9059,1,1,0,0,1,0,0
109173,6,1,5,11,0,6,14
9410340,5,2,3,5,5,0,0
210218,0,0,0,0,0,0,0
211150,0,0,0,0,0,0,0
206199,1,1,0,0,0,1,2
9307372,1,1,0,0,1,0,0
9803240,0,0,0,0,0,0,0
9214,2,2,0,0,0,2,7
112326,0,0,0,0,0,0,0
9709252,0,0,0,0,0,0,0
9708453,1,1,0,0,1,0,0
211261,0,0,0,0,0,0,0
204207,1,1,0,0,1,0,0
201250,2,1,1,1,0,2,6
9307361,0,0,0,0,0,0,0
4070,1,1,0,0,1,0,0
208265,1,1,0,0,0,1,1
111146,2,1,1,1,0,2,3
9705266,2,1,1,1,2,0,0
9807511,0,0,0,0,0,0,0
203253,1,1,0,0,0,1,1
9806363,1,1,0,0,0,1,1
9709495,0,0,0,0,0,0,0
210441,0,0,0,0,0,0,0
11044,1,1,0,0,0,1,1
7325,6,1,5,10,0,6,32
9411205,2,1,1,1,0,2,2
9701391,0,0,0,0,0,0,0
212351,3,3,0,0,0,3,4
9911254,6,1,5,15,6,0,0
9310287,1,1,0,0,1,0,0
9306251,5,2,3,4,5,0,0
9312340,0,0,0,0,0,0,0
9510404,1,1,0,0,1,0,0
101321,2,2,0,0,0,2,8
9611288,1,1,0,0,0,1,13
204237,2,1,1,1,0,2,2
207156,4,2,2,2,0,4,21
9711407,0,0,0,0,0,0,0
9402296,0,0,0,0,0,0,0
9511264,0,0,0,0,0,0,0
110389,0,0,0,0,0,0,0
8242,5,1,4,5,5,0,0
9806225,2,1,1,1,0,2,2
211011,2,2,0,0,0,2,11
208114,0,0,0,0,0,0,0
9912519,4,1,3,5,1,3,10
302091,0,0,0,0,0,0,0
112211,2,2,0,0,0,2,6
9810539,0,0,0,0,0,0,0
9204239,2,1,1,1,2,0,0
9701240,1,1,0,0,1,0,0
9707384,7,2,5,12,7,0,0
6275,2,2,0,0,0,2,17
210336,0,0,0,0,0,0,0
204042,2,1,1,1,0,2,18
9805414,0,0,0,0,0,0,0
9502312,2,2,0,0,2,0,0
9406326,0,0,0,0,0,0,0
9912415,7,2,5,8,1,6,14
12336,2,2,0,0,0,2,4
9610437,2,1,1,1,2,0,0
9911437,0,0,0,0,0,0,0
2009,3,2,1,2,3,0,0
209038,2,1,1,1,0,2,26
209025,0,0,0,0,0,0,0
5180,0,0,0,0,0,0,0
9904242,3,2,1,1,0,3,6
9609426,2,2,0,0,0,2,3
111136,0,0,0,0,0,0,0
207022,0,0,0,0,0,0,0
9311338,0,0,0,0,0,0,0
111080,0,0,0,0,0,0,0
9806504,1,1,0,0,0,1,2
205115,0,0,0,0,0,0,0
9909314,0,0,0,0,0,0,0
9901291,0,0,0,0,0,0,0
9509431,1,1,0,0,0,1,1
9703296,1,1,0,0,1,0,0
9609250,3,1,2,2,0,3,9
302038,0,0,0,0,0,0,0
9806478,1,1,0,0,0,1,2
107065,0,0,0,0,0,0,0
210080,0,0,0,0,0,0,0
9312277,2,1,1,1,2,0,0
101333,3,1,2,3,0,3,6
9412280,1,1,0,0,1,0,0
9911240,1,1,0,0,1,0,0
9412350,1,1,0,0,1,0,0
101289,1,1,0,0,1,0,0
302054,1,1,0,0,0,1,11
9407330,1,1,0,0,1,0,0
9806517,0,0,0,0,0,0,0
9705299,0,0,0,0,0,0,0
301264,0,0,0,0,0,0,0
9209285,4,4,0,0,4,0,0
9706258,5,1,4,7,5,0,0
301113,0,0,0,0,0,0,0
9708411,0,0,0,0,0,0,0
9608388,0,0,0,0,0,0,0
302188,0,0,0,0,0,0,0
12074,1,1,0,0,1,0,0
9709427,0,0,0,0,0,0,0
206262,2,1,1,1,0,2,10
9326,0,0,0,0,0,0,0
9411412,0,0,0,0,0,0,0
9309296,0,0,0,0,0,0,0
9803421,0,0,0,0,0,0,0
9906328,2,2,0,0,0,2,4
9905548,1,1,0,0,0,1,3
9910445,1,1,0,0,0,1,8
110349,0,0,0,0,0,0,0
301051,0,0,0,0,0,0,0
9704420,5,2,3,3,1,4,4
110148,1,1,0,0,1,0,0
9711270,1,1,0,0,0,1,6
206118,0,0,0,0,0,0,0
9809482,0,0,0,0,0,0,0
9706401,0,0,0,0,0,0,0
9910421,4,1,3,6,0,4,4
9404363,1,1,0,0,1,0,0
6253,0,0,0,0,0,0,0
9710552,0,0,0,0,0,0,0
9807271,0,0,0,0,0,0,0
11146,5,2,3,3,5,0,0
111346,0,0,0,0,0,0,0
9906289,0,0,0,0,0,0,0
2179,1,1,0,0,1,0,0
9008,1,1,0,0,0,1,3
204251,0,0,0,0,0,0,0
9307206,3,1,2,2,3,0,0
207076,0,0,0,0,0,0,0
9709508,4,2,2,3,0,4,4
9505284,2,1,1,1,2,0,0
9901390,2,2,0,0,2,0,0
211350,0,0,0,0,0,0,0
9908201,3,1,2,3,1,2,2
204168,2,1,1,1,1,1,1
211259,0,0,0,0,0,0,0
9709202,0,0,0,0,0,0,0
203260,1,1,0,0,1,0,0
204315,0,0,0,0,0,0,0
9706525,2,2,0,0,2,0,0
9706414,0,0,0,0,0,0,0
9607352,1,1,0,0,1,0,0
212213,0,0,0,0,0,0,0
9711284,0,0,0,0,0,0,0
9708409,0,0,0,0,0,0,0
9507324,0,0,0,0,0,0,0
208187,0,0,0,0,0,0,0
1333,0,0,0,0,0,0,0
9707422,1,1,0,0,1,0,0
9808282,0,0,0,0,0,0,0
9707324,1,1,0,0,1,0,0
9712484,0,0,0,0,0,0,0
9507249,0,0,0,0,0,0,0
9611464,0,0,0,0,0,0,0
9408216,3,1,2,2,3,0,0
209173,0,0,0,0,0,0,0
3137,0,0,0,0,0,0,0
9601292,0,0,0,0,0,0,0
5071,1,1,0,0,1,0,0
8199,1,1,0,0,1,0,0
9903210,0,0,0,0,0,0,0
101196,0,0,0,0,0,0,0
9602291,2,1,1,1,2,0,0
111177,0,0,0,0,0,0,0
110327,0,0,0,0,0,0,0
9206235,1,1,0,0,1,0,0
11019,0,0,0,0,0,0,0
9710480,0,0,0,0,0,0,0
9807208,0,0,0,0,0,0,0
202168,0,0,0,0,0,0,0
9906532,0,0,0,0,0,0,0
9704365,1,1,0,0,1,0,0
12237,0,0,0,0,0,0,0
9602258,1,1,0,0,1,0,0
3236,0,0,0,0,0,0,0
109208,1,1,0,0,1,0,0
9610234,0,0,0,0,0,0,0
203219,0,0,0,0,0,0,0
9043,0,0,0,0,0,0,0
3324,1,1,0,0,1,0,0
9610465,0,0,0,0,0,0,0
9905563,0,0,0,0,0,0,0
210285,0,0,0,0,0,0,0
9910303,2,2,0,0,0,2,3
202278,0,0,0,0,0,0,0
105120,1,1,0,0,0,1,7
9909239,0,0,0,0,0,0,0
9812502,1,1,0,0,0,1,1
6121,0,0,0,0,0,0,0
207063,0,0,0,0,0,0,0
9909320,0,0,0,0,0,0,0
11051,0,0,0,0,0,0,0
9701369,1,1,0,0,1,0,0
207028,0,0,0,0,0,0,0
9712399,1,1,0,0,1,0,0
9511271,1,1,0,0,1,0,0
108125,0,0,0,0,0,0,0
9905556,0,0,0,0,0,0,0
9803427,0,0,0,0,0,0,0
3008,0,0,0,0,0,0,0
209242,1,1,0,0,0,1,7
9607308,0,0,0,0,0,0,0
206144,0,0,0,0,0,0,0
102148,0,0,0,0,0,0,0
109054,2,1,1,1,2,0,0
2284,2,2,0,0,2,0,0
8148,0,0,0,0,0,0,0
112019,0,0,0,0,0,0,0
9504293,1,1,0,0,1,0,0
9906229,0,0,0,0,0,0,0
9709314,0,0,0,0,0,0,0
212097,1,1,0,0,0,1,16
205292,0,0,0,0,0,0,0
9807409,1,1,0,0,0,1,6
9309260,2,2,0,0,2,0,0
111401,0,0,0,0,0,0,0
9510255,0,0,0,0,0,0,0
106118,0,0,0,0,0,0,0
212011,0,0,0,0,0,0,0
3239,4,1,3,6,0,4,16
103018,0,0,0,0,0,0,0
9703202,0,0,0,0,0,0,0
208255,0,0,0,0,0,0,0
9701408,0,0,0,0,0,0,0
9609507,1,1,0,0,0,1,1
104297,1,1,0,0,1,0,0
104119,1,1,0,0,1,0,0
9903523,1,1,0,0,1,0,0
3190,1,1,0,0,0,1,3
111102,0,0,0,0,0,0,0
9085,0,0,0,0,0,0,0
207143,1,1,0,0,1,0,0
9604356,0,0,0,0,0,0,0
302154,0,0,0,0,0,0,0
12173,1,1,0,0,1,0,0
9910564,0,0,0,0,0,0,0
9704295,2,2,0,0,2,0,0
106310,0,0,0,0,0,0,0
9608207,0,0,0,0,0,0,0
9501397,1,1,0,0,0,1,1
2095,1,1,0,0,1,0,0
9801256,0,0,0,0,0,0,0
9407272,2,2,0,0,2,0,0
207203,0,0,0,0,0,0,0
10182,0,0,0,0,0,0,0
7324,0,0,0,0,0,0,0
9708308,0,0,0,0,0,0,0
112001,1,1,0,0,0,1,3
110118,0,0,0,0,0,0,0
9910374,1,1,0,0,1,0,0
9709281,0,0,0,0,0,0,0
105069,1,1,0,0,1,0,0
9409395,1,1,0,0,1,0,0
111201,0,0,0,0,0,0,0
210202,1,1,0,0,0,1,3
108180,0,0,0,0,0,0,0
11315,0,0,0,0,0,0,0
105114,0,0,0,0,0,0,0
2201,0,0,0,0,0,0,0
9310202,1,1,0,0,1,0,0
9711310,0,0,0,0,0,0,0
9401295,1,1,0,0,1,0,0
209351,0,0,0,0,0,0,0
9510331,0,0,0,0,0,0,0
205107,0,0,0,0,0,0,0
203098,0,0,0,0,0,0,0
301041,0,0,0,0,0,0,0
5068,0,0,0,0,0,0,0
9810330,1,1,0,0,1,0,0
9404260,1,1,0,0,1,0,0
302022,0,0,0,0,0,0,0
210040,0,0,0,0,0,0,0
105018,0,0,0,0,0,0,0
203194,1,1,0,0,1,0,0
9710468,0,0,0,0,0,0,0
9603274,1,1,0,0,1,0,0
112192,0,0,0,0,0,0,0
111235,0,0,0,0,0,0,0
107296,0,0,0,0,0,0,0
110134,0,0,0,0,0,0,0
301039,0,0,0,0,0,0,0
9408377,1,1,0,0,1,0,0
210247,0,0,0,0,0,0,0
103269,1,1,0,0,1,0,0
5240,0,0,0,0,0,0,0
9704392,1,1,0,0,1,0,0
11326,0,0,0,0,0,0,0
9803247,0,0,0,0,0,0,0
9604306,1,1,0,0,0,1,1
4146,0,0,0,0,0,0,0
9909339,1,1,0,0,1,0,0
9609513,0,0,0,0,0,0,0
206295,1,1,0,0,1,0,0
9812264,0,0,0,0,0,0,0
9810274,0,0,0,0,0,0,0
204013,1,1,0,0,0,1,1
108007,0,0,0,0,0,0,0
9403214,0,0,0,0,0,0,0
202060,0,0,0,0,0,0,0
212106,0,0,0,0,0,0,0
202267,0,0,0,0,0,0,0
9301251,2,2,0,0,2,0,0
9311301,2,1,1,1,2,0,0
9502228,0,0,0,0,0,0,0
9812482,0,0,0,0,0,0,0
111049,0,0,0,0,0,0,0
9809514,1,1,0,0,1,0,0
112263,0,0,0,0,0,0,0
207212,0,0,0,0,0,0,0
302235,0,0,0,0,0,0,0
9609526,0,0,0,0,0,0,0
101050,0,0,0,0,0,0,0
212330,0,0,0,0,0,0,0
302044,0,0,0,0,0,0,0
9410314,0,0,0,0,0,0,0
203019,0,0,0,0,0,0,0
110009,1,1,0,0,0,1,4
9710419,1,1,0,0,1,0,0
208170,0,0,0,0,0,0,0
110410,0,0,0,0,0,0,0
202149,1,1,0,0,1,0,0
204302,0,0,0,0,0,0,0
210001,0,0,0,0,0,0,0
205175,1,1,0,0,0,1,2
5095,0,0,0,0,0,0,0
9708479,1,1,0,0,0,1,2
103152,0,0,0,0,0,0,0
212372,0,0,0,0,0,0,0
9510335,0,0,0,0,0,0,0
9708424,0,0,0,0,0,0,0
112307,0,0,0,0,0,0,0
101255,0,0,0,0,0,0,0
9606450,0,0,0,0,0,0,0
211202,0,0,0,0,0,0,0
9703323,0,0,0,0,0,0,0
9311275,0,0,0,0,0,0,0
9910507,0,0,0,0,0,0,0
9510444,0,0,0,0,0,0,0
9503237,0,0,0,0,0,0,0
9901435,0,0,0,0,0,0,0
9906350,0,0,0,0,0,0,0
9511303,0,0,0,0,0,0,0
302083,0,0,0,0,0,0,0
210128,1,1,0,0,1,0,0
301070,0,0,0,0,0,0,0
11085,0,0,0,0,0,0,0
9611439,0,0,0,0,0,0,0
208150,0,0,0,0,0,0,0
212170,0,0,0,0,0,0,0
9901335,1,1,0,0,1,0,0
111036,0,0,0,0,0,0,0
9402216,1,1,0,0,1,0,0
106182,0,0,0,0,0,0,0
9501265,28,2,26,221,0,28,115
102274,1,1,0,0,0,1,4
9403233,6,3,3,7,0,6,11
9410400,16,2,14,60,0,16,16
9704257,11,2,9,26,0,11,72
9702265,16,2,14,52,0,16,39
9512401,21,1,20,141,1,20,32
202199,3,2,1,1,0,3,21
9601260,2,2,0,0,0,2,4
9412201,17,4,13,67,0,17,38
9502417,17,1,16,62,1,16,35
9806440,34,1,33,283,20,14,14
9809508,7,1,6,9,1,6,6
9811390,49,2,47,554,3,46,121
9808451,19,3,16,65,0,19,124
9910428,21,2,19,94,0,21,162
9904301,16,1,15,69,0,16,33
9611425,15,1,14,45,0,15,53
9412367,20,1,19,70,0,20,34
9805262,24,4,20,127,24,0,0
9512268,4,1,3,3,0,4,14
9612232,13,2,11,40,0,13,23
105306,4,1,3,5,0,4,11
5189,25,3,22,86,0,25,389
111144,15,1,14,55,0,15,41
9609444,37,5,32,237,0,37,333
2260,3,1,2,3,1,2,2
9411296,12,2,10,24,12,0,0
1266,9,2,7,28,1,8,12
9908404,5,4,1,1,0,5,32
9704304,6,3,3,7,0,6,6
9610396,16,2,14,43,1,15,35
9310212,18,3,15,41,0,18,53
9209259,7,4,3,5,7,0,0
9203203,39,7,32,386,39,0,0
9504349,15,1,14,40,15,0,0
9610370,22,3,19,109,0,22,59
9608491,26,2,24,193,26,0,0
9701303,23,1,22,143,2,21,63
9507327,4,1,3,4,4,0,0
4270,2,2,0,0,0,2,2
9206246,8,1,7,15,8,0,0
9802426,11,4,7,21,1,10,23
9703437,10,1,9,23,1,9,9
9403249,17,3,14,55,0,17,27
9511391,15,2,13,45,0,15,62
9302240,5,2,3,5,5,0,0
9607355,32,1,31,224,14,18,18
9308232,10,1,9,26,10,0,0
9906210,10,2,8,15,0,10,87
9704414,6,1,5,12,0,6,26
9808404,29,1,28,213,0,29,191
9901207,4,1,3,4,0,4,41
9612449,14,1,13,36,0,14,14
9711396,88,1,87,1680,88,0,0
9909419,20,2,18,97,0,20,430
9910541,5,2,3,5,0,5,69
9407314,8,4,4,6,1,7,7
9408238,7,3,4,15,4,3,6
9502338,15,4,11,28,0,15,101
9606211,35,2,33,289,1,34,178
9412332,7,2,5,13,2,5,7
9807278,7,4,3,4,0,7,37
9511204,2,2,0,0,0,2,5
9704457,15,1,14,58,5,10,21
9311372,29,2,27,192,29,0,0
9906262,31,1,30,192,0,31,33
9904382,10,2,8,16,0,10,174
9804285,12,4,8,44,4,8,8
6179,2,1,1,1,2,0,0
9506400,0,0,0,0,0,0,0
9311243,8,2,6,14,8,0,0
205102,7,2,5,8,0,7,91
9608430,14,1,13,57,7,7,7
5159,6,2,4,8,0,6,76
9041,6,2,4,10,0,6,26
1043,0,0,0,0,0,0,0
9407214,12,3,9,49,0,12,74
102122,36,3,33,336,4,32,153
9305309,13,2,11,35,13,0,0
7259,11,2,9,28,0,11,173
108191,7,1,6,8,1,6,30
9909395,2,1,1,1,0,2,14
9503251,13,2,11,49,13,0,0
9707448,8,1,7,18,1,7,7
9801229,9,1,8,28,2,7,7
9802439,38,2,36,393,9,29,50
9503374,2,1,1,1,2,0,0
9311260,12,2,10,41,12,0,0
9910474,25,2,23,114,0,25,133
9902323,31,2,29,240,0,31,90
101076,2,2,0,0,0,2,7
9912329,41,1,40,450,0,41,143
211141,2,2,0,0,0,2,15
110163,25,0,25,197,0,25,150
9903520,8,3,5,11,0,8,21
9701420,1,1,0,0,0,1,4
109004,2,1,1,1,2,0,0
9909373,1,1,0,0,0,1,4
9611286,3,1,2,2,0,3,9
4175,4,1,3,3,0,4,34
4123,4,2,2,3,0,4,10
9607401,35,2,33,260,35,0,0
9207209,9,1,8,20,9,0,0
7244,2,2,0,0,2,0,0
109238,8,1,7,15,0,8,94
9507424,8,2,6,17,0,8,8
9701284,53,1,52,642,1,52,181
9602374,25,5,20,66,0,25,344
9211262,4,2,2,3,4,0,0
9703259,15,3,12,53,0,15,65
9609258,3,1,2,3,0,3,3
9511392,6,1,5,7,0,6,17
202007,4,2,2,2,0,4,9
9401254,13,1,12,38,13,0,0
9801391,34,5,29,210,0,34,314
9506242,11,2,9,36,0,11,15
9406296,6,1,5,9,2,4,4
9712386,2,1,1,1,0,2,2
9805509,11,2,9,26,11,0,0
5020,1,1,0,0,0,1,8
9412272,8,1,7,14,8,0,0
9809385,2,2,0,0,2,0,0
105172,2,1,1,1,0,2,8
9502340,13,2,11,49,2,11,11
9910388,11,3,8,27,0,11,51
9711447,3,1,2,3,3,0,0
9605417,5,1,4,7,1,4,4
9252,1,1,0,0,0,1,1
9605326,11,5,6,16,1,10,18
9511375,2,1,1,1,2,0,0
9606370,17,1,16,77,17,0,0
9812348,2,1,1,1,0,2,9
9701421,11,1,10,19,0,11,28
9704347,8,3,5,15,0,8,190
9409295,3,1,2,3,1,2,2
9707242,5,2,3,6,0,5,37
7110,3,2,1,1,0,3,14
9903554,5,2,3,4,0,5,10
9909390,16,1,15,60,2,14,65
9702298,4,1,3,3,0,4,9
9905324,2,1,1,1,0,2,12
9406271,28,1,27,183,11,17,17
9502222,1,1,0,0,1,0,0
4255,7,1,6,15,0,7,49
10108,2,2,0,0,0,2,10
9404349,6,1,5,11,0,6,6
9504248,38,1,37,312,1,37,77
9904247,2,1,1,1,0,2,14
201081,5,3,2,4,0,5,29
9809535,4,1,3,4,0,4,35
1205,0,0,0,0,0,0,0
9807354,14,4,10,67,0,14,49
9410230,20,2,18,97,20,0,0
209229,0,0,0,0,0,0,0
9603362,2,1,1,1,1,1,1
9907347,9,1,8,20,0,9,276
9908397,14,3,11,34,0,14,164
11026,5,2,3,4,0,5,25
9301280,9,1,8,23,9,0,0
9603408,7,1,6,14,5,2,2
9909476,28,1,27,184,11,17,24
9609517,7,3,4,10,0,7,65
9704214,16,3,13,46,1,15,15
9501286,1,1,0,0,1,0,0
9506475,11,2,9,41,1,10,15
9905264,11,2,9,18,0,11,60
9706311,4,2,2,3,0,4,19
9806475,4,2,2,2,0,4,30
9610229,32,3,29,257,0,32,72
9606226,4,2,2,2,4,0,0
9407287,9,2,7,14,0,9,22
9710563,1,1,0,0,0,1,2
9506364,11,2,9,25,0,11,49
9806336,13,1,12,39,0,13,50
107186,14,2,12,32,0,14,63
9302225,11,1,10,27,11,0,0
9411433,5,1,4,6,5,0,0
206252,2,2,0,0,0,2,15
110193,4,1,3,4,0,4,28
9406286,5,2,3,6,0,5,33
9502341,18,2,16,110,4,14,22
9203222,4,1,3,3,1,3,3
9505282,4,3,1,2,0,4,7
8328,3,2,1,1,0,3,42
109003,2,1,1,1,0,2,10
9805430,4,1,3,4,0,4,4
9508337,11,3,8,29,5,6,10
9310363,4,1,3,5,4,0,0
9404244,7,5,2,3,1,6,6
9803432,7,1,6,9,3,4,4
9904379,2,1,1,1,0,2,8
202058,2,1,1,1,0,2,38
9409454,4,1,3,3,4,0,0
102243,13,1,12,56,0,13,58
103322,6,2,4,6,0,6,24
9611422,6,1,5,8,0,6,24
103105,8,1,7,25,0,8,56
9407311,10,4,6,16,0,10,25
9609503,3,1,2,3,0,3,14
9504306,11,1,10,26,11,0,0
1059,5,3,2,4,0,5,50
9703319,10,1,9,26,0,10,39
5236,4,1,3,4,1,3,6
9911400,3,3,0,0,2,1,1
9506259,2,1,1,1,2,0,0
101033,0,0,0,0,0,0,0
3122,6,1,5,12,0,6,60
9212280,8,2,6,13,8,0,0
110317,3,3,0,0,0,3,23
9502397,8,3,5,13,8,0,0
9908466,3,1,2,2,0,3,5
7303,2,1,1,1,0,2,3
9503455,1,1,0,0,0,1,1
207266,3,1,2,2,0,3,13
9243,0,0,0,0,0,0,0
204037,4,1,3,3,0,4,36
9707510,16,5,11,40,0,16,109
7083,6,1,5,9,0,6,25
7334,7,2,5,20,0,7,45
9911212,3,1,2,2,0,3,30
2286,4,2,2,3,0,4,35
9404361,4,1,3,4,4,0,0
9609386,0,0,0,0,0,0,0
9801210,3,2,1,1,0,3,20
9810316,0,0,0,0,0,0,0
103113,7,2,5,8,0,7,17
104108,20,2,18,64,0,20,324
9408280,1,1,0,0,1,0,0
3011,6,2,4,7,1,5,11
9604355,8,1,7,12,0,8,14
9509338,2,1,1,1,2,0,0
9909508,1,1,0,0,1,0,0
9207240,7,1,6,15,7,0,0
9806331,0,0,0,0,0,0,0
9812215,1,1,0,0,0,1,3
203224,2,1,1,1,0,2,9
9310273,4,3,1,2,4,0,0
9610515,2,1,1,1,0,2,5
9606471,2,2,0,0,0,2,4
9811381,0,0,0,0,0,0,0
9809286,2,1,1,1,0,2,2
108221,12,2,10,24,0,12,150
9609347,2,2,0,0,0,2,6
9804282,19,1,18,109,19,0,0
9903255,2,1,1,1,1,1,1
9304201,1,1,0,0,1,0,0
9903261,5,2,3,5,0,5,45
9608407,6,2,4,10,0,6,22
9311297,2,1,1,1,2,0,0
9909388,4,1,3,4,4,0,0
9704445,8,1,7,19,4,4,4
9705312,2,2,0,0,2,0,0
9903508,3,2,1,1,0,3,6
9206240,3,1,2,3,3,0,0
9410271,1,1,0,0,1,0,0
3222,15,2,13,39,0,15,121
9906376,6,2,4,10,3,3,3
3030,5,1,4,7,0,5,35
9911213,3,1,2,3,0,3,11
210219,0,0,0,0,0,0,0
9712469,9,8,1,3,0,9,53
9711294,3,1,2,3,0,3,6
9210228,11,1,10,27,11,0,0
9808462,0,0,0,0,0,0,0
103080,1,1,0,0,0,1,6
8319,2,1,1,1,0,2,12
9612304,3,2,1,1,0,3,10
9602209,2,1,1,1,2,0,0
9705444,5,4,1,1,0,5,15
9408257,7,4,3,3,2,5,5
9309286,3,2,1,2,3,0,0
9501365,4,1,3,6,1,3,5
9712313,0,0,0,0,0,0,0
9905505,7,1,6,11,7,0,0
9706229,4,2,2,3,4,0,0
9310246,4,3,1,1,4,0,0
9703210,12,2,10,33,2,10,10
9607285,5,1,4,6,0,5,11
5321,7,2,5,15,0,7,21
9302271,0,0,0,0,0,0,0
9607245,12,3,9,29,0,12,17
211018,3,2,1,1,0,3,25
9803366,10,1,9,21,0,10,26
9302233,3,2,1,1,3,0,0
9310270,2,1,1,1,2,0,0
9512201,0,0,0,0,0,0,0
103142,0,0,0,0,0,0,0
9511207,0,0,0,0,0,0,0
9902239,4,4,0,0,0,4,9
203091,7,3,4,7,0,7,70
9604234,8,2,6,21,0,8,36
9603240,6,2,4,12,6,0,0
101291,0,0,0,0,0,0,0
9608394,8,4,4,8,0,8,25
104275,2,2,0,0,0,2,2
110407,4,2,2,3,0,4,48
9704437,0,0,0,0,0,0,0
111299,4,1,3,5,0,4,11
9603203,2,1,1,1,0,2,2
9612272,1,1,0,0,0,1,3
9802352,12,1,11,38,0,12,61
9511292,6,2,4,9,0,6,22
4200,9,3,6,21,0,9,25
104109,5,2,3,4,1,4,4
9402286,7,2,5,8,7,0,0
9612482,1,1,0,0,0,1,3
9809333,2,2,0,0,2,0,0
9607407,0,0,0,0,0,0,0
9509311,10,1,9,23,10,0,0
9603308,7,1,6,11,1,6,11
9409333,4,1,3,5,4,0,0
9807230,3,1,2,3,3,0,0
3199,4,1,3,4,0,4,8
9033,2,1,1,1,0,2,31
9303231,5,3,2,4,2,3,4
111223,0,0,0,0,0,0,0
9906268,8,1,7,20,1,7,20
9904338,2,1,1,1,2,0,0
9806541,6,1,5,10,5,1,1
201273,10,2,8,11,0,10,56
9303279,5,3,2,2,5,0,0
9912542,25,7,18,72,0,25,352
112297,3,2,1,1,0,3,33
9710489,2,1,1,1,0,2,8
9901430,5,1,4,8,4,1,1
9601295,1,1,0,0,1,0,0
9705329,14,1,13,38,14,0,0
205070,2,2,0,0,0,2,14
209294,0,0,0,0,0,0,0
12035,8,2,6,18,0,8,31
9901405,12,1,11,29,0,12,68
101232,1,1,0,0,0,1,1
9505411,0,0,0,0,0,0,0
9701328,1,1,0,0,0,1,1
104173,0,0,0,0,0,0,0
208243,0,0,0,0,0,0,0
9804395,0,0,0,0,0,0,0
9408363,3,3,0,0,3,0,0
9811229,1,1,0,0,0,1,1
9706336,3,1,2,2,3,0,0
12127,4,1,3,5,4,0,0
9711437,0,0,0,0,0,0,0
9606212,15,3,12,61,0,15,88
4206,2,1,1,1,0,2,5
9401352,6,2,4,7,3,3,3
9802341,6,1,5,14,6,0,0
9305322,4,1,3,3,4,0,0
9605302,6,4,2,2,0,6,13
9811493,0,0,0,0,0,0,0
201308,10,3,7,18,0,10,59
9411232,4,1,3,6,4,0,0
9511305,2,2,0,0,0,2,4
212151,0,0,0,0,0,0,0
9808320,15,3,12,50,0,15,84
9604273,3,2,1,2,0,3,6
9411293,2,1,1,1,0,2,4
9906501,7,1,6,13,0,7,103
9612385,1,1,0,0,0,1,1
203243,2,2,0,0,0,2,17
9704454,2,1,1,1,2,0,0
9505226,5,2,3,4,5,0,0
110284,2,1,1,1,0,2,9
111432,9,2,7,18,0,9,37
205053,9,1,8,31,0,9,64
9209255,2,1,1,1,2,0,0
106012,7,2,5,8,0,7,107
205229,0,0,0,0,0,0,0
9507344,2,2,0,0,2,0,0
11370,4,1,3,5,4,0,0
9712318,7,1,6,12,0,7,19
9712279,2,1,1,1,0,2,6
9908355,13,2,11,42,0,13,52
9510319,3,3,0,0,3,0,0
9308358,3,1,2,2,0,3,3
9411258,4,1,3,5,4,0,0
9705446,0,0,0,0,0,0,0
9910223,1,1,0,0,0,1,11
101217,0,0,0,0,0,0,0
9905554,4,1,3,6,0,4,12
9412337,3,2,1,1,0,3,3
105289,0,0,0,0,0,0,0
9511340,4,1,3,5,4,0,0
9806286,4,1,3,5,0,4,6
9803218,10,1,9,38,0,10,95
9907323,1,1,0,0,0,1,4
9805301,2,1,1,1,0,2,2
9905276,2,1,1,1,0,2,14
9706548,1,1,0,0,0,1,6
9609235,1,1,0,0,0,1,2
9305347,1,1,0,0,1,0,0
9612203,8,1,7,22,8,0,0
6120,0,0,0,0,0,0,0
9412278,4,2,2,3,4,0,0
7048,1,1,0,0,1,0,0
9908410,1,1,0,0,1,0,0
5259,12,3,9,21,1,11,13
4006,0,0,0,0,0,0,0
110104,0,0,0,0,0,0,0
9204206,3,3,0,0,3,0,0
9804380,2,2,0,0,2,0,0
9605454,6,2,4,8,0,6,12
9902349,0,0,0,0,0,0,0
9405384,0,0,0,0,0,0,0
9912356,2,2,0,0,0,2,4
9905243,1,1,0,0,0,1,2
9808485,3,1,2,2,3,0,0
209165,2,1,1,1,0,2,2
301143,1,1,0,0,0,1,6
102129,1,1,0,0,1,0,0
9710340,2,1,1,1,0,2,2
12030,3,1,2,2,0,3,44
9809352,5,2,3,7,5,0,0
9808448,0,0,0,0,0,0,0
9501246,2,2,0,0,1,1,1
9904422,5,1,4,5,0,5,16
9802280,1,1,0,0,1,0,0
9809319,2,1,1,1,0,2,4
9805275,1,1,0,0,1,0,0
9406211,2,2,0,0,2,0,0
9701305,1,1,0,0,0,1,7
9902201,4,2,2,3,0,4,9
206064,0,0,0,0,0,0,0
9912336,9,1,8,22,0,9,60
9710422,5,2,3,5,0,5,15
209072,0,0,0,0,0,0,0
202100,4,1,3,5,0,4,8
9904481,2,1,1,1,2,0,0
9501406,2,1,1,1,2,0,0
9404324,2,2,0,0,2,0,0
107255,1,1,0,0,1,0,0
102339,2,2,0,0,0,2,15
9701324,1,1,0,0,0,1,2
9606461,4,1,3,4,3,1,2
9912228,2,2,0,0,0,2,5
210045,0,0,0,0,0,0,0
9706516,10,4,6,23,10,0,0
106101,6,1,5,7,0,6,19
205125,5,3,2,4,0,5,41
8236,1,1,0,0,0,1,1
9403206,1,1,0,0,1,0,0
9805410,1,1,0,0,1,0,0
101030,1,1,0,0,0,1,3
212388,1,1,0,0,0,1,1
9611235,1,1,0,0,1,0,0
9207245,3,1,2,3,3,0,0
9503398,2,2,0,0,2,0,0
9609270,0,0,0,0,0,0,0
101092,3,2,1,1,0,3,7
9702383,4,2,2,3,0,4,8
9905282,3,1,2,3,0,3,8
302094,1,1,0,0,0,1,6
7332,2,1,1,1,0,2,6
9904432,2,1,1,1,0,2,40
9905339,10,4,6,13,0,10,93
9712523,2,1,1,1,2,0,0
110353,3,2,1,1,0,3,13
9304289,5,2,3,4,5,0,0
9403359,5,2,3,4,5,0,0
9802237,3,2,1,1,3,0,0
108174,1,1,0,0,0,1,2
9709394,2,2,0,0,2,0,0
9611401,0,0,0,0,0,0,0
9309236,3,2,1,1,3,0,0
211255,0,0,0,0,0,0,0
103119,3,2,1,2,0,3,10
12230,1,1,0,0,0,1,11
9510293,4,1,3,4,4,0,0
9510247,1,1,0,0,0,1,1
9306289,9,1,8,18,9,0,0
9611248,1,1,0,0,0,1,8
9806350,8,1,7,16,0,8,13
9412282,3,1,2,2,1,2,2
9810370,1,1,0,0,0,1,2
9506445,4,1,3,6,4,0,0
9907270,3,1,2,2,2,1,2
1054,4,3,1,1,0,4,15
9507423,0,0,0,0,0,0,0
9603351,4,3,1,1,4,0,0
107187,4,1,3,4,0,4,48
9605419,6,1,5,8,1,5,5
9803329,1,1,0,0,0,1,1
9512340,0,0,0,0,0,0,0
9805495,7,2,5,14,4,3,3
106057,2,1,1,1,0,2,45
9909286,5,2,3,3,5,0,0
9811483,2,2,0,0,2,0,0
105025,2,1,1,1,0,2,6
9802326,0,0,0,0,0,0,0
9409225,5,2,3,4,5,0,0
205172,2,1,1,1,0,2,4
9504356,2,1,1,1,0,2,2
209178,4,2,2,3,0,4,18
9612323,6,1,5,11,6,0,0
12161,0,0,0,0,0,0,0
9609271,3,1,2,3,0,3,3
9809212,1,1,0,0,0,1,1
209087,0,0,0,0,0,0,0
9704335,5,5,0,0,5,0,0
2220,1,1,0,0,0,1,1
9606225,1,1,0,0,0,1,1
9709247,1,1,0,0,0,1,2
203272,2,2,0,0,0,2,11
9308280,1,1,0,0,1,0,0
1226,0,0,0,0,0,0,0
12258,1,1,0,0,0,1,1
9601244,2,1,1,1,0,2,4
9802313,4,1,3,5,1,3,3
9509365,0,0,0,0,0,0,0
9509363,7,1,6,16,7,0,0
9606286,2,1,1,1,1,1,1
9608320,3,2,1,1,0,3,3
209246,0,0,0,0,0,0,0
209082,0,0,0,0,0,0,0
9302246,2,2,0,0,2,0,0
201034,1,1,0,0,0,1,4
202216,3,2,1,1,3,0,0
9910558,1,1,0,0,0,1,9
9401323,6,4,2,3,6,0,0
1058,3,2,1,1,0,3,9
9708321,0,0,0,0,0,0,0
9609314,5,2,3,5,0,5,16
9311346,2,2,0,0,0,2,2
206208,1,1,0,0,0,1,8
9811272,1,1,0,0,0,1,1
9507251,2,1,1,1,0,2,3
5285,4,3,1,1,0,4,4
211455,0,0,0,0,0,0,0
9509407,2,1,1,1,2,0,0
9810255,0,0,0,0,0,0,0
9901360,4,2,2,5,2,2,2
9610379,0,0,0,0,0,0,0
9910407,3,2,1,1,0,3,21
1023,4,1,3,6,4,0,0
9604206,0,0,0,0,0,0,0
204184,3,3,0,0,0,3,10
4259,4,2,2,3,1,3,3
9405303,4,3,1,2,4,0,0
9310206,2,1,1,1,2,0,0
9808309,6,1,5,11,2,4,4
105042,6,3,3,6,3,3,3
9909568,2,2,0,0,2,0,0
9412274,4,1,3,5,4,0,0
9908306,0,0,0,0,0,0,0
9710305,3,1,2,3,2,1,2
301128,0,0,0,0,0,0,0
9707371,3,2,1,1,3,0,0
9705415,0,0,0,0,0,0,0
8080,2,2,0,0,0,2,11
9601350,5,3,2,4,5,0,0
9703231,0,0,0,0,0,0,0
9909513,0,0,0,0,0,0,0
205037,8,3,5,10,0,8,138
204127,3,1,2,2,0,3,16
111067,3,3,0,0,0,3,8
9702326,3,1,2,2,1,2,3
207303,1,1,0,0,0,1,2
9506426,1,1,0,0,1,0,0
9603309,0,0,0,0,0,0,0
110146,0,0,0,0,0,0,0
9910332,1,1,0,0,1,0,0
109053,1,1,0,0,0,1,2
9311242,2,2,0,0,2,0,0
9906392,1,1,0,0,0,1,5
9602407,5,1,4,7,5,0,0
9603316,1,1,0,0,1,0,0
9812430,2,2,0,0,0,2,10
206280,1,1,0,0,0,1,8
201026,0,0,0,0,0,0,0
9506419,1,1,0,0,0,1,5
4118,2,2,0,0,2,0,0
9301211,4,1,3,3,4,0,0
201152,6,2,4,7,0,6,21
9901416,2,1,1,1,0,2,2
6015,2,2,0,0,0,2,4
212162,1,1,0,0,0,1,5
104056,4,1,3,6,0,4,51
9209266,1,1,0,0,1,0,0
207007,1,1,0,0,0,1,1
6359,4,2,2,2,0,4,10
9222,2,1,1,1,0,2,9
9709477,2,2,0,0,2,0,0
8222,1,1,0,0,1,0,0
2243,0,0,0,0,0,0,0
9607386,3,1,2,3,3,0,0
9303272,1,1,0,0,1,0,0
212273,0,0,0,0,0,0,0
9710394,1,1,0,0,1,0,0
9612388,0,0,0,0,0,0,0
9709505,1,1,0,0,1,0,0
9807457,3,2,1,1,3,0,0
9503462,5,1,4,9,5,0,0
9608382,0,0,0,0,0,0,0
9608386,1,1,0,0,1,0,0
205271,3,2,1,1,0,3,22
6261,1,1,0,0,0,1,2
1311,2,2,0,0,2,0,0
9709371,5,3,2,2,5,0,0
9602253,2,2,0,0,0,2,4
9707318,2,1,1,1,0,2,10
9909437,1,1,0,0,1,0,0
2288,0,0,0,0,0,0,0
202096,1,1,0,0,0,1,1
101272,1,1,0,0,0,1,11
9907208,0,0,0,0,0,0,0
9711274,0,0,0,0,0,0,0
11298,0,0,0,0,0,0,0
11214,2,1,1,1,0,2,8
9405403,1,1,0,0,0,1,2
9606257,2,1,1,1,0,2,2
211171,0,0,0,0,0,0,0
10174,0,0,0,0,0,0,0
301100,0,0,0,0,0,0,0
9710212,0,0,0,0,0,0,0
9901402,1,1,0,0,0,1,3
2278,3,2,1,1,0,3,6
9610531,1,1,0,0,0,1,1
211174,0,0,0,0,0,0,0
9805212,2,1,1,1,2,0,0
104028,3,1,2,2,3,0,0
106216,2,1,1,1,0,2,4
9804338,1,1,0,0,1,0,0
9709414,0,0,0,0,0,0,0
212134,0,0,0,0,0,0,0
9801323,0,0,0,0,0,0,0
9710454,2,1,1,1,0,2,12
9601308,8,2,6,13,1,7,7
9502342,3,1,2,2,0,3,10
9209271,3,1,2,2,3,0,0
207008,2,2,0,0,0,2,3
205342,4,3,1,1,0,4,35
112184,6,1,5,9,0,6,24
9809351,1,1,0,0,1,0,0
12131,1,1,0,0,0,1,3
9502230,0,0,0,0,0,0,0
108198,1,1,0,0,0,1,10
9911318,1,1,0,0,0,1,2
206268,1,1,0,0,0,1,2
111139,1,1,0,0,0,1,3
102196,0,0,0,0,0,0,0
110379,0,0,0,0,0,0,0
9509344,6,2,4,6,6,0,0
9711357,2,2,0,0,2,0,0
110101,1,1,0,0,0,1,1
9511280,1,1,0,0,1,0,0
109256,6,2,4,7,0,6,15
9606368,5,4,1,1,3,2,2
111222,1,1,0,0,0,1,5
9405335,0,0,0,0,0,0,0
209106,0,0,0,0,0,0,0
301183,0,0,0,0,0,0,0
9606358,2,2,0,0,2,0,0
9805253,0,0,0,0,0,0,0
109093,1,1,0,0,1,0,0
9407386,0,0,0,0,0,0,0
9908380,4,4,0,0,0,4,10
105190,1,1,0,0,1,0,0
9308293,1,1,0,0,1,0,0
208217,3,2,1,1,1,2,3
9206249,3,3,0,0,3,0,0
9910207,2,2,0,0,2,0,0
203258,2,1,1,1,2,0,0
3213,5,2,3,5,5,0,0
9712397,1,1,0,0,0,1,1
9610311,2,2,0,0,1,1,1
107037,1,1,0,0,0,1,2
9905352,4,3,1,1,1,3,3
12334,3,2,1,1,0,3,13
209329,1,1,0,0,1,0,0
9912340,1,1,0,0,0,1,11
6036,6,1,5,13,0,6,30
9504403,1,1,0,0,0,1,3
9509221,1,1,0,0,1,0,0
208158,0,0,0,0,0,0,0
9712344,4,1,3,6,4,0,0
9511410,0,0,0,0,0,0,0
12256,1,1,0,0,0,1,2
9308299,3,2,1,1,3,0,0
9708208,3,2,1,1,3,0,0
9506241,0,0,0,0,0,0,0
203134,3,2,1,1,0,3,13
9603369,1,1,0,0,0,1,1
209297,1,1,0,0,0,1,5
208102,0,0,0,0,0,0,0
9303232,1,1,0,0,0,1,1
9610203,0,0,0,0,0,0,0
5032,2,1,1,1,2,0,0
9908419,0,0,0,0,0,0,0
111305,2,1,1,1,0,2,4
9706521,0,0,0,0,0,0,0
207290,0,0,0,0,0,0,0
203193,0,0,0,0,0,0,0
107252,1,1,0,0,0,1,1
9289,2,1,1,1,0,2,4
9211265,2,2,0,0,2,0,0
101035,0,0,0,0,0,0,0
9310262,1,1,0,0,1,0,0
9710455,0,0,0,0,0,0,0
204202,1,1,0,0,0,1,2
9510310,0,0,0,0,0,0,0
9178,6,1,5,14,0,6,17
9505316,0,0,0,0,0,0,0
9702236,0,0,0,0,0,0,0
212263,1,1,0,0,0,1,6
111035,3,2,1,2,0,3,3
301262,0,0,0,0,0,0,0
210237,0,0,0,0,0,0,0
9302289,2,2,0,0,2,0,0
6283,1,1,0,0,0,1,1
12360,4,2,2,3,0,4,27
302101,0,0,0,0,0,0,0
9906427,0,0,0,0,0,0,0
9801422,0,0,0,0,0,0,0
9501323,4,1,3,3,4,0,0
103106,2,2,0,0,2,0,0
202157,1,1,0,0,0,1,1
9205204,1,1,0,0,1,0,0
9712536,0,0,0,0,0,0,0
210232,1,1,0,0,0,1,1
111041,0,0,0,0,0,0,0
4160,0,0,0,0,0,0,0
9808315,1,1,0,0,0,1,2
104069,0,0,0,0,0,0,0
212251,0,0,0,0,0,0,0
9611416,1,1,0,0,0,1,2
212331,2,2,0,0,0,2,17
9601344,6,2,4,8,6,0,0
11090,0,0,0,0,0,0,0
107311,1,1,0,0,1,0,0
9407349,1,1,0,0,0,1,1
9803447,4,1,3,6,0,4,4
9601304,2,1,1,1,2,0,0
9506266,2,1,1,1,2,0,0
9708471,1,1,0,0,1,0,0
7040,0,0,0,0,0,0,0
212089,1,1,0,0,0,1,11
9353,0,0,0,0,0,0,0
9708404,1,1,0,0,1,0,0
9411351,1,1,0,0,1,0,0
212112,1,1,0,0,0,1,3
9807402,0,0,0,0,0,0,0
109063,0,0,0,0,0,0,0
9601207,0,0,0,0,0,0,0
9802225,1,1,0,0,0,1,1
211460,0,0,0,0,0,0,0
112023,1,1,0,0,0,1,14
9405251,0,0,0,0,0,0,0
9711468,0,0,0,0,0,0,0
209369,1,1,0,0,0,1,6
7187,1,1,0,0,1,0,0
9304264,3,2,1,1,3,0,0
111038,0,0,0,0,0,0,0
9710210,0,0,0,0,0,0,0
9608242,1,1,0,0,0,1,3
102217,0,0,0,0,0,0,0
105256,0,0,0,0,0,0,0
109118,1,1,0,0,0,1,4
9411248,0,0,0,0,0,0,0
9310234,5,1,4,5,5,0,0
201275,1,1,0,0,1,0,0
111291,2,2,0,0,0,2,13
109048,2,2,0,0,0,2,15
301077,0,0,0,0,0,0,0
111097,0,0,0,0,0,0,0
9805291,2,1,1,1,0,2,7
9612360,0,0,0,0,0,0,0
9805505,0,0,0,0,0,0,0
9803224,0,0,0,0,0,0,0
206284,0,0,0,0,0,0,0
9607459,5,2,3,3,5,0,0
9702422,0,0,0,0,0,0,0
9905299,1,1,0,0,1,0,0
9507223,0,0,0,0,0,0,0
104252,2,2,0,0,0,2,4
112238,1,1,0,0,0,1,15
12340,0,0,0,0,0,0,0
9803280,1,1,0,0,0,1,1
104281,1,1,0,0,0,1,2
210100,0,0,0,0,0,0,0
9507296,1,1,0,0,1,0,0
9311252,0,0,0,0,0,0,0
9909354,2,1,1,1,0,2,4
301114,0,0,0,0,0,0,0
11135,2,2,0,0,0,2,17
9608405,1,1,0,0,1,0,0
207161,1,1,0,0,1,0,0
9710215,0,0,0,0,0,0,0
5277,0,0,0,0,0,0,0
9712419,0,0,0,0,0,0,0
9806538,1,1,0,0,1,0,0
210392,2,1,1,1,0,2,4
9706224,2,2,0,0,1,1,3
301146,0,0,0,0,0,0,0
9511411,1,1,0,0,1,0,0
12117,0,0,0,0,0,0,0
9609439,0,0,0,0,0,0,0
3296,1,1,0,0,1,0,0
9704381,2,2,0,0,2,0,0
9812512,1,1,0,0,1,0,0
9907311,0,0,0,0,0,0,0
9412351,0,0,0,0,0,0,0
9602259,3,3,0,0,3,0,0
9408221,1,1,0,0,0,1,1
301050,0,0,0,0,0,0,0
9711338,0,0,0,0,0,0,0
9807291,0,0,0,0,0,0,0
107140,2,1,1,1,0,2,2
9169,1,1,0,0,0,1,1
7149,2,2,0,0,2,0,0
211454,0,0,0,0,0,0,0
9604268,1,1,0,0,0,1,1
11098,0,0,0,0,0,0,0
1321,0,0,0,0,0,0,0
9711230,0,0,0,0,0,0,0
109116,0,0,0,0,0,0,0
9511254,0,0,0,0,0,0,0
9604366,3,3,0,0,3,0,0
9801232,1,1,0,0,1,0,0
9312260,1,1,0,0,1,0,0
9811446,1,1,0,0,1,0,0
9307258,0,0,0,0,0,0,0
9909283,1,1,0,0,1,0,0
104117,4,2,2,3,0,4,10
9810251,1,1,0,0,1,0,0
9609398,0,0,0,0,0,0,0
10035,0,0,0,0,0,0,0
9912344,2,2,0,0,2,0,0
103141,0,0,0,0,0,0,0
9604276,1,1,0,0,1,0,0
104054,0,0,0,0,0,0,0
112090,1,1,0,0,0,1,1
9810506,0,0,0,0,0,0,0
211264,0,0,0,0,0,0,0
201143,1,1,0,0,1,0,0
302265,0,0,0,0,0,0,0
9805415,0,0,0,0,0,0,0
11038,0,0,0,0,0,0,0
9905203,0,0,0,0,0,0,0
9804373,1,1,0,0,0,1,2
102133,0,0,0,0,0,0,0
206243,1,1,0,0,0,1,6
10324,1,1,0,0,0,1,2
9412383,1,1,0,0,0,1,2
204024,0,0,0,0,0,0,0
212346,0,0,0,0,0,0,0
8300,1,1,0,0,0,1,2
9801248,1,1,0,0,1,0,0
9907476,0,0,0,0,0,0,0
207345,3,2,1,1,0,3,15
302016,0,0,0,0,0,0,0
9706293,0,0,0,0,0,0,0
201185,0,0,0,0,0,0,0
9907353,0,0,0,0,0,0,0
209367,0,0,0,0,0,0,0
9602217,0,0,0,0,0,0,0
11362,3,3,0,0,0,3,5
9505243,0,0,0,0,0,0,0
210110,0,0,0,0,0,0,0
9609455,0,0,0,0,0,0,0
211344,1,1,0,0,0,1,17
108012,1,1,0,0,0,1,1
9708489,0,0,0,0,0,0,0
111204,0,0,0,0,0,0,0
9712460,0,0,0,0,0,0,0
9607471,0,0,0,0,0,0,0
201165,0,0,0,0,0,0,0
204058,2,2,0,0,0,2,10
9077,3,1,2,3,0,3,21
212031,0,0,0,0,0,0,0
204247,0,0,0,0,0,0,0
9906295,0,0,0,0,0,0,0
9502325,0,0,0,0,0,0,0
9406425,0,0,0,0,0,0,0
107236,2,2,0,0,0,2,7
9708493,0,0,0,0,0,0,0
8118,0,0,0,0,0,0,0
9901205,0,0,0,0,0,0,0
207061,0,0,0,0,0,0,0
9907404,1,1,0,0,0,1,2
9507243,0,0,0,0,0,0,0
9910463,0,0,0,0,0,0,0
104185,1,1,0,0,0,1,1
9911539,0,0,0,0,0,0,0
9507301,0,0,0,0,0,0,0
212246,0,0,0,0,0,0,0
9902288,1,1,0,0,0,1,4
110018,0,0,0,0,0,0,0
9810541,0,0,0,0,0,0,0
212153,0,0,0,0,0,0,0
9912258,0,0,0,0,0,0,0
201202,1,1,0,0,0,1,1
212255,0,0,0,0,0,0,0
9905532,0,0,0,0,0,0,0
9907413,0,0,0,0,0,0,0
103238,0,0,0,0,0,0,0
9711408,2,1,1,1,2,0,0
301073,1,1,0,0,0,1,11
110286,0,0,0,0,0,0,0
209167,1,1,0,0,1,0,0
9910362,0,0,0,0,0,0,0
9504409,1,1,0,0,1,0,0
9905325,1,1,0,0,1,0,0
11159,4,2,2,5,4,0,0
211022,0,0,0,0,0,0,0
9510292,0,0,0,0,0,0,0
9912239,0,0,0,0,0,0,0
202085,1,1,0,0,0,1,4
9264,0,0,0,0,0,0,0
108133,0,0,0,0,0,0,0
9405395,0,0,0,0,0,0,0
209268,0,0,0,0,0,0,0
6353,0,0,0,0,0,0,0
9310305,0,0,0,0,0,0,0
9018,3,2,1,1,3,0,0
9702366,0,0,0,0,0,0,0
9712323,0,0,0,0,0,0,0
8154,0,0,0,0,0,0,0
202044,0,0,0,0,0,0,0
9704341,0,0,0,0,0,0,0
9402290,0,0,0,0,0,0,0
9601286,0,0,0,0,0,0,0
10185,0,0,0,0,0,0,0
209276,0,0,0,0,0,0,0
9901452,0,0,0,0,0,0,0
9809373,0,0,0,0,0,0,0
203039,0,0,0,0,0,0,0
9712490,0,0,0,0,0,0,0
5161,3,2,1,1,3,0,0
211179,0,0,0,0,0,0,0
9604285,0,0,0,0,0,0,0
9405217,1,1,0,0,1,0,0
9906449,0,0,0,0,0,0,0
9511328,0,0,0,0,0,0,0
302226,0,0,0,0,0,0,0
9708277,0,0,0,0,0,0,0
9807562,0,0,0,0,0,0,0
9608367,0,0,0,0,0,0,0
3016,1,1,0,0,1,0,0
9807468,0,0,0,0,0,0,0
9511445,1,1,0,0,1,0,0
208061,1,1,0,0,1,0,0
9806364,1,1,0,0,1,0,0
10168,0,0,0,0,0,0,0
9807471,0,0,0,0,0,0,0
107207,0,0,0,0,0,0,0
6282,0,0,0,0,0,0,0
9809378,0,0,0,0,0,0,0
9708333,0,0,0,0,0,0,0
210268,0,0,0,0,0,0,0
210270,0,0,0,0,0,0,0
9505370,0,0,0,0,0,0,0
6075,0,0,0,0,0,0,0
9405354,0,0,0,0,0,0,0
9901279,0,0,0,0,0,0,0
112271,0,0,0,0,0,0,0
9512255,1,1,0,0,1,0,0
9904356,0,0,0,0,0,0,0
112256,0,0,0,0,0,0,0
9605403,1,1,0,0,1,0,0
111356,0,0,0,0,0,0,0
11050,0,0,0,0,0,0,0
204105,0,0,0,0,0,0,0
9808267,0,0,0,0,0,0,0
212328,0,0,0,0,0,0,0
6252,0,0,0,0,0,0,0
9810502,0,0,0,0,0,0,0
210208,0,0,0,0,0,0,0
2107,0,0,0,0,0,0,0
9809216,0,0,0,0,0,0,0
9801452,0,0,0,0,0,0,0
2012,0,0,0,0,0,0,0
209012,0,0,0,0,0,0,0
9912316,0,0,0,0,0,0,0
9812480,0,0,0,0,0,0,0
301182,0,0,0,0,0,0,0
9904322,0,0,0,0,0,0,0
9608473,0,0,0,0,0,0,0
9512352,1,1,0,0,1,0,0
2247,0,0,0,0,0,0,0
9705353,0,0,0,0,0,0,0
9904343,0,0,0,0,0,0,0
207117,0,0,0,0,0,0,0
9510298,1,1,0,0,1,0,0
6289,0,0,0,0,0,0,0
9612432,0,0,0,0,0,0,0
9506319,1,1,0,0,1,0,0
209291,0,0,0,0,0,0,0
9605343,0,0,0,0,0,0,0
212115,0,0,0,0,0,0,0
211278,0,0,0,0,0,0,0
9710527,0,0,0,0,0,0,0
9309207,0,0,0,0,0,0,0
9811372,0,0,0,0,0,0,0
1018,0,0,0,0,0,0,0
106284,0,0,0,0,0,0,0
211427,0,0,0,0,0,0,0
210136,0,0,0,0,0,0,0
211055,0,0,0,0,0,0,0
1277,1,1,0,0,1,0,0
208167,0,0,0,0,0,0,0
301250,0,0,0,0,0,0,0
9211304,49,4,45,545,49,0,0
103197,5,2,3,7,0,5,12
9409255,9,2,7,15,4,5,9
9503359,4,1,3,3,0,4,10
9705388,10,2,8,31,0,10,11
9702381,9,2,7,19,0,9,30
9601357,16,1,15,79,0,16,43
203056,5,4,1,1,0,5,75
9410365,9,2,7,19,6,3,3
9508390,12,2,10,41,3,9,9
9308292,14,1,13,55,14,0,0
9806540,39,2,37,336,0,39,39
9903262,7,3,4,7,0,7,32
9905240,20,1,19,134,20,0,0
9505385,27,2,25,144,27,0,0
9911258,17,1,16,64,0,17,121
9910230,15,1,14,54,0,15,35
9707235,12,1,11,28,0,12,51
9412385,31,1,30,159,0,31,54
9805272,18,3,15,75,8,10,10
9210240,8,2,6,19,8,0,0
9207221,18,2,16,77,18,0,0
12197,4,1,3,6,0,4,10
6056,17,1,16,48,0,17,217
102017,10,2,8,20,0,10,54
9610358,31,2,29,153,0,31,268
6225,6,3,3,5,1,5,13
9506201,14,1,13,55,3,11,11
9244,9,1,8,24,0,9,31
9903363,20,1,19,105,20,0,0
9910366,2,2,0,0,0,2,12
9706207,9,1,8,18,0,9,24
9311228,20,7,13,45,0,20,107
9807344,57,1,56,856,0,57,150
9204228,21,3,18,145,21,0,0
9701379,8,1,7,14,0,8,8
9705218,10,1,9,26,0,10,34
9610209,39,2,37,361,39,0,0
9707390,30,1,29,204,5,25,108
9709283,3,2,1,2,3,0,0
9904274,4,1,3,4,2,2,2
9902230,8,1,7,18,0,8,13
9505219,12,3,9,47,12,0,0
9311254,3,2,1,1,3,0,0
9405304,26,2,24,125,2,24,57
9302224,28,3,25,176,14,14,14
9603366,8,1,7,11,5,3,3
9411409,26,3,23,151,26,0,0
9408262,9,1,8,21,2,7,7
9906259,12,2,10,31,0,12,89
9709343,6,1,5,7,1,5,8
9809490,25,2,23,149,0,25,124
9706274,15,4,11,39,1,14,31
9707263,22,1,21,90,0,22,101
9804403,81,1,80,1475,2,79,194
9909574,45,3,42,378,0,45,553
9911223,12,2,10,37,0,12,264
9512365,3,2,1,1,0,3,3
9504235,16,5,11,47,4,12,22
9503492,22,4,18,69,1,21,184
9904250,21,1,20,153,0,21,21
9210280,8,2,6,19,8,0,0
9405389,22,2,20,91,22,0,0
9502336,13,2,11,37,6,7,7
9601233,7,2,5,9,1,6,12
9312201,19,3,16,101,19,0,0
9711506,0,0,0,0,0,0,0
9904395,13,2,11,34,0,13,179
9209236,6,1,5,14,6,0,0
10196,1,1,0,0,0,1,2
9305344,2,2,0,0,2,0,0
9503208,8,1,7,20,3,5,7
9502298,32,1,31,247,22,10,10
9703442,7,1,6,15,0,7,11
10348,16,3,13,43,0,16,87
9605273,16,1,15,61,16,0,0
9212275,2,2,0,0,2,0,0
9412302,16,1,15,49,0,16,105
102146,53,2,51,586,8,45,159
9307235,12,2,10,29,12,0,0
9308288,39,1,38,380,39,0,0
102234,29,1,28,162,29,0,0
9702361,16,1,15,55,5,11,14
9507388,15,2,13,54,15,0,0
9805341,8,2,6,14,4,4,4
9802294,8,1,7,20,0,8,14
9810389,27,2,25,250,0,27,73
9612233,1,1,0,0,0,1,1
9505419,16,1,15,55,5,11,17
9911349,14,3,11,32,0,14,85
9902407,29,1,28,198,0,29,83
1161,6,2,4,7,0,6,11
1001,29,1,28,248,0,29,236
111164,7,1,6,9,0,7,30
110382,25,1,24,181,0,25,166
4238,0,0,0,0,0,0,0
9607208,2,2,0,0,0,2,4
109121,1,1,0,0,0,1,1
9401313,0,0,0,0,0,0,0
9705206,8,1,7,19,0,8,18
5265,1,1,0,0,0,1,9
2053,7,3,4,13,1,6,15
9609443,36,4,32,199,1,35,58
9209299,11,3,8,26,3,8,8
9909296,3,2,1,1,3,0,0
204029,7,1,6,9,0,7,82
9407246,9,1,8,25,9,0,0
9706377,60,1,59,727,0,60,226
9603400,40,4,36,171,0,40,416
9608294,5,1,4,5,1,4,4
9611273,12,2,10,40,0,12,35
9610451,5,2,3,4,1,4,17
9808425,2,2,0,0,0,2,3
203121,2,2,0,0,0,2,33
9406203,10,1,9,18,0,10,10
9808224,16,1,15,67,0,16,119
9509361,10,1,9,36,0,10,10
9502379,1,1,0,0,1,0,0
9811208,3,2,1,2,0,3,4
9809398,7,1,6,12,7,0,0
9907489,26,2,24,146,0,26,347
9605412,21,2,19,102,3,18,33
9710529,6,2,4,5,3,3,3
106100,1,1,0,0,0,1,6
9512218,25,4,21,115,14,11,11
9810230,6,2,4,6,0,6,29
9805443,2,1,1,1,0,2,4
202105,9,2,7,12,0,9,45
9512309,5,1,4,10,5,0,0
9404343,8,1,7,12,8,0,0
9512223,2,1,1,1,2,0,0
9706438,20,2,18,86,0,20,122
9412243,2,2,0,0,1,1,1
9509249,15,1,14,55,15,0,0
9705201,19,2,17,76,0,19,199
9306296,3,1,2,3,3,0,0
9906270,1,1,0,0,0,1,4
110189,0,0,0,0,0,0,0
103328,6,3,3,4,0,6,23
6171,3,2,1,1,0,3,13
9907421,5,1,4,7,1,4,4
107061,3,1,2,3,0,3,15
9410385,19,1,18,97,19,0,0
9905242,12,2,10,34,0,12,66
9903455,13,3,10,14,0,13,36
9912545,0,0,0,0,0,0,0
9610293,13,3,10,37,0,13,21
9505391,29,2,27,190,0,29,98
9912301,3,1,2,3,0,3,22
108249,2,1,1,1,0,2,2
9901304,20,1,19,86,0,20,68
9807248,3,3,0,0,0,3,3
9807375,12,3,9,52,0,12,22
9407408,11,1,10,22,4,7,7
2058,1,1,0,0,0,1,1
9405298,6,2,4,8,6,0,0
9908205,8,1,7,15,0,8,183
9908443,14,2,12,44,0,14,241
101127,3,2,1,1,0,3,19
9308270,12,2,10,51,12,0,0
9406237,4,1,3,4,4,0,0
9912516,11,2,9,29,11,0,0
9610506,7,1,6,10,0,7,27
9704280,19,3,16,66,0,19,185
6196,2,1,1,1,0,2,4
9410282,13,1,12,54,13,0,0
9911454,2,2,0,0,0,2,17
9409382,4,1,3,4,4,0,0
9610529,6,1,5,6,0,6,22
9508275,25,1,24,174,25,0,0
9709483,5,1,4,6,1,4,9
9310316,21,4,17,88,21,0,0
9504239,6,3,3,5,2,4,4
9507303,18,4,14,53,0,18,111
9508359,24,1,23,147,24,0,0
9411414,1,1,0,0,1,0,0
9403347,4,1,3,4,0,4,4
9307261,0,0,0,0,0,0,0
9712451,8,2,6,14,0,8,21
9703455,13,2,11,40,0,13,60
9406302,2,2,0,0,0,2,12
9507363,19,1,18,125,0,19,40
9302269,3,1,2,2,1,2,3
9702287,3,2,1,1,0,3,15
9703430,0,0,0,0,0,0,0
9910546,6,1,5,10,0,6,6
9912201,0,0,0,0,0,0,0
9406382,9,2,7,18,9,0,0
9911481,4,3,1,1,0,4,21
9404247,11,5,6,13,1,10,10
9808244,6,3,3,3,0,6,9
9905216,2,2,0,0,0,2,11
9911341,4,1,3,5,0,4,44
9605386,4,3,1,1,0,4,11
11121,2,2,0,0,0,2,21
102042,4,1,3,4,0,4,4
9703434,17,1,16,68,0,17,38
103126,6,3,3,9,0,6,22
9604338,3,2,1,1,0,3,8
9601236,3,2,1,1,1,2,4
9909391,5,1,4,9,0,5,11
9603265,8,1,7,15,6,2,2
111190,15,1,14,51,15,0,0
9806487,3,1,2,2,3,0,0
9912288,3,3,0,0,3,0,0
9203219,5,1,4,4,5,0,0
212142,0,0,0,0,0,0,0
10277,3,1,2,3,0,3,6
9301255,5,2,3,6,0,5,5
5181,11,4,7,19,0,11,35
9601365,10,1,9,30,0,10,90
1096,1,1,0,0,1,0,0
9805324,3,1,2,3,3,0,0
9308215,4,2,2,3,4,0,0
9712203,8,1,7,21,8,0,0
9801429,2,2,0,0,2,0,0
107039,37,1,36,279,0,37,246
9909538,5,1,4,9,0,5,27
7359,13,1,12,39,0,13,20
107264,7,1,6,19,0,7,17
203237,5,3,2,4,0,5,51
2262,1,1,0,0,0,1,10
9503238,12,2,10,30,1,11,11
9407292,13,2,11,45,3,10,10
9809224,1,1,0,0,0,1,7
9205207,2,1,1,1,2,0,0
110097,4,2,2,2,0,4,15
105334,11,2,9,26,0,11,158
107299,1,1,0,0,0,1,3
8035,1,1,0,0,0,1,6
9405238,8,1,7,20,8,0,0
9910283,10,4,6,15,0,10,127
9910465,3,1,2,3,1,2,2
9404355,4,1,3,4,1,3,3
9510296,3,2,1,1,2,1,1
9206204,2,1,1,1,2,0,0
103001,4,1,3,6,0,4,14
9310349,1,1,0,0,0,1,1
9611258,4,2,2,3,0,4,15
9710458,0,0,0,0,0,0,0
9507299,8,1,7,16,8,0,0
9911324,1,1,0,0,0,1,2
112030,10,3,7,20,0,10,134
9906527,1,1,0,0,0,1,2
9808304,14,1,13,60,0,14,14
9912255,1,1,0,0,0,1,1
9901363,1,1,0,0,0,1,2
9907485,2,1,1,1,0,2,46
106052,0,0,0,0,0,0,0
205129,0,0,0,0,0,0,0
9908460,0,0,0,0,0,0,0
9809294,1,1,0,0,1,0,0
9308253,1,1,0,0,1,0,0
9504377,3,2,1,1,3,0,0
102159,1,1,0,0,0,1,8
9503328,3,2,1,1,0,3,9
9808423,0,0,0,0,0,0,0
202018,5,2,3,8,0,5,39
9912410,3,3,0,0,0,3,8
9507250,6,1,5,12,6,0,0
9301256,1,1,0,0,1,0,0
106307,6,2,4,9,0,6,11
9911364,7,1,6,12,0,7,21
9411403,1,1,0,0,0,1,4
9806345,3,2,1,1,3,0,0
3203,22,1,21,107,22,0,0
107052,2,1,1,1,0,2,11
9612384,2,1,1,1,0,2,7
9702295,2,1,1,1,2,0,0
9912441,0,0,0,0,0,0,0
9304232,7,2,5,5,7,0,0
9307312,4,1,3,3,1,3,3
9504283,4,1,3,5,0,4,9
9403256,23,1,22,105,23,0,0
9908490,0,0,0,0,0,0,0
9708337,2,1,1,1,0,2,2
9612278,3,2,1,1,3,0,0
9806383,7,1,6,12,0,7,13
9712320,3,2,1,1,0,3,9
9906209,2,1,1,1,0,2,8
9303304,1,1,0,0,1,0,0
9610275,6,2,4,7,0,6,29
211069,5,3,2,3,0,5,29
9803460,13,2,11,28,0,13,47
9405324,3,1,2,3,3,0,0
9403329,1,1,0,0,1,0,0
9411277,3,3,0,0,1,2,5
9308368,1,1,0,0,1,0,0
9305258,13,5,8,22,13,0,0
9806278,7,2,5,9,0,7,22
6097,7,3,4,5,0,7,55
110147,0,0,0,0,0,0,0
9039,4,1,3,3,0,4,5
9407261,4,1,3,3,4,0,0
205008,0,0,0,0,0,0,0
9407351,5,2,3,5,2,3,3
9608385,3,3,0,0,0,3,3
9506225,2,1,1,1,2,0,0
205246,3,2,1,2,0,3,13
9909511,0,0,0,0,0,0,0
9912315,0,0,0,0,0,0,0
9705245,7,3,4,9,0,7,22
9402341,15,1,14,57,15,0,0
9611219,1,1,0,0,0,1,2
203159,2,2,0,0,0,2,3
106105,0,0,0,0,0,0,0
9407392,2,1,1,1,0,2,2
9803269,3,1,2,2,0,3,22
9510203,1,1,0,0,1,0,0
9610274,4,1,3,6,0,4,4
9603348,5,1,4,6,0,5,13
9411263,3,1,2,2,3,0,0
112109,2,2,0,0,0,2,2
5040,4,1,3,3,0,4,11
102163,6,1,5,12,0,6,43
9304235,4,3,1,1,2,2,5
104010,6,2,4,4,0,6,15
103081,1,1,0,0,0,1,10
7025,0,0,0,0,0,0,0
9605363,3,1,2,2,3,0,0
207344,0,0,0,0,0,0,0
9804247,0,0,0,0,0,0,0
101087,0,0,0,0,0,0,0
207080,8,3,5,7,0,8,31
9802299,3,1,2,3,0,3,17
10096,6,1,5,7,0,6,10
9509392,1,1,0,0,0,1,8
9905515,16,2,14,56,16,0,0
206080,1,1,0,0,0,1,1
203113,2,2,0,0,0,2,9
201129,1,1,0,0,0,1,4
9902326,8,1,7,13,0,8,58
11287,4,2,2,2,0,4,9
9203216,4,4,0,0,4,0,0
9208254,6,1,5,7,6,0,0
9402309,2,1,1,1,2,0,0
202192,1,1,0,0,1,0,0
9402251,6,1,5,7,6,0,0
9406367,0,0,0,0,0,0,0
203080,1,1,0,0,0,1,4
9707373,5,2,3,6,0,5,6
106266,2,1,1,1,0,2,2
9707492,6,3,3,5,0,6,16
9609212,0,0,0,0,0,0,0
9403363,4,1,3,5,4,0,0
9406369,1,1,0,0,0,1,4
9808283,10,1,9,24,5,5,5
9504286,1,1,0,0,0,1,2
9703425,0,0,0,0,0,0,0
9208206,5,2,3,4,5,0,0
9510237,0,0,0,0,0,0,0
9808218,4,2,2,4,0,4,8
207372,0,0,0,0,0,0,0
109096,3,1,2,2,0,3,3
9810206,3,2,1,1,0,3,20
9607335,1,1,0,0,0,1,3
9503304,1,1,0,0,0,1,3
104074,10,2,8,16,0,10,84
202115,1,1,0,0,0,1,1
211293,0,0,0,0,0,0,0
9706276,1,1,0,0,0,1,2
9908479,1,1,0,0,0,1,1
106354,5,1,4,6,0,5,12
9801235,6,4,2,3,0,6,43
111418,11,1,10,50,1,10,54
9611394,0,0,0,0,0,0,0
106124,6,1,5,10,0,6,73
9708394,1,1,0,0,1,0,0
9508314,2,2,0,0,2,0,0
9905278,1,1,0,0,1,0,0
9505387,9,1,8,26,9,0,0
9606421,2,1,1,1,0,2,14
5172,10,2,8,18,0,10,45
10199,0,0,0,0,0,0,0
9804450,3,3,0,0,0,3,26
9511212,2,1,1,1,2,0,0
9504263,2,2,0,0,0,2,7
9802262,5,3,2,2,1,4,19
12277,2,2,0,0,2,0,0
9811206,0,0,0,0,0,0,0
9303224,4,1,3,4,4,0,0
5083,4,2,2,2,0,4,12
9606318,4,1,3,5,4,0,0
207242,0,0,0,0,0,0,0
9611325,10,2,8,35,0,10,40
9711232,0,0,0,0,0,0,0
9706404,3,1,2,3,3,0,0
9904329,0,0,0,0,0,0,0
1057,1,1,0,0,0,1,2
9310327,7,7,0,0,1,6,6
2113,0,0,0,0,0,0,0
9711333,9,2,7,22,1,8,14
9909473,6,3,3,6,0,6,6
9503436,3,1,2,3,3,0,0
110242,6,2,4,6,0,6,48
9406332,4,1,3,4,4,0,0
9907399,13,1,12,29,2,11,11
9911504,5,5,0,0,0,5,40
9507264,1,1,0,0,0,1,2
9412239,1,1,0,0,0,1,5
9610455,0,0,0,0,0,0,0
9702327,8,2,6,17,0,8,14
9510205,1,1,0,0,1,0,0
203012,0,0,0,0,0,0,0
9605382,10,1,9,21,10,0,0
9802235,1,1,0,0,1,0,0
9502264,2,2,0,0,2,0,0
105173,0,0,0,0,0,0,0
12274,9,2,7,25,0,9,25
211266,3,3,0,0,0,3,40
9807346,2,1,1,1,0,2,12
7134,2,1,1,1,1,1,1
9812328,7,2,5,13,1,6,6
302102,0,0,0,0,0,0,0
9407400,3,1,2,2,3,0,0
9611282,5,2,3,5,0,5,9
9612324,2,2,0,0,0,2,2
9812230,7,1,6,17,1,6,6
205215,0,0,0,0,0,0,0
9305235,0,0,0,0,0,0,0
206009,1,1,0,0,0,1,8
9907518,2,2,0,0,0,2,3
103094,3,2,1,1,1,2,2
9405314,0,0,0,0,0,0,0
9809262,3,1,2,2,0,3,15
204211,1,1,0,0,0,1,2
12255,1,1,0,0,0,1,1
205338,0,0,0,0,0,0,0
9803337,1,1,0,0,0,1,1
9704451,0,0,0,0,0,0,0
108246,2,1,1,1,0,2,15
209231,0,0,0,0,0,0,0
9701353,9,1,8,23,9,0,0
9608246,3,2,1,1,0,3,3
9807446,3,1,2,2,0,3,6
212280,0,0,0,0,0,0,0
9906408,4,2,2,3,0,4,4
202113,1,1,0,0,0,1,3
9219,3,1,2,3,0,3,17
207258,0,0,0,0,0,0,0
9509251,1,1,0,0,1,0,0
9902314,0,0,0,0,0,0,0
9079,2,1,1,1,2,0,0
106198,8,3,5,10,0,8,18
5208,4,1,3,3,4,0,0
9606439,0,0,0,0,0,0,0
9812518,4,2,2,2,0,4,19
9406401,3,2,1,1,1,2,2
9205202,5,2,3,4,5,0,0
9503473,9,1,8,19,9,0,0
9510435,1,1,0,0,1,0,0
103121,5,1,4,8,2,3,3
9211282,6,2,4,8,6,0,0
9601305,0,0,0,0,0,0,0
9911353,1,1,0,0,0,1,8
6069,2,2,0,0,2,0,0
210075,1,1,0,0,0,1,2
9903218,7,1,6,6,0,7,20
9708291,0,0,0,0,0,0,0
12012,0,0,0,0,0,0,0
1017,0,0,0,0,0,0,0
9803230,0,0,0,0,0,0,0
9401349,1,1,0,0,1,0,0
9601266,0,0,0,0,0,0,0
8165,1,1,0,0,1,0,0
208030,0,0,0,0,0,0,0
207348,6,2,4,10,0,6,59
9702256,8,2,6,14,5,3,3
3195,0,0,0,0,0,0,0
9311255,6,4,2,4,0,6,6
12337,0,0,0,0,0,0,0
9904505,10,3,7,21,3,7,18
9310329,4,2,2,3,4,0,0
9711291,1,1,0,0,0,1,1
9507268,5,1,4,8,2,3,3
9502238,7,2,5,10,0,7,7
9909504,2,1,1,1,0,2,10
9307253,4,4,0,0,4,0,0
9602300,2,2,0,0,2,0,0
207310,3,3,0,0,0,3,6
9603442,7,2,5,9,6,1,1
9407230,1,1,0,0,1,0,0
210123,1,1,0,0,0,1,7
9809283,2,2,0,0,2,0,0
9407271,0,0,0,0,0,0,0
202013,4,1,3,3,0,4,16
9809258,1,1,0,0,1,0,0
207051,0,0,0,0,0,0,0
9209274,4,3,1,1,4,0,0
9906356,4,2,2,2,1,3,3
110319,1,1,0,0,0,1,1
9605304,2,2,0,0,0,2,5
210304,3,1,2,3,0,3,11
9612428,2,1,1,1,0,2,4
9905313,0,0,0,0,0,0,0
9903345,6,3,3,7,2,4,4
9211254,6,1,5,15,6,0,0
202201,2,2,0,0,0,2,3
204131,0,0,0,0,0,0,0
207248,1,1,0,0,0,1,3
9411268,3,1,2,3,3,0,0
211195,1,1,0,0,0,1,1
201310,1,1,0,0,0,1,8
9208212,1,1,0,0,1,0,0
9808287,1,1,0,0,0,1,1
9504415,3,2,1,1,3,0,0
204238,0,0,0,0,0,0,0
9709265,1,1,0,0,1,0,0
9310371,1,1,0,0,1,0,0
9705372,11,1,10,27,1,10,16
3293,0,0,0,0,0,0,0
9903449,0,0,0,0,0,0,0
8335,1,1,0,0,0,1,3
6262,3,1,2,3,0,3,3
9506257,1,1,0,0,1,0,0
101241,4,1,3,5,0,4,5
205276,1,1,0,0,0,1,2
9901431,2,1,1,1,0,2,12
9908530,1,1,0,0,0,1,1
111200,1,1,0,0,0,1,5
8235,1,1,0,0,0,1,3
9611237,2,1,1,1,0,2,4
10262,0,0,0,0,0,0,0
9501300,2,1,1,1,0,2,2
9407267,2,1,1,1,2,0,0
9604230,2,2,0,0,0,2,4
103265,3,1,2,3,0,3,11
208234,0,0,0,0,0,0,0
9510426,1,1,0,0,0,1,1
9801413,1,1,0,0,1,0,0
9909547,3,1,2,3,3,0,0
9407332,2,2,0,0,2,0,0
2073,0,0,0,0,0,0,0
4222,1,1,0,0,0,1,1
9409344,4,2,2,3,0,4,19
7116,3,1,2,3,0,3,8
9405336,4,1,3,4,4,0,0
9503441,4,2,2,4,4,0,0
9806222,0,0,0,0,0,0,0
9903325,4,2,2,4,0,4,9
109082,2,1,1,1,0,2,4
9907276,0,0,0,0,0,0,0
9505231,3,1,2,2,0,3,3
104180,0,0,0,0,0,0,0
9710404,2,1,1,1,0,2,4
10327,1,1,0,0,0,1,3
206014,0,0,0,0,0,0,0
9606273,3,1,2,3,3,0,0
8138,0,0,0,0,0,0,0
3167,7,2,5,10,0,7,57
9602318,1,1,0,0,1,0,0
9708468,1,1,0,0,0,1,4
209269,5,2,3,4,0,5,74
104261,10,2,8,23,1,9,35
10257,4,1,3,5,0,4,8
9712538,2,2,0,0,2,0,0
205048,4,2,2,4,4,0,0
9605212,1,1,0,0,1,0,0
9904362,1,1,0,0,0,1,2
10118,1,1,0,0,0,1,5
9810532,2,2,0,0,2,0,0
2263,0,0,0,0,0,0,0
9607280,5,2,3,3,2,3,3
9703282,0,0,0,0,0,0,0
9810446,7,2,5,7,3,4,4
9510256,2,2,0,0,2,0,0
9809331,3,1,2,2,1,2,4
209190,3,1,2,3,0,3,30
108204,1,1,0,0,0,1,2
9503483,0,0,0,0,0,0,0
105261,0,0,0,0,0,0,0
9301247,4,1,3,3,4,0,0
203054,0,0,0,0,0,0,0
9710407,1,1,0,0,0,1,5
205220,1,1,0,0,0,1,2
206105,1,1,0,0,0,1,5
105077,3,2,1,1,0,3,67
101014,2,1,1,1,0,2,7
111246,3,2,1,2,3,0,0
204102,0,0,0,0,0,0,0
9707268,1,1,0,0,0,1,1
8210,0,0,0,0,0,0,0
101090,1,1,0,0,1,0,0
9911338,2,2,0,0,2,0,0
9911473,2,1,1,1,0,2,2
9310272,1,1,0,0,0,1,2
9712334,0,0,0,0,0,0,0
9211263,1,1,0,0,1,0,0
9509233,0,0,0,0,0,0,0
9706305,1,1,0,0,1,0,0
9807551,3,2,1,1,3,0,0
9806239,1,1,0,0,0,1,2
9602279,1,1,0,0,1,0,0
9905537,1,1,0,0,1,0,0
109137,0,0,0,0,0,0,0
7280,1,1,0,0,0,1,9
9911238,0,0,0,0,0,0,0
208075,0,0,0,0,0,0,0
201044,1,1,0,0,0,1,6
210060,1,1,0,0,0,1,8
9801266,0,0,0,0,0,0,0
9712367,0,0,0,0,0,0,0
302162,0,0,0,0,0,0,0
9910323,1,1,0,0,0,1,10
9404274,4,3,1,1,4,0,0
9311365,2,2,0,0,2,0,0
9901321,5,4,1,2,0,5,18
109145,0,0,0,0,0,0,0
9911319,0,0,0,0,0,0,0
1084,2,2,0,0,0,2,11
211328,0,0,0,0,0,0,0
207131,0,0,0,0,0,0,0
212130,1,1,0,0,1,0,0
9707374,1,1,0,0,0,1,2
203064,1,1,0,0,0,1,3
206195,1,1,0,0,0,1,3
9710395,0,0,0,0,0,0,0
106185,2,2,0,0,2,0,0
9809387,1,1,0,0,0,1,1
112134,2,2,0,0,0,2,6
301085,0,0,0,0,0,0,0
9909372,0,0,0,0,0,0,0
9609521,1,1,0,0,0,1,2
101095,0,0,0,0,0,0,0
302039,0,0,0,0,0,0,0
9805460,4,1,3,3,0,4,17
9707265,1,1,0,0,0,1,3
9403285,4,1,3,6,4,0,0
9212266,3,1,2,2,3,0,0
210078,3,3,0,0,0,3,6
205345,5,2,3,3,0,5,36
106132,6,1,5,13,0,6,21
9512347,1,1,0,0,1,0,0
11231,2,1,1,1,2,0,0
9408394,1,1,0,0,1,0,0
9610486,2,1,1,1,0,2,2
210122,0,0,0,0,0,0,0
6265,0,0,0,0,0,0,0
9909536,0,0,0,0,0,0,0
10113,1,1,0,0,1,0,0
10310,2,2,0,0,2,0,0
12011,0,0,0,0,0,0,0
5056,2,1,1,1,2,0,0
9908356,2,1,1,1,2,0,0
9604261,3,1,2,2,1,2,4
204064,2,2,0,0,0,2,10
9606369,6,5,1,1,3,3,3
9908228,0,0,0,0,0,0,0
9304261,2,2,0,0,2,0,0
9707304,0,0,0,0,0,0,0
9609531,0,0,0,0,0,0,0
9905229,0,0,0,0,0,0,0
9802254,1,1,0,0,1,0,0
9811436,1,1,0,0,0,1,2
9305238,1,1,0,0,1,0,0
9806477,3,2,1,1,0,3,8
9909528,0,0,0,0,0,0,0
212095,0,0,0,0,0,0,0
9811444,1,1,0,0,1,0,0
1316,0,0,0,0,0,0,0
9707321,1,1,0,0,0,1,3
101179,1,1,0,0,1,0,0
107029,2,1,1,1,2,0,0
9809484,0,0,0,0,0,0,0
9711385,1,1,0,0,0,1,2
9705363,2,1,1,1,2,0,0
101056,0,0,0,0,0,0,0
4003,4,2,2,3,0,4,17
205088,2,2,0,0,0,2,22
9906387,6,6,0,0,0,6,6
9904306,0,0,0,0,0,0,0
9406344,1,1,0,0,0,1,2
9606269,1,1,0,0,1,0,0
205272,3,1,2,3,3,0,0
9311216,3,1,2,3,3,0,0
9802213,1,1,0,0,0,1,2
9505336,5,1,4,5,5,0,0
9503460,0,0,0,0,0,0,0
211159,0,0,0,0,0,0,0
9302256,5,4,1,1,5,0,0
212121,0,0,0,0,0,0,0
9303209,2,1,1,1,2,0,0
203220,4,1,3,4,0,4,14
205347,1,1,0,0,1,0,0
9507384,1,1,0,0,0,1,2
11361,0,0,0,0,0,0,0
102311,1,1,0,0,0,1,1
9307211,0,0,0,0,0,0,0
111208,3,1,2,3,1,2,4
9509343,3,3,0,0,3,0,0
110378,2,1,1,1,2,0,0
101055,1,1,0,0,0,1,1
9912547,6,2,4,8,6,0,0
9712240,4,3,1,1,4,0,0
6004,1,1,0,0,0,1,3
9604400,1,1,0,0,1,0,0
11269,1,1,0,0,1,0,0
9911271,1,1,0,0,0,1,5
12213,4,1,3,4,4,0,0
9411251,1,1,0,0,1,0,0
102153,3,1,2,3,0,3,27
9310208,4,3,1,1,4,0,0
9612344,1,1,0,0,1,0,0
208136,2,2,0,0,0,2,15
210312,0,0,0,0,0,0,0
301055,1,1,0,0,0,1,9
9409234,0,0,0,0,0,0,0
9512402,0,0,0,0,0,0,0
204155,2,1,1,1,1,1,1
9807546,1,1,0,0,0,1,2
9810224,1,1,0,0,0,1,3
9306302,0,0,0,0,0,0,0
202220,0,0,0,0,0,0,0
9607211,3,1,2,2,3,0,0
111040,1,1,0,0,1,0,0
203255,2,2,0,0,2,0,0
9511293,1,1,0,0,1,0,0
9712408,1,1,0,0,0,1,3
105305,2,1,1,1,2,0,0
9311241,0,0,0,0,0,0,0
1208,1,1,0,0,0,1,1
9311310,0,0,0,0,0,0,0
6352,2,1,1,1,0,2,8
201215,0,0,0,0,0,0,0
9911532,0,0,0,0,0,0,0
301014,2,2,0,0,0,2,31
7209,0,0,0,0,0,0,0
8240,3,2,1,1,3,0,0
9808259,0,0,0,0,0,0,0
9506444,1,1,0,0,0,1,2
9601283,2,1,1,1,0,2,2
212250,0,0,0,0,0,0,0
9706485,1,1,0,0,0,1,1
209307,0,0,0,0,0,0,0
4103,1,1,0,0,1,0,0
301095,0,0,0,0,0,0,0
9811309,2,1,1,1,2,0,0
9805205,1,1,0,0,1,0,0
9510221,1,1,0,0,1,0,0
9903263,1,1,0,0,0,1,1
9505297,1,1,0,0,0,1,1
1193,1,1,0,0,0,1,1
9505305,1,1,0,0,1,0,0
9811449,0,0,0,0,0,0,0
204139,2,1,1,1,0,2,7
9809507,2,1,1,1,0,2,17
9612371,0,0,0,0,0,0,0
9706338,2,2,0,0,2,0,0
110311,1,1,0,0,0,1,6
2189,0,0,0,0,0,0,0
9409207,4,1,3,4,4,0,0
9504400,2,1,1,1,2,0,0
9607261,1,1,0,0,1,0,0
212390,0,0,0,0,0,0,0
9812434,1,1,0,0,1,0,0
103293,2,1,1,1,0,2,5
9801451,1,1,0,0,0,1,2
9408379,1,1,0,0,1,0,0
5207,0,0,0,0,0,0,0
201033,0,0,0,0,0,0,0
9607460,0,0,0,0,0,0,0
9902333,0,0,0,0,0,0,0
11088,5,1,4,7,5,0,0
302040,0,0,0,0,0,0,0
9708391,3,2,1,1,0,3,12
9810407,0,0,0,0,0,0,0
9802347,1,1,0,0,0,1,1
204356,0,0,0,0,0,0,0
108243,2,1,1,1,1,1,1
2076,0,0,0,0,0,0,0
212157,0,0,0,0,0,0,0
9905434,1,1,0,0,1,0,0
301184,0,0,0,0,0,0,0
10248,2,1,1,1,0,2,4
201156,1,1,0,0,0,1,11
9801373,0,0,0,0,0,0,0
9909446,2,1,1,1,0,2,4
1042,2,1,1,1,0,2,2
9412357,1,1,0,0,1,0,0
212024,0,0,0,0,0,0,0
9206238,2,2,0,0,2,0,0
9806312,0,0,0,0,0,0,0
210266,0,0,0,0,0,0,0
9707359,1,1,0,0,1,0,0
9606376,0,0,0,0,0,0,0
9912543,1,1,0,0,1,0,0
209133,0,0,0,0,0,0,0
110231,0,0,0,0,0,0,0
9802377,2,1,1,1,2,0,0
9812217,1,1,0,0,1,0,0
212005,1,1,0,0,0,1,4
9510428,1,1,0,0,0,1,2
208155,1,1,0,0,0,1,1
9406394,1,1,0,0,1,0,0
9910443,1,1,0,0,1,0,0
9608409,0,0,0,0,0,0,0
9904331,1,1,0,0,1,0,0
9510414,0,0,0,0,0,0,0
9904229,1,1,0,0,0,1,5
9153,0,0,0,0,0,0,0
9307230,3,2,1,1,3,0,0
212309,0,0,0,0,0,0,0
9507373,1,1,0,0,0,1,1
10299,2,2,0,0,2,0,0
9904205,0,0,0,0,0,0,0
9706432,0,0,0,0,0,0,0
9902275,3,1,2,3,3,0,0
6065,3,2,1,1,3,0,0
9810342,1,1,0,0,1,0,0
9810276,0,0,0,0,0,0,0
106181,1,1,0,0,0,1,11
212311,0,0,0,0,0,0,0
208206,0,0,0,0,0,0,0
9811429,0,0,0,0,0,0,0
9611241,0,0,0,0,0,0,0
9307362,2,2,0,0,2,0,0
106205,0,0,0,0,0,0,0
9610263,0,0,0,0,0,0,0
9807412,1,1,0,0,0,1,7
104026,0,0,0,0,0,0,0
9706302,0,0,0,0,0,0,0
209032,0,0,0,0,0,0,0
9406376,0,0,0,0,0,0,0
205253,0,0,0,0,0,0,0
9512360,0,0,0,0,0,0,0
9908491,0,0,0,0,0,0,0
9801267,0,0,0,0,0,0,0
7356,2,2,0,0,1,1,1
108194,1,1,0,0,0,1,3
203052,0,0,0,0,0,0,0
10045,0,0,0,0,0,0,0
9905468,0,0,0,0,0,0,0
9706308,1,1,0,0,0,1,1
6082,0,0,0,0,0,0,0
302191,2,2,0,0,0,2,3
5150,0,0,0,0,0,0,0
208022,0,0,0,0,0,0,0
105223,0,0,0,0,0,0,0
9907366,0,0,0,0,0,0,0
9906219,0,0,0,0,0,0,0
1078,0,0,0,0,0,0,0
2085,2,1,1,1,2,0,0
9206263,2,1,1,1,2,0,0
107088,0,0,0,0,0,0,0
9803278,0,0,0,0,0,0,0
109237,0,0,0,0,0,0,0
9801396,1,1,0,0,1,0,0
9504362,1,1,0,0,0,1,2
112167,0,0,0,0,0,0,0
202139,2,2,0,0,2,0,0
9601331,0,0,0,0,0,0,0
209023,0,0,0,0,0,0,0
108233,1,1,0,0,1,0,0
9712208,0,0,0,0,0,0,0
9605254,0,0,0,0,0,0,0
9912310,4,1,3,3,1,3,3
9403202,1,1,0,0,1,0,0
202171,1,1,0,0,1,0,0
204035,0,0,0,0,0,0,0
9402211,0,0,0,0,0,0,0
9801288,0,0,0,0,0,0,0
9301271,2,2,0,0,2,0,0
9911287,1,1,0,0,1,0,0
9606441,1,1,0,0,1,0,0
9604240,2,2,0,0,2,0,0
109289,0,0,0,0,0,0,0
212299,1,1,0,0,0,1,6
107267,2,1,1,1,0,2,16
9812293,0,0,0,0,0,0,0
110188,1,1,0,0,0,1,13
2265,0,0,0,0,0,0,0
9611291,0,0,0,0,0,0,0
9403278,0,0,0,0,0,0,0
104165,3,1,2,2,3,0,0
9511368,0,0,0,0,0,0,0
9608208,1,1,0,0,0,1,1
109198,1,1,0,0,0,1,1
212016,0,0,0,0,0,0,0
9909520,1,1,0,0,0,1,1
9409214,0,0,0,0,0,0,0
9507317,0,0,0,0,0,0,0
8121,1,1,0,0,1,0,0
9508389,0,0,0,0,0,0,0
9908517,0,0,0,0,0,0,0
204233,0,0,0,0,0,0,0
9910538,0,0,0,0,0,0,0
9712529,0,0,0,0,0,0,0
9804448,1,1,0,0,1,0,0
10259,0,0,0,0,0,0,0
302217,0,0,0,0,0,0,0
9705316,0,0,0,0,0,0,0
208020,0,0,0,0,0,0,0
302046,0,0,0,0,0,0,0
11046,0,0,0,0,0,0,0
210409,0,0,0,0,0,0,0
9810290,2,1,1,1,2,0,0
9907361,0,0,0,0,0,0,0
11018,0,0,0,0,0,0,0
9405312,0,0,0,0,0,0,0
11162,0,0,0,0,0,0,0
103143,0,0,0,0,0,0,0
204026,0,0,0,0,0,0,0
12375,2,1,1,1,0,2,2
9402222,0,0,0,0,0,0,0
9208261,1,1,0,0,1,0,0
9407217,1,1,0,0,1,0,0
101270,0,0,0,0,0,0,0
2251,1,1,0,0,1,0,0
9807437,0,0,0,0,0,0,0
9308312,1,1,0,0,1,0,0
1024,0,0,0,0,0,0,0
9611270,2,2,0,0,1,1,1
209298,0,0,0,0,0,0,0
111424,1,1,0,0,1,0,0
103029,1,1,0,0,0,1,3
9610241,0,0,0,0,0,0,0
6166,1,1,0,0,1,0,0
9904217,0,0,0,0,0,0,0
210254,0,0,0,0,0,0,0
9806227,0,0,0,0,0,0,0
9609278,1,1,0,0,0,1,1
5271,1,1,0,0,0,1,1
207016,0,0,0,0,0,0,0
9113,0,0,0,0,0,0,0
208002,0,0,0,0,0,0,0
9702271,0,0,0,0,0,0,0
109031,0,0,0,0,0,0,0
11170,0,0,0,0,0,0,0
111134,1,1,0,0,0,1,1
204249,0,0,0,0,0,0,0
104212,0,0,0,0,0,0,0
105202,0,0,0,0,0,0,0
9407325,2,2,0,0,2,0,0
211043,1,1,0,0,0,1,6
9402359,0,0,0,0,0,0,0
9808435,0,0,0,0,0,0,0
9406233,1,1,0,0,1,0,0
9502343,0,0,0,0,0,0,0
210225,0,0,0,0,0,0,0
211289,0,0,0,0,0,0,0
9411320,0,0,0,0,0,0,0
11344,0,0,0,0,0,0,0
9911259,1,1,0,0,1,0,0
103255,0,0,0,0,0,0,0
211009,0,0,0,0,0,0,0
9354,0,0,0,0,0,0,0
9708401,1,1,0,0,1,0,0
9611392,0,0,0,0,0,0,0
9809488,0,0,0,0,0,0,0
9907448,0,0,0,0,0,0,0
210356,0,0,0,0,0,0,0
9909403,0,0,0,0,0,0,0
209310,0,0,0,0,0,0,0
9606283,1,1,0,0,1,0,0
211189,0,0,0,0,0,0,0
9705247,0,0,0,0,0,0,0
110112,0,0,0,0,0,0,0
9253,0,0,0,0,0,0,0
9608312,1,1,0,0,1,0,0
103191,0,0,0,0,0,0,0
9406415,0,0,0,0,0,0,0
9709471,0,0,0,0,0,0,0
9806458,1,1,0,0,1,0,0
201270,1,1,0,0,1,0,0
9809528,0,0,0,0,0,0,0
9412223,1,1,0,0,1,0,0
203191,0,0,0,0,0,0,0
204346,0,0,0,0,0,0,0
210217,0,0,0,0,0,0,0
9607342,1,1,0,0,1,0,0
212050,0,0,0,0,0,0,0
302262,0,0,0,0,0,0,0
108151,0,0,0,0,0,0,0
9609519,0,0,0,0,0,0,0
207190,0,0,0,0,0,0,0
9509425,0,0,0,0,0,0,0
9707288,0,0,0,0,0,0,0
9707370,0,0,0,0,0,0,0
9805267,0,0,0,0,0,0,0
9701337,1,1,0,0,1,0,0
9806264,0,0,0,0,0,0,0
9407256,0,0,0,0,0,0,0
9712326,0,0,0,0,0,0,0
9605373,1,1,0,0,1,0,0
9608410,1,1,0,0,1,0,0
302026,0,0,0,0,0,0,0
106043,0,0,0,0,0,0,0
212066,0,0,0,0,0,0,0
9411227,0,0,0,0,0,0,0
105259,1,1,0,0,1,0,0
9805290,0,0,0,0,0,0,0
9512209,0,0,0,0,0,0,0
211448,0,0,0,0,0,0,0
9803468,1,1,0,0,1,0,0
211238,0,0,0,0,0,0,0
301052,0,0,0,0,0,0,0
9908234,0,0,0,0,0,0,0
210365,0,0,0,0,0,0,0
209342,0,0,0,0,0,0,0
204241,0,0,0,0,0,0,0
210082,0,0,0,0,0,0,0
9211321,51,3,48,589,51,0,0
9403384,17,4,13,64,17,0,0
9502254,4,1,3,5,2,2,6
9604309,11,2,9,29,0,11,32
9705398,19,3,16,77,0,19,126
9712319,23,1,22,90,0,23,79
106315,13,4,9,19,0,13,62
9508343,56,1,55,650,4,52,168
9502370,3,1,2,2,3,0,0
9801208,22,2,20,117,22,0,0
9308325,19,1,18,92,19,0,0
9807216,37,3,34,279,37,0,0
2096,4,3,1,1,0,4,53
9906487,35,1,34,309,0,35,197
9703465,27,3,24,155,0,27,40
9911524,25,2,23,134,0,25,216
102306,2,2,0,0,1,1,1
9712468,10,3,7,14,0,10,41
9504292,24,1,23,90,0,24,116
9808270,14,2,12,43,0,14,35
9309252,6,2,4,10,6,0,0
9608415,4,3,1,2,0,4,16
9503204,10,1,9,28,10,0,0
7208,22,4,18,65,0,22,498
6146,13,1,12,38,0,13,59
9611229,11,3,8,20,0,11,51
7080,2,1,1,1,0,2,5
9507284,18,1,17,81,1,17,27
11179,8,2,6,17,0,8,31
9905464,17,1,16,78,0,17,17
9406428,15,1,14,72,3,12,12
9709232,15,3,12,31,0,15,43
9312272,16,5,11,31,0,16,61
9803315,65,2,63,1028,65,0,0
9209245,20,2,18,133,20,0,0
9704383,13,2,11,31,13,0,0
9706285,20,2,18,83,0,20,82
9610534,24,1,23,183,24,0,0
9711309,15,2,13,47,0,15,57
9711303,2,1,1,1,2,0,0
9909572,4,1,3,3,1,3,3
9312228,7,1,6,19,7,0,0
9512206,14,2,12,55,14,0,0
9402350,1,1,0,0,1,0,0
9405410,29,4,25,138,0,29,142
9212305,16,2,14,83,16,0,0
9612250,7,2,5,10,2,5,5
9911367,14,1,13,55,0,14,14
9410218,6,1,5,7,6,0,0
9906389,2,1,1,1,0,2,27
9806391,5,2,3,6,0,5,17
9901319,21,2,19,117,0,21,243
9612264,10,1,9,25,0,10,15
9709442,31,1,30,137,0,31,141
9808444,51,2,49,737,0,51,179
9605342,7,2,5,14,0,7,32
110285,0,0,0,0,0,0,0
9409246,4,1,3,4,4,0,0
9508211,11,3,8,25,2,9,15
9505289,8,2,6,12,0,8,87
9810442,36,2,34,363,36,0,0
9405278,3,1,2,3,0,3,3
9608336,5,3,2,3,0,5,18
9406315,10,2,8,25,5,5,5
9707511,7,4,3,3,1,6,16
9412209,13,1,12,59,13,0,0
9610545,7,2,5,14,7,0,0
9905381,12,1,11,26,0,12,132
9709485,5,2,3,7,5,0,0
9706507,10,2,8,18,0,10,10
9605451,7,1,6,11,0,7,63
9602324,8,1,7,21,1,7,20
9503463,26,1,25,180,17,9,9
9408229,9,2,7,25,9,0,0
12333,15,1,14,37,0,15,129
9906469,12,1,11,35,12,0,0
9804273,9,2,7,23,0,9,69
9501356,8,4,4,15,0,8,79
102157,46,2,44,415,0,46,254
9411444,14,2,12,43,5,9,9
9512252,37,2,35,354,0,37,106
106207,22,2,20,127,22,0,0
9610339,6,1,5,12,6,0,0
9801437,5,2,3,3,1,4,4
9902483,11,1,10,34,3,8,17
9807349,8,1,7,14,0,8,33
9810409,26,2,24,224,0,26,94
9603330,1,1,0,0,1,0,0
103330,0,0,0,0,0,0,0
9906265,6,1,5,12,0,6,88
9903298,23,1,22,105,0,23,96
10104,6,2,4,5,0,6,25
5232,28,1,27,224,0,28,144
201206,13,2,11,31,0,13,61
111052,10,1,9,35,0,10,30
1302,3,2,1,1,0,3,3
212269,3,3,0,0,0,3,8
9909294,1,1,0,0,1,0,0
9302220,2,2,0,0,1,1,3
9707436,8,2,6,15,0,8,20
9908369,7,3,4,7,0,7,74
9403257,13,2,11,41,13,0,0
9610540,28,3,25,149,0,28,117
9302290,8,2,6,13,1,7,7
9412215,11,3,8,34,8,3,3
9903447,15,4,11,41,0,15,149
9511324,3,2,1,1,1,2,2
9604209,6,1,5,11,0,6,16
9604237,20,3,17,55,0,20,92
9707484,4,3,1,1,0,4,14
9702333,14,2,12,44,0,14,24
9302239,12,2,10,39,12,0,0
9705239,0,0,0,0,0,0,0
3178,6,1,5,10,0,6,81
9307364,25,1,24,179,25,0,0
9808265,19,1,18,83,0,19,187
9603417,23,1,22,130,1,22,39
9303215,1,1,0,0,1,0,0
9403254,11,3,8,25,11,0,0
9809487,6,1,5,8,2,4,8
9712302,39,2,37,276,0,39,83
9602378,11,2,9,42,7,4,4
9708248,5,2,3,6,5,0,0
9410375,5,2,3,6,5,0,0
9712473,5,2,3,7,0,5,43
9908446,8,2,6,13,0,8,49
9611249,2,1,1,1,1,1,3
5044,8,1,7,10,0,8,37
9904492,4,1,3,6,0,4,6
9505233,9,1,8,12,9,0,0
9605395,2,1,1,1,2,0,0
9706476,18,4,14,70,0,18,112
9410212,2,1,1,1,2,0,0
9604410,8,1,7,14,0,8,8
9705469,10,3,7,32,0,10,129
9507208,0,0,0,0,0,0,0
9609457,5,3,2,2,0,5,10
103179,3,2,1,1,0,3,14
2282,6,3,3,5,0,6,19
9909231,3,2,1,1,0,3,10
9902267,5,1,4,8,5,0,0
9812387,0,0,0,0,0,0,0
9510393,15,4,11,43,0,15,81
9904310,12,3,9,27,0,12,55
203266,7,2,5,11,0,7,33
10276,0,0,0,0,0,0,0
9806412,5,2,3,3,0,5,5
9506317,38,1,37,331,2,36,71
7213,7,3,4,8,0,7,21
110203,2,1,1,1,0,2,8
9903462,13,1,12,44,0,13,90
12346,6,1,5,11,0,6,28
9408407,14,1,13,72,3,11,11
9511282,0,0,0,0,0,0,0
7062,1,1,0,0,1,0,0
9503246,2,2,0,0,2,0,0
9908358,10,2,8,24,0,10,228
9908516,19,1,18,86,0,19,145
101264,1,1,0,0,0,1,8
9402295,10,2,8,29,1,9,17
205296,1,1,0,0,0,1,4
9309266,24,4,20,96,1,23,86
9709315,2,1,1,1,0,2,8
9704322,19,3,16,67,0,19,200
3271,5,2,3,5,1,4,6
9503296,8,1,7,22,2,6,6
6045,4,2,2,3,0,4,22
9503404,5,1,4,8,2,3,3
7012,7,1,6,15,0,7,34
9509327,36,1,35,340,13,23,23
9803456,1,1,0,0,0,1,2
9311285,13,1,12,34,0,13,13
9610271,3,2,1,2,0,3,4
9507329,16,4,12,37,0,16,59
9703313,18,2,16,90,1,17,17
108228,0,0,0,0,0,0,0
9610433,8,2,6,11,0,8,12
9212225,3,2,1,1,3,0,0
9907495,10,2,8,20,0,10,35
9804462,18,2,16,89,0,18,72
2118,0,0,0,0,0,0,0
9602208,15,1,14,76,0,15,47
9307216,2,2,0,0,0,2,2
9711263,1,1,0,0,0,1,4
9309210,6,2,4,6,6,0,0
9912295,7,2,5,9,0,7,57
9401256,4,4,0,0,4,0,0
9409296,9,1,8,23,9,0,0
4171,3,3,0,0,0,3,47
9406337,5,2,3,5,5,0,0
9902469,1,1,0,0,0,1,2
207319,1,1,0,0,0,1,2
103004,0,0,0,0,0,0,0
9405399,8,1,7,17,8,0,0
10192,15,4,11,25,0,15,102
103286,7,2,5,8,0,7,17
9707256,17,1,16,40,0,17,92
103127,5,1,4,10,0,5,32
9205201,5,3,2,2,5,0,0
9509374,8,1,7,12,8,0,0
9703335,10,2,8,21,1,9,17
9701406,6,1,5,9,0,6,30
9505277,8,2,6,11,0,8,12
9911479,4,1,3,5,0,4,11
9502318,5,4,1,1,0,5,15
9403393,1,1,0,0,0,1,1
103242,10,1,9,19,0,10,40
9809506,12,2,10,39,0,12,50
9303321,11,5,6,16,11,0,0
9160,3,1,2,2,0,3,20
9405420,8,1,7,24,0,8,20
9811327,1,1,0,0,1,0,0
9907265,3,1,2,3,1,2,2
9407229,2,1,1,1,1,1,1
9807229,7,1,6,14,0,7,7
6038,0,0,0,0,0,0,0
108021,31,1,30,186,0,31,217
202233,4,3,1,1,0,4,9
11393,16,1,15,61,0,16,65
9811252,16,1,15,81,8,8,8
103062,9,1,8,28,9,0,0
9906341,5,3,2,2,0,5,67
9407350,13,1,12,41,13,0,0
9409436,9,1,8,19,1,8,13
9403223,17,1,16,80,17,0,0
9710220,1,1,0,0,0,1,1
9806255,8,3,5,10,0,8,22
106112,15,2,13,43,0,15,250
9612328,5,1,4,4,0,5,11
9804223,7,1,6,16,7,0,0
9508264,9,1,8,20,2,7,7
9905571,11,2,9,23,0,11,79
9703435,3,1,2,3,3,0,0
9410343,8,2,6,17,0,8,11
9803222,1,1,0,0,0,1,1
9412275,3,1,2,3,3,0,0
106094,3,1,2,3,0,3,13
9407391,1,1,0,0,0,1,1
9502270,14,2,12,54,14,0,0
9509237,4,4,0,0,4,0,0
9608477,7,2,5,9,0,7,7
302014,1,1,0,0,1,0,0
112273,8,3,5,11,0,8,148
9805204,1,1,0,0,0,1,2
9811498,16,3,13,70,0,16,29
9504352,3,2,1,1,3,0,0
9604314,3,2,1,1,3,0,0
9706546,1,1,0,0,0,1,2
9702262,5,1,4,6,2,3,3
107148,2,1,1,1,2,0,0
9603339,2,2,0,0,2,0,0
9612369,1,1,0,0,1,0,0
9506478,0,0,0,0,0,0,0
9902372,12,2,10,40,1,11,16
9911250,1,1,0,0,1,0,0
9408223,4,2,2,3,4,0,0
9410231,9,1,8,17,9,0,0
11238,12,1,11,30,0,12,55
3031,1,1,0,0,0,1,6
9603279,15,2,13,49,15,0,0
9807570,5,2,3,3,2,3,3
4066,11,3,8,20,0,11,17
9912366,6,1,5,6,0,6,24
211065,0,0,0,0,0,0,0
9902412,3,2,1,2,0,3,9
7031,18,1,17,65,0,18,32
9909374,3,1,2,2,0,3,9
9704291,2,1,1,1,0,2,12
9602310,2,1,1,1,0,2,2
9409410,4,4,0,0,4,0,0
9808306,2,2,0,0,0,2,2
9802356,3,2,1,1,0,3,4
9607237,5,1,4,7,1,4,10
9508259,18,2,16,58,0,18,18
110355,0,0,0,0,0,0,0
111218,1,1,0,0,0,1,1
110334,0,0,0,0,0,0,0
9806499,9,1,8,16,0,9,22
9604277,6,1,5,13,1,5,5
9905486,4,2,2,3,0,4,35
9909275,0,0,0,0,0,0,0
9611253,15,3,12,43,0,15,42
9806429,3,2,1,1,0,3,32
9902355,10,3,7,12,0,10,49
9406264,2,2,0,0,1,1,1
6044,1,1,0,0,0,1,1
9910542,2,1,1,1,0,2,2
9803354,0,0,0,0,0,0,0
9504332,9,4,5,7,0,9,38
9708211,3,1,2,3,0,3,8
10195,10,3,7,17,0,10,79
9909291,0,0,0,0,0,0,0
5090,2,1,1,1,0,2,2
9607240,3,2,1,1,1,2,2
12058,8,1,7,10,8,0,0
9306325,8,3,5,16,8,0,0
9406342,4,1,3,3,4,0,0
9605442,2,1,1,1,1,1,1
9302223,6,1,5,13,6,0,0
9611331,4,3,1,1,4,0,0
9403349,1,1,0,0,1,0,0
1110,0,0,0,0,0,0,0
9403297,7,1,6,17,0,7,16
9404210,0,0,0,0,0,0,0
207364,2,1,1,1,0,2,14
9602422,2,2,0,0,2,0,0
9605309,2,1,1,1,0,2,4
9509358,7,3,4,7,0,7,15
9707334,4,1,3,6,4,0,0
5250,3,2,1,1,0,3,5
9604235,5,1,4,4,0,5,13
9505259,5,2,3,8,0,5,10
105053,3,1,2,2,3,0,0
6106,2,2,0,0,0,2,6
9911304,4,1,3,6,0,4,42
2231,0,0,0,0,0,0,0
106330,3,2,1,1,0,3,9
11244,4,2,2,2,0,4,32
9605418,4,1,3,4,4,0,0
11372,1,1,0,0,0,1,2
6092,1,1,0,0,1,0,0
9602430,1,1,0,0,1,0,0
12060,1,1,0,0,1,0,0
105297,7,3,4,9,7,0,0
9603377,17,2,15,62,0,17,27
7223,12,4,8,22,0,12,61
9411280,2,2,0,0,0,2,7
107126,0,0,0,0,0,0,0
110089,2,1,1,1,2,0,0
204273,1,1,0,0,0,1,5
8223,2,1,1,1,0,2,6
9905350,5,1,4,4,0,5,33
12004,1,1,0,0,0,1,2
9602288,0,0,0,0,0,0,0
9402325,3,1,2,2,0,3,3
9407376,3,3,0,0,2,1,1
207193,1,1,0,0,1,0,0
9609496,6,3,3,3,1,5,5
9310307,4,1,3,6,4,0,0
105323,6,1,5,13,6,0,0
103155,3,1,2,3,0,3,15
108067,3,2,1,2,0,3,6
9709490,1,1,0,0,1,0,0
9606408,2,2,0,0,2,0,0
9407337,4,1,3,5,4,0,0
9212299,4,1,3,4,4,0,0
9805364,0,0,0,0,0,0,0
9408292,1,1,0,0,0,1,2
9305283,6,4,2,4,6,0,0
9507458,1,1,0,0,0,1,1
9304262,4,4,0,0,4,0,0
9902446,3,1,2,3,0,3,5
5193,1,1,0,0,0,1,4
211040,1,1,0,0,0,1,2
9908413,7,2,5,11,0,7,40
9610290,1,1,0,0,0,1,3
9411249,7,3,4,9,0,7,7
4128,5,1,4,6,0,5,15
2164,2,1,1,1,2,0,0
210014,2,1,1,1,0,2,4
9403239,6,1,5,9,6,0,0
102003,2,1,1,1,0,2,4
9501257,5,1,4,10,2,3,8
4266,2,1,1,1,0,2,3
112101,10,1,9,40,0,10,50
210374,1,1,0,0,0,1,5
106319,8,2,6,18,0,8,107
103140,0,0,0,0,0,0,0
9407301,1,1,0,0,1,0,0
9309215,1,1,0,0,1,0,0
9508262,9,1,8,22,0,9,13
9406247,0,0,0,0,0,0,0
8295,13,6,7,28,0,13,112
9343,3,3,0,0,0,3,12
9801277,0,0,0,0,0,0,0
108074,4,1,3,3,0,4,19
9701246,1,1,0,0,0,1,1
9803493,3,1,2,3,0,3,14
9909497,0,0,0,0,0,0,0
9709358,1,1,0,0,1,0,0
9510447,0,0,0,0,0,0,0
103177,0,0,0,0,0,0,0
9702355,3,1,2,2,0,3,6
108005,12,1,11,30,0,12,43
104301,2,1,1,1,0,2,4
9706497,2,2,0,0,0,2,12
9807418,1,1,0,0,0,1,3
9910457,0,0,0,0,0,0,0
1003,5,2,3,3,0,5,10
9407290,5,4,1,4,0,5,16
9803403,7,1,6,11,0,7,18
9712415,5,1,4,8,5,0,0
9907341,8,1,7,15,8,0,0
9611369,2,1,1,1,0,2,4
110035,9,1,8,16,0,9,74
9510282,1,1,0,0,0,1,2
9909512,5,2,3,4,0,5,7
9306279,0,0,0,0,0,0,0
9310256,5,3,2,5,3,2,2
9611259,1,1,0,0,0,1,24
106087,0,0,0,0,0,0,0
9703241,11,3,8,29,0,11,38
9508210,1,1,0,0,1,0,0
9910406,3,2,1,1,0,3,14
9910560,4,1,3,3,0,4,8
9402313,1,1,0,0,1,0,0
9411331,1,1,0,0,1,0,0
9909524,1,1,0,0,0,1,4
102064,6,1,5,8,0,6,19
212227,0,0,0,0,0,0,0
9506469,3,2,1,1,0,3,7
6182,2,1,1,1,0,2,2
301062,0,0,0,0,0,0,0
210258,1,1,0,0,0,1,4
9908349,1,1,0,0,0,1,2
9712358,2,2,0,0,0,2,4
9605455,3,1,2,2,3,0,0
9903245,6,1,5,7,0,6,59
204353,3,2,1,1,0,3,4
9709310,0,0,0,0,0,0,0
102113,3,2,1,1,0,3,24
8320,0,0,0,0,0,0,0
109151,0,0,0,0,0,0,0
9312222,1,1,0,0,1,0,0
9712202,0,0,0,0,0,0,0
104072,2,1,1,1,0,2,3
110282,1,1,0,0,0,1,5
205158,1,1,0,0,1,0,0
9901366,0,0,0,0,0,0,0
9601361,4,1,3,4,0,4,8
9911491,5,1,4,6,0,5,23
207122,1,1,0,0,0,1,3
9812363,6,1,5,7,2,4,4
9807262,0,0,0,0,0,0,0
3116,0,0,0,0,0,0,0
8238,1,1,0,0,0,1,4
9909220,1,1,0,0,0,1,1
202276,2,2,0,0,0,2,6
102332,7,2,5,20,0,7,31
202186,1,1,0,0,1,0,0
108130,0,0,0,0,0,0,0
109186,6,3,3,3,0,6,20
9081,2,1,1,1,2,0,0
2290,7,1,6,11,0,7,7
9905260,0,0,0,0,0,0,0
9208231,6,3,3,4,6,0,0
9510359,11,3,8,21,0,11,25
9501249,0,0,0,0,0,0,0
9705265,1,1,0,0,0,1,2
9607215,8,1,7,11,0,8,8
9810299,3,1,2,3,3,0,0
207356,13,1,12,53,2,11,18
9308341,3,2,1,1,3,0,0
9506411,3,2,1,1,0,3,22
101205,5,1,4,7,0,5,88
9705207,2,1,1,1,2,0,0
9507210,6,3,3,4,6,0,0
9811334,8,1,7,13,0,8,12
9212220,2,2,0,0,2,0,0
5051,4,1,3,4,0,4,16
9909494,1,1,0,0,1,0,0
7272,7,3,4,6,0,7,7
101059,0,0,0,0,0,0,0
9908346,0,0,0,0,0,0,0
204129,5,1,4,5,0,5,30
9606485,1,1,0,0,1,0,0
205061,8,1,7,23,0,8,24
9711354,5,3,2,3,0,5,8
2057,2,2,0,0,0,2,2
9608369,3,1,2,3,0,3,7
101183,1,1,0,0,0,1,2
110345,1,1,0,0,0,1,5
9607301,1,1,0,0,0,1,2
9806353,2,1,1,1,0,2,2
9508225,4,1,3,5,4,0,0
9411286,10,1,9,22,10,0,0
9707443,0,0,0,0,0,0,0
212001,0,0,0,0,0,0,0
9505261,1,1,0,0,1,0,0
210322,0,0,0,0,0,0,0
9408218,3,1,2,2,0,3,11
9604329,2,1,1,1,2,0,0
205191,1,1,0,0,0,1,7
9704408,5,2,3,5,5,0,0
205308,1,1,0,0,0,1,8
108127,0,0,0,0,0,0,0
9411201,3,2,1,1,1,2,2
103161,4,2,2,3,0,4,13
9710285,1,1,0,0,0,1,1
9909242,1,1,0,0,0,1,1
206036,1,1,0,0,0,1,4
1304,4,2,2,4,0,4,15
112274,4,2,2,2,0,4,16
9710322,5,2,3,6,0,5,9
9209289,5,4,1,1,5,0,0
9807393,1,1,0,0,0,1,17
11047,1,1,0,0,0,1,2
206293,2,2,0,0,0,2,9
9911408,2,2,0,0,2,0,0
9709445,2,1,1,1,2,0,0
9603220,0,0,0,0,0,0,0
105279,2,1,1,1,0,2,8
9712214,0,0,0,0,0,0,0
9509364,1,1,0,0,0,1,1
101260,2,1,1,1,0,2,26
9611409,3,1,2,2,3,0,0
8248,1,1,0,0,1,0,0
9707483,1,1,0,0,1,0,0
9709502,5,2,3,5,2,3,6
9807261,10,3,7,18,2,8,20
9210206,3,2,1,1,3,0,0
9905478,0,0,0,0,0,0,0
9710549,4,1,3,6,4,0,0
10147,2,1,1,1,0,2,8
1150,2,2,0,0,2,0,0
101219,3,1,2,2,3,0,0
7111,3,3,0,0,0,3,4
9904454,2,1,1,1,0,2,15
106296,0,0,0,0,0,0,0
6247,0,0,0,0,0,0,0
9805239,0,0,0,0,0,0,0
9804291,1,1,0,0,0,1,1
6212,4,4,0,0,0,4,9
8190,0,0,0,0,0,0,0
9809435,0,0,0,0,0,0,0
9407374,4,2,2,2,4,0,0
10341,1,1,0,0,0,1,4
9805447,2,2,0,0,0,2,15
101239,0,0,0,0,0,0,0
9802226,2,2,0,0,0,2,2
110087,0,0,0,0,0,0,0
9609375,1,1,0,0,0,1,3
9907478,4,4,0,0,0,4,29
9910308,3,2,1,1,3,0,0
9508220,3,1,2,3,0,3,14
207208,0,0,0,0,0,0,0
9212273,0,0,0,0,0,0,0
9911352,0,0,0,0,0,0,0
9910460,0,0,0,0,0,0,0
9911346,2,1,1,1,0,2,3
205083,4,1,3,4,0,4,14
9508327,2,2,0,0,0,2,4
9601202,3,2,1,1,1,2,4
9304290,4,1,3,4,4,0,0
9804230,1,1,0,0,0,1,3
9804460,3,2,1,1,0,3,4
12003,3,1,2,2,1,2,2
9801227,0,0,0,0,0,0,0
8276,0,0,0,0,0,0,0
9804304,16,1,15,71,0,16,136
9602341,1,1,0,0,0,1,2
9605459,3,2,1,2,3,0,0
210332,3,2,1,1,0,3,42
110113,7,2,5,14,0,7,31
102124,5,2,3,4,0,5,13
9801402,2,2,0,0,0,2,2
3021,6,1,5,11,0,6,55
9610463,2,2,0,0,0,2,13
9709374,3,2,1,1,3,0,0
6031,2,1,1,1,0,2,8
9506366,0,0,0,0,0,0,0
201004,5,2,3,4,1,4,10
9511443,4,1,3,4,4,0,0
9701363,2,2,0,0,0,2,2
110142,3,2,1,1,0,3,26
9906371,2,2,0,0,0,2,9
103340,1,1,0,0,0,1,2
210195,1,1,0,0,0,1,11
9410384,5,2,3,4,5,0,0
9410224,1,1,0,0,1,0,0
5292,4,3,1,1,0,4,7
9711316,4,3,1,1,1,3,6
106047,2,2,0,0,2,0,0
9607341,3,2,1,1,0,3,5
111473,0,0,0,0,0,0,0
208202,0,0,0,0,0,0,0
9501248,0,0,0,0,0,0,0
8334,5,1,4,7,5,0,0
9807507,1,1,0,0,1,0,0
9905235,1,1,0,0,1,0,0
9509261,2,1,1,1,2,0,0
9510267,3,2,1,1,3,0,0
207224,3,1,2,2,0,3,19
9904360,4,1,3,3,0,4,9
9910480,0,0,0,0,0,0,0
109019,0,0,0,0,0,0,0
12050,3,1,2,3,0,3,7
9707493,1,1,0,0,1,0,0
9707452,0,0,0,0,0,0,0
9902227,0,0,0,0,0,0,0
9804267,3,2,1,1,0,3,8
9609418,2,1,1,1,2,0,0
9705471,0,0,0,0,0,0,0
9609354,0,0,0,0,0,0,0
9707221,4,3,1,2,0,4,7
9806337,1,1,0,0,0,1,4
9405332,4,3,1,2,4,0,0
9712533,3,1,2,2,0,3,3
12049,6,4,2,2,0,6,32
207346,4,1,3,5,0,4,25
9708434,1,1,0,0,1,0,0
9812536,0,0,0,0,0,0,0
111255,1,1,0,0,1,0,0
9809253,0,0,0,0,0,0,0
9804312,0,0,0,0,0,0,0
9711226,2,2,0,0,0,2,3
9903440,3,1,2,3,0,3,3
9609425,0,0,0,0,0,0,0
9606403,7,1,6,15,6,1,1
9812446,4,1,3,4,0,4,12
5131,4,1,3,3,0,4,8
210183,0,0,0,0,0,0,0
9702255,2,2,0,0,2,0,0
9804308,0,0,0,0,0,0,0
6314,1,1,0,0,0,1,7
9709424,7,2,5,6,7,0,0
9706393,1,1,0,0,0,1,6
9911227,1,1,0,0,0,1,2
12257,2,1,1,1,1,1,1
212298,1,1,0,0,0,1,4
212381,0,0,0,0,0,0,0
3266,4,2,2,2,0,4,7
9909298,1,1,0,0,1,0,0
103332,3,3,0,0,0,3,27
209062,1,1,0,0,1,0,0
9605466,0,0,0,0,0,0,0
9801401,0,0,0,0,0,0,0
9309242,2,1,1,1,2,0,0
102216,2,2,0,0,1,1,1
112124,1,1,0,0,0,1,1
9308372,0,0,0,0,0,0,0
12069,0,0,0,0,0,0,0
9807460,1,1,0,0,1,0,0
9901340,3,1,2,3,3,0,0
9412358,1,1,0,0,1,0,0
103129,0,0,0,0,0,0,0
106305,1,1,0,0,0,1,3
106056,0,0,0,0,0,0,0
302085,0,0,0,0,0,0,0
9809422,1,1,0,0,1,0,0
106233,2,2,0,0,2,0,0
2129,0,0,0,0,0,0,0
110376,0,0,0,0,0,0,0
1123,1,1,0,0,1,0,0
9603292,0,0,0,0,0,0,0
103099,4,1,3,6,0,4,4
9709409,0,0,0,0,0,0,0
9510275,1,1,0,0,1,0,0
111270,0,0,0,0,0,0,0
9601213,1,1,0,0,1,0,0
9310260,2,1,1,1,2,0,0
11382,0,0,0,0,0,0,0
9408231,1,1,0,0,1,0,0
9509405,3,1,2,3,3,0,0
202185,0,0,0,0,0,0,0
9704411,0,0,0,0,0,0,0
9806495,2,1,1,1,2,0,0
211272,1,1,0,0,0,1,8
9811506,0,0,0,0,0,0,0
9711329,3,1,2,2,0,3,6
9304282,1,1,0,0,1,0,0
209074,2,2,0,0,0,2,34
107091,1,1,0,0,0,1,1
9703204,1,1,0,0,0,1,1
9609334,1,1,0,0,0,1,3
5057,0,0,0,0,0,0,0
9711482,2,2,0,0,2,0,0
211053,0,0,0,0,0,0,0
301101,0,0,0,0,0,0,0
9309308,1,1,0,0,1,0,0
9807382,5,4,1,1,1,4,8
110156,3,2,1,1,1,2,2
9904461,2,2,0,0,2,0,0
210430,2,1,1,1,0,2,4
112341,1,1,0,0,0,1,7
301089,0,0,0,0,0,0,0
9507438,3,2,1,1,0,3,3
9204235,2,1,1,1,2,0,0
10061,0,0,0,0,0,0,0
9612246,0,0,0,0,0,0,0
206238,1,1,0,0,0,1,10
9402242,1,1,0,0,1,0,0
302260,0,0,0,0,0,0,0
9909326,1,1,0,0,1,0,0
9408297,2,1,1,1,2,0,0
3029,0,0,0,0,0,0,0
110248,1,1,0,0,0,1,1
9709206,0,0,0,0,0,0,0
9803252,3,1,2,3,3,0,0
111279,0,0,0,0,0,0,0
111358,1,1,0,0,0,1,1
9904230,2,1,1,1,2,0,0
101022,0,0,0,0,0,0,0
9902259,5,3,2,4,1,4,4
9711462,0,0,0,0,0,0,0
9602204,1,1,0,0,1,0,0
9809255,5,2,3,5,5,0,0
110416,1,1,0,0,0,1,5
105021,3,2,1,1,0,3,4
105153,0,0,0,0,0,0,0
104030,5,1,4,9,0,5,10
111050,1,1,0,0,1,0,0
9612420,1,1,0,0,1,0,0
211404,1,1,0,0,0,1,19
302010,0,0,0,0,0,0,0
301165,0,0,0,0,0,0,0
9401218,0,0,0,0,0,0,0
9406216,1,1,0,0,1,0,0
210057,1,1,0,0,1,0,0
212402,0,0,0,0,0,0,0
107247,0,0,0,0,0,0,0
9210239,2,2,0,0,2,0,0
9608431,0,0,0,0,0,0,0
9710429,0,0,0,0,0,0,0
108257,2,2,0,0,2,0,0
206263,2,2,0,0,0,2,2
9603367,0,0,0,0,0,0,0
9709236,3,2,1,1,0,3,7
9505280,1,1,0,0,0,1,2
6305,0,0,0,0,0,0,0
9504228,3,2,1,1,3,0,0
9906320,1,1,0,0,1,0,0
11011,1,1,0,0,0,1,3
101349,0,0,0,0,0,0,0
9211274,1,1,0,0,1,0,0
212175,0,0,0,0,0,0,0
7175,1,1,0,0,1,0,0
11004,0,0,0,0,0,0,0
5182,0,0,0,0,0,0,0
9411353,3,2,1,1,3,0,0
203160,1,1,0,0,0,1,7
203046,1,1,0,0,0,1,3
204072,0,0,0,0,0,0,0
205239,1,1,0,0,0,1,12
10301,1,1,0,0,0,1,5
211138,1,1,0,0,1,0,0
9901344,3,3,0,0,0,3,9
9806285,1,1,0,0,1,0,0
211402,0,0,0,0,0,0,0
9806329,2,1,1,1,2,0,0
301122,0,0,0,0,0,0,0
112070,1,1,0,0,1,0,0
105208,1,1,0,0,0,1,4
9912502,0,0,0,0,0,0,0
211275,1,1,0,0,0,1,3
9911508,0,0,0,0,0,0,0
7143,0,0,0,0,0,0,0
212258,0,0,0,0,0,0,0
109187,0,0,0,0,0,0,0
9607356,0,0,0,0,0,0,0
210153,0,0,0,0,0,0,0
9803350,2,2,0,0,0,2,2
9912291,0,0,0,0,0,0,0
9304293,2,2,0,0,2,0,0
105220,0,0,0,0,0,0,0
212091,0,0,0,0,0,0,0
9701380,0,0,0,0,0,0,0
9506466,0,0,0,0,0,0,0
9907573,2,2,0,0,2,0,0
9808490,0,0,0,0,0,0,0
9603269,1,1,0,0,0,1,1
110233,0,0,0,0,0,0,0
204175,3,2,1,2,0,3,8
6267,0,0,0,0,0,0,0
9602382,0,0,0,0,0,0,0
9411288,1,1,0,0,0,1,1
9701290,0,0,0,0,0,0,0
209247,0,0,0,0,0,0,0
203184,1,1,0,0,0,1,1
9905426,0,0,0,0,0,0,0
212139,0,0,0,0,0,0,0
9905490,1,1,0,0,1,0,0
109219,0,0,0,0,0,0,0
9704384,3,1,2,2,1,2,6
9503355,2,1,1,1,0,2,7
9409347,0,0,0,0,0,0,0
212191,0,0,0,0,0,0,0
9709428,3,1,2,3,3,0,0
9710498,0,0,0,0,0,0,0
9905356,2,2,0,0,2,0,0
204293,0,0,0,0,0,0,0
9808279,0,0,0,0,0,0,0
202142,1,1,0,0,0,1,7
111206,1,1,0,0,0,1,7
9603209,1,1,0,0,1,0,0
204282,1,1,0,0,0,1,15
9409233,0,0,0,0,0,0,0
12249,0,0,0,0,0,0,0
9710315,1,1,0,0,1,0,0
9909331,0,0,0,0,0,0,0
301270,0,0,0,0,0,0,0
9412394,2,1,1,1,2,0,0
109280,0,0,0,0,0,0,0
9605369,1,1,0,0,0,1,2
9804466,0,0,0,0,0,0,0
9912244,0,0,0,0,0,0,0
7163,3,2,1,1,0,3,30
9908461,3,1,2,2,0,3,6
9505424,5,3,2,3,0,5,12
9909407,2,2,0,0,2,0,0
207038,0,0,0,0,0,0,0
2131,0,0,0,0,0,0,0
105315,0,0,0,0,0,0,0
9906543,0,0,0,0,0,0,0
202045,0,0,0,0,0,0,0
9712522,0,0,0,0,0,0,0
9903493,2,2,0,0,0,2,7
110305,0,0,0,0,0,0,0
9905378,0,0,0,0,0,0,0
9711484,2,2,0,0,0,2,4
9705336,0,0,0,0,0,0,0
207337,1,1,0,0,0,1,4
109203,1,1,0,0,1,0,0
9702257,1,1,0,0,1,0,0
105012,0,0,0,0,0,0,0
207151,1,1,0,0,0,1,1
9808226,1,1,0,0,0,1,2
207328,1,1,0,0,1,0,0
212350,0,0,0,0,0,0,0
1313,3,2,1,1,3,0,0
207223,0,0,0,0,0,0,0
207134,1,1,0,0,0,1,4
9307208,4,4,0,0,4,0,0
302167,0,0,0,0,0,0,0
209261,0,0,0,0,0,0,0
9128,0,0,0,0,0,0,0
210161,1,1,0,0,0,1,19
107017,2,2,0,0,0,2,27
101319,3,2,1,1,1,2,4
207350,1,1,0,0,0,1,12
9911269,0,0,0,0,0,0,0
9505256,0,0,0,0,0,0,0
9910241,0,0,0,0,0,0,0
9708466,0,0,0,0,0,0,0
302201,0,0,0,0,0,0,0
201175,0,0,0,0,0,0,0
9711355,2,1,1,1,0,2,2
101189,0,0,0,0,0,0,0
9810207,0,0,0,0,0,0,0
9904239,0,0,0,0,0,0,0
9905294,3,3,0,0,3,0,0
9412318,2,1,1,1,2,0,0
9307349,2,1,1,1,2,0,0
206274,0,0,0,0,0,0,0
9812367,0,0,0,0,0,0,0
205139,0,0,0,0,0,0,0
208149,0,0,0,0,0,0,0
9403374,3,2,1,1,3,0,0
301256,0,0,0,0,0,0,0
206092,2,2,0,0,2,0,0
9510330,0,0,0,0,0,0,0
212058,0,0,0,0,0,0,0
9905393,0,0,0,0,0,0,0
9611403,0,0,0,0,0,0,0
9906466,1,1,0,0,1,0,0
9604347,4,1,3,5,4,0,0
209299,0,0,0,0,0,0,0
101265,1,1,0,0,0,1,3
211137,0,0,0,0,0,0,0
9807470,0,0,0,0,0,0,0
9505276,1,1,0,0,1,0,0
9504278,1,1,0,0,1,0,0
110139,0,0,0,0,0,0,0
302255,0,0,0,0,0,0,0
211120,0,0,0,0,0,0,0
9911384,1,1,0,0,0,1,1
9803381,1,1,0,0,0,1,1
206232,1,1,0,0,0,1,9
9810248,1,1,0,0,1,0,0
9810436,0,0,0,0,0,0,0
211119,0,0,0,0,0,0,0
9609293,0,0,0,0,0,0,0
9608474,0,0,0,0,0,0,0
11197,1,1,0,0,1,0,0
9310342,1,1,0,0,1,0,0
9606278,2,1,1,1,2,0,0
108045,2,1,1,1,2,0,0
10314,0,0,0,0,0,0,0
208244,0,0,0,0,0,0,0
12209,2,2,0,0,0,2,2
5087,0,0,0,0,0,0,0
9701258,0,0,0,0,0,0,0
9805350,0,0,0,0,0,0,0
9808450,1,1,0,0,1,0,0
9906355,0,0,0,0,0,0,0
9501235,0,0,0,0,0,0,0
302189,0,0,0,0,0,0,0
8192,0,0,0,0,0,0,0
3302,1,1,0,0,1,0,0
212079,0,0,0,0,0,0,0
211226,0,0,0,0,0,0,0
112048,0,0,0,0,0,0,0
9912432,0,0,0,0,0,0,0
9910450,1,1,0,0,1,0,0
209300,0,0,0,0,0,0,0
9912362,2,1,1,1,2,0,0
9909424,0,0,0,0,0,0,0
206236,1,1,0,0,1,0,0
1197,0,0,0,0,0,0,0
9910467,0,0,0,0,0,0,0
9809478,1,1,0,0,1,0,0
9804442,0,0,0,0,0,0,0
110244,2,1,1,1,0,2,2
109261,0,0,0,0,0,0,0
206277,1,1,0,0,0,1,7
112323,0,0,0,0,0,0,0
9602402,0,0,0,0,0,0,0
9411364,1,1,0,0,0,1,2
9806211,1,1,0,0,0,1,2
2028,0,0,0,0,0,0,0
9310362,0,0,0,0,0,0,0
9705313,0,0,0,0,0,0,0
109022,0,0,0,0,0,0,0
112092,1,1,0,0,0,1,1
9909252,2,1,1,1,0,2,7
4009,0,0,0,0,0,0,0
6194,1,1,0,0,1,0,0
9804374,0,0,0,0,0,0,0
112335,0,0,0,0,0,0,0
9907220,0,0,0,0,0,0,0
112311,0,0,0,0,0,0,0
12245,0,0,0,0,0,0,0
9611306,0,0,0,0,0,0,0
206281,0,0,0,0,0,0,0
202067,0,0,0,0,0,0,0
9905288,0,0,0,0,0,0,0
3237,1,1,0,0,1,0,0
8013,1,1,0,0,1,0,0
106317,0,0,0,0,0,0,0
206278,0,0,0,0,0,0,0
10340,1,1,0,0,1,0,0
206176,0,0,0,0,0,0,0
9809305,0,0,0,0,0,0,0
212342,1,1,0,0,0,1,9
9907232,0,0,0,0,0,0,0
9611390,0,0,0,0,0,0,0
9708322,0,0,0,0,0,0,0
9402339,1,1,0,0,0,1,1
206061,0,0,0,0,0,0,0
1063,1,1,0,0,1,0,0
212215,0,0,0,0,0,0,0
9911495,0,0,0,0,0,0,0
208062,0,0,0,0,0,0,0
201082,1,1,0,0,0,1,2
9909277,0,0,0,0,0,0,0
205236,0,0,0,0,0,0,0
9905385,0,0,0,0,0,0,0
109209,0,0,0,0,0,0,0
9409365,0,0,0,0,0,0,0
207268,0,0,0,0,0,0,0
202108,0,0,0,0,0,0,0
9907244,0,0,0,0,0,0,0
212349,0,0,0,0,0,0,0
9807365,0,0,0,0,0,0,0
202187,0,0,0,0,0,0,0
9802333,0,0,0,0,0,0,0
4097,1,1,0,0,0,1,8
112164,0,0,0,0,0,0,0
112193,1,1,0,0,0,1,2
9509331,2,2,0,0,2,0,0
9303310,1,1,0,0,1,0,0
212239,0,0,0,0,0,0,0
9612218,0,0,0,0,0,0,0
109216,0,0,0,0,0,0,0
9706539,1,1,0,0,1,0,0
210029,0,0,0,0,0,0,0
103347,0,0,0,0,0,0,0
206227,0,0,0,0,0,0,0
9907402,0,0,0,0,0,0,0
9801254,1,1,0,0,1,0,0
301006,0,0,0,0,0,0,0
105342,0,0,0,0,0,0,0
9811452,0,0,0,0,0,0,0
108019,0,0,0,0,0,0,0
9310220,0,0,0,0,0,0,0
4088,0,0,0,0,0,0,0
9612484,0,0,0,0,0,0,0
9505312,0,0,0,0,0,0,0
208059,0,0,0,0,0,0,0
9605372,0,0,0,0,0,0,0
205055,0,0,0,0,0,0,0
103073,0,0,0,0,0,0,0
9802385,0,0,0,0,0,0,0
9512257,0,0,0,0,0,0,0
9608429,1,1,0,0,1,0,0
212296,0,0,0,0,0,0,0
9907313,0,0,0,0,0,0,0
9295,1,1,0,0,0,1,5
9309336,1,1,0,0,1,0,0
9706264,0,0,0,0,0,0,0
109273,0,0,0,0,0,0,0
9404351,1,1,0,0,1,0,0
103268,0,0,0,0,0,0,0
9912233,0,0,0,0,0,0,0
302024,0,0,0,0,0,0,0
9708451,0,0,0,0,0,0,0
210309,0,0,0,0,0,0,0
201312,0,0,0,0,0,0,0
9809516,0,0,0,0,0,0,0
9710369,0,0,0,0,0,0,0
9708236,0,0,0,0,0,0,0
9212203,47,2,45,567,47,0,0
9903535,23,3,20,107,16,7,7
9502335,5,1,4,5,0,5,14
9609326,10,3,7,16,0,10,39
9706412,7,3,4,10,0,7,34
9805254,27,1,26,113,0,27,79
1002,34,5,29,171,0,34,428
9812472,44,2,42,294,0,44,384
9503268,4,1,3,3,0,4,7
9801209,23,3,20,116,23,0,0
9407248,9,1,8,20,1,8,16
9807228,35,1,34,245,35,0,0
9302316,54,3,51,621,54,0,0
9906516,24,2,22,125,0,24,132
9803299,34,2,32,215,0,34,144
9907234,13,3,10,29,0,13,271
9601241,2,1,1,1,2,0,0
9804261,4,1,3,5,0,4,20
9504312,20,1,19,79,0,20,88
9903302,9,1,8,22,0,9,40
9501247,7,3,4,8,0,7,10
9810232,8,2,6,10,0,8,59
9504387,10,2,8,26,10,0,0
7313,12,2,10,23,0,12,235
7338,9,2,7,17,1,8,18
9611243,12,1,11,41,0,12,105
111376,0,0,0,0,0,0,0
9603448,21,1,20,102,7,14,14
110350,0,0,0,0,0,0,0
9906374,15,1,14,59,0,15,36
9601384,15,1,14,62,0,15,26
6107,0,0,0,0,0,0,0
9403397,17,4,13,36,0,17,86
9804398,61,1,60,991,8,53,53
9212235,38,3,35,350,13,25,61
9704424,10,1,9,22,10,0,0
9706297,17,2,15,63,0,17,76
9701294,29,1,28,245,9,20,20
9711427,20,2,18,96,0,20,78
9811478,3,2,1,1,0,3,4
107071,7,1,6,16,3,4,4
9812378,9,1,8,26,3,6,6
9507326,12,3,9,30,4,8,8
9610277,1,1,0,0,0,1,1
9407394,22,2,20,88,1,21,93
9402278,10,2,8,23,1,9,23
9711335,5,4,1,2,0,5,7
9804224,22,3,19,110,22,0,0
9508280,12,1,11,22,2,10,21
9906485,8,3,5,11,0,8,104
9809440,6,1,5,10,1,5,7
9906287,19,0,19,92,0,19,79
101032,15,1,14,46,1,14,55
9711223,26,4,22,81,0,26,133
9810509,43,2,41,494,0,43,168
9209239,15,3,12,50,15,0,0
9506309,4,2,2,2,2,2,2
105150,10,2,8,13,0,10,141
9508242,1,1,0,0,0,1,3
9510377,8,3,5,11,0,8,95
9612261,1,1,0,0,0,1,7
9411233,10,2,8,17,7,3,3
9703443,8,2,6,16,0,8,21
9607414,15,2,13,69,0,15,48
101331,2,2,0,0,0,2,4
9611374,21,1,20,126,13,8,8
9701216,6,2,4,8,1,5,5
9812260,11,2,9,30,5,6,8
9804228,8,2,6,13,0,8,24
9505422,15,2,13,49,15,0,0
9204238,10,2,8,25,10,0,0
9704260,5,1,4,9,0,5,25
9505405,24,1,23,138,14,10,10
9604387,20,2,18,110,20,0,0
101250,3,1,2,2,0,3,27
9912231,16,1,15,60,2,14,21
9403264,17,3,14,86,17,0,0
9503307,14,4,10,35,0,14,86
102204,47,2,45,446,0,47,204
9602236,7,2,5,9,1,6,10
9904413,20,3,17,56,0,20,238
106247,19,1,18,88,1,18,25
9612332,11,2,9,28,11,0,0
9210242,5,1,4,6,5,0,0
5025,0,0,0,0,0,0,0
9809552,5,1,4,5,1,4,12
9901201,20,2,18,142,0,20,57
9504394,1,1,0,0,1,0,0
2169,1,1,0,0,1,0,0
9812483,20,2,18,96,0,20,214
9903400,28,1,27,167,0,28,227
9807236,12,2,10,29,10,2,2
9907494,2,1,1,1,0,2,4
207004,10,2,8,20,0,10,55
111069,19,1,18,101,0,19,136
9908330,6,2,4,9,6,0,0
7100,9,1,8,16,0,9,12
8333,1,1,0,0,0,1,13
9206216,3,1,2,3,3,0,0
9311340,9,3,6,18,9,0,0
204311,2,1,1,1,0,2,9
9809371,6,1,5,11,1,5,7
9612447,48,3,45,398,9,39,48
9307316,7,1,6,13,1,6,10
9402208,6,1,5,12,6,0,0
9905296,15,1,14,67,0,15,143
9303302,3,1,2,3,3,0,0
9605327,12,1,11,32,0,12,34
9605462,4,1,3,3,0,4,44
9811216,1,1,0,0,0,1,2
9702359,19,2,17,75,0,19,69
9306220,10,1,9,26,10,0,0
9208236,20,1,19,75,20,0,0
7336,11,2,9,21,0,11,73
9708214,4,2,2,3,0,4,50
9808292,26,6,20,140,0,26,269
9801279,20,2,18,93,0,20,71
107095,1,1,0,0,1,0,0
9406206,5,2,3,8,0,5,5
9909432,6,1,5,11,3,3,3
9807421,23,3,20,94,0,23,173
9603206,21,1,20,133,15,6,6
9606463,2,2,0,0,0,2,5
9607315,5,1,4,8,3,2,2
9803237,17,3,14,53,0,17,91
9810453,1,1,0,0,0,1,2
9507339,3,1,2,3,3,0,0
5129,16,2,14,47,0,16,127
9803256,12,3,9,27,0,12,122
9602226,6,1,5,7,2,4,4
9612297,1,1,0,0,0,1,3
9707244,12,3,9,28,0,12,29
9410268,1,1,0,0,1,0,0
9610204,14,1,13,38,3,11,16
9708393,24,3,21,132,0,24,89
9406255,3,2,1,1,3,0,0
9804359,1,1,0,0,0,1,2
106168,1,1,0,0,0,1,7
3013,5,2,3,7,0,5,17
9909461,3,1,2,2,0,3,6
9903252,4,1,3,4,0,4,14
9602211,1,1,0,0,1,0,0
9605385,18,3,15,67,0,18,129
9903406,18,2,16,92,0,18,62
108217,11,2,9,27,11,0,0
9906272,1,1,0,0,1,0,0
9711426,6,1,5,8,6,0,0
9506425,23,2,21,115,23,0,0
9601303,8,2,6,13,2,6,6
9712257,4,1,3,6,0,4,6
102152,4,3,1,3,0,4,6
3262,7,1,6,16,0,7,11
9407296,13,4,9,30,0,13,39
9301277,5,1,4,5,5,0,0
9501236,3,1,2,2,3,0,0
9912377,0,0,0,0,0,0,0
9909377,8,1,7,15,0,8,231
9909315,19,2,17,72,0,19,193
102213,2,2,0,0,0,2,22
9507429,13,1,12,54,13,0,0
9801293,7,2,5,13,7,0,0
9204226,9,1,8,25,9,0,0
9706454,8,3,5,11,0,8,95
9704338,18,2,16,78,18,0,0
9904334,6,2,4,9,4,2,4
210061,0,0,0,0,0,0,0
9809337,12,3,9,19,0,12,69
9603261,9,1,8,29,7,2,2
9405380,6,1,5,10,6,0,0
9608270,23,1,22,143,1,22,22
9805281,5,4,1,2,0,5,15
9312237,9,2,7,13,0,9,9
111053,2,2,0,0,0,2,6
9507439,13,6,7,19,0,13,39
9709408,18,1,17,87,18,0,0
9401356,4,3,1,1,4,0,0
9701247,5,1,4,7,0,5,6
9701243,3,2,1,2,0,3,7
9602366,21,1,20,97,0,21,53
9909244,14,2,12,44,0,14,131
9603335,11,4,7,12,0,11,43
9603326,22,1,21,149,1,21,79
9308369,5,2,3,4,0,5,5
9509352,4,2,2,2,0,4,16
9509257,4,3,1,1,0,4,4
110414,1,1,0,0,1,0,0
9707259,23,2,21,81,2,21,73
9303308,2,2,0,0,1,1,1
9905222,2,2,0,0,0,2,32
9812275,3,3,0,0,0,3,11
9606383,9,3,6,10,0,9,65
109245,3,1,2,3,2,1,2
5088,1,1,0,0,1,0,0
9406397,7,1,6,10,0,7,7
4197,5,1,4,10,0,5,21
9405218,14,2,12,67,9,5,5
105262,0,0,0,0,0,0,0
103183,9,3,6,26,0,9,66
9205209,8,3,5,11,8,0,0
9510396,9,1,8,14,9,0,0
9802291,9,3,6,16,0,9,29
9908288,8,2,6,16,3,5,5
9604270,4,1,3,4,0,4,19
9706275,3,1,2,3,0,3,17
9612333,2,2,0,0,0,2,3
9280,0,0,0,0,0,0,0
201151,4,1,3,5,0,4,12
9912278,8,1,7,24,0,8,51
9303322,7,4,3,8,2,5,5
103110,6,4,2,2,0,6,26
9406238,6,1,5,13,0,6,21
3177,6,2,4,10,0,6,23
9905524,2,2,0,0,0,2,8
9502246,1,1,0,0,0,1,1
9901377,5,2,3,5,5,0,0
9701226,3,2,1,1,3,0,0
108139,27,2,25,107,0,27,246
104145,7,1,6,11,1,6,6
103007,4,1,3,5,0,4,39
112287,4,2,2,2,0,4,27
201224,16,3,13,62,16,0,0
9909281,2,1,1,1,0,2,29
9709344,12,2,10,28,8,4,4
9411207,9,1,8,20,0,9,16
9501333,10,2,8,25,0,10,27
9410391,0,0,0,0,0,0,0
9610310,7,1,6,12,2,5,7
106240,11,2,9,20,0,11,159
9704377,7,4,3,7,0,7,10
9902456,6,1,5,10,0,6,6
9601206,3,1,2,2,3,0,0
9809517,1,1,0,0,0,1,6
9612477,0,0,0,0,0,0,0
9507451,3,1,2,3,0,3,10
9712491,0,0,0,0,0,0,0
9512358,4,1,3,4,2,2,2
9708311,6,1,5,14,1,5,5
9306293,4,1,3,4,1,3,3
9504245,9,1,8,29,9,0,0
9505397,8,3,5,13,0,8,80
9807549,3,2,1,1,0,3,9
210162,0,0,0,0,0,0,0
9503442,16,1,15,76,16,0,0
9811257,0,0,0,0,0,0,0
9912238,13,2,11,45,0,13,37
112351,14,0,14,29,0,14,76
9604394,2,1,1,1,2,0,0
9902312,0,0,0,0,0,0,0
9806215,3,1,2,2,1,2,2
111287,1,1,0,0,0,1,2
9272,2,1,1,1,0,2,10
9811274,1,1,0,0,0,1,4
9403391,3,2,1,1,3,0,0
9610304,15,2,13,68,15,0,0
9810400,1,1,0,0,1,0,0
9408266,5,1,4,7,1,4,4
9609413,5,1,4,6,0,5,13
102013,23,2,21,110,0,23,140
12283,4,1,3,5,0,4,39
9902232,10,2,8,22,0,10,19
9807207,4,1,3,4,4,0,0
105277,7,1,6,15,2,5,7
204006,4,1,3,4,0,4,12
203029,5,1,4,5,0,5,8
9706522,11,3,8,18,1,10,10
7315,15,1,14,44,0,15,41
111150,11,2,9,28,0,11,67
9710229,1,1,0,0,0,1,3
9510219,3,1,2,3,3,0,0
9809480,3,2,1,2,2,1,1
9702332,1,1,0,0,1,0,0
9303303,5,1,4,5,5,0,0
9706232,6,2,4,10,1,5,14
9512427,17,1,16,41,0,17,30
6292,1,1,0,0,0,1,4
108077,5,3,2,2,5,0,0
9710381,1,1,0,0,1,0,0
9808211,4,1,3,4,0,4,11
9604282,5,1,4,8,0,5,9
10325,5,2,3,5,0,5,54
9701221,1,1,0,0,1,0,0
9704415,18,3,15,62,1,17,50
9503341,0,0,0,0,0,0,0
9905463,4,4,0,0,0,4,20
9411304,4,2,2,2,2,2,2
9807294,4,2,2,2,4,0,0
9905576,2,1,1,1,0,2,13
9303296,5,2,3,4,5,0,0
9506427,6,5,1,1,0,6,16
9706441,0,0,0,0,0,0,0
11143,4,2,2,3,0,4,35
9704410,4,3,1,1,4,0,0
9810386,6,1,5,9,6,0,0
9804392,1,1,0,0,0,1,1
12348,7,4,3,3,0,7,7
301003,0,0,0,0,0,0,0
9908431,0,0,0,0,0,0,0
9611410,1,1,0,0,0,1,1
9505438,9,1,8,23,3,6,7
9703325,1,1,0,0,0,1,1
9706510,1,1,0,0,1,0,0
1092,2,2,0,0,2,0,0
9501258,6,1,5,12,6,0,0
211307,0,0,0,0,0,0,0
1254,1,1,0,0,0,1,9
101224,0,0,0,0,0,0,0
9605378,2,1,1,1,0,2,6
9704268,8,2,6,16,0,8,38
9712260,3,1,2,3,0,3,3
9812316,8,3,5,5,0,8,14
9604253,3,2,1,1,0,3,6
9809443,14,4,10,17,0,14,96
9905354,1,1,0,0,1,0,0
9609369,8,1,7,18,8,0,0
9912420,3,1,2,3,0,3,28
9411250,5,2,3,5,5,0,0
107301,1,1,0,0,0,1,5
9707229,1,1,0,0,0,1,1
9607311,2,1,1,1,0,2,2
9908492,3,2,1,1,3,0,0
9811268,5,2,3,5,0,5,10
9712450,1,1,0,0,1,0,0
9602409,6,2,4,8,0,6,9
206038,8,1,7,13,0,8,28
9609207,14,3,11,38,0,14,47
1075,10,2,8,20,0,10,15
9506480,3,2,1,2,0,3,16
9902260,3,2,1,1,3,0,0
205234,2,1,1,1,1,1,1
5148,1,1,0,0,0,1,5
106326,4,1,3,5,0,4,8
12232,10,2,8,16,0,10,29
9705228,9,1,8,15,0,9,47
9502223,2,2,0,0,2,0,0
9510202,6,5,1,2,2,4,6
12324,1,1,0,0,0,1,1
209001,1,1,0,0,1,0,0
9803416,3,3,0,0,0,3,5
9311307,3,1,2,3,0,3,4
106044,9,2,7,20,3,6,13
9306306,7,1,6,17,7,0,0
9503494,4,1,3,5,4,0,0
9707531,1,1,0,0,1,0,0
9607234,2,2,0,0,2,0,0
9904402,2,1,1,1,0,2,4
9401265,3,2,1,1,0,3,3
9503279,2,1,1,1,2,0,0
9712275,0,0,0,0,0,0,0
9507469,6,2,4,4,6,0,0
9711304,1,1,0,0,0,1,1
9304292,3,3,0,0,3,0,0
12128,1,1,0,0,0,1,6
9608451,2,1,1,1,2,0,0
9412374,5,2,3,5,5,0,0
9806268,5,3,2,2,3,2,2
9611227,1,1,0,0,0,1,1
9406249,8,1,7,16,8,0,0
7008,7,3,4,9,0,7,47
9805264,6,2,4,7,0,6,50
211290,2,1,1,1,0,2,4
204120,0,0,0,0,0,0,0
12226,3,1,2,3,0,3,3
9501360,3,1,2,3,2,1,2
9610389,2,1,1,1,2,0,0
9505209,6,1,5,11,6,0,0
208209,1,1,0,0,0,1,18
110062,2,1,1,1,0,2,31
10091,1,1,0,0,0,1,2
9407297,0,0,0,0,0,0,0
11161,0,0,0,0,0,0,0
9701218,9,3,6,19,1,8,13
9310264,2,2,0,0,2,0,0
10291,0,0,0,0,0,0,0
9709259,0,0,0,0,0,0,0
9704342,8,2,6,17,1,7,10
1151,7,1,6,17,0,7,19
9511225,2,1,1,1,2,0,0
9905249,7,1,6,12,0,7,59
9801454,1,1,0,0,0,1,3
106120,1,1,0,0,0,1,15
9312224,6,4,2,3,6,0,0
9803336,3,3,0,0,0,3,3
9712383,1,1,0,0,0,1,1
110237,6,2,4,4,0,6,35
9906492,3,1,2,3,3,0,0
9407224,0,0,0,0,0,0,0
9907497,4,1,3,4,0,4,7
9707336,2,2,0,0,2,0,0
9805456,1,1,0,0,1,0,0
6234,0,0,0,0,0,0,0
9804337,9,1,8,19,0,9,30
9805384,7,2,5,11,0,7,22
9712428,2,1,1,1,0,2,2
9706535,1,1,0,0,0,1,3
211163,0,0,0,0,0,0,0
9901334,6,5,1,1,0,6,31
108145,6,1,5,7,0,6,20
9207205,4,4,0,0,4,0,0
9407333,1,1,0,0,0,1,1
9131,2,2,0,0,1,1,1
9304308,1,1,0,0,1,0,0
9706328,1,1,0,0,0,1,8
9703216,3,1,2,2,0,3,9
3096,5,1,4,5,0,5,19
9608206,3,1,2,3,2,1,1
9505331,1,1,0,0,0,1,1
9410409,1,1,0,0,0,1,1
105215,1,1,0,0,0,1,4
103271,6,1,5,12,0,6,27
204187,2,2,0,0,2,0,0
9609317,0,0,0,0,0,0,0
9903549,6,1,5,6,6,0,0
102317,3,2,1,1,0,3,6
9808469,14,3,11,28,0,14,45
9809544,4,2,2,3,4,0,0
4256,4,2,2,3,0,4,14
9408301,1,1,0,0,0,1,1
9907466,3,2,1,1,0,3,20
205027,0,0,0,0,0,0,0
9609261,1,1,0,0,1,0,0
205205,2,1,1,1,0,2,16
4109,2,2,0,0,2,0,0
110263,3,1,2,3,0,3,11
9403207,1,1,0,0,1,0,0
9401347,7,1,6,7,7,0,0
9606348,5,3,2,2,0,5,9
204080,7,3,4,10,0,7,92
12085,4,1,3,4,0,4,21
112245,5,1,4,7,0,5,18
9608373,5,3,2,2,0,5,17
104174,7,2,5,12,0,7,80
8197,0,0,0,0,0,0,0
9811340,0,0,0,0,0,0,0
9709450,1,1,0,0,1,0,0
9911502,1,1,0,0,0,1,4
10349,3,1,2,3,0,3,12
9710420,2,1,1,1,2,0,0
9902447,10,1,9,28,10,0,0
105142,5,1,4,10,0,5,29
108010,3,2,1,1,2,1,1
9901351,2,2,0,0,0,2,12
2091,8,1,7,10,0,8,46
9807395,2,1,1,1,2,0,0
105100,8,2,6,9,2,6,14
9710456,4,1,3,5,4,0,0
9211219,6,3,3,4,6,0,0
9708228,4,1,3,4,0,4,26
9707366,1,1,0,0,0,1,3
9612396,3,2,1,1,0,3,3
9506479,1,1,0,0,1,0,0
9903420,3,1,2,2,0,3,4
208016,11,2,9,37,0,11,19
9704250,6,2,4,8,6,0,0
9506450,3,3,0,0,0,3,8
101262,2,1,1,1,0,2,10
9905375,1,1,0,0,0,1,1
9508308,6,3,3,4,6,0,0
9904491,6,5,1,1,0,6,22
212110,1,1,0,0,1,0,0
6057,3,2,1,1,0,3,17
7177,1,1,0,0,0,1,1
9806356,9,2,7,20,9,0,0
4111,2,1,1,1,0,2,2
9512330,2,1,1,1,0,2,3
111115,13,3,10,34,0,13,20
207130,0,0,0,0,0,0,0
206308,7,1,6,16,0,7,57
8230,0,0,0,0,0,0,0
9909295,3,1,2,2,3,0,0
9604269,2,1,1,1,0,2,4
11067,2,1,1,1,0,2,2
203025,4,2,2,2,0,4,19
206063,2,2,0,0,0,2,3
301260,0,0,0,0,0,0,0
9601319,3,1,2,3,0,3,5
9703355,0,0,0,0,0,0,0
9509294,4,4,0,0,0,4,11
9506240,1,1,0,0,1,0,0
9904387,0,0,0,0,0,0,0
9410248,1,1,0,0,1,0,0
9602410,3,1,2,3,1,2,2
9502333,0,0,0,0,0,0,0
205218,1,1,0,0,0,1,6
212007,1,1,0,0,0,1,5
3298,3,1,2,3,0,3,13
9227,3,2,1,1,3,0,0
9807356,0,0,0,0,0,0,0
201284,2,2,0,0,0,2,14
9904324,3,1,2,2,0,3,3
9410227,2,2,0,0,2,0,0
104100,3,3,0,0,0,3,16
1201,0,0,0,0,0,0,0
110208,6,2,4,6,0,6,30
9802427,2,1,1,1,0,2,6
9311331,1,1,0,0,0,1,1
9806282,2,2,0,0,0,2,8
7240,2,1,1,1,0,2,3
204244,5,3,2,4,0,5,60
102189,0,0,0,0,0,0,0
108244,2,1,1,1,0,2,16
9612307,0,0,0,0,0,0,0
205076,2,1,1,1,0,2,20
9511385,4,1,3,3,3,1,1
9604289,5,1,4,4,5,0,0
103038,0,0,0,0,0,0,0
104115,2,1,1,1,0,2,10
9402354,0,0,0,0,0,0,0
9911351,0,0,0,0,0,0,0
9605445,3,3,0,0,0,3,5
209148,0,0,0,0,0,0,0
9910372,1,1,0,0,0,1,1
9904427,1,1,0,0,1,0,0
9712210,4,1,3,5,1,3,3
109023,1,1,0,0,0,1,5
9907321,1,1,0,0,1,0,0
112227,1,1,0,0,0,1,4
9710281,4,1,3,6,0,4,12
208081,1,1,0,0,0,1,10
105116,1,1,0,0,0,1,2
9404348,4,4,0,0,4,0,0
9711207,0,0,0,0,0,0,0
9502398,0,0,0,0,0,0,0
8107,4,2,2,3,0,4,11
9407231,0,0,0,0,0,0,0
9710538,1,1,0,0,1,0,0
9801380,5,1,4,6,0,5,13
12046,0,0,0,0,0,0,0
9704204,2,2,0,0,0,2,2
9911452,3,3,0,0,0,3,5
9805420,3,2,1,1,0,3,9
9803343,3,1,2,2,0,3,14
9411328,2,1,1,1,1,1,1
9912465,1,1,0,0,0,1,5
9803323,1,1,0,0,0,1,3
9511236,2,1,1,1,0,2,10
107217,0,0,0,0,0,0,0
9205233,3,3,0,0,3,0,0
211352,1,1,0,0,0,1,4
9906205,2,2,0,0,2,0,0
110079,0,0,0,0,0,0,0
212048,1,1,0,0,0,1,3
9411279,5,3,2,2,5,0,0
9709441,1,1,0,0,0,1,1
9401297,3,2,1,1,0,3,3
206156,0,0,0,0,0,0,0
9504256,4,1,3,4,4,0,0
9811303,6,2,4,7,4,2,2
9706375,1,1,0,0,1,0,0
9903323,0,0,0,0,0,0,0
9807334,18,1,17,69,0,18,216
9710564,0,0,0,0,0,0,0
9608291,5,2,3,8,5,0,0
111315,1,1,0,0,0,1,3
111234,5,1,4,6,0,5,38
102203,6,1,5,9,1,5,11
9606475,4,1,3,4,4,0,0
4176,7,2,5,9,0,7,49
9609298,2,1,1,1,0,2,11
9811514,3,2,1,1,3,0,0
9180,1,1,0,0,0,1,4
9408278,1,1,0,0,1,0,0
106350,3,1,2,3,3,0,0
9911523,0,0,0,0,0,0,0
9507415,4,2,2,2,1,3,18
9906499,1,1,0,0,0,1,3
9904226,5,3,2,3,0,5,15
11335,2,1,1,1,0,2,3
301057,2,1,1,1,0,2,18
9709290,2,1,1,1,0,2,2
107250,3,2,1,1,0,3,3
2155,9,2,7,13,9,0,0
5226,0,0,0,0,0,0,0
9911514,4,1,3,5,0,4,12
109065,0,0,0,0,0,0,0
101344,1,1,0,0,0,1,14
9708477,3,3,0,0,3,0,0
102305,0,0,0,0,0,0,0
10331,2,1,1,1,0,2,4
301154,0,0,0,0,0,0,0
103163,6,1,5,10,0,6,29
4162,1,1,0,0,0,1,9
9511352,3,2,1,1,3,0,0
102221,8,2,6,12,0,8,31
9512280,3,1,2,3,3,0,0
9406202,4,3,1,2,4,0,0
9808406,0,0,0,0,0,0,0
9904439,0,0,0,0,0,0,0
12306,1,1,0,0,0,1,1
9602267,1,1,0,0,0,1,2
9805300,2,2,0,0,2,0,0
110111,0,0,0,0,0,0,0
9911249,2,2,0,0,0,2,14
209142,0,0,0,0,0,0,0
9607393,2,2,0,0,2,0,0
9911446,1,1,0,0,0,1,3
9507276,3,1,2,3,3,0,0
9711306,1,1,0,0,0,1,1
9710517,5,2,3,8,1,4,5
201266,0,0,0,0,0,0,0
209051,3,1,2,2,0,3,21
11330,0,0,0,0,0,0,0
9610258,1,1,0,0,0,1,1
107173,2,2,0,0,2,0,0
107111,0,0,0,0,0,0,0
9804311,1,1,0,0,1,0,0
9604362,0,0,0,0,0,0,0
9801283,4,1,3,6,4,0,0
9501289,1,1,0,0,1,0,0
9906211,5,2,3,5,0,5,9
9812461,3,1,2,2,0,3,9
9602417,5,1,4,9,5,0,0
208034,0,0,0,0,0,0,0
102346,0,0,0,0,0,0,0
9804358,0,0,0,0,0,0,0
2211,3,1,2,3,0,3,12
9711403,7,2,5,6,7,0,0
9175,1,1,0,0,0,1,3
9411387,4,2,2,3,4,0,0
3152,2,1,1,1,2,0,0
102329,1,1,0,0,0,1,4
101267,2,1,1,1,0,2,9
1045,5,1,4,6,5,0,0
9910505,2,2,0,0,2,0,0
9906248,0,0,0,0,0,0,0
211054,0,0,0,0,0,0,0
9409455,4,1,3,4,4,0,0
9708414,1,1,0,0,1,0,0
9810261,3,3,0,0,0,3,7
9610404,1,1,0,0,0,1,1
210106,0,0,0,0,0,0,0
9302257,2,2,0,0,2,0,0
3061,1,1,0,0,1,0,0
9708371,1,1,0,0,1,0,0
9909205,2,1,1,1,0,2,2
6297,0,0,0,0,0,0,0
9709479,3,3,0,0,0,3,4
9703243,0,0,0,0,0,0,0
209168,1,1,0,0,0,1,3
206214,1,1,0,0,1,0,0
106177,1,1,0,0,1,0,0
9404268,2,2,0,0,2,0,0
103313,0,0,0,0,0,0,0
205273,0,0,0,0,0,0,0
9903551,1,1,0,0,1,0,0
111145,0,0,0,0,0,0,0
112144,2,1,1,1,0,2,10
9511237,2,2,0,0,2,0,0
9804205,1,1,0,0,1,0,0
106178,3,3,0,0,0,3,9
207247,1,1,0,0,0,1,5
9506229,1,1,0,0,1,0,0
9805482,2,2,0,0,0,2,10
9905344,0,0,0,0,0,0,0
9606425,2,1,1,1,0,2,2
9912280,0,0,0,0,0,0,0
9610392,1,1,0,0,1,0,0
9809420,1,1,0,0,0,1,1
9810497,0,0,0,0,0,0,0
1317,1,1,0,0,0,1,3
9805213,2,2,0,0,0,2,8
9502375,0,0,0,0,0,0,0
9705375,0,0,0,0,0,0,0
107208,1,1,0,0,0,1,1
9602270,2,1,1,1,2,0,0
9908488,0,0,0,0,0,0,0
9901271,0,0,0,0,0,0,0
9803209,2,1,1,1,2,0,0
8305,2,1,1,1,0,2,4
106253,3,1,2,3,0,3,19
9412296,0,0,0,0,0,0,0
9809202,0,0,0,0,0,0,0
104289,4,2,2,4,4,0,0
9808228,1,1,0,0,1,0,0
109005,2,1,1,1,0,2,4
9608437,0,0,0,0,0,0,0
209339,1,1,0,0,1,0,0
203065,1,1,0,0,0,1,1
9310275,2,1,1,1,2,0,0
2222,4,1,3,3,0,4,7
9412321,2,2,0,0,2,0,0
9503329,2,1,1,1,0,2,6
9410362,1,1,0,0,0,1,1
104264,0,0,0,0,0,0,0
9411326,1,1,0,0,1,0,0
9504369,2,1,1,1,2,0,0
9812406,2,2,0,0,0,2,4
9812465,2,1,1,1,2,0,0
211103,0,0,0,0,0,0,0
9904227,3,1,2,3,3,0,0
106348,2,2,0,0,2,0,0
206121,0,0,0,0,0,0,0
9411265,1,1,0,0,1,0,0
203141,1,1,0,0,0,1,2
9904361,1,1,0,0,0,1,7
9503480,1,1,0,0,1,0,0
3036,0,0,0,0,0,0,0
102296,0,0,0,0,0,0,0
9805307,1,1,0,0,1,0,0
9912453,2,1,1,1,2,0,0
9309275,1,1,0,0,1,0,0
109043,5,1,4,9,0,5,19
9809473,1,1,0,0,1,0,0
9905538,0,0,0,0,0,0,0
207373,2,1,1,1,0,2,17
101085,2,1,1,1,1,1,1
107047,0,0,0,0,0,0,0
6190,1,1,0,0,0,1,14
109163,0,0,0,0,0,0,0
209322,1,1,0,0,0,1,1
6204,0,0,0,0,0,0,0
212085,0,0,0,0,0,0,0
211029,0,0,0,0,0,0,0
9909355,4,1,3,6,0,4,9
4132,0,0,0,0,0,0,0
9308301,1,1,0,0,1,0,0
201171,0,0,0,0,0,0,0
1179,0,0,0,0,0,0,0
9802247,1,1,0,0,0,1,4
9309220,3,1,2,3,3,0,0
9309301,0,0,0,0,0,0,0
204216,2,2,0,0,0,2,7
9709204,1,1,0,0,0,1,2
107167,0,0,0,0,0,0,0
3279,3,3,0,0,0,3,9
9507258,1,1,0,0,1,0,0
212166,2,1,1,1,0,2,25
204055,1,1,0,0,0,1,2
1323,1,1,0,0,1,0,0
301090,0,0,0,0,0,0,0
9501371,2,1,1,1,2,0,0
106318,2,1,1,1,0,2,8
212086,0,0,0,0,0,0,0
109227,1,1,0,0,0,1,1
206037,0,0,0,0,0,0,0
7291,2,1,1,1,0,2,17
209256,1,1,0,0,0,1,5
9802216,0,0,0,0,0,0,0
9806314,1,1,0,0,1,0,0
3156,1,1,0,0,0,1,1
9710433,0,0,0,0,0,0,0
110043,1,1,0,0,1,0,0
111005,1,1,0,0,1,0,0
302163,0,0,0,0,0,0,0
9706503,1,1,0,0,1,0,0
7184,1,1,0,0,0,1,5
9906354,2,2,0,0,2,0,0
9601263,2,2,0,0,2,0,0
1219,4,1,3,6,4,0,0
9911423,2,1,1,1,0,2,2
106288,0,0,0,0,0,0,0
9158,2,2,0,0,2,0,0
9507372,3,1,2,2,3,0,0
9604365,0,0,0,0,0,0,0
211229,0,0,0,0,0,0,0
212295,0,0,0,0,0,0,0
301194,0,0,0,0,0,0,0
9701326,1,1,0,0,1,0,0
12265,0,0,0,0,0,0,0
9910472,0,0,0,0,0,0,0
1181,0,0,0,0,0,0,0
206002,0,0,0,0,0,0,0
102160,0,0,0,0,0,0,0
210303,2,1,1,1,0,2,4
9809576,1,1,0,0,0,1,12
9411322,1,1,0,0,1,0,0
9404276,2,1,1,1,2,0,0
9504213,2,1,1,1,2,0,0
8185,2,1,1,1,2,0,0
3005,3,2,1,1,3,0,0
6109,0,0,0,0,0,0,0
110057,1,1,0,0,0,1,4
9905535,1,1,0,0,1,0,0
101178,0,0,0,0,0,0,0
9606478,0,0,0,0,0,0,0
9507350,3,1,2,2,0,3,15
112025,0,0,0,0,0,0,0
112361,5,2,3,7,5,0,0
9902351,2,1,1,1,2,0,0
9710330,1,1,0,0,0,1,1
9510446,0,0,0,0,0,0,0
9807450,0,0,0,0,0,0,0
9704293,2,2,0,0,0,2,3
9704449,0,0,0,0,0,0,0
9409241,1,1,0,0,0,1,1
101074,0,0,0,0,0,0,0
206050,0,0,0,0,0,0,0
9610284,0,0,0,0,0,0,0
9902212,1,1,0,0,0,1,1
107146,0,0,0,0,0,0,0
5230,2,2,0,0,0,2,4
210301,1,1,0,0,0,1,6
104138,0,0,0,0,0,0,0
9502248,0,0,0,0,0,0,0
105249,0,0,0,0,0,0,0
9708474,0,0,0,0,0,0,0
9503496,2,2,0,0,2,0,0
1292,1,1,0,0,0,1,1
9906510,2,1,1,1,0,2,2
9512240,0,0,0,0,0,0,0
9510450,0,0,0,0,0,0,0
203016,1,1,0,0,0,1,5
9603352,2,1,1,1,0,2,2
9411373,0,0,0,0,0,0,0
9908275,0,0,0,0,0,0,0
210211,0,0,0,0,0,0,0
9411391,0,0,0,0,0,0,0
9709400,0,0,0,0,0,0,0
111182,1,1,0,0,0,1,1
9811400,1,1,0,0,0,1,2
9901398,0,0,0,0,0,0,0
9608456,0,0,0,0,0,0,0
9810202,0,0,0,0,0,0,0
9308314,0,0,0,0,0,0,0
9805372,0,0,0,0,0,0,0
108053,1,1,0,0,1,0,0
7341,2,1,1,1,2,0,0
302230,0,0,0,0,0,0,0
9603222,1,1,0,0,1,0,0
204246,0,0,0,0,0,0,0
9408243,3,2,1,1,3,0,0
203175,1,1,0,0,1,0,0
9603355,0,0,0,0,0,0,0
212398,0,0,0,0,0,0,0
209270,1,1,0,0,0,1,4
9709403,0,0,0,0,0,0,0
207368,0,0,0,0,0,0,0
9612255,0,0,0,0,0,0,0
302095,0,0,0,0,0,0,0
209104,0,0,0,0,0,0,0
9710240,2,2,0,0,0,2,2
207207,1,1,0,0,0,1,1
10258,0,0,0,0,0,0,0
10004,2,1,1,1,0,2,4
9506221,0,0,0,0,0,0,0
302181,0,0,0,0,0,0,0
108143,0,0,0,0,0,0,0
9702220,3,1,2,3,3,0,0
3019,1,1,0,0,1,0,0
11075,1,1,0,0,0,1,2
6298,0,0,0,0,0,0,0
208110,1,1,0,0,0,1,5
9907282,1,1,0,0,1,0,0
9902472,0,0,0,0,0,0,0
103171,4,3,1,1,0,4,10
9902461,1,1,0,0,0,1,4
12338,1,1,0,0,1,0,0
204078,1,1,0,0,1,0,0
9405351,2,1,1,1,2,0,0
205316,1,1,0,0,0,1,2
206178,2,2,0,0,2,0,0
11022,0,0,0,0,0,0,0
9504218,1,1,0,0,1,0,0
210297,0,0,0,0,0,0,0
9906454,0,0,0,0,0,0,0
9605251,1,1,0,0,1,0,0
9406380,0,0,0,0,0,0,0
207024,1,1,0,0,0,1,5
9807322,0,0,0,0,0,0,0
9806313,1,1,0,0,1,0,0
9703252,2,2,0,0,2,0,0
9610516,1,1,0,0,1,0,0
3155,0,0,0,0,0,0,0
9320,0,0,0,0,0,0,0
101058,0,0,0,0,0,0,0
101129,2,2,0,0,0,2,2
112146,0,0,0,0,0,0,0
9609277,3,2,1,1,3,0,0
9907289,1,1,0,0,1,0,0
201090,0,0,0,0,0,0,0
9810365,1,1,0,0,1,0,0
3166,0,0,0,0,0,0,0
9809497,0,0,0,0,0,0,0
9311223,0,0,0,0,0,0,0
9504359,1,1,0,0,1,0,0
9705459,0,0,0,0,0,0,0
206089,0,0,0,0,0,0,0
9907343,1,1,0,0,1,0,0
9910297,0,0,0,0,0,0,0
111110,2,1,1,1,0,2,2
9609429,3,1,2,2,3,0,0
302015,0,0,0,0,0,0,0
203248,0,0,0,0,0,0,0
9902415,0,0,0,0,0,0,0
9503314,0,0,0,0,0,0,0
9401225,1,1,0,0,1,0,0
9705403,0,0,0,0,0,0,0
9507206,3,1,2,3,1,2,6
9510432,0,0,0,0,0,0,0
9605248,0,0,0,0,0,0,0
10115,1,1,0,0,1,0,0
212052,0,0,0,0,0,0,0
211445,0,0,0,0,0,0,0
104082,1,1,0,0,0,1,3
9511230,0,0,0,0,0,0,0
12121,0,0,0,0,0,0,0
9803474,0,0,0,0,0,0,0
9703217,2,2,0,0,2,0,0
9312239,1,1,0,0,1,0,0
9803414,0,0,0,0,0,0,0
301180,0,0,0,0,0,0,0
9907490,1,1,0,0,1,0,0
10279,0,0,0,0,0,0,0
9702405,0,0,0,0,0,0,0
9511251,0,0,0,0,0,0,0
3065,0,0,0,0,0,0,0
105125,0,0,0,0,0,0,0
9502404,1,1,0,0,1,0,0
9908468,2,1,1,1,0,2,6
9807205,0,0,0,0,0,0,0
9910306,0,0,0,0,0,0,0
3308,0,0,0,0,0,0,0
12322,0,0,0,0,0,0,0
9506286,0,0,0,0,0,0,0
9810544,0,0,0,0,0,0,0
208161,0,0,0,0,0,0,0
9807563,2,2,0,0,2,0,0
105270,0,0,0,0,0,0,0
302210,0,0,0,0,0,0,0
206257,0,0,0,0,0,0,0
9611376,0,0,0,0,0,0,0
5130,0,0,0,0,0,0,0
1198,0,0,0,0,0,0,0
204177,0,0,0,0,0,0,0
10232,0,0,0,0,0,0,0
102054,1,1,0,0,1,0,0
9407207,0,0,0,0,0,0,0
9602437,0,0,0,0,0,0,0
9903506,1,1,0,0,1,0,0
11302,0,0,0,0,0,0,0
9508219,0,0,0,0,0,0,0
211270,0,0,0,0,0,0,0
108251,0,0,0,0,0,0,0
109129,0,0,0,0,0,0,0
208250,0,0,0,0,0,0,0
9812485,0,0,0,0,0,0,0
9305318,0,0,0,0,0,0,0
9307284,1,1,0,0,1,0,0
202117,0,0,0,0,0,0,0
9806203,0,0,0,0,0,0,0
9903537,1,1,0,0,1,0,0
10021,0,0,0,0,0,0,0
9905493,1,1,0,0,1,0,0
301195,0,0,0,0,0,0,0
106271,0,0,0,0,0,0,0
210076,0,0,0,0,0,0,0
105299,0,0,0,0,0,0,0
8100,0,0,0,0,0,0,0
106300,1,1,0,0,1,0,0
212267,0,0,0,0,0,0,0
12048,0,0,0,0,0,0,0
9910354,0,0,0,0,0,0,0
212055,0,0,0,0,0,0,0
6118,1,1,0,0,0,1,2
9701395,0,0,0,0,0,0,0
9812245,0,0,0,0,0,0,0
9609505,0,0,0,0,0,0,0
102340,0,0,0,0,0,0,0
207281,0,0,0,0,0,0,0
9909247,0,0,0,0,0,0,0
9902438,0,0,0,0,0,0,0
9904372,0,0,0,0,0,0,0
9605381,0,0,0,0,0,0,0
9711449,0,0,0,0,0,0,0
110058,0,0,0,0,0,0,0
207317,0,0,0,0,0,0,0
212333,0,0,0,0,0,0,0
9909276,0,0,0,0,0,0,0
201313,1,1,0,0,1,0,0
1176,0,0,0,0,0,0,0
9705431,0,0,0,0,0,0,0
212029,1,1,0,0,1,0,0
106325,0,0,0,0,0,0,0
9304273,1,1,0,0,1,0,0
104045,0,0,0,0,0,0,0
110024,0,0,0,0,0,0,0
209065,0,0,0,0,0,0,0
9702439,0,0,0,0,0,0,0
301276,0,0,0,0,0,0,0
301155,0,0,0,0,0,0,0
104206,0,0,0,0,0,0,0
210086,0,0,0,0,0,0,0
1331,0,0,0,0,0,0,0
205291,0,0,0,0,0,0,0
9110,0,0,0,0,0,0,0
9912348,0,0,0,0,0,0,0
8213,0,0,0,0,0,0,0
209312,0,0,0,0,0,0,0
210344,0,0,0,0,0,0,0
212308,0,0,0,0,0,0,0
12330,0,0,0,0,0,0,0
210293,0,0,0,0,0,0,0
211205,0,0,0,0,0,0,0
9710535,0,0,0,0,0,0,0
109218,0,0,0,0,0,0,0
9801275,0,0,0,0,0,0,0
9608454,0,0,0,0,0,0,0
6220,0,0,0,0,0,0,0
9811343,0,0,0,0,0,0,0
302208,0,0,0,0,0,0,0
209022,0,0,0,0,0,0,0
9506209,1,1,0,0,1,0,0
9303284,54,4,50,690,10,44,44
9907243,9,3,6,23,0,9,11
9505393,6,3,3,3,0,6,11
9611316,9,3,6,10,0,9,41
9710372,15,2,13,46,0,15,95
9805478,7,2,5,11,0,7,28
9504316,48,1,47,550,5,43,116
9903404,28,4,24,116,0,28,341
9511219,2,2,0,0,0,2,8
9505426,1,1,0,0,0,1,2
9504307,4,1,3,4,2,2,2
9807283,41,4,37,333,2,39,97
9504246,44,1,43,399,0,44,44
9909254,34,1,33,262,0,34,120
9808254,14,2,12,74,1,13,13
9609343,16,1,15,73,1,15,27
2292,6,1,5,8,0,6,31
9304241,17,1,16,76,17,0,0
9601243,27,7,20,79,0,27,203
9903399,15,1,14,46,0,15,25
9501325,6,2,4,7,0,6,9
9511466,8,2,6,14,0,8,20
9708209,7,1,6,15,0,7,13
7319,12,2,10,23,0,12,185
10162,3,1,2,3,0,3,17
9611443,13,3,10,55,0,13,140
10074,1,1,0,0,1,0,0
9609341,12,2,10,28,1,11,11
9610337,3,3,0,0,3,0,0
9907572,15,1,14,48,0,15,47
9612362,6,1,5,11,1,5,5
9807254,6,1,5,7,3,3,5
9406346,11,2,9,22,0,11,49
9805217,35,1,34,364,8,27,27
9212288,18,1,17,122,3,15,30
9710334,8,1,7,10,0,8,8
9707309,15,1,14,47,0,15,97
9702245,33,3,30,279,7,26,26
9802290,40,2,38,336,7,33,124
11363,10,2,8,25,1,9,26
9912396,5,1,4,9,5,0,0
9311261,4,3,1,1,2,2,2
9603276,16,2,14,59,4,12,20
9906475,17,2,15,61,0,17,85
9407407,18,4,14,41,0,18,138
9302202,22,3,19,122,9,13,13
9506451,30,1,29,176,16,14,14
3326,15,1,14,56,0,15,28
9704416,9,2,7,10,0,9,20
9907545,14,3,11,36,0,14,124
9901385,3,1,2,3,0,3,13
9909482,13,3,10,42,0,13,89
8191,10,1,9,30,0,10,19
9903282,12,2,10,21,0,12,65
9811473,67,1,66,1001,1,66,311
9209241,14,3,11,43,14,0,0
9705438,2,2,0,0,0,2,2
107265,5,3,2,3,0,5,51
9512363,7,1,6,11,0,7,29
9511409,8,3,5,10,0,8,148
9408228,33,3,30,207,33,0,0
9904378,30,1,29,238,0,30,76
9706391,6,1,5,9,0,6,21
9601362,29,1,28,221,0,29,29
9201,5,3,2,2,0,5,18
9707430,24,2,22,137,7,17,17
9703294,5,2,3,4,0,5,5
9709399,5,1,4,7,5,0,0
9802351,0,0,0,0,0,0,0
4220,1,1,0,0,0,1,1
9402210,28,4,24,207,28,0,0
9709386,8,1,7,17,0,8,45
9506256,27,2,25,180,0,27,74
9610252,13,1,12,47,0,13,48
9408406,37,2,35,327,37,0,0
9609307,3,3,0,0,0,3,3
9501417,13,2,11,54,5,8,8
9509398,4,1,3,6,0,4,28
9308336,46,1,45,575,46,0,0
9702281,9,2,7,21,3,6,11
9911245,18,4,14,60,0,18,214
106258,18,2,16,73,1,17,28
206184,0,0,0,0,0,0,0
9612294,9,2,7,14,0,9,48
9712546,14,1,13,39,1,13,52
9710255,30,1,29,312,4,26,26
9903515,28,1,27,216,4,24,107
9705221,11,2,9,19,0,11,14
5221,3,2,1,1,0,3,26
9901209,49,2,47,586,0,49,496
9903479,25,1,24,132,0,25,202
9809403,11,2,9,21,11,0,0
9307323,4,2,2,5,4,0,0
208096,8,2,6,12,0,8,45
111230,13,2,11,43,0,13,51
9911266,4,2,2,2,0,4,6
7267,6,2,4,8,0,6,12
7226,8,4,4,4,0,8,104
9211215,3,1,2,3,3,0,0
9507366,6,3,3,8,1,5,5
9512415,6,3,3,3,0,6,8
5135,0,0,0,0,0,0,0
9408224,42,2,40,364,42,0,0
9412365,5,2,3,4,0,5,18
201207,0,0,0,0,0,0,0
9906274,21,3,18,85,0,21,288
8147,3,1,2,2,0,3,12
9807462,55,3,52,555,2,53,167
9612301,4,1,3,5,4,0,0
9505313,4,1,3,5,4,0,0
9601262,4,1,3,4,3,1,1
9401285,11,1,10,27,2,9,9
9304223,20,1,19,75,20,0,0
8308,10,3,7,18,0,10,68
9706253,6,6,0,0,4,2,3
9808412,22,1,21,103,0,22,192
9901252,13,4,9,31,0,13,60
11156,2,2,0,0,2,0,0
9409427,3,2,1,2,0,3,9
9909541,7,1,6,15,1,6,11
9810496,20,1,19,89,0,20,95
9605340,10,2,8,30,1,9,9
9603317,4,2,2,2,0,4,4
9705475,4,1,3,6,2,2,2
9807572,2,2,0,0,0,2,3
9206255,4,1,3,5,4,0,0
9511398,2,1,1,1,2,0,0
102230,5,4,1,1,0,5,29
9708349,7,3,4,8,0,7,74
9706379,1,1,0,0,0,1,1
9607472,5,1,4,6,0,5,12
9707249,10,2,8,28,0,10,61
9510252,6,3,3,7,0,6,10
9610348,4,2,2,4,0,4,10
9709286,14,1,13,58,0,14,246
9408340,3,2,1,1,3,0,0
9904396,2,1,1,1,2,0,0
108137,0,0,0,0,0,0,0
9503439,18,2,16,66,18,0,0
108166,2,2,0,0,1,1,2
9809501,4,1,3,5,0,4,12
9911526,1,1,0,0,1,0,0
9607451,8,1,7,22,0,8,37
9901337,2,2,0,0,0,2,11
110377,7,2,5,13,0,7,27
104041,27,2,25,193,0,27,38
9805286,0,0,0,0,0,0,0
9506452,36,2,34,278,1,35,144
9808447,5,2,3,4,0,5,20
207126,2,1,1,1,0,2,12
11227,3,1,2,2,0,3,3
6333,6,1,5,10,2,4,5
9803433,11,2,9,34,0,11,103
9407259,1,1,0,0,0,1,1
2066,2,1,1,1,0,2,2
9511300,4,3,1,2,4,0,0
9804297,2,1,1,1,0,2,6
9909333,17,2,15,68,0,17,173
9501318,18,2,16,74,7,11,11
9708303,10,2,8,32,1,9,17
9806240,7,2,5,6,2,5,5
9303238,18,2,16,87,18,0,0
9703346,25,1,24,156,0,25,143
9704363,10,4,6,12,0,10,74
9905565,2,2,0,0,0,2,2
109056,12,4,8,14,0,12,78
9909556,1,1,0,0,0,1,7
9703277,8,1,7,21,0,8,8
9504215,8,2,6,16,8,0,0
9504222,4,4,0,0,0,4,4
9806218,4,3,1,1,0,4,7
9407284,0,0,0,0,0,0,0
1170,2,1,1,1,0,2,2
9507460,19,3,16,65,0,19,138
9710382,7,2,5,9,1,6,6
3017,1,1,0,0,0,1,3
9706210,5,1,4,5,0,5,14
201298,1,1,0,0,0,1,4
9601234,15,1,14,65,15,0,0
108017,1,1,0,0,0,1,7
9709350,5,1,4,7,0,5,18
9604313,22,1,21,153,3,19,97
9908362,9,2,7,16,9,0,0
9612286,2,2,0,0,0,2,12
9608309,3,2,1,1,2,1,2
106210,1,1,0,0,1,0,0
9704357,38,1,37,309,38,0,0
9211305,2,1,1,1,2,0,0
11104,4,1,3,5,0,4,8
9710368,1,1,0,0,0,1,2
9811363,18,2,16,75,0,18,56
207015,2,1,1,1,0,2,2
9811230,1,1,0,0,1,0,0
9604236,4,1,3,3,0,4,8
1310,10,2,8,36,2,8,13
9609359,0,0,0,0,0,0,0
8268,3,1,2,2,0,3,20
103218,5,2,3,8,0,5,64
9412245,5,1,4,6,0,5,5
9505229,0,0,0,0,0,0,0
9911419,0,0,0,0,0,0,0
9509274,9,2,7,24,2,7,9
9610510,2,1,1,1,0,2,13
9510342,15,1,14,56,15,0,0
9405377,2,1,1,1,2,0,0
9711259,3,1,2,2,3,0,0
204050,4,3,1,1,0,4,12
6119,4,1,3,6,0,4,90
9305219,11,3,8,27,0,11,19
9908237,5,1,4,5,1,4,7
9411397,7,2,5,17,0,7,19
9601278,3,1,2,2,0,3,17
9908281,0,0,0,0,0,0,0
210276,2,2,0,0,0,2,6
9903288,6,2,4,10,6,0,0
9909510,1,1,0,0,0,1,1
112230,4,3,1,3,0,4,63
110227,4,3,1,3,0,4,7
104230,5,1,4,8,0,5,31
104035,11,4,7,25,0,11,11
202143,9,2,7,23,0,9,18
9808489,0,0,0,0,0,0,0
9311247,15,2,13,47,15,0,0
9505266,11,2,9,19,0,11,34
9504237,10,1,9,23,1,9,31
9311323,1,1,0,0,1,0,0
9610331,12,2,10,31,3,9,9
107114,9,1,8,17,0,9,98
9610360,3,2,1,1,0,3,8
9905417,7,1,6,14,7,0,0
9609339,7,1,6,10,0,7,22
9704359,4,3,1,2,0,4,17
9502352,3,1,2,2,3,0,0
9605463,9,1,8,20,0,9,26
9711254,2,1,1,1,2,0,0
9608324,3,2,1,1,0,3,4
109097,0,0,0,0,0,0,0
9205229,12,2,10,31,12,0,0
9504374,10,1,9,33,10,0,0
9807510,1,1,0,0,0,1,1
9602206,2,2,0,0,0,2,14
9710329,2,1,1,1,2,0,0
9612390,15,1,14,61,0,15,15
9705383,2,2,0,0,2,0,0
9908258,4,1,3,6,0,4,11
5263,11,2,9,26,0,11,32
7252,6,2,4,10,0,6,28
9809491,2,1,1,1,2,0,0
9907298,2,2,0,0,0,2,4
9711394,3,2,1,1,3,0,0
2065,4,2,2,3,0,4,4
9805452,3,2,1,1,0,3,8
9709318,0,0,0,0,0,0,0
9508398,0,0,0,0,0,0,0
9904480,3,3,0,0,0,3,8
9501364,4,2,2,3,0,4,7
9801242,7,3,4,9,0,7,24
105003,23,2,21,103,0,23,176
210399,1,1,0,0,0,1,3
9903414,7,2,5,7,0,7,22
9909367,0,0,0,0,0,0,0
9707485,18,2,16,89,0,18,177
102206,7,1,6,15,0,7,7
207158,5,2,3,7,5,0,0
9708243,6,3,3,5,6,0,0
10296,15,4,11,25,0,15,63
12075,16,1,15,58,1,15,15
9708256,1,1,0,0,0,1,3
9801246,7,2,5,16,2,5,9
9606380,2,1,1,1,2,0,0
9711452,3,1,2,2,3,0,0
9708216,6,3,3,5,2,4,4
9706538,4,2,2,3,0,4,7
9605389,15,6,9,19,0,15,29
9507271,14,1,13,32,14,0,0
111267,3,1,2,2,0,3,22
9812354,8,1,7,18,8,0,0
9808294,7,2,5,5,0,7,27
9604224,1,1,0,0,0,1,3
5276,5,1,4,7,0,5,46
6040,8,1,7,16,3,5,34
9705216,7,1,6,12,0,7,19
9407309,2,2,0,0,2,0,0
9306252,4,3,1,1,0,4,8
9612347,2,2,0,0,0,2,3
9809539,4,3,1,1,1,3,3
9807373,2,2,0,0,0,2,7
9501361,4,2,2,2,0,4,7
9412206,12,6,6,11,0,12,60
9506340,1,1,0,0,0,1,2
104293,5,2,3,6,0,5,39
9906336,1,1,0,0,0,1,1
9809496,4,1,3,5,0,4,4
9504321,1,1,0,0,0,1,1
107309,1,1,0,0,0,1,2
102134,5,3,2,2,0,5,5
201071,3,1,2,2,0,3,44
9507391,1,1,0,0,1,0,0
201209,1,1,0,0,0,1,4
11033,0,0,0,0,0,0,0
9912293,1,1,0,0,0,1,2
9908464,1,1,0,0,0,1,2
9503216,7,1,6,17,7,0,0
7065,3,1,2,2,3,0,0
101086,8,3,5,11,0,8,56
4059,13,2,11,41,0,13,113
9605364,1,1,0,0,0,1,1
9706417,9,2,7,18,0,9,51
9810277,0,0,0,0,0,0,0
9903341,10,3,7,28,6,4,4
9602225,6,2,4,5,6,0,0
9801379,12,2,10,28,0,12,59
9810278,0,0,0,0,0,0,0
9611415,7,2,5,11,0,7,7
9910562,2,2,0,0,0,2,17
9609470,4,2,2,2,4,0,0
108092,4,2,2,4,0,4,25
9612211,4,2,2,3,4,0,0
9703410,2,2,0,0,0,2,3
9909412,2,1,1,1,2,0,0
9505417,15,1,14,57,11,4,4
9612367,0,0,0,0,0,0,0
9410361,9,2,7,21,9,0,0
7361,0,0,0,0,0,0,0
9701338,11,3,8,22,1,10,17
3114,13,3,10,32,0,13,53
9512239,4,1,3,5,0,4,4
9905259,1,1,0,0,0,1,1
205147,0,0,0,0,0,0,0
211074,2,1,1,1,0,2,10
107053,2,1,1,1,0,2,8
1189,9,1,8,24,2,7,8
111070,0,0,0,0,0,0,0
9511449,2,2,0,0,1,1,1
9702420,0,0,0,0,0,0,0
1202,6,1,5,11,0,6,13
209096,1,1,0,0,1,0,0
9410364,5,3,2,4,0,5,5
9401274,2,1,1,1,0,2,5
106098,7,3,4,9,0,7,16
9406317,6,1,5,15,1,5,5
9801438,0,0,0,0,0,0,0
9706357,1,1,0,0,1,0,0
301102,0,0,0,0,0,0,0
107044,1,1,0,0,0,1,3
9504265,0,0,0,0,0,0,0
9707520,1,1,0,0,0,1,1
9703369,10,2,8,19,0,10,73
9604342,0,0,0,0,0,0,0
9704419,2,1,1,1,2,0,0
202087,1,1,0,0,0,1,2
1162,7,1,6,14,0,7,23
9712514,2,1,1,1,0,2,4
9907519,3,2,1,1,0,3,3
9706306,4,2,2,3,4,0,0
9606377,3,1,2,3,0,3,12
9609213,8,2,6,20,4,4,4
9232,16,2,14,64,0,16,89
211310,0,0,0,0,0,0,0
211292,1,1,0,0,0,1,4
9204224,2,2,0,0,2,0,0
9403371,5,1,4,7,5,0,0
9810451,4,1,3,6,0,4,10
9710279,3,1,2,3,3,0,0
9505425,11,1,10,40,11,0,0
202167,4,2,2,3,0,4,70
111472,5,1,4,5,0,5,78
9612210,4,2,2,4,1,3,3
209021,0,0,0,0,0,0,0
9911308,2,2,0,0,2,0,0
9912357,4,2,2,2,0,4,22
9308223,8,3,5,12,1,7,7
9802324,1,1,0,0,1,0,0
9508205,1,1,0,0,1,0,0
9711277,7,2,5,9,0,7,18
5069,6,1,5,11,0,6,32
9405220,6,1,5,15,0,6,6
9907431,4,3,1,2,0,4,26
9906394,1,1,0,0,0,1,9
1062,4,3,1,1,0,4,53
9312257,6,4,2,3,6,0,0
9606236,1,1,0,0,0,1,1
9610242,3,2,1,1,3,0,0
102316,1,1,0,0,0,1,5
9911471,4,2,2,3,4,0,0
9310247,4,4,0,0,4,0,0
6295,4,1,3,6,0,4,53
9707410,1,1,0,0,0,1,1
9506405,6,2,4,6,0,6,10
6102,1,1,0,0,1,0,0
9804397,10,2,8,16,0,10,35
9901258,4,2,2,3,0,4,18
9311259,0,0,0,0,0,0,0
9907303,0,0,0,0,0,0,0
205101,1,1,0,0,0,1,3
9510357,5,1,4,4,0,5,5
5173,9,4,5,11,1,8,8
203236,1,1,0,0,0,1,1
9412331,1,1,0,0,0,1,1
10208,3,1,2,3,0,3,19
9810285,0,0,0,0,0,0,0
9710289,14,1,13,52,0,14,79
9603331,4,2,2,5,0,4,4
9801226,6,1,5,11,6,0,0
9504411,2,1,1,1,2,0,0
9209288,3,1,2,3,3,0,0
9410330,2,1,1,1,0,2,7
9203,1,1,0,0,0,1,3
108040,6,2,4,7,0,6,33
209222,3,1,2,2,0,3,21
112185,0,0,0,0,0,0,0
9711307,4,2,2,2,0,4,20
9912263,1,1,0,0,0,1,13
9707286,11,2,9,34,11,0,0
9907350,3,2,1,1,3,0,0
9712532,2,1,1,1,0,2,5
9305252,2,1,1,1,2,0,0
11364,6,1,5,8,0,6,25
105079,5,1,4,5,5,0,0
9909316,0,0,0,0,0,0,0
11233,2,1,1,1,0,2,15
9803295,1,1,0,0,0,1,1
8079,9,1,8,24,4,5,5
9607332,11,5,6,12,1,10,46
9406391,7,1,6,7,7,0,0
9409386,9,1,8,14,9,0,0
202178,6,1,5,8,0,6,55
6280,4,1,3,4,0,4,20
112219,2,1,1,1,0,2,4
9507343,6,1,5,11,1,5,5
9705274,1,1,0,0,0,1,1
9503354,2,1,1,1,2,0,0
9807392,1,1,0,0,0,1,3
9902226,3,2,1,1,0,3,14
9701234,4,2,2,3,0,4,4
105028,2,2,0,0,0,2,7
9209219,3,1,2,2,3,0,0
9910476,9,2,7,19,0,9,9
107141,8,2,6,18,0,8,39
8206,2,1,1,1,2,0,0
9808281,1,1,0,0,0,1,3
1196,7,3,4,10,0,7,11
109213,1,1,0,0,0,1,1
204071,0,0,0,0,0,0,0
9802272,2,1,1,1,0,2,6
9512304,1,1,0,0,0,1,2
9811430,0,0,0,0,0,0,0
9407343,5,3,2,2,5,0,0
5249,0,0,0,0,0,0,0
9409307,1,1,0,0,1,0,0
9904346,2,1,1,1,0,2,4
208087,8,2,6,19,0,8,38
9908376,4,2,2,3,0,4,9
204121,0,0,0,0,0,0,0
9707447,4,2,2,4,2,2,2
10014,0,0,0,0,0,0,0
9708225,0,0,0,0,0,0,0
9806301,0,0,0,0,0,0,0
210089,1,1,0,0,1,0,0
9906401,7,1,6,15,0,7,23
103214,1,1,0,0,0,1,1
1021,7,3,4,6,0,7,7
7277,1,1,0,0,0,1,2
9401299,5,2,3,6,5,0,0
112003,9,3,6,15,0,9,47
204326,1,1,0,0,1,0,0
9904399,0,0,0,0,0,0,0
9703385,5,3,2,3,0,5,6
9303237,3,1,2,2,3,0,0
9409414,0,0,0,0,0,0,0
9907426,3,1,2,3,3,0,0
203172,3,1,2,3,0,3,23
9212243,3,2,1,2,3,0,0
202140,3,1,2,2,3,0,0
9601370,3,1,2,2,0,3,9
9603423,3,3,0,0,3,0,0
9611451,2,1,1,1,0,2,12
9903369,5,2,3,4,0,5,38
9605252,3,2,1,1,1,2,2
9812443,1,1,0,0,1,0,0
9503444,4,1,3,4,4,0,0
9409336,1,1,0,0,0,1,2
8006,5,1,4,6,0,5,27
203135,7,4,3,3,0,7,42
103130,3,2,1,1,0,3,11
102164,1,1,0,0,0,1,1
9211264,1,1,0,0,1,0,0
202043,1,1,0,0,0,1,3
9705346,8,3,5,13,8,0,0
9707536,8,1,7,15,0,8,42
9804449,2,2,0,0,0,2,6
9807573,2,1,1,1,0,2,2
112322,8,1,7,20,0,8,8
9805385,3,2,1,1,0,3,6
9909479,4,2,2,2,0,4,8
9903346,3,1,2,3,1,2,2
9912284,4,2,2,4,2,2,2
6133,1,1,0,0,0,1,1
8083,3,3,0,0,0,3,6
206248,1,1,0,0,0,1,11
9411335,1,1,0,0,1,0,0
105260,4,1,3,6,0,4,24
9607388,4,4,0,0,0,4,4
201204,1,1,0,0,0,1,5
111331,0,0,0,0,0,0,0
9705479,0,0,0,0,0,0,0
6168,2,2,0,0,0,2,7
11237,1,1,0,0,0,1,6
9904371,0,0,0,0,0,0,0
11070,1,1,0,0,0,1,8
9908297,1,1,0,0,1,0,0
7061,0,0,0,0,0,0,0
9807439,3,1,2,2,0,3,5
9811250,6,1,5,12,6,0,0
9711210,4,1,3,3,0,4,9
209365,0,0,0,0,0,0,0
9909470,3,1,2,3,0,3,20
9108,2,1,1,1,0,2,14
9803501,0,0,0,0,0,0,0
110387,0,0,0,0,0,0,0
9709412,3,1,2,2,0,3,11
9502259,1,1,0,0,0,1,1
212165,0,0,0,0,0,0,0
203270,4,2,2,3,0,4,17
9809293,1,1,0,0,1,0,0
9512298,4,1,3,5,1,3,4
9910261,1,1,0,0,0,1,6
9607390,3,1,2,2,3,0,0
9904228,0,0,0,0,0,0,0
9801245,5,2,3,4,0,5,9
9911518,2,2,0,0,0,2,12
9411329,2,1,1,1,1,1,1
1160,2,1,1,1,0,2,6
9709373,4,1,3,5,4,0,0
9512342,1,1,0,0,0,1,5
9412397,0,0,0,0,0,0,0
205038,4,1,3,5,0,4,42
211080,2,2,0,0,0,2,23
210103,0,0,0,0,0,0,0
9602408,1,1,0,0,1,0,0
208205,2,2,0,0,0,2,8
9412231,5,3,2,2,5,0,0
9811467,0,0,0,0,0,0,0
12195,0,0,0,0,0,0,0
9906291,1,1,0,0,1,0,0
9606216,2,1,1,1,2,0,0
205306,1,1,0,0,0,1,2
9601294,2,2,0,0,0,2,6
9812508,1,1,0,0,0,1,1
9808356,14,2,12,42,0,14,180
9910534,0,0,0,0,0,0,0
9704432,4,1,3,5,1,3,4
203213,2,1,1,1,0,2,18
207257,0,0,0,0,0,0,0
9704228,9,2,7,19,9,0,0
210039,0,0,0,0,0,0,0
9234,1,1,0,0,1,0,0
9901280,0,0,0,0,0,0,0
9812442,3,1,2,2,3,0,0
7195,1,1,0,0,1,0,0
101063,1,1,0,0,0,1,1
108157,6,1,5,11,6,0,0
9509366,1,1,0,0,0,1,1
9806297,0,0,0,0,0,0,0
9512393,2,1,1,1,0,2,2
9608319,3,3,0,0,0,3,4
9908256,1,1,0,0,0,1,1
212283,1,1,0,0,0,1,1
9904509,0,0,0,0,0,0,0
9910235,5,2,3,5,5,0,0
3251,11,2,9,17,11,0,0
301279,0,0,0,0,0,0,0
107139,2,1,1,1,0,2,10
9034,1,1,0,0,0,1,2
9086,3,2,1,1,0,3,11
9905504,1,1,0,0,0,1,2
6087,4,1,3,5,0,4,12
12247,3,1,2,3,3,0,0
112022,3,2,1,2,0,3,32
12094,1,1,0,0,0,1,7
10054,1,1,0,0,0,1,19
9604305,3,2,1,1,1,2,2
110181,7,1,6,16,0,7,10
106294,0,0,0,0,0,0,0
9910300,0,0,0,0,0,0,0
201077,2,2,0,0,0,2,56
9601238,0,0,0,0,0,0,0
11095,2,1,1,1,2,0,0
9407318,0,0,0,0,0,0,0
9603288,0,0,0,0,0,0,0
202159,2,1,1,1,0,2,4
9904319,1,1,0,0,0,1,3
2016,3,1,2,3,0,3,7
9711242,0,0,0,0,0,0,0
9805227,1,1,0,0,0,1,1
9603445,3,1,2,3,0,3,5
9910447,1,1,0,0,0,1,1
9404267,0,0,0,0,0,0,0
112088,2,2,0,0,0,2,14
203008,1,1,0,0,0,1,3
9704234,3,2,1,1,0,3,17
9711202,2,2,0,0,0,2,3
8325,0,0,0,0,0,0,0
9912204,2,1,1,1,0,2,4
9706527,1,1,0,0,1,0,0
105030,0,0,0,0,0,0,0
9912378,0,0,0,0,0,0,0
9609243,1,1,0,0,1,0,0
9907445,3,3,0,0,0,3,8
9911433,4,2,2,2,0,4,14
9911277,4,1,3,5,0,4,4
9803236,1,1,0,0,1,0,0
107054,0,0,0,0,0,0,0
9511319,1,1,0,0,1,0,0
4201,2,1,1,1,0,2,12
212205,1,1,0,0,0,1,8
9510349,0,0,0,0,0,0,0
9704371,4,2,2,2,0,4,4
9406281,2,2,0,0,0,2,2
104031,2,1,1,1,0,2,4
104197,1,1,0,0,0,1,5
9706273,5,1,4,6,5,0,0
1106,0,0,0,0,0,0,0
9801372,1,1,0,0,1,0,0
201038,1,1,0,0,0,1,2
9511345,3,2,1,1,0,3,3
9512247,0,0,0,0,0,0,0
9612450,3,2,1,1,1,2,2
202172,1,1,0,0,0,1,3
201189,2,2,0,0,0,2,29
9811413,0,0,0,0,0,0,0
107120,0,0,0,0,0,0,0
9709239,3,2,1,1,0,3,15
9902348,1,1,0,0,1,0,0
9903445,4,2,2,3,0,4,4
9612244,1,1,0,0,0,1,1
9709224,1,1,0,0,0,1,3
208121,3,2,1,1,0,3,13
12365,5,1,4,9,1,4,4
9906254,0,0,0,0,0,0,0
9707290,2,2,0,0,2,0,0
9218,1,1,0,0,0,1,4
206140,2,1,1,1,0,2,27
9909303,0,0,0,0,0,0,0
9805464,1,1,0,0,0,1,3
201155,2,1,1,1,0,2,8
9709365,1,1,0,0,0,1,6
7230,1,1,0,0,0,1,3
209233,1,1,0,0,0,1,8
108150,0,0,0,0,0,0,0
9511238,1,1,0,0,1,0,0
9606253,0,0,0,0,0,0,0
9611431,0,0,0,0,0,0,0
9607358,0,0,0,0,0,0,0
9805474,0,0,0,0,0,0,0
9709396,0,0,0,0,0,0,0
9810420,3,2,1,1,0,3,4
9801366,2,2,0,0,1,1,1
9611220,2,2,0,0,0,2,2
9506307,1,1,0,0,0,1,4
9305231,1,1,0,0,1,0,0
9512392,0,0,0,0,0,0,0
101175,1,1,0,0,1,0,0
9806273,0,0,0,0,0,0,0
9609210,2,2,0,0,2,0,0
9810349,5,2,3,5,0,5,9
9502292,2,1,1,1,2,0,0
204305,1,1,0,0,0,1,4
207363,1,1,0,0,0,1,10
9406396,2,2,0,0,0,2,5
9308245,1,1,0,0,1,0,0
9902301,2,2,0,0,1,1,1
203235,0,0,0,0,0,0,0
9802325,5,3,2,3,2,3,3
9606394,1,1,0,0,1,0,0
211464,0,0,0,0,0,0,0
103159,2,1,1,1,0,2,2
9402207,2,1,1,1,2,0,0
7309,2,2,0,0,0,2,4
9606455,1,1,0,0,1,0,0
9502249,1,1,0,0,1,0,0
105144,0,0,0,0,0,0,0
9308,2,2,0,0,0,2,10
9510223,1,1,0,0,0,1,1
210223,0,0,0,0,0,0,0
9206201,4,2,2,2,4,0,0
205317,0,0,0,0,0,0,0
101154,1,1,0,0,0,1,2
209015,1,1,0,0,0,1,2
110013,0,0,0,0,0,0,0
212324,0,0,0,0,0,0,0
104092,0,0,0,0,0,0,0
110240,2,1,1,1,0,2,2
9909237,2,1,1,1,0,2,3
9705332,0,0,0,0,0,0,0
9912526,1,1,0,0,0,1,6
9312264,3,3,0,0,3,0,0
9608416,1,1,0,0,0,1,2
207322,0,0,0,0,0,0,0
9707391,0,0,0,0,0,0,0
207370,1,1,0,0,0,1,14
2188,1,1,0,0,0,1,1
301224,0,0,0,0,0,0,0
211378,2,1,1,1,0,2,33
9307248,3,2,1,1,3,0,0
206006,0,0,0,0,0,0,0
105039,0,0,0,0,0,0,0
5079,0,0,0,0,0,0,0
208264,2,1,1,1,2,0,0
9604414,1,1,0,0,1,0,0
9504315,1,1,0,0,1,0,0
204020,1,1,0,0,1,0,0
9711374,0,0,0,0,0,0,0
207077,0,0,0,0,0,0,0
9902229,1,1,0,0,0,1,3
9901373,0,0,0,0,0,0,0
9403332,2,2,0,0,0,2,5
9807301,0,0,0,0,0,0,0
9406377,4,2,2,2,2,2,2
9302296,1,1,0,0,1,0,0
111311,7,1,6,16,7,0,0
302166,0,0,0,0,0,0,0
107027,1,1,0,0,1,0,0
9910276,3,2,1,1,0,3,3
9804218,1,1,0,0,1,0,0
2294,0,0,0,0,0,0,0
4047,3,1,2,3,3,0,0
9611360,1,1,0,0,0,1,1
9803325,1,1,0,0,0,1,2
210215,0,0,0,0,0,0,0
203093,0,0,0,0,0,0,0
9506360,1,1,0,0,0,1,2
9808390,2,1,1,1,1,1,1
111155,1,1,0,0,0,1,23
111416,0,0,0,0,0,0,0
208276,1,1,0,0,0,1,3
9801385,1,1,0,0,0,1,5
9805492,0,0,0,0,0,0,0
208208,1,1,0,0,0,1,1
9707468,1,1,0,0,1,0,0
9712521,0,0,0,0,0,0,0
9806533,0,0,0,0,0,0,0
301160,0,0,0,0,0,0,0
9909360,0,0,0,0,0,0,0
211221,1,1,0,0,0,1,1
206251,0,0,0,0,0,0,0
9811422,1,1,0,0,1,0,0
5113,2,1,1,1,2,0,0
9912393,4,2,2,3,0,4,13
7287,0,0,0,0,0,0,0
9905211,0,0,0,0,0,0,0
9906315,0,0,0,0,0,0,0
9501354,1,1,0,0,1,0,0
9910360,0,0,0,0,0,0,0
207120,1,1,0,0,1,0,0
101282,0,0,0,0,0,0,0
211459,0,0,0,0,0,0,0
9504264,2,2,0,0,2,0,0
9212282,1,1,0,0,1,0,0
302007,0,0,0,0,0,0,0
107225,1,1,0,0,0,1,2
9512299,2,2,0,0,2,0,0
211336,1,1,0,0,0,1,2
9405370,0,0,0,0,0,0,0
9501271,1,1,0,0,1,0,0
211177,0,0,0,0,0,0,0
111396,0,0,0,0,0,0,0
201108,1,1,0,0,0,1,1
9803377,2,2,0,0,0,2,2
205077,0,0,0,0,0,0,0
9904326,0,0,0,0,0,0,0
9906227,1,1,0,0,1,0,0
105181,0,0,0,0,0,0,0
9308254,2,2,0,0,2,0,0
9510371,0,0,0,0,0,0,0
301023,0,0,0,0,0,0,0
208079,3,1,2,3,0,3,3
9912530,1,1,0,0,0,1,1
9506215,0,0,0,0,0,0,0
9909261,0,0,0,0,0,0,0
9803406,1,1,0,0,0,1,3
9707534,2,2,0,0,0,2,3
9312245,3,3,0,0,3,0,0
9904302,1,1,0,0,0,1,2
9810423,0,0,0,0,0,0,0
206130,0,0,0,0,0,0,0
9908277,0,0,0,0,0,0,0
9902277,1,1,0,0,0,1,1
201078,0,0,0,0,0,0,0
204301,0,0,0,0,0,0,0
10266,1,1,0,0,1,0,0
9910333,6,3,3,3,6,0,0
9404214,0,0,0,0,0,0,0
211166,0,0,0,0,0,0,0
3162,0,0,0,0,0,0,0
9912243,1,1,0,0,1,0,0
201190,0,0,0,0,0,0,0
9812214,0,0,0,0,0,0,0
9511229,0,0,0,0,0,0,0
9506306,1,1,0,0,0,1,3
9804385,4,2,2,2,0,4,18
9601221,3,1,2,3,3,0,0
111211,0,0,0,0,0,0,0
9802346,1,1,0,0,1,0,0
202016,0,0,0,0,0,0,0
9211295,1,1,0,0,1,0,0
210062,1,1,0,0,0,1,2
9808365,0,0,0,0,0,0,0
107130,0,0,0,0,0,0,0
9601225,0,0,0,0,0,0,0
9307264,1,1,0,0,1,0,0
9306224,2,2,0,0,2,0,0
8174,0,0,0,0,0,0,0
111429,0,0,0,0,0,0,0
102171,2,2,0,0,2,0,0
9701263,0,0,0,0,0,0,0
212126,2,2,0,0,2,0,0
9505212,0,0,0,0,0,0,0
9912462,0,0,0,0,0,0,0
9408283,3,2,1,1,3,0,0
9612382,0,0,0,0,0,0,0
208148,0,0,0,0,0,0,0
301108,0,0,0,0,0,0,0
211015,1,1,0,0,0,1,1
9910353,0,0,0,0,0,0,0
209321,0,0,0,0,0,0,0
208203,1,1,0,0,0,1,13
301107,0,0,0,0,0,0,0
102114,1,1,0,0,1,0,0
9208201,3,1,2,2,3,0,0
9607283,0,0,0,0,0,0,0
9904499,3,2,1,1,3,0,0
9901372,0,0,0,0,0,0,0
9405281,1,1,0,0,1,0,0
207180,0,0,0,0,0,0,0
105193,0,0,0,0,0,0,0
9409383,0,0,0,0,0,0,0
111462,0,0,0,0,0,0,0
202272,0,0,0,0,0,0,0
7145,0,0,0,0,0,0,0
112131,2,1,1,1,0,2,10
9803469,2,2,0,0,0,2,7
9804329,6,2,4,10,0,6,19
9707408,0,0,0,0,0,0,0
9809280,1,1,0,0,0,1,9
9706405,1,1,0,0,1,0,0
205257,1,1,0,0,0,1,2
103154,1,1,0,0,0,1,5
211413,0,0,0,0,0,0,0
9804220,0,0,0,0,0,0,0
9808476,0,0,0,0,0,0,0
9710501,0,0,0,0,0,0,0
204159,1,1,0,0,1,0,0
9809457,1,1,0,0,1,0,0
9811461,0,0,0,0,0,0,0
9301230,1,1,0,0,1,0,0
9905514,0,0,0,0,0,0,0
9612410,0,0,0,0,0,0,0
9812431,0,0,0,0,0,0,0
211279,1,1,0,0,0,1,2
207176,0,0,0,0,0,0,0
204046,1,1,0,0,0,1,1
9507412,0,0,0,0,0,0,0
206228,0,0,0,0,0,0,0
105134,0,0,0,0,0,0,0
1105,0,0,0,0,0,0,0
9612259,0,0,0,0,0,0,0
9810434,1,1,0,0,1,0,0
9509243,1,1,0,0,0,1,1
106222,3,2,1,1,0,3,3
112002,0,0,0,0,0,0,0
203106,0,0,0,0,0,0,0
8330,0,0,0,0,0,0,0
211116,0,0,0,0,0,0,0
110399,1,1,0,0,0,1,3
211269,0,0,0,0,0,0,0
9509301,0,0,0,0,0,0,0
301248,0,0,0,0,0,0,0
203145,2,2,0,0,0,2,4
101299,0,0,0,0,0,0,0
9712311,0,0,0,0,0,0,0
210166,0,0,0,0,0,0,0
9912549,0,0,0,0,0,0,0
302056,0,0,0,0,0,0,0
102034,0,0,0,0,0,0,0
9802360,0,0,0,0,0,0,0
207163,0,0,0,0,0,0,0
5308,0,0,0,0,0,0,0
9511377,0,0,0,0,0,0,0
207353,0,0,0,0,0,0,0
9505418,2,2,0,0,2,0,0
102202,0,0,0,0,0,0,0
210448,0,0,0,0,0,0,0
11007,0,0,0,0,0,0,0
9707479,1,1,0,0,0,1,1
205324,0,0,0,0,0,0,0
9908392,0,0,0,0,0,0,0
9808237,0,0,0,0,0,0,0
109251,0,0,0,0,0,0,0
210367,0,0,0,0,0,0,0
9709248,0,0,0,0,0,0,0
9501413,0,0,0,0,0,0,0
9404218,3,2,1,1,3,0,0
9801320,0,0,0,0,0,0,0
207218,0,0,0,0,0,0,0
9409350,1,1,0,0,1,0,0
204298,0,0,0,0,0,0,0
9303313,8,1,7,16,8,0,0
109144,0,0,0,0,0,0,0
9306299,1,1,0,0,1,0,0
204355,0,0,0,0,0,0,0
211280,0,0,0,0,0,0,0
9902329,1,1,0,0,0,1,7
9704279,0,0,0,0,0,0,0
204022,0,0,0,0,0,0,0
9510278,0,0,0,0,0,0,0
9701239,0,0,0,0,0,0,0
209202,0,0,0,0,0,0,0
8187,0,0,0,0,0,0,0
9609366,1,1,0,0,1,0,0
210087,0,0,0,0,0,0,0
210188,0,0,0,0,0,0,0
9904231,2,2,0,0,2,0,0
9706422,0,0,0,0,0,0,0
9905438,1,1,0,0,1,0,0
202062,0,0,0,0,0,0,0
207132,0,0,0,0,0,0,0
209275,1,1,0,0,0,1,3
9706353,1,1,0,0,1,0,0
9709368,0,0,0,0,0,0,0
9405409,0,0,0,0,0,0,0
9809296,0,0,0,0,0,0,0
210059,0,0,0,0,0,0,0
8278,0,0,0,0,0,0,0
9811286,1,1,0,0,1,0,0
9207238,2,2,0,0,2,0,0
9708309,1,1,0,0,1,0,0
9608202,0,0,0,0,0,0,0
9902474,0,0,0,0,0,0,0
9608236,0,0,0,0,0,0,0
206211,1,1,0,0,0,1,15
9708383,0,0,0,0,0,0,0
9507286,0,0,0,0,0,0,0
9505323,0,0,0,0,0,0,0
108105,1,1,0,0,1,0,0
9804225,0,0,0,0,0,0,0
210018,0,0,0,0,0,0,0
9702371,1,1,0,0,1,0,0
9909535,0,0,0,0,0,0,0
205091,0,0,0,0,0,0,0
102066,0,0,0,0,0,0,0
7130,1,1,0,0,1,0,0
207325,0,0,0,0,0,0,0
9602387,0,0,0,0,0,0,0
9611381,0,0,0,0,0,0,0
9609499,1,1,0,0,1,0,0
9912392,0,0,0,0,0,0,0
212325,0,0,0,0,0,0,0
302069,0,0,0,0,0,0,0
9511394,0,0,0,0,0,0,0
104273,0,0,0,0,0,0,0
9407304,1,1,0,0,1,0,0
301162,0,0,0,0,0,0,0
9509397,0,0,0,0,0,0,0
103186,0,0,0,0,0,0,0
9808229,1,1,0,0,1,0,0
104128,0,0,0,0,0,0,0
201101,0,0,0,0,0,0,0
106339,0,0,0,0,0,0,0
9501403,0,0,0,0,0,0,0
9301,0,0,0,0,0,0,0
9912414,1,1,0,0,1,0,0
9312265,1,1,0,0,1,0,0
102190,0,0,0,0,0,0,0
109143,1,1,0,0,0,1,5
212230,0,0,0,0,0,0,0
9702440,1,1,0,0,1,0,0
201169,0,0,0,0,0,0,0
205222,0,0,0,0,0,0,0
104157,0,0,0,0,0,0,0
9804457,0,0,0,0,0,0,0
301236,0,0,0,0,0,0,0
9406434,0,0,0,0,0,0,0
6330,0,0,0,0,0,0,0
201276,0,0,0,0,0,0,0
4072,1,1,0,0,1,0,0
208028,0,0,0,0,0,0,0
9812295,0,0,0,0,0,0,0
207187,0,0,0,0,0,0,0
209123,0,0,0,0,0,0,0
9314,1,1,0,0,1,0,0
9909462,0,0,0,0,0,0,0
207089,0,0,0,0,0,0,0
1139,0,0,0,0,0,0,0
9907546,0,0,0,0,0,0,0
111320,0,0,0,0,0,0,0
9712403,0,0,0,0,0,0,0
102326,0,0,0,0,0,0,0
9311315,0,0,0,0,0,0,0
9911320,0,0,0,0,0,0,0
302242,0,0,0,0,0,0,0
9304257,56,2,54,689,18,38,38
9907300,5,2,3,6,1,4,6
301097,0,0,0,0,0,0,0
211224,0,0,0,0,0,0,0
9806332,14,1,13,43,0,14,108
9806287,20,3,17,59,0,20,100
9609331,50,1,49,512,0,50,271
9907422,18,2,16,73,0,18,124
9403353,2,2,0,0,1,1,2
9401357,2,2,0,0,2,0,0
9311326,6,2,4,8,6,0,0
9807310,37,2,35,246,21,16,16
9504342,48,3,45,461,48,0,0
9909425,30,1,29,213,0,30,174
9505359,20,2,18,90,5,15,22
9711400,9,3,6,17,0,9,79
9403312,9,1,8,26,9,0,0
9305290,14,2,12,51,14,0,0
9812256,33,3,30,200,3,30,126
9903424,13,3,10,25,0,13,43
9709395,12,2,10,20,0,12,92
9608352,11,2,9,20,0,11,31
9709369,8,2,6,13,1,7,19
10008,10,2,8,16,0,10,160
10209,2,1,1,1,0,2,10
9612464,16,2,14,49,0,16,192
9808453,2,1,1,1,0,2,10
9705235,15,3,12,51,0,15,68
102310,3,1,2,3,0,3,26
9908255,13,1,12,31,0,13,51
9807332,13,1,12,39,0,13,44
9908229,5,3,2,2,0,5,10
9406389,18,4,14,40,0,18,75
9805471,28,2,26,240,0,28,64
9305345,32,2,30,243,11,21,21
9711460,10,3,7,13,0,10,44
9707323,5,2,3,4,0,5,22
9703298,27,1,26,197,4,23,41
9707362,15,1,14,51,0,15,15
9410244,7,1,6,16,7,0,0
9812433,1,1,0,0,0,1,12
9208220,7,5,2,7,7,0,0
9611333,14,4,10,37,1,13,43
9812371,14,2,12,44,0,14,32
9409287,21,4,17,92,1,20,58
9503255,3,3,0,0,0,3,19
9404270,25,4,21,154,25,0,0
9507380,33,2,31,226,0,33,102
9708207,7,5,2,2,0,7,21
9910299,3,2,1,2,0,3,49
9902268,4,1,3,6,0,4,14
9912473,13,2,11,38,0,13,67
11002,11,1,10,32,1,10,34
9701256,13,5,8,19,0,13,38
9812287,74,2,72,1098,0,74,427
9209262,10,3,7,22,10,0,0
6105,10,3,7,16,0,10,140
212228,5,1,4,5,0,5,20
9603414,6,1,5,8,0,6,22
9502391,4,1,3,4,1,3,3
9410310,23,1,22,81,23,0,0
9903448,34,1,33,282,3,31,31
9706408,7,1,6,13,0,7,31
9707331,9,1,8,24,0,9,57
9271,9,3,6,12,2,7,17
9710447,12,1,11,46,1,11,18
9705362,3,1,2,3,0,3,7
9810533,6,1,5,14,3,3,3
9403395,4,2,2,3,4,0,0
9909204,3,1,2,2,3,0,0
9403208,17,1,16,82,17,0,0
9710512,4,1,3,3,0,4,12
9511388,37,2,35,280,3,34,118
9507282,29,1,28,210,29,0,0
9501334,42,2,40,390,8,34,34
9512354,2,1,1,1,2,0,0
9511205,14,5,9,48,14,0,0
9510268,5,1,4,9,0,5,56
9507386,43,1,42,473,3,40,40
9709322,17,1,16,51,2,15,31
202076,15,4,11,26,0,15,177
106264,17,2,15,59,1,16,30
9508325,11,3,8,10,11,0,0
9604243,8,2,6,15,0,8,44
9805208,25,2,23,123,0,25,47
9403226,33,1,32,353,33,0,0
9903516,27,1,26,203,2,25,130
9909368,5,1,4,9,0,5,5
3035,7,3,4,6,0,7,55
9902263,43,1,42,484,0,43,340
9904504,23,3,20,87,0,23,173
111390,4,2,2,3,0,4,27
9511322,2,1,1,1,0,2,2
208115,6,2,4,5,0,6,27
112186,17,1,16,76,0,17,151
9803219,3,1,2,3,3,0,0
103104,4,1,3,3,0,4,14
9403290,39,2,37,367,19,20,20
9212286,2,1,1,1,0,2,4
9606386,7,1,6,12,0,7,13
9602337,7,2,5,5,0,7,7
1128,4,1,3,5,0,4,12
9502237,47,2,45,494,11,36,36
9910205,13,1,12,37,0,13,51
9907213,1,1,0,0,1,0,0
9909297,14,5,9,37,0,14,165
9711450,17,1,16,54,17,0,0
9809427,30,3,27,106,0,30,248
9506378,22,2,20,71,0,22,105
9507289,5,1,4,7,2,3,3
9512302,2,1,1,1,2,0,0
9403381,7,1,6,15,1,6,12
9505201,19,3,16,62,1,18,36
10253,6,2,4,8,0,6,103
9710245,6,2,4,11,6,0,0
9812463,15,3,12,29,0,15,139
9810240,2,1,1,1,0,2,35
8204,7,1,6,17,0,7,14
9501402,2,1,1,1,0,2,8
9812266,4,3,1,1,0,4,10
9812205,39,1,38,272,6,33,52
9610490,8,3,5,7,2,6,10
9612356,0,0,0,0,0,0,0
9911286,5,1,4,7,1,4,7
9610261,2,1,1,1,2,0,0
9608245,7,3,4,8,4,3,3
9610406,2,1,1,1,0,2,2
9908339,4,3,1,1,0,4,11
9703445,4,2,2,2,0,4,23
9303216,2,1,1,1,2,0,0
9609345,5,1,4,9,0,5,24
9708364,8,1,7,22,0,8,30
9309219,8,1,7,17,8,0,0
9612351,6,1,5,10,6,0,0
9605387,16,2,14,79,0,16,244
9506454,10,4,6,19,0,10,17
9407404,12,2,10,41,0,12,28
11263,10,2,8,11,0,10,42
9509423,16,1,15,55,16,0,0
9506350,8,1,7,16,0,8,10
9911248,6,1,5,14,0,6,18
9506417,28,1,27,183,3,25,82
9901362,5,1,4,8,0,5,111
9811470,9,1,8,22,5,4,4
111086,5,2,3,6,0,5,18
103125,51,2,49,552,0,51,134
9804465,2,1,1,1,2,0,0
9507253,36,1,35,269,0,36,120
9909251,2,1,1,1,0,2,5
206136,6,2,4,7,0,6,48
9912448,6,1,5,10,6,0,0
7357,15,2,13,53,0,15,65
9409348,10,1,9,29,0,10,10
9608325,0,0,0,0,0,0,0
9605394,1,1,0,0,1,0,0
9610377,1,1,0,0,0,1,1
9411324,7,2,5,11,7,0,0
9909418,18,1,17,67,0,18,265
9501357,11,2,9,24,0,11,14
9710234,9,2,7,25,0,9,32
9806241,6,2,4,5,0,6,7
9304211,17,3,14,62,17,0,0
9703375,30,1,29,201,0,30,215
9705399,15,1,14,43,0,15,299
107117,1,1,0,0,0,1,5
109077,7,3,4,5,0,7,36
9911297,4,2,2,2,0,4,25
9703291,8,2,6,16,1,7,14
9507422,9,1,8,28,9,0,0
9503417,5,1,4,4,5,0,0
9710418,6,2,4,10,0,6,19
9303219,4,3,1,2,2,2,2
9054,3,1,2,3,0,3,8
9508272,7,3,4,10,0,7,44
9711231,19,1,18,85,1,18,40
9803289,10,3,7,16,10,0,0
108046,0,0,0,0,0,0,0
6003,1,1,0,0,0,1,3
204299,1,1,0,0,0,1,26
12002,3,1,2,3,0,3,13
9804307,4,1,3,3,0,4,23
9604351,23,2,21,147,1,22,124
4233,1,1,0,0,0,1,7
9405424,1,1,0,0,0,1,1
9806290,5,3,2,5,0,5,75
5007,17,1,16,61,0,17,144
9705251,30,2,28,197,1,29,47
9601351,1,1,0,0,0,1,1
4243,6,2,4,13,0,6,9
106049,1,1,0,0,0,1,5
9602381,19,2,17,107,19,0,0
105159,1,1,0,0,0,1,19
9506437,6,2,4,5,0,6,22
9405329,3,2,1,1,0,3,3
2177,7,2,5,18,0,7,20
9510246,2,2,0,0,0,2,8
9125,2,2,0,0,0,2,13
103223,5,1,4,9,0,5,41
9511289,1,1,0,0,1,0,0
9411278,2,2,0,0,2,0,0
9511329,4,1,3,5,4,0,0
9703224,10,2,8,22,0,10,20
9609447,13,3,10,38,0,13,90
9607362,16,2,14,61,2,14,14
9610495,3,1,2,2,2,1,1
9908436,1,1,0,0,0,1,1
205032,3,1,2,2,0,3,12
9806354,15,1,14,60,0,15,183
9307213,5,2,3,7,0,5,10
9911369,13,1,12,33,0,13,54
9503388,6,2,4,14,0,6,65
9707269,5,2,3,4,0,5,25
9605434,10,2,8,25,1,9,16
9904286,11,1,10,22,3,8,13
206077,2,2,0,0,0,2,36
9912343,6,1,5,11,1,5,12
12352,36,2,34,310,0,36,57
112013,4,1,3,4,4,0,0
105145,10,3,7,20,0,10,48
104104,5,2,3,7,0,5,8
202247,7,1,6,12,0,7,22
7254,4,1,3,3,0,4,19
1244,12,1,11,37,4,8,8
9507287,6,3,3,6,0,6,24
9504238,9,1,8,13,0,9,20
9405299,13,2,11,49,4,9,14
9707387,7,2,5,8,0,7,20
108239,7,2,5,6,0,7,72
107199,3,1,2,3,0,3,12
9906238,6,1,5,8,0,6,6
9501405,10,2,8,23,10,0,0
9802276,4,3,1,2,0,4,17
9605336,1,1,0,0,0,1,1
9702301,5,1,4,8,0,5,15
9711472,2,2,0,0,1,1,1
9908433,6,2,4,6,0,6,58
203132,1,1,0,0,0,1,3
9503233,11,4,7,24,1,10,12
9512248,14,2,12,47,0,14,29
9206232,3,2,1,2,3,0,0
9503358,3,3,0,0,0,3,13
9806281,1,1,0,0,0,1,1
9809321,37,1,36,340,37,0,0
9805289,8,2,6,16,0,8,100
5080,8,3,5,13,0,8,101
105064,19,2,17,63,0,19,69
9710304,4,2,2,3,0,4,7
9902261,1,1,0,0,0,1,3
206194,2,2,0,0,0,2,8
111288,1,1,0,0,1,0,0
9512203,5,2,3,6,5,0,0
9904449,0,0,0,0,0,0,0
9701344,2,1,1,1,2,0,0
9305323,5,2,3,3,5,0,0
9506311,4,1,3,5,4,0,0
9901418,0,0,0,0,0,0,0
9608340,3,1,2,2,0,3,12
107320,4,4,0,0,0,4,23
104253,5,1,4,8,5,0,0
9910219,3,1,2,3,0,3,8
9503224,2,1,1,1,2,0,0
9405272,26,2,24,154,1,25,143
105225,2,1,1,1,0,2,4
209200,3,1,2,2,0,3,8
9712273,6,3,3,5,6,0,0
102209,7,2,5,6,0,7,26
109172,9,2,7,18,0,9,48
101029,0,0,0,0,0,0,0
9803228,2,1,1,1,1,1,2
9803349,11,3,8,15,0,11,119
9706513,1,1,0,0,0,1,1
9405247,1,1,0,0,0,1,1
9707333,4,2,2,2,0,4,4
9701209,5,3,2,2,0,5,18
9603204,14,1,13,32,14,0,0
102281,0,0,0,0,0,0,0
111054,0,0,0,0,0,0,0
2276,2,2,0,0,0,2,6
9412349,4,2,2,5,4,0,0
7041,6,1,5,10,0,6,74
9401272,10,3,7,15,0,10,31
9709453,11,1,10,29,1,10,46
9406338,2,1,1,1,2,0,0
9802319,2,1,1,1,0,2,4
11250,11,3,8,18,0,11,82
9807324,4,1,3,3,4,0,0
9903471,3,3,0,0,0,3,17
9712322,0,0,0,0,0,0,0
9409298,0,0,0,0,0,0,0
9507459,0,0,0,0,0,0,0
9609487,8,1,7,16,0,8,17
9810307,7,2,5,17,0,7,28
9702297,6,1,5,11,6,0,0
9905495,1,1,0,0,0,1,6
108055,2,2,0,0,1,1,2
109102,11,1,10,24,0,11,30
103036,2,2,0,0,0,2,16
9503414,1,1,0,0,0,1,1
102174,4,2,2,3,0,4,18
9812516,2,2,0,0,2,0,0
9710222,8,3,5,12,0,8,27
9703225,2,1,1,1,2,0,0
9506251,7,1,6,15,7,0,0
204265,2,2,0,0,0,2,2
9607485,12,1,11,22,0,12,44
5028,8,2,6,10,0,8,87
9504291,2,1,1,1,2,0,0
9711362,7,3,4,11,0,7,54
9710353,3,2,1,1,0,3,77
9712339,7,1,6,16,7,0,0
9510258,6,2,4,4,0,6,6
9305215,5,1,4,8,5,0,0
9707342,8,3,5,7,0,8,22
212107,1,1,0,0,0,1,6
9511387,7,2,5,7,0,7,32
9711289,0,0,0,0,0,0,0
8294,3,3,0,0,0,3,19
9803265,1,1,0,0,0,1,1
9909208,1,1,0,0,1,0,0
4143,10,3,7,11,0,10,41
9806428,14,2,12,40,0,14,22
9602302,6,3,3,5,0,6,54
9512301,4,1,3,5,0,4,4
9908331,1,1,0,0,1,0,0
9702354,9,2,7,19,0,9,39
9704301,18,1,17,68,12,6,6
9510289,8,1,7,15,8,0,0
9910248,1,1,0,0,1,0,0
11058,1,1,0,0,1,0,0
110249,5,3,2,3,0,5,29
107304,2,1,1,1,0,2,7
5152,8,1,7,19,2,6,10
9308229,6,1,5,13,6,0,0
9308370,3,2,1,1,3,0,0
110365,2,1,1,1,0,2,27
9704281,6,2,4,11,2,4,4
212071,0,0,0,0,0,0,0
9610299,4,1,3,5,0,4,6
9403315,1,1,0,0,0,1,3
109272,4,2,2,2,0,4,4
9807465,4,1,3,6,4,0,0
9508405,1,1,0,0,0,1,1
9707299,0,0,0,0,0,0,0
207185,1,1,0,0,0,1,3
9903441,3,3,0,0,0,3,16
9410225,3,2,1,1,0,3,5
210173,4,1,3,3,0,4,53
9706519,2,1,1,1,0,2,29
9211202,5,1,4,4,5,0,0
9710438,7,4,3,4,0,7,7
12199,2,2,0,0,0,2,3
2003,5,3,2,5,0,5,22
1011,2,1,1,1,2,0,0
9610544,9,2,7,17,9,0,0
12299,8,1,7,24,0,8,51
9504410,6,2,4,9,4,2,2
9607347,4,1,3,5,1,3,3
9245,6,2,4,7,0,6,42
111332,6,1,5,8,0,6,57
9409323,5,1,4,9,5,0,0
9809218,1,1,0,0,0,1,5
9806220,1,1,0,0,0,1,1
111094,3,2,1,1,0,3,9
108131,4,1,3,5,0,4,33
9807361,16,1,15,100,16,0,0
206101,9,4,5,10,0,9,70
9903488,1,1,0,0,0,1,10
9710408,1,1,0,0,0,1,1
111313,1,1,0,0,0,1,1
9810338,4,2,2,4,0,4,21
9505321,7,1,6,15,7,0,0
9212301,22,3,19,80,22,0,0
103136,6,3,3,4,0,6,32
207324,0,0,0,0,0,0,0
9711442,4,2,2,2,0,4,10
107254,4,1,3,5,0,4,21
210263,8,1,7,25,8,0,0
9509296,1,1,0,0,0,1,1
12254,2,1,1,1,0,2,9
8301,2,1,1,1,0,2,28
9402225,6,3,3,5,6,0,0
9506421,2,1,1,1,2,0,0
9702320,0,0,0,0,0,0,0
11089,6,1,5,6,0,6,21
9805279,3,1,2,3,0,3,20
9909423,5,1,4,7,0,5,34
5019,6,2,4,11,0,6,78
9602353,2,1,1,1,2,0,0
9212236,9,2,7,19,9,0,0
6142,1,1,0,0,1,0,0
9808305,7,6,1,1,0,7,30
9611426,2,1,1,1,0,2,7
9308201,3,3,0,0,0,3,13
9702397,4,1,3,4,4,0,0
9908300,4,2,2,3,0,4,7
9701425,6,2,4,4,0,6,10
9810408,14,2,12,38,14,0,0
109016,1,1,0,0,0,1,2
9505394,2,1,1,1,0,2,2
9909324,8,3,5,9,0,8,56
9511286,1,1,0,0,1,0,0
9711363,16,2,14,52,0,16,62
9611430,3,1,2,3,0,3,5
9801284,10,1,9,31,10,0,0
9503408,3,2,1,1,1,2,2
9308256,3,2,1,2,1,2,2
9508351,1,1,0,0,1,0,0
9707271,1,1,0,0,0,1,5
204076,4,2,2,2,0,4,24
111021,0,0,0,0,0,0,0
9909417,2,2,0,0,2,0,0
9609472,6,2,4,8,0,6,24
2039,4,2,2,4,0,4,6
9711398,10,1,9,25,2,8,8
9707514,2,2,0,0,0,2,6
202129,0,0,0,0,0,0,0
9604216,4,3,1,1,0,4,13
7174,5,1,4,8,0,5,13
204275,3,2,1,1,0,3,7
9503395,0,0,0,0,0,0,0
8336,4,2,2,3,0,4,13
9904444,5,1,4,6,0,5,28
107110,9,1,8,24,2,7,11
9503260,9,1,8,14,0,9,9
9409229,6,1,5,5,6,0,0
9508395,8,2,6,12,8,0,0
202191,10,3,7,10,0,10,163
8271,0,0,0,0,0,0,0
201015,1,1,0,0,0,1,3
9507395,5,1,4,6,0,5,9
9406316,4,2,2,2,4,0,0
203131,6,4,2,2,0,6,47
9910563,1,1,0,0,0,1,1
9608426,2,1,1,1,0,2,4
9905488,2,1,1,1,0,2,5
202228,2,1,1,1,0,2,8
9712382,3,1,2,3,1,2,2
103015,3,1,2,3,0,3,6
202194,8,1,7,21,8,0,0
9610530,1,1,0,0,1,0,0
9503430,4,1,3,5,4,0,0
104099,2,2,0,0,0,2,4
105043,5,3,2,4,1,4,4
211017,1,1,0,0,1,0,0
9805319,1,1,0,0,0,1,2
9501312,5,3,2,2,1,4,4
9804258,1,1,0,0,0,1,2
9612345,1,1,0,0,0,1,3
7170,0,0,0,0,0,0,0
9704355,3,1,2,2,0,3,3
9701332,1,1,0,0,0,1,2
208091,9,2,7,21,0,9,34
111147,4,2,2,3,0,4,23
203252,1,1,0,0,1,0,0
9601363,3,1,2,2,3,0,0
9902404,1,1,0,0,1,0,0
211073,0,0,0,0,0,0,0
9903382,2,2,0,0,0,2,6
211231,1,1,0,0,1,0,0
9909532,3,3,0,0,0,3,7
10103,3,2,1,1,3,0,0
9810262,0,0,0,0,0,0,0
9808291,3,1,2,3,3,0,0
9403302,2,1,1,1,2,0,0
112143,7,2,5,8,0,7,47
9605461,0,0,0,0,0,0,0
4196,1,1,0,0,0,1,1
9806396,2,2,0,0,0,2,6
9709433,0,0,0,0,0,0,0
9404226,2,2,0,0,2,0,0
9807222,6,2,4,11,0,6,29
9102,7,1,6,9,0,7,29
9305250,6,2,4,8,6,0,0
204289,2,2,0,0,0,2,2
9711359,1,1,0,0,1,0,0
9503280,8,1,7,14,8,0,0
9702357,1,1,0,0,0,1,1
9704455,9,4,5,15,0,9,49
9710376,2,1,1,1,2,0,0
209224,0,0,0,0,0,0,0
9302291,5,4,1,3,5,0,0
9403234,0,0,0,0,0,0,0
9807472,16,1,15,76,8,8,8
208101,2,2,0,0,0,2,25
107171,3,2,1,1,0,3,14
205100,0,0,0,0,0,0,0
9806349,1,1,0,0,1,0,0
207006,2,1,1,1,0,2,13
9706362,2,2,0,0,0,2,30
9708369,6,3,3,8,0,6,43
103346,0,0,0,0,0,0,0
9906252,1,1,0,0,0,1,2
201030,7,1,6,15,0,7,13
9904271,0,0,0,0,0,0,0
9607351,2,2,0,0,0,2,5
206306,4,3,1,1,0,4,12
9612251,3,1,2,3,3,0,0
212265,1,1,0,0,0,1,5
8326,2,2,0,0,2,0,0
9908231,2,1,1,1,0,2,23
6259,0,0,0,0,0,0,0
203041,3,1,2,3,0,3,27
9508283,3,1,2,2,3,0,0
109170,1,1,0,0,0,1,6
9273,4,1,3,5,1,3,3
9703428,2,2,0,0,0,2,10
9606241,11,1,10,33,11,0,0
9712393,4,1,3,6,4,0,0
9901302,1,1,0,0,1,0,0
9905416,2,1,1,1,0,2,10
9905427,8,2,6,18,5,3,3
6091,0,0,0,0,0,0,0
9907439,1,1,0,0,0,1,2
9901346,6,2,4,10,1,5,5
10215,1,1,0,0,0,1,4
4234,2,2,0,0,2,0,0
9711299,3,2,1,1,3,0,0
12235,2,1,1,1,0,2,10
9910413,1,1,0,0,1,0,0
9811279,3,1,2,2,0,3,12
9902298,0,0,0,0,0,0,0
9347,0,0,0,0,0,0,0
207255,1,1,0,0,1,0,0
104179,2,1,1,1,0,2,6
9809390,1,1,0,0,0,1,3
9510249,2,1,1,1,1,1,1
107005,1,1,0,0,0,1,6
9604331,2,2,0,0,0,2,5
9810234,1,1,0,0,0,1,3
9511281,1,1,0,0,0,1,5
9810421,1,1,0,0,0,1,2
9501210,3,2,1,2,2,1,1
9811333,2,1,1,1,0,2,4
9709473,4,1,3,5,4,0,0
9503412,4,1,3,6,0,4,15
9404311,3,3,0,0,3,0,0
202064,5,1,4,10,0,5,32
205153,5,2,3,5,0,5,19
6039,1,1,0,0,0,1,1
9605255,1,1,0,0,1,0,0
203061,0,0,0,0,0,0,0
9806520,1,1,0,0,0,1,9
9807218,2,2,0,0,0,2,4
101354,1,1,0,0,0,1,1
109250,0,0,0,0,0,0,0
9610344,1,1,0,0,0,1,1
203246,0,0,0,0,0,0,0
9706390,0,0,0,0,0,0,0
9711280,0,0,0,0,0,0,0
9812440,14,2,12,40,0,14,184
203227,0,0,0,0,0,0,0
9704440,4,1,3,5,1,3,4
9709459,1,1,0,0,0,1,2
4007,1,1,0,0,1,0,0
9912351,6,1,5,13,1,5,5
202227,3,2,1,2,3,0,0
9907544,1,1,0,0,1,0,0
9203210,3,2,1,1,3,0,0
9903352,1,1,0,0,0,1,2
108113,1,1,0,0,0,1,5
11009,2,1,1,1,1,1,1
109067,2,1,1,1,2,0,0
9506422,3,2,1,1,3,0,0
112130,0,0,0,0,0,0,0
9409204,3,1,2,3,3,0,0
9303250,2,1,1,1,2,0,0
9902439,1,1,0,0,0,1,1
206196,1,1,0,0,0,1,7
9902370,1,1,0,0,1,0,0
12223,2,1,1,1,2,0,0
108070,4,3,1,1,0,4,11
111082,8,2,6,15,0,8,56
7250,1,1,0,0,0,1,4
10218,0,0,0,0,0,0,0
107131,0,0,0,0,0,0,0
9911267,1,1,0,0,0,1,1
8131,2,2,0,0,0,2,19
9809511,0,0,0,0,0,0,0
210028,1,1,0,0,0,1,15
9506302,1,1,0,0,0,1,1
104148,3,1,2,3,0,3,15
203151,1,1,0,0,0,1,5
201294,5,3,2,4,0,5,30
7081,3,1,2,2,3,0,0
9406409,0,0,0,0,0,0,0
11080,0,0,0,0,0,0,0
9806510,0,0,0,0,0,0,0
206296,0,0,0,0,0,0,0
9510333,1,1,0,0,0,1,1
9505306,1,1,0,0,1,0,0
9510440,0,0,0,0,0,0,0
9702349,2,1,1,1,0,2,6
110344,2,1,1,1,0,2,5
9808483,0,0,0,0,0,0,0
111152,0,0,0,0,0,0,0
9803324,2,1,1,1,0,2,6
9901230,1,1,0,0,1,0,0
9806374,4,3,1,1,1,3,7
111165,0,0,0,0,0,0,0
9911431,1,1,0,0,1,0,0
8254,0,0,0,0,0,0,0
9907434,1,1,0,0,0,1,2
9907560,0,0,0,0,0,0,0
9910296,1,1,0,0,0,1,20
9705231,1,1,0,0,0,1,2
9408212,0,0,0,0,0,0,0
9812388,1,1,0,0,0,1,2
9609394,1,1,0,0,1,0,0
9703378,5,1,4,8,0,5,5
205041,2,1,1,1,0,2,15
12189,3,2,1,1,0,3,3
9807475,0,0,0,0,0,0,0
2170,0,0,0,0,0,0,0
9910369,1,1,0,0,0,1,1
9702266,5,1,4,10,5,0,0
205329,6,3,3,5,0,6,46
9504385,0,0,0,0,0,0,0
9801263,4,2,2,3,0,4,12
9312317,3,1,2,2,3,0,0
207343,0,0,0,0,0,0,0
9804382,3,1,2,3,0,3,12
101121,0,0,0,0,0,0,0
9805439,1,1,0,0,0,1,2
9308323,0,0,0,0,0,0,0
7084,2,1,1,1,2,0,0
9511401,3,2,1,1,3,0,0
9403348,1,1,0,0,1,0,0
9403323,9,3,6,12,1,8,13
9607426,3,2,1,2,1,2,2
206033,1,1,0,0,0,1,10
104087,1,1,0,0,0,1,2
110313,0,0,0,0,0,0,0
9701321,1,1,0,0,0,1,2
9310310,3,1,2,3,3,0,0
9802298,5,1,4,7,5,0,0
9412244,4,2,2,2,4,0,0
9506418,0,0,0,0,0,0,0
101158,3,1,2,2,0,3,12
4232,5,1,4,10,5,0,0
9804248,3,1,2,2,2,1,1
9912450,0,0,0,0,0,0,0
9911533,7,2,5,12,0,7,7
210381,1,1,0,0,0,1,2
9807214,2,2,0,0,0,2,8
109041,2,1,1,1,0,2,36
212329,0,0,0,0,0,0,0
9808389,0,0,0,0,0,0,0
108056,1,1,0,0,0,1,4
9705404,0,0,0,0,0,0,0
109177,1,1,0,0,0,1,1
9609221,1,1,0,0,0,1,1
209370,0,0,0,0,0,0,0
9504382,1,1,0,0,1,0,0
9306286,0,0,0,0,0,0,0
9912363,0,0,0,0,0,0,0
9811336,2,1,1,1,0,2,2
9408387,6,2,4,7,6,0,0
9703247,2,1,1,1,2,0,0
9509271,6,1,5,7,6,0,0
9502250,5,4,1,2,0,5,14
9602354,1,1,0,0,0,1,1
107020,0,0,0,0,0,0,0
106114,1,1,0,0,1,0,0
9812327,0,0,0,0,0,0,0
9609463,2,2,0,0,2,0,0
9710430,0,0,0,0,0,0,0
9706278,4,2,2,3,3,1,1
106201,1,1,0,0,0,1,1
212348,1,1,0,0,0,1,8
9407379,2,2,0,0,0,2,2
9803331,1,1,0,0,0,1,4
9806248,2,1,1,1,2,0,0
107093,1,1,0,0,1,0,0
110236,0,0,0,0,0,0,0
9411244,2,2,0,0,2,0,0
9912248,0,0,0,0,0,0,0
109029,0,0,0,0,0,0,0
9410276,1,1,0,0,0,1,3
7231,2,2,0,0,0,2,8
9704263,0,0,0,0,0,0,0
9910319,0,0,0,0,0,0,0
9712282,0,0,0,0,0,0,0
209230,0,0,0,0,0,0,0
9505247,1,1,0,0,1,0,0
9804411,3,3,0,0,3,0,0
9304203,4,2,2,2,4,0,0
9910478,1,1,0,0,1,0,0
209191,1,1,0,0,0,1,7
9911343,0,0,0,0,0,0,0
102334,0,0,0,0,0,0,0
203049,1,1,0,0,0,1,11
9906429,1,1,0,0,0,1,3
9909526,1,1,0,0,0,1,2
110370,0,0,0,0,0,0,0
9701315,1,1,0,0,1,0,0
210115,1,1,0,0,0,1,2
9412241,0,0,0,0,0,0,0
9603268,1,1,0,0,0,1,2
9208245,2,2,0,0,2,0,0
9909330,0,0,0,0,0,0,0
202144,3,1,2,3,0,3,12
9903235,4,2,2,3,4,0,0
9710346,0,0,0,0,0,0,0
206276,0,0,0,0,0,0,0
212322,0,0,0,0,0,0,0
209159,0,0,0,0,0,0,0
9811423,1,1,0,0,0,1,2
9908465,1,1,0,0,1,0,0
203085,1,1,0,0,0,1,1
112237,0,0,0,0,0,0,0
9210215,1,1,0,0,1,0,0
206141,0,0,0,0,0,0,0
210131,0,0,0,0,0,0,0
9902222,0,0,0,0,0,0,0
209350,0,0,0,0,0,0,0
9212218,1,1,0,0,1,0,0
211306,0,0,0,0,0,0,0
9702388,2,2,0,0,0,2,2
209201,0,0,0,0,0,0,0
9505364,2,2,0,0,0,2,2
111335,5,1,4,8,0,5,5
205043,1,1,0,0,1,0,0
212323,0,0,0,0,0,0,0
9902209,0,0,0,0,0,0,0
209071,0,0,0,0,0,0,0
9907349,1,1,0,0,1,0,0
8068,2,1,1,1,0,2,2
9512436,4,3,1,2,4,0,0
9511440,5,1,4,8,5,0,0
9808397,1,1,0,0,1,0,0
101301,0,0,0,0,0,0,0
108155,0,0,0,0,0,0,0
9902442,1,1,0,0,1,0,0
111003,0,0,0,0,0,0,0
5273,4,3,1,1,0,4,9
210271,0,0,0,0,0,0,0
9801261,0,0,0,0,0,0,0
9805394,0,0,0,0,0,0,0
210434,0,0,0,0,0,0,0
11166,0,0,0,0,0,0,0
9612375,2,2,0,0,0,2,2
9712539,0,0,0,0,0,0,0
6195,0,0,0,0,0,0,0
9607299,0,0,0,0,0,0,0
9506293,2,1,1,1,2,0,0
103333,2,1,1,1,0,2,4
204052,0,0,0,0,0,0,0
7193,3,1,2,3,0,3,3
9910350,0,0,0,0,0,0,0
9812294,1,1,0,0,0,1,2
9704430,0,0,0,0,0,0,0
9912478,1,1,0,0,0,1,1
9603225,0,0,0,0,0,0,0
9906541,1,1,0,0,0,1,1
211223,0,0,0,0,0,0,0
107021,0,0,0,0,0,0,0
9801382,1,1,0,0,1,0,0
105137,0,0,0,0,0,0,0
9603223,1,1,0,0,1,0,0
210313,0,0,0,0,0,0,0
9608448,3,1,2,2,3,0,0
9911288,1,1,0,0,1,0,0
301028,1,1,0,0,0,1,2
9312286,1,1,0,0,1,0,0
9407346,0,0,0,0,0,0,0
9050,2,1,1,1,2,0,0
110295,0,0,0,0,0,0,0
9912499,1,1,0,0,0,1,5
9802274,1,1,0,0,0,1,1
9805202,0,0,0,0,0,0,0
9608380,0,0,0,0,0,0,0
212392,0,0,0,0,0,0,0
103260,1,1,0,0,0,1,7
9603221,1,1,0,0,1,0,0
205256,0,0,0,0,0,0,0
204196,0,0,0,0,0,0,0
210224,2,1,1,1,0,2,4
9503289,0,0,0,0,0,0,0
9805313,0,0,0,0,0,0,0
302002,1,1,0,0,0,1,3
9603319,0,0,0,0,0,0,0
201024,0,0,0,0,0,0,0
209089,1,1,0,0,0,1,2
9803386,1,1,0,0,1,0,0
9612466,2,2,0,0,2,0,0
10315,2,2,0,0,2,0,0
3264,0,0,0,0,0,0,0
301099,0,0,0,0,0,0,0
111212,2,1,1,1,0,2,12
205116,0,0,0,0,0,0,0
12147,0,0,0,0,0,0,0
9910471,5,3,2,2,5,0,0
9309217,2,2,0,0,2,0,0
102345,1,1,0,0,1,0,0
9908401,0,0,0,0,0,0,0
9904351,3,2,1,1,0,3,3
212081,0,0,0,0,0,0,0
9908518,0,0,0,0,0,0,0
301199,0,0,0,0,0,0,0
5102,0,0,0,0,0,0,0
112217,0,0,0,0,0,0,0
212083,1,1,0,0,0,1,3
4122,1,1,0,0,0,1,5
9511346,0,0,0,0,0,0,0
9605410,0,0,0,0,0,0,0
9706241,0,0,0,0,0,0,0
9709228,0,0,0,0,0,0,0
201157,0,0,0,0,0,0,0
9509403,1,1,0,0,1,0,0
9503306,3,3,0,0,3,0,0
210124,0,0,0,0,0,0,0
9412320,0,0,0,0,0,0,0
110198,0,0,0,0,0,0,0
106131,1,1,0,0,0,1,12
1240,0,0,0,0,0,0,0
204309,0,0,0,0,0,0,0
201243,0,0,0,0,0,0,0
9801236,0,0,0,0,0,0,0
2084,0,0,0,0,0,0,0
9910404,3,2,1,1,3,0,0
9705443,0,0,0,0,0,0,0
9507450,0,0,0,0,0,0,0
210149,1,1,0,0,0,1,3
110012,1,1,0,0,0,1,2
9809214,1,1,0,0,0,1,5
102008,1,1,0,0,0,1,1
207099,0,0,0,0,0,0,0
210178,1,1,0,0,0,1,6
9808331,0,0,0,0,0,0,0
9903290,0,0,0,0,0,0,0
9907358,0,0,0,0,0,0,0
9706345,0,0,0,0,0,0,0
103134,0,0,0,0,0,0,0
9707498,0,0,0,0,0,0,0
111426,0,0,0,0,0,0,0
9807245,1,1,0,0,1,0,0
9209218,2,2,0,0,2,0,0
2140,0,0,0,0,0,0,0
9701386,0,0,0,0,0,0,0
212252,1,1,0,0,0,1,4
204230,1,1,0,0,0,1,4
211094,0,0,0,0,0,0,0
206187,0,0,0,0,0,0,0
9308250,0,0,0,0,0,0,0
9912328,0,0,0,0,0,0,0
9405279,0,0,0,0,0,0,0
212356,0,0,0,0,0,0,0
12309,0,0,0,0,0,0,0
206154,1,1,0,0,0,1,5
9904265,1,1,0,0,0,1,1
9410229,1,1,0,0,1,0,0
9309281,0,0,0,0,0,0,0
9406282,1,1,0,0,1,0,0
301009,0,0,0,0,0,0,0
9611319,1,1,0,0,1,0,0
9308306,1,1,0,0,1,0,0
9610256,0,0,0,0,0,0,0
9610509,1,1,0,0,1,0,0
9903330,0,0,0,0,0,0,0
9603257,0,0,0,0,0,0,0
212169,0,0,0,0,0,0,0
11383,0,0,0,0,0,0,0
105341,0,0,0,0,0,0,0
301035,0,0,0,0,0,0,0
208257,0,0,0,0,0,0,0
112257,0,0,0,0,0,0,0
9905303,0,0,0,0,0,0,0
104132,0,0,0,0,0,0,0
9902398,0,0,0,0,0,0,0
9512376,0,0,0,0,0,0,0
301140,0,0,0,0,0,0,0
9605333,0,0,0,0,0,0,0
9508256,0,0,0,0,0,0,0
205064,0,0,0,0,0,0,0
109040,0,0,0,0,0,0,0
109123,0,0,0,0,0,0,0
9404350,0,0,0,0,0,0,0
9808395,0,0,0,0,0,0,0
209280,0,0,0,0,0,0,0
9711228,0,0,0,0,0,0,0
9503446,1,1,0,0,1,0,0
9805411,0,0,0,0,0,0,0
201167,0,0,0,0,0,0,0
206091,0,0,0,0,0,0,0
9811332,1,1,0,0,1,0,0
9801315,1,1,0,0,1,0,0
9305330,0,0,0,0,0,0,0
209008,0,0,0,0,0,0,0
106028,0,0,0,0,0,0,0
9705419,0,0,0,0,0,0,0
2069,0,0,0,0,0,0,0
11284,0,0,0,0,0,0,0
9709434,0,0,0,0,0,0,0
8015,0,0,0,0,0,0,0
9801302,0,0,0,0,0,0,0
301075,0,0,0,0,0,0,0
9904222,1,1,0,0,1,0,0
207144,0,0,0,0,0,0,0
9811416,0,0,0,0,0,0,0
9094,0,0,0,0,0,0,0
101352,0,0,0,0,0,0,0
301202,0,0,0,0,0,0,0
302182,0,0,0,0,0,0,0
9607391,1,1,0,0,1,0,0
202052,0,0,0,0,0,0,0
9504225,0,0,0,0,0,0,0
211052,0,0,0,0,0,0,0
9703237,4,1,3,4,4,0,0
9903384,1,1,0,0,0,1,2
9809353,0,0,0,0,0,0,0
9909565,0,0,0,0,0,0,0
207188,0,0,0,0,0,0,0
209250,1,1,0,0,0,1,15
1010,0,0,0,0,0,0,0
9906451,1,1,0,0,1,0,0
9804325,0,0,0,0,0,0,0
2153,0,0,0,0,0,0,0
102328,0,0,0,0,0,0,0
9706222,0,0,0,0,0,0,0
109152,0,0,0,0,0,0,0
212141,0,0,0,0,0,0,0
207152,0,0,0,0,0,0,0
206012,0,0,0,0,0,0,0
106016,0,0,0,0,0,0,0
9610551,1,1,0,0,1,0,0
2217,0,0,0,0,0,0,0
207078,1,1,0,0,1,0,0
206133,0,0,0,0,0,0,0
9712286,1,1,0,0,1,0,0
9901218,0,0,0,0,0,0,0
212369,0,0,0,0,0,0,0
9808495,0,0,0,0,0,0,0
6112,0,0,0,0,0,0,0
108146,0,0,0,0,0,0,0
110048,0,0,0,0,0,0,0
301021,0,0,0,0,0,0,0
9609464,0,0,0,0,0,0,0
12114,1,1,0,0,0,1,7
1278,0,0,0,0,0,0,0
9312261,1,1,0,0,1,0,0
103227,0,0,0,0,0,0,0
9301217,1,1,0,0,1,0,0
9401338,1,1,0,0,1,0,0
210221,0,0,0,0,0,0,0
9905573,1,1,0,0,1,0,0
207312,0,0,0,0,0,0,0
9609485,0,0,0,0,0,0,0
12234,0,0,0,0,0,0,0
106303,0,0,0,0,0,0,0
104231,1,1,0,0,1,0,0
9812315,0,0,0,0,0,0,0
201084,0,0,0,0,0,0,0
110132,0,0,0,0,0,0,0
211104,1,1,0,0,0,1,20
9806527,0,0,0,0,0,0,0
9405402,0,0,0,0,0,0,0
9610240,0,0,0,0,0,0,0
2052,0,0,0,0,0,0,0
9710269,0,0,0,0,0,0,0
9504430,2,2,0,0,2,0,0
9910482,0,0,0,0,0,0,0
9612381,0,0,0,0,0,0,0
7239,0,0,0,0,0,0,0
9206265,1,1,0,0,1,0,0
9411393,0,0,0,0,0,0,0
301244,0,0,0,0,0,0,0
9507387,0,0,0,0,0,0,0
9605421,0,0,0,0,0,0,0
301020,0,0,0,0,0,0,0
9704356,0,0,0,0,0,0,0
9310,0,0,0,0,0,0,0
301152,0,0,0,0,0,0,0
12248,0,0,0,0,0,0,0
9905207,0,0,0,0,0,0,0
9909328,0,0,0,0,0,0,0
9505223,0,0,0,0,0,0,0
9611335,0,0,0,0,0,0,0
6058,0,0,0,0,0,0,0
9607346,0,0,0,0,0,0,0
9711513,0,0,0,0,0,0,0
9409360,0,0,0,0,0,0,0
212027,1,1,0,0,0,1,10
205119,0,0,0,0,0,0,0
302135,0,0,0,0,0,0,0
107028,0,0,0,0,0,0,0
6224,1,1,0,0,1,0,0
111242,0,0,0,0,0,0,0
9711285,1,1,0,0,1,0,0
9502347,0,0,0,0,0,0,0
4057,0,0,0,0,0,0,0
210413,0,0,0,0,0,0,0
11207,0,0,0,0,0,0,0
210036,0,0,0,0,0,0,0
302043,0,0,0,0,0,0,0
209196,0,0,0,0,0,0,0
111072,0,0,0,0,0,0,0
104190,0,0,0,0,0,0,0
10242,0,0,0,0,0,0,0
9302310,1,1,0,0,1,0,0
302215,0,0,0,0,0,0,0
212287,0,0,0,0,0,0,0
104110,8,3,5,10,0,8,61
9910236,12,2,10,30,0,12,143
111276,3,1,2,2,0,3,6
201249,7,2,5,12,2,5,5
9806401,3,3,0,0,0,3,29
9806289,7,2,5,5,0,7,25
9803277,54,1,53,556,2,52,246
9912236,30,2,28,164,0,30,278
9305234,2,1,1,1,2,0,0
9409303,4,1,3,4,4,0,0
9502418,15,1,14,42,0,15,44
9807319,26,2,24,152,0,26,104
9505275,43,1,42,372,1,42,82
9909469,42,2,40,348,0,42,284
105344,11,2,9,36,11,0,0
9712493,29,3,26,152,28,1,1
9612400,2,1,1,1,0,2,3
9307279,12,2,10,41,12,0,0
9604229,34,1,33,289,34,0,0
9907435,11,2,9,28,0,11,50
9209251,30,2,28,205,30,0,0
9701283,14,1,13,41,0,14,49
9908296,6,1,5,7,0,6,21
12371,9,2,7,14,0,9,90
12019,5,1,4,7,0,5,11
9701244,19,2,17,45,0,19,133
9206262,13,2,11,40,13,0,0
9706520,12,2,10,30,0,12,40
9806308,23,2,21,85,0,23,285
9908371,15,2,13,42,2,13,59
9810432,12,1,11,27,0,12,52
9910501,10,2,8,18,0,10,40
9406390,13,2,11,26,1,12,30
9702247,3,2,1,2,0,3,3
9403219,29,1,28,199,0,29,89
9601271,4,1,3,6,4,0,0
9708239,12,1,11,29,0,12,71
9707313,23,1,22,149,1,22,88
9611225,18,2,16,76,18,0,0
9809451,15,2,13,67,0,15,22
9703360,6,3,3,7,0,6,17
9404344,4,2,2,4,0,4,4
9511210,21,3,18,84,4,17,17
9708327,14,2,12,36,0,14,60
9410387,22,3,19,104,0,22,65
9211249,17,2,15,80,17,0,0
9701390,15,2,13,48,4,11,11
9405343,12,2,10,43,12,0,0
105183,0,0,0,0,0,0,0
9911463,3,1,2,3,0,3,36
9907342,6,1,5,12,1,5,22
9507414,21,2,19,126,0,21,39
9611213,10,1,9,30,6,4,4
9805233,10,2,8,19,0,10,41
9812445,40,1,39,375,0,40,114
9307330,8,2,6,17,0,8,21
9129,7,1,6,10,0,7,162
206020,16,1,15,65,2,14,46
9605365,6,1,5,8,0,6,16
9407303,4,1,3,6,4,0,0
9410311,28,1,27,128,28,0,0
108171,1,1,0,0,0,1,5
9707273,5,1,4,6,0,5,26
9410262,12,1,11,39,12,0,0
101208,4,2,2,4,0,4,14
9807480,28,1,27,174,1,27,58
9708359,3,1,2,2,0,3,5
9906345,3,1,2,3,0,3,6
9710533,2,2,0,0,0,2,2
9808346,3,3,0,0,0,3,8
9406339,22,2,20,131,1,21,28
9805222,6,1,5,7,0,6,39
9512369,23,2,21,112,0,23,80
9507462,26,1,25,169,26,0,0
9507379,22,1,21,130,4,18,18
9604296,4,1,3,3,3,1,1
9610325,21,6,15,85,7,14,14
9607412,4,2,2,5,0,4,58
9512396,53,1,52,706,7,46,84
9907475,14,3,11,27,0,14,33
9808299,43,2,41,316,0,43,307
11306,4,3,1,1,0,4,16
9901256,3,2,1,1,0,3,9
105263,3,3,0,0,0,3,19
9806228,15,2,13,46,0,15,58
102241,16,2,14,47,0,16,65
9908523,23,2,21,146,0,23,186
9702417,9,2,7,21,9,0,0
9503484,26,1,25,126,0,26,43
9902310,20,2,18,126,0,20,228
9905311,22,1,21,109,0,22,245
212315,0,0,0,0,0,0,0
9809213,3,1,2,3,0,3,4
210369,2,1,1,1,0,2,16
9909255,17,1,16,61,2,15,15
9406266,6,1,5,8,0,6,6
106322,2,2,0,0,0,2,9
9710204,16,4,12,57,0,16,25
211180,0,0,0,0,0,0,0
202023,3,1,2,2,0,3,38
9809301,4,2,2,2,0,4,7
4083,5,1,4,6,0,5,23
9508271,27,2,25,181,7,20,20
9712291,14,1,13,51,0,14,24
9903360,1,1,0,0,1,0,0
101336,5,4,1,1,0,5,121
9805438,11,1,10,27,11,0,0
9701229,43,2,41,332,0,43,198
9603266,26,1,25,83,0,26,161
9602332,3,1,2,2,2,1,1
9610449,18,3,15,45,0,18,93
9406210,10,2,8,17,0,10,31
9505333,6,5,1,1,0,6,18
107271,4,1,3,5,0,4,37
8071,3,1,2,3,0,3,14
9903474,12,1,11,37,0,12,125
9612425,1,1,0,0,0,1,5
9803500,6,3,3,11,5,1,1
9503234,2,2,0,0,0,2,6
9604393,10,1,9,22,0,10,26
9903260,30,3,27,178,0,30,278
9610313,18,1,17,70,0,18,65
9609490,3,3,0,0,3,0,0
9710374,7,3,4,5,1,6,11
9707220,5,2,3,5,5,0,0
9811412,13,4,9,19,0,13,70
9501305,0,0,0,0,0,0,0
204221,7,4,3,5,0,7,55
9310261,17,3,14,62,17,0,0
9403389,6,1,5,13,0,6,8
9609263,5,3,2,3,0,5,38
9801416,13,2,11,32,0,13,81
9508249,12,1,11,34,7,5,5
9606335,1,1,0,0,0,1,2
9612212,12,2,10,43,0,12,97
9405338,11,1,10,27,11,0,0
9308208,12,2,10,54,7,5,5
104131,3,2,1,1,0,3,15
9907408,16,1,15,43,0,16,29
9504287,9,2,7,20,9,0,0
9710403,2,1,1,1,0,2,4
9310210,28,4,24,228,28,0,0
9710373,8,1,7,23,0,8,121
9810350,5,1,4,9,5,0,0
112110,17,1,16,74,6,11,14
9911293,18,1,17,104,18,0,0
9805220,1,1,0,0,0,1,1
9512336,44,4,40,366,0,44,253
9501349,2,2,0,0,0,2,6
111209,7,1,6,13,0,7,46
9212279,5,2,3,6,5,0,0
9705354,9,3,6,29,9,0,0
9410333,11,1,10,41,11,0,0
110014,2,2,0,0,0,2,15
9809256,3,1,2,3,3,0,0
9701359,1,1,0,0,0,1,1
9411333,7,2,5,12,7,0,0
9910408,8,1,7,18,0,8,60
9701422,13,4,9,32,1,12,21
9905358,6,1,5,13,0,6,30
9703397,4,2,2,2,0,4,4
9306229,17,3,14,69,2,15,15
9704221,41,3,38,327,0,41,429
9707274,10,3,7,15,0,10,246
9207273,12,1,11,32,12,0,0
111140,4,3,1,1,0,4,28
9909292,17,2,15,61,7,10,10
9704245,6,1,5,9,1,5,18
9606429,11,2,9,42,3,8,8
9703293,0,0,0,0,0,0,0
9311298,10,1,9,31,10,0,0
9205222,3,1,2,2,3,0,0
102186,2,1,1,1,0,2,5
9508303,7,5,2,7,0,7,51
9802409,19,3,16,61,0,19,62
9803419,7,2,5,9,7,0,0
3305,4,4,0,0,0,4,6
9308226,7,1,6,12,7,0,0
1286,13,4,9,19,0,13,194
102266,2,1,1,1,0,2,17
9601311,7,3,4,6,0,7,16
9606275,14,1,13,79,0,14,49
2229,9,2,7,14,0,9,34
9312221,4,3,1,1,4,0,0
9802252,6,2,4,7,0,6,53
9702343,12,2,10,38,7,5,5
9705304,35,1,34,228,1,34,61
9406252,4,3,1,2,4,0,0
9504420,2,1,1,1,0,2,2
110200,1,1,0,0,0,1,6
9606251,23,2,21,137,23,0,0
4114,21,3,18,91,0,21,122
9409356,8,1,7,13,1,7,14
9504373,8,3,5,6,2,6,6
9708483,13,1,12,49,13,0,0
7299,0,0,0,0,0,0,0
9609323,6,1,5,13,0,6,26
103224,4,1,3,6,0,4,59
9501378,1,1,0,0,1,0,0
9409201,4,1,3,6,0,4,4
9808411,3,1,2,3,3,0,0
9412250,4,2,2,3,1,3,3
9303233,23,3,20,137,23,0,0
9611343,11,3,8,26,0,11,21
9231,1,1,0,0,0,1,1
9906435,2,2,0,0,1,1,1
211315,1,1,0,0,0,1,5
9907460,8,2,6,16,0,8,160
9308278,6,3,3,7,0,6,18
111047,6,4,2,4,0,6,34
9508290,11,1,10,35,2,9,27
9607217,2,2,0,0,1,1,1
9902345,2,2,0,0,0,2,14
9909304,12,1,11,28,3,9,18
108168,2,1,1,1,0,2,39
9812349,12,1,11,40,12,0,0
107266,18,1,17,81,0,18,142
201233,4,2,2,3,4,0,0
9701419,14,2,12,54,0,14,25
110300,9,1,8,17,0,9,25
202262,7,2,5,8,0,7,56
9708469,4,2,2,3,0,4,16
9911237,20,2,18,86,1,19,39
9308276,13,1,12,45,13,0,0
9504404,9,1,8,14,1,8,8
9404220,9,1,8,28,7,2,4
9709307,6,1,5,10,0,6,10
109115,30,4,26,116,0,30,687
7082,9,1,8,14,0,9,27
9912276,4,1,3,4,0,4,12
9712504,6,3,3,8,0,6,33
9903276,1,1,0,0,0,1,4
9506210,1,1,0,0,0,1,1
9703318,6,1,5,7,0,6,13
9708455,8,2,6,12,1,7,7
2054,4,1,3,3,0,4,42
9504426,9,2,7,13,0,9,9
9503327,0,0,0,0,0,0,0
5086,0,0,0,0,0,0,0
104267,4,2,2,2,1,3,5
9811495,1,1,0,0,0,1,6
205237,2,1,1,1,0,2,2
9906319,34,1,33,285,2,32,32
9804294,2,2,0,0,0,2,34
9712392,19,1,18,83,19,0,0
111112,8,2,6,17,0,8,58
112150,1,1,0,0,0,1,5
9809206,1,1,0,0,0,1,4
201054,3,3,0,0,0,3,12
108081,1,1,0,0,1,0,0
9512407,5,2,3,6,5,0,0
9512334,6,2,4,5,0,6,6
9704450,3,2,1,1,3,0,0
9310306,4,2,2,2,2,2,2
9708220,6,1,5,9,0,6,7
9911456,5,1,4,7,0,5,33
9606237,14,3,11,57,1,13,23
109260,7,3,4,10,0,7,74
105273,4,1,3,4,0,4,4
10100,5,4,1,2,0,5,18
9504397,3,2,1,1,3,0,0
9405431,22,2,20,114,0,22,168
201242,5,1,4,8,0,5,11
209316,2,1,1,1,0,2,8
9604264,1,1,0,0,1,0,0
102224,2,1,1,1,0,2,9
201147,0,0,0,0,0,0,0
9910271,3,3,0,0,3,0,0
9409301,5,1,4,5,1,4,7
9406406,7,1,6,15,0,7,49
9705302,4,1,3,4,4,0,0
9309240,3,2,1,1,3,0,0
9412234,1,1,0,0,1,0,0
9605298,16,5,11,27,0,16,42
9709363,12,1,11,18,0,12,50
7047,1,1,0,0,1,0,0
1259,16,3,13,55,0,16,141
1288,3,1,2,2,0,3,8
9501218,2,1,1,1,0,2,2
206180,0,0,0,0,0,0,0
9609358,6,3,3,6,0,6,41
9803266,13,2,11,26,0,13,84
9401301,1,1,0,0,1,0,0
9209253,3,1,2,3,3,0,0
9604367,1,1,0,0,1,0,0
208139,0,0,0,0,0,0,0
9807312,0,0,0,0,0,0,0
9507219,1,1,0,0,0,1,2
9209272,4,2,2,3,4,0,0
9410254,4,2,2,2,4,0,0
9401242,4,1,3,5,4,0,0
9602335,2,1,1,1,2,0,0
9507310,2,1,1,1,0,2,2
9702276,7,2,5,8,1,6,9
101004,1,1,0,0,0,1,2
12143,13,1,12,43,1,12,29
9809249,11,3,8,37,0,11,49
9301241,1,1,0,0,1,0,0
108225,2,1,1,1,0,2,10
9907340,2,2,0,0,2,0,0
9610467,9,1,8,20,1,8,15
9906203,2,1,1,1,2,0,0
9507461,16,1,15,50,0,16,52
202122,0,0,0,0,0,0,0
9208240,8,1,7,19,8,0,0
8005,4,4,0,0,0,4,53
9803372,2,2,0,0,1,1,1
9709507,5,2,3,6,0,5,70
9712219,3,3,0,0,0,3,56
9403243,8,4,4,5,8,0,0
9412214,3,2,1,1,3,0,0
9603226,2,1,1,1,0,2,4
9707489,2,2,0,0,0,2,7
9331,5,2,3,8,0,5,11
9602343,13,2,11,24,0,13,76
107261,2,2,0,0,0,2,3
11252,14,4,10,42,0,14,210
9312233,2,1,1,1,2,0,0
9712404,0,0,0,0,0,0,0
9903268,15,3,12,29,0,15,44
9506262,5,1,4,6,5,0,0
9708421,3,2,1,1,0,3,3
208163,2,2,0,0,0,2,19
3289,5,3,2,3,0,5,9
205282,0,0,0,0,0,0,0
9912383,7,3,4,11,0,7,11
9512438,0,0,0,0,0,0,0
1112,6,1,5,11,0,6,6
11217,1,1,0,0,1,0,0
110366,8,3,5,13,0,8,16
109162,0,0,0,0,0,0,0
7182,12,2,10,26,1,11,18
9403236,5,1,4,8,0,5,5
9602280,6,2,4,6,0,6,47
103305,6,1,5,12,0,6,58
9707396,0,0,0,0,0,0,0
106083,2,1,1,1,0,2,3
9406324,2,2,0,0,0,2,2
9308209,2,1,1,1,2,0,0
201056,3,1,2,2,0,3,7
9903315,7,1,6,13,1,6,10
9502245,4,3,1,1,4,0,0
9702344,1,1,0,0,1,0,0
9706262,3,3,0,0,0,3,9
209177,2,1,1,1,0,2,46
9506278,0,0,0,0,0,0,0
202127,8,2,6,16,0,8,92
9706203,0,0,0,0,0,0,0
9405323,4,4,0,0,0,4,4
9612363,8,1,7,11,8,0,0
112112,1,1,0,0,0,1,15
5302,2,1,1,1,0,2,7
9706543,1,1,0,0,1,0,0
205015,1,1,0,0,0,1,2
6197,12,1,11,52,0,12,12
9304316,3,1,2,3,3,0,0
9604385,0,0,0,0,0,0,0
12043,10,3,7,28,0,10,32
203182,3,2,1,1,0,3,15
9506389,4,2,2,5,0,4,4
9901446,3,2,1,1,0,3,12
9606347,6,2,4,10,6,0,0
101089,4,1,3,5,4,0,0
108238,1,1,0,0,0,1,16
9807371,15,1,14,90,0,15,23
12063,0,0,0,0,0,0,0
9908337,14,3,11,39,0,14,119
9810549,2,1,1,1,0,2,3
9612207,6,1,5,8,2,4,4
9706299,0,0,0,0,0,0,0
9804335,6,1,5,10,1,5,5
2114,2,1,1,1,0,2,21
102269,1,1,0,0,0,1,7
205323,5,3,2,2,0,5,28
9711486,7,2,5,11,0,7,12
9807464,6,1,5,12,1,5,5
9911516,11,3,8,24,0,11,37
9210255,4,3,1,1,4,0,0
11313,0,0,0,0,0,0,0
9611321,2,2,0,0,0,2,21
9212295,1,1,0,0,0,1,1
9508267,1,1,0,0,1,0,0
9607213,14,2,12,30,0,14,61
209207,2,1,1,1,0,2,21
9806484,11,1,10,30,0,11,67
9912424,8,1,7,22,0,8,70
6271,5,1,4,10,0,5,67
9603391,0,0,0,0,0,0,0
9309303,7,3,4,10,7,0,0
9911210,1,1,0,0,1,0,0
9810474,5,2,3,4,0,5,27
9403342,10,1,9,23,10,0,0
5253,3,1,2,2,0,3,17
9705425,3,2,1,1,0,3,5
9908396,3,2,1,1,0,3,4
9703262,1,1,0,0,0,1,2
11141,2,1,1,1,0,2,8
9812252,1,1,0,0,0,1,8
9704425,0,0,0,0,0,0,0
9212289,2,1,1,1,2,0,0
203001,3,1,2,2,0,3,3
9803365,8,4,4,16,0,8,58
9606379,4,2,2,4,0,4,6
9903332,7,2,5,14,1,6,11
9807233,0,0,0,0,0,0,0
9403337,1,1,0,0,0,1,1
9211327,1,1,0,0,1,0,0
9601321,4,2,2,3,0,4,6
208085,1,1,0,0,0,1,5
108220,3,3,0,0,0,3,15
105229,3,2,1,2,0,3,3
2172,1,1,0,0,1,0,0
9303293,3,1,2,3,3,0,0
9804221,12,1,11,36,7,5,5
9610492,2,1,1,1,0,2,2
10086,5,2,3,5,5,0,0
104288,0,0,0,0,0,0,0
111210,0,0,0,0,0,0,0
204274,0,0,0,0,0,0,0
9307302,2,1,1,1,2,0,0
9606261,7,3,4,8,2,5,8
9812283,7,1,6,17,0,7,23
9805287,6,1,5,13,6,0,0
9505232,7,2,5,14,7,0,0
9502293,6,5,1,1,0,6,17
212021,0,0,0,0,0,0,0
201018,1,1,0,0,0,1,1
4184,5,2,3,5,0,5,21
9606343,3,2,1,1,0,3,5
9608255,2,1,1,1,0,2,8
9711367,1,1,0,0,1,0,0
112278,13,1,12,30,0,13,127
9304259,3,2,1,1,3,0,0
9609231,1,1,0,0,0,1,1
9909278,4,1,3,4,0,4,13
203087,1,1,0,0,0,1,6
12188,0,0,0,0,0,0,0
112304,2,2,0,0,0,2,8
202195,6,1,5,12,0,6,52
207141,0,0,0,0,0,0,0
9602307,8,1,7,16,8,0,0
9611460,3,2,1,1,1,2,2
9910524,1,1,0,0,0,1,9
6276,1,1,0,0,1,0,0
205219,3,1,2,2,0,3,16
9403310,10,7,3,3,3,7,10
9808217,2,2,0,0,0,2,10
9412295,1,1,0,0,0,1,1
1037,1,1,0,0,0,1,1
9611299,4,1,3,5,4,0,0
9701329,3,2,1,2,3,0,0
208226,5,2,3,4,0,5,24
9910330,0,0,0,0,0,0,0
9501227,1,1,0,0,1,0,0
202232,0,0,0,0,0,0,0
9907415,1,1,0,0,0,1,1
205093,1,1,0,0,1,0,0
9512215,1,1,0,0,0,1,2
211153,0,0,0,0,0,0,0
9904377,2,1,1,1,0,2,6
9910521,2,1,1,1,2,0,0
9702277,2,2,0,0,2,0,0
9708237,1,1,0,0,1,0,0
9509318,1,1,0,0,0,1,1
202121,8,2,6,14,0,8,42
9402287,1,1,0,0,1,0,0
4094,2,1,1,1,2,0,0
9905279,1,1,0,0,0,1,5
9306280,1,1,0,0,1,0,0
7194,0,0,0,0,0,0,0
9706447,1,1,0,0,0,1,4
106152,0,0,0,0,0,0,0
12031,1,1,0,0,0,1,2
210042,0,0,0,0,0,0,0
9403380,1,1,0,0,1,0,0
9701412,7,1,6,10,7,0,0
9303201,4,3,1,2,4,0,0
9802368,5,1,4,7,0,5,20
9903381,1,1,0,0,0,1,2
11303,1,1,0,0,0,1,2
9508212,0,0,0,0,0,0,0
9704209,2,1,1,1,1,1,1
9807528,7,1,6,16,2,5,5
109058,7,2,5,5,0,7,72
107230,3,2,1,1,0,3,11
205046,3,1,2,3,0,3,3
9802443,2,2,0,0,0,2,2
209005,1,1,0,0,0,1,6
9602389,3,1,2,3,3,0,0
9712353,6,2,4,7,1,5,16
5116,3,1,2,3,1,2,5
9801346,1,1,0,0,1,0,0
205315,3,1,2,3,0,3,13
9708398,5,3,2,2,5,0,0
1256,2,1,1,1,0,2,11
5108,11,1,10,27,11,0,0
9801334,0,0,0,0,0,0,0
105236,1,1,0,0,0,1,5
9409343,1,1,0,0,1,0,0
9909499,6,2,4,12,6,0,0
9806334,0,0,0,0,0,0,0
9507221,2,1,1,1,2,0,0
201309,2,2,0,0,1,1,1
11283,1,1,0,0,0,1,2
102086,4,1,3,4,0,4,12
12288,0,0,0,0,0,0,0
9703232,10,1,9,24,1,9,9
9812233,3,2,1,2,0,3,4
9802358,4,2,2,3,4,0,0
9602303,1,1,0,0,0,1,3
9904272,4,1,3,4,4,0,0
9912260,0,0,0,0,0,0,0
204123,4,2,2,2,0,4,15
9906283,4,2,2,3,0,4,8
111032,5,5,0,0,0,5,21
9806424,1,1,0,0,0,1,6
9812333,5,2,3,8,0,5,20
208271,0,0,0,0,0,0,0
9904407,1,1,0,0,1,0,0
9709353,14,2,12,26,0,14,51
9412329,3,3,0,0,2,1,1
6270,0,0,0,0,0,0,0
7173,1,1,0,0,1,0,0
104243,3,1,2,2,0,3,12
9809412,3,2,1,1,0,3,3
9803383,0,0,0,0,0,0,0
9609353,1,1,0,0,0,1,1
9507434,3,1,2,2,1,2,2
9709219,1,1,0,0,0,1,2
111333,1,1,0,0,0,1,2
9607295,1,1,0,0,0,1,1
9612475,1,1,0,0,0,1,1
102063,0,0,0,0,0,0,0
9712328,3,2,1,2,0,3,6
9505338,3,1,2,3,0,3,11
9702407,1,1,0,0,0,1,3
202097,5,1,4,10,0,5,5
205233,3,1,2,2,0,3,20
204161,0,0,0,0,0,0,0
9609255,0,0,0,0,0,0,0
9312214,1,1,0,0,0,1,4
10129,0,0,0,0,0,0,0
9807545,7,5,2,3,0,7,7
9911361,2,1,1,1,1,1,2
202155,5,2,3,3,0,5,51
9205213,4,1,3,3,4,0,0
3131,4,1,3,6,0,4,28
9608411,1,1,0,0,1,0,0
3252,0,0,0,0,0,0,0
9808274,0,0,0,0,0,0,0
9909323,1,1,0,0,1,0,0
9706464,3,1,2,2,0,3,6
9702394,4,1,3,5,4,0,0
9405226,1,1,0,0,1,0,0
9610324,0,0,0,0,0,0,0
206093,1,1,0,0,0,1,1
211110,2,2,0,0,0,2,13
9411325,1,1,0,0,0,1,1
9601261,2,2,0,0,0,2,6
9912505,1,1,0,0,0,1,1
9907411,2,1,1,1,2,0,0
109212,4,1,3,4,0,4,8
9506344,1,1,0,0,1,0,0
5076,8,1,7,22,0,8,31
107078,1,1,0,0,0,1,4
9605332,4,1,3,3,3,1,1
9606249,2,1,1,1,2,0,0
210331,2,2,0,0,0,2,4
302034,0,0,0,0,0,0,0
8132,1,1,0,0,0,1,1
104294,6,2,4,5,0,6,11
205108,4,1,3,5,0,4,46
10034,3,2,1,2,0,3,9
9508282,2,1,1,1,2,0,0
8260,0,0,0,0,0,0,0
9902431,4,3,1,3,4,0,0
9401310,11,3,8,40,11,0,0
207320,0,0,0,0,0,0,0
209164,1,1,0,0,0,1,5
9404315,0,0,0,0,0,0,0
11309,0,0,0,0,0,0,0
111015,4,2,2,2,0,4,12
202231,6,1,5,10,0,6,33
101279,2,2,0,0,2,0,0
9309221,1,1,0,0,1,0,0
9811431,0,0,0,0,0,0,0
208239,0,0,0,0,0,0,0
203060,1,1,0,0,0,1,2
9501409,3,2,1,1,3,0,0
9906482,0,0,0,0,0,0,0
108136,4,1,3,5,0,4,16
9411398,0,0,0,0,0,0,0
206098,1,1,0,0,0,1,3
9503381,2,2,0,0,2,0,0
110165,1,1,0,0,0,1,4
9312287,0,0,0,0,0,0,0
9305226,1,1,0,0,1,0,0
9606277,7,4,3,3,0,7,13
9906220,1,1,0,0,0,1,1
9410247,1,1,0,0,1,0,0
9906398,1,1,0,0,1,0,0
9710484,3,1,2,2,3,0,0
9711369,3,2,1,1,2,1,1
9604381,0,0,0,0,0,0,0
9602248,3,1,2,2,0,3,4
9311217,1,1,0,0,1,0,0
9703415,3,1,2,2,0,3,3
9606293,0,0,0,0,0,0,0
9506346,2,1,1,1,2,0,0
105054,2,1,1,1,0,2,12
9904258,6,2,4,6,6,0,0
9801339,1,1,0,0,1,0,0
9811232,1,1,0,0,1,0,0
9910232,0,0,0,0,0,0,0
9702435,3,1,2,3,3,0,0
210053,0,0,0,0,0,0,0
9909386,3,3,0,0,0,3,4
9909319,0,0,0,0,0,0,0
9206225,5,2,3,3,5,0,0
9711253,0,0,0,0,0,0,0
9702272,1,1,0,0,0,1,3
9411204,1,1,0,0,1,0,0
9911466,0,0,0,0,0,0,0
9710248,1,1,0,0,0,1,1
7203,1,1,0,0,1,0,0
9603338,1,1,0,0,0,1,3
9411424,1,1,0,0,1,0,0
9211284,12,2,10,23,12,0,0
9512346,0,0,0,0,0,0,0
105170,0,0,0,0,0,0,0
9607252,1,1,0,0,0,1,2
9409420,0,0,0,0,0,0,0
9502384,3,1,2,3,3,0,0
9607274,2,1,1,1,0,2,2
9602357,2,2,0,0,0,2,2
9804289,0,0,0,0,0,0,0
9910363,0,0,0,0,0,0,0
9901448,2,1,1,1,0,2,7
9810490,0,0,0,0,0,0,0
9808347,1,1,0,0,0,1,1
209095,1,1,0,0,1,0,0
9909531,8,1,7,19,8,0,0
204279,1,1,0,0,0,1,4
7188,0,0,0,0,0,0,0
9609516,0,0,0,0,0,0,0
204158,1,1,0,0,1,0,0
9210281,3,2,1,2,3,0,0
205020,0,0,0,0,0,0,0
12045,0,0,0,0,0,0,0
102078,2,1,1,1,2,0,0
9016,1,1,0,0,0,1,6
207307,0,0,0,0,0,0,0
9506239,1,1,0,0,1,0,0
9205227,2,2,0,0,2,0,0
9701270,1,1,0,0,0,1,1
9507318,1,1,0,0,1,0,0
9607396,2,1,1,1,0,2,2
10056,0,0,0,0,0,0,0
101303,0,0,0,0,0,0,0
9503286,1,1,0,0,0,1,3
5054,0,0,0,0,0,0,0
9904442,2,2,0,0,2,0,0
211072,0,0,0,0,0,0,0
9907223,2,1,1,1,0,2,11
9701322,2,2,0,0,2,0,0
9712226,0,0,0,0,0,0,0
11349,0,0,0,0,0,0,0
9610539,0,0,0,0,0,0,0
212035,2,2,0,0,0,2,40
106134,0,0,0,0,0,0,0
102314,0,0,0,0,0,0,0
110357,0,0,0,0,0,0,0
101280,1,1,0,0,1,0,0
5184,0,0,0,0,0,0,0
9311230,1,1,0,0,1,0,0
9902361,9,1,8,18,1,8,8
103160,1,1,0,0,0,1,2
211160,0,0,0,0,0,0,0
9611330,0,0,0,0,0,0,0
208070,4,3,1,3,0,4,19
9711507,0,0,0,0,0,0,0
9405284,0,0,0,0,0,0,0
212304,1,1,0,0,0,1,17
9709488,0,0,0,0,0,0,0
110258,1,1,0,0,0,1,13
9507358,3,1,2,2,3,0,0
9909534,0,0,0,0,0,0,0
109232,1,1,0,0,1,0,0
9612314,7,1,6,15,7,0,0
9409322,0,0,0,0,0,0,0
103221,2,1,1,1,0,2,7
9903452,0,0,0,0,0,0,0
1267,1,1,0,0,0,1,4
206220,0,0,0,0,0,0,0
4041,0,0,0,0,0,0,0
201106,1,1,0,0,0,1,5
9401257,1,1,0,0,1,0,0
9807438,1,1,0,0,0,1,2
9405364,0,0,0,0,0,0,0
9809540,2,2,0,0,2,0,0
10164,0,0,0,0,0,0,0
9909573,1,1,0,0,0,1,1
9604311,1,1,0,0,1,0,0
6332,1,1,0,0,1,0,0
212257,0,0,0,0,0,0,0
9607246,0,0,0,0,0,0,0
9912469,1,1,0,0,0,1,2
5244,0,0,0,0,0,0,0
103216,0,0,0,0,0,0,0
106194,2,2,0,0,0,2,14
302237,0,0,0,0,0,0,0
211248,0,0,0,0,0,0,0
105033,0,0,0,0,0,0,0
9501283,2,2,0,0,2,0,0
2059,2,1,1,1,2,0,0
9811457,0,0,0,0,0,0,0
9711358,2,2,0,0,2,0,0
9510280,0,0,0,0,0,0,0
11267,0,0,0,0,0,0,0
9507209,0,0,0,0,0,0,0
112118,5,1,4,6,0,5,9
9807458,0,0,0,0,0,0,0
210334,1,1,0,0,1,0,0
9809225,1,1,0,0,1,0,0
302021,0,0,0,0,0,0,0
9811322,1,1,0,0,1,0,0
107008,0,0,0,0,0,0,0
9505444,1,1,0,0,1,0,0
9611456,5,1,4,5,1,4,4
104125,0,0,0,0,0,0,0
212148,0,0,0,0,0,0,0
302126,0,0,0,0,0,0,0
203055,0,0,0,0,0,0,0
110095,2,2,0,0,0,2,6
9403357,0,0,0,0,0,0,0
9302301,2,2,0,0,2,0,0
9710242,1,1,0,0,1,0,0
9805310,0,0,0,0,0,0,0
211198,0,0,0,0,0,0,0
6310,1,1,0,0,1,0,0
9612452,0,0,0,0,0,0,0
9804287,0,0,0,0,0,0,0
9901420,3,3,0,0,3,0,0
101206,0,0,0,0,0,0,0
101247,0,0,0,0,0,0,0
107085,2,2,0,0,0,2,5
104049,5,2,3,5,0,5,24
110381,2,1,1,1,1,1,1
9801239,1,1,0,0,0,1,1
9805379,1,1,0,0,0,1,1
9701355,1,1,0,0,1,0,0
9512368,4,2,2,2,4,0,0
9606480,0,0,0,0,0,0,0
9811210,0,0,0,0,0,0,0
210190,1,1,0,0,0,1,2
106018,1,1,0,0,1,0,0
101271,0,0,0,0,0,0,0
205097,2,1,1,1,0,2,10
9902359,0,0,0,0,0,0,0
202279,2,1,1,1,0,2,2
9510251,2,1,1,1,0,2,2
12081,0,0,0,0,0,0,0
104154,3,1,2,3,3,0,0
301267,0,0,0,0,0,0,0
9307360,2,1,1,1,0,2,2
9052,1,1,0,0,0,1,1
110304,0,0,0,0,0,0,0
9910311,0,0,0,0,0,0,0
5233,0,0,0,0,0,0,0
9608250,0,0,0,0,0,0,0
111433,0,0,0,0,0,0,0
9407384,0,0,0,0,0,0,0
9911225,2,1,1,1,0,2,10
9411262,0,0,0,0,0,0,0
7046,0,0,0,0,0,0,0
204109,2,2,0,0,0,2,10
211136,1,1,0,0,0,1,6
9607209,0,0,0,0,0,0,0
105099,0,0,0,0,0,0,0
9508227,0,0,0,0,0,0,0
106069,0,0,0,0,0,0,0
9808370,0,0,0,0,0,0,0
205341,0,0,0,0,0,0,0
9807215,2,1,1,1,2,0,0
9806269,1,1,0,0,0,1,2
204287,0,0,0,0,0,0,0
9909544,2,2,0,0,2,0,0
9903548,0,0,0,0,0,0,0
112154,1,1,0,0,0,1,6
9612282,0,0,0,0,0,0,0
6070,2,2,0,0,0,2,2
9410275,1,1,0,0,1,0,0
302117,0,0,0,0,0,0,0
207170,1,1,0,0,1,0,0
9909426,2,1,1,1,0,2,2
9806293,5,1,4,5,5,0,0
9809273,1,1,0,0,0,1,5
9910265,0,0,0,0,0,0,0
210102,0,0,0,0,0,0,0
9504429,1,1,0,0,1,0,0
9805328,0,0,0,0,0,0,0
212317,0,0,0,0,0,0,0
9806445,0,0,0,0,0,0,0
302263,0,0,0,0,0,0,0
201203,0,0,0,0,0,0,0
302127,0,0,0,0,0,0,0
9811407,0,0,0,0,0,0,0
9502406,1,1,0,0,1,0,0
9710219,2,1,1,1,0,2,2
301159,0,0,0,0,0,0,0
9809383,0,0,0,0,0,0,0
9401205,2,2,0,0,2,0,0
212218,0,0,0,0,0,0,0
9909336,0,0,0,0,0,0,0
203264,0,0,0,0,0,0,0
302197,0,0,0,0,0,0,0
9609319,2,1,1,1,2,0,0
9907375,0,0,0,0,0,0,0
204082,0,0,0,0,0,0,0
9407369,0,0,0,0,0,0,0
9207259,1,1,0,0,1,0,0
9703451,0,0,0,0,0,0,0
9701366,2,1,1,1,2,0,0
105211,0,0,0,0,0,0,0
9708276,1,1,0,0,0,1,3
7321,2,1,1,1,0,2,4
9902418,2,2,0,0,2,0,0
301094,1,1,0,0,0,1,9
9502242,0,0,0,0,0,0,0
9708292,0,0,0,0,0,0,0
9709512,1,1,0,0,1,0,0
9911417,0,0,0,0,0,0,0
212173,0,0,0,0,0,0,0
9709268,0,0,0,0,0,0,0
210239,1,1,0,0,0,1,1
9606224,1,1,0,0,0,1,1
206298,0,0,0,0,0,0,0
9807252,1,1,0,0,1,0,0
112314,0,0,0,0,0,0,0
12339,0,0,0,0,0,0,0
9703383,0,0,0,0,0,0,0
206217,2,2,0,0,2,0,0
106252,0,0,0,0,0,0,0
9270,0,0,0,0,0,0,0
9710488,1,1,0,0,1,0,0
9311319,1,1,0,0,1,0,0
9309278,0,0,0,0,0,0,0
106106,0,0,0,0,0,0,0
211079,0,0,0,0,0,0,0
9903216,2,1,1,1,2,0,0
207304,0,0,0,0,0,0,0
9206203,4,3,1,1,4,0,0
211191,0,0,0,0,0,0,0
210343,0,0,0,0,0,0,0
111239,0,0,0,0,0,0,0
302219,0,0,0,0,0,0,0
10226,0,0,0,0,0,0,0
9808416,0,0,0,0,0,0,0
203084,0,0,0,0,0,0,0
209236,1,1,0,0,0,1,4
209063,1,1,0,0,0,1,11
9903250,0,0,0,0,0,0,0
202252,0,0,0,0,0,0,0
205007,1,1,0,0,0,1,3
7342,1,1,0,0,0,1,4
9907513,0,0,0,0,0,0,0
206303,0,0,0,0,0,0,0
104207,0,0,0,0,0,0,0
207027,1,1,0,0,0,1,4
9412238,1,1,0,0,1,0,0
9211240,2,2,0,0,2,0,0
9404262,0,0,0,0,0,0,0
9401217,4,3,1,2,4,0,0
301082,0,0,0,0,0,0,0
108263,1,1,0,0,0,1,3
9705424,0,0,0,0,0,0,0
9212247,1,1,0,0,1,0,0
9912217,1,1,0,0,0,1,1
9610366,0,0,0,0,0,0,0
9305316,0,0,0,0,0,0,0
9602202,1,1,0,0,1,0,0
212243,0,0,0,0,0,0,0
6316,0,0,0,0,0,0,0
9607468,0,0,0,0,0,0,0
9810326,0,0,0,0,0,0,0
9712324,1,1,0,0,1,0,0
9511354,0,0,0,0,0,0,0
9908422,0,0,0,0,0,0,0
10099,2,2,0,0,2,0,0
9406215,1,1,0,0,1,0,0
9909290,1,1,0,0,1,0,0
9802269,0,0,0,0,0,0,0
210010,0,0,0,0,0,0,0
1186,0,0,0,0,0,0,0
102043,0,0,0,0,0,0,0
1195,0,0,0,0,0,0,0
9406297,0,0,0,0,0,0,0
12281,0,0,0,0,0,0,0
110128,0,0,0,0,0,0,0
7039,1,1,0,0,0,1,4
9512422,0,0,0,0,0,0,0
3094,0,0,0,0,0,0,0
9905322,0,0,0,0,0,0,0
9407364,0,0,0,0,0,0,0
1248,1,1,0,0,1,0,0
111352,0,0,0,0,0,0,0
107202,2,2,0,0,0,2,29
9705456,5,1,4,5,5,0,0
9812226,2,1,1,1,0,2,3
9904391,1,1,0,0,0,1,3
203268,0,0,0,0,0,0,0
206117,0,0,0,0,0,0,0
205135,0,0,0,0,0,0,0
9406423,2,2,0,0,2,0,0
9910549,0,0,0,0,0,0,0
9407239,1,1,0,0,1,0,0
9610226,1,1,0,0,1,0,0
9903278,0,0,0,0,0,0,0
211249,0,0,0,0,0,0,0
109046,1,1,0,0,1,0,0
107090,0,0,0,0,0,0,0
203050,1,1,0,0,1,0,0
3245,1,1,0,0,0,1,9
7153,0,0,0,0,0,0,0
9606321,0,0,0,0,0,0,0
204104,0,0,0,0,0,0,0
9906306,0,0,0,0,0,0,0
211140,0,0,0,0,0,0,0
9410207,0,0,0,0,0,0,0
201045,0,0,0,0,0,0,0
302053,0,0,0,0,0,0,0
9605287,0,0,0,0,0,0,0
9902353,1,1,0,0,1,0,0
9512245,0,0,0,0,0,0,0
9808339,0,0,0,0,0,0,0
208220,1,1,0,0,0,1,1
211028,0,0,0,0,0,0,0
301258,0,0,0,0,0,0,0
9805375,1,1,0,0,1,0,0
112056,0,0,0,0,0,0,0
101332,1,1,0,0,0,1,21
9710274,0,0,0,0,0,0,0
9905419,0,0,0,0,0,0,0
9409429,0,0,0,0,0,0,0
209356,0,0,0,0,0,0,0
101188,0,0,0,0,0,0,0
9609282,1,1,0,0,1,0,0
9607364,0,0,0,0,0,0,0
111217,0,0,0,0,0,0,0
9606322,0,0,0,0,0,0,0
9711286,1,1,0,0,1,0,0
10255,1,1,0,0,1,0,0
9511202,0,0,0,0,0,0,0
210283,2,1,1,1,0,2,37
9607257,2,1,1,1,2,0,0
211265,0,0,0,0,0,0,0
9510424,1,1,0,0,1,0,0
9907571,2,1,1,1,2,0,0
211441,0,0,0,0,0,0,0
211121,0,0,0,0,0,0,0
9702412,1,1,0,0,1,0,0
205164,0,0,0,0,0,0,0
9912289,2,2,0,0,2,0,0
9606334,0,0,0,0,0,0,0
9901232,0,0,0,0,0,0,0
208179,0,0,0,0,0,0,0
9912252,0,0,0,0,0,0,0
9712264,0,0,0,0,0,0,0
103325,1,1,0,0,0,1,4
302196,0,0,0,0,0,0,0
9907416,0,0,0,0,0,0,0
9605374,0,0,0,0,0,0,0
10337,2,2,0,0,2,0,0
9905225,0,0,0,0,0,0,0
106117,0,0,0,0,0,0,0
301271,0,0,0,0,0,0,0
207374,0,0,0,0,0,0,0
9702234,0,0,0,0,0,0,0
109002,1,1,0,0,0,1,1
9611447,0,0,0,0,0,0,0
9302314,1,1,0,0,1,0,0
301116,0,0,0,0,0,0,0
207173,0,0,0,0,0,0,0
208064,1,1,0,0,0,1,1
9604433,0,0,0,0,0,0,0
9303242,0,0,0,0,0,0,0
9325,0,0,0,0,0,0,0
206139,0,0,0,0,0,0,0
212217,0,0,0,0,0,0,0
5201,0,0,0,0,0,0,0
210008,0,0,0,0,0,0,0
9239,0,0,0,0,0,0,0
9911531,0,0,0,0,0,0,0
112204,0,0,0,0,0,0,0
111088,0,0,0,0,0,0,0
9609446,0,0,0,0,0,0,0
9807306,1,1,0,0,1,0,0
1265,1,1,0,0,1,0,0
9608353,0,0,0,0,0,0,0
9909548,0,0,0,0,0,0,0
211373,0,0,0,0,0,0,0
5006,20,2,18,75,0,20,36
9512356,28,2,26,190,0,28,139
211047,2,2,0,0,0,2,6
202205,6,2,4,9,0,6,8
9807340,13,3,10,32,0,13,143
9809470,22,2,20,68,0,22,86
9807423,47,1,46,413,0,47,343
9606317,0,0,0,0,0,0,0
9311239,2,1,1,1,2,0,0
9503434,2,1,1,1,0,2,2
9310320,26,1,25,119,3,23,23
9807325,50,3,47,466,0,50,156
9507212,46,1,45,410,4,42,54
9912457,23,2,21,122,0,23,178
9402241,15,1,14,55,7,8,8
9802209,26,7,19,109,1,25,238
9801321,8,2,6,20,2,6,9
9408271,5,2,3,7,0,5,10
9605319,41,1,40,368,11,30,30
4075,3,1,2,2,0,3,21
9403350,14,1,13,59,1,13,19
9701381,9,4,5,8,0,9,23
9806468,20,2,18,78,0,20,137
105011,6,4,2,3,0,6,162
101098,5,1,4,7,0,5,34
9701341,31,1,30,155,0,31,346
9303226,17,1,16,54,17,0,0
9903305,10,5,5,10,0,10,56
9308349,52,1,51,588,52,0,0
9908382,8,4,4,5,0,8,44
9907238,7,3,4,8,0,7,50
9408382,14,2,12,53,14,0,0
9406427,11,3,8,22,0,11,76
9609451,5,1,4,6,5,0,0
9404302,29,2,27,224,0,29,84
9706484,3,1,2,3,0,3,3
9708342,9,2,7,17,0,9,74
9707481,39,2,37,357,11,28,109
9609365,9,1,8,23,0,9,24
9908388,12,3,9,40,0,12,40
9811464,2,1,1,1,0,2,19
9812411,1,1,0,0,0,1,2
9504372,23,2,21,120,9,14,14
9710513,15,2,13,38,0,15,64
9511454,18,1,17,60,0,18,191
9307322,26,1,25,137,3,23,62
9612202,17,1,16,67,17,0,0
9408276,34,1,33,274,34,0,0
101103,2,2,0,0,0,2,38
9912305,10,1,9,23,0,10,111
9907502,9,1,8,21,0,9,22
9604340,17,2,15,96,0,17,47
9803393,16,3,13,71,4,12,14
9806259,13,3,10,27,0,13,63
9812510,48,1,47,513,0,48,228
9406295,12,4,8,28,2,10,29
9173,10,3,7,11,0,10,205
206021,15,2,13,50,0,15,50
9705252,8,3,5,9,0,8,40
9603298,3,1,2,3,0,3,9
9502317,21,1,20,70,0,21,52
9510204,19,3,16,66,1,18,50
9710347,3,2,1,1,0,3,22
9607448,13,1,12,57,13,0,0
9701342,5,1,4,9,5,0,0
9809244,27,4,23,154,0,27,50
9708445,2,2,0,0,0,2,9
9603272,9,1,8,23,9,0,0
9801306,10,1,9,29,10,0,0
9411301,18,2,16,62,18,0,0
9408242,13,1,12,43,0,13,25
9805488,7,2,5,7,0,7,33
9601310,25,2,23,130,2,23,83
9607383,31,2,29,221,5,26,45
9510309,44,2,42,366,2,42,129
2141,10,2,8,18,0,10,61
9705437,11,3,8,38,0,11,49
9703219,2,1,1,1,0,2,28
9610233,46,3,43,526,1,45,113
105004,12,3,9,23,0,12,82
11359,7,1,6,11,0,7,29
10231,4,3,1,1,0,4,14
9912275,2,2,0,0,0,2,6
7201,7,1,6,9,1,6,6
9808340,16,3,13,34,0,16,78
7289,13,1,12,49,1,12,38
9909464,10,1,9,20,0,10,80
9512432,5,1,4,9,2,3,3
9706334,13,3,10,15,0,13,59
9903294,41,2,39,423,0,41,455
9905415,25,2,23,115,0,25,192
3261,37,1,36,377,0,37,198
109078,26,1,25,143,0,26,296
9807241,6,1,5,11,0,6,12
112061,16,1,15,66,0,16,47
9305269,20,1,19,96,20,0,0
112236,1,1,0,0,0,1,3
9806263,30,1,29,215,2,28,71
11147,3,1,2,2,2,1,1
5185,9,3,6,15,0,9,48
4135,0,0,0,0,0,0,0
5104,8,2,6,8,0,8,49
9604244,14,2,12,43,0,14,27
101273,6,1,5,11,2,4,6
9904249,9,1,8,22,0,9,48
7196,10,3,7,15,0,10,85
9807500,13,1,12,30,0,13,22
9906322,27,3,24,117,0,27,119
9410237,18,4,14,63,7,11,14
9606382,3,1,2,2,2,1,1
9512388,21,3,18,72,3,18,66
9506282,4,3,1,3,0,4,18
9612322,13,3,10,28,0,13,41
110020,4,2,2,3,0,4,64
9406239,6,1,5,12,6,0,0
9905549,12,5,7,29,0,12,191
9311349,5,1,4,10,5,0,0
102065,5,1,4,5,2,3,8
9510270,1,1,0,0,0,1,3
9306241,15,1,14,55,15,0,0
9904278,23,2,21,88,0,23,285
9609419,22,2,20,116,3,19,35
9607258,1,1,0,0,1,0,0
9511217,9,1,8,16,9,0,0
9510449,23,4,19,120,1,22,62
9901453,2,1,1,1,0,2,19
9310367,3,3,0,0,3,0,0
8241,14,2,12,23,0,14,94
9405388,25,3,22,136,25,0,0
9303268,6,1,5,15,6,0,0
9506357,14,4,10,38,1,13,35
9801446,12,1,11,35,0,12,67
9603342,11,1,10,41,2,9,9
9605379,6,1,5,8,6,0,0
9707458,7,4,3,6,0,7,86
9407372,11,1,10,29,11,0,0
9403330,14,3,11,65,2,12,19
9508247,11,1,10,24,0,11,22
9907450,7,2,5,5,0,7,13
9505334,4,1,3,4,4,0,0
9907218,20,1,19,88,0,20,20
9403378,17,1,16,83,0,17,17
9712221,17,3,14,61,0,17,263
9502283,6,4,2,2,0,6,34
112233,15,2,13,50,0,15,53
12275,0,0,0,0,0,0,0
9604405,1,1,0,0,1,0,0
9612353,16,1,15,49,0,16,61
9203220,10,1,9,23,10,0,0
112251,3,2,1,1,0,3,29
9802423,1,1,0,0,0,1,1
9912274,7,2,5,6,0,7,17
9608435,2,1,1,1,0,2,18
7055,7,2,5,8,0,7,25
108114,0,0,0,0,0,0,0
9702208,3,1,2,3,0,3,3
9605407,5,2,3,4,0,5,9
9910477,11,2,9,27,0,11,77
9710214,12,2,10,33,0,12,68
9906241,5,1,4,8,0,5,37
9609216,5,1,4,6,5,0,0
9307324,17,2,15,65,1,16,16
9704275,27,5,22,163,0,27,327
9707412,11,4,7,15,0,11,268
9308205,11,1,10,21,0,11,11
202265,3,2,1,1,0,3,18
9801282,12,2,10,43,12,0,0
9706227,6,1,5,8,1,5,15
9705429,11,1,10,34,1,10,20
9206206,7,2,5,6,7,0,0
9401332,10,1,9,31,1,9,9
101281,0,0,0,0,0,0,0
9601265,5,1,4,7,5,0,0
9509287,15,3,12,32,0,15,53
9701400,7,3,4,7,0,7,15
9804244,4,4,0,0,0,4,4
9709420,6,1,5,8,6,0,0
9710216,6,1,5,8,6,0,0
8156,6,4,2,3,0,6,72
9511430,21,1,20,100,3,18,38
9611462,2,1,1,1,0,2,10
9606474,13,1,12,64,2,11,66
3207,2,2,0,0,0,2,8
9508352,2,1,1,1,0,2,3
112241,0,0,0,0,0,0,0
109257,7,2,5,13,3,4,4
9706294,24,4,20,115,0,24,71
9404305,2,1,1,1,2,0,0
9707296,7,1,6,13,0,7,12
9709447,6,2,4,9,1,5,13
9807327,27,2,25,194,4,23,49
12017,15,3,12,30,0,15,180
9503290,28,1,27,148,7,21,21
9411273,7,1,6,9,7,0,0
9911395,13,3,10,46,0,13,25
9706472,3,3,0,0,3,0,0
9809475,5,2,3,6,0,5,26
103317,2,1,1,1,0,2,14
9607273,0,0,0,0,0,0,0
9406347,6,2,4,11,6,0,0
9810552,3,1,2,2,0,3,5
9301283,4,1,3,4,4,0,0
9303234,15,3,12,64,15,0,0
9611387,6,2,4,8,0,6,15
4155,2,1,1,1,2,0,0
9709411,2,1,1,1,0,2,6
9708366,13,1,12,39,5,8,8
9810499,7,2,5,13,2,5,14
9309231,5,2,3,4,0,5,21
1072,14,2,12,33,1,13,13
9511334,4,1,3,6,0,4,17
9401264,4,2,2,2,4,0,0
206202,0,0,0,0,0,0,0
9707215,9,1,8,27,9,0,0
111215,1,1,0,0,0,1,19
9903407,6,1,5,11,0,6,6
107268,9,1,8,26,0,9,79
9503445,4,3,1,1,0,4,5
9705258,18,3,15,79,3,15,24
110303,4,1,3,5,0,4,18
203051,7,1,6,12,0,7,40
9808261,9,1,8,34,9,0,0
1299,17,2,15,53,0,17,33
9501285,6,1,5,9,0,6,13
9510425,6,1,5,8,0,6,32
9906290,0,0,0,0,0,0,0
107064,2,1,1,1,0,2,5
110158,9,1,8,19,0,9,188
7112,9,2,7,20,9,0,0
9610394,0,0,0,0,0,0,0
8221,3,2,1,2,0,3,16
5118,7,3,4,11,0,7,112
9506413,1,1,0,0,1,0,0
9708405,5,4,1,2,0,5,25
2070,0,0,0,0,0,0,0
9408365,5,3,2,7,0,5,17
9306256,10,1,9,22,10,0,0
9206228,6,5,1,1,6,0,0
9908216,2,2,0,0,2,0,0
3320,8,2,6,10,0,8,8
9605215,10,3,7,24,5,5,5
9030,5,2,3,4,5,0,0
9907389,22,2,20,121,0,22,54
9601368,2,1,1,1,0,2,34
9810536,13,2,11,50,2,11,19
112014,4,2,2,2,0,4,10
9905420,3,2,1,2,0,3,9
9707541,1,1,0,0,0,1,6
201114,5,3,2,4,0,5,29
204067,2,1,1,1,0,2,10
9608375,3,1,2,3,0,3,6
9907468,8,2,6,14,0,8,16
9705382,1,1,0,0,0,1,2
9410335,1,1,0,0,0,1,2
9807377,5,1,4,4,0,5,8
9611438,18,2,16,85,6,12,17
9607403,4,2,2,3,0,4,14
9402340,6,4,2,2,0,6,15
205255,3,2,1,1,0,3,6
101040,1,1,0,0,0,1,1
9908274,1,1,0,0,0,1,2
9406227,29,1,28,202,2,27,167
9908207,8,1,7,22,8,0,0
210193,3,3,0,0,0,3,12
9502287,1,1,0,0,0,1,1
102273,1,1,0,0,0,1,4
112355,0,0,0,0,0,0,0
9910449,0,0,0,0,0,0,0
9302318,13,2,11,35,13,0,0
9407211,8,1,7,18,0,8,50
9802306,2,2,0,0,0,2,3
9701345,4,1,3,5,0,4,4
9212304,1,1,0,0,1,0,0
103194,6,1,5,9,0,6,18
9902440,8,5,3,5,0,8,34
9906471,2,2,0,0,2,0,0
2081,9,2,7,13,0,9,61
9205205,8,3,5,14,8,0,0
9503357,2,1,1,1,0,2,2
7306,5,3,2,3,0,5,48
9812302,1,1,0,0,0,1,11
9805440,3,3,0,0,0,3,14
1332,2,2,0,0,0,2,8
9407283,4,1,3,5,4,0,0
9508305,1,1,0,0,1,0,0
8122,2,2,0,0,2,0,0
9406330,1,1,0,0,0,1,1
9711208,0,0,0,0,0,0,0
9406220,12,1,11,47,6,6,6
9502405,4,2,2,2,4,0,0
9403237,9,1,8,24,9,0,0
9706380,1,1,0,0,1,0,0
9303210,1,1,0,0,1,0,0
9809272,4,1,3,3,0,4,17
109233,3,3,0,0,0,3,3
101348,8,1,7,17,0,8,17
9905359,10,1,9,27,0,10,115
9312229,2,1,1,1,2,0,0
2004,4,4,0,0,0,4,23
205333,0,0,0,0,0,0,0
9907383,3,1,2,3,0,3,3
9907394,1,1,0,0,1,0,0
9508339,3,1,2,3,0,3,16
2086,4,2,2,3,0,4,41
9301237,13,1,12,40,13,0,0
9812467,11,2,9,23,0,11,68
9301284,4,1,3,3,4,0,0
9710428,0,0,0,0,0,0,0
9704327,14,2,12,49,0,14,150
209346,0,0,0,0,0,0,0
9304213,1,1,0,0,1,0,0
9708485,1,1,0,0,0,1,1
9611206,10,1,9,17,4,6,6
10177,10,4,6,17,0,10,27
9706530,17,3,14,25,0,17,90
5255,4,2,2,3,4,0,0
9912367,7,2,5,9,0,7,100
9404336,2,1,1,1,2,0,0
9504388,5,1,4,7,5,0,0
9908522,3,2,1,1,0,3,6
9604341,5,2,3,5,5,0,0
9703275,4,1,3,4,4,0,0
9091,7,2,5,9,0,7,51
9906359,5,3,2,2,0,5,10
1290,6,2,4,7,6,0,0
9901285,0,0,0,0,0,0,0
9501252,2,2,0,0,2,0,0
1008,1,1,0,0,0,1,1
112121,1,1,0,0,0,1,3
202147,1,1,0,0,0,1,7
9907331,0,0,0,0,0,0,0
9305319,7,1,6,11,7,0,0
9505343,3,1,2,2,0,3,6
9210213,5,2,3,6,5,0,0
201103,11,1,10,31,0,11,81
9503226,8,1,7,11,8,0,0
106250,1,1,0,0,0,1,2
9308248,5,2,3,5,5,0,0
9310368,2,1,1,1,2,0,0
9911323,8,1,7,17,8,0,0
9907235,4,1,3,4,4,0,0
9304236,1,1,0,0,1,0,0
9706220,1,1,0,0,0,1,14
9803431,7,2,5,8,0,7,23
9703357,4,1,3,5,4,0,0
9505241,1,1,0,0,0,1,3
209002,10,1,9,26,0,10,68
9704241,1,1,0,0,1,0,0
9903301,0,0,0,0,0,0,0
3275,8,4,4,8,0,8,33
9812370,2,1,1,1,0,2,12
6063,2,1,1,1,0,2,10
9610426,2,2,0,0,0,2,4
112086,0,0,0,0,0,0,0
10352,10,1,9,33,0,10,60
9506314,2,2,0,0,0,2,2
9311303,2,2,0,0,2,0,0
103187,3,1,2,2,0,3,18
206030,2,2,0,0,0,2,15
203053,1,1,0,0,0,1,10
9707432,4,2,2,2,0,4,11
9606433,7,2,5,13,7,0,0
103020,4,2,2,3,1,3,3
108247,6,2,4,6,0,6,58
9807426,14,1,13,76,0,14,35
3073,8,2,6,9,0,8,21
9909489,10,2,8,16,0,10,83
12062,5,2,3,5,0,5,15
9301281,5,1,4,8,5,0,0
9602296,1,1,0,0,1,0,0
9906415,5,1,4,6,0,5,24
7137,3,2,1,1,0,3,43
9301229,23,4,19,111,23,0,0
207108,3,2,1,1,0,3,60
9509303,12,3,9,39,12,0,0
9608247,5,1,4,9,5,0,0
9706399,5,4,1,1,0,5,21
9905379,4,2,2,3,0,4,13
9511317,1,1,0,0,0,1,1
9611324,3,3,0,0,0,3,41
9212230,3,2,1,2,3,0,0
9503453,0,0,0,0,0,0,0
9610446,4,4,0,0,0,4,10
9701392,5,1,4,5,0,5,20
9806526,12,1,11,46,0,12,134
9811212,10,1,9,39,0,10,80
9908321,8,1,7,19,8,0,0
101199,0,0,0,0,0,0,0
9407319,2,1,1,1,0,2,2
9901376,15,1,14,48,3,12,29
9901324,3,2,1,1,0,3,19
9407266,8,1,7,15,8,0,0
211349,0,0,0,0,0,0,0
9702398,3,1,2,3,3,0,0
209093,0,0,0,0,0,0,0
9610440,4,1,3,4,4,0,0
12089,5,2,3,6,0,5,12
9810292,3,3,0,0,0,3,50
9602435,1,1,0,0,0,1,1
9708372,3,1,2,2,0,3,7
9806309,0,0,0,0,0,0,0
103131,0,0,0,0,0,0,0
206241,6,5,1,1,0,6,124
9906357,8,1,7,14,1,7,13
9507457,2,2,0,0,2,0,0
9403352,2,1,1,1,1,1,2
9411417,1,1,0,0,1,0,0
9307260,3,1,2,3,3,0,0
11365,6,2,4,7,0,6,12
5218,2,1,1,1,0,2,14
9207204,4,1,3,5,4,0,0
9907380,1,1,0,0,1,0,0
9806315,6,2,4,8,6,0,0
9807335,8,1,7,11,0,8,27
9512433,5,1,4,6,5,0,0
104279,0,0,0,0,0,0,0
10260,7,1,6,11,0,7,24
106246,6,3,3,4,0,6,24
101269,7,4,3,5,0,7,25
9502345,1,1,0,0,0,1,1
9608241,6,3,3,5,1,5,11
9904201,6,1,5,11,0,6,29
9811249,4,3,1,1,0,4,21
9601369,8,1,7,14,8,0,0
9407388,6,2,4,6,0,6,14
210044,3,1,2,2,0,3,7
9508208,2,1,1,1,2,0,0
9902304,4,2,2,2,0,4,4
212270,3,1,2,2,0,3,24
9509345,1,1,0,0,0,1,3
9405390,2,2,0,0,2,0,0
202009,9,2,7,16,0,9,52
9503340,3,2,1,2,2,1,1
9605271,2,1,1,1,2,0,0
9311309,5,1,4,8,5,0,0
9024,0,0,0,0,0,0,0
6152,1,1,0,0,0,1,1
9903517,4,1,3,4,4,0,0
202202,6,1,5,9,0,6,47
1227,1,1,0,0,0,1,1
9606295,9,1,8,15,1,8,10
9605291,4,2,2,2,4,0,0
108116,0,0,0,0,0,0,0
209137,1,1,0,0,0,1,6
204079,5,1,4,7,0,5,17
9503400,1,1,0,0,1,0,0
211108,1,1,0,0,0,1,3
9304227,4,2,2,2,4,0,0
9907205,2,1,1,1,2,0,0
9807399,6,1,5,7,0,6,6
9701333,3,2,1,2,3,0,0
212023,6,1,5,9,0,6,40
9909459,2,2,0,0,2,0,0
9808256,3,1,2,2,1,2,4
5012,2,2,0,0,2,0,0
9705280,2,1,1,1,2,0,0
9803438,4,2,2,4,0,4,21
9703350,7,2,5,12,0,7,32
206010,2,1,1,1,0,2,5
9905540,1,1,0,0,0,1,5
9909215,1,1,0,0,1,0,0
9905530,0,0,0,0,0,0,0
103180,0,0,0,0,0,0,0
9710273,0,0,0,0,0,0,0
202223,4,1,3,5,0,4,15
9405205,1,1,0,0,1,0,0
101341,0,0,0,0,0,0,0
9207268,4,1,3,5,4,0,0
9403365,2,1,1,1,2,0,0
9908520,1,1,0,0,1,0,0
204331,0,0,0,0,0,0,0
9907392,0,0,0,0,0,0,0
10058,2,2,0,0,0,2,9
201278,1,1,0,0,0,1,3
9601257,1,1,0,0,0,1,3
9504226,0,0,0,0,0,0,0
9610356,1,1,0,0,0,1,1
9901202,2,1,1,1,0,2,14
9211252,3,1,2,2,3,0,0
9910390,1,1,0,0,0,1,7
9606385,0,0,0,0,0,0,0
9210277,3,2,1,1,3,0,0
9812456,14,2,12,55,0,14,27
9512395,0,0,0,0,0,0,0
9910352,7,3,4,13,0,7,30
9809566,5,1,4,9,4,1,1
9606357,3,2,1,1,0,3,7
209309,0,0,0,0,0,0,0
302238,0,0,0,0,0,0,0
9806256,0,0,0,0,0,0,0
8139,3,1,2,2,0,3,10
9709256,1,1,0,0,1,0,0
3026,1,1,0,0,0,1,2
9808386,3,2,1,1,0,3,11
208235,2,1,1,1,0,2,11
110075,8,1,7,14,0,8,8
9611209,2,2,0,0,2,0,0
112320,4,1,3,5,0,4,13
9711312,1,1,0,0,1,0,0
9311359,0,0,0,0,0,0,0
9506455,3,1,2,3,1,2,6
9402302,7,2,5,6,7,0,0
12345,2,1,1,1,2,0,0
9905439,6,2,4,5,0,6,9
105328,3,2,1,1,0,3,5
7078,1,1,0,0,0,1,2
9809310,10,2,8,18,0,10,18
1152,0,0,0,0,0,0,0
9806426,2,1,1,1,0,2,2
9802371,2,2,0,0,0,2,13
2098,3,2,1,1,0,3,3
9702202,1,1,0,0,0,1,4
110108,5,1,4,8,0,5,7
201009,0,0,0,0,0,0,0
4040,0,0,0,0,0,0,0
9504242,4,1,3,5,0,4,4
9909322,3,2,1,1,3,0,0
204205,2,2,0,0,0,2,5
12285,0,0,0,0,0,0,0
9606264,10,3,7,17,10,0,0
9310291,2,1,1,1,2,0,0
2289,1,1,0,0,1,0,0
10238,0,0,0,0,0,0,0
9912527,7,2,5,12,0,7,7
9803462,5,1,4,6,5,0,0
9709297,2,2,0,0,2,0,0
9509283,1,1,0,0,1,0,0
9503331,1,1,0,0,0,1,2
202222,1,1,0,0,0,1,4
5204,2,1,1,1,2,0,0
9901261,1,1,0,0,1,0,0
108173,1,1,0,0,0,1,9
9909428,2,1,1,1,2,0,0
9904489,0,0,0,0,0,0,0
203071,0,0,0,0,0,0,0
9407334,2,1,1,1,0,2,3
203222,4,1,3,6,0,4,24
205235,1,1,0,0,0,1,12
11014,5,5,0,0,5,0,0
9704217,0,0,0,0,0,0,0
207213,1,1,0,0,0,1,31
9901410,0,0,0,0,0,0,0
109228,1,1,0,0,0,1,5
9303297,0,0,0,0,0,0,0
201043,0,0,0,0,0,0,0
9510343,2,2,0,0,0,2,2
12138,3,1,2,3,0,3,27
111093,2,2,0,0,0,2,16
9907310,0,0,0,0,0,0,0
9408255,4,2,2,2,4,0,0
9910284,1,1,0,0,0,1,3
9905502,0,0,0,0,0,0,0
9707504,4,2,2,4,1,3,5
9712502,2,2,0,0,2,0,0
9403203,2,2,0,0,2,0,0
207318,1,1,0,0,0,1,3
206259,9,4,5,6,0,9,40
9511310,1,1,0,0,1,0,0
9512400,0,0,0,0,0,0,0
9910437,4,3,1,1,4,0,0
212068,0,0,0,0,0,0,0
9903209,3,1,2,3,3,0,0
206128,1,1,0,0,0,1,12
1025,8,1,7,23,0,8,38
110390,0,0,0,0,0,0,0
101052,0,0,0,0,0,0,0
10187,2,1,1,1,0,2,3
206229,3,1,2,2,0,3,4
3231,3,2,1,1,0,3,3
9402247,2,1,1,1,2,0,0
9901273,1,1,0,0,0,1,1
209174,4,2,2,3,0,4,65
104183,3,2,1,2,0,3,5
9702303,1,1,0,0,0,1,1
3042,1,1,0,0,0,1,2
9504270,0,0,0,0,0,0,0
9903304,7,1,6,18,0,7,13
2093,1,1,0,0,0,1,1
208185,3,2,1,1,0,3,13
4211,0,0,0,0,0,0,0
11043,1,1,0,0,1,0,0
105244,0,0,0,0,0,0,0
206270,3,1,2,2,0,3,19
104153,3,3,0,0,1,2,2
9609300,0,0,0,0,0,0,0
9805242,2,2,0,0,2,0,0
9291,4,1,3,4,4,0,0
9403396,3,2,1,1,3,0,0
9407390,0,0,0,0,0,0,0
9404234,2,2,0,0,0,2,8
9408334,0,0,0,0,0,0,0
9303203,2,2,0,0,2,0,0
9811367,4,1,3,6,1,3,5
1283,0,0,0,0,0,0,0
5224,0,0,0,0,0,0,0
9307252,3,3,0,0,3,0,0
9308206,1,1,0,0,1,0,0
9609459,0,0,0,0,0,0,0
9607395,2,1,1,1,1,1,1
12307,0,0,0,0,0,0,0
9902365,0,0,0,0,0,0,0
9807536,2,1,1,1,2,0,0
9907297,1,1,0,0,0,1,1
9307239,2,2,0,0,2,0,0
9702250,1,1,0,0,0,1,2
9711508,1,1,0,0,0,1,6
9712441,1,1,0,0,0,1,2
9712544,0,0,0,0,0,0,0
206170,1,1,0,0,0,1,1
203189,4,2,2,3,0,4,27
9905560,1,1,0,0,0,1,1
9801426,1,1,0,0,1,0,0
9712220,4,1,3,5,4,0,0
9401330,2,2,0,0,2,0,0
9904256,5,1,4,10,0,5,5
202196,3,1,2,3,0,3,9
104106,0,0,0,0,0,0,0
9906509,4,4,0,0,4,0,0
101019,2,1,1,1,0,2,10
103047,1,1,0,0,0,1,3
211256,0,0,0,0,0,0,0
9602243,0,0,0,0,0,0,0
9506395,1,1,0,0,1,0,0
9404339,3,2,1,1,3,0,0
9709254,2,1,1,1,2,0,0
9710421,0,0,0,0,0,0,0
9911326,0,0,0,0,0,0,0
211215,0,0,0,0,0,0,0
9804333,0,0,0,0,0,0,0
9608282,0,0,0,0,0,0,0
5327,0,0,0,0,0,0,0
9906305,1,1,0,0,1,0,0
9712341,0,0,0,0,0,0,0
9610466,1,1,0,0,0,1,2
208231,0,0,0,0,0,0,0
203187,0,0,0,0,0,0,0
9803345,5,1,4,5,0,5,5
9268,0,0,0,0,0,0,0
9806323,0,0,0,0,0,0,0
9703333,0,0,0,0,0,0,0
9310225,1,1,0,0,1,0,0
108027,1,1,0,0,0,1,12
209125,0,0,0,0,0,0,0
9310250,1,1,0,0,1,0,0
9211257,4,4,0,0,4,0,0
9608292,5,3,2,3,0,5,27
9303314,2,2,0,0,1,1,1
9608488,2,2,0,0,2,0,0
9312363,2,2,0,0,0,2,2
9604286,1,1,0,0,1,0,0
9710464,2,1,1,1,0,2,2
9810475,4,3,1,1,4,0,0
107137,0,0,0,0,0,0,0
9811419,0,0,0,0,0,0,0
212231,0,0,0,0,0,0,0
9406384,1,1,0,0,1,0,0
9903318,2,2,0,0,0,2,4
105227,3,2,1,1,0,3,34
9512322,2,1,1,1,0,2,2
12361,1,1,0,0,1,0,0
9702401,2,2,0,0,2,0,0
9308297,0,0,0,0,0,0,0
9401340,1,1,0,0,1,0,0
9808477,1,1,0,0,1,0,0
9709321,0,0,0,0,0,0,0
9705261,2,2,0,0,1,1,1
9510394,0,0,0,0,0,0,0
9503269,2,1,1,1,2,0,0
204108,0,0,0,0,0,0,0
101210,2,2,0,0,2,0,0
5073,1,1,0,0,0,1,1
105276,0,0,0,0,0,0,0
108078,0,0,0,0,0,0,0
12207,0,0,0,0,0,0,0
9405232,2,2,0,0,1,1,1
9903228,0,0,0,0,0,0,0
211385,0,0,0,0,0,0,0
9709391,0,0,0,0,0,0,0
9511316,1,1,0,0,1,0,0
204148,0,0,0,0,0,0,0
9204208,1,1,0,0,1,0,0
9301233,6,5,1,1,6,0,0
111389,1,1,0,0,0,1,14
9311302,1,1,0,0,1,0,0
201105,0,0,0,0,0,0,0
2273,0,0,0,0,0,0,0
9807355,0,0,0,0,0,0,0
204263,0,0,0,0,0,0,0
9705377,5,1,4,7,0,5,5
103021,0,0,0,0,0,0,0
104270,1,1,0,0,0,1,5
102079,1,1,0,0,0,1,3
9907530,2,1,1,1,0,2,6
5157,1,1,0,0,0,1,2
9803327,3,2,1,2,3,0,0
107125,2,1,1,1,0,2,8
2117,0,0,0,0,0,0,0
9605328,4,1,3,4,4,0,0
9611329,1,1,0,0,0,1,2
9909370,1,1,0,0,0,1,1
9909500,3,1,2,2,0,3,10
9912225,3,1,2,3,0,3,12
9207252,1,1,0,0,1,0,0
211393,1,1,0,0,0,1,2
9609306,2,2,0,0,1,1,1
102249,0,0,0,0,0,0,0
2128,2,2,0,0,1,1,1
9409385,0,0,0,0,0,0,0
9511234,2,2,0,0,0,2,3
107012,1,1,0,0,0,1,7
302248,1,1,0,0,0,1,18
210442,1,1,0,0,1,0,0
2165,3,2,1,1,0,3,3
302137,0,0,0,0,0,0,0
4219,2,1,1,1,2,0,0
9708281,2,2,0,0,1,1,1
9611203,1,1,0,0,0,1,2
9301221,1,1,0,0,1,0,0
9708261,0,0,0,0,0,0,0
9308348,2,2,0,0,2,0,0
112212,4,2,2,2,0,4,11
9402346,1,1,0,0,1,0,0
9910267,1,1,0,0,1,0,0
9801258,0,0,0,0,0,0,0
9803234,0,0,0,0,0,0,0
211411,0,0,0,0,0,0,0
9409392,2,2,0,0,2,0,0
110338,0,0,0,0,0,0,0
9709422,1,1,0,0,0,1,1
101130,0,0,0,0,0,0,0
209161,2,1,1,1,0,2,2
9012,2,1,1,1,0,2,2
12095,1,1,0,0,1,0,0
9209223,4,2,2,2,4,0,0
302059,0,0,0,0,0,0,0
107216,1,1,0,0,0,1,3
9710256,0,0,0,0,0,0,0
9805325,1,1,0,0,0,1,5
210371,2,2,0,0,0,2,23
9905471,0,0,0,0,0,0,0
9411361,0,0,0,0,0,0,0
9712480,0,0,0,0,0,0,0
9610248,0,0,0,0,0,0,0
9909397,1,1,0,0,0,1,2
9404242,1,1,0,0,1,0,0
9209221,2,1,1,1,2,0,0
11276,1,1,0,0,0,1,1
204017,2,1,1,1,0,2,4
106151,0,0,0,0,0,0,0
9801405,2,1,1,1,2,0,0
4152,0,0,0,0,0,0,0
9902297,1,1,0,0,0,1,1
9309313,1,1,0,0,1,0,0
9504253,0,0,0,0,0,0,0
9709496,1,1,0,0,0,1,2
106231,1,1,0,0,1,0,0
9710278,2,1,1,1,2,0,0
204283,4,2,2,4,0,4,26
9902320,0,0,0,0,0,0,0
106192,3,1,2,3,3,0,0
9506424,3,1,2,3,3,0,0
9607232,0,0,0,0,0,0,0
111221,4,1,3,3,1,3,5
111055,0,0,0,0,0,0,0
206190,0,0,0,0,0,0,0
9049,1,1,0,0,1,0,0
9603432,0,0,0,0,0,0,0
8309,0,0,0,0,0,0,0
201208,0,0,0,0,0,0,0
203128,2,2,0,0,0,2,17
110090,1,1,0,0,0,1,1
109071,0,0,0,0,0,0,0
9312206,0,0,0,0,0,0,0
9506472,0,0,0,0,0,0,0
9707486,0,0,0,0,0,0,0
206311,0,0,0,0,0,0,0
9809203,3,1,2,2,3,0,0
9412388,1,1,0,0,1,0,0
101252,0,0,0,0,0,0,0
9612491,0,0,0,0,0,0,0
109192,1,1,0,0,1,0,0
9803255,2,2,0,0,2,0,0
111329,0,0,0,0,0,0,0
9803339,0,0,0,0,0,0,0
11249,0,0,0,0,0,0,0
207239,0,0,0,0,0,0,0
101149,0,0,0,0,0,0,0
9507409,2,2,0,0,2,0,0
11277,0,0,0,0,0,0,0
9702338,0,0,0,0,0,0,0
9908226,3,1,2,2,3,0,0
212389,0,0,0,0,0,0,0
8123,2,1,1,1,2,0,0
9601222,0,0,0,0,0,0,0
9410256,4,2,2,3,4,0,0
207256,0,0,0,0,0,0,0
2233,0,0,0,0,0,0,0
208180,0,0,0,0,0,0,0
9809586,0,0,0,0,0,0,0
9406284,1,1,0,0,1,0,0
9903281,0,0,0,0,0,0,0
206186,0,0,0,0,0,0,0
9802372,0,0,0,0,0,0,0
301059,1,1,0,0,0,1,3
104229,1,1,0,0,1,0,0
107238,1,1,0,0,0,1,2
11292,0,0,0,0,0,0,0
203228,0,0,0,0,0,0,0
109072,3,1,2,2,0,3,22
207189,0,0,0,0,0,0,0
9503435,0,0,0,0,0,0,0
9908374,2,1,1,1,0,2,17
207340,0,0,0,0,0,0,0
302136,0,0,0,0,0,0,0
112205,1,1,0,0,1,0,0
301274,1,1,0,0,1,0,0
9610382,1,1,0,0,0,1,3
9711436,1,1,0,0,1,0,0
9309325,0,0,0,0,0,0,0
9403388,2,2,0,0,2,0,0
9412287,1,1,0,0,1,0,0
9608493,1,1,0,0,1,0,0
206150,1,1,0,0,0,1,1
301126,0,0,0,0,0,0,0
9612417,0,0,0,0,0,0,0
101185,2,2,0,0,0,2,6
109282,0,0,0,0,0,0,0
205318,1,1,0,0,0,1,6
112047,0,0,0,0,0,0,0
9902249,0,0,0,0,0,0,0
9293,0,0,0,0,0,0,0
9801378,1,1,0,0,1,0,0
207142,1,1,0,0,0,1,12
112162,1,1,0,0,0,1,18
9611395,0,0,0,0,0,0,0
9812462,0,0,0,0,0,0,0
9705281,0,0,0,0,0,0,0
110025,0,0,0,0,0,0,0
9706286,0,0,0,0,0,0,0
9610436,0,0,0,0,0,0,0
104208,2,2,0,0,0,2,3
9709226,0,0,0,0,0,0,0
9903269,0,0,0,0,0,0,0
9801400,0,0,0,0,0,0,0
110360,2,1,1,1,0,2,2
104202,0,0,0,0,0,0,0
9608271,1,1,0,0,1,0,0
205029,0,0,0,0,0,0,0
9911306,5,5,0,0,0,5,16
9607429,1,1,0,0,0,1,1
203011,0,0,0,0,0,0,0
110131,0,0,0,0,0,0,0
207023,0,0,0,0,0,0,0
9504367,1,1,0,0,1,0,0
105044,0,0,0,0,0,0,0
9404251,1,1,0,0,1,0,0
9907484,0,0,0,0,0,0,0
9804292,1,1,0,0,1,0,0
9511296,0,0,0,0,0,0,0
9907357,0,0,0,0,0,0,0
204231,0,0,0,0,0,0,0
9311262,0,0,0,0,0,0,0
103272,1,1,0,0,1,0,0
211367,1,1,0,0,0,1,2
9909357,0,0,0,0,0,0,0
9905233,1,1,0,0,1,0,0
107172,1,1,0,0,0,1,4
104075,0,0,0,0,0,0,0
11208,0,0,0,0,0,0,0
104241,0,0,0,0,0,0,0
302079,0,0,0,0,0,0,0
9310339,1,1,0,0,0,1,1
9411208,1,1,0,0,0,1,1
108208,0,0,0,0,0,0,0
12270,0,0,0,0,0,0,0
3241,0,0,0,0,0,0,0
9507351,0,0,0,0,0,0,0
9408235,0,0,0,0,0,0,0
211222,0,0,0,0,0,0,0
9606240,0,0,0,0,0,0,0
9307234,1,1,0,0,1,0,0
210074,1,1,0,0,0,1,2
4079,1,1,0,0,1,0,0
9803409,0,0,0,0,0,0,0
102088,0,0,0,0,0,0,0
9405203,0,0,0,0,0,0,0
206069,0,0,0,0,0,0,0
209119,0,0,0,0,0,0,0
9708278,0,0,0,0,0,0,0
5229,0,0,0,0,0,0,0
9509384,0,0,0,0,0,0,0
1220,0,0,0,0,0,0,0
302209,0,0,0,0,0,0,0
111018,0,0,0,0,0,0,0
9089,0,0,0,0,0,0,0
9076,0,0,0,0,0,0,0
9505269,1,1,0,0,0,1,13
9257,0,0,0,0,0,0,0
9706458,0,0,0,0,0,0,0
212154,0,0,0,0,0,0,0
209045,0,0,0,0,0,0,0
9911279,1,1,0,0,0,1,2
9809570,1,1,0,0,1,0,0
110065,0,0,0,0,0,0,0
8037,1,1,0,0,1,0,0
212133,0,0,0,0,0,0,0
209315,0,0,0,0,0,0,0
9804369,5,1,4,7,0,5,11
10067,0,0,0,0,0,0,0
302114,0,0,0,0,0,0,0
210048,0,0,0,0,0,0,0
102132,0,0,0,0,0,0,0
112239,0,0,0,0,0,0,0
211106,0,0,0,0,0,0,0
105257,0,0,0,0,0,0,0
212114,0,0,0,0,0,0,0
9407385,0,0,0,0,0,0,0
212268,0,0,0,0,0,0,0
9905213,1,1,0,0,1,0,0
9906364,0,0,0,0,0,0,0
207137,0,0,0,0,0,0,0
212032,0,0,0,0,0,0,0
2125,0,0,0,0,0,0,0
9506363,0,0,0,0,0,0,0
9505363,0,0,0,0,0,0,0
9706301,1,1,0,0,0,1,1
109080,1,1,0,0,1,0,0
102341,1,1,0,0,1,0,0
107033,0,0,0,0,0,0,0
209288,0,0,0,0,0,0,0
205089,1,1,0,0,0,1,10
301190,0,0,0,0,0,0,0
210210,0,0,0,0,0,0,0
9503402,2,2,0,0,2,0,0
204189,0,0,0,0,0,0,0
209195,0,0,0,0,0,0,0
9812391,0,0,0,0,0,0,0
210129,1,1,0,0,1,0,0
9802243,0,0,0,0,0,0,0
9807459,0,0,0,0,0,0,0
208190,0,0,0,0,0,0,0
210120,0,0,0,0,0,0,0
107155,0,0,0,0,0,0,0
9510411,0,0,0,0,0,0,0
3280,0,0,0,0,0,0,0
9705233,0,0,0,0,0,0,0
302099,0,0,0,0,0,0,0
10011,0,0,0,0,0,0,0
302090,0,0,0,0,0,0,0
9710360,0,0,0,0,0,0,0
4054,0,0,0,0,0,0,0
8239,0,0,0,0,0,0,0
110006,2,1,1,1,0,2,5
212018,0,0,0,0,0,0,0
9705473,1,1,0,0,0,1,1
9308350,0,0,0,0,0,0,0
207155,0,0,0,0,0,0,0
9909422,2,1,1,1,2,0,0
9610320,0,0,0,0,0,0,0
103093,0,0,0,0,0,0,0
207309,0,0,0,0,0,0,0
209086,0,0,0,0,0,0,0
9608489,0,0,0,0,0,0,0
9512261,0,0,0,0,0,0,0
9711471,0,0,0,0,0,0,0
201239,0,0,0,0,0,0,0
205132,0,0,0,0,0,0,0
9410392,1,1,0,0,1,0,0
9811511,0,0,0,0,0,0,0
209176,0,0,0,0,0,0,0
210030,0,0,0,0,0,0,0
9901325,0,0,0,0,0,0,0
9512273,0,0,0,0,0,0,0
9407228,0,0,0,0,0,0,0
9511390,0,0,0,0,0,0,0
2080,0,0,0,0,0,0,0
9801310,0,0,0,0,0,0,0
9709253,0,0,0,0,0,0,0
9310249,0,0,0,0,0,0,0
9610201,0,0,0,0,0,0,0
9308234,1,1,0,0,1,0,0
9710378,0,0,0,0,0,0,0
111148,0,0,0,0,0,0,0
104249,0,0,0,0,0,0,0
9911443,0,0,0,0,0,0,0
301083,0,0,0,0,0,0,0
8142,0,0,0,0,0,0,0
5187,1,1,0,0,1,0,0
9611267,0,0,0,0,0,0,0
9812496,0,0,0,0,0,0,0
9906294,0,0,0,0,0,0,0
209348,0,0,0,0,0,0,0
302045,0,0,0,0,0,0,0
110223,0,0,0,0,0,0,0
110039,0,0,0,0,0,0,0
9503250,0,0,0,0,0,0,0
9902462,1,1,0,0,1,0,0
10216,0,0,0,0,0,0,0
203156,0,0,0,0,0,0,0
9405208,1,1,0,0,1,0,0
9910430,0,0,0,0,0,0,0
6022,20,2,18,66,0,20,56
9604330,22,2,20,130,1,21,54
9506326,7,1,6,11,7,0,0
204087,6,1,5,8,6,0,0
9903215,7,3,4,7,0,7,67
9809472,11,4,7,10,0,11,37
9812320,40,1,39,286,0,40,356
9504417,1,1,0,0,1,0,0
9408256,0,0,0,0,0,0,0
9310358,16,1,15,54,5,11,11
9403338,35,4,31,233,13,22,22
9807353,46,1,45,354,0,46,211
9604364,28,2,26,170,1,27,108
9705339,1,1,0,0,0,1,5
9311204,24,2,22,157,24,0,0
9812381,13,2,11,53,0,13,110
9511331,7,2,5,16,7,0,0
9807253,6,3,3,6,0,6,28
9608308,31,1,30,216,2,29,50
9810501,14,2,12,46,0,14,14
9412208,19,1,18,87,1,18,36
9703347,8,2,6,14,0,8,54
9604283,22,1,21,143,22,0,0
9705244,29,1,28,211,0,29,192
9802447,11,2,9,30,11,0,0
9702291,14,3,11,46,0,14,166
9303294,15,1,14,46,15,0,0
4173,37,1,36,305,0,37,146
9311345,29,1,28,223,29,0,0
104090,7,4,3,3,0,7,23
9405401,15,2,13,77,15,0,0
9501276,16,3,13,50,16,0,0
9412225,8,2,6,11,0,8,72
9401208,6,5,1,2,0,6,12
9406289,27,2,25,190,1,26,74
9509213,18,3,15,44,1,17,51
9708344,8,2,6,13,0,8,72
9711292,17,2,15,72,0,17,49
9612338,4,1,3,6,0,4,10
9901438,2,1,1,1,0,2,10
9710375,2,2,0,0,0,2,2
9311363,4,1,3,5,4,0,0
102170,0,0,0,0,0,0,0
9907517,8,1,7,18,0,8,20
9602262,15,2,13,39,0,15,148
9308309,25,1,24,115,0,25,83
9804381,1,1,0,0,0,1,4
9409269,12,1,11,39,2,10,10
1216,6,3,3,4,0,6,86
9912306,11,2,9,22,0,11,86
9908269,6,1,5,10,0,6,13
9610400,37,1,36,310,0,37,122
9907231,11,1,10,34,11,0,0
9806404,15,3,12,30,1,14,26
9903502,61,1,60,786,0,61,445
9406320,10,4,6,18,1,9,31
11027,3,1,2,2,0,3,66
211124,7,1,6,16,0,7,39
9712417,4,4,0,0,0,4,19
9607243,4,1,3,6,0,4,19
9505207,29,2,27,117,2,27,27
9701346,10,1,9,30,0,10,19
9804214,4,1,3,4,0,4,19
9609524,12,1,11,46,12,0,0
9811256,8,1,7,19,4,4,4
9905443,19,2,17,81,0,19,87
9904404,57,1,56,524,2,55,251
9605325,8,3,5,15,0,8,8
102139,0,0,0,0,0,0,0
9412301,14,4,10,36,0,14,14
9501296,8,1,7,20,2,6,17
9903293,4,2,2,3,0,4,15
9607259,22,3,19,69,0,22,102
9607394,28,2,26,164,2,26,66
9605296,29,3,26,151,0,29,128
2208,4,2,2,5,0,4,34
9711483,7,2,5,20,0,7,34
9703234,2,1,1,1,0,2,30
9912460,16,1,15,90,0,16,61
106189,15,1,14,59,0,15,62
107329,2,2,0,0,0,2,28
102288,5,3,2,3,0,5,17
9504353,12,1,11,24,12,0,0
8086,7,1,6,10,0,7,23
9810215,8,3,5,9,0,8,60
102227,16,1,15,55,1,15,53
2213,19,4,15,52,0,19,141
9412366,4,1,3,5,4,0,0
9909310,4,2,2,2,0,4,22
9903422,37,3,34,297,0,37,392
9906327,17,3,14,60,0,17,150
4013,20,1,19,120,0,20,106
109079,23,2,21,106,0,23,137
210171,0,0,0,0,0,0,0
6041,20,4,16,60,0,20,132
9702436,4,2,2,2,0,4,11
9906549,11,1,10,29,11,0,0
9902467,35,1,34,270,0,35,169
205247,3,2,1,1,1,2,2
103028,7,1,6,17,0,7,64
9304226,1,1,0,0,1,0,0
9405296,22,2,20,89,22,0,0
9304255,17,5,12,39,1,16,16
4193,6,1,5,10,3,3,3
9609279,12,2,10,17,0,12,50
9073,4,2,2,3,0,4,88
9903496,13,4,9,19,0,13,34
9808257,4,4,0,0,0,4,8
9703429,13,5,8,17,0,13,156
9503433,21,1,20,75,3,18,54
9605224,14,1,13,37,2,12,52
9509337,6,2,4,5,0,6,22
9701261,3,2,1,1,0,3,9
9901432,17,2,15,67,0,17,28
9409215,9,2,7,20,9,0,0
9906224,12,2,10,30,0,12,122
9401278,5,1,4,5,5,0,0
5030,3,1,2,2,3,0,0
8089,0,0,0,0,0,0,0
9402214,14,2,12,40,1,13,13
9904468,24,3,21,87,0,24,276
9611232,1,1,0,0,0,1,3
9509258,13,2,11,42,2,11,15
9702263,7,2,5,8,0,7,7
9604423,12,5,7,19,0,12,40
9912386,0,0,0,0,0,0,0
9402305,3,3,0,0,3,0,0
106347,7,1,6,11,0,7,69
9501231,18,3,15,57,18,0,0
9401311,6,2,4,12,6,0,0
9507321,8,4,4,9,0,8,43
9803210,9,3,6,19,0,9,49
9309218,17,2,15,97,11,6,6
9606202,5,3,2,3,0,5,5
9702392,56,2,54,805,56,0,0
9705348,6,2,4,5,0,6,27
9406245,15,2,13,76,8,7,7
9809499,1,1,0,0,0,1,3
9211320,8,1,7,15,8,0,0
9808327,8,1,7,17,0,8,13
105294,2,1,1,1,0,2,2
9406258,25,1,24,166,4,21,21
9801272,18,3,15,71,0,18,353
9501339,7,3,4,6,0,7,39
112279,9,3,6,20,0,9,28
9902443,1,1,0,0,0,1,1
9708380,0,0,0,0,0,0,0
9701309,20,1,19,68,0,20,143
9204225,11,1,10,27,11,0,0
202166,8,4,4,11,0,8,68
9511295,4,2,2,3,4,0,0
9903292,11,2,9,16,2,9,18
9703341,5,1,4,8,0,5,58
102014,6,1,5,8,0,6,6
2135,1,1,0,0,0,1,3
9412268,8,2,6,19,8,0,0
107276,1,1,0,0,0,1,5
110192,1,1,0,0,0,1,21
9805389,18,2,16,66,0,18,101
9908524,2,1,1,1,0,2,6
9710391,1,1,0,0,0,1,2
9309310,26,2,24,126,18,8,8
9511341,18,1,17,97,0,18,59
9610232,2,2,0,0,0,2,4
9312303,4,1,3,6,0,4,8
9604416,24,1,23,108,1,23,23
9806539,1,1,0,0,0,1,2
108013,1,1,0,0,0,1,3
9906277,10,2,8,24,0,10,25
9301268,8,1,7,9,8,0,0
9409361,10,2,8,29,1,9,9
9603337,4,1,3,4,3,1,1
9903477,5,1,4,8,5,0,0
9509325,19,4,15,58,0,19,54
9405341,15,1,14,48,15,0,0
9804439,5,2,3,3,0,5,10
9907384,5,2,3,3,1,4,4
9711248,6,3,3,5,0,6,14
103259,1,1,0,0,0,1,17
9606230,21,2,19,83,1,20,59
9312355,14,1,13,31,4,10,10
9608343,17,1,16,109,1,16,73
3328,5,1,4,6,0,5,19
211075,0,0,0,0,0,0,0
106086,2,2,0,0,2,0,0
5274,9,2,7,20,9,0,0
9712244,4,2,2,3,0,4,36
9307307,1,1,0,0,1,0,0
9606297,7,2,5,17,7,0,0
9209261,8,1,7,17,8,0,0
9808232,11,1,10,38,0,11,21
102046,15,3,12,43,0,15,154
9208213,28,1,27,152,28,0,0
9505347,9,2,7,11,0,9,9
9912524,7,1,6,20,0,7,11
9608318,2,2,0,0,0,2,6
9908351,4,1,3,5,0,4,25
104141,4,1,3,5,0,4,56
9205212,4,4,0,0,4,0,0
9912399,0,0,0,0,0,0,0
9903343,2,2,0,0,0,2,5
9601359,6,1,5,10,0,6,35
9405394,27,2,25,165,6,21,32
9701370,6,3,3,9,0,6,11
9905266,4,1,3,3,2,2,2
9208214,3,1,2,3,3,0,0
9611347,4,1,3,5,0,4,7
9901326,3,1,2,3,0,3,8
9404312,4,1,3,3,0,4,31
7350,5,2,3,6,1,4,6
9807503,4,1,3,6,0,4,8
9602377,3,2,1,1,1,2,2
10289,5,2,3,3,0,5,18
107123,9,3,6,8,0,9,35
112120,1,1,0,0,0,1,3
9904203,9,1,8,20,0,9,14
108003,16,1,15,74,0,16,136
9402254,3,1,2,3,3,0,0
9902294,12,4,8,29,1,11,24
111133,7,2,5,8,0,7,34
201291,5,1,4,10,0,5,56
9911314,1,1,0,0,0,1,2
1243,8,1,7,17,0,8,13
9702374,0,0,0,0,0,0,0
9604375,2,1,1,1,0,2,15
9406262,13,2,11,38,13,0,0
9511253,0,0,0,0,0,0,0
110169,11,4,7,17,0,11,137
12023,7,2,5,8,0,7,9
9807567,10,2,8,32,0,10,10
3113,8,3,5,11,0,8,22
103294,7,3,4,11,0,7,101
9504217,7,3,4,10,0,7,64
9712547,1,1,0,0,0,1,3
9712520,3,1,2,2,3,0,0
9506382,9,1,8,19,0,9,22
9811307,7,2,5,8,0,7,13
9207213,10,3,7,11,10,0,0
207341,0,0,0,0,0,0,0
9707347,10,1,9,20,10,0,0
9607461,6,3,3,7,6,0,0
9905346,11,2,9,14,0,11,37
9910338,40,3,37,390,16,24,36
9712305,6,3,3,3,0,6,69
9811500,22,1,21,111,2,20,20
9808324,21,1,20,84,1,20,26
9511323,3,1,2,3,0,3,3
9712278,1,1,0,0,0,1,1
103306,2,1,1,1,0,2,8
12100,22,2,20,127,9,13,13
9705319,5,1,4,7,5,0,0
9303307,3,3,0,0,0,3,5
9604339,1,1,0,0,0,1,2
9812322,6,2,4,6,1,5,12
9511363,6,1,5,11,2,4,4
9706409,16,2,14,65,0,16,42
9607465,11,2,9,31,0,11,30
9204207,13,2,11,27,13,0,0
9607438,1,1,0,0,1,0,0
9602400,3,2,1,1,3,0,0
9902337,1,1,0,0,0,1,4
9411234,37,3,34,225,1,36,238
9310376,2,2,0,0,1,1,1
202152,3,2,1,2,0,3,3
9810480,1,1,0,0,0,1,4
9408326,18,5,13,60,4,14,14
7127,2,1,1,1,0,2,7
9512312,1,1,0,0,1,0,0
9306242,12,1,11,44,12,0,0
9412373,5,2,3,8,0,5,44
9206229,3,1,2,3,3,0,0
9706300,2,1,1,1,0,2,6
107281,1,1,0,0,0,1,7
7162,7,1,6,15,0,7,37
9907569,2,2,0,0,0,2,8
109194,0,0,0,0,0,0,0
107157,7,3,4,5,0,7,49
9401221,2,1,1,1,0,2,2
9706504,3,2,1,1,0,3,10
11172,2,1,1,1,0,2,17
9812303,3,1,2,2,0,3,22
9506204,10,2,8,22,2,8,8
9806390,9,1,8,18,0,9,9
9607389,14,1,13,48,14,0,0
112037,3,1,2,3,0,3,21
104210,0,0,0,0,0,0,0
9612436,1,1,0,0,0,1,2
9302212,2,1,1,1,2,0,0
9304265,8,2,6,20,8,0,0
9504421,0,0,0,0,0,0,0
9510350,9,2,7,21,9,0,0
9608361,11,3,8,17,0,11,15
9407288,3,1,2,3,3,0,0
9207257,5,1,4,8,5,0,0
9802378,4,1,3,3,4,0,0
9908497,5,1,4,9,1,4,8
202128,1,1,0,0,0,1,2
9405357,1,1,0,0,0,1,5
9602260,13,1,12,39,13,0,0
9709338,1,1,0,0,1,0,0
9901289,4,1,3,6,2,2,3
9805268,8,2,6,10,0,8,26
9711417,1,1,0,0,1,0,0
4032,1,1,0,0,0,1,18
9603441,7,1,6,8,0,7,29
9901429,10,2,8,15,0,10,84
9712377,1,1,0,0,0,1,1
9507283,4,1,3,4,0,4,4
9704343,12,4,8,31,0,12,70
206242,3,3,0,0,0,3,10
9401236,7,5,2,4,1,6,6
9508334,3,1,2,2,2,1,1
9710208,5,3,2,5,0,5,10
102256,3,2,1,1,0,3,11
9811346,4,3,1,2,0,4,23
9906484,2,1,1,1,2,0,0
104058,2,2,0,0,0,2,6
9803262,2,1,1,1,1,1,2
9507465,11,2,9,27,11,0,0
101162,4,1,3,4,0,4,4
9610399,4,2,2,4,0,4,6
9911541,7,2,5,12,0,7,11
108085,11,2,9,28,0,11,143
102070,3,1,2,3,1,2,2
105073,3,2,1,1,0,3,3
9802284,3,3,0,0,3,0,0
103208,7,1,6,10,0,7,9
9603421,1,1,0,0,0,1,1
204291,0,0,0,0,0,0,0
206078,4,2,2,3,0,4,22
9801409,3,2,1,1,0,3,9
9912216,8,2,6,12,1,7,8
9506420,3,1,2,2,0,3,8
9305239,10,2,8,28,10,0,0
107163,5,1,4,7,0,5,40
9604337,11,1,10,24,11,0,0
108031,2,1,1,1,2,0,0
9309309,0,0,0,0,0,0,0
9307344,3,2,1,2,0,3,3
112190,0,0,0,0,0,0,0
9908254,6,2,4,7,0,6,17
9801338,0,0,0,0,0,0,0
107189,3,1,2,3,0,3,26
9911438,5,4,1,3,0,5,18
9708423,2,1,1,1,0,2,2
9506285,1,1,0,0,0,1,4
209014,9,2,7,17,0,9,83
110224,0,0,0,0,0,0,0
9504345,4,3,1,1,0,4,23
9412286,7,2,5,17,7,0,0
103064,8,2,6,19,0,8,87
7023,3,1,2,2,0,3,8
9612354,0,0,0,0,0,0,0
11285,1,1,0,0,0,1,2
9810223,12,1,11,52,0,12,12
111321,0,0,0,0,0,0,0
9412230,1,1,0,0,1,0,0
103248,2,2,0,0,0,2,2
208009,1,1,0,0,0,1,4
111258,2,2,0,0,0,2,10
9810473,4,3,1,1,0,4,27
9609289,6,2,4,6,1,5,9
110078,4,3,1,1,0,4,10
112094,5,3,2,2,0,5,54
9809376,14,3,11,71,0,14,47
10326,6,5,1,1,0,6,16
9801297,5,1,4,7,0,5,7
7292,8,2,6,11,0,8,16
206071,10,2,8,27,0,10,42
9612441,0,0,0,0,0,0,0
9408249,1,1,0,0,0,1,1
9909530,1,1,0,0,0,1,1
9503241,11,1,10,17,2,9,14
104050,1,1,0,0,0,1,18
9706373,4,1,3,5,1,3,3
112312,0,0,0,0,0,0,0
9806528,18,4,14,50,0,18,56
9908432,0,0,0,0,0,0,0
9508322,2,1,1,1,2,0,0
9811361,1,1,0,0,0,1,10
9406300,11,1,10,26,1,10,10
9209216,1,1,0,0,1,0,0
9609488,3,3,0,0,0,3,35
9610514,8,1,7,13,8,0,0
8108,0,0,0,0,0,0,0
9901323,11,1,10,43,0,11,29
9912425,7,1,6,15,0,7,99
9609530,3,3,0,0,0,3,11
9412242,3,1,2,2,0,3,5
9712371,6,1,5,10,0,6,6
9912500,1,1,0,0,0,1,7
9504423,5,1,4,4,0,5,10
9911357,1,1,0,0,1,0,0
9405348,6,3,3,4,0,6,6
112069,1,1,0,0,0,1,1
9612238,3,2,1,1,0,3,3
111137,6,1,5,14,0,6,17
9711211,6,1,5,6,0,6,19
9509339,1,1,0,0,0,1,1
9804215,3,3,0,0,0,3,16
9503214,3,2,1,1,3,0,0
5126,2,1,1,1,0,2,6
203137,16,4,12,31,0,16,331
9910423,6,1,5,9,0,6,18
9507466,2,2,0,0,2,0,0
9702377,0,0,0,0,0,0,0
6218,0,0,0,0,0,0,0
9502360,5,1,4,7,5,0,0
107099,4,1,3,6,0,4,26
107295,3,1,2,2,0,3,12
12102,5,2,3,4,0,5,5
9409457,4,1,3,4,0,4,4
102083,0,0,0,0,0,0,0
9808366,3,1,2,2,0,3,9
9609368,2,2,0,0,0,2,2
9249,0,0,0,0,0,0,0
103086,5,2,3,4,0,5,16
9912539,2,1,1,1,0,2,9
112036,4,2,2,3,0,4,13
9408209,1,1,0,0,1,0,0
9710238,4,1,3,4,0,4,7
9804231,1,1,0,0,0,1,3
9612223,3,1,2,2,3,0,0
9602309,10,1,9,16,1,9,13
9804222,1,1,0,0,0,1,1
210319,2,2,0,0,0,2,4
201130,1,1,0,0,0,1,7
9811482,1,1,0,0,0,1,7
3055,15,2,13,63,2,13,22
9502272,1,1,0,0,0,1,1
9810323,3,2,1,1,0,3,6
106035,2,2,0,0,0,2,13
9906422,0,0,0,0,0,0,0
9803250,6,1,5,10,1,5,6
9505335,5,2,3,7,1,4,4
110354,0,0,0,0,0,0,0
10012,2,1,1,1,2,0,0
9509415,3,1,2,2,3,0,0
106031,4,3,1,1,0,4,16
9410405,4,2,2,3,4,0,0
9707542,7,4,3,5,0,7,16
110324,2,2,0,0,0,2,19
9080,1,1,0,0,1,0,0
202032,3,2,1,1,0,3,25
205098,2,1,1,1,0,2,8
9307353,1,1,0,0,1,0,0
12205,2,2,0,0,0,2,4
9404211,1,1,0,0,0,1,1
9709480,0,0,0,0,0,0,0
9803273,8,2,6,14,8,0,0
9907345,0,0,0,0,0,0,0
212092,4,1,3,4,0,4,31
9406311,6,4,2,2,0,6,12
9304294,4,2,2,4,4,0,0
102184,0,0,0,0,0,0,0
9811496,2,1,1,1,1,1,1
9507230,20,1,19,105,4,16,16
105136,3,1,2,3,0,3,18
208093,1,1,0,0,0,1,3
3191,2,1,1,1,0,2,7
12092,0,0,0,0,0,0,0
102015,0,0,0,0,0,0,0
9154,1,1,0,0,1,0,0
102248,0,0,0,0,0,0,0
207095,0,0,0,0,0,0,0
9309269,3,2,1,1,0,3,3
9804340,6,4,2,5,4,2,2
9404352,3,1,2,2,3,0,0
9508286,1,1,0,0,0,1,1
9908341,1,1,0,0,1,0,0
204327,2,2,0,0,2,0,0
9412345,4,1,3,4,4,0,0
212099,1,1,0,0,0,1,10
9812335,2,1,1,1,0,2,4
9509292,2,1,1,1,2,0,0
9212312,2,2,0,0,2,0,0
9608305,1,1,0,0,0,1,1
9805446,2,2,0,0,0,2,4
9603248,3,1,2,2,1,2,2
3165,5,2,3,6,0,5,51
9602433,1,1,0,0,1,0,0
9610211,0,0,0,0,0,0,0
9901447,9,3,6,19,0,9,21
9704350,0,0,0,0,0,0,0
9808326,5,1,4,9,3,2,4
9610501,2,1,1,1,2,0,0
9509409,5,1,4,5,0,5,9
104258,7,3,4,7,0,7,87
105110,1,1,0,0,1,0,0
9607279,5,1,4,5,0,5,6
101009,3,2,1,1,0,3,13
9807209,2,1,1,1,0,2,4
9909312,0,0,0,0,0,0,0
9706349,0,0,0,0,0,0,0
210240,1,1,0,0,0,1,5
205208,9,1,8,10,0,9,16
9910256,5,1,4,8,0,5,9
109224,5,2,3,4,0,5,9
204061,3,2,1,1,0,3,13
201029,0,0,0,0,0,0,0
9601284,2,1,1,1,0,2,5
9503372,6,2,4,5,6,0,0
203173,0,0,0,0,0,0,0
9909474,3,3,0,0,0,3,6
9804361,4,2,2,2,1,3,3
9804423,0,0,0,0,0,0,0
9809562,8,3,5,6,0,8,22
9810289,2,2,0,0,2,0,0
9812234,1,1,0,0,0,1,2
9806516,2,2,0,0,0,2,12
1185,1,1,0,0,0,1,7
9801425,2,2,0,0,0,2,17
201201,5,1,4,6,0,5,9
9809459,1,1,0,0,1,0,0
9812417,2,2,0,0,0,2,3
9606410,6,2,4,7,0,6,21
9809287,1,1,0,0,0,1,4
4241,3,1,2,2,1,2,2
6334,2,1,1,1,1,1,1
9705300,2,2,0,0,2,0,0
201025,0,0,0,0,0,0,0
9410278,1,1,0,0,1,0,0
8021,1,1,0,0,1,0,0
5313,4,2,2,2,0,4,4
9810486,0,0,0,0,0,0,0
9906530,0,0,0,0,0,0,0
104011,0,0,0,0,0,0,0
9304228,0,0,0,0,0,0,0
4244,0,0,0,0,0,0,0
12076,3,2,1,1,1,2,3
9809308,2,2,0,0,2,0,0
207012,3,3,0,0,0,3,20
9910402,1,1,0,0,0,1,1
9811421,1,1,0,0,1,0,0
9802380,1,1,0,0,1,0,0
9607417,0,0,0,0,0,0,0
202074,5,2,3,7,2,3,3
207067,1,1,0,0,0,1,6
9701203,0,0,0,0,0,0,0
9511298,0,0,0,0,0,0,0
205238,0,0,0,0,0,0,0
9808303,1,1,0,0,0,1,2
9909522,1,1,0,0,0,1,5
9206257,3,2,1,1,3,0,0
9502409,2,2,0,0,2,0,0
108237,1,1,0,0,0,1,1
105148,2,1,1,1,0,2,20
110149,3,1,2,2,0,3,6
9711225,1,1,0,0,1,0,0
302274,0,0,0,0,0,0,0
9905291,3,2,1,1,0,3,13
9612459,2,2,0,0,0,2,5
9603278,3,1,2,3,3,0,0
9601218,1,1,0,0,1,0,0
204136,3,1,2,2,0,3,6
9512284,2,1,1,1,2,0,0
208038,10,4,6,8,0,10,56
9708218,1,1,0,0,1,0,0
9510279,1,1,0,0,0,1,3
4024,0,0,0,0,0,0,0
208113,5,1,4,8,0,5,26
9705289,0,0,0,0,0,0,0
9909258,2,1,1,1,0,2,10
9907293,4,1,3,6,0,4,13
9207275,1,1,0,0,1,0,0
9306238,4,2,2,4,4,0,0
209135,0,0,0,0,0,0,0
9911474,5,1,4,7,2,3,4
212242,1,1,0,0,0,1,2
5298,0,0,0,0,0,0,0
9809509,2,1,1,1,2,0,0
212374,1,1,0,0,0,1,17
107115,2,1,1,1,0,2,3
112116,0,0,0,0,0,0,0
9906308,3,1,2,3,1,2,2
110209,1,1,0,0,1,0,0
9906468,5,1,4,8,0,5,10
11137,1,1,0,0,0,1,1
205133,0,0,0,0,0,0,0
9406260,6,5,1,1,6,0,0
9907368,1,1,0,0,0,1,2
111271,0,0,0,0,0,0,0
9904280,12,3,9,33,1,11,30
104290,1,1,0,0,0,1,2
9809220,0,0,0,0,0,0,0
211243,1,1,0,0,0,1,4
103051,3,2,1,1,0,3,3
8112,1,1,0,0,0,1,1
9211243,4,3,1,1,4,0,0
105338,0,0,0,0,0,0,0
9306206,1,1,0,0,1,0,0
204269,0,0,0,0,0,0,0
204150,2,1,1,1,0,2,8
9902321,2,2,0,0,0,2,11
9911537,2,2,0,0,0,2,10
9803489,0,0,0,0,0,0,0
12005,0,0,0,0,0,0,0
9512403,0,0,0,0,0,0,0
9611242,0,0,0,0,0,0,0
9408329,0,0,0,0,0,0,0
9901356,1,1,0,0,1,0,0
9811234,2,1,1,1,2,0,0
9902363,0,0,0,0,0,0,0
9601281,1,1,0,0,0,1,1
9612330,0,0,0,0,0,0,0
9912534,1,1,0,0,0,1,4
1064,6,1,5,14,0,6,6
9704252,0,0,0,0,0,0,0
206237,2,1,1,1,2,0,0
110073,2,1,1,1,0,2,14
112347,1,1,0,0,0,1,7
9805249,1,1,0,0,1,0,0
9803482,2,1,1,1,0,2,2
9706490,2,1,1,1,2,0,0
9910422,4,1,3,6,0,4,12
203212,2,2,0,0,0,2,17
9511421,0,0,0,0,0,0,0
202020,0,0,0,0,0,0,0
9504322,2,2,0,0,2,0,0
9905485,0,0,0,0,0,0,0
4198,3,1,2,2,3,0,0
9603295,0,0,0,0,0,0,0
9607435,1,1,0,0,1,0,0
9806532,0,0,0,0,0,0,0
9603360,0,0,0,0,0,0,0
9606267,2,1,1,1,2,0,0
9902397,2,1,1,1,0,2,4
207201,1,1,0,0,1,0,0
9407234,1,1,0,0,1,0,0
9601231,1,1,0,0,1,0,0
9905357,1,1,0,0,1,0,0
102287,4,1,3,4,2,2,2
9311202,1,1,0,0,1,0,0
9810249,1,1,0,0,0,1,2
9912334,0,0,0,0,0,0,0
107181,1,1,0,0,0,1,7
302027,0,0,0,0,0,0,0
9809260,1,1,0,0,0,1,3
6148,0,0,0,0,0,0,0
9305328,1,1,0,0,1,0,0
9801316,1,1,0,0,1,0,0
211030,0,0,0,0,0,0,0
102150,1,1,0,0,0,1,3
9506288,0,0,0,0,0,0,0
302146,0,0,0,0,0,0,0
9403252,12,2,10,34,12,0,0
9610207,1,1,0,0,0,1,1
9701352,0,0,0,0,0,0,0
9307345,4,2,2,4,4,0,0
206127,0,0,0,0,0,0,0
9809447,2,1,1,1,0,2,4
203177,2,1,1,1,0,2,9
9806209,1,1,0,0,0,1,1
5153,0,0,0,0,0,0,0
212229,1,1,0,0,1,0,0
9506440,1,1,0,0,1,0,0
108063,0,0,0,0,0,0,0
208181,0,0,0,0,0,0,0
9810511,1,1,0,0,0,1,3
9803263,1,1,0,0,1,0,0
9803441,1,1,0,0,0,1,3
9205217,1,1,0,0,1,0,0
104150,0,0,0,0,0,0,0
7347,0,0,0,0,0,0,0
102041,0,0,0,0,0,0,0
9704278,3,2,1,1,3,0,0
9305256,1,1,0,0,1,0,0
9503270,2,1,1,1,2,0,0
211213,1,1,0,0,0,1,12
9051,1,1,0,0,1,0,0
9810537,2,1,1,1,2,0,0
210403,1,1,0,0,0,1,1
9217,2,2,0,0,0,2,23
9504351,4,2,2,2,4,0,0
9311267,2,1,1,1,2,0,0
9812212,3,2,1,1,0,3,9
9706322,0,0,0,0,0,0,0
9910410,3,1,2,3,1,2,8
9812297,0,0,0,0,0,0,0
203073,1,1,0,0,0,1,2
9705322,1,1,0,0,1,0,0
9302268,5,4,1,1,5,0,0
208088,4,1,3,5,0,4,37
9308238,1,1,0,0,1,0,0
9704284,0,0,0,0,0,0,0
9809328,0,0,0,0,0,0,0
9804415,1,1,0,0,1,0,0
202238,0,0,0,0,0,0,0
9805207,4,2,2,2,0,4,10
9406226,0,0,0,0,0,0,0
9907227,0,0,0,0,0,0,0
1222,1,1,0,0,0,1,1
206028,1,1,0,0,0,1,3
207359,1,1,0,0,0,1,2
9905201,1,1,0,0,0,1,1
1053,0,0,0,0,0,0,0
9712444,0,0,0,0,0,0,0
9702411,2,1,1,1,0,2,2
9610444,1,1,0,0,0,1,1
9808428,2,1,1,1,2,0,0
9508222,0,0,0,0,0,0,0
9703274,1,1,0,0,0,1,1
9703306,0,0,0,0,0,0,0
102215,1,1,0,0,0,1,4
9511203,2,1,1,1,2,0,0
11041,1,1,0,0,1,0,0
9907524,2,1,1,1,2,0,0
2051,4,1,3,3,2,2,2
7102,3,1,2,3,2,1,1
105016,2,1,1,1,0,2,11
101148,0,0,0,0,0,0,0
211007,0,0,0,0,0,0,0
102112,1,1,0,0,0,1,4
212117,2,2,0,0,1,1,1
106299,2,1,1,1,1,1,1
9506295,2,1,1,1,2,0,0
9707424,1,1,0,0,0,1,3
9702352,1,1,0,0,0,1,1
9508381,1,1,0,0,1,0,0
9901425,0,0,0,0,0,0,0
201140,0,0,0,0,0,0,0
9602276,1,1,0,0,1,0,0
107080,2,1,1,1,0,2,10
9507375,2,2,0,0,2,0,0
4073,0,0,0,0,0,0,0
109076,0,0,0,0,0,0,0
9607385,1,1,0,0,0,1,1
9705301,0,0,0,0,0,0,0
108118,3,2,1,2,0,3,6
9906201,0,0,0,0,0,0,0
212109,1,1,0,0,0,1,3
107166,1,1,0,0,0,1,3
9908439,1,1,0,0,1,0,0
111231,0,0,0,0,0,0,0
9810265,0,0,0,0,0,0,0
9710459,0,0,0,0,0,0,0
9707444,1,1,0,0,1,0,0
1260,0,0,0,0,0,0,0
211155,1,1,0,0,0,1,5
9810264,0,0,0,0,0,0,0
9710440,0,0,0,0,0,0,0
9511285,1,1,0,0,1,0,0
301210,0,0,0,0,0,0,0
210306,0,0,0,0,0,0,0
9608331,1,1,0,0,1,0,0
9801312,0,0,0,0,0,0,0
9912520,2,1,1,1,2,0,0
208004,1,1,0,0,0,1,4
9901400,0,0,0,0,0,0,0
9803307,1,1,0,0,1,0,0
9904456,2,2,0,0,2,0,0
9902416,1,1,0,0,1,0,0
9312232,1,1,0,0,1,0,0
9711321,2,2,0,0,2,0,0
11117,0,0,0,0,0,0,0
104181,3,1,2,2,3,0,0
9807485,1,1,0,0,0,1,1
9712465,0,0,0,0,0,0,0
9511211,1,1,0,0,1,0,0
9409411,2,2,0,0,2,0,0
9607302,0,0,0,0,0,0,0
9605276,2,2,0,0,2,0,0
9912312,4,1,3,5,4,0,0
9806271,1,1,0,0,1,0,0
111391,1,1,0,0,0,1,4
9908304,1,1,0,0,0,1,4
9510260,0,0,0,0,0,0,0
9607229,1,1,0,0,0,1,2
103349,1,1,0,0,1,0,0
207154,0,0,0,0,0,0,0
9705298,3,2,1,1,1,2,2
9112,1,1,0,0,0,1,5
9411389,0,0,0,0,0,0,0
9807561,0,0,0,0,0,0,0
9707214,2,2,0,0,2,0,0
105040,2,1,1,1,0,2,7
202126,1,1,0,0,0,1,4
9507300,1,1,0,0,1,0,0
1319,1,1,0,0,1,0,0
9507322,0,0,0,0,0,0,0
9609254,1,1,0,0,1,0,0
12180,0,0,0,0,0,0,0
9902468,0,0,0,0,0,0,0
107010,2,1,1,1,1,1,1
9910502,2,2,0,0,0,2,6
9608421,0,0,0,0,0,0,0
10167,1,1,0,0,0,1,1
212069,0,0,0,0,0,0,0
111184,1,1,0,0,1,0,0
9403404,1,1,0,0,1,0,0
9408325,0,0,0,0,0,0,0
208031,2,2,0,0,0,2,11
110413,1,1,0,0,0,1,1
9510334,1,1,0,0,0,1,6
201220,0,0,0,0,0,0,0
9709337,1,1,0,0,1,0,0
201299,1,1,0,0,0,1,8
205348,1,1,0,0,0,1,7
102285,0,0,0,0,0,0,0
9310201,0,0,0,0,0,0,0
9312205,4,2,2,3,4,0,0
9907568,0,0,0,0,0,0,0
9407220,2,2,0,0,2,0,0
9710504,0,0,0,0,0,0,0
204222,0,0,0,0,0,0,0
204268,0,0,0,0,0,0,0
9502218,0,0,0,0,0,0,0
9411270,1,1,0,0,1,0,0
212339,0,0,0,0,0,0,0
105006,1,1,0,0,0,1,1
3054,0,0,0,0,0,0,0
6125,0,0,0,0,0,0,0
201017,0,0,0,0,0,0,0
102333,1,1,0,0,1,0,0
9901233,1,1,0,0,1,0,0
9411327,0,0,0,0,0,0,0
201098,0,0,0,0,0,0,0
9602388,0,0,0,0,0,0,0
9811325,0,0,0,0,0,0,0
8229,0,0,0,0,0,0,0
9507302,0,0,0,0,0,0,0
9311287,1,1,0,0,0,1,1
9711380,0,0,0,0,0,0,0
9031,0,0,0,0,0,0,0
9701327,0,0,0,0,0,0,0
211149,0,0,0,0,0,0,0
9007,0,0,0,0,0,0,0
105319,0,0,0,0,0,0,0
108106,3,1,2,2,3,0,0
212334,0,0,0,0,0,0,0
9109,0,0,0,0,0,0,0
101284,0,0,0,0,0,0,0
208056,0,0,0,0,0,0,0
9410379,0,0,0,0,0,0,0
211208,0,0,0,0,0,0,0
105258,1,1,0,0,1,0,0
104234,0,0,0,0,0,0,0
9811445,0,0,0,0,0,0,0
212319,0,0,0,0,0,0,0
9306334,1,1,0,0,1,0,0
202119,0,0,0,0,0,0,0
9706233,1,1,0,0,1,0,0
207178,0,0,0,0,0,0,0
9612411,0,0,0,0,0,0,0
9810213,0,0,0,0,0,0,0
205209,0,0,0,0,0,0,0
9510322,1,1,0,0,1,0,0
9808209,0,0,0,0,0,0,0
207289,0,0,0,0,0,0,0
9712364,0,0,0,0,0,0,0
9505221,1,1,0,0,0,1,4
105286,0,0,0,0,0,0,0
210358,0,0,0,0,0,0,0
9409387,0,0,0,0,0,0,0
9905496,1,1,0,0,0,1,1
9903466,1,1,0,0,1,0,0
9812291,1,1,0,0,1,0,0
210384,0,0,0,0,0,0,0
9411221,1,1,0,0,1,0,0
8249,0,0,0,0,0,0,0
109099,2,1,1,1,1,1,1
9212297,4,4,0,0,4,0,0
9805333,0,0,0,0,0,0,0
109006,0,0,0,0,0,0,0
9604212,1,1,0,0,1,0,0
9811354,0,0,0,0,0,0,0
9910337,0,0,0,0,0,0,0
201132,0,0,0,0,0,0,0
12010,0,0,0,0,0,0,0
9505345,1,1,0,0,1,0,0
9506232,1,1,0,0,0,1,2
9811374,0,0,0,0,0,0,0
9507252,1,1,0,0,0,1,1
9302319,0,0,0,0,0,0,0
9275,1,1,0,0,0,1,4
9911265,1,1,0,0,1,0,0
10189,0,0,0,0,0,0,0
201027,1,1,0,0,0,1,3
201041,0,0,0,0,0,0,0
9403238,1,1,0,0,1,0,0
12344,0,0,0,0,0,0,0
205232,1,1,0,0,0,1,2
302177,0,0,0,0,0,0,0
9304312,2,2,0,0,2,0,0
9701405,1,1,0,0,1,0,0
210350,0,0,0,0,0,0,0
10046,0,0,0,0,0,0,0
105284,2,1,1,1,2,0,0
209053,0,0,0,0,0,0,0
6132,0,0,0,0,0,0,0
210012,0,0,0,0,0,0,0
9710542,0,0,0,0,0,0,0
301163,1,1,0,0,0,1,3
12164,1,1,0,0,0,1,2
109027,0,0,0,0,0,0,0
3217,0,0,0,0,0,0,0
9908280,0,0,0,0,0,0,0
6002,0,0,0,0,0,0,0
3147,0,0,0,0,0,0,0
207034,1,1,0,0,0,1,4
10188,1,1,0,0,1,0,0
9608334,0,0,0,0,0,0,0
9706544,0,0,0,0,0,0,0
210204,0,0,0,0,0,0,0
201072,0,0,0,0,0,0,0
209359,1,1,0,0,1,0,0
101062,1,1,0,0,0,1,1
9901396,4,2,2,3,0,4,10
9909279,0,0,0,0,0,0,0
5198,0,0,0,0,0,0,0
9608323,0,0,0,0,0,0,0
11057,3,2,1,1,1,2,4
12312,0,0,0,0,0,0,0
108269,1,1,0,0,1,0,0
3157,1,1,0,0,1,0,0
9807270,0,0,0,0,0,0,0
9403296,1,1,0,0,1,0,0
110298,0,0,0,0,0,0,0
111281,0,0,0,0,0,0,0
9902457,0,0,0,0,0,0,0
9909457,0,0,0,0,0,0,0
211067,1,1,0,0,1,0,0
9507408,0,0,0,0,0,0,0
9309250,0,0,0,0,0,0,0
111364,0,0,0,0,0,0,0
9610508,2,1,1,1,2,0,0
110395,0,0,0,0,0,0,0
9603332,0,0,0,0,0,0,0
208221,0,0,0,0,0,0,0
9207211,2,2,0,0,2,0,0
3108,0,0,0,0,0,0,0
208104,0,0,0,0,0,0,0
9605453,0,0,0,0,0,0,0
9501352,0,0,0,0,0,0,0
111463,2,2,0,0,0,2,10
202273,0,0,0,0,0,0,0
9606349,0,0,0,0,0,0,0
9507346,3,2,1,1,3,0,0
212140,0,0,0,0,0,0,0
9611399,2,2,0,0,2,0,0
9402202,0,0,0,0,0,0,0
110205,0,0,0,0,0,0,0
205307,1,1,0,0,0,1,4
9708422,0,0,0,0,0,0,0
9409228,0,0,0,0,0,0,0
107242,0,0,0,0,0,0,0
9907252,0,0,0,0,0,0,0
9908268,1,1,0,0,1,0,0
302008,0,0,0,0,0,0,0
206213,0,0,0,0,0,0,0
104159,1,1,0,0,0,1,8
9908503,0,0,0,0,0,0,0
210290,0,0,0,0,0,0,0
9712206,0,0,0,0,0,0,0
212204,0,0,0,0,0,0,0
9701414,0,0,0,0,0,0,0
9912433,0,0,0,0,0,0,0
9912444,1,1,0,0,0,1,2
302168,0,0,0,0,0,0,0
101072,0,0,0,0,0,0,0
9311364,0,0,0,0,0,0,0
9904342,1,1,0,0,1,0,0
9607294,1,1,0,0,1,0,0
302132,0,0,0,0,0,0,0
9908394,0,0,0,0,0,0,0
102212,1,1,0,0,0,1,1
9069,1,1,0,0,1,0,0
9501203,0,0,0,0,0,0,0
10138,0,0,0,0,0,0,0
212152,0,0,0,0,0,0,0
9611252,0,0,0,0,0,0,0
301207,0,0,0,0,0,0,0
9505202,0,0,0,0,0,0,0
203020,0,0,0,0,0,0,0
211422,0,0,0,0,0,0,0
9905257,1,1,0,0,1,0,0
101164,0,0,0,0,0,0,0
209213,0,0,0,0,0,0,0
212387,0,0,0,0,0,0,0
209317,0,0,0,0,0,0,0
301215,0,0,0,0,0,0,0
9601253,0,0,0,0,0,0,0
4112,0,0,0,0,0,0,0
302140,0,0,0,0,0,0,0
9506362,0,0,0,0,0,0,0
212327,1,1,0,0,1,0,0
9909450,0,0,0,0,0,0,0
212207,0,0,0,0,0,0,0
301017,0,0,0,0,0,0,0
9311201,0,0,0,0,0,0,0
9711405,1,1,0,0,1,0,0
9904308,0,0,0,0,0,0,0
9911469,0,0,0,0,0,0,0
9609483,0,0,0,0,0,0,0
9808337,0,0,0,0,0,0,0
11169,0,0,0,0,0,0,0
9305285,0,0,0,0,0,0,0
106003,0,0,0,0,0,0,0
9309233,0,0,0,0,0,0,0
9508214,0,0,0,0,0,0,0
111444,0,0,0,0,0,0,0
6124,27,3,24,128,0,27,57
9608365,24,1,23,160,0,24,124
9507396,6,3,3,5,0,6,6
205270,4,3,1,1,0,4,15
9907462,3,1,2,3,0,3,38
9810367,15,1,14,41,0,15,56
201160,0,0,0,0,0,0,0
9410322,1,1,0,0,1,0,0
9209204,3,3,0,0,3,0,0
9406404,7,1,6,13,0,7,13
9408315,8,1,7,17,0,8,20
9808272,31,1,30,155,0,31,77
9604370,34,1,33,223,34,0,0
9212204,13,4,9,37,13,0,0
9903408,8,1,7,19,1,7,7
9903454,24,2,22,114,0,24,222
9710406,7,1,6,20,2,5,8
9204205,15,1,14,71,15,0,0
9704231,29,2,27,189,0,29,70
9909501,10,2,8,29,1,9,36
9503263,16,1,15,66,1,15,23
9707477,6,2,4,11,0,6,59
9711262,47,2,45,498,2,45,127
9801326,21,1,20,118,2,19,56
9805442,17,1,16,84,5,12,18
9702307,14,2,12,30,0,14,131
9306270,16,3,13,46,6,10,10
4004,37,1,36,324,8,29,73
9506374,42,1,41,437,5,37,71
2167,9,1,8,13,0,9,21
9703402,10,1,9,30,0,10,28
9501281,28,2,26,156,4,24,30
9510286,6,3,3,7,0,6,70
9311279,4,2,2,2,4,0,0
9506477,39,2,37,346,2,37,208
9408207,17,1,16,64,17,0,0
9512328,19,1,18,86,19,0,0
9711391,41,3,38,363,6,35,112
9801352,8,3,5,11,4,4,6
9404338,8,3,5,18,8,0,0
9509282,4,1,3,5,4,0,0
9805445,3,1,2,2,1,2,4
9904398,1,1,0,0,1,0,0
9911404,9,1,8,16,0,9,40
9706265,12,2,10,21,0,12,33
9502206,16,2,14,58,0,16,59
9502348,13,1,12,61,13,0,0
9409434,14,1,13,53,14,0,0
9161,1,1,0,0,0,1,20
9912307,5,1,4,6,0,5,36
9508406,23,1,22,110,1,22,89
9701423,18,1,17,75,0,18,101
9912439,17,2,15,70,5,12,16
9601352,7,2,5,11,0,7,12
9903503,57,2,55,644,0,57,310
9502311,2,1,1,1,0,2,6
5225,11,2,9,29,0,11,22
211218,6,1,5,10,0,6,33
9306320,29,2,27,112,6,23,30
9702300,3,1,2,3,0,3,20
9505304,14,2,12,37,1,13,13
9708226,12,2,10,30,0,12,42
106119,6,5,1,2,0,6,50
9610458,15,1,14,66,2,13,19
9905436,7,2,5,12,0,7,7
9905542,21,3,18,86,0,21,104
9309289,89,2,87,1459,89,0,0
9311312,13,3,10,26,1,12,28
11077,1,1,0,0,1,0,0
9607475,3,2,1,1,0,3,6
9504313,12,2,10,42,0,12,18
6135,8,3,5,12,0,8,19
9703220,23,1,22,93,0,23,93
9608441,11,2,9,35,0,11,18
9711348,28,1,27,165,1,27,99
9911459,27,3,24,123,0,27,188
9712231,7,2,5,20,0,7,7
208092,0,0,0,0,0,0,0
106084,6,1,5,14,0,6,25
106334,15,2,13,39,0,15,148
3180,21,4,17,69,0,21,322
2293,8,1,7,19,0,8,21
9510422,6,1,5,8,0,6,6
9288,6,3,3,4,0,6,27
9902324,2,2,0,0,0,2,28
9504378,21,1,20,106,14,7,7
3022,19,4,15,50,0,19,211
9410304,12,1,11,31,3,9,9
9409208,17,2,15,62,17,0,0
9904221,3,3,0,0,0,3,45
9906431,14,2,12,29,0,14,184
5328,28,3,25,219,0,28,157
201161,22,3,19,77,0,22,343
9812529,4,1,3,3,2,2,3
2279,10,1,9,29,0,10,46
9511417,7,1,6,17,7,0,0
111027,4,2,2,3,0,4,4
9903451,27,1,26,152,7,20,34
103324,3,1,2,2,0,3,24
104051,6,3,3,8,0,6,51
9909490,0,0,0,0,0,0,0
9512364,10,5,5,18,10,0,0
9207269,21,4,17,101,21,0,0
9310207,3,1,2,3,3,0,0
9302267,12,2,10,27,12,0,0
9284,1,1,0,0,0,1,23
9281,8,3,5,10,0,8,27
9606280,4,1,3,5,2,2,3
9403387,25,2,23,109,12,13,13
9204204,22,3,19,118,22,0,0
9411413,8,3,5,10,0,8,15
9512384,2,2,0,0,0,2,7
9703249,12,3,9,24,1,11,11
9909502,8,1,7,21,0,8,16
9701300,6,2,4,7,0,6,13
9906343,19,2,17,68,0,19,192
9410228,5,1,4,7,0,5,9
10066,3,1,2,2,3,0,0
9508243,5,1,4,8,5,0,0
9402285,11,1,10,25,11,0,0
9907240,22,2,20,135,0,22,187
9404342,9,2,7,19,9,0,0
9412381,12,1,11,40,9,3,4
9510430,1,1,0,0,0,1,1
9710379,6,1,5,11,0,6,37
9403232,4,2,2,3,4,0,0
9404306,12,2,10,36,1,11,11
9707345,9,3,6,19,0,9,31
9501307,23,4,19,92,0,23,35
9811396,3,1,2,2,0,3,5
9608310,3,2,1,1,0,3,24
9806430,10,1,9,25,1,9,20
9607421,8,3,5,9,0,8,8
9905367,1,1,0,0,0,1,2
9703276,61,2,59,860,8,53,53
9705386,3,3,0,0,2,1,1
9605430,1,1,0,0,1,0,0
9706368,3,1,2,3,3,0,0
108147,3,2,1,2,1,2,2
9611423,8,1,7,21,8,0,0
103318,4,1,3,4,3,1,3
9412319,25,2,23,154,1,24,125
9802240,3,1,2,3,0,3,45
9704205,10,3,7,19,0,10,10
9606486,17,1,16,73,17,0,0
9195,10,2,8,18,0,10,104
9407368,2,2,0,0,2,0,0
9704297,14,3,11,31,1,13,94
9205240,7,4,3,3,7,0,0
9902352,1,1,0,0,0,1,3
9701416,3,1,2,2,0,3,4
103049,14,1,13,42,0,14,38
9305315,15,3,12,74,15,0,0
103137,5,3,2,3,0,5,23
9711281,4,1,3,4,4,0,0
9512437,4,2,2,2,1,3,5
9510220,7,1,6,16,7,0,0
7107,9,2,7,14,0,9,9
9806303,11,2,9,22,3,8,15
11105,4,1,3,4,0,4,4
9511371,7,4,3,4,1,6,7
9602305,0,0,0,0,0,0,0
101105,1,1,0,0,0,1,5
9211204,8,3,5,16,8,0,0
9410242,7,3,4,7,0,7,17
9803242,26,2,24,105,0,26,69
9609247,7,1,6,9,3,4,6
11357,2,1,1,1,0,2,2
9811434,3,2,1,1,0,3,16
9308365,10,2,8,19,10,0,0
9504368,2,1,1,1,0,2,6
9705340,3,2,1,1,0,3,5
9906396,4,1,3,4,1,3,3
9509329,7,3,4,13,0,7,70
9506448,11,1,10,23,0,11,11
9806372,2,2,0,0,0,2,6
9903295,0,0,0,0,0,0,0
9810358,2,1,1,1,2,0,0
106135,8,2,6,13,0,8,133
9705254,16,2,14,42,0,16,86
9404201,17,3,14,37,2,15,24
9705234,29,1,28,233,3,26,146
4086,6,2,4,8,0,6,20
109064,12,2,10,28,0,12,49
111172,0,0,0,0,0,0,0
109239,0,0,0,0,0,0,0
9704412,26,1,25,147,3,23,23
9311348,1,1,0,0,1,0,0
9907559,9,2,7,15,0,9,43
9410347,5,1,4,9,1,4,4
9811201,15,2,13,63,2,13,29
105029,7,2,5,6,0,7,57
212345,2,2,0,0,0,2,7
9501277,13,2,11,29,13,0,0
3059,0,0,0,0,0,0,0
9405325,8,2,6,17,8,0,0
9911329,1,1,0,0,0,1,2
104225,3,1,2,2,0,3,46
9607296,1,1,0,0,0,1,4
9508391,3,3,0,0,3,0,0
9807447,8,1,7,14,0,8,16
9302280,19,3,16,92,19,0,0
9405418,22,2,20,132,6,16,22
9704329,5,2,3,6,0,5,13
9806366,3,1,2,3,3,0,0
9208239,3,1,2,3,3,0,0
204099,0,0,0,0,0,0,0
9902220,11,1,10,31,3,8,8
9406362,2,1,1,1,0,2,10
12289,13,1,12,37,0,13,34
9702237,11,1,10,37,11,0,0
9605286,11,2,9,20,0,11,11
105121,2,2,0,0,0,2,3
108216,17,3,14,53,0,17,36
202034,13,5,8,37,0,13,60
9908391,2,2,0,0,0,2,5
108094,6,3,3,7,0,6,69
9411276,5,1,4,5,3,2,2
9910405,7,2,5,12,0,7,18
111290,2,1,1,1,0,2,16
3219,23,2,21,125,0,23,173
9404238,4,1,3,5,4,0,0
9906318,14,4,10,46,3,11,14
9401354,2,2,0,0,2,0,0
9506473,4,2,2,2,3,1,1
9409443,13,3,10,32,13,0,0
9305287,9,3,6,11,9,0,0
9509348,69,1,68,733,41,28,28
12221,12,4,8,17,0,12,51
9512348,7,2,5,17,0,7,7
9510366,2,1,1,1,1,1,1
9912330,10,1,9,22,0,10,110
9409326,12,3,9,29,12,0,0
9812340,1,1,0,0,0,1,6
9904335,2,2,0,0,0,2,2
9601224,8,1,7,22,0,8,23
9709264,3,3,0,0,0,3,6
9210221,9,2,7,9,9,0,0
109007,6,2,4,7,6,0,0
9909284,6,3,3,5,0,6,20
9608404,5,1,4,10,0,5,10
9908271,4,3,1,2,0,4,16
9912503,32,1,31,296,0,32,86
9811316,0,0,0,0,0,0,0
9901254,21,2,19,107,1,20,36
9908276,16,2,14,51,0,16,41
9506228,4,1,3,6,4,0,0
9411341,3,2,1,1,3,0,0
9707421,6,3,3,7,0,6,10
105084,11,1,10,43,0,11,25
209249,0,0,0,0,0,0,0
4248,2,1,1,1,0,2,10
9603336,6,1,5,6,4,2,2
9509362,5,1,4,7,5,0,0
9904313,3,1,2,3,0,3,30
9708480,9,2,7,16,0,9,20
7148,2,1,1,1,0,2,6
9206230,10,4,6,11,10,0,0
9701371,1,1,0,0,0,1,3
9901225,1,1,0,0,1,0,0
9705257,5,2,3,5,0,5,18
9506273,23,2,21,88,0,23,195
9301249,2,1,1,1,2,0,0
209109,4,2,2,3,0,4,4
9402308,2,1,1,1,2,0,0
9308374,18,1,17,76,18,0,0
110005,1,1,0,0,0,1,2
9605426,1,1,0,0,1,0,0
9409285,10,1,9,32,0,10,10
9509371,4,2,2,3,0,4,31
9702368,3,1,2,2,0,3,4
9603393,6,1,5,8,6,0,0
8105,10,5,5,10,0,10,57
9911461,5,2,3,4,0,5,30
109189,0,0,0,0,0,0,0
109094,2,2,0,0,0,2,12
110029,2,2,0,0,0,2,17
9509383,5,2,3,5,0,5,5
9507404,0,0,0,0,0,0,0
12178,2,2,0,0,0,2,18
9903251,1,1,0,0,0,1,2
9807425,1,1,0,0,0,1,1
9910310,7,3,4,7,0,7,28
9511266,3,2,1,1,0,3,11
108009,7,1,6,14,1,6,11
9812413,2,2,0,0,0,2,7
9209296,3,1,2,2,3,0,0
9610335,1,1,0,0,0,1,2
9510346,4,4,0,0,4,0,0
9406407,3,2,1,1,3,0,0
9811440,2,1,1,1,0,2,13
9910220,14,3,11,36,0,14,71
9308210,8,2,6,17,0,8,15
9705463,9,1,8,21,9,0,0
9810419,2,1,1,1,1,1,1
110034,7,3,4,11,0,7,30
9909560,2,2,0,0,0,2,4
9906370,2,2,0,0,0,2,7
9909387,7,1,6,13,0,7,29
9902386,1,1,0,0,1,0,0
9912445,0,0,0,0,0,0,0
9503351,9,2,7,19,3,6,6
9604221,1,1,0,0,1,0,0
6103,4,2,2,3,0,4,18
12260,6,3,3,11,1,5,6
9904477,7,1,6,15,0,7,68
9809227,6,2,4,5,4,2,2
9605201,4,3,1,1,0,4,18
9704380,12,2,10,33,0,12,134
111249,0,0,0,0,0,0,0
9207226,7,1,6,8,7,0,0
9902244,2,1,1,1,0,2,4
9702362,6,3,3,4,0,6,19
104121,3,2,1,1,0,3,11
9908213,2,2,0,0,0,2,15
9803326,5,1,4,6,5,0,0
9911350,1,1,0,0,1,0,0
9903299,4,1,3,4,1,3,6
9706252,5,1,4,5,5,0,0
9704348,6,1,5,9,6,0,0
209047,0,0,0,0,0,0,0
9901221,10,2,8,31,10,0,0
112345,5,1,4,10,0,5,49
9710342,3,1,2,3,3,0,0
9905404,3,3,0,0,0,3,3
9506283,0,0,0,0,0,0,0
9408336,6,4,2,2,0,6,10
9302238,3,2,1,1,3,0,0
110283,9,2,7,12,0,9,83
107227,5,1,4,5,0,5,17
9807341,1,1,0,0,0,1,4
103173,1,1,0,0,0,1,1
9601385,2,2,0,0,0,2,6
9312218,6,3,3,9,0,6,14
108121,5,2,3,3,1,4,7
9604429,11,1,10,17,1,10,10
206045,1,1,0,0,0,1,3
9204237,1,1,0,0,1,0,0
9209250,6,3,3,10,6,0,0
9711220,4,2,2,2,0,4,36
104201,2,1,1,1,0,2,12
9404337,4,3,1,1,4,0,0
107145,0,0,0,0,0,0,0
212161,0,0,0,0,0,0,0
9912421,3,1,2,3,0,3,6
9405365,6,1,5,9,3,3,3
209208,5,2,3,4,0,5,44
2160,1,1,0,0,1,0,0
9811505,2,2,0,0,0,2,9
9503344,8,2,6,22,8,0,0
9809523,2,2,0,0,0,2,4
11029,1,1,0,0,0,1,5
9709461,1,1,0,0,0,1,1
112082,1,1,0,0,0,1,1
9707463,9,3,6,15,0,9,18
9801264,2,2,0,0,2,0,0
9703285,1,1,0,0,0,1,2
110391,4,4,0,0,0,4,55
202054,1,1,0,0,0,1,17
202275,2,2,0,0,0,2,47
9907498,4,1,3,4,0,4,5
9706419,6,2,4,6,1,5,9
9702427,0,0,0,0,0,0,0
112132,11,3,8,17,0,11,187
9902339,9,1,8,32,1,8,18
9811235,7,1,6,15,7,0,0
9506375,10,2,8,19,10,0,0
9401335,4,1,3,4,4,0,0
204342,12,1,11,46,0,12,45
9401345,2,2,0,0,0,2,4
9305227,4,3,1,1,4,0,0
9708222,4,2,2,3,4,0,0
9509393,20,2,18,78,4,16,34
9608366,1,1,0,0,0,1,3
10041,0,0,0,0,0,0,0
105005,8,3,5,9,0,8,85
9906441,7,2,5,10,0,7,27
9904460,1,1,0,0,0,1,11
9511218,1,1,0,0,1,0,0
6293,1,1,0,0,0,1,15
9401288,12,2,10,36,12,0,0
9308216,3,2,1,1,3,0,0
9404327,11,2,9,30,11,0,0
9610411,3,3,0,0,2,1,1
10002,7,2,5,12,0,7,75
9909337,10,1,9,36,0,10,101
9707427,0,0,0,0,0,0,0
9412398,4,2,2,4,2,2,2
110253,3,2,1,1,0,3,8
9903495,7,1,6,12,7,0,0
9808202,2,2,0,0,0,2,15
9511434,8,2,6,10,0,8,20
9911492,2,1,1,1,0,2,4
212037,0,0,0,0,0,0,0
103045,3,1,2,2,0,3,18
9609465,0,0,0,0,0,0,0
111138,6,1,5,12,0,6,20
9612429,1,1,0,0,0,1,6
9411243,1,1,0,0,0,1,1
11132,9,3,6,15,1,8,13
106014,0,0,0,0,0,0,0
9812506,5,5,0,0,0,5,21
204277,5,2,3,4,0,5,72
105327,2,2,0,0,0,2,8
9702360,7,1,6,10,0,7,7
9301287,2,1,1,1,2,0,0
9804343,0,0,0,0,0,0,0
9612262,0,0,0,0,0,0,0
9912446,4,1,3,5,0,4,4
9901378,0,0,0,0,0,0,0
6200,6,1,5,9,6,0,0
9910459,1,1,0,0,0,1,1
1044,1,1,0,0,1,0,0
9404330,0,0,0,0,0,0,0
9811351,2,1,1,1,1,1,1
9705430,2,2,0,0,2,0,0
107004,0,0,0,0,0,0,0
111090,3,1,2,2,0,3,9
204014,1,1,0,0,0,1,4
204340,0,0,0,0,0,0,0
9802344,1,1,0,0,0,1,3
5041,1,1,0,0,1,0,0
9706402,1,1,0,0,1,0,0
106174,0,0,0,0,0,0,0
9410236,3,2,1,1,3,0,0
6345,3,1,2,3,3,0,0
103165,1,1,0,0,0,1,5
9507222,7,2,5,10,0,7,7
7237,8,2,6,21,0,8,20
9210276,4,2,2,2,4,0,0
210003,0,0,0,0,0,0,0
2151,7,2,5,15,0,7,43
9811278,2,2,0,0,0,2,4
9311207,5,2,3,5,1,4,4
9707507,3,2,1,1,0,3,3
10122,1,1,0,0,0,1,5
12187,1,1,0,0,0,1,1
9212300,1,1,0,0,1,0,0
4141,1,1,0,0,0,1,5
109278,0,0,0,0,0,0,0
9712455,2,1,1,1,0,2,5
2218,3,1,2,3,0,3,10
9911260,0,0,0,0,0,0,0
210352,1,1,0,0,1,0,0
202138,2,1,1,1,1,1,1
9912452,4,1,3,6,0,4,24
111430,2,1,1,1,0,2,4
9701237,0,0,0,0,0,0,0
9907216,2,1,1,1,0,2,8
9409421,4,2,2,3,1,3,3
9702285,2,2,0,0,2,0,0
301269,1,1,0,0,0,1,8
9304204,5,1,4,7,5,0,0
9612461,4,2,2,5,4,0,0
103146,0,0,0,0,0,0,0
9901339,5,1,4,7,1,4,10
9602336,17,2,15,73,0,17,40
103251,5,2,3,6,0,5,25
208248,1,1,0,0,0,1,8
9910229,5,1,4,8,0,5,19
11177,0,0,0,0,0,0,0
9402303,1,1,0,0,1,0,0
9905506,0,0,0,0,0,0,0
8150,6,1,5,9,0,6,6
205065,2,2,0,0,0,2,18
9209242,1,1,0,0,1,0,0
9804341,7,5,2,7,7,0,0
9509349,5,1,4,6,5,0,0
9709303,1,1,0,0,1,0,0
210272,0,0,0,0,0,0,0
109281,0,0,0,0,0,0,0
9705466,2,2,0,0,0,2,3
12241,8,1,7,20,0,8,38
201005,0,0,0,0,0,0,0
9906403,0,0,0,0,0,0,0
9601297,5,2,3,4,3,2,2
9511270,3,1,2,2,3,0,0
8070,1,1,0,0,0,1,16
9803425,7,1,6,9,7,0,0
2166,7,2,5,14,0,7,56
9405327,3,2,1,1,2,1,1
9608342,1,1,0,0,1,0,0
9908264,11,1,10,26,0,11,27
102060,0,0,0,0,0,0,0
9808336,2,1,1,1,1,1,2
9711409,1,1,0,0,0,1,11
9502313,4,2,2,2,4,0,0
106089,5,2,3,4,0,5,64
9809281,1,1,0,0,0,1,1
9712409,4,3,1,1,0,4,7
9905212,7,1,6,9,1,6,14
9403322,8,2,6,12,8,0,0
9610478,2,1,1,1,2,0,0
9611337,2,2,0,0,2,0,0
9905394,0,0,0,0,0,0,0
106115,6,1,5,11,0,6,76
9212257,5,1,4,9,5,0,0
1121,0,0,0,0,0,0,0
111075,4,1,3,4,0,4,15
6071,3,1,2,2,1,2,6
9608315,1,1,0,0,0,1,2
302145,0,0,0,0,0,0,0
107102,2,2,0,0,0,2,4
9803223,0,0,0,0,0,0,0
9912352,0,0,0,0,0,0,0
9712453,0,0,0,0,0,0,0
110315,0,0,0,0,0,0,0
9506462,0,0,0,0,0,0,0
9402252,0,0,0,0,0,0,0
9706277,5,1,4,5,0,5,26
9306222,6,1,5,15,6,0,0
5188,0,0,0,0,0,0,0
9806531,3,1,2,3,3,0,0
206231,0,0,0,0,0,0,0
9410226,0,0,0,0,0,0,0
9706486,2,2,0,0,0,2,8
7258,5,2,3,5,0,5,97
8066,4,1,3,4,0,4,4
7262,1,1,0,0,0,1,1
11210,1,1,0,0,0,1,1
11282,1,1,0,0,1,0,0
9911244,1,1,0,0,1,0,0
211061,0,0,0,0,0,0,0
9912373,5,1,4,6,5,0,0
9803346,1,1,0,0,1,0,0
9906540,0,0,0,0,0,0,0
9911348,0,0,0,0,0,0,0
9207239,2,2,0,0,2,0,0
9710264,1,1,0,0,0,1,2
9911517,3,1,2,3,3,0,0
8059,0,0,0,0,0,0,0
105335,5,2,3,4,0,5,31
9907553,1,1,0,0,0,1,4
9606420,0,0,0,0,0,0,0
211034,0,0,0,0,0,0,0
9507312,2,1,1,1,0,2,7
9406351,5,1,4,7,5,0,0
11222,2,1,1,1,0,2,2
9509426,2,2,0,0,2,0,0
9510324,1,1,0,0,0,1,3
105285,1,1,0,0,0,1,3
9809288,1,1,0,0,0,1,2
9705453,7,1,6,15,1,6,12
103090,0,0,0,0,0,0,0
12351,3,2,1,1,0,3,14
6226,2,1,1,1,2,0,0
106096,1,1,0,0,0,1,11
111171,0,0,0,0,0,0,0
9708233,1,1,0,0,1,0,0
210043,0,0,0,0,0,0,0
9812350,4,1,3,4,0,4,14
9604227,7,2,5,10,0,7,7
209341,0,0,0,0,0,0,0
9512424,1,1,0,0,1,0,0
9312266,3,2,1,2,3,0,0
9903280,2,1,1,1,2,0,0
209085,3,2,1,1,0,3,15
9409249,0,0,0,0,0,0,0
9301286,1,1,0,0,1,0,0
9903324,1,1,0,0,1,0,0
209010,4,1,3,4,0,4,24
9208256,3,1,2,2,3,0,0
112115,1,1,0,0,0,1,4
110021,0,0,0,0,0,0,0
102023,2,2,0,0,1,1,1
9403267,2,2,0,0,0,2,2
9712298,1,1,0,0,0,1,10
301093,0,0,0,0,0,0,0
9704253,10,3,7,14,1,9,23
1109,1,1,0,0,0,1,3
9810233,2,1,1,1,1,1,1
301167,2,1,1,1,0,2,30
9910479,2,1,1,1,0,2,5
108189,3,1,2,2,0,3,7
9908411,2,1,1,1,0,2,2
107055,1,1,0,0,0,1,2
9907274,4,1,3,5,0,4,4
9812464,3,2,1,2,3,0,0
104240,0,0,0,0,0,0,0
9906486,0,0,0,0,0,0,0
9704413,1,1,0,0,1,0,0
9808214,2,2,0,0,2,0,0
9912423,10,1,9,20,0,10,31
9267,0,0,0,0,0,0,0
9904318,1,1,0,0,0,1,1
109206,2,1,1,1,0,2,6
9810355,1,1,0,0,1,0,0
4104,3,1,2,2,3,0,0
9212256,2,1,1,1,2,0,0
11187,1,1,0,0,1,0,0
9812422,0,0,0,0,0,0,0
9903265,2,2,0,0,2,0,0
107079,1,1,0,0,0,1,2
9806307,5,2,3,4,0,5,25
105045,0,0,0,0,0,0,0
9710523,2,2,0,0,0,2,2
108093,0,0,0,0,0,0,0
9209290,3,3,0,0,3,0,0
9707517,1,1,0,0,0,1,3
9509376,0,0,0,0,0,0,0
9908211,2,1,1,1,0,2,4
9901293,1,1,0,0,0,1,2
9906494,0,0,0,0,0,0,0
1114,0,0,0,0,0,0,0
9407335,2,2,0,0,2,0,0
211320,0,0,0,0,0,0,0
302116,0,0,0,0,0,0,0
9506423,3,3,0,0,3,0,0
111087,0,0,0,0,0,0,0
111233,3,2,1,1,0,3,12
107135,4,1,3,5,0,4,22
112182,2,2,0,0,0,2,15
9609241,0,0,0,0,0,0,0
9706356,1,1,0,0,1,0,0
204113,0,0,0,0,0,0,0
209009,1,1,0,0,0,1,11
101351,2,1,1,1,0,2,25
106221,5,3,2,2,0,5,6
9702217,0,0,0,0,0,0,0
9206248,1,1,0,0,1,0,0
11202,3,2,1,1,3,0,0
9504276,3,2,1,1,3,0,0
9906313,2,2,0,0,0,2,6
9802336,1,1,0,0,0,1,4
9502403,2,2,0,0,2,0,0
9710253,1,1,0,0,0,1,1
9911325,1,1,0,0,0,1,3
9307,0,0,0,0,0,0,0
9802244,1,1,0,0,1,0,0
9407269,1,1,0,0,1,0,0
6230,1,1,0,0,0,1,5
102028,3,1,2,3,3,0,0
9311203,1,1,0,0,1,0,0
9907454,1,1,0,0,0,1,3
9609329,2,2,0,0,2,0,0
9808286,1,1,0,0,0,1,1
209020,4,1,3,3,1,3,3
9602298,1,1,0,0,0,1,2
9411214,1,1,0,0,1,0,0
9809327,0,0,0,0,0,0,0
9710502,1,1,0,0,1,0,0
4084,2,2,0,0,0,2,3
5077,0,0,0,0,0,0,0
9905331,1,1,0,0,0,1,4
111046,4,1,3,5,0,4,7
9410286,7,1,6,14,0,7,7
9807204,0,0,0,0,0,0,0
9610547,1,1,0,0,1,0,0
9812310,0,0,0,0,0,0,0
201205,0,0,0,0,0,0,0
201058,0,0,0,0,0,0,0
9910367,6,3,3,6,0,6,6
9307296,2,1,1,1,2,0,0
9509304,3,3,0,0,3,0,0
9707502,2,2,0,0,0,2,7
9912489,0,0,0,0,0,0,0
212136,0,0,0,0,0,0,0
206138,2,2,0,0,0,2,3
9706469,0,0,0,0,0,0,0
9905232,0,0,0,0,0,0,0
9708258,0,0,0,0,0,0,0
209313,0,0,0,0,0,0,0
9810534,1,1,0,0,0,1,4
1061,1,1,0,0,1,0,0
104203,3,2,1,1,1,2,2
9606371,1,1,0,0,0,1,1
9309328,1,1,0,0,1,0,0
9610435,1,1,0,0,0,1,2
9912494,0,0,0,0,0,0,0
9810464,0,0,0,0,0,0,0
205054,1,1,0,0,0,1,1
107226,2,1,1,1,2,0,0
206283,0,0,0,0,0,0,0
7002,0,0,0,0,0,0,0
9604323,0,0,0,0,0,0,0
9912290,1,1,0,0,0,1,7
9303222,1,1,0,0,1,0,0
9808243,1,1,0,0,0,1,5
210333,0,0,0,0,0,0,0
9508413,0,0,0,0,0,0,0
9710486,1,1,0,0,1,0,0
9710218,1,1,0,0,0,1,6
209006,3,1,2,2,0,3,42
209121,4,1,3,3,0,4,75
9501329,1,1,0,0,1,0,0
9412326,0,0,0,0,0,0,0
9901422,1,1,0,0,0,1,1
201285,1,1,0,0,0,1,16
9804232,4,1,3,5,0,4,7
9312241,1,1,0,0,1,0,0
9611418,0,0,0,0,0,0,0
9808442,2,1,1,1,2,0,0
9508310,0,0,0,0,0,0,0
9808371,6,2,4,6,6,0,0
9907424,1,1,0,0,0,1,1
301012,0,0,0,0,0,0,0
103204,1,1,0,0,0,1,6
9612242,1,1,0,0,0,1,1
9707232,0,0,0,0,0,0,0
9610410,0,0,0,0,0,0,0
9512286,0,0,0,0,0,0,0
9510245,2,1,1,1,2,0,0
9511224,1,1,0,0,0,1,3
206207,0,0,0,0,0,0,0
9808464,0,0,0,0,0,0,0
12067,2,2,0,0,2,0,0
301105,0,0,0,0,0,0,0
207192,0,0,0,0,0,0,0
6064,2,1,1,1,1,1,1
9310226,0,0,0,0,0,0,0
204073,0,0,0,0,0,0,0
9410332,0,0,0,0,0,0,0
9506238,2,1,1,1,2,0,0
203042,1,1,0,0,1,0,0
110239,1,1,0,0,0,1,2
9908318,0,0,0,0,0,0,0
9508232,4,1,3,6,3,1,1
9607470,2,1,1,1,2,0,0
9502357,0,0,0,0,0,0,0
9902454,0,0,0,0,0,0,0
102309,1,1,0,0,1,0,0
9609264,1,1,0,0,1,0,0
9511425,0,0,0,0,0,0,0
9606319,0,0,0,0,0,0,0
207358,0,0,0,0,0,0,0
9407294,0,0,0,0,0,0,0
12022,0,0,0,0,0,0,0
111151,1,1,0,0,0,1,8
9506234,0,0,0,0,0,0,0
9911354,0,0,0,0,0,0,0
201311,1,1,0,0,0,1,4
9712414,3,1,2,3,3,0,0
106196,0,0,0,0,0,0,0
6066,2,2,0,0,2,0,0
101119,1,1,0,0,0,1,7
210233,1,1,0,0,0,1,1
9805392,0,0,0,0,0,0,0
10154,0,0,0,0,0,0,0
211050,0,0,0,0,0,0,0
102107,0,0,0,0,0,0,0
9812232,4,4,0,0,0,4,15
211225,0,0,0,0,0,0,0
208066,1,1,0,0,0,1,4
203170,0,0,0,0,0,0,0
209046,0,0,0,0,0,0,0
9910264,0,0,0,0,0,0,0
9602203,0,0,0,0,0,0,0
112207,4,1,3,5,0,4,5
205320,0,0,0,0,0,0,0
112147,0,0,0,0,0,0,0
9906518,0,0,0,0,0,0,0
9910503,0,0,0,0,0,0,0
9905399,2,1,1,1,0,2,8
9912471,1,1,0,0,0,1,3
302207,0,0,0,0,0,0,0
9907538,1,1,0,0,1,0,0
201022,0,0,0,0,0,0,0
302121,0,0,0,0,0,0,0
210250,0,0,0,0,0,0,0
9307339,2,2,0,0,2,0,0
10049,0,0,0,0,0,0,0
110099,0,0,0,0,0,0,0
111448,0,0,0,0,0,0,0
9501278,1,1,0,0,1,0,0
109055,0,0,0,0,0,0,0
9604241,0,0,0,0,0,0,0
9507260,0,0,0,0,0,0,0
9506402,1,1,0,0,0,1,3
6180,1,1,0,0,1,0,0
3109,0,0,0,0,0,0,0
9901364,0,0,0,0,0,0,0
4119,1,1,0,0,0,1,5
9311318,1,1,0,0,1,0,0
9701297,0,0,0,0,0,0,0
9807493,3,3,0,0,0,3,5
205114,1,1,0,0,0,1,7
9902379,4,4,0,0,0,4,4
9806341,0,0,0,0,0,0,0
7165,0,0,0,0,0,0,0
9506216,1,1,0,0,1,0,0
9802428,0,0,0,0,0,0,0
9911205,0,0,0,0,0,0,0
9809358,1,1,0,0,0,1,5
9340,2,1,1,1,2,0,0
9608459,0,0,0,0,0,0,0
9304218,2,2,0,0,2,0,0
9504396,2,1,1,1,2,0,0
9704344,0,0,0,0,0,0,0
108066,1,1,0,0,1,0,0
302036,0,0,0,0,0,0,0
201007,1,1,0,0,0,1,1
210032,2,2,0,0,0,2,7
201289,2,1,1,1,0,2,8
212226,0,0,0,0,0,0,0
9804443,0,0,0,0,0,0,0
9412221,0,0,0,0,0,0,0
9908221,0,0,0,0,0,0,0
209320,0,0,0,0,0,0,0
107234,0,0,0,0,0,0,0
9912269,0,0,0,0,0,0,0
9706395,2,1,1,1,0,2,2
9610257,0,0,0,0,0,0,0
9903431,0,0,0,0,0,0,0
9710532,0,0,0,0,0,0,0
12029,2,2,0,0,2,0,0
9709440,1,1,0,0,1,0,0
9404269,1,1,0,0,1,0,0
9707369,1,1,0,0,1,0,0
206123,0,0,0,0,0,0,0
9906521,0,0,0,0,0,0,0
9609383,0,0,0,0,0,0,0
9906334,0,0,0,0,0,0,0
12079,0,0,0,0,0,0,0
9809408,0,0,0,0,0,0,0
9505236,0,0,0,0,0,0,0
7205,1,1,0,0,0,1,2
9609236,0,0,0,0,0,0,0
107177,2,2,0,0,0,2,2
9503292,2,2,0,0,2,0,0
9909400,0,0,0,0,0,0,0
302190,0,0,0,0,0,0,0
9704233,0,0,0,0,0,0,0
9607212,1,1,0,0,1,0,0
9908509,0,0,0,0,0,0,0
104163,0,0,0,0,0,0,0
9908209,1,1,0,0,1,0,0
9508376,0,0,0,0,0,0,0
6260,0,0,0,0,0,0,0
108259,2,2,0,0,0,2,2
208098,1,1,0,0,1,0,0
9804204,1,1,0,0,1,0,0
101216,1,1,0,0,1,0,0
9805248,0,0,0,0,0,0,0
108101,1,1,0,0,0,1,5
106282,1,1,0,0,0,1,4
9242,1,1,0,0,1,0,0
212122,0,0,0,0,0,0,0
9801285,1,1,0,0,1,0,0
302130,0,0,0,0,0,0,0
9310204,1,1,0,0,1,0,0
9909483,0,0,0,0,0,0,0
9708302,1,1,0,0,1,0,0
205196,0,0,0,0,0,0,0
5205,0,0,0,0,0,0,0
9909460,0,0,0,0,0,0,0
210126,0,0,0,0,0,0,0
9806283,0,0,0,0,0,0,0
9607205,1,1,0,0,1,0,0
101317,1,1,0,0,0,1,1
9611328,0,0,0,0,0,0,0
9709217,0,0,0,0,0,0,0
302212,0,0,0,0,0,0,0
9709304,0,0,0,0,0,0,0
211060,0,0,0,0,0,0,0
9410341,1,1,0,0,1,0,0
9705410,0,0,0,0,0,0,0
9907369,1,1,0,0,0,1,1
112340,1,1,0,0,1,0,0
9511232,1,1,0,0,1,0,0
9711247,0,0,0,0,0,0,0
9801371,3,2,1,1,3,0,0
202180,0,0,0,0,0,0,0
110076,0,0,0,0,0,0,0
9912300,0,0,0,0,0,0,0
9906246,1,1,0,0,1,0,0
9406424,3,3,0,0,3,0,0
9810209,0,0,0,0,0,0,0
202259,0,0,0,0,0,0,0
210444,0,0,0,0,0,0,0
9406253,0,0,0,0,0,0,0
203168,0,0,0,0,0,0,0
9408206,2,2,0,0,0,2,2
112357,0,0,0,0,0,0,0
9204203,1,1,0,0,1,0,0
9707495,3,2,1,1,0,3,6
9804362,1,1,0,0,1,0,0
5092,1,1,0,0,1,0,0
9511451,0,0,0,0,0,0,0
101044,1,1,0,0,1,0,0
9506368,0,0,0,0,0,0,0
9712356,0,0,0,0,0,0,0
9906477,0,0,0,0,0,0,0
301221,0,0,0,0,0,0,0
6296,0,0,0,0,0,0,0
301214,0,0,0,0,0,0,0
9905315,0,0,0,0,0,0,0
9901274,1,1,0,0,1,0,0
106249,1,1,0,0,0,1,1
1047,0,0,0,0,0,0,0
9187,0,0,0,0,0,0,0
3285,4,3,1,1,4,0,0
3192,0,0,0,0,0,0,0
9905280,0,0,0,0,0,0,0
12329,0,0,0,0,0,0,0
9504317,0,0,0,0,0,0,0
9124,0,0,0,0,0,0,0
9912203,1,1,0,0,0,1,1
9810458,0,0,0,0,0,0,0
9903317,1,1,0,0,0,1,3
9908472,0,0,0,0,0,0,0
101141,1,1,0,0,1,0,0
204094,0,0,0,0,0,0,0
212176,0,0,0,0,0,0,0
9908375,0,0,0,0,0,0,0
9905462,1,1,0,0,1,0,0
205328,0,0,0,0,0,0,0
12126,2,1,1,1,2,0,0
9803374,4,2,2,3,0,4,7
201016,0,0,0,0,0,0,0
110372,0,0,0,0,0,0,0
207175,0,0,0,0,0,0,0
11371,0,0,0,0,0,0,0
5053,0,0,0,0,0,0,0
209162,0,0,0,0,0,0,0
107013,0,0,0,0,0,0,0
9407310,2,2,0,0,2,0,0
211458,0,0,0,0,0,0,0
9807506,0,0,0,0,0,0,0
9804350,0,0,0,0,0,0,0
203005,0,0,0,0,0,0,0
101261,0,0,0,0,0,0,0
106281,0,0,0,0,0,0,0
209285,0,0,0,0,0,0,0
9806261,0,0,0,0,0,0,0
9605290,1,1,0,0,1,0,0
210142,0,0,0,0,0,0,0
11052,0,0,0,0,0,0,0
9908282,0,0,0,0,0,0,0
212326,0,0,0,0,0,0,0
9510405,0,0,0,0,0,0,0
211113,0,0,0,0,0,0,0
204349,0,0,0,0,0,0,0
302220,0,0,0,0,0,0,0
109089,0,0,0,0,0,0,0
212118,0,0,0,0,0,0,0
9712312,0,0,0,0,0,0,0
1127,1,1,0,0,0,1,2
9905402,1,1,0,0,0,1,1
11185,0,0,0,0,0,0,0
201218,0,0,0,0,0,0,0
9504329,0,0,0,0,0,0,0
211184,0,0,0,0,0,0,0
9904406,0,0,0,0,0,0,0
9612472,1,1,0,0,1,0,0
9312213,3,3,0,0,3,0,0
9904503,0,0,0,0,0,0,0
9702264,1,1,0,0,1,0,0
9802263,0,0,0,0,0,0,0
9609391,0,0,0,0,0,0,0
9312314,0,0,0,0,0,0,0
7074,0,0,0,0,0,0,0
206225,0,0,0,0,0,0,0
9912546,0,0,0,0,0,0,0
104209,0,0,0,0,0,0,0
111349,0,0,0,0,0,0,0
9507383,0,0,0,0,0,0,0
208169,0,0,0,0,0,0,0
9608337,0,0,0,0,0,0,0
9901449,1,1,0,0,1,0,0
9911301,1,1,0,0,0,1,2
7282,0,0,0,0,0,0,0
9806502,0,0,0,0,0,0,0
9020,0,0,0,0,0,0,0
210064,0,0,0,0,0,0,0
211379,0,0,0,0,0,0,0
301200,0,0,0,0,0,0,0
9901381,1,1,0,0,1,0,0
301060,0,0,0,0,0,0,0
208168,0,0,0,0,0,0,0
9707205,0,0,0,0,0,0,0
9511418,0,0,0,0,0,0,0
201050,2,1,1,1,2,0,0
9802398,0,0,0,0,0,0,0
103176,1,1,0,0,1,0,0
301098,0,0,0,0,0,0,0
105210,0,0,0,0,0,0,0
301069,0,0,0,0,0,0,0
12359,1,1,0,0,1,0,0
301043,0,0,0,0,0,0,0
9812374,0,0,0,0,0,0,0
107210,0,0,0,0,0,0,0
9408335,0,0,0,0,0,0,0
9904381,0,0,0,0,0,0,0
207166,0,0,0,0,0,0,0
211295,0,0,0,0,0,0,0
204053,0,0,0,0,0,0,0
111410,0,0,0,0,0,0,0
9411291,0,0,0,0,0,0,0
107273,0,0,0,0,0,0,0
112031,0,0,0,0,0,0,0
9812271,1,1,0,0,1,0,0
210191,0,0,0,0,0,0,0
211437,0,0,0,0,0,0,0
9805437,0,0,0,0,0,0,0
301103,0,0,0,0,0,0,0
4260,0,0,0,0,0,0,0
9402355,0,0,0,0,0,0,0
9911234,0,0,0,0,0,0,0
9505228,0,0,0,0,0,0,0
302081,0,0,0,0,0,0,0
212214,0,0,0,0,0,0,0
7038,15,3,12,41,0,15,29
9701278,11,1,10,38,0,11,87
9609437,13,1,12,34,0,13,62
206024,3,3,0,0,0,3,9
9909352,10,3,7,15,0,10,71
9811357,12,3,9,15,0,12,66
2205,1,1,0,0,0,1,7
9606306,0,0,0,0,0,0,0
9301295,5,2,3,7,0,5,5
9602396,14,1,13,38,0,14,69
9409369,12,1,11,30,0,12,21
9808293,44,2,42,350,1,43,86
9606411,46,3,43,396,1,45,166
9306212,15,4,11,39,15,0,0
9807267,8,1,7,21,8,0,0
9905320,14,1,13,50,0,14,284
9606289,15,1,14,48,5,10,10
9608256,19,3,16,89,5,14,24
9710460,26,1,25,135,1,25,73
9809481,4,2,2,2,0,4,11
9503264,24,2,22,115,2,22,45
9803308,3,1,2,2,0,3,19
9711469,39,2,37,376,0,39,99
9802405,38,1,37,334,1,37,320
9809594,17,1,16,66,2,15,26
9703211,22,4,18,73,0,22,371
9402358,16,4,12,39,0,16,39
9409313,25,1,24,183,25,0,0
9602281,39,1,38,300,1,38,133
8018,16,1,15,41,0,16,50
9903507,6,2,4,12,0,6,34
9510403,19,3,16,60,0,19,47
9805422,10,2,8,17,0,10,62
9603412,7,1,6,14,0,7,27
9405215,5,5,0,0,0,5,10
9409327,13,2,11,33,13,0,0
9602334,6,3,3,7,0,6,16
9802365,18,1,17,113,0,18,102
9501232,10,1,9,22,10,0,0
9409291,9,4,5,20,9,0,0
9603270,4,1,3,4,1,3,3
9405359,1,1,0,0,0,1,6
9905351,8,1,7,17,0,8,34
9905520,5,1,4,7,3,2,2
9312227,12,1,11,32,12,0,0
9607400,0,0,0,0,0,0,0
9503411,17,1,16,93,6,11,11
9410360,42,1,41,403,42,0,0
9301236,25,3,22,142,25,0,0
101168,0,0,0,0,0,0,0
9702376,30,3,27,196,1,29,78
9703327,16,2,14,56,0,16,92
9801444,5,2,3,7,1,4,8
202037,1,1,0,0,0,1,25
9905448,26,1,25,167,0,26,182
9804233,46,2,44,587,2,44,87
1171,15,2,13,56,0,15,15
105239,18,2,16,104,18,0,0
9204229,19,5,14,85,19,0,0
9612463,14,2,12,51,3,11,11
9505350,20,2,18,59,0,20,65
9711501,10,2,8,20,0,10,55
2285,20,4,16,60,0,20,145
9611312,17,1,16,89,17,0,0
101165,0,0,0,0,0,0,0
9906230,17,1,16,65,0,17,148
9311205,75,2,73,1101,75,0,0
9210256,11,1,10,23,11,0,0
9504216,3,1,2,2,0,3,11
9607476,2,1,1,1,0,2,4
9504319,16,3,13,62,3,13,17
9605259,15,1,14,49,6,9,15
9805470,25,1,24,114,0,25,136
9305348,28,2,26,186,28,0,0
9804283,14,2,12,48,0,14,42
9708446,12,1,11,31,0,12,50
9712479,6,1,5,15,0,6,29
4028,33,1,32,220,33,0,0
111059,21,4,17,71,0,21,103
107151,12,3,9,20,0,12,92
8237,15,2,13,55,0,15,233
6078,6,1,5,11,0,6,22
9604451,10,3,7,8,0,10,15
103060,5,1,4,6,0,5,20
9905566,19,4,15,40,0,19,157
9611272,18,1,17,81,2,16,22
7006,7,2,5,12,0,7,103
8255,13,2,11,35,2,11,11
9505410,8,1,7,19,0,8,13
9904232,27,2,25,202,0,27,386
9906514,11,2,9,13,0,11,102
7032,23,1,22,133,0,23,128
202266,9,2,7,13,0,9,137
9907471,3,3,0,0,0,3,4
3129,25,2,23,108,0,25,103
9512428,6,1,5,13,6,0,0
104152,5,1,4,7,5,0,0
9906234,26,2,24,122,0,26,290
3086,11,1,10,22,0,11,58
107030,4,1,3,5,0,4,37
9605310,1,1,0,0,1,0,0
9804354,14,3,11,36,0,14,14
9610507,1,1,0,0,1,0,0
101083,3,3,0,0,0,3,16
9303241,20,2,18,81,20,0,0
10042,1,1,0,0,0,1,14
9906225,5,3,2,4,0,5,15
9701236,4,1,3,5,2,2,3
9508409,19,1,18,46,0,19,71
9210233,19,1,18,75,0,19,19
9405429,9,2,7,19,9,0,0
9603234,4,2,2,2,0,4,16
9512387,3,2,1,1,2,1,1
106027,4,1,3,5,0,4,16
9706501,6,2,4,10,1,5,13
9907499,18,3,15,65,0,18,138
9503476,4,2,2,3,0,4,8
11138,3,1,2,2,3,0,0
9609498,6,1,5,12,5,1,1
9501213,23,2,21,131,16,7,7
9910424,1,1,0,0,0,1,17
9810303,0,0,0,0,0,0,0
9503394,13,2,11,49,13,0,0
9803229,16,1,15,58,0,16,63
9808248,11,1,10,25,0,11,101
9412261,3,2,1,1,1,2,2
9312284,12,1,11,40,12,0,0
211314,1,1,0,0,0,1,1
9504336,17,4,13,45,2,15,15
9504277,2,2,0,0,0,2,2
9609237,2,1,1,1,1,1,1
9810411,14,1,13,46,0,14,50
9512230,9,1,8,17,9,0,0
9802416,10,1,9,18,0,10,43
9703279,58,2,56,757,7,51,51
9606387,3,2,1,1,3,0,0
9512361,1,1,0,0,1,0,0
9807359,3,1,2,3,1,2,2
103074,2,2,0,0,0,2,2
9806534,10,2,8,26,3,7,7
106128,1,1,0,0,0,1,3
9503377,15,2,13,67,0,15,104
9803357,15,4,11,37,0,15,242
9603431,13,3,10,36,5,8,8
9809549,13,1,12,39,0,13,13
1249,16,1,15,66,0,16,88
9402274,21,3,18,66,0,21,31
9704298,28,3,25,130,0,28,173
9210238,4,3,1,1,4,0,0
9404217,5,3,2,2,0,5,25
9709498,1,1,0,0,0,1,2
12362,6,1,5,10,0,6,18
9507220,7,1,6,17,1,6,12
9605330,8,1,7,19,8,0,0
9903432,4,1,3,5,4,0,0
9504340,3,1,2,2,0,3,3
9903242,8,1,7,17,8,0,0
9910416,14,2,12,41,14,0,0
9902437,16,1,15,51,0,16,96
9904419,0,0,0,0,0,0,0
9607250,10,2,8,20,6,4,4
9208242,21,2,19,93,21,0,0
1224,7,1,6,11,0,7,7
9405253,4,2,2,4,0,4,4
9504399,2,1,1,1,0,2,6
9804209,24,3,21,62,0,24,103
9609265,6,5,1,3,0,6,10
103202,2,1,1,1,0,2,2
9904440,1,1,0,0,0,1,1
9405374,5,2,3,4,0,5,7
9605238,8,2,6,22,1,7,20
9806205,5,3,2,3,0,5,21
9710275,3,3,0,0,0,3,5
9509428,13,4,9,18,0,13,109
9508393,4,2,2,5,0,4,8
12151,0,0,0,0,0,0,0
9703302,8,2,6,15,2,6,9
9905277,3,1,2,2,0,3,8
107144,5,3,2,2,0,5,103
9801432,5,1,4,7,0,5,21
9406268,7,3,4,10,7,0,0
9706206,15,1,14,73,0,15,90
9909496,4,3,1,2,0,4,10
111107,10,4,6,12,0,10,45
106144,1,1,0,0,1,0,0
3181,3,2,1,1,3,0,0
9707251,23,2,21,89,1,22,88
3297,5,1,4,7,0,5,9
9906366,6,1,5,11,0,6,9
9507225,8,1,7,17,1,7,10
9901210,2,1,1,1,0,2,15
105087,13,5,8,32,0,13,182
207135,5,1,4,8,5,0,0
9512398,1,1,0,0,0,1,3
9912323,1,1,0,0,1,0,0
9410356,5,1,4,8,0,5,5
103031,7,2,5,10,0,7,85
9901411,1,1,0,0,0,1,1
9405223,8,3,5,9,0,8,26
9903541,6,3,3,6,0,6,6
9807496,7,2,5,7,0,7,18
9311213,14,1,13,51,12,2,2
9412311,18,1,17,61,6,12,21
9705411,8,2,6,17,0,8,20
9910466,4,2,2,2,0,4,78
9310304,2,1,1,1,2,0,0
105187,2,2,0,0,0,2,5
9902325,4,1,3,6,0,4,10
9407329,3,3,0,0,0,3,30
104312,11,2,9,25,0,11,38
9704247,13,2,11,50,3,10,10
9508386,18,2,16,67,18,0,0
9707464,4,1,3,4,4,0,0
105175,18,2,16,75,2,16,73
201225,12,1,11,36,0,12,21
9605204,1,1,0,0,1,0,0
108120,21,1,20,80,0,21,243
207186,3,3,0,0,0,3,41
9702286,1,1,0,0,0,1,1
1073,2,2,0,0,0,2,21
8044,15,1,14,73,0,15,61
9706352,3,1,2,2,0,3,3
1312,10,1,9,29,0,10,58
9604349,5,1,4,7,0,5,5
9411269,2,1,1,1,2,0,0
9501221,8,2,6,9,8,0,0
9312308,6,3,3,6,3,3,3
9903358,41,1,40,287,0,41,106
9910537,15,2,13,43,3,12,32
9709419,7,2,5,5,4,3,3
9401303,5,2,3,6,5,0,0
4098,6,2,4,10,0,6,142
207332,0,0,0,0,0,0,0
9408372,0,0,0,0,0,0,0
207123,2,2,0,0,0,2,6
9611463,9,1,8,22,0,9,27
9412360,4,1,3,3,4,0,0
9305205,6,4,2,2,0,6,12
109008,4,2,2,2,0,4,4
101100,0,0,0,0,0,0,0
9705263,6,1,5,9,0,6,13
9912218,2,1,1,1,0,2,9
9906545,22,1,21,132,3,19,35
9807246,1,1,0,0,0,1,17
9903435,15,2,13,50,0,15,66
201287,5,1,4,4,0,5,8
9803244,5,2,3,5,0,5,16
210083,2,1,1,1,0,2,4
9907418,3,1,2,3,0,3,6
106140,11,1,10,36,0,11,39
203088,1,1,0,0,1,0,0
3159,4,2,2,2,0,4,25
9602432,3,1,2,2,3,0,0
9707320,4,1,3,4,1,3,3
9908340,1,1,0,0,0,1,26
9710316,18,5,13,66,0,18,49
9907444,4,2,2,4,0,4,10
9211267,7,4,3,4,0,7,7
9405426,3,1,2,3,3,0,0
9006,6,5,1,1,0,6,6
9705275,6,3,3,5,0,6,28
9612252,19,1,18,89,0,19,165
9712303,2,2,0,0,2,0,0
110129,0,0,0,0,0,0,0
9405228,5,3,2,5,5,0,0
9703244,1,1,0,0,0,1,2
9805306,6,1,5,9,1,5,16
4069,0,0,0,0,0,0,0
9607446,7,1,6,15,0,7,31
9509433,12,4,8,24,0,12,140
9601316,8,2,6,17,3,5,10
9705210,1,1,0,0,0,1,7
9205230,12,1,11,36,12,0,0
9805468,3,1,2,3,3,0,0
9505404,2,2,0,0,2,0,0
9710441,6,1,5,7,0,6,12
9810517,16,1,15,67,0,16,108
3144,1,1,0,0,0,1,3
9404216,5,2,3,4,5,0,0
206019,1,1,0,0,0,1,16
9803245,4,2,2,3,4,0,0
9806436,2,1,1,1,2,0,0
9810527,0,0,0,0,0,0,0
9502414,5,1,4,5,0,5,15
108026,6,2,4,8,0,6,11
9912483,5,4,1,1,0,5,16
9601382,1,1,0,0,0,1,1
9712516,4,1,3,4,0,4,14
9507285,1,1,0,0,1,0,0
9504252,1,1,0,0,0,1,2
9711414,9,1,8,22,0,9,9
9149,0,0,0,0,0,0,0
9209248,12,1,11,38,12,0,0
9711438,6,1,5,9,0,6,6
9712338,2,1,1,1,2,0,0
109146,4,1,3,5,0,4,18
9905425,4,2,2,2,0,4,7
9211255,5,1,4,9,5,0,0
9912212,6,2,4,5,0,6,34
7069,0,0,0,0,0,0,0
9903397,1,1,0,0,0,1,2
9709499,18,1,17,58,0,18,27
9701398,12,1,11,32,0,12,46
7185,6,1,5,11,0,6,71
7053,5,2,3,4,5,0,0
9905372,15,4,11,31,0,15,176
9402256,4,2,2,4,4,0,0
9701316,1,1,0,0,0,1,4
2259,6,1,5,8,0,6,6
110328,1,1,0,0,0,1,1
9810210,0,0,0,0,0,0,0
9706508,1,1,0,0,0,1,3
9801364,2,1,1,1,0,2,4
106292,2,1,1,1,0,2,6
9804239,4,4,0,0,0,4,21
2011,5,4,1,1,0,5,56
9902424,2,1,1,1,2,0,0
9206205,11,2,9,34,11,0,0
9507298,9,4,5,8,0,9,18
10040,3,2,1,1,0,3,3
7157,7,2,5,10,0,7,128
9907542,5,1,4,9,0,5,5
203099,6,1,5,12,0,6,96
9241,3,1,2,2,1,2,2
9904311,4,1,3,3,4,0,0
9504296,3,3,0,0,0,3,6
9412309,2,1,1,1,2,0,0
9404255,3,3,0,0,0,3,11
112359,6,4,2,4,0,6,60
3136,10,1,9,30,0,10,16
9608420,0,0,0,0,0,0,0
203149,2,1,1,1,1,1,1
9610210,6,1,5,8,0,6,17
9405393,4,1,3,5,0,4,15
9711347,2,1,1,1,0,2,4
9606351,9,3,6,7,0,9,23
9905561,2,1,1,1,2,0,0
4242,0,0,0,0,0,0,0
9403268,3,2,1,1,0,3,4
9711264,3,3,0,0,0,3,37
104057,3,2,1,1,0,3,12
9701387,2,2,0,0,0,2,10
9708356,2,2,0,0,0,2,11
9038,10,1,9,24,0,10,10
9802429,5,2,3,6,0,5,11
9410281,7,4,3,4,0,7,16
208080,10,1,9,36,1,9,18
9911428,1,1,0,0,1,0,0
9902270,6,1,5,12,0,6,19
9606398,9,1,8,17,3,6,10
9503202,3,1,2,3,3,0,0
9412285,7,1,6,18,7,0,0
210345,0,0,0,0,0,0,0
9801238,6,3,3,5,0,6,44
9401312,10,1,9,24,10,0,0
9512260,1,1,0,0,1,0,0
9311288,6,2,4,6,6,0,0
12259,8,2,6,12,0,8,97
107204,2,1,1,1,0,2,11
106311,8,3,5,14,0,8,87
9808479,6,1,5,10,6,0,0
9711298,6,3,3,6,1,5,13
9303288,4,2,2,4,2,2,2
9287,2,2,0,0,0,2,7
9911458,10,2,8,40,0,10,44
9903348,4,2,2,2,2,2,2
9607428,6,4,2,3,1,5,5
3142,2,2,0,0,0,2,38
205314,10,2,8,29,0,10,47
9510448,1,1,0,0,0,1,1
9412258,0,0,0,0,0,0,0
9801420,1,1,0,0,0,1,1
9512319,14,3,11,37,1,13,35
9409314,3,2,1,1,0,3,3
9706411,2,2,0,0,2,0,0
105037,13,3,10,20,0,13,166
9706400,3,3,0,0,1,2,2
210296,2,2,0,0,0,2,20
9511350,1,1,0,0,0,1,1
9511348,7,2,5,9,0,7,17
9408215,5,1,4,6,5,0,0
9409354,1,1,0,0,0,1,1
9406378,6,1,5,11,0,6,12
9310344,2,1,1,1,2,0,0
9013,2,1,1,1,0,2,17
4228,2,1,1,1,0,2,9
9706283,2,2,0,0,0,2,2
9505217,7,1,6,18,7,0,0
109190,2,1,1,1,0,2,4
9906546,2,1,1,1,0,2,13
9606389,4,2,2,2,0,4,18
9609399,3,1,2,3,0,3,8
9405311,4,2,2,5,4,0,0
5029,7,2,5,17,2,5,5
2236,2,1,1,1,0,2,10
9603321,0,0,0,0,0,0,0
201134,6,3,3,5,0,6,21
9705246,4,3,1,2,0,4,7
9301288,3,2,1,1,3,0,0
1083,9,1,8,21,9,0,0
9301263,1,1,0,0,1,0,0
201087,0,0,0,0,0,0,0
205167,8,5,3,8,0,8,100
9901327,8,2,6,17,1,7,7
9711313,6,4,2,4,0,6,12
9312254,2,1,1,1,1,1,1
9708204,2,1,1,1,0,2,16
9610297,1,1,0,0,0,1,1
111098,6,1,5,8,1,5,9
9507342,10,3,7,17,10,0,0
112027,1,1,0,0,0,1,1
9712466,8,1,7,11,8,0,0
9803452,1,1,0,0,1,0,0
9301272,1,1,0,0,1,0,0
9602362,2,1,1,1,2,0,0
9805318,8,2,6,15,0,8,90
102001,6,2,4,8,0,6,18
107068,4,1,3,5,0,4,11
12024,0,0,0,0,0,0,0
206203,1,1,0,0,0,1,1
9908427,4,2,2,3,0,4,14
9702290,1,1,0,0,1,0,0
9905338,0,0,0,0,0,0,0
9409446,4,2,2,2,0,4,7
9808238,0,0,0,0,0,0,0
111166,3,1,2,3,1,2,5
9406426,2,2,0,0,0,2,2
9601313,5,1,4,8,0,5,11
10077,6,3,3,6,0,6,42
9207246,7,1,6,14,7,0,0
206100,3,3,0,0,3,0,0
11130,4,1,3,5,0,4,32
9809397,3,2,1,1,0,3,3
9611417,0,0,0,0,0,0,0
9909444,3,2,1,1,0,3,16
9702278,5,4,1,1,0,5,9
9810208,2,1,1,1,2,0,0
9410245,0,0,0,0,0,0,0
107282,1,1,0,0,0,1,9
9302300,2,2,0,0,2,0,0
9712390,1,1,0,0,1,0,0
9297,2,1,1,1,0,2,13
9804344,3,3,0,0,3,0,0
207168,4,1,3,3,1,3,4
9907443,0,0,0,0,0,0,0
9510284,9,1,8,34,3,6,6
111466,2,1,1,1,0,2,5
9311264,5,3,2,4,5,0,0
9309247,1,1,0,0,1,0,0
9302209,0,0,0,0,0,0,0
9407356,1,1,0,0,1,0,0
209290,5,1,4,7,0,5,24
9401245,6,2,4,6,6,0,0
112202,1,1,0,0,0,1,4
9611466,1,1,0,0,1,0,0
9806284,2,1,1,1,0,2,5
9607242,18,3,15,65,1,17,53
7327,1,1,0,0,0,1,3
203198,9,5,4,7,0,9,85
9310222,0,0,0,0,0,0,0
9908305,1,1,0,0,0,1,2
9807560,1,1,0,0,1,0,0
9608253,5,3,2,3,5,0,0
12013,2,1,1,1,0,2,5
9710287,6,1,5,11,6,0,0
9906368,1,1,0,0,0,1,2
9603255,3,1,2,3,3,0,0
9707419,3,1,2,2,3,0,0
9812255,1,1,0,0,1,0,0
107018,2,1,1,1,2,0,0
108014,3,2,1,1,0,3,5
206209,1,1,0,0,0,1,2
109032,7,1,6,13,0,7,33
9508206,1,1,0,0,1,0,0
211122,1,1,0,0,0,1,1
9304248,3,1,2,3,3,0,0
9703365,0,0,0,0,0,0,0
301240,0,0,0,0,0,0,0
9808357,3,2,1,1,1,2,8
9612326,11,1,10,51,11,0,0
9507257,0,0,0,0,0,0,0
9501373,1,1,0,0,1,0,0
9908265,11,4,7,24,0,11,43
104182,2,1,1,1,0,2,4
9810526,2,2,0,0,1,1,1
9702260,3,1,2,3,0,3,15
4125,0,0,0,0,0,0,0
106275,3,2,1,1,0,3,29
5176,0,0,0,0,0,0,0
9505395,3,1,2,2,3,0,0
9903534,3,2,1,1,0,3,12
9601277,3,2,1,1,0,3,7
9903366,1,1,0,0,0,1,1
9501225,2,1,1,1,2,0,0
5078,1,1,0,0,0,1,1
112353,0,0,0,0,0,0,0
9905410,5,1,4,8,2,3,3
9903425,2,2,0,0,2,0,0
10172,1,1,0,0,0,1,1
105086,1,1,0,0,0,1,1
9701411,1,1,0,0,1,0,0
9401290,1,1,0,0,0,1,1
9812254,4,1,3,4,3,1,1
9304306,1,1,0,0,1,0,0
9905245,1,1,0,0,0,1,2
9603273,2,2,0,0,0,2,4
9176,2,1,1,1,0,2,5
7199,0,0,0,0,0,0,0
9208202,2,2,0,0,2,0,0
101080,0,0,0,0,0,0,0
9806438,5,1,4,10,0,5,15
6272,0,0,0,0,0,0,0
8231,1,1,0,0,0,1,4
9907547,6,2,4,9,0,6,29
9409319,1,1,0,0,1,0,0
9802421,6,3,3,4,0,6,35
7274,4,4,0,0,0,4,76
106108,3,1,2,2,0,3,8
9809558,2,1,1,1,2,0,0
8215,2,1,1,1,2,0,0
107178,5,2,3,5,0,5,23
9909375,1,1,0,0,1,0,0
12091,3,3,0,0,0,3,10
9810220,2,2,0,0,0,2,3
9809441,1,1,0,0,1,0,0
9903439,2,2,0,0,0,2,3
11271,0,0,0,0,0,0,0
9208217,3,3,0,0,3,0,0
9305297,0,0,0,0,0,0,0
9911499,0,0,0,0,0,0,0
9912322,2,2,0,0,2,0,0
109034,6,1,5,8,0,6,36
9502353,1,1,0,0,0,1,1
9508357,1,1,0,0,1,0,0
209217,2,2,0,0,0,2,16
9509347,6,6,0,0,0,6,15
9909431,1,1,0,0,0,1,1
9812415,4,1,3,4,4,0,0
203072,1,1,0,0,0,1,4
9712331,0,0,0,0,0,0,0
204359,2,2,0,0,2,0,0
9910281,0,0,0,0,0,0,0
9064,0,0,0,0,0,0,0
9705308,0,0,0,0,0,0,0
103213,0,0,0,0,0,0,0
9312304,3,3,0,0,0,3,7
9912385,5,1,4,10,0,5,34
9908244,4,2,2,3,0,4,8
9508358,0,0,0,0,0,0,0
207084,2,2,0,0,2,0,0
4203,0,0,0,0,0,0,0
9610336,3,1,2,3,0,3,19
203208,2,1,1,1,0,2,11
9502274,1,1,0,0,1,0,0
11114,3,2,1,1,0,3,16
9707470,1,1,0,0,0,1,3
9404322,3,3,0,0,0,3,3
9310238,1,1,0,0,1,0,0
207040,0,0,0,0,0,0,0
9809340,1,1,0,0,0,1,2
209084,3,2,1,1,0,3,21
9507328,1,1,0,0,0,1,1
110017,2,1,1,1,0,2,8
7009,3,1,2,2,3,0,0
2043,2,1,1,1,2,0,0
9406422,2,2,0,0,0,2,2
9603263,3,1,2,2,0,3,7
106090,2,1,1,1,0,2,3
203109,0,0,0,0,0,0,0
9908347,4,3,1,1,0,4,11
301040,4,3,1,1,0,4,32
301187,2,1,1,1,0,2,28
301265,0,0,0,0,0,0,0
111180,2,2,0,0,0,2,8
9248,0,0,0,0,0,0,0
9908336,3,2,1,2,3,0,0
9908284,7,1,6,18,1,6,6
202244,0,0,0,0,0,0,0
2297,2,2,0,0,2,0,0
9711393,3,1,2,3,1,2,3
9903376,1,1,0,0,0,1,1
105041,4,1,3,4,0,4,39
12108,1,1,0,0,0,1,3
9502408,6,3,3,4,6,0,0
9905210,1,1,0,0,0,1,1
103243,0,0,0,0,0,0,0
9607477,1,1,0,0,1,0,0
6020,1,1,0,0,0,1,1
9308261,1,1,0,0,0,1,2
9230,1,1,0,0,0,1,1
9811283,1,1,0,0,0,1,2
202135,0,0,0,0,0,0,0
203201,3,1,2,2,0,3,8
9811373,3,2,1,1,0,3,25
9707295,0,0,0,0,0,0,0
105024,0,0,0,0,0,0,0
9408366,3,3,0,0,3,0,0
102100,0,0,0,0,0,0,0
9410201,1,1,0,0,0,1,2
9505443,2,2,0,0,2,0,0
9710452,5,1,4,7,5,0,0
207104,0,0,0,0,0,0,0
9809323,0,0,0,0,0,0,0
9403356,0,0,0,0,0,0,0
8114,4,1,3,5,0,4,30
9803496,2,2,0,0,0,2,2
205340,4,1,3,4,0,4,33
9703233,1,1,0,0,0,1,5
9605448,4,2,2,2,4,0,0
204151,1,1,0,0,0,1,2
108224,7,2,5,15,0,7,63
105108,4,2,2,2,0,4,30
9502306,1,1,0,0,1,0,0
9704401,0,0,0,0,0,0,0
103262,1,1,0,0,0,1,2
9809215,0,0,0,0,0,0,0
9706506,0,0,0,0,0,0,0
102247,8,1,7,10,8,0,0
9406343,2,1,1,1,2,0,0
205334,2,2,0,0,0,2,17
101211,3,1,2,2,3,0,0
9508268,0,0,0,0,0,0,0
9808342,1,1,0,0,0,1,1
9606409,3,1,2,2,3,0,0
9612308,0,0,0,0,0,0,0
9710530,0,0,0,0,0,0,0
205010,0,0,0,0,0,0,0
6256,1,1,0,0,1,0,0
204095,2,2,0,0,0,2,12
3230,0,0,0,0,0,0,0
108179,1,1,0,0,0,1,3
9912294,0,0,0,0,0,0,0
203038,0,0,0,0,0,0,0
9905431,0,0,0,0,0,0,0
302118,0,0,0,0,0,0,0
9305279,3,2,1,1,3,0,0
211228,1,1,0,0,0,1,2
9506299,4,2,2,3,1,3,3
9603302,1,1,0,0,0,1,2
9807293,2,2,0,0,2,0,0
9509370,2,1,1,1,2,0,0
205322,0,0,0,0,0,0,0
9508252,2,1,1,1,2,0,0
9610228,5,2,3,8,5,0,0
204048,3,1,2,2,0,3,8
9510436,9,2,7,14,0,9,26
9710349,1,1,0,0,1,0,0
101313,0,0,0,0,0,0,0
9411226,2,2,0,0,2,0,0
111434,1,1,0,0,1,0,0
9308322,3,3,0,0,3,0,0
9710246,1,1,0,0,0,1,2
9310290,0,0,0,0,0,0,0
101202,0,0,0,0,0,0,0
9309201,0,0,0,0,0,0,0
210382,0,0,0,0,0,0,0
105325,0,0,0,0,0,0,0
112080,1,1,0,0,0,1,2
9510317,0,0,0,0,0,0,0
9812288,1,1,0,0,0,1,2
9701207,2,2,0,0,2,0,0
9404331,2,2,0,0,2,0,0
8088,2,1,1,1,0,2,3
110174,1,1,0,0,0,1,2
208045,3,1,2,2,3,0,0
5010,0,0,0,0,0,0,0
9504380,1,1,0,0,1,0,0
9403303,2,2,0,0,2,0,0
9808361,1,1,0,0,0,1,1
9807538,2,2,0,0,0,2,16
206008,0,0,0,0,0,0,0
3304,7,3,4,5,0,7,7
111256,1,1,0,0,1,0,0
6322,0,0,0,0,0,0,0
9511406,3,3,0,0,0,3,3
205141,3,2,1,1,0,3,37
9502381,1,1,0,0,1,0,0
9611305,1,1,0,0,0,1,2
9330,2,1,1,1,0,2,2
9307328,1,1,0,0,0,1,2
9706351,0,0,0,0,0,0,0
9908434,0,0,0,0,0,0,0
211197,2,2,0,0,0,2,22
107009,3,1,2,3,0,3,25
204285,2,2,0,0,0,2,8
9303298,1,1,0,0,1,0,0
9810478,0,0,0,0,0,0,0
8098,0,0,0,0,0,0,0
9908262,0,0,0,0,0,0,0
9412335,1,1,0,0,1,0,0
9901282,0,0,0,0,0,0,0
9907378,3,2,1,2,2,1,1
206240,0,0,0,0,0,0,0
209029,0,0,0,0,0,0,0
9802210,0,0,0,0,0,0,0
205072,3,2,1,1,0,3,12
109010,1,1,0,0,0,1,18
9710303,0,0,0,0,0,0,0
9501295,1,1,0,0,1,0,0
9609373,1,1,0,0,1,0,0
9512226,1,1,0,0,1,0,0
9609479,2,1,1,1,1,1,1
207244,0,0,0,0,0,0,0
9711386,1,1,0,0,0,1,3
9902300,3,1,2,3,3,0,0
109020,1,1,0,0,0,1,1
201283,1,1,0,0,0,1,1
205262,2,1,1,1,0,2,9
9912404,2,1,1,1,2,0,0
9302261,2,2,0,0,2,0,0
205294,0,0,0,0,0,0,0
9307327,2,2,0,0,2,0,0
9506334,0,0,0,0,0,0,0
209223,2,1,1,1,2,0,0
9902305,1,1,0,0,1,0,0
9409359,0,0,0,0,0,0,0
9609296,3,1,2,3,0,3,3
9703236,1,1,0,0,0,1,2
204107,0,0,0,0,0,0,0
9901307,2,2,0,0,2,0,0
209031,0,0,0,0,0,0,0
9309327,0,0,0,0,0,0,0
9410257,2,2,0,0,2,0,0
9211289,2,2,0,0,2,0,0
204005,1,1,0,0,0,1,2
9709416,0,0,0,0,0,0,0
9501345,3,3,0,0,3,0,0
9806250,0,0,0,0,0,0,0
9502394,1,1,0,0,1,0,0
208052,0,0,0,0,0,0,0
9510234,1,1,0,0,0,1,1
9306228,1,1,0,0,1,0,0
6264,1,1,0,0,0,1,1
6074,2,2,0,0,0,2,3
9912510,2,1,1,1,2,0,0
9906247,0,0,0,0,0,0,0
9806231,0,0,0,0,0,0,0
1234,3,3,0,0,3,0,0
211232,0,0,0,0,0,0,0
12233,0,0,0,0,0,0,0
9707525,0,0,0,0,0,0,0
103016,1,1,0,0,1,0,0
103162,3,2,1,2,0,3,9
9509215,0,0,0,0,0,0,0
9704367,1,1,0,0,1,0,0
7348,1,1,0,0,0,1,4
108255,0,0,0,0,0,0,0
106309,2,1,1,1,0,2,3
2143,3,3,0,0,0,3,9
9910279,0,0,0,0,0,0,0
9905321,1,1,0,0,1,0,0
212098,0,0,0,0,0,0,0
9404329,0,0,0,0,0,0,0
2021,0,0,0,0,0,0,0
209284,0,0,0,0,0,0,0
9503265,0,0,0,0,0,0,0
7138,0,0,0,0,0,0,0
210135,2,1,1,1,0,2,12
110088,2,2,0,0,0,2,10
206215,2,1,1,1,1,1,2
9803388,0,0,0,0,0,0,0
9908441,1,1,0,0,1,0,0
104309,1,1,0,0,0,1,5
9610554,0,0,0,0,0,0,0
103225,2,2,0,0,2,0,0
205200,0,0,0,0,0,0,0
9710321,0,0,0,0,0,0,0
202181,3,3,0,0,0,3,9
9702232,0,0,0,0,0,0,0
112018,0,0,0,0,0,0,0
9509382,1,1,0,0,1,0,0
107089,0,0,0,0,0,0,0
111381,0,0,0,0,0,0,0
9401320,2,2,0,0,2,0,0
9411206,6,1,5,8,6,0,0
202162,0,0,0,0,0,0,0
9902403,5,1,4,4,5,0,0
211016,0,0,0,0,0,0,0
3174,1,1,0,0,1,0,0
302187,0,0,0,0,0,0,0
302243,0,0,0,0,0,0,0
9710296,1,1,0,0,1,0,0
212017,0,0,0,0,0,0,0
201240,1,1,0,0,0,1,1
111174,0,0,0,0,0,0,0
9503426,0,0,0,0,0,0,0
110297,2,2,0,0,0,2,5
9705238,0,0,0,0,0,0,0
9407277,1,1,0,0,1,0,0
301038,0,0,0,0,0,0,0
109108,3,2,1,1,3,0,0
9810305,0,0,0,0,0,0,0
110400,3,1,2,2,0,3,5
9812493,0,0,0,0,0,0,0
9407299,1,1,0,0,1,0,0
6117,0,0,0,0,0,0,0
9510290,1,1,0,0,1,0,0
8224,1,1,0,0,0,1,4
108039,3,1,2,2,0,3,8
9221,0,0,0,0,0,0,0
9807463,1,1,0,0,0,1,2
9802435,0,0,0,0,0,0,0
9812312,1,1,0,0,1,0,0
9410239,1,1,0,0,1,0,0
104237,0,0,0,0,0,0,0
109271,0,0,0,0,0,0,0
12065,0,0,0,0,0,0,0
9909380,0,0,0,0,0,0,0
9502212,0,0,0,0,0,0,0
9806443,0,0,0,0,0,0,0
9705342,0,0,0,0,0,0,0
107195,0,0,0,0,0,0,0
9809595,0,0,0,0,0,0,0
9804323,1,1,0,0,1,0,0
11028,0,0,0,0,0,0,0
12149,0,0,0,0,0,0,0
109039,0,0,0,0,0,0,0
301007,0,0,0,0,0,0,0
9705464,1,1,0,0,0,1,3
105221,0,0,0,0,0,0,0
10186,1,1,0,0,1,0,0
9808494,0,0,0,0,0,0,0
9804390,0,0,0,0,0,0,0
9401326,2,2,0,0,2,0,0
12006,0,0,0,0,0,0,0
11030,0,0,0,0,0,0,0
9310263,0,0,0,0,0,0,0
9907290,1,1,0,0,0,1,1
9260,0,0,0,0,0,0,0
110306,0,0,0,0,0,0,0
9902235,0,0,0,0,0,0,0
9712421,1,1,0,0,1,0,0
2270,0,0,0,0,0,0,0
9901223,0,0,0,0,0,0,0
9904261,2,2,0,0,0,2,6
106136,0,0,0,0,0,0,0
207025,1,1,0,0,1,0,0
9610434,1,1,0,0,1,0,0
9307358,0,0,0,0,0,0,0
211327,0,0,0,0,0,0,0
9909379,1,1,0,0,0,1,6
202046,0,0,0,0,0,0,0
102188,1,1,0,0,0,1,6
9805304,0,0,0,0,0,0,0
9402272,0,0,0,0,0,0,0
9602428,0,0,0,0,0,0,0
9511384,1,1,0,0,1,0,0
9505342,0,0,0,0,0,0,0
6163,2,2,0,0,2,0,0
9506387,4,3,1,1,4,0,0
5329,0,0,0,0,0,0,0
9712437,0,0,0,0,0,0,0
9605415,0,0,0,0,0,0,0
9411430,2,2,0,0,0,2,6
9812416,0,0,0,0,0,0,0
9601378,0,0,0,0,0,0,0
9803455,2,1,1,1,2,0,0
9709326,0,0,0,0,0,0,0
9912497,0,0,0,0,0,0,0
9608267,1,1,0,0,1,0,0
9907464,2,1,1,1,1,1,1
201048,3,3,0,0,0,3,5
212400,0,0,0,0,0,0,0
9901361,0,0,0,0,0,0,0
9607339,0,0,0,0,0,0,0
9802318,0,0,0,0,0,0,0
102166,0,0,0,0,0,0,0
201264,0,0,0,0,0,0,0
9707238,0,0,0,0,0,0,0
9402319,1,1,0,0,0,1,1
9902287,0,0,0,0,0,0,0
9902421,0,0,0,0,0,0,0
301245,0,0,0,0,0,0,0
202079,0,0,0,0,0,0,0
9802396,3,2,1,2,0,3,7
109164,0,0,0,0,0,0,0
7045,1,1,0,0,0,1,1
9411284,0,0,0,0,0,0,0
302103,0,0,0,0,0,0,0
9709299,0,0,0,0,0,0,0
111202,0,0,0,0,0,0,0
9606258,1,1,0,0,1,0,0
301078,0,0,0,0,0,0,0
9908430,0,0,0,0,0,0,0
9908406,0,0,0,0,0,0,0
9501237,0,0,0,0,0,0,0
9604373,0,0,0,0,0,0,0
9904462,0,0,0,0,0,0,0
9712347,3,3,0,0,3,0,0
9901311,0,0,0,0,0,0,0
201065,0,0,0,0,0,0,0
9909559,1,1,0,0,1,0,0
110245,0,0,0,0,0,0,0
203077,1,1,0,0,1,0,0
206173,0,0,0,0,0,0,0
209030,0,0,0,0,0,0,0
9905289,2,1,1,1,2,0,0
9801390,1,1,0,0,1,0,0
211443,0,0,0,0,0,0,0
9607262,0,0,0,0,0,0,0
210035,0,0,0,0,0,0,0
9911540,0,0,0,0,0,0,0
207045,0,0,0,0,0,0,0
9803353,0,0,0,0,0,0,0
6318,0,0,0,0,0,0,0
201046,0,0,0,0,0,0,0
9510299,0,0,0,0,0,0,0
11367,0,0,0,0,0,0,0
105102,1,1,0,0,0,1,1
9809515,0,0,0,0,0,0,0
204256,1,1,0,0,0,1,5
7263,0,0,0,0,0,0,0
112183,0,0,0,0,0,0,0
211417,0,0,0,0,0,0,0
9909533,0,0,0,0,0,0,0
11378,0,0,0,0,0,0,0
210379,1,1,0,0,1,0,0
8250,0,0,0,0,0,0,0
301171,1,1,0,0,0,1,6
105337,0,0,0,0,0,0,0
103302,0,0,0,0,0,0,0
206147,0,0,0,0,0,0,0
9712375,0,0,0,0,0,0,0
9803204,1,1,0,0,1,0,0
9907325,0,0,0,0,0,0,0
9909346,1,1,0,0,0,1,1
9305253,1,1,0,0,1,0,0
301203,0,0,0,0,0,0,0
3197,0,0,0,0,0,0,0
11189,0,0,0,0,0,0,0
101069,0,0,0,0,0,0,0
302198,0,0,0,0,0,0,0
9910304,1,1,0,0,1,0,0
11400,1,1,0,0,1,0,0
9809432,0,0,0,0,0,0,0
12132,0,0,0,0,0,0,0
211188,0,0,0,0,0,0,0
209328,0,0,0,0,0,0,0
110172,0,0,0,0,0,0,0
301178,0,0,0,0,0,0,0
9912550,0,0,0,0,0,0,0
9609396,0,0,0,0,0,0,0
9812330,0,0,0,0,0,0,0
212013,0,0,0,0,0,0,0
9406223,0,0,0,0,0,0,0
9707325,0,0,0,0,0,0,0
9809400,1,1,0,0,1,0,0
9611287,0,0,0,0,0,0,0
9608449,1,1,0,0,1,0,0
9812414,0,0,0,0,0,0,0
8264,0,0,0,0,0,0,0
209352,0,0,0,0,0,0,0
7077,1,1,0,0,0,1,5
9403375,1,1,0,0,1,0,0
105201,0,0,0,0,0,0,0
9911483,0,0,0,0,0,0,0
9909507,0,0,0,0,0,0,0
112220,1,1,0,0,0,1,2
106122,0,0,0,0,0,0,0
10121,2,1,1,1,2,0,0
9707230,0,0,0,0,0,0,0
9710290,1,1,0,0,1,0,0
9910288,0,0,0,0,0,0,0
9411420,0,0,0,0,0,0,0
111008,0,0,0,0,0,0,0
11297,0,0,0,0,0,0,0
9811517,0,0,0,0,0,0,0
9334,1,1,0,0,1,0,0
9903266,0,0,0,0,0,0,0
9607375,1,1,0,0,1,0,0
9406371,0,0,0,0,0,0,0
210383,1,1,0,0,0,1,1
106009,0,0,0,0,0,0,0
9701259,0,0,0,0,0,0,0
210141,0,0,0,0,0,0,0
9707247,0,0,0,0,0,0,0
9710213,1,1,0,0,1,0,0
212185,0,0,0,0,0,0,0
9801393,0,0,0,0,0,0,0
9806500,0,0,0,0,0,0,0
209318,0,0,0,0,0,0,0
207017,0,0,0,0,0,0,0
106032,0,0,0,0,0,0,0
5002,0,0,0,0,0,0,0
105198,0,0,0,0,0,0,0
9907534,0,0,0,0,0,0,0
104298,1,1,0,0,1,0,0
301134,0,0,0,0,0,0,0
212128,0,0,0,0,0,0,0
301249,0,0,0,0,0,0,0
112128,0,0,0,0,0,0,0
9509219,0,0,0,0,0,0,0
10336,0,0,0,0,0,0,0
204009,0,0,0,0,0,0,0
209149,1,1,0,0,1,0,0
9904426,1,1,0,0,1,0,0
9608316,0,0,0,0,0,0,0
12341,0,0,0,0,0,0,0
111310,0,0,0,0,0,0,0
211250,0,0,0,0,0,0,0
211423,0,0,0,0,0,0,0
7256,10,1,9,23,0,10,34
9706260,34,1,33,280,1,33,254
9311370,12,2,10,46,12,0,0
112313,1,1,0,0,0,1,2
211308,0,0,0,0,0,0,0
9812377,11,2,9,26,0,11,51
9307342,13,1,12,29,13,0,0
9405264,1,1,0,0,1,0,0
9209257,7,1,6,13,7,0,0
9304303,18,2,16,75,4,14,19
9507453,34,1,33,235,22,12,12
9808296,34,1,33,200,0,34,304
9607372,49,4,45,422,2,47,318
9510367,7,5,2,2,0,7,32
9808205,26,3,23,152,0,26,100
9906275,13,2,11,43,0,13,295
9405414,13,2,11,40,13,0,0
9706385,11,2,9,33,0,11,22
9809381,9,1,8,22,0,9,23
9811296,4,2,2,2,0,4,11
9504314,24,4,20,89,4,20,51
9806494,5,1,4,6,0,5,25
9712224,39,2,37,331,1,38,202
9909202,26,4,22,157,1,25,46
9812471,15,1,14,56,0,15,30
9703246,7,4,3,6,0,7,70
9404280,12,3,9,15,0,12,21
9411308,23,1,22,169,23,0,0
9603404,49,1,48,491,1,48,154
101276,5,1,4,6,0,5,24
9905413,5,1,4,8,5,0,0
9512253,15,1,14,41,1,14,30
9401277,14,1,13,66,2,12,12
9609497,0,0,0,0,0,0,0
9504427,19,1,18,110,3,16,97
9409349,17,2,15,56,2,15,15
9407401,19,2,17,79,19,0,0
9904478,11,1,10,26,8,3,3
9603218,3,1,2,3,0,3,3
9605225,4,1,3,6,0,4,8
9609468,3,2,1,2,1,2,4
9301226,5,4,1,3,5,0,0
9311325,23,1,22,95,23,0,0
9405246,4,1,3,4,4,0,0
9509230,6,1,5,13,1,5,5
9412247,1,1,0,0,1,0,0
9509312,16,1,15,77,0,16,36
9501375,18,1,17,85,2,16,43
9305241,17,2,15,73,17,0,0
5003,26,3,23,82,0,26,235
9708426,18,1,17,69,1,17,70
9709273,10,2,8,31,0,10,41
9501230,16,2,14,64,16,0,0
1095,31,1,30,173,0,31,363
9905523,43,1,42,395,0,43,360
9811227,19,1,18,116,0,19,100
9906346,17,2,15,75,17,0,0
202089,16,1,15,78,0,16,16
9209268,39,5,34,308,39,0,0
9602372,15,2,13,66,15,0,0
9603310,21,4,17,50,0,21,137
9905467,5,3,2,2,0,5,28
4050,9,3,6,14,0,9,80
9611437,12,3,9,43,0,12,36
2035,6,6,0,0,0,6,27
9907482,12,2,10,21,0,12,56
9605446,56,1,55,595,0,56,149
9301261,8,1,7,13,8,0,0
9206219,5,4,1,1,5,0,0
9608487,9,1,8,21,1,8,15
9507228,7,3,4,12,0,7,18
9808385,16,2,14,43,0,16,29
9810512,8,2,6,9,0,8,66
9402270,10,1,9,30,1,9,9
9805367,21,1,20,88,0,21,121
9808410,7,2,5,12,0,7,49
9906555,4,4,0,0,0,4,23
4043,24,3,21,100,0,24,169
9505251,23,1,22,139,3,20,39
107316,14,2,12,28,0,14,160
9212,10,2,8,22,0,10,117
11245,4,2,2,4,0,4,20
9903277,5,5,0,0,0,5,15
104269,5,2,3,3,0,5,27
9907409,8,6,2,3,0,8,67
9705240,15,1,14,61,0,15,31
9808312,20,1,19,92,0,20,104
9812358,13,2,11,46,13,0,0
9512246,7,2,5,15,0,7,12
9905395,16,2,14,56,0,16,328
9907362,20,4,16,57,0,20,224
8287,29,1,28,158,1,28,238
206067,15,3,12,29,0,15,312
204228,9,2,7,22,0,9,141
5286,17,1,16,71,0,17,90
9606428,9,1,8,19,3,6,11
9909555,4,1,3,6,0,4,4
9907355,16,2,14,36,0,16,129
7320,9,2,7,11,0,9,66
112021,3,1,2,2,0,3,31
9908402,1,1,0,0,1,0,0
9807264,12,4,8,22,12,0,0
9302292,9,2,7,22,9,0,0
3221,3,1,2,2,0,3,5
9303249,20,2,18,81,20,0,0
101212,5,2,3,3,0,5,89
9908384,4,3,1,1,0,4,4
9708275,3,1,2,3,1,2,2
9608296,5,2,3,8,0,5,34
9211292,19,1,18,75,0,19,19
9406256,10,2,8,21,10,0,0
9906457,1,1,0,0,0,1,1
9509420,2,1,1,1,2,0,0
2134,7,1,6,18,0,7,14
9802202,4,1,3,6,0,4,4
9908286,15,4,11,40,0,15,239
9605226,2,1,1,1,0,2,6
9707328,3,1,2,2,3,0,0
9702367,11,2,9,18,0,11,19
9707352,14,1,13,53,0,14,28
9808463,19,1,18,91,0,19,96
9804235,4,3,1,1,1,3,5
9306253,12,2,10,32,12,0,0
9508347,37,1,36,275,17,20,29
9905512,7,1,6,10,0,7,27
9510302,2,1,1,1,1,1,1
9912504,4,1,3,3,0,4,19
102074,9,1,8,20,3,6,10
9507307,17,3,14,55,1,16,24
9405326,4,2,2,2,4,0,0
9607318,2,1,1,1,2,0,0
9810500,13,1,12,36,0,13,155
9507432,2,1,1,1,0,2,14
9705290,17,2,15,80,17,0,0
9703287,46,3,43,461,1,45,84
9704388,3,1,2,2,3,0,0
9606419,9,1,8,17,4,5,5
9807432,3,1,2,2,1,2,2
8145,3,1,2,2,3,0,0
107150,2,1,1,1,0,2,35
104166,2,2,0,0,0,2,7
9812454,4,1,3,5,0,4,17
9803479,8,2,6,14,0,8,165
207197,0,0,0,0,0,0,0
112059,10,3,7,26,10,0,0
3081,21,2,19,104,0,21,164
9210253,23,1,22,99,23,0,0
9707532,37,2,35,252,1,36,242
9308333,13,4,9,34,3,10,18
9407208,0,0,0,0,0,0,0
9607382,1,1,0,0,0,1,2
9501266,11,2,9,24,7,4,4
9507242,13,1,12,58,0,13,27
9606346,14,2,12,51,14,0,0
9905406,5,2,3,5,2,3,3
202082,0,0,0,0,0,0,0
5303,7,2,5,7,0,7,38
106245,18,3,15,58,0,18,119
9907264,12,1,11,29,0,12,74
9710266,3,3,0,0,3,0,0
9706212,10,4,6,15,1,9,11
9312341,13,5,8,15,1,12,32
2130,6,3,3,6,3,3,3
110301,0,0,0,0,0,0,0
9612485,3,2,1,2,0,3,10
9805334,19,2,17,35,0,19,60
9706487,8,1,7,19,0,8,11
9903509,6,3,3,7,6,0,0
6309,2,2,0,0,0,2,18
9501244,7,4,3,4,0,7,7
9802258,2,1,1,1,1,1,4
9212221,2,1,1,1,2,0,0
9504360,10,2,8,19,10,0,0
9510363,15,3,12,29,0,15,130
10017,9,2,7,20,0,9,17
2001,5,3,2,2,5,0,0
9307311,7,1,6,14,7,0,0
11336,26,1,25,153,6,20,20
109117,7,2,5,8,0,7,87
9812357,5,3,2,4,0,5,36
9411252,5,4,1,1,0,5,13
9708353,5,1,4,10,0,5,38
9912552,6,2,4,7,0,6,27
111114,6,4,2,5,0,6,32
109157,1,1,0,0,1,0,0
108195,2,2,0,0,1,1,1
9707316,15,2,13,41,1,14,59
9301254,12,3,9,35,12,0,0
9310297,14,1,13,59,14,0,0
9610533,4,1,3,4,0,4,9
9712245,5,3,2,3,0,5,46
209263,0,0,0,0,0,0,0
209028,4,1,3,4,4,0,0
9707250,3,1,2,3,0,3,16
202107,7,1,6,9,0,7,12
9505358,6,1,5,8,1,5,9
9508258,13,3,10,47,0,13,33
9712394,5,1,4,4,5,0,0
12220,0,0,0,0,0,0,0
9803400,9,2,7,19,9,0,0
9807364,4,3,1,1,0,4,10
9312276,14,1,13,51,1,13,15
9507240,24,5,19,121,0,24,78
9706235,5,2,3,7,0,5,17
9909218,9,2,7,12,0,9,259
9410205,3,1,2,2,3,0,0
106147,2,2,0,0,0,2,6
9605288,11,3,8,39,11,0,0
9407381,6,2,4,10,0,6,27
110126,9,2,7,16,0,9,50
9805377,3,1,2,2,0,3,4
2268,8,1,7,10,0,8,26
9810253,4,2,2,2,1,3,3
107164,17,1,16,68,1,16,32
201231,21,4,17,119,13,8,8
9505300,1,1,0,0,1,0,0
108001,0,0,0,0,0,0,0
8073,2,2,0,0,0,2,17
9508401,5,3,2,3,5,0,0
9910497,1,1,0,0,0,1,10
12357,9,2,7,24,0,9,50
9812389,1,1,0,0,0,1,2
9602419,10,1,9,35,10,0,0
9908364,15,3,12,44,15,0,0
9602338,2,2,0,0,0,2,2
9503219,8,3,5,10,2,6,6
9405421,5,3,2,2,0,5,10
9905214,65,3,62,563,0,65,678
9905309,16,1,15,54,0,16,71
9504273,4,1,3,4,4,0,0
9509322,3,2,1,1,3,0,0
8052,9,1,8,27,0,9,42
12261,1,1,0,0,0,1,2
9210267,1,1,0,0,1,0,0
101342,5,3,2,2,0,5,14
9709208,7,3,4,8,0,7,20
9704456,4,1,3,3,4,0,0
9411339,1,1,0,0,0,1,4
206201,1,1,0,0,0,1,1
9808478,0,0,0,0,0,0,0
9709367,4,2,2,3,0,4,13
9908462,0,0,0,0,0,0,0
9910278,21,1,20,139,1,20,56
9811248,7,3,4,6,0,7,113
9903465,18,1,17,77,0,18,80
12056,5,1,4,7,3,2,5
9906311,11,3,8,30,0,11,94
5324,2,2,0,0,0,2,5
202237,0,0,0,0,0,0,0
106336,11,1,10,34,0,11,34
109052,2,2,0,0,0,2,38
9902303,10,2,8,12,0,10,30
9605439,17,1,16,63,0,17,17
9707466,6,1,5,10,6,0,0
9908343,2,1,1,1,0,2,32
9711251,14,1,13,45,0,14,50
4012,0,0,0,0,0,0,0
9802224,3,3,0,0,0,3,6
9605411,4,1,3,4,2,2,2
4052,3,1,2,3,0,3,6
9707308,3,1,2,3,0,3,9
9704235,3,2,1,2,0,3,32
9412298,1,1,0,0,1,0,0
208196,2,2,0,0,0,2,3
9703447,4,2,2,3,4,0,0
9211244,2,1,1,1,2,0,0
9604280,10,1,9,29,10,0,0
9902362,4,3,1,3,0,4,20
9611371,3,2,1,2,0,3,13
9510453,6,1,5,8,0,6,54
9310336,9,1,8,23,9,0,0
9511343,7,2,5,8,0,7,21
9503481,15,1,14,47,9,6,6
2127,10,3,7,23,0,10,105
9708392,1,1,0,0,0,1,1
9807487,3,1,2,2,0,3,16
9907224,24,3,21,104,0,24,175
9342,3,1,2,2,3,0,0
9412204,1,1,0,0,0,1,1
9312312,14,4,10,32,0,14,40
9902448,2,1,1,1,0,2,2
9709354,6,1,5,9,0,6,23
9901283,3,1,2,3,0,3,6
9510216,3,1,2,2,0,3,3
9808424,3,1,2,2,0,3,25
9803232,9,2,7,24,0,9,23
9608307,2,1,1,1,2,0,0
9609458,2,1,1,1,0,2,2
203242,4,3,1,1,0,4,35
9405287,4,1,3,4,4,0,0
9802251,8,2,6,14,0,8,37
9609449,13,1,12,35,4,9,10
9211248,9,1,8,25,1,8,8
9712276,12,2,10,34,7,5,9
9501316,2,1,1,1,2,0,0
9810546,9,2,7,24,9,0,0
12219,3,2,1,1,0,3,11
9505378,4,1,3,5,0,4,4
9912313,4,2,2,2,0,4,16
9702273,3,2,1,1,0,3,11
9501254,2,1,1,1,2,0,0
9812423,11,5,6,10,0,11,30
9604439,2,1,1,1,2,0,0
8245,10,3,7,20,0,10,94
9807565,9,2,7,23,9,0,0
9906409,6,3,3,6,0,6,59
9810452,4,4,0,0,0,4,5
9510378,0,0,0,0,0,0,0
9905568,8,1,7,17,8,0,0
9408370,8,3,5,10,8,0,0
9906221,6,1,5,12,0,6,29
9302284,4,1,3,5,4,0,0
9603217,5,1,4,6,1,4,4
204334,4,2,2,4,0,4,21
9405396,16,1,15,61,16,0,0
5112,1,1,0,0,0,1,12
9909434,1,1,0,0,0,1,1
9509229,7,2,5,12,0,7,7
9305251,12,2,10,30,12,0,0
9403379,5,2,3,6,5,0,0
11248,8,3,5,9,0,8,144
4005,0,0,0,0,0,0,0
204171,4,1,3,4,0,4,51
9708253,3,1,2,3,3,0,0
9405301,2,1,1,1,2,0,0
6154,10,2,8,27,1,9,47
9302253,1,1,0,0,1,0,0
9211329,7,2,5,7,7,0,0
208266,2,1,1,1,0,2,7
104256,4,2,2,5,0,4,22
108098,8,1,7,20,0,8,31
204215,1,1,0,0,0,1,1
9711213,4,1,3,3,0,4,16
9511336,6,1,5,8,0,6,39
9703377,5,1,4,7,5,0,0
9212296,4,3,1,1,0,4,4
210112,0,0,0,0,0,0,0
3291,4,3,1,1,0,4,5
9204232,5,2,3,5,5,0,0
1172,5,1,4,7,0,5,5
9806432,5,2,3,4,1,4,4
9606329,5,1,4,6,1,4,4
9707278,1,1,0,0,0,1,5
10297,9,1,8,21,0,9,17
9412352,7,1,6,16,7,0,0
9506284,3,2,1,1,0,3,11
7328,7,1,6,19,7,0,0
205281,1,1,0,0,0,1,2
9301225,8,4,4,6,8,0,0
9707301,10,1,9,27,5,5,8
9703301,3,1,2,2,3,0,0
9710402,7,2,5,15,7,0,0
11358,2,2,0,0,0,2,2
9607286,7,1,6,11,0,7,34
9403242,10,1,9,24,10,0,0
9509208,1,1,0,0,1,0,0
9407348,4,2,2,2,4,0,0
102019,6,2,4,4,0,6,39
210182,1,1,0,0,0,1,23
107069,7,1,6,14,0,7,108
9902286,2,1,1,1,0,2,2
9808231,3,1,2,2,0,3,5
9511460,2,1,1,1,0,2,2
9711288,2,1,1,1,0,2,6
6076,0,0,0,0,0,0,0
9910411,9,1,8,17,1,8,15
101225,4,1,3,4,0,4,57
9609285,8,3,5,13,0,8,90
9805480,0,0,0,0,0,0,0
9408294,3,2,1,1,0,3,3
9310229,5,5,0,0,5,0,0
9810271,1,1,0,0,0,1,1
9512326,7,1,6,17,1,6,16
9502307,4,2,2,2,0,4,7
9811312,1,1,0,0,0,1,3
105182,1,1,0,0,0,1,15
9607238,3,1,2,2,3,0,0
205068,4,1,3,3,0,4,81
9309299,5,3,2,3,5,0,0
9604284,11,2,9,26,0,11,21
9409221,4,2,2,4,1,3,6
9508260,0,0,0,0,0,0,0
9411388,9,3,6,17,9,0,0
9708314,0,0,0,0,0,0,0
9905480,6,1,5,14,0,6,56
9703336,3,1,2,2,3,0,0
9611406,3,1,2,3,3,0,0
9508255,1,1,0,0,0,1,4
9705440,0,0,0,0,0,0,0
9906284,9,6,3,3,0,9,55
9703395,3,3,0,0,0,3,19
202102,3,2,1,1,0,3,9
9707539,2,1,1,1,0,2,2
105349,3,1,2,3,0,3,9
7021,4,1,3,5,0,4,11
9311379,3,3,0,0,1,2,2
302072,0,0,0,0,0,0,0
9209246,4,1,3,5,4,0,0
9311265,3,2,1,1,3,0,0
1143,3,1,2,3,3,0,0
9803488,11,1,10,23,0,11,15
3301,4,3,1,1,0,4,17
8280,5,2,3,5,0,5,74
101146,1,1,0,0,0,1,5
9706319,0,0,0,0,0,0,0
9701351,2,2,0,0,0,2,3
9711399,2,2,0,0,0,2,15
9308264,3,2,1,1,3,0,0
10225,0,0,0,0,0,0,0
9603287,5,2,3,3,0,5,5
6085,3,2,1,1,3,0,0
9906232,0,0,0,0,0,0,0
202101,2,2,0,0,0,2,28
9302230,1,1,0,0,1,0,0
9609400,3,2,1,1,0,3,3
9712357,3,1,2,2,0,3,12
9807266,11,2,9,34,0,11,14
110273,1,1,0,0,0,1,3
9205210,5,2,3,3,5,0,0
9810429,0,0,0,0,0,0,0
10151,3,2,1,1,0,3,15
101182,0,0,0,0,0,0,0
201010,2,2,0,0,0,2,10
9310279,5,1,4,6,5,0,0
9712531,2,2,0,0,2,0,0
103339,1,1,0,0,0,1,3
9209273,3,1,2,2,3,0,0
9706444,8,1,7,16,0,8,33
10026,4,2,2,2,0,4,12
204178,0,0,0,0,0,0,0
9312358,3,3,0,0,3,0,0
103229,4,2,2,4,0,4,33
9801442,5,1,4,5,5,0,0
9410355,1,1,0,0,1,0,0
9803246,4,1,3,4,0,4,11
9808289,6,5,1,1,0,6,18
12185,0,0,0,0,0,0,0
9405216,2,2,0,0,2,0,0
104048,3,2,1,1,0,3,18
201170,4,3,1,1,0,4,13
9606353,2,1,1,1,2,0,0
10261,5,4,1,1,0,5,42
9906363,2,1,1,1,0,2,2
209061,3,3,0,0,0,3,5
9902429,3,3,0,0,0,3,10
9710206,11,1,10,37,1,10,45
201282,2,1,1,1,0,2,7
9502314,1,1,0,0,0,1,1
9301279,1,1,0,0,1,0,0
9210275,1,1,0,0,1,0,0
6007,3,1,2,2,0,3,16
212180,2,1,1,1,0,2,13
9403339,7,2,5,8,4,3,3
9211234,3,1,2,3,3,0,0
9806380,1,1,0,0,0,1,3
2157,0,0,0,0,0,0,0
9610352,4,2,2,3,0,4,17
7017,1,1,0,0,0,1,16
205050,5,3,2,3,0,5,37
9209235,2,2,0,0,2,0,0
6202,3,1,2,2,0,3,12
9907356,0,0,0,0,0,0,0
9811315,1,1,0,0,0,1,1
12311,2,1,1,1,0,2,6
9507407,3,2,1,1,3,0,0
9810542,2,1,1,1,1,1,2
9909471,4,1,3,3,0,4,4
9803376,4,1,3,4,1,3,6
9606406,2,1,1,1,1,1,1
107192,2,1,1,1,1,1,1
9709352,4,2,2,2,4,0,0
108034,3,1,2,3,3,0,0
207300,5,3,2,5,0,5,35
9904431,1,1,0,0,1,0,0
204258,8,1,7,13,0,8,36
9407362,0,0,0,0,0,0,0
9511360,2,2,0,0,2,0,0
9508396,0,0,0,0,0,0,0
9306245,5,2,3,6,5,0,0
9708461,3,2,1,2,0,3,13
11205,2,2,0,0,0,2,7
5062,0,0,0,0,0,0,0
9810454,7,1,6,15,0,7,7
103128,4,1,3,4,4,0,0
9806202,2,1,1,1,2,0,0
9706323,1,1,0,0,0,1,8
110326,1,1,0,0,0,1,11
8085,1,1,0,0,0,1,14
5101,3,3,0,0,0,3,7
9508361,0,0,0,0,0,0,0
9907275,2,2,0,0,0,2,22
9801255,1,1,0,0,0,1,2
5318,6,2,4,4,0,6,33
9511432,1,1,0,0,0,1,1
9707389,8,1,7,15,8,0,0
11274,2,1,1,1,0,2,7
9908526,4,1,3,6,2,2,2
4239,0,0,0,0,0,0,0
9906548,3,1,2,2,3,0,0
5219,3,1,2,3,0,3,5
9602283,0,0,0,0,0,0,0
9603357,3,1,2,3,1,2,2
9507357,2,1,1,1,2,0,0
9802311,1,1,0,0,0,1,1
105065,3,2,1,2,0,3,11
9710232,9,2,7,22,2,7,7
9193,1,1,0,0,0,1,3
9807400,4,2,2,3,4,0,0
9606418,1,1,0,0,0,1,2
8168,5,4,1,1,0,5,21
9810550,4,1,3,6,0,4,16
9412273,3,2,1,1,3,0,0
8201,2,1,1,1,0,2,8
205170,3,2,1,1,0,3,11
9405285,1,1,0,0,1,0,0
9612222,2,2,0,0,2,0,0
7257,3,1,2,3,0,3,3
110081,1,1,0,0,0,1,5
9909341,1,1,0,0,0,1,10
9407274,2,1,1,1,2,0,0
6153,7,1,6,18,1,6,9
111428,0,0,0,0,0,0,0
9610245,0,0,0,0,0,0,0
9603304,4,1,3,4,4,0,0
9510362,0,0,0,0,0,0,0
9811368,1,1,0,0,0,1,1
9902247,0,0,0,0,0,0,0
9907271,4,2,2,3,0,4,17
9210205,3,2,1,1,3,0,0
110267,2,2,0,0,0,2,2
9504323,0,0,0,0,0,0,0
111120,5,2,3,3,0,5,31
3284,0,0,0,0,0,0,0
9807250,2,1,1,1,0,2,2
9507376,1,1,0,0,0,1,4
9502327,0,0,0,0,0,0,0
205228,3,2,1,1,0,3,40
109062,5,2,3,4,0,5,22
7105,0,0,0,0,0,0,0
9710444,2,1,1,1,2,0,0
9509293,0,0,0,0,0,0,0
9803398,2,2,0,0,2,0,0
6215,1,1,0,0,0,1,5
9511364,1,1,0,0,1,0,0
9212212,9,2,7,22,9,0,0
9346,1,1,0,0,0,1,2
109051,1,1,0,0,1,0,0
9809300,5,1,4,7,1,4,6
9906402,5,2,3,4,0,5,5
9902417,3,2,1,2,0,3,3
9902338,1,1,0,0,1,0,0
9710282,0,0,0,0,0,0,0
204361,1,1,0,0,0,1,9
202029,1,1,0,0,0,1,2
104135,5,4,1,2,0,5,21
9710252,0,0,0,0,0,0,0
9403361,5,2,3,3,5,0,0
9403251,2,2,0,0,2,0,0
109226,2,2,0,0,2,0,0
9607337,0,0,0,0,0,0,0
211041,1,1,0,0,0,1,7
9312219,1,1,0,0,0,1,1
9902223,3,1,2,2,0,3,8
102173,2,2,0,0,0,2,3
110340,2,1,1,1,0,2,4
8025,2,1,1,1,1,1,1
208238,0,0,0,0,0,0,0
9911216,0,0,0,0,0,0,0
4037,1,1,0,0,0,1,1
206260,0,0,0,0,0,0,0
209057,0,0,0,0,0,0,0
301219,1,1,0,0,0,1,20
206094,0,0,0,0,0,0,0
101287,0,0,0,0,0,0,0
9802230,6,4,2,3,0,6,21
9609281,1,1,0,0,1,0,0
9908475,5,2,3,9,0,5,24
10032,2,2,0,0,2,0,0
9807486,3,1,2,2,2,1,1
9802330,3,2,1,1,0,3,10
9810321,1,1,0,0,0,1,1
9809318,0,0,0,0,0,0,0
7067,3,2,1,1,0,3,6
9508326,3,3,0,0,0,3,3
9801219,4,2,2,2,4,0,0
9710540,1,1,0,0,0,1,1
110314,0,0,0,0,0,0,0
202156,1,1,0,0,0,1,1
9811223,0,0,0,0,0,0,0
1154,2,1,1,1,0,2,5
9611275,1,1,0,0,0,1,3
103078,2,1,1,1,0,2,2
9408380,4,1,3,4,4,0,0
9807323,2,1,1,1,0,2,2
9603447,2,1,1,1,2,0,0
8076,4,4,0,0,0,4,4
210376,0,0,0,0,0,0,0
10254,3,2,1,1,0,3,12
206212,0,0,0,0,0,0,0
9910272,1,1,0,0,1,0,0
9806411,4,2,2,3,0,4,6
302049,1,1,0,0,0,1,10
9701288,1,1,0,0,1,0,0
102143,0,0,0,0,0,0,0
9405369,2,1,1,1,1,1,1
9509406,3,1,2,2,3,0,0
211421,2,1,1,1,0,2,10
9706267,1,1,0,0,0,1,5
9611314,0,0,0,0,0,0,0
107328,2,1,1,1,2,0,0
9805353,5,1,4,7,0,5,15
9903214,1,1,0,0,0,1,7
5064,3,1,2,2,0,3,9
212406,0,0,0,0,0,0,0
210109,1,1,0,0,0,1,4
9801305,0,0,0,0,0,0,0
9612275,1,1,0,0,1,0,0
105174,5,3,2,3,2,3,3
9608374,1,1,0,0,0,1,3
111344,2,2,0,0,0,2,13
101293,3,2,1,1,1,2,2
112291,1,1,0,0,0,1,5
9812298,0,0,0,0,0,0,0
9607226,2,1,1,1,0,2,3
110070,1,1,0,0,0,1,4
9305337,3,2,1,1,3,0,0
107290,1,1,0,0,0,1,4
9409415,0,0,0,0,0,0,0
9805255,2,2,0,0,1,1,1
9503429,1,1,0,0,1,0,0
9601256,0,0,0,0,0,0,0
9611236,0,0,0,0,0,0,0
105058,1,1,0,0,0,1,6
9902377,0,0,0,0,0,0,0
201008,3,1,2,2,3,0,0
9908242,1,1,0,0,1,0,0
207110,3,1,2,3,0,3,18
9512425,1,1,0,0,0,1,11
211096,1,1,0,0,0,1,1
3049,0,0,0,0,0,0,0
9310343,1,1,0,0,1,0,0
203215,1,1,0,0,1,0,0
9608240,1,1,0,0,0,1,1
9805308,3,1,2,2,0,3,5
206166,2,2,0,0,0,2,7
9604402,6,1,5,8,0,6,27
9808497,2,1,1,1,0,2,34
9812473,1,1,0,0,1,0,0
9912416,3,2,1,1,0,3,3
9712355,1,1,0,0,1,0,0
9805371,1,1,0,0,0,1,1
9504275,1,1,0,0,0,1,1
9210274,1,1,0,0,1,0,0
1098,1,1,0,0,0,1,5
112198,0,0,0,0,0,0,0
202235,2,1,1,1,0,2,3
211461,0,0,0,0,0,0,0
9406254,1,1,0,0,0,1,1
210431,1,1,0,0,0,1,13
9712425,4,3,1,1,2,2,2
9706403,2,2,0,0,2,0,0
205244,0,0,0,0,0,0,0
9507455,1,1,0,0,0,1,4
6067,2,1,1,1,2,0,0
11280,0,0,0,0,0,0,0
210267,0,0,0,0,0,0,0
9507367,0,0,0,0,0,0,0
9405412,2,2,0,0,2,0,0
9605404,1,1,0,0,0,1,1
9810450,3,3,0,0,0,3,6
7178,3,2,1,1,3,0,0
2228,8,1,7,12,8,0,0
9808484,0,0,0,0,0,0,0
9706310,2,2,0,0,0,2,6
9401342,3,1,2,2,3,0,0
204317,0,0,0,0,0,0,0
9504416,0,0,0,0,0,0,0
9604208,0,0,0,0,0,0,0
210316,1,1,0,0,0,1,6
9502267,1,1,0,0,1,0,0
212078,0,0,0,0,0,0,0
212104,0,0,0,0,0,0,0
110316,1,1,0,0,0,1,8
212278,0,0,0,0,0,0,0
107109,2,2,0,0,0,2,7
9311299,1,1,0,0,1,0,0
9710298,3,3,0,0,0,3,8
9304214,3,1,2,2,3,0,0
102006,1,1,0,0,0,1,2
9809564,0,0,0,0,0,0,0
9805503,1,1,0,0,0,1,5
3283,0,0,0,0,0,0,0
206018,0,0,0,0,0,0,0
207299,1,1,0,0,0,1,8
101314,0,0,0,0,0,0,0
210216,1,1,0,0,0,1,5
5170,0,0,0,0,0,0,0
9708433,0,0,0,0,0,0,0
9508203,0,0,0,0,0,0,0
9611301,0,0,0,0,0,0,0
9807239,1,1,0,0,1,0,0
212150,0,0,0,0,0,0,0
111328,2,2,0,0,0,2,12
9707218,3,2,1,1,0,3,3
9605278,1,1,0,0,1,0,0
9612290,2,1,1,1,2,0,0
9511339,0,0,0,0,0,0,0
205263,1,1,0,0,0,1,5
12294,2,1,1,1,0,2,2
9907438,1,1,0,0,0,1,4
111095,0,0,0,0,0,0,0
9503392,1,1,0,0,1,0,0
12215,0,0,0,0,0,0,0
109158,0,0,0,0,0,0,0
9405211,2,2,0,0,2,0,0
9903367,2,1,1,1,0,2,8
9707344,2,1,1,1,0,2,4
9808314,0,0,0,0,0,0,0
109274,2,1,1,1,2,0,0
9503485,0,0,0,0,0,0,0
9904207,0,0,0,0,0,0,0
9810463,3,1,2,2,0,3,3
205146,0,0,0,0,0,0,0
9709238,1,1,0,0,0,1,5
9512243,3,1,2,3,3,0,0
9611239,3,3,0,0,3,0,0
103198,1,1,0,0,0,1,2
9510355,0,0,0,0,0,0,0
9912247,2,1,1,1,0,2,2
206185,1,1,0,0,1,0,0
9504381,2,1,1,1,2,0,0
106268,0,0,0,0,0,0,0
109183,0,0,0,0,0,0,0
3267,0,0,0,0,0,0,0
212003,1,1,0,0,0,1,9
9409203,2,1,1,1,2,0,0
9810306,1,1,0,0,1,0,0
1251,3,3,0,0,3,0,0
9605218,0,0,0,0,0,0,0
107016,0,0,0,0,0,0,0
9502290,1,1,0,0,1,0,0
9710511,1,1,0,0,1,0,0
12078,1,1,0,0,0,1,2
9704261,1,1,0,0,0,1,1
9603334,0,0,0,0,0,0,0
9605322,0,0,0,0,0,0,0
101139,1,1,0,0,1,0,0
209264,3,3,0,0,0,3,9
9702203,1,1,0,0,0,1,1
9812219,0,0,0,0,0,0,0
9905507,1,1,0,0,1,0,0
202217,1,1,0,0,0,1,4
9903219,0,0,0,0,0,0,0
9611233,0,0,0,0,0,0,0
208247,2,2,0,0,0,2,3
12276,1,1,0,0,0,1,5
9209265,1,1,0,0,1,0,0
302104,1,1,0,0,0,1,5
202240,0,0,0,0,0,0,0
210165,0,0,0,0,0,0,0
9703251,1,1,0,0,1,0,0
9902388,0,0,0,0,0,0,0
9501363,0,0,0,0,0,0,0
5022,0,0,0,0,0,0,0
103236,2,2,0,0,2,0,0
107049,3,2,1,1,1,2,3
9506212,1,1,0,0,1,0,0
201113,4,1,3,3,0,4,12
9601219,1,1,0,0,1,0,0
209375,0,0,0,0,0,0,0
4120,0,0,0,0,0,0,0
10272,0,0,0,0,0,0,0
209054,1,1,0,0,0,1,5
111345,0,0,0,0,0,0,0
9711214,3,1,2,3,0,3,5
4161,1,1,0,0,1,0,0
9812402,1,1,0,0,0,1,1
9212219,2,1,1,1,2,0,0
7141,0,0,0,0,0,0,0
12170,2,2,0,0,0,2,4
111143,0,0,0,0,0,0,0
9910307,1,1,0,0,1,0,0
201265,2,2,0,0,0,2,19
12376,0,0,0,0,0,0,0
9802417,0,0,0,0,0,0,0
9907306,0,0,0,0,0,0,0
5169,1,1,0,0,0,1,4
9509326,1,1,0,0,1,0,0
203197,0,0,0,0,0,0,0
2100,0,0,0,0,0,0,0
101159,1,1,0,0,0,1,10
9804371,1,1,0,0,1,0,0
11377,4,1,3,5,4,0,0
9803484,2,2,0,0,2,0,0
9711404,1,1,0,0,1,0,0
207265,0,0,0,0,0,0,0
210098,1,1,0,0,0,1,5
105082,0,0,0,0,0,0,0
103055,1,1,0,0,1,0,0
3319,1,1,0,0,0,1,2
9608262,0,0,0,0,0,0,0
9710505,1,1,0,0,0,1,2
301268,0,0,0,0,0,0,0
9506244,0,0,0,0,0,0,0
201177,1,1,0,0,0,1,1
9604424,2,1,1,1,2,0,0
9509340,0,0,0,0,0,0,0
207205,0,0,0,0,0,0,0
9810214,0,0,0,0,0,0,0
201252,0,0,0,0,0,0,0
9604308,1,1,0,0,0,1,1
11116,0,0,0,0,0,0,0
9711494,0,0,0,0,0,0,0
9603236,1,1,0,0,1,0,0
8189,3,2,1,1,3,0,0
5165,1,1,0,0,1,0,0
105095,0,0,0,0,0,0,0
105022,1,1,0,0,1,0,0
9407327,1,1,0,0,1,0,0
9712513,0,0,0,0,0,0,0
9905333,1,1,0,0,1,0,0
3063,0,0,0,0,0,0,0
9501217,1,1,0,0,1,0,0
112346,2,1,1,1,1,1,4
110235,1,1,0,0,0,1,1
111153,0,0,0,0,0,0,0
208118,0,0,0,0,0,0,0
9909308,0,0,0,0,0,0,0
4126,1,1,0,0,0,1,2
212088,0,0,0,0,0,0,0
9809526,0,0,0,0,0,0,0
9712420,1,1,0,0,1,0,0
9806425,1,1,0,0,0,1,4
5091,1,1,0,0,0,1,4
107314,0,0,0,0,0,0,0
9703462,0,0,0,0,0,0,0
9404314,0,0,0,0,0,0,0
101228,0,0,0,0,0,0,0
9306291,2,2,0,0,2,0,0
207273,3,3,0,0,0,3,69
9709437,0,0,0,0,0,0,0
9509330,0,0,0,0,0,0,0
101320,1,1,0,0,0,1,5
9906397,0,0,0,0,0,0,0
9912224,0,0,0,0,0,0,0
210375,0,0,0,0,0,0,0
9901263,0,0,0,0,0,0,0
9408201,1,1,0,0,1,0,0
10057,2,1,1,1,2,0,0
9704362,0,0,0,0,0,0,0
5237,1,1,0,0,1,0,0
9701407,3,3,0,0,3,0,0
9404266,2,2,0,0,2,0,0
101111,0,0,0,0,0,0,0
111402,0,0,0,0,0,0,0
101140,1,1,0,0,0,1,2
9511353,0,0,0,0,0,0,0
210273,0,0,0,0,0,0,0
9604435,1,1,0,0,1,0,0
9602308,0,0,0,0,0,0,0
9612273,1,1,0,0,0,1,1
9711301,0,0,0,0,0,0,0
109033,1,1,0,0,0,1,3
9507245,2,1,1,1,2,0,0
9511423,3,2,1,1,3,0,0
9510360,1,1,0,0,0,1,2
9809205,1,1,0,0,1,0,0
9703342,1,1,0,0,0,1,1
9905398,0,0,0,0,0,0,0
110162,0,0,0,0,0,0,0
12264,0,0,0,0,0,0,0
9804213,0,0,0,0,0,0,0
9276,1,1,0,0,1,0,0
9602219,0,0,0,0,0,0,0
212360,0,0,0,0,0,0,0
208099,0,0,0,0,0,0,0
9309304,0,0,0,0,0,0,0
104257,0,0,0,0,0,0,0
101296,0,0,0,0,0,0,0
9704303,1,1,0,0,1,0,0
106338,0,0,0,0,0,0,0
9810373,1,1,0,0,1,0,0
9807244,0,0,0,0,0,0,0
9802399,0,0,0,0,0,0,0
301106,0,0,0,0,0,0,0
210163,0,0,0,0,0,0,0
301275,0,0,0,0,0,0,0
9504303,0,0,0,0,0,0,0
11329,0,0,0,0,0,0,0
9505367,1,1,0,0,1,0,0
212234,0,0,0,0,0,0,0
9704320,3,1,2,2,0,3,3
9609272,0,0,0,0,0,0,0
111351,1,1,0,0,1,0,0
9605205,1,1,0,0,0,1,1
109059,1,1,0,0,0,1,5
9307257,0,0,0,0,0,0,0
9802320,1,1,0,0,1,0,0
9610538,1,1,0,0,1,0,0
9508387,1,1,0,0,1,0,0
208201,1,1,0,0,0,1,11
9901301,1,1,0,0,0,1,3
9809326,0,0,0,0,0,0,0
104012,0,0,0,0,0,0,0
9305313,0,0,0,0,0,0,0
301228,0,0,0,0,0,0,0
9804219,3,2,1,1,3,0,0
9186,1,1,0,0,1,0,0
9712526,4,3,1,1,4,0,0
9505314,1,1,0,0,1,0,0
12342,0,0,0,0,0,0,0
12182,0,0,0,0,0,0,0
212179,0,0,0,0,0,0,0
9309226,0,0,0,0,0,0,0
209140,1,1,0,0,0,1,3
211357,0,0,0,0,0,0,0
302071,0,0,0,0,0,0,0
101077,0,0,0,0,0,0,0
9608248,1,1,0,0,1,0,0
9502216,0,0,0,0,0,0,0
9812533,0,0,0,0,0,0,0
9912480,0,0,0,0,0,0,0
9505264,1,1,0,0,1,0,0
9507399,0,0,0,0,0,0,0
110086,0,0,0,0,0,0,0
103232,0,0,0,0,0,0,0
111126,0,0,0,0,0,0,0
212266,0,0,0,0,0,0,0
9610391,0,0,0,0,0,0,0
5216,1,1,0,0,1,0,0
9905373,0,0,0,0,0,0,0
9501322,0,0,0,0,0,0,0
211372,0,0,0,0,0,0,0
9904299,1,1,0,0,1,0,0
9806399,0,0,0,0,0,0,0
9706460,0,0,0,0,0,0,0
211194,1,1,0,0,1,0,0
9701348,0,0,0,0,0,0,0
9310303,0,0,0,0,0,0,0
9611405,0,0,0,0,0,0,0
9401292,0,0,0,0,0,0,0
9309205,1,1,0,0,0,1,6
211369,0,0,0,0,0,0,0
209212,1,1,0,0,0,1,3
9912335,0,0,0,0,0,0,0
9605263,0,0,0,0,0,0,0
9707472,0,0,0,0,0,0,0
9605427,0,0,0,0,0,0,0
2202,0,0,0,0,0,0,0
9704282,1,1,0,0,1,0,0
9708462,0,0,0,0,0,0,0
9709393,0,0,0,0,0,0,0
9802400,2,1,1,1,2,0,0
5231,0,0,0,0,0,0,0
9512249,0,0,0,0,0,0,0
212177,0,0,0,0,0,0,0
9207,0,0,0,0,0,0,0
104009,3,1,2,3,3,0,0
6095,0,0,0,0,0,0,0
204157,0,0,0,0,0,0,0
9401223,0,0,0,0,0,0,0
106290,0,0,0,0,0,0,0
12093,0,0,0,0,0,0,0
9511274,0,0,0,0,0,0,0
9511247,0,0,0,0,0,0,0
1291,0,0,0,0,0,0,0
6198,0,0,0,0,0,0,0
209373,1,1,0,0,1,0,0
9710475,0,0,0,0,0,0,0
9711343,0,0,0,0,0,0,0
9307254,2,2,0,0,2,0,0
9906531,0,0,0,0,0,0,0
9508350,0,0,0,0,0,0,0
10318,0,0,0,0,0,0,0
9611446,3,1,2,2,3,0,0
9809345,0,0,0,0,0,0,0
205303,1,1,0,0,0,1,3
9610459,0,0,0,0,0,0,0
9801259,0,0,0,0,0,0,0
9707394,2,2,0,0,2,0,0
301225,0,0,0,0,0,0,0
12380,0,0,0,0,0,0,0
203026,0,0,0,0,0,0,0
9904424,0,0,0,0,0,0,0
9501383,1,1,0,0,1,0,0
9604431,1,1,0,0,1,0,0
9912401,0,0,0,0,0,0,0
211383,0,0,0,0,0,0,0
9812452,0,0,0,0,0,0,0
9510379,0,0,0,0,0,0,0
9402237,0,0,0,0,0,0,0
9409404,1,1,0,0,1,0,0
3043,1,1,0,0,1,0,0
206048,0,0,0,0,0,0,0
9803238,1,1,0,0,1,0,0
9801313,0,0,0,0,0,0,0
203007,0,0,0,0,0,0,0
9811297,0,0,0,0,0,0,0
301091,0,0,0,0,0,0,0
111219,0,0,0,0,0,0,0
9901240,0,0,0,0,0,0,0
8159,8,1,7,16,0,8,39
9802300,40,1,39,354,0,40,225
9312202,7,2,5,17,7,0,0
103338,3,2,1,2,3,0,0
6035,3,2,1,1,0,3,6
9905347,15,5,10,28,0,15,94
9409458,14,1,13,39,3,11,19
9405265,1,1,0,0,1,0,0
9301276,27,2,25,137,27,0,0
9307371,22,2,20,113,14,8,8
9503303,14,1,13,57,14,0,0
9808301,42,3,39,343,1,41,170
9710209,26,2,24,121,0,26,230
9602333,4,3,1,1,0,4,19
9808251,27,1,26,150,0,27,185
9711311,4,3,1,2,1,3,25
9612217,13,5,8,21,0,13,52
9710314,9,2,7,19,0,9,9
9810308,16,3,13,54,0,16,66
9703261,1,1,0,0,0,1,1
9506328,15,2,13,47,0,15,50
9509410,12,1,11,47,12,0,0
9712225,50,2,48,506,0,50,187
9910237,28,2,26,169,0,28,226
9910396,7,2,5,13,1,6,18
9703390,8,1,7,19,0,8,89
9408316,10,3,7,17,0,10,37
9412340,18,1,17,88,18,0,0
9612313,53,1,52,548,0,53,273
102295,2,1,1,1,0,2,13
1093,9,2,7,16,7,2,2
9612480,12,3,9,28,0,12,53
9410280,28,3,25,179,1,27,45
9511444,7,1,6,10,7,0,0
9510271,11,1,10,35,0,11,62
9411307,18,1,17,57,2,16,39
9410401,9,1,8,21,0,9,9
9808233,0,0,0,0,0,0,0
9409362,12,3,9,52,0,12,12
9611432,3,1,2,3,0,3,8
9709454,2,2,0,0,0,2,2
9307259,10,5,5,13,10,0,0
9312359,23,1,22,102,23,0,0
9805270,26,2,24,140,0,26,133
6346,4,1,3,6,1,3,4
111061,0,0,0,0,0,0,0
9607404,15,1,14,62,0,15,48
2198,8,1,7,11,0,8,89
9306294,30,2,28,187,12,18,18
10234,7,1,6,7,0,7,59
105242,4,1,3,3,1,3,3
9709417,15,1,14,75,0,15,97
9606399,12,2,10,40,2,10,10
1104,22,2,20,92,0,22,469
9906478,57,4,53,572,0,57,593
9910313,34,2,32,221,0,34,409
201059,6,2,4,11,0,6,21
204193,11,1,10,44,0,11,29
9412324,11,2,9,27,2,9,19
9910506,2,2,0,0,0,2,11
9605447,12,4,8,11,0,12,50
9711514,41,1,40,275,0,41,131
5031,5,3,2,3,0,5,26
9612253,15,1,14,50,1,14,41
12109,2,2,0,0,0,2,3
9908385,18,2,16,70,0,18,72
9606337,72,2,70,943,0,72,271
9306235,12,1,11,28,12,0,0
9207216,9,1,8,16,9,0,0
9610250,3,2,1,1,0,3,8
9510325,20,1,19,108,1,19,19
9912318,5,2,3,4,0,5,10
9812399,0,0,0,0,0,0,0
9601383,0,0,0,0,0,0,0
9810291,18,1,17,95,1,17,66
9906446,10,1,9,20,0,10,75
9910351,4,1,3,4,0,4,56
5027,21,2,19,71,0,21,125
9708227,32,3,29,171,0,32,180
1005,11,1,10,34,0,11,22
12123,7,2,5,12,0,7,86
9607433,11,2,9,30,11,0,0
9306205,17,8,9,17,3,14,14
9607239,21,4,17,89,21,0,0
9712471,10,1,9,31,10,0,0
9708255,12,2,10,38,0,12,36
9905323,53,1,52,766,53,0,0
9702443,13,3,10,23,0,13,40
9708452,7,2,5,9,0,7,32
6340,6,2,4,6,0,6,37
9908505,7,3,4,8,0,7,84
10075,37,1,36,330,0,37,437
112081,21,1,20,81,0,21,426
106219,55,1,54,797,55,0,0
9905221,37,1,36,304,37,0,0
9701311,8,1,7,11,0,8,17
9912496,0,0,0,0,0,0,0
9909389,1,1,0,0,0,1,17
11200,3,1,2,3,0,3,26
9401241,25,1,24,152,25,0,0
9609525,8,2,6,13,2,6,6
9912240,4,1,3,3,0,4,10
9602233,7,3,4,6,0,7,14
9511344,11,2,9,27,6,5,5
9506243,19,1,18,58,0,19,44
9910257,4,1,3,6,0,4,53
9303264,5,2,3,8,5,0,0
9712517,5,1,4,4,0,5,7
9608413,17,3,14,31,0,17,145
108258,3,3,0,0,0,3,9
9304281,8,2,6,12,0,8,21
9702293,3,1,2,2,3,0,0
9508369,2,2,0,0,0,2,6
105097,5,1,4,9,0,5,20
9912308,3,1,2,3,1,2,2
9809377,1,1,0,0,0,1,17
9403261,3,1,2,3,3,0,0
9707239,9,1,8,19,0,9,112
9804288,11,2,9,18,5,6,6
112328,0,0,0,0,0,0,0
9903498,19,1,18,65,0,19,135
5067,0,0,0,0,0,0,0
9407206,9,3,6,20,9,0,0
9512406,34,4,30,225,9,25,39
7218,4,1,3,4,0,4,32
9603402,2,2,0,0,1,1,1
9906256,7,1,6,10,1,6,6
9807297,8,1,7,14,0,8,18
9511263,8,2,6,11,0,8,40
9412255,4,1,3,5,1,3,3
9802366,1,1,0,0,0,1,1
9810294,3,2,1,1,0,3,6
9502252,11,4,7,15,0,11,91
9705318,13,2,11,45,0,13,33
9703288,56,3,53,690,0,56,153
9601296,1,1,0,0,1,0,0
9504434,10,3,7,21,2,8,8
9356,14,1,13,57,0,14,19
8296,2,1,1,1,2,0,0
9806400,5,3,2,4,0,5,52
9702395,2,1,1,1,0,2,2
9306332,12,2,10,40,12,0,0
9804255,17,2,15,49,0,17,197
112285,1,1,0,0,0,1,1
9411272,10,1,9,30,10,0,0
3187,15,2,13,44,0,15,111
9312349,23,1,22,93,0,23,23
9708346,20,4,16,65,0,20,84
9405313,9,4,5,11,9,0,0
107220,2,1,1,1,0,2,43
9212224,5,1,4,7,5,0,0
9307203,5,1,4,8,5,0,0
9704330,0,0,0,0,0,0,0
9805316,10,1,9,25,0,10,15
9905552,3,2,1,2,0,3,6
2033,12,2,10,23,0,12,79
9707209,3,1,2,3,0,3,7
104076,11,1,10,26,0,11,31
9907333,14,4,10,25,0,14,101
9503464,13,2,11,37,2,11,21
9311321,9,2,7,16,9,0,0
9404321,10,5,5,18,0,10,10
3012,7,3,4,8,0,7,37
9902251,4,1,3,3,0,4,9
9807469,1,1,0,0,0,1,4
9806416,5,1,4,5,0,5,18
9711257,2,1,1,1,0,2,5
5147,3,2,1,1,0,3,3
210050,0,0,0,0,0,0,0
9511426,4,2,2,2,0,4,8
9504330,9,1,8,21,9,0,0
9702321,3,1,2,3,3,0,0
9605441,4,4,0,0,0,4,4
9602218,6,2,4,5,0,6,47
9812455,14,3,11,57,1,13,20
1173,0,0,0,0,0,0,0
9511405,6,2,4,9,2,4,4
5275,21,1,20,126,21,0,0
110216,5,3,2,3,0,5,105
9802412,7,5,2,3,0,7,46
9411334,8,3,5,9,0,8,28
9708439,13,1,12,66,0,13,94
9912266,14,4,10,32,0,14,53
204146,5,3,2,2,0,5,24
102111,10,3,7,20,0,10,59
11259,0,0,0,0,0,0,0
9707354,28,2,26,125,1,27,116
9304311,11,3,8,32,11,0,0
9805405,10,2,8,21,10,0,0
105111,3,2,1,2,0,3,9
9712249,6,3,3,5,0,6,46
9803305,7,1,6,19,1,6,13
209136,5,1,4,7,1,4,4
9711387,22,2,20,124,0,22,93
201148,9,2,7,22,9,0,0
9506465,5,2,3,3,0,5,12
9305262,12,2,10,43,12,0,0
9802392,3,3,0,0,0,3,3
3233,8,3,5,8,0,8,31
9406392,19,2,17,95,19,0,0
9610522,10,2,8,16,10,0,0
9312333,13,4,9,39,1,12,40
9507413,14,2,12,45,0,14,45
2115,0,0,0,0,0,0,0
9905423,14,2,12,50,0,14,339
9812344,2,2,0,0,0,2,10
211446,0,0,0,0,0,0,0
2272,7,2,5,12,0,7,24
9911340,7,3,4,12,5,2,2
9903417,23,2,21,121,23,0,0
9711339,5,1,4,8,0,5,12
9412283,17,1,16,69,10,7,7
111043,1,1,0,0,0,1,4
110119,0,0,0,0,0,0,0
201262,17,3,14,79,1,16,16
104316,0,0,0,0,0,0,0
103151,12,1,11,46,12,0,0
103284,4,3,1,2,0,4,58
9602420,1,1,0,0,0,1,1
9911255,8,1,7,11,0,8,73
102136,11,1,10,39,0,11,60
10068,0,0,0,0,0,0,0
9609233,9,1,8,27,0,9,15
3097,0,0,0,0,0,0,0
9603251,2,1,1,1,0,2,8
9610283,10,3,7,19,0,10,18
9404362,4,3,1,1,1,3,3
9908317,46,1,45,368,0,46,463
9610217,18,2,16,85,18,0,0
9608287,0,0,0,0,0,0,0
9410306,1,1,0,0,1,0,0
9811289,2,2,0,0,0,2,2
9511311,5,1,4,5,5,0,0
9708497,6,3,3,9,6,0,0
9904236,12,1,11,36,12,0,0
9709229,7,4,3,9,1,6,22
9807219,2,2,0,0,1,1,1
9604222,4,1,3,3,0,4,8
9806537,13,2,11,47,0,13,113
9801270,2,2,0,0,2,0,0
9711454,2,1,1,1,0,2,11
9902368,1,1,0,0,1,0,0
7096,11,2,9,31,0,11,44
9803451,3,2,1,1,0,3,30
9906310,9,2,7,12,0,9,19
109035,5,1,4,7,2,3,9
9209276,12,1,11,43,12,0,0
106243,4,2,2,2,0,4,9
101180,6,3,3,3,0,6,26
107056,10,2,8,23,0,10,46
112308,0,0,0,0,0,0,0
3154,2,2,0,0,0,2,22
9412310,20,2,18,99,20,0,0
9810331,5,1,4,8,0,5,8
9909564,3,2,1,1,0,3,22
9802282,7,3,4,7,0,7,26
9902318,5,1,4,5,5,0,0
9609436,10,3,7,13,4,6,6
9606390,3,2,1,1,3,0,0
9205231,7,1,6,16,7,0,0
9708294,3,2,1,1,0,3,17
9502227,30,2,28,157,0,30,278
9503365,1,1,0,0,1,0,0
111019,3,1,2,3,0,3,7
9709446,2,1,1,1,0,2,2
9605279,3,1,2,3,3,0,0
9611322,7,2,5,15,0,7,7
9907574,1,1,0,0,0,1,2
9704403,8,2,6,7,0,8,41
9603449,9,4,5,8,0,9,76
9401282,7,1,6,12,0,7,7
9606384,4,3,1,1,0,4,23
9511221,18,1,17,64,0,18,42
9812514,9,1,8,27,0,9,35
109114,0,0,0,0,0,0,0
9711353,0,0,0,0,0,0,0
108187,4,3,1,1,0,4,16
9508377,2,1,1,1,0,2,2
9503459,2,2,0,0,0,2,2
9411406,17,5,12,29,0,17,48
106063,0,0,0,0,0,0,0
9711365,4,2,2,4,0,4,29
9906261,2,1,1,1,0,2,6
9601208,0,0,0,0,0,0,0
9702340,0,0,0,0,0,0,0
9306323,8,1,7,25,8,0,0
9708283,3,1,2,2,0,3,15
9604211,1,1,0,0,0,1,2
1309,9,1,8,16,0,9,68
9411428,4,2,2,2,0,4,5
9804339,8,1,7,14,0,8,35
9906286,6,2,4,4,2,4,15
9809364,5,2,3,4,0,5,10
9712436,1,1,0,0,0,1,3
9608447,4,1,3,5,4,0,0
9506253,10,1,9,41,0,10,20
109197,2,1,1,1,0,2,14
9603250,3,2,1,1,3,0,0
12057,1,1,0,0,0,1,5
9512367,10,2,8,29,0,10,14
9802316,3,1,2,3,3,0,0
9605281,15,1,14,29,0,15,15
9501377,1,1,0,0,1,0,0
8258,6,1,5,10,0,6,50
11092,7,2,5,11,7,0,0
9912379,15,1,14,47,0,15,135
9809233,1,1,0,0,0,1,1
9306254,3,1,2,2,3,0,0
5154,5,1,4,7,0,5,12
2216,9,1,8,21,1,8,16
9410253,4,2,2,3,1,3,4
9409263,3,2,1,2,0,3,3
9602232,8,1,7,13,8,0,0
209048,2,1,1,1,0,2,14
9407249,15,1,14,50,15,0,0
9411257,2,2,0,0,0,2,7
4116,2,2,0,0,0,2,10
9809590,3,2,1,1,3,0,0
9310227,13,2,11,32,13,0,0
6321,15,1,14,61,0,15,15
104040,4,2,2,2,0,4,74
2042,1,1,0,0,0,1,1
205295,4,2,2,4,0,4,66
9908230,2,2,0,0,0,2,5
301280,0,0,0,0,0,0,0
7268,10,2,8,24,0,10,72
9505327,2,2,0,0,2,0,0
9212287,5,2,3,5,5,0,0
105212,5,1,4,9,5,0,0
9807211,12,1,11,47,12,0,0
9053,8,1,7,22,1,7,10
206104,1,1,0,0,0,1,1
9711477,6,2,4,4,0,6,18
9809430,3,1,2,3,0,3,5
9707490,4,2,2,3,0,4,4
9704421,3,1,2,3,0,3,15
205073,2,2,0,0,0,2,7
3292,2,1,1,1,2,0,0
9411396,0,0,0,0,0,0,0
4210,4,2,2,3,0,4,8
108264,2,1,1,1,0,2,5
9609491,5,2,3,3,0,5,9
9603386,8,1,7,22,8,0,0
103275,11,1,10,23,1,10,26
9601247,3,1,2,2,0,3,6
302222,0,0,0,0,0,0,0
109149,10,2,8,35,7,3,3
103009,3,2,1,1,0,3,5
9301265,7,4,3,5,7,0,0
9807417,12,2,10,30,1,11,26
9801243,2,1,1,1,0,2,3
9802214,5,1,4,9,5,0,0
9807378,4,2,2,3,4,0,0
9708374,4,1,3,4,0,4,20
4237,4,2,2,2,1,3,3
9606288,0,0,0,0,0,0,0
9503401,6,1,5,7,6,0,0
110275,5,2,3,5,0,5,61
12300,2,1,1,1,0,2,20
108250,4,1,3,5,0,4,86
9901315,2,1,1,1,0,2,4
9808368,10,3,7,16,0,10,28
9512241,1,1,0,0,0,1,2
204070,0,0,0,0,0,0,0
9905440,3,1,2,2,3,0,0
9807515,8,2,6,14,0,8,26
9905405,2,1,1,1,0,2,4
9707449,3,2,1,1,0,3,28
9609476,2,1,1,1,2,0,0
9306310,3,3,0,0,0,3,6
9310378,6,6,0,0,6,0,0
111263,1,1,0,0,0,1,1
9610402,10,1,9,23,0,10,32
9712228,6,1,5,15,5,1,1
9712443,5,1,4,8,5,0,0
110383,4,2,2,2,0,4,80
9610213,4,2,2,4,0,4,16
206072,4,2,2,4,0,4,75
9410203,2,2,0,0,0,2,2
9701360,7,1,6,8,0,7,50
9409364,3,2,1,2,1,2,2
9511459,0,0,0,0,0,0,0
9501404,6,1,5,11,0,6,22
9610214,2,2,0,0,2,0,0
9906338,5,1,4,9,0,5,51
9612306,1,1,0,0,1,0,0
9504231,3,2,1,1,1,2,4
9301278,4,2,2,3,4,0,0
9604336,4,4,0,0,0,4,36
9901426,1,1,0,0,0,1,5
9703411,4,1,3,6,0,4,8
11221,5,1,4,6,0,5,12
9710271,3,1,2,3,1,2,2
9807427,6,2,4,10,6,0,0
9704286,5,3,2,6,5,0,0
9312207,3,3,0,0,1,2,2
302067,1,1,0,0,0,1,1
9509263,7,1,6,13,4,3,3
9205218,1,1,0,0,1,0,0
4214,6,2,4,8,2,4,4
9802410,5,1,4,8,2,3,3
9809587,2,1,1,1,0,2,7
111092,1,1,0,0,0,1,4
4236,4,2,2,2,0,4,13
9608481,2,2,0,0,2,0,0
9507467,3,2,1,1,1,2,2
9403358,3,3,0,0,0,3,3
9509272,1,1,0,0,1,0,0
3150,1,1,0,0,0,1,1
9605206,5,2,3,4,0,5,5
1027,1,1,0,0,0,1,3
9806339,1,1,0,0,1,0,0
12103,11,4,7,14,0,11,85
9310243,2,1,1,1,2,0,0
9609217,4,1,3,4,4,0,0
9311332,17,2,15,60,17,0,0
9907382,7,1,6,14,0,7,22
9501204,7,1,6,14,7,0,0
9307285,6,2,4,6,6,0,0
9404303,6,1,5,10,6,0,0
9210272,8,1,7,23,8,0,0
9503235,4,4,0,0,4,0,0
6326,3,1,2,2,0,3,6
9311294,4,1,3,4,4,0,0
9612276,2,1,1,1,0,2,4
202175,1,1,0,0,0,1,1
9311245,1,1,0,0,1,0,0
9708367,7,2,5,9,0,7,17
108202,4,1,3,3,0,4,10
109285,1,1,0,0,0,1,2
9702308,0,0,0,0,0,0,0
9904502,5,1,4,9,0,5,10
9908307,0,0,0,0,0,0,0
9506449,2,2,0,0,2,0,0
9805487,1,1,0,0,0,1,5
203044,0,0,0,0,0,0,0
109283,1,1,0,0,1,0,0
205047,0,0,0,0,0,0,0
104142,1,1,0,0,0,1,7
4156,1,1,0,0,0,1,1
9712304,1,1,0,0,0,1,1
9912311,5,2,3,6,0,5,13
9903395,3,1,2,3,1,2,3
210251,1,1,0,0,0,1,32
9808486,0,0,0,0,0,0,0
9809245,9,1,8,24,0,9,46
204354,1,1,0,0,0,1,2
9606459,2,1,1,1,0,2,2
9511362,2,2,0,0,1,1,1
9802363,0,0,0,0,0,0,0
9908217,4,3,1,1,0,4,17
212397,1,1,0,0,0,1,8
9810376,0,0,0,0,0,0,0
9303277,5,2,3,7,5,0,0
9304209,2,1,1,1,0,2,2
9502386,5,2,3,5,5,0,0
9702319,13,6,7,25,0,13,46
1293,1,1,0,0,0,1,1
211305,0,0,0,0,0,0,0
9811243,0,0,0,0,0,0,0
9902466,0,0,0,0,0,0,0
9902384,0,0,0,0,0,0,0
9902210,2,2,0,0,0,2,2
102044,1,1,0,0,0,1,3
9304222,1,1,0,0,1,0,0
9303275,2,1,1,1,2,0,0
9292,2,2,0,0,1,1,2
9704418,1,1,0,0,1,0,0
9305341,2,1,1,1,2,0,0
204264,1,1,0,0,0,1,1
9807311,4,1,3,4,2,2,2
111113,2,1,1,1,0,2,2
210209,1,1,0,0,0,1,9
203103,0,0,0,0,0,0,0
205269,5,3,2,2,0,5,39
9406395,3,3,0,0,0,3,10
9608244,1,1,0,0,1,0,0
9412248,4,4,0,0,4,0,0
9502266,5,1,4,7,5,0,0
9712534,7,2,5,14,0,7,21
3143,4,1,3,3,0,4,4
9504407,4,1,3,4,4,0,0
9506432,10,2,8,34,10,0,0
107107,0,0,0,0,0,0,0
9806327,0,0,0,0,0,0,0
9710355,2,1,1,1,0,2,16
201006,1,1,0,0,0,1,2
104151,11,3,8,20,0,11,140
4258,1,1,0,0,0,1,1
9305296,2,1,1,1,2,0,0
6130,0,0,0,0,0,0,0
212373,0,0,0,0,0,0,0
106191,1,1,0,0,0,1,7
9708415,1,1,0,0,0,1,2
9902479,9,3,6,12,2,7,7
103005,1,1,0,0,0,1,3
9508285,0,0,0,0,0,0,0
9705406,5,3,2,2,0,5,23
9911420,1,1,0,0,0,1,1
9806207,3,1,2,3,3,0,0
9512307,4,4,0,0,4,0,0
9901329,2,2,0,0,0,2,4
9503282,8,1,7,14,0,8,20
1102,4,1,3,4,1,3,3
11167,2,1,1,1,0,2,8
9602359,9,1,8,23,9,0,0
9903361,2,2,0,0,0,2,5
9812395,2,1,1,1,0,2,2
201136,2,1,1,1,2,0,0
9409445,2,1,1,1,0,2,6
9904394,3,1,2,3,0,3,15
9608269,2,1,1,1,0,2,6
9308339,5,1,4,6,5,0,0
204141,1,1,0,0,0,1,1
9408241,1,1,0,0,1,0,0
9608370,1,1,0,0,1,0,0
9912394,1,1,0,0,0,1,1
9610409,5,1,4,8,5,0,0
9904285,7,1,6,10,0,7,24
9207210,1,1,0,0,1,0,0
10030,10,1,9,29,3,7,22
9912493,0,0,0,0,0,0,0
9512372,1,1,0,0,0,1,2
9804410,3,2,1,1,1,2,2
9410274,4,4,0,0,4,0,0
9711364,0,0,0,0,0,0,0
9808321,0,0,0,0,0,0,0
9311246,5,2,3,6,5,0,0
9806389,1,1,0,0,0,1,1
101143,1,1,0,0,0,1,12
111071,0,0,0,0,0,0,0
301067,0,0,0,0,0,0,0
8196,0,0,0,0,0,0,0
9705294,4,2,2,3,3,1,1
9311227,4,3,1,2,0,4,6
9505440,3,2,1,1,1,2,2
203188,6,3,3,7,0,6,33
107059,4,1,3,4,0,4,4
210196,0,0,0,0,0,0,0
9710466,1,1,0,0,0,1,1
9506267,1,1,0,0,1,0,0
9808351,1,1,0,0,0,1,1
8327,0,0,0,0,0,0,0
9906215,3,3,0,0,0,3,8
9606443,8,1,7,19,8,0,0
9310333,2,1,1,1,2,0,0
101227,1,1,0,0,1,0,0
9706452,1,1,0,0,0,1,5
9803387,6,1,5,9,6,0,0
9712283,4,1,3,5,4,0,0
6164,0,0,0,0,0,0,0
9710393,0,0,0,0,0,0,0
9510442,0,0,0,0,0,0,0
201256,4,4,0,0,0,4,17
3209,0,0,0,0,0,0,0
9502389,0,0,0,0,0,0,0
9905336,0,0,0,0,0,0,0
9405363,0,0,0,0,0,0,0
103334,0,0,0,0,0,0,0
9208224,1,1,0,0,1,0,0
105304,6,1,5,14,0,6,27
9509211,2,2,0,0,0,2,4
9903202,2,2,0,0,0,2,6
110136,1,1,0,0,0,1,5
3091,6,4,2,3,1,5,15
6019,2,1,1,1,2,0,0
12244,1,1,0,0,0,1,3
212292,1,1,0,0,0,1,9
9907365,3,1,2,2,0,3,32
112195,1,1,0,0,0,1,3
205290,3,3,0,0,0,3,3
204044,3,2,1,1,0,3,60
9912517,0,0,0,0,0,0,0
9902336,5,3,2,2,5,0,0
9808437,3,2,1,1,0,3,12
9909221,1,1,0,0,0,1,1
9911204,1,1,0,0,0,1,4
9309284,2,2,0,0,2,0,0
9304220,2,1,1,1,2,0,0
9806518,4,3,1,1,0,4,10
9601332,0,0,0,0,0,0,0
9502372,3,1,2,2,3,0,0
9701242,1,1,0,0,0,1,1
106321,2,1,1,1,0,2,14
9402226,1,1,0,0,0,1,1
9707418,4,3,1,1,0,4,4
9810493,1,1,0,0,0,1,2
6313,1,1,0,0,1,0,0
9807397,2,2,0,0,2,0,0
9809465,7,1,6,13,7,0,0
9612331,6,1,5,10,1,5,5
112055,1,1,0,0,0,1,1
106024,0,0,0,0,0,0,0
9802289,5,2,3,7,5,0,0
9606326,1,1,0,0,0,1,1
9116,3,3,0,0,0,3,6
205176,2,1,1,1,0,2,6
9912514,2,2,0,0,0,2,5
9903522,0,0,0,0,0,0,0
9708389,1,1,0,0,1,0,0
9804367,3,1,2,2,3,0,0
7302,2,2,0,0,0,2,8
9806421,0,0,0,0,0,0,0
108042,0,0,0,0,0,0,0
9401343,3,2,1,1,3,0,0
9602229,1,1,0,0,1,0,0
301261,1,1,0,0,0,1,11
9807413,1,1,0,0,1,0,0
9205246,4,1,3,4,4,0,0
108065,2,1,1,1,2,0,0
103166,0,0,0,0,0,0,0
9905541,0,0,0,0,0,0,0
5075,2,2,0,0,0,2,5
208143,1,1,0,0,0,1,8
211038,0,0,0,0,0,0,0
9604279,4,1,3,3,4,0,0
1077,1,1,0,0,0,1,2
212344,0,0,0,0,0,0,0
111306,0,0,0,0,0,0,0
203059,3,1,2,2,0,3,19
203023,2,1,1,1,0,2,2
205044,3,2,1,1,0,3,23
9712380,2,2,0,0,0,2,6
9607371,3,1,2,3,0,3,3
7121,2,1,1,1,0,2,6
9806535,0,0,0,0,0,0,0
103058,1,1,0,0,0,1,13
9207223,1,1,0,0,1,0,0
9307205,3,1,2,2,3,0,0
9910285,1,1,0,0,1,0,0
12225,2,1,1,1,0,2,6
105089,4,2,2,3,0,4,9
12120,1,1,0,0,0,1,4
9901421,1,1,0,0,0,1,1
208157,6,3,3,4,4,2,2
7264,0,0,0,0,0,0,0
209098,2,2,0,0,0,2,2
9807220,1,1,0,0,0,1,2
9809561,0,0,0,0,0,0,0
1296,0,0,0,0,0,0,0
109025,1,1,0,0,0,1,1
204281,1,1,0,0,1,0,0
109073,0,0,0,0,0,0,0
206084,0,0,0,0,0,0,0
209281,0,0,0,0,0,0,0
212305,0,0,0,0,0,0,0
9801265,1,1,0,0,0,1,8
9701214,2,2,0,0,2,0,0
9906244,4,1,3,4,4,0,0
9510400,0,0,0,0,0,0,0
9302293,3,1,2,2,3,0,0
9409232,2,1,1,1,2,0,0
9305265,0,0,0,0,0,0,0
9908417,2,1,1,1,0,2,11
102185,1,1,0,0,1,0,0
206155,1,1,0,0,0,1,2
205227,3,3,0,0,3,0,0
202069,2,1,1,1,0,2,15
302202,0,0,0,0,0,0,0
9402201,4,2,2,3,4,0,0
9605268,2,2,0,0,0,2,18
9803271,1,1,0,0,0,1,2
9605269,1,1,0,0,0,1,1
7167,2,1,1,1,2,0,0
7279,0,0,0,0,0,0,0
101285,0,0,0,0,0,0,0
9506447,1,1,0,0,1,0,0
9809395,0,0,0,0,0,0,0
9712374,0,0,0,0,0,0,0
9912368,0,0,0,0,0,0,0
204063,2,2,0,0,1,1,1
206167,0,0,0,0,0,0,0
9802388,2,2,0,0,0,2,11
9805271,0,0,0,0,0,0,0
9507421,3,1,2,2,2,1,1
204027,4,3,1,1,0,4,17
9501256,1,1,0,0,1,0,0
7093,3,3,0,0,0,3,5
9910452,2,1,1,1,0,2,4
109225,1,1,0,0,0,1,2
204036,1,1,0,0,1,0,0
201173,1,1,0,0,1,0,0
9609456,0,0,0,0,0,0,0
9902402,2,2,0,0,2,0,0
9306247,0,0,0,0,0,0,0
9805256,1,1,0,0,0,1,2
9711222,0,0,0,0,0,0,0
9903225,0,0,0,0,0,0,0
6099,0,0,0,0,0,0,0
9611279,0,0,0,0,0,0,0
9809589,1,1,0,0,0,1,3
1022,1,1,0,0,0,1,1
9605362,1,1,0,0,1,0,0
9904400,0,0,0,0,0,0,0
9907253,0,0,0,0,0,0,0
9302277,0,0,0,0,0,0,0
212232,0,0,0,0,0,0,0
9404221,2,2,0,0,2,0,0
9505263,1,1,0,0,0,1,1
104107,1,1,0,0,0,1,2
9710201,1,1,0,0,1,0,0
110362,1,1,0,0,0,1,5
9190,0,0,0,0,0,0,0
9710307,0,0,0,0,0,0,0
9509388,1,1,0,0,1,0,0
201012,0,0,0,0,0,0,0
9705468,1,1,0,0,1,0,0
3282,1,1,0,0,1,0,0
301068,0,0,0,0,0,0,0
110396,0,0,0,0,0,0,0
9706383,1,1,0,0,0,1,2
9402255,1,1,0,0,1,0,0
10219,1,1,0,0,1,0,0
3229,0,0,0,0,0,0,0
9908469,0,0,0,0,0,0,0
110015,1,1,0,0,0,1,4
9611221,0,0,0,0,0,0,0
9512411,0,0,0,0,0,0,0
202153,1,1,0,0,0,1,1
210095,0,0,0,0,0,0,0
205207,0,0,0,0,0,0,0
9801439,3,2,1,1,2,1,2
9505406,1,1,0,0,0,1,1
9512416,0,0,0,0,0,0,0
9512430,2,1,1,1,0,2,2
9704370,0,0,0,0,0,0,0
9803472,1,1,0,0,0,1,2
9405366,2,1,1,1,2,0,0
9410287,0,0,0,0,0,0,0
207046,1,1,0,0,1,0,0
9908481,2,2,0,0,0,2,10
9912296,1,1,0,0,1,0,0
107221,1,1,0,0,1,0,0
9705448,2,2,0,0,2,0,0
9808235,0,0,0,0,0,0,0
9506315,1,1,0,0,0,1,1
9907260,1,1,0,0,0,1,3
9606227,1,1,0,0,0,1,4
106129,0,0,0,0,0,0,0
9812509,1,1,0,0,0,1,1
107132,3,1,2,3,0,3,24
9507385,0,0,0,0,0,0,0
9902211,0,0,0,0,0,0,0
9301204,3,1,2,2,3,0,0
9902394,0,0,0,0,0,0,0
9506331,2,2,0,0,2,0,0
9711267,0,0,0,0,0,0,0
201184,4,1,3,3,0,4,7
201119,0,0,0,0,0,0,0
9608453,2,1,1,1,0,2,6
9905575,1,1,0,0,1,0,0
9057,0,0,0,0,0,0,0
9812394,1,1,0,0,1,0,0
9608399,0,0,0,0,0,0,0
11034,0,0,0,0,0,0,0
7236,1,1,0,0,0,1,3
2184,2,1,1,1,0,2,3
209248,3,2,1,1,0,3,16
111437,1,1,0,0,1,0,0
301216,0,0,0,0,0,0,0
9802437,0,0,0,0,0,0,0
9612427,1,1,0,0,1,0,0
9411300,2,2,0,0,2,0,0
9712316,1,1,0,0,1,0,0
201223,0,0,0,0,0,0,0
9609416,0,0,0,0,0,0,0
12176,0,0,0,0,0,0,0
106073,5,2,3,4,0,5,6
12090,0,0,0,0,0,0,0
111412,0,0,0,0,0,0,0
301032,0,0,0,0,0,0,0
207035,1,1,0,0,0,1,5
9909396,1,1,0,0,0,1,1
9905284,0,0,0,0,0,0,0
9803270,2,1,1,1,0,2,5
9505211,1,1,0,0,1,0,0
9805226,0,0,0,0,0,0,0
9807338,1,1,0,0,0,1,1
9410290,0,0,0,0,0,0,0
9904296,5,3,2,3,5,0,0
9905562,1,1,0,0,0,1,6
6143,0,0,0,0,0,0,0
208160,1,1,0,0,0,1,20
9910371,0,0,0,0,0,0,0
211312,0,0,0,0,0,0,0
9805458,3,1,2,2,0,3,5
5317,0,0,0,0,0,0,0
209343,0,0,0,0,0,0,0
107098,1,1,0,0,1,0,0
9209210,3,3,0,0,3,0,0
9603235,0,0,0,0,0,0,0
9309271,0,0,0,0,0,0,0
110261,2,1,1,1,2,0,0
9708442,0,0,0,0,0,0,0
212354,1,1,0,0,0,1,1
112331,1,1,0,0,0,1,3
9607420,1,1,0,0,0,1,1
102092,1,1,0,0,1,0,0
110176,2,2,0,0,1,1,1
302025,0,0,0,0,0,0,0
9707212,0,0,0,0,0,0,0
9511201,0,0,0,0,0,0,0
9167,0,0,0,0,0,0,0
212093,0,0,0,0,0,0,0
211186,1,1,0,0,0,1,7
9611318,1,1,0,0,0,1,1
207311,1,1,0,0,0,1,2
9810431,0,0,0,0,0,0,0
9301205,1,1,0,0,1,0,0
9604449,0,0,0,0,0,0,0
106234,0,0,0,0,0,0,0
102118,0,0,0,0,0,0,0
9604403,3,1,2,3,3,0,0
112261,0,0,0,0,0,0,0
9805344,3,2,1,1,3,0,0
3120,0,0,0,0,0,0,0
9806405,0,0,0,0,0,0,0
9812500,0,0,0,0,0,0,0
9302245,1,1,0,0,1,0,0
9709313,0,0,0,0,0,0,0
9409397,0,0,0,0,0,0,0
204259,0,0,0,0,0,0,0
9810362,0,0,0,0,0,0,0
9508332,2,1,1,1,2,0,0
9803264,0,0,0,0,0,0,0
108075,0,0,0,0,0,0,0
11328,1,1,0,0,1,0,0
9910383,0,0,0,0,0,0,0
9706445,0,0,0,0,0,0,0
107312,1,1,0,0,1,0,0
103288,0,0,0,0,0,0,0
9806490,0,0,0,0,0,0,0
9702205,0,0,0,0,0,0,0
9604377,0,0,0,0,0,0,0
9911421,1,1,0,0,1,0,0
108038,0,0,0,0,0,0,0
205094,0,0,0,0,0,0,0
9811503,0,0,0,0,0,0,0
9605450,0,0,0,0,0,0,0
111283,0,0,0,0,0,0,0
12214,0,0,0,0,0,0,0
9312346,1,1,0,0,1,0,0
9808362,0,0,0,0,0,0,0
9611280,1,1,0,0,1,0,0
203165,0,0,0,0,0,0,0
208210,0,0,0,0,0,0,0
9412347,1,1,0,0,1,0,0
9901451,0,0,0,0,0,0,0
205159,0,0,0,0,0,0,0
9710387,0,0,0,0,0,0,0
203095,0,0,0,0,0,0,0
209257,0,0,0,0,0,0,0
9705262,0,0,0,0,0,0,0
208144,0,0,0,0,0,0,0
9802355,0,0,0,0,0,0,0
9806466,0,0,0,0,0,0,0
9504201,1,1,0,0,1,0,0
9910382,0,0,0,0,0,0,0
112159,0,0,0,0,0,0,0
9408273,3,3,0,0,3,0,0
9601315,3,2,1,1,3,0,0
9706313,1,1,0,0,1,0,0
211405,0,0,0,0,0,0,0
9612215,1,1,0,0,0,1,1
202091,0,0,0,0,0,0,0
9412316,0,0,0,0,0,0,0
9904415,1,1,0,0,1,0,0
9806422,0,0,0,0,0,0,0
111108,0,0,0,0,0,0,0
9503493,0,0,0,0,0,0,0
211059,0,0,0,0,0,0,0
9909234,0,0,0,0,0,0,0
9602228,0,0,0,0,0,0,0
212272,0,0,0,0,0,0,0
110397,0,0,0,0,0,0,0
109011,1,1,0,0,0,1,1
112316,0,0,0,0,0,0,0
104032,1,1,0,0,0,1,4
9612486,0,0,0,0,0,0,0
9406234,0,0,0,0,0,0,0
9607203,0,0,0,0,0,0,0
8166,0,0,0,0,0,0,0
11300,1,1,0,0,0,1,2
9508331,0,0,0,0,0,0,0
208178,1,1,0,0,0,1,16
9511452,0,0,0,0,0,0,0
107229,1,1,0,0,1,0,0
208094,0,0,0,0,0,0,0
9707528,0,0,0,0,0,0,0
9910400,0,0,0,0,0,0,0
105076,1,1,0,0,0,1,5
9609372,4,1,3,5,4,0,0
9802264,0,0,0,0,0,0,0
9912418,0,0,0,0,0,0,0
202055,0,0,0,0,0,0,0
208171,1,1,0,0,0,1,2
9401289,0,0,0,0,0,0,0
9908272,0,0,0,0,0,0,0
110288,0,0,0,0,0,0,0
112315,0,0,0,0,0,0,0
209128,0,0,0,0,0,0,0
9505292,0,0,0,0,0,0,0
112033,0,0,0,0,0,0,0
302200,0,0,0,0,0,0,0
9910511,0,0,0,0,0,0,0
212377,0,0,0,0,0,0,0
9502310,0,0,0,0,0,0,0
9407360,0,0,0,0,0,0,0
5268,0,0,0,0,0,0,0
112196,0,0,0,0,0,0,0
9408332,3,1,2,2,3,0,0
8069,2,2,0,0,2,0,0
9810459,0,0,0,0,0,0,0
11042,1,1,0,0,0,1,2
9701312,0,0,0,0,0,0,0
211064,0,0,0,0,0,0,0
9603401,0,0,0,0,0,0,0
206132,0,0,0,0,0,0,0
208111,1,1,0,0,0,1,4
9406229,0,0,0,0,0,0,0
9409342,0,0,0,0,0,0,0
103071,0,0,0,0,0,0,0
301138,0,0,0,0,0,0,0
9812466,0,0,0,0,0,0,0
104295,0,0,0,0,0,0,0
9002,0,0,0,0,0,0,0
209064,0,0,0,0,0,0,0
206083,1,1,0,0,1,0,0
9608216,0,0,0,0,0,0,0
9165,1,1,0,0,1,0,0
106051,0,0,0,0,0,0,0
9912371,0,0,0,0,0,0,0
205240,0,0,0,0,0,0,0
106039,0,0,0,0,0,0,0
9609435,0,0,0,0,0,0,0
9611205,1,1,0,0,1,0,0
10268,0,0,0,0,0,0,0
9306249,0,0,0,0,0,0,0
105032,0,0,0,0,0,0,0
203249,0,0,0,0,0,0,0
9806370,0,0,0,0,0,0,0
212405,0,0,0,0,0,0,0
9905256,1,1,0,0,1,0,0
102105,1,1,0,0,0,1,1
9807387,0,0,0,0,0,0,0
9805383,1,1,0,0,0,1,2
9507431,1,1,0,0,1,0,0
112258,0,0,0,0,0,0,0
9282,0,0,0,0,0,0,0
203245,0,0,0,0,0,0,0
104059,0,0,0,0,0,0,0
9803429,0,0,0,0,0,0,0
9808354,2,1,1,1,2,0,0
3138,1,1,0,0,1,0,0
9805276,0,0,0,0,0,0,0
9303245,0,0,0,0,0,0,0
301136,0,0,0,0,0,0,0
112016,2,1,1,1,0,2,2
9611382,0,0,0,0,0,0,0
11015,0,0,0,0,0,0,0
109176,0,0,0,0,0,0,0
106006,1,1,0,0,1,0,0
302273,0,0,0,0,0,0,0
9904263,0,0,0,0,0,0,0
9709294,0,0,0,0,0,0,0
110100,0,0,0,0,0,0,0
9406298,1,1,0,0,1,0,0
9909329,0,0,0,0,0,0,0
111361,0,0,0,0,0,0,0
9710446,0,0,0,0,0,0,0
212332,0,0,0,0,0,0,0
10126,0,0,0,0,0,0,0
9508226,1,1,0,0,0,1,1
9810519,0,0,0,0,0,0,0
9810540,1,1,0,0,0,1,3
7106,0,0,0,0,0,0,0
9905297,0,0,0,0,0,0,0
9226,0,0,0,0,0,0,0
207019,0,0,0,0,0,0,0
212044,0,0,0,0,0,0,0
9803499,0,0,0,0,0,0,0
9806237,0,0,0,0,0,0,0
301175,0,0,0,0,0,0,0
9701265,1,1,0,0,1,0,0
208051,0,0,0,0,0,0,0
9906519,1,1,0,0,1,0,0
301010,0,0,0,0,0,0,0
111121,0,0,0,0,0,0,0
210169,0,0,0,0,0,0,0
102244,0,0,0,0,0,0,0
110302,0,0,0,0,0,0,0
9904264,0,0,0,0,0,0,0
10031,1,1,0,0,1,0,0
104089,0,0,0,0,0,0,0
9902285,0,0,0,0,0,0,0
209092,0,0,0,0,0,0,0
9910386,0,0,0,0,0,0,0
302246,0,0,0,0,0,0,0
9216,1,1,0,0,1,0,0
204038,0,0,0,0,0,0,0
210156,0,0,0,0,0,0,0
